scripts/IMPROVE-2019_partial/data/US9033R.20060102060000.20191216000000.filterpack..pm25.52w.1w.US03L_filterpack_US9033.US03L_IMPROVE_Davis.lev2.nas
66 1001
MISSING INFORMATION
US03L, IMPROVE, , , , , , , 
MISSING INFORMATION
IMPROVE sel_HTAP
1 1
2006 01 01 2019 12 16
3.00
days from file reference point
27
1 1 1 1 1 1 1 1 1 1 1 1 1 1 1 1 1 1 1 1 1 1 1 1 1 1 1
999.99 99999.99 9.999 99.99 9.999 9.999 9.999999 9.99 9.999999 99.999 9.999999 99.999 9.999 99.999 9.999 9999.99 9.999999 999.999 9.999 999.999 9.999 999.999 9.999 9.999 9.999 99.999 9.999999
end_time of measurement, days from the file reference point
iron, ng/m3, Revision date=20181210133000
numflag iron, no unit, Revision date=20181210133000
lead, ng/m3, Revision date=20181210133000
numflag lead, no unit, Revision date=20181210133000
magnesium, ug/m3, Revision date=20181210133000
numflag magnesium, no unit, Revision date=20181210133000
nickel, ng/m3, Revision date=20181210133000
numflag nickel, no unit, Revision date=20181210133000
nitrate, ug N/m3, Revision date=20181210133000
numflag nitrate, no unit, Revision date=20181210133000
organic_carbon, ug C/m3, Revision date=20181210133000
numflag organic_carbon, no unit, Revision date=20181210133000
organic_mass, ug/m3, Revision date=20181210133000
numflag organic_mass, no unit, Revision date=20181210133000
phosphorus, ng/m3, Revision date=20181210133000
numflag phosphorus, no unit, Revision date=20181210133000
pm10_mass, ug/m3, Version=2, Version description=Data extracted from http://views.cira.colostate.edu/fed/DataWizard 2019-12-16, Sample duration=1d, Orig. time res.=3d, Matrix=pm10, Blank correction=Blank corrected, Volume std. temperature=ambient, Volume std. pressure=ambient
numflag pm10_mass, no unit, Version=2, Version description=Data extracted from http://views.cira.colostate.edu/fed/DataWizard 2019-12-16, Sample duration=1d, Orig. time res.=3d, Matrix=pm10, Blank correction=Blank corrected, Volume std. temperature=ambient, Volume std. pressure=ambient
pm10_pm25_mass, ug/m3, Revision date=20181210133000, Matrix=pm10_pm25
numflag pm10_pm25_mass, no unit, Revision date=20181210133000, Matrix=pm10_pm25
pm25_mass, ug/m3, Version=2, Version description=Data extracted from http://views.cira.colostate.edu/fed/DataWizard 2019-12-16, Sample duration=1d, Orig. time res.=3d, Blank correction=Blank corrected, Volume std. temperature=ambient, Volume std. pressure=ambient
numflag pm25_mass, no unit, Version=2, Version description=Data extracted from http://views.cira.colostate.edu/fed/DataWizard 2019-12-16, Sample duration=1d, Orig. time res.=3d, Blank correction=Blank corrected, Volume std. temperature=ambient, Volume std. pressure=ambient
potassium, ug/m3, Revision date=20181210133000
numflag potassium, no unit, Revision date=20181210133000
sulphate_total, ug S/m3, Revision date=20181210133000
numflag sulphate_total, no unit, Revision date=20181210133000
0
25
Data definition:              EBAS_1.1
Set type code:                TU
Timezone:                     UTC
File name:                    US9033R.20060102060000.20191216000000.filterpack..pm25.52w.1w.US03L_filterpack_US9033.US03L_IMPROVE_Davis.lev2.nas
File creation:                20191218120728
Startdate:                    20060102060000
Revision date:                20191216000000
Statistics:                   arithmetic mean
Data level:                   2
Period code:                  52w
Resolution code:              1w
Station code:                 US9033R
Platform code:                US9033S
Station name:                 Sipsy Wilderness
Station latitude:             34.3433
Station longitude:            -87.3388
Station altitude:             286.0 m
Regime:                       IMG
Component:                    
Matrix:                       pm25
Laboratory code:              US03L
Instrument type:              filterpack
Instrument name:              filterpack_US9033
Method ref:                   US03L_IMPROVE_Davis
starttime endtime Fe flag_Fe Pb flag_Pb Mg++ flag_Mg++ Ni flag_Ni NO3- flag_NO3- OC flag_OC OM flag_OM P flag_P PM10 flag_PM10 PM10-PM2.5 flag_PM10-PM2.5 PM2.5 flag_PM2.5 K+ flag_K+ SO4-- flag_SO4--
[from data line 81]
244.25 245.25    18.40 0.000  1.61 0.000 9.999 0.259000 0.20 0.000000  0.031 0.559000  1.184 0.000  2.132 0.000 9999.99 0.259000  13.048 0.000   3.312 0.000   9.736 0.000 0.022 0.000  1.659 0.559000
247.25 248.25    47.58 0.000  2.83 0.000 9.999 0.259000 0.09 0.000000  0.036 0.559000  1.801 0.000  3.241 0.000 9999.99 0.259000  23.809 0.000   9.612 0.000  14.197 0.000 0.059 0.000  1.878 0.559000
250.25 251.25    27.67 0.000  1.59 0.000 0.021 0.000000 0.13 0.000000  0.032 0.559000  2.268 0.000  4.083 0.000 9999.99 0.259000  21.636 0.000   4.966 0.000  16.670 0.000 0.045 0.000  2.429 0.559000
253.25 254.25    39.36 0.000  2.78 0.000 9.999 0.259000 0.39 0.000000  0.031 0.559000  2.671 0.000  4.807 0.000 9999.99 0.259000  27.607 0.000   4.638 0.000  22.969 0.000 0.039 0.000  3.719 0.559000
256.25 257.25    34.29 0.000  2.16 0.000 0.010 0.000000 9.99 0.259000  0.041 0.559000  1.065 0.000  1.917 0.000 9999.99 0.259000  14.384 0.000   3.398 0.000  10.986 0.000 0.031 0.000  1.789 0.559000
259.25 260.25    46.42 0.000  3.73 0.000 9.999 0.259000 0.10 0.000000  0.021 0.559000  3.930 0.000  7.075 0.000 9999.99 0.259000  27.506 0.000   3.606 0.000  23.901 0.000 0.072 0.000  3.031 0.559000
262.25 263.25    26.15 0.000  1.45 0.000 9.999 0.259000 9.99 0.259000  0.037 0.559000  0.819 0.000  1.474 0.000 9999.99 0.259000  12.116 0.000   6.529 0.000   5.587 0.000 0.023 0.000  0.585 0.559000
265.25 266.25   256.00 0.000  0.82 0.000 0.027 0.000000 0.75 0.000000  0.052 0.559000  0.907 0.000  1.633 0.000 9999.99 0.259000  22.006 0.000   9.664 0.000  12.342 0.000 0.119 0.000  1.439 0.559000
268.25 269.25    22.73 0.000  2.22 0.000 9.999 0.259000 0.11 0.000000  0.050 0.559000  1.354 0.000  2.438 0.000 9999.99 0.259000  12.087 0.000   4.575 0.000   7.511 0.000 0.049 0.000  0.757 0.559000
271.25 272.25    14.94 0.000  1.42 0.000 9.999 0.259000 9.99 0.259000  0.099 0.559000  0.760 0.000  1.367 0.000 9999.99 0.259000   8.590 0.000   4.041 0.000   4.549 0.000 0.023 0.000  0.482 0.559000
274.25 275.25    28.94 0.000  1.72 0.000 9.999 0.259000 0.08 0.000000  0.022 0.559000  1.951 0.559  3.512 0.559 9999.99 0.259000  14.300 0.000   5.172 0.000   9.128 0.000 0.040 0.000  0.846 0.559000
277.25 278.25    59.38 0.000  2.63 0.000 0.039 0.000000 0.16 0.000000  0.051 0.559000  3.565 0.000  6.417 0.000 9999.99 0.259000  28.818 0.000   6.906 0.000  21.912 0.000 0.076 0.000  2.778 0.559000
280.25 281.25    22.22 0.000  1.81 0.000 9.999 0.259000 0.12 0.000000  0.037 0.559000  1.259 0.000  2.267 0.000 9999.99 0.259000  11.225 0.000   3.262 0.000   7.963 0.000 0.036 0.000  0.803 0.559000
283.25 284.25    34.12 0.000  1.47 0.000 9.999 0.259000 0.18 0.000000  0.034 0.559000  2.733 0.000  4.920 0.000 9999.99 0.259000  19.339 0.000   6.034 0.000  13.305 0.000 0.082 0.000  1.252 0.559000
286.25 287.25    27.34 0.000  1.22 0.000 9.999 0.259000 9.99 0.259000  0.051 0.559000  1.289 0.000  2.321 0.000 9999.99 0.259000  10.438 0.000   5.881 0.000   4.557 0.000 0.042 0.000  0.248 0.559000
289.25 290.25     8.86 0.000  0.64 0.000 0.018 0.000000 9.99 0.259000  0.017 0.559000  1.520 0.000  2.737 0.000 9999.99 0.259000   6.906 0.000   1.221 0.000   5.684 0.000 0.023 0.000  0.459 0.559000
292.25 293.25    11.60 0.000  1.16 0.000 9.999 0.259000 0.31 0.000000  0.113 0.559000  0.580 0.000  1.044 0.000 9999.99 0.259000   8.023 0.000   1.744 0.000   6.279 0.000 0.017 0.000  1.089 0.559000
295.25 296.25    17.62 0.000  3.35 0.000 9.999 0.259000 9.99 0.259000  0.090 0.559000  0.694 0.000  1.249 0.000 9999.99 0.259000   6.827 0.000   2.658 0.000   4.168 0.000 0.028 0.000  0.539 0.559000
298.25 299.25    54.97 0.000  3.51 0.000 9.999 0.259000 9.99 0.259000  0.138 0.559000  2.566 0.000  4.619 0.000 9999.99 0.259000  12.276 0.000   2.554 0.000   9.722 0.000 0.066 0.000  0.660 0.559000
301.25 302.25    17.47 0.654  1.58 0.654 0.006 0.654000 9.99 0.654259  0.028 0.654000  1.436 0.654  2.584 0.654 9999.99 0.654259   8.180 0.000   3.356 0.654   4.823 0.000 0.039 0.654  0.251 0.654000
304.25 305.25    24.20 0.000  2.20 0.000 0.010 0.000000 0.15 0.000000  0.121 0.559000  2.299 0.000  4.138 0.000 9999.99 0.259000  11.528 0.000   3.130 0.000   8.398 0.000 0.056 0.000  0.685 0.559000
307.25 308.25    22.95 0.000  3.35 0.000 9.999 0.259000 0.06 0.000000  0.172 0.559000  1.909 0.000  3.435 0.000 9999.99 0.259000   9.870 0.000   3.288 0.000   6.582 0.000 0.043 0.000  0.432 0.559000
310.25 311.25     8.13 0.000  0.79 0.000 0.007 0.000000 0.20 0.000000  0.071 0.559000  1.424 0.000  2.563 0.000 9999.99 0.259000   7.483 0.000   1.914 0.000   5.569 0.000 0.026 0.000  0.452 0.559000
313.25 314.25    33.91 0.000  1.87 0.000 9.999 0.259000 0.57 0.000000  0.062 0.559000  3.492 0.000  6.285 0.000 9999.99 0.259000  15.613 0.000   4.209 0.000  11.404 0.000 0.065 0.000  0.770 0.559000
316.25 317.25 99999.99 0.456 99.99 0.456 9.999 0.456000 9.99 0.456000  0.274 0.559000  1.554 0.000  2.796 0.000 9999.99 0.456000  12.076 0.000 999.999 0.456 999.999 0.456 9.999 0.456  1.155 0.559000
319.25 320.25     5.01 0.000  1.86 0.000 9.999 0.259000 9.99 0.259000  0.188 0.559000  0.718 0.000  1.293 0.000 9999.99 0.259000   5.354 0.000   1.408 0.000   3.947 0.000 0.010 0.000  0.533 0.559000
322.25 323.25    27.12 0.000  3.93 0.000 9.999 0.259000 9.99 0.259000  1.404 0.559000  1.586 0.000  2.855 0.000 9999.99 0.259000  21.386 0.000   2.696 0.000  18.690 0.000 0.056 0.000  1.993 0.559000
325.25 326.25    23.51 0.000  1.80 0.000 9.999 0.259000 0.17 0.000000  0.218 0.559000  1.277 0.000  2.298 0.000 9999.99 0.259000  10.260 0.000   4.287 0.000   5.973 0.000 0.043 0.000  0.617 0.559000
328.25 329.25    36.53 0.000  6.77 0.000 0.008 0.000000 0.18 0.000000  0.113 0.559000  4.277 0.000  7.699 0.000 9999.99 0.259000  18.488 0.000   2.893 0.000  15.595 0.000 0.069 0.000  1.357 0.559000
331.25 332.25    35.83 0.000  2.65 0.000 0.019 0.000000 0.34 0.000000  0.238 0.559000  4.496 0.000  8.094 0.000 9999.99 0.259000  19.453 0.000   3.709 0.000  15.744 0.000 0.073 0.000  1.226 0.559000
334.25 335.25    14.53 0.000  0.46 0.000 9.999 0.259000 0.22 0.000000  0.135 0.000000  0.927 0.000  1.669 0.000 9999.99 0.259000   7.059 0.000   3.444 0.000   3.615 0.000 0.019 0.000  0.344 0.000000
337.25 338.25    22.97 0.000  0.75 0.000 0.011 0.000000 0.16 0.000000  0.354 0.000000  1.142 0.000  2.056 0.000 9999.99 0.259000  12.709 0.000   7.113 0.000   5.595 0.000 0.037 0.000  0.326 0.000000
340.25 341.25    22.54 0.000  2.18 0.000 9.999 0.259000 0.13 0.000000  0.360 0.000000  1.956 0.559  3.521 0.559 9999.99 0.259000  13.990 0.000   6.714 0.000   7.276 0.000 0.080 0.000  0.463 0.000000
343.25 344.25    56.58 0.000  4.30 0.000 9.999 0.259000 0.14 0.000000  0.304 0.000000  3.333 0.000  6.000 0.000 9999.99 0.259000  13.627 0.000   3.739 0.000   9.889 0.000 0.104 0.000  0.479 0.000000
346.25 347.25    22.13 0.000  0.65 0.000 9.999 0.259000 0.19 0.000000  0.063 0.000000  1.526 0.000  2.746 0.000 9999.99 0.259000  10.338 0.000   4.245 0.000   6.093 0.000 0.033 0.000  0.696 0.000000
349.25 350.25    40.62 0.000  2.13 0.000 9.999 0.259000 0.32 0.000000  0.251 0.000000  3.194 0.000  5.749 0.000 9999.99 0.259000  15.355 0.000   3.094 0.000  12.261 0.000 0.119 0.000  1.191 0.000000
352.25 353.25    66.00 0.000  5.34 0.000 9.999 0.259000 0.24 0.000000  0.547 0.000000  2.152 0.000  3.873 0.000 9999.99 0.259000  15.728 0.000   2.947 0.000  12.781 0.000 0.066 0.000  1.610 0.000000
355.25 356.25     7.72 0.000  0.52 0.000 9.999 0.259000 0.19 0.000000  0.139 0.000000  1.238 0.000  2.229 0.000 9999.99 0.259000   6.199 0.000   1.959 0.000   4.240 0.000 0.029 0.000  0.380 0.000000
358.25 359.25     4.42 0.000  0.31 0.000 9.999 0.259000 9.99 0.259000  0.096 0.000000  0.732 0.000  1.317 0.000 9999.99 0.259000   3.784 0.000   0.800 0.000   2.984 0.000 0.015 0.000  0.311 0.000000
361.25 362.25    33.23 0.000  3.37 0.000 9.999 0.259000 9.99 0.259000  0.154 0.000000  1.643 0.000  2.958 0.000 9999.99 0.259000  10.073 0.000   1.847 0.000   8.226 0.000 0.038 0.000  0.993 0.000000
364.25 365.25     6.67 0.000  1.08 0.000 9.999 0.259000 0.17 0.000000  0.033 0.000000  0.830 0.000  1.494 0.000 9999.99 0.259000   5.069 0.000   1.987 0.000   3.083 0.000 0.029 0.000  0.269 0.000000
