scripts/IMPROVE-2019_partial/data/US9053R.20050101060000.20191216000000.filterpack..pm25.52w.1w.US03L_filterpack_US9053.US03L_IMPROVE_Davis.lev2.nas
66 1001
MISSING INFORMATION
US03L, IMPROVE, , , , , , , 
MISSING INFORMATION
IMPROVE sel_HTAP
1 1
2005 01 01 2019 12 16
3.00
days from file reference point
27
1 1 1 1 1 1 1 1 1 1 1 1 1 1 1 1 1 1 1 1 1 1 1 1 1 1 1
999.99 9999.99 9.999 999.99 9.999 9.999 9.999 9.99 9.999 99.999 9.999 99.999 9.999 99.999 9.999 999.99 9.999 999.999 9.999 999.999 9.999 999.999 9.999 9.999 9.999 99.999 9.999
end_time of measurement, days from the file reference point
iron, ng/m3, Revision date=20181210133000
numflag iron, no unit, Revision date=20181210133000
lead, ng/m3, Revision date=20181210133000
numflag lead, no unit, Revision date=20181210133000
magnesium, ug/m3, Revision date=20181210133000
numflag magnesium, no unit, Revision date=20181210133000
nickel, ng/m3, Revision date=20181210133000
numflag nickel, no unit, Revision date=20181210133000
nitrate, ug N/m3, Revision date=20181210133000
numflag nitrate, no unit, Revision date=20181210133000
organic_carbon, ug C/m3, Revision date=20181210133000
numflag organic_carbon, no unit, Revision date=20181210133000
organic_mass, ug/m3, Revision date=20181210133000
numflag organic_mass, no unit, Revision date=20181210133000
phosphorus, ng/m3, Revision date=20181210133000
numflag phosphorus, no unit, Revision date=20181210133000
pm10_mass, ug/m3, Version=2, Version description=Data extracted from http://views.cira.colostate.edu/fed/DataWizard 2019-12-16, Sample duration=1d, Orig. time res.=3d, Matrix=pm10, Blank correction=Blank corrected, Volume std. temperature=ambient, Volume std. pressure=ambient
numflag pm10_mass, no unit, Version=2, Version description=Data extracted from http://views.cira.colostate.edu/fed/DataWizard 2019-12-16, Sample duration=1d, Orig. time res.=3d, Matrix=pm10, Blank correction=Blank corrected, Volume std. temperature=ambient, Volume std. pressure=ambient
pm10_pm25_mass, ug/m3, Revision date=20181210133000, Matrix=pm10_pm25
numflag pm10_pm25_mass, no unit, Revision date=20181210133000, Matrix=pm10_pm25
pm25_mass, ug/m3, Version=2, Version description=Data extracted from http://views.cira.colostate.edu/fed/DataWizard 2019-12-16, Sample duration=1d, Orig. time res.=3d, Blank correction=Blank corrected, Volume std. temperature=ambient, Volume std. pressure=ambient
numflag pm25_mass, no unit, Version=2, Version description=Data extracted from http://views.cira.colostate.edu/fed/DataWizard 2019-12-16, Sample duration=1d, Orig. time res.=3d, Blank correction=Blank corrected, Volume std. temperature=ambient, Volume std. pressure=ambient
potassium, ug/m3, Revision date=20181210133000
numflag potassium, no unit, Revision date=20181210133000
sulphate_total, ug S/m3, Revision date=20181210133000
numflag sulphate_total, no unit, Revision date=20181210133000
0
25
Data definition:              EBAS_1.1
Set type code:                TU
Timezone:                     UTC
File name:                    US9053R.20050101060000.20191216000000.filterpack..pm25.52w.1w.US03L_filterpack_US9053.US03L_IMPROVE_Davis.lev2.nas
File creation:                20191218120907
Startdate:                    20050101060000
Revision date:                20191216000000
Statistics:                   arithmetic mean
Data level:                   2
Period code:                  52w
Resolution code:              1w
Station code:                 US9053R
Platform code:                US9053S
Station name:                 Viking Lake
Station latitude:             40.969
Station longitude:            -95.045
Station altitude:             371.0 m
Regime:                       IMG
Component:                    
Matrix:                       pm25
Laboratory code:              US03L
Instrument type:              filterpack
Instrument name:              filterpack_US9053
Method ref:                   US03L_IMPROVE_Davis
starttime endtime Fe flag_Fe Pb flag_Pb Mg++ flag_Mg++ Ni flag_Ni NO3- flag_NO3- OC flag_OC OM flag_OM P flag_P PM10 flag_PM10 PM10-PM2.5 flag_PM10-PM2.5 PM2.5 flag_PM2.5 K+ flag_K+ SO4-- flag_SO4--
[from data line 88]
264.25 265.25   68.59 0.000   1.51 0.000 9.999 0.259 0.13 0.000  0.073 0.000  1.807 0.000  3.253 0.000 999.99 0.259  33.675 0.000  24.286 0.000   9.071 0.000 0.055 0.000  0.828 0.000
267.25 268.25   28.17 0.000   4.69 0.000 9.999 0.259 9.99 0.259  0.119 0.000  1.406 0.000  2.531 0.000 999.99 0.259  17.035 0.000   8.823 0.000   8.068 0.000 0.043 0.000  0.899 0.000
270.25 271.25   55.34 0.000   2.81 0.000 0.006 0.000 9.99 0.259  0.112 0.000  0.908 0.000  1.635 0.000 999.99 0.259  15.436 0.000  10.968 0.000   4.487 0.000 0.034 0.000  0.437 0.000
273.25 274.25   55.40 0.000   2.24 0.000 9.999 0.259 9.99 0.259  0.141 0.000  1.922 0.000  3.460 0.000 999.99 0.259  21.497 0.000  12.145 0.000   9.166 0.000 0.072 0.000  0.769 0.000
276.25 277.25   28.08 0.000   0.75 0.000 9.999 0.259 0.58 0.000  0.114 0.000  1.962 0.000  3.531 0.000 999.99 0.259  22.548 0.000  11.004 0.000  11.562 0.000 0.037 0.000  1.453 0.000
279.25 280.25   11.64 0.000   0.52 0.000 9.999 0.259 9.99 0.259  0.104 0.000  0.695 0.000  1.250 0.000 999.99 0.259  10.992 0.000   8.653 0.000   2.232 0.000 0.025 0.000  0.138 0.000
282.25 283.25   33.77 0.000   4.95 0.000 9.999 0.259 0.18 0.000  0.478 0.000  1.245 0.000  2.241 0.000 999.99 0.259  27.091 0.000  17.667 0.000   9.179 0.000 0.042 0.000  1.199 0.000
285.25 286.25   45.25 0.000   3.09 0.000 0.019 0.000 9.99 0.259  0.637 0.000  1.169 0.000  2.103 0.000 999.99 0.259  14.548 0.000   7.211 0.000   7.216 0.000 0.022 0.000  0.840 0.000
288.25 289.25   59.34 0.000   2.71 0.000 0.027 0.000 9.99 0.259  0.049 0.000  1.240 0.000  2.233 0.000  36.58 0.000  24.799 0.000  19.710 0.000   4.846 0.000 0.064 0.000  0.198 0.000
291.25 292.25   52.44 0.000   0.75 0.000 0.022 0.000 9.99 0.259  0.162 0.000  1.052 0.000  1.893 0.000 999.99 0.259  31.767 0.000  27.346 0.000   4.649 0.000 0.039 0.000  0.289 0.000
294.25 295.25   35.31 0.000   1.87 0.000 0.014 0.000 9.99 0.259  0.154 0.000  0.718 0.000  1.293 0.000 999.99 0.259  11.742 0.000   8.335 0.000   3.297 0.000 0.038 0.000  0.217 0.000
297.25 298.25   23.18 0.000   0.56 0.000 9.999 0.259 9.99 0.259  0.621 0.000  1.038 0.000  1.868 0.000 999.99 0.259  16.293 0.000  10.482 0.000   5.784 0.000 0.019 0.000  0.331 0.000
300.25 301.25   43.77 0.000   2.04 0.000 9.999 0.259 9.99 0.259  0.301 0.000  2.162 0.000  3.891 0.000 999.99 0.259  22.570 0.000  14.327 0.000   8.038 0.000 0.066 0.000  0.632 0.000
303.25 304.25   26.90 0.000   0.62 0.000 9.999 0.259 9.99 0.259  0.224 0.000  1.081 0.000  1.946 0.000 999.99 0.259  19.433 0.000  14.747 0.000   4.499 0.000 0.053 0.000  0.262 0.000
306.25 307.25   98.17 0.000   3.02 0.000 9.999 0.259 0.15 0.000  0.125 0.000  1.841 0.000  3.315 0.000 999.99 0.259  37.213 0.000  29.436 0.000   8.042 0.000 0.093 0.000  0.456 0.000
309.25 310.25   45.68 0.000   5.81 0.000 0.015 0.000 0.13 0.000  1.019 0.000  1.168 0.000  2.102 0.000 999.99 0.259  24.312 0.000  14.536 0.000   9.562 0.000 0.047 0.000  0.380 0.000
312.25 313.25   61.76 0.000   0.76 0.000 9.999 0.259 9.99 0.259  0.067 0.000  0.745 0.000  1.342 0.000 999.99 0.259  37.039 0.000  33.058 0.000   4.258 0.000 0.039 0.000  0.215 0.000
315.25 316.25   54.74 0.000   0.85 0.000 9.999 0.259 0.26 0.000  0.259 0.000  3.199 0.000  5.759 0.000 999.99 0.259  38.831 0.000  26.035 0.000  12.439 0.000 0.096 0.000  0.978 0.000
318.25 319.25    6.57 0.000   1.26 0.000 9.999 0.259 9.99 0.259  0.523 0.000  0.512 0.000  0.922 0.000 999.99 0.259   8.323 0.000   2.260 0.000   6.044 0.000 0.016 0.000  0.664 0.000
321.25 322.25   15.69 0.000   2.00 0.000 0.006 0.000 9.99 0.259  0.441 0.000  1.187 0.000  2.136 0.000 999.99 0.259   8.665 0.000   3.348 0.000   5.250 0.000 0.035 0.000  0.208 0.000
324.25 325.25   11.74 0.000   1.81 0.000 9.999 0.259 9.99 0.259  0.207 0.000  0.430 0.000  0.774 0.000 999.99 0.259   4.305 0.000   1.560 0.000   2.713 0.000 0.014 0.000  0.169 0.000
327.25 328.25    6.82 0.000   0.48 0.000 0.007 0.000 9.99 0.259  0.089 0.000  0.208 0.000  0.375 0.000 999.99 0.259   5.555 0.000   3.513 0.000   1.993 0.000 0.011 0.000  0.166 0.000
330.25 331.25   29.48 0.000   1.11 0.000 9.999 0.259 9.99 0.259  0.288 0.000  1.412 0.000  2.542 0.000 999.99 0.259  10.144 0.000   2.206 0.000   7.868 0.000 0.047 0.000  0.687 0.000
333.25 334.25   46.70 0.000   0.64 0.000 9.999 0.259 9.99 0.259  0.480 0.000  0.372 0.000  0.669 0.000 999.99 0.259   9.538 0.000   1.674 0.000   7.799 0.000 0.019 0.000  0.625 0.000
336.25 337.25   43.84 0.000   3.02 0.000 0.009 0.000 9.99 0.259  2.185 0.000  1.074 0.000  1.934 0.000 999.99 0.259  21.361 0.000   1.916 0.000  19.310 0.000 0.047 0.000  0.752 0.000
339.25 340.25   16.34 0.000   2.69 0.000 9.999 0.259 9.99 0.259  1.205 0.000  0.829 0.000  1.491 0.000 999.99 0.259  16.486 0.000   4.374 0.000  12.115 0.000 0.043 0.000  0.678 0.000
342.25 343.25   14.25 0.000   2.04 0.000 0.007 0.000 0.61 0.000  1.097 0.000  1.233 0.000  2.219 0.000 999.99 0.259  16.501 0.000   4.485 0.000  11.895 0.000 0.047 0.000  0.500 0.000
345.25 346.25   20.84 0.000   3.71 0.000 9.999 0.259 9.99 0.259  0.267 0.000  0.534 0.000  0.962 0.000 999.99 0.259   4.566 0.000   1.012 0.000   3.523 0.000 0.013 0.000  0.211 0.000
348.25 349.25   17.58 0.000   1.39 0.000 9.999 0.259 9.99 0.259  0.121 0.000  0.348 0.000  0.627 0.000 999.99 0.259   7.689 0.000   3.547 0.000   4.080 0.000 0.013 0.000  0.592 0.000
351.25 352.25   15.64 0.000   1.85 0.000 0.012 0.000 0.12 0.000  0.385 0.000  0.360 0.000  0.649 0.000 999.99 0.259  13.539 0.000   8.080 0.000   5.340 0.000 0.019 0.000  0.365 0.000
354.25 355.25   19.56 0.000   6.26 0.000 9.999 0.259 0.22 0.000  2.105 0.000  1.070 0.000  1.926 0.000 999.99 0.259  25.522 0.000   7.183 0.000  18.241 0.000 0.037 0.000  0.788 0.000
357.25 358.25    5.95 0.000   1.90 0.000 0.007 0.000 9.99 0.259  0.676 0.000  0.487 0.000  0.877 0.000 999.99 0.259   8.340 0.000   1.166 0.000   7.120 0.000 0.014 0.000  0.568 0.000
360.25 361.25   26.18 0.000   3.30 0.000 9.999 0.259 0.12 0.000  1.197 0.000  1.046 0.000  1.882 0.000 999.99 0.259  13.227 0.000   1.420 0.000  11.723 0.000 0.031 0.000  0.501 0.000
363.25 364.25   12.03 0.000   1.22 0.000 9.999 0.259 9.99 0.259  0.542 0.000  0.336 0.000  0.604 0.000 999.99 0.259   7.996 0.000   0.866 0.000   7.079 0.000 0.011 0.000  0.734 0.000
