scripts/IMPROVE-2019_partial/data/US9030R.20080101090000.20191216000000.filterpack...52w.3d.US03L_filterpack_US9030.US03L_IMPROVE_Davis.lev2.nas
52 1001
MISSING INFORMATION
US03L, IMPROVE, , , , , , , 
MISSING INFORMATION
IMPROVE sel_HTAP
1 1
2008 01 01 2019 12 16
3.000
days from file reference point
5
1 1 1 1 1
999.999 999.999 9.999 99.999 9.999
end_time of measurement, days from the file reference point
pm10_mass, ug/m3, Matrix=pm10
numflag pm10_mass, no unit, Matrix=pm10
pm25_mass, ug/m3, Matrix=pm25
numflag pm25_mass, no unit, Matrix=pm25
0
33
Data definition:              EBAS_1.1
Set type code:                TU
Timezone:                     UTC
File name:                    US9030R.20080101090000.20191216000000.filterpack...52w.3d.US03L_filterpack_US9030.US03L_IMPROVE_Davis.lev2.nas
File creation:                20191218120713
Startdate:                    20080101090000
Revision date:                20191216000000
Version:                      2
Version description:          "Data extracted from http://views.cira.colostate.edu/fed/DataWizard 2019-12-16"
Statistics:                   arithmetic mean
Data level:                   2
Period code:                  52w
Resolution code:              3d
Sample duration:              1d
Orig. time res.:              3d
Station code:                 US9030R
Platform code:                US9030S
Station name:                 Simeonof
Station latitude:             55.3255
Station longitude:            -160.5063
Station altitude:             57.0 m
Regime:                       IMG
Component:                    
Unit:                         ug/m3
Matrix:                       
Laboratory code:              US03L
Instrument type:              filterpack
Instrument name:              filterpack_US9030
Method ref:                   US03L_IMPROVE_Davis
Blank correction:             Blank corrected
Volume std. temperature:      ambient
Volume std. pressure:         ambient
starttime endtime PM10 flag_PM10 PM2.5 flag_PM2.5
  0.375   1.375   7.888 0.000  1.527 0.000
  3.375   4.375   8.413 0.000  1.071 0.000
  6.375   7.375   4.808 0.000  1.386 0.000
  9.375  10.375   8.219 0.000  1.516 0.000
 12.375  13.375   3.330 0.000  1.423 0.000
 15.375  16.375   6.510 0.000  2.281 0.000
 18.375  19.375  23.351 0.000  9.680 0.000
 21.375  22.375  10.898 0.000  4.575 0.000
 24.375  25.375  10.486 0.000  3.895 0.000
 27.375  28.375  12.821 0.000  4.955 0.000
 30.375  31.375   5.699 0.000  2.060 0.000
 33.375  34.375   3.147 0.000  1.249 0.000
 36.375  37.375  10.171 0.000  2.613 0.000
 39.375  40.375   2.797 0.000  1.151 0.000
 42.375  43.375   4.230 0.000 99.999 0.456
 45.375  46.375   3.282 0.000  1.544 0.000
 48.375  49.375  11.192 0.000  3.706 0.000
 51.375  52.375   7.068 0.000  3.212 0.000
 54.375  55.375   3.787 0.000  1.544 0.000
 57.375  58.375   8.847 0.000  2.279 0.000
 60.375  61.375   6.082 0.000  2.435 0.000
 63.375  64.375 999.999 0.999 99.999 0.999
 66.375  67.375   6.059 0.000  1.734 0.000
 69.375  70.375   2.423 0.000  1.417 0.000
 72.375  73.375  11.551 0.000  0.928 0.000
 75.375  76.375   8.162 0.000  4.006 0.000
 78.375  79.375  11.958 0.000  2.305 0.000
 81.375  82.375   9.115 0.000  2.522 0.000
 84.375  85.375   4.075 0.000  2.250 0.000
 87.375  88.375  20.080 0.000  4.069 0.000
 90.375  91.375   1.339 0.000  0.668 0.000
 93.375  94.375   0.959 0.000  1.219 0.000
 96.375  97.375   4.408 0.000  2.415 0.000
 99.375 100.375   6.151 0.000  3.231 0.000
102.375 103.375   8.676 0.000  4.991 0.000
105.375 106.375   8.358 0.000  2.633 0.000
108.375 109.375  19.207 0.000  7.539 0.000
111.375 112.375   1.883 0.000  1.156 0.000
114.375 115.375   8.595 0.000  3.697 0.000
117.375 118.375   9.851 0.000  3.622 0.000
120.375 121.375  15.986 0.000  3.404 0.000
123.375 124.375   5.880 0.000  3.075 0.000
126.375 127.375   7.031 0.000  3.390 0.000
129.375 130.375   9.802 0.000  4.271 0.000
132.375 133.375   3.707 0.000  1.829 0.000
135.375 136.375 999.999 0.456  3.701 0.000
138.375 139.375 999.999 0.456  3.151 0.000
141.375 142.375  16.315 0.000  5.584 0.000
144.375 145.375  13.188 0.000  4.998 0.000
147.375 148.375   3.204 0.000  1.991 0.000
150.375 151.375   2.518 0.000  0.569 0.000
153.375 154.375   1.960 0.000  0.606 0.000
156.375 157.375 999.999 0.999 99.999 0.999
159.375 160.375 999.999 0.999 99.999 0.999
162.375 163.375   5.872 0.000  1.315 0.000
165.375 166.375   5.564 0.000  1.670 0.000
168.375 169.375   3.357 0.000  1.291 0.000
171.375 172.375   5.096 0.000  0.871 0.000
174.375 175.375   2.115 0.000  0.782 0.000
177.375 178.375   4.704 0.000  2.339 0.000
180.375 181.375   3.769 0.000  1.386 0.000
183.375 184.375   2.282 0.000  0.908 0.000
186.375 187.375   3.600 0.000  1.671 0.000
189.375 190.375 999.999 0.456  1.859 0.000
192.375 193.375 999.999 0.456  1.425 0.000
195.375 196.375 999.999 0.456  1.817 0.000
198.375 199.375   5.019 0.000  1.331 0.000
201.375 202.375 999.999 0.999 99.999 0.999
204.375 205.375 999.999 0.999 99.999 0.999
207.375 208.375 999.999 0.999 99.999 0.999
210.375 211.375 999.999 0.999 99.999 0.999
213.375 214.375 999.999 0.999 99.999 0.999
216.375 217.375 999.999 0.999 99.999 0.999
219.375 220.375   7.376 0.000  2.638 0.659
222.375 223.375   5.207 0.000  3.671 0.659
225.375 226.375   8.496 0.000  1.763 0.000
228.375 229.375   4.020 0.000  2.081 0.000
231.375 232.375  16.926 0.000  1.840 0.000
234.375 235.375   3.106 0.000  1.592 0.000
237.375 238.375   6.949 0.000  2.890 0.000
240.375 241.375 999.999 0.999 99.999 0.999
243.375 244.375   3.991 0.000  1.893 0.000
246.375 247.375   2.611 0.000  1.461 0.000
249.375 250.375   5.394 0.000  2.277 0.000
252.375 253.375   3.921 0.000  1.852 0.000
255.375 256.375   8.223 0.000  4.887 0.000
258.375 259.375   2.687 0.000  1.262 0.000
261.375 262.375   4.345 0.000  1.465 0.000
264.375 265.375   3.862 0.000  2.421 0.000
267.375 268.375   2.243 0.000  1.165 0.000
270.375 271.375   3.870 0.000  1.932 0.000
273.375 274.375   5.374 0.000  2.888 0.000
276.375 277.375   3.243 0.000  1.270 0.000
279.375 280.375   2.741 0.000  1.109 0.000
282.375 283.375  13.142 0.000  5.157 0.000
285.375 286.375   3.761 0.000  1.367 0.000
288.375 289.375   6.733 0.000  2.124 0.000
291.375 292.375   7.167 0.000  1.265 0.000
294.375 295.375   5.926 0.000  1.872 0.000
297.375 298.375   7.721 0.000  2.055 0.000
300.375 301.375   6.634 0.000  2.411 0.000
303.375 304.375   5.264 0.000  0.795 0.000
306.375 307.375   6.123 0.000  2.538 0.000
309.375 310.375   4.154 0.000  1.030 0.000
312.375 313.375   5.362 0.000  1.245 0.000
315.375 316.375   3.873 0.000  1.205 0.000
318.375 319.375   5.824 0.000  1.241 0.000
321.375 322.375   7.043 0.000  2.111 0.000
324.375 325.375  11.098 0.000  3.351 0.000
327.375 328.375   4.093 0.000  1.501 0.000
330.375 331.375 999.999 0.999 99.999 0.999
333.375 334.375   6.625 0.000  2.258 0.000
336.375 337.375  10.068 0.000  4.620 0.000
339.375 340.375   2.067 0.000  0.802 0.000
342.375 343.375   3.139 0.000  0.759 0.000
345.375 346.375   7.726 0.000  3.075 0.000
348.375 349.375  15.955 0.000  5.666 0.000
351.375 352.375 999.999 0.456 99.999 0.456
354.375 355.375 999.999 0.456  0.986 0.000
357.375 358.375 999.999 0.456  4.723 0.000
360.375 361.375   8.619 0.000  3.241 0.000
363.375 364.375   5.578 0.000  2.634 0.000
