scripts/IMPROVE-2019_partial/data/US9042R.19890104080000.20191216000000.filterpack...1y.3d.US03L_filterpack_US9042_YOSE1.US03L_IMPROVE_Davis.lev2.nas
59 1001
MISSING INFORMATION
US03L, IMPROVE, , , , , , , 
MISSING INFORMATION
IMPROVE sel_HTAP
1 1
1989 01 01 2019 12 16
0
days from file reference point
4
1 1 1 1
999.999999 999.999 999.999 9.999
end_time of measurement, days from the file reference point
pm10_mass, ug/m3, Matrix=pm10
pm25_mass, ug/m3, Matrix=pm25
numflag, no unit
0
41
Data definition:              EBAS_1.1
Set type code:                TI
Timezone:                     UTC
File name:                    US9042R.19890104080000.20191216000000.filterpack...1y.3d.US03L_filterpack_US9042_YOSE1.US03L_IMPROVE_Davis.lev2.nas
File creation:                20191218120810
Startdate:                    19890104080000
Revision date:                20191216000000
Version:                      2
Version description:          "Data extracted from http://views.cira.colostate.edu/fed/DataWizard 2019-12-16"
Statistics:                   arithmetic mean
Data level:                   2
Period code:                  1y
Resolution code:              3d
Sample duration:              1d
Orig. time res.:              3d
Station code:                 US9042R
Platform code:                US9042S
Station name:                 Yosemite NP
Station WDCA-ID:              GAWAUSCAYOS
Station GAW-ID:               YOS
Station GAW-Name:             Yosemite NP - Turtleback Dome
Station state/province:       CA
Station land use:             Remote park
Station setting:              Mountain
Station GAW type:             C
Station WMO region:           4
Station latitude:             37.7133
Station longitude:            -119.7061
Station altitude:             1605.0 m
Regime:                       IMG
Component:                    
Unit:                         ug/m3
Matrix:                       
Laboratory code:              US03L
Instrument type:              filterpack
Instrument name:              filterpack_US9042_YOSE1
Method ref:                   US03L_IMPROVE_Davis
Blank correction:             Blank corrected
Volume std. temperature:      ambient
Volume std. pressure:         ambient
starttime endtime PM10 PM2.5 flag
  3.333333   4.333333   2.265   1.115 0.000
  6.333333   7.333333   1.703   0.801 0.000
 10.333333  11.333333   3.269   1.720 0.000
 13.333333  14.333333   5.823   2.075 0.000
 17.333333  18.333333   3.305   0.806 0.000
 20.333333  21.333333   2.189   1.136 0.000
 24.333333  25.333333   3.432 999.999 0.000
 27.333333  28.333333   3.584   2.052 0.000
 31.333333  32.333333   7.867   3.488 0.000
 34.333333  35.333333   1.628   0.847 0.000
 38.333333  39.333333   4.150   0.729 0.000
 41.333333  42.333333   6.350   2.583 0.000
 45.333333  46.333333   5.000   3.526 0.000
 48.333333  49.333333   7.445   4.650 0.000
 52.333333  53.333333 999.999   0.833 0.000
 55.333333  56.333333   4.383   1.341 0.000
 59.333333  60.333333 999.999 999.999 0.999
 62.333333  63.333333   2.089   0.859 0.000
 66.333333  67.333333  11.838   2.130 0.000
 69.333333  70.333333   4.955   1.743 0.000
 73.333333  74.333333   7.839   4.695 0.000
 76.333333  77.333333   2.978   1.463 0.000
 80.333333  81.333333 999.999 999.999 0.999
 83.333333  84.333333 999.999 999.999 0.999
 87.333333  88.333333   4.917   2.508 0.000
 90.333333  91.333333   4.826   2.508 0.000
 94.333333  95.333333   8.785   2.784 0.000
 97.333333  98.333333  10.647   3.567 0.000
101.333333 102.333333  14.008   7.335 0.000
104.333333 105.333333 999.999 999.999 0.999
108.333333 109.333333  11.327   6.144 0.000
111.333333 112.333333  10.093   3.123 0.000
115.333333 116.333333   4.123   2.636 0.000
118.333333 119.333333  10.734   5.198 0.000
122.333333 123.333333  11.066   5.166 0.000
125.333333 126.333333  18.291   9.303 0.000
129.333333 130.333333   1.723   0.939 0.000
132.333333 133.333333  12.232   6.536 0.000
136.333333 137.333333  17.459   8.511 0.000
139.333333 140.333333  15.470   5.801 0.000
143.333333 144.333333   5.902   2.727 0.000
146.333333 147.333333  10.944   4.788 0.000
150.333333 151.333333   5.746   2.391 0.000
153.333333 154.333333  14.286   7.081 0.000
157.333333 158.333333  11.786   8.328 0.000
160.333333 161.333333  19.234  10.435 0.000
164.333333 165.333333  11.279   6.229 0.000
167.333333 168.333333   7.240   3.813 0.000
171.333333 172.333333 999.999   9.167 0.000
174.333333 175.333333  73.254  11.700 0.000
178.333333 179.333333  14.015   5.117 0.000
181.333333 182.333333  13.294   4.716 0.000
185.333333 186.333333   8.157   3.667 0.000
188.333333 189.333333  12.834   7.196 0.000
192.333333 193.333333  20.039  10.881 0.000
195.333333 196.333333  12.024   5.051 0.000
199.333333 200.333333  17.654  10.067 0.000
202.333333 203.333333  14.783   6.921 0.000
206.333333 207.333333  12.490   6.959 0.000
209.333333 210.333333 999.999 999.999 0.999
213.333333 214.333333   6.757   4.749 0.000
216.333333 217.333333  26.895  15.035 0.000
220.333333 221.333333  17.197 999.999 0.000
223.333333 224.333333  13.152   6.678 0.000
227.333333 228.333333  21.279   9.556 0.000
230.333333 231.333333  14.840   8.089 0.000
234.333333 235.333333   7.460   4.478 0.000
237.333333 238.333333  15.451   7.879 0.000
241.333333 242.333333  22.344   9.627 0.000
244.333333 245.333333  13.333 999.999 0.000
248.333333 249.333333  18.732   6.855 0.000
251.333333 252.333333  18.893  10.467 0.000
255.333333 256.333333  13.385   7.099 0.000
258.333333 259.333333  14.206   6.481 0.000
262.333333 263.333333   6.932   4.953 0.000
265.333333 266.333333   8.633   5.331 0.000
269.333333 270.333333  12.932   7.539 0.000
272.333333 273.333333   7.326   4.479 0.000
276.333333 277.333333 999.999 999.999 0.999
279.333333 280.333333   9.071   6.246 0.000
283.333333 284.333333 999.999 999.999 0.999
286.333333 287.333333  15.576  10.812 0.000
290.333333 291.333333   8.927   5.801 0.000
293.333333 294.333333  11.779   5.449 0.000
297.333333 298.333333   1.930   1.054 0.000
300.333333 301.333333   5.333   3.868 0.000
304.333333 305.333333   3.872   2.898 0.000
307.333333 308.333333   3.953   2.911 0.000
311.333333 312.333333   7.753   5.431 0.000
314.333333 315.333333   3.686   2.425 0.000
318.333333 319.333333   2.602   1.656 0.000
321.333333 322.333333   5.037   1.858 0.000
325.333333 326.333333   5.598   3.810 0.000
328.333333 329.333333   2.039   0.698 0.000
332.333333 333.333333   1.742   1.053 0.000
335.333333 336.333333   1.962   1.176 0.000
339.333333 340.333333   2.453   1.136 0.000
342.333333 343.333333   2.840   0.909 0.000
346.333333 347.333333   2.985   2.042 0.000
349.333333 350.333333   3.123   2.549 0.000
353.333333 354.333333   4.440   4.272 0.000
356.333333 357.333333   1.308   0.717 0.000
360.333333 361.333333   2.411   1.118 0.000
363.333333 364.333333   3.560   0.747 0.000
