scripts/IMPROVE-2019_partial/data/US9069R.20130101070000.20191216000000.filterpack...52w.3d.US03L_filterpack_US9069.US03L_IMPROVE_Davis.lev2.nas
52 1001
MISSING INFORMATION
US03L, IMPROVE, , , , , , , 
MISSING INFORMATION
IMPROVE sel_HTAP
1 1
2013 01 01 2019 12 16
3.000000
days from file reference point
5
1 1 1 1 1
999.999999 999.999 9.999 999.999 9.999
end_time of measurement, days from the file reference point
pm10_mass, ug/m3, Matrix=pm10
numflag pm10_mass, no unit, Matrix=pm10
pm25_mass, ug/m3, Matrix=pm25
numflag pm25_mass, no unit, Matrix=pm25
0
33
Data definition:              EBAS_1.1
Set type code:                TU
Timezone:                     UTC
File name:                    US9069R.20130101070000.20191216000000.filterpack...52w.3d.US03L_filterpack_US9069.US03L_IMPROVE_Davis.lev2.nas
File creation:                20191218121016
Startdate:                    20130101070000
Revision date:                20191216000000
Version:                      2
Version description:          "Data extracted from http://views.cira.colostate.edu/fed/DataWizard 2019-12-16"
Statistics:                   arithmetic mean
Data level:                   2
Period code:                  52w
Resolution code:              3d
Sample duration:              1d
Orig. time res.:              3d
Station code:                 US9069R
Platform code:                US9069S
Station name:                 White Mountain
Station latitude:             33.4687
Station longitude:            -105.5349
Station altitude:             2063.0 m
Regime:                       IMG
Component:                    
Unit:                         ug/m3
Matrix:                       
Laboratory code:              US03L
Instrument type:              filterpack
Instrument name:              filterpack_US9069
Method ref:                   US03L_IMPROVE_Davis
Blank correction:             Blank corrected
Volume std. temperature:      ambient
Volume std. pressure:         ambient
starttime endtime PM10 flag_PM10 PM2.5 flag_PM2.5
  0.291667   1.291667   1.764 0.000   1.836 0.000
  3.291667   4.291667   3.256 0.000   3.381 0.000
  6.291667   7.291667   3.094 0.000   1.930 0.000
  9.291667  10.291667   3.189 0.000   1.399 0.000
 12.291667  13.291667   2.250 0.000   1.036 0.000
 15.291667  16.291667   1.795 0.000   0.811 0.000
 18.291667  19.291667   2.486 0.000   0.926 0.000
 21.291667  22.291667   2.837 0.000   0.961 0.000
 24.291667  25.291667   2.056 0.000   0.954 0.000
 27.291667  28.291667   7.021 0.000   2.059 0.000
 30.291667  31.291667 999.999 0.456   0.743 0.000
 33.291667  34.291667 999.999 0.456   1.171 0.000
 36.291667  37.291667   4.418 0.000   1.900 0.000
 39.291667  40.291667  56.194 0.000   8.398 0.000
 42.291667  43.291667   2.588 0.000   1.469 0.000
 45.291667  46.291667   4.308 0.000   2.031 0.000
 48.291667  49.291667   5.735 0.000   1.716 0.000
 51.291667  52.291667   3.336 0.000   1.038 0.000
 54.291667  55.291667  19.916 0.000   3.650 0.000
 57.291667  58.291667   4.083 0.000   2.121 0.000
 60.291667  61.291667   4.621 0.000   1.887 0.000
 63.291667  64.291667  36.542 0.000   6.187 0.000
 66.291667  67.291667  19.212 0.000   5.285 0.000
 69.291667  70.291667   5.934 0.000   1.965 0.000
 72.291667  73.291667  12.979 0.000   3.184 0.000
 75.291667  76.291667  13.823 0.000   4.936 0.000
 78.291667  79.291667  30.089 0.000   6.669 0.000
 81.291667  82.291667  51.348 0.000  10.247 0.000
 84.291667  85.291667  26.975 0.000   5.826 0.000
 87.291667  88.291667   9.288 0.000   3.208 0.000
 90.291667  91.291667  23.667 0.000   4.939 0.000
 93.291667  94.291667   6.776 0.000   2.221 0.000
 96.291667  97.291667   9.489 0.000   5.020 0.000
 99.291667 100.291667  43.019 0.000  12.266 0.000
102.291667 103.291667  10.109 0.000   3.587 0.000
105.291667 106.291667  35.030 0.000   9.348 0.000
108.291667 109.291667  13.074 0.000   4.303 0.000
111.291667 112.291667  25.813 0.000   7.892 0.000
114.291667 115.291667  32.347 0.000   8.601 0.000
117.291667 118.291667  11.151 0.000   4.858 0.000
120.291667 121.291667  40.440 0.000  11.503 0.000
123.291667 124.291667  17.037 0.000   5.913 0.000
126.291667 127.291667  17.121 0.000   3.885 0.000
129.291667 130.291667   5.832 0.000   2.897 0.000
132.291667 133.291667   8.442 0.000   3.667 0.000
135.291667 136.291667  13.167 0.000   5.486 0.000
138.291667 139.291667  15.479 0.000   6.769 0.000
141.291667 142.291667  11.106 0.000   3.560 0.000
144.291667 145.291667  18.608 0.000   6.869 0.000
147.291667 148.291667  16.289 0.000   5.286 0.000
150.291667 151.291667  16.486 0.000   7.303 0.000
153.291667 154.291667  28.372 0.000   9.694 0.000
156.291667 157.291667  18.262 0.000   5.840 0.000
159.291667 160.291667  29.749 0.000   8.499 0.000
162.291667 163.291667  18.673 0.000   7.937 0.000
165.291667 166.291667  15.061 0.000   5.861 0.000
168.291667 169.291667  16.611 0.000   8.230 0.000
171.291667 172.291667  12.924 0.000   6.672 0.000
174.291667 175.291667  26.201 0.000  12.497 0.000
177.291667 178.291667  16.333 0.000   8.868 0.000
180.291667 181.291667  29.042 0.000  10.928 0.000
183.291667 184.291667   5.980 0.000   3.498 0.000
186.291667 187.291667  15.148 0.000   7.820 0.000
189.291667 190.291667  11.747 0.000   6.835 0.000
192.291667 193.291667   8.241 0.000   5.836 0.000
195.291667 196.291667  12.024 0.000   6.604 0.000
198.291667 199.291667   2.478 0.000   2.191 0.000
201.291667 202.291667   3.893 0.000   5.519 0.000
204.291667 205.291667   6.853 0.000   3.700 0.000
207.291667 208.291667   8.994 0.000   6.614 0.000
210.291667 211.291667   6.702 0.000   3.709 0.000
213.291667 214.291667   8.860 0.000   5.355 0.000
216.291667 217.291667   9.393 0.000   5.653 0.000
219.291667 220.291667   5.636 0.000   3.621 0.000
222.291667 223.291667  10.248 0.000   7.448 0.000
225.291667 226.291667  12.796 0.000   6.697 0.000
228.291667 229.291667   7.357 0.000 999.999 0.999
231.291667 232.291667   4.669 0.000 999.999 0.999
234.291667 235.291667   9.459 0.000   5.210 0.000
237.291667 238.291667  11.905 0.000   7.276 0.000
240.291667 241.291667   4.219 0.000   2.189 0.000
243.291667 244.291667  11.508 0.000   5.716 0.000
246.291667 247.291667   9.526 0.000   4.601 0.000
249.291667 250.291667  11.063 0.000   6.624 0.000
252.291667 253.291667   4.156 0.000   2.926 0.000
255.291667 256.291667   4.602 0.000   3.950 0.000
258.291667 259.291667   3.521 0.000   2.497 0.000
261.291667 262.291667   3.224 0.000   1.842 0.000
264.291667 265.291667   3.515 0.000   2.299 0.000
267.291667 268.291667   7.057 0.000   2.783 0.000
270.291667 271.291667   3.669 0.000   1.393 0.000
273.291667 274.291667   2.973 0.000   1.206 0.000
276.291667 277.291667   8.367 0.000   2.490 0.000
279.291667 280.291667   5.119 0.000   1.900 0.000
282.291667 283.291667 999.999 0.999 999.999 0.999
285.291667 286.291667 999.999 0.999 999.999 0.999
288.291667 289.291667 999.999 0.999 999.999 0.999
291.291667 292.291667   6.911 0.000   2.505 0.000
294.291667 295.291667   5.341 0.000   2.208 0.000
297.291667 298.291667   7.053 0.000   3.775 0.000
300.291667 301.291667   9.823 0.000   2.771 0.000
303.291667 304.291667   2.753 0.000   1.567 0.000
306.291667 307.291667   5.111 0.000   1.595 0.000
309.291667 310.291667 999.999 0.999 999.999 0.999
312.291667 313.291667   3.624 0.000   1.609 0.000
315.291667 316.291667  16.848 0.000   1.860 0.000
318.291667 319.291667   6.398 0.000   2.394 0.000
321.291667 322.291667   5.385 0.000   2.413 0.000
324.291667 325.291667   6.773 0.000   2.077 0.000
327.291667 328.291667   1.333 0.000   1.300 0.000
330.291667 331.291667   1.998 0.000   1.441 0.000
333.291667 334.291667   3.464 0.000   1.666 0.000
336.291667 337.291667   4.739 0.000   1.259 0.000
339.291667 340.291667   4.373 0.000   2.986 0.000
342.291667 343.291667   2.915 0.000   1.357 0.000
345.291667 346.291667   2.504 0.000   1.693 0.000
348.291667 349.291667   1.256 0.000   0.695 0.000
351.291667 352.291667   1.245 0.000   0.632 0.000
354.291667 355.291667   1.272 0.000   0.949 0.000
357.291667 358.291667   0.702 0.000   0.490 0.000
360.291667 361.291667 999.999 0.999 999.999 0.999
363.291667 364.291667 999.999 0.999 999.999 0.999
