scripts/IMPROVE-2019_partial/data/US9074R.20030103080000.20191216000000.filterpack..pm25.1y.1w.US03L_filterpack_US9074.US03L_IMPROVE_Davis.lev2.nas
66 1001
MISSING INFORMATION
US03L, IMPROVE, , , , , , , 
MISSING INFORMATION
IMPROVE sel_HTAP
1 1
2003 01 01 2019 12 16
3.000000
days from file reference point
27
1 1 1 1 1 1 1 1 1 1 1 1 1 1 1 1 1 1 1 1 1 1 1 1 1 1 1
999.999999 9999.99 9.999 99.99 9.999 9.999 9.999999 9.99 9.999999 9.999 9.999 999.999 9.999 999.999 9.999 999.99 9.999999 999.999 9.999 999.999 9.999 999.999 9.999 9.999 9.999 9.999 9.999
end_time of measurement, days from the file reference point
iron, ng/m3, Revision date=20181210133000
numflag iron, no unit, Revision date=20181210133000
lead, ng/m3, Revision date=20181210133000
numflag lead, no unit, Revision date=20181210133000
magnesium, ug/m3, Revision date=20181210133000
numflag magnesium, no unit, Revision date=20181210133000
nickel, ng/m3, Revision date=20181210133000
numflag nickel, no unit, Revision date=20181210133000
nitrate, ug N/m3, Revision date=20181210133000
numflag nitrate, no unit, Revision date=20181210133000
organic_carbon, ug C/m3, Revision date=20181210133000
numflag organic_carbon, no unit, Revision date=20181210133000
organic_mass, ug/m3, Revision date=20181210133000
numflag organic_mass, no unit, Revision date=20181210133000
phosphorus, ng/m3, Revision date=20181210133000
numflag phosphorus, no unit, Revision date=20181210133000
pm10_mass, ug/m3, Version=2, Version description=Data extracted from http://views.cira.colostate.edu/fed/DataWizard 2019-12-16, Sample duration=1d, Orig. time res.=3d, Matrix=pm10, Blank correction=Blank corrected, Volume std. temperature=ambient, Volume std. pressure=ambient
numflag pm10_mass, no unit, Version=2, Version description=Data extracted from http://views.cira.colostate.edu/fed/DataWizard 2019-12-16, Sample duration=1d, Orig. time res.=3d, Matrix=pm10, Blank correction=Blank corrected, Volume std. temperature=ambient, Volume std. pressure=ambient
pm10_pm25_mass, ug/m3, Revision date=20181210133000, Matrix=pm10_pm25
numflag pm10_pm25_mass, no unit, Revision date=20181210133000, Matrix=pm10_pm25
pm25_mass, ug/m3, Version=2, Version description=Data extracted from http://views.cira.colostate.edu/fed/DataWizard 2019-12-16, Sample duration=1d, Orig. time res.=3d, Blank correction=Blank corrected, Volume std. temperature=ambient, Volume std. pressure=ambient
numflag pm25_mass, no unit, Version=2, Version description=Data extracted from http://views.cira.colostate.edu/fed/DataWizard 2019-12-16, Sample duration=1d, Orig. time res.=3d, Blank correction=Blank corrected, Volume std. temperature=ambient, Volume std. pressure=ambient
potassium, ug/m3, Revision date=20181210133000
numflag potassium, no unit, Revision date=20181210133000
sulphate_total, ug S/m3, Revision date=20181210133000
numflag sulphate_total, no unit, Revision date=20181210133000
0
25
Data definition:              EBAS_1.1
Set type code:                TU
Timezone:                     UTC
File name:                    US9074R.20030103080000.20191216000000.filterpack..pm25.1y.1w.US03L_filterpack_US9074.US03L_IMPROVE_Davis.lev2.nas
File creation:                20191218121036
Startdate:                    20030103080000
Revision date:                20191216000000
Statistics:                   arithmetic mean
Data level:                   2
Period code:                  1y
Resolution code:              1w
Station code:                 US9074R
Platform code:                US9074S
Station name:                 Three Sisters Wilderness
Station latitude:             44.291
Station longitude:            -122.0434
Station altitude:             885.0 m
Regime:                       IMG
Component:                    
Matrix:                       pm25
Laboratory code:              US03L
Instrument type:              filterpack
Instrument name:              filterpack_US9074
Method ref:                   US03L_IMPROVE_Davis
starttime endtime Fe flag_Fe Pb flag_Pb Mg++ flag_Mg++ Ni flag_Ni NO3- flag_NO3- OC flag_OC OM flag_OM P flag_P PM10 flag_PM10 PM10-PM2.5 flag_PM10-PM2.5 PM2.5 flag_PM2.5 K+ flag_K+ SO4-- flag_SO4--
[from data line 81]
245.333333 246.333333  139.48 0.699  0.76 0.699 0.032 0.699000 0.07 0.699000 0.046 0.000  11.579 0.000  16.210 0.000 999.99 0.699259  27.606 0.000   3.700 0.000  23.906 0.699 0.148 0.699 0.266 0.000
248.333333 249.333333   85.90 0.559  0.49 0.559 0.027 0.559000 9.99 0.559259 0.034 0.000   4.438 0.000   6.214 0.000 999.99 0.559259  25.268 0.000  14.566 0.000  10.702 0.559 0.061 0.559 0.264 0.000
251.333333 252.333333    2.02 0.000  0.10 0.000 9.999 0.259000 9.99 0.259000 0.009 0.000   0.344 0.000   0.481 0.000 999.99 0.259000   1.504 0.000   0.537 0.000   0.967 0.000 0.005 0.000 0.069 0.000
254.333333 255.333333    3.45 0.000  0.25 0.000 9.999 0.259000 0.08 0.000000 0.030 0.000   0.662 0.000   0.926 0.000 999.99 0.259000   3.821 0.000   1.608 0.000   2.214 0.000 0.011 0.000 0.154 0.000
257.333333 258.333333   19.14 0.000  0.66 0.000 9.999 0.259000 0.14 0.000000 0.070 0.000   1.304 0.000   1.826 0.000 999.99 0.259000   8.192 0.000   4.534 0.000   3.658 0.000 0.033 0.000 0.182 0.000
260.333333 261.333333    4.62 0.000  0.16 0.000 9.999 0.259000 9.99 0.259000 0.007 0.000   0.676 0.000   0.946 0.000 999.99 0.259000   3.205 0.000   1.523 0.000   1.682 0.000 0.012 0.000 0.058 0.000
263.333333 264.333333   15.93 0.000  0.84 0.000 9.999 0.259000 9.99 0.259000 0.020 0.000   1.116 0.000   1.562 0.000 999.99 0.259000   5.084 0.000   1.928 0.000   3.157 0.000 0.030 0.000 0.157 0.000
266.333333 267.333333   21.83 0.559  0.43 0.559 9.999 0.559259 0.07 0.559000 0.009 0.000   1.581 0.000   2.213 0.000 999.99 0.559259   6.200 0.000   2.237 0.000   3.964 0.559 0.034 0.559 0.101 0.000
269.333333 270.333333   43.36 0.559  0.22 0.559 9.999 0.559259 9.99 0.559259 0.010 0.000   1.249 0.000   1.748 0.000 999.99 0.559259  10.022 0.000   6.859 0.000   3.163 0.559 0.030 0.559 0.091 0.000
272.333333 273.333333   44.58 0.000  0.36 0.000 9.999 0.259000 9.99 0.259000 0.046 0.000   1.576 0.000   2.206 0.000 999.99 0.259000  10.359 0.000   5.954 0.000   4.406 0.000 0.031 0.000 0.150 0.000
275.333333 276.333333   47.33 0.000  0.56 0.000 0.018 0.000000 0.07 0.000000 0.022 0.000   2.386 0.000   3.340 0.000 999.99 0.259000  10.086 0.000   3.489 0.000   6.597 0.000 0.047 0.000 0.254 0.000
278.333333 279.333333   24.36 0.000  0.34 0.000 9.999 0.259000 0.09 0.000000 0.010 0.000   1.449 0.000   2.029 0.000 999.99 0.259000   8.267 0.000   4.201 0.000   4.067 0.000 0.032 0.000 0.173 0.000
281.333333 282.333333    1.13 0.000  0.24 0.000 9.999 0.259000 0.05 0.000000 0.004 0.000   0.094 0.000   0.131 0.000 999.99 0.259000   1.612 0.000   0.868 0.000   0.744 0.000 0.006 0.000 0.043 0.000
284.333333 285.333333    0.76 0.000  0.19 0.000 0.020 0.000000 9.99 0.259000 0.001 0.000   0.088 0.000   0.123 0.000 999.99 0.259000   2.578 0.000   1.491 0.000   1.087 0.000 0.011 0.000 0.056 0.000
287.333333 288.333333    1.98 0.000  0.35 0.000 9.999 0.259000 9.99 0.259000 0.015 0.000   0.438 0.000   0.613 0.000 999.99 0.259000   3.183 0.000   1.677 0.000   1.506 0.000 0.020 0.000 0.072 0.000
290.333333 291.333333   17.14 0.000  1.28 0.000 9.999 0.259000 9.99 0.259000 0.014 0.000   1.753 0.000   2.454 0.000 999.99 0.259000   8.133 0.000   3.659 0.000   4.474 0.000 0.033 0.000 0.163 0.000
293.333333 294.333333    4.81 0.394  0.17 0.394 9.999 0.394259 9.99 0.394259 0.010 0.394   0.981 0.000   1.373 0.000  11.50 0.394000   7.915 0.000   5.907 0.000   2.008 0.000 0.021 0.394 0.040 0.394
296.333333 297.333333    8.02 0.000  0.21 0.000 9.999 0.259000 0.12 0.000000 0.034 0.000   0.866 0.000   1.212 0.000 999.99 0.259000   5.994 0.000   3.659 0.000   2.335 0.000 0.031 0.000 0.063 0.000
299.333333 300.333333    8.47 0.000  0.41 0.000 0.023 0.000000 9.99 0.259000 0.004 0.000   0.923 0.000   1.292 0.000 999.99 0.259000   5.095 0.000   3.229 0.000   1.866 0.000 0.014 0.000 0.034 0.000
302.333333 303.333333  175.19 0.000  0.30 0.000 9.999 0.259000 9.99 0.259000 0.025 0.000   0.832 0.000   1.165 0.000 999.99 0.259000  32.768 0.000  27.732 0.000   5.036 0.000 0.065 0.000 0.125 0.000
305.333333 306.333333   26.85 0.000  0.44 0.000 9.999 0.259000 0.04 0.000000 0.017 0.000   0.745 0.000   1.043 0.000 999.99 0.259000   3.950 0.000   1.097 0.000   2.854 0.000 0.023 0.000 0.149 0.000
308.333333 309.333333    9.59 0.699  0.95 0.699 9.999 0.699259 9.99 0.699259 0.091 0.000   6.555 0.000   9.177 0.000 999.99 0.699259  12.634 0.000   0.676 0.000  11.958 0.699 0.048 0.699 0.322 0.000
311.333333 312.333333   21.09 0.559  0.77 0.559 9.999 0.559259 9.99 0.559259 0.110 0.000   7.368 0.000  10.315 0.000 999.99 0.559259  12.634 0.000   0.864 0.000  11.770 0.559 0.065 0.559 0.231 0.000
314.333333 315.333333    2.22 0.000  0.27 0.000 0.030 0.000000 9.99 0.259000 0.037 0.000   1.563 0.000   2.188 0.000 999.99 0.259000   2.935 0.000   0.219 0.000   2.716 0.000 0.024 0.000 0.048 0.000
317.333333 318.333333   10.84 0.000  0.85 0.000 0.027 0.000000 9.99 0.259000 0.023 0.000   3.579 0.000   5.011 0.000 999.99 0.259000   8.774 0.000   1.201 0.000   7.573 0.000 0.051 0.000 0.189 0.000
320.333333 321.333333    1.03 0.000  0.10 0.000 9.999 0.259000 0.11 0.000000 0.006 0.000   0.308 0.000   0.431 0.000 999.99 0.259000   2.424 0.000   1.317 0.000   1.107 0.000 0.015 0.000 0.036 0.000
323.333333 324.333333    1.54 0.000  0.09 0.000 9.999 0.259000 9.99 0.259000 0.005 0.000   0.346 0.000   0.484 0.000 999.99 0.259000   0.998 0.000   0.168 0.000   0.830 0.000 0.013 0.000 0.016 0.000
326.333333 327.333333    1.15 0.000  0.28 0.000 0.030 0.000000 9.99 0.259000 0.005 0.000   0.321 0.000   0.449 0.000 999.99 0.259000   0.998 0.000   0.240 0.000   0.758 0.000 0.007 0.000 0.038 0.000
329.333333 330.333333    1.33 0.000  0.15 0.000 9.999 0.259000 0.04 0.000000 0.006 0.000   0.080 0.000   0.112 0.000 999.99 0.259000   0.740 0.000   0.143 0.000   0.596 0.000 0.003 0.000 0.039 0.000
332.333333 333.333333    0.11 0.000  0.18 0.000 0.023 0.000000 0.07 0.000000 0.004 0.000   0.027 0.000   0.038 0.000   1.17 0.000000   0.082 0.000   0.082 0.000 999.999 0.259 9.999 0.259 9.999 0.259
335.333333 336.333333    1.64 0.000  0.15 0.000 0.054 0.000000 0.06 0.000000 0.001 0.000   0.444 0.000   0.622 0.000 999.99 0.259000   1.170 0.000   0.349 0.000   0.820 0.000 0.006 0.000 0.014 0.000
338.333333 339.333333    0.25 0.000  0.17 0.000 0.042 0.000000 9.99 0.259000 0.002 0.000   0.133 0.000   0.187 0.000   0.94 0.000000   0.370 0.000   0.067 0.000   0.303 0.000 0.002 0.000 0.004 0.000
341.333333 342.333333    0.18 0.000  0.16 0.000 9.999 0.259000 0.06 0.000000 0.001 0.000 999.999 0.259 999.999 0.259 999.99 0.259000   0.124 0.000 999.999 0.259   0.149 0.000 0.001 0.000 0.003 0.000
344.333333 345.333333    0.68 0.000  0.16 0.000 9.999 0.259000 9.99 0.259000 0.001 0.000   0.231 0.000   0.324 0.000 999.99 0.259000   0.620 0.000   0.098 0.000   0.522 0.000 0.003 0.000 0.006 0.000
347.333333 348.333333    0.30 0.000  0.10 0.000 9.999 0.259000 9.99 0.259000 0.001 0.000 999.999 0.259 999.999 0.259 999.99 0.259000   0.291 0.000   0.199 0.000   0.093 0.000 0.001 0.000 0.005 0.000
350.333333 351.333333    1.58 0.000  0.24 0.000 9.999 0.259000 0.04 0.000000 0.012 0.000   0.254 0.000   0.356 0.000 999.99 0.259000   0.616 0.000   0.162 0.000   0.455 0.000 0.003 0.000 0.023 0.000
353.333333 354.333333    1.19 0.000  0.13 0.000 0.049 0.000000 0.04 0.000000 0.009 0.000   0.207 0.000   0.290 0.000   1.84 0.000000   0.496 0.000   0.165 0.000   0.331 0.000 0.002 0.000 0.019 0.000
356.333333 357.333333    6.98 0.000  0.18 0.000 0.071 0.000000 0.10 0.000000 0.010 0.000   0.393 0.000   0.550 0.000 999.99 0.259000   1.536 0.000   0.459 0.000   1.077 0.000 0.006 0.000 0.032 0.000
359.333333 360.333333    1.07 0.000  0.12 0.000 9.999 0.259000 0.06 0.000000 0.010 0.000   0.121 0.000   0.169 0.000   8.54 0.000000   1.529 0.000   0.627 0.000   0.902 0.000 0.006 0.000 0.044 0.000
362.333333 363.333333    0.80 0.000  0.13 0.000 0.073 0.000000 0.15 0.000000 0.012 0.000   0.083 0.000   0.116 0.000   3.76 0.000000   0.579 0.000   0.307 0.000   0.272 0.000 0.002 0.000 0.019 0.000
