scripts/IMPROVE-2019_partial/data/US9012R.20120101070000.20191216000000.filterpack...52w.3d.US03L_filterpack_US9012.US03L_IMPROVE_Davis.lev2.nas
52 1001
MISSING INFORMATION
US03L, IMPROVE, , , , , , , 
MISSING INFORMATION
IMPROVE sel_HTAP
1 1
2012 01 01 2019 12 16
3.000000
days from file reference point
5
1 1 1 1 1
999.999999 9999.999 9.999 999.999 9.999
end_time of measurement, days from the file reference point
pm10_mass, ug/m3, Matrix=pm10
numflag pm10_mass, no unit, Matrix=pm10
pm25_mass, ug/m3, Matrix=pm25
numflag pm25_mass, no unit, Matrix=pm25
0
33
Data definition:              EBAS_1.1
Set type code:                TU
Timezone:                     UTC
File name:                    US9012R.20120101070000.20191216000000.filterpack...52w.3d.US03L_filterpack_US9012.US03L_IMPROVE_Davis.lev2.nas
File creation:                20191218120559
Startdate:                    20120101070000
Revision date:                20191216000000
Version:                      2
Version description:          "Data extracted from http://views.cira.colostate.edu/fed/DataWizard 2019-12-16"
Statistics:                   arithmetic mean
Data level:                   2
Period code:                  52w
Resolution code:              3d
Sample duration:              1d
Orig. time res.:              3d
Station code:                 US9012R
Platform code:                US9012S
Station name:                 Monture
Station latitude:             47.1222
Station longitude:            -113.1544
Station altitude:             1282.0 m
Regime:                       IMG
Component:                    
Unit:                         ug/m3
Matrix:                       
Laboratory code:              US03L
Instrument type:              filterpack
Instrument name:              filterpack_US9012
Method ref:                   US03L_IMPROVE_Davis
Blank correction:             Blank corrected
Volume std. temperature:      ambient
Volume std. pressure:         ambient
starttime endtime PM10 flag_PM10 PM2.5 flag_PM2.5
  0.291667   1.291667    1.113 0.000   0.847 0.000
  3.291667   4.291667    0.804 0.000   0.669 0.000
  6.291667   7.291667    1.494 0.000   1.059 0.000
  9.291667  10.291667    1.178 0.000   1.089 0.000
 12.291667  13.291667    1.849 0.000   1.630 0.000
 15.291667  16.291667    3.151 0.000   2.355 0.000
 18.291667  19.291667    1.239 0.000   1.090 0.000
 21.291667  22.291667    0.594 0.000   0.461 0.000
 24.291667  25.291667    2.201 0.000   1.343 0.000
 27.291667  28.291667    1.668 0.000   1.121 0.000
 30.291667  31.291667    0.719 0.000   0.425 0.000
 33.291667  34.291667    0.807 0.000   0.633 0.000
 36.291667  37.291667    3.198 0.000   2.539 0.000
 39.291667  40.291667    1.899 0.000   1.547 0.000
 42.291667  43.291667    3.224 0.000   2.731 0.000
 45.291667  46.291667    1.150 0.000   0.926 0.000
 48.291667  49.291667    0.807 0.000   0.614 0.000
 51.291667  52.291667    0.464 0.000   0.491 0.000
 54.291667  55.291667    1.484 0.000   0.982 0.000
 57.291667  58.291667    0.811 0.000   0.495 0.000
 60.291667  61.291667    0.681 0.000   0.402 0.000
 63.291667  64.291667    4.594 0.000   1.760 0.000
 66.291667  67.291667    2.246 0.000   1.474 0.000
 69.291667  70.291667    4.213 0.000   2.861 0.000
 72.291667  73.291667 9999.999 0.456   1.053 0.000
 75.291667  76.291667 9999.999 0.456   0.369 0.000
 78.291667  79.291667 9999.999 0.456   0.589 0.000
 81.291667  82.291667    1.760 0.000   1.535 0.000
 84.291667  85.291667    3.476 0.000   2.117 0.000
 87.291667  88.291667    1.523 0.000   0.991 0.000
 90.291667  91.291667    2.123 0.000   1.223 0.000
 93.291667  94.291667    1.486 0.000   0.863 0.000
 96.291667  97.291667    1.778 0.000   1.075 0.000
 99.291667 100.291667    4.603 0.000   2.881 0.000
102.291667 103.291667    3.462 0.000   2.285 0.000
105.291667 106.291667    1.554 0.000   1.138 0.000
108.291667 109.291667    1.208 0.000   0.926 0.000
111.291667 112.291667    2.873 0.000   1.828 0.000
114.291667 115.291667    4.506 0.000   3.081 0.000
117.291667 118.291667 9999.999 0.999 999.999 0.999
120.291667 121.291667    3.176 0.000   2.056 0.000
123.291667 124.291667    2.885 0.000   1.849 0.000
126.291667 127.291667    3.432 0.000   2.075 0.000
129.291667 130.291667    8.601 0.000   5.904 0.000
132.291667 133.291667    4.733 0.000   2.809 0.000
135.291667 136.291667    8.644 0.000   5.425 0.000
138.291667 139.291667    7.585 0.000   4.425 0.000
141.291667 142.291667    5.145 0.000   2.969 0.000
144.291667 145.291667    0.833 0.000   0.501 0.000
147.291667 148.291667    0.833 0.000   0.530 0.000
150.291667 151.291667    3.921 0.000   2.519 0.000
153.291667 154.291667    2.324 0.000   1.307 0.000
156.291667 157.291667 9999.999 0.456   1.469 0.000
159.291667 160.291667 9999.999 0.456   1.373 0.000
162.291667 163.291667 9999.999 0.456   1.826 0.000
165.291667 166.291667    4.401 0.000   1.687 0.000
168.291667 169.291667    3.212 0.000   1.629 0.000
171.291667 172.291667    4.568 0.000   1.465 0.000
174.291667 175.291667   12.787 0.000   5.128 0.000
177.291667 178.291667 9999.999 0.999 999.999 0.999
180.291667 181.291667    6.321 0.000   2.894 0.000
183.291667 184.291667    6.223 0.000   2.316 0.000
186.291667 187.291667    9.169 0.000   2.979 0.000
189.291667 190.291667 9999.999 0.456   5.219 0.000
192.291667 193.291667   16.501 0.000   9.381 0.000
195.291667 196.291667   11.110 0.000   6.784 0.000
198.291667 199.291667    8.671 0.000   3.859 0.000
201.291667 202.291667   18.901 0.000   6.791 0.000
204.291667 205.291667   18.348 0.000   7.942 0.000
207.291667 208.291667   14.638 0.000   5.338 0.000
210.291667 211.291667   11.325 0.000   6.160 0.000
213.291667 214.291667    8.744 0.000   3.873 0.000
216.291667 217.291667    5.611 0.000   1.973 0.000
219.291667 220.291667   12.854 0.000   5.634 0.000
222.291667 223.291667   20.931 0.000  13.003 0.000
225.291667 226.291667   17.099 0.000   9.173 0.000
228.291667 229.291667   11.264 0.000   4.708 0.000
231.291667 232.291667   17.954 0.000   9.969 0.000
234.291667 235.291667   14.567 0.000  11.027 0.000
237.291667 238.291667    7.246 0.000   3.184 0.000
240.291667 241.291667   21.405 0.000  17.611 0.000
243.291667 244.291667   52.654 0.000  33.365 0.000
246.291667 247.291667   16.104 0.000   7.561 0.000
249.291667 250.291667   17.110 0.000   7.379 0.000
252.291667 253.291667   47.464 0.000  24.676 0.000
255.291667 256.291667   59.224 0.000  18.055 0.000
258.291667 259.291667   40.077 0.000  27.417 0.000
261.291667 262.291667  136.653 0.000  38.592 0.000
264.291667 265.291667   43.829 0.000  27.048 0.000
267.291667 268.291667   40.984 0.000  28.213 0.000
270.291667 271.291667   26.600 0.000  19.134 0.000
273.291667 274.291667   22.412 0.000  16.468 0.000
276.291667 277.291667    9.346 0.000   5.907 0.000
279.291667 280.291667    9.090 0.000   5.742 0.000
282.291667 283.291667   18.539 0.000   6.656 0.000
285.291667 286.291667   89.832 0.000  29.902 0.000
288.291667 289.291667    2.570 0.000   2.796 0.000
291.291667 292.291667    7.178 0.000   3.796 0.000
294.291667 295.291667    1.808 0.000   2.065 0.000
297.291667 298.291667    2.485 0.000   2.474 0.000
300.291667 301.291667    3.247 0.000   3.001 0.000
303.291667 304.291667    2.504 0.000   1.518 0.000
306.291667 307.291667    4.648 0.000   3.921 0.000
309.291667 310.291667    3.096 0.000   1.788 0.000
312.291667 313.291667   10.248 0.000   8.617 0.000
315.291667 316.291667    7.713 0.000   6.546 0.000
318.291667 319.291667    4.502 0.000   3.871 0.000
321.291667 322.291667    6.015 0.000   5.509 0.000
324.291667 325.291667    2.197 0.000   1.219 0.000
327.291667 328.291667    1.989 0.000   1.651 0.000
330.291667 331.291667    2.389 0.000   2.067 0.000
333.291667 334.291667   19.416 0.000  18.383 0.000
336.291667 337.291667    0.714 0.000   0.519 0.000
339.291667 340.291667    1.176 0.000   1.382 0.000
342.291667 343.291667    0.678 0.000   0.394 0.000
345.291667 346.291667 9999.999 0.456   0.581 0.000
348.291667 349.291667    0.899 0.000   0.676 0.000
351.291667 352.291667    0.634 0.000   0.338 0.000
354.291667 355.291667    1.115 0.000   0.947 0.000
357.291667 358.291667    0.462 0.000   0.363 0.000
360.291667 361.291667 9999.999 0.999 999.999 0.999
363.291667 364.291667 9999.999 0.999 999.999 0.999
