scripts/IMPROVE-2019_partial/data/US9047R.20040801070000.20191216000000.filterpack..pm25.5mo.1w.US03L_filterpack_US9047.US03L_IMPROVE_Davis.lev2.nas
66 1001
MISSING INFORMATION
US03L, IMPROVE, , , , , , , 
MISSING INFORMATION
IMPROVE sel_HTAP
1 1
2004 01 01 2019 12 16
3.000000
days from file reference point
27
1 1 1 1 1 1 1 1 1 1 1 1 1 1 1 1 1 1 1 1 1 1 1 1 1 1 1
999.999999 9999.99 9.999 99.99 9.999 9.999 9.999999 9.99 9.999999 9.999 9.999 99.999 9.999 99.999 9.999 99.99 9.999999 999.999 9.999 999.999 9.999 99.999 9.999 9.999 9.999 9.999 9.999
end_time of measurement, days from the file reference point
iron, ng/m3, Revision date=20181210133000
numflag iron, no unit, Revision date=20181210133000
lead, ng/m3, Revision date=20181210133000
numflag lead, no unit, Revision date=20181210133000
magnesium, ug/m3, Revision date=20181210133000
numflag magnesium, no unit, Revision date=20181210133000
nickel, ng/m3, Revision date=20181210133000
numflag nickel, no unit, Revision date=20181210133000
nitrate, ug N/m3, Revision date=20181210133000
numflag nitrate, no unit, Revision date=20181210133000
organic_carbon, ug C/m3, Revision date=20181210133000
numflag organic_carbon, no unit, Revision date=20181210133000
organic_mass, ug/m3, Revision date=20181210133000
numflag organic_mass, no unit, Revision date=20181210133000
phosphorus, ng/m3, Revision date=20181210133000
numflag phosphorus, no unit, Revision date=20181210133000
pm10_mass, ug/m3, Version=2, Version description=Data extracted from http://views.cira.colostate.edu/fed/DataWizard 2019-12-16, Sample duration=1d, Orig. time res.=3d, Matrix=pm10, Blank correction=Blank corrected, Volume std. temperature=ambient, Volume std. pressure=ambient
numflag pm10_mass, no unit, Version=2, Version description=Data extracted from http://views.cira.colostate.edu/fed/DataWizard 2019-12-16, Sample duration=1d, Orig. time res.=3d, Matrix=pm10, Blank correction=Blank corrected, Volume std. temperature=ambient, Volume std. pressure=ambient
pm10_pm25_mass, ug/m3, Revision date=20181210133000, Matrix=pm10_pm25
numflag pm10_pm25_mass, no unit, Revision date=20181210133000, Matrix=pm10_pm25
pm25_mass, ug/m3, Version=2, Version description=Data extracted from http://views.cira.colostate.edu/fed/DataWizard 2019-12-16, Sample duration=1d, Orig. time res.=3d, Blank correction=Blank corrected, Volume std. temperature=ambient, Volume std. pressure=ambient
numflag pm25_mass, no unit, Version=2, Version description=Data extracted from http://views.cira.colostate.edu/fed/DataWizard 2019-12-16, Sample duration=1d, Orig. time res.=3d, Blank correction=Blank corrected, Volume std. temperature=ambient, Volume std. pressure=ambient
potassium, ug/m3, Revision date=20181210133000
numflag potassium, no unit, Revision date=20181210133000
sulphate_total, ug S/m3, Revision date=20181210133000
numflag sulphate_total, no unit, Revision date=20181210133000
0
25
Data definition:              EBAS_1.1
Set type code:                TU
Timezone:                     UTC
File name:                    US9047R.20040801070000.20191216000000.filterpack..pm25.5mo.1w.US03L_filterpack_US9047.US03L_IMPROVE_Davis.lev2.nas
File creation:                20191218120837
Startdate:                    20040801070000
Revision date:                20191216000000
Statistics:                   arithmetic mean
Data level:                   2
Period code:                  5mo
Resolution code:              1w
Station code:                 US9047R
Platform code:                US9047S
Station name:                 Shamrock Mine
Station latitude:             37.3038
Station longitude:            -107.4842
Station altitude:             2351.0 m
Regime:                       IMG
Component:                    
Matrix:                       pm25
Laboratory code:              US03L
Instrument type:              filterpack
Instrument name:              filterpack_US9047
Method ref:                   US03L_IMPROVE_Davis
starttime endtime Fe flag_Fe Pb flag_Pb Mg++ flag_Mg++ Ni flag_Ni NO3- flag_NO3- OC flag_OC OM flag_OM P flag_P PM10 flag_PM10 PM10-PM2.5 flag_PM10-PM2.5 PM2.5 flag_PM2.5 K+ flag_K+ SO4-- flag_SO4--
213.291667 214.291667   60.16 0.000  0.35 0.000 9.999 0.259000 0.09 0.000000 0.020 0.000  1.265 0.000  1.771 0.000 99.99 0.259000  10.789 0.000   5.534 0.000  5.254 0.000 0.060 0.000 0.298 0.000
216.291667 217.291667   61.78 0.000  0.45 0.000 9.999 0.259000 9.99 0.259000 0.019 0.000  0.604 0.000  0.845 0.000 99.99 0.259000  10.003 0.000   6.152 0.000  3.851 0.000 0.042 0.000 0.276 0.000
219.291667 220.291667   38.66 0.000  0.23 0.000 9.999 0.259000 9.99 0.259000 0.013 0.000  0.385 0.000  0.539 0.000 99.99 0.259000   6.328 0.000   3.814 0.000  2.514 0.000 0.029 0.000 0.167 0.000
222.291667 223.291667   72.88 0.000  0.30 0.000 9.999 0.259000 9.99 0.259000 0.014 0.000  0.787 0.000  1.102 0.000 99.99 0.259000   8.855 0.000   4.572 0.000  4.283 0.000 0.048 0.000 0.198 0.000
225.291667 226.291667   97.81 0.000  0.29 0.000 0.048 0.000000 9.99 0.259000 0.014 0.000  0.943 0.000  1.320 0.000 99.99 0.259000  10.541 0.000   5.542 0.000  4.999 0.000 0.061 0.000 0.196 0.000
228.291667 229.291667   40.73 0.000  0.34 0.000 9.999 0.259000 9.99 0.259000 0.010 0.000  0.862 0.000  1.207 0.000 99.99 0.259000   7.360 0.000   3.710 0.000  3.650 0.000 0.031 0.000 0.196 0.000
231.291667 232.291667   51.40 0.000  0.31 0.000 9.999 0.259000 0.13 0.000000 0.008 0.000  0.713 0.000  0.998 0.000 99.99 0.259000   4.423 0.000   1.663 0.000  2.760 0.000 0.032 0.000 0.090 0.000
234.291667 235.291667   35.70 0.000  0.28 0.000 9.999 0.259000 9.99 0.259000 0.014 0.000  0.725 0.000  1.015 0.000 99.99 0.259000   8.267 0.000   5.067 0.000  3.200 0.000 0.026 0.000 0.225 0.000
237.291667 238.291667   87.15 0.000 99.99 0.259 9.999 0.259000 9.99 0.259000 0.022 0.000  0.407 0.000  0.570 0.000 99.99 0.259000  11.061 0.000   7.279 0.000  3.782 0.000 0.049 0.000 0.190 0.000
240.291667 241.291667  110.31 0.000  0.22 0.000 9.999 0.259000 9.99 0.259000 0.022 0.000  0.396 0.000  0.555 0.000 99.99 0.259000  15.294 0.000  11.221 0.000  4.073 0.000 0.059 0.000 0.212 0.000
243.291667 244.291667   57.84 0.000 99.99 0.259 9.999 0.259000 0.09 0.000000 0.012 0.000  0.842 0.000  1.178 0.000 99.99 0.259000   8.988 0.000   5.444 0.000  3.543 0.000 0.037 0.000 0.176 0.000
246.291667 247.291667  146.71 0.000  0.46 0.000 9.999 0.259000 0.09 0.000000 0.035 0.000  0.998 0.000  1.398 0.000 99.99 0.259000  16.948 0.000  10.421 0.000  6.527 0.000 0.081 0.000 0.401 0.000
249.291667 250.291667   44.63 0.000  0.13 0.000 9.999 0.259000 9.99 0.259000 0.020 0.000  1.329 0.000  1.861 0.000 99.99 0.259000   6.448 0.000   2.551 0.000  3.897 0.000 0.031 0.000 0.141 0.000
252.291667 253.291667  139.24 0.000  0.22 0.000 0.089 0.000000 9.99 0.259000 0.019 0.000  1.050 0.000  1.469 0.000 99.99 0.259000  15.921 0.000   9.409 0.000  6.512 0.000 0.069 0.000 0.267 0.000
255.291667 256.291667  158.49 0.000  0.41 0.000 9.999 0.259000 9.99 0.259000 0.014 0.000  0.764 0.000  1.069 0.000 99.99 0.259000  17.016 0.000  11.460 0.000  5.556 0.000 0.078 0.000 0.244 0.000
258.291667 259.291667  163.37 0.000  0.54 0.000 9.999 0.259000 9.99 0.259000 0.016 0.000  0.378 0.000  0.530 0.000 99.99 0.259000  14.180 0.000   9.600 0.000  4.580 0.000 0.086 0.000 0.120 0.000
261.291667 262.291667  129.98 0.000 99.99 0.259 9.999 0.259000 0.15 0.000000 0.019 0.000  0.477 0.000  0.668 0.000 99.99 0.259000  10.251 0.000   5.661 0.000  4.590 0.000 0.066 0.000 0.270 0.000
264.291667 265.291667   28.04 0.000  0.37 0.000 9.999 0.259000 9.99 0.259000 0.051 0.000  0.444 0.000  0.621 0.000 99.99 0.259000   5.367 0.000   2.370 0.000  2.997 0.000 0.022 0.000 0.300 0.000
267.291667 268.291667   24.15 0.000 99.99 0.259 0.104 0.000000 9.99 0.259000 0.012 0.000  0.514 0.000  0.720 0.000 99.99 0.259000   4.990 0.000   2.714 0.000  2.276 0.000 0.015 0.000 0.133 0.000
270.291667 271.291667   33.09 0.000 99.99 0.259 9.999 0.259000 9.99 0.259000 0.013 0.000  1.025 0.000  1.434 0.000 99.99 0.259000   7.527 0.000   4.755 0.000  2.772 0.000 0.023 0.000 0.191 0.000
273.291667 274.291667   19.70 0.000  0.35 0.000 9.999 0.259000 0.21 0.000000 0.013 0.000  0.264 0.000  0.370 0.000 99.99 0.259000   3.451 0.000   1.664 0.000  1.787 0.000 0.014 0.000 0.145 0.000
276.291667 277.291667   18.47 0.000 99.99 0.259 9.999 0.259000 9.99 0.259000 0.017 0.000  0.692 0.000  0.968 0.000 99.99 0.259000   6.737 0.000   3.709 0.000  3.027 0.000 0.016 0.000 0.249 0.000
279.291667 280.291667   13.92 0.394  0.23 0.394 9.999 0.394259 9.99 0.394259 0.015 0.394  0.443 0.000  0.621 0.000 99.99 0.394259   4.313 0.000   1.728 0.000  2.585 0.000 0.011 0.394 0.263 0.394
282.291667 283.291667   37.98 0.000  0.55 0.000 9.999 0.259000 0.13 0.000000 0.013 0.000  0.821 0.000  1.149 0.000 99.99 0.259000  11.103 0.000   7.732 0.000  3.370 0.000 0.025 0.000 0.225 0.000
285.291667 286.291667   34.00 0.000 99.99 0.259 9.999 0.259000 9.99 0.259000 0.022 0.000  0.741 0.000  1.037 0.000 99.99 0.259000   8.803 0.000   5.759 0.000  3.045 0.000 0.022 0.000 0.204 0.000
288.291667 289.291667  142.59 0.000 99.99 0.259 9.999 0.259000 9.99 0.259000 0.016 0.000  0.511 0.000  0.716 0.000 99.99 0.259000  21.416 0.000  17.261 0.000  4.155 0.000 0.075 0.000 0.110 0.000
291.291667 292.291667   35.21 0.000 99.99 0.259 9.999 0.259000 9.99 0.259000 0.085 0.000  0.439 0.000  0.615 0.000 99.99 0.259000   6.737 0.000   3.853 0.000  2.884 0.000 0.032 0.000 0.214 0.000
294.291667 295.291667   48.85 0.000 99.99 0.259 9.999 0.259000 9.99 0.259000 0.026 0.000  0.353 0.000  0.494 0.000 99.99 0.259000  13.682 0.000  11.162 0.000  2.520 0.000 0.037 0.000 0.113 0.000
297.291667 298.291667   13.98 0.000  0.67 0.000 0.231 0.000000 9.99 0.259000 0.021 0.000  0.540 0.000  0.757 0.000 99.99 0.259000   3.221 0.000   0.965 0.000  2.256 0.000 0.014 0.000 0.146 0.000
300.291667 301.291667   10.32 0.000  0.37 0.000 9.999 0.259000 0.37 0.000000 0.008 0.000  0.292 0.000  0.408 0.000 99.99 0.259000   1.705 0.000   0.357 0.000  1.348 0.000 0.009 0.000 0.064 0.000
303.291667 304.291667    2.93 0.000  0.45 0.000 9.999 0.259000 9.99 0.259000 0.026 0.000  0.470 0.000  0.658 0.000  4.19 0.000000   2.175 0.000   0.613 0.000  1.562 0.000 0.005 0.000 0.077 0.000
306.291667 307.291667    9.21 0.000  0.41 0.000 0.061 0.000000 9.99 0.259000 0.016 0.000  0.348 0.000  0.488 0.000 99.99 0.259000   4.801 0.000   3.563 0.000  1.238 0.000 0.009 0.000 0.095 0.000
309.291667 310.291667   44.73 0.559  1.13 0.559 9.999 0.559259 9.99 0.559259 0.012 0.000  0.323 0.000  0.452 0.000 99.99 0.559259  10.542 0.000   8.313 0.000  2.229 0.559 0.026 0.559 0.055 0.000
312.291667 313.291667    4.99 0.000  0.60 0.000 0.092 0.000000 9.99 0.259000 0.007 0.000  0.246 0.000  0.344 0.000 99.99 0.259000   2.412 0.000   1.006 0.000  1.406 0.000 0.009 0.000 0.120 0.000
315.291667 316.291667   16.24 0.000  2.40 0.000 9.999 0.259000 9.99 0.259000 0.029 0.000  0.539 0.000  0.755 0.000 99.99 0.259000   3.807 0.000   1.203 0.000  2.604 0.000 0.015 0.000 0.263 0.000
318.291667 319.291667    0.98 0.000 99.99 0.259 9.999 0.259000 9.99 0.259000 0.004 0.000  0.121 0.000  0.169 0.000 99.99 0.259000   0.962 0.000   0.233 0.000  0.730 0.000 0.003 0.000 0.050 0.000
321.291667 322.291667    9.67 0.000  0.81 0.000 9.999 0.259000 9.99 0.259000 0.093 0.000  0.885 0.000  1.239 0.000 99.99 0.259000   5.051 0.000   1.231 0.000  3.819 0.000 0.009 0.000 0.333 0.000
324.291667 325.291667    3.53 0.000  0.47 0.000 0.102 0.000000 9.99 0.259000 0.018 0.000  0.162 0.000  0.226 0.000 99.99 0.259000   2.399 0.000   0.345 0.000  2.054 0.000 0.004 0.000 0.246 0.000
327.291667 328.291667    4.56 0.000 99.99 0.259 9.999 0.259000 0.12 0.000000 0.013 0.000  0.228 0.000  0.320 0.000 99.99 0.259000   1.848 0.000   0.686 0.000  1.162 0.000 0.005 0.000 0.130 0.000
330.291667 331.291667    6.08 0.000  0.88 0.000 0.066 0.000000 9.99 0.259000 0.050 0.000  0.371 0.000  0.520 0.000 99.99 0.259000   2.371 0.000   0.562 0.000  1.809 0.000 0.007 0.000 0.157 0.000
333.291667 334.291667    8.66 0.000  0.30 0.000 9.999 0.259000 9.99 0.259000 0.042 0.000  0.578 0.000  0.810 0.000 99.99 0.259000   2.837 0.000   1.108 0.000  1.729 0.000 0.010 0.000 0.150 0.000
336.291667 337.291667    9.39 0.559  0.44 0.559 9.999 0.559259 9.99 0.559259 0.072 0.000  0.430 0.000  0.603 0.000 99.99 0.559259   2.567 0.000   1.116 0.000  1.452 0.559 0.009 0.559 0.094 0.000
339.291667 340.291667    5.38 0.000  0.59 0.000 9.999 0.259000 9.99 0.259000 0.021 0.000  0.390 0.000  0.546 0.000 99.99 0.259000   2.886 0.000   0.456 0.000  2.431 0.000 0.007 0.000 0.393 0.000
342.291667 343.291667    4.14 0.000  0.22 0.000 9.999 0.259000 9.99 0.259000 0.061 0.000  0.593 0.000  0.830 0.000 99.99 0.259000   3.030 0.000   0.495 0.000  2.536 0.000 0.007 0.000 0.330 0.000
345.291667 346.291667    7.51 0.559  1.58 0.559 9.999 0.559259 9.99 0.559259 0.043 0.000  0.519 0.000  0.727 0.000 99.99 0.559259   2.370 0.000   0.663 0.000  1.708 0.559 0.010 0.559 0.098 0.000
348.291667 349.291667    9.96 0.559  0.47 0.559 0.089 0.559000 0.13 0.559000 0.077 0.000  0.445 0.000  0.622 0.000 99.99 0.559259   3.356 0.000   1.729 0.000  1.628 0.559 0.009 0.559 0.099 0.000
351.291667 352.291667    7.07 0.559  0.33 0.559 9.999 0.559259 0.18 0.559000 0.087 0.000  0.509 0.000  0.713 0.000 99.99 0.559259   2.928 0.000   1.448 0.000  1.480 0.559 0.009 0.559 0.093 0.000
354.291667 355.291667   16.77 0.559  0.21 0.559 9.999 0.559259 0.11 0.559000 0.080 0.000  0.599 0.000  0.838 0.000 99.99 0.559259   3.746 0.000   1.774 0.000  1.972 0.559 0.016 0.559 0.110 0.000
357.291667 358.291667    6.06 0.000  0.23 0.000 9.999 0.259000 0.16 0.000000 0.034 0.000  0.176 0.000  0.246 0.000 99.99 0.259000   2.778 0.000   1.860 0.000  0.918 0.000 0.006 0.000 0.082 0.000
360.291667 361.291667    4.05 0.000  0.24 0.000 9.999 0.259000 0.18 0.000000 0.006 0.000  0.080 0.000  0.112 0.000 99.99 0.259000   1.088 0.000   0.684 0.000  0.403 0.000 0.005 0.000 0.040 0.000
363.291667 364.291667    9.86 0.000  0.38 0.000 9.999 0.259000 9.99 0.259000 0.022 0.000  0.211 0.000  0.295 0.000 99.99 0.259000   1.673 0.000   0.607 0.000  1.066 0.000 0.011 0.000 0.096 0.000
