scripts/IMPROVE-2019_partial/data/US9066R.20020102050000.20191216000000.filterpack..pm25.52w.1w.US03L_filterpack_US9066.US03L_IMPROVE_Davis.lev2.nas
68 1001
MISSING INFORMATION
US03L, IMPROVE, , , , , , , 
MISSING INFORMATION
IMPROVE sel_HTAP
1 1
2002 01 01 2019 12 16
3.000000
days from file reference point
29
1 1 1 1 1 1 1 1 1 1 1 1 1 1 1 1 1 1 1 1 1 1 1 1 1 1 1 1 1
999.999999 99.999 9.999999 9999.99 9.999 99.99 9.999999 9.999 9.999999 99.99 9.999999 9.999 9.999999 999.999 9.999 999.999 9.999 99.99 9.999999 999.999 9.999 999.999 9.999 999.999 9.999 9.999 9.999 99.999 9.999999
end_time of measurement, days from the file reference point
ammonium, ug N/m3, Revision date=20181210133000
numflag ammonium, no unit, Revision date=20181210133000
iron, ng/m3, Revision date=20181210133000
numflag iron, no unit, Revision date=20181210133000
lead, ng/m3, Revision date=20181210133000
numflag lead, no unit, Revision date=20181210133000
magnesium, ug/m3, Revision date=20181210133000
numflag magnesium, no unit, Revision date=20181210133000
nickel, ng/m3, Revision date=20181210133000
numflag nickel, no unit, Revision date=20181210133000
nitrate, ug N/m3, Revision date=20181210133000
numflag nitrate, no unit, Revision date=20181210133000
organic_carbon, ug C/m3, Revision date=20181210133000
numflag organic_carbon, no unit, Revision date=20181210133000
organic_mass, ug/m3, Revision date=20181210133000
numflag organic_mass, no unit, Revision date=20181210133000
phosphorus, ng/m3, Revision date=20181210133000
numflag phosphorus, no unit, Revision date=20181210133000
pm10_mass, ug/m3, Version=2, Version description=Data extracted from http://views.cira.colostate.edu/fed/DataWizard 2019-12-16, Sample duration=1d, Orig. time res.=3d, Matrix=pm10, Blank correction=Blank corrected, Volume std. temperature=ambient, Volume std. pressure=ambient
numflag pm10_mass, no unit, Version=2, Version description=Data extracted from http://views.cira.colostate.edu/fed/DataWizard 2019-12-16, Sample duration=1d, Orig. time res.=3d, Matrix=pm10, Blank correction=Blank corrected, Volume std. temperature=ambient, Volume std. pressure=ambient
pm10_pm25_mass, ug/m3, Revision date=20181210133000, Matrix=pm10_pm25
numflag pm10_pm25_mass, no unit, Revision date=20181210133000, Matrix=pm10_pm25
pm25_mass, ug/m3, Version=2, Version description=Data extracted from http://views.cira.colostate.edu/fed/DataWizard 2019-12-16, Sample duration=1d, Orig. time res.=3d, Blank correction=Blank corrected, Volume std. temperature=ambient, Volume std. pressure=ambient
numflag pm25_mass, no unit, Version=2, Version description=Data extracted from http://views.cira.colostate.edu/fed/DataWizard 2019-12-16, Sample duration=1d, Orig. time res.=3d, Blank correction=Blank corrected, Volume std. temperature=ambient, Volume std. pressure=ambient
potassium, ug/m3, Revision date=20181210133000
numflag potassium, no unit, Revision date=20181210133000
sulphate_total, ug S/m3, Revision date=20181210133000
numflag sulphate_total, no unit, Revision date=20181210133000
0
25
Data definition:              EBAS_1.1
Set type code:                TU
Timezone:                     UTC
File name:                    US9066R.20020102050000.20191216000000.filterpack..pm25.52w.1w.US03L_filterpack_US9066.US03L_IMPROVE_Davis.lev2.nas
File creation:                20191218120959
Startdate:                    20020102050000
Revision date:                20191216000000
Statistics:                   arithmetic mean
Data level:                   2
Period code:                  52w
Resolution code:              1w
Station code:                 US9066R
Platform code:                US9066S
Station name:                 Swanquarter
Station latitude:             35.451
Station longitude:            -76.2075
Station altitude:             -3.0 m
Regime:                       IMG
Component:                    
Matrix:                       pm25
Laboratory code:              US03L
Instrument type:              filterpack
Instrument name:              filterpack_US9066
Method ref:                   US03L_IMPROVE_Davis
starttime endtime NH4+ flag_NH4+ Fe flag_Fe Pb flag_Pb Mg++ flag_Mg++ Ni flag_Ni NO3- flag_NO3- OC flag_OC OM flag_OM P flag_P PM10 flag_PM10 PM10-PM2.5 flag_PM10-PM2.5 PM2.5 flag_PM2.5 K+ flag_K+ SO4-- flag_SO4--
  1.208333   2.208333 99.999 0.999000 9999.99 0.999 99.99 0.999000 9.999 0.999000 99.99 0.999000 9.999 0.999000 999.999 0.999 999.999 0.999 99.99 0.999000 999.999 0.999 999.999 0.999 999.999 0.999 9.999 0.999 99.999 0.999000
  4.208333   5.208333 99.999 0.999000   23.40 0.000  2.30 0.000000 0.112 0.000000  0.80 0.000000 0.868 0.000000   2.523 0.000   3.533 0.000 99.99 0.259000  13.224 0.000   1.968 0.000  11.256 0.000 0.058 0.000  0.896 0.000000
  7.208333   8.208333 99.999 0.999000    9.74 0.000  1.48 0.000000 9.999 0.259000 99.99 0.259000 0.071 0.000000   1.292 0.000   1.809 0.000 99.99 0.259000   6.724 0.000   0.987 0.000   5.737 0.000 0.032 0.000  0.764 0.000000
 10.208333  11.208333 99.999 0.999000   14.23 0.000  1.16 0.000000 9.999 0.259000  0.57 0.000000 0.121 0.000000   1.971 0.000   2.759 0.000 99.99 0.259000   9.540 0.000   2.014 0.000   7.526 0.000 0.066 0.000  0.738 0.000000
 13.208333  14.208333 99.999 0.999000   10.66 0.000  1.49 0.000000 9.999 0.259000  0.34 0.000000 0.091 0.000000   1.103 0.000   1.544 0.000 99.99 0.259000   5.227 0.000   1.423 0.000   3.804 0.000 0.033 0.000  0.336 0.000000
 16.208333  17.208333 99.999 0.999000   16.63 0.000  1.33 0.000000 9.999 0.259000  0.39 0.000000 0.149 0.000000   2.438 0.000   3.413 0.000 99.99 0.259000  13.597 0.000   3.398 0.000  10.199 0.000 0.058 0.000  1.165 0.000000
 19.208333  20.208333 99.999 0.999000    8.29 0.000  2.24 0.000000 9.999 0.259000  0.49 0.000000 0.073 0.000000   0.874 0.000   1.223 0.000 99.99 0.259000   8.084 0.000   1.776 0.000   6.308 0.000 0.029 0.000  1.016 0.000000
 22.208333  23.208333 99.999 0.559999    8.44 0.000  0.71 0.000000 9.999 0.259000  0.51 0.000000 0.066 0.559000   0.780 0.000   1.092 0.000 99.99 0.259000   6.433 0.000   2.501 0.000   3.931 0.000 0.028 0.000  0.505 0.559000
 25.208333  26.208333 99.999 0.559999   15.64 0.000  1.26 0.000000 9.999 0.259000  0.32 0.000000 0.080 0.559000   0.535 0.000   0.749 0.000 99.99 0.259000   7.054 0.000   3.712 0.000   3.343 0.000 0.019 0.000  0.470 0.559000
 28.208333  29.208333 99.999 0.559999   21.33 0.000  1.44 0.000000 9.999 0.259000  0.69 0.000000 0.168 0.559000   2.982 0.000   4.175 0.000 99.99 0.259000  13.227 0.000   2.833 0.000  10.394 0.000 0.064 0.000  1.030 0.559000
 31.208333  32.208333 99.999 0.999000    3.30 0.000  2.66 0.000000 9.999 0.259000  0.30 0.000000 0.109 0.000000   0.548 0.000   0.768 0.000 99.99 0.259000   9.259 0.000   4.340 0.000   4.919 0.000 0.044 0.000  0.353 0.000000
 34.208333  35.208333 99.999 0.999000   18.12 0.000  2.01 0.000000 9.999 0.259000 99.99 0.259000 0.169 0.000000   1.255 0.000   1.757 0.000 99.99 0.259000   9.737 0.000   3.751 0.000   5.986 0.000 0.036 0.000  0.736 0.000000
 37.208333  38.208333 99.999 0.999000    7.27 0.000  1.08 0.000000 9.999 0.259000  1.64 0.000000 0.064 0.000000   1.087 0.000   1.521 0.000 99.99 0.259000   5.921 0.000   0.611 0.000   5.311 0.000 0.026 0.000  0.649 0.000000
 40.208333  41.208333 99.999 0.559999   15.55 0.000  2.00 0.000000 9.999 0.259000  0.65 0.000000 0.133 0.559000   0.690 0.000   0.966 0.000 99.99 0.259000  11.089 0.000   5.186 0.000   5.903 0.000 0.038 0.000  0.728 0.559000
 43.208333  44.208333 99.999 0.999000   25.41 0.000  1.85 0.000000 9.999 0.259000  0.52 0.000000 0.197 0.000000   1.790 0.000   2.506 0.000 99.99 0.259000  12.317 0.000   4.240 0.000   8.078 0.000 0.046 0.000  0.943 0.000000
 46.208333  47.208333 99.999 0.559999   28.50 0.000  1.78 0.000000 9.999 0.259000  0.54 0.000000 0.192 0.559000   3.712 0.000   5.197 0.000 99.99 0.259000  15.278 0.000   3.052 0.000  12.226 0.000 0.076 0.000  0.988 0.559000
 49.208333  50.208333 99.999 0.999000   14.44 0.000  1.70 0.000000 9.999 0.259000  0.58 0.000000 0.115 0.000000   1.835 0.000   2.568 0.000 99.99 0.259000   9.980 0.000   2.312 0.000   7.668 0.000 0.042 0.000  0.843 0.000000
 52.208333  53.208333 99.999 0.559999   33.89 0.000  1.84 0.000000 9.999 0.259000  0.55 0.000000 0.308 0.559000   4.473 0.000   6.262 0.000 99.99 0.259000  16.045 0.000   3.522 0.000  12.523 0.000 0.094 0.000  0.905 0.559000
 55.208333  56.208333 99.999 0.559999   10.24 0.000  1.62 0.000000 9.999 0.259000  0.59 0.000000 0.248 0.559000   5.451 0.000   7.631 0.000 99.99 0.259000  19.437 0.000   5.345 0.000  14.092 0.000 0.039 0.000  0.836 0.559000
 58.208333  59.208333 99.999 0.999000   15.44 0.000  1.11 0.000000 9.999 0.259000 99.99 0.259000 0.165 0.000000   1.446 0.000   2.025 0.000 99.99 0.259000   9.530 0.000   2.034 0.000   7.497 0.000 0.175 0.000  0.884 0.000000
 61.208333  62.208333 99.999 0.559999    5.81 0.000  0.23 0.000000 9.999 0.259000  0.53 0.000000 0.077 0.559000   0.589 0.000   0.824 0.000 99.99 0.259000  10.453 0.000   3.828 0.000   6.625 0.000 0.060 0.000  0.403 0.559000
 64.208333  65.208333 99.999 0.559999   34.18 0.559  2.63 0.559000 9.999 0.559259  0.47 0.559000 0.071 0.559000   0.871 0.000   1.219 0.000 99.99 0.559259   9.137 0.000   3.022 0.000   6.116 0.559 0.057 0.559  0.791 0.559000
 67.208333  68.208333 99.999 0.559999    2.42 0.000  0.29 0.000000 9.999 0.259000  0.33 0.000000 0.060 0.559000   0.282 0.000   0.395 0.000 99.99 0.259000  10.236 0.000   5.885 0.000   4.351 0.000 0.029 0.000  0.194 0.559000
 70.208333  71.208333 99.999 0.559999   14.22 0.000  0.65 0.000000 9.999 0.259000  0.31 0.000000 0.069 0.559000   0.449 0.000   0.629 0.000 99.99 0.259000  15.351 0.000   8.098 0.000   7.252 0.000 0.045 0.000  0.925 0.559000
 73.208333  74.208333 99.999 0.559999   33.71 0.000  1.17 0.000000 9.999 0.259000  0.65 0.000000 0.089 0.559000   0.847 0.000   1.186 0.000 99.99 0.259000  14.178 0.000   3.790 0.000  10.388 0.000 0.038 0.000  1.778 0.559000
 76.208333  77.208333 99.999 0.559999    4.25 0.000  0.80 0.000000 9.999 0.259000  0.33 0.000000 0.044 0.559000   0.511 0.000   0.716 0.000 99.99 0.259000   5.817 0.000   0.919 0.000   4.899 0.000 0.014 0.000  0.874 0.559000
 79.208333  80.208333 99.999 0.999000   12.09 0.000  1.56 0.000000 9.999 0.259000  0.54 0.000000 0.093 0.000000   0.614 0.000   0.859 0.000 99.99 0.259000   8.151 0.000   1.410 0.000   6.740 0.000 0.020 0.000  1.151 0.000000
 82.208333  83.208333 99.999 0.999000   32.84 0.000  2.82 0.000000 9.999 0.259000  0.39 0.000000 0.072 0.000000   1.577 0.000   2.208 0.000 99.99 0.259000  11.336 0.000   2.409 0.000   8.927 0.000 0.052 0.000  1.093 0.000000
 85.208333  86.208333 99.999 0.999000 9999.99 0.999 99.99 0.999000 9.999 0.999000 99.99 0.999000 9.999 0.999000 999.999 0.999 999.999 0.999 99.99 0.999000 999.999 0.999 999.999 0.999 999.999 0.999 9.999 0.999 99.999 0.999000
 88.208333  89.208333 99.999 0.999000 9999.99 0.999 99.99 0.999000 9.999 0.999000 99.99 0.999000 9.999 0.999000 999.999 0.999 999.999 0.999 99.99 0.999000 999.999 0.999 999.999 0.999 999.999 0.999 9.999 0.999 99.999 0.999000
 91.208333  92.208333 99.999 0.999000 9999.99 0.999 99.99 0.999000 9.999 0.999000 99.99 0.999000 9.999 0.999000 999.999 0.999 999.999 0.999 99.99 0.999000 999.999 0.999 999.999 0.999 999.999 0.999 9.999 0.999 99.999 0.999000
 94.208333  95.208333 99.999 0.999000   31.41 0.000  2.30 0.000000 9.999 0.259000  0.96 0.000000 0.227 0.000000   0.884 0.000   1.237 0.000 99.99 0.259000  11.550 0.000   4.173 0.000   7.377 0.000 0.032 0.000  1.211 0.000000
 97.208333  98.208333 99.999 0.559999   27.68 0.000  1.59 0.000000 9.999 0.259000  0.46 0.000000 0.062 0.559000   0.457 0.000   0.640 0.000 99.99 0.259000  11.307 0.000   5.026 0.000   6.282 0.000 0.035 0.000  1.057 0.559000
100.208333 101.208333 99.999 0.999000   18.70 0.000  0.76 0.000000 9.999 0.259000  0.84 0.000000 0.172 0.000000   0.580 0.000   0.812 0.000 99.99 0.259000  18.421 0.000   9.755 0.000   8.666 0.000 0.063 0.000  1.091 0.000000
103.208333 104.208333 99.999 0.999000    4.84 0.000  0.29 0.000000 9.999 0.259000  0.39 0.000000 0.058 0.000000   0.271 0.000   0.380 0.000 99.99 0.259000   6.729 0.000   3.372 0.000   3.357 0.000 0.026 0.000  0.217 0.000000
106.208333 107.208333 99.999 0.999000   13.43 0.000  0.84 0.000000 9.999 0.259000  0.97 0.000000 0.128 0.000000   0.942 0.000   1.319 0.000 99.99 0.259000   9.931 0.000   4.317 0.000   5.613 0.000 0.039 0.000  0.653 0.000000
109.208333 110.208333 99.999 0.999000   26.52 0.000  1.68 0.000000 9.999 0.259000  1.11 0.000000 0.112 0.000000   2.425 0.000   3.395 0.000 99.99 0.259000  19.314 0.000   5.072 0.000  14.242 0.000 0.064 0.000  1.888 0.000000
112.208333 113.208333 99.999 0.559999   19.63 0.000  1.77 0.000000 9.999 0.259000  0.61 0.000000 0.051 0.559000   0.609 0.000   0.852 0.000 99.99 0.259000  11.634 0.000   3.585 0.000   8.050 0.000 0.020 0.000  1.473 0.559000
115.208333 116.208333 99.999 0.999000   56.55 0.000  1.74 0.000000 9.999 0.259000  0.41 0.000000 0.095 0.000000   0.752 0.000   1.053 0.000 99.99 0.259000  12.616 0.000   5.905 0.000   6.711 0.000 0.046 0.000  1.005 0.000000
118.208333 119.208333 99.999 0.999000   57.33 0.000  1.05 0.000000 9.999 0.259000  0.83 0.000000 0.117 0.000000   1.557 0.000   2.179 0.000 99.99 0.259000  21.593 0.000   8.416 0.000  13.177 0.000 0.102 0.000  1.885 0.000000
121.208333 122.208333 99.999 0.559999   51.29 0.000  1.20 0.000000 9.999 0.259000  0.91 0.000000 0.159 0.559000   2.178 0.000   3.049 0.000 99.99 0.259000  22.823 0.000   8.047 0.000  14.775 0.000 0.121 0.000  1.953 0.559000
124.208333 125.208333 99.999 0.999000   17.63 0.000  0.74 0.000000 9.999 0.259000  0.51 0.000000 0.067 0.000000   0.412 0.000   0.577 0.000 99.99 0.259000   6.690 0.000   2.767 0.000   3.923 0.000 0.029 0.000  0.479 0.000000
127.208333 128.208333 99.999 0.999000   57.48 0.000  1.91 0.000000 9.999 0.259000  1.41 0.000000 0.135 0.000000   2.602 0.000   3.643 0.000 99.99 0.259000  18.674 0.000   4.933 0.000  13.742 0.000 0.079 0.000  1.826 0.000000
130.208333 131.208333 99.999 0.999000   65.28 0.000  2.07 0.000000 9.999 0.259000  1.04 0.000000 0.232 0.000000   1.790 0.000   2.506 0.000 99.99 0.259000  24.978 0.000  13.803 0.000  11.175 0.000 0.081 0.000  1.375 0.000000
133.208333 134.208333 99.999 0.999000   27.23 0.000  0.87 0.000000 9.999 0.259000 99.99 0.259000 0.021 0.000000   0.869 0.000   1.217 0.000 99.99 0.259000  12.418 0.000   6.234 0.000   6.185 0.000 0.031 0.000  0.986 0.000000
136.208333 137.208333 99.999 0.999000   35.91 0.000  0.99 0.000000 9.999 0.259000  0.36 0.000000 0.090 0.000000   1.099 0.000   1.539 0.000 99.99 0.259000  14.716 0.000   6.860 0.000   7.857 0.000 0.052 0.000  1.115 0.000000
139.208333 140.208333 99.999 0.559999   22.77 0.000  2.44 0.000000 9.999 0.259000  0.45 0.000000 0.047 0.559000   0.802 0.000   1.123 0.000 99.99 0.259000  10.672 0.000   2.790 0.000   7.882 0.000 0.028 0.000  1.324 0.559000
142.208333 143.208333 99.999 0.999000   22.66 0.000  1.61 0.000000 9.999 0.259000  0.63 0.000000 0.050 0.000000   0.727 0.000   1.018 0.000 99.99 0.259000   8.835 0.000   3.385 0.000   5.450 0.000 0.019 0.000  0.764 0.000000
145.208333 146.208333 99.999 0.559999   33.82 0.000  1.43 0.000000 9.999 0.259000  0.87 0.000000 0.062 0.559000   1.585 0.000   2.219 0.000 99.99 0.259000  15.914 0.000   2.321 0.000  13.593 0.000 0.098 0.000  2.151 0.559000
148.208333 149.208333 99.999 0.559999   43.72 0.000  0.89 0.000000 9.999 0.259000  0.54 0.000000 0.079 0.559000   0.424 0.000   0.593 0.000 99.99 0.259000  13.383 0.000   5.261 0.000   8.121 0.000 0.045 0.000  1.416 0.559000
151.208333 152.208333 99.999 0.559999   42.38 0.394  0.74 0.394000 9.999 0.394259  0.70 0.394000 0.085 0.559394   1.908 0.000   2.671 0.000 99.99 0.394259  14.998 0.000   3.865 0.000  11.133 0.000 0.115 0.394  1.447 0.559394
154.208333 155.208333 99.999 0.559999   15.53 0.000  1.11 0.000000 0.050 0.000000  0.43 0.000000 0.070 0.559000   1.417 0.000   1.984 0.000 99.99 0.259000  13.308 0.000   6.828 0.000   6.480 0.000 0.035 0.000  0.702 0.559000
157.208333 158.208333 99.999 0.999000   11.14 0.000  0.55 0.000000 9.999 0.259000  0.32 0.000000 0.053 0.000000   0.875 0.000   1.226 0.000 99.99 0.259000   8.861 0.000   3.394 0.000   5.467 0.000 0.041 0.000  0.772 0.000000
160.208333 161.208333 99.999 0.559999   14.79 0.000  0.84 0.000000 9.999 0.259000  0.38 0.000000 0.077 0.559000   1.293 0.000   1.811 0.000 99.99 0.259000  13.346 0.000   7.643 0.000   5.703 0.000 0.041 0.000  0.559 0.559000
163.208333 164.208333 99.999 0.999000  239.90 0.000  0.79 0.000000 9.999 0.259000  0.41 0.000000 0.150 0.000000   1.729 0.000   2.420 0.000 99.99 0.259000  20.653 0.000   8.959 0.000  11.694 0.000 0.118 0.000  1.213 0.000000
166.208333 167.208333 99.999 0.999000   14.19 0.000  3.57 0.000000 9.999 0.259000  0.17 0.000000 0.035 0.000000   2.108 0.000   2.951 0.000 99.99 0.259000  13.349 0.000   3.812 0.000   9.537 0.000 0.027 0.000  1.289 0.000000
169.208333 170.208333 99.999 0.999000   16.24 0.000  0.42 0.000000 9.999 0.259000  0.29 0.000000 0.049 0.000000   1.379 0.000   1.930 0.000 99.99 0.259000  10.164 0.000   3.660 0.000   6.503 0.000 0.025 0.000  0.790 0.000000
172.208333 173.208333 99.999 0.559999   59.13 0.000  0.54 0.000000 9.999 0.259000  0.29 0.000000 0.060 0.559000   0.484 0.000   0.677 0.000 99.99 0.259000   8.959 0.000   5.605 0.000   3.354 0.000 0.027 0.000  0.302 0.559000
175.208333 176.208333 99.999 0.999000   38.38 0.000  0.37 0.000000 9.999 0.259000  0.59 0.000000 0.081 0.000000   0.498 0.000   0.697 0.000 99.99 0.259000   8.501 0.000   4.992 0.000   3.509 0.000 0.023 0.000  0.427 0.000000
178.208333 179.208333 99.999 0.999000   41.42 0.000  0.62 0.000000 9.999 0.259000  0.36 0.000000 0.078 0.000000   1.729 0.000   2.420 0.000 99.99 0.259000  14.213 0.000   6.382 0.000   7.831 0.000 0.035 0.000  0.939 0.000000
181.208333 182.208333 99.999 0.999000    9.52 0.000  0.87 0.000000 9.999 0.259000  0.49 0.000000 0.037 0.000000   2.200 0.000   3.080 0.000 99.99 0.259000  11.370 0.000   3.713 0.000   7.657 0.000 0.027 0.000  0.756 0.000000
184.208333 185.208333 99.999 0.999000   29.48 0.000  1.65 0.000000 9.999 0.259000  0.78 0.000000 0.074 0.000000   2.884 0.000   4.037 0.000 99.99 0.259000 999.999 0.456 999.999 0.999  19.330 0.000 0.066 0.000  3.352 0.000000
187.208333 188.208333 99.999 0.999000   12.89 0.000  2.38 0.000000 9.999 0.259000  0.23 0.000000 0.048 0.000000  11.715 0.000  16.401 0.000 99.99 0.259000  30.723 0.000   4.575 0.000  26.147 0.000 0.214 0.000  1.104 0.000000
190.208333 191.208333 99.999 0.999000  116.07 0.000  0.48 0.000000 9.999 0.259000 99.99 0.259000 0.079 0.000000   1.190 0.000   1.665 0.000 99.99 0.259000  14.645 0.000   7.401 0.000   7.244 0.000 0.059 0.000  0.701 0.000000
193.208333 194.208333 99.999 0.999000    6.64 0.000  0.39 0.000000 9.999 0.259000  0.37 0.000000 0.062 0.000000   0.867 0.000   1.213 0.000  9.41 0.000000   9.874 0.000   6.103 0.000   3.772 0.000 0.022 0.000  0.352 0.000000
196.208333 197.208333 99.999 0.999000   33.46 0.000  0.97 0.000000 9.999 0.259000  0.26 0.000000 0.062 0.000000   2.379 0.000   3.331 0.000 99.99 0.259000  19.925 0.000   6.163 0.000  13.763 0.000 0.049 0.000  2.147 0.000000
199.208333 200.208333 99.999 0.999000   35.62 0.000  1.27 0.000000 0.065 0.000000  1.26 0.000000 0.099 0.000000   1.544 0.000   2.162 0.000 99.99 0.259000  28.682 0.000   5.947 0.000  22.736 0.000 0.040 0.000  4.792 0.000000
202.208333 203.208333 99.999 0.999000   17.67 0.000  0.33 0.000000 9.999 0.259000  0.43 0.000000 0.068 0.000000   1.116 0.000   1.562 0.000 99.99 0.259000  14.860 0.000   6.449 0.000   8.411 0.000 0.023 0.000  1.460 0.000000
205.208333 206.208333 99.999 0.559999   19.30 0.000  0.50 0.000000 9.999 0.259000  0.31 0.000000 0.048 0.559000   1.289 0.000   1.804 0.000 99.99 0.259000  13.165 0.000   5.088 0.000   8.077 0.000 0.023 0.000  1.297 0.559000
208.208333 209.208333 99.999 0.559999   24.11 0.000  0.64 0.000000 0.097 0.000000  0.52 0.000000 0.047 0.559000   3.328 0.000   4.659 0.000 99.99 0.259000  25.427 0.000   8.349 0.000  17.078 0.000 0.043 0.000  2.633 0.559000
211.208333 212.208333 99.999 0.999000   37.30 0.000  1.25 0.000000 9.999 0.259000  0.85 0.000000 0.031 0.000000   2.867 0.000   4.014 0.000 99.99 0.259000  28.393 0.000   6.798 0.000  21.595 0.000 0.034 0.000  4.029 0.000000
