scripts/IMPROVE-2019_partial/data/US9045R.20140102080000.20191216000000.filterpack...52w.3d.US03L_filterpack_US9045.US03L_IMPROVE_Davis.lev2.nas
52 1001
MISSING INFORMATION
US03L, IMPROVE, , , , , , , 
MISSING INFORMATION
IMPROVE sel_HTAP
1 1
2014 01 01 2019 12 16
3.000000
days from file reference point
5
1 1 1 1 1
999.999999 999.999 9.999 999.999 9.999
end_time of measurement, days from the file reference point
pm10_mass, ug/m3, Matrix=pm10
numflag pm10_mass, no unit, Matrix=pm10
pm25_mass, ug/m3, Matrix=pm25
numflag pm25_mass, no unit, Matrix=pm25
0
33
Data definition:              EBAS_1.1
Set type code:                TU
Timezone:                     UTC
File name:                    US9045R.20140102080000.20191216000000.filterpack...52w.3d.US03L_filterpack_US9045.US03L_IMPROVE_Davis.lev2.nas
File creation:                20191218120830
Startdate:                    20140102080000
Revision date:                20191216000000
Version:                      2
Version description:          "Data extracted from http://views.cira.colostate.edu/fed/DataWizard 2019-12-16"
Statistics:                   arithmetic mean
Data level:                   2
Period code:                  52w
Resolution code:              3d
Sample duration:              1d
Orig. time res.:              3d
Station code:                 US9045R
Platform code:                US9045S
Station name:                 Sequoia NP
Station latitude:             36.4894
Station longitude:            -118.8291
Station altitude:             519.0 m
Regime:                       IMG
Component:                    
Unit:                         ug/m3
Matrix:                       
Laboratory code:              US03L
Instrument type:              filterpack
Instrument name:              filterpack_US9045
Method ref:                   US03L_IMPROVE_Davis
Blank correction:             Blank corrected
Volume std. temperature:      ambient
Volume std. pressure:         ambient
starttime endtime PM10 flag_PM10 PM2.5 flag_PM2.5
  1.333333   2.333333   8.341 0.000   4.144 0.000
  4.333333   5.333333  10.180 0.000   6.455 0.000
  7.333333   8.333333 999.999 0.456  26.167 0.000
 10.333333  11.333333 999.999 0.456   7.984 0.000
 13.333333  14.333333 999.999 0.456   2.997 0.000
 16.333333  17.333333   8.908 0.000   6.362 0.000
 19.333333  20.333333   8.046 0.000   5.727 0.000
 22.333333  23.333333  12.517 0.000   8.613 0.000
 25.333333  26.333333  20.284 0.000  11.389 0.000
 28.333333  29.333333  40.800 0.000  22.112 0.000
 31.333333  32.333333   6.030 0.000   4.232 0.000
 34.333333  35.333333  11.549 0.000   7.857 0.000
 37.333333  38.333333   2.371 0.000   0.770 0.000
 40.333333  41.333333   5.757 0.000   1.737 0.000
 43.333333  44.333333  13.864 0.000   9.395 0.000
 46.333333  47.333333  32.133 0.000  26.661 0.000
 49.333333  50.333333  18.337 0.000  12.207 0.000
 52.333333  53.333333  15.278 0.000   8.445 0.000
 55.333333  56.333333  11.364 0.000   5.604 0.000
 58.333333  59.333333   2.222 0.000   0.557 0.000
 61.333333  62.333333   3.949 0.000   1.439 0.000
 64.333333  65.333333  12.235 0.000   4.988 0.000
 67.333333  68.333333   9.886 0.000   2.668 0.000
 70.333333  71.333333   5.573 0.000   2.734 0.000
 73.333333  74.333333   9.476 0.000   4.151 0.000
 76.333333  77.333333  11.705 0.000   3.774 0.000
 79.333333  80.333333  19.931 0.000   6.661 0.000
 82.333333  83.333333  14.751 0.000   7.113 0.000
 85.333333  86.333333   6.905 0.000   2.966 0.000
 88.333333  89.333333   5.741 0.000   2.841 0.000
 91.333333  92.333333   1.833 0.000   0.700 0.000
 94.333333  95.333333   7.897 0.000   4.867 0.000
 97.333333  98.333333   8.638 0.000   5.296 0.000
100.333333 101.333333  20.986 0.000  12.660 0.000
103.333333 104.333333  23.116 0.000  12.992 0.000
106.333333 107.333333  20.699 0.000   9.676 0.000
109.333333 110.333333  19.058 0.000   9.233 0.000
112.333333 113.333333  13.175 0.000   3.826 0.000
115.333333 116.333333   3.708 0.000   1.241 0.000
118.333333 119.333333  10.427 0.000   5.789 0.000
121.333333 122.333333  20.617 0.000  10.062 0.000
124.333333 125.333333  15.738 0.000   6.136 0.000
127.333333 128.333333  17.537 0.000   7.288 0.000
130.333333 131.333333  11.698 0.000   3.676 0.000
133.333333 134.333333  19.601 0.000   6.800 0.000
136.333333 137.333333  16.174 0.000   6.252 0.000
139.333333 140.333333  10.262 0.000   2.733 0.000
142.333333 143.333333  17.152 0.000   5.525 0.000
145.333333 146.333333  22.242 0.000   9.665 0.000
148.333333 149.333333  29.471 0.000  15.002 0.000
151.333333 152.333333  21.802 0.000  10.199 0.000
154.333333 155.333333  32.438 0.000  10.864 0.000
157.333333 158.333333  26.835 0.000  11.168 0.000
160.333333 161.333333  28.972 0.000  10.552 0.000
163.333333 164.333333  33.989 0.000   8.844 0.000
166.333333 167.333333  54.782 0.000  13.751 0.000
169.333333 170.333333  28.109 0.000   8.454 0.000
172.333333 173.333333  16.452 0.000   5.566 0.000
175.333333 176.333333  23.062 0.000   5.064 0.000
178.333333 179.333333  17.645 0.000   5.634 0.000
181.333333 182.333333  27.968 0.000  10.357 0.000
184.333333 185.333333  26.551 0.000   7.303 0.000
187.333333 188.333333  21.972 0.000   8.399 0.000
190.333333 191.333333  22.358 0.000   6.239 0.000
193.333333 194.333333  26.311 0.000  10.426 0.000
196.333333 197.333333  38.353 0.000  11.428 0.000
199.333333 200.333333  28.355 0.000   9.480 0.000
202.333333 203.333333  24.450 0.000   8.437 0.000
205.333333 206.333333  27.548 0.000   8.071 0.000
208.333333 209.333333  25.885 0.000   9.123 0.000
211.333333 212.333333  25.060 0.000  12.843 0.000
214.333333 215.333333  13.947 0.000   6.460 0.000
217.333333 218.333333  37.106 0.000  17.890 0.000
220.333333 221.333333  27.111 0.000  13.571 0.000
223.333333 224.333333  17.893 0.000   5.734 0.000
226.333333 227.333333  24.387 0.000   5.860 0.000
229.333333 230.333333  21.770 0.000   5.816 0.000
232.333333 233.333333  29.176 0.000   8.745 0.000
235.333333 236.333333  23.380 0.000   5.760 0.000
238.333333 239.333333  30.546 0.000   8.769 0.000
241.333333 242.333333  29.570 0.000   8.703 0.000
244.333333 245.333333  30.761 0.000   8.002 0.000
247.333333 248.333333  38.964 0.000  10.307 0.000
250.333333 251.333333  19.991 0.000   6.482 0.000
253.333333 254.333333  36.205 0.000   9.359 0.000
256.333333 257.333333  21.364 0.000   6.478 0.000
259.333333 260.333333  38.670 0.000   9.791 0.000
262.333333 263.333333  29.494 0.000  11.602 0.000
265.333333 266.333333  34.879 0.000  10.421 0.000
268.333333 269.333333  34.989 0.000   5.097 0.000
271.333333 272.333333  11.001 0.000   3.718 0.000
274.333333 275.333333  24.177 0.000   8.016 0.000
277.333333 278.333333  16.239 0.000   5.294 0.000
280.333333 281.333333  42.188 0.000  10.869 0.000
283.333333 284.333333  24.916 0.000   6.199 0.000
286.333333 287.333333  71.204 0.000   8.919 0.000
289.333333 290.333333  60.190 0.000  11.452 0.000
292.333333 293.333333  29.130 0.000   7.805 0.000
295.333333 296.333333  32.523 0.000   8.702 0.000
298.333333 299.333333  22.773 0.000   7.172 0.000
301.333333 302.333333  22.286 0.000   9.415 0.000
304.333333 305.333333   4.637 0.000   1.178 0.000
307.333333 308.333333   7.425 0.000   4.056 0.000
310.333333 311.333333  26.694 0.000  20.324 0.000
313.333333 314.333333  19.347 0.000  14.690 0.000
316.333333 317.333333  12.747 0.000   9.062 0.000
319.333333 320.333333   8.138 0.000   3.963 0.000
322.333333 323.333333   5.048 0.000   1.470 0.000
325.333333 326.333333   5.989 0.000   2.765 0.000
328.333333 329.333333   6.305 0.000   2.790 0.000
331.333333 332.333333   1.941 0.000   0.949 0.000
334.333333 335.333333   1.867 0.000   0.735 0.000
337.333333 338.333333   5.512 0.000   1.716 0.000
340.333333 341.333333   4.175 0.000   1.815 0.000
343.333333 344.333333   5.037 0.000   2.901 0.000
346.333333 347.333333   2.093 0.000   0.336 0.000
349.333333 350.333333   4.599 0.000   1.725 0.000
352.333333 353.333333   5.754 0.000   1.718 0.000
355.333333 356.333333   5.309 0.000   2.434 0.000
358.333333 359.333333 999.999 0.999 999.999 0.999
361.333333 362.333333 999.999 0.999 999.999 0.999
364.333333 365.333333  15.125 0.000   8.695 0.000
