scripts/IMPROVE-2019_partial/data/US9080R.20050101070000.20191216000000.filterpack..pm25.52w.1w.US03L_filterpack_US9080.US03L_IMPROVE_Davis.lev2.nas
64 1001
MISSING INFORMATION
US03L, IMPROVE, , , , , , , 
MISSING INFORMATION
IMPROVE sel_HTAP
1 1
2005 01 01 2019 12 16
3.000000
days from file reference point
25
1 1 1 1 1 1 1 1 1 1 1 1 1 1 1 1 1 1 1 1 1 1 1 1 1
999.999999 9999.99 9.999 99.99 9.999 9.999 9.999999 9.99 9.999999 9.999 9.999 99.999 9.999 99.999 9.999 999.999 9.999 999.999 9.999 99.999 9.999 9.999 9.999 9.999 9.999
end_time of measurement, days from the file reference point
iron, ng/m3, Revision date=20181210133000
numflag iron, no unit, Revision date=20181210133000
lead, ng/m3, Revision date=20181210133000
numflag lead, no unit, Revision date=20181210133000
magnesium, ug/m3, Revision date=20181210133000
numflag magnesium, no unit, Revision date=20181210133000
nickel, ng/m3, Revision date=20181210133000
numflag nickel, no unit, Revision date=20181210133000
nitrate, ug N/m3, Revision date=20181210133000
numflag nitrate, no unit, Revision date=20181210133000
organic_carbon, ug C/m3, Revision date=20181210133000
numflag organic_carbon, no unit, Revision date=20181210133000
organic_mass, ug/m3, Revision date=20181210133000
numflag organic_mass, no unit, Revision date=20181210133000
pm10_mass, ug/m3, Version=2, Version description=Data extracted from http://views.cira.colostate.edu/fed/DataWizard 2019-12-16, Sample duration=1d, Orig. time res.=3d, Matrix=pm10, Blank correction=Blank corrected, Volume std. temperature=ambient, Volume std. pressure=ambient
numflag pm10_mass, no unit, Version=2, Version description=Data extracted from http://views.cira.colostate.edu/fed/DataWizard 2019-12-16, Sample duration=1d, Orig. time res.=3d, Matrix=pm10, Blank correction=Blank corrected, Volume std. temperature=ambient, Volume std. pressure=ambient
pm10_pm25_mass, ug/m3, Revision date=20181210133000, Matrix=pm10_pm25
numflag pm10_pm25_mass, no unit, Revision date=20181210133000, Matrix=pm10_pm25
pm25_mass, ug/m3, Version=2, Version description=Data extracted from http://views.cira.colostate.edu/fed/DataWizard 2019-12-16, Sample duration=1d, Orig. time res.=3d, Blank correction=Blank corrected, Volume std. temperature=ambient, Volume std. pressure=ambient
numflag pm25_mass, no unit, Version=2, Version description=Data extracted from http://views.cira.colostate.edu/fed/DataWizard 2019-12-16, Sample duration=1d, Orig. time res.=3d, Blank correction=Blank corrected, Volume std. temperature=ambient, Volume std. pressure=ambient
potassium, ug/m3, Revision date=20181210133000
numflag potassium, no unit, Revision date=20181210133000
sulphate_total, ug S/m3, Revision date=20181210133000
numflag sulphate_total, no unit, Revision date=20181210133000
0
25
Data definition:              EBAS_1.1
Set type code:                TU
Timezone:                     UTC
File name:                    US9080R.20050101070000.20191216000000.filterpack..pm25.52w.1w.US03L_filterpack_US9080.US03L_IMPROVE_Davis.lev2.nas
File creation:                20191218121101
Startdate:                    20050101070000
Revision date:                20191216000000
Statistics:                   arithmetic mean
Data level:                   2
Period code:                  52w
Resolution code:              1w
Station code:                 US9080R
Platform code:                US9080S
Station name:                 Thunder Basin
Station latitude:             44.6634
Station longitude:            -105.2874
Station altitude:             1195.0 m
Regime:                       IMG
Component:                    
Matrix:                       pm25
Laboratory code:              US03L
Instrument type:              filterpack
Instrument name:              filterpack_US9080
Method ref:                   US03L_IMPROVE_Davis
starttime endtime Fe flag_Fe Pb flag_Pb Mg++ flag_Mg++ Ni flag_Ni NO3- flag_NO3- OC flag_OC OM flag_OM PM10 flag_PM10 PM10-PM2.5 flag_PM10-PM2.5 PM2.5 flag_PM2.5 K+ flag_K+ SO4-- flag_SO4--
  0.291667   1.291667   16.70 0.000  1.27 0.000 9.999 0.259000 9.99 0.259000 0.180 0.000  0.325 0.559  0.584 0.559   7.010 0.000   3.809 0.000  3.202 0.000 0.032 0.000 0.375 0.000
  3.291667   4.291667   14.06 0.559  2.22 0.559 9.999 0.559259 9.99 0.559259 0.157 0.000  0.387 0.559  0.696 0.559   6.226 0.000   3.266 0.559  3.016 0.659 0.027 0.559 0.329 0.000
  6.291667   7.291667   23.27 0.000  0.43 0.000 0.007 0.000000 0.16 0.000000 0.106 0.000  1.052 0.559  1.894 0.559   9.649 0.000   5.244 0.000  4.406 0.000 0.034 0.000 0.443 0.000
  9.291667  10.291667   24.04 0.000  0.44 0.000 9.999 0.259000 9.99 0.259000 0.252 0.000  1.216 0.559  2.189 0.559   9.262 0.000   3.264 0.000  5.997 0.000 0.031 0.000 0.614 0.000
 12.291667  13.291667   30.12 0.559  0.76 0.559 0.018 0.559000 0.14 0.559000 0.156 0.000  0.520 0.559  0.937 0.559   5.841 0.000   2.447 0.559  3.395 0.659 0.036 0.559 0.273 0.000
 15.291667  16.291667   14.28 0.559  0.49 0.559 9.999 0.559259 9.99 0.559259 0.115 0.000  0.298 0.559  0.537 0.559   4.402 0.000   2.452 0.559  1.949 0.659 0.011 0.559 0.133 0.000
 18.291667  19.291667   17.92 0.000  0.54 0.000 9.999 0.259000 9.99 0.259000 0.013 0.000  0.304 0.559  0.548 0.559   3.112 0.000   1.873 0.000  1.240 0.000 0.011 0.000 0.069 0.000
 21.291667  22.291667    9.47 0.000  0.70 0.000 9.999 0.259000 9.99 0.259000 0.103 0.000  0.316 0.559  0.569 0.559   5.258 0.000   2.100 0.000  3.157 0.000 0.029 0.000 0.493 0.000
 24.291667  25.291667   27.98 0.000  0.34 0.000 9.999 0.259000 9.99 0.259000 0.012 0.000  0.289 0.559  0.521 0.559   3.708 0.000   2.662 0.000  1.080 0.000 0.010 0.000 0.052 0.000
 27.291667  28.291667   62.49 0.000  0.65 0.000 9.999 0.259000 0.13 0.000000 0.275 0.000  0.499 0.559  0.897 0.559   7.990 0.000   4.530 0.000  3.460 0.000 0.020 0.000 0.258 0.000
 30.291667  31.291667 9999.99 0.999 99.99 0.999 9.999 0.999000 9.99 0.999000 9.999 0.999 99.999 0.999 99.999 0.999 999.999 0.999 999.999 0.999 99.999 0.999 9.999 0.999 9.999 0.999
 33.291667  34.291667  119.15 0.000  0.62 0.000 0.014 0.000000 9.99 0.259000 0.012 0.000  0.226 0.559  0.406 0.559  12.524 0.000  10.391 0.000  2.133 0.000 0.027 0.000 0.088 0.000
 36.291667  37.291667    9.21 0.000  0.81 0.000 9.999 0.259000 9.99 0.259000 0.300 0.000  0.469 0.559  0.845 0.559   4.623 0.000   0.810 0.000  3.812 0.000 0.018 0.000 0.348 0.000
 39.291667  40.291667   18.71 0.000  0.09 0.000 9.999 0.259000 9.99 0.259000 0.091 0.000  0.265 0.559  0.477 0.559   2.507 0.000   1.143 0.000  1.364 0.000 0.010 0.000 0.099 0.000
 42.291667  43.291667   40.39 0.000  0.42 0.000 9.999 0.259000 0.10 0.000000 0.030 0.000  0.346 0.559  0.622 0.559   4.510 0.000   2.505 0.000  2.005 0.000 0.019 0.000 0.101 0.000
 45.291667  46.291667   10.80 0.000  0.37 0.000 0.009 0.000000 9.99 0.259000 0.051 0.000  0.223 0.559  0.401 0.559   2.135 0.000   0.810 0.000  1.336 0.000 0.008 0.000 0.135 0.000
 48.291667  49.291667   31.89 0.000  0.36 0.000 0.012 0.000000 0.24 0.000000 0.099 0.000  0.280 0.559  0.504 0.559   5.218 0.000   3.178 0.000  2.039 0.000 0.014 0.000 0.124 0.000
 51.291667  52.291667   16.54 0.000  0.45 0.000 0.005 0.000000 9.99 0.259000 0.393 0.000  0.456 0.559  0.820 0.559   6.638 0.000   2.067 0.000  4.570 0.000 0.020 0.000 0.387 0.000
 54.291667  55.291667   59.69 0.000  0.60 0.000 0.012 0.000000 9.99 0.259000 0.022 0.000  0.221 0.559  0.398 0.559   6.442 0.000   4.677 0.000  1.765 0.000 0.021 0.000 0.080 0.000
 57.291667  58.291667   24.38 0.000  0.46 0.000 9.999 0.259000 9.99 0.259000 0.171 0.000  0.452 0.559  0.813 0.559   5.040 0.000   2.694 0.000  2.346 0.000 0.022 0.000 0.165 0.000
 60.291667  61.291667   88.90 0.000  0.58 0.000 9.999 0.259000 9.99 0.259000 0.012 0.000  0.276 0.559  0.498 0.559   7.379 0.000   5.768 0.000  1.614 0.000 0.023 0.000 0.063 0.000
 63.291667  64.291667   97.14 0.000  1.11 0.000 9.999 0.259000 9.99 0.259000 0.040 0.000  0.370 0.559  0.666 0.559   9.937 0.000   6.969 0.000  2.968 0.000 0.027 0.000 0.260 0.000
 66.291667  67.291667   20.21 0.000  0.59 0.000 9.999 0.259000 0.40 0.000000 0.012 0.000  0.111 0.559  0.199 0.559   3.191 0.000   2.199 0.000  1.021 0.000 0.008 0.000 0.131 0.000
 69.291667  70.291667   54.67 0.000  0.66 0.000 9.999 0.259000 9.99 0.259000 0.012 0.000  0.140 0.559  0.253 0.559   5.007 0.000   3.334 0.000  1.673 0.000 0.025 0.000 0.052 0.000
 72.291667  73.291667    8.48 0.000  0.57 0.000 9.999 0.259000 0.28 0.000000 0.049 0.000  0.066 0.559  0.118 0.559   2.720 0.000   1.758 0.000  0.961 0.000 0.006 0.000 0.131 0.000
 75.291667  76.291667   55.30 0.000  1.49 0.000 9.999 0.259000 9.99 0.259000 0.032 0.000  0.304 0.559  0.547 0.559   8.100 0.000   5.177 0.000  2.923 0.000 0.034 0.000 0.315 0.000
 78.291667  79.291667   52.15 0.000  1.94 0.000 9.999 0.259000 0.18 0.000000 0.679 0.000  0.686 0.559  1.234 0.559  13.609 0.000   6.097 0.000  7.510 0.000 0.032 0.000 0.642 0.000
 81.291667  82.291667   11.99 0.000  1.00 0.000 9.999 0.259000 9.99 0.259000 0.436 0.000  0.349 0.559  0.628 0.559   7.525 0.000   2.365 0.000  5.160 0.000 0.010 0.000 0.523 0.000
 84.291667  85.291667   11.80 0.000  0.91 0.000 9.999 0.259000 9.99 0.259000 0.202 0.000  0.430 0.559  0.775 0.559   5.049 0.000   2.153 0.000  2.895 0.000 0.008 0.000 0.402 0.000
 87.291667  88.291667   11.13 0.000  0.77 0.000 9.999 0.259000 9.99 0.259000 0.005 0.000  0.074 0.000  0.133 0.000   1.515 0.000   0.952 0.000  0.564 0.000 0.005 0.000 0.072 0.000
 90.291667  91.291667   81.67 0.000  0.70 0.000 0.009 0.000000 9.99 0.259000 0.019 0.000  0.169 0.559  0.304 0.559   8.570 0.000   6.474 0.000  2.095 0.000 0.025 0.000 0.172 0.000
 93.291667  94.291667  115.91 0.000  1.17 0.000 9.999 0.259000 9.99 0.259000 0.040 0.000  0.524 0.000  0.944 0.000  11.765 0.000   8.548 0.000  3.217 0.000 0.037 0.000 0.222 0.000
 96.291667  97.291667  123.96 0.000  1.72 0.000 0.024 0.000000 9.99 0.259000 0.027 0.000  0.329 0.000  0.592 0.000  12.681 0.000   8.829 0.000  3.851 0.000 0.051 0.000 0.318 0.000
 99.291667 100.291667   12.01 0.000  0.37 0.000 9.999 0.259000 9.99 0.259000 0.020 0.000  0.193 0.559  0.347 0.559   2.490 0.000   1.321 0.000  1.168 0.000 0.010 0.000 0.158 0.000
102.291667 103.291667  117.90 0.000  1.29 0.000 9.999 0.259000 9.99 0.259000 0.037 0.000  0.418 0.000  0.753 0.000  13.569 0.000   9.864 0.000  3.704 0.000 0.055 0.000 0.285 0.000
105.291667 106.291667   91.44 0.000  1.15 0.000 9.999 0.259000 9.99 0.259000 0.027 0.000  0.259 0.000  0.467 0.000  12.074 0.000   9.190 0.000  2.884 0.000 0.038 0.000 0.224 0.000
108.291667 109.291667   33.52 0.000  0.83 0.000 0.010 0.000000 9.99 0.259000 0.050 0.000  0.464 0.559  0.834 0.559   6.351 0.000   4.307 0.000  2.044 0.000 0.027 0.000 0.179 0.000
111.291667 112.291667   38.15 0.000  0.47 0.000 0.011 0.000000 9.99 0.259000 0.098 0.000  0.783 0.559  1.409 0.559   7.234 0.000   3.241 0.000  3.992 0.000 0.033 0.000 0.298 0.000
114.291667 115.291667   45.36 0.000  1.43 0.000 0.013 0.000000 0.09 0.000000 0.027 0.000  0.575 0.000  1.035 0.000   8.650 0.000   5.843 0.000  2.807 0.000 0.048 0.000 0.221 0.000
117.291667 118.291667   16.29 0.000  0.58 0.000 9.999 0.259000 9.99 0.259000 0.016 0.000  0.295 0.000  0.531 0.000   3.366 0.000   1.506 0.000  1.860 0.000 0.009 0.000 0.287 0.000
120.291667 121.291667    7.98 0.000  0.25 0.000 9.999 0.259000 9.99 0.259000 0.017 0.000  0.016 0.559  0.029 0.559   3.106 0.000   1.225 0.000  1.881 0.000 0.004 0.000 0.324 0.000
123.291667 124.291667   78.39 0.000  0.77 0.000 9.999 0.259000 9.99 0.259000 0.040 0.000  1.166 0.000  2.099 0.000  10.419 0.000   5.790 0.000  4.629 0.000 0.030 0.000 0.303 0.000
126.291667 127.291667   44.94 0.000  1.16 0.000 9.999 0.259000 9.99 0.259000 0.020 0.000  0.356 0.000  0.641 0.000   5.233 0.000   2.297 0.000  2.935 0.000 0.031 0.000 0.298 0.000
129.291667 130.291667    4.41 0.000  0.32 0.000 9.999 0.259000 9.99 0.259000 0.025 0.000  0.130 0.000  0.234 0.000   2.032 0.000   0.836 0.000  1.207 0.000 0.007 0.000 0.140 0.000
132.291667 133.291667   28.41 0.000  0.67 0.000 9.999 0.259000 9.99 0.259000 0.013 0.000  0.324 0.559  0.582 0.559   3.550 0.000   1.132 0.000  2.417 0.000 0.016 0.000 0.324 0.000
135.291667 136.291667   85.62 0.000  1.32 0.000 9.999 0.259000 0.09 0.000000 0.033 0.000  0.663 0.000  1.193 0.000   9.989 0.000   5.697 0.000  4.292 0.000 0.038 0.000 0.374 0.000
138.291667 139.291667   48.06 0.000  0.72 0.000 9.999 0.259000 0.09 0.000000 0.013 0.000  0.269 0.000  0.484 0.000   5.218 0.000   3.565 0.000  1.653 0.000 0.017 0.000 0.086 0.000
141.291667 142.291667 9999.99 0.699 99.99 0.699 9.999 0.699000 9.99 0.699000 9.999 0.699 99.999 0.699 99.999 0.699   5.308 0.000 999.999 0.699  1.885 0.000 9.999 0.699 9.999 0.699
144.291667 145.291667   27.36 0.000  0.27 0.000 9.999 0.259000 0.12 0.000000 0.009 0.000  0.254 0.000  0.456 0.000   3.630 0.000   1.736 0.000  1.894 0.000 0.009 0.000 0.176 0.000
147.291667 148.291667   43.73 0.000  0.55 0.000 9.999 0.259000 9.99 0.259000 0.014 0.000  0.556 0.000  1.002 0.000   7.640 0.000   5.197 0.000  2.442 0.000 0.018 0.000 0.164 0.000
150.291667 151.291667    5.76 0.000  0.49 0.000 9.999 0.259000 9.99 0.259000 0.007 0.000  0.215 0.000  0.386 0.000   2.008 0.000   1.127 0.000  0.894 0.000 0.003 0.000 0.071 0.000
153.291667 154.291667   20.83 0.000  0.41 0.000 0.007 0.000000 9.99 0.259000 0.010 0.000  0.364 0.000  0.655 0.000   3.909 0.000   2.380 0.000  1.529 0.000 0.008 0.000 0.088 0.000
156.291667 157.291667   58.71 0.000  0.76 0.000 0.009 0.000000 9.99 0.259000 0.019 0.000  0.924 0.000  1.664 0.000  13.880 0.000   9.844 0.000  4.034 0.000 0.025 0.000 0.293 0.000
159.291667 160.291667   21.68 0.000  0.49 0.000 9.999 0.259000 9.99 0.259000 0.011 0.000  0.451 0.000  0.812 0.000   4.978 0.000   2.895 0.000  2.082 0.000 0.010 0.000 0.156 0.000
162.291667 163.291667   12.75 0.000  0.41 0.000 9.999 0.259000 9.99 0.259000 0.009 0.000  0.389 0.000  0.700 0.000   3.707 0.000   1.847 0.000  1.859 0.000 0.008 0.000 0.160 0.000
165.291667 166.291667 9999.99 0.999 99.99 0.999 9.999 0.999000 9.99 0.999000 9.999 0.999 99.999 0.999 99.999 0.999 999.999 0.999 999.999 0.999 99.999 0.999 9.999 0.999 9.999 0.999
168.291667 169.291667  131.13 0.000  0.90 0.000 9.999 0.259000 9.99 0.259000 0.029 0.000  0.896 0.000  1.613 0.000  14.332 0.000   9.051 0.000  5.280 0.000 0.060 0.000 0.402 0.000
171.291667 172.291667   88.91 0.000  1.14 0.000 9.999 0.259000 9.99 0.259000 0.050 0.000  1.587 0.000  2.856 0.000  18.541 0.000   9.688 0.000  8.981 0.000 0.054 0.000 0.915 0.000
174.291667 175.291667   53.16 0.000  0.58 0.000 9.999 0.259000 0.09 0.000000 0.029 0.000  1.289 0.000  2.320 0.000  12.430 0.000   7.726 0.000  4.702 0.000 0.037 0.000 0.323 0.000
177.291667 178.291667   44.09 0.000  0.71 0.000 9.999 0.259000 9.99 0.259000 0.023 0.000  2.100 0.000  3.780 0.000  11.203 0.000   5.629 0.000  5.572 0.000 0.109 0.000 0.236 0.000
180.291667 181.291667   43.58 0.000  1.12 0.000 9.999 0.259000 9.99 0.259000 0.013 0.000  0.831 0.000  1.496 0.000   8.591 0.000   4.894 0.000  3.696 0.000 0.016 0.000 0.378 0.000
183.291667 184.291667   21.41 0.000 99.99 0.259 9.999 0.259000 9.99 0.259000 0.012 0.000  0.949 0.000  1.709 0.000   6.269 0.000   3.398 0.000  2.871 0.000 0.019 0.000 0.131 0.000
186.291667 187.291667   80.45 0.000  0.86 0.000 9.999 0.259000 9.99 0.259000 0.021 0.000  0.929 0.000  1.672 0.000  15.034 0.000  10.081 0.000  4.951 0.000 0.050 0.000 0.308 0.000
189.291667 190.291667  128.83 0.000  0.85 0.000 9.999 0.259000 9.99 0.259000 0.027 0.000  1.230 0.000  2.215 0.000  20.666 0.000  14.039 0.000  6.626 0.000 0.089 0.000 0.419 0.000
192.291667 193.291667   66.30 0.000  0.19 0.000 9.999 0.259000 9.99 0.259000 0.017 0.000  1.742 0.559  3.135 0.559  14.886 0.000   8.377 0.000  6.528 0.000 0.033 0.000 0.404 0.000
195.291667 196.291667  139.04 0.000  0.66 0.000 0.014 0.000000 9.99 0.259000 0.016 0.000  1.190 0.000  2.142 0.000  19.761 0.000  13.354 0.000  6.406 0.000 0.047 0.000 0.423 0.000
198.291667 199.291667   94.71 0.000  0.25 0.000 9.999 0.259000 9.99 0.259000 0.009 0.000  0.327 0.559  0.589 0.559  11.733 0.000   8.552 0.000  3.180 0.000 0.022 0.000 0.188 0.000
201.291667 202.291667  110.29 0.000  0.67 0.000 0.012 0.000000 9.99 0.259000 0.022 0.000  1.441 0.559  2.594 0.559  19.319 0.000  13.157 0.000  6.161 0.000 0.050 0.000 0.338 0.000
204.291667 205.291667   61.51 0.000  0.55 0.000 0.011 0.000000 9.99 0.259000 0.018 0.000  2.728 0.000  4.910 0.000  16.348 0.000   8.916 0.000  7.430 0.000 0.087 0.000 0.273 0.000
207.291667 208.291667   41.24 0.000  0.41 0.000 9.999 0.259000 9.99 0.259000 0.041 0.000  0.847 0.000  1.525 0.000   6.803 0.000   3.368 0.000  3.434 0.000 0.018 0.000 0.178 0.000
210.291667 211.291667   74.66 0.000  0.36 0.000 9.999 0.259000 0.05 0.000000 0.013 0.000  1.461 0.000  2.629 0.000  13.394 0.000   8.665 0.000  4.729 0.000 0.036 0.000 0.189 0.000
213.291667 214.291667   54.48 0.000  0.33 0.000 9.999 0.259000 9.99 0.259000 0.012 0.000  1.359 0.000  2.446 0.000   9.445 0.000   5.038 0.000  4.475 0.000 0.041 0.000 0.226 0.000
216.291667 217.291667  135.89 0.000  0.44 0.000 9.999 0.259000 9.99 0.259000 0.011 0.000  0.976 0.000  1.757 0.000  11.960 0.000   7.643 0.000  4.315 0.000 0.034 0.000 0.194 0.000
219.291667 220.291667   98.82 0.000  0.37 0.000 9.999 0.259000 9.99 0.259000 0.019 0.000  2.888 0.000  5.199 0.000  19.043 0.000  10.469 0.000  8.572 0.000 0.086 0.000 0.271 0.000
222.291667 223.291667   41.41 0.000  0.47 0.000 9.999 0.259000 9.99 0.259000 0.043 0.000  1.881 0.000  3.385 0.000   9.396 0.000   4.120 0.000  5.275 0.000 0.030 0.000 0.262 0.000
225.291667 226.291667   12.47 0.000  0.38 0.000 9.999 0.259000 9.99 0.259000 0.009 0.000  0.667 0.000  1.202 0.000   6.002 0.000   2.817 0.000  3.184 0.000 0.006 0.000 0.374 0.000
228.291667 229.291667   67.01 0.000  0.27 0.000 9.999 0.259000 9.99 0.259000 0.017 0.000  1.971 0.000  3.548 0.000  13.539 0.000   7.190 0.000  6.353 0.000 0.046 0.000 0.238 0.000
231.291667 232.291667   30.54 0.000  0.48 0.000 9.999 0.259000 0.06 0.000000 0.012 0.000  1.375 0.000  2.475 0.000   8.618 0.000   4.607 0.000  4.010 0.000 0.024 0.000 0.131 0.000
234.291667 235.291667   88.56 0.000  0.47 0.000 9.999 0.259000 9.99 0.259000 0.016 0.000  0.709 0.000  1.276 0.000  12.096 0.000   8.118 0.000  4.072 0.000 0.029 0.000 0.319 0.000
237.291667 238.291667   47.79 0.000  0.52 0.000 9.999 0.259000 9.99 0.259000 0.019 0.000  1.474 0.000  2.654 0.000   9.360 0.000   5.078 0.000  4.280 0.000 0.032 0.000 0.099 0.000
240.291667 241.291667  122.67 0.000  0.35 0.000 0.007 0.000000 9.99 0.259000 0.022 0.000  3.021 0.000  5.438 0.000  18.389 0.000  10.076 0.000  8.312 0.000 0.082 0.000 0.208 0.000
243.291667 244.291667 9999.99 0.999 99.99 0.999 9.999 0.999000 9.99 0.999000 9.999 0.999 99.999 0.999 99.999 0.999 999.999 0.999 999.999 0.999 99.999 0.999 9.999 0.999 9.999 0.999
246.291667 247.291667  109.10 0.000  0.70 0.000 9.999 0.259000 9.99 0.259000 0.026 0.000  0.611 0.000  1.100 0.000  14.413 0.000   9.907 0.000  4.505 0.000 0.041 0.000 0.367 0.000
249.291667 250.291667  119.76 0.000  0.60 0.000 9.999 0.259000 9.99 0.259000 0.024 0.000  1.400 0.000  2.520 0.000  20.528 0.000  14.036 0.000  6.491 0.000 0.049 0.000 0.436 0.000
252.291667 253.291667   97.75 0.000  0.64 0.000 9.999 0.259000 9.99 0.259000 0.020 0.000  0.568 0.000  1.022 0.000  19.483 0.000  15.754 0.000  3.730 0.000 0.045 0.000 0.222 0.000
255.291667 256.291667   10.49 0.000  0.43 0.000 0.009 0.000000 9.99 0.259000 0.031 0.000  1.052 0.000  1.893 0.000   4.316 0.000   1.821 0.000  2.520 0.000 0.007 0.000 0.100 0.000
258.291667 259.291667  125.00 0.000  0.65 0.000 9.999 0.259000 0.06 0.000000 0.016 0.000  0.769 0.000  1.384 0.000  12.585 0.000   8.843 0.000  3.742 0.000 0.046 0.000 0.165 0.000
261.291667 262.291667  127.08 0.000  0.74 0.000 9.999 0.259000 9.99 0.259000 0.041 0.000  0.972 0.000  1.750 0.000  19.662 0.000  14.023 0.000  5.454 0.000 0.047 0.000 0.405 0.000
