scripts/IMPROVE-2019_partial/data/US9055R.20130101070000.20191216000000.filterpack...52w.3d.US03L_filterpack_US9055.US03L_IMPROVE_Davis.lev2.nas
52 1001
MISSING INFORMATION
US03L, IMPROVE, , , , , , , 
MISSING INFORMATION
IMPROVE sel_HTAP
1 1
2013 01 01 2019 12 16
3.000000
days from file reference point
5
1 1 1 1 1
999.999999 999.999 9.999 999.999 9.999
end_time of measurement, days from the file reference point
pm10_mass, ug/m3, Matrix=pm10
numflag pm10_mass, no unit, Matrix=pm10
pm25_mass, ug/m3, Matrix=pm25
numflag pm25_mass, no unit, Matrix=pm25
0
33
Data definition:              EBAS_1.1
Set type code:                TU
Timezone:                     UTC
File name:                    US9055R.20130101070000.20191216000000.filterpack...52w.3d.US03L_filterpack_US9055.US03L_IMPROVE_Davis.lev2.nas
File creation:                20191218120914
Startdate:                    20130101070000
Revision date:                20191216000000
Version:                      2
Version description:          "Data extracted from http://views.cira.colostate.edu/fed/DataWizard 2019-12-16"
Statistics:                   arithmetic mean
Data level:                   2
Period code:                  52w
Resolution code:              3d
Sample duration:              1d
Orig. time res.:              3d
Station code:                 US9055R
Platform code:                US9055S
Station name:                 Sawtooth NF
Station latitude:             44.1705
Station longitude:            -114.9271
Station altitude:             1990.0 m
Regime:                       IMG
Component:                    
Unit:                         ug/m3
Matrix:                       
Laboratory code:              US03L
Instrument type:              filterpack
Instrument name:              filterpack_US9055
Method ref:                   US03L_IMPROVE_Davis
Blank correction:             Blank corrected
Volume std. temperature:      ambient
Volume std. pressure:         ambient
starttime endtime PM10 flag_PM10 PM2.5 flag_PM2.5
  0.291667   1.291667   0.994 0.659   0.886 0.659
  3.291667   4.291667   1.363 0.659   1.146 0.659
  6.291667   7.291667   1.933 0.659   1.698 0.659
  9.291667  10.291667 999.999 0.999 999.999 0.999
 12.291667  13.291667   1.600 0.000   1.467 0.000
 15.291667  16.291667   1.463 0.000   1.057 0.000
 18.291667  19.291667   1.755 0.000   1.434 0.000
 21.291667  22.291667   0.666 0.000   0.659 0.000
 24.291667  25.291667   0.707 0.000   0.660 0.000
 27.291667  28.291667   0.504 0.000   0.411 0.000
 30.291667  31.291667   0.582 0.000   0.600 0.000
 33.291667  34.291667   1.081 0.000   0.811 0.000
 36.291667  37.291667   0.620 0.000   0.531 0.000
 39.291667  40.291667   1.132 0.000   0.760 0.000
 42.291667  43.291667   1.079 0.000   1.325 0.000
 45.291667  46.291667   1.203 0.000   0.739 0.000
 48.291667  49.291667   0.539 0.000   0.343 0.000
 51.291667  52.291667   0.925 0.000   0.663 0.000
 54.291667  55.291667   0.627 0.000   0.437 0.000
 57.291667  58.291667 999.999 0.999 999.999 0.999
 60.291667  61.291667   1.276 0.000   0.738 0.000
 63.291667  64.291667   2.256 0.000   1.283 0.000
 66.291667  67.291667   3.930 0.000   1.573 0.000
 69.291667  70.291667   1.244 0.000   0.745 0.000
 72.291667  73.291667   4.250 0.000   2.454 0.000
 75.291667  76.291667   1.204 0.000   0.656 0.000
 78.291667  79.291667 999.999 0.999 999.999 0.999
 81.291667  82.291667   1.810 0.000   1.362 0.000
 84.291667  85.291667   2.084 0.000   1.448 0.000
 87.291667  88.291667 999.999 0.999 999.999 0.999
 90.291667  91.291667 999.999 0.999 999.999 0.999
 93.291667  94.291667 999.999 0.999 999.999 0.999
 96.291667  97.291667 999.999 0.999 999.999 0.999
 99.291667 100.291667   2.751 0.659   1.994 0.659
102.291667 103.291667   2.265 0.659   1.405 0.659
105.291667 106.291667 999.999 0.456 999.999 0.456
108.291667 109.291667   1.574 0.000   0.962 0.000
111.291667 112.291667   1.539 0.000   0.929 0.000
114.291667 115.291667   7.163 0.000   4.856 0.000
117.291667 118.291667   7.101 0.000   3.988 0.000
120.291667 121.291667   2.904 0.000   1.882 0.000
123.291667 124.291667   2.683 0.000   1.488 0.000
126.291667 127.291667   5.713 0.000   3.659 0.000
129.291667 130.291667   6.330 0.000   4.225 0.000
132.291667 133.291667  12.026 0.000   3.736 0.000
135.291667 136.291667   3.995 0.000   2.133 0.000
138.291667 139.291667   1.970 0.000   1.294 0.000
141.291667 142.291667   8.098 0.000   2.536 0.000
144.291667 145.291667   4.507 0.000   2.094 0.000
147.291667 148.291667   1.038 0.000   0.689 0.000
150.291667 151.291667 999.999 0.456   1.439 0.000
153.291667 154.291667   2.201 0.000   1.381 0.000
156.291667 157.291667   4.500 0.000   2.519 0.000
159.291667 160.291667   3.439 0.000   1.734 0.000
162.291667 163.291667   7.742 0.000   3.387 0.000
165.291667 166.291667 999.999 0.456 999.999 0.456
168.291667 169.291667   9.781 0.000   3.460 0.000
171.291667 172.291667   2.309 0.000   1.161 0.000
174.291667 175.291667   3.603 0.000   1.412 0.000
177.291667 178.291667   4.000 0.000   2.314 0.000
180.291667 181.291667   8.188 0.000   4.642 0.000
183.291667 184.291667 999.999 0.456   8.185 0.000
186.291667 187.291667 999.999 0.456   3.181 0.000
189.291667 190.291667 999.999 0.456   3.569 0.000
192.291667 193.291667   5.908 0.000   2.422 0.000
195.291667 196.291667   6.383 0.000   3.040 0.000
198.291667 199.291667 999.999 0.999 999.999 0.999
201.291667 202.291667 999.999 0.999 999.999 0.999
204.291667 205.291667  18.151 0.000  12.970 0.000
207.291667 208.291667  12.591 0.000   7.063 0.000
210.291667 211.291667   9.575 0.000   5.686 0.000
213.291667 214.291667   6.997 0.000   4.163 0.000
216.291667 217.291667   9.094 0.000   4.525 0.000
219.291667 220.291667  16.914 0.000  11.995 0.000
222.291667 223.291667  50.573 0.000  39.330 0.000
225.291667 226.291667  41.200 0.000  32.599 0.000
228.291667 229.291667  23.377 0.000  15.989 0.000
231.291667 232.291667  12.919 0.000   9.056 0.000
234.291667 235.291667  30.095 0.000  22.066 0.000
237.291667 238.291667  29.272 0.000  22.364 0.000
240.291667 241.291667  14.117 0.000   9.819 0.000
243.291667 244.291667  44.181 0.000  37.595 0.000
246.291667 247.291667   6.322 0.000   5.790 0.000
249.291667 250.291667  11.164 0.000   7.499 0.000
252.291667 253.291667   3.383 0.000   2.997 0.000
255.291667 256.291667   3.064 0.000 999.999 0.456
258.291667 259.291667   5.050 0.000 999.999 0.456
261.291667 262.291667   2.556 0.000   1.614 0.000
264.291667 265.291667   4.038 0.000   1.873 0.000
267.291667 268.291667 999.999 0.999 999.999 0.999
270.291667 271.291667   1.614 0.000   0.917 0.000
273.291667 274.291667   3.109 0.000   1.967 0.000
276.291667 277.291667   1.041 0.000   0.852 0.000
279.291667 280.291667   3.568 0.000   2.105 0.000
282.291667 283.291667 999.999 0.999 999.999 0.999
285.291667 286.291667 999.999 0.999 999.999 0.999
288.291667 289.291667 999.999 0.999 999.999 0.999
291.291667 292.291667   2.947 0.000   2.233 0.000
294.291667 295.291667   2.050 0.000 999.999 0.999
297.291667 298.291667   3.206 0.000   1.896 0.000
300.291667 301.291667   1.415 0.000   1.088 0.000
303.291667 304.291667   2.720 0.000   2.404 0.000
306.291667 307.291667   1.259 0.000   0.871 0.000
309.291667 310.291667   2.139 0.000   1.654 0.000
312.291667 313.291667   1.784 0.000   1.459 0.000
315.291667 316.291667   4.830 0.000   3.946 0.000
318.291667 319.291667   4.533 0.000   2.764 0.000
321.291667 322.291667   2.298 0.000   1.480 0.000
324.291667 325.291667   4.647 0.000   3.136 0.000
327.291667 328.291667   1.252 0.000   1.046 0.000
330.291667 331.291667 999.999 0.999 999.999 0.999
333.291667 334.291667 999.999 0.999 999.999 0.999
336.291667 337.291667   1.073 0.000   0.703 0.000
339.291667 340.291667   1.756 0.000   1.582 0.000
342.291667 343.291667   1.371 0.000   1.091 0.000
345.291667 346.291667   1.189 0.000   1.022 0.000
348.291667 349.291667   0.885 0.000   0.704 0.000
351.291667 352.291667   1.468 0.000   1.270 0.000
354.291667 355.291667   0.460 0.000   0.342 0.000
357.291667 358.291667   0.544 0.000   0.490 0.000
360.291667 361.291667 999.999 0.999 999.999 0.999
363.291667 364.291667 999.999 0.999 999.999 0.999
