scripts/IMPROVE-2019_partial/data/US9039R.20040101070000.20191216000000.filterpack..pm25.52w.1w.US03L_filterpack_US9039.US03L_IMPROVE_Davis.lev2.nas
66 1001
MISSING INFORMATION
US03L, IMPROVE, , , , , , , 
MISSING INFORMATION
IMPROVE sel_HTAP
1 1
2004 01 01 2019 12 16
3.000000
days from file reference point
27
1 1 1 1 1 1 1 1 1 1 1 1 1 1 1 1 1 1 1 1 1 1 1 1 1 1 1
999.999999 9999.99 9.999 99.99 9.999 9.999 9.999 9.99 9.999 9.999 9.999 99.999 9.999 99.999 9.999 999.99 9.999999 999.999 9.999 999.999 9.999 999.999 9.999 9.999 9.999 9.999 9.999
end_time of measurement, days from the file reference point
iron, ng/m3, Revision date=20181210133000
numflag iron, no unit, Revision date=20181210133000
lead, ng/m3, Revision date=20181210133000
numflag lead, no unit, Revision date=20181210133000
magnesium, ug/m3, Revision date=20181210133000
numflag magnesium, no unit, Revision date=20181210133000
nickel, ng/m3, Revision date=20181210133000
numflag nickel, no unit, Revision date=20181210133000
nitrate, ug N/m3, Revision date=20181210133000
numflag nitrate, no unit, Revision date=20181210133000
organic_carbon, ug C/m3, Revision date=20181210133000
numflag organic_carbon, no unit, Revision date=20181210133000
organic_mass, ug/m3, Revision date=20181210133000
numflag organic_mass, no unit, Revision date=20181210133000
phosphorus, ng/m3, Revision date=20181210133000
numflag phosphorus, no unit, Revision date=20181210133000
pm10_mass, ug/m3, Version=2, Version description=Data extracted from http://views.cira.colostate.edu/fed/DataWizard 2019-12-16, Sample duration=1d, Orig. time res.=3d, Matrix=pm10, Blank correction=Blank corrected, Volume std. temperature=ambient, Volume std. pressure=ambient
numflag pm10_mass, no unit, Version=2, Version description=Data extracted from http://views.cira.colostate.edu/fed/DataWizard 2019-12-16, Sample duration=1d, Orig. time res.=3d, Matrix=pm10, Blank correction=Blank corrected, Volume std. temperature=ambient, Volume std. pressure=ambient
pm10_pm25_mass, ug/m3, Revision date=20181210133000, Matrix=pm10_pm25
numflag pm10_pm25_mass, no unit, Revision date=20181210133000, Matrix=pm10_pm25
pm25_mass, ug/m3, Version=2, Version description=Data extracted from http://views.cira.colostate.edu/fed/DataWizard 2019-12-16, Sample duration=1d, Orig. time res.=3d, Blank correction=Blank corrected, Volume std. temperature=ambient, Volume std. pressure=ambient
numflag pm25_mass, no unit, Version=2, Version description=Data extracted from http://views.cira.colostate.edu/fed/DataWizard 2019-12-16, Sample duration=1d, Orig. time res.=3d, Blank correction=Blank corrected, Volume std. temperature=ambient, Volume std. pressure=ambient
potassium, ug/m3, Revision date=20181210133000
numflag potassium, no unit, Revision date=20181210133000
sulphate_total, ug S/m3, Revision date=20181210133000
numflag sulphate_total, no unit, Revision date=20181210133000
0
25
Data definition:              EBAS_1.1
Set type code:                TU
Timezone:                     UTC
File name:                    US9039R.20040101070000.20191216000000.filterpack..pm25.52w.1w.US03L_filterpack_US9039.US03L_IMPROVE_Davis.lev2.nas
File creation:                20191218120801
Startdate:                    20040101070000
Revision date:                20191216000000
Statistics:                   arithmetic mean
Data level:                   2
Period code:                  52w
Resolution code:              1w
Station code:                 US9039R
Platform code:                US9039S
Station name:                 Saguaro West
Station latitude:             32.2486
Station longitude:            -111.2178
Station altitude:             714.0 m
Regime:                       IMG
Component:                    
Matrix:                       pm25
Laboratory code:              US03L
Instrument type:              filterpack
Instrument name:              filterpack_US9039
Method ref:                   US03L_IMPROVE_Davis
starttime endtime Fe flag_Fe Pb flag_Pb Mg++ flag_Mg++ Ni flag_Ni NO3- flag_NO3- OC flag_OC OM flag_OM P flag_P PM10 flag_PM10 PM10-PM2.5 flag_PM10-PM2.5 PM2.5 flag_PM2.5 K+ flag_K+ SO4-- flag_SO4--
[from data line 84]
252.291667 253.291667  157.98 0.000  1.19 0.000 9.999 0.259 9.99 0.259 0.036 0.000  0.939 0.000  1.315 0.000 999.99 0.259000  15.432 0.000   9.136 0.000   6.296 0.000 0.109 0.000 0.264 0.000
255.291667 256.291667  142.12 0.000  1.58 0.000 9.999 0.259 0.16 0.000 0.046 0.000  0.962 0.000  1.347 0.000 999.99 0.259000  18.559 0.000  11.740 0.000   6.819 0.000 0.124 0.000 0.485 0.000
258.291667 259.291667   86.99 0.000  0.41 0.000 9.999 0.259 0.28 0.000 0.094 0.000  0.519 0.000  0.727 0.000 999.99 0.259000  16.772 0.000  11.409 0.000   5.363 0.000 0.072 0.000 0.492 0.000
261.291667 262.291667   48.53 0.000  0.83 0.000 9.999 0.259 0.20 0.000 0.049 0.000  0.939 0.000  1.315 0.000 999.99 0.259000   8.905 0.000   3.728 0.000   5.177 0.000 0.043 0.000 0.524 0.000
264.291667 265.291667   67.68 0.000  0.50 0.000 9.999 0.259 9.99 0.259 0.083 0.000  0.300 0.000  0.421 0.000 999.99 0.259000  11.466 0.000   8.161 0.000   3.305 0.000 0.045 0.000 0.231 0.000
267.291667 268.291667  140.83 0.000  2.25 0.000 9.999 0.259 0.08 0.000 0.051 0.000  0.863 0.000  1.208 0.000 999.99 0.259000  17.770 0.000  11.732 0.000   6.037 0.000 0.099 0.000 0.381 0.000
270.291667 271.291667   62.17 0.000  0.39 0.000 9.999 0.259 9.99 0.259 0.024 0.000  0.647 0.000  0.905 0.000 999.99 0.259000   9.503 0.000   6.015 0.000   3.488 0.000 0.044 0.000 0.256 0.000
273.291667 274.291667   80.45 0.000  0.51 0.000 9.999 0.259 9.99 0.259 0.044 0.000  0.625 0.000  0.876 0.000 999.99 0.259000   9.665 0.000   6.023 0.000   3.642 0.000 0.058 0.000 0.158 0.000
276.291667 277.291667   69.92 0.000  1.26 0.000 9.999 0.259 0.13 0.000 0.052 0.000  0.667 0.000  0.935 0.000 999.99 0.259000  14.417 0.000   9.920 0.000   4.497 0.000 0.055 0.000 0.374 0.000
279.291667 280.291667  156.69 0.000  1.04 0.000 9.999 0.259 0.09 0.000 0.072 0.000  0.777 0.000  1.088 0.000 999.99 0.259000  23.039 0.000  15.508 0.000   7.531 0.000 0.119 0.000 0.382 0.000
282.291667 283.291667   54.78 0.000  0.63 0.000 9.999 0.259 0.07 0.000 0.025 0.000  0.584 0.000  0.818 0.000 999.99 0.259000  12.305 0.000   8.802 0.000   3.503 0.000 0.037 0.000 0.284 0.000
285.291667 286.291667   62.24 0.000  1.08 0.000 9.999 0.259 0.16 0.000 0.074 0.000  0.465 0.000  0.651 0.000 999.99 0.259000  12.069 0.000   7.781 0.000   4.288 0.000 0.053 0.000 0.400 0.000
288.291667 289.291667  155.09 0.000  1.42 0.000 9.999 0.259 9.99 0.259 0.041 0.000  0.535 0.000  0.749 0.000 999.99 0.259000  17.933 0.000  12.377 0.000   5.556 0.000 0.109 0.000 0.179 0.000
291.291667 292.291667   85.66 0.000  0.72 0.000 9.999 0.259 9.99 0.259 0.199 0.000  0.498 0.000  0.697 0.000 999.99 0.259000  21.364 0.000  14.881 0.000   6.484 0.000 0.089 0.000 0.430 0.000
294.291667 295.291667  431.07 0.000  0.31 0.000 9.999 0.259 9.99 0.259 0.073 0.000  0.416 0.000  0.582 0.000 999.99 0.259000  43.320 0.000  32.627 0.000  10.693 0.000 0.304 0.000 0.170 0.000
297.291667 298.291667   29.03 0.000  0.62 0.000 9.999 0.259 9.99 0.259 0.064 0.000  0.386 0.000  0.540 0.000 999.99 0.259000   7.353 0.000   4.814 0.000   2.539 0.000 0.035 0.000 0.236 0.000
300.291667 301.291667   99.04 0.000  0.80 0.000 9.999 0.259 0.13 0.000 0.076 0.000  0.670 0.000  0.938 0.000 999.99 0.259000  20.629 0.000  16.469 0.000   4.160 0.000 0.079 0.000 0.332 0.000
303.291667 304.291667   33.63 0.000  2.16 0.000 9.999 0.259 9.99 0.259 0.952 0.000  1.092 0.000  1.529 0.000 999.99 0.259000   7.232 0.000   3.343 0.000   3.889 0.000 0.025 0.000 0.260 0.000
306.291667 307.291667   52.09 0.000  1.64 0.000 9.999 0.259 0.08 0.000 0.044 0.000  0.456 0.000  0.638 0.000 999.99 0.259000  10.518 0.000   7.750 0.000   2.768 0.000 0.041 0.000 0.173 0.000
309.291667 310.291667   85.83 0.000  1.11 0.000 9.999 0.259 0.29 0.000 0.035 0.000  0.578 0.000  0.809 0.000 999.99 0.259000  11.916 0.000   8.213 0.000   3.704 0.000 0.056 0.000 0.219 0.000
312.291667 313.291667   17.04 0.000  0.60 0.000 0.057 0.000 0.16 0.000 0.159 0.000  0.905 0.000  1.267 0.000 999.99 0.259000   4.931 0.000   2.698 0.000   2.233 0.000 0.019 0.000 0.194 0.000
315.291667 316.291667   95.12 0.000  1.70 0.000 9.999 0.259 9.99 0.259 0.100 0.000  0.996 0.000  1.394 0.000 999.99 0.259000  13.437 0.000   8.490 0.000   4.947 0.000 0.084 0.000 0.205 0.000
318.291667 319.291667   26.09 0.000  0.45 0.000 9.999 0.259 9.99 0.259 0.036 0.000  0.334 0.000  0.467 0.000 999.99 0.259000   8.054 0.000   6.395 0.000   1.659 0.000 0.026 0.000 0.125 0.000
321.291667 322.291667   75.09 0.000  1.42 0.000 9.999 0.259 9.99 0.259 0.151 0.000  0.773 0.000  1.083 0.000 999.99 0.259000  15.204 0.000  11.062 0.000   4.142 0.000 0.068 0.000 0.198 0.000
324.291667 325.291667   64.50 0.000  0.93 0.000 9.999 0.259 0.08 0.000 0.092 0.000  0.590 0.000  0.825 0.000 999.99 0.259000  13.807 0.000   9.769 0.000   4.038 0.000 0.058 0.000 0.301 0.000
327.291667 328.291667   13.20 0.000 99.99 0.259 0.181 0.000 0.10 0.000 0.059 0.000  0.355 0.000  0.497 0.000 999.99 0.259000   2.030 0.000   0.440 0.000   1.590 0.000 0.014 0.000 0.125 0.000
330.291667 331.291667   36.85 0.000  1.37 0.000 9.999 0.259 0.14 0.000 0.241 0.000  0.994 0.000  1.392 0.000 999.99 0.259000   6.287 0.000   2.236 0.000   4.051 0.000 0.050 0.000 0.276 0.000
333.291667 334.291667   23.50 0.000  0.66 0.000 9.999 0.259 9.99 0.259 0.088 0.000  0.199 0.000  0.278 0.000 999.99 0.259000   4.919 0.000   3.416 0.000   1.503 0.000 0.018 0.000 0.116 0.000
336.291667 337.291667  129.19 0.000  2.36 0.000 9.999 0.259 0.14 0.000 0.180 0.000  1.146 0.000  1.604 0.000 999.99 0.259000  23.287 0.000  17.256 0.000   6.031 0.000 0.131 0.000 0.184 0.000
339.291667 340.291667   10.30 0.000  0.55 0.000 9.999 0.259 0.21 0.000 0.043 0.000  0.402 0.000  0.563 0.000 999.99 0.259000   3.575 0.000   1.595 0.000   1.980 0.000 0.017 0.000 0.206 0.000
342.291667 343.291667   37.82 0.000  1.06 0.000 9.999 0.259 0.15 0.000 0.381 0.000  0.843 0.000  1.180 0.000 999.99 0.259000   5.753 0.000   2.751 0.000   3.002 0.000 0.036 0.000 0.133 0.000
345.291667 346.291667   53.04 0.000  1.41 0.000 9.999 0.259 9.99 0.259 0.095 0.000  0.695 0.000  0.972 0.000 999.99 0.259000   7.026 0.000   4.650 0.000   2.376 0.000 0.036 0.000 0.103 0.000
348.291667 349.291667   62.56 0.000  1.22 0.000 9.999 0.259 0.12 0.000 0.075 0.000  0.601 0.000  0.842 0.000 999.99 0.259000  14.118 0.000  10.818 0.000   3.300 0.000 0.048 0.000 0.179 0.000
351.291667 352.291667   47.55 0.000  0.36 0.000 9.999 0.259 9.99 0.259 0.030 0.000  0.289 0.000  0.405 0.000 999.99 0.259000   8.389 0.000   5.766 0.000   2.623 0.000 0.034 0.000 0.199 0.000
354.291667 355.291667   69.88 0.000  1.87 0.000 0.056 0.000 0.16 0.000 0.023 0.000  0.565 0.000  0.792 0.000 999.99 0.259000  10.150 0.000   5.408 0.000   4.742 0.000 0.075 0.000 0.426 0.000
357.291667 358.291667  118.94 0.000  3.91 0.000 9.999 0.259 9.99 0.259 0.305 0.000  0.759 0.000  1.062 0.000 999.99 0.259000  16.080 0.000  10.764 0.000   5.316 0.000 0.085 0.000 0.128 0.000
360.291667 361.291667   85.47 0.000  1.54 0.000 9.999 0.259 9.99 0.259 0.065 0.000  0.910 0.000  1.275 0.000 999.99 0.259000  16.906 0.000  12.348 0.000   4.558 0.000 0.100 0.000 0.112 0.000
363.291667 364.291667   31.94 0.000  0.25 0.000 9.999 0.259 0.16 0.000 0.020 0.000  0.356 0.000  0.498 0.000 999.99 0.259000   4.981 0.000   3.155 0.000   1.826 0.000 0.028 0.000 0.131 0.000
