scripts/IMPROVE-2019_partial/data/US9021R.20030103050000.20191216000000.filterpack..pm25.1y.1w.US03L_filterpack_US9021.US03L_IMPROVE_Davis.lev2.nas
64 1001
MISSING INFORMATION
US03L, IMPROVE, , , , , , , 
MISSING INFORMATION
IMPROVE sel_HTAP
1 1
2003 01 01 2019 12 16
3.000000
days from file reference point
25
1 1 1 1 1 1 1 1 1 1 1 1 1 1 1 1 1 1 1 1 1 1 1 1 1
999.999999 9999.99 9.999 999.99 9.999 9.999 9.999999 99.99 9.999 99.999 9.999999 99.999 9.999 99.999 9.999 999.999 9.999 999.999 9.999 999.999 9.999 9.999 9.999 99.999 9.999999
end_time of measurement, days from the file reference point
iron, ng/m3, Revision date=20181210133000
numflag iron, no unit, Revision date=20181210133000
lead, ng/m3, Revision date=20181210133000
numflag lead, no unit, Revision date=20181210133000
magnesium, ug/m3, Revision date=20181210133000
numflag magnesium, no unit, Revision date=20181210133000
nickel, ng/m3, Revision date=20181210133000
numflag nickel, no unit, Revision date=20181210133000
nitrate, ug N/m3, Revision date=20181210133000
numflag nitrate, no unit, Revision date=20181210133000
organic_carbon, ug C/m3, Revision date=20181210133000
numflag organic_carbon, no unit, Revision date=20181210133000
organic_mass, ug/m3, Revision date=20181210133000
numflag organic_mass, no unit, Revision date=20181210133000
pm10_mass, ug/m3, Version=2, Version description=Data extracted from http://views.cira.colostate.edu/fed/DataWizard 2019-12-16, Sample duration=1d, Orig. time res.=3d, Matrix=pm10, Blank correction=Blank corrected, Volume std. temperature=ambient, Volume std. pressure=ambient
numflag pm10_mass, no unit, Version=2, Version description=Data extracted from http://views.cira.colostate.edu/fed/DataWizard 2019-12-16, Sample duration=1d, Orig. time res.=3d, Matrix=pm10, Blank correction=Blank corrected, Volume std. temperature=ambient, Volume std. pressure=ambient
pm10_pm25_mass, ug/m3, Revision date=20181210133000, Matrix=pm10_pm25
numflag pm10_pm25_mass, no unit, Revision date=20181210133000, Matrix=pm10_pm25
pm25_mass, ug/m3, Version=2, Version description=Data extracted from http://views.cira.colostate.edu/fed/DataWizard 2019-12-16, Sample duration=1d, Orig. time res.=3d, Blank correction=Blank corrected, Volume std. temperature=ambient, Volume std. pressure=ambient
numflag pm25_mass, no unit, Version=2, Version description=Data extracted from http://views.cira.colostate.edu/fed/DataWizard 2019-12-16, Sample duration=1d, Orig. time res.=3d, Blank correction=Blank corrected, Volume std. temperature=ambient, Volume std. pressure=ambient
potassium, ug/m3, Revision date=20181210133000
numflag potassium, no unit, Revision date=20181210133000
sulphate_total, ug S/m3, Revision date=20181210133000
numflag sulphate_total, no unit, Revision date=20181210133000
0
25
Data definition:              EBAS_1.1
Set type code:                TU
Timezone:                     UTC
File name:                    US9021R.20030103050000.20191216000000.filterpack..pm25.1y.1w.US03L_filterpack_US9021.US03L_IMPROVE_Davis.lev2.nas
File creation:                20191218120631
Startdate:                    20030103050000
Revision date:                20191216000000
Statistics:                   arithmetic mean
Data level:                   2
Period code:                  1y
Resolution code:              1w
Station code:                 US9021R
Platform code:                US9021S
Station name:                 M.K. Goddard
Station latitude:             41.4269
Station longitude:            -80.1453
Station altitude:             379.0 m
Regime:                       IMG
Component:                    
Matrix:                       pm25
Laboratory code:              US03L
Instrument type:              filterpack
Instrument name:              filterpack_US9021
Method ref:                   US03L_IMPROVE_Davis
starttime endtime Fe flag_Fe Pb flag_Pb Mg++ flag_Mg++ Ni flag_Ni NO3- flag_NO3- OC flag_OC OM flag_OM PM10 flag_PM10 PM10-PM2.5 flag_PM10-PM2.5 PM2.5 flag_PM2.5 K+ flag_K+ SO4-- flag_SO4--
[from data line 86]
260.208333 261.208333   30.87 0.000   3.10 0.000 9.999 0.259000  0.89 0.000  0.065 0.000000  2.026 0.000  2.836 0.000  11.818 0.000   3.864 0.000   7.954 0.000 0.036 0.000  0.849 0.000000
263.208333 264.208333   16.28 0.000   2.95 0.000 9.999 0.259000  0.10 0.000  0.085 0.000000  1.925 0.000  2.695 0.000  14.904 0.000   3.716 0.000  11.188 0.000 0.034 0.000  1.722 0.000000
266.208333 267.208333   57.15 0.000   4.10 0.000 9.999 0.259000  0.28 0.000  0.105 0.000000  1.195 0.000  1.674 0.000  12.264 0.000   4.877 0.000   7.388 0.000 0.040 0.000  0.864 0.000000
269.208333 270.208333   37.01 0.000   1.93 0.000 9.999 0.259000  0.14 0.000  0.071 0.000000  1.506 0.000  2.109 0.000  16.285 0.000   3.689 0.000  12.596 0.000 0.033 0.000  1.862 0.000000
272.208333 273.208333  101.17 0.000   4.58 0.000 0.119 0.000000  0.64 0.000  0.207 0.000000  0.987 0.000  1.382 0.000   9.494 0.000   4.298 0.000   5.196 0.000 0.027 0.000  0.555 0.000000
275.208333 276.208333   62.47 0.000   6.06 0.000 0.050 0.000000  0.30 0.000  0.095 0.000000  0.911 0.000  1.275 0.000   7.394 0.000   3.072 0.000   4.322 0.000 0.034 0.000  0.385 0.000000
278.208333 279.208333   12.80 0.000   1.56 0.000 0.029 0.000000  0.15 0.000  0.068 0.000000  1.752 0.000  2.454 0.000   7.230 0.000   1.793 0.000   5.437 0.000 0.031 0.000  0.481 0.000000
281.208333 282.208333   63.02 0.000   4.49 0.000 9.999 0.259000  0.34 0.000  0.172 0.000000  2.625 0.000  3.675 0.000  23.377 0.000   5.155 0.000  18.222 0.000 0.056 0.000  2.753 0.000000
284.208333 285.208333   23.67 0.000   3.17 0.000 0.045 0.000000  0.24 0.000  0.095 0.000000  1.487 0.000  2.082 0.000  12.467 0.000   4.063 0.000   8.405 0.000 0.043 0.000  1.053 0.000000
287.208333 288.208333   15.26 0.000   1.31 0.000 0.077 0.000000  0.06 0.000  0.023 0.000000  0.634 0.000  0.888 0.000   5.556 0.000   2.903 0.000   2.653 0.000 0.013 0.000  0.262 0.000000
290.208333 291.208333   52.15 0.000   8.71 0.000 0.039 0.000000  0.16 0.000  0.265 0.000000  2.125 0.000  2.975 0.000  11.111 0.000   3.809 0.000   7.302 0.000 0.103 0.000  0.588 0.000000
293.208333 294.208333   46.70 0.000   2.93 0.000 0.027 0.000000  0.33 0.000  0.181 0.000000  1.419 0.000  1.986 0.000  13.705 0.000   6.113 0.000   7.592 0.000 0.049 0.000  0.845 0.000000
296.208333 297.208333   59.63 0.000   7.07 0.000 9.999 0.259000  0.45 0.000  0.327 0.000000  1.341 0.000  1.877 0.000   8.497 0.000   2.774 0.000   5.723 0.000 0.032 0.000  0.530 0.000000
299.208333 300.208333   62.78 0.000   4.46 0.000 9.999 0.259000  0.38 0.000  0.594 0.000000  1.233 0.000  1.727 0.000  10.172 0.000   2.599 0.000   7.573 0.000 0.034 0.000  0.666 0.000000
302.208333 303.208333   67.71 0.000   7.93 0.000 9.999 0.259000  0.33 0.000  0.195 0.000000  1.657 0.000  2.320 0.000  12.623 0.000   5.233 0.000   7.390 0.000 0.050 0.000  0.778 0.000000
305.208333 306.208333   38.05 0.000   5.68 0.000 9.999 0.259000  0.27 0.000  0.691 0.000000  2.793 0.000  3.910 0.000  21.889 0.000   5.795 0.000  16.094 0.000 0.060 0.000  2.247 0.000000
308.208333 309.208333   54.98 0.394   4.95 0.394 0.040 0.394000  0.44 0.394  0.190 0.394000  2.547 0.000  3.567 0.000  15.916 0.000   4.719 0.000  11.196 0.000 0.063 0.394  1.352 0.394000
311.208333 312.208333    8.37 0.000   1.08 0.000 9.999 0.259000  0.13 0.000  0.168 0.000000  0.712 0.000  0.997 0.000   4.643 0.000   1.726 0.000   2.918 0.000 0.020 0.000  0.299 0.000000
314.208333 315.208333   37.68 0.000   5.13 0.000 0.025 0.000000  0.33 0.000  0.401 0.000000  2.321 0.000  3.250 0.000  14.985 0.000   2.907 0.000  12.077 0.000 0.046 0.000  1.370 0.000000
317.208333 318.208333   22.92 0.000   1.46 0.000 9.999 0.259000  0.14 0.000  0.229 0.000000  0.727 0.000  1.018 0.000   6.291 0.000   3.145 0.000   3.146 0.000 0.024 0.000  0.174 0.000000
320.208333 321.208333   33.78 0.000   4.08 0.000 0.026 0.000000  0.21 0.000  0.164 0.000000  1.625 0.000  2.275 0.000   9.640 0.000   1.776 0.000   7.864 0.000 0.034 0.000  1.065 0.000000
323.208333 324.208333   33.50 0.000   3.02 0.000 9.999 0.259000  0.21 0.000  0.235 0.000000  1.608 0.000  2.251 0.000   6.863 0.000   1.809 0.000   5.053 0.000 0.050 0.000  0.340 0.000000
326.208333 327.208333   35.11 0.000   5.04 0.000 9.999 0.259000  0.79 0.000  0.061 0.000000  2.932 0.000  4.105 0.000  14.539 0.000   3.839 0.000  10.700 0.000 0.058 0.000  1.115 0.000000
329.208333 330.208333   49.65 0.000   4.88 0.000 9.999 0.259000  0.56 0.000  0.183 0.000000  1.726 0.000  2.416 0.000  11.218 0.000   3.797 0.000   7.421 0.000 0.052 0.000  0.771 0.000000
332.208333 333.208333    9.55 0.000   1.08 0.000 0.061 0.000000 99.99 0.259  0.109 0.000000  0.649 0.000  0.909 0.000   4.520 0.000   0.854 0.000   3.666 0.000 0.015 0.000  0.512 0.000000
335.208333 336.208333    6.64 0.000   0.62 0.000 9.999 0.259000  0.12 0.000  0.035 0.000000  0.396 0.000  0.554 0.000   3.258 0.000   1.778 0.000   1.480 0.000 0.014 0.000  0.147 0.000000
338.208333 339.208333   22.87 0.000   2.39 0.000 9.999 0.259000  0.27 0.000  0.176 0.000000  1.093 0.000  1.530 0.000   6.159 0.000   1.411 0.000   4.748 0.000 0.034 0.000  0.458 0.000000
341.208333 342.208333   83.36 0.000   6.22 0.000 9.999 0.259000  1.07 0.000  0.704 0.000000  2.495 0.000  3.493 0.000  15.832 0.000   3.463 0.000  12.369 0.000 0.079 0.000  0.922 0.000000
344.208333 345.208333   22.41 0.000   1.16 0.000 9.999 0.259000  0.24 0.000  0.112 0.000000  0.660 0.000  0.924 0.000   6.082 0.000   1.592 0.000   4.490 0.000 0.016 0.000  0.698 0.000000
347.208333 348.208333   16.11 0.000   2.39 0.000 9.999 0.259000  0.86 0.000  0.422 0.000000  1.369 0.000  1.917 0.000   9.094 0.000   1.341 0.000   7.753 0.000 0.033 0.000  0.585 0.000000
350.208333 351.208333   25.95 0.000   1.74 0.000 9.999 0.259000  0.42 0.000  0.265 0.000000  0.769 0.000  1.076 0.000   8.506 0.000   2.813 0.000   5.693 0.000 0.025 0.000  0.823 0.000000
353.208333 354.208333   16.82 0.000   1.63 0.000 0.080 0.000000  0.31 0.000  0.172 0.000000  0.681 0.000  0.954 0.000   5.876 0.000   2.137 0.000   3.739 0.000 0.027 0.000  0.491 0.000000
356.208333 357.208333   30.50 0.000   1.96 0.000 9.999 0.259000  0.34 0.000  0.106 0.000000  1.493 0.000  2.090 0.000   9.288 0.000   2.692 0.000   6.596 0.000 0.051 0.000  0.826 0.000000
359.208333 360.208333   24.54 0.000   3.01 0.000 9.999 0.259000  0.11 0.000  0.278 0.000000  1.101 0.000  1.542 0.000   7.027 0.000   1.407 0.000   5.620 0.000 0.033 0.000  0.546 0.000000
362.208333 363.208333   98.76 0.000   6.38 0.000 9.999 0.259000  0.53 0.000  0.075 0.000000  2.602 0.000  3.643 0.000  12.862 0.000   4.630 0.000   8.232 0.000 0.085 0.000  0.726 0.000000
