scripts/IMPROVE-2019_partial/data/US9058R.20040101060000.20191216000000.filterpack..pm25.52w.1w.US03L_filterpack_US9058.US03L_IMPROVE_Davis.lev2.nas
66 1001
MISSING INFORMATION
US03L, IMPROVE, , , , , , , 
MISSING INFORMATION
IMPROVE sel_HTAP
1 1
2004 01 01 2019 12 16
3.00
days from file reference point
27
1 1 1 1 1 1 1 1 1 1 1 1 1 1 1 1 1 1 1 1 1 1 1 1 1 1 1
999.99 9999.99 9.999 99.99 9.999 9.999 9.999999 9.99 9.999999 99.999 9.999 999.999 9.999 999.999 9.999 999.99 9.999999 999.999 9.999 999.999 9.999 999.999 9.999 9.999 9.999 99.999 9.999
end_time of measurement, days from the file reference point
iron, ng/m3, Revision date=20181210133000
numflag iron, no unit, Revision date=20181210133000
lead, ng/m3, Revision date=20181210133000
numflag lead, no unit, Revision date=20181210133000
magnesium, ug/m3, Revision date=20181210133000
numflag magnesium, no unit, Revision date=20181210133000
nickel, ng/m3, Revision date=20181210133000
numflag nickel, no unit, Revision date=20181210133000
nitrate, ug N/m3, Revision date=20181210133000
numflag nitrate, no unit, Revision date=20181210133000
organic_carbon, ug C/m3, Revision date=20181210133000
numflag organic_carbon, no unit, Revision date=20181210133000
organic_mass, ug/m3, Revision date=20181210133000
numflag organic_mass, no unit, Revision date=20181210133000
phosphorus, ng/m3, Revision date=20181210133000
numflag phosphorus, no unit, Revision date=20181210133000
pm10_mass, ug/m3, Version=2, Version description=Data extracted from http://views.cira.colostate.edu/fed/DataWizard 2019-12-16, Sample duration=1d, Orig. time res.=3d, Matrix=pm10, Blank correction=Blank corrected, Volume std. temperature=ambient, Volume std. pressure=ambient
numflag pm10_mass, no unit, Version=2, Version description=Data extracted from http://views.cira.colostate.edu/fed/DataWizard 2019-12-16, Sample duration=1d, Orig. time res.=3d, Matrix=pm10, Blank correction=Blank corrected, Volume std. temperature=ambient, Volume std. pressure=ambient
pm10_pm25_mass, ug/m3, Revision date=20181210133000, Matrix=pm10_pm25
numflag pm10_pm25_mass, no unit, Revision date=20181210133000, Matrix=pm10_pm25
pm25_mass, ug/m3, Version=2, Version description=Data extracted from http://views.cira.colostate.edu/fed/DataWizard 2019-12-16, Sample duration=1d, Orig. time res.=3d, Blank correction=Blank corrected, Volume std. temperature=ambient, Volume std. pressure=ambient
numflag pm25_mass, no unit, Version=2, Version description=Data extracted from http://views.cira.colostate.edu/fed/DataWizard 2019-12-16, Sample duration=1d, Orig. time res.=3d, Blank correction=Blank corrected, Volume std. temperature=ambient, Volume std. pressure=ambient
potassium, ug/m3, Revision date=20181210133000
numflag potassium, no unit, Revision date=20181210133000
sulphate_total, ug S/m3, Revision date=20181210133000
numflag sulphate_total, no unit, Revision date=20181210133000
0
25
Data definition:              EBAS_1.1
Set type code:                TU
Timezone:                     UTC
File name:                    US9058R.20040101060000.20191216000000.filterpack..pm25.52w.1w.US03L_filterpack_US9058.US03L_IMPROVE_Davis.lev2.nas
File creation:                20191218120923
Startdate:                    20040101060000
Revision date:                20191216000000
Statistics:                   arithmetic mean
Data level:                   2
Period code:                  52w
Resolution code:              1w
Station code:                 US9058R
Platform code:                US9058S
Station name:                 Tallgrass
Station latitude:             38.4341
Station longitude:            -96.5602
Station altitude:             390.0 m
Regime:                       IMG
Component:                    
Matrix:                       pm25
Laboratory code:              US03L
Instrument type:              filterpack
Instrument name:              filterpack_US9058
Method ref:                   US03L_IMPROVE_Davis
starttime endtime Fe flag_Fe Pb flag_Pb Mg++ flag_Mg++ Ni flag_Ni NO3- flag_NO3- OC flag_OC OM flag_OM P flag_P PM10 flag_PM10 PM10-PM2.5 flag_PM10-PM2.5 PM2.5 flag_PM2.5 K+ flag_K+ SO4-- flag_SO4--
[from data line 83]
249.25 250.25    9.76 0.000  0.18 0.000 9.999 0.259000 9.99 0.259000  0.015 0.000   0.850 0.000   1.190 0.000 999.99 0.259000   6.283 0.000   4.069 0.000   2.214 0.000 0.011 0.000  0.127 0.000
252.25 253.25   48.53 0.000  1.61 0.000 9.999 0.259000 9.99 0.259000  0.081 0.000   2.105 0.000   2.947 0.000 999.99 0.259000  23.479 0.000  16.929 0.000   6.550 0.000 0.040 0.000  0.376 0.000
255.25 256.25   55.53 0.000  1.82 0.000 9.999 0.259000 0.09 0.000000  0.053 0.000   3.589 0.000   5.024 0.000 999.99 0.259000  28.776 0.000  10.257 0.000  18.518 0.000 0.090 0.000  2.108 0.000
258.25 259.25   16.39 0.000 99.99 0.259 9.999 0.259000 0.20 0.000000  0.033 0.000   2.855 0.000   3.997 0.000 999.99 0.259000   6.495 0.000   2.637 0.000   3.858 0.000 0.026 0.000  0.398 0.000
261.25 262.25   47.92 0.000  1.94 0.000 9.999 0.259000 0.16 0.000000  0.057 0.000   2.744 0.000   3.842 0.000 999.99 0.259000  22.724 0.000   9.232 0.000  13.491 0.000 0.061 0.000  1.552 0.000
264.25 265.25   48.45 0.000  2.18 0.000 9.999 0.259000 0.26 0.000000  0.046 0.000   3.562 0.000   4.986 0.000 999.99 0.259000  23.848 0.000   9.700 0.000  14.148 0.000 0.071 0.000  1.484 0.000
267.25 268.25   16.88 0.000  0.30 0.000 0.073 0.000000 9.99 0.259000  0.100 0.000   1.565 0.000   2.191 0.000 999.99 0.259000   7.068 0.000   3.352 0.000   3.716 0.000 0.008 0.000  0.238 0.000
270.25 271.25   47.77 0.000  1.64 0.000 9.999 0.259000 9.99 0.259000  0.081 0.000   1.672 0.000   2.340 0.000 999.99 0.259000  22.107 0.000  15.009 0.000   7.098 0.000 0.032 0.000  0.667 0.000
273.25 274.25 9999.99 0.456 99.99 0.456 9.999 0.456000 9.99 0.456000  0.057 0.000   2.349 0.000   3.288 0.000 999.99 0.456000  24.884 0.000 999.999 0.999 999.999 0.456 9.999 0.456  1.084 0.000
276.25 277.25   38.00 0.000  1.29 0.000 9.999 0.259000 9.99 0.259000  0.027 0.000   1.009 0.000   1.413 0.000 999.99 0.259000  15.708 0.000  12.281 0.000   3.427 0.000 0.029 0.000  0.208 0.000
279.25 280.25 9999.99 0.456 99.99 0.456 9.999 0.456000 9.99 0.456000  0.206 0.394   2.914 0.000   4.080 0.000 999.99 0.456000  25.062 0.000 999.999 0.999 999.999 0.456 9.999 0.456  0.422 0.394
282.25 283.25   31.69 0.000  1.20 0.000 9.999 0.259000 9.99 0.259000  0.082 0.000   1.294 0.000   1.812 0.000 999.99 0.259000  14.011 0.000   8.219 0.000   5.792 0.000 0.032 0.000  0.536 0.000
285.25 286.25   37.93 0.000  2.77 0.000 9.999 0.259000 0.24 0.000000  0.108 0.000   1.111 0.000   1.556 0.000 999.99 0.259000  10.342 0.000   5.485 0.000   4.856 0.000 0.028 0.000  0.897 0.000
288.25 289.25   13.98 0.000  0.67 0.000 9.999 0.259000 9.99 0.259000  0.036 0.000   0.462 0.000   0.647 0.000 999.99 0.259000   4.616 0.000   2.933 0.000   1.683 0.000 0.013 0.000  0.135 0.000
291.25 292.25   39.10 0.000  2.53 0.000 9.999 0.259000 9.99 0.259000  0.235 0.000   1.938 0.000   2.714 0.000 999.99 0.259000  18.260 0.000   8.077 0.000  10.183 0.000 0.049 0.000  1.290 0.000
294.25 295.25   17.72 0.000  1.77 0.000 9.999 0.259000 9.99 0.259000  0.278 0.000   1.820 0.000   2.548 0.000 999.99 0.259000  13.523 0.000   2.879 0.000  10.644 0.000 0.034 0.000  1.488 0.000
297.25 298.25   23.61 0.000  0.62 0.000 9.999 0.259000 9.99 0.259000  0.038 0.000   1.036 0.000   1.450 0.000 999.99 0.259000   9.625 0.000   6.230 0.000   3.395 0.000 0.025 0.000  0.212 0.000
300.25 301.25   32.30 0.000  1.15 0.000 9.999 0.259000 9.99 0.259000  0.198 0.000   1.271 0.000   1.779 0.000 999.99 0.259000   8.177 0.000   1.970 0.000   6.207 0.000 0.019 0.000  0.782 0.000
303.25 304.25   18.39 0.000 99.99 0.259 9.999 0.259000 9.99 0.259000  0.018 0.000   0.928 0.000   1.299 0.000 999.99 0.259000   8.150 0.000   5.152 0.000   2.998 0.000 0.023 0.000  0.186 0.000
306.25 307.25   10.50 0.000  1.44 0.000 0.122 0.000000 9.99 0.259000  0.374 0.000   0.642 0.000   0.899 0.000 999.99 0.259000   8.472 0.000   1.230 0.000   7.242 0.000 0.027 0.000  1.209 0.000
309.25 310.25   23.21 0.000  0.78 0.000 9.999 0.259000 0.20 0.000000  0.117 0.000   1.066 0.000   1.492 0.000 999.99 0.259000   8.649 0.000   5.025 0.000   3.625 0.000 0.076 0.000  0.184 0.000
312.25 313.25   39.76 0.000  2.58 0.000 9.999 0.259000 9.99 0.259000  0.093 0.000   1.335 0.000   1.869 0.000 999.99 0.259000  16.399 0.000  11.688 0.000   4.711 0.000 0.055 0.000  0.258 0.000
315.25 316.25   16.38 0.000  0.69 0.000 9.999 0.259000 9.99 0.259000  0.329 0.000   0.703 0.000   0.985 0.000 999.99 0.259000   6.986 0.000   3.499 0.000   3.487 0.000 0.044 0.000  0.299 0.000
318.25 319.25   35.70 0.000  3.22 0.000 9.999 0.259000 0.14 0.000000  0.267 0.000   0.997 0.000   1.396 0.000 999.99 0.259000  10.166 0.000   4.374 0.000   5.792 0.000 0.036 0.000  0.598 0.000
321.25 322.25   21.75 0.000  1.68 0.000 9.999 0.259000 0.26 0.000000  0.240 0.000   1.596 0.000   2.235 0.000 999.99 0.259000  13.682 0.000   5.070 0.000   8.612 0.000 0.052 0.000  1.049 0.000
324.25 325.25   21.68 0.000  1.18 0.000 9.999 0.259000 0.23 0.000000  0.192 0.000   0.569 0.000   0.796 0.000 999.99 0.259000   6.283 0.000   3.397 0.000   2.886 0.000 0.039 0.000  0.242 0.000
327.25 328.25   10.85 0.000  0.86 0.000 9.999 0.259000 0.14 0.000000  0.595 0.000   0.652 0.000   0.913 0.000 999.99 0.259000   8.330 0.000   2.381 0.000   5.949 0.000 0.017 0.000  0.730 0.000
330.25 331.25   16.46 0.000  1.15 0.000 0.115 0.000000 0.24 0.000000  0.115 0.000   1.037 0.000   1.452 0.000 999.99 0.259000   7.279 0.000   2.507 0.000   4.772 0.000 0.019 0.000  0.451 0.000
333.25 334.25    6.95 0.000  1.35 0.000 0.154 0.000000 0.18 0.000000  0.450 0.000   0.513 0.000   0.719 0.000 999.99 0.259000   6.066 0.000   0.239 0.000   5.827 0.000 0.022 0.000  0.639 0.000
336.25 337.25   16.05 0.000  3.02 0.000 0.048 0.000000 0.18 0.000000  1.068 0.000   0.980 0.000   1.373 0.000 999.99 0.259000   9.343 0.000   1.232 0.000   8.112 0.000 0.025 0.000  0.167 0.000
339.25 340.25   16.07 0.000  1.21 0.000 9.999 0.259000 0.19 0.000000  0.401 0.000   1.265 0.000   1.771 0.000 999.99 0.259000   6.778 0.000   1.968 0.000   4.810 0.000 0.027 0.000  0.279 0.000
342.25 343.25   18.66 0.000  1.60 0.000 0.075 0.000000 0.16 0.000000  0.237 0.000   0.709 0.000   0.993 0.000 999.99 0.259000   5.539 0.000   2.097 0.000   3.442 0.000 0.018 0.000  0.296 0.000
345.25 346.25   11.61 0.000  0.95 0.000 9.999 0.259000 9.99 0.259000  0.601 0.000   0.506 0.000   0.709 0.000 999.99 0.259000   7.984 0.000   2.015 0.000   5.969 0.000 0.016 0.000  0.650 0.000
348.25 349.25   11.20 0.000  0.20 0.000 9.999 0.259000 0.13 0.000000  0.356 0.000   0.369 0.000   0.516 0.000 999.99 0.259000   7.376 0.000   3.450 0.000   3.926 0.000 0.017 0.000  0.425 0.000
351.25 352.25   23.70 0.000  0.79 0.000 9.999 0.259000 9.99 0.259000  0.269 0.000   0.787 0.000   1.102 0.000 999.99 0.259000   7.069 0.000   4.735 0.000   2.335 0.000 0.022 0.000  0.083 0.000
354.25 355.25   28.40 0.000  1.47 0.000 0.072 0.000000 0.22 0.000000  0.172 0.000   0.549 0.000   0.768 0.000 999.99 0.259000   9.647 0.000   7.212 0.000   2.435 0.000 0.028 0.000  0.159 0.000
357.25 358.25   23.97 0.000  1.53 0.000 9.999 0.259000 0.13 0.000000  0.314 0.000   0.344 0.000   0.482 0.000 999.99 0.259000  10.586 0.000   6.143 0.000   4.443 0.000 0.022 0.000  0.353 0.000
360.25 361.25   28.64 0.000  1.61 0.000 9.999 0.259000 9.99 0.259000  0.602 0.000   0.874 0.000   1.223 0.000 999.99 0.259000  12.759 0.000   7.239 0.000   5.520 0.000 0.035 0.000  0.305 0.000
363.25 364.25   25.55 0.000  1.65 0.000 9.999 0.259000 0.21 0.000000  0.848 0.000   1.197 0.000   1.676 0.000 999.99 0.259000  15.511 0.000   6.957 0.000   8.554 0.000 0.042 0.000  0.650 0.000
