scripts/IMPROVE-2019_partial/data/US9007R.20030103050000.20191216000000.filterpack..pm25.1y.1w.US03L_filterpack_US9007.US03L_IMPROVE_Davis.lev2.nas
64 1001
MISSING INFORMATION
US03L, IMPROVE, , , , , , , 
MISSING INFORMATION
IMPROVE sel_HTAP
1 1
2003 01 01 2019 12 16
3.000000
days from file reference point
25
1 1 1 1 1 1 1 1 1 1 1 1 1 1 1 1 1 1 1 1 1 1 1 1 1
999.999999 9999.99 9.999 999.99 9.999 9.999 9.999 999.99 9.999 9.999 9.999 99.999 9.999 99.999 9.999 999.999 9.999 999.999 9.999 999.999 9.999 99.999 9.999 99.999 9.999
end_time of measurement, days from the file reference point
iron, ng/m3, Revision date=20181210133000
numflag iron, no unit, Revision date=20181210133000
lead, ng/m3, Revision date=20181210133000
numflag lead, no unit, Revision date=20181210133000
magnesium, ug/m3, Revision date=20181210133000
numflag magnesium, no unit, Revision date=20181210133000
nickel, ng/m3, Revision date=20181210133000
numflag nickel, no unit, Revision date=20181210133000
nitrate, ug N/m3, Revision date=20181210133000
numflag nitrate, no unit, Revision date=20181210133000
organic_carbon, ug C/m3, Revision date=20181210133000
numflag organic_carbon, no unit, Revision date=20181210133000
organic_mass, ug/m3, Revision date=20181210133000
numflag organic_mass, no unit, Revision date=20181210133000
pm10_mass, ug/m3, Version=2, Version description=Data extracted from http://views.cira.colostate.edu/fed/DataWizard 2019-12-16, Sample duration=1d, Orig. time res.=3d, Matrix=pm10, Blank correction=Blank corrected, Volume std. temperature=ambient, Volume std. pressure=ambient
numflag pm10_mass, no unit, Version=2, Version description=Data extracted from http://views.cira.colostate.edu/fed/DataWizard 2019-12-16, Sample duration=1d, Orig. time res.=3d, Matrix=pm10, Blank correction=Blank corrected, Volume std. temperature=ambient, Volume std. pressure=ambient
pm10_pm25_mass, ug/m3, Revision date=20181210133000, Matrix=pm10_pm25
numflag pm10_pm25_mass, no unit, Revision date=20181210133000, Matrix=pm10_pm25
pm25_mass, ug/m3, Version=2, Version description=Data extracted from http://views.cira.colostate.edu/fed/DataWizard 2019-12-16, Sample duration=1d, Orig. time res.=3d, Blank correction=Blank corrected, Volume std. temperature=ambient, Volume std. pressure=ambient
numflag pm25_mass, no unit, Version=2, Version description=Data extracted from http://views.cira.colostate.edu/fed/DataWizard 2019-12-16, Sample duration=1d, Orig. time res.=3d, Blank correction=Blank corrected, Volume std. temperature=ambient, Volume std. pressure=ambient
potassium, ug/m3, Revision date=20181210133000
numflag potassium, no unit, Revision date=20181210133000
sulphate_total, ug S/m3, Revision date=20181210133000
numflag sulphate_total, no unit, Revision date=20181210133000
0
25
Data definition:              EBAS_1.1
Set type code:                TU
Timezone:                     UTC
File name:                    US9007R.20030103050000.20191216000000.filterpack..pm25.1y.1w.US03L_filterpack_US9007.US03L_IMPROVE_Davis.lev2.nas
File creation:                20191218120533
Startdate:                    20030103050000
Revision date:                20191216000000
Statistics:                   arithmetic mean
Data level:                   2
Period code:                  1y
Resolution code:              1w
Station code:                 US9007R
Platform code:                US9007S
Station name:                 Quabbin Summit
Station latitude:             42.2985
Station longitude:            -72.3346
Station altitude:             317.0 m
Regime:                       IMG
Component:                    
Matrix:                       pm25
Laboratory code:              US03L
Instrument type:              filterpack
Instrument name:              filterpack_US9007
Method ref:                   US03L_IMPROVE_Davis
starttime endtime Fe flag_Fe Pb flag_Pb Mg++ flag_Mg++ Ni flag_Ni NO3- flag_NO3- OC flag_OC OM flag_OM PM10 flag_PM10 PM10-PM2.5 flag_PM10-PM2.5 PM2.5 flag_PM2.5 K+ flag_K+ SO4-- flag_SO4--
  2.208333   3.208333    5.02 0.000   0.85 0.000 9.999 0.259   0.54 0.000 0.081 0.000  0.649 0.000  0.908 0.000   5.104 0.000   1.896 0.000   3.207 0.000  0.023 0.000  0.328 0.000
  5.208333   6.208333    3.04 0.000   1.07 0.000 9.999 0.259   0.77 0.000 0.053 0.000  1.217 0.000  1.704 0.000   5.313 0.000   0.053 0.000   5.260 0.000  0.028 0.000  0.671 0.000
  8.208333   9.208333   18.44 0.000   2.32 0.000 9.999 0.259   1.61 0.000 0.328 0.000  1.124 0.000  1.574 0.000   6.321 0.000   0.454 0.000   5.867 0.000  0.026 0.000  0.764 0.000
 11.208333  12.208333    9.81 0.000   1.09 0.000 9.999 0.259   0.55 0.000 0.129 0.000  0.740 0.000  1.037 0.000   4.895 0.000   1.615 0.000   3.280 0.000  0.021 0.000  0.435 0.000
 14.208333  15.208333   17.82 0.000   1.27 0.000 9.999 0.259   1.39 0.000 0.168 0.000  1.045 0.000  1.463 0.000   6.187 0.000   2.126 0.000   4.061 0.000  0.039 0.000  0.474 0.000
 17.208333  18.208333   19.40 0.000   2.30 0.000 0.015 0.000   1.01 0.000 0.262 0.000  1.389 0.000  1.944 0.000   7.323 0.000   2.070 0.000   5.253 0.000  0.041 0.000  0.399 0.000
 20.208333  21.208333    6.47 0.000   0.85 0.000 9.999 0.259   0.38 0.000 0.049 0.000  0.469 0.000  0.657 0.000   3.619 0.000   1.462 0.000   2.157 0.000  0.017 0.000  0.267 0.000
 23.208333  24.208333    9.95 0.000   1.02 0.000 0.034 0.000   0.54 0.000 0.136 0.000  0.612 0.000  0.857 0.000   5.219 0.000   2.323 0.000   2.896 0.000  0.038 0.000  0.226 0.000
 26.208333  27.208333    7.65 0.000   1.56 0.000 0.019 0.000   0.37 0.000 0.172 0.000  0.755 0.000  1.057 0.000   5.640 0.000   1.916 0.000   3.723 0.000  0.030 0.000  0.433 0.000
 29.208333  30.208333   36.31 0.000   4.55 0.000 9.999 0.259   2.11 0.000 0.508 0.000  3.484 0.000  4.878 0.000  19.402 0.000   4.597 0.000  14.805 0.000  0.078 0.000  1.776 0.000
 32.208333  33.208333   14.59 0.000   0.85 0.000 9.999 0.259   0.45 0.000 0.050 0.000  0.932 0.000  1.305 0.000   4.865 0.000   0.651 0.000   4.214 0.000  0.029 0.000  0.616 0.000
 35.208333  36.208333    7.18 0.000   0.74 0.000 0.019 0.000   0.22 0.000 0.040 0.000  0.389 0.000  0.544 0.000   3.765 0.000   1.777 0.000   1.988 0.000  0.012 0.000  0.325 0.000
 38.208333  39.208333   17.95 0.000   1.80 0.000 9.999 0.259   0.95 0.000 0.353 0.000  1.340 0.000  1.876 0.000   8.660 0.000   2.220 0.000   6.440 0.000  0.033 0.000  0.672 0.000
 41.208333  42.208333    8.85 0.000   1.23 0.000 0.025 0.000   0.68 0.000 0.177 0.000  0.835 0.000  1.169 0.000   6.677 0.000   3.394 0.000   3.283 0.000  0.022 0.000  0.388 0.000
 44.208333  45.208333   11.84 0.000   1.34 0.000 9.999 0.259   0.72 0.000 0.156 0.000  0.816 0.000  1.143 0.000   6.944 0.000   3.073 0.000   3.871 0.000  0.033 0.000  0.487 0.000
 47.208333  48.208333    9.69 0.000   1.59 0.000 9.999 0.259   0.76 0.000 0.078 0.000  1.096 0.000  1.535 0.000  18.771 0.000  15.093 0.000   3.678 0.000  0.041 0.000  0.373 0.000
 50.208333  51.208333   32.34 0.000   2.39 0.000 9.999 0.259   2.06 0.000 0.308 0.000  1.551 0.000  2.171 0.000  13.681 0.000   2.802 0.000  10.879 0.000  0.037 0.000  1.782 0.000
 53.208333  54.208333    1.90 0.000   0.33 0.000 0.028 0.000   0.18 0.000 0.012 0.000  0.364 0.000  0.510 0.000   2.038 0.000   0.619 0.000   1.419 0.000  0.009 0.000  0.249 0.000
 56.208333  57.208333   24.14 0.000   3.48 0.000 9.999 0.259   1.15 0.000 0.129 0.000  1.040 0.000  1.456 0.000   8.838 0.000   3.903 0.000   4.935 0.000  0.049 0.000  0.618 0.000
 59.208333  60.208333   45.39 0.000   3.58 0.000 9.999 0.259   5.48 0.000 0.413 0.000  2.802 0.000  3.923 0.000  16.608 0.000   5.174 0.000  11.434 0.000  0.055 0.000  1.582 0.000
 62.208333  63.208333   29.92 0.000   2.43 0.000 9.999 0.259   4.11 0.000 0.333 0.000  1.437 0.000  2.012 0.000  11.995 0.000   5.706 0.000   6.289 0.000  0.038 0.000  0.696 0.000
 65.208333  66.208333   16.98 0.000   2.03 0.000 9.999 0.259   0.89 0.000 0.142 0.000  1.034 0.000  1.448 0.000   7.660 0.000   2.971 0.000   4.689 0.000  0.036 0.000  0.573 0.000
 68.208333  69.208333   23.75 0.000   3.28 0.000 0.019 0.000   0.49 0.000 0.183 0.000  0.952 0.000  1.333 0.000   8.207 0.000   3.111 0.000   5.097 0.000  0.038 0.000  0.714 0.000
 71.208333  72.208333   24.35 0.000   2.39 0.000 0.027 0.000   0.52 0.000 0.308 0.000  1.310 0.000  1.834 0.000   9.440 0.000   1.926 0.000   7.513 0.000  0.039 0.000  1.060 0.000
 74.208333  75.208333   56.56 0.000   4.15 0.000 9.999 0.259   3.41 0.000 0.562 0.000  2.169 0.000  3.036 0.000  15.666 0.000   6.397 0.000   9.269 0.000  0.052 0.000  1.087 0.000
 77.208333  78.208333   26.30 0.000   1.22 0.000 9.999 0.259   0.80 0.000 0.109 0.000  0.628 0.000  0.879 0.000   8.566 0.000   5.302 0.000   3.264 0.000  0.033 0.000  0.319 0.000
 80.208333  81.208333   17.04 0.000   2.12 0.000 9.999 0.259   1.07 0.000 0.098 0.000  1.211 0.000  1.696 0.000   7.273 0.000   0.933 0.000   6.341 0.000  0.029 0.000  1.004 0.000
 83.208333  84.208333   26.35 0.000   2.55 0.000 0.019 0.000   1.15 0.000 0.230 0.000  1.628 0.000  2.279 0.000  14.411 0.000   4.278 0.000  10.133 0.000  0.023 0.000  1.682 0.000
 86.208333  87.208333   26.01 0.000   1.49 0.000 9.999 0.259   0.79 0.000 0.128 0.000  1.028 0.000  1.439 0.000   9.218 0.000   3.501 0.000   5.717 0.000  0.025 0.000  0.810 0.000
 89.208333  90.208333   10.90 0.000   1.27 0.000 9.999 0.259   0.21 0.000 0.021 0.000  0.332 0.000  0.465 0.000   4.533 0.000   1.761 0.000   2.772 0.000  0.016 0.000  0.474 0.000
 92.208333  93.208333    8.28 0.000   2.83 0.000 9.999 0.259   1.24 0.000 0.127 0.000  1.587 0.000  2.222 0.000   7.568 0.000   0.001 0.000   7.568 0.000  0.042 0.000  1.055 0.000
 95.208333  96.208333   11.70 0.000   1.29 0.000 9.999 0.259   0.38 0.000 0.056 0.000  0.620 0.000  0.869 0.000   4.948 0.000   1.580 0.000   3.369 0.000  0.020 0.000  0.534 0.000
 98.208333  99.208333   19.11 0.000   1.79 0.000 0.025 0.000   0.99 0.000 0.067 0.000  1.042 0.000  1.459 0.000  10.354 0.000   3.054 0.000   7.301 0.000  0.039 0.000  1.210 0.000
101.208333 102.208333   19.76 0.000   2.99 0.000 9.999 0.259   0.24 0.000 0.044 0.000  0.896 0.000  1.254 0.000   4.960 0.000   1.920 0.000   3.040 0.000  0.033 0.000  0.351 0.000
104.208333 105.208333  101.43 0.000   3.71 0.000 9.999 0.259   3.21 0.000 0.275 0.000  3.574 0.000  5.004 0.000  22.289 0.000   8.707 0.000  13.582 0.000  0.069 0.000  1.557 0.000
107.208333 108.208333   31.43 0.000   1.91 0.000 9.999 0.259   0.88 0.000 0.202 0.000  1.104 0.000  1.546 0.000  13.387 0.000   8.334 0.000   5.053 0.000  0.043 0.000  0.471 0.000
110.208333 111.208333   37.99 0.000   2.41 0.000 9.999 0.259   0.51 0.000 0.058 0.000  1.125 0.000  1.576 0.000   9.656 0.000   3.748 0.000   5.909 0.000  0.036 0.000  0.795 0.000
113.208333 114.208333   15.66 0.000   0.84 0.000 9.999 0.259   0.22 0.000 0.022 0.000  0.441 0.000  0.617 0.000   3.142 0.000   1.585 0.000   1.556 0.000  0.016 0.000  0.177 0.000
116.208333 117.208333   20.67 0.000   2.07 0.000 9.999 0.259   0.20 0.000 0.025 0.000  0.985 0.000  1.379 0.000   5.136 0.000   1.258 0.000   3.878 0.000  0.025 0.000  0.516 0.000
119.208333 120.208333   36.15 0.000   1.52 0.000 9.999 0.259   0.22 0.000 0.033 0.000  0.933 0.000  1.305 0.000   7.520 0.000   4.213 0.000   3.307 0.000  0.030 0.000  0.268 0.000
122.208333 123.208333   36.51 0.000   1.45 0.000 9.999 0.259   0.19 0.000 0.027 0.000  0.851 0.000  1.192 0.000   5.547 0.000   1.833 0.000   3.714 0.000  0.033 0.000  0.439 0.000
125.208333 126.208333   16.11 0.000   1.52 0.000 9.999 0.259   0.35 0.000 0.085 0.000  0.726 0.000  1.017 0.000   4.878 0.000   1.601 0.000   3.277 0.000  0.016 0.000  0.325 0.000
128.208333 129.208333   16.41 0.000   1.24 0.000 9.999 0.259   0.65 0.000 0.200 0.000  1.171 0.000  1.640 0.000   5.958 0.000   1.359 0.000   4.600 0.000  0.014 0.000  0.595 0.000
131.208333 132.208333   10.66 0.000   0.83 0.000 9.999 0.259   0.49 0.000 0.043 0.000  0.764 0.000  1.069 0.000   4.754 0.000   0.855 0.000   3.899 0.000  0.008 0.000  0.615 0.000
134.208333 135.208333   17.23 0.000   0.97 0.000 9.999 0.259   0.73 0.000 0.032 0.000  1.051 0.000  1.471 0.000   5.712 0.000   2.419 0.000   3.293 0.000  0.010 0.000  0.427 0.000
137.208333 138.208333   31.98 0.000   2.38 0.000 9.999 0.259   0.54 0.000 0.045 0.000  1.551 0.000  2.172 0.000   8.629 0.000   2.707 0.000   5.922 0.000  0.047 0.000  0.651 0.000
140.208333 141.208333   47.34 0.000   1.93 0.000 9.999 0.259   1.61 0.000 0.119 0.000  2.149 0.000  3.009 0.000  10.889 0.000   3.764 0.000   7.126 0.000  0.030 0.000  0.690 0.000
143.208333 144.208333    3.45 0.000   0.91 0.000 9.999 0.259   0.19 0.000 0.018 0.000  0.417 0.000  0.584 0.000   2.811 0.000   0.805 0.000   2.006 0.000  0.006 0.000  0.349 0.000
146.208333 147.208333    4.33 0.000   0.47 0.000 0.022 0.000   0.18 0.000 0.025 0.000  0.711 0.000  0.996 0.000   3.082 0.000   1.398 0.000   1.683 0.000  0.008 0.000  0.204 0.000
149.208333 150.208333   28.41 0.000   1.70 0.000 9.999 0.259   0.68 0.000 0.107 0.000  2.441 0.000  3.418 0.000  13.519 0.000   2.006 0.000  11.513 0.000  0.028 0.000  1.246 0.000
152.208333 153.208333   24.79 0.000   0.77 0.000 9.999 0.259   0.15 0.000 0.014 0.000  1.506 0.000  2.108 0.000   9.492 0.000   5.350 0.000   4.142 0.000  0.029 0.000  0.275 0.000
155.208333 156.208333   11.05 0.000   1.57 0.000 9.999 0.259   0.53 0.000 0.075 0.000  1.454 0.000  2.035 0.000  11.341 0.000   2.941 0.000   8.400 0.000  0.019 0.000  1.344 0.000
158.208333 159.208333   15.80 0.000   3.06 0.000 0.174 0.000   0.60 0.000 0.090 0.000  1.757 0.000  2.461 0.000  12.483 0.000   2.931 0.000   9.552 0.000  0.026 0.000  1.534 0.000
161.208333 162.208333   30.77 0.000   1.62 0.000 9.999 0.259   1.57 0.000 0.183 0.000  1.888 0.000  2.643 0.000  15.039 0.000   1.640 0.000  13.399 0.000  0.027 0.000  2.268 0.000
164.208333 165.208333    5.60 0.000   0.89 0.000 9.999 0.259   0.30 0.000 0.055 0.000  0.886 0.000  1.240 0.000   6.332 0.000   1.763 0.000   4.569 0.000  0.014 0.000  0.734 0.000
167.208333 168.208333   23.17 0.000   1.10 0.000 0.078 0.000   0.55 0.000 0.109 0.000  1.091 0.000  1.528 0.000   9.739 0.000   4.805 0.000   4.934 0.000  0.015 0.000  0.631 0.000
170.208333 171.208333   20.94 0.000   1.82 0.000 9.999 0.259   0.41 0.000 0.043 0.000  2.015 0.000  2.821 0.000  12.327 0.000   3.738 0.000   8.589 0.000  0.030 0.000  1.093 0.000
173.208333 174.208333   14.75 0.000   2.36 0.000 9.999 0.259   0.34 0.000 0.026 0.000  2.459 0.000  3.442 0.000  10.699 0.000   4.634 0.000   6.065 0.000  0.035 0.000  0.320 0.000
176.208333 177.208333   64.35 0.000   3.28 0.000 9.999 0.259   0.34 0.000 0.049 0.000  5.185 0.000  7.259 0.000  36.928 0.000   3.794 0.000  33.134 0.000  0.108 0.000  4.770 0.000
179.208333 180.208333   47.21 0.000   3.68 0.000 9.999 0.259   1.79 0.000 0.106 0.000  6.238 0.000  8.733 0.000  24.038 0.000   3.912 0.000  20.127 0.000  0.166 0.000  1.716 0.000
182.208333 183.208333   41.97 0.000   2.28 0.000 9.999 0.259   0.81 0.000 0.064 0.000  2.253 0.000  3.154 0.000  13.766 0.000   3.815 0.000   9.952 0.000  0.057 0.000  1.030 0.000
185.208333 186.208333   58.65 0.000  12.16 0.000 9.999 0.259   0.34 0.000 0.137 0.000  3.537 0.000  4.952 0.000  29.698 0.000   3.062 0.000  26.636 0.000  1.030 0.000  4.174 0.000
188.208333 189.208333   45.83 0.000   2.22 0.000 9.999 0.259   1.10 0.000 0.127 0.000  2.623 0.000  3.673 0.000  22.753 0.000   2.548 0.000  20.205 0.000  0.059 0.000  3.384 0.000
191.208333 192.208333    9.45 0.000   0.50 0.000 9.999 0.259   0.37 0.000 0.061 0.000  0.793 0.000  1.110 0.000   4.890 0.000   1.604 0.000   3.286 0.000  0.016 0.000  0.270 0.000
194.208333 195.208333   17.27 0.000   1.96 0.000 9.999 0.259   0.32 0.000 0.043 0.000  1.759 0.000  2.462 0.000   8.497 0.000   2.535 0.000   5.961 0.000  0.027 0.000  0.480 0.000
197.208333 198.208333   12.08 0.000   0.87 0.000 9.999 0.259   0.14 0.000 0.022 0.000  1.309 0.000  1.833 0.000   7.675 0.000   2.790 0.000   4.886 0.000  0.015 0.000  0.557 0.000
200.208333 201.208333   13.73 0.000   2.01 0.000 9.999 0.259   0.31 0.000 0.026 0.000  1.967 0.000  2.753 0.000   8.170 0.000   2.553 0.000   5.617 0.000  0.021 0.000  0.364 0.000
203.208333 204.208333 9999.99 0.999 999.99 0.999 9.999 0.999 999.99 0.999 9.999 0.999 99.999 0.999 99.999 0.999 999.999 0.999 999.999 0.999 999.999 0.999 99.999 0.999 99.999 0.999
206.208333 207.208333   47.22 0.000   4.33 0.000 9.999 0.259   1.10 0.000 0.075 0.000  2.972 0.000  4.161 0.000  22.508 0.000   3.449 0.000  19.059 0.000  0.048 0.000  2.898 0.000
209.208333 210.208333   16.64 0.000   1.06 0.000 9.999 0.259   0.26 0.000 0.032 0.000  2.565 0.000  3.591 0.000   8.431 0.000   3.172 0.000   5.259 0.000  0.026 0.000  0.259 0.000
212.208333 213.208333    9.44 0.000   1.16 0.000 0.084 0.000   0.29 0.000 0.047 0.000  0.877 0.000  1.228 0.000   4.931 0.000   1.049 0.000   3.882 0.000  0.017 0.000  0.346 0.000
215.208333 216.208333   88.44 0.000   1.40 0.000 9.999 0.259   0.40 0.000 0.081 0.000  0.921 0.000  1.289 0.000  10.580 0.000   4.336 0.000   6.244 0.000  0.056 0.000  0.623 0.000
218.208333 219.208333   42.67 0.000   0.59 0.000 0.077 0.000   0.71 0.000 0.109 0.000  1.436 0.000  2.010 0.000  14.498 0.000   2.254 0.000  12.244 0.000  0.039 0.000  1.933 0.000
221.208333 222.208333   13.49 0.000   0.22 0.000 9.999 0.259   0.76 0.000 0.114 0.000  0.930 0.000  1.302 0.000  10.843 0.000   4.447 0.000   6.396 0.000  0.034 0.000  0.946 0.000
224.208333 225.208333   22.55 0.000   1.19 0.000 9.999 0.259   1.69 0.000 0.109 0.000  1.803 0.000  2.524 0.000  13.280 0.000   1.696 0.000  11.584 0.000  0.022 0.000  1.823 0.000
227.208333 228.208333   42.01 0.000   2.87 0.000 9.999 0.259   0.83 0.000 0.077 0.000  3.425 0.000  4.796 0.000  22.467 0.000   4.092 0.000  18.375 0.000  0.049 0.000  2.637 0.000
230.208333 231.208333   19.08 0.000   1.36 0.000 0.110 0.000   1.18 0.000 0.121 0.000  3.057 0.000  4.279 0.000  12.427 0.000   3.289 0.000   9.137 0.000  0.037 0.000  0.660 0.000
233.208333 234.208333   66.38 0.000   2.80 0.000 9.999 0.259   2.75 0.000 0.202 0.000  4.831 0.000  6.763 0.000  38.662 0.000   3.299 0.000  35.362 0.000  0.060 0.000  6.116 0.000
236.208333 237.208333   31.39 0.000   2.61 0.000 0.045 0.000   0.59 0.000 0.034 0.000  1.964 0.000  2.750 0.000  11.574 0.000   3.533 0.000   8.041 0.000  0.030 0.000  0.899 0.000
239.208333 240.208333   14.21 0.000   1.07 0.000 9.999 0.259   0.16 0.000 0.015 0.000  1.327 0.000  1.857 0.000   6.417 0.000   3.141 0.000   3.275 0.000  0.024 0.000  0.155 0.000
242.208333 243.208333    6.22 0.000   2.60 0.000 0.075 0.000   0.15 0.000 0.015 0.000  0.832 0.000  1.164 0.000   4.770 0.000   2.399 0.000   2.371 0.000  0.015 0.000  0.145 0.000
245.208333 246.208333   14.14 0.000   1.13 0.000 9.999 0.259   0.59 0.000 0.130 0.000  1.465 0.000  2.050 0.000   9.492 0.000   2.668 0.000   6.824 0.000  0.023 0.000  1.087 0.000
248.208333 249.208333    6.12 0.000   0.84 0.000 9.999 0.259   0.21 0.000 0.015 0.000  0.979 0.000  1.370 0.000   5.301 0.000   3.047 0.000   2.254 0.000  0.013 0.000  0.142 0.000
251.208333 252.208333   23.97 0.000   0.85 0.000 0.053 0.000   0.61 0.000 0.044 0.000  0.967 0.000  1.354 0.000   8.095 0.000   4.442 0.000   3.653 0.000  0.022 0.000  0.196 0.000
254.208333 255.208333   35.03 0.000   1.25 0.000 9.999 0.259   0.86 0.000 0.103 0.000  1.408 0.000  1.971 0.000  10.560 0.000   5.126 0.000   5.435 0.000  0.024 0.000  0.445 0.000
257.208333 258.208333 9999.99 0.999 999.99 0.999 9.999 0.999 999.99 0.999 0.063 0.000  0.915 0.000  1.282 0.000   7.109 0.000 999.999 0.999 999.999 0.999 99.999 0.999  0.285 0.000
260.208333 261.208333   20.51 0.000   1.20 0.000 9.999 0.259   0.76 0.000 0.043 0.000  1.740 0.000  2.437 0.000   9.410 0.000   4.059 0.000   5.351 0.000  0.025 0.000  0.373 0.000
263.208333 264.208333   11.01 0.000   1.80 0.000 9.999 0.259   0.30 0.000 0.018 0.000  1.409 0.000  1.972 0.000  10.725 0.000   4.324 0.000   6.401 0.000  0.022 0.000  0.887 0.000
