scripts/IMPROVE-2019_partial/data/US9014R.20040101070000.20191216000000.filterpack..pm25.52w.1w.US03L_filterpack_US9014.US03L_IMPROVE_Davis.lev2.nas
66 1001
MISSING INFORMATION
US03L, IMPROVE, , , , , , , 
MISSING INFORMATION
IMPROVE sel_HTAP
1 1
2004 01 01 2019 12 16
3.000000
days from file reference point
27
1 1 1 1 1 1 1 1 1 1 1 1 1 1 1 1 1 1 1 1 1 1 1 1 1 1 1
999.999999 9999.99 9.999 99.99 9.999999 9.999 9.999999 9.99 9.999999 99.999 9.999 999.999 9.999 999.999 9.999 99.99 9.999999 999.999 9.999 999.999 9.999 999.999 9.999 9.999 9.999 99.999 9.999
end_time of measurement, days from the file reference point
iron, ng/m3, Revision date=20181210133000
numflag iron, no unit, Revision date=20181210133000
lead, ng/m3, Revision date=20181210133000
numflag lead, no unit, Revision date=20181210133000
magnesium, ug/m3, Revision date=20181210133000
numflag magnesium, no unit, Revision date=20181210133000
nickel, ng/m3, Revision date=20181210133000
numflag nickel, no unit, Revision date=20181210133000
nitrate, ug N/m3, Revision date=20181210133000
numflag nitrate, no unit, Revision date=20181210133000
organic_carbon, ug C/m3, Revision date=20181210133000
numflag organic_carbon, no unit, Revision date=20181210133000
organic_mass, ug/m3, Revision date=20181210133000
numflag organic_mass, no unit, Revision date=20181210133000
phosphorus, ng/m3, Revision date=20181210133000
numflag phosphorus, no unit, Revision date=20181210133000
pm10_mass, ug/m3, Version=2, Version description=Data extracted from http://views.cira.colostate.edu/fed/DataWizard 2019-12-16, Sample duration=1d, Orig. time res.=3d, Matrix=pm10, Blank correction=Blank corrected, Volume std. temperature=ambient, Volume std. pressure=ambient
numflag pm10_mass, no unit, Version=2, Version description=Data extracted from http://views.cira.colostate.edu/fed/DataWizard 2019-12-16, Sample duration=1d, Orig. time res.=3d, Matrix=pm10, Blank correction=Blank corrected, Volume std. temperature=ambient, Volume std. pressure=ambient
pm10_pm25_mass, ug/m3, Revision date=20181210133000, Matrix=pm10_pm25
numflag pm10_pm25_mass, no unit, Revision date=20181210133000, Matrix=pm10_pm25
pm25_mass, ug/m3, Version=2, Version description=Data extracted from http://views.cira.colostate.edu/fed/DataWizard 2019-12-16, Sample duration=1d, Orig. time res.=3d, Blank correction=Blank corrected, Volume std. temperature=ambient, Volume std. pressure=ambient
numflag pm25_mass, no unit, Version=2, Version description=Data extracted from http://views.cira.colostate.edu/fed/DataWizard 2019-12-16, Sample duration=1d, Orig. time res.=3d, Blank correction=Blank corrected, Volume std. temperature=ambient, Volume std. pressure=ambient
potassium, ug/m3, Revision date=20181210133000
numflag potassium, no unit, Revision date=20181210133000
sulphate_total, ug S/m3, Revision date=20181210133000
numflag sulphate_total, no unit, Revision date=20181210133000
0
25
Data definition:              EBAS_1.1
Set type code:                TU
Timezone:                     UTC
File name:                    US9014R.20040101070000.20191216000000.filterpack..pm25.52w.1w.US03L_filterpack_US9014.US03L_IMPROVE_Davis.lev2.nas
File creation:                20191218120607
Startdate:                    20040101070000
Revision date:                20191216000000
Statistics:                   arithmetic mean
Data level:                   2
Period code:                  52w
Resolution code:              1w
Station code:                 US9014R
Platform code:                US9014S
Station name:                 Medicine Lake
Station latitude:             48.4871
Station longitude:            -104.4757
Station altitude:             606.0 m
Regime:                       IMG
Component:                    
Matrix:                       pm25
Laboratory code:              US03L
Instrument type:              filterpack
Instrument name:              filterpack_US9014
Method ref:                   US03L_IMPROVE_Davis
starttime endtime Fe flag_Fe Pb flag_Pb Mg++ flag_Mg++ Ni flag_Ni NO3- flag_NO3- OC flag_OC OM flag_OM P flag_P PM10 flag_PM10 PM10-PM2.5 flag_PM10-PM2.5 PM2.5 flag_PM2.5 K+ flag_K+ SO4-- flag_SO4--
  0.291667   1.291667   10.59 0.000  0.83 0.000000 9.999 0.259000 9.99 0.259000  0.640 0.000   0.838 0.000   1.172 0.000 99.99 0.259000   6.820 0.000 999.999 0.259   7.124 0.000 0.030 0.000  0.347 0.000
  3.291667   4.291667    4.45 0.559  0.23 0.559000 9.999 0.559259 9.99 0.559259  0.134 0.000   0.423 0.000   0.592 0.000 99.99 0.559259   2.033 0.000 999.999 0.259   2.163 0.559 0.012 0.559  0.150 0.000
  6.291667   7.291667    6.87 0.000  0.56 0.000000 9.999 0.259000 9.99 0.259000  0.137 0.000   0.515 0.000   0.721 0.000 99.99 0.259000   2.736 0.000   0.333 0.000   2.403 0.000 0.011 0.000  0.121 0.000
  9.291667  10.291667    5.72 0.000  0.56 0.000000 9.999 0.259000 9.99 0.259000  0.343 0.559   0.642 0.000   0.898 0.000 99.99 0.259000   3.807 0.000 999.999 0.259   3.871 0.000 0.010 0.000  0.179 0.559
 12.291667  13.291667   10.10 0.000  0.70 0.000000 9.999 0.259000 0.10 0.000000  0.429 0.559   0.636 0.000   0.891 0.000 99.99 0.259000   6.382 0.000   1.758 0.000   4.624 0.000 0.014 0.000  0.237 0.559
 15.291667  16.291667    4.96 0.000  0.99 0.000000 9.999 0.259000 0.04 0.000000  0.656 0.000   0.739 0.000   1.034 0.000 99.99 0.259000   6.454 0.000   1.146 0.000   5.309 0.000 0.022 0.000  0.378 0.000
 18.291667  19.291667   12.44 0.000  1.06 0.000000 9.999 0.259000 0.10 0.000000  0.683 0.000   0.884 0.000   1.237 0.000 99.99 0.259000  10.789 0.000   2.912 0.000   7.876 0.000 0.029 0.000  0.679 0.000
 21.291667  22.291667    9.46 0.000  0.23 0.000000 9.999 0.259000 0.24 0.000000  0.137 0.000   0.373 0.000   0.522 0.000 99.99 0.259000   2.728 0.000   0.723 0.000   2.005 0.000 0.013 0.000  0.168 0.000
 24.291667  25.291667    8.44 0.559  0.91 0.559000 9.999 0.559259 9.99 0.559259  0.059 0.000   0.396 0.000   0.554 0.000 99.99 0.559259   1.506 0.000 999.999 0.259   1.622 0.559 0.012 0.559  0.159 0.000
 27.291667  28.291667   11.32 0.000  1.58 0.000000 9.999 0.259000 0.17 0.000000  0.051 0.000   0.380 0.000   0.533 0.000 99.99 0.259000   2.033 0.000 999.999 0.259   2.403 0.000 0.018 0.000  0.298 0.000
 30.291667  31.291667   29.93 0.000  2.49 0.000000 9.999 0.259000 0.11 0.000000  0.125 0.000   0.683 0.000   0.956 0.000 99.99 0.259000   3.179 0.000 999.999 0.259   4.360 0.000 0.031 0.000  0.514 0.000
 33.291667  34.291667   13.12 0.699  1.24 0.699000 9.999 0.699259 0.13 0.699000  0.472 0.000   1.567 0.000   2.193 0.000 99.99 0.699259   5.425 0.000 999.999 0.259   8.001 0.699 0.028 0.699  0.661 0.000
 36.291667  37.291667    8.17 0.000  0.37 0.000000 9.999 0.259000 0.14 0.000000  0.218 0.559   1.177 0.000   1.648 0.000 99.99 0.259000   5.177 0.000 999.999 0.259   5.996 0.000 0.032 0.000  0.770 0.559
 39.291667  40.291667    7.16 0.000  0.20 0.000000 9.999 0.259000 0.08 0.000000  0.053 0.559   0.247 0.000   0.346 0.000 99.99 0.259000   1.590 0.000   0.351 0.000   1.239 0.000 0.021 0.000  0.143 0.559
 42.291667  43.291667   13.63 0.559  0.37 0.559000 9.999 0.559259 9.99 0.559259  0.126 0.000   0.429 0.000   0.600 0.000 99.99 0.559259   2.204 0.000 999.999 0.259   2.305 0.559 0.012 0.559  0.170 0.000
 45.291667  46.291667    7.19 0.000  0.59 0.000000 0.031 0.000000 0.09 0.000000  0.198 0.000   0.556 0.000   0.779 0.000 99.99 0.259000   5.739 0.000   1.272 0.000   4.466 0.000 0.012 0.000  0.693 0.000
 48.291667  49.291667   10.36 0.000  0.31 0.000000 9.999 0.259000 0.14 0.000000  0.193 0.559   0.271 0.000   0.379 0.000 99.99 0.259000   2.522 0.000   0.874 0.000   1.648 0.000 0.007 0.000  0.124 0.559
 51.291667  52.291667    8.60 0.000  0.29 0.000000 9.999 0.259000 0.10 0.000000  0.598 0.000   0.497 0.000   0.696 0.000 99.99 0.259000   5.126 0.000   1.136 0.000   3.989 0.000 0.005 0.000  0.096 0.000
 54.291667  55.291667   14.19 0.699  1.17 0.699000 9.999 0.699259 9.99 0.699259  0.644 0.000   0.458 0.000   0.640 0.000 99.99 0.699259   9.983 0.000   1.932 0.000   8.051 0.699 0.015 0.699  0.973 0.000
 57.291667  58.291667   11.11 0.000  0.74 0.000000 9.999 0.259000 0.15 0.000000  1.149 0.000   0.628 0.000   0.879 0.000 99.99 0.259000  14.093 0.000   1.723 0.000  12.370 0.000 0.012 0.000  1.246 0.000
 60.291667  61.291667    5.05 0.000  0.67 0.000000 9.999 0.259000 9.99 0.259000  0.094 0.559   0.241 0.000   0.338 0.000 99.99 0.259000   3.064 0.000   0.344 0.000   2.720 0.000 0.016 0.000  0.463 0.559
 63.291667  64.291667    8.96 0.559  0.94 0.559000 9.999 0.559259 0.17 0.559000  0.375 0.559   0.686 0.000   0.960 0.000 99.99 0.559259   7.151 0.000   1.273 0.000   5.878 0.559 0.030 0.559  0.685 0.559
 66.291667  67.291667   11.06 0.559  0.71 0.559000 0.042 0.559000 9.99 0.559259  0.195 0.559   0.181 0.000   0.253 0.000 99.99 0.559259   3.676 0.000   2.179 0.000   1.498 0.559 0.010 0.559  0.113 0.559
 69.291667  70.291667    8.81 0.559  0.43 0.559000 9.999 0.559259 9.99 0.559259  0.030 0.559   0.177 0.000   0.248 0.000 99.99 0.559259   5.342 0.000   3.888 0.000   1.454 0.559 0.015 0.559  0.173 0.559
 72.291667  73.291667    7.62 0.559  0.45 0.559000 9.999 0.559259 9.99 0.559259  0.161 0.559   0.256 0.000   0.359 0.000 99.99 0.559259   4.027 0.000   1.086 0.000   2.941 0.559 0.013 0.559  0.375 0.559
 75.291667  76.291667    8.30 0.559  0.72 0.559000 9.999 0.559259 9.99 0.559259  0.082 0.559   0.175 0.000   0.245 0.000 99.99 0.559259   2.518 0.000   1.197 0.000   1.321 0.559 0.011 0.559  0.142 0.559
 78.291667  79.291667   18.37 0.559  0.50 0.559000 9.999 0.559259 9.99 0.559259  0.030 0.559   0.216 0.000   0.303 0.000 99.99 0.559259   5.270 0.000   3.766 0.000   1.504 0.559 0.014 0.559  0.123 0.559
 81.291667  82.291667   13.12 0.559  0.77 0.559000 9.999 0.559259 0.18 0.559000  0.296 0.559   0.402 0.000   0.563 0.000 99.99 0.559259   6.291 0.000   2.381 0.000   3.910 0.559 0.011 0.559  0.515 0.559
 84.291667  85.291667   22.39 0.559  0.63 0.559000 0.056 0.559000 0.16 0.559000  0.076 0.559   0.482 0.000   0.674 0.000 99.99 0.559259   4.792 0.000   2.947 0.000   1.845 0.559 0.019 0.559  0.154 0.559
 87.291667  88.291667   19.47 0.559  0.63 0.559000 9.999 0.559259 0.20 0.559000  0.023 0.559   0.381 0.000   0.533 0.000 99.99 0.559259   5.523 0.000   3.916 0.000   1.607 0.559 0.017 0.559  0.129 0.559
 90.291667  91.291667   60.67 0.559  0.79 0.559000 9.999 0.559259 0.09 0.559000  0.027 0.559   0.477 0.000   0.668 0.000 99.99 0.559259   9.706 0.000   6.863 0.000   2.843 0.559 0.040 0.559  0.197 0.559
 93.291667  94.291667   27.39 0.559  2.52 0.559000 9.999 0.559259 9.99 0.559259  0.109 0.559   0.491 0.000   0.688 0.000 99.99 0.559259   5.260 0.000   2.249 0.000   3.011 0.559 0.030 0.559  0.305 0.559
 96.291667  97.291667   74.63 0.559  1.32 0.559000 9.999 0.559259 9.99 0.559259  0.043 0.559   0.906 0.000   1.268 0.000 99.99 0.559259  12.590 0.000   8.319 0.000   4.271 0.559 0.052 0.559  0.317 0.559
 99.291667 100.291667   20.66 0.559  1.24 0.559000 9.999 0.559259 0.10 0.559000  0.104 0.559   0.355 0.000   0.496 0.000 99.99 0.559259   7.520 0.000   3.598 0.000   3.922 0.559 0.034 0.559  0.607 0.559
102.291667 103.291667   48.99 0.559  1.27 0.559000 9.999 0.559259 9.99 0.559259  0.123 0.559   0.541 0.000   0.757 0.000 99.99 0.559259  11.315 0.000   5.524 0.000   5.792 0.559 0.041 0.559  0.945 0.559
105.291667 106.291667   43.47 0.559  1.41 0.559000 9.999 0.559259 0.07 0.559000  0.061 0.000   0.589 0.000   0.824 0.000 99.99 0.559259  11.928 0.000   9.078 0.000   2.850 0.559 0.037 0.559  0.216 0.000
108.291667 109.291667    9.48 0.559  1.52 0.559000 9.999 0.559259 9.99 0.559259  0.314 0.000   0.753 0.000   1.054 0.000 99.99 0.559259   6.659 0.000   2.212 0.000   4.447 0.559 0.028 0.559  0.706 0.000
111.291667 112.291667 9999.99 0.999 99.99 0.999000 9.999 0.999000 9.99 0.999000 99.999 0.999 999.999 0.999 999.999 0.999 99.99 0.999000 999.999 0.999 999.999 0.999 999.999 0.999 9.999 0.999 99.999 0.999
114.291667 115.291667  175.73 0.559  1.43 0.559000 9.999 0.559259 9.99 0.559259  0.017 0.000   0.457 0.000   0.640 0.000 99.99 0.559259  50.490 0.000  44.946 0.000   5.545 0.559 0.106 0.559  0.244 0.000
117.291667 118.291667   85.56 0.559  1.86 0.559000 9.999 0.559259 9.99 0.559259  0.020 0.000   0.593 0.000   0.830 0.000 99.99 0.559259  16.867 0.000  13.135 0.000   3.732 0.559 0.059 0.559  0.239 0.000
120.291667 121.291667   18.98 0.559  0.36 0.559000 9.999 0.559259 9.99 0.559259  0.044 0.000   0.141 0.000   0.198 0.000 99.99 0.559259   8.007 0.000   6.264 0.000   1.743 0.559 0.020 0.559  0.192 0.000
123.291667 124.291667   55.42 0.559  0.45 0.559000 9.999 0.559259 0.07 0.559000  0.013 0.000   0.595 0.000   0.833 0.000 99.99 0.559259  23.514 0.000  20.234 0.000   3.279 0.559 0.035 0.559  0.221 0.000
126.291667 127.291667   27.54 0.559  0.74 0.559000 9.999 0.559259 0.09 0.559000  0.120 0.559   3.312 0.000   4.637 0.000 99.99 0.559259  14.747 0.000   7.308 0.000   7.439 0.559 0.116 0.559  0.329 0.559
129.291667 130.291667   23.11 0.559  0.58 0.559000 9.999 0.559259 9.99 0.559259  0.016 0.559   0.466 0.000   0.652 0.000 99.99 0.559259   5.370 0.000   3.866 0.000   1.504 0.559 0.018 0.559  0.131 0.559
132.291667 133.291667    9.65 0.559  0.75 0.559000 9.999 0.559259 0.22 0.559000  0.024 0.559   0.429 0.000   0.601 0.000 99.99 0.559259   3.493 0.000   1.042 0.000   2.451 0.559 0.015 0.559  0.372 0.559
135.291667 136.291667   12.69 0.559  0.98 0.559000 9.999 0.559259 9.99 0.559259  0.052 0.559   0.526 0.000   0.737 0.000 99.99 0.559259   5.279 0.000   2.672 0.000   2.608 0.559 0.016 0.559  0.343 0.559
138.291667 139.291667   30.31 0.559  1.29 0.559000 9.999 0.559259 0.07 0.559000  0.043 0.559   0.422 0.000   0.591 0.000 99.99 0.559259   8.201 0.000   5.696 0.000   2.504 0.559 0.022 0.559  0.259 0.559
141.291667 142.291667   21.12 0.559  1.18 0.559000 9.999 0.559259 9.99 0.559259  0.301 0.559   0.718 0.000   1.005 0.000 99.99 0.559259   6.863 0.000   3.008 0.000   3.855 0.559 0.024 0.559  0.410 0.559
144.291667 145.291667   46.99 0.559  0.31 0.559000 9.999 0.559259 0.14 0.559000  0.060 0.559   0.298 0.000   0.418 0.000 99.99 0.559259   2.315 0.000   0.428 0.000   1.886 0.559 0.025 0.559  0.095 0.559
147.291667 148.291667   89.98 0.559  0.60 0.559000 0.078 0.559000 0.43 0.559000  0.082 0.559   0.270 0.000   0.377 0.000 99.99 0.559259   5.198 0.000   1.147 0.000   4.051 0.559 0.047 0.559  0.232 0.559
150.291667 151.291667    8.66 0.559 99.99 0.559259 9.999 0.559259 9.99 0.559259  0.015 0.559   0.433 0.000   0.606 0.000 99.99 0.559259   6.420 0.000   4.317 0.000   2.103 0.559 0.007 0.559  0.197 0.559
153.291667 154.291667   13.47 0.559  0.47 0.559000 9.999 0.559259 0.07 0.559000  0.030 0.559   0.415 0.000   0.582 0.000 99.99 0.559259   5.047 0.000   3.012 0.000   2.034 0.559 0.009 0.559  0.198 0.559
156.291667 157.291667   95.18 0.559  1.33 0.559000 0.057 0.559000 0.38 0.559000  0.068 0.559   0.715 0.000   1.001 0.000 99.99 0.559259  10.861 0.000   5.432 0.000   5.429 0.559 0.052 0.559  0.446 0.559
159.291667 160.291667   38.83 0.559  0.78 0.559000 9.999 0.559259 0.56 0.559000  0.019 0.559   0.339 0.000   0.475 0.000 99.99 0.559259   4.391 0.000   1.529 0.000   2.862 0.559 0.020 0.559  0.283 0.559
162.291667 163.291667   13.96 0.559  0.80 0.559000 9.999 0.559259 0.13 0.559000  0.055 0.559   0.258 0.000   0.361 0.000 99.99 0.559259   4.467 0.000   2.780 0.000   1.688 0.559 0.009 0.559  0.218 0.559
165.291667 166.291667   10.57 0.559  1.02 0.559000 9.999 0.559259 0.13 0.559000  0.018 0.559   0.302 0.000   0.423 0.000 99.99 0.559259   4.643 0.000   3.133 0.000   1.510 0.559 0.013 0.559  0.119 0.559
168.291667 169.291667    8.07 0.559  0.49 0.559000 9.999 0.559259 9.99 0.559259  0.010 0.559   0.284 0.000   0.398 0.000 99.99 0.559259   3.717 0.000   2.447 0.000   1.270 0.559 0.009 0.559  0.138 0.559
171.291667 172.291667   14.24 0.559  0.65 0.559000 9.999 0.559259 9.99 0.559259  0.010 0.559   0.510 0.000   0.715 0.000 99.99 0.559259   6.904 0.000   5.025 0.000   1.879 0.559 0.014 0.559  0.143 0.559
174.291667 175.291667   49.87 0.559  0.69 0.559000 0.053 0.559000 0.34 0.559000  0.020 0.559   0.627 0.000   0.878 0.000 99.99 0.559259   6.823 0.000   4.018 0.000   2.805 0.559 0.034 0.559  0.118 0.559
177.291667 178.291667   53.88 0.559  0.77 0.559000 9.999 0.559259 0.32 0.559000  0.019 0.559   0.378 0.000   0.529 0.000 99.99 0.559259   8.853 0.000   5.190 0.000   3.664 0.559 0.026 0.559  0.140 0.559
180.291667 181.291667   62.51 0.559  1.83 0.559000 0.109 0.559000 0.26 0.559000  0.022 0.559   1.476 0.000   2.066 0.000 99.99 0.559259  10.000 0.000   5.330 0.000   4.670 0.559 0.043 0.559  0.253 0.559
183.291667 184.291667   43.10 0.559  0.83 0.559000 9.999 0.559259 0.19 0.559000  0.045 0.000   1.024 0.000   1.433 0.000 99.99 0.559259   9.433 0.000   4.987 0.000   4.447 0.559 0.035 0.559  0.337 0.000
186.291667 187.291667   12.69 0.559  0.43 0.559000 9.999 0.559259 0.29 0.559000  0.019 0.000   0.624 0.000   0.874 0.000 99.99 0.559259   5.652 0.000   3.746 0.000   1.906 0.559 0.020 0.559  0.142 0.000
189.291667 190.291667   21.62 0.559 99.99 0.559259 9.999 0.559259 0.28 0.559000  0.008 0.559   0.392 0.000   0.549 0.000 99.99 0.559259   4.522 0.000   2.499 0.000   2.023 0.559 0.017 0.559  0.070 0.559
192.291667 193.291667   31.05 0.559  0.51 0.559000 9.999 0.559259 0.18 0.559000  0.026 0.559   1.184 0.000   1.658 0.000 99.99 0.559259  10.417 0.000   4.323 0.000   6.093 0.559 0.034 0.559  0.654 0.559
195.291667 196.291667   54.94 0.559  0.63 0.559000 9.999 0.559259 0.16 0.559000  0.018 0.559   1.282 0.000   1.794 0.000 99.99 0.559259 999.999 0.456 999.999 0.999   5.550 0.559 0.038 0.559  0.387 0.559
198.291667 199.291667   51.61 0.559  0.44 0.559000 9.999 0.559259 0.15 0.559000  0.020 0.000   3.866 0.000   5.412 0.000 99.99 0.559259 999.999 0.456 999.999 0.999   9.204 0.559 0.074 0.559  0.310 0.000
201.291667 202.291667   25.69 0.559  0.16 0.559000 9.999 0.559259 9.99 0.559259  0.018 0.000   1.420 0.000   1.988 0.000 99.99 0.559259 999.999 0.456 999.999 0.999   3.890 0.559 0.023 0.559  0.159 0.000
204.291667 205.291667   20.38 0.559  0.13 0.559000 9.999 0.559259 9.99 0.559259  0.026 0.559   4.540 0.000   6.356 0.000 99.99 0.559259  14.204 0.000   4.143 0.000  10.061 0.559 0.059 0.559  0.213 0.559
207.291667 208.291667  101.12 0.559  0.18 0.559000 9.999 0.559259 0.12 0.559000  0.012 0.559   1.269 0.000   1.776 0.000 99.99 0.559259  20.478 0.000  15.614 0.000   4.864 0.559 0.054 0.559  0.177 0.559
210.291667 211.291667   20.99 0.559 99.99 0.559259 9.999 0.559259 0.08 0.559000  0.014 0.559   0.604 0.000   0.846 0.000 99.99 0.559259   6.510 0.000   4.392 0.000   2.118 0.559 0.019 0.559  0.101 0.559
213.291667 214.291667   18.05 0.559  1.17 0.559000 9.999 0.559259 9.99 0.559259  0.016 0.559   1.652 0.000   2.312 0.000 99.99 0.559259   7.500 0.000   3.306 0.000   4.194 0.559 0.026 0.559  0.171 0.559
216.291667 217.291667   13.58 0.559  0.32 0.559000 9.999 0.559259 9.99 0.559259  0.020 0.559   1.419 0.000   1.986 0.000 99.99 0.559259   9.036 0.000   4.987 0.000   4.049 0.559 0.031 0.559  0.150 0.559
219.291667 220.291667   22.26 0.559  0.29 0.559000 0.032 0.559000 9.99 0.559259  0.045 0.559   1.779 0.000   2.490 0.000 99.99 0.559259  13.139 0.000   8.655 0.000   4.484 0.559 0.020 0.559  0.342 0.559
222.291667 223.291667    4.66 0.559  0.71 0.559000 9.999 0.559259 9.99 0.559259  0.009 0.559   0.305 0.000   0.426 0.000 99.99 0.559259   5.456 0.000   3.764 0.000   1.692 0.559 0.008 0.559  0.176 0.559
225.291667 226.291667   35.69 0.559  0.68 0.559000 9.999 0.559259 0.10 0.559000  0.030 0.559   1.089 0.000   1.525 0.000 99.99 0.559259  13.573 0.000   7.540 0.000   6.033 0.559 0.022 0.559  0.691 0.559
228.291667 229.291667   19.32 0.559  0.14 0.559000 9.999 0.559259 9.99 0.559259  0.046 0.559  11.289 0.000  15.805 0.000 99.99 0.559259  27.099 0.000   5.118 0.000  21.982 0.559 0.105 0.559  0.275 0.559
231.291667 232.291667   32.22 0.559  0.24 0.559000 9.999 0.559259 9.99 0.559259  0.013 0.559   2.904 0.000   4.065 0.000 99.99 0.559259  16.340 0.000   9.838 0.000   6.502 0.559 0.044 0.559  0.139 0.559
