scripts/IMPROVE-2019_partial/data/US9003R.20050101050000.20191216000000.filterpack..pm25.52w.1w.US03L_filterpack_US9003.US03L_IMPROVE_Davis.lev2.nas
64 1001
MISSING INFORMATION
US03L, IMPROVE, , , , , , , 
MISSING INFORMATION
IMPROVE sel_HTAP
1 1
2005 01 01 2019 12 16
3.000000
days from file reference point
25
1 1 1 1 1 1 1 1 1 1 1 1 1 1 1 1 1 1 1 1 1 1 1 1 1
999.999999 9999.99 9.999 99.99 9.999 9.999 9.999999 999.99 9.999999 9.999 9.999 99.999 9.999 999.999 9.999 999.999 9.999 99.999 9.999 999.999 9.999 9.999 9.999 99.999 9.999
end_time of measurement, days from the file reference point
iron, ng/m3, Revision date=20181210133000
numflag iron, no unit, Revision date=20181210133000
lead, ng/m3, Revision date=20181210133000
numflag lead, no unit, Revision date=20181210133000
magnesium, ug/m3, Revision date=20181210133000
numflag magnesium, no unit, Revision date=20181210133000
nickel, ng/m3, Revision date=20181210133000
numflag nickel, no unit, Revision date=20181210133000
nitrate, ug N/m3, Revision date=20181210133000
numflag nitrate, no unit, Revision date=20181210133000
organic_carbon, ug C/m3, Revision date=20181210133000
numflag organic_carbon, no unit, Revision date=20181210133000
organic_mass, ug/m3, Revision date=20181210133000
numflag organic_mass, no unit, Revision date=20181210133000
pm10_mass, ug/m3, Version=2, Version description=Data extracted from http://views.cira.colostate.edu/fed/DataWizard 2019-12-16, Sample duration=1d, Orig. time res.=3d, Matrix=pm10, Blank correction=Blank corrected, Volume std. temperature=ambient, Volume std. pressure=ambient
numflag pm10_mass, no unit, Version=2, Version description=Data extracted from http://views.cira.colostate.edu/fed/DataWizard 2019-12-16, Sample duration=1d, Orig. time res.=3d, Matrix=pm10, Blank correction=Blank corrected, Volume std. temperature=ambient, Volume std. pressure=ambient
pm10_pm25_mass, ug/m3, Revision date=20181210133000, Matrix=pm10_pm25
numflag pm10_pm25_mass, no unit, Revision date=20181210133000, Matrix=pm10_pm25
pm25_mass, ug/m3, Version=2, Version description=Data extracted from http://views.cira.colostate.edu/fed/DataWizard 2019-12-16, Sample duration=1d, Orig. time res.=3d, Blank correction=Blank corrected, Volume std. temperature=ambient, Volume std. pressure=ambient
numflag pm25_mass, no unit, Version=2, Version description=Data extracted from http://views.cira.colostate.edu/fed/DataWizard 2019-12-16, Sample duration=1d, Orig. time res.=3d, Blank correction=Blank corrected, Volume std. temperature=ambient, Volume std. pressure=ambient
potassium, ug/m3, Revision date=20181210133000
numflag potassium, no unit, Revision date=20181210133000
sulphate_total, ug S/m3, Revision date=20181210133000
numflag sulphate_total, no unit, Revision date=20181210133000
0
25
Data definition:              EBAS_1.1
Set type code:                TU
Timezone:                     UTC
File name:                    US9003R.20050101050000.20191216000000.filterpack..pm25.52w.1w.US03L_filterpack_US9003.US03L_IMPROVE_Davis.lev2.nas
File creation:                20191218120526
Startdate:                    20050101050000
Revision date:                20191216000000
Statistics:                   arithmetic mean
Data level:                   2
Period code:                  52w
Resolution code:              1w
Station code:                 US9003R
Platform code:                US9003S
Station name:                 Mohawk Mt.
Station latitude:             41.8214
Station longitude:            -73.2973
Station altitude:             521.0 m
Regime:                       IMG
Component:                    
Matrix:                       pm25
Laboratory code:              US03L
Instrument type:              filterpack
Instrument name:              filterpack_US9003
Method ref:                   US03L_IMPROVE_Davis
starttime endtime Fe flag_Fe Pb flag_Pb Mg++ flag_Mg++ Ni flag_Ni NO3- flag_NO3- OC flag_OC OM flag_OM PM10 flag_PM10 PM10-PM2.5 flag_PM10-PM2.5 PM2.5 flag_PM2.5 K+ flag_K+ SO4-- flag_SO4--
[from data line 87]
261.208333 262.208333 9999.99 0.999 99.99 0.999 9.999 0.999000 999.99 0.999000 9.999 0.999 99.999 0.999 999.999 0.999 999.999 0.999 99.999 0.999 999.999 0.999 9.999 0.999 99.999 0.999
264.208333 265.208333   42.07 0.000  2.23 0.000 9.999 0.259000   4.04 0.000000 0.039 0.000  1.329 0.000   2.393 0.000  12.499 0.000  5.154 0.000   7.247 0.000 0.027 0.000  0.956 0.000
267.208333 268.208333   13.88 0.000  1.06 0.000 0.017 0.000000   1.39 0.000000 0.093 0.000  0.770 0.000   1.386 0.000   7.082 0.000  3.800 0.000   3.221 0.000 0.022 0.000  0.257 0.000
270.208333 271.208333   13.70 0.000  1.38 0.000 9.999 0.259000   0.33 0.000000 0.025 0.000  0.713 0.000   1.284 0.000   5.893 0.000  3.077 0.000   2.765 0.000 0.015 0.000  0.296 0.000
273.208333 274.208333   62.70 0.000  5.01 0.000 9.999 0.259000   2.80 0.000000 0.274 0.000  1.598 0.000   2.877 0.000  12.666 0.000  5.076 0.000   7.487 0.000 0.028 0.000  0.912 0.000
276.208333 277.208333   42.36 0.000  1.53 0.000 9.999 0.259000   6.47 0.000000 0.110 0.000  1.269 0.000   2.284 0.000  16.186 0.000  4.746 0.000  11.403 0.000 0.020 0.000  2.079 0.000
279.208333 280.208333    6.74 0.000  0.34 0.000 0.022 0.000000   0.76 0.000000 0.065 0.000  0.570 0.000   1.025 0.000   5.325 0.000  2.043 0.000   3.240 0.000 0.021 0.000  0.455 0.000
282.208333 283.208333    1.43 0.000  0.23 0.000 9.999 0.259000 999.99 0.259000 0.011 0.559  0.093 0.000   0.167 0.000   0.793 0.000  0.454 0.000   0.332 0.000 0.004 0.000  0.051 0.559
285.208333 286.208333    1.27 0.000  0.27 0.000 9.999 0.259000   0.29 0.000000 0.013 0.559  0.099 0.559   0.179 0.559   1.502 0.000  0.447 0.000   1.043 0.659 0.005 0.000  0.125 0.559
288.208333 289.208333    2.14 0.000  0.51 0.000 0.011 0.000000 999.99 0.259000 0.003 0.559  0.180 0.559   0.325 0.559   3.246 0.000  1.826 0.000   1.392 0.000 0.006 0.000  0.217 0.559
291.208333 292.208333   34.22 0.000  1.66 0.000 9.999 0.259000   1.74 0.000000 0.035 0.559  0.953 0.000   1.715 0.000   9.765 0.000  4.679 0.000   5.005 0.000 0.032 0.000  0.597 0.559
294.208333 295.208333    6.73 0.000  1.27 0.000 9.999 0.259000   0.76 0.000000 0.033 0.559  0.590 0.000   1.062 0.000   3.242 0.000  0.959 0.000   2.258 0.000 0.016 0.000  0.197 0.559
297.208333 298.208333    0.75 0.394  0.24 0.394 0.012 0.394000 999.99 0.394259 0.005 0.394 99.999 0.259 999.999 0.259   0.541 0.000  0.256 0.000   0.286 0.000 0.002 0.394  0.027 0.394
300.208333 301.208333    5.83 0.000  0.49 0.000 0.008 0.000000   0.58 0.000000 0.016 0.559  0.559 0.000   1.006 0.000   2.861 0.000  0.969 0.000   1.869 0.000 0.012 0.000  0.153 0.559
303.208333 304.208333   38.68 0.000  4.73 0.000 9.999 0.259000   1.73 0.000000 0.068 0.559  1.314 0.000   2.366 0.000  11.467 0.000  3.043 0.000   8.339 0.000 0.044 0.000  1.045 0.559
306.208333 307.208333   45.99 0.000  2.56 0.000 9.999 0.259000   1.47 0.000000 0.102 0.559  1.331 0.000   2.395 0.000  12.102 0.000  5.740 0.000   6.397 0.000 0.041 0.000  0.745 0.559
309.208333 310.208333   77.95 0.000  7.27 0.000 9.999 0.259000   6.17 0.000000 0.462 0.559  4.326 0.000   7.787 0.000  26.058 0.000  4.565 0.000  21.308 0.000 0.089 0.000  2.570 0.559
312.208333 313.208333   15.37 0.000  1.55 0.000 9.999 0.259000   1.04 0.000000 0.075 0.559  0.859 0.000   1.546 0.000   4.928 0.000  1.226 0.000   3.699 0.000 0.023 0.000  0.370 0.559
315.208333 316.208333   41.98 0.000  3.23 0.000 9.999 0.259000   1.48 0.000000 0.428 0.559  1.472 0.000   2.649 0.000  10.444 0.000  4.251 0.000   6.108 0.000 0.040 0.000  0.571 0.559
318.208333 319.208333    7.28 0.000  0.69 0.000 9.999 0.259000   1.29 0.000000 0.032 0.559  0.700 0.000   1.260 0.000   2.890 0.000  0.689 0.000   2.192 0.000 0.018 0.000  0.213 0.559
321.208333 322.208333    9.20 0.000  1.06 0.000 9.999 0.259000 999.99 0.259000 0.026 0.559  0.300 0.000   0.540 0.000   2.470 0.000  0.821 0.000   1.629 0.000 0.017 0.000  0.195 0.559
324.208333 325.208333   63.43 0.000  6.12 0.000 9.999 0.259000   3.27 0.000000 0.424 0.559  2.969 0.000   5.344 0.000  15.918 0.000  4.582 0.000  11.213 0.000 0.081 0.000  0.946 0.559
327.208333 328.208333   12.49 0.000  1.63 0.000 9.999 0.259000   1.29 0.000000 0.139 0.000  1.015 0.000   1.826 0.000   5.078 0.000  1.566 0.000   3.473 0.000 0.027 0.000  0.330 0.000
330.208333 331.208333   62.33 0.000  5.36 0.000 9.999 0.259000  12.63 0.000000 0.619 0.000  3.084 0.000   5.551 0.000  14.528 0.000  3.597 0.000  10.822 0.000 0.080 0.000  0.783 0.000
333.208333 334.208333   14.13 0.000  0.65 0.000 9.999 0.259000 999.99 0.259000 0.039 0.000  0.593 0.000   1.067 0.000   4.817 0.000  1.616 0.000   3.183 0.000 0.021 0.000  0.439 0.000
336.208333 337.208333    5.20 0.000  0.18 0.000 9.999 0.259000   0.26 0.000000 0.022 0.559  0.204 0.000   0.368 0.000   2.090 0.000  0.703 0.000   1.371 0.000 0.008 0.000  0.199 0.559
339.208333 340.208333   16.63 0.000  1.71 0.000 0.016 0.000000   0.90 0.000000 0.096 0.559  1.071 0.000   1.928 0.000   6.984 0.000  0.927 0.000   6.020 0.000 0.030 0.000  0.912 0.559
342.208333 343.208333   29.01 0.000  2.18 0.000 9.999 0.259000   5.01 0.000000 0.174 0.000  0.956 0.000   1.720 0.000   6.598 0.000  1.722 0.000   4.826 0.000 0.029 0.000  0.539 0.000
345.208333 346.208333   12.30 0.000  2.72 0.000 0.010 0.000000   1.83 0.000000 0.206 0.000  1.257 0.000   2.263 0.000   6.981 0.000  1.051 0.000   5.880 0.000 0.034 0.000  0.729 0.000
348.208333 349.208333   23.61 0.000  2.99 0.000 9.999 0.259000   1.10 0.000000 0.158 0.559  1.242 0.000   2.235 0.000   8.059 0.000  2.581 0.000   5.416 0.000 0.041 0.000  0.505 0.559
351.208333 352.208333   23.26 0.000  2.55 0.000 9.999 0.259000   2.40 0.000000 0.114 0.559  1.333 0.000   2.400 0.000  10.406 0.000  1.972 0.000   8.358 0.000 0.035 0.000  1.271 0.559
354.208333 355.208333   25.94 0.000  2.72 0.000 0.012 0.000000   2.40 0.000000 0.243 0.000  1.046 0.000   1.883 0.000   8.675 0.000  2.131 0.000   6.515 0.000 0.039 0.000  0.828 0.000
357.208333 358.208333   44.84 0.000  3.96 0.000 9.999 0.259000   1.02 0.000000 0.412 0.559  2.175 0.000   3.914 0.000  14.293 0.000  2.992 0.000  11.198 0.000 0.060 0.000  1.291 0.559
360.208333 361.208333    4.05 0.000  1.00 0.000 9.999 0.259000   0.27 0.000000 0.013 0.559  0.327 0.000   0.589 0.000   4.568 0.000  0.273 0.000   4.268 0.000 0.014 0.000  0.716 0.559
363.208333 364.208333    3.00 0.000  0.75 0.000 9.999 0.259000   0.26 0.000000 0.044 0.559  0.333 0.000   0.599 0.000   3.105 0.000  0.569 0.000   2.514 0.000 0.013 0.000  0.394 0.559
