scripts/IMPROVE-2019_partial/data/US9048R.20050101070000.20191216000000.filterpack..pm25.52w.1w.US03L_filterpack_US9048.US03L_IMPROVE_Davis.lev2.nas
64 1001
MISSING INFORMATION
US03L, IMPROVE, , , , , , , 
MISSING INFORMATION
IMPROVE sel_HTAP
1 1
2005 01 01 2019 12 16
3.000000
days from file reference point
25
1 1 1 1 1 1 1 1 1 1 1 1 1 1 1 1 1 1 1 1 1 1 1 1 1
999.999999 9999.99 9.999 99.99 9.999 9.999 9.999999 99.99 9.999999 9.999 9.999 99.999 9.999 99.999 9.999 999.999 9.999 99.999 9.999 99.999 9.999 9.999 9.999 9.999 9.999
end_time of measurement, days from the file reference point
iron, ng/m3, Revision date=20181210133000
numflag iron, no unit, Revision date=20181210133000
lead, ng/m3, Revision date=20181210133000
numflag lead, no unit, Revision date=20181210133000
magnesium, ug/m3, Revision date=20181210133000
numflag magnesium, no unit, Revision date=20181210133000
nickel, ng/m3, Revision date=20181210133000
numflag nickel, no unit, Revision date=20181210133000
nitrate, ug N/m3, Revision date=20181210133000
numflag nitrate, no unit, Revision date=20181210133000
organic_carbon, ug C/m3, Revision date=20181210133000
numflag organic_carbon, no unit, Revision date=20181210133000
organic_mass, ug/m3, Revision date=20181210133000
numflag organic_mass, no unit, Revision date=20181210133000
pm10_mass, ug/m3, Version=2, Version description=Data extracted from http://views.cira.colostate.edu/fed/DataWizard 2019-12-16, Sample duration=1d, Orig. time res.=3d, Matrix=pm10, Blank correction=Blank corrected, Volume std. temperature=ambient, Volume std. pressure=ambient
numflag pm10_mass, no unit, Version=2, Version description=Data extracted from http://views.cira.colostate.edu/fed/DataWizard 2019-12-16, Sample duration=1d, Orig. time res.=3d, Matrix=pm10, Blank correction=Blank corrected, Volume std. temperature=ambient, Volume std. pressure=ambient
pm10_pm25_mass, ug/m3, Revision date=20181210133000, Matrix=pm10_pm25
numflag pm10_pm25_mass, no unit, Revision date=20181210133000, Matrix=pm10_pm25
pm25_mass, ug/m3, Version=2, Version description=Data extracted from http://views.cira.colostate.edu/fed/DataWizard 2019-12-16, Sample duration=1d, Orig. time res.=3d, Blank correction=Blank corrected, Volume std. temperature=ambient, Volume std. pressure=ambient
numflag pm25_mass, no unit, Version=2, Version description=Data extracted from http://views.cira.colostate.edu/fed/DataWizard 2019-12-16, Sample duration=1d, Orig. time res.=3d, Blank correction=Blank corrected, Volume std. temperature=ambient, Volume std. pressure=ambient
potassium, ug/m3, Revision date=20181210133000
numflag potassium, no unit, Revision date=20181210133000
sulphate_total, ug S/m3, Revision date=20181210133000
numflag sulphate_total, no unit, Revision date=20181210133000
0
25
Data definition:              EBAS_1.1
Set type code:                TU
Timezone:                     UTC
File name:                    US9048R.20050101070000.20191216000000.filterpack..pm25.52w.1w.US03L_filterpack_US9048.US03L_IMPROVE_Davis.lev2.nas
File creation:                20191218120843
Startdate:                    20050101070000
Revision date:                20191216000000
Statistics:                   arithmetic mean
Data level:                   2
Period code:                  52w
Resolution code:              1w
Station code:                 US9048R
Platform code:                US9048S
Station name:                 White River NF
Station latitude:             39.1536
Station longitude:            -106.8209
Station altitude:             3413.0 m
Regime:                       IMG
Component:                    
Matrix:                       pm25
Laboratory code:              US03L
Instrument type:              filterpack
Instrument name:              filterpack_US9048
Method ref:                   US03L_IMPROVE_Davis
starttime endtime Fe flag_Fe Pb flag_Pb Mg++ flag_Mg++ Ni flag_Ni NO3- flag_NO3- OC flag_OC OM flag_OM PM10 flag_PM10 PM10-PM2.5 flag_PM10-PM2.5 PM2.5 flag_PM2.5 K+ flag_K+ SO4-- flag_SO4--
[from data line 89]
267.291667 268.291667   17.62 0.000  1.49 0.000 9.999 0.259000  0.82 0.000000 0.013 0.000  0.162 0.000  0.292 0.000   3.744 0.000  1.888 0.000  1.856 0.000 0.012 0.000 0.129 0.000
270.291667 271.291667    4.85 0.000  0.22 0.000 9.999 0.259000  0.45 0.000000 0.007 0.000  0.131 0.000  0.235 0.000   1.119 0.000  0.233 0.000  0.886 0.000 0.004 0.000 0.059 0.000
273.291667 274.291667   10.18 0.000  0.26 0.000 9.999 0.259000  0.57 0.000000 0.006 0.000  0.406 0.000  0.732 0.000   2.517 0.000  0.758 0.000  1.758 0.000 0.009 0.000 0.083 0.000
276.291667 277.291667   10.33 0.000  0.24 0.000 9.999 0.259000  0.55 0.000000 0.009 0.000  0.214 0.000  0.384 0.000   2.700 0.000  0.870 0.000  1.839 0.000 0.011 0.000 0.176 0.000
279.291667 280.291667   12.15 0.000  0.38 0.000 9.999 0.259000  0.71 0.000000 0.008 0.000  0.245 0.000  0.442 0.000   2.751 0.000  0.852 0.000  1.898 0.000 0.007 0.000 0.105 0.000
282.291667 283.291667    3.55 0.000  0.13 0.000 9.999 0.259000  0.76 0.000000 0.002 0.000  0.099 0.000  0.178 0.000   0.083 0.000 99.999 0.259  0.811 0.000 0.002 0.000 0.006 0.000
285.291667 286.291667    6.82 0.000  0.31 0.000 9.999 0.259000  0.40 0.000000 0.014 0.000  0.644 0.000  1.160 0.000   3.224 0.000  1.199 0.000  2.024 0.000 0.018 0.000 0.166 0.000
288.291667 289.291667    7.14 0.000  0.22 0.000 9.999 0.259000  0.27 0.000000 0.020 0.000  0.623 0.000  1.122 0.000   3.135 0.000  1.237 0.000  1.898 0.000 0.006 0.000 0.145 0.000
291.291667 292.291667    3.16 0.000  0.27 0.000 9.999 0.259000  0.41 0.000000 0.002 0.000  0.049 0.000  0.087 0.000   0.166 0.000 99.999 0.259  0.346 0.000 0.002 0.000 0.011 0.000
294.291667 295.291667   15.93 0.000  0.30 0.000 9.999 0.259000 99.99 0.259000 0.039 0.000  0.723 0.000  1.301 0.000   3.926 0.000  1.398 0.000  2.528 0.000 0.013 0.000 0.174 0.000
297.291667 298.291667    7.16 0.000  0.21 0.000 9.999 0.259000 99.99 0.259000 0.005 0.000  0.156 0.000  0.280 0.000   1.975 0.000  1.087 0.000  0.902 0.000 0.005 0.000 0.050 0.000
300.291667 301.291667   15.45 0.000  0.51 0.000 0.010 0.000000  0.26 0.000000 0.015 0.000  0.175 0.000  0.315 0.000   2.815 0.000  0.949 0.000  1.866 0.000 0.012 0.000 0.197 0.000
303.291667 304.291667   32.51 0.000  1.42 0.000 0.023 0.000000 99.99 0.259000 0.022 0.000  0.267 0.000  0.480 0.000   2.909 0.000  0.816 0.000  2.093 0.000 0.028 0.000 0.266 0.000
306.291667 307.291667   21.65 0.000  0.63 0.000 9.999 0.259000 99.99 0.259000 0.014 0.000  0.267 0.000  0.480 0.000   4.976 0.000  2.830 0.000  2.145 0.000 0.016 0.000 0.212 0.000
309.291667 310.291667    8.89 0.000  0.16 0.000 9.999 0.259000 99.99 0.259000 0.005 0.000  0.045 0.000  0.080 0.000   0.991 0.000  0.491 0.000  0.500 0.000 0.008 0.000 0.033 0.000
312.291667 313.291667   20.85 0.000  0.59 0.000 9.999 0.259000  0.35 0.000000 0.018 0.000  0.485 0.000  0.874 0.000   6.681 0.000  2.765 0.000  3.915 0.000 0.020 0.000 0.494 0.000
315.291667 316.291667    2.32 0.000  0.19 0.000 9.999 0.259000 99.99 0.259000 0.011 0.000  0.026 0.000  0.046 0.000   0.959 0.000  0.205 0.000  0.754 0.000 0.003 0.000 0.091 0.000
318.291667 319.291667    2.49 0.000  0.14 0.000 0.005 0.000000 99.99 0.259000 0.007 0.000  0.049 0.000  0.087 0.000   0.923 0.000  0.461 0.000  0.463 0.000 0.003 0.000 0.047 0.000
321.291667 322.291667    6.14 0.000  0.38 0.000 9.999 0.259000 99.99 0.259000 0.004 0.000 99.999 0.259 99.999 0.259   1.043 0.000  0.345 0.000  0.698 0.000 0.006 0.000 0.089 0.000
324.291667 325.291667    9.69 0.000  0.28 0.000 9.999 0.259000 99.99 0.259000 0.005 0.000  0.013 0.000  0.024 0.000   1.411 0.000  0.502 0.000  0.909 0.000 0.007 0.000 0.086 0.000
327.291667 328.291667    4.59 0.000  0.21 0.000 9.999 0.259000 99.99 0.259000 0.002 0.000  0.056 0.000  0.101 0.000   0.832 0.000  0.306 0.000  0.527 0.000 0.003 0.000 0.043 0.000
330.291667 331.291667    1.96 0.000  0.22 0.000 9.999 0.259000 99.99 0.259000 0.022 0.000  0.142 0.000  0.255 0.000   0.586 0.000  0.057 0.000  0.529 0.000 0.002 0.000 0.041 0.000
333.291667 334.291667    3.21 0.000  0.17 0.000 9.999 0.259000 99.99 0.259000 0.013 0.000  0.128 0.000  0.231 0.000   1.337 0.000  0.979 0.000  0.358 0.000 0.003 0.000 0.027 0.000
336.291667 337.291667    2.38 0.000  0.29 0.000 9.999 0.259000  0.05 0.000000 0.007 0.000  0.072 0.000  0.130 0.000   0.753 0.000  0.109 0.000  0.645 0.000 0.003 0.000 0.079 0.000
339.291667 340.291667    3.54 0.000  0.25 0.000 9.999 0.259000 99.99 0.259000 0.010 0.000  0.108 0.000  0.194 0.000   1.224 0.000  0.550 0.000  0.680 0.000 0.003 0.000 0.078 0.000
342.291667 343.291667    2.53 0.000  0.15 0.000 9.999 0.259000 99.99 0.259000 0.003 0.000  0.076 0.000  0.138 0.000   0.794 0.000  0.444 0.000  0.350 0.000 0.002 0.000 0.038 0.000
345.291667 346.291667    2.56 0.000  0.14 0.000 0.003 0.000000 99.99 0.259000 0.000 0.000 99.999 0.259 99.999 0.259   0.332 0.000  0.045 0.000  0.287 0.000 0.002 0.000 0.026 0.000
348.291667 349.291667    2.04 0.000  0.19 0.000 9.999 0.259000 99.99 0.259000 0.017 0.000 99.999 0.259 99.999 0.259   1.173 0.000  0.883 0.000  0.290 0.000 0.002 0.000 0.022 0.000
351.291667 352.291667   10.98 0.000  0.23 0.000 9.999 0.259000 99.99 0.259000 0.049 0.000  0.399 0.000  0.718 0.000   2.095 0.000  1.135 0.000  0.960 0.000 0.008 0.000 0.051 0.000
354.291667 355.291667    3.20 0.000  0.08 0.000 0.005 0.000000 99.99 0.259000 0.002 0.000  0.033 0.000  0.060 0.000   0.499 0.000  0.244 0.000  0.255 0.000 0.002 0.000 0.023 0.000
357.291667 358.291667    2.30 0.000  0.14 0.000 9.999 0.259000 99.99 0.259000 0.006 0.000  0.084 0.000  0.152 0.000   0.624 0.000  0.270 0.000  0.353 0.000 0.003 0.000 0.024 0.000
360.291667 361.291667    1.07 0.000  0.11 0.000 9.999 0.259000 99.99 0.259000 0.010 0.000  0.095 0.000  0.170 0.000   0.293 0.000 99.999 0.259  0.459 0.000 0.001 0.000 0.041 0.000
363.291667 364.291667    1.88 0.000  0.18 0.000 0.004 0.000000 99.99 0.259000 0.008 0.000  0.128 0.000  0.230 0.000   0.666 0.000  0.402 0.000  0.264 0.000 0.002 0.000 0.032 0.000
