scripts/IMPROVE-2019_partial/data/US9008R.20080101050000.20191216000000.filterpack...52w.3d.US03L_filterpack_US9008.US03L_IMPROVE_Davis.lev2.nas
51 1001
MISSING INFORMATION
US03L, IMPROVE, , , , , , , 
MISSING INFORMATION
IMPROVE sel_HTAP
1 1
2008 01 01 2019 12 16
3.000000
days from file reference point
4
1 1 1 1
999.999999 999.999 999.999 9.999
end_time of measurement, days from the file reference point
pm10_mass, ug/m3, Matrix=pm10
pm25_mass, ug/m3, Matrix=pm25
numflag, no unit
0
33
Data definition:              EBAS_1.1
Set type code:                TU
Timezone:                     UTC
File name:                    US9008R.20080101050000.20191216000000.filterpack...52w.3d.US03L_filterpack_US9008.US03L_IMPROVE_Davis.lev2.nas
File creation:                20191218120539
Startdate:                    20080101050000
Revision date:                20191216000000
Version:                      2
Version description:          "Data extracted from http://views.cira.colostate.edu/fed/DataWizard 2019-12-16"
Statistics:                   arithmetic mean
Data level:                   2
Period code:                  52w
Resolution code:              3d
Sample duration:              1d
Orig. time res.:              3d
Station code:                 US9008R
Platform code:                US9008S
Station name:                 Presque Isle
Station latitude:             46.6964
Station longitude:            -68.0333
Station altitude:             165.0 m
Regime:                       IMG
Component:                    
Unit:                         ug/m3
Matrix:                       
Laboratory code:              US03L
Instrument type:              filterpack
Instrument name:              filterpack_US9008
Method ref:                   US03L_IMPROVE_Davis
Blank correction:             Blank corrected
Volume std. temperature:      ambient
Volume std. pressure:         ambient
starttime endtime PM10 PM2.5 flag
  0.208333   1.208333   6.883   6.048 0.000
  3.208333   4.208333   6.334   5.807 0.000
  6.208333   7.208333  14.780  14.131 0.000
  9.208333  10.208333   7.383   1.681 0.000
 12.208333  13.208333  13.408   3.613 0.000
 15.208333  16.208333   7.030   4.024 0.000
 18.208333  19.208333   7.782   3.257 0.000
 21.208333  22.208333  14.434   9.893 0.000
 24.208333  25.208333  18.222  12.536 0.000
 27.208333  28.208333   7.170   4.603 0.000
 30.208333  31.208333  17.769   4.447 0.000
 33.208333  34.208333   7.953   5.293 0.000
 36.208333  37.208333   6.541   4.687 0.000
 39.208333  40.208333  11.128   9.090 0.000
 42.208333  43.208333   5.896   4.708 0.000
 45.208333  46.208333  11.432   6.068 0.000
 48.208333  49.208333   2.768   1.589 0.000
 51.208333  52.208333  20.263   3.220 0.000
 54.208333  55.208333   6.788   4.929 0.000
 57.208333  58.208333   6.270   4.188 0.000
 60.208333  61.208333   7.409   2.973 0.000
 63.208333  64.208333  10.503   5.669 0.000
 66.208333  67.208333  11.358   6.355 0.000
 69.208333  70.208333   7.422   3.751 0.000
 72.208333  73.208333   9.783   4.095 0.000
 75.208333  76.208333   6.313   3.240 0.000
 78.208333  79.208333  38.045   7.358 0.000
 81.208333  82.208333   5.888   1.879 0.000
 84.208333  85.208333  30.818   7.987 0.000
 87.208333  88.208333  24.039   3.121 0.000
 90.208333  91.208333  25.986   5.213 0.000
 93.208333  94.208333  19.178   5.105 0.000
 96.208333  97.208333  10.901   3.508 0.000
 99.208333 100.208333  47.951   8.318 0.000
102.208333 103.208333   3.497   1.547 0.000
105.208333 106.208333  62.892   6.604 0.000
108.208333 109.208333  59.824  13.460 0.000
111.208333 112.208333  37.178  10.077 0.000
114.208333 115.208333  22.811   4.282 0.000
117.208333 118.208333  10.004   3.379 0.000
120.208333 121.208333  10.550   2.731 0.000
123.208333 124.208333  13.687   3.294 0.000
126.208333 127.208333  21.146   6.005 0.000
129.208333 130.208333   7.067   2.522 0.000
132.208333 133.208333   8.701   1.910 0.000
135.208333 136.208333  21.960   5.317 0.000
138.208333 139.208333  12.845   4.341 0.000
141.208333 142.208333   9.003   4.316 0.000
144.208333 145.208333   5.021   2.105 0.000
147.208333 148.208333  14.034   5.328 0.000
150.208333 151.208333   8.369   1.869 0.000
153.208333 154.208333   5.797   1.671 0.000
156.208333 157.208333  13.205   4.644 0.000
159.208333 160.208333  18.957   6.791 0.000
162.208333 163.208333   7.746   2.888 0.000
165.208333 166.208333   8.962   3.810 0.000
168.208333 169.208333   3.645   2.288 0.000
171.208333 172.208333  11.885   7.841 0.000
174.208333 175.208333  16.480  10.175 0.000
177.208333 178.208333  13.740   8.503 0.000
180.208333 181.208333   2.538   1.494 0.000
183.208333 184.208333  15.137   6.225 0.000
186.208333 187.208333   8.415   5.127 0.000
189.208333 190.208333  31.430  18.065 0.000
192.208333 193.208333   5.920   1.748 0.000
195.208333 196.208333   7.667   4.265 0.000
198.208333 199.208333   8.713   4.592 0.000
201.208333 202.208333   6.262   4.470 0.000
204.208333 205.208333   7.471   2.694 0.000
207.208333 208.208333  10.689   6.828 0.000
210.208333 211.208333  11.473   7.011 0.000
213.208333 214.208333  11.039   7.326 0.000
216.208333 217.208333   3.903   1.276 0.000
219.208333 220.208333   7.899   2.745 0.000
222.208333 223.208333   5.620   2.374 0.000
225.208333 226.208333  11.117   2.867 0.000
228.208333 229.208333  11.072   5.462 0.000
231.208333 232.208333   4.994   1.682 0.000
234.208333 235.208333  17.375   8.485 0.000
237.208333 238.208333   9.230   4.826 0.000
240.208333 241.208333  11.095   4.413 0.000
243.208333 244.208333   7.912   3.350 0.000
246.208333 247.208333  13.114   3.933 0.000
249.208333 250.208333  18.968  13.518 0.000
252.208333 253.208333   7.836   4.228 0.000
255.208333 256.208333  10.577   4.863 0.000
258.208333 259.208333   7.351   3.596 0.000
261.208333 262.208333   7.241   2.691 0.000
264.208333 265.208333   4.326   1.536 0.000
267.208333 268.208333  15.904   5.756 0.000
270.208333 271.208333   3.226   1.620 0.000
273.208333 274.208333   6.446   1.873 0.000
276.208333 277.208333 999.999 999.999 0.456
279.208333 280.208333 999.999 999.999 0.456
282.208333 283.208333   8.710   5.024 0.000
285.208333 286.208333   4.851   2.346 0.000
288.208333 289.208333  20.180   4.218 0.000
291.208333 292.208333   3.109   1.575 0.000
294.208333 295.208333  11.927   5.609 0.000
297.208333 298.208333  10.252   4.937 0.000
300.208333 301.208333   9.546   5.125 0.000
303.208333 304.208333   2.798   1.101 0.000
306.208333 307.208333   4.156   2.149 0.000
309.208333 310.208333  23.160  17.081 0.000
312.208333 313.208333   1.504   0.763 0.000
315.208333 316.208333   3.032   1.829 0.000
318.208333 319.208333   2.662   1.755 0.000
321.208333 322.208333   3.164   1.379 0.000
324.208333 325.208333   6.854   1.808 0.000
327.208333 328.208333   5.700   0.865 0.000
330.208333 331.208333   5.234   2.787 0.000
333.208333 334.208333   6.558   4.933 0.000
336.208333 337.208333   4.872   3.588 0.000
339.208333 340.208333   5.780   3.054 0.000
342.208333 343.208333   5.767   1.879 0.000
345.208333 346.208333   9.931   3.642 0.000
348.208333 349.208333  10.231   3.933 0.000
351.208333 352.208333  11.204   2.777 0.000
354.208333 355.208333   8.993   4.856 0.000
357.208333 358.208333   4.622   3.234 0.000
360.208333 361.208333  19.507   8.630 0.000
363.208333 364.208333  27.092   4.734 0.000
