scripts/IMPROVE-2019_partial/data/US9044R.20090101080000.20191216000000.filterpack...52w.3d.US03L_filterpack_US9044.US03L_IMPROVE_Davis.lev2.nas
52 1001
MISSING INFORMATION
US03L, IMPROVE, , , , , , , 
MISSING INFORMATION
IMPROVE sel_HTAP
1 1
2009 01 01 2019 12 16
3.000000
days from file reference point
5
1 1 1 1 1
999.999999 999.999 9.999 99.999 9.999
end_time of measurement, days from the file reference point
pm10_mass, ug/m3, Matrix=pm10
numflag pm10_mass, no unit, Matrix=pm10
pm25_mass, ug/m3, Matrix=pm25
numflag pm25_mass, no unit, Matrix=pm25
0
33
Data definition:              EBAS_1.1
Set type code:                TU
Timezone:                     UTC
File name:                    US9044R.20090101080000.20191216000000.filterpack...52w.3d.US03L_filterpack_US9044.US03L_IMPROVE_Davis.lev2.nas
File creation:                20191218120823
Startdate:                    20090101080000
Revision date:                20191216000000
Version:                      2
Version description:          "Data extracted from http://views.cira.colostate.edu/fed/DataWizard 2019-12-16"
Statistics:                   arithmetic mean
Data level:                   2
Period code:                  52w
Resolution code:              3d
Sample duration:              1d
Orig. time res.:              3d
Station code:                 US9044R
Platform code:                US9044S
Station name:                 Trinity
Station latitude:             40.7864
Station longitude:            -122.8046
Station altitude:             1014.0 m
Regime:                       IMG
Component:                    
Unit:                         ug/m3
Matrix:                       
Laboratory code:              US03L
Instrument type:              filterpack
Instrument name:              filterpack_US9044
Method ref:                   US03L_IMPROVE_Davis
Blank correction:             Blank corrected
Volume std. temperature:      ambient
Volume std. pressure:         ambient
starttime endtime PM10 flag_PM10 PM2.5 flag_PM2.5
  0.333333   1.333333   0.660 0.000  0.488 0.000
  3.333333   4.333333   1.169 0.000  0.921 0.000
  6.333333   7.333333   0.412 0.000  0.334 0.000
  9.333333  10.333333   1.767 0.000  1.234 0.000
 12.333333  13.333333   1.269 0.000  0.753 0.000
 15.333333  16.333333   1.098 0.000  0.680 0.000
 18.333333  19.333333   1.218 0.000  0.937 0.000
 21.333333  22.333333   2.472 0.000  1.857 0.000
 24.333333  25.333333   0.952 0.000  0.622 0.000
 27.333333  28.333333   2.124 0.000  1.597 0.000
 30.333333  31.333333   2.416 0.000  1.705 0.000
 33.333333  34.333333   2.617 0.000  1.467 0.000
 36.333333  37.333333   0.370 0.000  0.246 0.000
 39.333333  40.333333   2.857 0.000  1.940 0.000
 42.333333  43.333333   0.455 0.000  0.370 0.000
 45.333333  46.333333   0.208 0.000  0.248 0.000
 48.333333  49.333333   0.663 0.000  0.369 0.000
 51.333333  52.333333   3.167 0.000  2.250 0.000
 54.333333  55.333333   2.280 0.000  1.140 0.000
 57.333333  58.333333 999.999 0.999 99.999 0.999
 60.333333  61.333333 999.999 0.999 99.999 0.999
 63.333333  64.333333   0.793 0.000  0.553 0.000
 66.333333  67.333333   2.135 0.000  1.362 0.000
 69.333333  70.333333   2.350 0.000  1.456 0.000
 72.333333  73.333333   3.236 0.000  1.986 0.000
 75.333333  76.333333  13.434 0.000 99.999 0.456
 78.333333  79.333333   4.728 0.000  1.981 0.000
 81.333333  82.333333   1.206 0.000  0.584 0.000
 84.333333  85.333333   1.478 0.000  0.768 0.000
 87.333333  88.333333   2.796 0.000  1.535 0.000
 90.333333  91.333333  22.763 0.000  2.899 0.000
 93.333333  94.333333   4.600 0.000  2.919 0.000
 96.333333  97.333333  18.469 0.000  4.108 0.000
 99.333333 100.333333   1.995 0.000  0.884 0.000
102.333333 103.333333   6.784 0.000  1.777 0.000
105.333333 106.333333  12.577 0.000  2.497 0.000
108.333333 109.333333   5.449 0.000  3.523 0.000
111.333333 112.333333   8.400 0.000  2.987 0.000
114.333333 115.333333   6.189 0.000  3.883 0.000
117.333333 118.333333   7.236 0.000  6.185 0.000
120.333333 121.333333   4.305 0.000  2.155 0.000
123.333333 124.333333   1.775 0.000  1.220 0.000
126.333333 127.333333   3.512 0.000  1.950 0.000
129.333333 130.333333   6.164 0.000  3.726 0.000
132.333333 133.333333   5.011 0.000  2.200 0.000
135.333333 136.333333  10.873 0.000  6.092 0.000
138.333333 139.333333   3.557 0.000  1.807 0.000
141.333333 142.333333   9.628 0.000  4.602 0.000
144.333333 145.333333   8.074 0.000  5.354 0.000
147.333333 148.333333  13.671 0.000  4.984 0.000
150.333333 151.333333  11.396 0.000  6.041 0.000
153.333333 154.333333 999.999 0.999 99.999 0.999
156.333333 157.333333 999.999 0.999 99.999 0.999
159.333333 160.333333 999.999 0.999 99.999 0.999
162.333333 163.333333   5.082 0.000  2.893 0.000
165.333333 166.333333   5.056 0.000  3.136 0.000
168.333333 169.333333   4.612 0.000  2.853 0.000
171.333333 172.333333   2.938 0.000  1.828 0.000
174.333333 175.333333   7.115 0.000  3.466 0.000
177.333333 178.333333   8.166 0.000  5.317 0.000
180.333333 181.333333  10.873 0.000  5.551 0.000
183.333333 184.333333   9.348 0.000  4.757 0.000
186.333333 187.333333   3.063 0.000  1.828 0.000
189.333333 190.333333   9.685 0.000  5.618 0.000
192.333333 193.333333   4.975 0.000  3.316 0.000
195.333333 196.333333  10.239 0.000  5.213 0.000
198.333333 199.333333   7.728 0.000  4.844 0.000
201.333333 202.333333   7.506 0.000  3.485 0.000
204.333333 205.333333   9.586 0.000  4.103 0.000
207.333333 208.333333   7.973 0.000  5.127 0.000
210.333333 211.333333  14.434 0.000  7.275 0.000
213.333333 214.333333  10.200 0.000  4.397 0.000
216.333333 217.333333   6.866 0.000  2.369 0.000
219.333333 220.333333 999.999 0.999 99.999 0.999
222.333333 223.333333 999.999 0.999 99.999 0.999
225.333333 226.333333   5.239 0.000  3.332 0.000
228.333333 229.333333   5.002 0.000  2.732 0.000
231.333333 232.333333  11.683 0.000  6.225 0.000
234.333333 235.333333   8.476 0.000  3.845 0.000
237.333333 238.333333  11.609 0.000  4.364 0.000
240.333333 241.333333   5.097 0.000  2.393 0.000
243.333333 244.333333  10.279 0.000  3.930 0.000
246.333333 247.333333   5.131 0.000  1.975 0.000
249.333333 250.333333   4.573 0.000  2.359 0.000
252.333333 253.333333   6.843 0.000  3.262 0.000
255.333333 256.333333  14.149 0.000  4.438 0.000
258.333333 259.333333 999.999 0.999 99.999 0.999
261.333333 262.333333 999.999 0.999 99.999 0.999
264.333333 265.333333 999.999 0.999 99.999 0.999
267.333333 268.333333  13.319 0.000  8.357 0.000
270.333333 271.333333   5.261 0.000  2.566 0.000
273.333333 274.333333 999.999 0.999 99.999 0.999
276.333333 277.333333   3.388 0.000  1.501 0.000
279.333333 280.333333   5.160 0.000  1.993 0.000
282.333333 283.333333   4.732 0.000  2.848 0.000
285.333333 286.333333   1.590 0.000  0.710 0.000
288.333333 289.333333   2.702 0.000  1.620 0.000
291.333333 292.333333   1.866 0.000  0.918 0.000
294.333333 295.333333   5.847 0.000  4.029 0.000
297.333333 298.333333   5.923 0.000  4.538 0.000
300.333333 301.333333 999.999 0.999 99.999 0.999
303.333333 304.333333   1.196 0.000  0.762 0.000
306.333333 307.333333   2.437 0.000  1.658 0.000
309.333333 310.333333   3.242 0.000  2.219 0.000
312.333333 313.333333   1.635 0.000  1.512 0.000
315.333333 316.333333   3.859 0.000  2.568 0.000
318.333333 319.333333   2.996 0.000  2.434 0.000
321.333333 322.333333   2.049 0.000  1.263 0.000
324.333333 325.333333   1.705 0.000  0.850 0.000
327.333333 328.333333 999.999 0.999 99.999 0.999
330.333333 331.333333 999.999 0.999 99.999 0.999
333.333333 334.333333 999.999 0.999 99.999 0.999
336.333333 337.333333   5.643 0.000  4.607 0.000
339.333333 340.333333   3.757 0.000  2.726 0.000
342.333333 343.333333 999.999 0.999 99.999 0.999
345.333333 346.333333   0.294 0.000  0.030 0.000
348.333333 349.333333 999.999 0.999 99.999 0.999
351.333333 352.333333 999.999 0.999 99.999 0.999
354.333333 355.333333 999.999 0.999 99.999 0.999
357.333333 358.333333 999.999 0.999 99.999 0.999
360.333333 361.333333 999.999 0.999 99.999 0.999
363.333333 364.333333 999.999 0.999 99.999 0.999
