scripts/IMPROVE-2019_partial/data/US9012R.20040101070000.20191216000000.filterpack..pm25.52w.1w.US03L_filterpack_US9012.US03L_IMPROVE_Davis.lev2.nas
66 1001
MISSING INFORMATION
US03L, IMPROVE, , , , , , , 
MISSING INFORMATION
IMPROVE sel_HTAP
1 1
2004 01 01 2019 12 16
3.000000
days from file reference point
27
1 1 1 1 1 1 1 1 1 1 1 1 1 1 1 1 1 1 1 1 1 1 1 1 1 1 1
999.999999 999.99 9.999999 99.99 9.999999 9.999 9.999999 9.99 9.999999999 9.999 9.999999 99.999 9.999 99.999 9.999 99.99 9.999999999 999.999 9.999 999.999 9.999 999.999 9.999 9.999 9.999999 9.999 9.999999
end_time of measurement, days from the file reference point
iron, ng/m3, Revision date=20181210133000
numflag iron, no unit, Revision date=20181210133000
lead, ng/m3, Revision date=20181210133000
numflag lead, no unit, Revision date=20181210133000
magnesium, ug/m3, Revision date=20181210133000
numflag magnesium, no unit, Revision date=20181210133000
nickel, ng/m3, Revision date=20181210133000
numflag nickel, no unit, Revision date=20181210133000
nitrate, ug N/m3, Revision date=20181210133000
numflag nitrate, no unit, Revision date=20181210133000
organic_carbon, ug C/m3, Revision date=20181210133000
numflag organic_carbon, no unit, Revision date=20181210133000
organic_mass, ug/m3, Revision date=20181210133000
numflag organic_mass, no unit, Revision date=20181210133000
phosphorus, ng/m3, Revision date=20181210133000
numflag phosphorus, no unit, Revision date=20181210133000
pm10_mass, ug/m3, Version=2, Version description=Data extracted from http://views.cira.colostate.edu/fed/DataWizard 2019-12-16, Sample duration=1d, Orig. time res.=3d, Matrix=pm10, Blank correction=Blank corrected, Volume std. temperature=ambient, Volume std. pressure=ambient
numflag pm10_mass, no unit, Version=2, Version description=Data extracted from http://views.cira.colostate.edu/fed/DataWizard 2019-12-16, Sample duration=1d, Orig. time res.=3d, Matrix=pm10, Blank correction=Blank corrected, Volume std. temperature=ambient, Volume std. pressure=ambient
pm10_pm25_mass, ug/m3, Revision date=20181210133000, Matrix=pm10_pm25
numflag pm10_pm25_mass, no unit, Revision date=20181210133000, Matrix=pm10_pm25
pm25_mass, ug/m3, Version=2, Version description=Data extracted from http://views.cira.colostate.edu/fed/DataWizard 2019-12-16, Sample duration=1d, Orig. time res.=3d, Blank correction=Blank corrected, Volume std. temperature=ambient, Volume std. pressure=ambient
numflag pm25_mass, no unit, Version=2, Version description=Data extracted from http://views.cira.colostate.edu/fed/DataWizard 2019-12-16, Sample duration=1d, Orig. time res.=3d, Blank correction=Blank corrected, Volume std. temperature=ambient, Volume std. pressure=ambient
potassium, ug/m3, Revision date=20181210133000
numflag potassium, no unit, Revision date=20181210133000
sulphate_total, ug S/m3, Revision date=20181210133000
numflag sulphate_total, no unit, Revision date=20181210133000
0
25
Data definition:              EBAS_1.1
Set type code:                TU
Timezone:                     UTC
File name:                    US9012R.20040101070000.20191216000000.filterpack..pm25.52w.1w.US03L_filterpack_US9012.US03L_IMPROVE_Davis.lev2.nas
File creation:                20191218120558
Startdate:                    20040101070000
Revision date:                20191216000000
Statistics:                   arithmetic mean
Data level:                   2
Period code:                  52w
Resolution code:              1w
Station code:                 US9012R
Platform code:                US9012S
Station name:                 Monture
Station latitude:             47.1222
Station longitude:            -113.1544
Station altitude:             1282.0 m
Regime:                       IMG
Component:                    
Matrix:                       pm25
Laboratory code:              US03L
Instrument type:              filterpack
Instrument name:              filterpack_US9012
Method ref:                   US03L_IMPROVE_Davis
starttime endtime Fe flag_Fe Pb flag_Pb Mg++ flag_Mg++ Ni flag_Ni NO3- flag_NO3- OC flag_OC OM flag_OM P flag_P PM10 flag_PM10 PM10-PM2.5 flag_PM10-PM2.5 PM2.5 flag_PM2.5 K+ flag_K+ SO4-- flag_SO4--
  0.291667   1.291667   2.84 0.000000  0.26 0.000000 9.999 0.259000 9.99 0.259000000 0.047 0.000000  1.344 0.000  1.882 0.000 99.99 0.259000000   3.840 0.000   1.099 0.000   2.741 0.000 0.014 0.000000 0.089 0.000000
  3.291667   4.291667   2.19 0.559000  0.30 0.559000 9.999 0.559259 9.99 0.559259000 0.061 0.559000  0.368 0.000  0.515 0.000 99.99 0.559259000   1.593 0.000 999.999 0.259   1.722 0.559 0.010 0.559000 0.107 0.559000
  6.291667   7.291667 999.99 0.999000 99.99 0.999000 9.999 0.999000 9.99 0.999000000 9.999 0.999000 99.999 0.999 99.999 0.999 99.99 0.999000000 999.999 0.999 999.999 0.999 999.999 0.999 9.999 0.999000 9.999 0.999000
  9.291667  10.291667   2.70 0.000000  0.29 0.000000 9.999 0.259000 0.17 0.000000000 0.053 0.559000  1.007 0.000  1.410 0.000 99.99 0.259000000   1.887 0.000 999.999 0.259   1.950 0.000 0.008 0.000000 0.039 0.559000
 12.291667  13.291667   5.41 0.559000  0.23 0.559000 9.999 0.559259 9.99 0.559259000 0.036 0.559000  1.020 0.000  1.428 0.000 99.99 0.559259000   1.906 0.000   0.145 0.000   1.762 0.559 0.009 0.559000 0.035 0.559000
 15.291667  16.291667   1.95 0.000000  0.12 0.000000 9.999 0.259000 9.99 0.259000000 0.017 0.559000  0.713 0.000  0.999 0.000 99.99 0.259000000   1.437 0.000   0.284 0.000   1.153 0.000 0.020 0.000000 0.041 0.559000
 18.291667  19.291667   1.05 0.000000  0.09 0.000000 9.999 0.259000 9.99 0.259000000 0.021 0.559000  0.936 0.000  1.310 0.000 99.99 0.259000000   1.244 0.000   0.092 0.000   1.153 0.000 0.013 0.000000 0.023 0.559000
 21.291667  22.291667   0.98 0.000000  0.09 0.000000 9.999 0.259000 0.09 0.000000000 0.010 0.559000  0.883 0.000  1.237 0.000 99.99 0.259000000   1.144 0.000   0.045 0.000   1.099 0.000 0.011 0.000000 0.023 0.559000
 24.291667  25.291667   6.34 0.000000  0.67 0.000000 9.999 0.259000 0.11 0.000000000 0.189 0.559000  1.439 0.000  2.014 0.000 99.99 0.259000000   4.365 0.000   0.080 0.000   4.285 0.000 0.027 0.000000 0.314 0.559000
 27.291667  28.291667   0.63 0.000000  0.10 0.000000 9.999 0.259000 0.07 0.000000000 0.002 0.559000  0.569 0.000  0.796 0.000 99.99 0.259000000   0.833 0.000   0.231 0.000   0.603 0.000 0.004 0.000000 0.025 0.559000
 30.291667  31.291667   2.08 0.559394  0.17 0.559394 0.024 0.559394 9.99 0.559394259 0.005 0.559394  0.418 0.000  0.585 0.000 99.99 0.559394259   0.874 0.000   0.398 0.000   0.476 0.559 0.007 0.559394 0.040 0.559394
 33.291667  34.291667   2.33 0.559000  0.20 0.559000 9.999 0.559259 0.06 0.559000000 0.015 0.559000  0.401 0.000  0.561 0.000 99.99 0.559259000   0.920 0.000   0.109 0.000   0.810 0.559 0.005 0.559000 0.054 0.559000
 36.291667  37.291667   1.79 0.559000  0.37 0.559000 9.999 0.559259 9.99 0.559259000 0.010 0.559000  0.467 0.000  0.654 0.000 99.99 0.559259000   1.117 0.000   0.340 0.000   0.778 0.559 0.006 0.559000 0.053 0.559000
 39.291667  40.291667   1.17 0.559000  0.28 0.559000 9.999 0.559259 0.05 0.559000000 0.004 0.559000  0.338 0.000  0.473 0.000 99.99 0.559259000   0.878 0.000   0.267 0.000   0.611 0.559 0.006 0.559000 0.065 0.559000
 42.291667  43.291667   2.92 0.559000  0.17 0.559000 9.999 0.559259 9.99 0.559259000 0.032 0.559000  0.618 0.000  0.865 0.000 99.99 0.559259000   1.927 0.000   0.409 0.000   1.518 0.559 0.012 0.559000 0.146 0.559000
 45.291667  46.291667   2.37 0.559000  0.32 0.559000 9.999 0.559259 0.07 0.559000000 0.015 0.559000  0.452 0.000  0.632 0.000 99.99 0.559259000   1.078 0.000   0.199 0.000   0.878 0.559 0.014 0.559000 0.063 0.559000
 48.291667  49.291667   1.25 0.000000  0.20 0.000000 9.999 0.259000 9.99 0.259000000 0.005 0.000000  0.595 0.000  0.834 0.000 99.99 0.259000000   0.758 0.000   0.167 0.000   0.591 0.000 0.008 0.000000 0.022 0.000000
 51.291667  52.291667   1.85 0.000000  0.30 0.000000 0.021 0.000000 0.07 0.000000000 0.003 0.559000  0.435 0.000  0.609 0.000 99.99 0.259000000   1.317 0.000   0.434 0.000   0.883 0.000 0.004 0.000000 0.078 0.559000
 54.291667  55.291667   3.48 0.000000  0.28 0.000000 9.999 0.259000 0.06 0.000000000 0.013 0.559000  0.637 0.000  0.892 0.000 99.99 0.259000000   1.744 0.000   0.012 0.000   1.732 0.000 0.005 0.000000 0.141 0.559000
 57.291667  58.291667   2.65 0.000000  0.59 0.000000 9.999 0.259000 9.99 0.259000000 0.010 0.559000  0.597 0.000  0.836 0.000 99.99 0.259000000   0.833 0.000 999.999 0.259   0.846 0.000 0.008 0.000000 0.074 0.559000
 60.291667  61.291667   1.35 0.000000  0.19 0.000000 9.999 0.259000 9.99 0.259000000 0.010 0.000000  0.380 0.000  0.532 0.000 99.99 0.259000000   0.833 0.000 999.999 0.259   0.886 0.000 0.003 0.000000 0.092 0.000000
 63.291667  64.291667   7.48 0.000000  1.03 0.000000 9.999 0.259000 9.99 0.259000000 0.019 0.559000  0.467 0.000  0.653 0.000 99.99 0.259000000   1.697 0.000   0.179 0.000   1.517 0.000 0.025 0.000000 0.150 0.559000
 66.291667  67.291667  16.38 0.559000  1.25 0.559000 9.999 0.559259 9.99 0.559259000 0.030 0.559000  0.430 0.000  0.602 0.000 99.99 0.559259000   2.604 0.000   0.875 0.000   1.729 0.559 0.023 0.559000 0.200 0.559000
 69.291667  70.291667  13.19 0.559000  0.58 0.559000 9.999 0.559259 0.06 0.559000000 0.010 0.559000  0.499 0.000  0.699 0.000 99.99 0.559259000   1.894 0.000   0.500 0.000   1.394 0.559 0.015 0.559000 0.105 0.559000
 72.291667  73.291667   6.76 0.559000  0.26 0.559000 9.999 0.559259 9.99 0.559259000 0.006 0.559000  0.438 0.000  0.613 0.000 99.99 0.559259000   1.191 0.000   0.296 0.000   0.894 0.559 0.007 0.559000 0.084 0.559000
 75.291667  76.291667  20.99 0.559000  0.95 0.559000 9.999 0.559259 9.99 0.559259000 0.015 0.559000  0.469 0.000  0.656 0.000 99.99 0.559259000   2.951 0.000   1.388 0.000   1.562 0.559 0.023 0.559000 0.121 0.559000
 78.291667  79.291667  18.95 0.559000  0.62 0.559000 9.999 0.559259 9.99 0.559259000 0.018 0.559000  0.339 0.000  0.474 0.000 99.99 0.559259000   2.249 0.000   1.250 0.000   1.000 0.559 0.018 0.559000 0.083 0.559000
 81.291667  82.291667  23.61 0.559000  1.24 0.559000 9.999 0.559259 9.99 0.559259000 0.015 0.559000  0.980 0.000  1.372 0.000 99.99 0.559259000   3.591 0.000   1.205 0.000   2.385 0.559 0.032 0.559000 0.107 0.559000
 84.291667  85.291667  33.43 0.559000  0.50 0.559000 9.999 0.559259 9.99 0.559259000 0.025 0.559000  0.611 0.000  0.855 0.000 99.99 0.559259000   4.143 0.000   2.307 0.000   1.836 0.559 0.022 0.559000 0.107 0.559000
 87.291667  88.291667  14.05 0.559000  0.44 0.559000 0.066 0.559000 9.99 0.559259000 0.008 0.559000  0.558 0.000  0.782 0.000 99.99 0.559259000   1.539 0.000   0.434 0.000   1.105 0.559 0.016 0.559000 0.056 0.559000
 90.291667  91.291667  32.38 0.559000  0.88 0.559000 9.999 0.559259 9.99 0.559259000 0.024 0.559000  2.386 0.000  3.341 0.000 99.99 0.559259000   7.298 0.000   2.353 0.000   4.945 0.559 0.030 0.559000 0.127 0.559000
 93.291667  94.291667  17.74 0.559000  0.44 0.559000 9.999 0.559259 0.13 0.559000000 0.017 0.559000  0.974 0.000  1.364 0.000 99.99 0.559259000   4.002 0.000   1.007 0.000   2.995 0.559 0.022 0.559000 0.283 0.559000
 96.291667  97.291667  60.03 0.559000  1.13 0.559000 9.999 0.559259 9.99 0.559259000 0.025 0.559000  1.684 0.000  2.357 0.000 99.99 0.559259000   8.643 0.000   3.534 0.000   5.109 0.559 0.053 0.559000 0.260 0.559000
 99.291667 100.291667  27.92 0.559000  1.25 0.559000 9.999 0.559259 9.99 0.559259000 0.028 0.559000  0.656 0.000  0.918 0.000 99.99 0.559259000   4.853 0.000   1.514 0.000   3.340 0.559 0.029 0.559000 0.437 0.559000
102.291667 103.291667  54.58 0.559000  1.17 0.559000 0.035 0.559000 9.99 0.559259000 0.015 0.559000  1.414 0.000  1.980 0.000 99.99 0.559259000   5.603 0.000   1.543 0.000   4.060 0.559 0.041 0.559000 0.295 0.559000
105.291667 106.291667  11.53 0.559000  0.55 0.559000 9.999 0.559259 9.99 0.559259000 0.005 0.559000  0.501 0.000  0.702 0.000 99.99 0.559259000   1.973 0.000   1.015 0.000   0.958 0.559 0.013 0.559000 0.061 0.559000
108.291667 109.291667  11.83 0.559000  1.24 0.559000 9.999 0.559259 9.99 0.559259000 0.007 0.559000  0.611 0.000  0.856 0.000 99.99 0.559259000   2.644 0.000   0.558 0.000   2.086 0.559 0.023 0.559000 0.221 0.559000
111.291667 112.291667   8.01 0.559000  0.66 0.559000 9.999 0.559259 0.21 0.559000000 0.004 0.559000  0.479 0.000  0.671 0.000 99.99 0.559259000   1.177 0.000   0.411 0.000   0.766 0.559 0.010 0.559000 0.049 0.559000
114.291667 115.291667  28.22 0.559000  1.51 0.559000 9.999 0.559259 0.10 0.559000000 0.013 0.559000  0.730 0.000  1.022 0.000 99.99 0.559259000   4.080 0.000   1.871 0.000   2.210 0.559 0.033 0.559000 0.223 0.559000
117.291667 118.291667  72.18 0.559000  2.09 0.559000 9.999 0.559259 9.99 0.559259000 0.023 0.559000  2.218 0.000  3.105 0.000 99.99 0.559259000   9.330 0.000   3.711 0.000   5.619 0.559 0.064 0.559000 0.272 0.559000
120.291667 121.291667  22.15 0.559000  1.08 0.559000 0.033 0.559000 9.99 0.559259000 0.015 0.559000  0.831 0.000  1.164 0.000 99.99 0.559259000   5.689 0.000   2.204 0.000   3.485 0.559 0.023 0.559000 0.389 0.559000
123.291667 124.291667  39.77 0.559000  0.70 0.559000 9.999 0.559259 0.08 0.559000000 0.016 0.559000  1.325 0.000  1.855 0.000 99.99 0.559259000   7.925 0.000   4.892 0.000   3.033 0.559 0.033 0.559000 0.118 0.559000
126.291667 127.291667  43.02 0.559000  0.83 0.559000 9.999 0.559259 9.99 0.559259000 0.023 0.559000  1.075 0.000  1.505 0.000 99.99 0.559259000   6.320 0.000   3.469 0.000   2.852 0.559 0.034 0.559000 0.116 0.559000
129.291667 130.291667   9.17 0.559000  0.54 0.559000 9.999 0.559259 9.99 0.559259000 0.009 0.559000  0.584 0.000  0.818 0.000 99.99 0.559259000   1.922 0.000   0.923 0.000   1.000 0.559 0.012 0.559000 0.065 0.559000
132.291667 133.291667 999.99 0.999000 99.99 0.999000 9.999 0.999000 9.99 0.999000000 9.999 0.999000 99.999 0.999 99.999 0.999 99.99 0.999000000 999.999 0.999 999.999 0.999 999.999 0.999 9.999 0.999000 9.999 0.999000
135.291667 136.291667  30.56 0.559000  1.85 0.559000 9.999 0.559259 9.99 0.559259000 0.018 0.559000  1.010 0.000  1.414 0.000 99.99 0.559259000  10.183 0.000   6.525 0.000   3.658 0.559 0.039 0.559000 0.349 0.559000
138.291667 139.291667 999.99 0.456000 99.99 0.456000 9.999 0.456000 9.99 0.456000000 0.017 0.559000  0.741 0.000  1.037 0.000 99.99 0.456000000 999.999 0.456 999.999 0.999 999.999 0.456 9.999 0.456000 0.328 0.559000
141.291667 142.291667 999.99 0.456000 99.99 0.456000 9.999 0.456000 9.99 0.456000000 0.005 0.559000  0.548 0.000  0.768 0.000 99.99 0.456000000   1.883 0.000 999.999 0.999 999.999 0.456 9.999 0.456000 0.054 0.559000
144.291667 145.291667 999.99 0.456000 99.99 0.456000 9.999 0.456000 9.99 0.456000000 0.010 0.559000  0.607 0.000  0.850 0.000 99.99 0.456000000   3.374 0.000 999.999 0.999 999.999 0.456 9.999 0.456000 0.260 0.559000
147.291667 148.291667 999.99 0.456000 99.99 0.456000 9.999 0.456000 9.99 0.456000000 0.008 0.559000  0.587 0.000  0.821 0.000 99.99 0.456000000   1.873 0.000 999.999 0.999 999.999 0.456 9.999 0.456000 0.096 0.559000
150.291667 151.291667 999.99 0.456000 99.99 0.456000 9.999 0.456000 9.99 0.456000000 0.006 0.559000  0.450 0.000  0.630 0.000 99.99 0.456000000   1.609 0.000 999.999 0.999 999.999 0.456 9.999 0.456000 0.062 0.559000
153.291667 154.291667  23.74 0.559000  0.77 0.559000 9.999 0.559259 0.12 0.559000000 0.011 0.559000  1.135 0.000  1.589 0.000 99.99 0.559259000   4.370 0.000   2.063 0.000   2.306 0.559 0.027 0.559000 0.176 0.559000
156.291667 157.291667  40.94 0.559000  1.07 0.559000 9.999 0.559259 0.10 0.559000000 0.017 0.000000  1.914 0.000  2.679 0.000 99.99 0.559259000   8.037 0.000   3.875 0.000   4.161 0.559 0.037 0.559000 0.223 0.000000
159.291667 160.291667   5.89 0.559000  0.41 0.559000 9.999 0.559259 9.99 0.559259000 0.008 0.559000  0.854 0.000  1.195 0.000 99.99 0.559259000   2.350 0.000   1.049 0.000   1.301 0.559 0.006 0.559000 0.164 0.559000
162.291667 163.291667   9.58 0.559000  0.41 0.559000 9.999 0.559259 9.99 0.559259000 0.016 0.559000  0.717 0.000  1.004 0.000 99.99 0.559259000   2.590 0.000   1.379 0.000   1.210 0.559 0.012 0.559000 0.102 0.559000
165.291667 166.291667   7.90 0.559000  0.53 0.559000 0.071 0.559000 0.19 0.559000000 0.014 0.559000  0.695 0.000  0.972 0.000 99.99 0.559259000   2.458 0.000   1.305 0.000   1.153 0.559 0.013 0.559000 0.104 0.559000
168.291667 169.291667   5.94 0.559000  0.22 0.559000 0.103 0.559000 0.21 0.559000000 0.004 0.559000  0.577 0.000  0.808 0.000 99.99 0.559259000   2.707 0.000   1.532 0.000   1.175 0.559 0.007 0.559000 0.120 0.559000
171.291667 172.291667   9.87 0.559000  0.38 0.559000 0.056 0.559000 9.99 0.559259000 0.006 0.559000  1.215 0.000  1.701 0.000 99.99 0.559259000   3.862 0.000   1.574 0.000   2.288 0.559 0.014 0.559000 0.168 0.559000
174.291667 175.291667  25.97 0.000000  0.66 0.000000 0.063 0.000000 9.99 0.259000000 0.010 0.000000  2.646 0.000  3.705 0.000 99.99 0.259000000   8.987 0.000   3.560 0.000   5.427 0.000 0.040 0.000000 0.162 0.000000
177.291667 178.291667  12.64 0.000000  0.75 0.000000 9.999 0.259000 0.13 0.000000000 0.008 0.000000  2.607 0.000  3.650 0.000 99.99 0.259000000   7.109 0.000   1.864 0.000   5.245 0.000 0.051 0.000000 0.165 0.000000
180.291667 181.291667  26.34 0.000000  0.40 0.000000 9.999 0.259000 0.53 0.000000000 0.011 0.000000  1.437 0.000  2.012 0.000 99.99 0.259000000   7.224 0.000   3.593 0.000   3.631 0.000 0.032 0.000000 0.138 0.000000
183.291667 184.291667  60.90 0.000000  0.82 0.000000 9.999 0.259000 0.11 0.000000000 0.017 0.000000  1.398 0.000  1.957 0.000 99.99 0.259000000  11.259 0.000   7.316 0.000   3.943 0.000 0.062 0.000000 0.150 0.000000
186.291667 187.291667   6.33 0.000000 99.99 0.259000 9.999 0.259000 9.99 0.259000000 0.006 0.000000  0.604 0.000  0.846 0.000 99.99 0.259000000   2.410 0.000   1.282 0.000   1.129 0.000 0.025 0.000000 0.034 0.000000
189.291667 190.291667  42.36 0.000000 99.99 0.259000 9.999 0.259000 9.99 0.259000000 0.018 0.000000  1.371 0.000  1.919 0.000 99.99 0.259000000   9.163 0.000   5.588 0.000   3.576 0.000 0.046 0.000000 0.101 0.000000
192.291667 193.291667  16.94 0.000000  0.37 0.000000 9.999 0.259000 9.99 0.259000000 0.010 0.000000  1.600 0.000  2.240 0.000 99.99 0.259000000   5.219 0.000   2.080 0.000   3.138 0.000 0.030 0.000000 0.111 0.000000
195.291667 196.291667  47.04 0.000000  0.46 0.000000 9.999 0.259000 0.11 0.000000000 0.012 0.000000  2.131 0.000  2.984 0.000 99.99 0.259000000   9.300 0.000   4.700 0.000   4.600 0.000 0.051 0.000000 0.122 0.000000
198.291667 199.291667  55.62 0.000000  0.45 0.000000 9.999 0.259000 9.99 0.259000000 0.013 0.000000  2.703 0.000  3.784 0.000 99.99 0.259000000  15.625 0.000   9.065 0.000   6.560 0.000 0.085 0.000000 0.157 0.000000
201.291667 202.291667   9.32 0.000000  0.53 0.000000 9.999 0.259000 9.99 0.259000000 0.009 0.000000  1.123 0.000  1.573 0.000 99.99 0.259000000   3.530 0.000   1.642 0.000   1.887 0.000 0.027 0.000000 0.075 0.000000
204.291667 205.291667  21.67 0.000000 99.99 0.259000 9.999 0.259000 9.99 0.259000000 0.009 0.000000  2.262 0.000  3.167 0.000 99.99 0.259000000   8.244 0.000   2.911 0.000   5.333 0.000 0.046 0.000000 0.183 0.000000
207.291667 208.291667  25.23 0.000000  0.35 0.000000 0.026 0.000000 9.99 0.259000000 0.016 0.000000  2.181 0.000  3.054 0.000 99.99 0.259000000   7.230 0.000   2.825 0.000   4.406 0.000 0.042 0.000000 0.099 0.000000
210.291667 211.291667  62.43 0.000000  0.30 0.000000 9.999 0.259000 0.12 0.000000000 0.011 0.000000  4.266 0.000  5.972 0.000 99.99 0.259000000  13.434 0.000   4.135 0.000   9.299 0.000 0.106 0.000000 0.108 0.000000
213.291667 214.291667  96.80 0.000000  0.65 0.000000 9.999 0.259000 9.99 0.259000000 0.017 0.000000  5.000 0.000  7.000 0.000 99.99 0.259000000  18.909 0.000   7.131 0.000  11.778 0.000 0.138 0.000000 0.172 0.000000
216.291667 217.291667  48.45 0.000000  0.27 0.000000 9.999 0.259000 0.10 0.000000000 0.018 0.000000  1.401 0.000  1.962 0.000 99.99 0.259000000   5.964 0.000   2.113 0.000   3.852 0.000 0.073 0.000000 0.139 0.000000
219.291667 220.291667   6.35 0.000000 99.99 0.259000 9.999 0.259000 9.99 0.259000000 0.008 0.000000  0.436 0.000  0.611 0.000 99.99 0.259000000   2.835 0.000   1.931 0.000   0.904 0.000 0.016 0.000000 0.054 0.000000
