scripts/IMPROVE-2019_partial/data/US9037R.20000209070000.20191216000000.filterpack..pm25.11mo.1w.US03L_filterpack_US9037.US03L_IMPROVE_Davis.lev2.nas
64 1001
MISSING INFORMATION
US03L, IMPROVE, , , , , , , 
MISSING INFORMATION
IMPROVE sel_HTAP
1 1
2000 01 01 2019 12 16
0
days from file reference point
25
1 1 1 1 1 1 1 1 1 1 1 1 1 1 1 1 1 1 1 1 1 1 1 1 1
999.999999 9999.99 9.999 99.99 9.999999 9.999 9.999999 9.99 9.999999 9.999 9.999 99.999 9.999 99.999 9.999 999.999 9.999 999.999 9.999 999.999 9.999 9.999 9.999 9.999 9.999
end_time of measurement, days from the file reference point
iron, ng/m3, Revision date=20181210133000
numflag iron, no unit, Revision date=20181210133000
lead, ng/m3, Revision date=20181210133000
numflag lead, no unit, Revision date=20181210133000
magnesium, ug/m3, Revision date=20181210133000
numflag magnesium, no unit, Revision date=20181210133000
nickel, ng/m3, Revision date=20181210133000
numflag nickel, no unit, Revision date=20181210133000
nitrate, ug N/m3, Revision date=20181210133000
numflag nitrate, no unit, Revision date=20181210133000
organic_carbon, ug C/m3, Revision date=20181210133000
numflag organic_carbon, no unit, Revision date=20181210133000
organic_mass, ug/m3, Revision date=20181210133000
numflag organic_mass, no unit, Revision date=20181210133000
pm10_mass, ug/m3, Version=2, Version description=Data extracted from http://views.cira.colostate.edu/fed/DataWizard 2019-12-16, Sample duration=1d, Orig. time res.=3d, Matrix=pm10, Blank correction=Blank corrected, Volume std. temperature=ambient, Volume std. pressure=ambient
numflag pm10_mass, no unit, Version=2, Version description=Data extracted from http://views.cira.colostate.edu/fed/DataWizard 2019-12-16, Sample duration=1d, Orig. time res.=3d, Matrix=pm10, Blank correction=Blank corrected, Volume std. temperature=ambient, Volume std. pressure=ambient
pm10_pm25_mass, ug/m3, Revision date=20181210133000, Matrix=pm10_pm25
numflag pm10_pm25_mass, no unit, Revision date=20181210133000, Matrix=pm10_pm25
pm25_mass, ug/m3, Version=2, Version description=Data extracted from http://views.cira.colostate.edu/fed/DataWizard 2019-12-16, Sample duration=1d, Orig. time res.=3d, Blank correction=Blank corrected, Volume std. temperature=ambient, Volume std. pressure=ambient
numflag pm25_mass, no unit, Version=2, Version description=Data extracted from http://views.cira.colostate.edu/fed/DataWizard 2019-12-16, Sample duration=1d, Orig. time res.=3d, Blank correction=Blank corrected, Volume std. temperature=ambient, Volume std. pressure=ambient
potassium, ug/m3, Revision date=20181210133000
numflag potassium, no unit, Revision date=20181210133000
sulphate_total, ug S/m3, Revision date=20181210133000
numflag sulphate_total, no unit, Revision date=20181210133000
0
25
Data definition:              EBAS_1.1
Set type code:                TI
Timezone:                     UTC
File name:                    US9037R.20000209070000.20191216000000.filterpack..pm25.11mo.1w.US03L_filterpack_US9037.US03L_IMPROVE_Davis.lev2.nas
File creation:                20191218120749
Startdate:                    20000209070000
Revision date:                20191216000000
Statistics:                   arithmetic mean
Data level:                   2
Period code:                  11mo
Resolution code:              1w
Station code:                 US9037R
Platform code:                US9037S
Station name:                 Sierra Ancha
Station latitude:             34.0908
Station longitude:            -110.9421
Station altitude:             1600.0 m
Regime:                       IMG
Component:                    
Matrix:                       pm25
Laboratory code:              US03L
Instrument type:              filterpack
Instrument name:              filterpack_US9037
Method ref:                   US03L_IMPROVE_Davis
starttime endtime Fe flag_Fe Pb flag_Pb Mg++ flag_Mg++ Ni flag_Ni NO3- flag_NO3- OC flag_OC OM flag_OM PM10 flag_PM10 PM10-PM2.5 flag_PM10-PM2.5 PM2.5 flag_PM2.5 K+ flag_K+ SO4-- flag_SO4--
 39.291667  40.291667 9999.99 0.999 99.99 0.999000 9.999 0.999000 9.99 0.999000 9.999 0.999 99.999 0.999 99.999 0.999 999.999 0.999 999.999 0.999 999.999 0.999 9.999 0.999 9.999 0.999
 42.291667  43.291667 9999.99 0.999 99.99 0.999000 9.999 0.999000 9.99 0.999000 0.055 0.559  0.852 0.000  1.193 0.000  18.706 0.559 999.999 0.999 999.999 0.999 9.999 0.999 0.087 0.559
 46.291667  47.291667 9999.99 0.999 99.99 0.999000 9.999 0.999000 9.99 0.999000 0.022 0.699  1.024 0.000  1.433 0.000   5.818 0.559 999.999 0.999 999.999 0.999 9.999 0.999 0.067 0.699
 49.291667  50.291667 9999.99 0.999 99.99 0.999000 9.999 0.999000 9.99 0.999000 9.999 0.699  3.992 0.000  5.589 0.000  10.718 0.559 999.999 0.999 999.999 0.999 9.999 0.999 9.999 0.699
 53.291667  54.291667 9999.99 0.999 99.99 0.999000 9.999 0.999000 9.99 0.999000 0.162 0.559  1.095 0.000  1.533 0.000   5.105 0.559 999.999 0.999 999.999 0.999 9.999 0.999 0.100 0.559
 56.291667  57.291667 9999.99 0.999 99.99 0.999000 9.999 0.999000 9.99 0.999000 0.043 0.559  1.182 0.000  1.655 0.000   4.755 0.559 999.999 0.999 999.999 0.999 9.999 0.999 0.096 0.559
 60.291667  61.291667   29.45 0.000  1.57 0.000000 9.999 0.259000 9.99 0.259000 0.110 0.000  0.863 0.000  1.208 0.000   9.697 0.559   6.614 0.000   3.083 0.000 0.038 0.000 0.137 0.000
 63.291667  64.291667   42.88 0.000  1.25 0.000000 9.999 0.259000 9.99 0.259000 0.080 0.000  1.170 0.000  1.638 0.000  13.764 0.559   9.976 0.000   3.788 0.000 0.049 0.000 0.209 0.000
 67.291667  68.291667 9999.99 0.999 99.99 0.999000 9.999 0.999000 9.99 0.999000 9.999 0.999 99.999 0.999 99.999 0.999 999.999 0.999 999.999 0.999 999.999 0.999 9.999 0.999 9.999 0.999
 70.291667  71.291667   16.29 0.559  0.39 0.559000 0.011 0.559000 9.99 0.559259 0.009 0.559  0.859 0.000  1.203 0.000   3.816 0.559   1.762 0.000   2.054 0.559 0.019 0.559 0.106 0.559
 74.291667  75.291667   58.09 0.559  1.79 0.559000 9.999 0.559259 9.99 0.559259 0.063 0.559  1.359 0.000  1.902 0.000  11.130 0.559   6.883 0.000   4.248 0.559 0.044 0.559 0.225 0.559
 77.291667  78.291667   26.76 0.559  0.57 0.559000 9.999 0.559259 9.99 0.559259 0.016 0.699  0.494 0.000  0.691 0.000   6.851 0.559   4.927 0.000   1.924 0.559 0.021 0.559 0.117 0.699
 81.291667  82.291667   39.28 0.000  0.47 0.000000 9.999 0.259000 9.99 0.259000 0.034 0.699  0.665 0.000  0.931 0.000   8.477 0.559   4.893 0.000   3.584 0.000 0.031 0.000 0.446 0.699
 84.291667  85.291667   53.37 0.000  4.60 0.000000 9.999 0.259000 9.99 0.259000 0.058 0.699  1.158 0.000  1.621 0.000  17.205 0.559  12.756 0.000   4.448 0.000 0.041 0.000 0.401 0.699
 88.291667  89.291667   25.01 0.000  0.99 0.000000 9.999 0.259000 9.99 0.259000 0.113 0.559  1.379 0.000  1.931 0.000  12.888 0.559   8.888 0.000   4.000 0.000 0.022 0.000 0.305 0.559
 91.291667  92.291667   24.65 0.000 99.99 0.259000 9.999 0.259000 9.99 0.259000 0.037 0.559  0.707 0.000  0.990 0.000   6.100 0.559   3.038 0.000   3.062 0.000 0.022 0.000 0.314 0.559
 95.291667  96.291667   46.46 0.559  1.11 0.559000 9.999 0.559259 9.99 0.559259 0.033 0.000  1.152 0.000  1.613 0.000  22.070 0.559  18.027 0.000   4.043 0.559 0.040 0.559 0.189 0.000
 98.291667  99.291667  390.18 0.000  0.89 0.000000 9.999 0.259000 9.99 0.259000 0.070 0.000  1.365 0.000  1.911 0.000  68.905 0.559  54.313 0.000  14.593 0.000 0.242 0.000 0.211 0.000
102.291667 103.291667   85.88 0.559  1.23 0.559000 9.999 0.559259 9.99 0.559259 0.047 0.000  5.106 0.000  7.148 0.000  17.028 0.559   6.358 0.000  10.670 0.559 0.061 0.559 0.340 0.000
105.291667 106.291667   79.77 0.000  0.34 0.000000 9.999 0.259000 9.99 0.259000 0.068 0.000  0.754 0.000  1.055 0.000  13.795 0.559  10.019 0.000   3.776 0.000 0.047 0.000 0.137 0.000
109.291667 110.291667   44.48 0.559  0.22 0.559000 9.999 0.559259 9.99 0.559259 0.048 0.000  0.781 0.000  1.093 0.000   7.607 0.559   4.636 0.000   2.971 0.559 0.040 0.559 0.117 0.000
112.291667 113.291667  127.02 0.559  0.74 0.559000 9.999 0.559259 9.99 0.559259 0.151 0.000  1.210 0.000  1.693 0.000  22.822 0.559  16.042 0.000   6.780 0.559 0.079 0.559 0.364 0.000
116.291667 117.291667  189.31 0.559  2.03 0.559000 9.999 0.559259 9.99 0.559259 0.053 0.000  1.395 0.000  1.954 0.000  14.773 0.559   7.895 0.000   6.878 0.559 0.113 0.559 0.279 0.000
119.291667 120.291667  246.62 0.559  1.65 0.559000 9.999 0.559259 9.99 0.559259 0.117 0.000  0.967 0.000  1.354 0.000  24.811 0.559  15.930 0.000   8.881 0.559 0.154 0.559 0.367 0.000
123.291667 124.291667  186.78 0.000  1.21 0.000000 9.999 0.259000 9.99 0.259000 0.046 0.000  1.465 0.000  2.051 0.000  14.107 0.559   8.034 0.000   6.072 0.000 0.114 0.000 0.197 0.000
126.291667 127.291667  127.33 0.000  0.53 0.000000 9.999 0.259000 9.99 0.259000 0.062 0.000  1.572 0.000  2.200 0.000  17.708 0.559  12.120 0.000   5.588 0.000 0.094 0.000 0.268 0.000
130.291667 131.291667  142.90 0.000  0.74 0.000000 9.999 0.259000 9.99 0.259000 0.069 0.000  1.289 0.000  1.805 0.000  19.160 0.559  13.443 0.000   5.717 0.000 0.086 0.000 0.259 0.000
133.291667 134.291667  159.23 0.000  1.41 0.000000 9.999 0.259000 9.99 0.259000 0.059 0.000  1.252 0.000  1.753 0.000  15.025 0.559   9.470 0.000   5.556 0.000 0.103 0.000 0.241 0.000
137.291667 138.291667  193.78 0.559  0.29 0.559000 9.999 0.559259 9.99 0.559259 0.103 0.000  1.085 0.000  1.518 0.000  22.782 0.559  15.769 0.000   7.012 0.559 0.118 0.559 0.143 0.000
140.291667 141.291667   63.68 0.559  0.57 0.559000 9.999 0.559259 9.99 0.559259 0.018 0.000  1.402 0.000  1.963 0.000  10.640 0.559   6.800 0.000   3.840 0.559 0.038 0.559 0.225 0.000
144.291667 145.291667  163.81 0.559  0.87 0.559000 9.999 0.559259 9.99 0.559259 0.088 0.000  2.503 0.000  3.505 0.000  23.159 0.559  11.778 0.000  11.380 0.559 0.159 0.559 0.616 0.000
147.291667 148.291667  142.69 0.559  1.02 0.559000 9.999 0.559259 9.99 0.559259 0.100 0.000  3.231 0.000  4.523 0.000  21.867 0.559  11.871 0.000   9.996 0.559 0.121 0.559 0.424 0.000
151.291667 152.291667  157.60 0.559  0.72 0.559000 9.999 0.559259 9.99 0.559259 0.077 0.000  1.951 0.000  2.732 0.000  18.508 0.559  10.196 0.000   8.312 0.559 0.146 0.559 0.423 0.000
154.291667 155.291667   80.76 0.559  0.75 0.559000 9.999 0.559259 9.99 0.559259 0.051 0.000  1.111 0.000  1.555 0.000  12.412 0.559   8.038 0.000   4.374 0.559 0.072 0.559 0.254 0.000
158.291667 159.291667  137.73 0.559  0.82 0.559000 9.999 0.559259 9.99 0.559259 0.078 0.000  1.567 0.000  2.194 0.000  17.880 0.559  10.832 0.000   7.048 0.559 0.079 0.559 0.248 0.000
161.291667 162.291667  116.70 0.559 99.99 0.559259 9.999 0.559259 9.99 0.559259 0.052 0.000  0.790 0.000  1.107 0.000  15.083 0.559  10.268 0.000   4.815 0.559 0.110 0.559 0.447 0.000
165.291667 166.291667 9999.99 0.999 99.99 0.999000 9.999 0.999000 9.99 0.999000 9.999 0.999 99.999 0.999 99.999 0.999 999.999 0.999 999.999 0.999 999.999 0.999 9.999 0.999 9.999 0.999
168.291667 169.291667  175.71 0.000 99.99 0.259000 9.999 0.259000 9.99 0.259000 0.110 0.000  1.277 0.000  1.788 0.000  24.888 0.000  17.378 0.000   7.510 0.000 0.121 0.000 0.403 0.000
172.291667 173.291667   24.88 0.000  0.48 0.000000 0.010 0.000000 9.99 0.259000 0.028 0.000  0.909 0.000  1.272 0.000   4.643 0.000   1.742 0.000   2.901 0.000 0.026 0.000 0.221 0.000
175.291667 176.291667   36.11 0.000 99.99 0.259000 9.999 0.259000 9.99 0.259000 0.040 0.000  0.909 0.000  1.272 0.000   8.056 0.000   4.462 0.000   3.594 0.000 0.040 0.000 0.361 0.000
179.291667 180.291667   31.80 0.000 99.99 0.259000 9.999 0.259000 9.99 0.259000 0.024 0.559  0.839 0.000  1.175 0.000   5.740 0.000   2.345 0.000   3.395 0.000 0.040 0.000 0.203 0.559
182.291667 183.291667   35.57 0.000 99.99 0.259000 9.999 0.259000 9.99 0.259000 0.077 0.559  0.851 0.000  1.192 0.000   9.835 0.000   5.051 0.000   4.784 0.000 0.053 0.000 0.429 0.559
186.291667 187.291667   58.34 0.000 99.99 0.259000 9.999 0.259000 9.99 0.259000 0.043 0.559  0.712 0.000  0.997 0.000   8.430 0.000   4.911 0.000   3.518 0.000 0.115 0.000 0.197 0.559
189.291667 190.291667   66.24 0.000  0.48 0.000000 9.999 0.259000 9.99 0.259000 0.049 0.559  0.594 0.000  0.831 0.000   8.951 0.000   4.761 0.000   4.191 0.000 0.049 0.000 0.349 0.559
193.291667 194.291667   57.69 0.000 99.99 0.259000 9.999 0.259000 9.99 0.259000 0.047 0.559  0.752 0.000  1.053 0.000   9.609 0.000   5.623 0.000   3.986 0.000 0.041 0.000 0.370 0.559
196.291667 197.291667   57.86 0.000  0.56 0.000000 9.999 0.259000 9.99 0.259000 0.062 0.559  0.886 0.000  1.240 0.000  10.740 0.000   6.640 0.000   4.099 0.000 0.055 0.000 0.385 0.559
200.291667 201.291667   52.32 0.000 99.99 0.259000 9.999 0.259000 9.99 0.259000 0.015 0.559  0.676 0.000  0.947 0.000   7.460 0.000   4.818 0.000   2.643 0.000 0.030 0.000 0.125 0.559
203.291667 204.291667   69.51 0.000  0.30 0.000000 9.999 0.259000 9.99 0.259000 0.082 0.559  1.123 0.000  1.571 0.000  12.500 0.000   7.461 0.000   5.039 0.000 0.061 0.000 0.381 0.559
207.291667 208.291667  117.92 0.000 99.99 0.259000 9.999 0.259000 9.99 0.259000 0.063 0.000  1.117 0.000  1.563 0.000  14.985 0.000   8.510 0.000   6.475 0.000 0.100 0.000 0.541 0.000
210.291667 211.291667  130.53 0.000  0.93 0.000000 9.999 0.259000 9.99 0.259000 0.102 0.559  1.781 0.000  2.493 0.000  22.336 0.000  13.799 0.000   8.537 0.000 0.127 0.000 0.529 0.559
214.291667 215.291667  115.51 0.000 99.99 0.259000 9.999 0.259000 9.99 0.259000 0.039 0.000  2.784 0.000  3.897 0.000  17.544 0.000   8.100 0.000   9.444 0.000 0.108 0.000 0.381 0.000
217.291667 218.291667   25.21 0.000  0.27 0.000000 9.999 0.259000 9.99 0.259000 0.017 0.559  1.728 0.000  2.420 0.000   7.738 0.000   2.152 0.000   5.586 0.000 0.050 0.000 0.341 0.559
221.291667 222.291667 9999.99 0.999 99.99 0.999000 9.999 0.999000 9.99 0.999000 9.999 0.999 99.999 0.999 99.999 0.999 999.999 0.999 999.999 0.999 999.999 0.999 9.999 0.999 9.999 0.999
224.291667 225.291667 9999.99 0.999 99.99 0.999000 9.999 0.999000 9.99 0.999000 9.999 0.999 99.999 0.999 99.999 0.999 999.999 0.999 999.999 0.999 999.999 0.999 9.999 0.999 9.999 0.999
228.291667 229.291667 9999.99 0.999 99.99 0.999000 9.999 0.999000 9.99 0.999000 9.999 0.999 99.999 0.999 99.999 0.999 999.999 0.999 999.999 0.999 999.999 0.999 9.999 0.999 9.999 0.999
231.291667 232.291667   37.83 0.000  0.18 0.000000 9.999 0.259000 9.99 0.259000 0.025 0.559  0.802 0.000  1.123 0.000   6.545 0.000   2.967 0.000   3.578 0.000 0.040 0.000 0.364 0.559
235.291667 236.291667   36.33 0.000 99.99 0.259000 9.999 0.259000 9.99 0.259000 0.030 0.559  1.191 0.000  1.667 0.000   8.559 0.000   3.608 0.000   4.951 0.000 0.034 0.000 0.497 0.559
238.291667 239.291667   37.04 0.000  1.05 0.000000 9.999 0.259000 9.99 0.259000 0.017 0.559  0.952 0.000  1.333 0.000   6.420 0.000   2.091 0.000   4.329 0.000 0.027 0.000 0.466 0.559
242.291667 243.291667   13.44 0.000 99.99 0.259000 9.999 0.259000 0.08 0.000000 0.052 0.559  0.490 0.000  0.687 0.000   5.935 0.000   3.262 0.000   2.673 0.000 0.012 0.000 0.291 0.559
245.291667 246.291667   24.15 0.000 99.99 0.259000 9.999 0.259000 9.99 0.259000 0.008 0.559  0.298 0.000  0.417 0.000   4.320 0.000   2.810 0.000   1.510 0.000 0.022 0.000 0.117 0.559
249.291667 250.291667 9999.99 0.999 99.99 0.999000 9.999 0.999000 9.99 0.999000 9.999 0.999 99.999 0.999 99.999 0.999 999.999 0.999 999.999 0.999 999.999 0.999 9.999 0.999 9.999 0.999
252.291667 253.291667   42.80 0.000  0.85 0.000000 9.999 0.259000 9.99 0.259000 0.111 0.000  0.912 0.000  1.276 0.000   8.578 0.000   5.292 0.000   3.286 0.000 0.035 0.000 0.427 0.000
255.291667 256.291667   68.00 0.000  0.49 0.000000 9.999 0.259000 9.99 0.259000 0.077 0.000  0.812 0.000  1.137 0.000  12.188 0.000   7.409 0.000   4.779 0.000 0.053 0.000 0.485 0.000
258.291667 259.291667   91.84 0.000  0.42 0.000000 9.999 0.259000 9.99 0.259000 0.069 0.000  1.205 0.000  1.687 0.000  15.148 0.000   9.640 0.000   5.508 0.000 0.062 0.000 0.513 0.000
261.291667 262.291667   60.63 0.000  0.80 0.000000 9.999 0.259000 9.99 0.259000 9.999 0.456  1.329 0.000  1.861 0.000  12.051 0.000   7.321 0.000   4.729 0.000 0.052 0.000 9.999 0.456
264.291667 265.291667   93.73 0.000  0.40 0.000000 9.999 0.259000 9.99 0.259000 0.093 0.000  0.843 0.000  1.180 0.000  18.137 0.000  12.123 0.000   6.014 0.000 0.069 0.000 0.679 0.000
267.291667 268.291667   19.40 0.000 99.99 0.259000 9.999 0.259000 9.99 0.259000 0.016 0.000  0.452 0.000  0.633 0.000   4.356 0.000   2.949 0.000   1.406 0.000 0.018 0.000 0.146 0.000
270.291667 271.291667   69.73 0.000  0.53 0.000000 9.999 0.259000 9.99 0.259000 0.027 0.000  0.889 0.000  1.244 0.000  10.274 0.000   5.365 0.000   4.909 0.000 0.048 0.000 0.622 0.000
273.291667 274.291667   38.50 0.000  0.46 0.000000 9.999 0.259000 9.99 0.259000 0.012 0.000  0.794 0.000  1.111 0.000  10.031 0.000   6.500 0.000   3.531 0.000 0.029 0.000 0.498 0.000
276.291667 277.291667   34.05 0.000  0.54 0.000000 9.999 0.259000 9.99 0.259000 0.038 0.000  0.635 0.000  0.889 0.000  10.670 0.000   5.680 0.000   4.990 0.000 0.028 0.000 0.824 0.000
279.291667 280.291667   34.74 0.000  1.29 0.000000 9.999 0.259000 9.99 0.259000 0.023 0.000  0.756 0.000  1.059 0.000   7.394 0.000   3.185 0.000   4.209 0.000 0.028 0.000 0.617 0.000
282.291667 283.291667    6.40 0.000  0.40 0.000000 9.999 0.259000 9.99 0.259000 0.011 0.000  0.409 0.000  0.573 0.000   2.811 0.000   1.173 0.000   1.638 0.000 0.009 0.000 0.234 0.000
285.291667 286.291667   38.86 0.000  0.53 0.000000 9.999 0.259000 9.99 0.259000 0.142 0.000  0.556 0.000  0.779 0.000   6.655 0.000   3.595 0.000   3.060 0.000 0.034 0.000 0.273 0.000
288.291667 289.291667   24.56 0.000  2.05 0.000000 9.999 0.259000 9.99 0.259000 0.035 0.000  0.617 0.000  0.864 0.000   5.506 0.000   2.079 0.000   3.427 0.000 0.020 0.000 0.421 0.000
291.291667 292.291667   45.10 0.000  0.75 0.000000 9.999 0.259000 9.99 0.259000 0.067 0.000  0.560 0.000  0.784 0.000   6.040 0.000   2.319 0.000   3.721 0.000 0.035 0.000 0.455 0.000
294.291667 295.291667    7.82 0.000  0.69 0.000000 9.999 0.259000 9.99 0.259000 0.066 0.000  0.358 0.000  0.501 0.000   4.754 0.000   2.904 0.000   1.850 0.000 0.013 0.000 0.280 0.000
297.291667 298.291667    8.82 0.000  1.10 0.000000 9.999 0.259000 9.99 0.259000 0.043 0.559  0.339 0.000  0.475 0.000   2.364 0.000   0.711 0.000   1.653 0.000 0.013 0.000 0.175 0.559
300.291667 301.291667   17.47 0.000  1.38 0.000000 9.999 0.259000 9.99 0.259000 0.094 0.000  0.872 0.000  1.221 0.000   3.555 0.000   0.984 0.000   2.571 0.000 0.027 0.000 0.257 0.000
303.291667 304.291667   34.67 0.000  2.13 0.000000 9.999 0.259000 9.99 0.259000 0.032 0.000  0.538 0.000  0.753 0.000   2.315 0.000   0.726 0.000   1.589 0.000 0.013 0.000 0.199 0.000
306.291667 307.291667   10.20 0.000  0.69 0.000000 9.999 0.259000 9.99 0.259000 0.066 0.000  0.672 0.000  0.941 0.000   2.495 0.000   0.161 0.000   2.335 0.000 0.017 0.000 0.177 0.000
309.291667 310.291667   17.31 0.000  0.93 0.000000 9.999 0.259000 9.99 0.259000 0.461 0.000  0.930 0.000  1.303 0.000   5.002 0.000   1.485 0.000   3.516 0.000 0.016 0.000 0.392 0.000
312.291667 313.291667    8.73 0.000  0.21 0.000000 9.999 0.259000 9.99 0.259000 0.014 0.000  0.477 0.000  0.668 0.000   3.202 0.000   1.365 0.000   1.837 0.000 0.016 0.000 0.186 0.000
315.291667 316.291667    7.90 0.000  0.28 0.000000 9.999 0.259000 9.99 0.259000 0.080 0.000  0.063 0.000  0.088 0.000   1.954 0.000   0.888 0.000   1.066 0.000 0.010 0.000 0.118 0.000
318.291667 319.291667   12.08 0.000  1.35 0.000000 9.999 0.259000 9.99 0.259000 0.032 0.000  0.550 0.000  0.770 0.000   4.449 0.000   1.908 0.000   2.541 0.000 0.016 0.000 0.243 0.000
321.291667 322.291667 9999.99 0.999 99.99 0.999000 9.999 0.999000 9.99 0.999000 9.999 0.999 99.999 0.999 99.999 0.999 999.999 0.999 999.999 0.999 999.999 0.999 9.999 0.999 9.999 0.999
324.291667 325.291667   12.33 0.000  0.39 0.000000 9.999 0.259000 9.99 0.259000 0.014 0.000  0.613 0.000  0.858 0.000   3.348 0.000   1.339 0.000   2.010 0.000 0.016 0.000 0.154 0.000
