scripts/IMPROVE-2019_partial/data/US9044R.20010101080000.20191216000000.filterpack..pm25.52w.1w.US03L_filterpack_US9044.US03L_IMPROVE_Davis.lev2.nas
64 1001
MISSING INFORMATION
US03L, IMPROVE, , , , , , , 
MISSING INFORMATION
IMPROVE sel_HTAP
1 1
2001 01 01 2019 12 16
3.000000
days from file reference point
25
1 1 1 1 1 1 1 1 1 1 1 1 1 1 1 1 1 1 1 1 1 1 1 1 1
999.999999 9999.99 9.999 99.99 9.999999 9.999 9.999999 9.99 9.999999 99.999 9.999 999.999 9.999 999.999 9.999 999.999 9.999 999.999 9.999 999.999 9.999 9.999 9.999999 9.999 9.999
end_time of measurement, days from the file reference point
iron, ng/m3, Revision date=20181210133000
numflag iron, no unit, Revision date=20181210133000
lead, ng/m3, Revision date=20181210133000
numflag lead, no unit, Revision date=20181210133000
magnesium, ug/m3, Revision date=20181210133000
numflag magnesium, no unit, Revision date=20181210133000
nickel, ng/m3, Revision date=20181210133000
numflag nickel, no unit, Revision date=20181210133000
nitrate, ug N/m3, Revision date=20181210133000
numflag nitrate, no unit, Revision date=20181210133000
organic_carbon, ug C/m3, Revision date=20181210133000
numflag organic_carbon, no unit, Revision date=20181210133000
organic_mass, ug/m3, Revision date=20181210133000
numflag organic_mass, no unit, Revision date=20181210133000
pm10_mass, ug/m3, Version=2, Version description=Data extracted from http://views.cira.colostate.edu/fed/DataWizard 2019-12-16, Sample duration=1d, Orig. time res.=3d, Matrix=pm10, Blank correction=Blank corrected, Volume std. temperature=ambient, Volume std. pressure=ambient
numflag pm10_mass, no unit, Version=2, Version description=Data extracted from http://views.cira.colostate.edu/fed/DataWizard 2019-12-16, Sample duration=1d, Orig. time res.=3d, Matrix=pm10, Blank correction=Blank corrected, Volume std. temperature=ambient, Volume std. pressure=ambient
pm10_pm25_mass, ug/m3, Revision date=20181210133000, Matrix=pm10_pm25
numflag pm10_pm25_mass, no unit, Revision date=20181210133000, Matrix=pm10_pm25
pm25_mass, ug/m3, Version=2, Version description=Data extracted from http://views.cira.colostate.edu/fed/DataWizard 2019-12-16, Sample duration=1d, Orig. time res.=3d, Blank correction=Blank corrected, Volume std. temperature=ambient, Volume std. pressure=ambient
numflag pm25_mass, no unit, Version=2, Version description=Data extracted from http://views.cira.colostate.edu/fed/DataWizard 2019-12-16, Sample duration=1d, Orig. time res.=3d, Blank correction=Blank corrected, Volume std. temperature=ambient, Volume std. pressure=ambient
potassium, ug/m3, Revision date=20181210133000
numflag potassium, no unit, Revision date=20181210133000
sulphate_total, ug S/m3, Revision date=20181210133000
numflag sulphate_total, no unit, Revision date=20181210133000
0
25
Data definition:              EBAS_1.1
Set type code:                TU
Timezone:                     UTC
File name:                    US9044R.20010101080000.20191216000000.filterpack..pm25.52w.1w.US03L_filterpack_US9044.US03L_IMPROVE_Davis.lev2.nas
File creation:                20191218120821
Startdate:                    20010101080000
Revision date:                20191216000000
Statistics:                   arithmetic mean
Data level:                   2
Period code:                  52w
Resolution code:              1w
Station code:                 US9044R
Platform code:                US9044S
Station name:                 Trinity
Station latitude:             40.7864
Station longitude:            -122.8046
Station altitude:             1014.0 m
Regime:                       IMG
Component:                    
Matrix:                       pm25
Laboratory code:              US03L
Instrument type:              filterpack
Instrument name:              filterpack_US9044
Method ref:                   US03L_IMPROVE_Davis
starttime endtime Fe flag_Fe Pb flag_Pb Mg++ flag_Mg++ Ni flag_Ni NO3- flag_NO3- OC flag_OC OM flag_OM PM10 flag_PM10 PM10-PM2.5 flag_PM10-PM2.5 PM2.5 flag_PM2.5 K+ flag_K+ SO4-- flag_SO4--
  0.333333   1.333333    1.35 0.000  0.71 0.000000 9.999 0.259000 9.99 0.259000  0.005 0.000   0.736 0.000   1.030 0.000   1.772 0.000   0.280 0.000   1.493 0.000 0.012 0.000000 0.082 0.000
  3.333333   4.333333    6.10 0.000  0.51 0.000000 9.999 0.259000 9.99 0.259000  0.009 0.000   0.861 0.000   1.205 0.000   2.532 0.000   0.715 0.000   1.817 0.000 0.011 0.000000 0.101 0.000
  6.333333   7.333333   22.31 0.000  2.05 0.000000 0.009 0.000000 9.99 0.259000  1.477 0.000   2.205 0.000   3.087 0.000  14.938 0.000   2.120 0.000  12.818 0.000 0.052 0.000000 0.235 0.000
  9.333333  10.333333    0.62 0.000  0.12 0.000000 9.999 0.259000 0.06 0.000000  0.064 0.000   0.194 0.000   0.272 0.000   0.716 0.000   0.266 0.000   0.450 0.000 0.006 0.000000 0.053 0.000
 12.333333  13.333333    0.48 0.000  0.22 0.000000 9.999 0.259000 0.06 0.000000  0.017 0.000   0.270 0.000   0.378 0.000   1.181 0.000   0.378 0.000   0.804 0.000 0.008 0.000000 0.059 0.000
 15.333333  16.333333    2.03 0.000  0.14 0.000000 9.999 0.259000 9.99 0.259000  0.008 0.000   0.200 0.000   0.280 0.000   1.372 0.000   0.237 0.000   1.135 0.000 0.005 0.000000 0.170 0.000
 18.333333  19.333333    4.04 0.000  0.49 0.000000 9.999 0.259000 9.99 0.259000  0.009 0.000   0.823 0.000   1.152 0.000   2.542 0.000   0.613 0.000   1.929 0.000 0.011 0.000000 0.128 0.000
 21.333333  22.333333    8.76 0.000  0.69 0.000000 9.999 0.259000 0.07 0.000000  0.094 0.000   0.714 0.000   1.000 0.000   2.864 0.000   0.452 0.000   2.411 0.000 0.018 0.000000 0.138 0.000
 24.333333  25.333333    0.63 0.000  0.14 0.000000 9.999 0.259000 9.99 0.259000  0.011 0.000   0.026 0.000   0.036 0.000   0.215 0.000   0.118 0.000   0.097 0.000 9.999 0.259000 0.030 0.000
 27.333333  28.333333    3.26 0.000  0.27 0.000000 0.008 0.000000 9.99 0.259000  0.067 0.000   0.543 0.000   0.760 0.000   2.434 0.000   0.987 0.000   1.447 0.000 0.011 0.000000 0.102 0.000
 30.333333  31.333333 9999.99 0.456 99.99 0.456000 9.999 0.456000 9.99 0.456000 99.999 0.456 999.999 0.999 999.999 0.999 999.999 0.456 999.999 0.999 999.999 0.456 9.999 0.456000 9.999 0.456
 33.333333  34.333333 9999.99 0.456 99.99 0.456000 9.999 0.456000 9.99 0.456000 99.999 0.456 999.999 0.999 999.999 0.999 999.999 0.456 999.999 0.999 999.999 0.456 9.999 0.456000 9.999 0.456
 36.333333  37.333333 9999.99 0.456 99.99 0.456000 9.999 0.456000 9.99 0.456000 99.999 0.456 999.999 0.999 999.999 0.999 999.999 0.456 999.999 0.999 999.999 0.456 9.999 0.456000 9.999 0.456
 39.333333  40.333333    0.96 0.000  0.31 0.000000 9.999 0.259000 0.06 0.000000  0.096 0.000   0.298 0.000   0.417 0.000   0.854 0.000   0.140 0.000   0.714 0.000 0.011 0.000000 0.045 0.000
 42.333333  43.333333    1.99 0.000  0.14 0.000000 9.999 0.259000 9.99 0.259000  0.013 0.000   0.075 0.000   0.105 0.000   0.665 0.000   0.260 0.000   0.405 0.000 0.005 0.000000 0.045 0.000
 45.333333  46.333333    9.59 0.000  0.69 0.000000 9.999 0.259000 9.99 0.259000  0.430 0.000   0.949 0.000   1.328 0.000   5.867 0.000   1.765 0.000   4.102 0.000 0.019 0.000000 0.337 0.000
 48.333333  49.333333    1.45 0.000 99.99 0.259000 0.012 0.000000 9.99 0.259000  0.052 0.000   0.386 0.000   0.540 0.000   1.226 0.000   0.257 0.000   0.969 0.000 0.009 0.000000 0.073 0.000
 51.333333  52.333333    2.84 0.000  0.08 0.000000 9.999 0.259000 9.99 0.259000  0.007 0.000   0.080 0.000   0.112 0.000   0.716 0.000   0.170 0.000   0.546 0.000 0.006 0.000000 0.034 0.000
 54.333333  55.333333    0.42 0.000 99.99 0.259000 0.016 0.000000 9.99 0.259000  0.005 0.000   0.089 0.000   0.125 0.000   0.322 0.000   0.049 0.000   0.273 0.000 9.999 0.259000 0.011 0.000
 57.333333  58.333333   21.91 0.000  1.24 0.000000 9.999 0.259000 9.99 0.259000  0.009 0.000   0.224 0.000   0.313 0.000   2.417 0.000   0.644 0.000   1.772 0.000 0.021 0.000000 0.145 0.000
 60.333333  61.333333    2.87 0.000  0.36 0.000000 9.999 0.259000 9.99 0.259000  0.010 0.000   0.256 0.000   0.358 0.000   1.181 0.000   0.305 0.000   0.876 0.000 0.011 0.000000 0.042 0.000
 63.333333  64.333333    5.76 0.000  0.35 0.000000 9.999 0.259000 9.99 0.259000  0.003 0.000   0.204 0.000   0.285 0.000   0.573 0.000   0.041 0.000   0.532 0.000 0.007 0.000000 0.013 0.000
 66.333333  67.333333   14.50 0.000  0.56 0.000000 9.999 0.259000 0.19 0.000000  0.026 0.000   0.797 0.000   1.116 0.000   2.864 0.000   0.313 0.000   2.550 0.000 0.026 0.000000 0.171 0.000
 69.333333  70.333333   15.67 0.000  0.41 0.000000 9.999 0.259000 0.21 0.000000  0.016 0.000   0.481 0.000   0.674 0.000   2.327 0.000   0.606 0.000   1.720 0.000 0.018 0.000000 0.128 0.000
 72.333333  73.333333   53.03 0.000  0.53 0.000000 9.999 0.259000 9.99 0.259000  0.028 0.000   0.705 0.000   0.987 0.000   4.363 0.000   1.337 0.000   3.026 0.000 0.033 0.000000 0.199 0.000
 75.333333  76.333333   10.61 0.000  0.45 0.000000 9.999 0.259000 9.99 0.259000  0.012 0.000   0.353 0.000   0.495 0.000   1.791 0.000   0.686 0.000   1.105 0.000 0.011 0.000000 0.082 0.000
 78.333333  79.333333    5.21 0.000 99.99 0.259000 9.999 0.259000 9.99 0.259000  0.004 0.000   0.521 0.000   0.729 0.000   1.621 0.000   0.443 0.000   1.178 0.000 0.015 0.000000 0.050 0.000
 81.333333  82.333333   34.01 0.000  0.80 0.000000 9.999 0.259000 0.23 0.000000  0.195 0.000   2.185 0.000   3.060 0.000   8.845 0.000   2.225 0.000   6.620 0.000 0.039 0.000000 0.465 0.000
 84.333333  85.333333   30.48 0.000  1.95 0.000000 9.999 0.259000 0.21 0.000000  0.029 0.000   0.726 0.000   1.017 0.000   4.145 0.000   1.111 0.000   3.034 0.000 0.041 0.000000 0.263 0.000
 87.333333  88.333333   22.02 0.000  0.60 0.000000 9.999 0.259000 9.99 0.259000  0.013 0.000   0.815 0.000   1.141 0.000   2.800 0.000   0.783 0.000   2.016 0.000 0.029 0.000000 0.113 0.000
 90.333333  91.333333   86.17 0.559  1.16 0.559000 9.999 0.559259 9.99 0.559259  0.022 0.000   0.298 0.000   0.417 0.000   4.654 0.000   1.394 0.000   3.260 0.559 0.059 0.559000 0.200 0.000
 93.333333  94.333333   24.93 0.000  0.57 0.000000 9.999 0.259000 9.99 0.259000  0.012 0.000   0.271 0.000   0.380 0.000   2.145 0.000   0.673 0.000   1.472 0.000 0.021 0.000000 0.101 0.000
 96.333333  97.333333    2.47 0.000  0.34 0.000000 9.999 0.259000 0.19 0.000000  0.003 0.000   0.150 0.000   0.209 0.000   0.618 0.000   0.178 0.000   0.440 0.000 0.004 0.000000 0.035 0.000
 99.333333 100.333333 9999.99 0.999 99.99 0.999000 9.999 0.999000 9.99 0.999000 99.999 0.999 999.999 0.999 999.999 0.999 999.999 0.999 999.999 0.999 999.999 0.999 9.999 0.999000 9.999 0.999
102.333333 103.333333   70.31 0.000 99.99 0.259000 9.999 0.259000 9.99 0.259000  0.038 0.000   0.361 0.000   0.505 0.000   7.635 0.000   4.615 0.000   3.021 0.000 0.042 0.000000 0.171 0.000
105.333333 106.333333  475.81 0.559  1.51 0.559000 9.999 0.559259 9.99 0.559259  0.175 0.000   0.862 0.000   1.207 0.000  29.725 0.000  17.259 0.000  12.466 0.559 0.227 0.559000 0.390 0.000
108.333333 109.333333  182.84 0.000  0.58 0.000000 9.999 0.259000 9.99 0.259000  0.019 0.000   0.219 0.000   0.306 0.000   8.472 0.000   4.292 0.000   4.179 0.000 0.085 0.000000 0.111 0.000
111.333333 112.333333   88.03 0.000  0.67 0.000000 9.999 0.259000 9.99 0.259000  0.049 0.000   0.504 0.000   0.706 0.000   5.854 0.000   1.936 0.000   3.918 0.000 0.060 0.000000 0.248 0.000
114.333333 115.333333  140.20 0.559  1.06 0.559000 9.999 0.559259 9.99 0.559259  0.038 0.000   0.988 0.000   1.384 0.000   8.782 0.000   3.440 0.000   5.342 0.559 0.076 0.559000 0.221 0.000
117.333333 118.333333   29.22 0.000  0.67 0.000000 9.999 0.259000 0.19 0.000000  0.020 0.000   0.316 0.000   0.442 0.000   3.091 0.000   1.226 0.000   1.865 0.000 0.022 0.000000 0.158 0.000
120.333333 121.333333   38.76 0.000  0.96 0.000000 9.999 0.259000 0.19 0.000000  0.026 0.000   0.438 0.000   0.613 0.000   4.008 0.000   1.429 0.000   2.579 0.000 0.029 0.000000 0.206 0.000
123.333333 124.333333  152.63 0.559  0.53 0.559000 9.999 0.559259 9.99 0.559259  0.039 0.000   0.684 0.000   0.957 0.000   7.973 0.000   2.965 0.000   5.008 0.559 0.074 0.559000 0.183 0.000
126.333333 127.333333  138.80 0.000  0.60 0.000000 9.999 0.259000 9.99 0.259000  0.025 0.000   0.842 0.000   1.179 0.000   6.360 0.000   2.218 0.000   4.141 0.000 0.059 0.000000 0.131 0.000
129.333333 130.333333  196.49 0.559  1.65 0.559000 9.999 0.559259 9.99 0.559259  0.041 0.000   1.618 0.000   2.265 0.000  12.235 0.000   3.537 0.000   8.698 0.559 0.065 0.559000 0.462 0.000
132.333333 133.333333  190.93 0.559  1.22 0.559000 9.999 0.559259 9.99 0.559259  0.126 0.000   1.095 0.000   1.534 0.000  12.713 0.000   4.720 0.000   7.993 0.559 0.074 0.559000 0.409 0.000
135.333333 136.333333   38.74 0.000  0.69 0.000000 9.999 0.259000 9.99 0.259000  0.011 0.000   0.419 0.000   0.587 0.000   2.545 0.000   0.896 0.000   1.649 0.000 0.025 0.000000 0.132 0.000
138.333333 139.333333  119.97 0.559  2.24 0.559000 9.999 0.559259 9.99 0.559259  0.042 0.000   0.963 0.000   1.348 0.000   8.414 0.000   2.965 0.000   5.449 0.559 0.072 0.559000 0.355 0.000
141.333333 142.333333   60.32 0.000  0.50 0.000000 9.999 0.259000 9.99 0.259000  0.016 0.000   1.182 0.000   1.654 0.000   6.574 0.000   3.049 0.000   3.525 0.000 0.035 0.000000 0.118 0.000
144.333333 145.333333   80.69 0.000  0.93 0.000000 9.999 0.259000 9.99 0.259000  0.021 0.000   1.418 0.000   1.985 0.000   9.344 0.000   4.144 0.000   5.200 0.000 0.036 0.000000 0.275 0.000
147.333333 148.333333   52.63 0.000  1.10 0.000000 9.999 0.259000 0.16 0.000000  0.041 0.000   0.482 0.000   0.674 0.000   4.945 0.000   1.680 0.000   3.264 0.000 0.038 0.000000 0.319 0.000
150.333333 151.333333   77.53 0.000  0.60 0.000000 9.999 0.259000 9.99 0.259000  0.020 0.000   0.970 0.000   1.357 0.000 999.999 0.456 999.999 0.999   3.151 0.000 0.037 0.000000 0.112 0.000
153.333333 154.333333   16.02 0.559  0.34 0.559000 9.999 0.559259 9.99 0.559259  0.035 0.000   2.446 0.000   3.424 0.000 999.999 0.456 999.999 0.999   5.952 0.559 0.026 0.559000 0.169 0.000
156.333333 157.333333   18.23 0.000  0.26 0.000000 9.999 0.259000 0.26 0.000000  0.019 0.000   0.788 0.000   1.103 0.000   3.866 0.000   2.098 0.000   1.768 0.000 0.012 0.000000 0.134 0.000
159.333333 160.333333   35.31 0.559  0.84 0.559000 9.999 0.559259 0.09 0.559000  0.014 0.000   0.314 0.000   0.440 0.000   3.186 0.000   0.958 0.000   2.228 0.559 0.029 0.559000 0.214 0.000
162.333333 163.333333   10.83 0.000  0.26 0.000000 9.999 0.259000 9.99 0.259000  0.004 0.000   0.201 0.000   0.282 0.000   3.157 0.000   2.371 0.000   0.786 0.000 0.008 0.000000 0.040 0.000
165.333333 166.333333   23.79 0.559  0.47 0.559000 9.999 0.559259 9.99 0.559259  0.019 0.000   0.649 0.000   0.909 0.000   3.618 0.000   1.304 0.000   2.315 0.559 0.023 0.559000 0.111 0.000
168.333333 169.333333   20.29 0.394  0.49 0.394000 9.999 0.394259 9.99 0.394259  0.015 0.394   0.523 0.000   0.732 0.000   3.828 0.000   1.647 0.000   2.181 0.000 0.018 0.394000 0.136 0.394
171.333333 172.333333   39.90 0.559  0.52 0.559000 9.999 0.559259 0.16 0.559000  0.030 0.000   1.761 0.000   2.465 0.000   9.174 0.000   4.204 0.000   4.970 0.559 0.030 0.559000 0.244 0.000
174.333333 175.333333   13.37 0.559  0.28 0.559000 9.999 0.559259 9.99 0.559259  0.019 0.000   0.282 0.000   0.395 0.000   3.599 0.000   1.937 0.000   1.663 0.559 0.012 0.559000 0.111 0.000
177.333333 178.333333    3.90 0.000  0.24 0.000000 9.999 0.259000 0.11 0.000000  0.009 0.000   0.230 0.000   0.321 0.000   1.163 0.000   0.434 0.000   0.729 0.000 0.008 0.000000 0.063 0.000
180.333333 181.333333    9.13 0.000  0.25 0.000000 9.999 0.259000 9.99 0.259000  0.032 0.000   1.121 0.000   1.569 0.000   4.386 0.000   1.303 0.000   3.083 0.000 0.024 0.000000 0.128 0.000
183.333333 184.333333 9999.99 0.999 99.99 0.999000 9.999 0.999000 9.99 0.999000 99.999 0.999 999.999 0.999 999.999 0.999 999.999 0.999 999.999 0.999 999.999 0.999 9.999 0.999000 9.999 0.999
186.333333 187.333333 9999.99 0.999 99.99 0.999000 9.999 0.999000 9.99 0.999000 99.999 0.999 999.999 0.999 999.999 0.999 999.999 0.999 999.999 0.999 999.999 0.999 9.999 0.999000 9.999 0.999
189.333333 190.333333 9999.99 0.999 99.99 0.999000 9.999 0.999000 9.99 0.999000 99.999 0.999 999.999 0.999 999.999 0.999 999.999 0.999 999.999 0.999 999.999 0.999 9.999 0.999000 9.999 0.999
192.333333 193.333333 9999.99 0.999 99.99 0.999000 9.999 0.999000 9.99 0.999000 99.999 0.999 999.999 0.999 999.999 0.999 999.999 0.999 999.999 0.999 999.999 0.999 9.999 0.999000 9.999 0.999
195.333333 196.333333 9999.99 0.999 99.99 0.999000 9.999 0.999000 9.99 0.999000 99.999 0.999 999.999 0.999 999.999 0.999 999.999 0.999 999.999 0.999 999.999 0.999 9.999 0.999000 9.999 0.999
198.333333 199.333333   17.26 0.000  0.15 0.000000 9.999 0.259000 9.99 0.259000  0.023 0.000   0.376 0.000   0.527 0.000   5.190 0.000   3.320 0.000   1.871 0.000 0.012 0.000000 0.098 0.000
201.333333 202.333333   22.33 0.000  0.36 0.000000 9.999 0.259000 0.13 0.000000  0.056 0.000   0.603 0.000   0.844 0.000   5.584 0.000   2.508 0.000   3.076 0.000 0.014 0.000000 0.199 0.000
204.333333 205.333333   39.65 0.000  0.38 0.000000 9.999 0.259000 9.99 0.259000  0.009 0.000   1.355 0.000   1.897 0.000   9.530 0.000   5.429 0.000   4.101 0.000 0.030 0.000000 0.105 0.000
207.333333 208.333333   56.90 0.000  0.70 0.000000 9.999 0.259000 9.99 0.259000  0.032 0.000   1.739 0.000   2.435 0.000  10.560 0.000   4.548 0.000   6.012 0.000 0.040 0.000000 0.258 0.000
210.333333 211.333333   12.90 0.000  0.21 0.000000 9.999 0.259000 9.99 0.259000  0.018 0.000   0.260 0.000   0.365 0.000   2.470 0.000   1.250 0.000   1.220 0.000 0.008 0.000000 0.050 0.000
213.333333 214.333333   43.46 0.000  0.63 0.000000 9.999 0.259000 0.19 0.000000  0.068 0.000   0.948 0.000   1.328 0.000   8.484 0.000   4.266 0.000   4.217 0.000 0.031 0.000000 0.224 0.000
216.333333 217.333333   27.27 0.000  0.38 0.000000 9.999 0.259000 9.99 0.259000  0.012 0.000   0.606 0.000   0.848 0.000   6.193 0.000   3.910 0.000   2.283 0.000 0.012 0.000000 0.086 0.000
219.333333 220.333333   48.46 0.000  0.45 0.000000 9.999 0.259000 9.99 0.259000  0.019 0.000   1.386 0.000   1.940 0.000   7.490 0.000   2.947 0.000   4.543 0.000 0.026 0.000000 0.222 0.000
222.333333 223.333333   51.76 0.000  0.63 0.000000 9.999 0.259000 0.12 0.000000  0.023 0.000   2.245 0.000   3.143 0.000   9.028 0.000   3.187 0.000   5.841 0.000 0.045 0.000000 0.201 0.000
225.333333 226.333333   34.45 0.559  0.29 0.559000 9.999 0.559259 0.08 0.559000  0.015 0.000   2.033 0.000   2.847 0.000   7.822 0.000   2.580 0.000   5.241 0.559 0.028 0.559000 0.215 0.000
228.333333 229.333333 9999.99 0.999 99.99 0.999000 9.999 0.999000 9.99 0.999000 99.999 0.999 999.999 0.999 999.999 0.999 999.999 0.999 999.999 0.999 999.999 0.999 9.999 0.999000 9.999 0.999
231.333333 232.333333 9999.99 0.999 99.99 0.999000 9.999 0.999000 9.99 0.999000 99.999 0.999 999.999 0.999 999.999 0.999 999.999 0.999 999.999 0.999 999.999 0.999 9.999 0.999000 9.999 0.999
234.333333 235.333333   34.35 0.000  0.31 0.000000 9.999 0.259000 9.99 0.259000  0.005 0.000   0.188 0.000   0.263 0.000   2.945 0.000   1.170 0.000   1.775 0.000 0.012 0.000000 0.037 0.000
237.333333 238.333333   22.53 0.559  0.29 0.559000 9.999 0.559259 9.99 0.559259  0.032 0.000   1.217 0.000   1.704 0.000   6.944 0.000   2.877 0.000   4.067 0.559 0.019 0.559000 0.147 0.000
240.333333 241.333333   55.16 0.559  3.62 0.559000 9.999 0.559259 9.99 0.559259  0.057 0.000  10.637 0.000  14.892 0.000  22.999 0.000   6.882 0.000  16.116 0.559 0.062 0.559000 0.145 0.000
243.333333 244.333333   48.65 0.559 99.99 0.559259 9.999 0.559259 9.99 0.559259  0.047 0.000   9.832 0.000  13.765 0.000  20.648 0.000   6.097 0.000  14.550 0.559 0.039 0.559000 0.212 0.000
246.333333 247.333333   26.15 0.000  0.41 0.000000 9.999 0.259000 9.99 0.259000  0.029 0.000   1.276 0.000   1.786 0.000   5.880 0.000   2.296 0.000   3.584 0.000 0.013 0.000000 0.132 0.000
249.333333 250.333333   39.19 0.000  0.24 0.000000 9.999 0.259000 9.99 0.259000  0.013 0.000   0.492 0.000   0.689 0.000   5.227 0.000   3.530 0.000   1.697 0.000 0.009 0.000000 0.074 0.000
