scripts/IMPROVE-2019_partial/data/US9038R.19900103070000.20191216000000.filterpack...1y.3d.US03L_filterpack_US9038.US03L_IMPROVE_Davis.lev2.nas
52 1001
MISSING INFORMATION
US03L, IMPROVE, , , , , , , 
MISSING INFORMATION
IMPROVE sel_HTAP
1 1
1990 01 01 2019 12 16
0
days from file reference point
5
1 1 1 1 1
999.999999 999.999 9.999 999.999 9.999999
end_time of measurement, days from the file reference point
pm10_mass, ug/m3, Matrix=pm10
numflag pm10_mass, no unit, Matrix=pm10
pm25_mass, ug/m3, Matrix=pm25
numflag pm25_mass, no unit, Matrix=pm25
0
33
Data definition:              EBAS_1.1
Set type code:                TI
Timezone:                     UTC
File name:                    US9038R.19900103070000.20191216000000.filterpack...1y.3d.US03L_filterpack_US9038.US03L_IMPROVE_Davis.lev2.nas
File creation:                20191218120755
Startdate:                    19900103070000
Revision date:                20191216000000
Version:                      2
Version description:          "Data extracted from http://views.cira.colostate.edu/fed/DataWizard 2019-12-16"
Statistics:                   arithmetic mean
Data level:                   2
Period code:                  1y
Resolution code:              3d
Sample duration:              1d
Orig. time res.:              3d
Station code:                 US9038R
Platform code:                US9038S
Station name:                 Saguaro NM
Station latitude:             32.1746
Station longitude:            -110.7371
Station altitude:             941.0 m
Regime:                       IMG
Component:                    
Unit:                         ug/m3
Matrix:                       
Laboratory code:              US03L
Instrument type:              filterpack
Instrument name:              filterpack_US9038
Method ref:                   US03L_IMPROVE_Davis
Blank correction:             Blank corrected
Volume std. temperature:      ambient
Volume std. pressure:         ambient
starttime endtime PM10 flag_PM10 PM2.5 flag_PM2.5
  2.291667   3.291667   7.014 0.000   3.722 0.000000
  5.291667   6.291667   7.026 0.000 999.999 0.999000
  9.291667  10.291667   6.944 0.000   2.484 0.000000
 12.291667  13.291667  13.948 0.000   5.357 0.000000
 16.291667  17.291667   6.190 0.000   2.065 0.000000
 19.291667  20.291667   8.371 0.000   5.370 0.000000
 23.291667  24.291667   9.193 0.000   5.113 0.000000
 26.291667  27.291667  13.151 0.000   4.586 0.000000
 30.291667  31.291667   4.484 0.000   1.336 0.000000
 33.291667  34.291667   5.274 0.000   2.508 0.000000
 37.291667  38.291667  13.665 0.000   6.783 0.000000
 40.291667  41.291667  11.404 0.000   6.026 0.000000
 44.291667  45.291667  15.741 0.000   4.581 0.000000
 47.291667  48.291667   6.352 0.000   3.571 0.000000
 51.291667  52.291667  11.538 0.000   5.566 0.000000
 54.291667  55.291667   9.426 0.000   2.437 0.000000
 58.291667  59.291667  11.055 0.000   4.903 0.000000
 61.291667  62.291667   6.387 0.000   3.065 0.000000
 65.291667  66.291667  13.860 0.000   5.942 0.000000
 68.291667  69.291667   5.915 0.000   2.907 0.000000
 72.291667  73.291667  11.009 0.000   3.344 0.000000
 75.291667  76.291667   8.041 0.000   2.594 0.000000
 79.291667  80.291667  24.823 0.000   7.672 0.000000
 82.291667  83.291667  20.370 0.000   7.087 0.000000
 86.291667  87.291667 999.999 0.999   4.169 0.000000
 89.291667  90.291667  13.208 0.000   4.669 0.000000
 93.291667  94.291667   8.259 0.000   2.484 0.000000
 96.291667  97.291667   8.421 0.000   4.245 0.000000
100.291667 101.291667  25.281 0.000   9.117 0.000000
103.291667 104.291667  17.082 0.000   6.424 0.000000
107.291667 108.291667  16.330 0.000   4.116 0.000000
110.291667 111.291667  13.071 0.000   4.072 0.000000
114.291667 115.291667  26.244 0.000   6.527 0.000000
117.291667 118.291667  14.298 0.000   7.396 0.000000
121.291667 122.291667  13.584 0.000   4.937 0.000000
124.291667 125.291667 999.999 0.999 999.999 0.999000
128.291667 129.291667  15.619 0.000   5.285 0.000000
131.291667 132.291667  15.635 0.000   7.547 0.000000
135.291667 136.291667  19.607 0.000   7.524 0.000000
138.291667 139.291667  14.111 0.000   4.890 0.000000
142.291667 143.291667 999.999 0.999   6.945 0.000000
145.291667 146.291667  16.073 0.000  12.396 0.000000
149.291667 150.291667  52.052 0.000  10.889 0.000000
152.291667 153.291667  24.585 0.000   7.111 0.000000
156.291667 157.291667  22.301 0.000 999.999 0.999000
159.291667 160.291667  10.114 0.000   7.174 0.000000
163.291667 164.291667   7.673 0.000   2.546 0.000000
166.291667 167.291667   9.509 0.000   4.198 0.000000
170.291667 171.291667  25.702 0.000   8.307 0.000000
173.291667 174.291667  29.094 0.000  11.841 0.000000
177.291667 178.291667  52.119 0.000  18.039 0.000000
180.291667 181.291667 999.999 0.999 999.999 0.999000
184.291667 185.291667 999.999 0.999 999.999 0.999000
187.291667 188.291667 999.999 0.999   5.154 0.000000
191.291667 192.291667 999.999 0.999  10.509 0.000000
194.291667 195.291667   8.216 0.000   6.051 0.000000
198.291667 199.291667  14.370 0.000   6.223 0.000000
201.291667 202.291667  11.462 0.000   5.728 0.000000
205.291667 206.291667  15.236 0.000   4.923 0.000000
208.291667 209.291667  48.456 0.000 999.999 0.999000
212.291667 213.291667  10.506 0.000   5.772 0.000000
215.291667 216.291667  20.623 0.000 999.999 0.999000
219.291667 220.291667   6.222 0.000   4.812 0.000000
222.291667 223.291667  18.300 0.000   8.962 0.000000
226.291667 227.291667 999.999 0.999 999.999 0.999000
229.291667 230.291667  10.868 0.000   5.535 0.000000
233.291667 234.291667 999.999 0.999 999.999 0.999000
236.291667 237.291667   6.223 0.000   2.659 0.000000
240.291667 241.291667  15.101 0.000   6.840 0.000000
243.291667 244.291667  13.820 0.000  10.491 0.559000
247.291667 248.291667  13.065 0.000   8.957 0.559000
250.291667 251.291667  17.660 0.000  11.763 0.559000
254.291667 255.291667  28.984 0.000  11.702 0.559000
257.291667 258.291667  10.335 0.000   9.052 0.559000
261.291667 262.291667  13.051 0.000   6.369 0.559000
264.291667 265.291667   6.525 0.000   3.538 0.559000
268.291667 269.291667  11.845 0.000   4.483 0.559000
271.291667 272.291667  15.469 0.000 999.999 0.559259
275.291667 276.291667  13.194 0.000   4.424 0.559000
278.291667 279.291667  20.283 0.000   7.085 0.559000
282.291667 283.291667  14.059 0.000   3.994 0.559000
285.291667 286.291667  13.175 0.000   5.962 0.559000
289.291667 290.291667  26.606 0.000   9.777 0.559000
292.291667 293.291667  19.644 0.000   7.293 0.559000
296.291667 297.291667  38.170 0.000 999.999 0.559259
299.291667 300.291667  15.455 0.000   6.943 0.559000
303.291667 304.291667  16.986 0.000   6.849 0.559000
306.291667 307.291667  15.714 0.000   7.685 0.559000
310.291667 311.291667  14.213 0.000   5.206 0.559000
313.291667 314.291667   8.792 0.000   3.417 0.559000
317.291667 318.291667  12.657 0.000   4.804 0.559000
320.291667 321.291667  19.698 0.000   9.362 0.559000
324.291667 325.291667  13.707 0.000   3.993 0.559000
327.291667 328.291667  10.088 0.000   6.231 0.559000
331.291667 332.291667 999.999 0.999 999.999 0.559259
334.291667 335.291667  20.451 0.000   6.307 0.559000
338.291667 339.291667  11.289 0.000   5.209 0.559000
341.291667 342.291667   7.097 0.000   3.766 0.559000
345.291667 346.291667   6.863 0.000   2.435 0.559000
348.291667 349.291667   4.506 0.000   3.226 0.559000
352.291667 353.291667   9.064 0.000   3.617 0.559000
355.291667 356.291667 999.999 0.999   6.667 0.559000
359.291667 360.291667  15.634 0.000 999.999 0.559259
362.291667 363.291667   3.898 0.000   3.323 0.559000
