scripts/IMPROVE-2019_partial/data/US9042R.20130101080000.20191216000000.filterpack...52w.3d.US03L_filterpack_US9042_YOSE1.US03L_IMPROVE_Davis.lev2.nas
60 1001
MISSING INFORMATION
US03L, IMPROVE, , , , , , , 
MISSING INFORMATION
IMPROVE sel_HTAP
1 1
2013 01 01 2019 12 16
3.000000
days from file reference point
5
1 1 1 1 1
999.999999 999.999 9.999 999.999 9.999
end_time of measurement, days from the file reference point
pm10_mass, ug/m3, Matrix=pm10
numflag pm10_mass, no unit, Matrix=pm10
pm25_mass, ug/m3, Matrix=pm25
numflag pm25_mass, no unit, Matrix=pm25
0
41
Data definition:              EBAS_1.1
Set type code:                TU
Timezone:                     UTC
File name:                    US9042R.20130101080000.20191216000000.filterpack...52w.3d.US03L_filterpack_US9042_YOSE1.US03L_IMPROVE_Davis.lev2.nas
File creation:                20191218120812
Startdate:                    20130101080000
Revision date:                20191216000000
Version:                      2
Version description:          "Data extracted from http://views.cira.colostate.edu/fed/DataWizard 2019-12-16"
Statistics:                   arithmetic mean
Data level:                   2
Period code:                  52w
Resolution code:              3d
Sample duration:              1d
Orig. time res.:              3d
Station code:                 US9042R
Platform code:                US9042S
Station name:                 Yosemite NP
Station WDCA-ID:              GAWAUSCAYOS
Station GAW-ID:               YOS
Station GAW-Name:             Yosemite NP - Turtleback Dome
Station state/province:       CA
Station land use:             Remote park
Station setting:              Mountain
Station GAW type:             C
Station WMO region:           4
Station latitude:             37.7133
Station longitude:            -119.7061
Station altitude:             1605.0 m
Regime:                       IMG
Component:                    
Unit:                         ug/m3
Matrix:                       
Laboratory code:              US03L
Instrument type:              filterpack
Instrument name:              filterpack_US9042_YOSE1
Method ref:                   US03L_IMPROVE_Davis
Blank correction:             Blank corrected
Volume std. temperature:      ambient
Volume std. pressure:         ambient
starttime endtime PM10 flag_PM10 PM2.5 flag_PM2.5
  0.333333   1.333333   1.823 0.000   1.082 0.000
  3.333333   4.333333   1.135 0.000   0.370 0.000
  6.333333   7.333333   1.221 0.000   0.403 0.000
  9.333333  10.333333   1.116 0.000   0.250 0.000
 12.333333  13.333333   1.881 0.000   1.147 0.000
 15.333333  16.333333   1.253 0.000   0.463 0.000
 18.333333  19.333333   1.214 0.000   0.463 0.000
 21.333333  22.333333   1.026 0.000   0.537 0.000
 24.333333  25.333333   0.920 0.000   0.279 0.000
 27.333333  28.333333   3.579 0.000   0.809 0.000
 30.333333  31.333333   2.218 0.000   0.956 0.000
 33.333333  34.333333   2.052 0.000   1.142 0.000
 36.333333  37.333333   2.389 0.000   1.541 0.000
 39.333333  40.333333   1.947 0.000   1.147 0.000
 42.333333  43.333333   4.468 0.000   1.920 0.000
 45.333333  46.333333   4.198 0.000   2.110 0.000
 48.333333  49.333333   3.678 0.000   3.649 0.000
 51.333333  52.333333   3.379 0.000   2.507 0.000
 54.333333  55.333333   2.607 0.000   1.262 0.000
 57.333333  58.333333   3.887 0.000   2.244 0.000
 60.333333  61.333333   3.684 0.000   1.765 0.000
 63.333333  64.333333   6.655 0.000   3.196 0.000
 66.333333  67.333333   2.741 0.000   1.527 0.000
 69.333333  70.333333   4.580 0.000   2.873 0.000
 72.333333  73.333333   5.029 0.000   2.855 0.000
 75.333333  76.333333   5.243 0.000   3.006 0.000
 78.333333  79.333333   3.633 0.000   2.045 0.000
 81.333333  82.333333  13.431 0.000   8.486 0.000
 84.333333  85.333333   7.655 0.000   3.566 0.000
 87.333333  88.333333   3.314 0.000   1.775 0.000
 90.333333  91.333333   2.047 0.000   1.166 0.000
 93.333333  94.333333   4.867 0.000   3.081 0.000
 96.333333  97.333333   5.378 0.000   2.708 0.000
 99.333333 100.333333   4.835 0.000   2.020 0.000
102.333333 103.333333   7.198 0.000   4.067 0.000
105.333333 106.333333   4.003 0.000   1.427 0.000
108.333333 109.333333   6.848 0.000   2.328 0.000
111.333333 112.333333  13.228 0.000   6.898 0.000
114.333333 115.333333  16.496 0.000   6.144 0.000
117.333333 118.333333  14.858 0.000   7.616 0.000
120.333333 121.333333  24.139 0.000   6.941 0.000
123.333333 124.333333  18.034 0.000   7.068 0.000
126.333333 127.333333   3.958 0.000   2.339 0.000
129.333333 130.333333   9.399 0.000   4.025 0.000
132.333333 133.333333   8.495 0.000   4.080 0.000
135.333333 136.333333   7.837 0.000   3.360 0.000
138.333333 139.333333   7.741 0.000   3.396 0.000
141.333333 142.333333 999.999 0.456 999.999 0.456
144.333333 145.333333 999.999 0.456 999.999 0.456
147.333333 148.333333 999.999 0.456 999.999 0.456
150.333333 151.333333   9.171 0.000   4.365 0.000
153.333333 154.333333  17.618 0.000   7.906 0.000
156.333333 157.333333  11.406 0.000   4.653 0.000
159.333333 160.333333  18.727 0.000   8.772 0.000
162.333333 163.333333  13.861 0.000   5.170 0.000
165.333333 166.333333  12.080 0.000   4.776 0.000
168.333333 169.333333  20.547 0.000  13.559 0.000
171.333333 172.333333   6.651 0.000   2.858 0.000
174.333333 175.333333   3.551 0.000   1.695 0.000
177.333333 178.333333   5.596 0.000   2.536 0.000
180.333333 181.333333  11.381 0.000   6.320 0.000
183.333333 184.333333  14.435 0.000   6.851 0.000
186.333333 187.333333  12.637 0.000   5.676 0.000
189.333333 190.333333   5.453 0.000   2.671 0.000
192.333333 193.333333  11.447 0.000   4.254 0.000
195.333333 196.333333  10.694 0.000   4.310 0.000
198.333333 199.333333  10.602 0.000   4.674 0.000
201.333333 202.333333  15.692 0.000   7.851 0.000
204.333333 205.333333  12.448 0.000   6.818 0.000
207.333333 208.333333  11.911 0.000   7.159 0.000
210.333333 211.333333  25.074 0.000  18.731 0.000
213.333333 214.333333  15.391 0.000   9.449 0.000
216.333333 217.333333  15.192 0.000   9.721 0.000
219.333333 220.333333  11.732 0.000   5.684 0.000
222.333333 223.333333  10.698 0.000   7.095 0.000
225.333333 226.333333   6.787 0.000   2.584 0.000
228.333333 229.333333  12.496 0.000   6.862 0.000
231.333333 232.333333  11.926 0.000   5.209 0.000
234.333333 235.333333  15.603 0.000   5.445 0.000
237.333333 238.333333  10.736 0.000   3.994 0.000
240.333333 241.333333 999.999 0.456 999.999 0.456
243.333333 244.333333 999.999 0.456 999.999 0.699
246.333333 247.333333  15.414 0.000   4.388 0.000
249.333333 250.333333  13.591 0.000   4.559 0.000
252.333333 253.333333  22.577 0.000  13.592 0.000
255.333333 256.333333  26.141 0.000  15.725 0.000
258.333333 259.333333  12.805 0.000   4.428 0.000
261.333333 262.333333  17.305 0.000   7.732 0.000
264.333333 265.333333   6.352 0.000   2.650 0.000
267.333333 268.333333   8.708 0.000   2.270 0.000
270.333333 271.333333   7.333 0.000   2.266 0.000
273.333333 274.333333   5.653 0.000   2.075 0.000
276.333333 277.333333  12.246 0.000   3.104 0.000
279.333333 280.333333  11.435 0.000   3.761 0.000
282.333333 283.333333 999.999 0.999 999.999 0.999
285.333333 286.333333 999.999 0.999 999.999 0.999
288.333333 289.333333 999.999 0.999 999.999 0.999
291.333333 292.333333   7.804 0.000   3.500 0.000
294.333333 295.333333   6.749 0.000   2.994 0.000
297.333333 298.333333  11.497 0.000   4.548 0.000
300.333333 301.333333   3.536 0.000   1.160 0.000
303.333333 304.333333   3.950 0.000   2.406 0.000
306.333333 307.333333   6.697 0.000   1.916 0.000
309.333333 310.333333   5.119 0.000   2.209 0.000
312.333333 313.333333   5.128 0.000   2.242 0.000
315.333333 316.333333   3.683 0.000   1.460 0.000
318.333333 319.333333  17.967 0.000   7.093 0.000
321.333333 322.333333  13.006 0.000   3.620 0.000
324.333333 325.333333   4.177 0.000   0.467 0.000
327.333333 328.333333   7.004 0.000   2.785 0.000
330.333333 331.333333   4.646 0.000   0.987 0.000
333.333333 334.333333 999.999 0.456   1.685 0.000
336.333333 337.333333 999.999 0.456   1.256 0.000
339.333333 340.333333   7.235 0.000   4.024 0.000
342.333333 343.333333   2.330 0.000   0.961 0.000
345.333333 346.333333   1.670 0.000   0.400 0.000
348.333333 349.333333   1.653 0.000   0.365 0.000
351.333333 352.333333   3.088 0.000   1.190 0.000
354.333333 355.333333   3.445 0.000   1.861 0.000
357.333333 358.333333   1.356 0.000   0.374 0.000
360.333333 361.333333   1.918 0.000   0.557 0.000
363.333333 364.333333   2.532 0.000   1.239 0.000
