scripts/IMPROVE-2019_partial/data/US9031R.20030103090000.20191216000000.filterpack..pm25.1y.1w.US03L_filterpack_US9031.US03L_IMPROVE_Davis.lev2.nas
66 1001
MISSING INFORMATION
US03L, IMPROVE, , , , , , , 
MISSING INFORMATION
IMPROVE sel_HTAP
1 1
2003 01 01 2019 12 16
3.000
days from file reference point
27
1 1 1 1 1 1 1 1 1 1 1 1 1 1 1 1 1 1 1 1 1 1 1 1 1 1 1
999.999 999.99 9.999999 99.99 9.999999 9.999 9.999999 9.99 9.999999999 9.999 9.999999 99.999 9.999 99.999 9.999 99.99 9.999999999 999.999 9.999 999.999 9.999 99.999 9.999 9.999 9.999999 9.999 9.999999
end_time of measurement, days from the file reference point
iron, ng/m3, Revision date=20181210133000
numflag iron, no unit, Revision date=20181210133000
lead, ng/m3, Revision date=20181210133000
numflag lead, no unit, Revision date=20181210133000
magnesium, ug/m3, Revision date=20181210133000
numflag magnesium, no unit, Revision date=20181210133000
nickel, ng/m3, Revision date=20181210133000
numflag nickel, no unit, Revision date=20181210133000
nitrate, ug N/m3, Revision date=20181210133000
numflag nitrate, no unit, Revision date=20181210133000
organic_carbon, ug C/m3, Revision date=20181210133000
numflag organic_carbon, no unit, Revision date=20181210133000
organic_mass, ug/m3, Revision date=20181210133000
numflag organic_mass, no unit, Revision date=20181210133000
phosphorus, ng/m3, Revision date=20181210133000
numflag phosphorus, no unit, Revision date=20181210133000
pm10_mass, ug/m3, Version=2, Version description=Data extracted from http://views.cira.colostate.edu/fed/DataWizard 2019-12-16, Sample duration=1d, Orig. time res.=3d, Matrix=pm10, Blank correction=Blank corrected, Volume std. temperature=ambient, Volume std. pressure=ambient
numflag pm10_mass, no unit, Version=2, Version description=Data extracted from http://views.cira.colostate.edu/fed/DataWizard 2019-12-16, Sample duration=1d, Orig. time res.=3d, Matrix=pm10, Blank correction=Blank corrected, Volume std. temperature=ambient, Volume std. pressure=ambient
pm10_pm25_mass, ug/m3, Revision date=20181210133000, Matrix=pm10_pm25
numflag pm10_pm25_mass, no unit, Revision date=20181210133000, Matrix=pm10_pm25
pm25_mass, ug/m3, Version=2, Version description=Data extracted from http://views.cira.colostate.edu/fed/DataWizard 2019-12-16, Sample duration=1d, Orig. time res.=3d, Blank correction=Blank corrected, Volume std. temperature=ambient, Volume std. pressure=ambient
numflag pm25_mass, no unit, Version=2, Version description=Data extracted from http://views.cira.colostate.edu/fed/DataWizard 2019-12-16, Sample duration=1d, Orig. time res.=3d, Blank correction=Blank corrected, Volume std. temperature=ambient, Volume std. pressure=ambient
potassium, ug/m3, Revision date=20181210133000
numflag potassium, no unit, Revision date=20181210133000
sulphate_total, ug S/m3, Revision date=20181210133000
numflag sulphate_total, no unit, Revision date=20181210133000
0
25
Data definition:              EBAS_1.1
Set type code:                TU
Timezone:                     UTC
File name:                    US9031R.20030103090000.20191216000000.filterpack..pm25.1y.1w.US03L_filterpack_US9031.US03L_IMPROVE_Davis.lev2.nas
File creation:                20191218120716
Startdate:                    20030103090000
Revision date:                20191216000000
Statistics:                   arithmetic mean
Data level:                   2
Period code:                  1y
Resolution code:              1w
Station code:                 US9031R
Platform code:                US9031S
Station name:                 Tuxedni
Station latitude:             59.9925
Station longitude:            -152.6656
Station altitude:             15.0 m
Regime:                       IMG
Component:                    
Matrix:                       pm25
Laboratory code:              US03L
Instrument type:              filterpack
Instrument name:              filterpack_US9031
Method ref:                   US03L_IMPROVE_Davis
starttime endtime Fe flag_Fe Pb flag_Pb Mg++ flag_Mg++ Ni flag_Ni NO3- flag_NO3- OC flag_OC OM flag_OM P flag_P PM10 flag_PM10 PM10-PM2.5 flag_PM10-PM2.5 PM2.5 flag_PM2.5 K+ flag_K+ SO4-- flag_SO4--
  2.375   3.375 999.99 0.999000 99.99 0.999000 9.999 0.999000 9.99 0.999000000 9.999 0.999000 99.999 0.999 99.999 0.999 99.99 0.999000000 999.999 0.999 999.999 0.999 99.999 0.999 9.999 0.999000 9.999 0.999000
  5.375   6.375 999.99 0.999000 99.99 0.999000 9.999 0.999000 9.99 0.999000000 9.999 0.999000 99.999 0.999 99.999 0.999 99.99 0.999000000 999.999 0.999 999.999 0.999 99.999 0.999 9.999 0.999000 9.999 0.999000
  8.375   9.375   1.49 0.000000  0.09 0.000000 9.999 0.259000 9.99 0.259000000 0.038 0.000000 99.999 0.259 99.999 0.259 99.99 0.259000000   0.594 0.000   0.238 0.000  0.356 0.000 0.002 0.000000 0.027 0.000000
 11.375  12.375   3.85 0.000000  0.22 0.000000 0.011 0.000000 9.99 0.259000000 0.015 0.559000  0.204 0.000  0.286 0.000 99.99 0.259000000   2.106 0.000   1.278 0.000  0.827 0.000 0.006 0.000000 0.052 0.559000
 14.375  15.375   2.41 0.000000  0.07 0.000000 9.999 0.259000 9.99 0.259000000 0.007 0.000000  0.079 0.000  0.110 0.000 99.99 0.259000000   1.514 0.000   1.060 0.000  0.455 0.000 0.004 0.000000 0.034 0.000000
 17.375  18.375   0.31 0.000000  0.09 0.000000 9.999 0.259000 9.99 0.259000000 0.014 0.000000  0.091 0.000  0.127 0.000  0.65 0.000000000   0.591 0.000   0.297 0.000  0.294 0.000 0.002 0.000000 0.018 0.000000
 20.375  21.375   1.65 0.000000  0.17 0.000000 9.999 0.259000 0.08 0.000000000 0.012 0.559000  0.165 0.000  0.232 0.000 99.99 0.259000000   1.269 0.000   0.752 0.000  0.518 0.000 0.003 0.000000 0.030 0.559000
 23.375  24.375  30.69 0.000000  0.44 0.000000 9.999 0.259000 0.04 0.000000000 0.006 0.000000  0.096 0.000  0.134 0.000 99.99 0.259000000   1.857 0.000   1.248 0.000  0.609 0.000 0.007 0.000000 0.089 0.000000
 26.375  27.375   4.30 0.000000  0.27 0.000000 9.999 0.259000 0.08 0.000000000 0.012 0.000000  0.067 0.000  0.094 0.000 99.99 0.259000000   1.269 0.000   0.767 0.000  0.503 0.000 0.004 0.000000 0.046 0.000000
 29.375  30.375   0.99 0.000000  0.12 0.000000 9.999 0.259000 9.99 0.259000000 0.011 0.000000  0.321 0.000  0.450 0.000 99.99 0.259000000   1.901 0.000   1.244 0.000  0.657 0.000 0.005 0.000000 0.023 0.000000
 32.375  33.375   0.95 0.000000  0.09 0.000000 9.999 0.259000 9.99 0.259000000 0.031 0.000000  0.090 0.000  0.126 0.000 99.99 0.259000000   1.462 0.000   0.901 0.000  0.560 0.000 0.006 0.000000 0.038 0.000000
 35.375  36.375   1.20 0.000000 99.99 0.259000 9.999 0.259000 9.99 0.259000000 0.023 0.559000  0.272 0.000  0.381 0.000 99.99 0.259000000  20.543 0.000  13.343 0.000  7.199 0.000 0.054 0.000000 0.163 0.559000
 38.375  39.375   0.33 0.000000  0.12 0.000000 9.999 0.259000 9.99 0.259000000 0.001 0.559000  0.247 0.000  0.346 0.000  0.53 0.000000000   0.145 0.000 999.999 0.259  0.283 0.000 0.002 0.000000 0.003 0.559000
 41.375  42.375   0.17 0.000000 99.99 0.259000 9.999 0.259000 9.99 0.259000000 0.001 0.000000  0.050 0.000  0.070 0.000 99.99 0.259000000 999.999 0.259 999.999 0.259 99.999 0.259 9.999 0.259000 0.001 0.000000
 44.375  45.375   0.28 0.000000  0.10 0.000000 0.027 0.000000 9.99 0.259000000 0.006 0.000000  0.062 0.000  0.087 0.000  0.50 0.000000000   0.074 0.000   0.010 0.000  0.064 0.000 0.002 0.000000 0.010 0.000000
 47.375  48.375   8.21 0.000000  0.25 0.000000 0.015 0.000000 9.99 0.259000000 0.093 0.559000 99.999 0.259 99.999 0.259 99.99 0.259000000   0.850 0.000   0.462 0.000  0.388 0.000 0.003 0.000000 0.097 0.559000
 50.375  51.375   8.58 0.000000  0.41 0.000000 9.999 0.259000 9.99 0.259000000 0.011 0.559000  0.162 0.000  0.227 0.000 99.99 0.259000000   2.412 0.000   0.985 0.000  1.427 0.000 0.011 0.000000 0.251 0.559000
 53.375  54.375   0.24 0.000000  0.06 0.000000 0.032 0.000000 9.99 0.259000000 0.002 0.000000  0.077 0.000  0.108 0.000 99.99 0.259000000   0.145 0.000   0.145 0.000 99.999 0.259 0.002 0.000000 0.006 0.000000
 56.375  57.375   0.30 0.000000  0.07 0.000000 9.999 0.259000 9.99 0.259000000 0.011 0.000000  0.115 0.000  0.161 0.000 99.99 0.259000000   0.386 0.000   0.188 0.000  0.198 0.000 0.003 0.000000 0.011 0.000000
 59.375  60.375   1.94 0.000000  0.17 0.000000 9.999 0.259000 9.99 0.259000000 0.003 0.559000  0.043 0.000  0.060 0.000 99.99 0.259000000   1.527 0.000   1.117 0.000  0.410 0.000 0.007 0.000000 0.017 0.559000
 62.375  63.375   1.75 0.000000  0.15 0.000000 9.999 0.259000 9.99 0.259000000 0.004 0.559000  0.113 0.000  0.158 0.000 99.99 0.259000000   1.018 0.000   0.528 0.000  0.489 0.000 0.003 0.000000 0.057 0.559000
 65.375  66.375   7.86 0.000000  0.26 0.000000 9.999 0.259000 0.08 0.000000000 0.007 0.559000  0.203 0.000  0.284 0.000 99.99 0.259000000   2.472 0.000   1.593 0.000  0.880 0.000 0.007 0.000000 0.083 0.559000
 68.375  69.375  22.61 0.000000  1.02 0.000000 9.999 0.259000 0.10 0.000000000 0.009 0.559000  0.208 0.000  0.291 0.000 99.99 0.259000000   4.254 0.000   2.683 0.000  1.571 0.000 0.020 0.000000 0.203 0.559000
 71.375  72.375  32.29 0.559000  4.41 0.559000 9.999 0.559259 0.16 0.559000000 0.039 0.000000  0.525 0.000  0.735 0.000 99.99 0.559259000   9.087 0.000   5.011 0.000  4.075 0.559 0.030 0.559000 0.532 0.000000
 74.375  75.375   4.94 0.000000  0.31 0.000000 9.999 0.259000 9.99 0.259000000 0.028 0.000000  0.151 0.000  0.211 0.000 99.99 0.259000000   2.640 0.000   1.639 0.000  1.001 0.000 0.005 0.000000 0.058 0.000000
 77.375  78.375   6.59 0.000000  0.93 0.000000 9.999 0.259000 9.99 0.259000000 0.020 0.559000  0.701 0.000  0.981 0.000 99.99 0.259000000   3.381 0.000   1.217 0.000  2.164 0.000 0.013 0.000000 0.248 0.559000
 80.375  81.375   7.78 0.000000  1.14 0.000000 0.017 0.000000 9.99 0.259000000 0.057 0.000000  0.282 0.000  0.395 0.000 99.99 0.259000000   2.705 0.000   0.538 0.000  2.166 0.000 0.013 0.000000 0.326 0.000000
 83.375  84.375   2.97 0.000000  0.23 0.000000 9.999 0.259000 9.99 0.259000000 0.017 0.559000  0.139 0.000  0.194 0.000 99.99 0.259000000   1.163 0.000   0.649 0.000  0.514 0.000 0.004 0.000000 0.058 0.559000
 86.375  87.375 999.99 0.999000 99.99 0.999000 9.999 0.999000 9.99 0.999000000 9.999 0.999000 99.999 0.999 99.999 0.999 99.99 0.999000000 999.999 0.999 999.999 0.999 99.999 0.999 9.999 0.999000 9.999 0.999000
 89.375  90.375  10.90 0.559000  0.42 0.559000 9.999 0.559259 9.99 0.559259000 0.021 0.559000  0.589 0.000  0.824 0.000 99.99 0.559259000   2.840 0.000   1.044 0.000  1.795 0.559 0.015 0.559000 0.155 0.559000
 92.375  93.375   8.62 0.000000  0.71 0.000000 9.999 0.259000 0.07 0.000000000 0.030 0.000000  0.293 0.000  0.410 0.000 99.99 0.259000000   2.903 0.000   0.914 0.000  1.989 0.000 0.013 0.000000 0.222 0.000000
 95.375  96.375  13.01 0.000000  1.29 0.000000 9.999 0.259000 9.99 0.259000000 0.022 0.000000  0.331 0.000  0.463 0.000 99.99 0.259000000   3.984 0.000   1.169 0.000  2.815 0.000 0.026 0.000000 0.366 0.000000
 98.375  99.375   6.88 0.000000  0.24 0.000000 9.999 0.259000 9.99 0.259000000 0.012 0.000000  0.210 0.000  0.294 0.000 99.99 0.259000000   2.496 0.000   1.216 0.000  1.280 0.000 0.009 0.000000 0.113 0.000000
101.375 102.375   1.18 0.000000  0.12 0.000000 0.013 0.000000 0.07 0.000000000 0.013 0.000000  0.101 0.000  0.141 0.000 99.99 0.259000000   3.219 0.000   1.886 0.000  1.333 0.000 0.005 0.000000 0.061 0.000000
104.375 105.375   1.76 0.000000  0.18 0.000000 0.009 0.000000 9.99 0.259000000 0.005 0.000000  0.160 0.000  0.224 0.000 99.99 0.259000000   1.527 0.000   0.576 0.000  0.951 0.000 0.005 0.000000 0.062 0.000000
107.375 108.375   5.83 0.000000  0.33 0.000000 9.999 0.259000 0.09 0.000000000 0.011 0.559000  0.205 0.000  0.288 0.000 99.99 0.259000000   2.058 0.000   0.714 0.000  1.344 0.000 0.010 0.000000 0.096 0.559000
110.375 111.375   3.37 0.000000  0.07 0.000000 9.999 0.259000 9.99 0.259000000 0.011 0.000000  0.026 0.000  0.036 0.000 99.99 0.259000000   2.168 0.000   1.037 0.000  1.131 0.000 0.007 0.000000 0.056 0.000000
113.375 114.375   8.69 0.000000  0.42 0.000000 9.999 0.259000 9.99 0.259000000 0.023 0.559000  0.189 0.000  0.264 0.000 99.99 0.259000000   4.847 0.000   3.192 0.000  1.655 0.000 0.013 0.000000 0.081 0.559000
116.375 117.375  14.31 0.000000  1.39 0.000000 9.999 0.259000 9.99 0.259000000 0.018 0.559000  0.310 0.000  0.434 0.000 99.99 0.259000000   4.327 0.000   2.406 0.000  1.920 0.000 0.017 0.000000 0.110 0.559000
119.375 120.375  33.96 0.000000  1.03 0.000000 9.999 0.259000 0.08 0.000000000 0.020 0.000000  0.852 0.000  1.193 0.000 99.99 0.259000000   6.542 0.000   2.071 0.000  4.471 0.000 0.035 0.000000 0.378 0.000000
122.375 123.375  40.66 0.559000  1.15 0.559000 9.999 0.559259 9.99 0.559259000 0.011 0.559000  1.261 0.000  1.765 0.000 99.99 0.559259000   7.885 0.000   2.184 0.000  5.701 0.559 0.042 0.559000 0.411 0.559000
125.375 126.375   4.85 0.000000  0.48 0.000000 9.999 0.259000 9.99 0.259000000 0.045 0.559000  0.428 0.000  0.600 0.000 99.99 0.259000000   4.323 0.000   1.551 0.000  2.771 0.000 0.011 0.000000 0.209 0.559000
128.375 129.375   5.22 0.559394  0.34 0.559394 0.012 0.559394 9.99 0.559394259 0.007 0.394000  0.882 0.000  1.235 0.000 99.99 0.559394259   4.419 0.000   1.337 0.000  3.082 0.559 0.014 0.559394 0.090 0.394000
131.375 132.375 999.99 0.999000 99.99 0.999000 9.999 0.999000 9.99 0.999000000 9.999 0.999000 99.999 0.999 99.999 0.999 99.99 0.999000000 999.999 0.999 999.999 0.999 99.999 0.999 9.999 0.999000 9.999 0.999000
134.375 135.375   4.80 0.000000  0.23 0.000000 9.999 0.259000 9.99 0.259000000 0.010 0.000000  1.080 0.000  1.512 0.000 99.99 0.259000000   6.293 0.000   2.979 0.000  3.314 0.000 0.013 0.000000 0.236 0.000000
137.375 138.375   4.25 0.000000  1.10 0.000000 9.999 0.259000 9.99 0.259000000 0.022 0.000000  1.067 0.000  1.494 0.000 99.99 0.259000000   6.181 0.000   2.724 0.000  3.457 0.000 0.013 0.000000 0.255 0.000000
140.375 141.375   9.71 0.559000  0.54 0.559000 0.005 0.559000 0.06 0.559000000 0.019 0.559000  1.154 0.000  1.615 0.000 99.99 0.559259000   5.829 0.000   1.982 0.000  3.847 0.559 0.015 0.559000 0.211 0.559000
143.375 144.375  10.52 0.000000  0.50 0.000000 9.999 0.259000 9.99 0.259000000 0.018 0.000000  1.594 0.000  2.232 0.000 99.99 0.259000000   6.727 0.000   2.236 0.000  4.492 0.000 0.017 0.000000 0.261 0.000000
146.375 147.375   0.64 0.559000  0.23 0.559000 9.999 0.559259 0.12 0.559000000 0.010 0.559000  0.441 0.000  0.618 0.000 99.99 0.559259000   5.708 0.000   2.937 0.000  2.771 0.559 0.012 0.559000 0.271 0.559000
149.375 150.375   9.10 0.559000  0.29 0.559000 9.999 0.559259 9.99 0.559259000 0.015 0.000000  0.758 0.000  1.061 0.000 99.99 0.559259000   4.630 0.000   2.673 0.000  1.956 0.559 0.009 0.559000 0.097 0.000000
152.375 153.375   2.65 0.559000  0.37 0.559000 9.999 0.559259 0.13 0.559000000 0.029 0.559000  0.334 0.000  0.467 0.000 99.99 0.559259000   4.232 0.000   2.018 0.000  2.214 0.559 0.011 0.559000 0.206 0.559000
155.375 156.375   3.39 0.000000  0.09 0.000000 9.999 0.259000 9.99 0.259000000 0.007 0.559000  0.410 0.000  0.574 0.000 99.99 0.259000000   2.487 0.000   1.543 0.000  0.945 0.000 0.006 0.000000 0.019 0.559000
158.375 159.375   1.57 0.000000 99.99 0.259000 9.999 0.259000 9.99 0.259000000 0.022 0.000000  0.235 0.000  0.328 0.000 99.99 0.259000000   2.997 0.000   1.416 0.000  1.581 0.000 0.006 0.000000 0.125 0.000000
161.375 162.375   4.81 0.000000  0.74 0.000000 0.030 0.000000 9.99 0.259000000 9.999 0.259000  0.741 0.000  1.037 0.000 99.99 0.259000000   4.174 0.000   2.254 0.000  1.920 0.000 0.014 0.000000 0.070 0.000000
164.375 165.375   3.99 0.000000  0.26 0.000000 9.999 0.259000 9.99 0.259000000 0.027 0.000000  0.781 0.000  1.093 0.000 99.99 0.259000000   6.909 0.000   3.177 0.000  3.732 0.000 0.021 0.000000 0.225 0.000000
167.375 168.375   1.95 0.000000  0.43 0.000000 0.023 0.000000 0.16 0.000000000 0.024 0.000000  0.583 0.000  0.816 0.000 99.99 0.259000000   5.348 0.000   3.423 0.000  1.925 0.000 0.011 0.000000 0.123 0.000000
170.375 171.375   2.53 0.000000  0.60 0.000000 9.999 0.259000 0.12 0.000000000 0.030 0.000000  0.444 0.000  0.622 0.000 99.99 0.259000000   6.907 0.000   3.853 0.000  3.054 0.000 0.017 0.000000 0.270 0.000000
173.375 174.375   2.04 0.000000  0.26 0.000000 0.049 0.000000 9.99 0.259000000 0.031 0.000000  0.375 0.000  0.525 0.000 99.99 0.259000000   5.994 0.000   3.604 0.000  2.390 0.000 0.010 0.000000 0.280 0.000000
176.375 177.375   1.30 0.000000  6.89 0.000000 0.028 0.000000 9.99 0.259000000 0.013 0.559000  0.356 0.000  0.499 0.000 99.99 0.259000000   4.666 0.000   3.252 0.000  1.414 0.000 0.014 0.000000 0.074 0.559000
179.375 180.375   4.34 0.000000  1.17 0.000000 9.999 0.259000 0.08 0.000000000 0.034 0.559000  0.548 0.000  0.767 0.000 99.99 0.259000000  11.910 0.000   7.851 0.000  4.059 0.000 0.030 0.000000 0.249 0.559000
182.375 183.375   1.27 0.000000  0.13 0.000000 9.999 0.259000 9.99 0.259000000 0.003 0.559000  0.262 0.000  0.367 0.000 99.99 0.259000000   3.058 0.000   2.147 0.000  0.911 0.000 0.017 0.000000 0.039 0.559000
185.375 186.375   5.54 0.000000  0.71 0.000000 0.024 0.000000 0.03 0.000000000 0.015 0.559000  1.075 0.000  1.505 0.000 99.99 0.259000000   4.811 0.000   2.701 0.000  2.109 0.000 0.011 0.000000 0.103 0.559000
188.375 189.375   6.71 0.000000  0.58 0.000000 9.999 0.259000 0.03 0.000000000 0.004 0.559000  1.404 0.000  1.966 0.000 99.99 0.259000000   6.081 0.000   2.800 0.000  3.281 0.000 0.013 0.000000 0.089 0.559000
191.375 192.375   2.28 0.000000  0.70 0.000000 0.021 0.000000 0.14 0.000000000 0.017 0.559000  0.359 0.000  0.503 0.000 99.99 0.259000000   5.317 0.000   3.088 0.000  2.229 0.000 0.014 0.000000 0.188 0.559000
194.375 195.375   7.52 0.559000  0.83 0.559000 0.026 0.559000 9.99 0.559259000 0.033 0.000000  1.838 0.000  2.573 0.000 99.99 0.559259000   9.844 0.000   4.693 0.000  5.151 0.559 0.032 0.559000 0.178 0.000000
197.375 198.375   2.94 0.000000  0.25 0.000000 9.999 0.259000 0.08 0.000000000 0.029 0.000000  0.571 0.000  0.799 0.000 99.99 0.259000000   7.088 0.000   3.846 0.000  3.243 0.000 0.022 0.000000 0.345 0.000000
200.375 201.375   5.68 0.000000  2.49 0.000000 9.999 0.259000 0.06 0.000000000 0.028 0.000000  0.918 0.000  1.285 0.000 99.99 0.259000000   7.340 0.000   4.285 0.000  3.056 0.000 0.018 0.000000 0.188 0.000000
203.375 204.375   1.60 0.000000  0.15 0.000000 9.999 0.259000 0.07 0.000000000 0.023 0.559000  0.343 0.000  0.481 0.000 99.99 0.259000000   7.740 0.000   3.673 0.000  4.067 0.000 0.022 0.000000 0.450 0.559000
206.375 207.375   6.55 0.000000  0.26 0.000000 9.999 0.259000 9.99 0.259000000 0.008 0.000000  0.246 0.000  0.344 0.000 99.99 0.259000000   4.500 0.000   3.281 0.000  1.218 0.000 0.016 0.000000 0.077 0.000000
209.375 210.375   1.33 0.000000  0.27 0.000000 9.999 0.259000 9.99 0.259000000 0.015 0.559000  0.437 0.000  0.612 0.000 99.99 0.259000000   4.110 0.000   2.507 0.000  1.603 0.000 0.021 0.000000 0.129 0.559000
212.375 213.375 999.99 0.999000 99.99 0.999000 9.999 0.999000 9.99 0.999000000 9.999 0.999000 99.999 0.999 99.999 0.999 99.99 0.999000000 999.999 0.999 999.999 0.999 99.999 0.999 9.999 0.999000 9.999 0.999000
215.375 216.375  10.62 0.000000  0.78 0.000000 9.999 0.259000 0.09 0.000000000 0.025 0.559000  1.501 0.000  2.102 0.000 99.99 0.259000000   6.413 0.000   3.005 0.000  3.408 0.000 0.014 0.000000 0.056 0.559000
218.375 219.375   6.27 0.000000  0.48 0.000000 9.999 0.259000 0.07 0.000000000 0.026 0.559000  1.249 0.000  1.748 0.000 99.99 0.259000000   6.944 0.000   3.086 0.000  3.858 0.000 0.016 0.000000 0.116 0.559000
221.375 222.375   7.88 0.394000  0.34 0.394000 9.999 0.394259 9.99 0.394259000 0.008 0.559394  1.497 0.000  2.096 0.000 99.99 0.394259000   7.161 0.000   3.012 0.000  4.149 0.000 0.018 0.394000 0.114 0.559394
224.375 225.375 999.99 0.999000 99.99 0.999000 9.999 0.999000 9.99 0.999000000 9.999 0.999000 99.999 0.999 99.999 0.999 99.99 0.999000000 999.999 0.999 999.999 0.999 99.999 0.999 9.999 0.999000 9.999 0.999000
227.375 228.375   0.93 0.000000  0.46 0.000000 0.016 0.000000 9.99 0.259000000 0.006 0.559000  0.756 0.000  1.058 0.000 99.99 0.259000000   5.897 0.000   3.548 0.000  2.349 0.000 0.022 0.000000 0.030 0.559000
