scripts/IMPROVE-2019_partial/data/US9019R.20030103050000.20191216000000.filterpack..pm25.1y.1w.US03L_filterpack_US9019.US03L_IMPROVE_Davis.lev2.nas
64 1001
MISSING INFORMATION
US03L, IMPROVE, , , , , , , 
MISSING INFORMATION
IMPROVE sel_HTAP
1 1
2003 01 01 2019 12 16
3.000000
days from file reference point
25
1 1 1 1 1 1 1 1 1 1 1 1 1 1 1 1 1 1 1 1 1 1 1 1 1
999.999999 9999.99 9.999 999.99 9.999 9.999 9.999 99.99 9.999999 9.999 9.999 99.999 9.999 99.999 9.999 999.999 9.999 999.999 9.999 999.999 9.999 9.999 9.999 99.999 9.999
end_time of measurement, days from the file reference point
iron, ng/m3, Revision date=20181210133000
numflag iron, no unit, Revision date=20181210133000
lead, ng/m3, Revision date=20181210133000
numflag lead, no unit, Revision date=20181210133000
magnesium, ug/m3, Revision date=20181210133000
numflag magnesium, no unit, Revision date=20181210133000
nickel, ng/m3, Revision date=20181210133000
numflag nickel, no unit, Revision date=20181210133000
nitrate, ug N/m3, Revision date=20181210133000
numflag nitrate, no unit, Revision date=20181210133000
organic_carbon, ug C/m3, Revision date=20181210133000
numflag organic_carbon, no unit, Revision date=20181210133000
organic_mass, ug/m3, Revision date=20181210133000
numflag organic_mass, no unit, Revision date=20181210133000
pm10_mass, ug/m3, Version=2, Version description=Data extracted from http://views.cira.colostate.edu/fed/DataWizard 2019-12-16, Sample duration=1d, Orig. time res.=3d, Matrix=pm10, Blank correction=Blank corrected, Volume std. temperature=ambient, Volume std. pressure=ambient
numflag pm10_mass, no unit, Version=2, Version description=Data extracted from http://views.cira.colostate.edu/fed/DataWizard 2019-12-16, Sample duration=1d, Orig. time res.=3d, Matrix=pm10, Blank correction=Blank corrected, Volume std. temperature=ambient, Volume std. pressure=ambient
pm10_pm25_mass, ug/m3, Revision date=20181210133000, Matrix=pm10_pm25
numflag pm10_pm25_mass, no unit, Revision date=20181210133000, Matrix=pm10_pm25
pm25_mass, ug/m3, Version=2, Version description=Data extracted from http://views.cira.colostate.edu/fed/DataWizard 2019-12-16, Sample duration=1d, Orig. time res.=3d, Blank correction=Blank corrected, Volume std. temperature=ambient, Volume std. pressure=ambient
numflag pm25_mass, no unit, Version=2, Version description=Data extracted from http://views.cira.colostate.edu/fed/DataWizard 2019-12-16, Sample duration=1d, Orig. time res.=3d, Blank correction=Blank corrected, Volume std. temperature=ambient, Volume std. pressure=ambient
potassium, ug/m3, Revision date=20181210133000
numflag potassium, no unit, Revision date=20181210133000
sulphate_total, ug S/m3, Revision date=20181210133000
numflag sulphate_total, no unit, Revision date=20181210133000
0
25
Data definition:              EBAS_1.1
Set type code:                TU
Timezone:                     UTC
File name:                    US9019R.20030103050000.20191216000000.filterpack..pm25.1y.1w.US03L_filterpack_US9019.US03L_IMPROVE_Davis.lev2.nas
File creation:                20191218120621
Startdate:                    20030103050000
Revision date:                20191216000000
Statistics:                   arithmetic mean
Data level:                   2
Period code:                  1y
Resolution code:              1w
Station code:                 US9019R
Platform code:                US9019S
Station name:                 Quaker City
Station latitude:             39.9428
Station longitude:            -81.3378
Station altitude:             366.0 m
Regime:                       IMG
Component:                    
Matrix:                       pm25
Laboratory code:              US03L
Instrument type:              filterpack
Instrument name:              filterpack_US9019
Method ref:                   US03L_IMPROVE_Davis
starttime endtime Fe flag_Fe Pb flag_Pb Mg++ flag_Mg++ Ni flag_Ni NO3- flag_NO3- OC flag_OC OM flag_OM PM10 flag_PM10 PM10-PM2.5 flag_PM10-PM2.5 PM2.5 flag_PM2.5 K+ flag_K+ SO4-- flag_SO4--
  2.208333   3.208333   27.01 0.000   2.74 0.000 9.999 0.259  0.31 0.000000 0.487 0.000  1.285 0.000  1.799 0.000   9.891 0.000   0.805 0.000   9.086 0.000 0.050 0.000  1.301 0.000
  5.208333   6.208333   29.54 0.000   4.20 0.000 9.999 0.259  0.17 0.000000 0.555 0.000  1.825 0.000  2.554 0.000  11.069 0.000   1.243 0.000   9.826 0.000 0.055 0.000  1.259 0.000
  8.208333   9.208333   28.05 0.000   2.62 0.000 9.999 0.259  0.13 0.000000 0.207 0.000  0.793 0.000  1.110 0.000   7.693 0.000   4.642 0.000   3.051 0.000 0.033 0.000  0.241 0.000
 11.208333  12.208333   14.52 0.559   2.82 0.559 0.017 0.559 99.99 0.559259 0.456 0.559  0.876 0.000  1.227 0.000   9.133 0.000   3.589 0.000   5.544 0.559 0.031 0.559  0.371 0.559
 14.208333  15.208333   20.45 0.000   3.93 0.000 9.999 0.259  0.18 0.000000 0.946 0.000  1.260 0.000  1.763 0.000  15.329 0.000   5.809 0.000   9.520 0.000 0.031 0.000  0.426 0.000
 17.208333  18.208333   19.71 0.000  11.98 0.000 0.033 0.000  0.21 0.000000 0.449 0.000  1.547 0.000  2.166 0.000  10.883 0.000   2.814 0.000   8.068 0.000 0.066 0.000  0.874 0.000
 20.208333  21.208333   18.26 0.000   2.24 0.000 9.999 0.259  0.10 0.000000 0.582 0.559  1.208 0.000  1.692 0.000  11.909 0.000   3.959 0.000   7.949 0.000 0.049 0.000  0.566 0.559
 23.208333  24.208333   27.77 0.559   3.86 0.559 0.016 0.559  0.20 0.559000 0.596 0.000  1.099 0.000  1.538 0.000  10.120 0.000   3.005 0.000   7.115 0.559 0.043 0.559  0.496 0.000
 26.208333  27.208333   22.61 0.000   3.78 0.000 0.014 0.000  0.19 0.000000 0.204 0.559  1.314 0.000  1.839 0.000   8.003 0.000   2.866 0.000   5.137 0.000 0.059 0.000  0.655 0.559
 29.208333  30.208333   49.65 0.000   5.94 0.000 9.999 0.259  0.48 0.000000 0.143 0.000  1.792 0.000  2.509 0.000  16.667 0.000   1.257 0.000  15.410 0.000 0.048 0.000  2.638 0.000
 32.208333  33.208333   24.16 0.000   7.06 0.000 9.999 0.259  0.31 0.000000 0.484 0.000  1.881 0.000  2.634 0.000  17.971 0.000   1.507 0.000  16.464 0.000 0.047 0.000  3.038 0.000
 35.208333  36.208333   14.00 0.000   1.59 0.000 9.999 0.259  0.19 0.000000 0.515 0.000  1.008 0.000  1.412 0.000   9.386 0.000   2.614 0.000   6.772 0.000 0.022 0.000  0.619 0.000
 38.208333  39.208333   16.44 0.000   2.84 0.000 9.999 0.259 99.99 0.259000 0.631 0.000  1.095 0.000  1.533 0.000  10.185 0.000   1.944 0.000   8.241 0.000 0.028 0.000  0.845 0.000
 41.208333  42.208333   14.52 0.000   3.59 0.000 9.999 0.259 99.99 0.259000 0.358 0.000  0.845 0.000  1.182 0.000   8.140 0.000   2.138 0.000   6.003 0.000 0.025 0.000  0.672 0.000
 44.208333  45.208333   25.72 0.000   2.61 0.000 9.999 0.259  0.22 0.000000 0.748 0.000  1.171 0.000  1.639 0.000  13.173 0.000   4.522 0.000   8.652 0.000 0.030 0.000  0.708 0.000
 47.208333  48.208333    8.19 0.000   1.63 0.000 9.999 0.259  0.67 0.000000 0.055 0.000  0.965 0.000  1.351 0.000   2.677 0.000 999.999 0.259   3.646 0.000 0.019 0.000  0.489 0.000
 50.208333  51.208333   14.91 0.000   3.16 0.000 9.999 0.259  0.23 0.000000 0.498 0.000  1.419 0.000  1.987 0.000   9.647 0.000   0.953 0.000   8.695 0.000 0.034 0.000  1.349 0.000
 53.208333  54.208333   12.32 0.000   2.53 0.000 0.056 0.000  0.17 0.000000 0.279 0.000  1.050 0.000  1.469 0.000   7.702 0.000   1.135 0.000   6.567 0.000 0.028 0.000  0.895 0.000
 56.208333  57.208333  120.49 0.000   7.86 0.000 9.999 0.259  0.76 0.000000 0.408 0.000  2.657 0.000  3.720 0.000  19.859 0.000   7.656 0.000  12.204 0.000 0.072 0.000  1.527 0.000
 59.208333  60.208333   49.27 0.000  15.63 0.000 0.045 0.000  1.16 0.000000 0.123 0.000  3.067 0.000  4.294 0.000  26.481 0.000   0.571 0.000  25.910 0.000 0.091 0.000  4.804 0.000
 62.208333  63.208333   22.47 0.000   3.02 0.000 9.999 0.259 99.99 0.259000 0.125 0.559  1.172 0.000  1.640 0.000  11.094 0.000   3.401 0.000   7.693 0.000 0.045 0.000  1.174 0.559
 65.208333  66.208333   35.59 0.000   7.27 0.000 9.999 0.259  0.29 0.000000 0.129 0.000  1.380 0.000  1.932 0.000  19.024 0.000   0.370 0.000  18.654 0.000 0.048 0.000  3.572 0.000
 68.208333  69.208333   29.25 0.000   3.47 0.000 9.999 0.259 99.99 0.259000 0.874 0.559  1.045 0.000  1.463 0.000  14.015 0.000   4.814 0.000   9.201 0.000 0.042 0.000  0.824 0.559
 71.208333  72.208333   40.81 0.000   3.76 0.000 0.025 0.000  0.38 0.000000 0.523 0.000  2.808 0.000  3.931 0.000  14.265 0.000   1.216 0.000  13.050 0.000 0.072 0.000  1.692 0.000
 74.208333  75.208333   16.07 0.000   2.79 0.000 9.999 0.259 99.99 0.259000 0.045 0.000  1.435 0.000  2.009 0.000  12.029 0.000   2.683 0.000   9.346 0.000 0.041 0.000  1.482 0.000
 77.208333  78.208333   44.97 0.000   4.28 0.000 9.999 0.259  0.73 0.000000 0.420 0.000  2.364 0.000  3.310 0.000  28.568 0.000   4.321 0.000  24.247 0.000 0.058 0.000  4.487 0.000
 80.208333  81.208333   18.60 0.000   3.69 0.000 9.999 0.259 99.99 0.259000 0.474 0.000  0.798 0.000  1.117 0.000   9.024 0.000   2.513 0.000   6.510 0.000 0.028 0.000  1.095 0.000
 83.208333  84.208333   43.98 0.000   6.39 0.000 9.999 0.259 99.99 0.259000 0.255 0.000  2.333 0.000  3.266 0.000  18.805 0.000   6.416 0.000  12.389 0.000 0.072 0.000  1.473 0.000
 86.208333  87.208333   26.06 0.000   1.37 0.000 9.999 0.259  0.19 0.000000 0.057 0.000  1.316 0.000  1.842 0.000  13.393 0.000   4.676 0.000   8.717 0.000 0.038 0.000  1.453 0.000
 89.208333  90.208333   17.38 0.000   2.33 0.000 9.999 0.259  0.32 0.000000 0.323 0.000  0.972 0.000  1.360 0.000   7.955 0.000   2.163 0.000   5.792 0.000 0.027 0.000  0.770 0.000
 92.208333  93.208333   31.08 0.000   1.68 0.000 9.999 0.259  0.18 0.000000 0.101 0.000  2.303 0.000  3.224 0.000  17.834 0.000   9.182 0.000   8.652 0.000 0.045 0.000  0.914 0.000
 95.208333  96.208333   26.00 0.000   3.80 0.000 9.999 0.259  0.17 0.000000 0.086 0.000  0.864 0.000  1.210 0.000   9.957 0.000   2.955 0.000   7.002 0.000 0.027 0.000  1.311 0.000
 98.208333  99.208333   55.91 0.000   7.09 0.000 9.999 0.259  0.69 0.000000 0.226 0.000  1.511 0.000  2.116 0.000  22.538 0.000   2.404 0.000  20.133 0.000 0.037 0.000  4.467 0.000
101.208333 102.208333   46.39 0.000   6.05 0.000 9.999 0.259  0.35 0.000000 0.416 0.000  2.039 0.000  2.854 0.000  13.384 0.000   5.126 0.000   8.258 0.000 0.070 0.000  1.047 0.000
104.208333 105.208333   80.60 0.000   4.44 0.000 9.999 0.259 99.99 0.259000 0.069 0.000  3.654 0.000  5.115 0.000  23.602 0.000   8.819 0.000  14.783 0.000 0.111 0.000  1.512 0.000
107.208333 108.208333   24.64 0.000   2.10 0.000 9.999 0.259  0.39 0.000000 0.161 0.000  1.019 0.000  1.427 0.000  11.027 0.000   2.804 0.000   8.223 0.000 0.038 0.000  1.301 0.000
110.208333 111.208333   31.82 0.000   0.96 0.000 9.999 0.259 99.99 0.259000 0.042 0.000  0.905 0.000  1.267 0.000  11.333 0.000   2.842 0.000   8.491 0.000 0.030 0.000  1.570 0.000
113.208333 114.208333   54.20 0.000   5.57 0.000 9.999 0.259  0.18 0.000000 0.362 0.000  1.058 0.000  1.482 0.000  12.195 0.000   6.364 0.000   5.831 0.000 0.047 0.000  0.596 0.000
116.208333 117.208333   65.58 0.000   8.39 0.000 9.999 0.259  0.15 0.000000 0.141 0.000  1.586 0.000  2.221 0.000  14.369 0.000   8.242 0.000   6.128 0.000 0.083 0.000  0.444 0.000
119.208333 120.208333   50.23 0.000   3.64 0.000 9.999 0.259  0.23 0.000000 0.058 0.000  1.409 0.000  1.972 0.000  17.424 0.000   4.552 0.000  12.872 0.000 0.039 0.000  2.280 0.000
122.208333 123.208333   55.59 0.000   3.91 0.000 9.999 0.259  0.18 0.000000 0.154 0.000  1.286 0.000  1.801 0.000  14.674 0.000   5.733 0.000   8.941 0.000 0.052 0.000  1.491 0.000
125.208333 126.208333   39.62 0.000   1.03 0.000 9.999 0.259 99.99 0.259000 0.044 0.000  1.436 0.000  2.010 0.000  17.413 0.000   6.132 0.000  11.281 0.000 0.060 0.000  2.027 0.000
128.208333 129.208333   42.12 0.000   6.36 0.000 9.999 0.259  0.51 0.000000 0.234 0.000  2.042 0.000  2.859 0.000  18.312 0.000   3.752 0.000  14.560 0.000 0.037 0.000  2.330 0.000
131.208333 132.208333   12.72 0.000   1.25 0.000 9.999 0.259  0.07 0.000000 0.052 0.000  0.671 0.000  0.940 0.000   8.275 0.000   4.440 0.000   3.835 0.000 0.010 0.000  0.547 0.000
134.208333 135.208333   25.82 0.000   2.74 0.000 9.999 0.259  0.25 0.000000 0.039 0.000  1.639 0.000  2.295 0.000  13.026 0.000   4.477 0.000   8.549 0.000 0.032 0.000  1.275 0.000
137.208333 138.208333    7.83 0.000   2.88 0.000 0.039 0.000  0.66 0.000000 0.027 0.000  1.250 0.000  1.749 0.000  11.344 0.000   3.823 0.000   7.521 0.000 0.013 0.000  1.554 0.000
140.208333 141.208333   17.79 0.000   1.30 0.000 9.999 0.259  0.10 0.000000 0.055 0.000  0.620 0.000  0.867 0.000   8.596 0.000   4.187 0.000   4.409 0.000 0.010 0.000  0.863 0.000
143.208333 144.208333   33.98 0.000   5.44 0.000 9.999 0.259  0.15 0.000000 0.431 0.000  2.147 0.000  3.006 0.000  15.855 0.000   6.664 0.000   9.191 0.000 0.045 0.000  1.189 0.000
146.208333 147.208333   24.96 0.000   3.97 0.000 9.999 0.259  0.33 0.000000 0.145 0.000  1.243 0.000  1.740 0.000  15.609 0.000   5.643 0.000   9.966 0.000 0.030 0.000  1.655 0.000
149.208333 150.208333   40.14 0.000   3.34 0.000 9.999 0.259 99.99 0.259000 9.999 0.456  2.841 0.000  3.978 0.000  18.039 0.000   3.149 0.000  14.889 0.000 0.041 0.000 99.999 0.456
152.208333 153.208333   19.00 0.000   3.26 0.000 9.999 0.259  0.14 0.000000 9.999 0.456  1.953 0.000  2.734 0.000  12.989 0.000   4.060 0.000   8.929 0.000 0.038 0.000 99.999 0.456
155.208333 156.208333   31.13 0.000   2.11 0.000 9.999 0.259  0.17 0.000000 0.213 0.000  2.185 0.000  3.059 0.000  16.246 0.000   4.711 0.000  11.535 0.000 0.038 0.000  1.780 0.000
158.208333 159.208333   10.82 0.000   4.10 0.000 0.110 0.000  0.12 0.000000 0.027 0.000  1.138 0.000  1.593 0.000  18.680 0.000   0.583 0.000  18.097 0.000 0.034 0.000  3.606 0.000
161.208333 162.208333   26.89 0.000   1.49 0.000 9.999 0.259  0.13 0.000000 0.049 0.000  2.162 0.000  3.026 0.000  16.354 0.000   3.113 0.000  13.242 0.000 0.053 0.000  1.850 0.000
164.208333 165.208333   25.31 0.000   3.78 0.000 9.999 0.259  0.08 0.000000 0.066 0.000  1.651 0.000  2.311 0.000  16.354 0.000   2.378 0.000  13.977 0.000 0.037 0.000  2.378 0.000
167.208333 168.208333   14.49 0.000   2.74 0.000 0.072 0.000  0.19 0.000000 0.049 0.000  1.232 0.000  1.725 0.000  10.568 0.000   1.988 0.000   8.580 0.000 0.021 0.000  1.302 0.000
170.208333 171.208333   29.58 0.000   2.53 0.000 9.999 0.259  0.09 0.000000 0.148 0.000  1.115 0.000  1.562 0.000  10.396 0.000   5.340 0.000   5.056 0.000 0.025 0.000  0.609 0.000
173.208333 174.208333   35.40 0.000   5.81 0.000 0.039 0.000  0.13 0.000000 0.073 0.000  4.126 0.000  5.777 0.000  19.601 0.000   6.268 0.000  13.332 0.000 0.070 0.000  1.048 0.000
176.208333 177.208333 9999.99 0.699 999.99 0.699 9.999 0.699 99.99 0.699000 0.058 0.000  5.665 0.000  7.930 0.000  46.762 0.000 999.999 0.999 999.999 0.699 9.999 0.699  6.129 0.000
179.208333 180.208333   29.58 0.000   2.81 0.000 9.999 0.259  0.10 0.000000 0.038 0.000  2.709 0.000  3.793 0.000  30.120 0.000   5.238 0.000  24.882 0.000 0.066 0.000  4.275 0.000
182.208333 183.208333   48.41 0.000   1.30 0.000 9.999 0.259  0.18 0.000000 0.061 0.000  1.619 0.000  2.267 0.000  21.648 0.000   3.356 0.000  18.292 0.000 0.044 0.000  3.618 0.000
185.208333 186.208333   24.57 0.000   3.02 0.000 9.999 0.259 99.99 0.259000 0.128 0.000  1.305 0.000  1.826 0.000  13.554 0.000   3.575 0.000   9.979 0.000 0.133 0.000  1.930 0.000
188.208333 189.208333   93.58 0.000   1.15 0.000 9.999 0.259  0.12 0.000000 0.054 0.000  1.093 0.000  1.530 0.000  16.991 0.000   7.131 0.000   9.861 0.000 0.057 0.000  1.424 0.000
191.208333 192.208333   12.76 0.000   2.45 0.000 9.999 0.259 99.99 0.259000 0.024 0.000  1.016 0.000  1.422 0.000  11.797 0.000   4.062 0.000   7.736 0.000 0.026 0.000  1.259 0.000
194.208333 195.208333   23.29 0.000   3.27 0.000 9.999 0.259  0.43 0.000000 0.027 0.000  1.836 0.000  2.571 0.000  19.402 0.000   3.413 0.000  15.990 0.000 0.028 0.000  2.911 0.000
197.208333 198.208333   38.75 0.000   4.87 0.000 0.066 0.000  0.31 0.000000 0.057 0.000  1.991 0.000  2.787 0.000  18.491 0.000   5.156 0.000  13.335 0.000 0.029 0.000  2.119 0.000
200.208333 201.208333   28.44 0.000   2.44 0.000 9.999 0.259  0.18 0.000000 0.024 0.559  1.918 0.000  2.685 0.000  17.756 0.000   4.532 0.000  13.225 0.000 0.039 0.000  1.988 0.559
203.208333 204.208333   25.54 0.000   2.48 0.000 0.123 0.000  0.12 0.000000 0.244 0.000  1.052 0.000  1.473 0.000  13.445 0.000   2.740 0.000  10.705 0.000 0.026 0.000  1.794 0.000
206.208333 207.208333   24.75 0.000   1.69 0.000 9.999 0.259  0.11 0.000000 0.033 0.000  2.405 0.000  3.367 0.000  27.296 0.000   4.097 0.000  23.199 0.000 0.036 0.000  4.124 0.000
209.208333 210.208333   59.58 0.000   2.86 0.000 9.999 0.259  0.09 0.000000 0.084 0.000  2.253 0.000  3.154 0.000  18.593 0.000   6.719 0.000  11.873 0.000 0.041 0.000  1.585 0.000
212.208333 213.208333   22.94 0.000   1.56 0.000 9.999 0.259  0.06 0.000000 0.045 0.000  1.434 0.000  2.008 0.000  20.271 0.000   2.669 0.000  17.603 0.000 0.037 0.000  3.318 0.000
215.208333 216.208333   11.89 0.000   0.68 0.000 9.999 0.259  0.07 0.000000 0.025 0.000  1.414 0.000  1.979 0.000  12.966 0.000   4.632 0.000   8.333 0.000 0.027 0.000  1.258 0.000
218.208333 219.208333   24.89 0.000   1.47 0.000 9.999 0.259  0.16 0.000000 0.038 0.000  1.441 0.000  2.017 0.000  17.943 0.000   3.266 0.000  14.677 0.000 0.029 0.000  2.605 0.000
221.208333 222.208333   14.46 0.000   2.19 0.000 0.149 0.000  0.19 0.000000 0.071 0.000  1.450 0.000  2.030 0.000  15.575 0.000   2.828 0.000  12.746 0.000 0.025 0.000  2.395 0.000
224.208333 225.208333   35.15 0.000   1.34 0.000 0.507 0.000  0.43 0.000000 0.089 0.000  1.352 0.000  1.893 0.000  36.521 0.000   3.963 0.000  32.558 0.000 0.035 0.000  7.360 0.000
227.208333 228.208333   25.35 0.000   2.75 0.000 9.999 0.259  3.40 0.000000 0.045 0.000  1.423 0.000  1.992 0.000  23.366 0.000   3.740 0.000  19.626 0.000 0.030 0.000  4.101 0.000
230.208333 231.208333   75.17 0.000   7.40 0.000 0.100 0.000  0.22 0.000000 0.233 0.000  2.176 0.000  3.046 0.000  33.478 0.000   7.888 0.000  25.590 0.000 0.056 0.000  4.749 0.000
233.208333 234.208333   39.75 0.000   2.88 0.000 9.999 0.259  0.06 0.000000 0.037 0.000  3.137 0.000  4.392 0.000  24.878 0.000   4.408 0.000  20.469 0.000 0.045 0.000  3.153 0.000
236.208333 237.208333   35.86 0.000   3.54 0.000 9.999 0.259  0.11 0.000000 0.039 0.000  3.040 0.000  4.256 0.000  28.312 0.000   7.175 0.000  21.137 0.000 0.042 0.000  3.290 0.000
239.208333 240.208333   42.62 0.000   3.85 0.000 9.999 0.259  0.34 0.000000 0.109 0.000  1.209 0.000  1.693 0.000  36.875 0.000   3.119 0.000  33.756 0.000 0.042 0.000  6.673 0.000
242.208333 243.208333   65.24 0.000   7.05 0.000 0.077 0.000 99.99 0.259000 0.053 0.000  2.399 0.000  3.358 0.000  16.149 0.000   5.376 0.000  10.773 0.000 0.058 0.000  1.429 0.000
245.208333 246.208333   14.87 0.000   1.89 0.000 9.999 0.259  0.12 0.000000 0.036 0.000  1.150 0.000  1.610 0.000  13.247 0.000   3.378 0.000   9.868 0.000 0.021 0.000  1.830 0.000
248.208333 249.208333   54.08 0.000   7.70 0.000 9.999 0.259  0.12 0.000000 0.079 0.000  1.210 0.000  1.694 0.000  16.285 0.000   3.148 0.000  13.137 0.000 0.023 0.000  2.266 0.000
251.208333 252.208333   73.52 0.000   7.05 0.000 9.999 0.259  0.68 0.000000 0.141 0.000  2.836 0.000  3.971 0.000  28.723 0.000   7.275 0.000  21.448 0.000 0.058 0.000  3.445 0.000
254.208333 255.208333   35.91 0.000   2.31 0.000 9.999 0.259  0.80 0.000000 0.089 0.000  1.726 0.000  2.416 0.000  15.254 0.000   6.004 0.000   9.249 0.000 0.036 0.000  1.136 0.000
257.208333 258.208333   15.31 0.000   1.31 0.000 9.999 0.259  0.11 0.000000 0.049 0.000  1.704 0.000  2.385 0.000  13.404 0.000   3.574 0.000   9.830 0.000 0.029 0.000  1.409 0.000
260.208333 261.208333   42.04 0.000   5.66 0.000 0.044 0.000  0.55 0.000000 0.128 0.000  1.930 0.000  2.702 0.000  17.684 0.000   4.943 0.000  12.742 0.000 0.038 0.000  1.673 0.000
263.208333 264.208333  110.88 0.000   8.93 0.000 9.999 0.259  0.18 0.000000 0.088 0.000  2.374 0.000  3.324 0.000  24.968 0.000   3.714 0.000  21.254 0.000 0.057 0.000  3.768 0.000
