scripts/IMPROVE-2019_partial/data/US9003R.20030103050000.20191216000000.filterpack..pm25.1y.1w.US03L_filterpack_US9003.US03L_IMPROVE_Davis.lev2.nas
64 1001
MISSING INFORMATION
US03L, IMPROVE, , , , , , , 
MISSING INFORMATION
IMPROVE sel_HTAP
1 1
2003 01 01 2019 12 16
3.000000
days from file reference point
25
1 1 1 1 1 1 1 1 1 1 1 1 1 1 1 1 1 1 1 1 1 1 1 1 1
999.999999 9999.99 9.999 99.99 9.999 9.999 9.999999 99.99 9.999 9.999 9.999 99.999 9.999 99.999 9.999 999.999 9.999 99.999 9.999 999.999 9.999 9.999 9.999 99.999 9.999
end_time of measurement, days from the file reference point
iron, ng/m3, Revision date=20181210133000
numflag iron, no unit, Revision date=20181210133000
lead, ng/m3, Revision date=20181210133000
numflag lead, no unit, Revision date=20181210133000
magnesium, ug/m3, Revision date=20181210133000
numflag magnesium, no unit, Revision date=20181210133000
nickel, ng/m3, Revision date=20181210133000
numflag nickel, no unit, Revision date=20181210133000
nitrate, ug N/m3, Revision date=20181210133000
numflag nitrate, no unit, Revision date=20181210133000
organic_carbon, ug C/m3, Revision date=20181210133000
numflag organic_carbon, no unit, Revision date=20181210133000
organic_mass, ug/m3, Revision date=20181210133000
numflag organic_mass, no unit, Revision date=20181210133000
pm10_mass, ug/m3, Version=2, Version description=Data extracted from http://views.cira.colostate.edu/fed/DataWizard 2019-12-16, Sample duration=1d, Orig. time res.=3d, Matrix=pm10, Blank correction=Blank corrected, Volume std. temperature=ambient, Volume std. pressure=ambient
numflag pm10_mass, no unit, Version=2, Version description=Data extracted from http://views.cira.colostate.edu/fed/DataWizard 2019-12-16, Sample duration=1d, Orig. time res.=3d, Matrix=pm10, Blank correction=Blank corrected, Volume std. temperature=ambient, Volume std. pressure=ambient
pm10_pm25_mass, ug/m3, Revision date=20181210133000, Matrix=pm10_pm25
numflag pm10_pm25_mass, no unit, Revision date=20181210133000, Matrix=pm10_pm25
pm25_mass, ug/m3, Version=2, Version description=Data extracted from http://views.cira.colostate.edu/fed/DataWizard 2019-12-16, Sample duration=1d, Orig. time res.=3d, Blank correction=Blank corrected, Volume std. temperature=ambient, Volume std. pressure=ambient
numflag pm25_mass, no unit, Version=2, Version description=Data extracted from http://views.cira.colostate.edu/fed/DataWizard 2019-12-16, Sample duration=1d, Orig. time res.=3d, Blank correction=Blank corrected, Volume std. temperature=ambient, Volume std. pressure=ambient
potassium, ug/m3, Revision date=20181210133000
numflag potassium, no unit, Revision date=20181210133000
sulphate_total, ug S/m3, Revision date=20181210133000
numflag sulphate_total, no unit, Revision date=20181210133000
0
25
Data definition:              EBAS_1.1
Set type code:                TU
Timezone:                     UTC
File name:                    US9003R.20030103050000.20191216000000.filterpack..pm25.1y.1w.US03L_filterpack_US9003.US03L_IMPROVE_Davis.lev2.nas
File creation:                20191218120525
Startdate:                    20030103050000
Revision date:                20191216000000
Statistics:                   arithmetic mean
Data level:                   2
Period code:                  1y
Resolution code:              1w
Station code:                 US9003R
Platform code:                US9003S
Station name:                 Mohawk Mt.
Station latitude:             41.8214
Station longitude:            -73.2973
Station altitude:             521.0 m
Regime:                       IMG
Component:                    
Matrix:                       pm25
Laboratory code:              US03L
Instrument type:              filterpack
Instrument name:              filterpack_US9003
Method ref:                   US03L_IMPROVE_Davis
starttime endtime Fe flag_Fe Pb flag_Pb Mg++ flag_Mg++ Ni flag_Ni NO3- flag_NO3- OC flag_OC OM flag_OM PM10 flag_PM10 PM10-PM2.5 flag_PM10-PM2.5 PM2.5 flag_PM2.5 K+ flag_K+ SO4-- flag_SO4--
[from data line 90]
272.208333 273.208333   10.83 0.000  0.90 0.000 0.043 0.000000  1.83 0.000 0.020 0.000  0.573 0.000  0.802 0.000   5.449 0.000  1.940 0.000   3.509 0.000 0.012 0.000  0.462 0.000
275.208333 276.208333   17.23 0.000  1.12 0.000 9.999 0.259000  0.88 0.000 0.057 0.000  0.557 0.000  0.780 0.000   3.534 0.000  1.524 0.000   2.010 0.000 0.007 0.000  0.132 0.000
278.208333 279.208333    7.00 0.000  0.94 0.000 9.999 0.259000  0.17 0.000 0.021 0.000  0.578 0.000  0.809 0.000   4.109 0.000  1.002 0.000   3.107 0.000 0.013 0.000  0.409 0.000
281.208333 282.208333   60.05 0.000  3.99 0.000 0.096 0.000000  0.94 0.000 0.211 0.000  2.942 0.000  4.119 0.000  27.487 0.000  7.397 0.000  20.089 0.000 0.059 0.000  2.849 0.000
284.208333 285.208333   26.18 0.000  1.62 0.000 0.028 0.000000  0.22 0.000 0.063 0.000  1.278 0.000  1.789 0.000  10.541 0.000  3.133 0.000   7.407 0.000 0.048 0.000  0.879 0.000
287.208333 288.208333    5.59 0.000  0.35 0.000 0.033 0.000000  0.20 0.000 0.013 0.000  0.449 0.000  0.629 0.000   6.246 0.000  4.025 0.000   2.221 0.000 0.009 0.000  0.234 0.000
290.208333 291.208333   12.14 0.000  1.56 0.000 0.035 0.000000  0.46 0.000 0.106 0.000  0.836 0.000  1.171 0.000   5.002 0.000  1.236 0.000   3.765 0.000 0.024 0.000  0.371 0.000
293.208333 294.208333   37.97 0.000  3.15 0.000 9.999 0.259000  1.16 0.000 0.309 0.000  2.550 0.000  3.570 0.000  16.750 0.000  2.843 0.000  13.908 0.000 0.054 0.000  1.874 0.000
296.208333 297.208333    3.44 0.000  0.70 0.000 9.999 0.259000  0.12 0.000 0.016 0.000  0.259 0.000  0.362 0.000   2.137 0.000  0.631 0.000   1.506 0.000 0.013 0.000  0.127 0.000
299.208333 300.208333    5.00 0.000  0.19 0.000 9.999 0.259000  0.73 0.000 0.037 0.000  0.446 0.000  0.625 0.000   3.863 0.000  0.974 0.000   2.888 0.000 0.010 0.000  0.329 0.000
302.208333 303.208333   19.83 0.000  1.92 0.000 9.999 0.259000  0.39 0.000 0.122 0.000  0.834 0.000  1.167 0.000   6.986 0.000  2.305 0.000   4.681 0.000 0.019 0.000  0.556 0.000
305.208333 306.208333   31.40 0.000  2.19 0.000 9.999 0.259000  0.56 0.000 0.170 0.000  2.230 0.000  3.122 0.000  15.294 0.000  5.185 0.000  10.109 0.000 0.056 0.000  1.212 0.000
308.208333 309.208333    2.50 0.000  1.00 0.000 0.075 0.000000  1.71 0.000 0.016 0.000  0.309 0.000  0.432 0.000   1.562 0.000  0.073 0.000   1.488 0.000 0.005 0.000  0.128 0.000
311.208333 312.208333    6.62 0.000  1.08 0.000 9.999 0.259000  0.09 0.000 0.075 0.000  0.565 0.000  0.792 0.000   3.986 0.000  1.320 0.000   2.666 0.000 0.020 0.000  0.243 0.000
314.208333 315.208333   62.01 0.000  6.14 0.000 9.999 0.259000  3.04 0.000 0.875 0.000  2.286 0.000  3.200 0.000  12.690 0.000  3.138 0.000   9.553 0.000 0.055 0.000  0.778 0.000
317.208333 318.208333    5.99 0.000  0.43 0.000 9.999 0.259000  0.23 0.000 0.014 0.000  0.408 0.000  0.572 0.000   3.904 0.000  1.683 0.000   2.221 0.000 0.014 0.000  0.235 0.000
320.208333 321.208333   36.81 0.000  4.23 0.000 9.999 0.259000  4.61 0.000 0.629 0.000  2.334 0.000  3.268 0.000   9.755 0.000  0.734 0.000   9.022 0.000 0.050 0.000  0.784 0.000
323.208333 324.208333    5.37 0.000  0.72 0.000 0.052 0.000000  0.20 0.000 0.012 0.000  0.460 0.000  0.644 0.000   2.383 0.000  0.453 0.000   1.931 0.000 0.012 0.000  0.188 0.000
326.208333 327.208333   23.93 0.000  6.94 0.000 9.999 0.259000  1.26 0.000 0.103 0.000  1.793 0.000  2.510 0.000   7.243 0.000  1.119 0.000   6.124 0.000 0.040 0.000  0.386 0.000
329.208333 330.208333   51.54 0.000  3.85 0.000 9.999 0.259000  1.71 0.000 0.358 0.000  1.462 0.000  2.047 0.000   9.501 0.000  2.271 0.000   7.230 0.000 0.040 0.000  0.776 0.000
332.208333 333.208333    4.40 0.000  0.72 0.000 9.999 0.259000  0.14 0.000 0.012 0.000  0.246 0.000  0.345 0.000   2.441 0.000  0.521 0.000   1.920 0.000 0.008 0.000  0.241 0.000
335.208333 336.208333    5.44 0.000  0.43 0.000 0.020 0.000000  0.23 0.000 0.023 0.000  0.407 0.000  0.569 0.000   2.867 0.000  1.064 0.000   1.803 0.000 0.016 0.000  0.169 0.000
338.208333 339.208333   14.11 0.000  1.60 0.000 0.023 0.000000  0.85 0.000 0.112 0.000  1.125 0.000  1.575 0.000   5.759 0.000  1.644 0.000   4.115 0.000 0.034 0.000  0.358 0.000
341.208333 342.208333    7.45 0.000  0.65 0.000 9.999 0.259000  0.47 0.000 0.108 0.000  0.645 0.000  0.903 0.000   2.837 0.000 99.999 0.259   3.040 0.000 0.022 0.000  0.207 0.000
344.208333 345.208333    3.05 0.559  0.28 0.559 9.999 0.559259  0.22 0.559 0.012 0.559  0.135 0.000  0.188 0.000   1.129 0.000  0.004 0.000   1.124 0.559 0.006 0.559  0.174 0.559
347.208333 348.208333    9.59 0.559  1.74 0.559 9.999 0.559259  0.88 0.559 0.051 0.000  0.993 0.000  1.390 0.000   4.080 0.000  1.406 0.000   2.673 0.559 0.026 0.559  0.230 0.000
350.208333 351.208333    4.85 0.000  1.03 0.000 9.999 0.259000  0.98 0.000 0.052 0.000  0.537 0.000  0.752 0.000   2.357 0.000 99.999 0.259   2.612 0.000 0.013 0.000  0.353 0.000
353.208333 354.208333    9.49 0.559  1.76 0.559 9.999 0.559259  0.45 0.559 0.121 0.000  0.844 0.000  1.182 0.000   4.377 0.000  0.607 0.000   3.770 0.559 0.026 0.559  0.444 0.000
356.208333 357.208333   69.49 0.000  4.08 0.000 9.999 0.259000  3.71 0.000 0.390 0.000  2.588 0.000  3.623 0.000  15.111 0.000  4.666 0.000  10.445 0.000 0.080 0.000  0.870 0.000
359.208333 360.208333    9.30 0.000  1.08 0.000 9.999 0.259000  0.23 0.000 0.046 0.000  0.462 0.000  0.647 0.000   4.107 0.000  0.907 0.000   3.200 0.000 0.014 0.000  0.475 0.000
362.208333 363.208333   70.63 0.000  5.39 0.000 9.999 0.259000  2.45 0.000 0.554 0.000  2.940 0.000  4.116 0.000  13.378 0.000  2.929 0.000  10.449 0.000 0.069 0.000  0.739 0.000
