scripts/IMPROVE-2019_partial/data/US9057R.20030103060000.20191216000000.filterpack..pm25.1y.1w.US03L_filterpack_US9057.US03L_IMPROVE_Davis.lev2.nas
66 1001
MISSING INFORMATION
US03L, IMPROVE, , , , , , , 
MISSING INFORMATION
IMPROVE sel_HTAP
1 1
2003 01 01 2019 12 16
3.00
days from file reference point
27
1 1 1 1 1 1 1 1 1 1 1 1 1 1 1 1 1 1 1 1 1 1 1 1 1 1 1
999.99 9999.99 9.999 99.99 9.999 9.999 9.999 9.99 9.999 99.999 9.999 99.999 9.999 999.999 9.999 999.9 9.999 999.999 9.999 999.999 9.999 999.999 9.999 9.999 9.999 99.999 9.999
end_time of measurement, days from the file reference point
iron, ng/m3, Revision date=20181210133000
numflag iron, no unit, Revision date=20181210133000
lead, ng/m3, Revision date=20181210133000
numflag lead, no unit, Revision date=20181210133000
magnesium, ug/m3, Revision date=20181210133000
numflag magnesium, no unit, Revision date=20181210133000
nickel, ng/m3, Revision date=20181210133000
numflag nickel, no unit, Revision date=20181210133000
nitrate, ug N/m3, Revision date=20181210133000
numflag nitrate, no unit, Revision date=20181210133000
organic_carbon, ug C/m3, Revision date=20181210133000
numflag organic_carbon, no unit, Revision date=20181210133000
organic_mass, ug/m3, Revision date=20181210133000
numflag organic_mass, no unit, Revision date=20181210133000
phosphorus, ng/m3, Revision date=20181210133000
numflag phosphorus, no unit, Revision date=20181210133000
pm10_mass, ug/m3, Version=2, Version description=Data extracted from http://views.cira.colostate.edu/fed/DataWizard 2019-12-16, Sample duration=1d, Orig. time res.=3d, Matrix=pm10, Blank correction=Blank corrected, Volume std. temperature=ambient, Volume std. pressure=ambient
numflag pm10_mass, no unit, Version=2, Version description=Data extracted from http://views.cira.colostate.edu/fed/DataWizard 2019-12-16, Sample duration=1d, Orig. time res.=3d, Matrix=pm10, Blank correction=Blank corrected, Volume std. temperature=ambient, Volume std. pressure=ambient
pm10_pm25_mass, ug/m3, Revision date=20181210133000, Matrix=pm10_pm25
numflag pm10_pm25_mass, no unit, Revision date=20181210133000, Matrix=pm10_pm25
pm25_mass, ug/m3, Version=2, Version description=Data extracted from http://views.cira.colostate.edu/fed/DataWizard 2019-12-16, Sample duration=1d, Orig. time res.=3d, Blank correction=Blank corrected, Volume std. temperature=ambient, Volume std. pressure=ambient
numflag pm25_mass, no unit, Version=2, Version description=Data extracted from http://views.cira.colostate.edu/fed/DataWizard 2019-12-16, Sample duration=1d, Orig. time res.=3d, Blank correction=Blank corrected, Volume std. temperature=ambient, Volume std. pressure=ambient
potassium, ug/m3, Revision date=20181210133000
numflag potassium, no unit, Revision date=20181210133000
sulphate_total, ug S/m3, Revision date=20181210133000
numflag sulphate_total, no unit, Revision date=20181210133000
0
25
Data definition:              EBAS_1.1
Set type code:                TU
Timezone:                     UTC
File name:                    US9057R.20030103060000.20191216000000.filterpack..pm25.1y.1w.US03L_filterpack_US9057.US03L_IMPROVE_Davis.lev2.nas
File creation:                20191218120918
Startdate:                    20030103060000
Revision date:                20191216000000
Statistics:                   arithmetic mean
Data level:                   2
Period code:                  1y
Resolution code:              1w
Station code:                 US9057R
Platform code:                US9057S
Station name:                 Sac and Fox
Station latitude:             39.9791
Station longitude:            -95.5682
Station altitude:             293.0 m
Regime:                       IMG
Component:                    
Matrix:                       pm25
Laboratory code:              US03L
Instrument type:              filterpack
Instrument name:              filterpack_US9057
Method ref:                   US03L_IMPROVE_Davis
starttime endtime Fe flag_Fe Pb flag_Pb Mg++ flag_Mg++ Ni flag_Ni NO3- flag_NO3- OC flag_OC OM flag_OM P flag_P PM10 flag_PM10 PM10-PM2.5 flag_PM10-PM2.5 PM2.5 flag_PM2.5 K+ flag_K+ SO4-- flag_SO4--
[from data line 88]
266.25 267.25 9999.99 0.456 99.99 0.456 9.999 0.456 9.99 0.456 99.999 0.456 99.999 0.999 999.999 0.999 999.9 0.456 999.999 0.456 999.999 0.999 999.999 0.456 9.999 0.456 99.999 0.456
269.25 270.25 9999.99 0.456 99.99 0.456 9.999 0.456 9.99 0.456 99.999 0.456 99.999 0.999 999.999 0.999 999.9 0.456 999.999 0.456 999.999 0.999 999.999 0.456 9.999 0.456 99.999 0.456
272.25 273.25 9999.99 0.456 99.99 0.456 9.999 0.456 9.99 0.456 99.999 0.456 99.999 0.999 999.999 0.999 999.9 0.456 999.999 0.456 999.999 0.999 999.999 0.456 9.999 0.456 99.999 0.456
275.25 276.25   73.55 0.000  1.66 0.000 9.999 0.259 0.08 0.000  0.139 0.559  1.555 0.000   2.177 0.000 999.9 0.259  23.107 0.000  14.969 0.000   8.137 0.000 0.086 0.000  0.552 0.559
278.25 279.25   30.61 0.000  0.91 0.000 9.999 0.259 9.99 0.259  0.065 0.559  0.961 0.000   1.346 0.000 999.9 0.259  14.543 0.000  10.351 0.000   4.191 0.000 0.028 0.000  0.284 0.559
281.25 282.25   35.92 0.000  1.37 0.000 9.999 0.259 0.07 0.000  0.200 0.559  2.166 0.000   3.032 0.000 999.9 0.259  16.675 0.000   5.429 0.000  11.246 0.000 0.046 0.000  1.325 0.559
284.25 285.25   19.40 0.000  1.89 0.000 9.999 0.259 9.99 0.259  0.054 0.559  0.797 0.000   1.116 0.000 999.9 0.259   7.028 0.000   4.152 0.000   2.876 0.000 0.016 0.000  0.157 0.559
287.25 288.25   37.10 0.000  0.84 0.000 0.025 0.000 9.99 0.259  0.036 0.559  0.628 0.000   0.879 0.000 999.9 0.259   9.371 0.000   6.851 0.000   2.520 0.000 0.018 0.000  0.092 0.559
290.25 291.25   49.13 0.000  1.67 0.000 9.999 0.259 0.11 0.000  0.073 0.559  1.069 0.000   1.496 0.000 999.9 0.259  17.651 0.000  12.949 0.000   4.701 0.000 0.044 0.000  0.252 0.559
293.25 294.25   81.91 0.000  0.99 0.000 9.999 0.259 9.99 0.259  0.035 0.559  1.361 0.000   1.905 0.000 999.9 0.259  27.986 0.000  22.863 0.000   5.123 0.000 0.073 0.000  0.160 0.559
296.25 297.25   71.01 0.000  2.00 0.000 0.033 0.000 9.99 0.259  0.108 0.000  1.449 0.000   2.029 0.000 999.9 0.259  33.375 0.000  26.492 0.000   6.883 0.000 0.097 0.000  0.316 0.000
299.25 300.25   24.03 0.000  0.60 0.000 9.999 0.259 9.99 0.259  0.210 0.559  0.728 0.000   1.019 0.000 999.9 0.259  12.383 0.000   8.665 0.000   3.718 0.000 0.021 0.000  0.383 0.559
302.25 303.25   45.13 0.000  2.05 0.000 9.999 0.259 0.09 0.000  0.827 0.559  1.152 0.000   1.613 0.000 999.9 0.259  30.387 0.000  17.850 0.000  12.537 0.000 0.038 0.000  1.016 0.559
305.25 306.25    6.02 0.000  1.60 0.000 9.999 0.259 9.99 0.259  0.197 0.559  0.728 0.000   1.019 0.000 999.9 0.259   3.303 0.000   0.714 0.000   2.589 0.000 0.017 0.000  0.131 0.559
308.25 309.25   12.98 0.000  1.23 0.000 9.999 0.259 9.99 0.259  0.370 0.559  0.581 0.000   0.813 0.000 999.9 0.259   6.563 0.000   0.624 0.000   5.939 0.000 0.025 0.000  0.616 0.559
311.25 312.25   14.93 0.000  2.45 0.000 9.999 0.259 9.99 0.259  0.676 0.559  1.365 0.000   1.911 0.000 999.9 0.259  13.300 0.000   5.590 0.000   7.709 0.000 0.042 0.000  0.339 0.559
314.25 315.25   17.12 0.000  0.97 0.000 9.999 0.259 0.11 0.000  0.542 0.559  3.280 0.000   4.592 0.000 999.9 0.259  11.128 0.000   1.614 0.000   9.514 0.000 0.047 0.000  0.578 0.559
317.25 318.25   25.34 0.000  0.85 0.000 0.028 0.000 9.99 0.259  0.298 0.559  1.071 0.000   1.500 0.000 999.9 0.259  12.458 0.000   7.454 0.000   5.004 0.000 0.033 0.000  0.256 0.559
320.25 321.25   16.23 0.000  1.47 0.000 9.999 0.259 9.99 0.259  0.696 0.559  1.370 0.000   1.918 0.000 999.9 0.259   8.838 0.000   0.685 0.000   8.153 0.000 0.033 0.000  0.789 0.559
323.25 324.25   52.64 0.000  5.79 0.000 9.999 0.259 0.22 0.000  0.081 0.000  1.198 0.000   1.677 0.000 999.9 0.259  15.873 0.000  11.365 0.000   4.508 0.000 0.043 0.000  0.130 0.000
326.25 327.25    8.97 0.000  0.66 0.000 9.999 0.259 9.99 0.259  0.366 0.000  0.565 0.000   0.790 0.000 999.9 0.259   7.319 0.000   2.260 0.000   5.059 0.000 0.019 0.000  0.418 0.000
329.25 330.25   80.21 0.000  2.18 0.000 0.042 0.000 0.16 0.000  0.862 0.000  2.618 0.000   3.665 0.000 999.9 0.259  22.934 0.000  10.834 0.000  12.100 0.000 0.073 0.000  0.371 0.000
332.25 333.25   44.12 0.000  1.01 0.000 0.035 0.000 0.08 0.000  0.087 0.000  0.919 0.000   1.287 0.000 999.9 0.259  16.540 0.000  13.368 0.000   3.173 0.000 0.044 0.000  0.124 0.000
335.25 336.25   89.64 0.000  4.56 0.000 9.999 0.259 0.20 0.000  0.306 0.000  1.425 0.000   1.994 0.000  16.1 0.000  17.773 0.000  12.326 0.000   5.446 0.000 0.058 0.000  0.110 0.000
338.25 339.25   15.25 0.000  0.67 0.000 0.181 0.000 0.16 0.000  0.502 0.000  0.602 0.000   0.842 0.000 999.9 0.259  11.869 0.000   2.776 0.000   9.092 0.000 0.022 0.000  1.133 0.000
341.25 342.25   42.06 0.000  3.82 0.000 9.999 0.259 9.99 0.259  1.036 0.000 99.999 0.999 999.999 0.999 999.9 0.259  18.616 0.000   4.209 0.000  14.407 0.000 0.074 0.000  1.046 0.000
344.25 345.25   18.37 0.000  2.44 0.000 0.076 0.000 0.10 0.000  0.861 0.000  0.919 0.000   1.287 0.000 999.9 0.259  12.280 0.000   3.110 0.000   9.170 0.000 0.043 0.000  0.467 0.000
347.25 348.25 9999.99 0.456 99.99 0.456 9.999 0.456 9.99 0.456  0.805 0.000  1.838 0.000   2.573 0.000 999.9 0.456  15.752 0.000 999.999 0.999 999.999 0.456 9.999 0.456  1.503 0.000
350.25 351.25   21.44 0.000  2.11 0.000 0.058 0.000 0.11 0.000  0.225 0.000  0.772 0.000   1.081 0.000 999.9 0.259   7.702 0.000   4.589 0.000   3.113 0.000 0.027 0.000  0.087 0.000
353.25 354.25   41.53 0.000  1.79 0.000 0.091 0.000 0.11 0.000  0.477 0.000  1.125 0.000   1.575 0.000 999.9 0.259  10.082 0.000   4.851 0.000   5.231 0.000 0.040 0.000  0.146 0.000
356.25 357.25   25.42 0.000  1.69 0.000 9.999 0.259 9.99 0.259  0.330 0.000  0.632 0.000   0.885 0.000 999.9 0.259   7.534 0.000   2.795 0.000   4.739 0.000 0.061 0.000  0.364 0.000
359.25 360.25   21.53 0.000  1.44 0.000 9.999 0.259 0.17 0.000  0.378 0.000  1.578 0.000   2.209 0.000 999.9 0.259  11.911 0.000   3.644 0.000   8.267 0.000 0.052 0.000  0.750 0.000
362.25 363.25   12.86 0.000  0.42 0.000 0.147 0.000 9.99 0.259  0.074 0.000  0.286 0.000   0.400 0.000 999.9 0.259   5.345 0.000   3.609 0.000   1.736 0.000 0.011 0.000  0.166 0.000
