scripts/IMPROVE-2019_partial/data/US9074R.19980103080000.20191216000000.filterpack...1y.3d.US03L_filterpack_US9074.US03L_IMPROVE_Davis.lev2.nas
52 1001
MISSING INFORMATION
US03L, IMPROVE, , , , , , , 
MISSING INFORMATION
IMPROVE sel_HTAP
1 1
1998 01 01 2019 12 16
0
days from file reference point
5
1 1 1 1 1
999.999999 999.999 9.999 999.999 9.999
end_time of measurement, days from the file reference point
pm10_mass, ug/m3, Matrix=pm10
numflag pm10_mass, no unit, Matrix=pm10
pm25_mass, ug/m3, Matrix=pm25
numflag pm25_mass, no unit, Matrix=pm25
0
33
Data definition:              EBAS_1.1
Set type code:                TI
Timezone:                     UTC
File name:                    US9074R.19980103080000.20191216000000.filterpack...1y.3d.US03L_filterpack_US9074.US03L_IMPROVE_Davis.lev2.nas
File creation:                20191218121035
Startdate:                    19980103080000
Revision date:                20191216000000
Version:                      2
Version description:          "Data extracted from http://views.cira.colostate.edu/fed/DataWizard 2019-12-16"
Statistics:                   arithmetic mean
Data level:                   2
Period code:                  1y
Resolution code:              3d
Sample duration:              1d
Orig. time res.:              3d
Station code:                 US9074R
Platform code:                US9074S
Station name:                 Three Sisters Wilderness
Station latitude:             44.291
Station longitude:            -122.0434
Station altitude:             885.0 m
Regime:                       IMG
Component:                    
Unit:                         ug/m3
Matrix:                       
Laboratory code:              US03L
Instrument type:              filterpack
Instrument name:              filterpack_US9074
Method ref:                   US03L_IMPROVE_Davis
Blank correction:             Blank corrected
Volume std. temperature:      ambient
Volume std. pressure:         ambient
starttime endtime PM10 flag_PM10 PM2.5 flag_PM2.5
  2.333333   3.333333   2.480 0.000 999.999 0.259
  6.333333   7.333333   0.496 0.000   0.349 0.000
  9.333333  10.333333 999.999 0.259 999.999 0.259
 13.333333  14.333333   0.914 0.000   0.323 0.000
 16.333333  17.333333   4.569 0.000   2.810 0.000
 20.333333  21.333333   0.741 0.000 999.999 0.259
 23.333333  24.333333   5.114 0.000   0.836 0.000
 27.333333  28.333333   1.314 0.000   0.904 0.000
 30.333333  31.333333   8.276 0.000   0.978 0.000
 34.333333  35.333333   1.795 0.000   0.757 0.000
 37.333333  38.333333   4.630 0.000   0.983 0.000
 41.333333  42.333333   2.155 0.000 999.999 0.999
 44.333333  45.333333   6.322 0.000   0.527 0.000
 48.333333  49.333333   1.559 0.000 999.999 0.259
 51.333333  52.333333 999.999 0.259 999.999 0.259
 55.333333  56.333333   2.173 0.000   1.284 0.000
 58.333333  59.333333   1.197 0.000 999.999 0.259
 62.333333  63.333333 999.999 0.259 999.999 0.259
 65.333333  66.333333   2.693 0.000   1.891 0.000
 69.333333  70.333333   0.506 0.000 999.999 0.259
 72.333333  73.333333   2.438 0.000   1.623 0.000
 76.333333  77.333333   7.943 0.000   2.571 0.000
 79.333333  80.333333   9.259 0.000   3.921 0.000
 83.333333  84.333333   5.574 0.000   0.968 0.000
 86.333333  87.333333   6.625 0.000   1.068 0.000
 90.333333  91.333333   4.815 0.000   1.389 0.000
 93.333333  94.333333   2.176 0.000   1.058 0.000
 97.333333  98.333333   2.787 0.000   1.220 0.000
100.333333 101.333333   1.971 0.000   0.797 0.000
104.333333 105.333333   4.553 0.000   3.321 0.000
107.333333 108.333333   8.554 0.000   4.160 0.000
111.333333 112.333333  11.378 0.000   7.009 0.000
114.333333 115.333333 999.999 0.999 999.999 0.999
118.333333 119.333333 999.999 0.999 999.999 0.999
121.333333 122.333333 999.999 0.999 999.999 0.999
125.333333 126.333333  16.189 0.000   4.344 0.000
128.333333 129.333333   4.749 0.000   1.389 0.000
132.333333 133.333333   1.679 0.000 999.999 0.999
135.333333 136.333333   0.635 0.000   0.532 0.000
139.333333 140.333333   1.852 0.000   1.045 0.000
142.333333 143.333333   7.176 0.000   4.349 0.000
146.333333 147.333333   1.592 0.000   0.835 0.000
149.333333 150.333333   3.317 0.000   0.997 0.000
153.333333 154.333333   5.219 0.000   3.358 0.000
156.333333 157.333333  12.928 0.000   4.988 0.000
160.333333 161.333333   8.637 0.000   1.369 0.000
163.333333 164.333333   9.115 0.000   5.971 0.000
167.333333 168.333333   8.152 0.000   3.245 0.000
170.333333 171.333333   9.390 0.000   3.505 0.000
174.333333 175.333333   3.366 0.000   1.768 0.000
177.333333 178.333333   4.293 0.000   1.900 0.000
181.333333 182.333333   4.419 0.000   2.080 0.000
184.333333 185.333333   6.650 0.000   3.488 0.000
188.333333 189.333333  15.191 0.000  10.530 0.000
191.333333 192.333333  15.262 0.000   7.617 0.000
195.333333 196.333333   6.128 0.000   3.442 0.000
198.333333 199.333333   7.802 0.000   4.076 0.000
202.333333 203.333333  20.873 0.000  12.867 0.000
205.333333 206.333333  11.209 0.000   6.406 0.000
209.333333 210.333333  34.150 0.000   7.518 0.000
212.333333 213.333333 999.999 0.999  28.397 0.000
216.333333 217.333333  20.705 0.000  12.888 0.000
219.333333 220.333333  15.112 0.000   5.623 0.000
223.333333 224.333333   7.993 0.000   3.912 0.000
226.333333 227.333333  11.094 0.000   4.306 0.000
230.333333 231.333333   8.947 0.000   3.472 0.000
233.333333 234.333333  15.721 0.000   9.157 0.000
237.333333 238.333333  11.438 0.000   7.772 0.000
240.333333 241.333333  23.079 0.000   7.954 0.000
244.333333 245.333333  23.135 0.000  10.921 0.000
247.333333 248.333333  13.348 0.000   6.308 0.000
251.333333 252.333333  20.251 0.000  14.080 0.000
254.333333 255.333333  16.761 0.000   4.742 0.000
258.333333 259.333333  17.512 0.000   9.943 0.000
261.333333 262.333333   1.725 0.000   0.907 0.000
265.333333 266.333333   6.597 0.000   4.588 0.000
268.333333 269.333333   2.951 0.000   1.581 0.000
272.333333 273.333333   5.903 0.000   3.991 0.000
275.333333 276.333333   1.042 0.000 999.999 0.999
279.333333 280.333333   7.564 0.000   4.846 0.000
282.333333 283.333333   1.637 0.000   0.615 0.000
286.333333 287.333333   3.561 0.000   2.273 0.000
289.333333 290.333333   3.650 0.000   2.431 0.000
293.333333 294.333333 999.999 0.999 999.999 0.999
296.333333 297.333333 999.999 0.999 999.999 0.999
300.333333 301.333333   1.380 0.000   0.938 0.000
303.333333 304.333333   3.667 0.000   3.345 0.000
307.333333 308.333333   1.065 0.000   0.836 0.000
310.333333 311.333333   1.482 0.000   1.383 0.000
314.333333 315.333333   1.508 0.000   1.152 0.000
317.333333 318.333333   8.224 0.000   3.200 0.000
321.333333 322.333333   0.972 0.000   0.924 0.000
324.333333 325.333333 999.999 0.259 999.999 0.259
328.333333 329.333333   8.881 0.000   1.245 0.000
331.333333 332.333333   0.992 0.000   0.581 0.000
335.333333 336.333333 999.999 0.999 999.999 0.999
338.333333 339.333333 999.999 0.999 999.999 0.999
342.333333 343.333333   1.681 0.000   0.377 0.000
345.333333 346.333333   0.619 0.000   0.352 0.000
349.333333 350.333333   6.396 0.000   0.420 0.000
352.333333 353.333333   6.579 0.000   1.324 0.000
356.333333 357.333333   4.352 0.000   1.376 0.000
359.333333 360.333333   4.583 0.000   0.325 0.000
363.333333 364.333333   0.509 0.000 999.999 0.259
