scripts/IMPROVE-2019_partial/data/US9036R.20020102070000.20191216000000.filterpack..pm25.52w.1w.US03L_filterpack_US9036.US03L_IMPROVE_Davis.lev2.nas
66 1001
MISSING INFORMATION
US03L, IMPROVE, , , , , , , 
MISSING INFORMATION
IMPROVE sel_HTAP
1 1
2002 01 01 2019 12 16
3.000000
days from file reference point
27
1 1 1 1 1 1 1 1 1 1 1 1 1 1 1 1 1 1 1 1 1 1 1 1 1 1 1
999.999999 9999.99 9.999 999.99 9.999 9.999 9.999999 9.99 9.999999 9.999 9.999 999.999 9.999 999.999 9.999 999.99 9.999999 999.999 9.999 999.999 9.999 999.999 9.999 9.999 9.999 9.999 9.999
end_time of measurement, days from the file reference point
iron, ng/m3, Revision date=20181210133000
numflag iron, no unit, Revision date=20181210133000
lead, ng/m3, Revision date=20181210133000
numflag lead, no unit, Revision date=20181210133000
magnesium, ug/m3, Revision date=20181210133000
numflag magnesium, no unit, Revision date=20181210133000
nickel, ng/m3, Revision date=20181210133000
numflag nickel, no unit, Revision date=20181210133000
nitrate, ug N/m3, Revision date=20181210133000
numflag nitrate, no unit, Revision date=20181210133000
organic_carbon, ug C/m3, Revision date=20181210133000
numflag organic_carbon, no unit, Revision date=20181210133000
organic_mass, ug/m3, Revision date=20181210133000
numflag organic_mass, no unit, Revision date=20181210133000
phosphorus, ng/m3, Revision date=20181210133000
numflag phosphorus, no unit, Revision date=20181210133000
pm10_mass, ug/m3, Version=2, Version description=Data extracted from http://views.cira.colostate.edu/fed/DataWizard 2019-12-16, Sample duration=1d, Orig. time res.=3d, Matrix=pm10, Blank correction=Blank corrected, Volume std. temperature=ambient, Volume std. pressure=ambient
numflag pm10_mass, no unit, Version=2, Version description=Data extracted from http://views.cira.colostate.edu/fed/DataWizard 2019-12-16, Sample duration=1d, Orig. time res.=3d, Matrix=pm10, Blank correction=Blank corrected, Volume std. temperature=ambient, Volume std. pressure=ambient
pm10_pm25_mass, ug/m3, Revision date=20181210133000, Matrix=pm10_pm25
numflag pm10_pm25_mass, no unit, Revision date=20181210133000, Matrix=pm10_pm25
pm25_mass, ug/m3, Version=2, Version description=Data extracted from http://views.cira.colostate.edu/fed/DataWizard 2019-12-16, Sample duration=1d, Orig. time res.=3d, Blank correction=Blank corrected, Volume std. temperature=ambient, Volume std. pressure=ambient
numflag pm25_mass, no unit, Version=2, Version description=Data extracted from http://views.cira.colostate.edu/fed/DataWizard 2019-12-16, Sample duration=1d, Orig. time res.=3d, Blank correction=Blank corrected, Volume std. temperature=ambient, Volume std. pressure=ambient
potassium, ug/m3, Revision date=20181210133000
numflag potassium, no unit, Revision date=20181210133000
sulphate_total, ug S/m3, Revision date=20181210133000
numflag sulphate_total, no unit, Revision date=20181210133000
0
25
Data definition:              EBAS_1.1
Set type code:                TU
Timezone:                     UTC
File name:                    US9036R.20020102070000.20191216000000.filterpack..pm25.52w.1w.US03L_filterpack_US9036.US03L_IMPROVE_Davis.lev2.nas
File creation:                20191218120745
Startdate:                    20020102070000
Revision date:                20191216000000
Statistics:                   arithmetic mean
Data level:                   2
Period code:                  52w
Resolution code:              1w
Station code:                 US9036R
Platform code:                US9036S
Station name:                 Tonto NM
Station latitude:             33.6548
Station longitude:            -111.1068
Station altitude:             775.0 m
Regime:                       IMG
Component:                    
Matrix:                       pm25
Laboratory code:              US03L
Instrument type:              filterpack
Instrument name:              filterpack_US9036
Method ref:                   US03L_IMPROVE_Davis
starttime endtime Fe flag_Fe Pb flag_Pb Mg++ flag_Mg++ Ni flag_Ni NO3- flag_NO3- OC flag_OC OM flag_OM P flag_P PM10 flag_PM10 PM10-PM2.5 flag_PM10-PM2.5 PM2.5 flag_PM2.5 K+ flag_K+ SO4-- flag_SO4--
  1.291667   2.291667    3.68 0.000   0.45 0.000 9.999 0.259000 9.99 0.259000 0.014 0.000   0.514 0.000   0.720 0.000 999.99 0.259000   3.160 0.000   0.785 0.000   2.375 0.000 0.007 0.000 0.330 0.000
  4.291667   5.291667    7.58 0.000   0.50 0.000 9.999 0.259000 9.99 0.259000 0.015 0.000   0.252 0.000   0.353 0.000 999.99 0.259000   2.661 0.000   1.464 0.000   1.197 0.000 0.008 0.000 0.131 0.000
  7.291667   8.291667    8.74 0.000   4.61 0.000 9.999 0.259000 9.99 0.259000 0.010 0.000   0.276 0.000   0.386 0.000 999.99 0.259000   2.339 0.000   1.293 0.000   1.046 0.000 0.008 0.000 0.072 0.000
 10.291667  11.291667    5.47 0.000   0.30 0.000 9.999 0.259000 9.99 0.259000 0.012 0.000   0.219 0.000   0.306 0.000 999.99 0.259000   2.150 0.000   0.704 0.000   1.446 0.000 0.006 0.000 0.169 0.000
 13.291667  14.291667   14.52 0.000  11.06 0.000 9.999 0.259000 9.99 0.259000 0.014 0.000   0.434 0.000   0.607 0.000 999.99 0.259000   4.366 0.000   2.338 0.000   2.028 0.000 0.019 0.000 0.170 0.000
 16.291667  17.291667   47.42 0.000   0.94 0.000 9.999 0.259000 0.35 0.000000 0.445 0.000   0.681 0.000   0.953 0.000 999.99 0.259000  13.847 0.000   7.664 0.000   6.183 0.000 0.056 0.000 0.405 0.000
 19.291667  20.291667   25.19 0.000   6.74 0.000 9.999 0.259000 9.99 0.259000 0.121 0.000   0.383 0.000   0.536 0.000 999.99 0.259000   7.823 0.000   5.323 0.000   2.500 0.000 0.024 0.000 0.135 0.000
 22.291667  23.291667   42.38 0.000   1.85 0.000 9.999 0.259000 9.99 0.259000 0.247 0.000   0.769 0.000   1.077 0.000 999.99 0.259000  13.889 0.000  10.118 0.000   3.771 0.000 0.045 0.000 0.223 0.000
 25.291667  26.291667   17.17 0.000   3.30 0.000 9.999 0.259000 9.99 0.259000 0.038 0.559   1.013 0.000   1.418 0.000 999.99 0.259000   5.780 0.000   2.655 0.000   3.125 0.000 0.027 0.000 0.205 0.559
 28.291667  29.291667   29.81 0.000   0.85 0.000 9.999 0.259000 0.28 0.000000 0.163 0.559   0.363 0.000   0.508 0.000 999.99 0.259000   8.950 0.000   6.335 0.000   2.616 0.000 0.030 0.000 0.192 0.559
 31.291667  32.291667    8.40 0.000   0.43 0.000 9.999 0.259000 9.99 0.259000 0.049 0.000   0.278 0.000   0.389 0.000 999.99 0.259000   3.260 0.000   1.915 0.000   1.345 0.000 0.011 0.000 0.101 0.000
 34.291667  35.291667   11.63 0.000   1.71 0.000 9.999 0.259000 9.99 0.259000 0.021 0.559   0.569 0.000   0.797 0.000 999.99 0.259000   3.762 0.000   1.364 0.000   2.398 0.000 0.010 0.000 0.201 0.559
 37.291667  38.291667   17.65 0.000   6.00 0.000 9.999 0.259000 9.99 0.259000 0.020 0.000   0.512 0.000   0.716 0.000 999.99 0.259000   5.632 0.000   3.456 0.000   2.176 0.000 0.020 0.000 0.173 0.000
 40.291667  41.291667   43.21 0.000   0.43 0.000 9.999 0.259000 9.99 0.259000 0.023 0.000   0.317 0.000   0.444 0.000 999.99 0.259000  10.995 0.000   8.517 0.000   2.478 0.000 0.026 0.000 0.134 0.000
 43.291667  44.291667   83.09 0.000   3.98 0.000 9.999 0.259000 9.99 0.259000 0.040 0.000   0.478 0.000   0.669 0.000 999.99 0.259000  14.185 0.000  10.348 0.000   3.837 0.000 0.057 0.000 0.188 0.000
 46.291667  47.291667   38.24 0.000   2.69 0.000 9.999 0.259000 9.99 0.259000 0.030 0.000   0.461 0.000   0.646 0.000 999.99 0.259000   6.820 0.000   4.147 0.000   2.673 0.000 0.031 0.000 0.188 0.000
 49.291667  50.291667   59.87 0.000   0.70 0.000 9.999 0.259000 9.99 0.259000 0.222 0.000   0.640 0.000   0.896 0.000 999.99 0.259000  15.590 0.000  12.174 0.000   3.416 0.000 0.045 0.000 0.119 0.000
 52.291667  53.291667   35.87 0.000   1.83 0.000 9.999 0.259000 9.99 0.259000 0.023 0.000   0.309 0.000   0.432 0.000 999.99 0.259000   6.655 0.000   4.330 0.000   2.326 0.000 0.023 0.000 0.126 0.000
 55.291667  56.291667   94.29 0.000   1.85 0.000 9.999 0.259000 0.12 0.000000 0.122 0.559   0.837 0.000   1.172 0.000 999.99 0.259000  16.452 0.000  11.584 0.000   4.868 0.000 0.080 0.000 0.167 0.559
 58.291667  59.291667  182.34 0.559   8.61 0.559 9.999 0.559259 9.99 0.559259 0.093 0.559   0.699 0.000   0.979 0.000 999.99 0.559259  20.542 0.000  13.360 0.000   7.183 0.559 0.110 0.559 0.195 0.559
 61.291667  62.291667   24.77 0.000   0.57 0.000 9.999 0.259000 9.99 0.259000 0.033 0.000   0.189 0.000   0.265 0.000 999.99 0.259000   3.784 0.000   1.582 0.000   2.203 0.000 0.021 0.000 0.226 0.000
 64.291667  65.291667   74.67 0.000   2.38 0.000 9.999 0.259000 0.08 0.000000 0.050 0.559   0.661 0.000   0.926 0.000 999.99 0.259000   9.797 0.000   6.545 0.000   3.251 0.000 0.053 0.000 0.136 0.559
 67.291667  68.291667   23.99 0.000   1.69 0.000 9.999 0.259000 0.11 0.000000 0.036 0.000   0.326 0.000   0.457 0.000 999.99 0.259000   4.588 0.000   2.669 0.000   1.919 0.000 0.017 0.000 0.124 0.000
 70.291667  71.291667   40.80 0.000   1.50 0.000 9.999 0.259000 9.99 0.259000 0.047 0.559   0.492 0.000   0.689 0.000 999.99 0.259000   8.062 0.000   5.807 0.000   2.255 0.000 0.025 0.000 0.107 0.559
 73.291667  74.291667   52.84 0.000   3.58 0.000 9.999 0.259000 0.10 0.000000 0.060 0.559   0.315 0.000   0.442 0.000 999.99 0.259000   8.441 0.000   6.210 0.000   2.231 0.000 0.032 0.000 0.114 0.559
 76.291667  77.291667   85.22 0.000   3.23 0.000 9.999 0.259000 0.11 0.000000 0.083 0.559   0.362 0.000   0.507 0.000 999.99 0.259000  13.476 0.000   9.358 0.000   4.117 0.000 0.047 0.000 0.282 0.559
 79.291667  80.291667   66.82 0.000   2.13 0.000 9.999 0.259000 0.10 0.000000 0.027 0.559   0.418 0.000   0.585 0.000 999.99 0.259000  11.946 0.000   8.522 0.000   3.424 0.000 0.055 0.000 0.174 0.559
 82.291667  83.291667   75.21 0.000   0.83 0.000 9.999 0.259000 9.99 0.259000 0.099 0.559   0.451 0.000   0.631 0.000 999.99 0.259000  14.509 0.000  11.131 0.000   3.378 0.000 0.043 0.000 0.163 0.559
 85.291667  86.291667  125.10 0.559   3.52 0.559 9.999 0.559259 0.28 0.559000 0.097 0.000   0.600 0.000   0.840 0.000 999.99 0.559259  17.225 0.000  12.367 0.000   4.858 0.559 0.073 0.559 0.269 0.000
 88.291667  89.291667   61.40 0.000  13.26 0.000 9.999 0.259000 0.10 0.000000 0.078 0.000 999.999 0.999 999.999 0.999 999.99 0.259000   9.660 0.000   5.614 0.000   4.046 0.000 0.041 0.000 0.233 0.000
 91.291667  92.291667  119.85 0.000   2.52 0.000 9.999 0.259000 0.11 0.000000 0.067 0.559 999.999 0.999 999.999 0.999 999.99 0.259000  15.127 0.000   9.775 0.000   5.351 0.000 0.081 0.000 0.282 0.559
 94.291667  95.291667   54.17 0.559   1.67 0.559 9.999 0.559259 0.21 0.559000 0.030 0.000 999.999 0.999 999.999 0.999 999.99 0.559259   9.452 0.000   5.980 0.000   3.472 0.559 0.047 0.559 0.267 0.000
 97.291667  98.291667  100.10 0.000   1.67 0.000 9.999 0.259000 0.19 0.000000 0.143 0.000 999.999 0.999 999.999 0.999 999.99 0.259000  21.260 0.000  14.791 0.000   6.469 0.000 0.060 0.000 0.425 0.000
100.291667 101.291667  104.24 0.559   2.04 0.559 9.999 0.559259 0.21 0.559000 0.076 0.000 999.999 0.999 999.999 0.999 999.99 0.559259  13.812 0.000   8.317 0.000   5.495 0.559 0.064 0.559 0.359 0.000
103.291667 104.291667   79.84 0.000   1.31 0.000 9.999 0.259000 0.11 0.000000 0.049 0.000 999.999 0.999 999.999 0.999 999.99 0.259000   5.692 0.000   1.862 0.000   3.830 0.000 0.048 0.000 0.244 0.000
106.291667 107.291667  131.33 0.000   0.64 0.000 9.999 0.259000 0.36 0.000000 0.075 0.000 999.999 0.999 999.999 0.999 999.99 0.259000 999.999 0.999 999.999 0.999   5.450 0.000 0.072 0.000 0.293 0.000
109.291667 110.291667   91.55 0.000   0.93 0.000 9.999 0.259000 9.99 0.259000 0.130 0.000 999.999 0.999 999.999 0.999 999.99 0.259000 999.999 0.999 999.999 0.999   4.009 0.000 0.054 0.000 0.184 0.000
112.291667 113.291667  117.02 0.000   2.11 0.000 9.999 0.259000 0.15 0.000000 0.063 0.000 999.999 0.999 999.999 0.999 999.99 0.259000 999.999 0.999 999.999 0.999   4.700 0.000 0.065 0.000 0.203 0.000
115.291667 116.291667  158.33 0.394   1.06 0.394 9.999 0.394259 0.17 0.394000 0.049 0.394 999.999 0.999 999.999 0.999 999.99 0.394259 999.999 0.999 999.999 0.999   5.004 0.000 0.089 0.394 0.184 0.394
118.291667 119.291667  102.04 0.000   1.44 0.000 9.999 0.259000 0.13 0.000000 0.043 0.000 999.999 0.999 999.999 0.999 999.99 0.259000 999.999 0.999 999.999 0.999   3.643 0.000 0.063 0.000 0.198 0.000
121.291667 122.291667  151.03 0.559   2.44 0.559 9.999 0.559259 0.21 0.559000 0.184 0.000 999.999 0.999 999.999 0.999 999.99 0.559259 999.999 0.999 999.999 0.999   6.277 0.559 0.087 0.559 0.327 0.000
124.291667 125.291667  164.71 0.000   1.94 0.000 9.999 0.259000 0.15 0.000000 0.125 0.000 999.999 0.999 999.999 0.999 999.99 0.259000 999.999 0.999 999.999 0.999   5.679 0.000 0.098 0.000 0.274 0.000
127.291667 128.291667  261.28 0.559   1.23 0.559 9.999 0.559259 0.22 0.559000 0.122 0.000   0.721 0.000   1.009 0.000 999.99 0.559259  23.564 0.000  15.284 0.000   8.280 0.559 0.139 0.559 0.269 0.000
130.291667 131.291667  292.19 0.000   1.42 0.000 9.999 0.259000 0.12 0.000000 0.140 0.000   0.840 0.000   1.176 0.000 999.99 0.259000  25.476 0.000  16.626 0.000   8.850 0.000 0.163 0.000 0.280 0.000
133.291667 134.291667  286.11 0.699   3.04 0.699 9.999 0.699259 0.37 0.699000 0.084 0.000   1.316 0.000   1.843 0.000 999.99 0.699259  38.869 0.000  26.964 0.000  11.905 0.699 0.188 0.699 0.390 0.000
136.291667 137.291667  154.14 0.699   1.37 0.699 9.999 0.699259 0.21 0.699000 0.073 0.559   0.970 0.000   1.358 0.000 999.99 0.699259  14.810 0.000   7.688 0.000   7.122 0.699 0.095 0.699 0.282 0.559
139.291667 140.291667  150.53 0.000   2.11 0.000 9.999 0.259000 0.15 0.000000 0.058 0.559   0.662 0.000   0.927 0.000  18.94 0.000000  22.023 0.000  16.506 0.000   5.517 0.000 0.093 0.000 0.257 0.559
142.291667 143.291667  138.32 0.699   1.92 0.699 9.999 0.699259 9.99 0.699259 0.148 0.000   0.887 0.000   1.241 0.000 999.99 0.699259  14.484 0.000   8.956 0.000   5.528 0.699 0.077 0.699 0.168 0.000
145.291667 146.291667   78.33 0.559   0.66 0.559 9.999 0.559259 9.99 0.559259 0.050 0.559   0.645 0.000   0.903 0.000 999.99 0.559259  12.942 0.000   8.867 0.000   4.075 0.559 0.062 0.559 0.269 0.559
148.291667 149.291667  122.16 0.559   1.17 0.559 9.999 0.559259 0.24 0.559000 0.068 0.000   1.465 0.000   2.051 0.000 999.99 0.559259  16.127 0.000   9.747 0.000   6.380 0.559 0.081 0.559 0.315 0.000
151.291667 152.291667  192.17 0.699   1.18 0.699 9.999 0.699259 0.28 0.699000 0.067 0.000   1.145 0.000   1.603 0.000 999.99 0.699259  18.186 0.000  10.037 0.000   8.149 0.699 0.156 0.699 0.566 0.000
154.291667 155.291667  143.08 0.699   1.28 0.699 0.058 0.699000 0.21 0.699000 0.105 0.000   1.560 0.000   2.184 0.000 999.99 0.699259  18.532 0.000  10.954 0.000   7.579 0.699 0.121 0.699 0.377 0.000
157.291667 158.291667  140.46 0.699   2.60 0.699 0.030 0.699000 0.19 0.699000 0.079 0.000   1.454 0.000   2.035 0.000 999.99 0.699259  18.263 0.000   9.879 0.000   8.384 0.699 0.112 0.699 0.506 0.000
160.291667 161.291667  284.60 0.559   0.89 0.559 9.999 0.559259 0.27 0.559000 0.071 0.000   0.684 0.000   0.957 0.000 999.99 0.559259  23.695 0.000  14.989 0.000   8.706 0.559 0.168 0.559 0.227 0.000
163.291667 164.291667  165.35 0.559   0.67 0.559 0.040 0.559000 9.99 0.559259 0.063 0.000   0.976 0.000   1.366 0.000 999.99 0.559259  10.989 0.000   4.623 0.000   6.366 0.559 0.133 0.559 0.346 0.000
166.291667 167.291667   88.01 0.559   0.70 0.559 9.999 0.559259 0.28 0.559000 0.091 0.000   1.057 0.000   1.480 0.000 999.99 0.559259  13.050 0.000   6.861 0.000   6.188 0.559 0.126 0.559 0.424 0.000
169.291667 170.291667  172.03 0.699   2.73 0.699 9.999 0.699259 0.17 0.699000 0.070 0.000   1.078 0.000   1.510 0.000 999.99 0.699259  20.258 0.000  13.134 0.000   7.123 0.699 0.160 0.699 0.302 0.000
172.291667 173.291667   74.83 0.000   0.51 0.000 9.999 0.259000 9.99 0.259000 0.034 0.559   0.475 0.000   0.664 0.000 999.99 0.259000   7.059 0.000   4.557 0.000   2.502 0.000 0.046 0.000 0.123 0.559
175.291667 176.291667  109.67 0.699   0.86 0.699 9.999 0.699259 0.29 0.699000 0.098 0.000  11.746 0.000  16.444 0.000 999.99 0.699259  30.797 0.000   6.707 0.000  24.090 0.699 0.094 0.699 0.353 0.000
178.291667 179.291667 9999.99 0.699 999.99 0.699 9.999 0.699000 9.99 0.699000 0.073 0.559   4.074 0.000   5.703 0.000 999.99 0.699000  19.708 0.000 999.999 0.999 999.999 0.699 9.999 0.699 0.318 0.559
181.291667 182.291667  136.80 0.699   0.72 0.699 9.999 0.699259 0.23 0.699000 0.071 0.000   1.495 0.000   2.093 0.000 999.99 0.699259  23.903 0.000  15.836 0.000   8.067 0.699 0.104 0.699 0.407 0.000
184.291667 185.291667  105.74 0.699   0.40 0.699 9.999 0.699259 0.11 0.699000 0.054 0.559   1.187 0.000   1.661 0.000 999.99 0.699259  15.769 0.000   8.713 0.000   7.056 0.699 0.102 0.699 0.347 0.559
187.291667 188.291667   97.76 0.559   0.72 0.559 9.999 0.559259 0.32 0.559000 0.099 0.000   0.895 0.000   1.254 0.000 999.99 0.559259  15.999 0.000   9.463 0.000   6.536 0.559 0.094 0.559 0.553 0.000
190.291667 191.291667   75.13 0.000   0.67 0.000 9.999 0.259000 9.99 0.259000 0.039 0.559   1.192 0.000   1.669 0.000 999.99 0.259000  14.373 0.000   8.366 0.000   6.008 0.000 0.054 0.000 0.474 0.559
193.291667 194.291667   94.64 0.559   2.74 0.559 9.999 0.559259 0.11 0.559000 0.058 0.000   1.560 0.000   2.184 0.000 999.99 0.559259  10.094 0.000   3.744 0.000   6.349 0.559 0.084 0.559 0.516 0.000
196.291667 197.291667   83.20 0.559   0.77 0.559 9.999 0.559259 9.99 0.559259 0.047 0.559   2.126 0.000   2.976 0.000 999.99 0.559259  10.427 0.000   3.102 0.000   7.326 0.559 0.092 0.559 0.335 0.559
199.291667 200.291667   48.26 0.559  89.11 0.559 9.999 0.559259 9.99 0.559259 0.038 0.000   0.763 0.000   1.069 0.000 999.99 0.559259   8.204 0.000   4.003 0.000   4.200 0.559 0.045 0.559 0.346 0.000
202.291667 203.291667  101.35 0.559  11.20 0.559 9.999 0.559259 0.12 0.559000 0.053 0.559   0.676 0.000   0.947 0.000 999.99 0.559259  17.956 0.000  12.433 0.000   5.522 0.559 0.108 0.559 0.405 0.559
205.291667 206.291667   82.48 0.559   0.49 0.559 9.999 0.559259 0.16 0.559000 0.046 0.000   0.799 0.000   1.119 0.000 999.99 0.559259  11.702 0.000   7.226 0.000   4.476 0.559 0.057 0.559 0.333 0.000
208.291667 209.291667   50.44 0.699   0.61 0.699 9.999 0.699259 0.28 0.699000 0.060 0.000   0.295 0.000   0.413 0.000 999.99 0.699259   9.100 0.000   5.373 0.000   3.726 0.699 0.039 0.699 0.400 0.000
211.291667 212.291667  156.74 0.699   0.96 0.699 9.999 0.699259 0.26 0.699000 0.165 0.000   0.814 0.000   1.139 0.000 999.99 0.699259  20.551 0.000  13.213 0.000   7.338 0.699 0.406 0.699 0.518 0.000
214.291667 215.291667   58.01 0.559   4.66 0.559 0.026 0.559000 0.14 0.559000 0.067 0.559   0.760 0.000   1.064 0.000 999.99 0.559259  12.381 0.000   7.132 0.000   5.249 0.559 0.075 0.559 0.504 0.559
217.291667 218.291667   30.10 0.000   0.70 0.000 9.999 0.259000 0.16 0.000000 0.023 0.559   0.506 0.000   0.708 0.000 999.99 0.259000   4.810 0.000   2.113 0.000   2.697 0.000 0.027 0.000 0.205 0.559
220.291667 221.291667   53.43 0.699   2.86 0.699 9.999 0.699259 0.14 0.699000 0.027 0.000   0.688 0.000   0.964 0.000 999.99 0.699259   9.001 0.000   4.132 0.000   4.868 0.699 0.042 0.699 0.537 0.000
223.291667 224.291667  134.99 0.699   0.81 0.699 9.999 0.699259 0.22 0.699000 0.095 0.559   1.251 0.000   1.751 0.000 999.99 0.699259  25.983 0.000  16.435 0.000   9.549 0.699 0.128 0.699 0.724 0.559
226.291667 227.291667  156.41 0.699   0.68 0.699 0.027 0.699000 0.18 0.699000 0.119 0.000   1.130 0.000   1.582 0.000 999.99 0.699259  24.207 0.000  13.908 0.000  10.300 0.699 0.125 0.699 0.680 0.000
229.291667 230.291667  109.48 0.559   0.76 0.559 9.999 0.559259 0.28 0.559000 0.100 0.000   1.288 0.000   1.803 0.000 999.99 0.559259  22.442 0.000  13.632 0.000   8.810 0.559 0.102 0.559 0.728 0.000
232.291667 233.291667  102.84 0.559   7.58 0.559 9.999 0.559259 0.23 0.559000 0.070 0.000   1.226 0.000   1.717 0.000 999.99 0.559259  18.715 0.000  10.924 0.000   7.790 0.559 0.092 0.559 0.570 0.000
235.291667 236.291667   38.75 0.559   1.47 0.559 9.999 0.559259 9.99 0.559259 0.019 0.000   0.552 0.000   0.773 0.000 999.99 0.559259   7.061 0.000   4.702 0.000   2.359 0.559 0.035 0.559 0.125 0.000
238.291667 239.291667  177.46 0.699   5.64 0.699 9.999 0.699259 9.99 0.699259 0.040 0.000   0.725 0.000   1.015 0.000 999.99 0.699259  19.174 0.000  12.616 0.000   6.558 0.699 0.128 0.699 0.320 0.000
