scripts/IMPROVE-2019_partial/data/US9073R.20100102060000.20191216000000.filterpack...52w.3d.US03L_filterpack_US9073.US03L_IMPROVE_Davis.lev2.nas
52 1001
MISSING INFORMATION
US03L, IMPROVE, , , , , , , 
MISSING INFORMATION
IMPROVE sel_HTAP
1 1
2010 01 01 2019 12 16
3.00
days from file reference point
5
1 1 1 1 1
999.99 999.999 9.999 999.999 9.999
end_time of measurement, days from the file reference point
pm10_mass, ug/m3, Matrix=pm10
numflag pm10_mass, no unit, Matrix=pm10
pm25_mass, ug/m3, Matrix=pm25
numflag pm25_mass, no unit, Matrix=pm25
0
33
Data definition:              EBAS_1.1
Set type code:                TU
Timezone:                     UTC
File name:                    US9073R.20100102060000.20191216000000.filterpack...52w.3d.US03L_filterpack_US9073.US03L_IMPROVE_Davis.lev2.nas
File creation:                20191218121032
Startdate:                    20100102060000
Revision date:                20191216000000
Version:                      2
Version description:          "Data extracted from http://views.cira.colostate.edu/fed/DataWizard 2019-12-16"
Statistics:                   arithmetic mean
Data level:                   2
Period code:                  52w
Resolution code:              3d
Sample duration:              1d
Orig. time res.:              3d
Station code:                 US9073R
Platform code:                US9073S
Station name:                 Wichita Mountains
Station latitude:             34.7323
Station longitude:            -98.713
Station altitude:             509.0 m
Regime:                       IMG
Component:                    
Unit:                         ug/m3
Matrix:                       
Laboratory code:              US03L
Instrument type:              filterpack
Instrument name:              filterpack_US9073
Method ref:                   US03L_IMPROVE_Davis
Blank correction:             Blank corrected
Volume std. temperature:      ambient
Volume std. pressure:         ambient
starttime endtime PM10 flag_PM10 PM2.5 flag_PM2.5
  1.25   2.25  13.809 0.000  11.278 0.000
  4.25   5.25  11.995 0.000  10.717 0.000
  7.25   8.25   5.808 0.000   2.590 0.000
 10.25  11.25   9.619 0.000   3.720 0.000
 13.25  14.25  12.996 0.000  10.453 0.000
 16.25  17.25   7.055 0.000   5.303 0.000
 19.25  20.25  11.774 0.000   3.201 0.000
 22.25  23.25   1.725 0.000   0.863 0.000
 25.25  26.25  39.926 0.000   4.675 0.000
 28.25  29.25 999.999 0.999 999.999 0.999
 31.25  32.25 999.999 0.999 999.999 0.999
 34.25  35.25 999.999 0.999 999.999 0.999
 37.25  38.25  16.363 0.000  14.693 0.000
 40.25  41.25  11.303 0.000   9.577 0.000
 43.25  44.25   7.151 0.000   6.072 0.000
 46.25  47.25   4.087 0.000   1.164 0.000
 49.25  50.25  10.207 0.000   5.746 0.000
 52.25  53.25   9.440 0.000   8.675 0.000
 55.25  56.25  10.218 0.000   4.957 0.000
 58.25  59.25   6.027 0.000   3.401 0.000
 61.25  62.25  13.162 0.000   9.404 0.000
 64.25  65.25   8.687 0.000   4.945 0.000
 67.25  68.25  10.439 0.000   3.260 0.000
 70.25  71.25   4.797 0.000   2.056 0.000
 73.25  74.25   5.851 0.000   3.821 0.000
 76.25  77.25  10.981 0.000   6.042 0.000
 79.25  80.25   5.264 0.000   2.888 0.000
 82.25  83.25  19.845 0.000   9.435 0.000
 85.25  86.25  11.842 0.000   3.386 0.000
 88.25  89.25  17.483 0.000   5.778 0.000
 91.25  92.25  10.004 0.000   3.483 0.000
 94.25  95.25  21.003 0.000  14.749 0.000
 97.25  98.25  27.724 0.000  21.602 0.000
100.25 101.25  17.064 0.000   8.380 0.000
103.25 104.25  19.936 0.000   9.764 0.000
106.25 107.25   5.470 0.000   4.681 0.000
109.25 110.25   8.663 0.000   5.187 0.000
112.25 113.25   9.944 0.000   3.080 0.000
115.25 116.25   7.684 0.000   2.801 0.000
118.25 119.25  17.798 0.000   7.438 0.000
121.25 122.25   6.338 0.000   1.830 0.000
124.25 125.25  19.726 0.000   4.342 0.000
127.25 128.25   9.075 0.000   2.530 0.000
130.25 131.25  23.281 0.000  12.534 0.000
133.25 134.25   4.617 0.000   2.579 0.000
136.25 137.25   8.265 0.000   3.281 0.000
139.25 140.25   5.495 0.000   1.942 0.000
142.25 143.25  10.845 0.000   4.769 0.000
145.25 146.25  13.945 0.000   7.285 0.000
148.25 149.25  18.882 0.000  10.183 0.000
151.25 152.25  20.117 0.000   9.265 0.000
154.25 155.25  17.468 0.000   8.829 0.000
157.25 158.25  24.219 0.000  15.525 0.000
160.25 161.25  22.222 0.000  13.251 0.000
163.25 164.25  16.935 0.000   8.224 0.000
166.25 167.25 999.999 0.999 999.999 0.999
169.25 170.25  13.518 0.000   6.088 0.000
172.25 173.25  12.939 0.000   6.689 0.000
175.25 176.25  14.546 0.000   8.061 0.000
178.25 179.25   6.349 0.000   3.592 0.000
181.25 182.25  19.312 0.000  13.046 0.000
184.25 185.25  10.299 0.000   5.768 0.000
187.25 188.25  10.384 0.000   5.545 0.000
190.25 191.25  10.170 0.000   4.999 0.000
193.25 194.25  18.520 0.000   9.273 0.000
196.25 197.25  28.541 0.000  11.145 0.000
199.25 200.25  25.509 0.000  11.442 0.000
202.25 203.25  17.584 0.000   7.093 0.000
205.25 206.25  26.055 0.000   9.452 0.000
208.25 209.25   7.337 0.000   3.226 0.000
211.25 212.25  16.980 0.000   7.098 0.000
214.25 215.25  17.848 0.000   7.719 0.000
217.25 218.25  23.422 0.000  14.358 0.000
220.25 221.25  19.008 0.000  11.491 0.000
223.25 224.25  15.007 0.000   7.861 0.000
226.25 227.25  19.441 0.000   9.380 0.000
229.25 230.25 999.999 0.999 999.999 0.999
232.25 233.25 999.999 0.999 999.999 0.999
235.25 236.25  18.914 0.000   5.593 0.000
238.25 239.25  21.341 0.000  10.704 0.000
241.25 242.25  14.883 0.000   8.238 0.000
244.25 245.25  16.078 0.000   4.179 0.000
247.25 248.25  14.279 0.000   7.371 0.000
250.25 251.25   5.863 0.000   3.367 0.000
253.25 254.25  13.879 0.000 999.999 0.456
256.25 257.25 999.999 0.456   6.025 0.000
259.25 260.25  17.605 0.000  10.150 0.000
262.25 263.25  18.426 0.000  10.549 0.000
265.25 266.25  11.118 0.000   4.167 0.000
268.25 269.25   9.679 0.000   3.857 0.000
271.25 272.25  16.091 0.000   4.498 0.000
274.25 275.25  21.297 0.000   4.391 0.000
277.25 278.25  19.509 0.000   8.338 0.000
280.25 281.25  16.729 0.000   5.897 0.000
283.25 284.25   8.464 0.000   3.887 0.000
286.25 287.25  10.374 0.000   3.034 0.000
289.25 290.25  17.552 0.000   7.364 0.000
292.25 293.25  20.083 0.000   8.419 0.000
295.25 296.25   9.020 0.000   5.205 0.000
298.25 299.25   5.765 0.000   1.170 0.000
301.25 302.25   8.046 0.000   2.172 0.000
304.25 305.25  23.163 0.000   7.397 0.000
307.25 308.25  11.310 0.000   2.086 0.000
310.25 311.25  14.018 0.000   4.327 0.000
313.25 314.25  17.406 0.000   4.366 0.000
316.25 317.25   4.308 0.000   3.123 0.000
319.25 320.25   4.191 0.000   2.907 0.000
322.25 323.25  11.244 0.000   3.785 0.000
325.25 326.25  12.147 0.000   4.573 0.000
328.25 329.25  10.995 0.000   3.468 0.000
331.25 332.25  11.001 0.000   4.334 0.000
334.25 335.25  11.364 0.000   2.732 0.000
337.25 338.25  22.816 0.000   4.185 0.000
340.25 341.25  17.009 0.000   7.373 0.000
343.25 344.25  21.813 0.000   8.107 0.000
346.25 347.25   9.532 0.000   2.999 0.000
349.25 350.25  17.209 0.000   6.899 0.000
352.25 353.25  13.495 0.000   5.912 0.000
355.25 356.25  21.189 0.000  10.143 0.000
358.25 359.25  13.149 0.000  11.242 0.000
361.25 362.25  17.588 0.000  13.907 0.000
364.25 365.25  13.382 0.000   3.611 0.000
