scripts/IMPROVE-2019_partial/data/US9065R.20010101050000.20191216000000.filterpack..pm25.52w.1w.US03L_filterpack_US9065.US03L_IMPROVE_Davis.lev2.nas
64 1001
MISSING INFORMATION
US03L, IMPROVE, , , , , , , 
MISSING INFORMATION
IMPROVE sel_HTAP
1 1
2001 01 01 2019 12 16
3.000000
days from file reference point
25
1 1 1 1 1 1 1 1 1 1 1 1 1 1 1 1 1 1 1 1 1 1 1 1 1
999.999999 9999.99 9.999 99.99 9.999999 9.999 9.999999 9.99 9.999999 9.999 9.999 99.999 9.999 99.999 9.999 999.999 9.999 999.999 9.999 999.999 9.999 9.999 9.999999 99.999 9.999
end_time of measurement, days from the file reference point
iron, ng/m3, Revision date=20181210133000
numflag iron, no unit, Revision date=20181210133000
lead, ng/m3, Revision date=20181210133000
numflag lead, no unit, Revision date=20181210133000
magnesium, ug/m3, Revision date=20181210133000
numflag magnesium, no unit, Revision date=20181210133000
nickel, ng/m3, Revision date=20181210133000
numflag nickel, no unit, Revision date=20181210133000
nitrate, ug N/m3, Revision date=20181210133000
numflag nitrate, no unit, Revision date=20181210133000
organic_carbon, ug C/m3, Revision date=20181210133000
numflag organic_carbon, no unit, Revision date=20181210133000
organic_mass, ug/m3, Revision date=20181210133000
numflag organic_mass, no unit, Revision date=20181210133000
pm10_mass, ug/m3, Version=2, Version description=Data extracted from http://views.cira.colostate.edu/fed/DataWizard 2019-12-16, Sample duration=1d, Orig. time res.=3d, Matrix=pm10, Blank correction=Blank corrected, Volume std. temperature=ambient, Volume std. pressure=ambient
numflag pm10_mass, no unit, Version=2, Version description=Data extracted from http://views.cira.colostate.edu/fed/DataWizard 2019-12-16, Sample duration=1d, Orig. time res.=3d, Matrix=pm10, Blank correction=Blank corrected, Volume std. temperature=ambient, Volume std. pressure=ambient
pm10_pm25_mass, ug/m3, Revision date=20181210133000, Matrix=pm10_pm25
numflag pm10_pm25_mass, no unit, Revision date=20181210133000, Matrix=pm10_pm25
pm25_mass, ug/m3, Version=2, Version description=Data extracted from http://views.cira.colostate.edu/fed/DataWizard 2019-12-16, Sample duration=1d, Orig. time res.=3d, Blank correction=Blank corrected, Volume std. temperature=ambient, Volume std. pressure=ambient
numflag pm25_mass, no unit, Version=2, Version description=Data extracted from http://views.cira.colostate.edu/fed/DataWizard 2019-12-16, Sample duration=1d, Orig. time res.=3d, Blank correction=Blank corrected, Volume std. temperature=ambient, Volume std. pressure=ambient
potassium, ug/m3, Revision date=20181210133000
numflag potassium, no unit, Revision date=20181210133000
sulphate_total, ug S/m3, Revision date=20181210133000
numflag sulphate_total, no unit, Revision date=20181210133000
0
25
Data definition:              EBAS_1.1
Set type code:                TU
Timezone:                     UTC
File name:                    US9065R.20010101050000.20191216000000.filterpack..pm25.52w.1w.US03L_filterpack_US9065.US03L_IMPROVE_Davis.lev2.nas
File creation:                20191218120954
Startdate:                    20010101050000
Revision date:                20191216000000
Statistics:                   arithmetic mean
Data level:                   2
Period code:                  52w
Resolution code:              1w
Station code:                 US9065R
Platform code:                US9065S
Station name:                 Shining Rock Wilderness
Station latitude:             35.3937
Station longitude:            -82.7744
Station altitude:             1617.0 m
Regime:                       IMG
Component:                    
Matrix:                       pm25
Laboratory code:              US03L
Instrument type:              filterpack
Instrument name:              filterpack_US9065
Method ref:                   US03L_IMPROVE_Davis
starttime endtime Fe flag_Fe Pb flag_Pb Mg++ flag_Mg++ Ni flag_Ni NO3- flag_NO3- OC flag_OC OM flag_OM PM10 flag_PM10 PM10-PM2.5 flag_PM10-PM2.5 PM2.5 flag_PM2.5 K+ flag_K+ SO4-- flag_SO4--
[from data line 86]
258.208333 259.208333 9999.99 0.999 99.99 0.999000 9.999 0.999000 9.99 0.999000 9.999 0.999 99.999 0.999 99.999 0.999 999.999 0.999 999.999 0.999 999.999 0.999 9.999 0.999000 99.999 0.999
261.208333 262.208333   23.30 0.559  1.25 0.559000 9.999 0.559259 0.18 0.559000 0.048 0.559  2.420 0.000  3.388 0.000  16.408 0.000   0.887 0.000  15.521 0.559 0.026 0.559000  2.711 0.559
264.208333 265.208333   13.40 0.559  1.18 0.559000 9.999 0.559259 9.99 0.559259 0.024 0.000  1.435 0.000  2.008 0.000   9.398 0.000   2.087 0.000   7.311 0.559 0.044 0.559000  1.061 0.000
267.208333 268.208333    5.12 0.559  0.40 0.559000 9.999 0.559259 9.99 0.559259 0.029 0.559  0.437 0.000  0.612 0.000   2.976 0.000   0.446 0.000   2.530 0.559 0.009 0.559000  0.419 0.559
270.208333 271.208333   16.07 0.559  1.24 0.559000 9.999 0.559259 0.22 0.559000 0.092 0.000  0.940 0.000  1.316 0.000   5.374 0.000 999.999 0.259   5.420 0.559 0.015 0.559000  0.768 0.000
273.208333 274.208333   17.35 0.559  2.75 0.559000 9.999 0.559259 9.99 0.559259 0.030 0.000  1.113 0.000  1.558 0.000   5.323 0.000 999.999 0.259   5.556 0.559 0.026 0.559000  0.787 0.000
276.208333 277.208333   39.07 0.559  1.87 0.559000 9.999 0.559259 0.24 0.559000 0.052 0.559  3.510 0.000  4.914 0.000  14.970 0.000   0.996 0.000  13.974 0.559 0.071 0.559000  1.629 0.559
279.208333 280.208333   11.29 0.559  0.38 0.559000 9.999 0.559259 9.99 0.559259 0.095 0.559  0.483 0.000  0.676 0.000   3.018 0.000   0.353 0.000   2.664 0.559 9.999 0.559259  0.350 0.559
282.208333 283.208333   12.90 0.000  0.80 0.000000 9.999 0.259000 0.23 0.000000 0.083 0.559  0.960 0.000  1.344 0.000   4.547 0.000   0.300 0.000   4.247 0.000 0.026 0.000000  0.512 0.559
285.208333 286.208333    1.14 0.559  0.11 0.559000 9.999 0.559259 9.99 0.559259 0.020 0.559  0.275 0.000  0.384 0.000   1.068 0.000   0.394 0.000   0.675 0.559 0.011 0.559000  0.090 0.559
288.208333 289.208333   11.47 0.559  0.78 0.559000 9.999 0.559259 9.99 0.559259 0.054 0.000  0.887 0.000  1.241 0.000   4.109 0.000   0.072 0.000   4.037 0.559 0.018 0.559000  0.446 0.000
291.208333 292.208333   16.13 0.559  0.94 0.559000 9.999 0.559259 9.99 0.559259 0.036 0.000  1.274 0.000  1.784 0.000   5.084 0.000   0.257 0.000   4.827 0.559 0.033 0.559000  0.601 0.000
294.208333 295.208333   23.14 0.559  1.08 0.559000 9.999 0.559259 0.14 0.559000 0.094 0.559  2.325 0.000  3.255 0.000   9.011 0.000   0.083 0.000   8.929 0.559 0.049 0.559000  0.980 0.559
297.208333 298.208333   24.88 0.559  0.44 0.559000 9.999 0.559259 9.99 0.559259 0.037 0.000  0.473 0.000  0.663 0.000   2.589 0.000   0.585 0.000   2.004 0.559 0.033 0.559000  0.268 0.000
300.208333 301.208333   11.73 0.559  0.93 0.559000 9.999 0.559259 9.99 0.559259 0.049 0.000  0.901 0.000  1.261 0.000   3.348 0.000 999.999 0.259   3.599 0.559 0.022 0.559000  0.482 0.000
303.208333 304.208333 9999.99 0.999 99.99 0.999000 9.999 0.999000 9.99 0.999000 9.999 0.999 99.999 0.999 99.999 0.999 999.999 0.999 999.999 0.999 999.999 0.999 9.999 0.999000 99.999 0.999
306.208333 307.208333 9999.99 0.999 99.99 0.999000 9.999 0.999000 9.99 0.999000 9.999 0.999 99.999 0.999 99.999 0.999 999.999 0.999 999.999 0.999 999.999 0.999 9.999 0.999000 99.999 0.999
309.208333 310.208333 9999.99 0.999 99.99 0.999000 9.999 0.999000 9.99 0.999000 9.999 0.999 99.999 0.999 99.999 0.999 999.999 0.999 999.999 0.999 999.999 0.999 9.999 0.999000 99.999 0.999
312.208333 313.208333   23.53 0.559  2.19 0.559000 9.999 0.559259 9.99 0.559259 0.223 0.559  2.064 0.000  2.890 0.000   9.549 0.000   0.953 0.000   8.595 0.559 0.042 0.559000  1.112 0.559
315.208333 316.208333   34.10 0.559  1.96 0.559000 9.999 0.559259 9.99 0.559259 0.354 0.559  2.998 0.000  4.198 0.000  11.501 0.000   0.690 0.000  10.812 0.559 0.074 0.559000  1.221 0.559
318.208333 319.208333 9999.99 0.999 99.99 0.999000 9.999 0.999000 9.99 0.999000 9.999 0.999 99.999 0.999 99.999 0.999 999.999 0.999 999.999 0.999 999.999 0.999 9.999 0.999000 99.999 0.999
321.208333 322.208333 9999.99 0.999 99.99 0.999000 9.999 0.999000 9.99 0.999000 9.999 0.999 99.999 0.999 99.999 0.999 999.999 0.999 999.999 0.999 999.999 0.999 9.999 0.999000 99.999 0.999
324.208333 325.208333 9999.99 0.999 99.99 0.999000 9.999 0.999000 9.99 0.999000 9.999 0.999 99.999 0.999 99.999 0.999 999.999 0.999 999.999 0.999 999.999 0.999 9.999 0.999000 99.999 0.999
327.208333 328.208333 9999.99 0.999 99.99 0.999000 9.999 0.999000 9.99 0.999000 9.999 0.999 99.999 0.999 99.999 0.999 999.999 0.999 999.999 0.999 999.999 0.999 9.999 0.999000 99.999 0.999
330.208333 331.208333 9999.99 0.999 99.99 0.999000 9.999 0.999000 9.99 0.999000 9.999 0.999 99.999 0.999 99.999 0.999 999.999 0.999 999.999 0.999 999.999 0.999 9.999 0.999000 99.999 0.999
333.208333 334.208333    4.93 0.559 99.99 0.559259 9.999 0.559259 9.99 0.559259 0.015 0.559  0.381 0.000  0.534 0.000 999.999 0.999 999.999 0.999   1.687 0.559 0.013 0.559000  0.188 0.559
336.208333 337.208333   15.13 0.000  0.94 0.000000 9.999 0.259000 9.99 0.259000 0.069 0.000  1.119 0.000  1.567 0.000 999.999 0.999 999.999 0.999   4.785 0.000 0.037 0.000000  0.519 0.000
339.208333 340.208333    5.75 0.000  0.28 0.000000 9.999 0.259000 9.99 0.259000 0.070 0.000  0.811 0.000  1.135 0.000 999.999 0.999 999.999 0.999   4.289 0.000 0.023 0.000000  0.632 0.000
342.208333 343.208333   11.45 0.000  0.87 0.000000 9.999 0.259000 0.76 0.000000 0.047 0.000  0.581 0.000  0.813 0.000 999.999 0.999 999.999 0.999   3.943 0.000 0.015 0.000000  0.714 0.000
345.208333 346.208333    3.17 0.000 99.99 0.259000 9.999 0.259000 0.39 0.000000 0.009 0.000  0.309 0.000  0.432 0.000 999.999 0.999 999.999 0.999   1.517 0.000 0.008 0.000000  0.188 0.000
348.208333 349.208333    8.40 0.000  1.34 0.000000 0.086 0.000000 0.39 0.000000 0.040 0.000  0.528 0.000  0.739 0.000 999.999 0.999 999.999 0.999   1.846 0.000 0.012 0.000000  0.189 0.000
351.208333 352.208333    4.75 0.000  0.72 0.000000 9.999 0.259000 0.15 0.000000 0.009 0.000  0.224 0.000  0.314 0.000 999.999 0.999 999.999 0.999   1.026 0.000 0.009 0.000000  0.240 0.000
354.208333 355.208333 9999.99 0.999 99.99 0.999000 9.999 0.999000 9.99 0.999000 9.999 0.999 99.999 0.999 99.999 0.999 999.999 0.999 999.999 0.999 999.999 0.999 9.999 0.999000 99.999 0.999
357.208333 358.208333 9999.99 0.999 99.99 0.999000 9.999 0.999000 9.99 0.999000 9.999 0.999 99.999 0.999 99.999 0.999 999.999 0.999 999.999 0.999 999.999 0.999 9.999 0.999000 99.999 0.999
360.208333 361.208333    8.92 0.000  0.39 0.000000 9.999 0.259000 9.99 0.259000 0.135 0.000  0.415 0.000  0.581 0.000 999.999 0.999 999.999 0.999   2.125 0.000 0.017 0.000000  0.234 0.000
363.208333 364.208333    4.99 0.000  0.65 0.000000 9.999 0.259000 9.99 0.259000 0.051 0.000  0.450 0.000  0.629 0.000 999.999 0.999 999.999 0.999   2.433 0.000 0.014 0.000000  0.308 0.000
