scripts/IMPROVE-2019_partial/data/US9031R.20040101090000.20191216000000.filterpack..pm25.52w.1w.US03L_filterpack_US9031.US03L_IMPROVE_Davis.lev2.nas
66 1001
MISSING INFORMATION
US03L, IMPROVE, , , , , , , 
MISSING INFORMATION
IMPROVE sel_HTAP
1 1
2004 01 01 2019 12 16
3.000
days from file reference point
27
1 1 1 1 1 1 1 1 1 1 1 1 1 1 1 1 1 1 1 1 1 1 1 1 1 1 1
999.999 999.99 9.999 99.99 9.999 9.999 9.999999 9.99 9.999999 9.999 9.999 999.999 9.999 999.999 9.999 999.99 9.999999 999.999 9.999 99.999 9.999 999.999 9.999 9.999 9.999 9.999 9.999
end_time of measurement, days from the file reference point
iron, ng/m3, Revision date=20181210133000
numflag iron, no unit, Revision date=20181210133000
lead, ng/m3, Revision date=20181210133000
numflag lead, no unit, Revision date=20181210133000
magnesium, ug/m3, Revision date=20181210133000
numflag magnesium, no unit, Revision date=20181210133000
nickel, ng/m3, Revision date=20181210133000
numflag nickel, no unit, Revision date=20181210133000
nitrate, ug N/m3, Revision date=20181210133000
numflag nitrate, no unit, Revision date=20181210133000
organic_carbon, ug C/m3, Revision date=20181210133000
numflag organic_carbon, no unit, Revision date=20181210133000
organic_mass, ug/m3, Revision date=20181210133000
numflag organic_mass, no unit, Revision date=20181210133000
phosphorus, ng/m3, Revision date=20181210133000
numflag phosphorus, no unit, Revision date=20181210133000
pm10_mass, ug/m3, Version=2, Version description=Data extracted from http://views.cira.colostate.edu/fed/DataWizard 2019-12-16, Sample duration=1d, Orig. time res.=3d, Matrix=pm10, Blank correction=Blank corrected, Volume std. temperature=ambient, Volume std. pressure=ambient
numflag pm10_mass, no unit, Version=2, Version description=Data extracted from http://views.cira.colostate.edu/fed/DataWizard 2019-12-16, Sample duration=1d, Orig. time res.=3d, Matrix=pm10, Blank correction=Blank corrected, Volume std. temperature=ambient, Volume std. pressure=ambient
pm10_pm25_mass, ug/m3, Revision date=20181210133000, Matrix=pm10_pm25
numflag pm10_pm25_mass, no unit, Revision date=20181210133000, Matrix=pm10_pm25
pm25_mass, ug/m3, Version=2, Version description=Data extracted from http://views.cira.colostate.edu/fed/DataWizard 2019-12-16, Sample duration=1d, Orig. time res.=3d, Blank correction=Blank corrected, Volume std. temperature=ambient, Volume std. pressure=ambient
numflag pm25_mass, no unit, Version=2, Version description=Data extracted from http://views.cira.colostate.edu/fed/DataWizard 2019-12-16, Sample duration=1d, Orig. time res.=3d, Blank correction=Blank corrected, Volume std. temperature=ambient, Volume std. pressure=ambient
potassium, ug/m3, Revision date=20181210133000
numflag potassium, no unit, Revision date=20181210133000
sulphate_total, ug S/m3, Revision date=20181210133000
numflag sulphate_total, no unit, Revision date=20181210133000
0
25
Data definition:              EBAS_1.1
Set type code:                TU
Timezone:                     UTC
File name:                    US9031R.20040101090000.20191216000000.filterpack..pm25.52w.1w.US03L_filterpack_US9031.US03L_IMPROVE_Davis.lev2.nas
File creation:                20191218120716
Startdate:                    20040101090000
Revision date:                20191216000000
Statistics:                   arithmetic mean
Data level:                   2
Period code:                  52w
Resolution code:              1w
Station code:                 US9031R
Platform code:                US9031S
Station name:                 Tuxedni
Station latitude:             59.9925
Station longitude:            -152.6656
Station altitude:             15.0 m
Regime:                       IMG
Component:                    
Matrix:                       pm25
Laboratory code:              US03L
Instrument type:              filterpack
Instrument name:              filterpack_US9031
Method ref:                   US03L_IMPROVE_Davis
starttime endtime Fe flag_Fe Pb flag_Pb Mg++ flag_Mg++ Ni flag_Ni NO3- flag_NO3- OC flag_OC OM flag_OM P flag_P PM10 flag_PM10 PM10-PM2.5 flag_PM10-PM2.5 PM2.5 flag_PM2.5 K+ flag_K+ SO4-- flag_SO4--
  0.375   1.375   3.03 0.000  0.37 0.000 9.999 0.259000 9.99 0.259000 0.012 0.559   0.118 0.000   0.165 0.000 999.99 0.259000   1.212 0.000  0.388 0.000   0.825 0.000 0.006 0.000 0.066 0.559
  3.375   4.375   2.57 0.000  0.41 0.000 9.999 0.259000 0.10 0.000000 0.020 0.559   0.128 0.000   0.179 0.000 999.99 0.259000   1.249 0.000  0.530 0.000   0.720 0.000 0.005 0.000 0.054 0.559
  6.375   7.375  24.03 0.000  0.30 0.000 9.999 0.259000 9.99 0.259000 0.016 0.559   0.353 0.000   0.495 0.000 999.99 0.259000   5.615 0.000  3.721 0.000   1.894 0.000 0.018 0.000 0.085 0.559
  9.375  10.375   0.67 0.000  0.14 0.000 0.041 0.000000 0.11 0.000000 0.011 0.559   0.193 0.000   0.271 0.000   4.22 0.000000   1.840 0.000  0.878 0.000   0.961 0.000 0.005 0.000 0.059 0.559
 12.375  13.375   1.74 0.000  0.22 0.000 9.999 0.259000 0.11 0.000000 0.013 0.559   0.070 0.000   0.097 0.000 999.99 0.259000   0.888 0.000  0.406 0.000   0.482 0.000 0.003 0.000 0.060 0.559
 15.375  16.375  10.94 0.000  0.54 0.000 9.999 0.259000 9.99 0.259000 0.022 0.559   0.282 0.000   0.395 0.000 999.99 0.259000   1.968 0.000  0.735 0.000   1.233 0.000 0.010 0.000 0.132 0.559
 18.375  19.375   3.87 0.000  0.42 0.000 9.999 0.259000 0.07 0.000000 0.017 0.559   0.165 0.000   0.231 0.000 999.99 0.259000   2.229 0.000  1.329 0.000   0.900 0.000 0.006 0.000 0.113 0.559
 21.375  22.375   0.45 0.000  0.07 0.000 9.999 0.259000 9.99 0.259000 0.010 0.559   0.121 0.000   0.169 0.000 999.99 0.259000   2.036 0.000  0.666 0.000   1.370 0.000 0.010 0.000 0.048 0.559
 24.375  25.375   5.26 0.000  0.57 0.000 9.999 0.259000 9.99 0.259000 0.004 0.559   0.039 0.000   0.055 0.000 999.99 0.259000   1.206 0.000  0.496 0.000   0.710 0.000 0.005 0.000 0.113 0.559
 27.375  28.375   5.03 0.000  0.40 0.000 9.999 0.259000 9.99 0.259000 0.012 0.559   0.065 0.000   0.090 0.000 999.99 0.259000   1.316 0.000  0.379 0.000   0.937 0.000 0.005 0.000 0.137 0.559
 30.375  31.375   2.65 0.000  0.36 0.000 9.999 0.259000 0.11 0.000000 0.007 0.559   0.145 0.000   0.203 0.000   4.69 0.000000   0.665 0.000  0.096 0.000   0.569 0.000 0.004 0.000 0.090 0.559
 33.375  34.375   1.10 0.000  0.28 0.000 0.034 0.000000 0.09 0.000000 0.014 0.559   0.110 0.000   0.154 0.000 999.99 0.259000   0.841 0.000  0.230 0.000   0.611 0.000 0.003 0.000 0.057 0.559
 36.375  37.375   2.12 0.559  0.34 0.559 0.025 0.559000 0.09 0.559000 0.017 0.559   0.263 0.000   0.368 0.000 999.99 0.559259   1.952 0.000  0.889 0.000   1.063 0.559 0.006 0.559 0.130 0.559
 39.375  40.375   1.94 0.559  0.32 0.559 0.186 0.559000 9.99 0.559259 0.067 0.559   0.186 0.000   0.260 0.000 999.99 0.559259  13.779 0.000  6.144 0.000   7.636 0.559 0.047 0.559 0.222 0.559
 42.375  43.375   2.07 0.000  0.33 0.000 9.999 0.259000 0.04 0.000000 0.020 0.559   0.035 0.000   0.049 0.000 999.99 0.259000   3.216 0.000  1.704 0.000   1.512 0.000 0.013 0.000 0.107 0.559
 45.375  46.375   0.72 0.000  0.17 0.000 0.019 0.000000 0.15 0.000000 0.037 0.559   0.109 0.000   0.152 0.000 999.99 0.259000   1.782 0.000  0.772 0.000   1.010 0.000 0.008 0.000 0.048 0.559
 48.375  49.375   1.27 0.000  0.19 0.000 0.043 0.000000 0.14 0.000000 0.010 0.559   0.039 0.000   0.054 0.000 999.99 0.259000   0.731 0.000  0.347 0.000   0.384 0.000 0.002 0.000 0.034 0.559
 51.375  52.375   3.36 0.000  0.51 0.000 9.999 0.259000 0.09 0.000000 0.003 0.559   0.039 0.000   0.055 0.000 999.99 0.259000   0.868 0.000  0.426 0.000   0.442 0.000 0.005 0.000 0.044 0.559
 54.375  55.375   2.30 0.000  0.40 0.000 9.999 0.259000 9.99 0.259000 0.005 0.559   0.054 0.000   0.076 0.000 999.99 0.259000   0.945 0.000  0.337 0.000   0.608 0.000 0.005 0.000 0.062 0.559
 57.375  58.375   0.48 0.000  0.37 0.000 9.999 0.259000 0.11 0.000000 0.001 0.559   0.045 0.000   0.063 0.000 999.99 0.259000   0.145 0.000 99.999 0.259   0.222 0.000 0.002 0.000 0.020 0.559
 60.375  61.375   0.65 0.000  0.13 0.000 9.999 0.259000 9.99 0.259000 0.005 0.559   0.058 0.000   0.081 0.000 999.99 0.259000   0.181 0.000  0.086 0.000   0.095 0.000 0.002 0.000 0.016 0.559
 63.375  64.375   1.80 0.000  0.77 0.000 9.999 0.259000 9.99 0.259000 0.007 0.559   0.370 0.000   0.519 0.000 999.99 0.259000   1.163 0.000  0.367 0.000   0.796 0.000 0.006 0.000 0.031 0.559
 66.375  67.375   3.53 0.000  0.68 0.000 9.999 0.259000 9.99 0.259000 0.010 0.559   0.040 0.000   0.056 0.000 999.99 0.259000   1.170 0.000  0.527 0.000   0.643 0.000 0.005 0.000 0.090 0.559
 69.375  70.375   2.85 0.000  0.41 0.000 9.999 0.259000 9.99 0.259000 0.046 0.559   0.193 0.000   0.270 0.000   8.98 0.000000   4.181 0.000  1.929 0.000   2.252 0.000 0.019 0.000 0.113 0.559
 72.375  73.375   2.02 0.000  0.34 0.000 9.999 0.259000 9.99 0.259000 0.030 0.559   0.224 0.000   0.314 0.000 999.99 0.259000   2.741 0.000  1.230 0.000   1.511 0.000 0.013 0.000 0.114 0.559
 75.375  76.375   5.67 0.000  0.65 0.000 9.999 0.259000 9.99 0.259000 0.010 0.559   0.086 0.000   0.120 0.000 999.99 0.259000   2.558 0.000  1.406 0.000   1.152 0.000 0.012 0.000 0.126 0.559
 78.375  79.375  15.59 0.000  1.18 0.000 9.999 0.259000 9.99 0.259000 0.013 0.559   0.160 0.000   0.224 0.000 999.99 0.259000   3.180 0.000  1.396 0.000   1.784 0.000 0.015 0.000 0.240 0.559
 81.375  82.375  31.18 0.000  2.12 0.000 9.999 0.259000 0.08 0.000000 0.023 0.559   0.117 0.000   0.164 0.000 999.99 0.259000   7.349 0.000  4.616 0.000   2.733 0.000 0.037 0.000 0.210 0.559
 84.375  85.375 999.99 0.999 99.99 0.999 9.999 0.999000 9.99 0.999000 9.999 0.999 999.999 0.999 999.999 0.999 999.99 0.999000 999.999 0.999 99.999 0.999 999.999 0.999 9.999 0.999 9.999 0.999
 87.375  88.375  14.52 0.000  1.19 0.000 9.999 0.259000 0.07 0.000000 0.020 0.559   0.366 0.000   0.512 0.000 999.99 0.259000   3.436 0.000  1.384 0.000   2.052 0.000 0.019 0.000 0.298 0.559
 90.375  91.375  11.61 0.000  0.75 0.000 0.040 0.000000 9.99 0.259000 0.063 0.559   0.097 0.000   0.136 0.000 999.99 0.259000   3.564 0.000  1.314 0.000   2.251 0.000 0.023 0.000 0.249 0.559
 93.375  94.375   5.67 0.000  0.57 0.000 9.999 0.259000 9.99 0.259000 0.029 0.559   0.068 0.000   0.095 0.000 999.99 0.259000   3.381 0.000  1.731 0.000   1.651 0.000 0.015 0.000 0.130 0.559
 96.375  97.375   3.40 0.000 99.99 0.259 0.030 0.000000 0.15 0.000000 0.006 0.559   0.015 0.000   0.021 0.000 999.99 0.259000   2.267 0.000  1.261 0.000   1.006 0.000 0.009 0.000 0.031 0.559
 99.375 100.375   3.01 0.000  0.23 0.000 9.999 0.259000 9.99 0.259000 0.012 0.559   0.043 0.000   0.060 0.000 999.99 0.259000  12.464 0.000  8.816 0.000   3.648 0.000 0.030 0.000 0.097 0.559
102.375 103.375  15.72 0.000  0.67 0.000 9.999 0.259000 9.99 0.259000 0.011 0.559   0.048 0.000   0.068 0.000 999.99 0.259000   1.994 0.000  0.906 0.000   1.088 0.000 0.012 0.000 0.122 0.559
105.375 106.375  15.20 0.000  0.83 0.000 9.999 0.259000 0.05 0.000000 0.015 0.559   0.165 0.000   0.231 0.000 999.99 0.259000   2.792 0.000  1.329 0.000   1.464 0.000 0.014 0.000 0.154 0.559
108.375 109.375   2.82 0.000  0.43 0.000 9.999 0.259000 9.99 0.259000 0.030 0.559   0.144 0.000   0.201 0.000 999.99 0.259000   1.243 0.000  0.309 0.000   0.934 0.000 0.005 0.000 0.091 0.559
111.375 112.375   3.45 0.000  0.34 0.000 9.999 0.259000 0.08 0.000000 0.029 0.559   0.122 0.000   0.171 0.000 999.99 0.259000   1.591 0.000  0.716 0.000   0.876 0.000 0.006 0.000 0.098 0.559
114.375 115.375   2.96 0.000  0.31 0.000 9.999 0.259000 9.99 0.259000 0.007 0.559   0.132 0.000   0.184 0.000 999.99 0.259000   1.151 0.000  0.523 0.000   0.628 0.000 0.004 0.000 0.042 0.559
117.375 118.375   2.75 0.000  0.21 0.000 0.160 0.000000 9.99 0.259000 0.005 0.559   0.141 0.000   0.198 0.000 999.99 0.259000  11.053 0.000  6.111 0.000   4.942 0.000 0.035 0.000 0.110 0.559
120.375 121.375  20.83 0.000  1.30 0.000 9.999 0.259000 0.06 0.000000 0.015 0.559   0.283 0.000   0.397 0.000 999.99 0.259000   3.050 0.000  1.425 0.000   1.625 0.000 0.021 0.000 0.161 0.559
123.375 124.375   5.99 0.000  1.13 0.000 9.999 0.259000 0.11 0.000000 0.018 0.559   0.292 0.000   0.409 0.000 999.99 0.259000   2.291 0.000  1.222 0.000   1.068 0.000 0.007 0.000 0.073 0.559
126.375 127.375  15.87 0.000  1.23 0.000 9.999 0.259000 0.10 0.000000 0.016 0.559   0.901 0.000   1.261 0.000 999.99 0.259000   3.878 0.000  1.594 0.000   2.284 0.000 0.018 0.000 0.159 0.559
129.375 130.375   7.25 0.000  4.90 0.000 9.999 0.259000 0.10 0.000000 0.015 0.559   0.279 0.000   0.391 0.000 999.99 0.259000   5.147 0.000  2.977 0.000   2.170 0.000 0.017 0.000 0.175 0.559
132.375 133.375   4.29 0.000  1.11 0.000 9.999 0.259000 9.99 0.259000 0.027 0.559   0.289 0.000   0.405 0.000 999.99 0.259000   3.472 0.000  1.392 0.000   2.080 0.000 0.012 0.000 0.227 0.559
135.375 136.375   6.46 0.000  0.70 0.000 9.999 0.259000 0.09 0.000000 0.012 0.559   0.590 0.000   0.826 0.000 999.99 0.259000   2.727 0.000  0.991 0.000   1.736 0.000 0.008 0.000 0.150 0.559
138.375 139.375   1.31 0.000  0.56 0.000 9.999 0.259000 0.23 0.000000 0.012 0.559   0.847 0.000   1.186 0.000 999.99 0.259000   3.091 0.000  0.930 0.000   2.160 0.000 0.009 0.000 0.170 0.559
141.375 142.375  10.90 0.000  2.04 0.000 9.999 0.259000 0.08 0.000000 0.032 0.559   0.847 0.000   1.185 0.000 999.99 0.259000   8.970 0.000  5.243 0.000   3.727 0.000 0.029 0.000 0.415 0.559
144.375 145.375   1.17 0.000  0.22 0.000 0.032 0.000000 0.13 0.000000 0.003 0.559   0.387 0.000   0.542 0.000 999.99 0.259000   1.763 0.000  1.351 0.000   0.412 0.000 0.004 0.000 0.012 0.559
147.375 148.375   2.25 0.000  0.79 0.000 9.999 0.259000 9.99 0.259000 0.017 0.559   0.871 0.000   1.220 0.000 999.99 0.259000   5.353 0.000  2.966 0.000   2.387 0.000 0.014 0.000 0.142 0.559
150.375 151.375   7.72 0.000  3.61 0.000 9.999 0.259000 0.05 0.000000 0.022 0.559   0.676 0.000   0.947 0.000 999.99 0.259000   5.317 0.000  3.519 0.000   1.798 0.000 0.012 0.000 0.101 0.559
153.375 154.375   2.02 0.000 99.99 0.259 9.999 0.259000 0.12 0.000000 0.025 0.559   0.557 0.000   0.780 0.000 999.99 0.259000   3.798 0.000  2.402 0.000   1.395 0.000 0.007 0.000 0.079 0.559
156.375 157.375  12.01 0.000  3.26 0.000 0.022 0.000000 0.06 0.000000 0.020 0.559   0.879 0.000   1.231 0.000 999.99 0.259000   7.378 0.000  5.053 0.000   2.325 0.000 0.015 0.000 0.139 0.559
159.375 160.375   2.46 0.000  0.77 0.000 9.999 0.259000 9.99 0.259000 0.023 0.559   0.871 0.000   1.219 0.000 999.99 0.259000  10.272 0.000  5.599 0.000   4.673 0.000 0.032 0.000 0.250 0.559
162.375 163.375   3.71 0.000  0.32 0.000 0.042 0.000000 0.06 0.000000 0.008 0.559   0.282 0.000   0.395 0.000 999.99 0.259000   2.663 0.000  1.916 0.000   0.746 0.000 0.006 0.000 0.034 0.559
165.375 166.375   1.82 0.559  0.75 0.559 9.999 0.559259 9.99 0.559259 0.021 0.559   0.798 0.000   1.117 0.000 999.99 0.559259   4.811 0.000  2.583 0.000   2.228 0.559 0.016 0.559 0.136 0.559
168.375 169.375   1.77 0.000 99.99 0.259 9.999 0.259000 0.08 0.000000 0.007 0.559   0.481 0.000   0.674 0.000 999.99 0.259000   2.026 0.000  1.439 0.000   0.586 0.000 0.006 0.000 0.012 0.559
171.375 172.375   8.62 0.000  1.04 0.000 9.999 0.259000 0.10 0.000000 0.017 0.559   0.870 0.000   1.217 0.000   6.09 0.000000   6.081 0.000  4.132 0.000   1.949 0.000 0.020 0.000 0.090 0.559
174.375 175.375   5.21 0.000  0.39 0.000 9.999 0.259000 0.27 0.000000 0.030 0.000   0.655 0.000   0.918 0.000 999.99 0.259000  11.136 0.000  6.660 0.000   4.475 0.000 0.032 0.000 0.346 0.000
177.375 178.375   6.78 0.000  0.46 0.000 9.999 0.259000 0.08 0.000000 0.011 0.000   0.985 0.000   1.379 0.000 999.99 0.259000   5.260 0.000  3.310 0.000   1.949 0.000 0.012 0.000 0.064 0.000
180.375 181.375   5.52 0.000  1.60 0.000 9.999 0.259000 0.23 0.000000 0.021 0.000   0.862 0.000   1.207 0.000 999.99 0.259000   4.547 0.000  2.101 0.000   2.446 0.000 0.012 0.000 0.172 0.000
183.375 184.375   3.02 0.000  0.99 0.000 9.999 0.259000 0.10 0.000000 0.021 0.000   1.673 0.000   2.342 0.000 999.99 0.259000   5.641 0.000  2.084 0.000   3.557 0.000 0.026 0.000 0.081 0.000
186.375 187.375   4.09 0.000  0.27 0.000 0.041 0.000000 9.99 0.259000 0.042 0.000   0.800 0.000   1.120 0.000 999.99 0.259000   9.533 0.000  5.737 0.000   3.796 0.000 0.034 0.000 0.138 0.000
189.375 190.375   9.13 0.000  0.42 0.000 9.999 0.259000 9.99 0.259000 0.013 0.000   2.191 0.000   3.067 0.000 999.99 0.259000   8.538 0.000  3.225 0.000   5.312 0.000 0.044 0.000 0.172 0.000
192.375 193.375   8.53 0.000  1.72 0.000 9.999 0.259000 9.99 0.259000 0.029 0.000   1.995 0.000   2.793 0.000   7.36 0.000000   8.383 0.000  3.670 0.000   4.712 0.000 0.022 0.000 0.111 0.000
195.375 196.375   6.36 0.000  0.40 0.000 9.999 0.259000 0.13 0.000000 0.019 0.000   2.440 0.000   3.415 0.000 999.99 0.259000   8.474 0.000  2.030 0.000   6.444 0.000 0.037 0.000 0.228 0.000
198.375 199.375   1.24 0.000  0.30 0.000 0.035 0.000000 9.99 0.259000 0.005 0.000   0.291 0.000   0.407 0.000 999.99 0.259000   2.232 0.000  1.380 0.000   0.852 0.000 0.010 0.000 0.043 0.000
201.375 202.375   1.94 0.000  1.88 0.000 9.999 0.259000 9.99 0.259000 0.011 0.000   0.608 0.000   0.851 0.000  10.08 0.000000   5.002 0.000  3.312 0.000   1.690 0.000 0.031 0.000 0.074 0.000
204.375 205.375   1.49 0.000  0.56 0.000 9.999 0.259000 9.99 0.259000 0.020 0.000   0.549 0.000   0.768 0.000   7.52 0.000000   4.380 0.000  2.858 0.000   1.522 0.000 0.019 0.000 0.085 0.000
207.375 208.375   4.55 0.000  0.19 0.000 9.999 0.259000 0.19 0.000000 0.011 0.000   0.407 0.000   0.570 0.000 999.99 0.259000   3.555 0.000  2.012 0.000   1.543 0.000 0.014 0.000 0.093 0.000
210.375 211.375   0.97 0.000  1.08 0.000 9.999 0.259000 0.11 0.000000 0.030 0.000   0.559 0.000   0.782 0.000 999.99 0.259000   6.298 0.000  3.618 0.000   2.680 0.000 0.034 0.000 0.246 0.000
213.375 214.375   1.86 0.000  1.34 0.000 9.999 0.259000 9.99 0.259000 0.018 0.000   0.670 0.000   0.938 0.000 999.99 0.259000   5.531 0.000  2.957 0.000   2.574 0.000 0.016 0.000 0.193 0.000
216.375 217.375   3.59 0.000  1.26 0.000 9.999 0.259000 9.99 0.259000 0.013 0.000   1.048 0.000   1.467 0.000 999.99 0.259000   4.479 0.000  1.815 0.000   2.664 0.000 0.014 0.000 0.078 0.000
219.375 220.375  10.27 0.000  0.99 0.000 9.999 0.259000 0.19 0.000000 0.024 0.000   1.212 0.000   1.697 0.000 999.99 0.259000   7.771 0.000  4.208 0.000   3.564 0.000 0.016 0.000 0.158 0.000
222.375 223.375   5.47 0.000  1.27 0.000 9.999 0.259000 9.99 0.259000 0.012 0.000   0.758 0.000   1.062 0.000 999.99 0.259000   4.315 0.000  2.349 0.000   1.966 0.000 0.012 0.000 0.086 0.000
225.375 226.375   2.84 0.000  0.23 0.000 9.999 0.259000 0.11 0.000000 0.024 0.000   0.536 0.000   0.751 0.000 999.99 0.259000   6.369 0.000  2.976 0.000   3.393 0.000 0.014 0.000 0.435 0.000
228.375 229.375 999.99 0.699 99.99 0.699 9.999 0.699000 9.99 0.699000 0.023 0.000  10.023 0.000  14.032 0.000 999.99 0.699000  23.114 0.000 99.999 0.999 999.999 0.699 9.999 0.699 0.172 0.000
231.375 232.375  15.07 0.000  0.37 0.000 9.999 0.259000 0.16 0.000000 0.040 0.000   6.039 0.000   8.454 0.000 999.99 0.259000  15.428 0.000  3.421 0.000  12.007 0.000 0.058 0.000 0.246 0.000
234.375 235.375   3.69 0.000  1.59 0.000 9.999 0.259000 9.99 0.259000 0.029 0.000   1.073 0.000   1.502 0.000 999.99 0.259000   6.612 0.000  3.388 0.000   3.224 0.000 0.021 0.000 0.240 0.000
237.375 238.375   3.91 0.000  0.39 0.000 0.019 0.000000 0.09 0.000000 0.025 0.000   2.536 0.000   3.550 0.000 999.99 0.259000   8.424 0.000  3.318 0.000   5.105 0.000 0.036 0.000 0.122 0.000
240.375 241.375   3.56 0.699  2.00 0.699 9.999 0.699259 9.99 0.699259 0.015 0.000   5.603 0.000   7.844 0.000 999.99 0.699259  12.174 0.000  0.755 0.000  11.419 0.699 0.054 0.699 0.082 0.000
243.375 244.375 999.99 0.699 99.99 0.699 9.999 0.699000 9.99 0.699000 0.063 0.000  13.840 0.000  19.376 0.000 999.99 0.699000  28.667 0.000 99.999 0.999 999.999 0.699 9.999 0.699 0.280 0.000
246.375 247.375   1.24 0.000 99.99 0.259 9.999 0.259000 9.99 0.259000 0.006 0.000   0.557 0.000   0.780 0.000   0.69 0.000000   3.903 0.000  2.757 0.000   1.146 0.000 0.015 0.000 0.028 0.000
