scripts/IMPROVE-2019_partial/data/US9068R.20050101070000.20191216000000.filterpack..pm25.52w.1w.US03L_filterpack_US9068.US03L_IMPROVE_Davis.lev2.nas
64 1001
MISSING INFORMATION
US03L, IMPROVE, , , , , , , 
MISSING INFORMATION
IMPROVE sel_HTAP
1 1
2005 01 01 2019 12 16
3.000000
days from file reference point
25
1 1 1 1 1 1 1 1 1 1 1 1 1 1 1 1 1 1 1 1 1 1 1 1 1
999.999999 9999.99 9.999 999.99 9.999 9.999 9.999 9.99 9.999 99.999 9.999 99.999 9.999 99.999 9.999 999.999 9.999 999.999 9.999 999.999 9.999 99.999 9.999 99.999 9.999
end_time of measurement, days from the file reference point
iron, ng/m3, Revision date=20181210133000
numflag iron, no unit, Revision date=20181210133000
lead, ng/m3, Revision date=20181210133000
numflag lead, no unit, Revision date=20181210133000
magnesium, ug/m3, Revision date=20181210133000
numflag magnesium, no unit, Revision date=20181210133000
nickel, ng/m3, Revision date=20181210133000
numflag nickel, no unit, Revision date=20181210133000
nitrate, ug N/m3, Revision date=20181210133000
numflag nitrate, no unit, Revision date=20181210133000
organic_carbon, ug C/m3, Revision date=20181210133000
numflag organic_carbon, no unit, Revision date=20181210133000
organic_mass, ug/m3, Revision date=20181210133000
numflag organic_mass, no unit, Revision date=20181210133000
pm10_mass, ug/m3, Version=2, Version description=Data extracted from http://views.cira.colostate.edu/fed/DataWizard 2019-12-16, Sample duration=1d, Orig. time res.=3d, Matrix=pm10, Blank correction=Blank corrected, Volume std. temperature=ambient, Volume std. pressure=ambient
numflag pm10_mass, no unit, Version=2, Version description=Data extracted from http://views.cira.colostate.edu/fed/DataWizard 2019-12-16, Sample duration=1d, Orig. time res.=3d, Matrix=pm10, Blank correction=Blank corrected, Volume std. temperature=ambient, Volume std. pressure=ambient
pm10_pm25_mass, ug/m3, Revision date=20181210133000, Matrix=pm10_pm25
numflag pm10_pm25_mass, no unit, Revision date=20181210133000, Matrix=pm10_pm25
pm25_mass, ug/m3, Version=2, Version description=Data extracted from http://views.cira.colostate.edu/fed/DataWizard 2019-12-16, Sample duration=1d, Orig. time res.=3d, Blank correction=Blank corrected, Volume std. temperature=ambient, Volume std. pressure=ambient
numflag pm25_mass, no unit, Version=2, Version description=Data extracted from http://views.cira.colostate.edu/fed/DataWizard 2019-12-16, Sample duration=1d, Orig. time res.=3d, Blank correction=Blank corrected, Volume std. temperature=ambient, Volume std. pressure=ambient
potassium, ug/m3, Revision date=20181210133000
numflag potassium, no unit, Revision date=20181210133000
sulphate_total, ug S/m3, Revision date=20181210133000
numflag sulphate_total, no unit, Revision date=20181210133000
0
25
Data definition:              EBAS_1.1
Set type code:                TU
Timezone:                     UTC
File name:                    US9068R.20050101070000.20191216000000.filterpack..pm25.52w.1w.US03L_filterpack_US9068.US03L_IMPROVE_Davis.lev2.nas
File creation:                20191218121012
Startdate:                    20050101070000
Revision date:                20191216000000
Statistics:                   arithmetic mean
Data level:                   2
Period code:                  52w
Resolution code:              1w
Station code:                 US9068R
Platform code:                US9068S
Station name:                 Salt Creek
Station latitude:             33.4598
Station longitude:            -104.4042
Station altitude:             1072.0 m
Regime:                       IMG
Component:                    
Matrix:                       pm25
Laboratory code:              US03L
Instrument type:              filterpack
Instrument name:              filterpack_US9068
Method ref:                   US03L_IMPROVE_Davis
starttime endtime Fe flag_Fe Pb flag_Pb Mg++ flag_Mg++ Ni flag_Ni NO3- flag_NO3- OC flag_OC OM flag_OM PM10 flag_PM10 PM10-PM2.5 flag_PM10-PM2.5 PM2.5 flag_PM2.5 K+ flag_K+ SO4-- flag_SO4--
[from data line 90]
270.291667 271.291667   65.58 0.000   0.81 0.000 0.009 0.000 9.99 0.259  0.064 0.559  1.626 0.000  2.926 0.000  40.944 0.000  32.736 0.000   7.859 0.000  0.071 0.000  0.700 0.559
273.291667 274.291667   20.91 0.000   0.16 0.000 0.016 0.000 9.99 0.259  0.035 0.000  1.172 0.000  2.110 0.000  11.081 0.000   7.340 0.000   3.662 0.000  0.019 0.000  0.232 0.000
276.291667 277.291667 9999.99 0.999 999.99 0.999 9.999 0.999 9.99 0.999 99.999 0.999 99.999 0.999 99.999 0.999 999.999 0.999 999.999 0.999 999.999 0.999 99.999 0.999 99.999 0.999
279.291667 280.291667   10.15 0.000   0.11 0.000 0.011 0.000 9.99 0.259  0.282 0.559  0.867 0.000  1.560 0.000   8.459 0.000   4.313 0.000   4.099 0.000  0.015 0.000  0.294 0.559
282.291667 283.291667    7.45 0.000   0.30 0.000 9.999 0.259 9.99 0.259  0.042 0.559  0.768 0.559  1.382 0.559   2.909 0.000   1.170 0.000   1.727 0.000  0.008 0.000  0.086 0.559
285.291667 286.291667   13.12 0.000   0.39 0.000 9.999 0.259 9.99 0.259  0.093 0.559  1.308 0.559  2.354 0.559   8.502 0.000   3.226 0.000   5.240 0.000  0.015 0.000  0.453 0.559
288.291667 289.291667   14.96 0.000   0.82 0.000 9.999 0.259 9.99 0.259  0.211 0.559  1.389 0.559  2.500 0.559  10.589 0.000   3.376 0.000   7.174 0.000  0.029 0.000  0.837 0.559
291.291667 292.291667   11.81 0.000   0.40 0.000 9.999 0.259 9.99 0.259  0.045 0.000  0.699 0.000  1.259 0.000   6.861 0.000   3.677 0.000   3.144 0.000  0.014 0.000  0.363 0.000
294.291667 295.291667   19.92 0.000   0.27 0.000 0.010 0.000 9.99 0.259  0.157 0.559  1.175 0.000  2.115 0.000  12.764 0.000   8.293 0.000   4.383 0.000  0.031 0.000  0.323 0.559
297.291667 298.291667   21.20 0.000   0.23 0.000 0.017 0.000 9.99 0.259  0.149 0.559  0.767 0.000  1.381 0.000  12.998 0.000   8.638 0.000   4.266 0.000  0.026 0.000  0.448 0.559
300.291667 301.291667   15.76 0.000   0.57 0.000 9.999 0.259 0.34 0.000  0.204 0.000  0.965 0.000  1.737 0.000  11.905 0.000   4.648 0.000   7.206 0.000  0.042 0.000  1.066 0.000
303.291667 304.291667   26.55 0.000   0.75 0.000 9.999 0.259 9.99 0.259  0.057 0.000  0.373 0.559  0.672 0.559  10.174 0.000   7.401 0.000   2.693 0.000  0.022 0.000  0.255 0.000
306.291667 307.291667   58.90 0.000   3.39 0.000 9.999 0.259 0.28 0.000  0.053 0.000  0.701 0.000  1.263 0.000  15.635 0.000  10.286 0.000   5.239 0.000  0.059 0.000  0.436 0.000
309.291667 310.291667   39.53 0.000   0.93 0.000 9.999 0.259 9.99 0.259  0.052 0.000  0.759 0.000  1.366 0.000  13.697 0.000   9.677 0.000   3.916 0.000  0.041 0.000  0.287 0.000
312.291667 313.291667   76.25 0.000   0.51 0.000 9.999 0.259 9.99 0.259  0.036 0.559 99.999 0.456 99.999 0.456 999.999 0.456 999.999 0.999   4.964 0.000  0.055 0.000  0.237 0.559
315.291667 316.291667   14.01 0.000   0.36 0.000 9.999 0.259 9.99 0.259  0.014 0.559 99.999 0.456 99.999 0.456 999.999 0.456 999.999 0.999   1.903 0.000  0.012 0.000  0.208 0.559
318.291667 319.291667   24.50 0.000   0.68 0.000 9.999 0.259 9.99 0.259  0.015 0.559 99.999 0.456 99.999 0.456 999.999 0.456 999.999 0.999   1.995 0.000  0.020 0.000  0.113 0.559
321.291667 322.291667   43.84 0.000   0.29 0.000 9.999 0.259 9.99 0.259  0.263 0.559  1.110 0.559  1.998 0.559  19.328 0.000  14.243 0.000   4.933 0.000  0.040 0.000  0.191 0.559
324.291667 325.291667   32.62 0.000   0.50 0.000 0.011 0.000 9.99 0.259  0.015 0.559  0.703 0.559  1.266 0.559   9.533 0.000   7.155 0.000   2.301 0.000  0.020 0.000  0.091 0.559
327.291667 328.291667   44.14 0.000   0.27 0.000 9.999 0.259 9.99 0.259  0.038 0.559  0.828 0.000  1.491 0.000  11.070 0.000   7.570 0.000   3.419 0.000  0.027 0.000  0.112 0.559
330.291667 331.291667   43.55 0.000   0.29 0.000 9.999 0.259 0.12 0.000  0.014 0.559  0.471 0.559  0.848 0.559  20.373 0.000  17.878 0.000   2.306 0.000  0.034 0.000  0.087 0.559
333.291667 334.291667   35.29 0.000   0.38 0.000 9.999 0.259 9.99 0.259  0.118 0.000  2.912 0.000  5.242 0.000  27.451 0.000  17.490 0.000   9.772 0.000  0.147 0.000  0.228 0.000
336.291667 337.291667   48.05 0.000   0.47 0.000 0.085 0.000 9.99 0.259  0.086 0.559  0.549 0.000  0.989 0.000  32.566 0.000  27.345 0.000   4.930 0.000  0.038 0.000  0.299 0.559
339.291667 340.291667   29.42 0.000   1.43 0.000 0.009 0.000 9.99 0.259  0.167 0.000  0.669 0.000  1.203 0.000  14.359 0.000  10.845 0.000   3.534 0.000  0.057 0.000  0.118 0.000
342.291667 343.291667   66.86 0.000   1.13 0.000 0.028 0.000 9.99 0.259  0.387 0.559  1.008 0.559  1.814 0.559  30.844 0.000  22.292 0.000   8.314 0.000  0.087 0.000  0.462 0.559
345.291667 346.291667   57.44 0.000   0.49 0.000 0.032 0.000 9.99 0.259  0.222 0.000  0.890 0.000  1.602 0.000  24.956 0.000  19.617 0.000   5.130 0.000  0.285 0.000  0.151 0.000
348.291667 349.291667   31.52 0.000   0.47 0.000 9.999 0.259 9.99 0.259  0.111 0.559  0.454 0.000  0.817 0.000  18.947 0.000  15.670 0.000   3.110 0.000  0.024 0.000  0.117 0.559
351.291667 352.291667   15.71 0.000   0.99 0.000 9.999 0.259 0.22 0.000  0.619 0.559  1.541 0.559  2.774 0.559  18.338 0.000   5.524 0.000  12.751 0.000  0.029 0.000  1.179 0.559
354.291667 355.291667   40.06 0.000   7.40 0.000 9.999 0.259 9.99 0.259  0.298 0.559  0.961 0.559  1.730 0.559  19.953 0.000  14.804 0.000   4.991 0.000  0.039 0.000  0.154 0.559
357.291667 358.291667   82.90 0.000   0.71 0.000 0.031 0.000 9.99 0.259  0.032 0.000  0.458 0.559  0.825 0.559  24.263 0.000  20.510 0.000   3.752 0.000  0.091 0.000  0.081 0.000
360.291667 361.291667   28.33 0.000   0.23 0.000 9.999 0.259 9.99 0.259  0.014 0.559  0.416 0.000  0.749 0.000  16.358 0.000  14.917 0.000   1.605 0.000  0.021 0.000  0.080 0.559
363.291667 364.291667   41.97 0.000   0.62 0.000 9.999 0.259 9.99 0.259  0.100 0.000  0.292 0.000  0.526 0.000  14.534 0.000  11.838 0.000   2.571 0.000  0.032 0.000  0.061 0.000
