scripts/IMPROVE-2019_partial/data/US9041R.20090101080000.20191216000000.filterpack...9mo.3d.US03L_filterpack_US9041.US03L_IMPROVE_Davis.lev2.nas
52 1001
MISSING INFORMATION
US03L, IMPROVE, , , , , , , 
MISSING INFORMATION
IMPROVE sel_HTAP
1 1
2009 01 01 2019 12 16
3.000000
days from file reference point
5
1 1 1 1 1
999.999999 999.999 9.999 999.999 9.999
end_time of measurement, days from the file reference point
pm10_mass, ug/m3, Matrix=pm10
numflag pm10_mass, no unit, Matrix=pm10
pm25_mass, ug/m3, Matrix=pm25
numflag pm25_mass, no unit, Matrix=pm25
0
33
Data definition:              EBAS_1.1
Set type code:                TU
Timezone:                     UTC
File name:                    US9041R.20090101080000.20191216000000.filterpack...9mo.3d.US03L_filterpack_US9041.US03L_IMPROVE_Davis.lev2.nas
File creation:                20191218120808
Startdate:                    20090101080000
Revision date:                20191216000000
Version:                      2
Version description:          "Data extracted from http://views.cira.colostate.edu/fed/DataWizard 2019-12-16"
Statistics:                   arithmetic mean
Data level:                   2
Period code:                  9mo
Resolution code:              3d
Sample duration:              1d
Orig. time res.:              3d
Station code:                 US9041R
Platform code:                US9041S
Station name:                 San Gabriel
Station latitude:             34.2969
Station longitude:            -118.0282
Station altitude:             1791.0 m
Regime:                       IMG
Component:                    
Unit:                         ug/m3
Matrix:                       
Laboratory code:              US03L
Instrument type:              filterpack
Instrument name:              filterpack_US9041
Method ref:                   US03L_IMPROVE_Davis
Blank correction:             Blank corrected
Volume std. temperature:      ambient
Volume std. pressure:         ambient
starttime endtime PM10 flag_PM10 PM2.5 flag_PM2.5
  0.333333   1.333333   2.270 0.000   0.745 0.000
  3.333333   4.333333   2.057 0.000   0.726 0.000
  6.333333   7.333333   2.082 0.000   0.311 0.000
  9.333333  10.333333   1.349 0.000   0.340 0.000
 12.333333  13.333333   1.404 0.000   0.630 0.000
 15.333333  16.333333   2.468 0.000   0.558 0.000
 18.333333  19.333333   3.844 0.000   1.711 0.000
 21.333333  22.333333   4.026 0.000   1.928 0.000
 24.333333  25.333333   2.394 0.000   1.565 0.000
 27.333333  28.333333   5.498 0.000   1.915 0.000
 30.333333  31.333333   2.673 0.000   1.210 0.000
 33.333333  34.333333   3.836 0.000   1.583 0.000
 36.333333  37.333333 999.999 0.999 999.999 0.999
 39.333333  40.333333 999.999 0.999 999.999 0.999
 42.333333  43.333333   1.370 0.000   0.915 0.000
 45.333333  46.333333 999.999 0.999 999.999 0.999
 48.333333  49.333333   1.152 0.000   0.569 0.000
 51.333333  52.333333  10.575 0.000   4.257 0.000
 54.333333  55.333333   5.600 0.000   3.716 0.000
 57.333333  58.333333   3.777 0.000   2.006 0.000
 60.333333  61.333333   3.494 0.000   2.411 0.000
 63.333333  64.333333   2.965 0.000   1.611 0.000
 66.333333  67.333333  12.029 0.000   7.156 0.000
 69.333333  70.333333  13.574 0.000   7.038 0.000
 72.333333  73.333333   8.108 0.000   4.501 0.000
 75.333333  76.333333   7.512 0.000   3.448 0.000
 78.333333  79.333333  10.295 0.000   5.902 0.000
 81.333333  82.333333   6.663 0.000   1.280 0.000
 84.333333  85.333333   8.655 0.000   3.258 0.000
 87.333333  88.333333  15.987 0.000   6.427 0.000
 90.333333  91.333333   9.807 0.000   3.499 0.000
 93.333333  94.333333  24.290 0.000   7.886 0.000
 96.333333  97.333333   9.920 0.000   3.608 0.000
 99.333333 100.333333   3.187 0.000 999.999 0.259
102.333333 103.333333   8.585 0.000   4.463 0.000
105.333333 106.333333  10.718 0.000   3.887 0.000
108.333333 109.333333   6.886 0.000   3.491 0.000
111.333333 112.333333   9.454 0.000   4.572 0.000
114.333333 115.333333   7.752 0.000   3.017 0.000
117.333333 118.333333  15.043 0.000   8.247 0.000
120.333333 121.333333   4.979 0.000   2.614 0.000
123.333333 124.333333  14.840 0.000   8.543 0.000
126.333333 127.333333   7.448 0.000   3.345 0.000
129.333333 130.333333  14.045 0.000   7.924 0.000
132.333333 133.333333  11.895 0.000   4.149 0.000
135.333333 136.333333  15.778 0.000   7.098 0.000
138.333333 139.333333   7.592 0.000   4.171 0.000
141.333333 142.333333  15.479 0.000   5.687 0.000
144.333333 145.333333  17.198 0.000   7.798 0.000
147.333333 148.333333  16.724 0.000   4.403 0.000
150.333333 151.333333  14.066 0.000   6.356 0.000
153.333333 154.333333 999.999 0.999 999.999 0.999
156.333333 157.333333 999.999 0.999 999.999 0.999
159.333333 160.333333   9.910 0.000   6.225 0.000
162.333333 163.333333  10.445 0.000   6.871 0.000
165.333333 166.333333  10.078 0.000   5.380 0.000
168.333333 169.333333  13.078 0.000   5.297 0.000
171.333333 172.333333  16.043 0.000   5.974 0.000
174.333333 175.333333  13.621 0.000   5.876 0.000
177.333333 178.333333  11.304 0.000   5.282 0.000
180.333333 181.333333   8.627 0.000   4.524 0.000
183.333333 184.333333   5.393 0.000   2.398 0.000
186.333333 187.333333   7.704 0.000   3.997 0.000
189.333333 190.333333   6.092 0.000   3.146 0.000
192.333333 193.333333   4.201 0.000   2.328 0.000
195.333333 196.333333   4.776 0.000   2.565 0.000
198.333333 199.333333  12.331 0.000   5.568 0.000
201.333333 202.333333  15.276 0.000   7.090 0.000
204.333333 205.333333  12.593 0.000   5.136 0.000
207.333333 208.333333  14.926 0.000   6.636 0.000
210.333333 211.333333  18.078 0.000   7.770 0.000
213.333333 214.333333   6.325 0.000   3.738 0.000
216.333333 217.333333   5.311 0.000   2.015 0.000
219.333333 220.333333  13.887 0.000   6.413 0.000
222.333333 223.333333  16.881 0.000   7.812 0.000
225.333333 226.333333  24.474 0.000  14.624 0.000
228.333333 229.333333  14.960 0.000  12.218 0.000
231.333333 232.333333   7.584 0.000   3.916 0.000
234.333333 235.333333   6.334 0.000   3.946 0.000
237.333333 238.333333 999.999 0.456 999.999 0.456
240.333333 241.333333 999.999 0.456 999.999 0.456
243.333333 244.333333 999.999 0.456 999.999 0.456
246.333333 247.333333 999.999 0.999 999.999 0.999
249.333333 250.333333 999.999 0.999 999.999 0.999
252.333333 253.333333 999.999 0.999 999.999 0.999
255.333333 256.333333 999.999 0.999 999.999 0.999
258.333333 259.333333 999.999 0.999 999.999 0.999
261.333333 262.333333 999.999 0.999 999.999 0.999
264.333333 265.333333 999.999 0.999 999.999 0.999
267.333333 268.333333 999.999 0.999 999.999 0.999
270.333333 271.333333 999.999 0.999 999.999 0.999
