scripts/IMPROVE-2019_partial/data/US9069R.20050101070000.20191216000000.filterpack..pm25.52w.1w.US03L_filterpack_US9069.US03L_IMPROVE_Davis.lev2.nas
66 1001
MISSING INFORMATION
US03L, IMPROVE, , , , , , , 
MISSING INFORMATION
IMPROVE sel_HTAP
1 1
2005 01 01 2019 12 16
3.000000
days from file reference point
27
1 1 1 1 1 1 1 1 1 1 1 1 1 1 1 1 1 1 1 1 1 1 1 1 1 1 1
999.999999 9999.99 9.999 99.99 9.999 9.999 9.999999 9.99 9.999999 9.999 9.999 99.999 9.999 99.999 9.999 99.99 9.999999 999.999 9.999 999.999 9.999 999.999 9.999 9.999 9.999 99.999 9.999
end_time of measurement, days from the file reference point
iron, ng/m3, Revision date=20181210133000
numflag iron, no unit, Revision date=20181210133000
lead, ng/m3, Revision date=20181210133000
numflag lead, no unit, Revision date=20181210133000
magnesium, ug/m3, Revision date=20181210133000
numflag magnesium, no unit, Revision date=20181210133000
nickel, ng/m3, Revision date=20181210133000
numflag nickel, no unit, Revision date=20181210133000
nitrate, ug N/m3, Revision date=20181210133000
numflag nitrate, no unit, Revision date=20181210133000
organic_carbon, ug C/m3, Revision date=20181210133000
numflag organic_carbon, no unit, Revision date=20181210133000
organic_mass, ug/m3, Revision date=20181210133000
numflag organic_mass, no unit, Revision date=20181210133000
phosphorus, ng/m3, Revision date=20181210133000
numflag phosphorus, no unit, Revision date=20181210133000
pm10_mass, ug/m3, Version=2, Version description=Data extracted from http://views.cira.colostate.edu/fed/DataWizard 2019-12-16, Sample duration=1d, Orig. time res.=3d, Matrix=pm10, Blank correction=Blank corrected, Volume std. temperature=ambient, Volume std. pressure=ambient
numflag pm10_mass, no unit, Version=2, Version description=Data extracted from http://views.cira.colostate.edu/fed/DataWizard 2019-12-16, Sample duration=1d, Orig. time res.=3d, Matrix=pm10, Blank correction=Blank corrected, Volume std. temperature=ambient, Volume std. pressure=ambient
pm10_pm25_mass, ug/m3, Revision date=20181210133000, Matrix=pm10_pm25
numflag pm10_pm25_mass, no unit, Revision date=20181210133000, Matrix=pm10_pm25
pm25_mass, ug/m3, Version=2, Version description=Data extracted from http://views.cira.colostate.edu/fed/DataWizard 2019-12-16, Sample duration=1d, Orig. time res.=3d, Blank correction=Blank corrected, Volume std. temperature=ambient, Volume std. pressure=ambient
numflag pm25_mass, no unit, Version=2, Version description=Data extracted from http://views.cira.colostate.edu/fed/DataWizard 2019-12-16, Sample duration=1d, Orig. time res.=3d, Blank correction=Blank corrected, Volume std. temperature=ambient, Volume std. pressure=ambient
potassium, ug/m3, Revision date=20181210133000
numflag potassium, no unit, Revision date=20181210133000
sulphate_total, ug S/m3, Revision date=20181210133000
numflag sulphate_total, no unit, Revision date=20181210133000
0
25
Data definition:              EBAS_1.1
Set type code:                TU
Timezone:                     UTC
File name:                    US9069R.20050101070000.20191216000000.filterpack..pm25.52w.1w.US03L_filterpack_US9069.US03L_IMPROVE_Davis.lev2.nas
File creation:                20191218121015
Startdate:                    20050101070000
Revision date:                20191216000000
Statistics:                   arithmetic mean
Data level:                   2
Period code:                  52w
Resolution code:              1w
Station code:                 US9069R
Platform code:                US9069S
Station name:                 White Mountain
Station latitude:             33.4687
Station longitude:            -105.5349
Station altitude:             2063.0 m
Regime:                       IMG
Component:                    
Matrix:                       pm25
Laboratory code:              US03L
Instrument type:              filterpack
Instrument name:              filterpack_US9069
Method ref:                   US03L_IMPROVE_Davis
starttime endtime Fe flag_Fe Pb flag_Pb Mg++ flag_Mg++ Ni flag_Ni NO3- flag_NO3- OC flag_OC OM flag_OM P flag_P PM10 flag_PM10 PM10-PM2.5 flag_PM10-PM2.5 PM2.5 flag_PM2.5 K+ flag_K+ SO4-- flag_SO4--
[from data line 82]
246.291667 247.291667   12.29 0.000  0.68 0.000 9.999 0.259000 0.13 0.000000 0.014 0.000  1.335 0.000  2.402 0.000 99.99 0.259000 999.999 0.456 999.999 0.999   8.422 0.000 0.020 0.000  1.164 0.000
249.291667 250.291667   20.05 0.699  1.13 0.699 9.999 0.699259 9.99 0.699259 0.015 0.000  1.565 0.559  2.816 0.559 99.99 0.699259  15.275 0.000   3.988 0.699  11.273 0.659 0.031 0.699  1.784 0.000
252.291667 253.291667   12.22 0.000  1.12 0.000 9.999 0.259000 0.11 0.000000 0.014 0.000  0.738 0.000  1.328 0.000 99.99 0.259000   8.026 0.000   2.514 0.000   5.450 0.000 0.013 0.000  0.814 0.000
255.291667 256.291667   14.93 0.000  0.89 0.000 9.999 0.259000 0.12 0.000000 0.018 0.000 99.999 0.456 99.999 0.456 99.99 0.259000   7.823 0.000   4.700 0.000   3.106 0.000 0.014 0.000  0.483 0.000
258.291667 259.291667   26.97 0.000  0.87 0.000 9.999 0.259000 0.09 0.000000 0.032 0.000 99.999 0.456 99.999 0.456 99.99 0.259000  10.630 0.000   5.396 0.000   5.142 0.000 0.027 0.000  0.566 0.000
261.291667 262.291667   16.71 0.000  0.91 0.000 9.999 0.259000 0.12 0.000000 0.010 0.000 99.999 0.456 99.999 0.456 99.99 0.259000   5.452 0.000   2.457 0.000   2.949 0.000 0.013 0.000  0.359 0.000
264.291667 265.291667   35.17 0.000  0.65 0.000 9.999 0.259000 0.24 0.000000 0.016 0.000  0.619 0.000  1.115 0.000 99.99 0.259000 999.999 0.456 999.999 0.999   4.766 0.000 0.031 0.000  0.627 0.000
267.291667 268.291667    9.74 0.000  0.45 0.000 0.004 0.000000 0.13 0.000000 0.005 0.000  0.340 0.000  0.612 0.000 99.99 0.259000 999.999 0.456 999.999 0.999   1.525 0.000 0.013 0.000  0.210 0.000
270.291667 271.291667   34.37 0.000  0.55 0.000 9.999 0.259000 0.12 0.000000 0.025 0.000  0.948 0.000  1.707 0.000 99.99 0.259000  11.318 0.000   6.210 0.000   5.077 0.000 0.029 0.000  0.546 0.000
273.291667 274.291667   14.55 0.000  0.37 0.000 9.999 0.259000 9.99 0.259000 0.007 0.000  0.910 0.000  1.638 0.000 99.99 0.259000   5.050 0.000   2.225 0.000   2.782 0.000 0.011 0.000  0.176 0.000
276.291667 277.291667   10.89 0.000  0.69 0.000 9.999 0.259000 0.23 0.000000 0.019 0.000  0.824 0.000  1.482 0.000 99.99 0.259000   6.149 0.000   2.201 0.000   3.933 0.000 0.016 0.000  0.515 0.000
279.291667 280.291667    4.97 0.000  0.14 0.000 9.999 0.259000 9.99 0.259000 0.024 0.000  0.698 0.000  1.257 0.000 99.99 0.259000   2.723 0.000   1.111 0.000   1.590 0.000 0.011 0.000  0.097 0.000
282.291667 283.291667   10.94 0.000  0.36 0.000 9.999 0.259000 9.99 0.259000 0.011 0.000  0.559 0.000  1.005 0.000 99.99 0.259000   3.395 0.000   1.402 0.000   1.965 0.000 0.014 0.000  0.212 0.000
285.291667 286.291667   10.93 0.000  0.41 0.000 0.009 0.000000 9.99 0.259000 0.066 0.000  0.957 0.000  1.723 0.000 99.99 0.259000   6.114 0.000   2.392 0.000   3.672 0.000 0.015 0.000  0.428 0.000
288.291667 289.291667   11.57 0.000  0.74 0.000 0.005 0.000000 0.19 0.000000 0.017 0.000  0.566 0.000  1.018 0.000 99.99 0.259000   4.678 0.000   1.742 0.000   2.899 0.000 0.017 0.000  0.355 0.000
291.291667 292.291667    6.50 0.000  0.41 0.000 9.999 0.259000 9.99 0.259000 0.011 0.000  0.026 0.000  0.048 0.000 99.99 0.259000   2.436 0.000   1.351 0.000   1.088 0.000 0.007 0.000  0.136 0.000
294.291667 295.291667    9.03 0.000  0.69 0.000 0.006 0.000000 9.99 0.259000 0.011 0.000  0.509 0.000  0.917 0.000 99.99 0.259000   3.890 0.000   2.037 0.000   1.819 0.000 0.011 0.000  0.153 0.000
297.291667 298.291667   11.14 0.000  0.40 0.000 0.010 0.000000 9.99 0.259000 0.008 0.000  0.372 0.000  0.670 0.000 99.99 0.259000 999.999 0.456 999.999 0.999   1.950 0.000 0.010 0.000  0.194 0.000
300.291667 301.291667   19.28 0.000  1.43 0.000 9.999 0.259000 0.18 0.000000 0.043 0.000  0.870 0.000  1.566 0.000 99.99 0.259000  11.326 0.000   3.989 0.000   7.248 0.000 0.024 0.000  1.137 0.000
303.291667 304.291667   29.36 0.000  1.19 0.000 0.015 0.000000 9.99 0.259000 0.014 0.000  0.312 0.000  0.562 0.000 99.99 0.259000   4.542 0.000   1.807 0.000   2.697 0.000 0.025 0.000  0.327 0.000
306.291667 307.291667   29.68 0.000  1.63 0.000 9.999 0.259000 0.21 0.000000 0.011 0.000  0.497 0.000  0.894 0.000 99.99 0.259000   7.658 0.000   4.098 0.000   3.492 0.000 0.025 0.000  0.451 0.000
309.291667 310.291667   20.07 0.000  0.92 0.000 9.999 0.259000 0.17 0.000000 0.010 0.000  0.323 0.000  0.581 0.000 99.99 0.259000   4.662 0.000   2.731 0.000   1.889 0.000 0.016 0.000  0.203 0.000
312.291667 313.291667   64.88 0.699  0.81 0.699 9.999 0.699259 0.23 0.699000 0.018 0.000  1.208 0.000  2.174 0.000 99.99 0.699259  15.147 0.000   9.488 0.699   5.718 0.659 0.050 0.699  0.435 0.000
315.291667 316.291667    9.69 0.000  0.34 0.000 9.999 0.259000 9.99 0.259000 0.015 0.000  0.128 0.000  0.231 0.000 99.99 0.259000   3.915 0.000   2.294 0.000   1.586 0.000 0.008 0.000  0.213 0.000
318.291667 319.291667   15.85 0.000  0.19 0.000 9.999 0.259000 9.99 0.259000 0.010 0.000  0.375 0.000  0.675 0.000 99.99 0.259000 999.999 0.456 999.999 0.999   1.443 0.000 0.011 0.000  0.096 0.000
321.291667 322.291667   33.74 0.000  0.59 0.000 9.999 0.259000 9.99 0.259000 0.243 0.000  0.462 0.000  0.832 0.000 99.99 0.259000   9.001 0.000   6.155 0.000   2.761 0.000 0.026 0.000  0.205 0.000
324.291667 325.291667   16.87 0.000  0.81 0.000 9.999 0.259000 9.99 0.259000 0.007 0.000  0.360 0.000  0.649 0.000 99.99 0.259000   3.342 0.000   2.059 0.000   1.252 0.000 0.010 0.000  0.078 0.000
327.291667 328.291667   17.29 0.000  0.20 0.000 9.999 0.259000 9.99 0.259000 0.009 0.000  0.502 0.000  0.903 0.000 99.99 0.259000   3.618 0.000   1.856 0.000   1.731 0.000 0.014 0.000  0.109 0.000
330.291667 331.291667 9999.99 0.999 99.99 0.999 9.999 0.999000 9.99 0.999000 9.999 0.999 99.999 0.999 99.999 0.999 99.99 0.999000 999.999 0.999 999.999 0.999 999.999 0.999 9.999 0.999 99.999 0.999
333.291667 334.291667   10.75 0.000  0.59 0.000 9.999 0.259000 9.99 0.259000 0.006 0.000  0.139 0.000  0.249 0.000 99.99 0.259000   2.936 0.000   1.860 0.000   1.076 0.000 0.009 0.000  0.048 0.000
336.291667 337.291667   23.99 0.000  0.16 0.000 0.019 0.000000 0.07 0.000000 0.007 0.000  0.367 0.000  0.661 0.000 99.99 0.259000   6.911 0.000   5.337 0.000   1.507 0.000 0.017 0.000  0.108 0.000
339.291667 340.291667    9.47 0.000  0.14 0.000 9.999 0.259000 9.99 0.259000 0.010 0.000  0.442 0.000  0.795 0.000 99.99 0.259000   2.647 0.000   1.287 0.000   1.358 0.000 0.011 0.000  0.048 0.000
342.291667 343.291667   35.29 0.000  0.78 0.000 0.010 0.000000 9.99 0.259000 0.110 0.000  0.443 0.000  0.797 0.000 99.99 0.259000   8.044 0.000   5.118 0.000   2.930 0.000 0.032 0.000  0.209 0.000
345.291667 346.291667   17.57 0.000  0.55 0.000 0.008 0.000000 9.99 0.259000 0.026 0.000  0.376 0.000  0.676 0.000 99.99 0.259000   4.811 0.000   3.050 0.000   1.716 0.000 0.018 0.000  0.088 0.000
348.291667 349.291667   18.54 0.000  0.40 0.000 0.010 0.000000 9.99 0.259000 0.066 0.000  0.158 0.000  0.284 0.000  7.74 0.000000   6.055 0.000   4.447 0.000   1.549 0.000 0.016 0.000  0.071 0.000
351.291667 352.291667   15.49 0.000  1.47 0.000 0.004 0.000000 0.23 0.000000 0.053 0.000  0.470 0.000  0.846 0.000 99.99 0.259000   4.680 0.000   2.610 0.000   2.028 0.000 0.026 0.000  0.167 0.000
354.291667 355.291667   13.46 0.000  0.20 0.000 0.007 0.000000 9.99 0.259000 0.007 0.000  0.108 0.000  0.194 0.000 99.99 0.259000   1.929 0.000   0.957 0.000   0.967 0.000 0.009 0.000  0.042 0.000
357.291667 358.291667   20.13 0.000  0.15 0.000 9.999 0.259000 9.99 0.259000 0.010 0.000  0.174 0.000  0.314 0.000 99.99 0.259000   4.162 0.000   2.980 0.000   1.142 0.000 0.019 0.000  0.061 0.000
360.291667 361.291667   17.08 0.000  0.22 0.000 0.010 0.000000 9.99 0.259000 0.017 0.000  0.099 0.000  0.177 0.000 99.99 0.259000   5.497 0.000   4.518 0.000   0.992 0.000 0.014 0.000  0.085 0.000
363.291667 364.291667   15.68 0.000  0.40 0.000 9.999 0.259000 9.99 0.259000 0.015 0.000  0.133 0.000  0.239 0.000 99.99 0.259000   3.337 0.000   2.359 0.000   0.946 0.000 0.011 0.000  0.047 0.000
