scripts/IMPROVE-2019_partial/data/US9032R.20040101090000.20191216000000.filterpack..pm25.52w.1w.US03L_filterpack_US9032.US03L_IMPROVE_Davis.lev2.nas
66 1001
MISSING INFORMATION
US03L, IMPROVE, , , , , , , 
MISSING INFORMATION
IMPROVE sel_HTAP
1 1
2004 01 01 2019 12 16
3.000
days from file reference point
27
1 1 1 1 1 1 1 1 1 1 1 1 1 1 1 1 1 1 1 1 1 1 1 1 1 1 1
999.999 999.99 9.999 99.99 9.999999 9.999 9.999999 9.99 9.999999 9.999 9.999999 999.999 9.999 999.999 9.999 99.99 9.999999 999.999 9.999 999.999 9.999 999.999 9.999 9.999 9.999 9.999 9.999
end_time of measurement, days from the file reference point
iron, ng/m3, Revision date=20181210133000
numflag iron, no unit, Revision date=20181210133000
lead, ng/m3, Revision date=20181210133000
numflag lead, no unit, Revision date=20181210133000
magnesium, ug/m3, Revision date=20181210133000
numflag magnesium, no unit, Revision date=20181210133000
nickel, ng/m3, Revision date=20181210133000
numflag nickel, no unit, Revision date=20181210133000
nitrate, ug N/m3, Revision date=20181210133000
numflag nitrate, no unit, Revision date=20181210133000
organic_carbon, ug C/m3, Revision date=20181210133000
numflag organic_carbon, no unit, Revision date=20181210133000
organic_mass, ug/m3, Revision date=20181210133000
numflag organic_mass, no unit, Revision date=20181210133000
phosphorus, ng/m3, Revision date=20181210133000
numflag phosphorus, no unit, Revision date=20181210133000
pm10_mass, ug/m3, Version=2, Version description=Data extracted from http://views.cira.colostate.edu/fed/DataWizard 2019-12-16, Sample duration=1d, Orig. time res.=3d, Matrix=pm10, Blank correction=Blank corrected, Volume std. temperature=ambient, Volume std. pressure=ambient
numflag pm10_mass, no unit, Version=2, Version description=Data extracted from http://views.cira.colostate.edu/fed/DataWizard 2019-12-16, Sample duration=1d, Orig. time res.=3d, Matrix=pm10, Blank correction=Blank corrected, Volume std. temperature=ambient, Volume std. pressure=ambient
pm10_pm25_mass, ug/m3, Revision date=20181210133000, Matrix=pm10_pm25
numflag pm10_pm25_mass, no unit, Revision date=20181210133000, Matrix=pm10_pm25
pm25_mass, ug/m3, Version=2, Version description=Data extracted from http://views.cira.colostate.edu/fed/DataWizard 2019-12-16, Sample duration=1d, Orig. time res.=3d, Blank correction=Blank corrected, Volume std. temperature=ambient, Volume std. pressure=ambient
numflag pm25_mass, no unit, Version=2, Version description=Data extracted from http://views.cira.colostate.edu/fed/DataWizard 2019-12-16, Sample duration=1d, Orig. time res.=3d, Blank correction=Blank corrected, Volume std. temperature=ambient, Volume std. pressure=ambient
potassium, ug/m3, Revision date=20181210133000
numflag potassium, no unit, Revision date=20181210133000
sulphate_total, ug S/m3, Revision date=20181210133000
numflag sulphate_total, no unit, Revision date=20181210133000
0
25
Data definition:              EBAS_1.1
Set type code:                TU
Timezone:                     UTC
File name:                    US9032R.20040101090000.20191216000000.filterpack..pm25.52w.1w.US03L_filterpack_US9032.US03L_IMPROVE_Davis.lev2.nas
File creation:                20191218120721
Startdate:                    20040101090000
Revision date:                20191216000000
Statistics:                   arithmetic mean
Data level:                   2
Period code:                  52w
Resolution code:              1w
Station code:                 US9032R
Platform code:                US9032S
Station name:                 Trapper Creek
Station latitude:             62.3153
Station longitude:            -150.3156
Station altitude:             155.0 m
Regime:                       IMG
Component:                    
Matrix:                       pm25
Laboratory code:              US03L
Instrument type:              filterpack
Instrument name:              filterpack_US9032
Method ref:                   US03L_IMPROVE_Davis
starttime endtime Fe flag_Fe Pb flag_Pb Mg++ flag_Mg++ Ni flag_Ni NO3- flag_NO3- OC flag_OC OM flag_OM P flag_P PM10 flag_PM10 PM10-PM2.5 flag_PM10-PM2.5 PM2.5 flag_PM2.5 K+ flag_K+ SO4-- flag_SO4--
[from data line 82]
246.375 247.375   6.63 0.000  1.35 0.000000 9.999 0.259000 9.99 0.259000 0.004 0.000000   0.741 0.000   1.037 0.000  2.03 0.000000   6.237 0.000   4.788 0.000   1.449 0.000 0.015 0.000 0.041 0.000
249.375 250.375   2.77 0.000  0.27 0.000000 9.999 0.259000 9.99 0.259000 0.005 0.000000   0.282 0.000   0.395 0.000 99.99 0.259000   1.984 0.000   1.169 0.000   0.815 0.000 0.005 0.000 0.031 0.000
252.375 253.375   5.98 0.000  0.69 0.000000 0.141 0.000000 0.13 0.000000 0.008 0.000000   0.816 0.000   1.142 0.000 99.99 0.259000   3.157 0.000   1.233 0.000   1.924 0.000 0.008 0.000 0.053 0.000
255.375 256.375   7.27 0.000  0.52 0.000000 9.999 0.259000 0.24 0.000000 0.011 0.000000   1.068 0.000   1.496 0.000 99.99 0.259000   4.419 0.000   1.974 0.000   2.446 0.000 0.012 0.000 0.083 0.000
258.375 259.375   2.56 0.000 99.99 0.259000 9.999 0.259000 0.16 0.000000 0.011 0.000000   0.925 0.000   1.295 0.000 99.99 0.259000   3.305 0.000   1.101 0.000   2.204 0.000 0.008 0.000 0.036 0.000
261.375 262.375   8.40 0.000  0.31 0.000000 9.999 0.259000 9.99 0.259000 0.012 0.000000   1.748 0.000   2.447 0.000 99.99 0.259000   6.481 0.000   2.784 0.000   3.698 0.000 0.009 0.000 0.075 0.000
264.375 265.375   2.23 0.000 99.99 0.259000 9.999 0.259000 9.99 0.259000 0.005 0.000000   0.260 0.000   0.365 0.000 99.99 0.259000   1.663 0.000   1.139 0.000   0.525 0.000 0.006 0.000 0.010 0.000
267.375 268.375  10.49 0.000  0.28 0.000000 9.999 0.259000 9.99 0.259000 0.004 0.000000   0.290 0.000   0.406 0.000 99.99 0.259000   2.231 0.000   1.351 0.000   0.879 0.000 0.009 0.000 0.034 0.000
270.375 271.375 999.99 0.999 99.99 0.999000 9.999 0.999000 9.99 0.999000 9.999 0.999000 999.999 0.999 999.999 0.999 99.99 0.999000 999.999 0.999 999.999 0.999 999.999 0.999 9.999 0.999 9.999 0.999
273.375 274.375   0.28 0.000 99.99 0.259000 9.999 0.259000 9.99 0.259000 0.006 0.000000   0.058 0.000   0.081 0.000 99.99 0.259000   0.210 0.000   0.084 0.000   0.126 0.000 0.002 0.000 0.012 0.000
276.375 277.375   0.95 0.394 99.99 0.394259 0.116 0.394000 0.14 0.394000 9.999 0.394259   0.129 0.000   0.180 0.000 99.99 0.394259   0.419 0.000   0.143 0.000   0.276 0.000 0.004 0.394 0.015 0.394
279.375 280.375   3.78 0.000  0.58 0.000000 9.999 0.259000 0.12 0.000000 0.004 0.000000   0.489 0.000   0.685 0.000  3.90 0.000000   2.092 0.000   0.722 0.000   1.370 0.000 0.008 0.000 0.037 0.000
282.375 283.375   4.77 0.000 99.99 0.259000 0.064 0.000000 0.08 0.000000 0.004 0.000000   0.234 0.000   0.328 0.000 99.99 0.259000   1.422 0.000   0.740 0.000   0.682 0.000 0.008 0.000 0.053 0.000
285.375 286.375   2.14 0.000  0.29 0.000000 0.132 0.000000 9.99 0.259000 0.010 0.000000   0.098 0.000   0.138 0.000 99.99 0.259000   1.602 0.000   0.960 0.000   0.642 0.000 0.007 0.000 0.042 0.000
288.375 289.375   1.02 0.000 99.99 0.259000 9.999 0.259000 9.99 0.259000 0.004 0.000000   0.086 0.000   0.120 0.000 99.99 0.259000   0.920 0.000   0.533 0.000   0.388 0.000 0.004 0.000 0.018 0.000
291.375 292.375  32.32 0.000  0.47 0.000000 9.999 0.259000 9.99 0.259000 0.004 0.000000   0.199 0.000   0.278 0.000 99.99 0.259000  15.362 0.000  14.105 0.000   1.257 0.000 0.015 0.000 0.080 0.000
294.375 295.375   2.64 0.394  0.38 0.394000 9.999 0.394259 9.99 0.394259 0.011 0.394000   0.376 0.000   0.526 0.000 99.99 0.394259   1.199 0.000   0.103 0.000   1.096 0.000 0.009 0.394 0.055 0.394
297.375 298.375   2.78 0.000  0.28 0.000000 9.999 0.259000 9.99 0.259000 0.004 0.000000   0.122 0.000   0.171 0.000  1.34 0.000000   1.094 0.000   0.488 0.000   0.607 0.000 0.004 0.000 0.034 0.000
300.375 301.375   0.59 0.394 99.99 0.394259 9.999 0.394259 9.99 0.394259 0.006 0.394000   0.020 0.000   0.029 0.000 99.99 0.394259   0.792 0.000   0.589 0.000   0.203 0.000 0.002 0.394 0.013 0.394
303.375 304.375  10.26 0.000 99.99 0.259000 9.999 0.259000 9.99 0.259000 0.003 0.000000   0.071 0.000   0.099 0.000 99.99 0.259000   1.641 0.000   1.191 0.000   0.451 0.000 0.003 0.000 0.029 0.000
306.375 307.375   7.52 0.000  0.23 0.000000 9.999 0.259000 9.99 0.259000 0.005 0.000000   0.119 0.000   0.167 0.000 99.99 0.259000   3.360 0.000   2.594 0.000   0.766 0.000 0.005 0.000 0.087 0.000
309.375 310.375   5.20 0.000 99.99 0.259000 9.999 0.259000 9.99 0.259000 0.010 0.000000   0.039 0.000   0.055 0.000 99.99 0.259000   1.389 0.000   0.691 0.000   0.698 0.000 0.006 0.000 0.062 0.000
312.375 313.375   2.23 0.000  0.31 0.000000 0.102 0.000000 9.99 0.259000 0.007 0.000000   0.133 0.000   0.186 0.000 99.99 0.259000   1.179 0.000   0.621 0.000   0.558 0.000 0.004 0.000 0.044 0.000
315.375 316.375   1.31 0.000 99.99 0.259000 0.063 0.000000 0.15 0.000000 0.024 0.000000   0.096 0.000   0.135 0.000  1.20 0.000000   1.305 0.000   0.536 0.000   0.768 0.000 0.004 0.000 0.039 0.000
318.375 319.375   1.75 0.000 99.99 0.259000 0.067 0.000000 0.07 0.000000 0.003 0.000000   0.046 0.000   0.064 0.000 99.99 0.259000   0.716 0.000   0.181 0.000   0.534 0.000 0.003 0.000 0.044 0.000
321.375 322.375   2.02 0.000  0.33 0.000000 0.063 0.000000 9.99 0.259000 0.011 0.000000   0.067 0.000   0.093 0.000 99.99 0.259000   0.968 0.000   0.243 0.000   0.725 0.000 0.004 0.000 0.034 0.000
324.375 325.375   0.83 0.000  0.24 0.000000 0.131 0.000000 9.99 0.259000 0.014 0.000000   0.058 0.000   0.081 0.000  0.83 0.000000   1.515 0.000   0.545 0.000   0.970 0.000 0.004 0.000 0.034 0.000
327.375 328.375   1.41 0.000 99.99 0.259000 0.086 0.000000 9.99 0.259000 0.008 0.000000 999.999 0.259 999.999 0.259 99.99 0.259000   0.763 0.000   0.337 0.000   0.426 0.000 0.002 0.000 0.036 0.000
330.375 331.375   0.96 0.000 99.99 0.259000 0.067 0.000000 9.99 0.259000 0.012 0.000000   0.082 0.000   0.114 0.000 99.99 0.259000   0.758 0.000   0.283 0.000   0.475 0.000 0.003 0.000 0.023 0.000
333.375 334.375   0.75 0.000 99.99 0.259000 9.999 0.259000 0.12 0.000000 0.011 0.000000   0.045 0.000   0.063 0.000 99.99 0.259000   1.046 0.000   0.376 0.000   0.670 0.000 0.003 0.000 0.072 0.000
336.375 337.375   0.55 0.000  0.16 0.000000 0.033 0.000000 0.07 0.000000 0.008 0.000000   0.042 0.000   0.059 0.000 99.99 0.259000   0.795 0.000   0.263 0.000   0.532 0.000 0.002 0.000 0.033 0.000
339.375 340.375   4.87 0.000  0.40 0.000000 0.029 0.000000 0.12 0.000000 0.008 0.000000   0.056 0.000   0.079 0.000 99.99 0.259000   0.724 0.000   0.199 0.000   0.525 0.000 0.004 0.000 0.069 0.000
342.375 343.375   2.67 0.000  0.21 0.000000 9.999 0.259000 0.12 0.000000 0.003 0.000000   0.006 0.000   0.008 0.000 99.99 0.259000   0.379 0.000   0.170 0.000   0.209 0.000 0.001 0.000 0.023 0.000
345.375 346.375   1.59 0.000  0.14 0.000000 0.051 0.000000 0.10 0.000000 0.006 0.000000   0.290 0.000   0.405 0.000 99.99 0.259000   1.016 0.000   0.345 0.000   0.671 0.000 0.002 0.000 0.028 0.000
348.375 349.375   1.30 0.000  0.32 0.000000 0.041 0.000000 0.14 0.000000 0.017 0.000000   0.068 0.000   0.095 0.000 99.99 0.259000   1.390 0.000   0.670 0.000   0.720 0.000 0.003 0.000 0.052 0.000
351.375 352.375   1.07 0.000  0.19 0.000000 9.999 0.259000 0.13 0.000000 0.004 0.000000 999.999 0.259 999.999 0.259 99.99 0.259000   0.337 0.000   0.132 0.000   0.205 0.000 0.001 0.000 0.023 0.000
354.375 355.375   1.23 0.000  0.19 0.000000 9.999 0.259000 9.99 0.259000 0.008 0.000000   0.102 0.000   0.143 0.000 99.99 0.259000   0.716 0.000   0.181 0.000   0.534 0.000 0.002 0.000 0.028 0.000
357.375 358.375   3.26 0.000  0.58 0.000000 9.999 0.259000 9.99 0.259000 0.017 0.000000   0.103 0.000   0.144 0.000 99.99 0.259000   1.841 0.000   0.919 0.000   0.922 0.000 0.007 0.000 0.102 0.000
360.375 361.375   8.08 0.000  0.61 0.000000 9.999 0.259000 0.06 0.000000 0.014 0.000000   0.127 0.000   0.178 0.000 99.99 0.259000   1.651 0.000   0.429 0.000   1.222 0.000 0.009 0.000 0.115 0.000
363.375 364.375   6.05 0.000  0.99 0.000000 0.030 0.000000 0.14 0.000000 0.019 0.000000   0.121 0.000   0.170 0.000 99.99 0.259000   2.117 0.000   0.839 0.000   1.278 0.000 0.011 0.000 0.178 0.000
