scripts/IMPROVE-2019_partial/data/US9070R.20100102070000.20191216000000.filterpack...52w.3d.US03L_filterpack_US9070.US03L_IMPROVE_Davis.lev2.nas
52 1001
MISSING INFORMATION
US03L, IMPROVE, , , , , , , 
MISSING INFORMATION
IMPROVE sel_HTAP
1 1
2010 01 01 2019 12 16
3.000000
days from file reference point
5
1 1 1 1 1
999.999999 999.999 9.999 99.999 9.999
end_time of measurement, days from the file reference point
pm10_mass, ug/m3, Matrix=pm10
numflag pm10_mass, no unit, Matrix=pm10
pm25_mass, ug/m3, Matrix=pm25
numflag pm25_mass, no unit, Matrix=pm25
0
33
Data definition:              EBAS_1.1
Set type code:                TU
Timezone:                     UTC
File name:                    US9070R.20100102070000.20191216000000.filterpack...52w.3d.US03L_filterpack_US9070.US03L_IMPROVE_Davis.lev2.nas
File creation:                20191218121020
Startdate:                    20100102070000
Revision date:                20191216000000
Version:                      2
Version description:          "Data extracted from http://views.cira.colostate.edu/fed/DataWizard 2019-12-16"
Statistics:                   arithmetic mean
Data level:                   2
Period code:                  52w
Resolution code:              3d
Sample duration:              1d
Orig. time res.:              3d
Station code:                 US9070R
Platform code:                US9070S
Station name:                 San Pedro Parks
Station latitude:             36.0139
Station longitude:            -106.8447
Station altitude:             2935.0 m
Regime:                       IMG
Component:                    
Unit:                         ug/m3
Matrix:                       
Laboratory code:              US03L
Instrument type:              filterpack
Instrument name:              filterpack_US9070
Method ref:                   US03L_IMPROVE_Davis
Blank correction:             Blank corrected
Volume std. temperature:      ambient
Volume std. pressure:         ambient
starttime endtime PM10 flag_PM10 PM2.5 flag_PM2.5
  1.291667   2.291667   0.324 0.000 99.999 0.259
  4.291667   5.291667   0.040 0.000 99.999 0.259
  7.291667   8.291667   1.484 0.000  0.989 0.000
 10.291667  11.291667   0.553 0.000  0.168 0.000
 13.291667  14.291667   1.447 0.000  1.067 0.000
 16.291667  17.291667   0.361 0.000  1.265 0.000
 19.291667  20.291667 999.999 0.999 99.999 0.999
 22.291667  23.291667 999.999 0.999 99.999 0.999
 25.291667  26.291667 999.999 0.999 99.999 0.999
 28.291667  29.291667 999.999 0.999 99.999 0.999
 31.291667  32.291667 999.999 0.999 99.999 0.999
 34.291667  35.291667   1.061 0.000  1.586 0.000
 37.291667  38.291667   1.311 0.000  1.248 0.000
 40.291667  41.291667 999.999 0.999 99.999 0.999
 43.291667  44.291667   1.611 0.000  0.866 0.000
 46.291667  47.291667   2.502 0.000  1.530 0.000
 49.291667  50.291667 999.999 0.999 99.999 0.999
 52.291667  53.291667 999.999 0.999 99.999 0.999
 55.291667  56.291667   0.776 0.000  0.840 0.000
 58.291667  59.291667   2.332 0.000  1.390 0.000
 61.291667  62.291667   2.283 0.000  1.959 0.000
 64.291667  65.291667   1.922 0.000  1.464 0.000
 67.291667  68.291667   1.061 0.000  0.812 0.000
 70.291667  71.291667   3.853 0.000  2.467 0.000
 73.291667  74.291667   2.028 0.000  1.666 0.000
 76.291667  77.291667   3.073 0.000  2.099 0.000
 79.291667  80.291667   6.215 0.000  4.607 0.000
 82.291667  83.291667   5.115 0.000  1.547 0.000
 85.291667  86.291667  14.901 0.000  1.254 0.000
 88.291667  89.291667   8.058 0.000  3.375 0.000
 91.291667  92.291667 999.999 0.999  1.053 0.000
 94.291667  95.291667 999.999 0.999  5.060 0.000
 97.291667  98.291667   2.770 0.000  1.438 0.000
100.291667 101.291667   3.970 0.000  2.195 0.000
103.291667 104.291667   3.457 0.000  2.699 0.000
106.291667 107.291667 999.999 0.999 99.999 0.999
109.291667 110.291667   6.726 0.000  3.866 0.000
112.291667 113.291667   3.519 0.000  1.228 0.000
115.291667 116.291667   5.617 0.000  3.503 0.000
118.291667 119.291667  24.742 0.000  6.843 0.000
121.291667 122.291667   1.522 0.000  1.131 0.000
124.291667 125.291667 999.999 0.999 99.999 0.999
127.291667 128.291667   8.154 0.000  3.092 0.000
130.291667 131.291667  35.449 0.000  9.833 0.000
133.291667 134.291667   6.947 0.000  4.271 0.000
136.291667 137.291667   5.477 0.000  3.508 0.000
139.291667 140.291667   3.469 0.000  2.724 0.000
142.291667 143.291667   9.826 0.000  4.761 0.000
145.291667 146.291667   7.193 0.000  4.078 0.000
148.291667 149.291667   9.566 0.000  3.142 0.000
151.291667 152.291667   7.915 0.000  3.312 0.000
154.291667 155.291667   6.688 0.000  3.267 0.000
157.291667 158.291667   6.685 0.000  3.530 0.000
160.291667 161.291667   9.721 0.000  3.975 0.000
163.291667 164.291667  11.313 0.000  4.658 0.000
166.291667 167.291667   8.505 0.000  3.503 0.000
169.291667 170.291667   8.690 0.000  2.396 0.000
172.291667 173.291667   4.664 0.000  2.090 0.000
175.291667 176.291667   8.019 0.000  3.253 0.000
178.291667 179.291667   2.511 0.000  2.147 0.000
181.291667 182.291667   4.979 0.000  3.140 0.000
184.291667 185.291667  10.638 0.000  4.333 0.000
187.291667 188.291667   4.762 0.000  2.671 0.000
190.291667 191.291667   3.833 0.000  2.641 0.000
193.291667 194.291667   6.766 0.000  3.643 0.659
196.291667 197.291667   4.252 0.000  2.677 0.000
199.291667 200.291667   5.993 0.000  3.378 0.000
202.291667 203.291667   2.763 0.000  1.917 0.000
205.291667 206.291667   1.381 0.000  0.639 0.000
208.291667 209.291667   4.469 0.000  2.799 0.000
211.291667 212.291667   3.697 0.000  2.312 0.000
214.291667 215.291667   2.947 0.000  2.077 0.000
217.291667 218.291667   2.966 0.000  2.158 0.000
220.291667 221.291667   2.885 0.000  1.917 0.000
223.291667 224.291667 999.999 0.999 99.999 0.999
226.291667 227.291667   4.550 0.000  2.830 0.000
229.291667 230.291667   3.697 0.000  2.493 0.000
232.291667 233.291667   3.982 0.000  2.259 0.000
235.291667 236.291667   4.739 0.000  2.826 0.000
238.291667 239.291667   3.778 0.000  1.907 0.000
241.291667 242.291667   4.144 0.000  2.350 0.000
244.291667 245.291667   5.105 0.000  2.607 0.000
247.291667 248.291667   9.451 0.000  3.601 0.000
250.291667 251.291667   5.600 0.000  3.359 0.000
253.291667 254.291667   3.289 0.000  1.622 0.000
256.291667 257.291667   4.685 0.000  2.521 0.000
259.291667 260.291667   6.735 0.000  3.223 0.000
262.291667 263.291667   3.485 0.000  1.900 0.000
265.291667 266.291667   3.988 0.000  2.737 0.000
268.291667 269.291667   5.105 0.000  3.284 0.000
271.291667 272.291667   5.543 0.000  3.781 0.000
274.291667 275.291667   5.051 0.000  3.020 0.000
277.291667 278.291667   3.168 0.000  2.013 0.000
280.291667 281.291667 999.999 0.999 99.999 0.999
283.291667 284.291667 999.999 0.999 99.999 0.999
286.291667 287.291667   7.577 0.000  3.705 0.000
289.291667 290.291667   5.384 0.000  3.066 0.000
292.291667 293.291667   9.158 0.000  5.587 0.000
295.291667 296.291667 999.999 0.999 99.999 0.999
298.291667 299.291667 999.999 0.999 99.999 0.999
301.291667 302.291667 999.999 0.999 99.999 0.999
304.291667 305.291667 999.999 0.999 99.999 0.999
307.291667 308.291667   2.976 0.000  1.589 0.000
310.291667 311.291667   5.743 0.000  2.269 0.000
313.291667 314.291667   1.585 0.000  1.179 0.000
316.291667 317.291667   2.316 0.000  1.825 0.000
319.291667 320.291667   2.042 0.000  0.731 0.000
322.291667 323.291667   5.404 0.000  3.295 0.000
325.291667 326.291667   0.853 0.000  0.571 0.000
328.291667 329.291667   0.772 0.000  0.595 0.000
331.291667 332.291667   3.372 0.000  1.265 0.000
334.291667 335.291667   0.815 0.000  0.663 0.000
337.291667 338.291667   1.476 0.000  0.826 0.000
340.291667 341.291667   1.695 0.000  0.806 0.000
343.291667 344.291667   1.521 0.000  0.676 0.000
346.291667 347.291667   0.985 0.000  0.360 0.000
349.291667 350.291667   0.274 0.000  0.154 0.000
352.291667 353.291667 999.999 0.999 99.999 0.999
355.291667 356.291667   1.437 0.000  0.934 0.000
358.291667 359.291667   0.853 0.000  0.975 0.000
361.291667 362.291667   1.675 0.000  1.681 0.000
364.291667 365.291667   0.854 0.000  0.699 0.000
