scripts/IMPROVE-2019_partial/data/US9043R.20040101080000.20191216000000.filterpack..pm25.52w.1w.US03L_filterpack_US9043.US03L_IMPROVE_Davis.lev2.nas
66 1001
MISSING INFORMATION
US03L, IMPROVE, , , , , , , 
MISSING INFORMATION
IMPROVE sel_HTAP
1 1
2004 01 01 2019 12 16
3.000000
days from file reference point
27
1 1 1 1 1 1 1 1 1 1 1 1 1 1 1 1 1 1 1 1 1 1 1 1 1 1 1
999.999999 9999.99 9.999 999.99 9.999999 9.999 9.999999 9.99 9.999 99.999 9.999 99.999 9.999 99.999 9.999 99.99 9.999999 999.999 9.999 999.999 9.999 999.999 9.999 99.999 9.999 99.999 9.999
end_time of measurement, days from the file reference point
iron, ng/m3, Revision date=20181210133000
numflag iron, no unit, Revision date=20181210133000
lead, ng/m3, Revision date=20181210133000
numflag lead, no unit, Revision date=20181210133000
magnesium, ug/m3, Revision date=20181210133000
numflag magnesium, no unit, Revision date=20181210133000
nickel, ng/m3, Revision date=20181210133000
numflag nickel, no unit, Revision date=20181210133000
nitrate, ug N/m3, Revision date=20181210133000
numflag nitrate, no unit, Revision date=20181210133000
organic_carbon, ug C/m3, Revision date=20181210133000
numflag organic_carbon, no unit, Revision date=20181210133000
organic_mass, ug/m3, Revision date=20181210133000
numflag organic_mass, no unit, Revision date=20181210133000
phosphorus, ng/m3, Revision date=20181210133000
numflag phosphorus, no unit, Revision date=20181210133000
pm10_mass, ug/m3, Version=2, Version description=Data extracted from http://views.cira.colostate.edu/fed/DataWizard 2019-12-16, Sample duration=1d, Orig. time res.=3d, Matrix=pm10, Blank correction=Blank corrected, Volume std. temperature=ambient, Volume std. pressure=ambient
numflag pm10_mass, no unit, Version=2, Version description=Data extracted from http://views.cira.colostate.edu/fed/DataWizard 2019-12-16, Sample duration=1d, Orig. time res.=3d, Matrix=pm10, Blank correction=Blank corrected, Volume std. temperature=ambient, Volume std. pressure=ambient
pm10_pm25_mass, ug/m3, Revision date=20181210133000, Matrix=pm10_pm25
numflag pm10_pm25_mass, no unit, Revision date=20181210133000, Matrix=pm10_pm25
pm25_mass, ug/m3, Version=2, Version description=Data extracted from http://views.cira.colostate.edu/fed/DataWizard 2019-12-16, Sample duration=1d, Orig. time res.=3d, Blank correction=Blank corrected, Volume std. temperature=ambient, Volume std. pressure=ambient
numflag pm25_mass, no unit, Version=2, Version description=Data extracted from http://views.cira.colostate.edu/fed/DataWizard 2019-12-16, Sample duration=1d, Orig. time res.=3d, Blank correction=Blank corrected, Volume std. temperature=ambient, Volume std. pressure=ambient
potassium, ug/m3, Revision date=20181210133000
numflag potassium, no unit, Revision date=20181210133000
sulphate_total, ug S/m3, Revision date=20181210133000
numflag sulphate_total, no unit, Revision date=20181210133000
0
25
Data definition:              EBAS_1.1
Set type code:                TU
Timezone:                     UTC
File name:                    US9043R.20040101080000.20191216000000.filterpack..pm25.52w.1w.US03L_filterpack_US9043.US03L_IMPROVE_Davis.lev2.nas
File creation:                20191218120817
Startdate:                    20040101080000
Revision date:                20191216000000
Statistics:                   arithmetic mean
Data level:                   2
Period code:                  52w
Resolution code:              1w
Station code:                 US9043R
Platform code:                US9043S
Station name:                 San Gorgonio Wilderness
Station latitude:             34.1939
Station longitude:            -116.9132
Station altitude:             1726.0 m
Regime:                       IMG
Component:                    
Matrix:                       pm25
Laboratory code:              US03L
Instrument type:              filterpack
Instrument name:              filterpack_US9043
Method ref:                   US03L_IMPROVE_Davis
starttime endtime Fe flag_Fe Pb flag_Pb Mg++ flag_Mg++ Ni flag_Ni NO3- flag_NO3- OC flag_OC OM flag_OM P flag_P PM10 flag_PM10 PM10-PM2.5 flag_PM10-PM2.5 PM2.5 flag_PM2.5 K+ flag_K+ SO4-- flag_SO4--
[from data line 81]
243.333333 244.333333   84.41 0.000   1.76 0.000000 0.043 0.000000 0.36 0.000  0.643 0.000  1.678 0.000  2.349 0.000 99.99 0.259000  17.397 0.000   9.957 0.000   7.441 0.000  0.030 0.000  0.448 0.000
246.333333 247.333333   91.42 0.000   1.31 0.000000 9.999 0.259000 0.45 0.000  0.445 0.000  1.139 0.000  1.595 0.000 99.99 0.259000  19.136 0.000  12.346 0.000   6.790 0.000  0.049 0.000  0.486 0.000
249.333333 250.333333   61.68 0.000   1.05 0.000000 0.144 0.000000 0.15 0.000  0.098 0.000  1.359 0.000  1.903 0.000 99.99 0.259000  11.613 0.000   7.148 0.000   4.464 0.000  0.043 0.000  0.242 0.000
252.333333 253.333333   68.35 0.000   1.34 0.000000 9.999 0.259000 0.36 0.000  0.170 0.000  1.722 0.000  2.411 0.000 99.99 0.259000  32.329 0.000  25.481 0.000   6.848 0.000  0.049 0.000  0.545 0.000
255.333333 256.333333   34.32 0.000   1.39 0.000000 9.999 0.259000 0.68 0.000  0.144 0.000  1.107 0.000  1.549 0.000 99.99 0.259000  10.946 0.000   6.638 0.000   4.308 0.000  0.021 0.000  0.458 0.000
258.333333 259.333333  105.86 0.000   1.55 0.000000 9.999 0.259000 0.31 0.000  0.779 0.000  1.632 0.000  2.285 0.000 99.99 0.259000  19.777 0.000  11.146 0.000   8.632 0.000  0.055 0.000  0.577 0.000
261.333333 262.333333   57.67 0.000   1.49 0.000000 9.999 0.259000 0.66 0.000  0.998 0.000  1.263 0.000  1.768 0.000 99.99 0.259000  19.340 0.000   8.793 0.000  10.546 0.000  0.028 0.000  0.672 0.000
264.333333 265.333333   28.71 0.000 999.99 0.259000 9.999 0.259000 0.11 0.000  0.018 0.000  0.267 0.000  0.373 0.000 99.99 0.259000   6.629 0.000   5.324 0.000   1.305 0.000  0.018 0.000  0.073 0.000
267.333333 268.333333   67.63 0.000   1.18 0.000000 9.999 0.259000 0.11 0.000  0.298 0.000  0.915 0.000  1.282 0.000 99.99 0.259000   9.569 0.000   6.665 0.000   2.904 0.000  0.026 0.000  0.101 0.000
270.333333 271.333333   72.89 0.000   1.34 0.000000 9.999 0.259000 0.50 0.000  0.612 0.000  1.301 0.000  1.821 0.000 99.99 0.259000  14.898 0.000   8.049 0.000   6.850 0.000  0.028 0.000  0.425 0.000
273.333333 274.333333   69.70 0.000   0.74 0.000000 9.999 0.259000 0.22 0.000  0.841 0.000  1.087 0.000  1.522 0.000 99.99 0.259000  14.935 0.000   7.351 0.000   7.584 0.000  0.034 0.000  0.469 0.000
276.333333 277.333333   53.17 0.000   1.58 0.000000 9.999 0.259000 0.33 0.000  0.379 0.000  0.954 0.000  1.336 0.000 99.99 0.259000  10.835 0.000   6.356 0.000   4.479 0.000  0.033 0.000  0.342 0.000
279.333333 280.333333  104.79 0.000   1.71 0.000000 9.999 0.259000 9.99 0.259  0.329 0.000  1.097 0.000  1.537 0.000 99.99 0.259000  15.657 0.000  10.319 0.000   5.337 0.000  0.042 0.000  0.370 0.000
282.333333 283.333333   92.16 0.000   1.76 0.000000 9.999 0.259000 0.36 0.000  0.912 0.000  1.619 0.000  2.267 0.000 99.99 0.259000  23.594 0.000  13.510 0.000  10.085 0.000  0.043 0.000  0.558 0.000
285.333333 286.333333   28.80 0.000   0.75 0.000000 9.999 0.259000 0.15 0.000  0.042 0.000  0.402 0.000  0.562 0.000 99.99 0.259000   7.523 0.000   4.622 0.000   2.901 0.000  0.024 0.000  0.342 0.000
288.333333 289.333333   77.26 0.000   1.45 0.000000 9.999 0.259000 0.20 0.000  0.932 0.000  0.850 0.000  1.190 0.000 99.99 0.259000  14.977 0.000   6.920 0.000   8.057 0.000  0.034 0.000  0.266 0.000
291.333333 292.333333    3.91 0.000 999.99 0.259000 9.999 0.259000 0.13 0.000  0.072 0.000  0.324 0.000  0.453 0.000 99.99 0.259000   2.038 0.000   0.955 0.000   1.082 0.000  0.006 0.000  0.112 0.000
294.333333 295.333333   25.16 0.000   0.45 0.000000 9.999 0.259000 0.22 0.000  0.514 0.000  0.533 0.000  0.746 0.000 99.99 0.259000   5.726 0.000   1.076 0.000   4.650 0.000  0.009 0.000  0.234 0.000
297.333333 298.333333   42.89 0.000   2.52 0.000000 9.999 0.259000 0.25 0.000  1.281 0.000  1.143 0.000  1.599 0.000 99.99 0.259000  14.052 0.000   2.832 0.000  11.220 0.000  0.033 0.000  0.361 0.000
300.333333 301.333333 9999.99 0.999 999.99 0.999000 9.999 0.999000 9.99 0.999 99.999 0.999 99.999 0.999 99.999 0.999 99.99 0.999000 999.999 0.999 999.999 0.999 999.999 0.999 99.999 0.999 99.999 0.999
303.333333 304.333333   11.14 0.000   0.81 0.000000 9.999 0.259000 9.99 0.259  0.135 0.559  1.289 0.000  1.804 0.000  7.34 0.000000   4.078 0.000   1.192 0.000   2.886 0.000  0.013 0.000  0.086 0.559
306.333333 307.333333    6.30 0.000 999.99 0.259000 9.999 0.259000 9.99 0.259  0.013 0.000  0.212 0.000  0.297 0.000 99.99 0.259000   1.897 0.000   1.024 0.000   0.873 0.000  0.007 0.000  0.049 0.000
309.333333 310.333333   13.04 0.000   0.78 0.000000 0.080 0.000000 9.99 0.259  0.119 0.000  0.416 0.000  0.583 0.000 99.99 0.259000   3.452 0.000   2.105 0.000   1.347 0.000  0.009 0.000  0.077 0.000
312.333333 313.333333    6.87 0.394   0.66 0.394000 0.231 0.394000 0.22 0.394  0.555 0.394  0.607 0.000  0.850 0.000 99.99 0.394259   4.834 0.000   0.771 0.000   4.062 0.000  0.007 0.394  0.124 0.394
315.333333 316.333333   17.91 0.000   1.09 0.000000 9.999 0.259000 0.34 0.000  0.468 0.000  0.499 0.000  0.699 0.000 99.99 0.259000   6.213 0.000   1.245 0.000   4.969 0.000  0.013 0.000  0.377 0.000
318.333333 319.333333    4.64 0.000   0.54 0.000000 9.999 0.259000 0.11 0.000  0.052 0.000  0.416 0.000  0.582 0.000 99.99 0.259000   3.249 0.000   0.884 0.000   2.365 0.000  0.006 0.000  0.272 0.000
321.333333 322.333333   14.42 0.000   0.62 0.000000 0.084 0.000000 9.99 0.259  0.126 0.000  0.451 0.000  0.632 0.000 99.99 0.259000   5.923 0.000   3.768 0.000   2.155 0.000  0.008 0.000  0.163 0.000
324.333333 325.333333   34.27 0.000   1.41 0.000000 9.999 0.259000 9.99 0.259  0.899 0.000  0.846 0.000  1.184 0.000 99.99 0.259000  13.686 0.000   5.449 0.000   8.237 0.000  0.021 0.000  0.304 0.000
327.333333 328.333333   15.88 0.000 999.99 0.259000 9.999 0.259000 0.29 0.000  0.480 0.559  0.494 0.000  0.691 0.000 99.99 0.259000   6.247 0.000   2.515 0.000   3.732 0.000  0.009 0.000  0.109 0.559
330.333333 331.333333   11.36 0.000   0.81 0.000000 9.999 0.259000 0.23 0.000  0.153 0.000  0.632 0.000  0.885 0.000 99.99 0.259000   5.604 0.000   3.339 0.000   2.265 0.000  0.020 0.000  0.122 0.000
333.333333 334.333333   10.62 0.000   0.86 0.000000 0.074 0.000000 9.99 0.259  0.015 0.000  0.183 0.000  0.256 0.000 99.99 0.259000   4.223 0.000   2.947 0.000   1.276 0.000  0.013 0.000  0.101 0.000
336.333333 337.333333    7.94 0.000   0.77 0.000000 0.067 0.000000 9.99 0.259  0.046 0.559  0.743 0.000  1.040 0.000 99.99 0.259000   3.636 0.000   2.508 0.000   1.128 0.000  0.008 0.000  0.071 0.559
339.333333 340.333333    5.60 0.000   0.56 0.000000 9.999 0.259000 0.34 0.000  0.067 0.000  0.529 0.000  0.740 0.000 99.99 0.259000   2.982 0.000   1.050 0.000   1.932 0.000  0.013 0.000  0.177 0.000
342.333333 343.333333    3.10 0.000   0.54 0.000000 9.999 0.259000 9.99 0.259  0.047 0.000  0.734 0.000  1.028 0.000 99.99 0.259000   1.164 0.000   0.543 0.000   0.621 0.000  0.004 0.000  0.058 0.000
345.333333 346.333333    1.99 0.000   0.58 0.000000 0.050 0.000000 0.20 0.000  0.008 0.000  0.286 0.000  0.400 0.000 99.99 0.259000   1.084 0.000   0.700 0.000   0.384 0.000  0.003 0.000  0.025 0.000
348.333333 349.333333    5.37 0.000   0.23 0.000000 9.999 0.259000 0.12 0.000  0.006 0.559  0.102 0.000  0.143 0.000 99.99 0.259000   1.130 0.000   0.653 0.000   0.477 0.000  0.008 0.000  0.028 0.559
351.333333 352.333333    4.64 0.000   0.61 0.000000 0.111 0.000000 9.99 0.259  0.009 0.559  0.512 0.000  0.717 0.000 99.99 0.259000   3.014 0.000   2.144 0.000   0.869 0.000  0.008 0.000  0.067 0.559
354.333333 355.333333   19.31 0.000   1.04 0.000000 9.999 0.259000 0.12 0.000  0.096 0.000  0.257 0.000  0.359 0.000 99.99 0.259000   2.965 0.000   1.857 0.000   1.107 0.000  0.015 0.000  0.051 0.000
357.333333 358.333333   12.02 0.000   0.68 0.000000 9.999 0.259000 9.99 0.259  0.012 0.000  0.168 0.000  0.235 0.000 99.99 0.259000   6.413 0.000   5.553 0.000   0.861 0.000  0.011 0.000  0.086 0.000
360.333333 361.333333   10.54 0.000   0.75 0.000000 0.074 0.000000 9.99 0.259  0.177 0.000  0.573 0.000  0.803 0.000 99.99 0.259000   2.518 0.000   1.406 0.000   1.112 0.000  0.009 0.000  0.046 0.000
363.333333 364.333333    0.80 0.394 999.99 0.394259 9.999 0.394259 0.24 0.394  0.024 0.394  0.381 0.000  0.533 0.000  1.94 0.394000   0.799 0.000   0.593 0.000   0.206 0.000  0.003 0.394  0.020 0.394
