scripts/IMPROVE-2019_partial/data/US9012R.20020102070000.20191216000000.filterpack..pm25.52w.1w.US03L_filterpack_US9012.US03L_IMPROVE_Davis.lev2.nas
66 1001
MISSING INFORMATION
US03L, IMPROVE, , , , , , , 
MISSING INFORMATION
IMPROVE sel_HTAP
1 1
2002 01 01 2019 12 16
3.000000
days from file reference point
27
1 1 1 1 1 1 1 1 1 1 1 1 1 1 1 1 1 1 1 1 1 1 1 1 1 1 1
999.999999 9999.99 9.999999 99.99 9.999999 9.999 9.999999999 9.99 9.999999999 9.999 9.999999 999.999 9.999 999.999 9.999 99.99 9.999999999 999.999 9.999 999.999 9.999 999.999 9.999 9.999 9.999999 9.999 9.999999
end_time of measurement, days from the file reference point
iron, ng/m3, Revision date=20181210133000
numflag iron, no unit, Revision date=20181210133000
lead, ng/m3, Revision date=20181210133000
numflag lead, no unit, Revision date=20181210133000
magnesium, ug/m3, Revision date=20181210133000
numflag magnesium, no unit, Revision date=20181210133000
nickel, ng/m3, Revision date=20181210133000
numflag nickel, no unit, Revision date=20181210133000
nitrate, ug N/m3, Revision date=20181210133000
numflag nitrate, no unit, Revision date=20181210133000
organic_carbon, ug C/m3, Revision date=20181210133000
numflag organic_carbon, no unit, Revision date=20181210133000
organic_mass, ug/m3, Revision date=20181210133000
numflag organic_mass, no unit, Revision date=20181210133000
phosphorus, ng/m3, Revision date=20181210133000
numflag phosphorus, no unit, Revision date=20181210133000
pm10_mass, ug/m3, Version=2, Version description=Data extracted from http://views.cira.colostate.edu/fed/DataWizard 2019-12-16, Sample duration=1d, Orig. time res.=3d, Matrix=pm10, Blank correction=Blank corrected, Volume std. temperature=ambient, Volume std. pressure=ambient
numflag pm10_mass, no unit, Version=2, Version description=Data extracted from http://views.cira.colostate.edu/fed/DataWizard 2019-12-16, Sample duration=1d, Orig. time res.=3d, Matrix=pm10, Blank correction=Blank corrected, Volume std. temperature=ambient, Volume std. pressure=ambient
pm10_pm25_mass, ug/m3, Revision date=20181210133000, Matrix=pm10_pm25
numflag pm10_pm25_mass, no unit, Revision date=20181210133000, Matrix=pm10_pm25
pm25_mass, ug/m3, Version=2, Version description=Data extracted from http://views.cira.colostate.edu/fed/DataWizard 2019-12-16, Sample duration=1d, Orig. time res.=3d, Blank correction=Blank corrected, Volume std. temperature=ambient, Volume std. pressure=ambient
numflag pm25_mass, no unit, Version=2, Version description=Data extracted from http://views.cira.colostate.edu/fed/DataWizard 2019-12-16, Sample duration=1d, Orig. time res.=3d, Blank correction=Blank corrected, Volume std. temperature=ambient, Volume std. pressure=ambient
potassium, ug/m3, Revision date=20181210133000
numflag potassium, no unit, Revision date=20181210133000
sulphate_total, ug S/m3, Revision date=20181210133000
numflag sulphate_total, no unit, Revision date=20181210133000
0
25
Data definition:              EBAS_1.1
Set type code:                TU
Timezone:                     UTC
File name:                    US9012R.20020102070000.20191216000000.filterpack..pm25.52w.1w.US03L_filterpack_US9012.US03L_IMPROVE_Davis.lev2.nas
File creation:                20191218120557
Startdate:                    20020102070000
Revision date:                20191216000000
Statistics:                   arithmetic mean
Data level:                   2
Period code:                  52w
Resolution code:              1w
Station code:                 US9012R
Platform code:                US9012S
Station name:                 Monture
Station latitude:             47.1222
Station longitude:            -113.1544
Station altitude:             1282.0 m
Regime:                       IMG
Component:                    
Matrix:                       pm25
Laboratory code:              US03L
Instrument type:              filterpack
Instrument name:              filterpack_US9012
Method ref:                   US03L_IMPROVE_Davis
starttime endtime Fe flag_Fe Pb flag_Pb Mg++ flag_Mg++ Ni flag_Ni NO3- flag_NO3- OC flag_OC OM flag_OM P flag_P PM10 flag_PM10 PM10-PM2.5 flag_PM10-PM2.5 PM2.5 flag_PM2.5 K+ flag_K+ SO4-- flag_SO4--
  1.291667   2.291667    1.19 0.000000  0.25 0.000000 9.999 0.259000000 9.99 0.259000000 0.081 0.000000   0.839 0.000   1.174 0.000 99.99 0.259000000   2.258 0.000 999.999 0.259   2.345 0.000 0.007 0.000000 0.061 0.000000
  4.291667   5.291667    0.80 0.000000  0.34 0.000000 9.999 0.259000000 9.99 0.259000000 9.999 0.559259   0.323 0.000   0.452 0.000 99.99 0.259000000   0.753 0.000 999.999 0.259   0.904 0.000 0.010 0.000000 0.026 0.559000
  7.291667   8.291667    1.31 0.000000 99.99 0.259000 9.999 0.259000000 9.99 0.259000000 9.999 0.559259   0.173 0.000   0.243 0.000 99.99 0.259000000   0.423 0.000   0.017 0.000   0.406 0.000 0.005 0.000000 0.014 0.559000
 10.291667  11.291667    3.78 0.000000 99.99 0.259000 9.999 0.259000000 0.25 0.000000000 9.999 0.559259   0.490 0.000   0.687 0.000 99.99 0.259000000   1.255 0.000   0.156 0.000   1.099 0.000 0.014 0.000000 0.034 0.559000
 13.291667  14.291667    0.84 0.000000  0.15 0.000000 9.999 0.259000000 9.99 0.259000000 0.017 0.559000   0.160 0.000   0.223 0.000 99.99 0.259000000   1.179 0.000   0.343 0.000   0.836 0.000 0.003 0.000000 0.105 0.559000
 16.291667  17.291667    1.87 0.000000  0.26 0.000000 9.999 0.259000000 9.99 0.259000000 0.011 0.000000   0.350 0.000   0.490 0.000 99.99 0.259000000   1.726 0.000   0.447 0.000   1.278 0.000 0.008 0.000000 0.109 0.000000
 19.291667  20.291667    1.78 0.000000  0.46 0.000000 9.999 0.259000000 9.99 0.259000000 9.999 0.259000   0.159 0.000   0.222 0.000 99.99 0.259000000   0.920 0.000   0.433 0.000   0.488 0.000 0.007 0.000000 0.034 0.000000
 22.291667  23.291667    2.85 0.000000  0.32 0.000000 9.999 0.259000000 9.99 0.259000000 0.016 0.000000   0.134 0.000   0.187 0.000 99.99 0.259000000   1.431 0.000   0.706 0.000   0.725 0.000 0.013 0.000000 0.059 0.000000
 25.291667  26.291667    0.86 0.000000  0.14 0.000000 9.999 0.259000000 9.99 0.259000000 0.002 0.000000   0.129 0.000   0.181 0.000 99.99 0.259000000   0.335 0.000   0.154 0.000   0.180 0.000 0.006 0.000000 0.006 0.000000
 28.291667  29.291667    2.03 0.000000  0.24 0.000000 9.999 0.259000000 0.08 0.000000000 0.057 0.000000   0.553 0.000   0.774 0.000 99.99 0.259000000   2.139 0.000   0.850 0.000   1.289 0.000 0.014 0.000000 0.034 0.000000
 31.291667  32.291667    1.29 0.000000  0.23 0.000000 9.999 0.259000000 9.99 0.259000000 0.041 0.000000   0.405 0.000   0.567 0.000 99.99 0.259000000   1.263 0.000   0.325 0.000   0.938 0.000 0.015 0.000000 0.031 0.000000
 34.291667  35.291667    1.11 0.000000 99.99 0.259000 9.999 0.259000000 9.99 0.259000000 0.022 0.000000   0.253 0.000   0.353 0.000 99.99 0.259000000   1.094 0.000   0.226 0.000   0.868 0.000 0.010 0.000000 0.076 0.000000
 37.291667  38.291667    2.01 0.000000 99.99 0.259000 9.999 0.259000000 9.99 0.259000000 9.999 0.559259   0.309 0.000   0.432 0.000 99.99 0.259000000   0.627 0.000 999.999 0.259   0.808 0.000 0.005 0.000000 0.021 0.559000
 40.291667  41.291667    1.82 0.000000  0.23 0.000000 9.999 0.259000000 9.99 0.259000000 0.014 0.000000   0.375 0.000   0.525 0.000 99.99 0.259000000   1.010 0.000   0.219 0.000   0.791 0.000 0.007 0.000000 0.033 0.000000
 43.291667  44.291667    5.25 0.000000  0.37 0.000000 9.999 0.259000000 9.99 0.259000000 0.027 0.000000   0.307 0.000   0.429 0.000 99.99 0.259000000   2.160 0.000   1.189 0.000   0.971 0.000 0.010 0.000000 0.065 0.000000
 46.291667  47.291667   10.18 0.000000  0.65 0.000000 9.999 0.259000000 0.07 0.000000000 0.023 0.000000   0.542 0.000   0.759 0.000 99.99 0.259000000   2.441 0.000   0.866 0.000   1.576 0.000 0.016 0.000000 0.104 0.000000
 49.291667  50.291667    2.69 0.000000  0.21 0.000000 9.999 0.259000000 9.99 0.259000000 0.012 0.000000   0.367 0.000   0.514 0.000 99.99 0.259000000   1.489 0.000   0.295 0.000   1.194 0.000 0.007 0.000000 0.103 0.000000
 52.291667  53.291667    1.86 0.000000 99.99 0.259000 9.999 0.259000000 0.05 0.000000000 0.010 0.000000   0.318 0.000   0.445 0.000 99.99 0.259000000   0.790 0.000   0.238 0.000   0.552 0.000 0.008 0.000000 0.023 0.000000
 55.291667  56.291667    1.69 0.559000  0.24 0.559000 9.999 0.559259000 0.09 0.559000000 0.019 0.000000   0.384 0.000   0.537 0.000 99.99 0.559259000   2.641 0.000   0.641 0.000   2.001 0.559 0.012 0.559000 0.273 0.000000
 58.291667  59.291667    6.77 0.000000 99.99 0.259000 9.999 0.259000000 9.99 0.259000000 0.016 0.000000   0.281 0.000   0.394 0.000 99.99 0.259000000   2.357 0.000   0.526 0.000   1.831 0.000 0.016 0.000000 0.227 0.000000
 61.291667  62.291667    4.98 0.000000  0.68 0.000000 9.999 0.259000000 0.10 0.000000000 0.020 0.000000   0.496 0.000   0.695 0.000 99.99 0.259000000   2.498 0.000   0.712 0.000   1.786 0.000 0.017 0.000000 0.150 0.000000
 64.291667  65.291667    6.82 0.000000  0.55 0.000000 9.999 0.259000000 9.99 0.259000000 0.025 0.559000   0.318 0.000   0.445 0.000 99.99 0.259000000   3.091 0.000   1.605 0.000   1.486 0.000 0.014 0.000000 0.136 0.559000
 67.291667  68.291667   22.12 0.000000  0.99 0.000000 9.999 0.259000000 0.15 0.000000000 0.024 0.559000   0.325 0.000   0.455 0.000 99.99 0.259000000   3.514 0.000   1.199 0.000   2.315 0.000 0.026 0.000000 0.249 0.559000
 70.291667  71.291667    2.88 0.000000  0.21 0.000000 9.999 0.259000000 9.99 0.259000000 0.009 0.000000   0.287 0.000   0.401 0.000 99.99 0.259000000   1.184 0.000   0.497 0.000   0.687 0.000 0.006 0.000000 0.053 0.000000
 73.291667  74.291667    1.90 0.000000  0.12 0.000000 9.999 0.259000000 9.99 0.259000000 0.020 0.000000   0.165 0.000   0.232 0.000 99.99 0.259000000   1.305 0.000   0.422 0.000   0.883 0.000 0.005 0.000000 0.067 0.000000
 76.291667  77.291667    5.81 0.000000  0.57 0.000000 9.999 0.259000000 0.44 0.000000000 0.044 0.559000   0.411 0.000   0.575 0.000 99.99 0.259000000   3.896 0.000   0.880 0.000   3.015 0.000 0.011 0.000000 0.382 0.559000
 79.291667  80.291667   13.26 0.000000  1.42 0.000000 9.999 0.259000000 0.26 0.000000000 0.028 0.559000   0.422 0.000   0.591 0.000 99.99 0.259000000   4.319 0.000   0.847 0.000   3.472 0.000 0.019 0.000000 0.475 0.559000
 82.291667  83.291667   11.66 0.000000  0.92 0.000000 9.999 0.259000000 0.14 0.000000000 0.045 0.000000   0.573 0.000   0.802 0.000 99.99 0.259000000   5.438 0.000   1.174 0.000   4.264 0.000 0.015 0.000000 0.592 0.000000
 85.291667  86.291667   43.09 0.000000  0.45 0.000000 9.999 0.259000000 0.09 0.000000000 0.019 0.559000   0.193 0.000   0.271 0.000 99.99 0.259000000   4.158 0.000   2.430 0.000   1.729 0.000 0.027 0.000000 0.093 0.559000
 88.291667  89.291667   13.74 0.000000  0.51 0.000000 9.999 0.259000000 0.11 0.000000000 0.019 0.000000   0.263 0.000   0.369 0.000 99.99 0.259000000   2.928 0.000   1.337 0.000   1.591 0.000 0.012 0.000000 0.151 0.000000
 91.291667  92.291667   13.09 0.000000  0.44 0.000000 9.999 0.259000000 0.27 0.000000000 0.026 0.000000   0.261 0.000   0.366 0.000 99.99 0.259000000   4.536 0.000   0.983 0.000   3.553 0.000 0.015 0.000000 0.571 0.000000
 94.291667  95.291667   39.61 0.000000  0.87 0.000000 9.999 0.259000000 0.15 0.000000000 0.018 0.000000   0.541 0.000   0.757 0.000 99.99 0.259000000   4.351 0.000   1.621 0.000   2.729 0.000 0.028 0.000000 0.155 0.000000
 97.291667  98.291667   34.07 0.000000  0.61 0.000000 9.999 0.259000000 9.99 0.259000000 0.019 0.000000   0.318 0.000   0.445 0.000 99.99 0.259000000   4.811 0.000   3.242 0.000   1.569 0.000 0.025 0.000000 0.128 0.000000
100.291667 101.291667 9999.99 0.456000 99.99 0.456000 9.999 0.456000000 9.99 0.456000000 0.007 0.000000   0.181 0.000   0.254 0.000 99.99 0.456000000   1.497 0.000 999.999 0.999 999.999 0.456 9.999 0.456000 0.053 0.000000
103.291667 104.291667 9999.99 0.999000 99.99 0.999000 9.999 0.999000000 9.99 0.999000000 9.999 0.999000 999.999 0.999 999.999 0.999 99.99 0.999000000 999.999 0.999 999.999 0.999 999.999 0.999 9.999 0.999000 9.999 0.999000
106.291667 107.291667   14.98 0.000000  0.80 0.000000 9.999 0.259000000 0.10 0.000000000 0.019 0.000000   0.347 0.000   0.486 0.000 99.99 0.259000000   2.761 0.000   0.895 0.000   1.866 0.000 0.017 0.000000 0.238 0.000000
109.291667 110.291667   28.38 0.000000  0.66 0.000000 9.999 0.259000000 9.99 0.259000000 0.024 0.000000   0.486 0.000   0.681 0.000 99.99 0.259000000   3.974 0.000   1.033 0.000   2.942 0.000 0.022 0.000000 0.352 0.000000
112.291667 113.291667   78.04 0.000000  1.09 0.000000 9.999 0.259000000 9.99 0.259000000 0.026 0.000000   0.313 0.000   0.438 0.000 99.99 0.259000000   9.765 0.000   6.977 0.000   2.789 0.000 0.044 0.000000 0.205 0.000000
115.291667 116.291667  108.82 0.000000  1.67 0.000000 9.999 0.259000000 0.19 0.000000000 0.048 0.000000   1.056 0.000   1.479 0.000 99.99 0.259000000  10.479 0.000   5.225 0.000   5.254 0.000 0.080 0.000000 0.347 0.000000
118.291667 119.291667   56.94 0.000000  0.91 0.000000 9.999 0.259000000 0.15 0.000000000 0.020 0.000000   0.590 0.000   0.826 0.000 99.99 0.259000000   5.073 0.000   1.870 0.000   3.203 0.000 0.040 0.000000 0.237 0.000000
121.291667 122.291667   44.61 0.000000  0.60 0.000000 9.999 0.259000000 9.99 0.259000000 0.026 0.000000   1.152 0.000   1.613 0.000 99.99 0.259000000   6.903 0.000   3.369 0.000   3.534 0.000 0.034 0.000000 0.157 0.000000
124.291667 125.291667   41.48 0.000000  0.64 0.000000 9.999 0.259000000 0.11 0.000000000 0.030 0.000000   0.271 0.000   0.380 0.000 99.99 0.259000000   4.058 0.000   2.196 0.000   1.862 0.000 0.028 0.000000 0.131 0.000000
127.291667 128.291667    8.62 0.000000  0.33 0.000000 9.999 0.259000000 9.99 0.259000000 0.018 0.559000   0.287 0.000   0.401 0.000 99.99 0.259000000   2.928 0.000   0.771 0.000   2.157 0.000 0.016 0.000000 0.325 0.559000
130.291667 131.291667   18.85 0.000000  0.76 0.000000 9.999 0.259000000 0.20 0.000000000 0.012 0.559000   0.562 0.000   0.787 0.000 99.99 0.259000000   4.740 0.000   2.503 0.000   2.237 0.000 0.020 0.000000 0.198 0.559000
133.291667 134.291667   22.03 0.000000  0.49 0.000000 9.999 0.259000000 0.15 0.000000000 0.011 0.000000   0.551 0.000   0.771 0.000 99.99 0.259000000   3.535 0.000   2.146 0.000   1.389 0.000 0.015 0.000000 0.105 0.000000
136.291667 137.291667   28.53 0.000000  0.51 0.000000 9.999 0.259000000 0.17 0.000000000 0.014 0.559000   1.020 0.000   1.427 0.000 99.99 0.259000000   5.822 0.000   2.529 0.000   3.293 0.000 0.027 0.000000 0.243 0.559000
139.291667 140.291667   52.94 0.000000  0.53 0.000000 9.999 0.259000000 9.99 0.259000000 0.027 0.559000   1.146 0.000   1.604 0.000 99.99 0.259000000  11.367 0.000   7.171 0.000   4.196 0.000 0.044 0.000000 0.258 0.559000
142.291667 143.291667   46.88 0.000000  0.26 0.000000 9.999 0.259000000 9.99 0.259000000 0.044 0.559000   0.906 0.000   1.269 0.000 99.99 0.259000000   7.949 0.000   4.550 0.000   3.399 0.000 0.031 0.000000 0.251 0.559000
145.291667 146.291667    9.72 0.000000  0.30 0.000000 9.999 0.259000000 9.99 0.259000000 0.007 0.559000   0.617 0.000   0.864 0.000 99.99 0.259000000   2.976 0.000   1.391 0.000   1.585 0.000 0.013 0.000000 0.093 0.559000
148.291667 149.291667   13.65 0.000000  0.42 0.000000 9.999 0.259000000 0.15 0.000000000 0.005 0.559000   0.638 0.000   0.894 0.000 99.99 0.259000000   2.811 0.000   0.985 0.000   1.826 0.000 0.015 0.000000 0.095 0.559000
151.291667 152.291667   21.01 0.000000  0.55 0.000000 9.999 0.259000000 9.99 0.259000000 0.015 0.559000   1.036 0.000   1.450 0.000 99.99 0.259000000   4.754 0.000   1.523 0.000   3.231 0.000 0.023 0.000000 0.150 0.559000
154.291667 155.291667   16.41 0.000000  1.44 0.000000 9.999 0.259000000 9.99 0.259000000 0.022 0.559000   1.045 0.000   1.462 0.000 99.99 0.259000000   5.393 0.000   2.060 0.000   3.333 0.000 0.020 0.000000 0.189 0.559000
157.291667 158.291667   17.55 0.000000  0.42 0.000000 9.999 0.259000000 0.11 0.000000000 0.015 0.000000   0.740 0.000   1.036 0.000 99.99 0.259000000   5.115 0.000   2.800 0.000   2.315 0.000 0.020 0.000000 0.101 0.000000
160.291667 161.291667    0.22 0.000000  0.20 0.000000 9.999 0.259000000 9.99 0.259000000 9.999 0.559259   0.175 0.000   0.245 0.000 99.99 0.259000000   0.707 0.000   0.357 0.000   0.350 0.000 0.004 0.000000 0.007 0.559000
163.291667 164.291667   27.72 0.000000  0.35 0.000000 9.999 0.259000000 9.99 0.259000000 0.012 0.559000   1.717 0.000   2.404 0.000 99.99 0.259000000   7.110 0.000   2.246 0.000   4.864 0.000 0.022 0.000000 0.273 0.559000
166.291667 167.291667   28.40 0.000000  0.67 0.000000 9.999 0.259000000 9.99 0.259000000 0.016 0.559000   2.108 0.000   2.952 0.000 99.99 0.259000000   9.040 0.000   3.497 0.000   5.544 0.000 0.030 0.000000 0.185 0.559000
169.291667 170.291667    4.64 0.000000  0.23 0.000000 9.999 0.259000000 9.99 0.259000000 0.008 0.559000   0.395 0.000   0.552 0.000 99.99 0.259000000   2.329 0.000   1.147 0.000   1.182 0.000 0.010 0.000000 0.063 0.559000
172.291667 173.291667   26.85 0.000000  0.34 0.000000 9.999 0.259000000 9.99 0.259000000 0.014 0.559000   1.224 0.000   1.714 0.000 99.99 0.259000000   5.828 0.000   2.552 0.000   3.277 0.000 0.033 0.000000 0.123 0.559000
175.291667 176.291667 9999.99 0.456000 99.99 0.456000 9.999 0.456000000 9.99 0.456000000 0.013 0.559000   1.697 0.000   2.376 0.000 99.99 0.456000000  19.699 0.000 999.999 0.999 999.999 0.456 9.999 0.456000 0.145 0.559000
178.291667 179.291667   26.85 0.559394  0.47 0.559394 0.053 0.559394000 9.99 0.559394259 0.022 0.559394   1.424 0.000   1.994 0.000 99.99 0.559394259   7.366 0.000   3.723 0.000   3.644 0.559 0.036 0.559394 0.135 0.559394
181.291667 182.291667    8.81 0.000000  0.36 0.000000 9.999 0.259000000 0.25 0.000000000 0.014 0.559000   0.503 0.000   0.704 0.000 99.99 0.259000000   3.821 0.000   2.062 0.000   1.760 0.000 0.015 0.000000 0.108 0.559000
184.291667 185.291667   42.07 0.000000  0.49 0.000000 9.999 0.259000000 9.99 0.259000000 0.011 0.000000   0.957 0.000   1.340 0.000 99.99 0.259000000   8.415 0.000   5.296 0.000   3.119 0.000 0.038 0.000000 0.094 0.000000
187.291667 188.291667   21.37 0.000000 99.99 0.259000 9.999 0.259000000 9.99 0.259000000 9.999 0.559259   0.944 0.000   1.321 0.000  4.92 0.000000000   5.095 0.000   2.677 0.000   2.418 0.000 0.026 0.000000 0.061 0.559000
190.291667 191.291667   34.31 0.000000 99.99 0.259000 0.117 0.000000000 9.99 0.259000000 0.003 0.000000   0.798 0.000   1.117 0.000 99.99 0.259000000  11.446 0.000   8.571 0.000   2.875 0.000 0.040 0.000000 0.072 0.000000
193.291667 194.291667  131.79 0.559000  0.60 0.559000 9.999 0.559259000 0.11 0.559000000 0.017 0.000000   2.033 0.000   2.846 0.000 99.99 0.559259000  17.909 0.000  10.400 0.000   7.509 0.559 0.141 0.559000 0.218 0.000000
196.291667 197.291667 9999.99 0.456000 99.99 0.456000 9.999 0.456000000 9.99 0.456000000 0.012 0.000000   2.445 0.000   3.422 0.000 99.99 0.456000000  14.198 0.000 999.999 0.999 999.999 0.456 9.999 0.456000 0.146 0.000000
199.291667 200.291667  224.87 0.559000  0.31 0.559000 9.999 0.559259000 0.20 0.559000000 0.013 0.000000   3.074 0.000   4.304 0.000 99.99 0.559259000  32.366 0.000  20.072 0.000  12.294 0.559 0.257 0.559000 0.143 0.000000
202.291667 203.291667   61.24 0.559000  0.31 0.559000 0.036 0.559000000 0.14 0.559000000 0.011 0.000000   1.135 0.000   1.588 0.000 99.99 0.559259000  13.429 0.000   8.468 0.000   4.960 0.559 0.059 0.559000 0.234 0.000000
205.291667 206.291667  374.82 0.699000  0.41 0.699000 0.190 0.699000000 0.13 0.699000000 0.014 0.000000   4.680 0.000   6.552 0.000 99.99 0.699259000  49.314 0.000  29.809 0.000  19.505 0.699 0.409 0.699000 0.141 0.000000
208.291667 209.291667   51.05 0.559000  0.28 0.559000 0.029 0.559000000 0.25 0.559000000 0.023 0.000000   1.667 0.000   2.334 0.000 99.99 0.559259000   9.574 0.000   4.399 0.000   5.176 0.559 0.044 0.559000 0.159 0.000000
211.291667 212.291667  121.31 0.559000  0.24 0.559000 0.071 0.559000000 0.10 0.559000000 0.010 0.000000   1.094 0.000   1.532 0.000 99.99 0.559259000  18.449 0.000  12.847 0.000   5.601 0.559 0.116 0.559000 0.111 0.000000
214.291667 215.291667   28.15 0.000000  0.16 0.000000 9.999 0.259000000 0.21 0.000000000 0.014 0.000000   0.889 0.000   1.244 0.000 99.99 0.259000000   6.242 0.000   3.343 0.000   2.899 0.000 0.026 0.000000 0.149 0.000000
