scripts/IMPROVE-2019_partial/data/US9036R.20060102070000.20191216000000.filterpack..pm25.52w.1w.US03L_filterpack_US9036.US03L_IMPROVE_Davis.lev2.nas
64 1001
MISSING INFORMATION
US03L, IMPROVE, , , , , , , 
MISSING INFORMATION
IMPROVE sel_HTAP
1 1
2006 01 01 2019 12 16
3.000000
days from file reference point
25
1 1 1 1 1 1 1 1 1 1 1 1 1 1 1 1 1 1 1 1 1 1 1 1 1
999.999999 9999.99 9.999 999.99 9.999 9.999 9.999 9.99 9.999 9.999 9.999 99.999 9.999 99.999 9.999 999.999 9.999 999.999 9.999 999.999 9.999 9.999 9.999 9.999 9.999
end_time of measurement, days from the file reference point
iron, ng/m3, Revision date=20181210133000
numflag iron, no unit, Revision date=20181210133000
lead, ng/m3, Revision date=20181210133000
numflag lead, no unit, Revision date=20181210133000
magnesium, ug/m3, Revision date=20181210133000
numflag magnesium, no unit, Revision date=20181210133000
nickel, ng/m3, Revision date=20181210133000
numflag nickel, no unit, Revision date=20181210133000
nitrate, ug N/m3, Revision date=20181210133000
numflag nitrate, no unit, Revision date=20181210133000
organic_carbon, ug C/m3, Revision date=20181210133000
numflag organic_carbon, no unit, Revision date=20181210133000
organic_mass, ug/m3, Revision date=20181210133000
numflag organic_mass, no unit, Revision date=20181210133000
pm10_mass, ug/m3, Version=2, Version description=Data extracted from http://views.cira.colostate.edu/fed/DataWizard 2019-12-16, Sample duration=1d, Orig. time res.=3d, Matrix=pm10, Blank correction=Blank corrected, Volume std. temperature=ambient, Volume std. pressure=ambient
numflag pm10_mass, no unit, Version=2, Version description=Data extracted from http://views.cira.colostate.edu/fed/DataWizard 2019-12-16, Sample duration=1d, Orig. time res.=3d, Matrix=pm10, Blank correction=Blank corrected, Volume std. temperature=ambient, Volume std. pressure=ambient
pm10_pm25_mass, ug/m3, Revision date=20181210133000, Matrix=pm10_pm25
numflag pm10_pm25_mass, no unit, Revision date=20181210133000, Matrix=pm10_pm25
pm25_mass, ug/m3, Version=2, Version description=Data extracted from http://views.cira.colostate.edu/fed/DataWizard 2019-12-16, Sample duration=1d, Orig. time res.=3d, Blank correction=Blank corrected, Volume std. temperature=ambient, Volume std. pressure=ambient
numflag pm25_mass, no unit, Version=2, Version description=Data extracted from http://views.cira.colostate.edu/fed/DataWizard 2019-12-16, Sample duration=1d, Orig. time res.=3d, Blank correction=Blank corrected, Volume std. temperature=ambient, Volume std. pressure=ambient
potassium, ug/m3, Revision date=20181210133000
numflag potassium, no unit, Revision date=20181210133000
sulphate_total, ug S/m3, Revision date=20181210133000
numflag sulphate_total, no unit, Revision date=20181210133000
0
25
Data definition:              EBAS_1.1
Set type code:                TU
Timezone:                     UTC
File name:                    US9036R.20060102070000.20191216000000.filterpack..pm25.52w.1w.US03L_filterpack_US9036.US03L_IMPROVE_Davis.lev2.nas
File creation:                20191218120746
Startdate:                    20060102070000
Revision date:                20191216000000
Statistics:                   arithmetic mean
Data level:                   2
Period code:                  52w
Resolution code:              1w
Station code:                 US9036R
Platform code:                US9036S
Station name:                 Tonto NM
Station latitude:             33.6548
Station longitude:            -111.1068
Station altitude:             775.0 m
Regime:                       IMG
Component:                    
Matrix:                       pm25
Laboratory code:              US03L
Instrument type:              filterpack
Instrument name:              filterpack_US9036
Method ref:                   US03L_IMPROVE_Davis
starttime endtime Fe flag_Fe Pb flag_Pb Mg++ flag_Mg++ Ni flag_Ni NO3- flag_NO3- OC flag_OC OM flag_OM PM10 flag_PM10 PM10-PM2.5 flag_PM10-PM2.5 PM2.5 flag_PM2.5 K+ flag_K+ SO4-- flag_SO4--
  1.291667   2.291667   39.80 0.000  10.09 0.000 0.017 0.000 9.99 0.259 0.035 0.000  0.292 0.000  0.409 0.000   9.992 0.000   8.126 0.000   1.866 0.000 0.045 0.000 0.115 0.000
  4.291667   5.291667   40.97 0.000   0.70 0.000 9.999 0.259 9.99 0.259 0.014 0.000  0.128 0.000  0.179 0.000   2.864 0.000   1.506 0.000   1.357 0.000 0.026 0.000 0.073 0.000
  7.291667   8.291667   76.57 0.000   4.67 0.000 0.027 0.000 9.99 0.259 0.041 0.000  0.659 0.000  0.923 0.000  11.685 0.000   8.496 0.000   3.189 0.000 0.084 0.000 0.147 0.000
 10.291667  11.291667  107.22 0.000   5.04 0.000 0.045 0.000 9.99 0.259 0.019 0.000  0.769 0.000  1.077 0.000   9.196 0.000   5.063 0.000   4.133 0.000 0.079 0.000 0.087 0.000
 13.291667  14.291667  155.28 0.000   4.31 0.000 0.061 0.000 9.99 0.259 0.090 0.000  0.758 0.000  1.061 0.000  15.138 0.000   9.906 0.000   5.232 0.000 0.116 0.000 0.172 0.000
 16.291667  17.291667   22.14 0.000   0.66 0.000 9.999 0.259 9.99 0.259 0.011 0.000  0.100 0.000  0.140 0.000   2.867 0.000   1.871 0.000   0.996 0.000 0.013 0.000 0.045 0.000
 19.291667  20.291667   36.04 0.000   0.46 0.000 0.017 0.000 9.99 0.259 0.013 0.000  0.149 0.000  0.209 0.000   2.013 0.000   0.758 0.000   1.254 0.000 0.022 0.000 0.043 0.000
 22.291667  23.291667   21.47 0.000   1.08 0.000 0.010 0.000 9.99 0.259 0.034 0.000  0.309 0.000  0.432 0.000   3.881 0.000   2.038 0.000   1.843 0.000 0.017 0.000 0.129 0.000
 25.291667  26.291667   76.03 0.000   1.80 0.000 0.031 0.000 9.99 0.259 0.080 0.000  0.681 0.000  0.953 0.000  14.037 0.000  10.024 0.000   4.013 0.000 0.067 0.000 0.246 0.000
 28.291667  29.291667   46.82 0.000   2.81 0.000 9.999 0.259 9.99 0.259 0.203 0.000  0.706 0.000  0.988 0.000   7.571 0.000   4.934 0.000   2.636 0.000 0.036 0.000 0.136 0.000
 31.291667  32.291667   84.35 0.000   2.17 0.000 0.011 0.000 9.99 0.259 0.259 0.000  0.901 0.000  1.261 0.000  12.505 0.000   8.455 0.000   4.050 0.000 0.061 0.000 0.162 0.000
 34.291667  35.291667   51.94 0.000   4.38 0.000 9.999 0.259 9.99 0.259 0.022 0.000  0.433 0.000  0.607 0.000   6.157 0.000   3.390 0.000   2.766 0.000 0.044 0.000 0.229 0.000
 37.291667  38.291667   34.83 0.000   1.02 0.000 9.999 0.259 9.99 0.259 0.014 0.000  0.230 0.000  0.322 0.000   3.634 0.000   2.253 0.000   1.381 0.000 0.028 0.000 0.082 0.000
 40.291667  41.291667   97.41 0.000   3.18 0.000 9.999 0.259 9.99 0.259 0.319 0.000  1.012 0.000  1.417 0.000  12.428 0.000   7.169 0.000   5.259 0.000 0.070 0.000 0.267 0.000
 43.291667  44.291667   52.92 0.000   1.42 0.000 9.999 0.259 9.99 0.259 0.043 0.000  0.368 0.000  0.516 0.000   5.323 0.000   2.835 0.000   2.488 0.000 0.036 0.000 0.156 0.000
 46.291667  47.291667  254.32 0.000   1.13 0.000 9.999 0.259 9.99 0.259 0.306 0.000  0.708 0.000  0.991 0.000  39.843 0.000  29.526 0.000  10.316 0.000 0.157 0.000 0.336 0.000
 49.291667  50.291667   42.84 0.000   1.05 0.000 9.999 0.259 0.14 0.000 0.128 0.000  0.447 0.000  0.626 0.000   7.701 0.000   4.890 0.000   2.811 0.000 0.041 0.000 0.146 0.000
 52.291667  53.291667   89.22 0.000   1.65 0.000 9.999 0.259 0.14 0.000 0.130 0.000  0.470 0.000  0.658 0.000   8.432 0.000   5.128 0.000   3.304 0.000 0.050 0.000 0.137 0.000
 55.291667  56.291667   75.01 0.000   2.97 0.000 0.015 0.000 0.09 0.000 0.057 0.000  0.436 0.000  0.610 0.000  10.311 0.000   6.727 0.000   3.585 0.000 0.050 0.000 0.243 0.000
 58.291667  59.291667   84.38 0.000   5.26 0.000 9.999 0.259 9.99 0.259 0.064 0.000  0.748 0.000  1.047 0.000  13.621 0.000   9.496 0.000   4.124 0.000 0.072 0.000 0.253 0.000
 61.291667  62.291667  114.88 0.000   1.87 0.000 9.999 0.259 9.99 0.259 0.046 0.000  0.361 0.000  0.506 0.000  14.162 0.000  10.174 0.000   3.987 0.000 0.074 0.000 0.132 0.000
 64.291667  65.291667   97.77 0.000   3.22 0.000 9.999 0.259 0.11 0.000 0.110 0.000  0.364 0.000  0.509 0.000  10.297 0.000   6.620 0.000   3.677 0.000 0.063 0.000 0.191 0.000
 67.291667  68.291667   66.45 0.000   0.91 0.000 9.999 0.259 0.08 0.000 0.108 0.000  0.368 0.000  0.516 0.000   8.774 0.000   6.103 0.000   2.671 0.000 0.041 0.000 0.090 0.000
 70.291667  71.291667 9999.99 0.999 999.99 0.999 9.999 0.999 9.99 0.999 9.999 0.999 99.999 0.999 99.999 0.999 999.999 0.999 999.999 0.999 999.999 0.999 9.999 0.999 9.999 0.999
 73.291667  74.291667   48.65 0.000   2.60 0.000 9.999 0.259 9.99 0.259 0.408 0.000  0.986 0.000  1.380 0.000   7.835 0.000   3.690 0.000   4.144 0.000 0.038 0.000 0.224 0.000
 76.291667  77.291667   62.18 0.000   1.77 0.000 9.999 0.259 0.24 0.000 0.068 0.000  0.362 0.000  0.507 0.000   8.390 0.000   5.370 0.000   3.021 0.000 0.042 0.000 0.247 0.000
 79.291667  80.291667 9999.99 0.456 999.99 0.456 9.999 0.456 9.99 0.456 9.999 0.456 99.999 0.456 99.999 0.456 999.999 0.456 999.999 0.456 999.999 0.456 9.999 0.456 9.999 0.456
 82.291667  83.291667 9999.99 0.456 999.99 0.456 9.999 0.456 9.99 0.456 9.999 0.456 99.999 0.456 99.999 0.456 999.999 0.456 999.999 0.456 999.999 0.456 9.999 0.456 9.999 0.456
 85.291667  86.291667 9999.99 0.456 999.99 0.456 9.999 0.456 9.99 0.456 9.999 0.456 99.999 0.456 99.999 0.456 999.999 0.456 999.999 0.456 999.999 0.456 9.999 0.456 9.999 0.456
 88.291667  89.291667   83.71 0.000   1.10 0.000 0.022 0.000 0.20 0.000 0.096 0.000  0.594 0.000  0.832 0.000   8.567 0.000   4.663 0.000   3.905 0.000 0.056 0.000 0.214 0.000
 91.291667  92.291667   59.11 0.000   3.51 0.000 0.027 0.000 0.11 0.000 0.047 0.000  0.591 0.000  0.828 0.000   6.405 0.000   2.372 0.000   4.033 0.000 0.052 0.000 0.422 0.000
 94.291667  95.291667  109.63 0.000   2.36 0.000 0.059 0.000 0.07 0.000 0.034 0.000  0.583 0.000  0.816 0.000  17.556 0.000  14.095 0.000   3.462 0.000 0.066 0.000 0.111 0.000
 97.291667  98.291667   57.19 0.000   4.18 0.000 0.022 0.000 9.99 0.259 0.033 0.000  0.580 0.000  0.813 0.000   7.930 0.000   5.022 0.000   2.908 0.000 0.038 0.000 0.226 0.000
100.291667 101.291667   71.36 0.000   1.43 0.000 0.031 0.000 0.07 0.000 0.049 0.000  0.426 0.000  0.596 0.000  10.436 0.000   7.473 0.000   2.963 0.000 0.050 0.000 0.223 0.000
103.291667 104.291667  273.98 0.000   2.12 0.000 0.160 0.000 9.99 0.259 0.036 0.000  0.979 0.000  1.371 0.000  35.876 0.000  27.137 0.000   8.738 0.000 0.169 0.000 0.280 0.000
106.291667 107.291667  200.23 0.000   1.21 0.000 0.116 0.000 0.13 0.000 0.054 0.000  0.538 0.000  0.753 0.000  17.792 0.000  12.203 0.000   5.589 0.000 0.113 0.000 0.222 0.000
109.291667 110.291667  188.48 0.000   2.05 0.000 0.092 0.000 9.99 0.259 0.064 0.000  0.635 0.000  0.889 0.000  18.442 0.000  12.699 0.000   5.744 0.000 0.105 0.000 0.241 0.000
112.291667 113.291667  270.37 0.000   2.32 0.000 0.154 0.000 9.99 0.259 0.100 0.000  0.330 0.000  0.463 0.000  18.316 0.000  10.547 0.000   7.770 0.000 0.157 0.000 0.375 0.000
115.291667 116.291667  217.52 0.000   3.53 0.000 0.101 0.000 9.99 0.259 0.113 0.559  0.709 0.000  0.993 0.000  21.810 0.000  13.677 0.000   8.133 0.000 0.191 0.000 0.494 0.559
118.291667 119.291667  141.02 0.000   1.78 0.000 0.062 0.000 9.99 0.259 0.087 0.559  0.878 0.000  1.229 0.000  15.433 0.000   9.017 0.000   6.416 0.000 0.090 0.000 0.329 0.559
121.291667 122.291667   71.27 0.000   1.38 0.000 9.999 0.259 9.99 0.259 0.039 0.559  0.640 0.000  0.896 0.000  10.466 0.000   6.757 0.000   3.708 0.000 0.047 0.000 0.200 0.559
124.291667 125.291667  140.73 0.000   1.54 0.000 0.051 0.000 0.13 0.000 0.115 0.559  0.408 0.000  0.571 0.000  14.957 0.000   8.997 0.000   5.960 0.000 0.090 0.000 0.367 0.559
127.291667 128.291667  124.38 0.000   2.04 0.000 0.023 0.000 0.22 0.000 0.129 0.559  0.929 0.000  1.301 0.000  18.785 0.000  11.488 0.000   7.297 0.000 0.085 0.000 0.565 0.559
130.291667 131.291667  174.22 0.000   2.26 0.000 0.059 0.000 9.99 0.259 0.083 0.559  1.015 0.000  1.421 0.000  17.668 0.000  10.252 0.000   7.417 0.000 0.102 0.000 0.419 0.559
133.291667 134.291667  131.33 0.000   1.34 0.000 9.999 0.259 9.99 0.259 0.067 0.559  0.890 0.000  1.246 0.000  16.808 0.000  10.036 0.000   6.771 0.000 0.084 0.000 0.434 0.559
136.291667 137.291667   55.61 0.000   1.28 0.000 9.999 0.259 9.99 0.259 0.026 0.559  0.758 0.000  1.061 0.000   9.819 0.000   5.951 0.000   3.868 0.000 0.042 0.000 0.269 0.559
139.291667 140.291667   81.16 0.000   1.13 0.000 9.999 0.259 9.99 0.259 0.052 0.559  0.813 0.000  1.138 0.000  11.523 0.000   6.357 0.000   5.166 0.000 0.073 0.000 0.409 0.559
142.291667 143.291667  113.93 0.000   0.43 0.000 0.048 0.000 9.99 0.259 0.059 0.559  0.695 0.000  0.972 0.000 999.999 0.456 999.999 0.999   4.917 0.000 0.070 0.000 0.151 0.559
145.291667 146.291667   99.39 0.000   0.95 0.000 9.999 0.259 9.99 0.259 0.047 0.559  0.634 0.000  0.887 0.000 999.999 0.456 999.999 0.999   4.458 0.000 0.078 0.000 0.187 0.559
148.291667 149.291667  127.68 0.000   1.10 0.000 0.043 0.000 9.99 0.259 0.077 0.559  0.933 0.000  1.306 0.000 999.999 0.456 999.999 0.999   6.593 0.000 0.134 0.000 0.324 0.559
151.291667 152.291667  265.96 0.000   2.09 0.000 0.135 0.000 9.99 0.259 0.048 0.559  0.956 0.000  1.338 0.000  32.100 0.000  22.473 0.000   9.627 0.000 0.186 0.000 0.300 0.559
154.291667 155.291667  115.48 0.000   1.66 0.000 0.043 0.000 0.14 0.000 0.066 0.559  1.736 0.000  2.430 0.000  21.338 0.000  12.787 0.000   8.550 0.000 0.109 0.000 0.561 0.559
157.291667 158.291667   96.80 0.000   0.58 0.000 0.050 0.000 0.17 0.000 0.039 0.559  0.822 0.000  1.151 0.000  16.092 0.000  11.499 0.000   4.593 0.000 0.077 0.000 0.246 0.559
160.291667 161.291667   45.06 0.000   1.14 0.000 0.027 0.000 0.22 0.000 0.027 0.559  0.470 0.000  0.657 0.000   8.787 0.000   5.562 0.000   3.225 0.000 0.039 0.000 0.304 0.559
163.291667 164.291667   68.73 0.000   0.85 0.000 0.025 0.000 0.20 0.000 0.033 0.559  0.939 0.000  1.315 0.000  11.184 0.000   5.638 0.000   5.545 0.000 0.062 0.000 0.450 0.559
166.291667 167.291667   88.21 0.000   0.67 0.000 0.040 0.000 9.99 0.259 0.043 0.559  0.870 0.000  1.218 0.000  16.283 0.000  11.276 0.000   5.007 0.000 0.083 0.000 0.260 0.559
169.291667 170.291667   72.48 0.000   1.36 0.000 0.039 0.000 0.23 0.000 0.082 0.559  1.079 0.000  1.511 0.000  17.788 0.000  11.383 0.000   6.404 0.000 0.102 0.000 0.532 0.559
172.291667 173.291667  139.23 0.000   1.16 0.000 0.070 0.000 0.35 0.000 0.098 0.559  0.812 0.000  1.137 0.000 999.999 0.456 999.999 0.999   7.287 0.000 0.119 0.000 0.480 0.559
175.291667 176.291667  150.48 0.000   1.26 0.000 0.072 0.000 9.99 0.259 0.032 0.559  2.162 0.000  3.027 0.000 999.999 0.456 999.999 0.999   8.976 0.000 0.114 0.000 0.326 0.559
178.291667 179.291667   73.01 0.000   1.70 0.000 0.027 0.000 0.09 0.000 0.029 0.559  1.003 0.000  1.405 0.000  14.411 0.000   8.707 0.000   5.704 0.000 0.067 0.000 0.446 0.559
181.291667 182.291667   44.00 0.000   1.59 0.000 0.009 0.000 9.99 0.259 0.037 0.559  2.653 0.000  4.776 0.000  14.300 0.000   5.966 0.000   8.334 0.000 0.132 0.000 0.393 0.559
184.291667 185.291667   49.72 0.000   1.08 0.000 0.030 0.000 0.34 0.000 0.100 0.559  0.960 0.000  1.728 0.000  14.321 0.000   8.515 0.000   5.805 0.000 0.115 0.000 0.511 0.559
187.291667 188.291667   23.22 0.000   2.38 0.000 9.999 0.259 9.99 0.259 0.015 0.559  0.506 0.000  0.910 0.000   5.038 0.000   2.752 0.000   2.286 0.000 0.019 0.000 0.170 0.559
190.291667 191.291667   44.79 0.000   0.78 0.000 9.999 0.259 9.99 0.259 0.048 0.559  0.743 0.000  1.337 0.000  11.738 0.000   7.600 0.000   4.138 0.000 0.067 0.000 0.341 0.559
193.291667 194.291667  114.69 0.000   1.60 0.000 9.999 0.259 0.25 0.000 0.069 0.559  0.856 0.000  1.540 0.000  14.261 0.000   7.745 0.000   6.516 0.000 0.100 0.000 0.469 0.559
196.291667 197.291667  687.38 0.000   8.29 0.000 9.999 0.259 0.17 0.000 0.055 0.559  1.047 0.000  1.885 0.000  82.631 0.000  63.032 0.000  19.599 0.000 0.498 0.000 0.337 0.559
199.291667 200.291667   76.12 0.000   3.04 0.000 9.999 0.259 0.06 0.000 0.024 0.559  0.350 0.000  0.630 0.000  10.275 0.000   6.895 0.000   3.381 0.000 0.046 0.000 0.196 0.559
202.291667 203.291667   24.18 0.000   0.38 0.000 9.999 0.259 9.99 0.259 0.024 0.559  0.789 0.000  1.421 0.000  10.529 0.000   5.152 0.000   5.377 0.000 0.027 0.000 0.532 0.559
205.291667 206.291667  133.94 0.000   1.32 0.000 0.040 0.000 0.30 0.000 0.082 0.559  0.936 0.000  1.685 0.000  24.360 0.000  16.547 0.000   7.812 0.000 0.111 0.000 0.530 0.559
208.291667 209.291667   31.55 0.000   0.56 0.000 9.999 0.259 0.20 0.000 0.070 0.559  0.600 0.000  1.080 0.000   9.133 0.000   5.063 0.000   4.070 0.000 0.036 0.000 0.394 0.559
211.291667 212.291667   29.46 0.000   0.49 0.000 9.999 0.259 0.28 0.000 0.045 0.559  0.411 0.000  0.741 0.000   7.596 0.000   3.831 0.000   3.764 0.000 0.032 0.000 0.404 0.559
214.291667 215.291667   51.39 0.000   1.50 0.000 9.999 0.259 0.29 0.000 0.050 0.559  0.302 0.000  0.544 0.000  13.192 0.000   9.047 0.000   4.146 0.000 0.041 0.000 0.438 0.559
217.291667 218.291667   18.00 0.000   1.35 0.000 0.007 0.000 0.24 0.000 0.023 0.559  0.543 0.000  0.977 0.000   6.247 0.000   3.715 0.000   2.532 0.000 0.015 0.000 0.240 0.559
220.291667 221.291667   45.06 0.000   2.64 0.000 9.999 0.259 9.99 0.259 0.023 0.559  0.561 0.000  1.009 0.000   6.558 0.000   2.839 0.000   3.719 0.000 0.031 0.000 0.314 0.559
223.291667 224.291667   20.20 0.000   0.65 0.000 0.009 0.000 0.13 0.000 0.020 0.559  0.523 0.000  0.942 0.000   3.432 0.000   0.906 0.000   2.527 0.000 0.019 0.000 0.190 0.559
226.291667 227.291667   19.68 0.000   7.39 0.000 0.007 0.000 0.14 0.000 0.028 0.559  0.675 0.000  1.215 0.000   4.795 0.000   1.052 0.000   3.744 0.000 0.021 0.000 0.334 0.559
229.291667 230.291667   31.76 0.000   2.84 0.000 0.018 0.000 0.14 0.000 0.037 0.559  0.357 0.000  0.642 0.000   5.382 0.000   3.434 0.000   1.947 0.000 0.025 0.000 0.244 0.559
232.291667 233.291667   16.89 0.000   0.61 0.000 9.999 0.259 9.99 0.259 0.020 0.559  0.648 0.000  1.167 0.000   5.263 0.000   3.068 0.000   2.196 0.000 0.016 0.000 0.306 0.559
235.291667 236.291667   28.42 0.000   0.94 0.000 9.999 0.259 9.99 0.259 0.018 0.559  0.467 0.000  0.840 0.000   4.565 0.000   2.182 0.000   2.383 0.000 0.023 0.000 0.348 0.559
238.291667 239.291667   35.01 0.000   1.12 0.000 0.013 0.000 0.30 0.000 0.062 0.559  0.591 0.000  1.065 0.000   9.713 0.000   6.076 0.000   3.637 0.000 0.035 0.000 0.532 0.559
241.291667 242.291667   26.84 0.000   5.97 0.000 0.009 0.000 0.08 0.000 0.016 0.559  0.497 0.000  0.894 0.000   7.829 0.000   4.519 0.000   3.310 0.000 0.019 0.000 0.312 0.559
244.291667 245.291667   22.94 0.000   1.60 0.000 9.999 0.259 9.99 0.259 0.013 0.559  0.591 0.000  1.064 0.000   5.076 0.000   2.602 0.000   2.474 0.000 0.016 0.000 0.179 0.559
247.291667 248.291667    5.54 0.000   0.36 0.000 9.999 0.259 9.99 0.259 0.006 0.559  0.356 0.000  0.640 0.000   2.851 0.000   1.491 0.000   1.359 0.000 0.005 0.000 0.139 0.559
250.291667 251.291667   19.38 0.000   0.85 0.000 9.999 0.259 0.10 0.000 0.019 0.559  0.731 0.000  1.316 0.000   6.432 0.000   3.927 0.000   2.505 0.000 0.022 0.000 0.137 0.559
253.291667 254.291667   15.79 0.000   0.87 0.000 0.010 0.000 0.15 0.000 0.025 0.559  0.439 0.000  0.791 0.000   5.166 0.000   2.128 0.000   3.037 0.000 0.023 0.000 0.313 0.559
256.291667 257.291667   35.71 0.000   7.98 0.000 9.999 0.259 0.12 0.000 0.021 0.559  0.415 0.000  0.747 0.000   7.766 0.000   4.154 0.000   3.612 0.000 0.037 0.000 0.319 0.559
259.291667 260.291667   53.44 0.000   0.99 0.000 9.999 0.259 0.18 0.000 0.059 0.559  0.903 0.000  1.626 0.000  12.997 0.000   8.641 0.000   4.356 0.000 0.048 0.000 0.201 0.559
262.291667 263.291667   58.27 0.000   1.38 0.000 0.011 0.000 0.15 0.000 0.047 0.559  0.647 0.000  1.164 0.000  13.950 0.000   9.967 0.000   3.983 0.000 0.049 0.000 0.254 0.559
265.291667 266.291667   46.86 0.000   0.92 0.000 0.016 0.000 9.99 0.259 0.079 0.559  1.169 0.000  2.105 0.000  13.531 0.000   8.716 0.000   4.816 0.000 0.054 0.000 0.244 0.559
268.291667 269.291667   30.91 0.000   1.91 0.000 9.999 0.259 0.12 0.000 0.018 0.559  0.906 0.000  1.631 0.000  10.681 0.000   6.697 0.000   3.983 0.000 0.027 0.000 0.299 0.559
