scripts/IMPROVE-2019_partial/data/US9025U.20110103080000.20191216000000.filterpack...1y.3d.US03L_filterpack_US9025.US03L_IMPROVE_Davis.lev2.nas
52 1001
MISSING INFORMATION
US03L, IMPROVE, , , , , , , 
MISSING INFORMATION
IMPROVE sel_HTAP
1 1
2011 01 01 2019 12 16
3.000000
days from file reference point
5
1 1 1 1 1
999.999999 999.999 9.999 999.999 9.999
end_time of measurement, days from the file reference point
pm10_mass, ug/m3, Matrix=pm10
numflag pm10_mass, no unit, Matrix=pm10
pm25_mass, ug/m3, Matrix=pm25
numflag pm25_mass, no unit, Matrix=pm25
0
33
Data definition:              EBAS_1.1
Set type code:                TU
Timezone:                     UTC
File name:                    US9025U.20110103080000.20191216000000.filterpack...1y.3d.US03L_filterpack_US9025.US03L_IMPROVE_Davis.lev2.nas
File creation:                20191218120651
Startdate:                    20110103080000
Revision date:                20191216000000
Version:                      2
Version description:          "Data extracted from http://views.cira.colostate.edu/fed/DataWizard 2019-12-16"
Statistics:                   arithmetic mean
Data level:                   2
Period code:                  1y
Resolution code:              3d
Sample duration:              1d
Orig. time res.:              3d
Station code:                 US9025U
Platform code:                US9025S
Station name:                 Puget Sound
Station latitude:             47.5696
Station longitude:            -122.3119
Station altitude:             97.0 m
Regime:                       IMG
Component:                    
Unit:                         ug/m3
Matrix:                       
Laboratory code:              US03L
Instrument type:              filterpack
Instrument name:              filterpack_US9025
Method ref:                   US03L_IMPROVE_Davis
Blank correction:             Blank corrected
Volume std. temperature:      ambient
Volume std. pressure:         ambient
starttime endtime PM10 flag_PM10 PM2.5 flag_PM2.5
  2.333333   3.333333  17.299 0.000  11.321 0.000
  5.333333   6.333333   4.442 0.000   3.484 0.000
  8.333333   9.333333   5.279 0.000   4.136 0.000
 11.333333  12.333333   2.938 0.000   2.266 0.000
 14.333333  15.333333   6.583 0.000   4.416 0.000
 17.333333  18.333333  11.514 0.000   5.299 0.000
 20.333333  21.333333   3.551 0.000   2.526 0.000
 23.333333  24.333333   7.788 0.000   6.190 0.000
 26.333333  27.333333  22.404 0.000  14.539 0.000
 29.333333  30.333333   7.273 0.000   3.028 0.000
 32.333333  33.333333  19.875 0.000   9.759 0.000
 35.333333  36.333333   7.425 0.000   4.320 0.000
 38.333333  39.333333   4.157 0.000   4.535 0.000
 41.333333  42.333333  20.204 0.000  13.367 0.000
 44.333333  45.333333   4.932 0.000   3.722 0.000
 47.333333  48.333333   3.664 0.000   2.432 0.000
 50.333333  51.333333  10.657 0.000   7.229 0.000
 53.333333  54.333333   5.057 0.000   2.397 0.000
 56.333333  57.333333   8.205 0.000   5.572 0.000
 59.333333  60.333333   3.887 0.000   2.902 0.000
 62.333333  63.333333   7.433 0.000   4.136 0.000
 65.333333  66.333333  14.899 0.000  10.055 0.000
 68.333333  69.333333   4.215 0.000   2.162 0.000
 71.333333  72.333333   2.152 0.000   1.613 0.000
 74.333333  75.333333   4.474 0.000   2.130 0.000
 77.333333  78.333333   7.535 0.000   4.650 0.000
 80.333333  81.333333   6.572 0.000   2.803 0.000
 83.333333  84.333333   4.106 0.000   2.543 0.000
 86.333333  87.333333   4.027 0.000   2.250 0.000
 89.333333  90.333333   2.756 0.000   1.347 0.000
 92.333333  93.333333   7.914 0.000   3.903 0.000
 95.333333  96.333333   5.769 0.000   3.376 0.000
 98.333333  99.333333  10.933 0.000   5.878 0.000
101.333333 102.333333  10.918 0.000   4.774 0.000
104.333333 105.333333   9.832 0.000   5.735 0.000
107.333333 108.333333   6.376 0.000   3.778 0.000
110.333333 111.333333   6.040 0.000   3.090 0.000
113.333333 114.333333   8.600 0.000   4.929 0.000
116.333333 117.333333   4.504 0.000   2.404 0.000
119.333333 120.333333   8.527 0.000   4.609 0.000
122.333333 123.333333   8.154 0.000   4.216 0.000
125.333333 126.333333   3.823 0.000   1.983 0.000
128.333333 129.333333  12.025 0.000   5.796 0.000
131.333333 132.333333   7.446 0.000   3.395 0.000
134.333333 135.333333   6.195 0.000   3.766 0.000
137.333333 138.333333   9.045 0.000   4.897 0.000
140.333333 141.333333   8.695 0.000   5.811 0.000
143.333333 144.333333   5.102 0.000   4.833 0.000
146.333333 147.333333   5.110 0.000   2.410 0.000
149.333333 150.333333   7.049 0.000   2.930 0.000
152.333333 153.333333   6.285 0.000   2.622 0.000
155.333333 156.333333  13.345 0.000   8.125 0.000
158.333333 159.333333  15.729 0.000   7.886 0.000
161.333333 162.333333  10.170 0.000   5.877 0.000
164.333333 165.333333   4.714 0.000   1.965 0.000
167.333333 168.333333  16.771 0.000   6.570 0.000
170.333333 171.333333  10.889 0.000   6.013 0.000
173.333333 174.333333   5.549 0.000   2.187 0.000
176.333333 177.333333   9.728 0.000   5.416 0.000
179.333333 180.333333   5.988 0.000   1.371 0.000
182.333333 183.333333  10.963 0.000   5.827 0.000
185.333333 186.333333  22.667 0.000   9.282 0.000
188.333333 189.333333   9.616 0.000   3.615 0.000
191.333333 192.333333  12.047 0.000   5.235 0.000
194.333333 195.333333   5.704 0.000   2.384 0.000
197.333333 198.333333   9.047 0.000   6.165 0.000
200.333333 201.333333   6.794 0.000   2.497 0.000
203.333333 204.333333  11.205 0.000   5.492 0.000
206.333333 207.333333   5.638 0.000 999.999 0.456
209.333333 210.333333   9.576 0.000   5.770 0.000
212.333333 213.333333  11.662 0.000   5.387 0.000
215.333333 216.333333   8.934 0.000   4.100 0.000
218.333333 219.333333  13.828 0.000   6.503 0.000
221.333333 222.333333  16.154 0.000   6.909 0.000
224.333333 225.333333  14.497 0.000   5.973 0.000
227.333333 228.333333  11.517 0.000   5.171 0.000
230.333333 231.333333  12.698 0.000   6.891 0.000
233.333333 234.333333   5.824 0.000   1.957 0.000
236.333333 237.333333  15.108 0.000   8.573 0.000
239.333333 240.333333  12.697 0.000   8.231 0.000
242.333333 243.333333  14.031 0.000   6.332 0.000
245.333333 246.333333  13.891 0.000   7.404 0.000
248.333333 249.333333  14.062 0.000 999.999 0.456
251.333333 252.333333  23.643 0.000  12.145 0.000
254.333333 255.333333  12.114 0.000   6.540 0.000
257.333333 258.333333   9.766 0.000   3.711 0.000
260.333333 261.333333   5.064 0.000   2.727 0.000
263.333333 264.333333  13.807 0.000   6.575 0.000
266.333333 267.333333   9.758 0.000   4.533 0.000
269.333333 270.333333  11.655 0.000   4.577 0.000
272.333333 273.333333  15.405 0.000   7.398 0.000
275.333333 276.333333   6.561 0.000   3.299 0.000
278.333333 279.333333 999.999 0.456   6.269 0.000
281.333333 282.333333 999.999 0.456   5.950 0.000
284.333333 285.333333  10.690 0.000   5.205 0.000
287.333333 288.333333  11.226 0.000   7.882 0.000
290.333333 291.333333  17.557 0.000  10.692 0.000
293.333333 294.333333   8.220 0.000   6.263 0.000
296.333333 297.333333   8.171 0.000   4.297 0.000
299.333333 300.333333  13.913 0.000   8.172 0.000
302.333333 303.333333   6.306 0.000   3.641 0.000
305.333333 306.333333  14.847 0.000   9.994 0.000
308.333333 309.333333  10.192 0.000   7.449 0.000
311.333333 312.333333  10.697 0.000   5.927 0.000
314.333333 315.333333  10.830 0.000   7.330 0.000
317.333333 318.333333   9.741 0.000   5.453 0.000
320.333333 321.333333   4.912 0.000   2.505 0.000
323.333333 324.333333   8.102 0.000   7.253 0.000
326.333333 327.333333   2.945 0.000   2.034 0.000
329.333333 330.333333   8.010 0.000   5.626 0.000
332.333333 333.333333  10.657 0.000   8.374 0.000
335.333333 336.333333  12.883 0.000  10.098 0.000
338.333333 339.333333  13.895 0.000  11.735 0.000
341.333333 342.333333   7.023 0.000   5.843 0.000
344.333333 345.333333  10.466 0.000   9.953 0.000
347.333333 348.333333  19.389 0.000  15.722 0.000
350.333333 351.333333  10.462 0.000   7.876 0.000
353.333333 354.333333  10.821 0.000   7.582 0.000
356.333333 357.333333  11.240 0.000   7.460 0.000
359.333333 360.333333   8.995 0.000   5.416 0.000
362.333333 363.333333   6.664 0.000   3.642 0.000
