scripts/IMPROVE-2019_partial/data/US9043R.20000101080000.20191216000000.filterpack..pm25.52w.1w.US03L_filterpack_US9043.US03L_IMPROVE_Davis.lev2.nas
64 1001
MISSING INFORMATION
US03L, IMPROVE, , , , , , , 
MISSING INFORMATION
IMPROVE sel_HTAP
1 1
2000 01 01 2019 12 16
0
days from file reference point
25
1 1 1 1 1 1 1 1 1 1 1 1 1 1 1 1 1 1 1 1 1 1 1 1 1
999.999999 9999.99 9.999 99.99 9.999999 9.999 9.999999 9.99 9.999999 99.999 9.999 99.999 9.999 99.999 9.999 999.999 9.999 999.999 9.999 999.999 9.999 9.999 9.999 99.999 9.999
end_time of measurement, days from the file reference point
iron, ng/m3, Revision date=20181210133000
numflag iron, no unit, Revision date=20181210133000
lead, ng/m3, Revision date=20181210133000
numflag lead, no unit, Revision date=20181210133000
magnesium, ug/m3, Revision date=20181210133000
numflag magnesium, no unit, Revision date=20181210133000
nickel, ng/m3, Revision date=20181210133000
numflag nickel, no unit, Revision date=20181210133000
nitrate, ug N/m3, Revision date=20181210133000
numflag nitrate, no unit, Revision date=20181210133000
organic_carbon, ug C/m3, Revision date=20181210133000
numflag organic_carbon, no unit, Revision date=20181210133000
organic_mass, ug/m3, Revision date=20181210133000
numflag organic_mass, no unit, Revision date=20181210133000
pm10_mass, ug/m3, Version=2, Version description=Data extracted from http://views.cira.colostate.edu/fed/DataWizard 2019-12-16, Sample duration=1d, Orig. time res.=3d, Matrix=pm10, Blank correction=Blank corrected, Volume std. temperature=ambient, Volume std. pressure=ambient
numflag pm10_mass, no unit, Version=2, Version description=Data extracted from http://views.cira.colostate.edu/fed/DataWizard 2019-12-16, Sample duration=1d, Orig. time res.=3d, Matrix=pm10, Blank correction=Blank corrected, Volume std. temperature=ambient, Volume std. pressure=ambient
pm10_pm25_mass, ug/m3, Revision date=20181210133000, Matrix=pm10_pm25
numflag pm10_pm25_mass, no unit, Revision date=20181210133000, Matrix=pm10_pm25
pm25_mass, ug/m3, Version=2, Version description=Data extracted from http://views.cira.colostate.edu/fed/DataWizard 2019-12-16, Sample duration=1d, Orig. time res.=3d, Blank correction=Blank corrected, Volume std. temperature=ambient, Volume std. pressure=ambient
numflag pm25_mass, no unit, Version=2, Version description=Data extracted from http://views.cira.colostate.edu/fed/DataWizard 2019-12-16, Sample duration=1d, Orig. time res.=3d, Blank correction=Blank corrected, Volume std. temperature=ambient, Volume std. pressure=ambient
potassium, ug/m3, Revision date=20181210133000
numflag potassium, no unit, Revision date=20181210133000
sulphate_total, ug S/m3, Revision date=20181210133000
numflag sulphate_total, no unit, Revision date=20181210133000
0
25
Data definition:              EBAS_1.1
Set type code:                TI
Timezone:                     UTC
File name:                    US9043R.20000101080000.20191216000000.filterpack..pm25.52w.1w.US03L_filterpack_US9043.US03L_IMPROVE_Davis.lev2.nas
File creation:                20191218120816
Startdate:                    20000101080000
Revision date:                20191216000000
Statistics:                   arithmetic mean
Data level:                   2
Period code:                  52w
Resolution code:              1w
Station code:                 US9043R
Platform code:                US9043S
Station name:                 San Gorgonio Wilderness
Station latitude:             34.1939
Station longitude:            -116.9132
Station altitude:             1726.0 m
Regime:                       IMG
Component:                    
Matrix:                       pm25
Laboratory code:              US03L
Instrument type:              filterpack
Instrument name:              filterpack_US9043
Method ref:                   US03L_IMPROVE_Davis
starttime endtime Fe flag_Fe Pb flag_Pb Mg++ flag_Mg++ Ni flag_Ni NO3- flag_NO3- OC flag_OC OM flag_OM PM10 flag_PM10 PM10-PM2.5 flag_PM10-PM2.5 PM2.5 flag_PM2.5 K+ flag_K+ SO4-- flag_SO4--
[from data line 87]
297.333333 298.333333   60.49 0.559  1.74 0.559000 9.999 0.559259 9.99 0.559259  1.483 0.000  0.994 0.000  1.391 0.000  15.613 0.000   5.168 0.000  10.445 0.559 0.041 0.559  0.271 0.000
300.333333 301.333333    7.91 0.000  0.60 0.000000 9.999 0.259000 9.99 0.259000  0.459 0.000  0.625 0.000  0.875 0.000   4.098 0.000   0.130 0.000   3.968 0.000 0.014 0.000  0.170 0.000
303.333333 304.333333   17.69 0.559  0.43 0.559000 9.999 0.559259 9.99 0.559259  0.674 0.000  0.495 0.000  0.692 0.000   7.627 0.000   0.993 0.000   6.635 0.559 0.021 0.559  0.282 0.000
306.333333 307.333333   41.76 0.000  0.34 0.000000 9.999 0.259000 9.99 0.259000  0.033 0.000  0.333 0.000  0.466 0.000   4.390 0.000   2.127 0.000   2.263 0.000 0.034 0.000  0.121 0.000
309.333333 310.333333   39.94 0.000  0.93 0.000000 9.999 0.259000 9.99 0.259000  0.268 0.000  0.801 0.000  1.122 0.000   4.857 0.000   1.664 0.000   3.193 0.000 0.025 0.000  0.198 0.000
312.333333 313.333333   24.66 0.000  1.02 0.000000 9.999 0.259000 9.99 0.259000  0.246 0.000  0.318 0.000  0.445 0.000   4.971 0.000   2.429 0.000   2.542 0.000 0.023 0.000  0.117 0.000
315.333333 316.333333   14.54 0.000 99.99 0.259000 9.999 0.259000 9.99 0.259000  0.248 0.000  0.548 0.000  0.768 0.000   3.905 0.000   0.798 0.000   3.107 0.000 0.020 0.000  0.205 0.000
318.333333 319.333333   33.20 0.000  1.07 0.000000 9.999 0.259000 9.99 0.259000  0.903 0.000  0.727 0.000  1.017 0.000   9.284 0.000   1.857 0.000   7.427 0.000 0.032 0.000  0.169 0.000
321.333333 322.333333    6.84 0.000  0.39 0.000000 9.999 0.259000 9.99 0.259000  0.051 0.000  0.501 0.000  0.701 0.000   2.770 0.000   1.057 0.000   1.713 0.000 0.015 0.000  0.135 0.000
324.333333 325.333333    7.20 0.000  0.99 0.000000 9.999 0.259000 9.99 0.259000  0.011 0.000  0.114 0.000  0.160 0.000   1.510 0.000   0.952 0.000   0.558 0.000 9.999 0.259  0.055 0.000
327.333333 328.333333 9999.99 0.999 99.99 0.999000 9.999 0.999000 9.99 0.999000 99.999 0.999 99.999 0.999 99.999 0.999 999.999 0.999 999.999 0.999 999.999 0.999 9.999 0.999 99.999 0.999
330.333333 331.333333   24.44 0.000  0.82 0.000000 9.999 0.259000 9.99 0.259000  0.194 0.000  0.440 0.000  0.616 0.000   3.274 0.000   1.642 0.000   1.632 0.000 0.021 0.000  0.100 0.000
333.333333 334.333333   41.47 0.000  2.45 0.000000 9.999 0.259000 9.99 0.259000  0.008 0.000  0.483 0.000  0.676 0.000   5.613 0.000   2.669 0.000   2.944 0.000 0.030 0.000  0.110 0.000
336.333333 337.333333   24.80 0.000  0.82 0.000000 9.999 0.259000 9.99 0.259000  0.070 0.000  0.592 0.000  0.828 0.000   4.929 0.000   3.009 0.000   1.920 0.000 0.024 0.000  0.179 0.000
339.333333 340.333333   15.37 0.000  0.58 0.000000 9.999 0.259000 9.99 0.259000  0.361 0.000  0.358 0.000  0.502 0.000   3.292 0.000   2.262 0.000   1.030 0.000 0.013 0.000  0.123 0.000
342.333333 343.333333   24.13 0.000  0.87 0.000000 0.053 0.000000 9.99 0.259000  0.346 0.000  0.721 0.000  1.009 0.000   4.102 0.000   0.358 0.000   3.744 0.000 0.026 0.000  0.202 0.000
345.333333 346.333333   23.17 0.000  0.77 0.000000 9.999 0.259000 0.25 0.000000  0.672 0.000  0.724 0.000  1.014 0.000   7.487 0.000   1.314 0.000   6.173 0.000 0.025 0.000  0.260 0.000
348.333333 349.333333   18.93 0.000  1.21 0.000000 9.999 0.259000 9.99 0.259000  0.665 0.000  0.828 0.000  1.159 0.000   6.413 0.000   1.333 0.000   5.080 0.000 0.022 0.000  0.199 0.000
351.333333 352.333333   10.09 0.000  0.79 0.000000 9.999 0.259000 9.99 0.259000  0.045 0.000  0.499 0.000  0.698 0.000   1.969 0.000   1.268 0.000   0.701 0.000 0.013 0.000  0.079 0.000
354.333333 355.333333   24.36 0.000  0.66 0.000000 9.999 0.259000 9.99 0.259000  0.121 0.000  0.674 0.000  0.944 0.000   2.899 0.000   1.625 0.000   1.274 0.000 0.013 0.000  0.105 0.000
357.333333 358.333333   37.32 0.000  1.33 0.000000 9.999 0.259000 9.99 0.259000  0.255 0.000  0.535 0.000  0.749 0.000   5.289 0.000   2.729 0.000   2.560 0.000 0.030 0.000  0.105 0.000
360.333333 361.333333   16.74 0.000 99.99 0.259000 9.999 0.259000 9.99 0.259000  0.011 0.000  0.125 0.000  0.175 0.000   2.986 0.000   1.610 0.000   1.376 0.000 0.015 0.000  0.128 0.000
363.333333 364.333333 9999.99 0.999 99.99 0.999000 9.999 0.999000 9.99 0.999000 99.999 0.999 99.999 0.999 99.999 0.999 999.999 0.999 999.999 0.999 999.999 0.999 9.999 0.999 99.999 0.999
