scripts/IMPROVE-2019_partial/data/US9038R.20000101070000.20191216000000.filterpack..pm25.8mo.1w.US03L_filterpack_US9038.US03L_IMPROVE_Davis.lev2.nas
51 1001
MISSING INFORMATION
US03L, IMPROVE, , , , , , , 
MISSING INFORMATION
IMPROVE sel_HTAP
1 1
2000 01 01 2019 12 16
0
days from file reference point
11
1 1 1 1 1 1 1 1 1 1 1
999.999999 9999.99 9.999 99.99 9.999 9.999 9.999999 999.999 9.999 9.999 9.999
end_time of measurement, days from the file reference point
iron, ng/m3, Revision date=20181210133000
numflag iron, no unit, Revision date=20181210133000
lead, ng/m3, Revision date=20181210133000
numflag lead, no unit, Revision date=20181210133000
magnesium, ug/m3, Revision date=20181210133000
numflag magnesium, no unit, Revision date=20181210133000
pm25_mass, ug/m3, Version=2, Version description=Data extracted from http://views.cira.colostate.edu/fed/DataWizard 2019-12-16, Sample duration=1d, Orig. time res.=3d, Blank correction=Blank corrected, Volume std. temperature=ambient, Volume std. pressure=ambient
numflag pm25_mass, no unit, Version=2, Version description=Data extracted from http://views.cira.colostate.edu/fed/DataWizard 2019-12-16, Sample duration=1d, Orig. time res.=3d, Blank correction=Blank corrected, Volume std. temperature=ambient, Volume std. pressure=ambient
potassium, ug/m3, Revision date=20181210133000
numflag potassium, no unit, Revision date=20181210133000
0
26
Data definition:              EBAS_1.1
Set type code:                TI
Timezone:                     UTC
File name:                    US9038R.20000101070000.20191216000000.filterpack..pm25.8mo.1w.US03L_filterpack_US9038.US03L_IMPROVE_Davis.lev2.nas
File creation:                20191218120758
Startdate:                    20000101070000
Revision date:                20191216000000
Statistics:                   arithmetic mean
Data level:                   2
Period code:                  8mo
Resolution code:              1w
Station code:                 US9038R
Platform code:                US9038S
Station name:                 Saguaro NM
Station latitude:             32.1746
Station longitude:            -110.7371
Station altitude:             941.0 m
Regime:                       IMG
Component:                    
Unit:                         ug/m3
Matrix:                       pm25
Laboratory code:              US03L
Instrument type:              filterpack
Instrument name:              filterpack_US9038
Method ref:                   US03L_IMPROVE_Davis
starttime endtime Fe flag_Fe Pb flag_Pb Mg++ flag_Mg++ PM2.5 flag_PM2.5 K+ flag_K+
  0.291667   1.291667   25.50 0.000  1.85 0.000 9.999 0.259000   3.568 0.000 0.053 0.000
  4.291667   5.291667   47.79 0.000  1.00 0.000 9.999 0.259000   2.967 0.000 0.042 0.000
  7.291667   8.291667   56.55 0.000  1.45 0.000 9.999 0.259000   5.263 0.000 0.066 0.000
 11.291667  12.291667   90.35 0.559  1.05 0.559 9.999 0.559259   3.607 0.559 0.087 0.559
 14.291667  15.291667   88.03 0.559  1.90 0.559 9.999 0.559259   3.584 0.559 0.085 0.559
 18.291667  19.291667  154.10 0.000  3.49 0.000 9.999 0.259000   9.456 0.000 0.141 0.000
 21.291667  22.291667   70.92 0.559  1.22 0.559 9.999 0.559259   4.101 0.559 0.078 0.559
 25.291667  26.291667  107.55 0.559  0.61 0.559 9.999 0.559259   4.311 0.559 0.094 0.559
 28.291667  29.291667   86.17 0.559  1.16 0.559 9.999 0.559259   3.987 0.559 0.084 0.559
 32.291667  33.291667   50.25 0.000  0.46 0.000 9.999 0.259000   4.514 0.000 0.037 0.000
 35.291667  36.291667  148.36 0.559  1.83 0.559 9.999 0.559259   6.599 0.559 0.120 0.559
 39.291667  40.291667  153.46 0.000  2.11 0.000 9.999 0.259000   6.527 0.000 0.114 0.000
 42.291667  43.291667   71.46 0.000  0.62 0.000 9.999 0.259000   3.116 0.000 0.055 0.000
 46.291667  47.291667  106.39 0.000  0.52 0.000 9.999 0.259000   4.025 0.000 0.077 0.000
 49.291667  50.291667  123.09 0.000  2.63 0.000 9.999 0.259000   4.874 0.000 0.087 0.000
 53.291667  54.291667   30.47 0.000 99.99 0.259 9.999 0.259000   2.160 0.000 0.024 0.000
 56.291667  57.291667   44.74 0.000  1.41 0.000 9.999 0.259000   3.301 0.000 0.038 0.000
 60.291667  61.291667   60.91 0.000  0.78 0.000 9.999 0.259000   3.457 0.000 0.048 0.000
 63.291667  64.291667   80.85 0.000  0.55 0.000 9.999 0.259000   4.234 0.000 0.075 0.000
 67.291667  68.291667   22.15 0.000  0.52 0.000 9.999 0.259000   2.913 0.000 0.020 0.000
 70.291667  71.291667   41.62 0.000  1.68 0.000 0.025 0.000000   3.151 0.000 0.032 0.000
 74.291667  75.291667   67.73 0.000  2.70 0.000 9.999 0.259000   4.271 0.000 0.052 0.000
 77.291667  78.291667   82.76 0.000  1.72 0.000 9.999 0.259000   4.896 0.000 0.058 0.000
 81.291667  82.291667  126.54 0.699  1.07 0.699 0.065 0.699000   6.900 0.699 0.085 0.699
 84.291667  85.291667  161.89 0.699  1.03 0.699 9.999 0.699259   6.258 0.699 0.086 0.699
 88.291667  89.291667   44.49 0.559  0.95 0.559 9.999 0.559259   3.785 0.559 0.032 0.559
 91.291667  92.291667   53.91 0.000  0.57 0.000 0.028 0.000000   4.356 0.000 0.044 0.000
 95.291667  96.291667  112.46 0.000  1.77 0.000 9.999 0.259000   5.347 0.000 0.078 0.000
 98.291667  99.291667  733.55 0.000  1.33 0.000 9.999 0.259000  24.734 0.000 0.493 0.000
102.291667 103.291667  104.96 0.000  2.06 0.000 9.999 0.259000   6.299 0.000 0.077 0.000
105.291667 106.291667  270.20 0.000  0.89 0.000 9.999 0.259000   9.157 0.000 0.163 0.000
109.291667 110.291667  106.69 0.000  0.43 0.000 9.999 0.259000   4.458 0.000 0.073 0.000
112.291667 113.291667  103.29 0.000  0.85 0.000 9.999 0.259000   6.665 0.000 0.075 0.000
116.291667 117.291667  209.43 0.000  1.75 0.000 9.999 0.259000   7.805 0.000 0.111 0.000
119.291667 120.291667  299.12 0.000  2.18 0.000 9.999 0.259000  10.604 0.000 0.191 0.000
123.291667 124.291667  457.17 0.559  1.57 0.559 9.999 0.559259  14.957 0.559 0.285 0.559
126.291667 127.291667  199.68 0.559  0.76 0.559 9.999 0.559259   9.664 0.559 0.158 0.559
130.291667 131.291667  169.78 0.559  0.64 0.559 9.999 0.559259   7.936 0.559 0.121 0.559
133.291667 134.291667  343.93 0.559  2.29 0.559 9.999 0.559259  12.479 0.559 0.244 0.559
137.291667 138.291667  111.92 0.000  1.39 0.000 9.999 0.259000   5.917 0.000 0.082 0.000
140.291667 141.291667  267.99 0.000  0.55 0.000 9.999 0.259000   9.943 0.000 0.166 0.000
144.291667 145.291667  147.20 0.000  0.89 0.000 9.999 0.259000  11.358 0.000 0.202 0.000
147.291667 148.291667  139.42 0.000  1.12 0.000 9.999 0.259000   9.753 0.000 0.143 0.000
151.291667 152.291667  172.61 0.559  0.85 0.559 9.999 0.559259   9.716 0.559 0.155 0.559
154.291667 155.291667  119.22 0.000  0.71 0.000 9.999 0.259000   6.636 0.000 0.110 0.000
158.291667 159.291667  109.02 0.000  0.46 0.000 9.999 0.259000   7.004 0.000 0.095 0.000
161.291667 162.291667   80.49 0.000 99.99 0.259 9.999 0.259000   5.314 0.000 0.078 0.000
165.291667 166.291667  335.27 0.559  0.87 0.559 9.999 0.559259  12.693 0.559 0.361 0.559
168.291667 169.291667  410.03 0.559  0.10 0.559 9.999 0.559259  13.426 0.559 0.349 0.559
172.291667 173.291667  136.32 0.559  0.28 0.559 9.999 0.559259   6.332 0.559 0.105 0.559
175.291667 176.291667   45.29 0.559  0.18 0.559 9.999 0.559259   4.979 0.559 0.042 0.559
179.291667 180.291667   17.96 0.559  0.51 0.559 9.999 0.559259   2.604 0.559 0.022 0.559
182.291667 183.291667   34.26 0.559  0.20 0.559 9.999 0.559259   4.828 0.559 0.060 0.559
186.291667 187.291667   54.12 0.559  0.68 0.559 9.999 0.559259   4.001 0.559 0.084 0.559
189.291667 190.291667   28.93 0.559  0.13 0.559 9.999 0.559259   3.271 0.559 0.022 0.559
193.291667 194.291667   60.23 0.000 99.99 0.259 9.999 0.259000   4.610 0.000 0.042 0.000
196.291667 197.291667   57.14 0.000 99.99 0.259 9.999 0.259000   5.944 0.000 0.053 0.000
200.291667 201.291667   94.49 0.000 99.99 0.259 9.999 0.259000   4.910 0.000 0.071 0.000
203.291667 204.291667   56.14 0.000 99.99 0.259 9.999 0.259000   5.733 0.000 0.052 0.000
207.291667 208.291667   95.67 0.559  0.37 0.559 9.999 0.559259   6.205 0.559 0.069 0.559
210.291667 211.291667   91.09 0.559  0.70 0.559 9.999 0.559259   6.774 0.559 0.070 0.559
214.291667 215.291667  140.00 0.000  0.21 0.000 9.999 0.259000   7.683 0.000 0.092 0.000
217.291667 218.291667   71.04 0.000  0.34 0.000 9.999 0.259000   6.795 0.000 0.071 0.000
221.291667 222.291667 9999.99 0.456 99.99 0.456 9.999 0.456000 999.999 0.456 9.999 0.456
224.291667 225.291667   81.78 0.559  0.49 0.559 9.999 0.559259   4.858 0.559 0.047 0.559
228.291667 229.291667 9999.99 0.456 99.99 0.456 9.999 0.456000 999.999 0.456 9.999 0.456
231.291667 232.291667 9999.99 0.456 99.99 0.456 9.999 0.456000 999.999 0.456 9.999 0.456
