scripts/IMPROVE-2019_partial/data/US9014R.20040101070000.20191216000000.filterpack..pm25.52w.1w.US03L_filterpack_US9014.US03L_IMPROVE_Davis.lev2.nas
66 1001
MISSING INFORMATION
US03L, IMPROVE, , , , , , , 
MISSING INFORMATION
IMPROVE sel_HTAP
1 1
2004 01 01 2019 12 16
3.000000
days from file reference point
27
1 1 1 1 1 1 1 1 1 1 1 1 1 1 1 1 1 1 1 1 1 1 1 1 1 1 1
999.999999 9999.99 9.999 99.99 9.999999 9.999 9.999999 9.99 9.999999 99.999 9.999 999.999 9.999 999.999 9.999 99.99 9.999999 999.999 9.999 999.999 9.999 999.999 9.999 9.999 9.999 99.999 9.999
end_time of measurement, days from the file reference point
iron, ng/m3, Revision date=20181210133000
numflag iron, no unit, Revision date=20181210133000
lead, ng/m3, Revision date=20181210133000
numflag lead, no unit, Revision date=20181210133000
magnesium, ug/m3, Revision date=20181210133000
numflag magnesium, no unit, Revision date=20181210133000
nickel, ng/m3, Revision date=20181210133000
numflag nickel, no unit, Revision date=20181210133000
nitrate, ug N/m3, Revision date=20181210133000
numflag nitrate, no unit, Revision date=20181210133000
organic_carbon, ug C/m3, Revision date=20181210133000
numflag organic_carbon, no unit, Revision date=20181210133000
organic_mass, ug/m3, Revision date=20181210133000
numflag organic_mass, no unit, Revision date=20181210133000
phosphorus, ng/m3, Revision date=20181210133000
numflag phosphorus, no unit, Revision date=20181210133000
pm10_mass, ug/m3, Version=2, Version description=Data extracted from http://views.cira.colostate.edu/fed/DataWizard 2019-12-16, Sample duration=1d, Orig. time res.=3d, Matrix=pm10, Blank correction=Blank corrected, Volume std. temperature=ambient, Volume std. pressure=ambient
numflag pm10_mass, no unit, Version=2, Version description=Data extracted from http://views.cira.colostate.edu/fed/DataWizard 2019-12-16, Sample duration=1d, Orig. time res.=3d, Matrix=pm10, Blank correction=Blank corrected, Volume std. temperature=ambient, Volume std. pressure=ambient
pm10_pm25_mass, ug/m3, Revision date=20181210133000, Matrix=pm10_pm25
numflag pm10_pm25_mass, no unit, Revision date=20181210133000, Matrix=pm10_pm25
pm25_mass, ug/m3, Version=2, Version description=Data extracted from http://views.cira.colostate.edu/fed/DataWizard 2019-12-16, Sample duration=1d, Orig. time res.=3d, Blank correction=Blank corrected, Volume std. temperature=ambient, Volume std. pressure=ambient
numflag pm25_mass, no unit, Version=2, Version description=Data extracted from http://views.cira.colostate.edu/fed/DataWizard 2019-12-16, Sample duration=1d, Orig. time res.=3d, Blank correction=Blank corrected, Volume std. temperature=ambient, Volume std. pressure=ambient
potassium, ug/m3, Revision date=20181210133000
numflag potassium, no unit, Revision date=20181210133000
sulphate_total, ug S/m3, Revision date=20181210133000
numflag sulphate_total, no unit, Revision date=20181210133000
0
25
Data definition:              EBAS_1.1
Set type code:                TU
Timezone:                     UTC
File name:                    US9014R.20040101070000.20191216000000.filterpack..pm25.52w.1w.US03L_filterpack_US9014.US03L_IMPROVE_Davis.lev2.nas
File creation:                20191218120607
Startdate:                    20040101070000
Revision date:                20191216000000
Statistics:                   arithmetic mean
Data level:                   2
Period code:                  52w
Resolution code:              1w
Station code:                 US9014R
Platform code:                US9014S
Station name:                 Medicine Lake
Station latitude:             48.4871
Station longitude:            -104.4757
Station altitude:             606.0 m
Regime:                       IMG
Component:                    
Matrix:                       pm25
Laboratory code:              US03L
Instrument type:              filterpack
Instrument name:              filterpack_US9014
Method ref:                   US03L_IMPROVE_Davis
starttime endtime Fe flag_Fe Pb flag_Pb Mg++ flag_Mg++ Ni flag_Ni NO3- flag_NO3- OC flag_OC OM flag_OM P flag_P PM10 flag_PM10 PM10-PM2.5 flag_PM10-PM2.5 PM2.5 flag_PM2.5 K+ flag_K+ SO4-- flag_SO4--
[from data line 79]
237.291667 238.291667   14.63 0.559  0.95 0.559000 9.999 0.559259 9.99 0.559259  0.010 0.000   0.442 0.000   0.619 0.000 99.99 0.559259   4.603 0.000   3.340 0.000   1.263 0.559 0.009 0.559  0.079 0.000
240.291667 241.291667    9.89 0.559  0.22 0.559000 9.999 0.559259 9.99 0.559259  0.012 0.559   0.544 0.000   0.762 0.000 99.99 0.559259   6.457 0.000   4.434 0.000   2.023 0.559 0.010 0.559  0.195 0.559
243.291667 244.291667   34.92 0.559  0.66 0.559000 9.999 0.559259 9.99 0.559259  0.054 0.559   0.992 0.000   1.389 0.000 99.99 0.559259   8.085 0.000   3.651 0.000   4.434 0.559 0.022 0.559  0.469 0.559
246.291667 247.291667   66.52 0.559  0.38 0.559000 9.999 0.559259 0.16 0.559000  0.020 0.559   0.858 0.000   1.201 0.000 99.99 0.559259   6.659 0.000   3.667 0.000   2.992 0.559 0.036 0.559  0.070 0.559
249.291667 250.291667   23.28 0.559  0.52 0.559000 9.999 0.559259 0.17 0.559000  0.006 0.559   0.671 0.000   0.939 0.000 99.99 0.559259   8.691 0.000   6.531 0.000   2.160 0.559 0.013 0.559  0.150 0.559
252.291667 253.291667   54.09 0.559  0.75 0.559000 9.999 0.559259 0.10 0.559000  0.026 0.559   1.074 0.000   1.504 0.000 99.99 0.559259  13.364 0.000   9.659 0.000   3.705 0.559 0.030 0.559  0.198 0.559
255.291667 256.291667   41.67 0.559  0.31 0.559000 9.999 0.559259 9.99 0.559259  0.022 0.559   0.798 0.000   1.117 0.000 99.99 0.559259  13.198 0.000   9.865 0.000   3.333 0.559 0.028 0.559  0.225 0.559
258.291667 259.291667   15.98 0.559  0.36 0.559000 9.999 0.559259 9.99 0.559259  0.020 0.559   0.497 0.000   0.695 0.000 99.99 0.559259   5.289 0.000   2.664 0.000   2.625 0.559 0.013 0.559  0.255 0.559
261.291667 262.291667   67.78 0.559  1.15 0.559000 9.999 0.559259 9.99 0.559259  0.034 0.559   1.413 0.000   1.978 0.000 99.99 0.559259  20.712 0.000  15.239 0.000   5.472 0.559 0.042 0.559  0.318 0.559
264.291667 265.291667    6.54 0.000  0.51 0.000000 9.999 0.259000 0.16 0.000000  0.016 0.000   0.312 0.000   0.437 0.000 99.99 0.259000   3.480 0.000   2.427 0.000   1.054 0.000 0.006 0.000  0.073 0.000
267.291667 268.291667   82.59 0.000  0.53 0.000000 0.119 0.000000 9.99 0.259000  0.019 0.000   0.778 0.000   1.089 0.000 99.99 0.259000  16.534 0.000  12.862 0.000   3.673 0.000 0.043 0.000  0.126 0.000
270.291667 271.291667   59.45 0.000  0.46 0.000000 0.147 0.000000 0.11 0.000000  0.013 0.000   0.768 0.000   1.075 0.000 99.99 0.259000  12.607 0.000   9.873 0.000   2.735 0.000 0.029 0.000  0.076 0.000
273.291667 274.291667  136.41 0.000  0.56 0.000000 0.123 0.000000 9.99 0.259000  0.058 0.000   1.415 0.000   1.980 0.000 99.99 0.259000  26.207 0.000  20.317 0.000   5.890 0.000 0.077 0.000  0.167 0.000
276.291667 277.291667   62.29 0.000  0.34 0.000000 9.999 0.259000 9.99 0.259000  0.011 0.000   0.601 0.000   0.841 0.000 99.99 0.259000  11.435 0.000   8.854 0.000   2.581 0.000 0.036 0.000  0.093 0.000
279.291667 280.291667  160.32 0.000  0.37 0.000000 9.999 0.259000 9.99 0.259000  0.020 0.000   1.624 0.000   2.273 0.000 99.99 0.259000  19.970 0.000  13.367 0.000   6.603 0.000 0.074 0.000  0.137 0.000
282.291667 283.291667  109.52 0.000  0.56 0.000000 9.999 0.259000 9.99 0.259000  0.018 0.559   0.900 0.000   1.260 0.000 99.99 0.259000  16.748 0.000  12.625 0.000   4.123 0.000 0.044 0.000  0.190 0.559
285.291667 286.291667   82.28 0.000  0.55 0.000000 9.999 0.259000 9.99 0.259000  0.025 0.000   0.527 0.000   0.737 0.000 99.99 0.259000  17.049 0.000  14.105 0.000   2.944 0.000 0.054 0.000  0.101 0.000
288.291667 289.291667   16.31 0.000  0.33 0.000000 9.999 0.259000 9.99 0.259000  0.016 0.000   0.462 0.000   0.647 0.000 99.99 0.259000   4.183 0.000   2.795 0.000   1.389 0.000 0.023 0.000  0.097 0.000
291.291667 292.291667   11.88 0.000  0.72 0.000000 9.999 0.259000 9.99 0.259000  0.299 0.559   0.427 0.000   0.598 0.000 99.99 0.259000  11.044 0.000   2.755 0.000   8.290 0.000 0.017 0.000  1.296 0.559
294.291667 295.291667    8.37 0.000  0.88 0.000000 9.999 0.259000 0.24 0.000000  0.335 0.000   0.618 0.000   0.865 0.000 99.99 0.259000   6.407 0.000   1.456 0.000   4.951 0.000 0.016 0.000  0.749 0.000
297.291667 298.291667    4.31 0.000  0.85 0.000000 0.173 0.000000 9.99 0.259000  0.302 0.000   0.593 0.000   0.830 0.000 99.99 0.259000   3.576 0.000   0.306 0.000   3.270 0.000 0.015 0.000  0.368 0.000
300.291667 301.291667   19.17 0.000  1.83 0.000000 9.999 0.259000 9.99 0.259000  0.812 0.000   0.933 0.000   1.305 0.000 99.99 0.259000  10.313 0.000   3.368 0.000   6.944 0.000 0.022 0.000  0.557 0.000
303.291667 304.291667   12.08 0.000  0.87 0.000000 0.146 0.000000 9.99 0.259000  0.328 0.000   1.162 0.000   1.627 0.000 99.99 0.259000   5.387 0.000   1.019 0.000   4.368 0.000 0.036 0.000  0.302 0.000
306.291667 307.291667   14.00 0.000  0.27 0.000000 9.999 0.259000 0.24 0.000000  0.039 0.000   0.458 0.000   0.641 0.000  2.95 0.000000   5.200 0.000   3.706 0.000   1.494 0.000 0.012 0.000  0.086 0.000
309.291667 310.291667   26.71 0.000  1.41 0.000000 9.999 0.259000 9.99 0.259000  0.011 0.000   0.698 0.000   0.977 0.000 99.99 0.259000   9.938 0.000   6.900 0.000   3.038 0.000 0.029 0.000  0.226 0.000
312.291667 313.291667   36.38 0.000  0.51 0.000000 9.999 0.259000 0.13 0.000000  0.061 0.000   0.555 0.000   0.777 0.000 99.99 0.259000  11.103 0.000   8.294 0.000   2.809 0.000 0.051 0.000  0.179 0.000
315.291667 316.291667   96.55 0.000  0.84 0.000000 9.999 0.259000 0.09 0.000000  0.082 0.000   0.532 0.000   0.745 0.000 99.99 0.259000  13.303 0.000  10.138 0.000   3.165 0.000 0.055 0.000  0.196 0.000
318.291667 319.291667   75.45 0.000  0.92 0.000000 9.999 0.259000 9.99 0.259000  0.197 0.000   1.035 0.000   1.449 0.000 99.99 0.259000  11.533 0.000   7.235 0.000   4.298 0.000 0.042 0.000  0.266 0.000
321.291667 322.291667   68.99 0.000  0.77 0.000000 0.089 0.000000 9.99 0.259000  0.038 0.559   0.422 0.000   0.591 0.000 99.99 0.259000  12.142 0.000   9.457 0.000   2.685 0.000 0.033 0.000  0.105 0.559
324.291667 325.291667   13.37 0.000  0.41 0.000000 9.999 0.259000 9.99 0.259000  0.179 0.000   0.565 0.000   0.791 0.000 99.99 0.259000   5.104 0.000   2.499 0.000   2.604 0.000 0.027 0.000  0.205 0.000
327.291667 328.291667    9.22 0.000  0.29 0.000000 0.168 0.000000 0.24 0.000000  0.219 0.000   0.184 0.000   0.258 0.000 99.99 0.259000   5.598 0.000   3.265 0.000   2.332 0.000 0.009 0.000  0.267 0.000
330.291667 331.291667    4.80 0.000  0.77 0.000000 9.999 0.259000 9.99 0.259000  0.327 0.000   0.896 0.000   1.254 0.000 99.99 0.259000   3.598 0.000   1.064 0.000   2.534 0.000 0.023 0.000  0.143 0.000
333.291667 334.291667    4.64 0.000  0.49 0.000000 9.999 0.259000 0.14 0.000000  0.298 0.000   0.612 0.000   0.857 0.000 99.99 0.259000   3.849 0.000   1.152 0.000   2.697 0.000 0.013 0.000  0.172 0.000
336.291667 337.291667   11.13 0.000  0.40 0.000000 9.999 0.259000 0.23 0.000000  0.044 0.000   0.369 0.000   0.516 0.000 99.99 0.259000   3.472 0.000   2.284 0.000   1.189 0.000 0.011 0.000  0.071 0.000
339.291667 340.291667   14.17 0.000  1.28 0.000000 9.999 0.259000 0.30 0.000000  0.214 0.000   0.513 0.000   0.718 0.000 99.99 0.259000  10.690 0.000   5.823 0.000   4.867 0.000 0.021 0.000  0.625 0.000
342.291667 343.291667   21.08 0.000  1.99 0.000000 9.999 0.259000 0.15 0.000000  0.576 0.559   0.657 0.000   0.920 0.000 99.99 0.259000  13.512 0.000   1.639 0.000  11.874 0.000 0.058 0.000  1.745 0.559
345.291667 346.291667   12.21 0.000  0.67 0.000000 0.037 0.000000 0.14 0.000000  0.137 0.000   0.306 0.000   0.428 0.000 99.99 0.259000   7.027 0.000   4.754 0.000   2.273 0.000 0.013 0.000  0.182 0.000
348.291667 349.291667   24.64 0.000  0.58 0.000000 9.999 0.259000 9.99 0.259000  0.061 0.000   0.424 0.000   0.593 0.000 99.99 0.259000   4.361 0.000   2.905 0.000   1.456 0.000 0.013 0.000  0.087 0.000
351.291667 352.291667   11.50 0.000 99.99 0.259000 9.999 0.259000 9.99 0.259000  0.035 0.000   0.236 0.000   0.330 0.000 99.99 0.259000   3.451 0.000   2.278 0.000   1.173 0.000 0.014 0.000  0.045 0.000
354.291667 355.291667   17.47 0.000  0.95 0.000000 0.060 0.000000 0.09 0.000000  0.031 0.000   0.383 0.000   0.536 0.000 99.99 0.259000  15.657 0.000  13.700 0.000   1.957 0.000 0.025 0.000  0.175 0.000
357.291667 358.291667   12.89 0.000  0.81 0.000000 0.070 0.000000 0.18 0.000000  0.128 0.559   0.234 0.000   0.328 0.000 99.99 0.259000   5.198 0.000   2.720 0.000   2.478 0.000 0.038 0.000  0.201 0.559
360.291667 361.291667   19.78 0.000  1.66 0.000000 0.142 0.000000 9.99 0.259000  1.165 0.559   0.645 0.000   0.903 0.000 99.99 0.259000  17.654 0.000   2.701 0.000  14.953 0.000 0.041 0.000  1.548 0.559
363.291667 364.291667   24.83 0.000  3.72 0.000000 9.999 0.259000 0.11 0.000000  0.923 0.559   0.638 0.000   0.893 0.000 99.99 0.259000  12.584 0.000   1.187 0.000  11.398 0.000 0.034 0.000  0.723 0.559
