scripts/IMPROVE-2019_partial/data/US9081R.19910102070000.20191216000000.filterpack...1y.3d.US03L_filterpack_US9081_YELL1.US03L_IMPROVE_Davis.lev2.nas
52 1001
MISSING INFORMATION
US03L, IMPROVE, , , , , , , 
MISSING INFORMATION
IMPROVE sel_HTAP
1 1
1991 01 01 2019 12 16
0
days from file reference point
5
1 1 1 1 1
999.999999 999.999 9.999 99.999 9.999999
end_time of measurement, days from the file reference point
pm10_mass, ug/m3, Matrix=pm10
numflag pm10_mass, no unit, Matrix=pm10
pm25_mass, ug/m3, Matrix=pm25
numflag pm25_mass, no unit, Matrix=pm25
0
33
Data definition:              EBAS_1.1
Set type code:                TI
Timezone:                     UTC
File name:                    US9081R.19910102070000.20191216000000.filterpack...1y.3d.US03L_filterpack_US9081_YELL1.US03L_IMPROVE_Davis.lev2.nas
File creation:                20191218121106
Startdate:                    19910102070000
Revision date:                20191216000000
Version:                      2
Version description:          "Data extracted from http://views.cira.colostate.edu/fed/DataWizard 2019-12-16"
Statistics:                   arithmetic mean
Data level:                   2
Period code:                  1y
Resolution code:              3d
Sample duration:              1d
Orig. time res.:              3d
Station code:                 US9081R
Platform code:                US9081S
Station name:                 Yellowstone NP 1
Station latitude:             44.5654
Station longitude:            -110.4003
Station altitude:             2442.0 m
Regime:                       IMG
Component:                    
Unit:                         ug/m3
Matrix:                       
Laboratory code:              US03L
Instrument type:              filterpack
Instrument name:              filterpack_US9081_YELL1
Method ref:                   US03L_IMPROVE_Davis
Blank correction:             Blank corrected
Volume std. temperature:      ambient
Volume std. pressure:         ambient
starttime endtime PM10 flag_PM10 PM2.5 flag_PM2.5
  1.291667   2.291667 999.999 0.999 99.999 0.999000
  4.291667   5.291667 999.999 0.999 99.999 0.999000
  8.291667   9.291667 999.999 0.999 99.999 0.999000
 11.291667  12.291667 999.999 0.999 99.999 0.999000
 15.291667  16.291667   4.464 0.000  1.656 0.559000
 18.291667  19.291667   2.254 0.000  1.176 0.559000
 22.291667  23.291667  11.863 0.000  4.790 0.559000
 25.291667  26.291667 999.999 0.999  5.916 0.559000
 29.291667  30.291667   6.855 0.000  6.230 0.559000
 32.291667  33.291667   1.500 0.000 99.999 0.559259
 36.291667  37.291667   3.569 0.000  2.074 0.559000
 39.291667  40.291667   5.114 0.000  2.555 0.559000
 43.291667  44.291667   4.471 0.000  1.424 0.559000
 46.291667  47.291667   1.275 0.000  0.676 0.559000
 50.291667  51.291667   4.030 0.000  3.528 0.559000
 53.291667  54.291667  13.077 0.000  2.168 0.559000
 57.291667  58.291667 999.999 0.999 99.999 0.999000
 60.291667  61.291667 999.999 0.999 99.999 0.999000
 64.291667  65.291667 999.999 0.999 99.999 0.999000
 67.291667  68.291667 999.999 0.999 99.999 0.999000
 71.291667  72.291667   4.419 0.000 99.999 0.559259
 74.291667  75.291667 999.999 0.999  4.539 0.559000
 78.291667  79.291667   3.650 0.000  3.365 0.559000
 81.291667  82.291667   2.447 0.000 99.999 0.559259
 85.291667  86.291667   3.452 0.000  1.486 0.559000
 88.291667  89.291667   6.025 0.000  3.648 0.559000
 92.291667  93.291667   8.295 0.000  5.204 0.559000
 95.291667  96.291667  10.405 0.000  3.887 0.559000
 99.291667 100.291667   2.669 0.000  2.092 0.559000
102.291667 103.291667   6.822 0.000  2.462 0.559000
106.291667 107.291667   9.189 0.000  3.634 0.559000
109.291667 110.291667   3.127 0.000  2.833 0.559000
113.291667 114.291667   5.977 0.000  3.125 0.559000
116.291667 117.291667   2.702 0.000  1.344 0.559000
120.291667 121.291667   5.273 0.000  4.067 0.559000
123.291667 124.291667 999.999 0.999  1.451 0.559000
127.291667 128.291667   4.008 0.000  3.465 0.559000
130.291667 131.291667   5.040 0.000  4.141 0.559000
134.291667 135.291667   3.487 0.000  1.189 0.559000
137.291667 138.291667   4.355 0.000  1.938 0.559000
141.291667 142.291667  15.676 0.000  5.266 0.559000
144.291667 145.291667  11.737 0.000  3.817 0.559000
148.291667 149.291667   9.544 0.000  5.153 0.559000
151.291667 152.291667  32.008 0.000  4.864 0.559000
155.291667 156.291667 999.999 0.999 99.999 0.999000
158.291667 159.291667  11.128 0.000  4.462 0.559000
162.291667 163.291667  20.728 0.000  7.716 0.559000
165.291667 166.291667  17.280 0.000  3.776 0.559000
169.291667 170.291667  24.588 0.000  9.077 0.559000
172.291667 173.291667  12.140 0.000  5.374 0.559000
176.291667 177.291667   5.615 0.000  3.050 0.559000
179.291667 180.291667   9.000 0.000  4.308 0.559000
183.291667 184.291667  11.955 0.000  3.823 0.559000
186.291667 187.291667  24.699 0.000  6.239 0.559000
190.291667 191.291667   7.132 0.000  4.012 0.559000
193.291667 194.291667  21.331 0.000  5.015 0.559000
197.291667 198.291667  26.357 0.000 99.999 0.559259
200.291667 201.291667  20.278 0.000  4.465 0.559000
204.291667 205.291667  16.772 0.000  5.000 0.559000
207.291667 208.291667  15.249 0.000  5.545 0.559000
211.291667 212.291667  13.858 0.000  5.046 0.559000
214.291667 215.291667  14.407 0.000  4.431 0.559000
218.291667 219.291667  10.331 0.000  4.954 0.559000
221.291667 222.291667  16.528 0.000  5.627 0.559000
225.291667 226.291667  26.259 0.000  4.939 0.559000
228.291667 229.291667   5.788 0.000  3.455 0.559000
232.291667 233.291667  10.706 0.000  5.188 0.559000
235.291667 236.291667  21.353 0.000  8.428 0.559000
239.291667 240.291667  10.318 0.000 99.999 0.559259
242.291667 243.291667  17.444 0.000  4.938 0.559000
246.291667 247.291667 999.999 0.999  5.217 0.559000
249.291667 250.291667   6.213 0.000  4.907 0.559000
253.291667 254.291667   4.748 0.000  2.430 0.559000
256.291667 257.291667   3.939 0.000  1.589 0.559000
260.291667 261.291667   6.426 0.000  3.282 0.559000
263.291667 264.291667  17.473 0.000  6.069 0.559000
267.291667 268.291667 999.999 0.999  3.135 0.559000
270.291667 271.291667   6.944 0.000  2.602 0.559000
274.291667 275.291667  11.836 0.000  4.159 0.559000
277.291667 278.291667   6.022 0.000  2.889 0.559000
281.291667 282.291667   7.159 0.000  3.386 0.559000
284.291667 285.291667  13.209 0.000  5.287 0.559000
288.291667 289.291667 999.999 0.999 99.999 0.999000
291.291667 292.291667  26.097 0.000  3.849 0.559000
295.291667 296.291667   9.111 0.000  4.030 0.559000
298.291667 299.291667   2.784 0.000  2.020 0.559000
302.291667 303.291667  14.167 0.000  6.037 0.559000
305.291667 306.291667   4.246 0.000  3.323 0.559000
309.291667 310.291667   2.357 0.000  1.899 0.559000
312.291667 313.291667   1.375 0.000  1.203 0.559000
316.291667 317.291667   4.749 0.000 99.999 0.559259
319.291667 320.291667   3.243 0.000  1.197 0.559000
323.291667 324.291667 999.999 0.999 99.999 0.999000
326.291667 327.291667 999.999 0.999 99.999 0.999000
330.291667 331.291667 999.999 0.999 99.999 0.999000
333.291667 334.291667 999.999 0.999 99.999 0.999000
337.291667 338.291667 999.999 0.999 99.999 0.999000
340.291667 341.291667  23.040 0.000  1.197 0.559000
344.291667 345.291667   5.645 0.000 99.999 0.559259
347.291667 348.291667   3.669 0.000  2.412 0.559000
351.291667 352.291667 999.999 0.999 99.999 0.999000
354.291667 355.291667 999.999 0.999 99.999 0.999000
358.291667 359.291667 999.999 0.999 99.999 0.999000
361.291667 362.291667 999.999 0.999 99.999 0.999000
