scripts/IMPROVE-2019_partial/data/US9036R.19990102070000.20191216000000.filterpack...1y.3d.US03L_filterpack_US9036.US03L_IMPROVE_Davis.lev2.nas
51 1001
MISSING INFORMATION
US03L, IMPROVE, , , , , , , 
MISSING INFORMATION
IMPROVE sel_HTAP
1 1
1999 01 01 2019 12 16
0
days from file reference point
4
1 1 1 1
999.999999 999.999 999.999 9.999
end_time of measurement, days from the file reference point
pm10_mass, ug/m3, Matrix=pm10
pm25_mass, ug/m3, Matrix=pm25
numflag, no unit
0
33
Data definition:              EBAS_1.1
Set type code:                TI
Timezone:                     UTC
File name:                    US9036R.19990102070000.20191216000000.filterpack...1y.3d.US03L_filterpack_US9036.US03L_IMPROVE_Davis.lev2.nas
File creation:                20191218120744
Startdate:                    19990102070000
Revision date:                20191216000000
Version:                      2
Version description:          "Data extracted from http://views.cira.colostate.edu/fed/DataWizard 2019-12-16"
Statistics:                   arithmetic mean
Data level:                   2
Period code:                  1y
Resolution code:              3d
Sample duration:              1d
Orig. time res.:              3d
Station code:                 US9036R
Platform code:                US9036S
Station name:                 Tonto NM
Station latitude:             33.6548
Station longitude:            -111.1068
Station altitude:             775.0 m
Regime:                       IMG
Component:                    
Unit:                         ug/m3
Matrix:                       
Laboratory code:              US03L
Instrument type:              filterpack
Instrument name:              filterpack_US9036
Method ref:                   US03L_IMPROVE_Davis
Blank correction:             Blank corrected
Volume std. temperature:      ambient
Volume std. pressure:         ambient
starttime endtime PM10 PM2.5 flag
  1.291667   2.291667   6.439   1.995 0.000
  5.291667   6.291667   5.036   2.339 0.000
  8.291667   9.291667   5.564   2.668 0.000
 12.291667  13.291667   9.938   6.585 0.000
 15.291667  16.291667   8.381   4.618 0.000
 19.291667  20.291667  16.530   4.976 0.000
 22.291667  23.291667   4.831   1.764 0.000
 26.291667  27.291667   9.972   1.722 0.000
 29.291667  30.291667  10.862   2.422 0.000
 33.291667  34.291667  14.498   2.210 0.000
 36.291667  37.291667   2.924   1.176 0.000
 40.291667  41.291667   8.906   2.078 0.000
 43.291667  44.291667  12.516   2.704 0.000
 47.291667  48.291667  11.642   4.497 0.000
 50.291667  51.291667  14.910   6.887 0.000
 54.291667  55.291667   9.020   4.260 0.000
 57.291667  58.291667  17.122   5.881 0.000
 61.291667  62.291667  15.092   5.040 0.000
 64.291667  65.291667  11.716   3.935 0.000
 68.291667  69.291667   9.534   3.112 0.000
 71.291667  72.291667   9.416   3.314 0.000
 75.291667  76.291667   3.806   1.587 0.000
 78.291667  79.291667   8.945   3.644 0.000
 82.291667  83.291667  15.595   4.544 0.000
 85.291667  86.291667  25.991   3.687 0.000
 89.291667  90.291667  36.213   7.114 0.000
 92.291667  93.291667   8.749   3.203 0.000
 96.291667  97.291667  12.202   3.742 0.000
 99.291667 100.291667   4.787   1.786 0.000
103.291667 104.291667   8.249   3.855 0.000
106.291667 107.291667   7.482   2.749 0.000
110.291667 111.291667  18.570   5.679 0.000
113.291667 114.291667  12.599   4.001 0.000
117.291667 118.291667  17.894   4.976 0.000
120.291667 121.291667  17.608   4.304 0.000
124.291667 125.291667  22.385   8.385 0.000
127.291667 128.291667  16.333   4.726 0.000
131.291667 132.291667 999.999 999.999 0.999
134.291667 135.291667 999.999 999.999 0.999
138.291667 139.291667  14.275   4.960 0.000
141.291667 142.291667  18.364   4.498 0.000
145.291667 146.291667   9.334   3.992 0.000
148.291667 149.291667  17.062   5.630 0.000
152.291667 153.291667  12.953   6.188 0.000
155.291667 156.291667  12.162   3.920 0.000
159.291667 160.291667   9.779   3.542 0.000
162.291667 163.291667  17.548   8.178 0.000
166.291667 167.291667  12.180   4.816 0.000
169.291667 170.291667   9.687   3.873 0.000
173.291667 174.291667  11.075   4.657 0.000
176.291667 177.291667  12.871   4.620 0.000
180.291667 181.291667  13.376   5.222 0.000
183.291667 184.291667   9.305   4.667 0.000
187.291667 188.291667   5.804   2.545 0.000
190.291667 191.291667   6.773   3.222 0.000
194.291667 195.291667  11.895   3.662 0.000
197.291667 198.291667  12.857   5.386 0.000
201.291667 202.291667  13.992   3.307 0.000
204.291667 205.291667   8.810   4.023 0.000
208.291667 209.291667  11.851   5.506 0.000
211.291667 212.291667  11.298   5.539 0.000
215.291667 216.291667   5.665   3.304 0.000
218.291667 219.291667  10.490   4.997 0.000
222.291667 223.291667   7.831   2.944 0.000
225.291667 226.291667   7.277   2.877 0.000
229.291667 230.291667   7.262   5.068 0.000
232.291667 233.291667   6.416   3.389 0.000
236.291667 237.291667   6.264   4.083 0.000
239.291667 240.291667   9.278   4.533 0.000
243.291667 244.291667   7.947   3.458 0.000
246.291667 247.291667   7.374   2.622 0.000
250.291667 251.291667   8.991   3.388 0.000
253.291667 254.291667  10.453   4.658 0.000
257.291667 258.291667   3.805   2.172 0.000
260.291667 261.291667   4.728   2.829 0.000
264.291667 265.291667  10.141   5.940 0.000
267.291667 268.291667   7.532   4.058 0.000
271.291667 272.291667  15.746   4.948 0.000
274.291667 275.291667  15.497   5.281 0.000
278.291667 279.291667  19.759   5.865 0.000
281.291667 282.291667  11.242   6.271 0.000
285.291667 286.291667   9.438   5.019 0.000
288.291667 289.291667  18.915   5.767 0.000
292.291667 293.291667   7.833   4.384 0.000
295.291667 296.291667  14.777  10.524 0.000
299.291667 300.291667  11.378   5.890 0.000
302.291667 303.291667   7.965   3.083 0.000
306.291667 307.291667  31.210  11.342 0.000
309.291667 310.291667  14.674   6.497 0.000
313.291667 314.291667  13.970  10.554 0.000
316.291667 317.291667  17.930  11.409 0.000
320.291667 321.291667  21.610  13.796 0.000
323.291667 324.291667  19.444   6.885 0.000
327.291667 328.291667   6.780   3.939 0.000
330.291667 331.291667  10.766   5.015 0.000
334.291667 335.291667  16.675   5.538 0.000
337.291667 338.291667   7.116   2.119 0.000
341.291667 342.291667  48.568   9.229 0.000
344.291667 345.291667  10.177   4.469 0.000
348.291667 349.291667   5.252   2.881 0.000
351.291667 352.291667   8.073   3.682 0.000
355.291667 356.291667 999.999 999.999 0.999
358.291667 359.291667 999.999 999.999 0.999
362.291667 363.291667 999.999 999.999 0.999
