scripts/IMPROVE-2019_partial/data/US9051U.20090101050000.20191216000000.filterpack...52w.3d.US03L_filterpack_US9051.US03L_IMPROVE_Davis.lev2.nas
52 1001
MISSING INFORMATION
US03L, IMPROVE, , , , , , , 
MISSING INFORMATION
IMPROVE sel_HTAP
1 1
2009 01 01 2019 12 16
3.000000
days from file reference point
5
1 1 1 1 1
999.999999 999.999 9.999 999.999 9.999
end_time of measurement, days from the file reference point
pm10_mass, ug/m3, Matrix=pm10
numflag pm10_mass, no unit, Matrix=pm10
pm25_mass, ug/m3, Matrix=pm25
numflag pm25_mass, no unit, Matrix=pm25
0
33
Data definition:              EBAS_1.1
Set type code:                TU
Timezone:                     UTC
File name:                    US9051U.20090101050000.20191216000000.filterpack...52w.3d.US03L_filterpack_US9051.US03L_IMPROVE_Davis.lev2.nas
File creation:                20191218120857
Startdate:                    20090101050000
Revision date:                20191216000000
Version:                      2
Version description:          "Data extracted from http://views.cira.colostate.edu/fed/DataWizard 2019-12-16"
Statistics:                   arithmetic mean
Data level:                   2
Period code:                  52w
Resolution code:              3d
Sample duration:              1d
Orig. time res.:              3d
Station code:                 US9051U
Platform code:                US9051S
Station name:                 Washington D.C.
Station latitude:             38.8762
Station longitude:            -77.0344
Station altitude:             15.0 m
Regime:                       IMG
Component:                    
Unit:                         ug/m3
Matrix:                       
Laboratory code:              US03L
Instrument type:              filterpack
Instrument name:              filterpack_US9051
Method ref:                   US03L_IMPROVE_Davis
Blank correction:             Blank corrected
Volume std. temperature:      ambient
Volume std. pressure:         ambient
starttime endtime PM10 flag_PM10 PM2.5 flag_PM2.5
  0.208333   1.208333   6.662 0.000   4.441 0.000
  3.208333   4.208333  23.198 0.000  18.445 0.000
  6.208333   7.208333 999.999 0.999 999.999 0.999
  9.208333  10.208333  21.060 0.000  17.341 0.000
 12.208333  13.208333  18.048 0.000  14.132 0.000
 15.208333  16.208333  12.306 0.000   7.200 0.000
 18.208333  19.208333  45.275 0.000  38.134 0.000
 21.208333  22.208333  24.565 0.000  17.244 0.000
 24.208333  25.208333  12.283 0.000   8.763 0.000
 27.208333  28.208333 999.999 0.999 999.999 0.999
 30.208333  31.208333 999.999 0.456   6.943 0.000
 33.208333  34.208333 999.999 0.456  13.313 0.000
 36.208333  37.208333  16.209 0.000  11.344 0.000
 39.208333  40.208333  21.226 0.000  16.236 0.000
 42.208333  43.208333   9.509 0.000   3.581 0.000
 45.208333  46.208333  11.177 0.000   8.492 0.000
 48.208333  49.208333  14.834 0.000  11.968 0.000
 51.208333  52.208333  10.376 0.000   7.380 0.000
 54.208333  55.208333  12.543 0.000   7.468 0.000
 57.208333  58.208333  14.755 0.000   8.840 0.000
 60.208333  61.208333  11.579 0.000   5.997 0.000
 63.208333  64.208333  26.288 0.000  17.377 0.000
 66.208333  67.208333  21.289 0.000  13.532 0.000
 69.208333  70.208333 999.999 0.999 999.999 0.999
 72.208333  73.208333 999.999 0.999 999.999 0.999
 75.208333  76.208333 999.999 0.999 999.999 0.999
 78.208333  79.208333  15.117 0.000   8.622 0.000
 81.208333  82.208333  12.176 0.000   5.704 0.000
 84.208333  85.208333  13.064 0.000   9.712 0.000
 87.208333  88.208333   5.973 0.000   4.103 0.000
 90.208333  91.208333  13.297 0.000   8.061 0.000
 93.208333  94.208333   7.804 0.000   5.021 0.000
 96.208333  97.208333   8.079 0.000   4.712 0.000
 99.208333 100.208333  19.498 0.000  11.901 0.000
102.208333 103.208333   8.609 0.000   5.705 0.000
105.208333 106.208333  10.576 0.000   6.504 0.000
108.208333 109.208333  18.424 0.000  11.113 0.000
111.208333 112.208333   9.686 0.000   5.861 0.000
114.208333 115.208333  21.575 0.000  13.299 0.000
117.208333 118.208333  18.175 0.000   8.013 0.000
120.208333 121.208333 999.999 0.999 999.999 0.999
123.208333 124.208333 999.999 0.999 999.999 0.999
126.208333 127.208333  12.345 0.000   5.674 0.000
129.208333 130.208333  11.784 0.000   6.610 0.000
132.208333 133.208333  22.282 0.000  12.055 0.000
135.208333 136.208333  11.862 0.000   7.523 0.000
138.208333 139.208333  14.158 0.000   6.275 0.000
141.208333 142.208333  16.897 0.000   7.396 0.000
144.208333 145.208333  12.617 0.000   9.105 0.000
147.208333 148.208333  16.317 0.000  10.450 0.000
150.208333 151.208333  15.413 0.000  10.900 0.000
153.208333 154.208333 999.999 0.999 999.999 0.999
156.208333 157.208333   8.846 0.000   5.163 0.000
159.208333 160.208333  15.277 0.000  11.084 0.000
162.208333 163.208333  15.643 0.000   8.820 0.000
165.208333 166.208333  16.529 0.000  11.416 0.000
168.208333 169.208333  15.601 0.000   9.044 0.000
171.208333 172.208333   8.959 0.000   5.553 0.000
174.208333 175.208333  18.223 0.000   8.199 0.000
177.208333 178.208333  17.218 0.000  11.390 0.000
180.208333 181.208333  18.866 0.000  10.296 0.000
183.208333 184.208333  15.659 0.000   8.545 0.000
186.208333 187.208333  17.666 0.000  11.679 0.000
189.208333 190.208333  20.638 0.000   7.601 0.000
192.208333 193.208333  20.153 0.000  13.898 0.000
195.208333 196.208333  23.092 0.000  12.380 0.000
198.208333 199.208333  14.678 0.000   9.057 0.000
201.208333 202.208333  18.825 0.000  13.829 0.000
204.208333 205.208333 999.999 0.456  10.122 0.000
207.208333 208.208333  10.525 0.000   9.961 0.000
210.208333 211.208333  19.465 0.000  13.377 0.000
213.208333 214.208333  10.757 0.000   7.612 0.000
216.208333 217.208333  22.671 0.000  13.862 0.000
219.208333 220.208333  21.145 0.000  17.094 0.000
222.208333 223.208333  19.330 0.000  14.100 0.000
225.208333 226.208333  15.111 0.000   8.799 0.000
228.208333 229.208333  17.392 0.000  12.829 0.000
231.208333 232.208333  14.425 0.000   8.729 0.000
234.208333 235.208333  20.176 0.000  14.763 0.000
237.208333 238.208333  24.386 0.000  17.861 0.000
240.208333 241.208333  17.913 0.000  11.889 0.000
243.208333 244.208333  11.061 0.000   4.740 0.000
246.208333 247.208333  18.960 0.000  10.982 0.000
249.208333 250.208333  16.008 0.000   6.856 0.000
252.208333 253.208333 999.999 0.999 999.999 0.999
255.208333 256.208333   9.967 0.000   5.919 0.000
258.208333 259.208333  18.127 0.000  11.080 0.000
261.208333 262.208333  11.728 0.000   6.656 0.000
264.208333 265.208333  12.639 0.000   4.865 0.000
267.208333 268.208333 999.999 0.999 999.999 0.999
270.208333 271.208333 999.999 0.999 999.999 0.999
273.208333 274.208333  11.759 0.000 999.999 0.456
276.208333 277.208333  13.133 0.000   7.559 0.000
279.208333 280.208333  15.130 0.000   5.809 0.000
282.208333 283.208333  10.028 0.000   6.710 0.000
285.208333 286.208333  19.004 0.000   9.620 0.000
288.208333 289.208333   3.969 0.000   2.099 0.000
291.208333 292.208333  11.970 0.000   7.987 0.000
294.208333 295.208333  18.226 0.000  12.505 0.000
297.208333 298.208333   9.557 0.000   7.096 0.000
300.208333 301.208333   5.958 0.000   4.000 0.000
303.208333 304.208333   7.779 0.000   5.653 0.000
306.208333 307.208333  15.673 0.000  10.266 0.000
309.208333 310.208333  11.066 0.000   5.141 0.000
312.208333 313.208333  30.522 0.000  23.812 0.000
315.208333 316.208333 999.999 0.999 999.999 0.999
318.208333 319.208333  12.706 0.000   8.735 0.000
321.208333 322.208333 999.999 0.999 999.999 0.999
324.208333 325.208333 999.999 0.999 999.999 0.999
327.208333 328.208333   7.299 0.000   4.712 0.000
330.208333 331.208333   5.503 0.000   3.324 0.000
333.208333 334.208333  10.129 0.000   7.230 0.000
336.208333 337.208333   7.056 0.000   4.488 0.000
339.208333 340.208333  18.561 0.000  15.000 0.000
342.208333 343.208333   7.383 0.000   4.251 0.000
345.208333 346.208333  10.120 0.000   5.557 0.000
348.208333 349.208333  13.037 0.000   8.959 0.000
351.208333 352.208333  19.238 0.000  13.128 0.000
354.208333 355.208333  13.557 0.000   9.927 0.000
357.208333 358.208333 999.999 0.999 999.999 0.999
360.208333 361.208333 999.999 0.999 999.999 0.999
363.208333 364.208333  10.826 0.000   5.977 0.000
