scripts/IMPROVE-2019_partial/data/US9011R.20070103060000.20191216000000.filterpack...1y.3d.US03L_filterpack_US9011.US03L_IMPROVE_Davis.lev2.nas
52 1001
MISSING INFORMATION
US03L, IMPROVE, , , , , , , 
MISSING INFORMATION
IMPROVE sel_HTAP
1 1
2007 01 01 2019 12 16
3.00
days from file reference point
5
1 1 1 1 1
999.99 999.999 9.999 999.999 9.999
end_time of measurement, days from the file reference point
pm10_mass, ug/m3, Matrix=pm10
numflag pm10_mass, no unit, Matrix=pm10
pm25_mass, ug/m3, Matrix=pm25
numflag pm25_mass, no unit, Matrix=pm25
0
33
Data definition:              EBAS_1.1
Set type code:                TU
Timezone:                     UTC
File name:                    US9011R.20070103060000.20191216000000.filterpack...1y.3d.US03L_filterpack_US9011.US03L_IMPROVE_Davis.lev2.nas
File creation:                20191218120553
Startdate:                    20070103060000
Revision date:                20191216000000
Version:                      2
Version description:          "Data extracted from http://views.cira.colostate.edu/fed/DataWizard 2019-12-16"
Statistics:                   arithmetic mean
Data level:                   2
Period code:                  1y
Resolution code:              3d
Sample duration:              1d
Orig. time res.:              3d
Station code:                 US9011R
Platform code:                US9011S
Station name:                 Mingo
Station latitude:             36.9717
Station longitude:            -90.1432
Station altitude:             111.0 m
Regime:                       IMG
Component:                    
Unit:                         ug/m3
Matrix:                       
Laboratory code:              US03L
Instrument type:              filterpack
Instrument name:              filterpack_US9011
Method ref:                   US03L_IMPROVE_Davis
Blank correction:             Blank corrected
Volume std. temperature:      ambient
Volume std. pressure:         ambient
starttime endtime PM10 flag_PM10 PM2.5 flag_PM2.5
  2.25   3.25 999.999 0.999 999.999 0.999
  5.25   6.25 999.999 0.999 999.999 0.999
  8.25   9.25 999.999 0.999 999.999 0.999
 11.25  12.25  14.115 0.000   9.352 0.000
 14.25  15.25   4.092 0.000   3.865 0.000
 17.25  18.25  11.505 0.000   9.215 0.000
 20.25  21.25   7.768 0.000   7.768 0.000
 23.25  24.25  15.336 0.000  12.798 0.000
 26.25  27.25   7.257 0.000   6.518 0.000
 29.25  30.25  10.443 0.000   4.042 0.000
 32.25  33.25   9.762 0.000   7.221 0.000
 35.25  36.25  10.860 0.000   6.378 0.000
 38.25  39.25  16.958 0.000   9.618 0.000
 41.25  42.25  28.406 0.000  13.226 0.000
 44.25  45.25   6.448 0.000   5.133 0.000
 47.25  48.25  11.485 0.000   9.414 0.000
 50.25  51.25  15.729 0.000   8.336 0.000
 53.25  54.25  10.247 0.000   6.745 0.000
 56.25  57.25   9.495 0.000   6.704 0.000
 59.25  60.25  19.099 0.000  11.952 0.000
 62.25  63.25 999.999 0.456   5.642 0.000
 65.25  66.25  31.061 0.000  17.189 0.000
 68.25  69.25  19.871 0.000  14.879 0.000
 71.25  72.25  40.357 0.000  24.651 0.000
 74.25  75.25   7.233 0.000   4.867 0.000
 77.25  78.25  20.311 0.000  12.553 0.000
 80.25  81.25  24.557 0.000  11.571 0.000
 83.25  84.25  33.342 0.000  10.537 0.000
 86.25  87.25  13.872 0.000   8.218 0.000
 89.25  90.25  16.466 0.000  11.546 0.000
 92.25  93.25  18.212 0.000   9.732 0.000
 95.25  96.25   8.765 0.000   3.709 0.000
 98.25  99.25  30.236 0.000  11.354 0.000
101.25 102.25   8.860 0.000   7.545 0.000
104.25 105.25  11.266 0.000   7.366 0.000
107.25 108.25  19.010 0.000   9.260 0.000
110.25 111.25  65.978 0.000  21.902 0.000
113.25 114.25  35.081 0.000  16.079 0.000
116.25 117.25  12.044 0.000   6.326 0.000
119.25 120.25  34.674 0.000  10.530 0.000
122.25 123.25  20.336 0.000  18.071 0.000
125.25 126.25  20.900 0.000  15.075 0.000
128.25 129.25  23.697 0.000  11.417 0.000
131.25 132.25  23.650 0.000  12.801 0.000
134.25 135.25  31.902 0.000  12.594 0.000
137.25 138.25  21.822 0.000   6.512 0.000
140.25 141.25 999.999 0.456  18.675 0.000
143.25 144.25  53.957 0.000  32.376 0.000
146.25 147.25  29.199 0.000  21.484 0.000
149.25 150.25  22.485 0.000  16.947 0.000
152.25 153.25  23.798 0.000  13.362 0.000
155.25 156.25  20.227 0.000   8.113 0.000
158.25 159.25  21.887 0.000  11.595 0.000
161.25 162.25  25.570 0.000  19.452 0.000
164.25 165.25  45.828 0.000  30.601 0.000
167.25 168.25  55.623 0.000  29.502 0.000
170.25 171.25  18.283 0.000   9.517 0.000
173.25 174.25  19.445 0.000  10.913 0.000
176.25 177.25  24.635 0.000  13.862 0.000
179.25 180.25  20.747 0.000  10.886 0.000
182.25 183.25  26.818 0.000  18.465 0.000
185.25 186.25  17.995 0.000   9.116 0.000
188.25 189.25  35.735 0.000  15.114 0.000
191.25 192.25  22.321 0.000   6.566 0.000
194.25 195.25  21.473 0.000  10.194 0.000
197.25 198.25  17.639 0.000   6.537 0.000
200.25 201.25 999.999 0.999 999.999 0.999
203.25 204.25 999.999 0.999 999.999 0.999
206.25 207.25  49.935 0.000  28.968 0.000
209.25 210.25  29.919 0.000  21.129 0.000
212.25 213.25  43.854 0.000  36.703 0.000
215.25 216.25  30.327 0.000  22.374 0.000
218.25 219.25  27.615 0.000  13.292 0.000
221.25 222.25  24.620 0.000  10.302 0.000
224.25 225.25  26.619 0.000  14.260 0.000
227.25 228.25  32.988 0.000  18.381 0.000
230.25 231.25  27.347 0.000  15.139 0.000
233.25 234.25  28.990 0.000   9.734 0.000
236.25 237.25  10.615 0.000   4.381 0.000
239.25 240.25  39.269 0.000  17.565 0.000
242.25 243.25  19.139 0.000   7.578 0.000
245.25 246.25  41.326 0.000  30.173 0.000
248.25 249.25 999.999 0.456  12.860 0.000
251.25 252.25  12.246 0.000   8.115 0.000
254.25 255.25 999.999 0.999 999.999 0.999
257.25 258.25  24.430 0.000   4.537 0.000
260.25 261.25  39.673 0.000  21.905 0.000
263.25 264.25  72.738 0.000  44.697 0.000
266.25 267.25  22.998 0.000  10.543 0.000
269.25 270.25  10.450 0.000   7.035 0.000
272.25 273.25  26.197 0.000  13.575 0.000
275.25 276.25  20.073 0.000  11.089 0.000
278.25 279.25  36.037 0.000  14.536 0.000
281.25 282.25   9.330 0.000   3.318 0.000
284.25 285.25  20.812 0.000   5.585 0.000
287.25 288.25  26.611 0.000  18.222 0.000
290.25 291.25  14.670 0.000   6.148 0.000
293.25 294.25  28.248 0.000   9.386 0.000
296.25 297.25   7.694 0.000   3.623 0.000
299.25 300.25  11.792 0.000   5.750 0.000
302.25 303.25 999.999 0.456   9.699 0.000
305.25 306.25 999.999 0.456   6.158 0.000
308.25 309.25 999.999 0.456  11.537 0.000
311.25 312.25  57.558 0.000  17.746 0.000
314.25 315.25  27.950 0.000  12.129 0.000
317.25 318.25  14.024 0.000   7.978 0.000
320.25 321.25  37.517 0.000  17.103 0.000
323.25 324.25  16.996 0.000 999.999 0.456
326.25 327.25   9.310 0.000   4.883 0.000
329.25 330.25   5.968 0.000   5.394 0.000
332.25 333.25  19.540 0.000   5.683 0.000
335.25 336.25  14.227 0.000  10.888 0.000
338.25 339.25   9.472 0.000   7.268 0.000
341.25 342.25   9.449 0.000   9.541 0.000
344.25 345.25   9.845 0.000   7.711 0.000
347.25 348.25  13.045 0.000  11.255 0.000
350.25 351.25  12.214 0.000   9.858 0.000
353.25 354.25 999.999 0.999   8.968 0.000
356.25 357.25   4.341 0.000   2.710 0.000
359.25 360.25 999.999 0.999 999.999 0.999
362.25 363.25   9.962 0.000   8.129 0.000
