scripts/IMPROVE-2019_partial/data/US9057R.20050101060000.20191216000000.filterpack..pm25.52w.1w.US03L_filterpack_US9057.US03L_IMPROVE_Davis.lev2.nas
66 1001
MISSING INFORMATION
US03L, IMPROVE, , , , , , , 
MISSING INFORMATION
IMPROVE sel_HTAP
1 1
2005 01 01 2019 12 16
3.00
days from file reference point
27
1 1 1 1 1 1 1 1 1 1 1 1 1 1 1 1 1 1 1 1 1 1 1 1 1 1 1
999.99 9999.99 9.999 999.99 9.999 9.999 9.999 9.99 9.999999 99.999 9.999 99.999 9.999 999.999 9.999 999.99 9.999999 999.999 9.999 999.999 9.999 999.999 9.999 9.999 9.999 99.999 9.999
end_time of measurement, days from the file reference point
iron, ng/m3, Revision date=20181210133000
numflag iron, no unit, Revision date=20181210133000
lead, ng/m3, Revision date=20181210133000
numflag lead, no unit, Revision date=20181210133000
magnesium, ug/m3, Revision date=20181210133000
numflag magnesium, no unit, Revision date=20181210133000
nickel, ng/m3, Revision date=20181210133000
numflag nickel, no unit, Revision date=20181210133000
nitrate, ug N/m3, Revision date=20181210133000
numflag nitrate, no unit, Revision date=20181210133000
organic_carbon, ug C/m3, Revision date=20181210133000
numflag organic_carbon, no unit, Revision date=20181210133000
organic_mass, ug/m3, Revision date=20181210133000
numflag organic_mass, no unit, Revision date=20181210133000
phosphorus, ng/m3, Revision date=20181210133000
numflag phosphorus, no unit, Revision date=20181210133000
pm10_mass, ug/m3, Version=2, Version description=Data extracted from http://views.cira.colostate.edu/fed/DataWizard 2019-12-16, Sample duration=1d, Orig. time res.=3d, Matrix=pm10, Blank correction=Blank corrected, Volume std. temperature=ambient, Volume std. pressure=ambient
numflag pm10_mass, no unit, Version=2, Version description=Data extracted from http://views.cira.colostate.edu/fed/DataWizard 2019-12-16, Sample duration=1d, Orig. time res.=3d, Matrix=pm10, Blank correction=Blank corrected, Volume std. temperature=ambient, Volume std. pressure=ambient
pm10_pm25_mass, ug/m3, Revision date=20181210133000, Matrix=pm10_pm25
numflag pm10_pm25_mass, no unit, Revision date=20181210133000, Matrix=pm10_pm25
pm25_mass, ug/m3, Version=2, Version description=Data extracted from http://views.cira.colostate.edu/fed/DataWizard 2019-12-16, Sample duration=1d, Orig. time res.=3d, Blank correction=Blank corrected, Volume std. temperature=ambient, Volume std. pressure=ambient
numflag pm25_mass, no unit, Version=2, Version description=Data extracted from http://views.cira.colostate.edu/fed/DataWizard 2019-12-16, Sample duration=1d, Orig. time res.=3d, Blank correction=Blank corrected, Volume std. temperature=ambient, Volume std. pressure=ambient
potassium, ug/m3, Revision date=20181210133000
numflag potassium, no unit, Revision date=20181210133000
sulphate_total, ug S/m3, Revision date=20181210133000
numflag sulphate_total, no unit, Revision date=20181210133000
0
25
Data definition:              EBAS_1.1
Set type code:                TU
Timezone:                     UTC
File name:                    US9057R.20050101060000.20191216000000.filterpack..pm25.52w.1w.US03L_filterpack_US9057.US03L_IMPROVE_Davis.lev2.nas
File creation:                20191218120919
Startdate:                    20050101060000
Revision date:                20191216000000
Statistics:                   arithmetic mean
Data level:                   2
Period code:                  52w
Resolution code:              1w
Station code:                 US9057R
Platform code:                US9057S
Station name:                 Sac and Fox
Station latitude:             39.9791
Station longitude:            -95.5682
Station altitude:             293.0 m
Regime:                       IMG
Component:                    
Matrix:                       pm25
Laboratory code:              US03L
Instrument type:              filterpack
Instrument name:              filterpack_US9057
Method ref:                   US03L_IMPROVE_Davis
starttime endtime Fe flag_Fe Pb flag_Pb Mg++ flag_Mg++ Ni flag_Ni NO3- flag_NO3- OC flag_OC OM flag_OM P flag_P PM10 flag_PM10 PM10-PM2.5 flag_PM10-PM2.5 PM2.5 flag_PM2.5 K+ flag_K+ SO4-- flag_SO4--
[from data line 85]
255.25 256.25  109.93 0.000   1.85 0.000 9.999 0.259 0.37 0.000000  0.075 0.000  1.832 0.000   3.298 0.000 999.99 0.259000  22.337 0.000   9.532 0.000  12.630 0.000 0.061 0.000  1.610 0.000
258.25 259.25   43.97 0.000   1.54 0.000 9.999 0.259 9.99 0.259000  0.147 0.000  0.903 0.000   1.626 0.000 999.99 0.259000   9.234 0.000   4.100 0.000   5.061 0.000 0.034 0.000  0.529 0.000
261.25 262.25   81.59 0.000   3.55 0.000 9.999 0.259 9.99 0.259000  0.145 0.000  1.866 0.000   3.358 0.000 999.99 0.259000  22.222 0.000  10.213 0.000  11.833 0.000 0.059 0.000  1.228 0.000
264.25 265.25   81.43 0.000   1.68 0.000 9.999 0.259 0.19 0.000000  0.065 0.000  1.875 0.000   3.376 0.000 999.99 0.259000  33.620 0.000  22.947 0.000  10.676 0.000 0.066 0.000  0.965 0.000
267.25 268.25   58.26 0.000   3.52 0.000 0.008 0.000 9.99 0.259000  0.130 0.000  1.569 0.000   2.823 0.000 999.99 0.259000  17.110 0.000   7.446 0.000   9.529 0.000 0.061 0.000  1.034 0.000
270.25 271.25   31.94 0.000   2.53 0.000 9.999 0.259 9.99 0.259000  0.103 0.000  0.984 0.000   1.772 0.000 999.99 0.259000  15.842 0.000  10.754 0.000   5.115 0.000 0.036 0.000  0.516 0.000
273.25 274.25   50.02 0.000   1.28 0.000 0.019 0.000 0.16 0.000000  0.110 0.000  2.028 0.000   3.650 0.000 999.99 0.259000  16.778 0.000   7.534 0.000   9.110 0.000 0.057 0.000  0.827 0.000
276.25 277.25   25.37 0.000   0.53 0.000 0.020 0.000 0.56 0.000000  0.065 0.000  2.346 0.000   4.223 0.000 999.99 0.259000  19.563 0.000   6.599 0.000  12.918 0.000 0.040 0.000  1.625 0.000
279.25 280.25   34.00 0.000   0.70 0.000 0.011 0.000 9.99 0.259000  0.084 0.000  0.895 0.000   1.610 0.000 999.99 0.259000  10.859 0.000   8.210 0.000   2.546 0.000 0.036 0.000  0.098 0.000
282.25 283.25   59.31 0.000   5.12 0.000 0.028 0.000 9.99 0.259000  0.309 0.000  1.423 0.000   2.561 0.000 999.99 0.259000  22.670 0.000  13.143 0.000   9.332 0.000 0.041 0.000  1.223 0.000
285.25 286.25   46.38 0.000   8.66 0.000 9.999 0.259 9.99 0.259000  0.213 0.000  1.349 0.000   2.428 0.000 999.99 0.259000  10.339 0.000   5.333 0.000   4.920 0.000 0.021 0.000  0.412 0.000
288.25 289.25   61.20 0.000   4.69 0.000 9.999 0.259 9.99 0.259000  0.069 0.000  1.819 0.000   3.274 0.000  54.80 0.000000  23.303 0.000  16.542 0.000   6.547 0.000 0.069 0.000  0.336 0.000
291.25 292.25   48.83 0.000   1.04 0.000 0.012 0.000 9.99 0.259000  0.139 0.000  1.023 0.000   1.841 0.000  43.47 0.000000  20.838 0.000  16.195 0.000   4.646 0.000 0.043 0.000  0.357 0.000
294.25 295.25   32.26 0.000   1.18 0.000 9.999 0.259 9.99 0.259000  0.139 0.000  0.534 0.000   0.960 0.000 999.99 0.259000   7.119 0.000   4.390 0.000   2.667 0.000 0.038 0.000  0.275 0.000
297.25 298.25   34.27 0.000   1.73 0.000 9.999 0.259 9.99 0.259000  0.515 0.000  1.932 0.000   3.478 0.000 999.99 0.259000  11.820 0.000   5.872 0.000   5.931 0.000 0.033 0.000  0.329 0.000
300.25 301.25  131.63 0.000   2.45 0.000 9.999 0.259 0.17 0.000000  0.379 0.000  2.888 0.000   5.198 0.000 999.99 0.259000  24.337 0.000  13.388 0.000  10.742 0.000 0.093 0.000  0.816 0.000
303.25 304.25   37.36 0.000   1.36 0.000 9.999 0.259 9.99 0.259000  0.148 0.000  0.830 0.000   1.494 0.000 999.99 0.259000  13.719 0.000   9.707 0.000   3.885 0.000 0.061 0.000  0.235 0.000
306.25 307.25   76.26 0.000   2.27 0.000 9.999 0.259 9.99 0.259000  0.063 0.000  1.127 0.000   2.029 0.000 999.99 0.259000  23.714 0.000  17.493 0.000   5.997 0.000 0.067 0.000  0.408 0.000
309.25 310.25   53.13 0.000   2.95 0.000 9.999 0.259 9.99 0.259000  0.700 0.000  1.069 0.000   1.923 0.000 999.99 0.259000  20.059 0.000  15.180 0.000   4.689 0.000 0.050 0.000  0.269 0.000
312.25 313.25   64.03 0.000   0.79 0.000 9.999 0.259 9.99 0.259000  0.068 0.000  0.551 0.000   0.991 0.000 999.99 0.259000  30.778 0.000  27.429 0.000   3.471 0.000 0.044 0.000  0.144 0.000
315.25 316.25   50.18 0.000   1.66 0.000 9.999 0.259 0.26 0.000000  0.266 0.000  3.599 0.000   6.478 0.000 999.99 0.259000  34.668 0.000  21.585 0.000  12.777 0.000 0.119 0.000  0.956 0.000
318.25 319.25 9999.99 0.456 999.99 0.456 9.999 0.456 9.99 0.456000 99.999 0.456 99.999 0.456 999.999 0.456 999.99 0.456000 999.999 0.456 999.999 0.456 999.999 0.456 9.999 0.456 99.999 0.456
321.25 322.25   17.46 0.000   1.36 0.000 9.999 0.259 9.99 0.259000  0.283 0.000  0.806 0.000   1.451 0.000 999.99 0.259000   7.368 0.000   3.834 0.000   3.473 0.000 0.025 0.000  0.213 0.000
324.25 325.25   25.91 0.000   2.80 0.000 9.999 0.259 9.99 0.259000  0.220 0.000  0.829 0.000   1.493 0.000 999.99 0.259000   5.709 0.000   2.700 0.000   2.963 0.000 0.025 0.000  0.173 0.000
327.25 328.25   25.31 0.000   1.31 0.000 9.999 0.259 0.19 0.000000  0.135 0.000  0.358 0.000   0.644 0.000 999.99 0.259000   8.817 0.000   6.178 0.000   2.559 0.000 0.020 0.000  0.158 0.000
330.25 331.25   29.60 0.000   1.40 0.000 9.999 0.259 0.32 0.000000  0.294 0.000  1.564 0.000   2.815 0.000 999.99 0.259000   9.704 0.000   2.322 0.000   7.340 0.000 0.053 0.000  0.792 0.000
333.25 334.25   33.45 0.000   1.07 0.000 9.999 0.259 9.99 0.259000  1.096 0.000  0.956 0.000   1.721 0.000 999.99 0.259000   8.708 0.000   2.016 0.000   6.678 0.000 0.041 0.000  0.595 0.000
336.25 337.25   19.19 0.000   3.45 0.000 9.999 0.259 9.99 0.259000  1.946 0.000  1.114 0.000   2.006 0.000 999.99 0.259000  18.979 0.000   1.521 0.000  17.340 0.000 0.038 0.000  0.718 0.000
339.25 340.25   12.34 0.000   3.06 0.000 0.009 0.000 9.99 0.259000  0.516 0.000  0.821 0.000   1.478 0.000 999.99 0.259000  14.003 0.000   3.072 0.000  10.868 0.000 0.047 0.000  0.515 0.000
342.25 343.25   15.14 0.000   1.32 0.000 0.015 0.000 0.68 0.000000  0.761 0.000  1.311 0.000   2.360 0.000 999.99 0.259000  13.245 0.000   3.853 0.000   9.295 0.000 0.056 0.000  0.454 0.000
345.25 346.25   14.09 0.000   0.39 0.000 9.999 0.259 9.99 0.259000  0.132 0.000  0.605 0.000   1.089 0.000 999.99 0.259000   2.902 0.000   0.963 0.000   1.918 0.000 0.016 0.000  0.157 0.000
348.25 349.25   14.71 0.000   0.42 0.000 9.999 0.259 0.10 0.000000  0.049 0.000  0.103 0.000   0.185 0.000 999.99 0.259000   3.500 0.000   1.785 0.000   1.686 0.000 0.012 0.000  0.222 0.000
351.25 352.25   15.86 0.000   1.44 0.000 9.999 0.259 0.16 0.000000  0.303 0.000  0.498 0.000   0.896 0.000 999.99 0.259000   6.583 0.000   2.679 0.000   3.853 0.000 0.029 0.000  0.274 0.000
354.25 355.25   15.06 0.000   1.98 0.000 9.999 0.259 0.49 0.000000  2.014 0.000  1.268 0.000   2.283 0.000 999.99 0.259000  19.436 0.000   0.666 0.000  18.727 0.000 0.038 0.000  0.996 0.000
357.25 358.25   10.43 0.000   0.23 0.000 9.999 0.259 9.99 0.259000  0.394 0.000  0.413 0.000   0.744 0.000 999.99 0.259000   6.881 0.000   0.129 0.000   6.712 0.000 0.011 0.000  0.901 0.000
360.25 361.25   43.37 0.000   4.80 0.000 9.999 0.259 0.21 0.000000  0.994 0.000  1.648 0.000   2.966 0.000 999.99 0.259000 999.999 0.456   7.134 0.000  12.187 0.000 0.050 0.000  0.770 0.000
363.25 364.25    6.06 0.000   0.61 0.000 9.999 0.259 9.99 0.259000  0.278 0.000  0.263 0.000   0.473 0.000 999.99 0.259000   4.247 0.000   0.713 0.000   3.506 0.000 0.009 0.000  0.445 0.000
