scripts/IMPROVE-2019_partial/data/US9053R.20060102060000.20191216000000.filterpack..pm25.52w.1w.US03L_filterpack_US9053.US03L_IMPROVE_Davis.lev2.nas
66 1001
MISSING INFORMATION
US03L, IMPROVE, , , , , , , 
MISSING INFORMATION
IMPROVE sel_HTAP
1 1
2006 01 01 2019 12 16
3.00
days from file reference point
27
1 1 1 1 1 1 1 1 1 1 1 1 1 1 1 1 1 1 1 1 1 1 1 1 1 1 1
999.99 9999.99 9.999 99.99 9.999 9.999 9.999 9.99 9.999 99.999 9.999 99.999 9.999 99.999 9.999 9999.99 9.999 999.999 9.999 999.999 9.999 999.999 9.999 9.999 9.999 99.999 9.999
end_time of measurement, days from the file reference point
iron, ng/m3, Revision date=20181210133000
numflag iron, no unit, Revision date=20181210133000
lead, ng/m3, Revision date=20181210133000
numflag lead, no unit, Revision date=20181210133000
magnesium, ug/m3, Revision date=20181210133000
numflag magnesium, no unit, Revision date=20181210133000
nickel, ng/m3, Revision date=20181210133000
numflag nickel, no unit, Revision date=20181210133000
nitrate, ug N/m3, Revision date=20181210133000
numflag nitrate, no unit, Revision date=20181210133000
organic_carbon, ug C/m3, Revision date=20181210133000
numflag organic_carbon, no unit, Revision date=20181210133000
organic_mass, ug/m3, Revision date=20181210133000
numflag organic_mass, no unit, Revision date=20181210133000
phosphorus, ng/m3, Revision date=20181210133000
numflag phosphorus, no unit, Revision date=20181210133000
pm10_mass, ug/m3, Version=2, Version description=Data extracted from http://views.cira.colostate.edu/fed/DataWizard 2019-12-16, Sample duration=1d, Orig. time res.=3d, Matrix=pm10, Blank correction=Blank corrected, Volume std. temperature=ambient, Volume std. pressure=ambient
numflag pm10_mass, no unit, Version=2, Version description=Data extracted from http://views.cira.colostate.edu/fed/DataWizard 2019-12-16, Sample duration=1d, Orig. time res.=3d, Matrix=pm10, Blank correction=Blank corrected, Volume std. temperature=ambient, Volume std. pressure=ambient
pm10_pm25_mass, ug/m3, Revision date=20181210133000, Matrix=pm10_pm25
numflag pm10_pm25_mass, no unit, Revision date=20181210133000, Matrix=pm10_pm25
pm25_mass, ug/m3, Version=2, Version description=Data extracted from http://views.cira.colostate.edu/fed/DataWizard 2019-12-16, Sample duration=1d, Orig. time res.=3d, Blank correction=Blank corrected, Volume std. temperature=ambient, Volume std. pressure=ambient
numflag pm25_mass, no unit, Version=2, Version description=Data extracted from http://views.cira.colostate.edu/fed/DataWizard 2019-12-16, Sample duration=1d, Orig. time res.=3d, Blank correction=Blank corrected, Volume std. temperature=ambient, Volume std. pressure=ambient
potassium, ug/m3, Revision date=20181210133000
numflag potassium, no unit, Revision date=20181210133000
sulphate_total, ug S/m3, Revision date=20181210133000
numflag sulphate_total, no unit, Revision date=20181210133000
0
25
Data definition:              EBAS_1.1
Set type code:                TU
Timezone:                     UTC
File name:                    US9053R.20060102060000.20191216000000.filterpack..pm25.52w.1w.US03L_filterpack_US9053.US03L_IMPROVE_Davis.lev2.nas
File creation:                20191218120907
Startdate:                    20060102060000
Revision date:                20191216000000
Statistics:                   arithmetic mean
Data level:                   2
Period code:                  52w
Resolution code:              1w
Station code:                 US9053R
Platform code:                US9053S
Station name:                 Viking Lake
Station latitude:             40.969
Station longitude:            -95.045
Station altitude:             371.0 m
Regime:                       IMG
Component:                    
Matrix:                       pm25
Laboratory code:              US03L
Instrument type:              filterpack
Instrument name:              filterpack_US9053
Method ref:                   US03L_IMPROVE_Davis
starttime endtime Fe flag_Fe Pb flag_Pb Mg++ flag_Mg++ Ni flag_Ni NO3- flag_NO3- OC flag_OC OM flag_OM P flag_P PM10 flag_PM10 PM10-PM2.5 flag_PM10-PM2.5 PM2.5 flag_PM2.5 K+ flag_K+ SO4-- flag_SO4--
  1.25   2.25    5.78 0.000  1.19 0.000 9.999 0.259 9.99 0.259  0.668 0.000  0.539 0.000  0.755 0.000 9999.99 0.259  10.910 0.000   0.916 0.000   9.994 0.000 0.017 0.000  1.252 0.000
  4.25   5.25    5.46 0.000  1.31 0.000 9.999 0.259 9.99 0.259  1.056 0.000  0.349 0.000  0.489 0.000 9999.99 0.259  12.217 0.000   1.413 0.000  10.805 0.000 0.013 0.000  0.918 0.000
  7.25   8.25   27.42 0.000  4.86 0.000 9.999 0.259 9.99 0.259  1.406 0.000  1.345 0.000  1.882 0.000 9999.99 0.259  20.936 0.000   3.362 0.000  17.574 0.000 0.046 0.000  1.260 0.000
 10.25  11.25   68.37 0.000  1.92 0.000 9.999 0.259 0.16 0.000  1.031 0.000  1.227 0.000  1.718 0.000 9999.99 0.259  21.964 0.000  11.275 0.000  10.689 0.000 0.042 0.000  0.441 0.000
 13.25  14.25   34.30 0.000  1.91 0.000 9.999 0.259 9.99 0.259  1.203 0.000  0.963 0.000  1.348 0.000 9999.99 0.259  18.767 0.000   6.458 0.000  12.308 0.000 0.037 0.000  0.983 0.000
 16.25  17.25   17.86 0.000  0.56 0.000 9.999 0.259 9.99 0.259  0.469 0.000  0.706 0.000  0.989 0.000 9999.99 0.259  14.833 0.000   5.537 0.000   9.297 0.000 0.024 0.000  1.263 0.000
 19.25  20.25    9.37 0.000  1.86 0.000 0.033 0.000 9.99 0.259  1.565 0.000  0.593 0.000  0.831 0.000 9999.99 0.259  18.776 0.000   2.554 0.000  16.222 0.000 0.017 0.000  1.408 0.000
 22.25  23.25   19.76 0.000  2.95 0.000 9.999 0.259 9.99 0.259  1.641 0.000  0.929 0.000  1.300 0.000 9999.99 0.259  20.116 0.000   2.562 0.000  17.554 0.000 0.027 0.000  1.361 0.000
 25.25  26.25   75.36 0.000  2.73 0.000 0.015 0.000 9.99 0.259  0.284 0.000  0.944 0.000  1.322 0.000   40.57 0.000  18.377 0.000  13.831 0.000   4.546 0.000 0.049 0.000  0.170 0.000
 28.25  29.25   36.62 0.000  2.45 0.000 9.999 0.259 9.99 0.259  1.405 0.000  1.165 0.000  1.630 0.000 9999.99 0.259  22.213 0.000   2.426 0.000  19.788 0.000 0.040 0.000  1.755 0.000
 31.25  32.25   28.15 0.000  2.44 0.000 9.999 0.259 9.99 0.259  0.285 0.000  0.329 0.000  0.460 0.000 9999.99 0.259   5.345 0.000   2.258 0.000   3.087 0.000 0.014 0.000  0.270 0.000
 34.25  35.25   12.73 0.000  0.66 0.000 9.999 0.259 0.16 0.000  0.204 0.000  0.268 0.000  0.375 0.000 9999.99 0.259   7.220 0.000   3.382 0.000   3.838 0.000 0.018 0.000  0.366 0.000
 37.25  38.25   35.88 0.000  1.73 0.000 9.999 0.259 9.99 0.259  0.722 0.559  0.644 0.000  0.901 0.000 9999.99 0.259  16.786 0.000   8.038 0.000   8.748 0.000 0.029 0.000  0.692 0.559
 40.25  41.25   18.73 0.000  1.12 0.000 9.999 0.259 9.99 0.259  0.280 0.000  0.292 0.000  0.409 0.000 9999.99 0.259   8.068 0.000   3.839 0.000   4.230 0.000 0.017 0.000  0.390 0.000
 43.25  44.25   38.73 0.000  0.87 0.000 9.999 0.259 0.09 0.000  0.266 0.000  0.495 0.000  0.693 0.000 9999.99 0.259  12.656 0.000   8.520 0.000   4.136 0.000 0.029 0.000  0.340 0.000
 46.25  47.25   18.24 0.000  1.19 0.000 9.999 0.259 0.12 0.000  0.410 0.000  0.494 0.000  0.692 0.000 9999.99 0.259  10.543 0.000   5.701 0.000   4.842 0.000 0.022 0.000  0.262 0.000
 49.25  50.25   32.38 0.000  2.40 0.000 0.019 0.000 9.99 0.259  0.360 0.000  0.783 0.000  1.097 0.000 9999.99 0.259  15.080 0.000   9.180 0.000   5.901 0.000 0.038 0.000  0.380 0.000
 52.25  53.25   55.45 0.000  1.97 0.000 9.999 0.259 9.99 0.259  0.401 0.000  0.810 0.000  1.134 0.000 9999.99 0.259  20.995 0.000  15.101 0.000   5.894 0.000 0.046 0.000  0.258 0.000
 55.25  56.25   25.92 0.000  1.40 0.000 0.013 0.000 9.99 0.259  0.588 0.000  0.458 0.000  0.641 0.000 9999.99 0.259  14.754 0.000   8.534 0.000   6.220 0.000 0.025 0.000  0.391 0.000
 58.25  59.25  106.55 0.000  5.12 0.000 0.016 0.000 9.99 0.259  2.591 0.000  2.375 0.000  3.325 0.000 9999.99 0.259  52.338 0.000  27.781 0.000  24.557 0.000 0.100 0.000  0.941 0.000
 61.25  62.25   49.83 0.000  2.37 0.000 9.999 0.259 9.99 0.259  0.686 0.000  0.485 0.000  0.679 0.000 9999.99 0.259  26.465 0.000  18.879 0.000   7.586 0.000 0.030 0.000  0.455 0.000
 64.25  65.25   16.99 0.000  3.01 0.000 9.999 0.259 9.99 0.259  0.651 0.000  0.666 0.000  0.933 0.000 9999.99 0.259  11.201 0.000   3.268 0.000   7.933 0.000 0.020 0.000  0.646 0.000
 67.25  68.25   11.91 0.000  0.66 0.000 0.012 0.000 9.99 0.259  0.837 0.000  0.352 0.000  0.492 0.000 9999.99 0.259   7.828 0.000   0.798 0.000   7.030 0.000 0.013 0.000  0.417 0.000
 70.25  71.25   11.17 0.000  1.99 0.000 9.999 0.259 9.99 0.259  0.575 0.000  0.383 0.000  0.536 0.000 9999.99 0.259   8.979 0.000   1.995 0.000   6.984 0.000 0.015 0.000  0.626 0.000
 73.25  74.25   25.76 0.000  2.30 0.000 9.999 0.259 0.12 0.000  1.030 0.000  0.889 0.000  1.245 0.000 9999.99 0.259  16.521 0.000   5.117 0.000  11.404 0.000 0.031 0.000  0.929 0.000
 76.25  77.25   24.84 0.000  2.55 0.000 9.999 0.259 0.10 0.000  0.567 0.000  0.939 0.000  1.314 0.000 9999.99 0.259  16.668 0.000  10.012 0.000   6.656 0.000 0.036 0.000  0.382 0.000
 79.25  80.25   10.04 0.000  1.48 0.000 9.999 0.259 9.99 0.259  0.603 0.000  0.484 0.000  0.678 0.000 9999.99 0.259   8.801 0.000   1.485 0.000   7.315 0.000 0.024 0.000  0.693 0.000
 82.25  83.25   11.12 0.000  2.10 0.000 9.999 0.259 0.16 0.000  0.581 0.000  0.434 0.000  0.608 0.000 9999.99 0.259   9.657 0.000   4.202 0.000   5.455 0.000 0.023 0.000  0.264 0.000
 85.25  86.25   20.35 0.000  3.95 0.000 9.999 0.259 0.12 0.000  0.923 0.000  2.439 0.000  3.415 0.000 9999.99 0.259  18.777 0.000   2.641 0.000  16.136 0.000 0.057 0.000  1.187 0.000
 88.25  89.25   45.61 0.000  1.97 0.000 9.999 0.259 9.99 0.259  0.362 0.000  3.404 0.000  4.766 0.000 9999.99 0.259  19.524 0.000   6.661 0.000  12.863 0.000 0.064 0.000  0.792 0.000
 91.25  92.25   17.13 0.000  2.23 0.000 9.999 0.259 9.99 0.259  0.370 0.000  1.125 0.000  1.576 0.000 9999.99 0.259   9.332 0.000   1.842 0.000   7.490 0.000 0.041 0.000  0.674 0.000
 94.25  95.25 9999.99 0.999 99.99 0.999 9.999 0.999 9.99 0.999 99.999 0.999 99.999 0.999 99.999 0.999 9999.99 0.999 999.999 0.999 999.999 0.999 999.999 0.999 9.999 0.999 99.999 0.999
 97.25  98.25   43.63 0.000  2.00 0.000 9.999 0.259 0.09 0.000  0.142 0.000  0.547 0.000  0.766 0.000 9999.99 0.259  10.895 0.000   6.946 0.000   3.949 0.000 0.047 0.000  0.400 0.000
100.25 101.25  102.36 0.000  2.82 0.000 0.022 0.000 0.12 0.000  0.147 0.000  2.885 0.000  4.038 0.000 9999.99 0.259  27.672 0.000  16.067 0.000  11.604 0.000 0.106 0.000  0.929 0.000
103.25 104.25   79.79 0.000  1.07 0.000 0.032 0.000 0.18 0.000  0.160 0.000  2.286 0.000  3.200 0.000 9999.99 0.259  24.847 0.000  15.319 0.000   9.528 0.000 0.111 0.000  0.631 0.000
106.25 107.25   16.55 0.000  1.60 0.000 9.999 0.259 0.14 0.000  0.837 0.000  0.723 0.000  1.013 0.000 9999.99 0.259  17.208 0.000   5.359 0.000  11.849 0.000 0.021 0.000  1.560 0.000
109.25 110.25   46.16 0.000  0.61 0.000 0.017 0.000 9.99 0.259  0.060 0.000  0.448 0.000  0.627 0.000 9999.99 0.259  22.044 0.000  19.070 0.000   2.974 0.000 0.023 0.000  0.266 0.000
112.25 113.25   38.86 0.000  3.11 0.000 0.012 0.000 9.99 0.259  0.184 0.000  1.253 0.000  1.754 0.000 9999.99 0.259  29.106 0.000  23.835 0.000   5.271 0.000 0.040 0.000  0.427 0.000
115.25 116.25   56.43 0.000  2.07 0.000 0.022 0.000 9.99 0.259  0.846 0.559  0.600 0.000  0.841 0.000 9999.99 0.259  15.846 0.000   8.829 0.000   7.018 0.000 0.041 0.000  0.270 0.559
118.25 119.25   25.16 0.000  1.67 0.000 9.999 0.259 9.99 0.259  0.213 0.559  0.723 0.000  1.012 0.000 9999.99 0.259   7.770 0.000   1.364 0.000   6.406 0.000 0.025 0.000  0.783 0.559
121.25 122.25   58.30 0.000  2.21 0.000 9.999 0.259 9.99 0.259  0.282 0.559  0.843 0.000  1.180 0.000 9999.99 0.259  13.501 0.000   8.314 0.000   5.186 0.000 0.034 0.000  0.584 0.559
124.25 125.25   18.67 0.000  0.65 0.000 9.999 0.259 9.99 0.259  0.237 0.559  0.561 0.000  0.785 0.000 9999.99 0.259  15.068 0.000  11.322 0.000   3.745 0.000 0.018 0.000  0.429 0.559
127.25 128.25   30.79 0.000  2.81 0.000 9.999 0.259 9.99 0.259  0.425 0.559  1.317 0.000  1.844 0.000 9999.99 0.259  16.408 0.000   6.982 0.000   9.426 0.000 0.036 0.000  1.303 0.559
130.25 131.25   21.32 0.000  0.88 0.000 9.999 0.259 9.99 0.259  0.091 0.559  0.348 0.000  0.488 0.000 9999.99 0.259   7.026 0.000   4.471 0.000   2.555 0.000 0.016 0.000  0.302 0.559
133.25 134.25    6.88 0.000  1.41 0.000 0.009 0.000 9.99 0.259  0.140 0.559  0.345 0.000  0.483 0.000 9999.99 0.259   7.300 0.000   3.665 0.000   3.635 0.000 0.005 0.000  0.602 0.559
136.25 137.25   66.52 0.000  2.82 0.000 0.018 0.000 9.99 0.259  0.084 0.559  0.859 0.000  1.202 0.000 9999.99 0.259  20.663 0.000  15.970 0.000   4.693 0.000 0.042 0.000  0.287 0.559
139.25 140.25   58.23 0.000  3.14 0.000 9.999 0.259 9.99 0.259  0.097 0.559  1.441 0.000  2.018 0.000 9999.99 0.259  18.878 0.000  12.675 0.000   6.203 0.000 0.054 0.000  0.386 0.559
142.25 143.25   75.20 0.000  3.92 0.000 9.999 0.259 9.99 0.259  0.135 0.559  1.938 0.000  2.714 0.000 9999.99 0.259  30.780 0.000  13.546 0.000  17.234 0.000 0.071 0.000  2.239 0.559
145.25 146.25   49.74 0.000  1.22 0.000 9.999 0.259 9.99 0.259  0.460 0.000  1.174 0.000  1.643 0.000 9999.99 0.259  19.453 0.000  12.589 0.000   6.864 0.000 0.037 0.000  0.677 0.000
148.25 149.25  108.09 0.000  1.39 0.000 9.999 0.259 0.32 0.000  0.135 0.559  1.587 0.000  2.221 0.000 9999.99 0.259  20.368 0.000  10.224 0.000  10.144 0.000 0.087 0.000  1.099 0.559
151.25 152.25   42.12 0.000  4.08 0.000 0.019 0.000 9.99 0.259  0.139 0.559  1.328 0.000  1.860 0.000 9999.99 0.259  18.996 0.000  12.598 0.000   6.398 0.000 0.035 0.000  0.532 0.559
154.25 155.25   74.26 0.000  1.37 0.000 0.014 0.000 9.99 0.259  0.042 0.559  1.120 0.000  1.568 0.000 9999.99 0.259  15.683 0.000   9.938 0.000   5.745 0.000 0.040 0.000  0.471 0.559
157.25 158.25   95.14 0.000  1.15 0.000 0.045 0.000 9.99 0.259  0.034 0.559  1.282 0.000  1.795 0.000   63.37 0.000  29.753 0.000  23.366 0.000   6.386 0.000 0.047 0.000  0.345 0.559
160.25 161.25   63.54 0.000  3.37 0.000 9.999 0.259 0.16 0.000  0.279 0.559  1.712 0.000  2.397 0.000  125.63 0.000  19.815 0.000  10.500 0.000   9.316 0.000 0.046 0.000  0.828 0.559
163.25 164.25   47.89 0.000  2.13 0.000 0.013 0.000 9.99 0.259  0.147 0.559  1.248 0.000  1.748 0.000 9999.99 0.259  15.841 0.000   9.750 0.000   6.090 0.000 0.037 0.000  0.572 0.559
166.25 167.25  105.09 0.000  1.97 0.000 0.053 0.000 0.26 0.000  0.066 0.559  3.006 0.000  4.208 0.000 9999.99 0.259  41.302 0.000  18.039 0.000  23.263 0.000 0.099 0.000  2.937 0.559
169.25 170.25   27.78 0.000  0.95 0.000 0.009 0.000 9.99 0.259  0.024 0.559  1.063 0.000  1.488 0.000 9999.99 0.259   9.070 0.000   5.492 0.000   3.578 0.000 0.025 0.000  0.278 0.559
172.25 173.25   26.52 0.000  1.80 0.000 0.008 0.000 9.99 0.259  0.042 0.559  0.962 0.000  1.347 0.000 9999.99 0.259  11.231 0.000   7.281 0.000   3.949 0.000 0.028 0.000  0.252 0.559
175.25 176.25   20.74 0.000  1.51 0.000 9.999 0.259 9.99 0.259  0.100 0.559  1.445 0.000  2.023 0.000 9999.99 0.259  13.686 0.000   8.266 0.000   5.420 0.000 0.038 0.000  0.339 0.559
178.25 179.25 9999.99 0.999 99.99 0.999 9.999 0.999 9.99 0.999 99.999 0.999 99.999 0.999 99.999 0.999 9999.99 0.999 999.999 0.999 999.999 0.999 999.999 0.999 9.999 0.999 99.999 0.999
181.25 182.25   61.13 0.000  3.75 0.000 9.999 0.259 9.99 0.259  0.034 0.559  2.559 0.000  4.607 0.000 9999.99 0.259  31.802 0.000  18.331 0.000  13.470 0.000 0.073 0.000  1.240 0.559
184.25 185.25   18.05 0.000  1.70 0.000 9.999 0.259 9.99 0.259  0.071 0.559  4.453 0.000  8.015 0.000 9999.99 0.259  21.178 0.000   8.591 0.000  12.587 0.000 0.193 0.000  0.412 0.559
187.25 188.25   57.58 0.000  2.93 0.000 9.999 0.259 9.99 0.259  0.088 0.559  1.941 0.000  3.493 0.000 9999.99 0.259  27.097 0.000  15.389 0.000  11.708 0.000 0.110 0.000  1.119 0.559
190.25 191.25   29.82 0.000  4.13 0.000 9.999 0.259 9.99 0.259  0.265 0.000  1.777 0.000  3.198 0.000 9999.99 0.259  15.691 0.000   3.448 0.000  12.243 0.000 0.048 0.000  1.344 0.000
193.25 194.25   82.75 0.000  1.76 0.000 9.999 0.259 0.13 0.000  0.175 0.559  0.891 0.000  1.605 0.000 9999.99 0.259  19.848 0.000  11.015 0.000   8.833 0.000 0.048 0.000  1.096 0.559
196.25 197.25   99.82 0.000  2.74 0.000 9.999 0.259 0.20 0.000  0.100 0.559  2.719 0.000  4.894 0.000 9999.99 0.259  22.981 0.000  10.766 0.000  12.215 0.000 0.110 0.000  0.914 0.559
199.25 200.25   87.29 0.000  1.40 0.000 9.999 0.259 9.99 0.259  0.040 0.559  2.617 0.000  4.710 0.000 9999.99 0.259  30.709 0.000  16.179 0.000  14.530 0.000 0.060 0.000  1.355 0.559
202.25 203.25   26.86 0.000  1.03 0.000 9.999 0.259 9.99 0.259  0.053 0.559  1.050 0.000  1.890 0.000 9999.99 0.259  12.196 0.000   8.124 0.000   4.072 0.000 0.032 0.000  0.204 0.559
205.25 206.25   78.91 0.000  2.55 0.000 9.999 0.259 0.12 0.000  0.045 0.559  2.277 0.000  4.098 0.000 9999.99 0.259  30.163 0.000  16.031 0.000  14.132 0.000 0.051 0.000  1.479 0.559
208.25 209.25 9999.99 0.999 99.99 0.999 9.999 0.999 9.99 0.999 99.999 0.999 99.999 0.999 99.999 0.999 9999.99 0.999 999.999 0.999 999.999 0.999 999.999 0.999 9.999 0.999 99.999 0.999
211.25 212.25 9999.99 0.999 99.99 0.999 9.999 0.999 9.99 0.999 99.999 0.999 99.999 0.999 99.999 0.999 9999.99 0.999 999.999 0.999 999.999 0.999 999.999 0.999 9.999 0.999 99.999 0.999
214.25 215.25   20.78 0.000  1.46 0.000 9.999 0.259 0.10 0.000  0.185 0.559  1.107 0.000  1.993 0.000 9999.99 0.259  13.203 0.000   7.166 0.000   6.037 0.000 0.028 0.000  0.615 0.559
217.25 218.25   65.65 0.000  1.81 0.000 0.016 0.000 9.99 0.259  0.075 0.559  0.840 0.000  1.513 0.000 9999.99 0.259  11.534 0.000   5.609 0.000   5.925 0.000 0.040 0.000  0.497 0.559
220.25 221.25   90.51 0.000  1.38 0.000 9.999 0.259 0.17 0.000  0.166 0.559  1.093 0.000  1.967 0.000 9999.99 0.259  22.198 0.000   9.180 0.000  13.018 0.000 0.048 0.000  1.645 0.559
223.25 224.25   46.45 0.000  2.58 0.000 9.999 0.259 0.18 0.000  0.169 0.559  1.033 0.000  1.860 0.000 9999.99 0.259  31.684 0.000   5.675 0.000  26.010 0.000 0.033 0.000  5.368 0.559
226.25 227.25   44.36 0.000  0.71 0.000 9.999 0.259 9.99 0.259  0.032 0.559  1.118 0.000  2.013 0.000 9999.99 0.259  12.233 0.000   7.614 0.000   4.619 0.000 0.028 0.000  0.284 0.559
229.25 230.25 9999.99 0.999 99.99 0.999 9.999 0.999 9.99 0.999 99.999 0.999 99.999 0.999 99.999 0.999 9999.99 0.999 999.999 0.999 999.999 0.999 999.999 0.999 9.999 0.999 99.999 0.999
232.25 233.25 9999.99 0.999 99.99 0.999 9.999 0.999 9.99 0.999 99.999 0.999 99.999 0.999 99.999 0.999 9999.99 0.999 999.999 0.999 999.999 0.999 999.999 0.999 9.999 0.999 99.999 0.999
235.25 236.25   72.32 0.000  5.56 0.000 9.999 0.259 9.99 0.259  0.091 0.559  1.273 0.000  2.292 0.000 9999.99 0.259  27.741 0.000  13.356 0.000  14.384 0.000 0.046 0.000  1.844 0.559
238.25 239.25   24.50 0.000  3.73 0.000 9.999 0.259 9.99 0.259  0.492 0.000  1.360 0.000  2.448 0.000 9999.99 0.259  20.256 0.000   6.231 0.000  14.025 0.000 0.058 0.000  1.957 0.000
241.25 242.25   21.73 0.000  2.21 0.000 9.999 0.259 9.99 0.259  0.057 0.000  1.106 0.000  1.990 0.000 9999.99 0.259  12.892 0.000   6.843 0.000   6.049 0.000 0.031 0.000  0.549 0.000
244.25 245.25   17.24 0.000  3.35 0.000 9.999 0.259 9.99 0.259  0.228 0.000  0.734 0.000  1.320 0.000 9999.99 0.259  15.140 0.000   7.008 0.000   8.132 0.000 0.020 0.000  1.202 0.000
247.25 248.25   16.70 0.000  1.80 0.000 9.999 0.259 9.99 0.259  0.100 0.559  0.894 0.000  1.610 0.000 9999.99 0.259  10.706 0.000   5.313 0.000   5.393 0.000 0.024 0.000  0.554 0.559
250.25 251.25   76.05 0.000  2.26 0.000 9.999 0.259 0.11 0.000  0.070 0.559  1.201 0.000  2.162 0.000 9999.99 0.259  24.425 0.000  15.699 0.000   8.726 0.000 0.045 0.000  0.926 0.559
253.25 254.25   10.36 0.000  1.21 0.000 9.999 0.259 9.99 0.259  0.296 0.559  0.665 0.000  1.196 0.000 9999.99 0.259  10.176 0.000   3.489 0.000   6.686 0.000 0.019 0.000  0.990 0.559
256.25 257.25   95.45 0.000  2.24 0.000 0.014 0.000 9.99 0.259  0.104 0.559  1.569 0.000  2.824 0.000    2.74 0.000  18.234 0.000  10.770 0.000   7.465 0.000 0.039 0.000  0.686 0.559
259.25 260.25   15.39 0.000  0.81 0.000 0.007 0.000 9.99 0.259  0.018 0.559  0.524 0.000  0.944 0.000 9999.99 0.259   8.188 0.000   6.250 0.000   1.938 0.000 0.017 0.000  0.146 0.559
