scripts/IMPROVE-2019_partial/data/US9071R.20020102070000.20191216000000.filterpack..pm25.52w.1w.US03L_filterpack_US9071.US03L_IMPROVE_Davis.lev2.nas
66 1001
MISSING INFORMATION
US03L, IMPROVE, , , , , , , 
MISSING INFORMATION
IMPROVE sel_HTAP
1 1
2002 01 01 2019 12 16
3.000000
days from file reference point
27
1 1 1 1 1 1 1 1 1 1 1 1 1 1 1 1 1 1 1 1 1 1 1 1 1 1 1
999.999999 9999.99 9.999999 99.99 9.999999 9.999 9.999999999 99.99 9.999999999 9.999 9.999 99.999 9.999 999.999 9.999 999.99 9.999999999 999.999 9.999 999.999 9.999 999.999 9.999 9.999 9.999999 9.999 9.999
end_time of measurement, days from the file reference point
iron, ng/m3, Revision date=20181210133000
numflag iron, no unit, Revision date=20181210133000
lead, ng/m3, Revision date=20181210133000
numflag lead, no unit, Revision date=20181210133000
magnesium, ug/m3, Revision date=20181210133000
numflag magnesium, no unit, Revision date=20181210133000
nickel, ng/m3, Revision date=20181210133000
numflag nickel, no unit, Revision date=20181210133000
nitrate, ug N/m3, Revision date=20181210133000
numflag nitrate, no unit, Revision date=20181210133000
organic_carbon, ug C/m3, Revision date=20181210133000
numflag organic_carbon, no unit, Revision date=20181210133000
organic_mass, ug/m3, Revision date=20181210133000
numflag organic_mass, no unit, Revision date=20181210133000
phosphorus, ng/m3, Revision date=20181210133000
numflag phosphorus, no unit, Revision date=20181210133000
pm10_mass, ug/m3, Version=2, Version description=Data extracted from http://views.cira.colostate.edu/fed/DataWizard 2019-12-16, Sample duration=1d, Orig. time res.=3d, Matrix=pm10, Blank correction=Blank corrected, Volume std. temperature=ambient, Volume std. pressure=ambient
numflag pm10_mass, no unit, Version=2, Version description=Data extracted from http://views.cira.colostate.edu/fed/DataWizard 2019-12-16, Sample duration=1d, Orig. time res.=3d, Matrix=pm10, Blank correction=Blank corrected, Volume std. temperature=ambient, Volume std. pressure=ambient
pm10_pm25_mass, ug/m3, Revision date=20181210133000, Matrix=pm10_pm25
numflag pm10_pm25_mass, no unit, Revision date=20181210133000, Matrix=pm10_pm25
pm25_mass, ug/m3, Version=2, Version description=Data extracted from http://views.cira.colostate.edu/fed/DataWizard 2019-12-16, Sample duration=1d, Orig. time res.=3d, Blank correction=Blank corrected, Volume std. temperature=ambient, Volume std. pressure=ambient
numflag pm25_mass, no unit, Version=2, Version description=Data extracted from http://views.cira.colostate.edu/fed/DataWizard 2019-12-16, Sample duration=1d, Orig. time res.=3d, Blank correction=Blank corrected, Volume std. temperature=ambient, Volume std. pressure=ambient
potassium, ug/m3, Revision date=20181210133000
numflag potassium, no unit, Revision date=20181210133000
sulphate_total, ug S/m3, Revision date=20181210133000
numflag sulphate_total, no unit, Revision date=20181210133000
0
25
Data definition:              EBAS_1.1
Set type code:                TU
Timezone:                     UTC
File name:                    US9071R.20020102070000.20191216000000.filterpack..pm25.52w.1w.US03L_filterpack_US9071.US03L_IMPROVE_Davis.lev2.nas
File creation:                20191218121024
Startdate:                    20020102070000
Revision date:                20191216000000
Statistics:                   arithmetic mean
Data level:                   2
Period code:                  52w
Resolution code:              1w
Station code:                 US9071R
Platform code:                US9071S
Station name:                 Wheeler Peak
Station latitude:             36.5854
Station longitude:            -105.452
Station altitude:             3366.0 m
Regime:                       IMG
Component:                    
Matrix:                       pm25
Laboratory code:              US03L
Instrument type:              filterpack
Instrument name:              filterpack_US9071
Method ref:                   US03L_IMPROVE_Davis
starttime endtime Fe flag_Fe Pb flag_Pb Mg++ flag_Mg++ Ni flag_Ni NO3- flag_NO3- OC flag_OC OM flag_OM P flag_P PM10 flag_PM10 PM10-PM2.5 flag_PM10-PM2.5 PM2.5 flag_PM2.5 K+ flag_K+ SO4-- flag_SO4--
[from data line 74]
223.291667 224.291667   29.29 0.000000  0.32 0.000000 9.999 0.259000000 99.99 0.259000000 0.033 0.000  1.574 0.000   2.204 0.000 999.99 0.259000000   6.548 0.000   2.633 0.000   3.914 0.000 0.038 0.000000 0.111 0.000
226.291667 227.291667   57.13 0.699000  0.22 0.699000 0.026 0.699000000 99.99 0.699259000 0.019 0.559  0.570 0.000   0.798 0.000 999.99 0.699259000   9.595 0.000   6.360 0.000   3.236 0.699 0.039 0.699000 0.104 0.559
229.291667 230.291667   69.82 0.699000  0.53 0.699000 9.999 0.699259000  0.18 0.699000000 0.036 0.699  1.134 0.000   1.588 0.000 999.99 0.699259000  10.478 0.000   5.091 0.000   5.386 0.699 0.058 0.699000 0.304 0.699
232.291667 233.291667   27.21 0.559000  0.22 0.559000 9.999 0.559259000  0.12 0.559000000 0.031 0.559  0.558 0.000   0.781 0.000 999.99 0.559259000   4.869 0.000   2.097 0.000   2.772 0.559 0.026 0.559000 0.217 0.559
235.291667 236.291667   22.81 0.000000  0.35 0.000000 9.999 0.259000000 99.99 0.259000000 0.021 0.000  0.470 0.000   0.658 0.000 999.99 0.259000000   4.873 0.000   2.517 0.000   2.357 0.000 0.023 0.000000 0.159 0.000
238.291667 239.291667   37.54 0.000000  0.32 0.000000 0.019 0.000000000  0.12 0.000000000 0.052 0.000  1.825 0.000   2.554 0.000 999.99 0.259000000   8.424 0.000   3.335 0.000   5.088 0.000 0.046 0.000000 0.198 0.000
241.291667 242.291667   31.91 0.000000  0.35 0.000000 0.029 0.000000000 99.99 0.259000000 0.035 0.000  0.639 0.000   0.894 0.000 999.99 0.259000000   5.637 0.000   2.822 0.000   2.815 0.000 0.030 0.000000 0.192 0.000
244.291667 245.291667   35.71 0.559000  0.67 0.559000 9.999 0.559259000 99.99 0.559259000 0.021 0.000  0.821 0.000   1.149 0.000 999.99 0.559259000   5.637 0.000   2.050 0.000   3.587 0.559 0.029 0.559000 0.354 0.000
247.291667 248.291667   24.41 0.559000  0.40 0.559000 9.999 0.559259000 99.99 0.559259000 0.025 0.000  0.896 0.000   1.255 0.000 999.99 0.559259000   5.553 0.000   1.837 0.000   3.716 0.559 0.031 0.559000 0.250 0.000
250.291667 251.291667    8.05 0.000000  0.29 0.000000 9.999 0.259000000 99.99 0.259000000 0.022 0.000  0.602 0.000   0.843 0.000 999.99 0.259000000   3.939 0.000   0.860 0.000   3.080 0.000 0.009 0.000000 0.401 0.000
253.291667 254.291667    1.48 0.000000  0.29 0.000000 9.999 0.259000000 99.99 0.259000000 0.009 0.000  0.161 0.000   0.225 0.000 999.99 0.259000000   0.863 0.000   0.190 0.000   0.673 0.000 0.003 0.000000 0.091 0.000
256.291667 257.291667   16.13 0.000000  0.66 0.000000 9.999 0.259000000 99.99 0.259000000 0.044 0.000  0.573 0.000   0.801 0.000  13.60 0.000000000   3.105 0.000   0.896 0.000   2.208 0.000 0.014 0.000000 0.204 0.000
259.291667 260.291667   32.06 0.000000  0.88 0.000000 0.033 0.000000000 99.99 0.259000000 0.062 0.559  0.457 0.000   0.639 0.000 999.99 0.259000000   8.229 0.000   5.101 0.000   3.128 0.000 0.026 0.000000 0.328 0.559
262.291667 263.291667    2.90 0.000000  0.27 0.000000 9.999 0.259000000 99.99 0.259000000 0.018 0.000  0.541 0.000   0.758 0.000 999.99 0.259000000   1.967 0.000   0.655 0.000   1.312 0.000 0.005 0.000000 0.090 0.000
265.291667 266.291667   58.20 0.000000  0.65 0.000000 9.999 0.259000000 99.99 0.259000000 0.027 0.000  0.676 0.000   0.946 0.000  15.13 0.000000000   4.777 0.000   1.993 0.000   2.784 0.000 0.023 0.000000 0.202 0.000
268.291667 269.291667   24.81 0.000000  0.82 0.000000 0.020 0.000000000 99.99 0.259000000 0.032 0.000  0.945 0.000   1.323 0.000  11.98 0.000000000   6.302 0.000   2.986 0.000   3.316 0.000 0.030 0.000000 0.252 0.000
271.291667 272.291667   11.47 0.000000  0.58 0.000000 0.012 0.000000000  0.08 0.000000000 0.036 0.000  0.998 0.000   1.397 0.000 999.99 0.259000000   3.390 0.000   1.076 0.000   2.315 0.000 0.010 0.000000 0.246 0.000
274.291667 275.291667   10.74 0.000000  0.56 0.000000 9.999 0.259000000 99.99 0.259000000 0.034 0.000  0.288 0.000   0.403 0.000 999.99 0.259000000   3.023 0.000   1.103 0.000   1.920 0.000 0.010 0.000000 0.252 0.000
277.291667 278.291667   21.02 0.000000  0.76 0.000000 9.999 0.259000000 99.99 0.259000000 0.032 0.000  1.114 0.000   1.560 0.000 999.99 0.259000000   5.219 0.000   1.843 0.000   3.376 0.000 0.022 0.000000 0.171 0.000
280.291667 281.291667   20.05 0.000000  0.85 0.000000 9.999 0.259000000 99.99 0.259000000 0.024 0.000  0.814 0.000   1.140 0.000 999.99 0.259000000   4.159 0.000   1.267 0.000   2.892 0.000 0.019 0.000000 0.308 0.000
283.291667 284.291667   23.21 0.559394  0.66 0.559394 0.015 0.559394000 99.99 0.559394259 0.026 0.394  1.222 0.000   1.710 0.000 999.99 0.559394259   6.271 0.000   2.971 0.000   3.300 0.559 0.023 0.559394 0.125 0.394
286.291667 287.291667   22.73 0.559000  0.39 0.559000 9.999 0.559259000  0.06 0.559000000 0.025 0.000  0.518 0.000   0.726 0.000 999.99 0.559259000   4.547 0.000   2.265 0.000   2.282 0.559 0.018 0.559000 0.151 0.000
289.291667 290.291667   32.25 0.000000  0.53 0.000000 9.999 0.259000000  0.08 0.000000000 0.038 0.000  0.624 0.000   0.873 0.000 999.99 0.259000000   6.303 0.000   3.360 0.000   2.943 0.000 0.034 0.000000 0.200 0.000
292.291667 293.291667   20.87 0.000000  0.53 0.000000 9.999 0.259000000  0.09 0.000000000 0.057 0.000  0.486 0.000   0.680 0.000 999.99 0.259000000   4.258 0.000   1.741 0.000   2.517 0.000 0.018 0.000000 0.229 0.000
295.291667 296.291667    4.97 0.000000  0.59 0.000000 9.999 0.259000000 99.99 0.259000000 0.017 0.000  0.120 0.000   0.168 0.000 999.99 0.259000000   1.705 0.000 999.999 0.259   1.854 0.000 0.008 0.000000 0.244 0.000
298.291667 299.291667   12.42 0.559394  1.31 0.559394 9.999 0.559394259  0.11 0.559394000 0.024 0.394  0.294 0.000   0.412 0.000 999.99 0.559394259   2.518 0.000   0.510 0.000   2.008 0.559 0.018 0.559394 0.231 0.394
301.291667 302.291667   10.25 0.000000  0.50 0.000000 9.999 0.259000000  0.15 0.000000000 0.037 0.559  0.152 0.000   0.213 0.000 999.99 0.259000000   1.381 0.000   0.061 0.000   1.320 0.000 0.009 0.000000 0.135 0.559
304.291667 305.291667   21.60 0.000000  0.85 0.000000 9.999 0.259000000  0.09 0.000000000 0.110 0.000  0.305 0.000   0.427 0.000 999.99 0.259000000   3.679 0.000   1.406 0.000   2.273 0.000 0.016 0.000000 0.282 0.000
307.291667 308.291667   11.30 0.000000  0.25 0.000000 9.999 0.259000000  0.13 0.000000000 0.015 0.000  0.186 0.000   0.260 0.000 999.99 0.259000000   3.788 0.000   2.374 0.000   1.414 0.000 0.009 0.000000 0.151 0.000
310.291667 311.291667    5.50 0.000000  0.29 0.000000 9.999 0.259000000 99.99 0.259000000 0.007 0.000  0.184 0.000   0.257 0.000 999.99 0.259000000   1.649 0.000   0.744 0.000   0.904 0.000 0.005 0.000000 0.046 0.000
313.291667 314.291667    3.85 0.000000  0.16 0.000000 9.999 0.259000000  0.13 0.000000000 0.008 0.000  0.148 0.000   0.207 0.000 999.99 0.259000000   2.879 0.000   2.087 0.000   0.793 0.000 0.003 0.000000 0.097 0.000
316.291667 317.291667    0.98 0.000000  0.11 0.000000 9.999 0.259000000 99.99 0.259000000 0.002 0.000  0.018 0.000   0.026 0.000 999.99 0.259000000   0.586 0.000   0.123 0.000   0.463 0.000 0.001 0.000000 0.009 0.000
319.291667 320.291667    5.02 0.000000  0.36 0.000000 9.999 0.259000000 99.99 0.259000000 0.004 0.000  0.171 0.000   0.239 0.000 999.99 0.259000000   4.464 0.000   3.360 0.000   1.105 0.000 0.008 0.000000 0.108 0.000
322.291667 323.291667    8.99 0.000000  0.36 0.000000 9.999 0.259000000 99.99 0.259000000 0.008 0.000  0.109 0.000   0.152 0.000 999.99 0.259000000   2.150 0.000   1.320 0.000   0.830 0.000 0.010 0.000000 0.057 0.000
325.291667 326.291667    3.98 0.000000  0.16 0.000000 9.999 0.259000000 99.99 0.259000000 0.004 0.000  0.143 0.000   0.200 0.000 999.99 0.259000000   2.604 0.000   1.795 0.000   0.810 0.000 0.004 0.000000 0.037 0.000
328.291667 329.291667   22.80 0.559000  0.71 0.559000 9.999 0.559259000 99.99 0.559259000 0.118 0.000  0.657 0.000   0.920 0.000 999.99 0.559259000   4.882 0.000   2.051 0.000   2.832 0.559 0.019 0.559000 0.173 0.000
331.291667 332.291667    3.62 0.000000  0.19 0.000000 0.008 0.000000000 99.99 0.259000000 0.004 0.000 99.999 0.259 999.999 0.259 999.99 0.259000000   0.846 0.000   0.534 0.000   0.312 0.000 0.003 0.000000 0.020 0.000
334.291667 335.291667    3.81 0.000000  0.22 0.000000 9.999 0.259000000  0.09 0.000000000 0.050 0.699  0.410 0.000   0.574 0.000 999.99 0.259000000   4.277 0.000   3.072 0.000   1.205 0.000 0.005 0.000000 0.138 0.699
337.291667 338.291667    2.67 0.000000  0.14 0.000000 9.999 0.259000000 99.99 0.259000000 0.025 0.000  0.187 0.000   0.262 0.000 999.99 0.259000000   1.355 0.000   0.229 0.000   1.126 0.000 0.003 0.000000 0.123 0.000
340.291667 341.291667    3.53 0.000000  0.15 0.000000 0.018 0.000000000 99.99 0.259000000 0.006 0.000  0.175 0.000   0.245 0.000 999.99 0.259000000   1.529 0.000   1.024 0.000   0.505 0.000 0.003 0.000000 0.033 0.000
343.291667 344.291667   10.18 0.000000  0.12 0.000000 0.025 0.000000000 99.99 0.259000000 0.009 0.000  0.178 0.000   0.249 0.000 999.99 0.259000000   1.323 0.000   0.656 0.000   0.667 0.000 0.007 0.000000 0.041 0.000
346.291667 347.291667   12.21 0.000000  0.16 0.000000 0.017 0.000000000 99.99 0.259000000 0.009 0.000  0.171 0.000   0.239 0.000 999.99 0.259000000   1.777 0.000   1.037 0.000   0.741 0.000 0.009 0.000000 0.048 0.000
349.291667 350.291667   65.58 0.000000  0.56 0.000000 0.036 0.000000000 99.99 0.259000000 0.031 0.000  0.290 0.000   0.407 0.000 999.99 0.259000000   7.151 0.000   4.620 0.000   2.531 0.000 0.045 0.000000 0.090 0.000
352.291667 353.291667    3.02 0.000000  0.28 0.000000 0.017 0.000000000  0.10 0.000000000 0.031 0.000  0.256 0.000   0.358 0.000 999.99 0.259000000   1.199 0.000   0.396 0.000   0.802 0.000 0.004 0.000000 0.069 0.000
355.291667 356.291667    3.12 0.000000  0.26 0.000000 0.019 0.000000000 99.99 0.259000000 0.015 0.000  0.111 0.000   0.155 0.000   4.69 0.000000000   1.901 0.000   1.222 0.000   0.679 0.000 0.006 0.000000 0.049 0.000
358.291667 359.291667    3.67 0.000000  0.14 0.000000 0.017 0.000000000 99.99 0.259000000 0.010 0.000  0.369 0.000   0.517 0.000 999.99 0.259000000   2.150 0.000   0.390 0.000   1.759 0.000 0.005 0.000000 0.249 0.000
361.291667 362.291667    2.41 0.000000  0.09 0.000000 0.024 0.000000000 99.99 0.259000000 0.001 0.000  0.174 0.000   0.243 0.000 999.99 0.259000000   0.554 0.000   0.240 0.000   0.315 0.000 0.005 0.000000 0.032 0.000
364.291667 365.291667    3.32 0.000000  0.13 0.000000 9.999 0.259000000  0.16 0.000000000 0.002 0.000  0.151 0.000   0.211 0.000 999.99 0.259000000   2.931 0.000   2.557 0.000   0.375 0.000 0.003 0.000000 0.030 0.000
