scripts/IMPROVE-2019_partial/data/US9071R.20160101070000.20191216000000.filterpack...52w.3d.US03L_filterpack_US9071.US03L_IMPROVE_Davis.lev2.nas
52 1001
MISSING INFORMATION
US03L, IMPROVE, , , , , , , 
MISSING INFORMATION
IMPROVE sel_HTAP
1 1
2016 01 01 2019 12 16
3.000000
days from file reference point
5
1 1 1 1 1
999.999999 999.999 9.999 99.999 9.999
end_time of measurement, days from the file reference point
pm10_mass, ug/m3, Matrix=pm10
numflag pm10_mass, no unit, Matrix=pm10
pm25_mass, ug/m3, Matrix=pm25
numflag pm25_mass, no unit, Matrix=pm25
0
33
Data definition:              EBAS_1.1
Set type code:                TU
Timezone:                     UTC
File name:                    US9071R.20160101070000.20191216000000.filterpack...52w.3d.US03L_filterpack_US9071.US03L_IMPROVE_Davis.lev2.nas
File creation:                20191218121026
Startdate:                    20160101070000
Revision date:                20191216000000
Version:                      2
Version description:          "Data extracted from http://views.cira.colostate.edu/fed/DataWizard 2019-12-16"
Statistics:                   arithmetic mean
Data level:                   2
Period code:                  52w
Resolution code:              3d
Sample duration:              1d
Orig. time res.:              3d
Station code:                 US9071R
Platform code:                US9071S
Station name:                 Wheeler Peak
Station latitude:             36.5854
Station longitude:            -105.452
Station altitude:             3366.0 m
Regime:                       IMG
Component:                    
Unit:                         ug/m3
Matrix:                       
Laboratory code:              US03L
Instrument type:              filterpack
Instrument name:              filterpack_US9071
Method ref:                   US03L_IMPROVE_Davis
Blank correction:             Blank corrected
Volume std. temperature:      ambient
Volume std. pressure:         ambient
starttime endtime PM10 flag_PM10 PM2.5 flag_PM2.5
  0.291667   1.291667   3.715 0.000  2.775 0.659
  3.291667   4.291667   2.040 0.000  1.437 0.659
  6.291667   7.291667   1.045 0.000  0.307 0.659
  9.291667  10.291667   2.337 0.000  1.076 0.659
 12.291667  13.291667   0.936 0.000  0.563 0.659
 15.291667  16.291667   1.420 0.000  0.423 0.659
 18.291667  19.291667   1.878 0.000  1.552 0.659
 21.291667  22.291667   0.936 0.000  0.663 0.659
 24.291667  25.291667   2.148 0.000  2.093 0.659
 27.291667  28.291667   1.435 0.000  1.409 0.659
 30.291667  31.291667   3.664 0.000  2.219 0.659
 33.291667  34.291667   1.696 0.000  1.277 0.659
 36.291667  37.291667   2.487 0.000  1.679 0.659
 39.291667  40.291667   1.727 0.000  0.792 0.659
 42.291667  43.291667   3.209 0.000  1.764 0.659
 45.291667  46.291667   1.341 0.000  0.874 0.659
 48.291667  49.291667   7.119 0.000  1.867 0.659
 51.291667  52.291667   7.111 0.000  4.041 0.659
 54.291667  55.291667   1.991 0.000  1.073 0.659
 57.291667  58.291667   3.316 0.000  1.792 0.659
 60.291667  61.291667   2.175 0.000  1.384 0.659
 63.291667  64.291667   4.899 0.000  2.618 0.659
 66.291667  67.291667   3.720 0.000  2.060 0.659
 69.291667  70.291667   2.855 0.000  2.658 0.659
 72.291667  73.291667   3.657 0.000  2.537 0.659
 75.291667  76.291667   7.417 0.000  4.306 0.659
 78.291667  79.291667   3.593 0.000  2.184 0.659
 81.291667  82.291667  23.685 0.000  4.931 0.659
 84.291667  85.291667   4.197 0.000  2.368 0.659
 87.291667  88.291667   6.198 0.000  3.419 0.659
 90.291667  91.291667   2.291 0.000  1.716 0.659
 93.291667  94.291667   3.661 0.000  3.223 0.659
 96.291667  97.291667   2.405 0.000  1.423 0.000
 99.291667 100.291667 999.999 0.999 99.999 0.999
102.291667 103.291667 999.999 0.999 99.999 0.999
105.291667 106.291667   4.463 0.000  2.821 0.000
108.291667 109.291667   1.124 0.000  0.841 0.000
111.291667 112.291667   2.383 0.000  1.798 0.000
114.291667 115.291667   4.187 0.000  1.910 0.000
117.291667 118.291667   1.672 0.000  1.285 0.000
120.291667 121.291667 999.999 0.999 99.999 0.999
123.291667 124.291667 999.999 0.999 99.999 0.999
126.291667 127.291667 999.999 0.999 99.999 0.999
129.291667 130.291667   1.292 0.000  1.299 0.000
132.291667 133.291667   2.759 0.000  2.519 0.000
135.291667 136.291667   3.430 0.000  2.787 0.000
138.291667 139.291667   0.416 0.000  0.523 0.000
141.291667 142.291667   6.543 0.000  2.599 0.000
144.291667 145.291667   4.634 0.000  2.097 0.000
147.291667 148.291667   3.318 0.000  2.530 0.000
150.291667 151.291667   6.773 0.000  4.233 0.000
153.291667 154.291667   3.940 0.000  3.422 0.000
156.291667 157.291667   4.777 0.000  3.184 0.000
159.291667 160.291667   9.105 0.000  5.773 0.000
162.291667 163.291667   6.133 0.000  4.278 0.000
165.291667 166.291667   5.798 0.000  2.896 0.000
168.291667 169.291667   5.815 0.000  2.402 0.000
171.291667 172.291667   8.644 0.000  5.599 0.000
174.291667 175.291667   7.596 0.000  4.840 0.000
177.291667 178.291667   5.954 0.000  3.728 0.000
180.291667 181.291667   4.166 0.000  2.910 0.000
183.291667 184.291667   1.560 0.000  1.276 0.000
186.291667 187.291667   4.552 0.000  2.657 0.000
189.291667 190.291667  14.281 0.000  4.377 0.000
192.291667 193.291667   5.208 0.000  2.157 0.000
195.291667 196.291667   6.881 0.000  3.941 0.000
198.291667 199.291667   8.515 0.000  4.629 0.000
201.291667 202.291667   5.806 0.000  3.521 0.000
204.291667 205.291667   3.156 0.000  2.257 0.000
207.291667 208.291667   3.054 0.000  2.420 0.000
210.291667 211.291667   5.816 0.000  3.790 0.000
213.291667 214.291667   2.483 0.000  1.798 0.000
216.291667 217.291667   2.555 0.000  1.570 0.000
219.291667 220.291667   2.317 0.000  1.706 0.000
222.291667 223.291667   3.703 0.000  2.905 0.000
225.291667 226.291667   3.558 0.000  2.473 0.000
228.291667 229.291667   3.929 0.000  2.792 0.000
231.291667 232.291667   2.407 0.000  1.983 0.000
234.291667 235.291667   1.786 0.000  1.376 0.000
237.291667 238.291667   4.055 0.000  2.620 0.000
240.291667 241.291667   1.959 0.000  1.263 0.000
243.291667 244.291667   1.714 0.000  1.050 0.000
246.291667 247.291667   2.869 0.000  2.026 0.000
249.291667 250.291667   4.102 0.000  3.014 0.000
252.291667 253.291667 999.999 0.999 99.999 0.999
255.291667 256.291667   4.967 0.000  2.020 0.000
258.291667 259.291667   3.378 0.000  2.149 0.000
261.291667 262.291667   3.557 0.000  2.360 0.000
264.291667 265.291667   3.038 0.000  2.480 0.000
267.291667 268.291667   9.586 0.000  3.750 0.000
270.291667 271.291667   2.455 0.000  1.383 0.000
273.291667 274.291667   2.380 0.000  1.479 0.000
276.291667 277.291667   2.647 0.000  1.633 0.000
279.291667 280.291667   4.461 0.000  2.055 0.000
282.291667 283.291667   1.874 0.000  1.315 0.000
285.291667 286.291667   3.879 0.000  1.963 0.000
288.291667 289.291667   4.518 0.000  2.572 0.000
291.291667 292.291667   3.331 0.000  1.519 0.000
294.291667 295.291667   4.144 0.000  1.833 0.000
297.291667 298.291667   5.353 0.000  2.709 0.000
300.291667 301.291667   4.143 0.000  2.505 0.000
303.291667 304.291667   2.890 0.000  2.368 0.000
306.291667 307.291667   4.643 0.000  2.791 0.000
309.291667 310.291667   1.289 0.000  1.074 0.000
312.291667 313.291667   3.534 0.000  2.355 0.000
315.291667 316.291667   4.753 0.000  2.546 0.000
318.291667 319.291667   4.194 0.000  2.608 0.000
321.291667 322.291667   7.267 0.000  2.942 0.000
324.291667 325.291667   1.451 0.000  1.187 0.000
327.291667 328.291667   1.158 0.000  1.139 0.000
330.291667 331.291667 999.999 0.999 99.999 0.999
333.291667 334.291667   0.591 0.000  0.671 0.000
336.291667 337.291667   3.626 0.000  1.966 0.000
339.291667 340.291667   1.438 0.000  0.664 0.000
342.291667 343.291667   3.300 0.000  1.490 0.000
345.291667 346.291667   2.644 0.000  0.941 0.000
348.291667 349.291667   0.964 0.000  0.561 0.000
351.291667 352.291667   0.888 0.000  0.227 0.000
354.291667 355.291667   1.127 0.000  0.403 0.000
357.291667 358.291667 999.999 0.999 99.999 0.999
360.291667 361.291667 999.999 0.999 99.999 0.999
363.291667 364.291667   2.008 0.000  1.067 0.000
