scripts/IMPROVE-2019_partial/data/US9033R.20140102060000.20191216000000.filterpack...52w.3d.US03L_filterpack_US9033.US03L_IMPROVE_Davis.lev2.nas
52 1001
MISSING INFORMATION
US03L, IMPROVE, , , , , , , 
MISSING INFORMATION
IMPROVE sel_HTAP
1 1
2014 01 01 2019 12 16
3.00
days from file reference point
5
1 1 1 1 1
999.99 999.999 9.999 999.999 9.999
end_time of measurement, days from the file reference point
pm10_mass, ug/m3, Matrix=pm10
numflag pm10_mass, no unit, Matrix=pm10
pm25_mass, ug/m3, Matrix=pm25
numflag pm25_mass, no unit, Matrix=pm25
0
33
Data definition:              EBAS_1.1
Set type code:                TU
Timezone:                     UTC
File name:                    US9033R.20140102060000.20191216000000.filterpack...52w.3d.US03L_filterpack_US9033.US03L_IMPROVE_Davis.lev2.nas
File creation:                20191218120728
Startdate:                    20140102060000
Revision date:                20191216000000
Version:                      2
Version description:          "Data extracted from http://views.cira.colostate.edu/fed/DataWizard 2019-12-16"
Statistics:                   arithmetic mean
Data level:                   2
Period code:                  52w
Resolution code:              3d
Sample duration:              1d
Orig. time res.:              3d
Station code:                 US9033R
Platform code:                US9033S
Station name:                 Sipsy Wilderness
Station latitude:             34.3433
Station longitude:            -87.3388
Station altitude:             286.0 m
Regime:                       IMG
Component:                    
Unit:                         ug/m3
Matrix:                       
Laboratory code:              US03L
Instrument type:              filterpack
Instrument name:              filterpack_US9033
Method ref:                   US03L_IMPROVE_Davis
Blank correction:             Blank corrected
Volume std. temperature:      ambient
Volume std. pressure:         ambient
starttime endtime PM10 flag_PM10 PM2.5 flag_PM2.5
  1.25   2.25   5.914 0.000   4.738 0.000
  4.25   5.25   8.830 0.000   6.741 0.000
  7.25   8.25   4.552 0.000   2.746 0.000
 10.25  11.25   3.326 0.000   1.770 0.000
 13.25  14.25   3.886 0.000   2.101 0.000
 16.25  17.25  10.592 0.000   3.059 0.000
 19.25  20.25  11.336 0.000   4.350 0.000
 22.25  23.25   9.393 0.000   4.563 0.000
 25.25  26.25  13.648 0.000   9.029 0.000
 28.25  29.25 999.999 0.999 999.999 0.999
 31.25  32.25   7.982 0.000   5.724 0.000
 34.25  35.25   7.392 0.000   6.471 0.000
 37.25  38.25  14.362 0.000  12.184 0.000
 40.25  41.25  12.297 0.000  10.469 0.000
 43.25  44.25  10.643 0.000   9.526 0.000
 46.25  47.25   5.130 0.000   3.662 0.000
 49.25  50.25  13.829 0.000  10.114 0.000
 52.25  53.25   3.183 0.000   1.910 0.000
 55.25  56.25 999.999 0.456   4.087 0.000
 58.25  59.25 999.999 0.456   8.498 0.000
 61.25  62.25 999.999 0.456   5.528 0.000
 64.25  65.25   8.684 0.000   6.547 0.000
 67.25  68.25  16.325 0.000  13.915 0.000
 70.25  71.25 999.999 0.999 999.999 0.999
 73.25  74.25  18.758 0.000  14.708 0.000
 76.25  77.25  10.293 0.000   8.324 0.000
 79.25  80.25  10.723 0.000   6.880 0.000
 82.25  83.25   8.711 0.000   6.049 0.000
 85.25  86.25 999.999 0.999 999.999 0.999
 88.25  89.25   7.289 0.000   6.096 0.000
 91.25  92.25  20.896 0.000  15.917 0.000
 94.25  95.25   5.983 0.000   4.236 0.000
 97.25  98.25   7.093 0.000   5.776 0.000
100.25 101.25  10.609 0.000   6.334 0.000
103.25 104.25   9.464 0.000   4.983 0.000
106.25 107.25  16.254 0.000   6.179 0.000
109.25 110.25  16.555 0.000   9.070 0.000
112.25 113.25  25.707 0.000   5.631 0.000
115.25 116.25  10.833 0.000   5.047 0.000
118.25 119.25  18.443 0.000   6.520 0.000
121.25 122.25   8.644 0.000   3.139 0.000
124.25 125.25  16.780 0.000   7.546 0.000
127.25 128.25 999.999 0.999 999.999 0.999
130.25 131.25  12.137 0.000   8.977 0.000
133.25 134.25  10.594 0.000   6.117 0.000
136.25 137.25   8.050 0.000   5.213 0.000
139.25 140.25  17.125 0.000  10.021 0.000
142.25 143.25  14.969 0.000   9.314 0.000
145.25 146.25  22.413 0.000  17.555 0.000
148.25 149.25 999.999 0.999 999.999 0.999
151.25 152.25  11.633 0.000   6.052 0.000
154.25 155.25  24.914 0.000   6.407 0.000
157.25 158.25   8.018 0.000   4.465 0.000
160.25 161.25   8.066 0.000   3.969 0.000
163.25 164.25   9.764 0.000   6.338 0.000
166.25 167.25  19.760 0.000  13.029 0.000
169.25 170.25  19.134 0.000  11.667 0.000
172.25 173.25  12.262 0.000   7.475 0.000
175.25 176.25 999.999 0.999 999.999 0.999
178.25 179.25 999.999 0.999 999.999 0.999
181.25 182.25  68.427 0.000  27.251 0.000
184.25 185.25  12.110 0.000   7.343 0.000
187.25 188.25  16.753 0.000  13.636 0.000
190.25 191.25  27.937 0.000   9.158 0.000
193.25 194.25  35.585 0.000  13.084 0.000
196.25 197.25   9.687 0.000   6.737 0.000
199.25 200.25   7.301 0.000   4.810 0.000
202.25 203.25   9.248 0.000   6.186 0.000
205.25 206.25  13.084 0.000   9.583 0.000
208.25 209.25  15.528 0.000   8.169 0.000
211.25 212.25  17.289 0.000  12.885 0.000
214.25 215.25  12.201 0.000   9.222 0.000
217.25 218.25 999.999 0.999 999.999 0.999
220.25 221.25   7.627 0.000   5.299 0.000
223.25 224.25  13.849 0.000   9.713 0.000
226.25 227.25  16.091 0.000  11.505 0.000
229.25 230.25  13.522 0.000   7.920 0.000
232.25 233.25  24.549 0.000  14.315 0.000
235.25 236.25  12.088 0.000   7.850 0.000
238.25 239.25 999.999 0.999 999.999 0.999
241.25 242.25  11.629 0.000   8.821 0.000
244.25 245.25  14.835 0.000   8.336 0.000
247.25 248.25  13.850 0.000   9.715 0.000
250.25 251.25  16.390 0.000  11.474 0.000
253.25 254.25   7.893 0.000   5.020 0.000
256.25 257.25   7.667 0.000   5.412 0.000
259.25 260.25 999.999 0.999 999.999 0.999
262.25 263.25  10.243 0.000   6.100 0.000
265.25 266.25   9.034 0.000   4.072 0.000
268.25 269.25   7.199 0.000   4.159 0.000
271.25 272.25  13.509 0.000   6.689 0.000
274.25 275.25  11.031 0.000   6.956 0.000
277.25 278.25   6.494 0.000   3.267 0.000
280.25 281.25 999.999 0.999 999.999 0.999
283.25 284.25   6.248 0.000   3.496 0.000
286.25 287.25 999.999 0.456 999.999 0.456
289.25 290.25   9.109 0.000   4.954 0.000
292.25 293.25   5.329 0.000   3.508 0.000
295.25 296.25   6.669 0.000   3.896 0.000
298.25 299.25  19.153 0.000  14.356 0.000
301.25 302.25   7.757 0.000   4.508 0.000
304.25 305.25   6.550 0.000   2.145 0.000
307.25 308.25  14.478 0.000   9.469 0.000
310.25 311.25 999.999 0.999 999.999 0.999
313.25 314.25   8.080 0.000   5.224 0.000
316.25 317.25  16.749 0.000  11.425 0.000
319.25 320.25  13.956 0.000  10.728 0.000
322.25 323.25   6.220 0.000   4.135 0.000
325.25 326.25  12.309 0.000   8.096 0.000
328.25 329.25   4.530 0.000   2.826 0.000
331.25 332.25 999.999 0.999 999.999 0.999
334.25 335.25 999.999 0.999 999.999 0.999
337.25 338.25   9.689 0.000   6.561 0.000
340.25 341.25   7.395 0.000   5.668 0.000
343.25 344.25   7.263 0.000   5.239 0.000
346.25 347.25  13.570 0.000  10.087 0.000
349.25 350.25   8.097 0.000   5.509 0.000
352.25 353.25  12.504 0.000   9.023 0.000
355.25 356.25   5.757 0.000   4.559 0.000
358.25 359.25 999.999 0.999 999.999 0.999
361.25 362.25 999.999 0.999 999.999 0.999
364.25 365.25 999.999 0.999 999.999 0.999
