scripts/IMPROVE-2019_partial/data/US9038R.19890104070000.20191216000000.filterpack...1y.3d.US03L_filterpack_US9038.US03L_IMPROVE_Davis.lev2.nas
51 1001
MISSING INFORMATION
US03L, IMPROVE, , , , , , , 
MISSING INFORMATION
IMPROVE sel_HTAP
1 1
1989 01 01 2019 12 16
0
days from file reference point
4
1 1 1 1
999.999999 999.999 999.999 9.999
end_time of measurement, days from the file reference point
pm10_mass, ug/m3, Matrix=pm10
pm25_mass, ug/m3, Matrix=pm25
numflag, no unit
0
33
Data definition:              EBAS_1.1
Set type code:                TI
Timezone:                     UTC
File name:                    US9038R.19890104070000.20191216000000.filterpack...1y.3d.US03L_filterpack_US9038.US03L_IMPROVE_Davis.lev2.nas
File creation:                20191218120755
Startdate:                    19890104070000
Revision date:                20191216000000
Version:                      2
Version description:          "Data extracted from http://views.cira.colostate.edu/fed/DataWizard 2019-12-16"
Statistics:                   arithmetic mean
Data level:                   2
Period code:                  1y
Resolution code:              3d
Sample duration:              1d
Orig. time res.:              3d
Station code:                 US9038R
Platform code:                US9038S
Station name:                 Saguaro NM
Station latitude:             32.1746
Station longitude:            -110.7371
Station altitude:             941.0 m
Regime:                       IMG
Component:                    
Unit:                         ug/m3
Matrix:                       
Laboratory code:              US03L
Instrument type:              filterpack
Instrument name:              filterpack_US9038
Method ref:                   US03L_IMPROVE_Davis
Blank correction:             Blank corrected
Volume std. temperature:      ambient
Volume std. pressure:         ambient
starttime endtime PM10 PM2.5 flag
  3.291667   4.291667 999.999 999.999 0.999
  6.291667   7.291667 999.999 999.999 0.999
 10.291667  11.291667   9.874   4.594 0.000
 13.291667  14.291667  15.175   6.070 0.000
 17.291667  18.291667 999.999 999.999 0.999
 20.291667  21.291667  12.510   6.325 0.000
 24.291667  25.291667   6.500 999.999 0.000
 27.291667  28.291667   7.922   5.976 0.000
 31.291667  32.291667   7.327   3.356 0.000
 34.291667  35.291667   6.765   2.318 0.000
 38.291667  39.291667  15.310   8.481 0.000
 41.291667  42.291667 999.999 999.999 0.999
 45.291667  46.291667  14.598 999.999 0.000
 48.291667  49.291667   9.036   4.212 0.000
 52.291667  53.291667  12.034 999.999 0.000
 55.291667  56.291667  26.284   7.418 0.000
 59.291667  60.291667 999.999   5.500 0.000
 62.291667  63.291667  17.490   4.317 0.000
 66.291667  67.291667 999.999 999.999 0.999
 69.291667  70.291667  31.278  10.397 0.000
 73.291667  74.291667  28.185  11.266 0.000
 76.291667  77.291667  28.014   9.308 0.000
 80.291667  81.291667 999.999 999.999 0.999
 83.291667  84.291667 999.999 999.999 0.999
 87.291667  88.291667  10.738   5.094 0.000
 90.291667  91.291667  12.747   4.340 0.000
 94.291667  95.291667   9.008   3.549 0.000
 97.291667  98.291667  13.958   4.172 0.000
101.291667 102.291667  15.076   6.118 0.000
104.291667 105.291667  19.547   8.044 0.000
108.291667 109.291667  18.398 999.999 0.000
111.291667 112.291667  14.894   7.120 0.000
115.291667 116.291667  12.239   4.907 0.000
118.291667 119.291667  17.657   6.781 0.000
122.291667 123.291667 999.999   7.055 0.000
125.291667 126.291667  19.259   8.715 0.000
129.291667 130.291667  16.800   5.365 0.000
132.291667 133.291667  19.929   7.692 0.000
136.291667 137.291667  12.095   5.248 0.000
139.291667 140.291667  15.124   7.281 0.000
143.291667 144.291667  13.469   5.559 0.000
146.291667 147.291667  15.664   7.075 0.000
150.291667 151.291667  25.171   9.342 0.000
153.291667 154.291667  15.630   6.349 0.000
157.291667 158.291667 999.999 999.999 0.999
160.291667 161.291667 999.999 999.999 0.999
164.291667 165.291667 999.999 999.999 0.999
167.291667 168.291667  23.978   9.799 0.000
171.291667 172.291667 999.999  13.231 0.000
174.291667 175.291667 999.999  12.196 0.000
178.291667 179.291667  18.770  10.841 0.000
181.291667 182.291667  12.308   5.765 0.000
185.291667 186.291667  46.404  11.624 0.000
188.291667 189.291667  20.116   9.373 0.000
192.291667 193.291667  27.438  12.270 0.000
195.291667 196.291667  17.111   9.610 0.000
199.291667 200.291667  12.992   5.492 0.000
202.291667 203.291667   9.135   5.144 0.000
206.291667 207.291667   7.769   5.149 0.000
209.291667 210.291667 999.999   7.057 0.000
213.291667 214.291667  11.519   4.728 0.000
216.291667 217.291667  10.843   4.490 0.000
220.291667 221.291667 999.999   4.920 0.000
223.291667 224.291667 999.999   4.058 0.000
227.291667 228.291667  15.234   6.773 0.000
230.291667 231.291667  12.031   7.061 0.000
234.291667 235.291667  10.675   3.581 0.000
237.291667 238.291667   8.571   7.441 0.000
241.291667 242.291667 999.999 999.999 0.999
244.291667 245.291667 999.999 999.999 0.999
248.291667 249.291667  11.331   4.952 0.000
251.291667 252.291667 999.999   3.679 0.000
255.291667 256.291667 999.999 999.999 0.999
258.291667 259.291667 999.999 999.999 0.999
262.291667 263.291667 999.999 999.999 0.999
265.291667 266.291667 999.999 999.999 0.999
269.291667 270.291667  11.545   4.232 0.000
272.291667 273.291667  13.715 999.999 0.000
276.291667 277.291667   7.625   4.006 0.000
279.291667 280.291667   8.268   4.406 0.000
283.291667 284.291667  12.251   5.031 0.000
286.291667 287.291667  11.344   4.811 0.000
290.291667 291.291667  22.294   7.247 0.000
293.291667 294.291667   4.739   3.240 0.000
297.291667 298.291667  12.477   4.455 0.000
300.291667 301.291667  23.017   6.084 0.000
304.291667 305.291667  27.566   9.010 0.000
307.291667 308.291667  22.963   8.860 0.000
311.291667 312.291667  23.142   8.350 0.000
314.291667 315.291667  19.095   7.443 0.000
318.291667 319.291667  17.949   7.613 0.000
321.291667 322.291667  16.932   6.548 0.000
325.291667 326.291667  11.200   5.387 0.000
328.291667 329.291667  11.632   4.839 0.000
332.291667 333.291667  45.307 999.999 0.000
335.291667 336.291667  18.590   4.856 0.000
339.291667 340.291667  23.798   7.986 0.000
342.291667 343.291667  15.438   5.017 0.000
346.291667 347.291667  28.689   9.275 0.000
349.291667 350.291667  22.679   8.626 0.000
353.291667 354.291667  20.090   7.010 0.000
356.291667 357.291667  15.798   6.833 0.000
360.291667 361.291667  15.830   4.760 0.000
363.291667 364.291667   5.861   4.051 0.000
