scripts/IMPROVE-2019_partial/data/US9041R.20160101080000.20191216000000.filterpack...52w.3d.US03L_filterpack_US9041.US03L_IMPROVE_Davis.lev2.nas
52 1001
MISSING INFORMATION
US03L, IMPROVE, , , , , , , 
MISSING INFORMATION
IMPROVE sel_HTAP
1 1
2016 01 01 2019 12 16
3.000000
days from file reference point
5
1 1 1 1 1
999.999999 9999.999 9.999 999.999 9.999
end_time of measurement, days from the file reference point
pm10_mass, ug/m3, Matrix=pm10
numflag pm10_mass, no unit, Matrix=pm10
pm25_mass, ug/m3, Matrix=pm25
numflag pm25_mass, no unit, Matrix=pm25
0
33
Data definition:              EBAS_1.1
Set type code:                TU
Timezone:                     UTC
File name:                    US9041R.20160101080000.20191216000000.filterpack...52w.3d.US03L_filterpack_US9041.US03L_IMPROVE_Davis.lev2.nas
File creation:                20191218120808
Startdate:                    20160101080000
Revision date:                20191216000000
Version:                      2
Version description:          "Data extracted from http://views.cira.colostate.edu/fed/DataWizard 2019-12-16"
Statistics:                   arithmetic mean
Data level:                   2
Period code:                  52w
Resolution code:              3d
Sample duration:              1d
Orig. time res.:              3d
Station code:                 US9041R
Platform code:                US9041S
Station name:                 San Gabriel
Station latitude:             34.2969
Station longitude:            -118.0282
Station altitude:             1791.0 m
Regime:                       IMG
Component:                    
Unit:                         ug/m3
Matrix:                       
Laboratory code:              US03L
Instrument type:              filterpack
Instrument name:              filterpack_US9041
Method ref:                   US03L_IMPROVE_Davis
Blank correction:             Blank corrected
Volume std. temperature:      ambient
Volume std. pressure:         ambient
starttime endtime PM10 flag_PM10 PM2.5 flag_PM2.5
  0.333333   1.333333    3.853 0.000   1.173 0.000
  3.333333   4.333333 9999.999 0.999 999.999 0.999
  6.333333   7.333333 9999.999 0.999 999.999 0.999
  9.333333  10.333333 9999.999 0.999 999.999 0.999
 12.333333  13.333333    0.871 0.000   0.445 0.000
 15.333333  16.333333    0.954 0.000   0.388 0.000
 18.333333  19.333333    0.789 0.000   0.565 0.000
 21.333333  22.333333    3.229 0.000   1.490 0.000
 24.333333  25.333333    0.835 0.000   0.388 0.000
 27.333333  28.333333    2.933 0.000   1.162 0.000
 30.333333  31.333333    0.210 0.000 999.999 0.259
 33.333333  34.333333    1.761 0.000   0.745 0.000
 36.333333  37.333333    2.534 0.000   1.211 0.000
 39.333333  40.333333    2.947 0.000   0.845 0.000
 42.333333  43.333333    7.043 0.000   2.106 0.000
 45.333333  46.333333 9999.999 0.999 999.999 0.999
 48.333333  49.333333    2.213 0.000   1.140 0.000
 51.333333  52.333333    4.348 0.000   1.639 0.000
 54.333333  55.333333    4.729 0.000   1.490 0.000
 57.333333  58.333333    3.511 0.000   1.459 0.000
 60.333333  61.333333    6.048 0.000   3.164 0.000
 63.333333  64.333333    4.959 0.000   2.091 0.000
 66.333333  67.333333 9999.999 0.999 999.999 0.999
 69.333333  70.333333 9999.999 0.999 999.999 0.999
 72.333333  73.333333 9999.999 0.999 999.999 0.999
 75.333333  76.333333 9999.999 0.999 999.999 0.999
 78.333333  79.333333 9999.999 0.999 999.999 0.999
 81.333333  82.333333 9999.999 0.999 999.999 0.999
 84.333333  85.333333    6.657 0.000   2.480 0.000
 87.333333  88.333333   10.779 0.000   4.325 0.000
 90.333333  91.333333    7.616 0.000   2.484 0.000
 93.333333  94.333333    6.705 0.000   2.608 0.000
 96.333333  97.333333   10.178 0.000   3.236 0.000
 99.333333 100.333333    1.377 0.000   0.517 0.000
102.333333 103.333333    5.666 0.000   2.860 0.000
105.333333 106.333333   18.350 0.000   3.876 0.000
108.333333 109.333333   11.786 0.000   4.427 0.000
111.333333 112.333333   12.595 0.000   4.459 0.000
114.333333 115.333333   10.908 0.000   4.417 0.000
117.333333 118.333333   14.417 0.000   5.073 0.000
120.333333 121.333333    9.590 0.000   3.108 0.000
123.333333 124.333333    9.422 0.000   3.586 0.000
126.333333 127.333333    1.660 0.000   0.824 0.000
129.333333 130.333333    7.027 0.000   3.987 0.000
132.333333 133.333333   10.850 0.000   3.975 0.000
135.333333 136.333333   10.239 0.000   4.461 0.000
138.333333 139.333333    9.811 0.000   3.355 0.000
141.333333 142.333333   11.081 0.000   4.478 0.000
144.333333 145.333333    7.274 0.000   4.079 0.000
147.333333 148.333333    6.187 0.000   2.455 0.000
150.333333 151.333333   16.428 0.000   6.272 0.000
153.333333 154.333333   12.134 0.000   4.677 0.000
156.333333 157.333333    9.586 0.000   4.129 0.000
159.333333 160.333333   11.282 0.000   4.711 0.000
162.333333 163.333333    9.554 0.000   4.002 0.000
165.333333 166.333333   14.848 0.000   5.943 0.000
168.333333 169.333333   12.139 0.000   7.622 0.000
171.333333 172.333333   11.548 0.000   4.624 0.000
174.333333 175.333333   14.563 0.000   4.431 0.000
177.333333 178.333333   18.381 0.000   8.575 0.000
180.333333 181.333333 9999.999 0.999 999.999 0.999
183.333333 184.333333   10.505 0.000   4.311 0.000
186.333333 187.333333   15.737 0.000   9.996 0.000
189.333333 190.333333   11.500 0.000   5.022 0.000
192.333333 193.333333   16.328 0.000   6.497 0.000
195.333333 196.333333    9.168 0.000   3.600 0.000
198.333333 199.333333    4.487 0.000   1.363 0.000
201.333333 202.333333   15.766 0.000   2.246 0.000
204.333333 205.333333  195.546 0.659 999.999 0.699
207.333333 208.333333   27.420 0.000   8.632 0.000
210.333333 211.333333 9999.999 0.456 999.999 0.456
213.333333 214.333333   23.129 0.000   7.721 0.000
216.333333 217.333333 9999.999 0.999 999.999 0.999
219.333333 220.333333    5.119 0.000   2.595 0.000
222.333333 223.333333 9999.999 0.999 999.999 0.999
225.333333 226.333333    7.891 0.000   3.318 0.000
228.333333 229.333333    3.248 0.000   1.126 0.000
231.333333 232.333333    6.347 0.000   2.538 0.000
234.333333 235.333333    5.384 0.000   2.654 0.000
237.333333 238.333333   22.958 0.000  12.723 0.000
240.333333 241.333333   17.546 0.000   7.014 0.000
243.333333 244.333333    6.855 0.000   2.650 0.000
246.333333 247.333333    6.878 0.000   3.039 0.000
249.333333 250.333333   15.277 0.000   5.862 0.000
252.333333 253.333333    9.469 0.000   3.408 0.000
255.333333 256.333333    7.891 0.000   2.856 0.000
258.333333 259.333333 9999.999 0.999 999.999 0.999
261.333333 262.333333    7.491 0.000   2.501 0.000
264.333333 265.333333 9999.999 0.999 999.999 0.999
267.333333 268.333333    6.939 0.000   1.382 0.000
270.333333 271.333333   20.333 0.000   4.678 0.000
273.333333 274.333333   11.136 0.000   3.837 0.000
276.333333 277.333333    7.790 0.000   1.252 0.000
279.333333 280.333333   13.101 0.000   2.647 0.000
282.333333 283.333333    9.990 0.000   2.848 0.000
285.333333 286.333333 9999.999 0.999 999.999 0.999
288.333333 289.333333    2.408 0.000   2.425 0.000
291.333333 292.333333    6.035 0.000   2.116 0.000
294.333333 295.333333    9.976 0.000   3.156 0.000
297.333333 298.333333 9999.999 0.999 999.999 0.999
300.333333 301.333333    7.607 0.000   3.495 0.000
303.333333 304.333333    1.571 0.000   0.921 0.000
306.333333 307.333333 9999.999 0.999 999.999 0.999
309.333333 310.333333    6.194 0.000   2.576 0.000
312.333333 313.333333   10.489 0.000   2.785 0.000
315.333333 316.333333   11.767 0.000   3.443 0.000
318.333333 319.333333    5.622 0.000   2.804 0.000
321.333333 322.333333 9999.999 0.999 999.999 0.999
324.333333 325.333333 9999.999 0.999 999.999 0.999
327.333333 328.333333 9999.999 0.999 999.999 0.999
330.333333 331.333333 9999.999 0.999 999.999 0.999
333.333333 334.333333 9999.999 0.999 999.999 0.999
336.333333 337.333333   20.892 0.000   2.777 0.000
339.333333 340.333333    8.472 0.000   1.186 0.000
342.333333 343.333333    9.086 0.000   1.100 0.000
345.333333 346.333333    3.823 0.000   0.699 0.000
348.333333 349.333333    2.463 0.000   0.395 0.000
351.333333 352.333333    3.400 0.000   0.921 0.000
354.333333 355.333333    2.754 0.000   0.966 0.000
357.333333 358.333333    3.297 0.000   0.493 0.000
360.333333 361.333333    3.877 0.000   0.883 0.000
363.333333 364.333333    2.534 0.000   0.544 0.000
