scripts/IMPROVE-2019_partial/data/US9022U.20040301050000.20191216000000.filterpack..pm25.10mo.1w.US03L_filterpack_US9022.US03L_IMPROVE_Davis.lev2.nas
64 1001
MISSING INFORMATION
US03L, IMPROVE, , , , , , , 
MISSING INFORMATION
IMPROVE sel_HTAP
1 1
2004 01 01 2019 12 16
3.000000
days from file reference point
25
1 1 1 1 1 1 1 1 1 1 1 1 1 1 1 1 1 1 1 1 1 1 1 1 1
999.999999 9999.99 9.999 999.99 9.999 9.999 9.999999 99.99 9.999999 9.999 9.999 99.999 9.999 999.999 9.999 999.999 9.999 999.999 9.999 999.999 9.999 99.999 9.999 99.999 9.999
end_time of measurement, days from the file reference point
iron, ng/m3, Revision date=20181210133000
numflag iron, no unit, Revision date=20181210133000
lead, ng/m3, Revision date=20181210133000
numflag lead, no unit, Revision date=20181210133000
magnesium, ug/m3, Revision date=20181210133000
numflag magnesium, no unit, Revision date=20181210133000
nickel, ng/m3, Revision date=20181210133000
numflag nickel, no unit, Revision date=20181210133000
nitrate, ug N/m3, Revision date=20181210133000
numflag nitrate, no unit, Revision date=20181210133000
organic_carbon, ug C/m3, Revision date=20181210133000
numflag organic_carbon, no unit, Revision date=20181210133000
organic_mass, ug/m3, Revision date=20181210133000
numflag organic_mass, no unit, Revision date=20181210133000
pm10_mass, ug/m3, Version=2, Version description=Data extracted from http://views.cira.colostate.edu/fed/DataWizard 2019-12-16, Sample duration=1d, Orig. time res.=3d, Matrix=pm10, Blank correction=Blank corrected, Volume std. temperature=ambient, Volume std. pressure=ambient
numflag pm10_mass, no unit, Version=2, Version description=Data extracted from http://views.cira.colostate.edu/fed/DataWizard 2019-12-16, Sample duration=1d, Orig. time res.=3d, Matrix=pm10, Blank correction=Blank corrected, Volume std. temperature=ambient, Volume std. pressure=ambient
pm10_pm25_mass, ug/m3, Revision date=20181210133000, Matrix=pm10_pm25
numflag pm10_pm25_mass, no unit, Revision date=20181210133000, Matrix=pm10_pm25
pm25_mass, ug/m3, Version=2, Version description=Data extracted from http://views.cira.colostate.edu/fed/DataWizard 2019-12-16, Sample duration=1d, Orig. time res.=3d, Blank correction=Blank corrected, Volume std. temperature=ambient, Volume std. pressure=ambient
numflag pm25_mass, no unit, Version=2, Version description=Data extracted from http://views.cira.colostate.edu/fed/DataWizard 2019-12-16, Sample duration=1d, Orig. time res.=3d, Blank correction=Blank corrected, Volume std. temperature=ambient, Volume std. pressure=ambient
potassium, ug/m3, Revision date=20181210133000
numflag potassium, no unit, Revision date=20181210133000
sulphate_total, ug S/m3, Revision date=20181210133000
numflag sulphate_total, no unit, Revision date=20181210133000
0
25
Data definition:              EBAS_1.1
Set type code:                TU
Timezone:                     UTC
File name:                    US9022U.20040301050000.20191216000000.filterpack..pm25.10mo.1w.US03L_filterpack_US9022.US03L_IMPROVE_Davis.lev2.nas
File creation:                20191218120633
Startdate:                    20040301050000
Revision date:                20191216000000
Statistics:                   arithmetic mean
Data level:                   2
Period code:                  10mo
Resolution code:              1w
Station code:                 US9022U
Platform code:                US9022S
Station name:                 Pittsburgh
Station latitude:             40.4654
Station longitude:            -79.9607
Station altitude:             268.0 m
Regime:                       IMG
Component:                    
Matrix:                       pm25
Laboratory code:              US03L
Instrument type:              filterpack
Instrument name:              filterpack_US9022
Method ref:                   US03L_IMPROVE_Davis
starttime endtime Fe flag_Fe Pb flag_Pb Mg++ flag_Mg++ Ni flag_Ni NO3- flag_NO3- OC flag_OC OM flag_OM PM10 flag_PM10 PM10-PM2.5 flag_PM10-PM2.5 PM2.5 flag_PM2.5 K+ flag_K+ SO4-- flag_SO4--
[from data line 87]
321.208333 322.208333  119.13 0.000  11.14 0.000 9.999 0.259000  1.57 0.000000 0.579 0.000  1.956 0.000   2.739 0.000  20.666 0.000   6.214 0.000  14.452 0.000  0.095 0.000  1.481 0.000
324.208333 325.208333  142.69 0.000   6.41 0.000 9.999 0.259000  0.75 0.000000 0.275 0.000  2.120 0.000   2.969 0.000  16.592 0.000   3.641 0.000  12.950 0.000  0.052 0.000  1.581 0.000
327.208333 328.208333  261.41 0.000  22.83 0.000 9.999 0.259000  2.44 0.000000 0.731 0.000  3.248 0.000   4.547 0.000  25.034 0.000   7.209 0.000  17.825 0.000  0.087 0.000  1.464 0.000
330.208333 331.208333   91.79 0.000   5.34 0.000 9.999 0.259000  1.37 0.000000 0.241 0.000  1.104 0.000   1.545 0.000   9.596 0.000   2.745 0.000   6.851 0.000  0.063 0.000  0.608 0.000
333.208333 334.208333  138.39 0.000   6.70 0.000 9.999 0.259000  0.54 0.000000 0.472 0.000  2.108 0.000   2.951 0.000  14.141 0.000   3.242 0.000  10.899 0.000  0.047 0.000  0.713 0.000
336.208333 337.208333  213.57 0.000  11.61 0.000 9.999 0.259000  2.33 0.000000 0.502 0.000  2.750 0.000   3.851 0.000  18.951 0.000   6.009 0.000  12.942 0.000  0.089 0.000  1.005 0.000
339.208333 340.208333  119.39 0.000   8.29 0.000 9.999 0.259000  0.52 0.000000 0.690 0.000  3.060 0.000   4.284 0.000  16.550 0.000   3.541 0.000  13.009 0.000  0.070 0.000  0.882 0.000
342.208333 343.208333   91.56 0.000   4.85 0.000 9.999 0.259000  0.82 0.000000 0.213 0.000  1.206 0.000   1.689 0.000  12.350 0.000   4.627 0.000   7.723 0.000  0.032 0.000  0.913 0.000
345.208333 346.208333   24.25 0.000   3.33 0.000 9.999 0.259000  0.32 0.000000 0.123 0.000  0.673 0.000   0.942 0.000   4.740 0.000   0.809 0.000   3.932 0.000  0.014 0.000  0.436 0.000
348.208333 349.208333   55.87 0.000   8.88 0.000 0.053 0.000000  0.25 0.000000 0.252 0.000  0.795 0.000   1.113 0.000 999.999 0.456 999.999 0.999   5.274 0.000  0.025 0.000  0.413 0.000
351.208333 352.208333   87.73 0.000   7.86 0.000 9.999 0.259000  0.60 0.000000 0.617 0.000  1.581 0.000   2.213 0.000  19.453 0.000   8.630 0.000  10.823 0.000  0.056 0.000  0.678 0.000
354.208333 355.208333   68.38 0.000   4.24 0.000 9.999 0.259000  1.08 0.000000 0.312 0.000  1.523 0.000   2.132 0.000  14.145 0.000   5.544 0.000   8.601 0.000  0.053 0.000  0.623 0.000
357.208333 358.208333   62.47 0.000   3.76 0.000 9.999 0.259000  0.97 0.000000 0.217 0.000  1.190 0.000   1.665 0.000   8.732 0.000   1.819 0.000   6.913 0.000  0.040 0.000  0.763 0.000
360.208333 361.208333   47.06 0.000   6.06 0.000 9.999 0.259000  0.26 0.000000 0.618 0.000  2.793 0.000   3.910 0.000  17.466 0.000   2.483 0.000  14.984 0.000  0.078 0.000  1.327 0.000
363.208333 364.208333  112.05 0.000   6.16 0.000 9.999 0.259000  0.80 0.000000 0.517 0.000  3.058 0.000   4.281 0.000  23.869 0.000  10.073 0.000  13.796 0.000  0.077 0.000  1.059 0.000
