scripts/IMPROVE-2019_partial/data/US9044R.20020102080000.20191216000000.filterpack..pm25.52w.1w.US03L_filterpack_US9044.US03L_IMPROVE_Davis.lev2.nas
66 1001
MISSING INFORMATION
US03L, IMPROVE, , , , , , , 
MISSING INFORMATION
IMPROVE sel_HTAP
1 1
2002 01 01 2019 12 16
3.000000
days from file reference point
27
1 1 1 1 1 1 1 1 1 1 1 1 1 1 1 1 1 1 1 1 1 1 1 1 1 1 1
999.999999 9999.99 9.999999 99.99 9.999 9.999 9.999999 99.99 9.999999 9.999 9.999999 999.999 9.999 999.999 9.999 99.99 9.999999 999.999 9.999 999.999 9.999 999.999 9.999 9.999 9.999999 9.999 9.999999
end_time of measurement, days from the file reference point
iron, ng/m3, Revision date=20181210133000
numflag iron, no unit, Revision date=20181210133000
lead, ng/m3, Revision date=20181210133000
numflag lead, no unit, Revision date=20181210133000
magnesium, ug/m3, Revision date=20181210133000
numflag magnesium, no unit, Revision date=20181210133000
nickel, ng/m3, Revision date=20181210133000
numflag nickel, no unit, Revision date=20181210133000
nitrate, ug N/m3, Revision date=20181210133000
numflag nitrate, no unit, Revision date=20181210133000
organic_carbon, ug C/m3, Revision date=20181210133000
numflag organic_carbon, no unit, Revision date=20181210133000
organic_mass, ug/m3, Revision date=20181210133000
numflag organic_mass, no unit, Revision date=20181210133000
phosphorus, ng/m3, Revision date=20181210133000
numflag phosphorus, no unit, Revision date=20181210133000
pm10_mass, ug/m3, Version=2, Version description=Data extracted from http://views.cira.colostate.edu/fed/DataWizard 2019-12-16, Sample duration=1d, Orig. time res.=3d, Matrix=pm10, Blank correction=Blank corrected, Volume std. temperature=ambient, Volume std. pressure=ambient
numflag pm10_mass, no unit, Version=2, Version description=Data extracted from http://views.cira.colostate.edu/fed/DataWizard 2019-12-16, Sample duration=1d, Orig. time res.=3d, Matrix=pm10, Blank correction=Blank corrected, Volume std. temperature=ambient, Volume std. pressure=ambient
pm10_pm25_mass, ug/m3, Revision date=20181210133000, Matrix=pm10_pm25
numflag pm10_pm25_mass, no unit, Revision date=20181210133000, Matrix=pm10_pm25
pm25_mass, ug/m3, Version=2, Version description=Data extracted from http://views.cira.colostate.edu/fed/DataWizard 2019-12-16, Sample duration=1d, Orig. time res.=3d, Blank correction=Blank corrected, Volume std. temperature=ambient, Volume std. pressure=ambient
numflag pm25_mass, no unit, Version=2, Version description=Data extracted from http://views.cira.colostate.edu/fed/DataWizard 2019-12-16, Sample duration=1d, Orig. time res.=3d, Blank correction=Blank corrected, Volume std. temperature=ambient, Volume std. pressure=ambient
potassium, ug/m3, Revision date=20181210133000
numflag potassium, no unit, Revision date=20181210133000
sulphate_total, ug S/m3, Revision date=20181210133000
numflag sulphate_total, no unit, Revision date=20181210133000
0
25
Data definition:              EBAS_1.1
Set type code:                TU
Timezone:                     UTC
File name:                    US9044R.20020102080000.20191216000000.filterpack..pm25.52w.1w.US03L_filterpack_US9044.US03L_IMPROVE_Davis.lev2.nas
File creation:                20191218120821
Startdate:                    20020102080000
Revision date:                20191216000000
Statistics:                   arithmetic mean
Data level:                   2
Period code:                  52w
Resolution code:              1w
Station code:                 US9044R
Platform code:                US9044S
Station name:                 Trinity
Station latitude:             40.7864
Station longitude:            -122.8046
Station altitude:             1014.0 m
Regime:                       IMG
Component:                    
Matrix:                       pm25
Laboratory code:              US03L
Instrument type:              filterpack
Instrument name:              filterpack_US9044
Method ref:                   US03L_IMPROVE_Davis
starttime endtime Fe flag_Fe Pb flag_Pb Mg++ flag_Mg++ Ni flag_Ni NO3- flag_NO3- OC flag_OC OM flag_OM P flag_P PM10 flag_PM10 PM10-PM2.5 flag_PM10-PM2.5 PM2.5 flag_PM2.5 K+ flag_K+ SO4-- flag_SO4--
  1.333333   2.333333    0.41 0.000000 99.99 0.259 9.999 0.259000 99.99 0.259000 9.999 0.559259   0.378 0.000   0.529 0.000  2.28 0.000000   0.631 0.000   0.250 0.000   0.381 0.000 0.004 0.000000 0.009 0.559000
  4.333333   5.333333    1.15 0.000000 99.99 0.259 9.999 0.259000 99.99 0.259000 9.999 0.559259   0.341 0.000   0.477 0.000 99.99 0.259000   1.138 0.000   0.552 0.000   0.586 0.000 0.005 0.000000 0.011 0.559000
  7.333333   8.333333    1.85 0.559000  0.22 0.559 9.999 0.559259  0.06 0.559000 9.999 0.559259 999.999 0.999 999.999 0.999 99.99 0.559259 999.999 0.456 999.999 0.999   0.605 0.559 0.003 0.559000 0.010 0.559000
 10.333333  11.333333    1.23 0.000000  0.19 0.000 9.999 0.259000 99.99 0.259000 9.999 0.259000   0.687 0.000   0.962 0.000 99.99 0.259000   1.286 0.000   0.344 0.000   0.942 0.000 0.007 0.000000 0.007 0.000000
 13.333333  14.333333    1.63 0.000000  0.45 0.000 0.028 0.000000 99.99 0.259000 0.002 0.559000   0.472 0.000   0.661 0.000 99.99 0.259000   1.374 0.000   0.226 0.000   1.148 0.000 0.009 0.000000 0.064 0.559000
 16.333333  17.333333    2.28 0.000000  0.33 0.000 9.999 0.259000 99.99 0.259000 9.999 0.259000   0.461 0.000   0.645 0.000 99.99 0.259000   1.219 0.000   0.277 0.000   0.942 0.000 0.007 0.000000 0.033 0.000000
 19.333333  20.333333    5.44 0.000000  0.92 0.000 9.999 0.259000 99.99 0.259000 0.007 0.559000   0.331 0.000   0.464 0.000 99.99 0.259000   1.625 0.000   0.473 0.000   1.152 0.000 0.012 0.000000 0.106 0.559000
 22.333333  23.333333    3.30 0.000000  0.44 0.000 9.999 0.259000 99.99 0.259000 0.019 0.000000   0.670 0.000   0.938 0.000 99.99 0.259000   2.080 0.000   0.505 0.000   1.574 0.000 0.009 0.000000 0.057 0.000000
 25.333333  26.333333    0.42 0.000000  0.54 0.000 9.999 0.259000 99.99 0.259000 0.079 0.000000   0.339 0.000   0.474 0.000 99.99 0.259000   1.441 0.000   0.384 0.000   1.057 0.000 0.008 0.000000 0.042 0.000000
 28.333333  29.333333    1.40 0.000000  0.31 0.000 9.999 0.259000 99.99 0.259000 0.023 0.559000   0.385 0.000   0.539 0.000 99.99 0.259000   1.206 0.000   0.267 0.000   0.938 0.000 0.006 0.000000 0.030 0.559000
 31.333333  32.333333    6.79 0.000000  0.58 0.000 9.999 0.259000 99.99 0.259000 0.258 0.559000   1.167 0.000   1.633 0.000 99.99 0.259000   2.860 0.000   0.340 0.000   2.520 0.000 0.016 0.000000 0.064 0.559000
 34.333333  35.333333    3.40 0.000000  0.34 0.000 9.999 0.259000 99.99 0.259000 0.008 0.559000   1.012 0.000   1.416 0.000 99.99 0.259000   1.958 0.000   0.244 0.000   1.714 0.000 0.009 0.000000 0.051 0.559000
 37.333333  38.333333    1.64 0.000000 99.99 0.259 9.999 0.259000 99.99 0.259000 0.066 0.559000   0.362 0.000   0.506 0.000 99.99 0.259000   1.337 0.000   0.298 0.000   1.039 0.000 0.008 0.000000 0.044 0.559000
 40.333333  41.333333   24.80 0.000000  0.48 0.000 9.999 0.259000 99.99 0.259000 0.018 0.000000   0.505 0.000   0.707 0.000 99.99 0.259000   3.510 0.000   1.517 0.000   1.993 0.000 0.019 0.000000 0.091 0.000000
 43.333333  44.333333   21.02 0.000000  1.13 0.000 0.062 0.000000 99.99 0.259000 0.013 0.559000   1.284 0.000   1.798 0.000 99.99 0.259000   4.336 0.000   1.440 0.000   2.896 0.000 0.024 0.000000 0.113 0.559000
 46.333333  47.333333   18.49 0.000000  1.19 0.000 9.999 0.259000  0.20 0.000000 0.391 0.559000   0.844 0.000   1.181 0.000 99.99 0.259000   6.834 0.000   2.752 0.000   4.081 0.000 0.024 0.000000 0.359 0.559000
 49.333333  50.333333 9999.99 0.559259  0.20 0.559 9.999 0.559259 99.99 0.559259 0.005 0.559000   0.128 0.000   0.179 0.000 99.99 0.559259   0.149 0.000   0.035 0.000   0.114 0.559 9.999 0.559259 0.001 0.559000
 52.333333  53.333333    8.72 0.000000  0.52 0.000 9.999 0.259000 99.99 0.259000 0.063 0.000000   0.595 0.000   0.833 0.000 99.99 0.259000   1.984 0.000   0.708 0.000   1.276 0.000 0.010 0.000000 0.065 0.000000
 55.333333  56.333333    6.48 0.000000  0.43 0.000 9.999 0.259000 99.99 0.259000 0.008 0.559000   0.387 0.000   0.542 0.000 99.99 0.259000   1.389 0.000   0.270 0.000   1.119 0.000 0.009 0.000000 0.073 0.559000
 58.333333  59.333333   19.14 0.000000  0.57 0.000 9.999 0.259000 99.99 0.259000 0.028 0.559000   0.766 0.000   1.072 0.000 99.99 0.259000   3.123 0.000   0.899 0.000   2.225 0.000 0.019 0.000000 0.119 0.559000
 61.333333  62.333333   14.96 0.000000  0.66 0.000 9.999 0.259000 99.99 0.259000 0.011 0.559000   0.570 0.000   0.797 0.000 99.99 0.259000   2.756 0.000   0.776 0.000   1.980 0.000 0.017 0.000000 0.124 0.559000
 64.333333  65.333333    2.56 0.000000  0.52 0.000 9.999 0.259000 99.99 0.259000 0.027 0.000000   0.491 0.000   0.688 0.000 99.99 0.259000   1.411 0.000   0.238 0.000   1.173 0.000 0.010 0.000000 0.049 0.000000
 67.333333  68.333333    8.07 0.000000  0.69 0.000 9.999 0.259000 99.99 0.259000 0.213 0.000000   0.689 0.000   0.964 0.000 99.99 0.259000   2.562 0.000   0.278 0.000   2.285 0.000 0.020 0.000000 0.092 0.000000
 70.333333  71.333333   22.26 0.000000  1.27 0.000 9.999 0.259000 99.99 0.259000 0.035 0.559000   0.220 0.000   0.309 0.000 99.99 0.259000   6.420 0.000   0.123 0.000   6.298 0.000 0.032 0.000000 0.237 0.559000
 73.333333  74.333333    8.93 0.000000  0.36 0.000 9.999 0.259000  0.13 0.000000 0.012 0.000000   0.238 0.000   0.334 0.000 99.99 0.259000   1.597 0.000   0.542 0.000   1.055 0.000 0.012 0.000000 0.067 0.000000
 76.333333  77.333333    8.43 0.000000  0.42 0.000 9.999 0.259000 99.99 0.259000 0.022 0.559000   0.646 0.000   0.904 0.000 99.99 0.259000   2.462 0.000   0.543 0.000   1.919 0.000 0.018 0.000000 0.092 0.559000
 79.333333  80.333333   29.84 0.000000  1.55 0.000 9.999 0.259000  0.12 0.000000 0.229 0.559000   1.749 0.000   2.449 0.000 99.99 0.259000   6.870 0.000   2.053 0.000   4.817 0.000 0.046 0.000000 0.162 0.559000
 82.333333  83.333333    4.26 0.000000  0.27 0.000 9.999 0.259000  0.12 0.000000 0.005 0.000000   0.187 0.000   0.262 0.000 99.99 0.259000   0.896 0.000   0.297 0.000   0.599 0.000 0.005 0.000000 0.036 0.000000
 85.333333  86.333333   34.84 0.000000  0.95 0.000 9.999 0.259000  0.11 0.000000 0.019 0.559000   0.538 0.000   0.753 0.000 99.99 0.259000   3.111 0.000   1.148 0.000   1.963 0.000 0.032 0.000000 0.116 0.559000
 88.333333  89.333333  184.90 0.000000  2.47 0.000 9.999 0.259000  0.13 0.000000 0.029 0.559000   0.944 0.000   1.322 0.000 99.99 0.259000   9.729 0.000   3.735 0.000   5.995 0.000 0.116 0.000000 0.325 0.559000
 91.333333  92.333333   37.75 0.000000  0.42 0.000 9.999 0.259000 99.99 0.259000 0.013 0.559000   0.535 0.000   0.749 0.000 99.99 0.259000   3.364 0.000   1.433 0.000   1.931 0.000 0.020 0.000000 0.080 0.559000
 94.333333  95.333333   32.95 0.000000  1.20 0.000 9.999 0.259000  0.21 0.000000 0.260 0.559000   1.140 0.000   1.595 0.000 99.99 0.259000   6.981 0.000   2.301 0.000   4.680 0.000 0.039 0.000000 0.434 0.559000
 97.333333  98.333333   28.43 0.000000  1.03 0.000 9.999 0.259000  0.18 0.000000 0.055 0.559000   1.022 0.000   1.431 0.000 99.99 0.259000   5.715 0.000   2.272 0.000   3.442 0.000 0.026 0.000000 0.197 0.559000
100.333333 101.333333   50.87 0.000000  1.04 0.000 9.999 0.259000  0.12 0.000000 0.026 0.000000   0.296 0.000   0.415 0.000 99.99 0.259000   4.340 0.000   2.055 0.000   2.285 0.000 0.032 0.000000 0.166 0.000000
103.333333 104.333333   18.07 0.000000 99.99 0.259 9.999 0.259000 99.99 0.259000 0.012 0.000000   0.139 0.000   0.195 0.000 99.99 0.259000   1.917 0.000   0.800 0.000   1.117 0.000 0.015 0.000000 0.087 0.000000
106.333333 107.333333 9999.99 0.999000 99.99 0.999 9.999 0.999000 99.99 0.999000 9.999 0.999000 999.999 0.999 999.999 0.999 99.99 0.999000 999.999 0.999 999.999 0.999 999.999 0.999 9.999 0.999000 9.999 0.999000
109.333333 110.333333 9999.99 0.999000 99.99 0.999 9.999 0.999000 99.99 0.999000 9.999 0.999000 999.999 0.999 999.999 0.999 99.99 0.999000 999.999 0.999 999.999 0.999 999.999 0.999 9.999 0.999000 9.999 0.999000
112.333333 113.333333 9999.99 0.456000 99.99 0.456 9.999 0.456000 99.99 0.456000 9.999 0.456000 999.999 0.999 999.999 0.999 99.99 0.456000 999.999 0.456 999.999 0.999 999.999 0.456 9.999 0.456000 9.999 0.456000
115.333333 116.333333 9999.99 0.456000 99.99 0.456 9.999 0.456000 99.99 0.456000 9.999 0.456000 999.999 0.999 999.999 0.999 99.99 0.456000 999.999 0.456 999.999 0.999 999.999 0.456 9.999 0.456000 9.999 0.456000
118.333333 119.333333 9999.99 0.456000 99.99 0.456 9.999 0.456000 99.99 0.456000 9.999 0.456000 999.999 0.999 999.999 0.999 99.99 0.456000 999.999 0.456 999.999 0.999 999.999 0.456 9.999 0.456000 9.999 0.456000
121.333333 122.333333 9999.99 0.456000 99.99 0.456 9.999 0.456000 99.99 0.456000 9.999 0.456000 999.999 0.999 999.999 0.999 99.99 0.456000 999.999 0.456 999.999 0.999 999.999 0.456 9.999 0.456000 9.999 0.456000
124.333333 125.333333 9999.99 0.456000 99.99 0.456 9.999 0.456000 99.99 0.456000 9.999 0.456000 999.999 0.999 999.999 0.999 99.99 0.456000 999.999 0.456 999.999 0.999 999.999 0.456 9.999 0.456000 9.999 0.456000
127.333333 128.333333   25.39 0.000000  0.45 0.000 9.999 0.259000 99.99 0.259000 0.027 0.000000   0.881 0.000   1.233 0.000 99.99 0.259000   4.839 0.000   2.414 0.000   2.425 0.000 0.018 0.000000 0.126 0.000000
130.333333 131.333333   46.53 0.000000  0.79 0.000 9.999 0.259000 99.99 0.259000 0.023 0.559000   0.762 0.000   1.067 0.000 99.99 0.259000   4.828 0.000   1.542 0.000   3.286 0.000 0.032 0.000000 0.242 0.559000
133.333333 134.333333   50.99 0.000000  1.01 0.000 9.999 0.259000  0.12 0.000000 0.041 0.559000   0.702 0.000   0.983 0.000 99.99 0.259000   7.904 0.000   4.627 0.000   3.277 0.000 0.042 0.000000 0.294 0.559000
136.333333 137.333333   30.06 0.000000  0.57 0.000 9.999 0.259000 99.99 0.259000 0.040 0.559000   0.650 0.000   0.910 0.000 99.99 0.259000   4.605 0.000   1.997 0.000   2.608 0.000 0.028 0.000000 0.187 0.559000
139.333333 140.333333    0.98 0.000000  0.18 0.000 9.999 0.259000  0.12 0.000000 9.999 0.559259   0.285 0.000   0.400 0.000  2.71 0.000000   0.591 0.000 999.999 0.259   0.720 0.000 0.006 0.000000 0.024 0.559000
142.333333 143.333333    9.57 0.000000 99.99 0.259 9.999 0.259000 99.99 0.259000 0.013 0.559000   0.454 0.000   0.636 0.000 99.99 0.259000   1.963 0.000   0.598 0.000   1.366 0.000 0.012 0.000000 0.089 0.559000
145.333333 146.333333   17.55 0.000000  0.48 0.000 9.999 0.259000  0.15 0.000000 0.019 0.559000   0.579 0.000   0.810 0.000 99.99 0.259000   2.909 0.000   0.946 0.000   1.963 0.000 0.018 0.000000 0.128 0.559000
148.333333 149.333333   12.59 0.000000  0.33 0.000 9.999 0.259000 99.99 0.259000 0.007 0.000000   0.627 0.000   0.878 0.000 99.99 0.259000   2.609 0.000   1.629 0.000   0.979 0.000 0.009 0.000000 0.056 0.000000
151.333333 152.333333   26.08 0.000000  0.62 0.000 9.999 0.259000 99.99 0.259000 0.074 0.000000   0.864 0.000   1.210 0.000 99.99 0.259000   8.570 0.000   4.814 0.000   3.755 0.000 0.029 0.000000 0.200 0.000000
154.333333 155.333333    9.96 0.000000  0.32 0.000 9.999 0.259000 99.99 0.259000 0.020 0.559000   0.370 0.000   0.518 0.000 99.99 0.259000   2.464 0.000   1.148 0.000   1.316 0.000 0.009 0.000000 0.090 0.559000
157.333333 158.333333   22.32 0.000000  0.40 0.000 9.999 0.259000 99.99 0.259000 0.050 0.559000   0.652 0.000   0.913 0.000 99.99 0.259000   5.051 0.000   2.116 0.000   2.935 0.000 0.025 0.000000 0.153 0.559000
160.333333 161.333333   11.73 0.000000  0.36 0.000 9.999 0.259000 99.99 0.259000 0.024 0.559000   0.599 0.000   0.839 0.000 99.99 0.259000   3.564 0.000   1.318 0.000   2.246 0.000 0.012 0.000000 0.177 0.559000
163.333333 164.333333   50.16 0.000000  0.45 0.000 0.050 0.000000  0.09 0.000000 0.051 0.559000   1.291 0.000   1.807 0.000 99.99 0.259000   8.855 0.000   3.930 0.000   4.925 0.000 0.043 0.000000 0.250 0.559000
166.333333 167.333333   16.64 0.000000  0.32 0.000 9.999 0.259000  0.09 0.000000 0.037 0.559000   0.471 0.000   0.660 0.000 99.99 0.259000   5.348 0.000   2.863 0.000   2.484 0.000 0.017 0.000000 0.188 0.559000
169.333333 170.333333   18.29 0.000000 99.99 0.259 9.999 0.259000 99.99 0.259000 0.019 0.559000   0.566 0.000   0.792 0.000 99.99 0.259000   5.068 0.000   3.339 0.000   1.728 0.000 0.011 0.000000 0.097 0.559000
172.333333 173.333333   48.50 0.559000  0.92 0.559 9.999 0.559259  0.25 0.559000 0.136 0.559000   1.602 0.000   2.243 0.000 99.99 0.559259  10.360 0.000   3.819 0.000   6.542 0.559 0.058 0.559000 0.400 0.559000
175.333333 176.333333   49.34 0.000000  0.48 0.000 9.999 0.259000 99.99 0.259000 0.019 0.559000   1.423 0.000   1.992 0.000 99.99 0.259000   8.847 0.000   4.672 0.000   4.175 0.000 0.023 0.000000 0.142 0.559000
178.333333 179.333333   31.81 0.000000  0.25 0.000 9.999 0.259000 99.99 0.259000 0.013 0.559000   0.169 0.000   0.237 0.000 99.99 0.259000   5.040 0.000   4.074 0.000   0.966 0.000 0.008 0.000000 0.054 0.559000
181.333333 182.333333   26.36 0.000000  0.23 0.000 0.049 0.000000 99.99 0.259000 0.009 0.559000   0.742 0.000   1.038 0.000 99.99 0.259000   4.419 0.000   2.712 0.000   1.707 0.000 0.010 0.000000 0.060 0.559000
184.333333 185.333333   19.59 0.000000  0.16 0.000 9.999 0.259000  0.16 0.000000 0.029 0.559000   0.644 0.000   0.902 0.000 99.99 0.259000   3.342 0.000   1.078 0.000   2.264 0.000 0.015 0.000000 0.122 0.559000
187.333333 188.333333   20.88 0.000000  1.80 0.000 9.999 0.259000 99.99 0.259000 0.012 0.559000   0.307 0.000   0.430 0.000 99.99 0.259000   4.531 0.000   3.467 0.000   1.064 0.000 0.059 0.000000 0.073 0.559000
190.333333 191.333333   80.85 0.000000  0.26 0.000 9.999 0.259000  0.18 0.000000 0.011 0.559000   1.613 0.000   2.257 0.000 99.99 0.259000   8.896 0.000   5.424 0.000   3.472 0.000 0.018 0.000000 0.055 0.559000
193.333333 194.333333   80.31 0.000000  0.74 0.000 9.999 0.259000  0.29 0.000000 0.056 0.559000   2.414 0.000   3.380 0.000 99.99 0.259000  13.180 0.000   5.893 0.000   7.287 0.000 0.047 0.000000 0.443 0.559000
196.333333 197.333333   32.33 0.000000  0.31 0.000 9.999 0.259000 99.99 0.259000 0.064 0.559000   0.865 0.000   1.211 0.000 99.99 0.259000   7.470 0.000   4.341 0.000   3.129 0.000 0.024 0.000000 0.143 0.559000
199.333333 200.333333   59.09 0.000000  0.32 0.000 9.999 0.259000  0.25 0.000000 0.020 0.559000   0.933 0.000   1.306 0.000 99.99 0.259000   6.907 0.000   3.841 0.000   3.066 0.000 0.020 0.000000 0.136 0.559000
202.333333 203.333333 9999.99 0.999000 99.99 0.999 9.999 0.999000 99.99 0.999000 9.999 0.999000 999.999 0.999 999.999 0.999 99.99 0.999000 999.999 0.999 999.999 0.999 999.999 0.999 9.999 0.999000 9.999 0.999000
205.333333 206.333333   55.87 0.000000  0.57 0.000 9.999 0.259000  1.17 0.000000 0.035 0.559000   1.619 0.000   2.267 0.000 99.99 0.259000   7.822 0.000   2.549 0.000   5.273 0.000 0.048 0.000000 0.250 0.559000
208.333333 209.333333 9999.99 0.699000 99.99 0.699 9.999 0.699000 99.99 0.699000 0.062 0.559000  17.116 0.000  23.962 0.000 99.99 0.699000  29.612 0.559 999.999 0.999 999.999 0.699 9.999 0.699000 0.142 0.559000
211.333333 212.333333 9999.99 0.999000 99.99 0.999 9.999 0.999000 99.99 0.999000 9.999 0.999000 999.999 0.999 999.999 0.999 99.99 0.999000 999.999 0.999 999.999 0.999 999.999 0.999 9.999 0.999000 9.999 0.999000
214.333333 215.333333 9999.99 0.999000 99.99 0.999 9.999 0.999000 99.99 0.999000 9.999 0.999000 999.999 0.999 999.999 0.999 99.99 0.999000 999.999 0.999 999.999 0.999 999.999 0.999 9.999 0.999000 9.999 0.999000
217.333333 218.333333 9999.99 0.999000 99.99 0.999 9.999 0.999000 99.99 0.999000 9.999 0.999000 999.999 0.999 999.999 0.999 99.99 0.999000 999.999 0.999 999.999 0.999 999.999 0.999 9.999 0.999000 9.999 0.999000
220.333333 221.333333 9999.99 0.699000 99.99 0.699 9.999 0.699000 99.99 0.699000 0.040 0.000000  11.280 0.000  15.792 0.000 99.99 0.699000  22.648 0.000 999.999 0.999 999.999 0.699 9.999 0.699000 0.129 0.000000
223.333333 224.333333   63.56 0.699000  0.36 0.699 9.999 0.699259  0.20 0.699000 0.025 0.559000   9.642 0.000  13.498 0.000 99.99 0.699259  20.757 0.000   2.044 0.000  18.713 0.699 0.107 0.699000 0.152 0.559000
