scripts/IMPROVE-2019_partial/data/US9034R.19990102060000.20191216000000.filterpack...1y.3d.US03L_filterpack_US9034.US03L_IMPROVE_Davis.lev2.nas
51 1001
MISSING INFORMATION
US03L, IMPROVE, , , , , , , 
MISSING INFORMATION
IMPROVE sel_HTAP
1 1
1999 01 01 2019 12 16
0
days from file reference point
4
1 1 1 1
999.99 999.999 999.999 9.999
end_time of measurement, days from the file reference point
pm10_mass, ug/m3, Matrix=pm10
pm25_mass, ug/m3, Matrix=pm25
numflag, no unit
0
33
Data definition:              EBAS_1.1
Set type code:                TI
Timezone:                     UTC
File name:                    US9034R.19990102060000.20191216000000.filterpack...1y.3d.US03L_filterpack_US9034.US03L_IMPROVE_Davis.lev2.nas
File creation:                20191218120732
Startdate:                    19990102060000
Revision date:                20191216000000
Version:                      2
Version description:          "Data extracted from http://views.cira.colostate.edu/fed/DataWizard 2019-12-16"
Statistics:                   arithmetic mean
Data level:                   2
Period code:                  1y
Resolution code:              3d
Sample duration:              1d
Orig. time res.:              3d
Station code:                 US9034R
Platform code:                US9034S
Station name:                 Upper Buffalo Wilderness
Station latitude:             35.8258
Station longitude:            -93.203
Station altitude:             722.0 m
Regime:                       IMG
Component:                    
Unit:                         ug/m3
Matrix:                       
Laboratory code:              US03L
Instrument type:              filterpack
Instrument name:              filterpack_US9034
Method ref:                   US03L_IMPROVE_Davis
Blank correction:             Blank corrected
Volume std. temperature:      ambient
Volume std. pressure:         ambient
starttime endtime PM10 PM2.5 flag
  1.25   2.25 999.999 999.999 0.999
  5.25   6.25  13.767  10.836 0.000
  8.25   9.25   8.084 999.999 0.000
 12.25  13.25  13.747   8.523 0.000
 15.25  16.25  19.664  14.331 0.000
 19.25  20.25  20.976  14.331 0.000
 22.25  23.25  10.078   7.558 0.000
 26.25  27.25  17.416  13.128 0.000
 29.25  30.25   8.707   4.378 0.000
 33.25  34.25   9.307   4.805 0.000
 36.25  37.25  15.070  11.064 0.000
 40.25  41.25  19.270  13.562 0.000
 43.25  44.25   4.152   2.166 0.000
 47.25  48.25  12.012   8.152 0.000
 50.25  51.25  16.489  13.584 0.000
 54.25  55.25  11.329   7.775 0.000
 57.25  58.25  18.760  11.188 0.000
 61.25  62.25   9.259   7.723 0.000
 64.25  65.25  16.084  15.425 0.000
 68.25  69.25  12.281  10.284 0.000
 71.25  72.25 999.999 999.999 0.999
 75.25  76.25  20.655  13.770 0.000
 78.25  79.25  14.850  13.680 0.000
 82.25  83.25  19.270  17.032 0.000
 85.25  86.25  27.348  15.821 0.000
 89.25  90.25  20.543  16.302 0.000
 92.25  93.25   7.621   5.650 0.000
 96.25  97.25  14.653   7.706 0.000
 99.25 100.25  28.701  11.047 0.000
103.25 104.25  13.212   9.740 0.000
106.25 107.25   6.291   3.791 0.000
110.25 111.25  18.243   9.467 0.000
113.25 114.25  21.613  11.732 0.000
117.25 118.25   8.832   6.944 0.000
120.25 121.25  15.444  10.806 0.000
124.25 125.25  67.639  15.003 0.000
127.25 128.25  15.608   6.224 0.000
131.25 132.25   7.769   4.630 0.000
134.25 135.25  22.069  15.661 0.000
138.25 139.25 999.999 999.999 0.999
141.25 142.25  15.238  12.291 0.000
145.25 146.25   8.740   4.149 0.000
148.25 149.25 999.999 999.999 0.999
152.25 153.25  13.144   9.124 0.000
155.25 156.25  14.646   9.792 0.000
159.25 160.25  21.689  17.175 0.000
162.25 163.25  12.243  12.075 0.000
166.25 167.25  10.400   7.542 0.000
169.25 170.25  25.355  18.158 0.000
173.25 174.25   7.110   6.166 0.000
176.25 177.25   4.115   3.588 0.000
180.25 181.25   8.463   4.322 0.000
183.25 184.25  35.336  18.169 0.000
187.25 188.25  16.119  10.028 0.000
190.25 191.25  17.072  14.064 0.000
194.25 195.25  29.370  22.591 0.000
197.25 198.25  34.525  27.749 0.000
201.25 202.25  72.060  10.949 0.000
204.25 205.25  27.355  13.499 0.000
208.25 209.25  19.772  13.576 0.000
211.25 212.25  15.259  10.474 0.000
215.25 216.25  21.024  15.363 0.000
218.25 219.25  33.850  28.458 0.000
222.25 223.25  16.816  10.888 0.000
225.25 226.25   6.545   3.698 0.000
229.25 230.25  21.021  12.431 0.000
232.25 233.25  14.321  10.316 0.000
236.25 237.25  11.187   8.333 0.000
239.25 240.25  19.097  15.898 0.000
243.25 244.25  33.165  24.291 0.000
246.25 247.25  22.404  17.962 0.000
250.25 251.25   5.233   3.603 0.000
253.25 254.25  12.137   8.812 0.000
257.25 258.25  10.270   5.156 0.000
260.25 261.25  22.065  13.164 0.000
264.25 265.25   7.315   3.943 0.000
267.25 268.25  21.423  14.094 0.000
271.25 272.25   5.610   3.324 0.000
274.25 275.25  17.024  11.296 0.000
278.25 279.25  16.919   7.742 0.000
281.25 282.25   2.050   1.641 0.000
285.25 286.25  23.429  17.481 0.000
288.25 289.25  30.161  26.466 0.000
292.25 293.25 999.999   2.972 0.000
295.25 296.25  13.470   2.985 0.000
299.25 300.25  22.251  14.127 0.000
302.25 303.25  25.764  19.760 0.000
306.25 307.25  10.194   2.985 0.000
309.25 310.25  21.346  11.340 0.000
313.25 314.25  23.386  18.093 0.000
316.25 317.25  25.959  15.449 0.000
320.25 321.25  26.360  13.077 0.000
323.25 324.25  17.395  11.183 0.000
327.25 328.25  15.571   3.882 0.000
330.25 331.25   9.916   5.827 0.000
334.25 335.25 999.999   9.830 0.000
337.25 338.25  11.104   6.371 0.000
341.25 342.25 999.999 999.999 0.999
344.25 345.25   5.220   2.398 0.000
348.25 349.25   4.016   3.011 0.000
351.25 352.25  12.387   8.994 0.000
355.25 356.25  10.232   5.059 0.000
358.25 359.25   9.899   6.290 0.000
362.25 363.25   8.561   2.778 0.000
