scripts/IMPROVE-2019_partial/data/US9041R.20020102080000.20191216000000.filterpack..pm25.52w.1w.US03L_filterpack_US9041.US03L_IMPROVE_Davis.lev2.nas
66 1001
MISSING INFORMATION
US03L, IMPROVE, , , , , , , 
MISSING INFORMATION
IMPROVE sel_HTAP
1 1
2002 01 01 2019 12 16
3.000000
days from file reference point
27
1 1 1 1 1 1 1 1 1 1 1 1 1 1 1 1 1 1 1 1 1 1 1 1 1 1 1
999.999999 9999.99 9.999 99.99 9.999 9.999 9.999999 99.99 9.999999 99.999 9.999999 999.999 9.999 999.999 9.999 999.99 9.999999 9999.999 9.999 9999.999 9.999 999.999 9.999 9.999 9.999 9.999 9.999
end_time of measurement, days from the file reference point
iron, ng/m3, Revision date=20181210133000
numflag iron, no unit, Revision date=20181210133000
lead, ng/m3, Revision date=20181210133000
numflag lead, no unit, Revision date=20181210133000
magnesium, ug/m3, Revision date=20181210133000
numflag magnesium, no unit, Revision date=20181210133000
nickel, ng/m3, Revision date=20181210133000
numflag nickel, no unit, Revision date=20181210133000
nitrate, ug N/m3, Revision date=20181210133000
numflag nitrate, no unit, Revision date=20181210133000
organic_carbon, ug C/m3, Revision date=20181210133000
numflag organic_carbon, no unit, Revision date=20181210133000
organic_mass, ug/m3, Revision date=20181210133000
numflag organic_mass, no unit, Revision date=20181210133000
phosphorus, ng/m3, Revision date=20181210133000
numflag phosphorus, no unit, Revision date=20181210133000
pm10_mass, ug/m3, Version=2, Version description=Data extracted from http://views.cira.colostate.edu/fed/DataWizard 2019-12-16, Sample duration=1d, Orig. time res.=3d, Matrix=pm10, Blank correction=Blank corrected, Volume std. temperature=ambient, Volume std. pressure=ambient
numflag pm10_mass, no unit, Version=2, Version description=Data extracted from http://views.cira.colostate.edu/fed/DataWizard 2019-12-16, Sample duration=1d, Orig. time res.=3d, Matrix=pm10, Blank correction=Blank corrected, Volume std. temperature=ambient, Volume std. pressure=ambient
pm10_pm25_mass, ug/m3, Revision date=20181210133000, Matrix=pm10_pm25
numflag pm10_pm25_mass, no unit, Revision date=20181210133000, Matrix=pm10_pm25
pm25_mass, ug/m3, Version=2, Version description=Data extracted from http://views.cira.colostate.edu/fed/DataWizard 2019-12-16, Sample duration=1d, Orig. time res.=3d, Blank correction=Blank corrected, Volume std. temperature=ambient, Volume std. pressure=ambient
numflag pm25_mass, no unit, Version=2, Version description=Data extracted from http://views.cira.colostate.edu/fed/DataWizard 2019-12-16, Sample duration=1d, Orig. time res.=3d, Blank correction=Blank corrected, Volume std. temperature=ambient, Volume std. pressure=ambient
potassium, ug/m3, Revision date=20181210133000
numflag potassium, no unit, Revision date=20181210133000
sulphate_total, ug S/m3, Revision date=20181210133000
numflag sulphate_total, no unit, Revision date=20181210133000
0
25
Data definition:              EBAS_1.1
Set type code:                TU
Timezone:                     UTC
File name:                    US9041R.20020102080000.20191216000000.filterpack..pm25.52w.1w.US03L_filterpack_US9041.US03L_IMPROVE_Davis.lev2.nas
File creation:                20191218120806
Startdate:                    20020102080000
Revision date:                20191216000000
Statistics:                   arithmetic mean
Data level:                   2
Period code:                  52w
Resolution code:              1w
Station code:                 US9041R
Platform code:                US9041S
Station name:                 San Gabriel
Station latitude:             34.2969
Station longitude:            -118.0282
Station altitude:             1791.0 m
Regime:                       IMG
Component:                    
Matrix:                       pm25
Laboratory code:              US03L
Instrument type:              filterpack
Instrument name:              filterpack_US9041
Method ref:                   US03L_IMPROVE_Davis
starttime endtime Fe flag_Fe Pb flag_Pb Mg++ flag_Mg++ Ni flag_Ni NO3- flag_NO3- OC flag_OC OM flag_OM P flag_P PM10 flag_PM10 PM10-PM2.5 flag_PM10-PM2.5 PM2.5 flag_PM2.5 K+ flag_K+ SO4-- flag_SO4--
  1.333333   2.333333    7.61 0.000  1.25 0.000 9.999 0.259000 99.99 0.259000  0.246 0.000000   0.771 0.000   1.079 0.000 999.99 0.259000    7.365 0.000    4.524 0.000   2.841 0.000 0.026 0.000 0.110 0.000
  4.333333   5.333333    4.62 0.000  1.07 0.000 9.999 0.259000 99.99 0.259000  0.023 0.559000   0.329 0.000   0.461 0.000 999.99 0.259000    1.339 0.000    0.329 0.000   1.010 0.000 0.007 0.000 0.061 0.559
  7.333333   8.333333   13.05 0.000  0.82 0.000 9.999 0.259000 99.99 0.259000  0.000 0.559000   0.354 0.000   0.495 0.000 999.99 0.259000    3.592 0.000    2.696 0.000   0.896 0.000 0.009 0.000 0.037 0.559
 10.333333  11.333333    7.84 0.000  0.41 0.000 9.999 0.259000  0.18 0.000000 99.999 0.559259   0.325 0.000   0.455 0.000 999.99 0.259000    2.453 0.000    1.747 0.000   0.707 0.000 0.007 0.000 0.022 0.559
 13.333333  14.333333   33.24 0.699  1.44 0.699 9.999 0.699259  0.15 0.699000  0.657 0.000000   0.889 0.000   1.245 0.000 999.99 0.699259    8.109 0.000    3.320 0.000   4.789 0.699 0.019 0.699 0.081 0.000
 16.333333  17.333333   48.20 0.000  1.81 0.000 9.999 0.259000  1.48 0.000000  0.808 0.000000   1.078 0.000   1.509 0.000 999.99 0.259000   13.512 0.000    6.477 0.000   7.035 0.000 0.026 0.000 0.236 0.000
 19.333333  20.333333   38.63 0.000  0.92 0.000 9.999 0.259000 99.99 0.259000  0.183 0.000000   0.530 0.000   0.742 0.000 999.99 0.259000   12.267 0.000    9.739 0.000   2.528 0.000 0.032 0.000 0.113 0.000
 22.333333  23.333333   37.86 0.000  1.08 0.000 9.999 0.259000  0.43 0.000000  0.139 0.000000   0.385 0.000   0.539 0.000 999.99 0.259000   17.612 0.000   15.287 0.000   2.325 0.000 0.034 0.000 0.119 0.000
 25.333333  26.333333   58.78 0.000  1.86 0.000 9.999 0.259000  2.12 0.000000  0.469 0.000000   0.732 0.000   1.025 0.000 999.99 0.259000    7.568 0.000    3.485 0.000   4.083 0.000 0.028 0.000 0.082 0.000
 28.333333  29.333333    3.61 0.000  0.28 0.000 9.999 0.259000 99.99 0.259000  0.129 0.000000   0.438 0.000   0.613 0.000 999.99 0.259000    2.008 0.000    0.913 0.000   1.095 0.000 0.005 0.000 0.063 0.000
 31.333333  32.333333   16.97 0.000  0.74 0.000 9.999 0.259000 99.99 0.259000  0.211 0.000000   0.325 0.000   0.454 0.000 999.99 0.259000    3.059 0.000    1.658 0.000   1.401 0.000 0.008 0.000 0.037 0.000
 34.333333  35.333333    8.00 0.000  0.53 0.000 9.999 0.259000  0.40 0.000000  0.012 0.000000   0.236 0.000   0.330 0.000 999.99 0.259000    1.529 0.000    0.862 0.000   0.667 0.000 0.007 0.000 0.050 0.000
 37.333333  38.333333   49.55 0.559  1.70 0.559 9.999 0.559259  0.51 0.559000  0.879 0.000000   1.223 0.000   1.712 0.000 999.99 0.559259   14.679 0.000    7.997 0.000   6.682 0.559 0.018 0.559 0.102 0.000
 40.333333  41.333333   26.67 0.000  0.73 0.000 9.999 0.259000 99.99 0.259000  0.042 0.000000   0.300 0.000   0.420 0.000 999.99 0.259000    8.941 0.000    7.773 0.000   1.168 0.000 0.013 0.000 0.054 0.000
 43.333333  44.333333 9999.99 0.999 99.99 0.999 9.999 0.999000 99.99 0.999000 99.999 0.999000 999.999 0.999 999.999 0.999 999.99 0.999000 9999.999 0.999 9999.999 0.999 999.999 0.999 9.999 0.999 9.999 0.999
 46.333333  47.333333   57.38 0.559  1.98 0.559 9.999 0.559259  0.40 0.559000  1.558 0.000000   1.336 0.000   1.871 0.000 999.99 0.559259   17.947 0.000    5.656 0.000  12.291 0.559 0.049 0.559 0.409 0.000
 49.333333  50.333333   19.88 0.000  0.66 0.000 9.999 0.259000  3.99 0.000000  0.112 0.000000   0.550 0.000   0.771 0.000 999.99 0.259000    2.287 0.000    0.790 0.000   1.497 0.000 0.017 0.000 0.052 0.000
 52.333333  53.333333   35.21 0.000  1.05 0.000 9.999 0.259000 99.99 0.259000  0.054 0.559000   0.570 0.000   0.798 0.000 999.99 0.259000    4.561 0.000    2.508 0.000   2.053 0.000 0.011 0.000 0.046 0.559
 55.333333  56.333333   44.66 0.000  1.00 0.000 9.999 0.259000 99.99 0.259000  0.086 0.000000   0.663 0.000   0.928 0.000 999.99 0.259000    5.622 0.000    3.244 0.000   2.377 0.000 0.032 0.000 0.119 0.000
 58.333333  59.333333   54.84 0.000  1.72 0.000 9.999 0.259000  0.28 0.000000  0.849 0.000000   1.546 0.000   2.165 0.000 999.99 0.259000   13.473 0.000    6.589 0.000   6.884 0.000 0.044 0.000 0.248 0.000
 61.333333  62.333333   24.96 0.000  0.80 0.000 9.999 0.259000  0.12 0.000000  0.077 0.000000   0.362 0.000   0.507 0.000 999.99 0.259000    5.073 0.000    3.199 0.000   1.874 0.000 0.017 0.000 0.138 0.000
 64.333333  65.333333   28.71 0.000  1.01 0.000 9.999 0.259000  0.42 0.000000 99.999 0.999000   0.841 0.000   1.177 0.000 999.99 0.259000    8.576 0.000    5.135 0.000   3.441 0.000 0.021 0.000 9.999 0.999
 67.333333  68.333333   53.22 0.000  1.36 0.000 9.999 0.259000  0.57 0.000000 99.999 0.999000   0.745 0.000   1.043 0.000 999.99 0.259000   14.222 0.000    9.662 0.000   4.560 0.000 0.032 0.000 9.999 0.999
 70.333333  71.333333   81.90 0.559  1.96 0.559 9.999 0.559259  0.67 0.559000  1.099 0.000000   2.194 0.000   3.071 0.000 999.99 0.559259   19.456 0.000    9.377 0.000  10.079 0.559 0.030 0.559 0.326 0.000
 73.333333  74.333333   35.38 0.000  0.70 0.000 9.999 0.259000  0.82 0.000000  0.323 0.000000   0.562 0.000   0.787 0.000 999.99 0.259000   12.079 0.000    8.560 0.000   3.519 0.000 0.021 0.000 0.110 0.000
 76.333333  77.333333   35.91 0.000  0.59 0.000 9.999 0.259000  0.76 0.000000  0.068 0.000000   0.239 0.000   0.334 0.000 999.99 0.259000    6.359 0.000    4.546 0.000   1.813 0.000 0.022 0.000 0.098 0.000
 79.333333  80.333333   55.35 0.559  1.74 0.559 9.999 0.559259  0.53 0.559000  0.647 0.000000   0.996 0.000   1.395 0.000 999.99 0.559259   12.142 0.000    6.883 0.000   5.259 0.559 0.021 0.559 0.142 0.000
 82.333333  83.333333   12.44 0.000  0.92 0.000 9.999 0.259000  0.44 0.000000  0.283 0.000000   0.540 0.000   0.756 0.000 999.99 0.259000    4.309 0.000    1.662 0.000   2.647 0.000 0.009 0.000 0.205 0.000
 85.333333  86.333333   79.52 0.000  2.55 0.000 9.999 0.259000  0.97 0.000000  1.486 0.000000   1.838 0.000   2.573 0.000 999.99 0.259000   21.837 0.000   10.544 0.000  11.293 0.000 0.039 0.000 0.580 0.000
 88.333333  89.333333   78.18 0.000  1.36 0.000 9.999 0.259000  0.18 0.000000  0.098 0.000000   0.864 0.000   1.209 0.000 999.99 0.259000    7.651 0.000    3.765 0.000   3.886 0.000 0.057 0.000 0.235 0.000
 91.333333  92.333333  120.95 0.000  2.59 0.000 9.999 0.259000  0.37 0.000000  0.240 0.559000   1.164 0.000   1.630 0.000 999.99 0.259000   10.673 0.000    4.393 0.000   6.280 0.000 0.080 0.000 0.546 0.559
 94.333333  95.333333   68.82 0.000  2.72 0.000 9.999 0.259000  0.66 0.000000  1.031 0.000000   1.541 0.000   2.158 0.000 999.99 0.259000   15.843 0.000    5.176 0.000  10.667 0.000 0.043 0.000 0.840 0.000
 97.333333  98.333333   49.26 0.559  1.54 0.559 9.999 0.559259  0.21 0.559000  0.170 0.000000   1.036 0.000   1.450 0.000 999.99 0.559259    7.069 0.000    2.798 0.000   4.271 0.559 0.034 0.559 0.329 0.000
100.333333 101.333333   89.48 0.000  2.86 0.000 9.999 0.259000  0.50 0.000000  0.468 0.000000   1.769 0.000   2.477 0.000 999.99 0.259000   14.679 0.000    7.455 0.000   7.223 0.000 0.048 0.000 0.551 0.000
103.333333 104.333333   95.39 0.000  1.02 0.000 9.999 0.259000  0.25 0.000000  0.108 0.559000   0.989 0.000   1.385 0.000 999.99 0.259000   10.665 0.000    5.637 0.000   5.028 0.000 0.050 0.000 0.334 0.559
106.333333 107.333333  132.83 0.000  1.63 0.000 9.999 0.259000  0.41 0.000000  0.457 0.000000   0.920 0.000   1.288 0.000 999.99 0.259000   14.684 0.000    6.312 0.000   8.371 0.000 0.075 0.000 0.632 0.000
109.333333 110.333333   37.49 0.000  1.27 0.000 9.999 0.259000  0.39 0.000000  0.819 0.000000   1.515 0.000   2.120 0.000 999.99 0.259000   17.779 0.000   10.266 0.000   7.513 0.000 0.035 0.000 0.377 0.000
112.333333 113.333333   86.28 0.000  1.83 0.000 9.999 0.259000  0.37 0.000000  0.378 0.000000   1.108 0.000   1.552 0.000 999.99 0.259000   10.967 0.000    5.704 0.000   5.263 0.000 0.053 0.000 0.320 0.000
115.333333 116.333333   25.00 0.000  0.47 0.000 9.999 0.259000  0.21 0.000000  0.061 0.000000   0.204 0.000   0.286 0.000 999.99 0.259000    2.694 0.000    1.547 0.000   1.147 0.000 0.014 0.000 0.091 0.000
118.333333 119.333333  138.28 0.000  2.16 0.000 9.999 0.259000  0.40 0.000000  0.530 0.000000   1.161 0.000   1.626 0.000 999.99 0.259000   13.429 0.000    7.138 0.000   6.290 0.000 0.086 0.000 0.279 0.000
121.333333 122.333333   68.12 0.000  1.61 0.000 9.999 0.259000  0.45 0.000000  0.628 0.000000   1.189 0.000   1.665 0.000 999.99 0.259000   13.140 0.000    7.444 0.000   5.696 0.000 0.039 0.000 0.447 0.000
124.333333 125.333333   76.27 0.000  1.67 0.000 9.999 0.259000  0.53 0.000000  0.432 0.000000   1.602 0.000   2.243 0.000 999.99 0.259000   14.840 0.000    6.647 0.000   8.193 0.000 0.045 0.000 0.789 0.000
127.333333 128.333333  135.56 0.000  2.17 0.000 9.999 0.259000  1.31 0.000000  0.677 0.000000   1.605 0.000   2.247 0.000 999.99 0.259000   27.987 0.000   17.813 0.000  10.174 0.000 0.080 0.000 0.692 0.000
130.333333 131.333333  113.46 0.000  0.98 0.000 9.999 0.259000  0.28 0.000000  0.243 0.000000   0.738 0.000   1.034 0.000 999.99 0.259000   24.180 0.000   18.793 0.000   5.387 0.000 0.067 0.000 0.296 0.000
133.333333 134.333333  109.63 0.000  1.74 0.000 9.999 0.259000  0.96 0.000000  0.640 0.000000   2.499 0.000   3.498 0.000 999.99 0.259000   23.016 0.000   12.946 0.000  10.070 0.000 0.090 0.000 0.473 0.000
136.333333 137.333333   96.50 0.000  1.38 0.000 9.999 0.259000  0.38 0.000000  0.216 0.000000   1.207 0.000   1.690 0.000 999.99 0.259000   17.964 0.000   10.833 0.000   7.131 0.000 0.062 0.000 0.509 0.000
139.333333 140.333333    6.96 0.000 99.99 0.259 9.999 0.259000 99.99 0.259000  0.060 0.000000   0.344 0.000   0.482 0.000 999.99 0.259000    2.385 0.000    0.933 0.000   1.452 0.000 0.008 0.000 0.104 0.000
142.333333 143.333333   53.55 0.000  1.56 0.000 9.999 0.259000  0.39 0.000000  0.587 0.000000   1.762 0.000   2.467 0.000 999.99 0.259000   16.246 0.000   10.250 0.000   5.996 0.000 0.031 0.000 0.356 0.000
145.333333 146.333333   39.83 0.000  1.42 0.000 9.999 0.259000  0.42 0.000000  0.376 0.559000   1.748 0.000   2.448 0.000 999.99 0.259000   14.014 0.000    7.225 0.000   6.789 0.000 0.035 0.000 0.657 0.559
148.333333 149.333333   82.07 0.559  1.37 0.559 9.999 0.559259  0.31 0.559000  0.143 0.000000   1.389 0.000   1.944 0.000 999.99 0.559259   14.222 0.000    8.402 0.000   5.820 0.559 0.054 0.559 0.496 0.000
151.333333 152.333333   62.47 0.000  1.35 0.000 9.999 0.259000  0.74 0.000000  0.159 0.000000   1.039 0.000   1.454 0.000 999.99 0.259000   10.269 0.000    3.810 0.000   6.459 0.000 0.051 0.000 0.751 0.000
154.333333 155.333333   77.55 0.559  1.11 0.559 9.999 0.559259  0.22 0.559000  0.148 0.000000   1.517 0.000   2.124 0.000 999.99 0.559259   15.276 0.000    8.783 0.000   6.493 0.559 0.066 0.559 0.425 0.000
157.333333 158.333333   61.73 0.559  1.59 0.559 9.999 0.559259  0.30 0.559000  0.183 0.000000   3.046 0.000   4.264 0.000 999.99 0.559259   18.490 0.000    8.496 0.000   9.993 0.559 0.085 0.559 0.607 0.000
160.333333 161.333333  147.41 0.000  0.54 0.000 9.999 0.259000 99.99 0.259000  0.096 0.000000   0.638 0.000   0.893 0.000 999.99 0.259000   17.677 0.000   12.304 0.000   5.373 0.000 0.116 0.000 0.187 0.000
163.333333 164.333333   53.11 0.559  1.13 0.559 0.045 0.559000  0.29 0.559000  0.213 0.000000 999.999 0.999 999.999 0.999 999.99 0.559259   11.173 0.000    6.680 0.000   4.494 0.559 0.035 0.559 0.343 0.000
166.333333 167.333333   78.32 0.699  1.52 0.699 9.999 0.699259  0.41 0.699000  0.252 0.000000 999.999 0.999 999.999 0.999 999.99 0.699259   14.857 0.000    7.183 0.000   7.674 0.699 0.054 0.699 0.512 0.000
169.333333 170.333333   83.51 0.699  1.73 0.699 9.999 0.699259  0.49 0.699000  0.415 0.000000   2.404 0.000   3.365 0.000 999.99 0.699259   23.134 0.000   13.760 0.000   9.373 0.699 0.083 0.699 0.676 0.000
172.333333 173.333333   57.80 0.559  1.55 0.559 9.999 0.559259  0.32 0.559000  0.193 0.000000   1.496 0.000   2.095 0.000 999.99 0.559259   11.674 0.000    6.016 0.000   5.657 0.559 0.028 0.559 0.427 0.000
175.333333 176.333333   41.70 0.000  1.40 0.000 9.999 0.259000  0.32 0.000000  0.120 0.000000   0.945 0.000   1.322 0.000 999.99 0.259000    6.844 0.000    2.909 0.000   3.935 0.000 0.020 0.000 0.389 0.000
178.333333 179.333333   85.45 0.000  2.03 0.000 9.999 0.259000  0.55 0.000000  0.217 0.000000   2.134 0.000   2.988 0.000 999.99 0.259000   19.971 0.000   11.250 0.000   8.721 0.000 0.038 0.000 0.762 0.000
181.333333 182.333333   69.83 0.559  1.94 0.559 9.999 0.559259  0.41 0.559000  0.153 0.000000   1.201 0.000   1.681 0.000 999.99 0.559259   12.500 0.000    6.696 0.000   5.804 0.559 0.071 0.559 0.519 0.000
184.333333 185.333333   59.26 0.000  1.52 0.000 9.999 0.259000  0.28 0.000000  0.123 0.000000   1.450 0.000   2.030 0.000 999.99 0.259000   17.851 0.000   10.555 0.000   7.296 0.000 0.049 0.000 0.702 0.000
187.333333 188.333333   26.28 0.000  1.10 0.000 9.999 0.259000  0.34 0.000000  0.118 0.000000   1.429 0.000   2.001 0.000 999.99 0.259000   10.120 0.000    4.364 0.000   5.756 0.000 0.040 0.000 0.568 0.000
190.333333 191.333333   99.28 0.699  1.70 0.699 9.999 0.699259  0.49 0.699000  0.129 0.000000   1.662 0.000   2.326 0.000 999.99 0.699259   18.149 0.000    9.441 0.000   8.708 0.699 0.113 0.699 0.812 0.000
193.333333 194.333333   70.78 0.000  0.92 0.000 9.999 0.259000  0.34 0.000000  0.088 0.000000   1.438 0.000   2.013 0.000 999.99 0.259000   16.815 0.000    9.251 0.000   7.564 0.000 0.055 0.000 0.784 0.000
196.333333 197.333333 9999.99 0.456 99.99 0.456 9.999 0.456000 99.99 0.456000 99.999 0.456000 999.999 0.999 999.999 0.999 999.99 0.456000 9999.999 0.456 9999.999 0.999 999.999 0.456 9.999 0.456 9.999 0.456
199.333333 200.333333   51.83 0.000  1.36 0.000 9.999 0.259000  0.45 0.000000  0.097 0.000000   0.786 0.000   1.101 0.000 999.99 0.259000    9.146 0.000    4.762 0.000   4.384 0.000 0.026 0.000 0.476 0.000
202.333333 203.333333   75.63 0.000  0.64 0.000 9.999 0.259000  0.78 0.000000  0.088 0.000000   0.627 0.000   0.878 0.000 999.99 0.259000    5.632 0.000    1.434 0.000   4.198 0.000 0.032 0.000 0.295 0.000
205.333333 206.333333   59.01 0.000  0.80 0.000 9.999 0.259000  0.83 0.000000  0.086 0.000000   1.195 0.000   1.673 0.000 999.99 0.259000   18.380 0.000   13.825 0.000   4.555 0.000 0.029 0.000 0.300 0.000
208.333333 209.333333   34.48 0.000  1.05 0.000 9.999 0.259000  0.29 0.000000  0.088 0.000000   1.478 0.000   2.069 0.000 999.99 0.259000    9.028 0.000    4.132 0.000   4.896 0.000 0.026 0.000 0.282 0.000
211.333333 212.333333 9999.99 0.999 99.99 0.999 9.999 0.999000 99.99 0.999000 99.999 0.999000 999.999 0.999 999.999 0.999 999.99 0.999000 9999.999 0.999 9999.999 0.999 999.999 0.999 9.999 0.999 9.999 0.999
214.333333 215.333333   19.41 0.699  0.46 0.699 9.999 0.699259  0.21 0.699000  0.106 0.000000   6.529 0.000   9.140 0.000 999.99 0.699259   15.832 0.000    1.807 0.000  14.025 0.699 0.111 0.699 0.374 0.000
217.333333 218.333333   34.63 0.000  1.37 0.000 9.999 0.259000  0.33 0.000000  0.140 0.000000   2.160 0.000   3.023 0.000  15.24 0.000000    8.462 0.000    2.539 0.000   5.923 0.000 0.066 0.000 0.268 0.000
220.333333 221.333333   26.41 0.000  0.62 0.000 9.999 0.259000  0.20 0.000000  0.091 0.000000   1.772 0.000   2.480 0.000   7.16 0.000000    9.016 0.000    4.580 0.000   4.436 0.000 0.044 0.000 0.147 0.000
223.333333 224.333333   51.78 0.559  0.91 0.559 9.999 0.559259  0.26 0.559000  0.116 0.000000   2.589 0.000   3.625 0.000 999.99 0.559259   12.153 0.000    4.870 0.000   7.283 0.559 0.045 0.559 0.370 0.000
226.333333 227.333333   82.84 0.000  1.22 0.000 0.021 0.000000  0.50 0.000000  0.178 0.000000   3.698 0.000   5.177 0.000 999.99 0.259000   23.134 0.000   10.679 0.000  12.455 0.000 0.062 0.000 0.821 0.000
229.333333 230.333333   59.58 0.699  0.99 0.699 9.999 0.699259  0.27 0.699000  0.115 0.000000   9.004 0.000  12.605 0.000 999.99 0.699259   25.673 0.000    4.981 0.000  20.692 0.699 0.147 0.699 0.560 0.000
