scripts/IMPROVE-2019_partial/data/US9015R.20110103060000.20191216000000.filterpack...1y.3d.US03L_filterpack_US9015.US03L_IMPROVE_Davis.lev2.nas
51 1001
MISSING INFORMATION
US03L, IMPROVE, , , , , , , 
MISSING INFORMATION
IMPROVE sel_HTAP
1 1
2011 01 01 2019 12 16
3.00
days from file reference point
4
1 1 1 1
999.99 999.999 999.999 9.999
end_time of measurement, days from the file reference point
pm10_mass, ug/m3, Matrix=pm10
pm25_mass, ug/m3, Matrix=pm25
numflag, no unit
0
33
Data definition:              EBAS_1.1
Set type code:                TU
Timezone:                     UTC
File name:                    US9015R.20110103060000.20191216000000.filterpack...1y.3d.US03L_filterpack_US9015.US03L_IMPROVE_Davis.lev2.nas
File creation:                20191218120612
Startdate:                    20110103060000
Revision date:                20191216000000
Version:                      2
Version description:          "Data extracted from http://views.cira.colostate.edu/fed/DataWizard 2019-12-16"
Statistics:                   arithmetic mean
Data level:                   2
Period code:                  1y
Resolution code:              3d
Sample duration:              1d
Orig. time res.:              3d
Station code:                 US9015R
Platform code:                US9015S
Station name:                 Nebraska NF
Station latitude:             41.8888
Station longitude:            -100.3387
Station altitude:             883.0 m
Regime:                       IMG
Component:                    
Unit:                         ug/m3
Matrix:                       
Laboratory code:              US03L
Instrument type:              filterpack
Instrument name:              filterpack_US9015
Method ref:                   US03L_IMPROVE_Davis
Blank correction:             Blank corrected
Volume std. temperature:      ambient
Volume std. pressure:         ambient
starttime endtime PM10 PM2.5 flag
  2.25   3.25   2.908   1.472 0.000
  5.25   6.25   2.417   1.516 0.000
  8.25   9.25   5.812   8.064 0.000
 11.25  12.25   3.832   3.890 0.000
 14.25  15.25   8.300   6.799 0.000
 17.25  18.25   9.692   8.355 0.000
 20.25  21.25   2.074   1.392 0.000
 23.25  24.25   0.660   0.709 0.000
 26.25  27.25   1.758   0.928 0.000
 29.25  30.25   5.066   4.401 0.000
 32.25  33.25   2.142   1.247 0.000
 35.25  36.25   2.023   1.340 0.000
 38.25  39.25   3.115   2.697 0.000
 41.25  42.25   2.777   1.382 0.000
 44.25  45.25   2.224   0.798 0.000
 47.25  48.25   6.186   1.714 0.000
 50.25  51.25   4.768   3.755 0.000
 53.25  54.25   6.613   3.632 0.000
 56.25  57.25   9.276   8.475 0.000
 59.25  60.25   4.454   3.112 0.000
 62.25  63.25   9.403   6.742 0.000
 65.25  66.25  12.764   6.821 0.000
 68.25  69.25   3.337   1.933 0.000
 71.25  72.25   5.408   3.931 0.000
 74.25  75.25   7.741   3.345 0.000
 77.25  78.25  18.991   9.655 0.000
 80.25  81.25  10.338   5.647 0.000
 83.25  84.25  27.365  26.133 0.000
 86.25  87.25  13.073  11.230 0.000
 89.25  90.25   2.453   1.080 0.000
 92.25  93.25   7.900   1.650 0.000
 95.25  96.25   5.406   1.955 0.000
 98.25  99.25  15.461  11.117 0.000
101.25 102.25  11.979   4.739 0.000
104.25 105.25   3.057   2.376 0.000
107.25 108.25   7.322   6.338 0.000
110.25 111.25   8.020   5.366 0.000
113.25 114.25   4.397   3.148 0.000
116.25 117.25   5.029   3.682 0.000
119.25 120.25   5.641   1.488 0.000
122.25 123.25   6.785   2.264 0.000
125.25 126.25   6.834   2.263 0.000
128.25 129.25  19.060   9.789 0.000
131.25 132.25 999.999 999.999 0.999
134.25 135.25 999.999 999.999 0.999
137.25 138.25   8.826   4.872 0.000
140.25 141.25   2.863   1.609 0.000
143.25 144.25   6.014   3.170 0.000
146.25 147.25   5.288   2.785 0.000
149.25 150.25  26.594  10.215 0.000
152.25 153.25  24.503   8.331 0.000
155.25 156.25  17.356   6.763 0.000
158.25 159.25  10.841   4.132 0.000
161.25 162.25   9.911   4.511 0.000
164.25 165.25   6.287   2.891 0.000
167.25 168.25   5.953   2.361 0.000
170.25 171.25   5.259   3.221 0.000
173.25 174.25   6.989   3.901 0.000
176.25 177.25   6.551   4.179 0.000
179.25 180.25  23.271   7.578 0.000
182.25 183.25   8.367   4.713 0.000
185.25 186.25  10.805   5.986 0.000
188.25 189.25   9.517   4.728 0.000
191.25 192.25  12.184   5.924 0.000
194.25 195.25  13.378   6.739 0.000
197.25 198.25  18.680   7.972 0.000
200.25 201.25  25.685   5.442 0.000
203.25 204.25  20.592   8.201 0.000
206.25 207.25  12.344   4.795 0.000
209.25 210.25   8.717   6.520 0.000
212.25 213.25  13.725   5.189 0.000
215.25 216.25 999.999 999.999 0.999
218.25 219.25 999.999 999.999 0.999
221.25 222.25   7.731   4.347 0.000
224.25 225.25   6.595   4.451 0.000
227.25 228.25  10.078   4.695 0.000
230.25 231.25   9.438   3.987 0.000
233.25 234.25  13.884   7.460 0.000
236.25 237.25  20.204   5.149 0.000
239.25 240.25  16.695   9.282 0.000
242.25 243.25  17.021   8.814 0.000
245.25 246.25   7.934   3.194 0.000
248.25 249.25  11.438   3.370 0.000
251.25 252.25  14.364   5.117 0.000
254.25 255.25  15.683   5.238 0.000
257.25 258.25   4.244   1.425 0.000
260.25 261.25   5.741   3.750 0.000
263.25 264.25   4.281   1.863 0.000
266.25 267.25   9.048   3.294 0.000
269.25 270.25  11.823   4.071 0.000
272.25 273.25  11.807   2.904 0.000
275.25 276.25  26.252   7.235 0.000
278.25 279.25  57.824   8.806 0.000
281.25 282.25   3.122   2.324 0.000
284.25 285.25   4.204   1.906 0.000
287.25 288.25   5.957   2.568 0.000
290.25 291.25   5.627   3.236 0.000
293.25 294.25   8.754   3.908 0.000
296.25 297.25   7.578   2.579 0.000
299.25 300.25   3.229   2.309 0.000
302.25 303.25   3.603   1.963 0.000
305.25 306.25   2.458   1.357 0.000
308.25 309.25  22.851   4.194 0.000
311.25 312.25  11.685   4.452 0.000
314.25 315.25   5.784   2.997 0.000
317.25 318.25   6.929   2.448 0.000
320.25 321.25   6.995   2.406 0.000
323.25 324.25   3.464   2.209 0.000
326.25 327.25 999.999 999.999 0.999
329.25 330.25 999.999 999.999 0.999
332.25 333.25 999.999 999.999 0.999
335.25 336.25   7.812   2.440 0.000
338.25 339.25   3.028   1.776 0.000
341.25 342.25   3.689   2.406 0.000
344.25 345.25  17.942  16.950 0.000
347.25 348.25   6.694   6.101 0.000
350.25 351.25   2.181   1.446 0.000
353.25 354.25   4.074   1.621 0.000
356.25 357.25   1.771   0.960 0.000
359.25 360.25   2.473   0.904 0.000
362.25 363.25   3.037   1.193 0.000
