scripts/IMPROVE-2019_partial/data/US9030R.20030103090000.20191216000000.filterpack..pm25.1y.1w.US03L_filterpack_US9030.US03L_IMPROVE_Davis.lev2.nas
66 1001
MISSING INFORMATION
US03L, IMPROVE, , , , , , , 
MISSING INFORMATION
IMPROVE sel_HTAP
1 1
2003 01 01 2019 12 16
3.000
days from file reference point
27
1 1 1 1 1 1 1 1 1 1 1 1 1 1 1 1 1 1 1 1 1 1 1 1 1 1 1
999.999 9999.99 9.999 99.99 9.999 9.999 9.999999 9.99 9.999 9.999 9.999999 99.999 9.999 99.999 9.999 999.99 9.999999 999.999 9.999 999.999 9.999 999.999 9.999 9.999 9.999 9.999 9.999
end_time of measurement, days from the file reference point
iron, ng/m3, Revision date=20181210133000
numflag iron, no unit, Revision date=20181210133000
lead, ng/m3, Revision date=20181210133000
numflag lead, no unit, Revision date=20181210133000
magnesium, ug/m3, Revision date=20181210133000
numflag magnesium, no unit, Revision date=20181210133000
nickel, ng/m3, Revision date=20181210133000
numflag nickel, no unit, Revision date=20181210133000
nitrate, ug N/m3, Revision date=20181210133000
numflag nitrate, no unit, Revision date=20181210133000
organic_carbon, ug C/m3, Revision date=20181210133000
numflag organic_carbon, no unit, Revision date=20181210133000
organic_mass, ug/m3, Revision date=20181210133000
numflag organic_mass, no unit, Revision date=20181210133000
phosphorus, ng/m3, Revision date=20181210133000
numflag phosphorus, no unit, Revision date=20181210133000
pm10_mass, ug/m3, Version=2, Version description=Data extracted from http://views.cira.colostate.edu/fed/DataWizard 2019-12-16, Sample duration=1d, Orig. time res.=3d, Matrix=pm10, Blank correction=Blank corrected, Volume std. temperature=ambient, Volume std. pressure=ambient
numflag pm10_mass, no unit, Version=2, Version description=Data extracted from http://views.cira.colostate.edu/fed/DataWizard 2019-12-16, Sample duration=1d, Orig. time res.=3d, Matrix=pm10, Blank correction=Blank corrected, Volume std. temperature=ambient, Volume std. pressure=ambient
pm10_pm25_mass, ug/m3, Revision date=20181210133000, Matrix=pm10_pm25
numflag pm10_pm25_mass, no unit, Revision date=20181210133000, Matrix=pm10_pm25
pm25_mass, ug/m3, Version=2, Version description=Data extracted from http://views.cira.colostate.edu/fed/DataWizard 2019-12-16, Sample duration=1d, Orig. time res.=3d, Blank correction=Blank corrected, Volume std. temperature=ambient, Volume std. pressure=ambient
numflag pm25_mass, no unit, Version=2, Version description=Data extracted from http://views.cira.colostate.edu/fed/DataWizard 2019-12-16, Sample duration=1d, Orig. time res.=3d, Blank correction=Blank corrected, Volume std. temperature=ambient, Volume std. pressure=ambient
potassium, ug/m3, Revision date=20181210133000
numflag potassium, no unit, Revision date=20181210133000
sulphate_total, ug S/m3, Revision date=20181210133000
numflag sulphate_total, no unit, Revision date=20181210133000
0
25
Data definition:              EBAS_1.1
Set type code:                TU
Timezone:                     UTC
File name:                    US9030R.20030103090000.20191216000000.filterpack..pm25.1y.1w.US03L_filterpack_US9030.US03L_IMPROVE_Davis.lev2.nas
File creation:                20191218120712
Startdate:                    20030103090000
Revision date:                20191216000000
Statistics:                   arithmetic mean
Data level:                   2
Period code:                  1y
Resolution code:              1w
Station code:                 US9030R
Platform code:                US9030S
Station name:                 Simeonof
Station latitude:             55.3255
Station longitude:            -160.5063
Station altitude:             57.0 m
Regime:                       IMG
Component:                    
Matrix:                       pm25
Laboratory code:              US03L
Instrument type:              filterpack
Instrument name:              filterpack_US9030
Method ref:                   US03L_IMPROVE_Davis
starttime endtime Fe flag_Fe Pb flag_Pb Mg++ flag_Mg++ Ni flag_Ni NO3- flag_NO3- OC flag_OC OM flag_OM P flag_P PM10 flag_PM10 PM10-PM2.5 flag_PM10-PM2.5 PM2.5 flag_PM2.5 K+ flag_K+ SO4-- flag_SO4--
  2.375   3.375    0.43 0.000  0.14 0.000 9.999 0.259000 9.99 0.259 0.007 0.000000  0.061 0.000  0.086 0.000 999.99 0.259000   2.014 0.000   0.877 0.000   1.136 0.000 0.005 0.000 0.069 0.000
  5.375   6.375    0.97 0.000 99.99 0.259 0.008 0.000000 9.99 0.259 0.003 0.000000  0.090 0.000  0.126 0.000 999.99 0.259000   2.329 0.000   1.656 0.000   0.673 0.000 0.003 0.000 0.043 0.000
  8.375   9.375    0.94 0.000 99.99 0.259 9.999 0.259000 0.08 0.000 0.011 0.000000 99.999 0.259 99.999 0.259 999.99 0.259000   3.100 0.000   2.055 0.000   1.045 0.000 0.008 0.000 0.061 0.000
 11.375  12.375    2.09 0.000  0.07 0.000 9.999 0.259000 9.99 0.259 0.016 0.000000  0.087 0.000  0.122 0.000 999.99 0.259000   5.539 0.000   3.426 0.000   2.114 0.000 0.014 0.000 0.088 0.000
 14.375  15.375    0.47 0.000  0.08 0.000 0.106 0.000000 9.99 0.259 0.005 0.000000 99.999 0.259 99.999 0.259   8.36 0.000000   6.209 0.000   3.401 0.000   2.809 0.000 0.022 0.000 0.087 0.000
 17.375  18.375    0.90 0.000  0.17 0.000 9.999 0.259000 9.99 0.259 0.017 0.000000 99.999 0.259 99.999 0.259 999.99 0.259000   6.287 0.000   4.023 0.000   2.264 0.000 0.021 0.000 0.083 0.000
 20.375  21.375    4.20 0.000  0.19 0.000 0.101 0.000000 9.99 0.259 0.027 0.000000  0.181 0.000  0.254 0.000 999.99 0.259000  17.191 0.000   9.372 0.000   7.819 0.000 0.052 0.000 0.224 0.000
 23.375  24.375    3.53 0.000  0.07 0.000 0.039 0.000000 9.99 0.259 0.007 0.000000  0.036 0.000  0.051 0.000 999.99 0.259000   4.643 0.000   2.915 0.000   1.728 0.000 0.015 0.000 0.051 0.000
 26.375  27.375    0.47 0.000  0.08 0.000 0.027 0.000000 9.99 0.259 0.005 0.000000  0.039 0.000  0.055 0.000 999.99 0.259000   3.059 0.000   1.934 0.000   1.125 0.000 0.006 0.000 0.079 0.000
 29.375  30.375    1.00 0.000  0.20 0.000 9.999 0.259000 9.99 0.259 0.007 0.000000  0.070 0.000  0.098 0.000 999.99 0.259000   1.890 0.000   1.178 0.000   0.712 0.000 0.004 0.000 0.067 0.000
 32.375  33.375    2.31 0.000  0.16 0.000 0.119 0.000000 9.99 0.259 0.021 0.000000  0.049 0.000  0.068 0.000 999.99 0.259000  10.643 0.000   6.464 0.000   4.179 0.000 0.033 0.000 0.191 0.000
 35.375  36.375    0.59 0.000  0.11 0.000 0.029 0.000000 0.02 0.000 0.005 0.000000  0.159 0.000  0.223 0.000 999.99 0.259000   2.150 0.000   1.540 0.000   0.609 0.000 0.005 0.000 0.043 0.000
 38.375  39.375    0.92 0.000 99.99 0.259 0.045 0.000000 0.12 0.000 0.016 0.000000  0.033 0.000  0.046 0.000 999.99 0.259000   2.548 0.000   1.045 0.000   1.503 0.000 0.009 0.000 0.085 0.000
 41.375  42.375    0.32 0.000  0.08 0.000 9.999 0.259000 9.99 0.259 0.006 0.000000  0.070 0.000  0.097 0.000 999.99 0.259000   1.121 0.000   0.631 0.000   0.490 0.000 0.001 0.000 0.021 0.000
 44.375  45.375    0.58 0.000  0.10 0.000 0.012 0.000000 0.08 0.000 0.017 0.000000 99.999 0.259 99.999 0.259   1.44 0.000000   1.931 0.000   1.258 0.000   0.673 0.000 0.003 0.000 0.079 0.000
 47.375  48.375    0.34 0.000  0.06 0.000 9.999 0.259000 9.99 0.259 0.011 0.000000  0.027 0.000  0.038 0.000 999.99 0.259000   0.945 0.000   0.612 0.000   0.334 0.000 0.002 0.000 0.051 0.000
 50.375  51.375    2.42 0.000 99.99 0.259 9.999 0.259000 9.99 0.259 0.026 0.000000 99.999 0.259 99.999 0.259 999.99 0.259000  12.318 0.000   7.165 0.000   5.153 0.000 0.037 0.000 0.144 0.000
 53.375  54.375    0.93 0.000 99.99 0.259 0.133 0.000000 0.06 0.000 0.022 0.000000 99.999 0.259 99.999 0.259 999.99 0.259000  14.426 0.000   6.625 0.000   7.801 0.000 0.050 0.000 0.194 0.000
 56.375  57.375    0.40 0.000  0.05 0.000 0.145 0.000000 9.99 0.259 0.011 0.000000  0.006 0.000  0.008 0.000 999.99 0.259000  16.149 0.000   8.641 0.000   7.508 0.000 0.045 0.000 0.182 0.000
 59.375  60.375    9.84 0.000  0.64 0.000 9.999 0.259000 9.99 0.259 0.040 0.000000  0.027 0.000  0.038 0.000 999.99 0.259000  10.602 0.000   4.342 0.000   6.259 0.000 0.053 0.000 0.391 0.000
 62.375  63.375    0.95 0.000  0.13 0.000 0.020 0.000000 9.99 0.259 0.005 0.000000 99.999 0.259 99.999 0.259   2.02 0.000000   4.609 0.000   3.157 0.000   1.452 0.000 0.008 0.000 0.063 0.000
 65.375  66.375   14.21 0.000  0.53 0.000 0.006 0.000000 9.99 0.259 0.021 0.000000  0.187 0.000  0.262 0.000 999.99 0.259000   7.150 0.000   5.088 0.000   2.062 0.000 0.016 0.000 0.163 0.000
 68.375  69.375    9.17 0.000  0.37 0.000 9.999 0.259000 9.99 0.259 0.011 0.000000  0.050 0.000  0.071 0.000 999.99 0.259000   8.598 0.000   6.131 0.000   2.467 0.000 0.016 0.000 0.168 0.000
 71.375  72.375   19.13 0.000  2.82 0.000 9.999 0.259000 0.10 0.000 0.027 0.000000  0.520 0.000  0.728 0.000 999.99 0.259000  11.269 0.000   9.473 0.000   1.796 0.000 0.032 0.000 0.524 0.000
 74.375  75.375   19.65 0.000  1.76 0.000 9.999 0.259000 0.09 0.000 0.036 0.000000  0.258 0.000  0.360 0.000 999.99 0.259000  11.698 0.000   7.099 0.000   4.599 0.000 0.039 0.000 0.411 0.000
 77.375  78.375  112.36 0.000  0.82 0.000 9.999 0.259000 9.99 0.259 0.026 0.000000  0.427 0.000  0.598 0.000 999.99 0.259000   6.531 0.000   0.794 0.000   5.737 0.000 0.023 0.000 0.457 0.000
 80.375  81.375   76.62 0.000  0.58 0.000 9.999 0.259000 9.99 0.259 0.021 0.000000  0.724 0.000  1.013 0.000 999.99 0.259000   4.948 0.000 999.999 0.259   5.657 0.000 0.015 0.000 0.337 0.000
 83.375  84.375    7.41 0.000  0.34 0.000 0.047 0.000000 9.99 0.259 0.033 0.000000  0.033 0.000  0.045 0.000 999.99 0.259000  11.972 0.000   8.637 0.000   3.334 0.000 0.025 0.000 0.176 0.000
 86.375  87.375   15.86 0.000  0.52 0.000 9.999 0.259000 9.99 0.259 0.022 0.000000  0.177 0.000  0.248 0.000 999.99 0.259000  14.177 0.000  12.327 0.000   1.850 0.000 0.017 0.000 0.243 0.000
 89.375  90.375    4.26 0.000  0.14 0.000 9.999 0.259000 9.99 0.259 0.027 0.000000  0.058 0.000  0.082 0.000 999.99 0.259000   7.232 0.000   5.420 0.000   1.812 0.000 0.013 0.000 0.138 0.000
 92.375  93.375    2.19 0.000  0.28 0.000 9.999 0.259000 0.08 0.000 0.015 0.000000  0.078 0.000  0.109 0.000 999.99 0.259000   5.002 0.000   2.946 0.000   2.055 0.000 0.013 0.000 0.174 0.000
 95.375  96.375    6.80 0.000  0.56 0.000 9.999 0.259000 9.99 0.259 0.034 0.000000  0.303 0.000  0.424 0.000 999.99 0.259000   9.673 0.000   5.739 0.000   3.933 0.000 0.030 0.000 0.350 0.000
 98.375  99.375   47.83 0.000  0.51 0.000 9.999 0.259000 0.06 0.000 0.011 0.000000  0.166 0.000  0.233 0.000 999.99 0.259000   5.415 0.000   1.578 0.000   3.837 0.000 0.015 0.000 0.341 0.000
101.375 102.375  129.38 0.000  1.36 0.000 9.999 0.259000 0.07 0.000 0.082 0.000000  0.678 0.000  0.950 0.000 999.99 0.259000  23.396 0.000   6.988 0.000  16.408 0.000 0.094 0.000 0.832 0.000
104.375 105.375    8.97 0.000  0.12 0.000 9.999 0.259000 9.99 0.259 0.014 0.000000  0.302 0.000  0.422 0.000 999.99 0.259000  14.907 0.000   9.740 0.000   5.168 0.000 0.040 0.000 0.210 0.000
107.375 108.375    6.46 0.000  0.32 0.000 9.999 0.259000 9.99 0.259 0.016 0.000000  0.114 0.000  0.159 0.000 999.99 0.259000   8.350 0.000   4.893 0.000   3.457 0.000 0.024 0.000 0.150 0.000
110.375 111.375   21.68 0.000  0.47 0.000 9.999 0.259000 9.99 0.259 0.013 0.000000  0.168 0.000  0.236 0.000 999.99 0.259000   7.069 0.000   1.714 0.000   5.354 0.000 0.018 0.000 0.817 0.000
113.375 114.375    4.95 0.000  0.34 0.000 9.999 0.259000 0.10 0.000 0.033 0.000000  0.344 0.000  0.482 0.000 999.99 0.259000  12.483 0.000   6.977 0.000   5.507 0.000 0.038 0.000 0.320 0.000
116.375 117.375   12.54 0.000  0.24 0.000 9.999 0.259000 0.09 0.000 0.045 0.559000  0.468 0.000  0.654 0.000 999.99 0.259000   9.673 0.000   5.548 0.000   4.124 0.000 0.025 0.000 0.344 0.559
119.375 120.375    9.97 0.000  0.28 0.000 9.999 0.259000 0.11 0.000 0.034 0.000000  0.144 0.000  0.201 0.000 999.99 0.259000   6.862 0.000   4.537 0.000   2.325 0.000 0.018 0.000 0.278 0.000
122.375 123.375   14.72 0.000  0.28 0.000 9.999 0.259000 0.15 0.000 0.041 0.000000  0.227 0.000  0.318 0.000 999.99 0.259000   4.972 0.000   2.657 0.000   2.315 0.000 0.017 0.000 0.252 0.000
125.375 126.375    9.92 0.000  0.86 0.000 9.999 0.259000 0.21 0.000 0.052 0.000000  1.087 0.000  1.521 0.000 999.99 0.259000   9.691 0.000   3.213 0.000   6.478 0.000 0.041 0.000 0.622 0.000
128.375 129.375   19.61 0.559  0.73 0.559 9.999 0.559259 0.05 0.559 0.029 0.000000  2.429 0.000  3.401 0.000 999.99 0.559259   9.342 0.000   0.930 0.000   8.412 0.559 0.027 0.559 0.571 0.000
131.375 132.375    8.59 0.000  0.11 0.000 9.999 0.259000 9.99 0.259 0.019 0.000000  0.507 0.000  0.710 0.000 999.99 0.259000   8.547 0.000   4.335 0.000   4.212 0.000 0.016 0.000 0.437 0.000
134.375 135.375    9.38 0.000  0.37 0.000 9.999 0.259000 9.99 0.259 0.021 0.000000  0.452 0.000  0.632 0.000 999.99 0.259000   5.424 0.000   2.727 0.000   2.697 0.000 0.017 0.000 0.271 0.000
137.375 138.375    1.16 0.000  0.12 0.000 9.999 0.259000 9.99 0.259 0.002 0.000000 99.999 0.259 99.999 0.259 999.99 0.259000   2.260 0.000   1.521 0.000   0.739 0.000 0.006 0.000 0.030 0.000
140.375 141.375   27.85 0.000  0.46 0.000 9.999 0.259000 9.99 0.259 0.029 0.000000  0.628 0.000  0.879 0.000 999.99 0.259000  10.026 0.000   5.967 0.000   4.059 0.000 0.016 0.000 0.245 0.000
143.375 144.375    6.92 0.000  0.13 0.000 9.999 0.259000 9.99 0.259 0.018 0.000000  0.347 0.000  0.486 0.000 999.99 0.259000   5.547 0.000   2.807 0.000   2.740 0.000 0.013 0.000 0.279 0.000
146.375 147.375    6.45 0.000 99.99 0.259 9.999 0.259000 9.99 0.259 0.011 0.000000  0.227 0.000  0.318 0.000 999.99 0.259000   5.232 0.000   3.055 0.000   2.177 0.000 0.010 0.000 0.181 0.000
149.375 150.375    8.25 0.000  0.47 0.000 9.999 0.259000 9.99 0.259 0.026 0.000000  0.678 0.000  0.949 0.000 999.99 0.259000   6.985 0.000   4.452 0.000   2.534 0.000 0.008 0.000 0.189 0.000
152.375 153.375    5.03 0.000  0.81 0.000 9.999 0.259000 0.08 0.000 0.026 0.000000  0.417 0.000  0.583 0.000 999.99 0.259000   6.123 0.000   3.413 0.000   2.709 0.000 0.013 0.000 0.262 0.000
155.375 156.375    3.74 0.000  0.17 0.000 9.999 0.259000 0.14 0.000 0.029 0.000000  0.158 0.000  0.221 0.000 999.99 0.259000   5.465 0.000   2.987 0.000   2.478 0.000 0.016 0.000 0.196 0.000
158.375 159.375    2.15 0.000  0.23 0.000 0.078 0.000000 9.99 0.259 0.012 0.000000  0.244 0.000  0.342 0.000 999.99 0.259000   2.124 0.000   0.859 0.000   1.265 0.000 0.008 0.000 0.104 0.000
161.375 162.375    1.22 0.000 99.99 0.259 9.999 0.259000 0.10 0.000 0.015 0.000000  0.196 0.000  0.275 0.000 999.99 0.259000   3.616 0.000   2.246 0.000   1.370 0.000 0.008 0.000 0.210 0.000
164.375 165.375   12.70 0.000 99.99 0.259 0.034 0.000000 9.99 0.259 0.030 0.000000  0.599 0.000  0.839 0.000 999.99 0.259000   7.843 0.000   5.135 0.000   2.708 0.000 0.013 0.000 0.246 0.000
167.375 168.375    3.40 0.000 99.99 0.259 9.999 0.259000 0.16 0.000 0.034 0.000000  0.234 0.000  0.328 0.000 999.99 0.259000   3.284 0.000   1.613 0.000   1.671 0.000 0.010 0.000 0.260 0.000
170.375 171.375    2.09 0.000 99.99 0.259 9.999 0.259000 0.12 0.000 0.016 0.000000  0.231 0.000  0.324 0.000 999.99 0.259000   4.397 0.000   2.531 0.000   1.866 0.000 0.013 0.000 0.221 0.000
173.375 174.375   22.13 0.000 99.99 0.259 9.999 0.259000 0.08 0.000 0.004 0.000000  0.173 0.000  0.242 0.000 999.99 0.259000   5.383 0.000   3.569 0.000   1.814 0.000 0.011 0.000 0.072 0.000
176.375 177.375 9999.99 0.999 99.99 0.999 9.999 0.999000 9.99 0.999 9.999 0.999000 99.999 0.999 99.999 0.999 999.99 0.999000 999.999 0.999 999.999 0.999 999.999 0.999 9.999 0.999 9.999 0.999
179.375 180.375    1.84 0.000 99.99 0.259 0.019 0.000000 0.27 0.000 0.014 0.000000  0.294 0.000  0.412 0.000 999.99 0.259000   3.780 0.000   1.805 0.000   1.975 0.000 0.011 0.000 0.239 0.000
182.375 183.375    2.15 0.000  0.05 0.000 9.999 0.259000 0.10 0.000 0.032 0.000000  0.264 0.000  0.370 0.000 999.99 0.259000   4.453 0.000   2.455 0.000   1.997 0.000 0.012 0.000 0.189 0.000
185.375 186.375   15.46 0.000  0.69 0.000 9.999 0.259000 0.11 0.000 0.034 0.000000  0.509 0.000  0.713 0.000 999.99 0.259000 999.999 0.999 999.999 0.999   2.881 0.000 0.012 0.000 0.197 0.000
188.375 189.375    6.08 0.000  0.24 0.000 9.999 0.259000 0.13 0.000 0.016 0.000000  0.422 0.000  0.591 0.000 999.99 0.259000   4.820 0.000   2.536 0.000   2.284 0.000 0.007 0.000 0.150 0.000
191.375 192.375    1.59 0.000  0.06 0.000 9.999 0.259000 0.07 0.000 0.003 0.000000  0.054 0.000  0.075 0.000 999.99 0.259000   1.879 0.000   1.259 0.000   0.620 0.000 0.003 0.000 0.026 0.000
194.375 195.375    5.45 0.000  0.07 0.000 9.999 0.259000 0.23 0.000 0.011 0.000000  0.771 0.000  1.079 0.000 999.99 0.259000   4.494 0.000   1.951 0.000   2.542 0.000 0.013 0.000 0.222 0.000
197.375 198.375    1.25 0.000  0.14 0.000 9.999 0.259000 0.07 0.000 9.999 0.259000 99.999 0.259 99.999 0.259 999.99 0.259000   3.023 0.000   1.446 0.000   1.577 0.000 0.006 0.000 0.052 0.000
200.375 201.375   10.69 0.000  0.17 0.000 9.999 0.259000 9.99 0.259 0.026 0.559000  0.794 0.000  1.111 0.000 999.99 0.259000 999.999 0.999 999.999 0.999   3.675 0.000 0.015 0.000 0.169 0.559
203.375 204.375    2.50 0.000  0.09 0.000 0.011 0.000000 0.06 0.000 9.999 0.559259 99.999 0.259 99.999 0.259 999.99 0.259000   2.574 0.000   1.452 0.000   1.122 0.000 0.004 0.000 0.067 0.559
206.375 207.375    6.41 0.000  0.21 0.000 9.999 0.259000 0.93 0.000 0.052 0.559000  1.626 0.000  2.277 0.000 999.99 0.259000 999.999 0.999 999.999 0.999   6.076 0.000 0.016 0.000 0.386 0.559
209.375 210.375    1.72 0.000  0.20 0.000 9.999 0.259000 0.13 0.000 0.036 0.559000  0.323 0.000  0.452 0.000 999.99 0.259000   5.242 0.000   2.638 0.000   2.605 0.000 0.008 0.000 0.222 0.559
212.375 213.375    1.17 0.000  0.11 0.000 9.999 0.259000 0.98 0.000 0.010 0.559000  0.837 0.000  1.172 0.000 999.99 0.259000   5.547 0.000   1.561 0.000   3.986 0.000 0.012 0.000 0.252 0.559
215.375 216.375    1.06 0.000  0.12 0.000 9.999 0.259000 0.19 0.000 0.004 0.559000  0.062 0.000  0.087 0.000 999.99 0.259000 999.999 0.999 999.999 0.999   1.208 0.000 0.002 0.000 0.097 0.559
218.375 219.375    5.26 0.000 99.99 0.259 0.023 0.000000 0.27 0.000 0.025 0.559000  0.480 0.000  0.671 0.000 999.99 0.259000   6.209 0.000   2.840 0.000   3.369 0.000 0.013 0.000 0.392 0.559
221.375 222.375   13.33 0.000  0.10 0.000 9.999 0.259000 0.05 0.000 0.006 0.559000  0.071 0.000  0.100 0.000   2.88 0.000000 999.999 0.999 999.999 0.999   0.626 0.000 0.004 0.000 0.057 0.559
224.375 225.375    1.10 0.000  0.10 0.000 9.999 0.259000 0.10 0.000 0.012 0.559000  0.033 0.000  0.046 0.000 999.99 0.259000   3.390 0.000   1.677 0.000   1.713 0.000 0.011 0.000 0.163 0.559
227.375 228.375    4.05 0.000  0.09 0.000 9.999 0.259000 9.99 0.259 0.028 0.559000  4.968 0.000  6.955 0.000 999.99 0.259000 999.999 0.999 999.999 0.999   9.608 0.000 0.027 0.000 0.137 0.559
230.375 231.375    1.16 0.000  0.09 0.000 9.999 0.259000 9.99 0.259 0.013 0.000000  1.012 0.000  1.417 0.000 999.99 0.259000   7.848 0.000   4.216 0.000   3.632 0.000 0.016 0.000 0.115 0.000
233.375 234.375    3.66 0.000  0.20 0.000 9.999 0.259000 0.08 0.000 0.016 0.559000  0.887 0.000  1.242 0.000 999.99 0.259000   4.984 0.000   2.298 0.000   2.685 0.000 0.010 0.000 0.094 0.559
236.375 237.375    1.41 0.000  0.13 0.000 9.999 0.259000 0.03 0.000 0.011 0.559000  0.219 0.000  0.306 0.000 999.99 0.259000 999.999 0.999 999.999 0.999   1.858 0.000 0.011 0.000 0.120 0.559
239.375 240.375    9.02 0.000  0.11 0.000 9.999 0.259000 9.99 0.259 0.008 0.559000  0.277 0.000  0.388 0.000 999.99 0.259000   5.024 0.000   3.114 0.000   1.910 0.000 0.007 0.000 0.107 0.559
242.375 243.375   42.12 0.000  0.18 0.000 9.999 0.259000 9.99 0.259 0.019 0.559000  0.377 0.000  0.528 0.000 999.99 0.259000 999.999 0.999 999.999 0.999   2.852 0.000 0.013 0.000 0.175 0.559
245.375 246.375    5.22 0.000  0.32 0.000 9.999 0.259000 0.06 0.000 0.016 0.559000  0.420 0.000  0.588 0.000 999.99 0.259000   4.779 0.000   3.111 0.000   1.668 0.000 0.006 0.000 0.143 0.559
248.375 249.375    2.47 0.000  0.12 0.000 9.999 0.259000 0.06 0.000 0.022 0.559000  0.353 0.000  0.494 0.000 999.99 0.259000 999.999 0.999 999.999 0.999   2.790 0.000 0.008 0.000 0.322 0.559
