scripts/IMPROVE-2019_partial/data/US9000R.20030103070000.20191216000000.filterpack..pm25.1y.1w.US03L_filterpack_US9000.US03L_IMPROVE_Davis.lev2.nas
64 1001
MISSING INFORMATION
US03L, IMPROVE, , , , , , , 
MISSING INFORMATION
IMPROVE sel_HTAP
1 1
2003 01 01 2019 12 16
3.000000
days from file reference point
25
1 1 1 1 1 1 1 1 1 1 1 1 1 1 1 1 1 1 1 1 1 1 1 1 1
999.999999 9999.99 9.999 99.99 9.999 9.999 9.999999 9.99 9.999999 9.999 9.999 99.999 9.999 99.999 9.999 999.999 9.999 999.999 9.999 999.999 9.999 9.999 9.999 9.999 9.999
end_time of measurement, days from the file reference point
iron, ng/m3, Revision date=20181210133000
numflag iron, no unit, Revision date=20181210133000
lead, ng/m3, Revision date=20181210133000
numflag lead, no unit, Revision date=20181210133000
magnesium, ug/m3, Revision date=20181210133000
numflag magnesium, no unit, Revision date=20181210133000
nickel, ng/m3, Revision date=20181210133000
numflag nickel, no unit, Revision date=20181210133000
nitrate, ug N/m3, Revision date=20181210133000
numflag nitrate, no unit, Revision date=20181210133000
organic_carbon, ug C/m3, Revision date=20181210133000
numflag organic_carbon, no unit, Revision date=20181210133000
organic_mass, ug/m3, Revision date=20181210133000
numflag organic_mass, no unit, Revision date=20181210133000
pm10_mass, ug/m3, Version=2, Version description=Data extracted from http://views.cira.colostate.edu/fed/DataWizard 2019-12-16, Sample duration=1d, Orig. time res.=3d, Matrix=pm10, Blank correction=Blank corrected, Volume std. temperature=ambient, Volume std. pressure=ambient
numflag pm10_mass, no unit, Version=2, Version description=Data extracted from http://views.cira.colostate.edu/fed/DataWizard 2019-12-16, Sample duration=1d, Orig. time res.=3d, Matrix=pm10, Blank correction=Blank corrected, Volume std. temperature=ambient, Volume std. pressure=ambient
pm10_pm25_mass, ug/m3, Revision date=20181210133000, Matrix=pm10_pm25
numflag pm10_pm25_mass, no unit, Revision date=20181210133000, Matrix=pm10_pm25
pm25_mass, ug/m3, Version=2, Version description=Data extracted from http://views.cira.colostate.edu/fed/DataWizard 2019-12-16, Sample duration=1d, Orig. time res.=3d, Blank correction=Blank corrected, Volume std. temperature=ambient, Volume std. pressure=ambient
numflag pm25_mass, no unit, Version=2, Version description=Data extracted from http://views.cira.colostate.edu/fed/DataWizard 2019-12-16, Sample duration=1d, Orig. time res.=3d, Blank correction=Blank corrected, Volume std. temperature=ambient, Volume std. pressure=ambient
potassium, ug/m3, Revision date=20181210133000
numflag potassium, no unit, Revision date=20181210133000
sulphate_total, ug S/m3, Revision date=20181210133000
numflag sulphate_total, no unit, Revision date=20181210133000
0
25
Data definition:              EBAS_1.1
Set type code:                TU
Timezone:                     UTC
File name:                    US9000R.20030103070000.20191216000000.filterpack..pm25.1y.1w.US03L_filterpack_US9000.US03L_IMPROVE_Davis.lev2.nas
File creation:                20191218120515
Startdate:                    20030103070000
Revision date:                20191216000000
Statistics:                   arithmetic mean
Data level:                   2
Period code:                  1y
Resolution code:              1w
Station code:                 US9000R
Platform code:                US9000S
Station name:                 Rocky Mountain NP
Station latitude:             40.2783
Station longitude:            -105.5457
Station altitude:             2760.0 m
Regime:                       IMG
Component:                    
Matrix:                       pm25
Laboratory code:              US03L
Instrument type:              filterpack
Instrument name:              filterpack_US9000
Method ref:                   US03L_IMPROVE_Davis
starttime endtime Fe flag_Fe Pb flag_Pb Mg++ flag_Mg++ Ni flag_Ni NO3- flag_NO3- OC flag_OC OM flag_OM PM10 flag_PM10 PM10-PM2.5 flag_PM10-PM2.5 PM2.5 flag_PM2.5 K+ flag_K+ SO4-- flag_SO4--
  2.291667   3.291667    6.08 0.000  0.08 0.000 9.999 0.259000 0.05 0.000000 0.002 0.000  0.077 0.000  0.108 0.000   2.014 0.000   1.801 0.000   0.212 0.000 0.005 0.000 0.040 0.000
  5.291667   6.291667    2.99 0.000  0.11 0.000 9.999 0.259000 9.99 0.259000 0.054 0.000  0.309 0.000  0.432 0.000   0.873 0.000   0.163 0.000   0.710 0.000 0.004 0.000 0.144 0.000
  8.291667   9.291667   15.53 0.000  0.24 0.000 0.016 0.000000 9.99 0.259000 0.126 0.000  0.302 0.000  0.423 0.000   3.826 0.000   2.360 0.000   1.465 0.000 0.015 0.000 0.092 0.000
 11.291667  12.291667    2.00 0.000  0.14 0.000 9.999 0.259000 9.99 0.259000 0.002 0.000  0.234 0.000  0.328 0.000   1.248 0.000   0.602 0.000   0.645 0.000 0.002 0.000 0.117 0.000
 14.291667  15.291667    4.73 0.000  0.11 0.000 0.010 0.000000 0.03 0.000000 0.005 0.000  0.274 0.000  0.383 0.000   3.743 0.000   3.164 0.000   0.579 0.000 0.004 0.000 0.083 0.000
 17.291667  18.291667    2.51 0.000  0.12 0.000 0.013 0.000000 9.99 0.259000 0.005 0.000  0.172 0.000  0.241 0.000   1.081 0.000   0.930 0.000   0.152 0.000 0.002 0.000 0.022 0.000
 20.291667  21.291667    7.12 0.000  0.18 0.000 9.999 0.259000 0.05 0.000000 0.016 0.000  0.274 0.000  0.384 0.000   2.214 0.000   1.783 0.000   0.431 0.000 0.008 0.000 0.052 0.000
 23.291667  24.291667   15.86 0.000  0.42 0.000 9.999 0.259000 9.99 0.259000 0.102 0.559  0.369 0.000  0.516 0.000   4.878 0.000   3.556 0.000   1.321 0.000 0.013 0.000 0.152 0.559
 26.291667  27.291667    9.11 0.000  0.70 0.000 9.999 0.259000 0.05 0.000000 0.002 0.000  0.264 0.000  0.370 0.000   3.514 0.000   2.849 0.000   0.664 0.000 0.015 0.000 0.105 0.000
 29.291667  30.291667    9.44 0.000  0.17 0.000 9.999 0.259000 9.99 0.259000 0.007 0.559  0.284 0.000  0.398 0.000   6.118 0.000   5.878 0.000   0.239 0.000 0.010 0.000 0.068 0.559
 32.291667  33.291667    6.26 0.000  0.14 0.000 9.999 0.259000 9.99 0.259000 0.034 0.559  0.302 0.000  0.423 0.000   2.439 0.000   1.513 0.000   0.926 0.000 0.006 0.000 0.114 0.559
 35.291667  36.291667    2.53 0.000  0.17 0.000 9.999 0.259000 9.99 0.259000 0.219 0.559  0.437 0.000  0.612 0.000   3.179 0.000   0.595 0.000   2.585 0.000 0.003 0.000 0.264 0.559
 38.291667  39.291667    3.56 0.000  0.30 0.000 0.012 0.000000 0.03 0.000000 0.116 0.559  0.350 0.000  0.490 0.000   1.757 0.000   0.399 0.000   1.358 0.000 0.003 0.000 0.108 0.559
 41.291667  42.291667    4.50 0.000  0.14 0.000 9.999 0.259000 9.99 0.259000 0.021 0.000  0.233 0.000  0.326 0.000   2.715 0.000   2.282 0.000   0.433 0.000 0.005 0.000 0.040 0.000
 44.291667  45.291667    4.18 0.000 99.99 0.259 0.016 0.000000 9.99 0.259000 0.113 0.000  0.326 0.000  0.456 0.000   2.935 0.000   2.025 0.000   0.910 0.000 0.004 0.000 0.097 0.000
 47.291667  48.291667    6.35 0.000  0.17 0.000 9.999 0.259000 9.99 0.259000 0.008 0.000  0.293 0.000  0.410 0.000   2.204 0.000   1.500 0.000   0.704 0.000 0.007 0.000 0.077 0.000
 50.291667  51.291667    4.71 0.000  0.09 0.000 9.999 0.259000 9.99 0.259000 0.024 0.000  0.321 0.000  0.449 0.000   1.414 0.000   0.719 0.000   0.694 0.000 0.007 0.000 0.082 0.000
 53.291667  54.291667    7.52 0.000  0.66 0.000 0.019 0.000000 9.99 0.259000 0.145 0.000  0.518 0.000  0.725 0.000   3.704 0.000   0.732 0.000   2.972 0.000 0.010 0.000 0.448 0.000
 56.291667  57.291667    7.31 0.000  0.19 0.000 9.999 0.259000 9.99 0.259000 0.083 0.000  0.388 0.000  0.542 0.000   1.913 0.000   0.689 0.000   1.224 0.000 0.007 0.000 0.178 0.000
 59.291667  60.291667    8.45 0.000  0.52 0.000 9.999 0.259000 9.99 0.259000 0.258 0.000  0.614 0.000  0.860 0.000   5.229 0.000   0.994 0.000   4.235 0.000 0.009 0.000 0.564 0.000
 62.291667  63.291667    8.87 0.000  0.32 0.000 9.999 0.259000 9.99 0.259000 0.139 0.000  0.705 0.000  0.987 0.000   5.547 0.000   2.539 0.000   3.007 0.000 0.013 0.000 0.361 0.000
 65.291667  66.291667   14.99 0.000  0.40 0.000 0.014 0.000000 9.99 0.259000 0.026 0.000  0.328 0.000  0.460 0.000   4.795 0.000   3.535 0.000   1.260 0.000 0.012 0.000 0.145 0.000
 68.291667  69.291667   36.00 0.000  0.44 0.000 9.999 0.259000 9.99 0.259000 0.045 0.000  0.329 0.000  0.460 0.000   5.013 0.000   3.353 0.000   1.661 0.000 0.028 0.000 0.105 0.000
 71.291667  72.291667   68.81 0.000  0.38 0.000 0.023 0.000000 9.99 0.259000 0.042 0.000  0.409 0.000  0.573 0.000   5.002 0.000   2.460 0.000   2.542 0.000 0.051 0.000 0.086 0.000
 74.291667  75.291667   24.75 0.000  0.54 0.000 9.999 0.259000 9.99 0.259000 0.058 0.559  0.834 0.000  1.167 0.000   3.265 0.000   1.357 0.000   1.908 0.000 0.027 0.000 0.158 0.559
 77.291667  78.291667 9999.99 0.999 99.99 0.999 9.999 0.999000 9.99 0.999000 9.999 0.999 99.999 0.999 99.999 0.999 999.999 0.999 999.999 0.999 999.999 0.999 9.999 0.999 9.999 0.999
 80.291667  81.291667 9999.99 0.999 99.99 0.999 9.999 0.999000 9.99 0.999000 9.999 0.999 99.999 0.999 99.999 0.999 999.999 0.999 999.999 0.999 999.999 0.999 9.999 0.999 9.999 0.999
 83.291667  84.291667 9999.99 0.999 99.99 0.999 9.999 0.999000 9.99 0.999000 9.999 0.999 99.999 0.999 99.999 0.999 999.999 0.999 999.999 0.999 999.999 0.999 9.999 0.999 9.999 0.999
 86.291667  87.291667    8.35 0.000  0.26 0.000 0.022 0.000000 9.99 0.259000 0.034 0.000  0.207 0.000  0.290 0.000   2.453 0.000   1.199 0.000   1.254 0.000 0.009 0.000 0.275 0.000
 89.291667  90.291667   12.01 0.000  0.22 0.000 9.999 0.259000 9.99 0.259000 0.029 0.559  0.225 0.000  0.314 0.000   1.274 0.000   0.367 0.000   0.907 0.000 0.011 0.000 0.095 0.559
 92.291667  93.291667  209.61 0.559  0.82 0.559 9.999 0.559259 0.08 0.559000 0.050 0.000  0.536 0.000  0.751 0.000  28.196 0.000  19.421 0.000   8.776 0.559 0.149 0.559 0.268 0.000
 95.291667  96.291667   18.99 0.000  0.41 0.000 9.999 0.259000 9.99 0.259000 0.055 0.559  0.292 0.000  0.409 0.000   4.616 0.000   2.333 0.000   2.283 0.000 0.014 0.000 0.262 0.559
 98.291667  99.291667   64.66 0.000  0.41 0.000 9.999 0.259000 9.99 0.259000 0.031 0.559  0.197 0.000  0.276 0.000   4.630 0.000   2.193 0.000   2.437 0.000 0.038 0.000 0.113 0.559
101.291667 102.291667   96.30 0.000  1.31 0.000 9.999 0.259000 9.99 0.259000 0.067 0.559  0.575 0.000  0.804 0.000   8.465 0.000   3.727 0.000   4.738 0.000 0.059 0.000 0.329 0.559
104.291667 105.291667   27.94 0.000  0.45 0.000 9.999 0.259000 0.04 0.000000 0.030 0.559  0.284 0.000  0.398 0.000   4.264 0.000   2.172 0.000   2.093 0.000 0.021 0.000 0.158 0.559
107.291667 108.291667   29.73 0.000  0.42 0.000 9.999 0.259000 9.99 0.259000 0.029 0.559  0.253 0.000  0.354 0.000   3.657 0.000   1.555 0.000   2.102 0.000 0.019 0.000 0.161 0.559
110.291667 111.291667   27.33 0.000  0.61 0.000 9.999 0.259000 9.99 0.259000 0.240 0.559  0.551 0.000  0.772 0.000   4.356 0.000   1.480 0.000   2.876 0.000 0.016 0.000 0.288 0.559
113.291667 114.291667   24.84 0.000  0.32 0.000 9.999 0.259000 9.99 0.259000 0.014 0.559  0.372 0.000  0.521 0.000   1.901 0.000   0.676 0.000   1.226 0.000 0.017 0.000 0.108 0.559
116.291667 117.291667   81.26 0.000  1.00 0.000 9.999 0.259000 9.99 0.259000 0.189 0.559  0.867 0.000  1.214 0.000   9.177 0.000   5.333 0.000   3.844 0.000 0.055 0.000 0.213 0.559
119.291667 120.291667  136.93 0.000  0.42 0.000 9.999 0.259000 0.65 0.000000 0.083 0.000  0.521 0.000  0.729 0.000   9.040 0.000   4.576 0.000   4.464 0.000 0.094 0.000 0.183 0.000
122.291667 123.291667  136.42 0.000  0.67 0.000 9.999 0.259000 0.28 0.000000 0.068 0.000  0.579 0.000  0.811 0.000  14.629 0.000   9.620 0.000   5.009 0.000 0.112 0.000 0.151 0.000
125.291667 126.291667   47.62 0.000  1.12 0.000 9.999 0.259000 0.26 0.000000 0.032 0.000  0.583 0.000  0.816 0.000   4.824 0.000   1.236 0.000   3.588 0.000 0.042 0.000 0.337 0.000
128.291667 129.291667   26.56 0.000  0.32 0.000 9.999 0.259000 0.27 0.000000 0.083 0.559  0.366 0.000  0.512 0.000   1.580 0.000 999.999 0.259   1.588 0.000 0.021 0.000 0.105 0.559
131.291667 132.291667   59.52 0.000  0.62 0.000 9.999 0.259000 0.12 0.000000 0.081 0.559  0.681 0.000  0.953 0.000   4.878 0.000   1.759 0.000   3.119 0.000 0.046 0.000 0.173 0.559
134.291667 135.291667   41.00 0.559  0.46 0.559 9.999 0.559259 9.99 0.559259 0.138 0.000  0.705 0.000  0.987 0.000   6.040 0.000   2.965 0.000   3.075 0.559 0.033 0.559 0.246 0.000
137.291667 138.291667   37.57 0.000  0.57 0.000 9.999 0.259000 0.08 0.000000 0.025 0.000  0.557 0.000  0.780 0.000   5.671 0.000   2.873 0.000   2.797 0.000 0.033 0.000 0.203 0.000
140.291667 141.291667   47.44 0.000  0.42 0.000 9.999 0.259000 9.99 0.259000 0.036 0.559  0.531 0.000  0.744 0.000   6.575 0.000   3.828 0.000   2.747 0.000 0.045 0.000 0.149 0.559
143.291667 144.291667   43.71 0.000  0.49 0.000 9.999 0.259000 9.99 0.259000 0.111 0.559  1.335 0.000  1.869 0.000   8.424 0.000   3.285 0.000   5.138 0.000 0.039 0.000 0.401 0.559
146.291667 147.291667   54.63 0.000  0.84 0.000 9.999 0.259000 0.34 0.000000 0.099 0.559  1.226 0.000  1.716 0.000   9.783 0.000   3.693 0.000   6.090 0.000 0.057 0.000 0.599 0.559
149.291667 150.291667   51.96 0.000  0.79 0.000 9.999 0.259000 0.06 0.000000 0.052 0.559  1.177 0.000  1.648 0.000  11.520 0.000   6.133 0.000   5.387 0.000 0.046 0.000 0.425 0.559
152.291667 153.291667   36.82 0.000  0.63 0.000 9.999 0.259000 0.06 0.000000 9.999 0.699  2.367 0.000  3.314 0.000  11.012 0.000   3.942 0.000   7.071 0.000 0.042 0.000 9.999 0.699
155.291667 156.291667   14.23 0.000  0.24 0.000 9.999 0.259000 0.11 0.000000 0.128 0.559  1.972 0.000  2.761 0.000   3.265 0.000   0.763 0.000   2.502 0.000 0.013 0.000 0.185 0.559
158.291667 159.291667   31.66 0.000  0.83 0.000 9.999 0.259000 9.99 0.259000 0.056 0.559  0.753 0.000  1.054 0.000   6.698 0.000   4.022 0.000   2.676 0.000 0.029 0.000 0.204 0.559
161.291667 162.291667   31.81 0.000  0.40 0.000 0.024 0.000000 0.11 0.000000 0.030 0.000  0.735 0.000  1.029 0.000   7.520 0.000   4.125 0.000   3.394 0.000 0.034 0.000 0.312 0.000
164.291667 165.291667   40.34 0.000  0.49 0.000 9.999 0.259000 0.10 0.000000 0.065 0.559  1.318 0.000  1.845 0.000   6.372 0.000   1.913 0.000   4.460 0.000 0.035 0.000 0.344 0.559
167.291667 168.291667   61.94 0.000  0.39 0.000 9.999 0.259000 0.23 0.000000 0.271 0.000  1.472 0.000  2.061 0.000  10.090 0.000   4.075 0.000   6.015 0.000 0.053 0.000 0.462 0.000
170.291667 171.291667   27.58 0.000  0.33 0.000 9.999 0.259000 0.07 0.000000 0.038 0.000  1.654 0.000  2.316 0.000   6.903 0.000   2.378 0.000   4.525 0.000 0.037 0.000 0.306 0.000
173.291667 174.291667   31.72 0.559  0.47 0.559 9.999 0.559259 9.99 0.559259 0.328 0.000  2.121 0.000  2.969 0.000  11.218 0.000   4.240 0.000   6.977 0.559 0.033 0.559 0.531 0.000
176.291667 177.291667   57.98 0.559  0.30 0.559 9.999 0.559259 0.18 0.559000 0.160 0.000  1.289 0.000  1.805 0.000  11.752 0.000   6.990 0.000   4.762 0.559 0.047 0.559 0.226 0.000
179.291667 180.291667   28.00 0.000  0.50 0.000 0.019 0.000000 0.06 0.000000 0.228 0.000  1.511 0.000  2.115 0.000   9.574 0.000   4.429 0.000   5.145 0.000 0.025 0.000 0.412 0.000
182.291667 183.291667  115.23 0.000  0.42 0.000 9.999 0.259000 0.04 0.000000 0.033 0.000  1.337 0.000  1.872 0.000  18.628 0.000  13.169 0.000   5.459 0.000 0.113 0.000 0.186 0.000
185.291667 186.291667  139.03 0.000  0.39 0.000 9.999 0.259000 9.99 0.259000 0.017 0.000  0.863 0.000  1.208 0.000  16.585 0.000  11.883 0.000   4.702 0.000 0.108 0.000 0.127 0.000
188.291667 189.291667  180.92 0.000  0.53 0.000 9.999 0.259000 0.07 0.000000 0.066 0.559  1.629 0.000  2.281 0.000  25.841 0.000  18.083 0.000   7.758 0.000 0.169 0.000 0.264 0.559
191.291667 192.291667  153.20 0.000  0.54 0.000 9.999 0.259000 9.99 0.259000 0.031 0.559  1.500 0.000  2.100 0.000  21.650 0.000  15.152 0.000   6.498 0.000 0.118 0.000 0.149 0.559
194.291667 195.291667  193.50 0.000  0.62 0.000 9.999 0.259000 9.99 0.259000 0.042 0.000  2.154 0.000  3.015 0.000  25.682 0.000  16.832 0.000   8.850 0.000 0.154 0.000 0.226 0.000
197.291667 198.291667  191.62 0.559  0.58 0.559 9.999 0.559259 9.99 0.559259 0.052 0.000  2.982 0.000  4.175 0.000  26.956 0.000  15.571 0.000  11.385 0.559 0.171 0.559 0.462 0.000
200.291667 201.291667  280.43 0.000  0.48 0.000 9.999 0.259000 0.57 0.000000 0.025 0.000  1.969 0.000  2.756 0.000 999.999 0.456 999.999 0.999  11.500 0.000 0.218 0.000 0.282 0.000
203.291667 204.291667   61.89 0.000  0.30 0.000 0.040 0.000000 0.07 0.000000 0.024 0.000  2.992 0.000  4.189 0.000  14.379 0.000   6.702 0.000   7.677 0.000 0.071 0.000 0.248 0.000
206.291667 207.291667   59.16 0.000  0.27 0.000 9.999 0.259000 0.38 0.000000 0.019 0.000  1.534 0.000  2.148 0.000   6.985 0.000   2.459 0.000   4.526 0.000 0.055 0.000 0.172 0.000
209.291667 210.291667   18.75 0.000  0.14 0.000 9.999 0.259000 0.06 0.000000 0.035 0.000  1.540 0.000  2.156 0.000   8.107 0.000   3.057 0.000   5.050 0.000 0.019 0.000 0.325 0.000
212.291667 213.291667   36.61 0.000  0.38 0.000 9.999 0.259000 9.99 0.259000 0.046 0.000  2.111 0.000  2.955 0.000  12.745 0.000   7.015 0.000   5.730 0.000 0.037 0.000 0.235 0.000
215.291667 216.291667   27.08 0.000  0.14 0.000 9.999 0.259000 0.06 0.000000 0.013 0.000  0.701 0.000  0.981 0.000   7.639 0.000   5.035 0.000   2.604 0.000 0.023 0.000 0.164 0.000
218.291667 219.291667   48.48 0.394  0.31 0.394 9.999 0.394259 9.99 0.394259 0.024 0.394  1.055 0.000  1.476 0.000  15.080 0.000  11.171 0.000   3.909 0.000 0.040 0.394 0.210 0.394
221.291667 222.291667   39.09 0.000  0.39 0.000 9.999 0.259000 0.76 0.000000 0.024 0.000  1.135 0.000  1.589 0.000  10.766 0.000   6.599 0.000   4.167 0.000 0.032 0.000 0.278 0.000
224.291667 225.291667   94.88 0.000  0.55 0.000 9.999 0.259000 0.05 0.000000 0.041 0.000  1.863 0.000  2.608 0.000  20.710 0.000  13.825 0.000   6.885 0.000 0.081 0.000 0.402 0.000
227.291667 228.291667  109.68 0.000  0.64 0.000 9.999 0.259000 9.99 0.259000 0.032 0.000  1.309 0.000  1.832 0.000  19.970 0.000  13.206 0.000   6.765 0.000 0.082 0.000 0.439 0.000
230.291667 231.291667   24.24 0.000  0.28 0.000 9.999 0.259000 0.04 0.000000 0.026 0.000  4.651 0.000  6.512 0.000  12.949 0.000   2.640 0.000  10.309 0.000 0.067 0.000 0.296 0.000
233.291667 234.291667   97.33 0.000  0.52 0.000 9.999 0.259000 0.03 0.000000 0.020 0.000  2.054 0.000  2.875 0.000  17.030 0.000  10.549 0.000   6.481 0.000 0.093 0.000 0.252 0.000
236.291667 237.291667   20.75 0.000  0.20 0.000 9.999 0.259000 9.99 0.259000 0.012 0.000  0.757 0.000  1.060 0.000   6.492 0.000   3.715 0.000   2.778 0.000 0.019 0.000 0.205 0.000
239.291667 240.291667   46.05 0.000  0.56 0.000 9.999 0.259000 0.05 0.000000 0.061 0.000  2.490 0.000  3.487 0.000  13.026 0.000   6.472 0.000   6.554 0.000 0.046 0.000 0.260 0.000
242.291667 243.291667   56.60 0.000  0.19 0.000 9.999 0.259000 9.99 0.259000 0.060 0.000  1.565 0.000  2.192 0.000   4.340 0.000   1.076 0.000   3.264 0.000 0.010 0.000 0.151 0.000
245.291667 246.291667   12.91 0.000  0.31 0.000 9.999 0.259000 0.06 0.000000 0.116 0.000  1.773 0.000  2.482 0.000   6.862 0.000   2.301 0.000   4.561 0.000 0.017 0.000 0.242 0.000
248.291667 249.291667   18.21 0.000  0.57 0.000 9.999 0.259000 9.99 0.259000 0.040 0.000  1.914 0.000  2.680 0.000   7.027 0.000   1.871 0.000   5.156 0.000 0.030 0.000 0.287 0.000
251.291667 252.291667   14.15 0.000  0.33 0.000 9.999 0.259000 0.05 0.000000 0.015 0.000  0.434 0.000  0.608 0.000   3.692 0.000   1.956 0.000   1.736 0.000 0.014 0.000 0.143 0.000
254.291667 255.291667   27.54 0.000  0.12 0.000 9.999 0.259000 9.99 0.259000 0.019 0.000  0.568 0.000  0.796 0.000   8.752 0.000   6.752 0.000   2.001 0.000 0.025 0.000 0.092 0.000
257.291667 258.291667   51.13 0.000  0.36 0.000 9.999 0.259000 0.04 0.000000 0.011 0.000  0.741 0.000  1.037 0.000  11.946 0.000   9.350 0.000   2.597 0.000 0.046 0.000 0.075 0.000
260.291667 261.291667   14.55 0.000  0.78 0.000 9.999 0.259000 9.99 0.259000 0.160 0.000  0.527 0.000  0.739 0.000   3.867 0.000   1.625 0.000   2.242 0.000 0.008 0.000 0.177 0.000
263.291667 264.291667   39.89 0.000  0.64 0.000 9.999 0.259000 9.99 0.259000 0.017 0.000  0.423 0.000  0.592 0.000   7.730 0.000   5.455 0.000   2.274 0.000 0.038 0.000 0.123 0.000
