scripts/IMPROVE-2019_partial/data/US9025U.20050101080000.20191216000000.filterpack..pm25.52w.1w.US03L_filterpack_US9025.US03L_IMPROVE_Davis.lev2.nas
66 1001
MISSING INFORMATION
US03L, IMPROVE, , , , , , , 
MISSING INFORMATION
IMPROVE sel_HTAP
1 1
2005 01 01 2019 12 16
3.000000
days from file reference point
27
1 1 1 1 1 1 1 1 1 1 1 1 1 1 1 1 1 1 1 1 1 1 1 1 1 1 1
999.999999 9999.99 9.999 999.99 9.999 9.999 9.999999 999.99 9.999 9.999 9.999 99.999 9.999 999.999 9.999 999.99 9.999999 999.999 9.999 999.999 9.999 999.999 9.999 9.999 9.999 99.999 9.999
end_time of measurement, days from the file reference point
iron, ng/m3, Revision date=20181210133000
numflag iron, no unit, Revision date=20181210133000
lead, ng/m3, Revision date=20181210133000
numflag lead, no unit, Revision date=20181210133000
magnesium, ug/m3, Revision date=20181210133000
numflag magnesium, no unit, Revision date=20181210133000
nickel, ng/m3, Revision date=20181210133000
numflag nickel, no unit, Revision date=20181210133000
nitrate, ug N/m3, Revision date=20181210133000
numflag nitrate, no unit, Revision date=20181210133000
organic_carbon, ug C/m3, Revision date=20181210133000
numflag organic_carbon, no unit, Revision date=20181210133000
organic_mass, ug/m3, Revision date=20181210133000
numflag organic_mass, no unit, Revision date=20181210133000
phosphorus, ng/m3, Revision date=20181210133000
numflag phosphorus, no unit, Revision date=20181210133000
pm10_mass, ug/m3, Version=2, Version description=Data extracted from http://views.cira.colostate.edu/fed/DataWizard 2019-12-16, Sample duration=1d, Orig. time res.=3d, Matrix=pm10, Blank correction=Blank corrected, Volume std. temperature=ambient, Volume std. pressure=ambient
numflag pm10_mass, no unit, Version=2, Version description=Data extracted from http://views.cira.colostate.edu/fed/DataWizard 2019-12-16, Sample duration=1d, Orig. time res.=3d, Matrix=pm10, Blank correction=Blank corrected, Volume std. temperature=ambient, Volume std. pressure=ambient
pm10_pm25_mass, ug/m3, Revision date=20181210133000, Matrix=pm10_pm25
numflag pm10_pm25_mass, no unit, Revision date=20181210133000, Matrix=pm10_pm25
pm25_mass, ug/m3, Version=2, Version description=Data extracted from http://views.cira.colostate.edu/fed/DataWizard 2019-12-16, Sample duration=1d, Orig. time res.=3d, Blank correction=Blank corrected, Volume std. temperature=ambient, Volume std. pressure=ambient
numflag pm25_mass, no unit, Version=2, Version description=Data extracted from http://views.cira.colostate.edu/fed/DataWizard 2019-12-16, Sample duration=1d, Orig. time res.=3d, Blank correction=Blank corrected, Volume std. temperature=ambient, Volume std. pressure=ambient
potassium, ug/m3, Revision date=20181210133000
numflag potassium, no unit, Revision date=20181210133000
sulphate_total, ug S/m3, Revision date=20181210133000
numflag sulphate_total, no unit, Revision date=20181210133000
0
25
Data definition:              EBAS_1.1
Set type code:                TU
Timezone:                     UTC
File name:                    US9025U.20050101080000.20191216000000.filterpack..pm25.52w.1w.US03L_filterpack_US9025.US03L_IMPROVE_Davis.lev2.nas
File creation:                20191218120650
Startdate:                    20050101080000
Revision date:                20191216000000
Statistics:                   arithmetic mean
Data level:                   2
Period code:                  52w
Resolution code:              1w
Station code:                 US9025U
Platform code:                US9025S
Station name:                 Puget Sound
Station latitude:             47.5696
Station longitude:            -122.3119
Station altitude:             97.0 m
Regime:                       IMG
Component:                    
Matrix:                       pm25
Laboratory code:              US03L
Instrument type:              filterpack
Instrument name:              filterpack_US9025
Method ref:                   US03L_IMPROVE_Davis
starttime endtime Fe flag_Fe Pb flag_Pb Mg++ flag_Mg++ Ni flag_Ni NO3- flag_NO3- OC flag_OC OM flag_OM P flag_P PM10 flag_PM10 PM10-PM2.5 flag_PM10-PM2.5 PM2.5 flag_PM2.5 K+ flag_K+ SO4-- flag_SO4--
  0.333333   1.333333   31.42 0.000   5.70 0.000 9.999 0.259000   0.75 0.000 0.173 0.000  2.074 0.000   3.734 0.000 999.99 0.259000 999.999 0.999   4.115 0.000   6.115 0.000 0.135 0.000  0.212 0.000
  3.333333   4.333333   46.81 0.000   1.95 0.000 9.999 0.259000   0.40 0.000 0.172 0.000  2.690 0.000   4.842 0.000 999.99 0.259000 999.999 0.999   4.115 0.000   7.727 0.000 0.056 0.000  0.220 0.000
  6.333333   7.333333   93.62 0.000   1.64 0.000 9.999 0.259000   2.30 0.000 0.170 0.000  2.516 0.000   4.529 0.000 999.99 0.259000  11.549 0.000   4.257 0.000   7.290 0.000 0.035 0.000  0.271 0.000
  9.333333  10.333333   38.09 0.000   2.59 0.000 9.999 0.259000   0.14 0.000 0.258 0.000  2.580 0.000   4.645 0.000 999.99 0.259000  11.546 0.000   3.534 0.000   8.011 0.000 0.056 0.000  0.243 0.000
 12.333333  13.333333   76.97 0.000   2.38 0.000 9.999 0.259000   0.80 0.000 0.233 0.000  1.846 0.000   3.323 0.000 999.99 0.259000  14.567 0.000   7.900 0.000   6.668 0.000 0.045 0.000  0.279 0.000
 15.333333  16.333333   33.00 0.000   3.10 0.000 9.999 0.259000   0.08 0.000 0.242 0.000  3.074 0.000   5.534 0.000 999.99 0.259000   7.611 0.000   0.370 0.000   7.241 0.000 0.050 0.000  0.185 0.000
 18.333333  19.333333 9999.99 0.999 999.99 0.999 9.999 0.999000 999.99 0.999 9.999 0.999 99.999 0.999 999.999 0.999 999.99 0.999000 999.999 0.999 999.999 0.999 999.999 0.999 9.999 0.999 99.999 0.999
 21.333333  22.333333 9999.99 0.999 999.99 0.999 9.999 0.999000 999.99 0.999 9.999 0.999 99.999 0.999 999.999 0.999 999.99 0.999000 999.999 0.999 999.999 0.999 999.999 0.999 9.999 0.999 99.999 0.999
 24.333333  25.333333  214.23 0.000   4.74 0.000 9.999 0.259000  12.23 0.000 0.330 0.000  5.574 0.000  10.033 0.000 999.99 0.259000  25.829 0.000   6.128 0.000  19.701 0.000 0.084 0.000  1.013 0.000
 27.333333  28.333333  289.11 0.000   4.14 0.000 9.999 0.259000  13.05 0.000 0.211 0.000  4.612 0.000   8.301 0.000 999.99 0.259000  25.288 0.000  11.771 0.000  13.518 0.000 0.053 0.000  0.412 0.000
 30.333333  31.333333   63.10 0.000   5.47 0.000 0.050 0.000000   0.85 0.000 0.152 0.000  1.913 0.000   3.444 0.000 999.99 0.259000  16.491 0.000   8.160 0.000   8.330 0.000 0.070 0.000  0.369 0.000
 33.333333  34.333333  156.94 0.000  12.54 0.000 0.010 0.000000   2.29 0.000 0.409 0.000  3.824 0.000   6.883 0.000 999.99 0.259000  21.329 0.000   9.496 0.000  11.831 0.000 0.089 0.000  0.459 0.000
 36.333333  37.333333   14.95 0.000   1.16 0.000 9.999 0.259000   0.14 0.000 0.068 0.000  1.284 0.000   2.312 0.000 999.99 0.259000   4.019 0.000   1.200 0.000   2.819 0.000 0.021 0.000  0.082 0.000
 39.333333  40.333333  121.74 0.000   4.08 0.000 9.999 0.259000   0.57 0.000 0.835 0.000  4.662 0.000   8.391 0.000 999.99 0.259000  22.105 0.000   6.173 0.000  15.930 0.000 0.149 0.000  0.357 0.000
 42.333333  43.333333   46.33 0.000   2.92 0.000 9.999 0.259000   0.48 0.000 0.301 0.000  2.487 0.000   4.476 0.000 999.99 0.259000  11.783 0.000   3.785 0.000   7.997 0.000 0.058 0.000  0.259 0.000
 45.333333  46.333333 9999.99 0.456 999.99 0.456 9.999 0.456000 999.99 0.456 0.283 0.000  2.241 0.000   4.033 0.000 999.99 0.456000  10.673 0.000 999.999 0.456 999.999 0.456 9.999 0.456  0.287 0.000
 48.333333  49.333333  145.33 0.000   2.58 0.000 9.999 0.259000   1.71 0.000 0.298 0.000  3.807 0.000   6.852 0.000 999.99 0.259000  20.882 0.000  10.082 0.000  10.797 0.000 0.062 0.000  0.362 0.000
 51.333333  52.333333   87.87 0.000   5.03 0.000 9.999 0.259000   0.75 0.000 0.402 0.000  5.327 0.000   9.589 0.000 999.99 0.259000  21.560 0.000   6.712 0.000  14.845 0.000 0.119 0.000  0.432 0.000
 54.333333  55.333333  454.78 0.000  16.71 0.000 0.018 0.000000   4.83 0.000 0.638 0.000  6.736 0.000  12.125 0.000 999.99 0.259000  48.450 0.000  24.879 0.000  23.564 0.000 0.192 0.000  0.833 0.000
 57.333333  58.333333  119.70 0.000   8.95 0.000 9.999 0.259000   7.36 0.000 0.944 0.000  5.490 0.000   9.882 0.000 999.99 0.259000  28.218 0.000   5.881 0.000  22.333 0.000 0.123 0.000  1.201 0.000
 60.333333  61.333333   88.97 0.000   6.51 0.000 9.999 0.259000   0.69 0.000 0.136 0.000  2.208 0.000   3.974 0.000 999.99 0.259000   9.743 0.000   4.189 0.000   5.553 0.000 0.038 0.000  0.139 0.000
 63.333333  64.333333   68.35 0.000   5.26 0.000 9.999 0.259000   0.87 0.000 0.305 0.000  2.277 0.000   4.099 0.000 999.99 0.259000  13.058 0.000   6.537 0.000   6.519 0.000 0.060 0.000  0.320 0.000
 66.333333  67.333333   91.93 0.000   4.17 0.000 9.999 0.259000   0.70 0.000 0.153 0.000  2.250 0.000   4.050 0.000 999.99 0.259000 999.999 0.456   4.115 0.000   6.162 0.000 0.062 0.000  0.312 0.000
 69.333333  70.333333  218.61 0.000   6.63 0.000 9.999 0.259000   2.47 0.000 0.545 0.000  4.004 0.000   7.208 0.000 999.99 0.259000  26.261 0.000  12.231 0.000  14.028 0.000 0.072 0.000  0.665 0.000
 72.333333  73.333333  163.84 0.000   5.76 0.000 9.999 0.259000   2.19 0.000 0.181 0.000  2.562 0.000   4.611 0.000 999.99 0.259000  20.569 0.000  12.788 0.000   7.780 0.000 0.068 0.000  0.329 0.000
 75.333333  76.333333   66.60 0.000   4.60 0.000 0.030 0.000000   0.92 0.000 0.163 0.000  1.223 0.000   2.201 0.000 999.99 0.259000  11.223 0.000   6.143 0.000   5.080 0.000 0.054 0.000  0.320 0.000
 78.333333  79.333333   11.52 0.000   1.53 0.000 9.999 0.259000 999.99 0.259 0.017 0.000  0.535 0.000   0.963 0.000 999.99 0.259000   3.105 0.000   2.015 0.000   1.089 0.000 0.013 0.000  0.065 0.000
 81.333333  82.333333   58.83 0.000   1.93 0.000 9.999 0.259000   0.47 0.000 0.080 0.000  1.263 0.000   2.274 0.000 999.99 0.259000   9.801 0.000   5.206 0.000   4.595 0.000 0.051 0.000  0.416 0.000
 84.333333  85.333333   31.53 0.000   4.90 0.000 9.999 0.259000 999.99 0.259 0.089 0.000  1.256 0.000   2.261 0.000 999.99 0.259000   5.633 0.000   2.295 0.000   3.338 0.000 0.031 0.000  0.210 0.000
 87.333333  88.333333   33.10 0.000   2.43 0.000 0.035 0.000000   0.59 0.000 0.056 0.000  0.753 0.000   1.355 0.000 999.99 0.259000 999.999 0.456   4.115 0.000   3.112 0.000 0.026 0.000  0.192 0.000
 90.333333  91.333333   49.84 0.000   3.67 0.000 0.024 0.000000   0.85 0.000 0.068 0.000  0.919 0.000   1.654 0.000 999.99 0.259000   6.680 0.000   3.209 0.000   3.471 0.000 0.035 0.000  0.326 0.000
 93.333333  94.333333   39.59 0.000   4.21 0.000 0.016 0.000000   0.24 0.000 0.083 0.000  1.044 0.000   1.879 0.000 999.99 0.259000   6.502 0.000   3.047 0.000   3.455 0.000 0.041 0.000  0.253 0.000
 96.333333  97.333333   77.61 0.000   3.66 0.000 0.030 0.000000   0.89 0.000 9.999 0.699  1.508 0.000   2.715 0.000 999.99 0.259000  10.413 0.000   5.351 0.000   5.063 0.000 0.050 0.000 99.999 0.699
 99.333333 100.333333   25.60 0.000   2.80 0.000 9.999 0.259000   0.24 0.000 0.140 0.000  1.547 0.000   2.785 0.000 999.99 0.259000   7.642 0.000   3.390 0.000   4.251 0.000 0.039 0.000  0.235 0.000
102.333333 103.333333   53.83 0.000   2.55 0.000 0.016 0.000000   0.30 0.000 0.102 0.000  1.123 0.000   2.021 0.000 999.99 0.259000   6.810 0.000   3.438 0.000   3.371 0.000 0.027 0.000  0.126 0.000
105.333333 106.333333   27.18 0.000   4.42 0.000 0.015 0.000000   0.58 0.000 0.040 0.000  1.240 0.000   2.231 0.000 999.99 0.259000   6.876 0.000   3.623 0.000   3.252 0.000 0.037 0.000  0.184 0.000
108.333333 109.333333   97.32 0.000   2.62 0.000 9.999 0.259000   2.04 0.000 0.236 0.000  1.918 0.000   3.452 0.000 999.99 0.259000  13.073 0.000   7.064 0.000   6.095 0.000 0.039 0.000  0.299 0.000
111.333333 112.333333  150.12 0.000   3.62 0.000 9.999 0.259000   2.42 0.000 0.187 0.000  2.765 0.000   4.977 0.000 999.99 0.259000  22.687 0.000  12.900 0.000   9.784 0.000 0.055 0.000  0.715 0.000
114.333333 115.333333   83.71 0.000   4.22 0.000 0.009 0.000000   0.95 0.000 0.252 0.000  1.969 0.000   3.545 0.000 999.99 0.259000  13.506 0.000   6.119 0.000   7.386 0.000 0.060 0.000  0.561 0.000
117.333333 118.333333  100.70 0.000   5.74 0.000 9.999 0.259000   0.69 0.000 0.048 0.000  1.626 0.000   2.927 0.000 999.99 0.259000  13.454 0.000   8.107 0.000   5.347 0.000 0.044 0.000  0.369 0.000
120.333333 121.333333   51.04 0.000   2.84 0.000 0.008 0.000000   1.18 0.000 0.259 0.000  2.062 0.000   3.711 0.000 999.99 0.259000  10.810 0.000   3.731 0.000   7.078 0.000 0.048 0.000  0.537 0.000
123.333333 124.333333   89.50 0.000   5.49 0.000 9.999 0.259000   2.56 0.000 0.447 0.000  2.381 0.000   4.287 0.000 999.99 0.259000  15.157 0.000   5.819 0.000   9.337 0.000 0.055 0.000  0.767 0.000
126.333333 127.333333   46.25 0.000   1.51 0.000 0.029 0.000000   1.74 0.000 0.081 0.000  0.903 0.000   1.625 0.000 999.99 0.259000  10.998 0.000   6.809 0.000   4.189 0.000 0.036 0.000  0.382 0.000
129.333333 130.333333   42.08 0.000   3.40 0.000 9.999 0.259000   0.84 0.000 0.046 0.000  0.926 0.000   1.666 0.000 999.99 0.259000   6.613 0.000   4.418 0.000   2.249 0.000 0.020 0.000  0.137 0.000
132.333333 133.333333  192.19 0.000  12.01 0.000 9.999 0.259000   1.96 0.000 0.235 0.000  2.971 0.000   5.347 0.000 999.99 0.259000  23.362 0.000  12.037 0.000  11.323 0.000 0.148 0.000  0.631 0.000
135.333333 136.333333   46.79 0.000   2.34 0.000 9.999 0.259000   0.31 0.000 0.124 0.000  0.843 0.000   1.517 0.000 999.99 0.259000   8.565 0.000   4.166 0.000   4.399 0.000 0.044 0.000  0.422 0.000
138.333333 139.333333   38.26 0.000   1.61 0.000 9.999 0.259000   0.16 0.000 0.060 0.000  0.626 0.000   1.127 0.000 999.99 0.259000   6.520 0.000   3.527 0.000   2.994 0.000 0.023 0.000  0.131 0.000
141.333333 142.333333   20.19 0.000   1.90 0.000 0.075 0.000000   0.22 0.000 0.078 0.000  0.805 0.000   1.449 0.000 999.99 0.259000  11.146 0.000   6.681 0.000   4.465 0.000 0.047 0.000  0.251 0.000
144.333333 145.333333   60.11 0.000   2.31 0.000 9.999 0.259000   1.80 0.000 0.101 0.000  1.641 0.000   2.953 0.000 999.99 0.259000  12.058 0.000   6.577 0.000   5.480 0.000 0.038 0.000  0.383 0.000
147.333333 148.333333   70.36 0.000   8.71 0.000 0.012 0.000000   3.11 0.000 0.228 0.000  3.556 0.000   6.400 0.000 999.99 0.259000  21.445 0.000   8.721 0.000  12.722 0.000 0.083 0.000  1.033 0.000
150.333333 151.333333   49.23 0.000   4.89 0.000 9.999 0.259000   0.67 0.000 0.048 0.000  0.705 0.000   1.269 0.000 999.99 0.259000   6.785 0.000   3.402 0.000   3.424 0.000 0.029 0.000  0.308 0.000
153.333333 154.333333   55.48 0.000   1.56 0.000 0.040 0.000000   2.04 0.000 0.183 0.000  0.944 0.000   1.700 0.000 999.99 0.259000  15.020 0.000   8.726 0.000   6.293 0.000 0.043 0.000  0.534 0.000
156.333333 157.333333   40.81 0.000   2.58 0.000 0.010 0.000000   0.53 0.000 0.070 0.000  0.816 0.000   1.469 0.000  15.33 0.000000   5.302 0.000   2.663 0.000   2.639 0.000 0.013 0.000  0.178 0.000
159.333333 160.333333   85.73 0.000  12.42 0.000 9.999 0.259000   6.81 0.000 0.217 0.000  1.750 0.000   3.150 0.000 999.99 0.259000  13.845 0.000   6.718 0.000   7.126 0.000 0.047 0.000  0.601 0.000
162.333333 163.333333   13.24 0.000   1.11 0.000 0.017 0.000000   0.26 0.000 0.072 0.000  0.782 0.000   1.409 0.000 999.99 0.259000   6.575 0.000   3.507 0.000   3.068 0.000 0.028 0.000  0.251 0.000
165.333333 166.333333   54.06 0.000   2.12 0.000 9.999 0.259000   2.03 0.000 0.083 0.000  1.205 0.000   2.169 0.000 999.99 0.259000  10.009 0.000   5.844 0.000   4.165 0.000 0.021 0.000  0.292 0.000
168.333333 169.333333   36.45 0.000   2.20 0.000 9.999 0.259000   4.38 0.000 0.087 0.000  1.302 0.000   2.344 0.000 999.99 0.259000   9.074 0.000   4.407 0.000   4.667 0.000 0.050 0.000  0.355 0.000
171.333333 172.333333  116.24 0.000   8.05 0.000 0.009 0.000000   1.98 0.000 0.217 0.000  2.497 0.000   4.495 0.000 999.99 0.259000  22.052 0.000  12.169 0.000  10.038 0.000 0.064 0.000  0.800 0.000
174.333333 175.333333   82.36 0.000   2.10 0.000 0.036 0.000000   2.59 0.000 0.233 0.000  1.986 0.000   3.575 0.000 999.99 0.259000  19.424 0.000  11.188 0.000   8.115 0.000 0.053 0.000  0.525 0.000
177.333333 178.333333   83.72 0.000   3.51 0.000 9.999 0.259000   1.74 0.000 0.167 0.000  1.309 0.000   2.357 0.000 999.99 0.259000   8.520 0.000   3.605 0.000   4.876 0.000 0.032 0.000  0.341 0.000
180.333333 181.333333  120.19 0.000   4.87 0.000 9.999 0.259000   4.16 0.000 0.168 0.000  2.153 0.000   3.876 0.000 999.99 0.259000  16.718 0.000   8.071 0.000   8.559 0.000 0.060 0.000  0.673 0.000
183.333333 184.333333   48.70 0.000   3.26 0.000 9.999 0.259000   4.50 0.000 0.148 0.000  1.892 0.000   3.406 0.000 999.99 0.259000  10.352 0.000   3.554 0.000   6.758 0.000 0.159 0.000  0.565 0.000
186.333333 187.333333   36.34 0.000   1.61 0.000 9.999 0.259000   0.39 0.000 0.031 0.000  0.458 0.000   0.824 0.000  16.91 0.000000   5.474 0.000   3.066 0.000   2.374 0.000 0.025 0.000  0.181 0.000
189.333333 190.333333   32.32 0.000   1.56 0.000 0.032 0.000000   0.92 0.000 0.095 0.000  0.642 0.000   1.155 0.000 999.99 0.259000   8.954 0.000   4.673 0.000   4.230 0.000 0.033 0.000  0.307 0.000
192.333333 193.333333   55.88 0.000   3.83 0.000 9.999 0.259000   0.29 0.000 0.040 0.000  0.514 0.000   0.924 0.000 999.99 0.259000   8.181 0.000   5.245 0.000   2.987 0.000 0.025 0.000  0.213 0.000
195.333333 196.333333  111.25 0.000   1.98 0.000 0.014 0.000000   3.82 0.000 0.291 0.000  3.130 0.000   5.634 0.000 999.99 0.259000  18.915 0.000   7.963 0.000  10.864 0.000 0.074 0.000  0.594 0.000
198.333333 199.333333  151.28 0.000   3.67 0.000 0.013 0.000000   4.59 0.000 0.136 0.000  2.556 0.000   4.601 0.000 999.99 0.259000  19.175 0.000   9.447 0.000   9.625 0.000 0.036 0.000  0.638 0.000
201.333333 202.333333  125.30 0.000   2.21 0.000 0.028 0.000000   2.35 0.000 0.221 0.000  1.752 0.000   3.153 0.000 999.99 0.259000  19.849 0.000  11.705 0.000   8.019 0.000 0.051 0.000  0.614 0.000
204.333333 205.333333   31.01 0.000   1.46 0.000 9.999 0.259000   3.23 0.000 0.145 0.000  1.209 0.000   2.177 0.000 999.99 0.259000  10.606 0.000   4.328 0.000   6.230 0.000 0.039 0.000  0.731 0.000
207.333333 208.333333  122.76 0.394   1.37 0.394 9.999 0.394259   2.46 0.394 0.125 0.394  2.080 0.000   3.744 0.000 999.99 0.394259  18.958 0.000  11.215 0.000   7.741 0.000 0.033 0.394  0.557 0.394
210.333333 211.333333   73.95 0.000   3.34 0.000 9.999 0.259000   6.51 0.000 0.093 0.000  1.481 0.000   2.665 0.000 999.99 0.259000  14.322 0.000   8.777 0.000   5.451 0.000 0.032 0.000  0.452 0.000
213.333333 214.333333   93.32 0.000   1.31 0.000 9.999 0.259000   1.73 0.000 0.143 0.000  0.946 0.000   1.703 0.000 999.99 0.259000  18.999 0.000  13.604 0.000   5.509 0.000 0.032 0.000  0.443 0.000
216.333333 217.333333  186.59 0.000   3.10 0.000 0.010 0.000000   9.39 0.000 0.200 0.000  3.174 0.000   5.714 0.000 999.99 0.259000  27.175 0.000  15.434 0.000  11.574 0.000 0.043 0.000  0.755 0.000
219.333333 220.333333  114.96 0.000   2.41 0.000 9.999 0.259000   3.63 0.000 0.152 0.000  2.103 0.000   3.786 0.000 999.99 0.259000  20.204 0.000  10.970 0.000   9.115 0.000 0.047 0.000  0.718 0.000
222.333333 223.333333 9999.99 0.999 999.99 0.999 9.999 0.999000 999.99 0.999 9.999 0.999 99.999 0.999 999.999 0.999 999.99 0.999000 999.999 0.999 999.999 0.999 999.999 0.999 9.999 0.999 99.999 0.999
225.333333 226.333333 9999.99 0.999 999.99 0.999 9.999 0.999000 999.99 0.999 9.999 0.999 99.999 0.999 999.999 0.999 999.99 0.999000 999.999 0.999 999.999 0.999 999.999 0.999 9.999 0.999 99.999 0.999
228.333333 229.333333   76.26 0.000   1.56 0.000 9.999 0.259000   2.18 0.000 0.092 0.000  1.038 0.000   1.868 0.000 999.99 0.259000   9.370 0.000   4.714 0.000   4.604 0.000 0.015 0.000  0.414 0.000
231.333333 232.333333   85.62 0.000   3.79 0.000 9.999 0.259000   7.85 0.000 0.111 0.000  2.033 0.000   3.659 0.000 999.99 0.259000  15.259 0.000   6.587 0.000   8.600 0.000 0.041 0.000  0.747 0.000
234.333333 235.333333   84.17 0.000   3.19 0.000 9.999 0.259000   1.63 0.000 0.137 0.000  1.136 0.000   2.045 0.000 999.99 0.259000  19.085 0.000  13.561 0.000   5.532 0.000 0.042 0.000  0.524 0.000
237.333333 238.333333  247.36 0.000   5.49 0.000 9.999 0.259000   7.23 0.000 0.201 0.000  3.801 0.000   6.842 0.000 999.99 0.259000  29.416 0.000  15.357 0.000  13.892 0.000 0.054 0.000  0.942 0.000
