scripts/IMPROVE-2019_partial/data/US9027R.20000216080000.20191216000000.filterpack..pm25.10mo.1w.US03L_filterpack_US9027.US03L_IMPROVE_Davis.lev2.nas
66 1001
MISSING INFORMATION
US03L, IMPROVE, , , , , , , 
MISSING INFORMATION
IMPROVE sel_HTAP
1 1
2000 01 01 2019 12 16
0
days from file reference point
27
1 1 1 1 1 1 1 1 1 1 1 1 1 1 1 1 1 1 1 1 1 1 1 1 1 1 1
999.999999 9999.99 9.999 99.99 9.999999 9.999 9.999999 9.99 9.999999 9.999 9.999 99.999 9.999 99.999 9.999 99.99 9.999999 999.999 9.999 99.999 9.999 999.999 9.999 9.999 9.999 99.999 9.999
end_time of measurement, days from the file reference point
iron, ng/m3, Revision date=20181210133000
numflag iron, no unit, Revision date=20181210133000
lead, ng/m3, Revision date=20181210133000
numflag lead, no unit, Revision date=20181210133000
magnesium, ug/m3, Revision date=20181210133000
numflag magnesium, no unit, Revision date=20181210133000
nickel, ng/m3, Revision date=20181210133000
numflag nickel, no unit, Revision date=20181210133000
nitrate, ug N/m3, Revision date=20181210133000
numflag nitrate, no unit, Revision date=20181210133000
organic_carbon, ug C/m3, Revision date=20181210133000
numflag organic_carbon, no unit, Revision date=20181210133000
organic_mass, ug/m3, Revision date=20181210133000
numflag organic_mass, no unit, Revision date=20181210133000
phosphorus, ng/m3, Revision date=20181210133000
numflag phosphorus, no unit, Revision date=20181210133000
pm10_mass, ug/m3, Version=2, Version description=Data extracted from http://views.cira.colostate.edu/fed/DataWizard 2019-12-16, Sample duration=1d, Orig. time res.=3d, Matrix=pm10, Blank correction=Blank corrected, Volume std. temperature=ambient, Volume std. pressure=ambient
numflag pm10_mass, no unit, Version=2, Version description=Data extracted from http://views.cira.colostate.edu/fed/DataWizard 2019-12-16, Sample duration=1d, Orig. time res.=3d, Matrix=pm10, Blank correction=Blank corrected, Volume std. temperature=ambient, Volume std. pressure=ambient
pm10_pm25_mass, ug/m3, Revision date=20181210133000, Matrix=pm10_pm25
numflag pm10_pm25_mass, no unit, Revision date=20181210133000, Matrix=pm10_pm25
pm25_mass, ug/m3, Version=2, Version description=Data extracted from http://views.cira.colostate.edu/fed/DataWizard 2019-12-16, Sample duration=1d, Orig. time res.=3d, Blank correction=Blank corrected, Volume std. temperature=ambient, Volume std. pressure=ambient
numflag pm25_mass, no unit, Version=2, Version description=Data extracted from http://views.cira.colostate.edu/fed/DataWizard 2019-12-16, Sample duration=1d, Orig. time res.=3d, Blank correction=Blank corrected, Volume std. temperature=ambient, Volume std. pressure=ambient
potassium, ug/m3, Revision date=20181210133000
numflag potassium, no unit, Revision date=20181210133000
sulphate_total, ug S/m3, Revision date=20181210133000
numflag sulphate_total, no unit, Revision date=20181210133000
0
25
Data definition:              EBAS_1.1
Set type code:                TI
Timezone:                     UTC
File name:                    US9027R.20000216080000.20191216000000.filterpack..pm25.10mo.1w.US03L_filterpack_US9027.US03L_IMPROVE_Davis.lev2.nas
File creation:                20191218120700
Startdate:                    20000216080000
Revision date:                20191216000000
Statistics:                   arithmetic mean
Data level:                   2
Period code:                  10mo
Resolution code:              1w
Station code:                 US9027R
Platform code:                US9027S
Station name:                 North Cascades
Station latitude:             48.7316
Station longitude:            -121.0646
Station altitude:             568.0 m
Regime:                       IMG
Component:                    
Matrix:                       pm25
Laboratory code:              US03L
Instrument type:              filterpack
Instrument name:              filterpack_US9027
Method ref:                   US03L_IMPROVE_Davis
starttime endtime Fe flag_Fe Pb flag_Pb Mg++ flag_Mg++ Ni flag_Ni NO3- flag_NO3- OC flag_OC OM flag_OM P flag_P PM10 flag_PM10 PM10-PM2.5 flag_PM10-PM2.5 PM2.5 flag_PM2.5 K+ flag_K+ SO4-- flag_SO4--
[from data line 81]
315.333333 316.333333    3.73 0.559  0.30 0.559000 0.037 0.559000 9.99 0.559259 0.041 0.000  6.058 0.000  8.481 0.000 99.99 0.559259  12.824 0.000  0.003 0.000  12.820 0.559 0.103 0.559  0.469 0.000
318.333333 319.333333 9999.99 0.456 99.99 0.456000 9.999 0.456000 9.99 0.456000 0.015 0.000  2.240 0.000  3.136 0.000 99.99 0.456000   5.558 0.000 99.999 0.999 999.999 0.456 9.999 0.456  0.245 0.000
321.333333 322.333333    3.13 0.000  0.22 0.000000 9.999 0.259000 9.99 0.259000 0.012 0.000  1.354 0.000  1.895 0.000 99.99 0.259000   3.323 0.000  0.125 0.000   3.198 0.000 0.027 0.000  0.118 0.000
324.333333 325.333333    2.91 0.000  0.28 0.000000 9.999 0.259000 9.99 0.259000 0.006 0.000  0.659 0.000  0.923 0.000 99.99 0.259000   1.875 0.000  0.255 0.000   1.619 0.000 0.014 0.000  0.096 0.000
327.333333 328.333333    2.89 0.000  0.48 0.000000 9.999 0.259000 9.99 0.259000 0.006 0.000  0.216 0.000  0.302 0.000 99.99 0.259000   1.281 0.000  0.156 0.000   1.125 0.000 0.013 0.000  0.096 0.000
330.333333 331.333333    5.21 0.000  0.30 0.000000 9.999 0.259000 9.99 0.259000 0.009 0.000 99.999 0.259 99.999 0.259 99.99 0.259000   0.785 0.000  0.400 0.000   0.386 0.000 0.012 0.000  0.083 0.000
333.333333 334.333333    1.21 0.559  0.36 0.559000 9.999 0.559259 9.99 0.559259 0.008 0.000  0.109 0.000  0.153 0.000 99.99 0.559259   1.033 0.000  0.236 0.000   0.797 0.559 0.009 0.559  0.083 0.000
336.333333 337.333333    1.47 0.000  0.27 0.000000 9.999 0.259000 9.99 0.259000 0.018 0.000  0.366 0.000  0.512 0.000 99.99 0.259000   2.026 0.000  0.873 0.000   1.152 0.000 0.010 0.000  0.129 0.000
339.333333 340.333333    1.02 0.000  0.32 0.000000 9.999 0.259000 9.99 0.259000 0.006 0.000  0.287 0.000  0.402 0.000 99.99 0.259000   1.303 0.000  0.682 0.000   0.621 0.000 0.005 0.000  0.070 0.000
342.333333 343.333333    2.30 0.559  0.54 0.559000 9.999 0.559259 9.99 0.559259 0.032 0.000  0.773 0.000  1.082 0.000 99.99 0.559259   3.431 0.000  1.271 0.000   2.160 0.559 0.016 0.559  0.148 0.000
345.333333 346.333333    2.70 0.000  0.49 0.000000 9.999 0.259000 9.99 0.259000 0.011 0.000  0.427 0.000  0.598 0.000 99.99 0.259000   1.548 0.000  0.185 0.000   1.363 0.000 0.017 0.000  0.173 0.000
348.333333 349.333333    2.45 0.000  0.31 0.000000 0.015 0.000000 9.99 0.259000 0.012 0.000  0.390 0.000  0.546 0.000 99.99 0.259000   1.081 0.000 99.999 0.259   1.136 0.000 0.010 0.000  0.153 0.000
351.333333 352.333333    0.44 0.000 99.99 0.259000 9.999 0.259000 0.13 0.000000 0.028 0.000  0.076 0.000  0.106 0.000 99.99 0.259000   1.199 0.000 99.999 0.259   1.246 0.000 0.007 0.000  0.139 0.000
354.333333 355.333333 9999.99 0.999 99.99 0.999000 9.999 0.999000 9.99 0.999000 0.012 0.000  0.141 0.000  0.197 0.000 99.99 0.999000   1.289 0.000 99.999 0.999 999.999 0.999 9.999 0.999  0.113 0.000
357.333333 358.333333 9999.99 0.999 99.99 0.999000 9.999 0.999000 9.99 0.999000 0.009 0.000  0.273 0.000  0.382 0.000 99.99 0.999000   0.041 0.000 99.999 0.999 999.999 0.999 9.999 0.999  0.047 0.000
360.333333 361.333333 9999.99 0.999 99.99 0.999000 9.999 0.999000 9.99 0.999000 0.004 0.000  0.111 0.000  0.155 0.000 99.99 0.999000   0.757 0.000 99.999 0.999 999.999 0.999 9.999 0.999  0.052 0.000
363.333333 364.333333    2.55 0.559  0.51 0.559000 9.999 0.559259 9.99 0.559259 0.010 0.000  0.301 0.000  0.421 0.000 99.99 0.559259   1.447 0.000  0.436 0.000   1.011 0.559 0.008 0.559  0.147 0.000
