scripts/IMPROVE-2019_partial/data/US9053R.20120101060000.20191216000000.filterpack...52w.3d.US03L_filterpack_US9053.US03L_IMPROVE_Davis.lev2.nas
51 1001
MISSING INFORMATION
US03L, IMPROVE, , , , , , , 
MISSING INFORMATION
IMPROVE sel_HTAP
1 1
2012 01 01 2019 12 16
3.00
days from file reference point
4
1 1 1 1
999.99 999.999 999.999 9.999
end_time of measurement, days from the file reference point
pm10_mass, ug/m3, Matrix=pm10
pm25_mass, ug/m3, Matrix=pm25
numflag, no unit
0
33
Data definition:              EBAS_1.1
Set type code:                TU
Timezone:                     UTC
File name:                    US9053R.20120101060000.20191216000000.filterpack...52w.3d.US03L_filterpack_US9053.US03L_IMPROVE_Davis.lev2.nas
File creation:                20191218120908
Startdate:                    20120101060000
Revision date:                20191216000000
Version:                      2
Version description:          "Data extracted from http://views.cira.colostate.edu/fed/DataWizard 2019-12-16"
Statistics:                   arithmetic mean
Data level:                   2
Period code:                  52w
Resolution code:              3d
Sample duration:              1d
Orig. time res.:              3d
Station code:                 US9053R
Platform code:                US9053S
Station name:                 Viking Lake
Station latitude:             40.969
Station longitude:            -95.045
Station altitude:             371.0 m
Regime:                       IMG
Component:                    
Unit:                         ug/m3
Matrix:                       
Laboratory code:              US03L
Instrument type:              filterpack
Instrument name:              filterpack_US9053
Method ref:                   US03L_IMPROVE_Davis
Blank correction:             Blank corrected
Volume std. temperature:      ambient
Volume std. pressure:         ambient
starttime endtime PM10 PM2.5 flag
  0.25   1.25 999.999 999.999 0.999
  3.25   4.25 999.999 999.999 0.456
  6.25   7.25 999.999 999.999 0.456
  9.25  10.25 999.999 999.999 0.456
 12.25  13.25  20.064   3.758 0.000
 15.25  16.25  19.095   6.833 0.000
 18.25  19.25  14.405   4.489 0.000
 21.25  22.25  24.285  20.605 0.000
 24.25  25.25  20.447  13.950 0.000
 27.25  28.25  10.537   2.086 0.000
 30.25  31.25  15.533   4.223 0.000
 33.25  34.25  10.818  12.348 0.000
 36.25  37.25  21.709  19.370 0.000
 39.25  40.25  13.872  12.477 0.000
 42.25  43.25  12.311   6.873 0.000
 45.25  46.25  29.469  25.345 0.000
 48.25  49.25   8.896   6.071 0.000
 51.25  52.25   4.135   3.227 0.000
 54.25  55.25   7.274   6.016 0.000
 57.25  58.25   9.380   4.074 0.000
 60.25  61.25  10.594   7.805 0.000
 63.25  64.25  11.053   6.368 0.000
 66.25  67.25  18.840   6.648 0.000
 69.25  70.25  20.566   8.043 0.000
 72.25  73.25  29.097   6.308 0.000
 75.25  76.25  22.875  11.160 0.000
 78.25  79.25  14.181   7.537 0.000
 81.25  82.25   5.612   2.450 0.000
 84.25  85.25  15.163   8.680 0.000
 87.25  88.25  19.037   4.369 0.000
 90.25  91.25  22.717  11.866 0.000
 93.25  94.25  28.131  10.184 0.000
 96.25  97.25  15.626   3.813 0.000
 99.25 100.25  15.464   3.763 0.000
102.25 103.25  24.699   9.327 0.000
105.25 106.25  13.523   4.248 0.000
108.25 109.25  13.658   5.302 0.000
111.25 112.25  12.201   4.119 0.000
114.25 115.25  28.889   6.698 0.000
117.25 118.25  33.361   5.830 0.000
120.25 121.25   9.872   6.335 0.000
123.25 124.25  11.347   5.795 0.000
126.25 127.25  10.200   4.973 0.000
129.25 130.25  15.526   2.560 0.000
132.25 133.25  20.905   3.721 0.000
135.25 136.25  35.535   6.635 0.000
138.25 139.25  34.918  11.701 0.000
141.25 142.25  19.098   4.690 0.000
144.25 145.25  29.963  10.418 0.000
147.25 148.25  26.939  10.004 0.000
150.25 151.25  14.939   3.024 0.000
153.25 154.25   9.488   3.475 0.000
156.25 157.25  19.222   6.996 0.000
159.25 160.25  27.566   9.340 0.000
162.25 163.25  10.028   2.216 0.000
165.25 166.25  19.734   8.081 0.000
168.25 169.25  12.595   6.141 0.000
171.25 172.25  15.846   5.817 0.000
174.25 175.25  10.608   5.526 0.000
177.25 178.25  19.852   7.058 0.000
180.25 181.25  32.577  15.299 0.000
183.25 184.25  22.418   7.688 0.000
186.25 187.25  37.405  13.026 0.000
189.25 190.25  19.398   6.769 0.000
192.25 193.25  29.905   9.580 0.000
195.25 196.25  27.024  10.869 0.000
198.25 199.25  30.657  10.370 0.000
201.25 202.25  28.042   9.333 0.000
204.25 205.25  26.928  10.527 0.000
207.25 208.25 999.999 999.999 0.999
210.25 211.25  18.057   7.343 0.000
213.25 214.25  27.377   7.449 0.000
216.25 217.25  21.940   7.479 0.000
219.25 220.25  24.188   6.271 0.000
222.25 223.25  12.786   3.530 0.000
225.25 226.25  13.292   4.868 0.000
228.25 229.25  18.675   4.394 0.000
231.25 232.25  10.911   3.876 0.000
234.25 235.25  32.081   7.290 0.000
237.25 238.25  16.186  12.197 0.000
240.25 241.25  27.013  10.665 0.000
243.25 244.25  26.799   8.788 0.000
246.25 247.25  23.975   8.669 0.000
249.25 250.25  28.371   6.858 0.000
252.25 253.25  16.077   3.118 0.000
255.25 256.25  30.531   8.728 0.000
258.25 259.25  17.590   5.477 0.000
261.25 262.25  11.847   2.837 0.000
264.25 265.25  34.096   6.542 0.000
267.25 268.25  35.691   5.651 0.000
270.25 271.25  50.335   8.402 0.000
273.25 274.25  63.115  11.433 0.000
276.25 277.25  50.390   8.911 0.000
279.25 280.25  31.804   4.026 0.000
282.25 283.25  33.683   5.136 0.000
285.25 286.25  28.147   4.279 0.000
288.25 289.25  20.645   7.466 0.000
291.25 292.25  31.282   2.844 0.000
294.25 295.25  20.591   9.389 0.000
297.25 298.25  18.595   9.002 0.000
300.25 301.25   8.038   5.710 0.000
303.25 304.25  19.560   5.566 0.000
306.25 307.25  25.803   4.446 0.000
309.25 310.25  17.088  14.560 0.000
312.25 313.25  14.942   3.398 0.000
315.25 316.25   6.166   2.986 0.000
318.25 319.25  14.497   6.338 0.000
321.25 322.25  26.467  12.881 0.000
324.25 325.25  41.602  18.487 0.000
327.25 328.25  22.161   4.425 0.000
330.25 331.25  22.344   7.008 0.000
333.25 334.25  38.376  13.381 0.000
336.25 337.25  13.474  11.108 0.000
339.25 340.25  24.747   5.101 0.000
342.25 343.25  22.406  12.350 0.000
345.25 346.25  12.852   2.526 0.000
348.25 349.25  34.621   9.060 0.000
351.25 352.25  17.206  15.048 0.000
354.25 355.25  12.583   8.467 0.000
357.25 358.25  29.909  26.029 0.000
360.25 361.25  12.712   7.670 0.000
363.25 364.25  18.684  14.151 0.000
