scripts/IMPROVE-2019_partial/data/US9079R.20020102080000.20191216000000.filterpack..pm25.52w.1w.US03L_filterpack_US9079.US03L_IMPROVE_Davis.lev2.nas
66 1001
MISSING INFORMATION
US03L, IMPROVE, , , , , , , 
MISSING INFORMATION
IMPROVE sel_HTAP
1 1
2002 01 01 2019 12 16
3.000000
days from file reference point
27
1 1 1 1 1 1 1 1 1 1 1 1 1 1 1 1 1 1 1 1 1 1 1 1 1 1 1
999.999999 9999.99 9.999 999.99 9.999 9.999 9.999999 99.99 9.999999 9.999 9.999 999.999 9.999 999.999 9.999 999.9 9.999999 9999.999 9.999 9999.999 9.999 999.999 9.999 9.999 9.999 9.999 9.999
end_time of measurement, days from the file reference point
iron, ng/m3, Revision date=20181210133000
numflag iron, no unit, Revision date=20181210133000
lead, ng/m3, Revision date=20181210133000
numflag lead, no unit, Revision date=20181210133000
magnesium, ug/m3, Revision date=20181210133000
numflag magnesium, no unit, Revision date=20181210133000
nickel, ng/m3, Revision date=20181210133000
numflag nickel, no unit, Revision date=20181210133000
nitrate, ug N/m3, Revision date=20181210133000
numflag nitrate, no unit, Revision date=20181210133000
organic_carbon, ug C/m3, Revision date=20181210133000
numflag organic_carbon, no unit, Revision date=20181210133000
organic_mass, ug/m3, Revision date=20181210133000
numflag organic_mass, no unit, Revision date=20181210133000
phosphorus, ng/m3, Revision date=20181210133000
numflag phosphorus, no unit, Revision date=20181210133000
pm10_mass, ug/m3, Version=2, Version description=Data extracted from http://views.cira.colostate.edu/fed/DataWizard 2019-12-16, Sample duration=1d, Orig. time res.=3d, Matrix=pm10, Blank correction=Blank corrected, Volume std. temperature=ambient, Volume std. pressure=ambient
numflag pm10_mass, no unit, Version=2, Version description=Data extracted from http://views.cira.colostate.edu/fed/DataWizard 2019-12-16, Sample duration=1d, Orig. time res.=3d, Matrix=pm10, Blank correction=Blank corrected, Volume std. temperature=ambient, Volume std. pressure=ambient
pm10_pm25_mass, ug/m3, Revision date=20181210133000, Matrix=pm10_pm25
numflag pm10_pm25_mass, no unit, Revision date=20181210133000, Matrix=pm10_pm25
pm25_mass, ug/m3, Version=2, Version description=Data extracted from http://views.cira.colostate.edu/fed/DataWizard 2019-12-16, Sample duration=1d, Orig. time res.=3d, Blank correction=Blank corrected, Volume std. temperature=ambient, Volume std. pressure=ambient
numflag pm25_mass, no unit, Version=2, Version description=Data extracted from http://views.cira.colostate.edu/fed/DataWizard 2019-12-16, Sample duration=1d, Orig. time res.=3d, Blank correction=Blank corrected, Volume std. temperature=ambient, Volume std. pressure=ambient
potassium, ug/m3, Revision date=20181210133000
numflag potassium, no unit, Revision date=20181210133000
sulphate_total, ug S/m3, Revision date=20181210133000
numflag sulphate_total, no unit, Revision date=20181210133000
0
25
Data definition:              EBAS_1.1
Set type code:                TU
Timezone:                     UTC
File name:                    US9079R.20020102080000.20191216000000.filterpack..pm25.52w.1w.US03L_filterpack_US9079.US03L_IMPROVE_Davis.lev2.nas
File creation:                20191218121057
Startdate:                    20020102080000
Revision date:                20191216000000
Statistics:                   arithmetic mean
Data level:                   2
Period code:                  52w
Resolution code:              1w
Station code:                 US9079R
Platform code:                US9079S
Station name:                 Spokane Res.
Station latitude:             47.9045
Station longitude:            -117.8609
Station altitude:             552.0 m
Regime:                       IMG
Component:                    
Matrix:                       pm25
Laboratory code:              US03L
Instrument type:              filterpack
Instrument name:              filterpack_US9079
Method ref:                   US03L_IMPROVE_Davis
starttime endtime Fe flag_Fe Pb flag_Pb Mg++ flag_Mg++ Ni flag_Ni NO3- flag_NO3- OC flag_OC OM flag_OM P flag_P PM10 flag_PM10 PM10-PM2.5 flag_PM10-PM2.5 PM2.5 flag_PM2.5 K+ flag_K+ SO4-- flag_SO4--
  1.333333   2.333333 9999.99 0.999 999.99 0.999 9.999 0.999000 99.99 0.999000 9.999 0.999 999.999 0.999 999.999 0.999 999.9 0.999000 9999.999 0.999 9999.999 0.999 999.999 0.999 9.999 0.999 9.999 0.999
  4.333333   5.333333    9.44 0.000   0.73 0.000 9.999 0.259000 99.99 0.259000 0.344 0.559   3.640 0.000   5.096 0.000 999.9 0.259000    8.358 0.000 9999.999 0.259   8.890 0.000 0.048 0.000 0.116 0.559
  7.333333   8.333333    6.72 0.000 999.99 0.259 9.999 0.259000  0.08 0.000000 0.009 0.559   1.061 0.000   1.486 0.000 999.9 0.259000    2.757 0.000    0.688 0.000   2.069 0.000 0.013 0.000 0.026 0.559
 10.333333  11.333333   21.81 0.000  10.79 0.000 9.999 0.259000 99.99 0.259000 0.188 0.559   3.993 0.000   5.590 0.000 999.9 0.259000    8.785 0.000 9999.999 0.259   9.269 0.000 0.049 0.000 0.116 0.559
 13.333333  14.333333   50.05 0.000   1.67 0.000 9.999 0.259000  1.04 0.000000 0.050 0.000   2.523 0.000   3.532 0.000 999.9 0.259000    9.272 0.000    3.058 0.000   6.214 0.000 0.044 0.000 0.082 0.000
 16.333333  17.333333   30.52 0.000   3.77 0.000 9.999 0.259000  0.59 0.000000 0.123 0.000   3.057 0.000   4.280 0.000 999.9 0.259000    9.287 0.000    1.115 0.000   8.172 0.000 0.061 0.000 0.234 0.000
 19.333333  20.333333   31.56 0.000   1.24 0.000 9.999 0.259000 99.99 0.259000 0.056 0.000   1.201 0.000   1.681 0.000 999.9 0.259000    8.074 0.000    4.981 0.000   3.093 0.000 0.023 0.000 0.066 0.000
 22.333333  23.333333   19.84 0.000   0.69 0.000 9.999 0.259000  0.40 0.000000 0.229 0.000   0.529 0.000   0.740 0.000 999.9 0.259000    3.701 0.000    1.516 0.000   2.185 0.000 0.018 0.000 0.091 0.000
 25.333333  26.333333   22.64 0.000   1.94 0.000 9.999 0.259000  0.40 0.000000 0.053 0.000   0.591 0.000   0.828 0.000 999.9 0.259000    2.329 0.000    0.832 0.000   1.497 0.000 0.015 0.000 0.049 0.000
 28.333333  29.333333   16.59 0.000   1.26 0.000 9.999 0.259000 99.99 0.259000 0.152 0.559   2.047 0.000   2.866 0.000 999.9 0.259000    7.279 0.000    2.460 0.000   4.819 0.000 0.035 0.000 0.127 0.559
 31.333333  32.333333   14.18 0.000   0.76 0.000 9.999 0.259000  0.27 0.000000 0.521 0.000   1.485 0.000   2.079 0.000 999.9 0.259000    5.655 0.000    0.201 0.000   5.454 0.000 0.025 0.000 0.211 0.000
 34.333333  35.333333    5.64 0.000   0.69 0.000 9.999 0.259000 99.99 0.259000 0.425 0.000   2.452 0.000   3.433 0.000 999.9 0.259000    8.192 0.000    0.060 0.000   8.132 0.000 0.029 0.000 0.256 0.000
 37.333333  38.333333   23.70 0.000   0.63 0.000 9.999 0.259000 99.99 0.259000 0.114 0.000   0.948 0.000   1.328 0.000 999.9 0.259000    2.620 0.000 9999.999 0.259   2.727 0.000 0.017 0.000 0.083 0.000
 40.333333  41.333333   15.89 0.000   0.91 0.000 9.999 0.259000 99.99 0.259000 0.246 0.000   1.956 0.000   2.738 0.000 999.9 0.259000    6.570 0.000    1.238 0.000   5.332 0.000 0.029 0.000 0.105 0.000
 43.333333  44.333333   54.69 0.000   0.88 0.000 9.999 0.259000  0.39 0.000000 0.131 0.000   2.415 0.000   3.381 0.000 999.9 0.259000   12.466 0.000    5.913 0.000   6.554 0.000 0.051 0.000 0.058 0.000
 46.333333  47.333333   47.87 0.000   1.83 0.000 9.999 0.259000 99.99 0.259000 0.079 0.000   3.050 0.000   4.269 0.000 999.9 0.259000   13.099 0.000    5.824 0.000   7.275 0.000 0.064 0.000 0.149 0.000
 49.333333  50.333333   15.03 0.000   0.65 0.000 9.999 0.259000 99.99 0.259000 0.066 0.000   1.886 0.000   2.640 0.000 999.9 0.259000    5.332 0.000    0.902 0.000   4.430 0.000 0.032 0.000 0.151 0.000
 52.333333  53.333333   20.50 0.000   0.56 0.000 9.999 0.259000 99.99 0.259000 0.017 0.559   0.495 0.000   0.692 0.000 999.9 0.259000    4.092 0.000    2.674 0.000   1.418 0.000 0.020 0.000 0.043 0.559
 55.333333  56.333333   10.39 0.000   0.51 0.000 9.999 0.259000 99.99 0.259000 0.030 0.000   1.469 0.000   2.057 0.000 999.9 0.259000    6.229 0.000    1.580 0.000   4.649 0.000 0.030 0.000 0.344 0.000
 58.333333  59.333333   22.66 0.000   0.95 0.000 9.999 0.259000  0.20 0.000000 0.132 0.559   2.033 0.000   2.846 0.000 999.9 0.259000    8.150 0.000    2.696 0.000   5.454 0.000 0.037 0.000 0.217 0.559
 61.333333  62.333333   20.48 0.000   0.88 0.000 9.999 0.259000  0.26 0.000000 0.070 0.000   2.015 0.000   2.821 0.000 999.9 0.259000    8.691 0.000    3.587 0.000   5.104 0.000 0.039 0.000 0.145 0.000
 64.333333  65.333333 9999.99 0.999 999.99 0.999 9.999 0.999000 99.99 0.999000 9.999 0.999 999.999 0.999 999.999 0.999 999.9 0.999000 9999.999 0.999 9999.999 0.999 999.999 0.999 9.999 0.999 9.999 0.999
 67.333333  68.333333   26.82 0.000   1.50 0.000 9.999 0.259000 99.99 0.259000 0.094 0.559   1.060 0.000   1.485 0.000 999.9 0.259000    6.404 0.000    2.182 0.000   4.222 0.000 0.035 0.000 0.322 0.559
 70.333333  71.333333   31.31 0.000   0.59 0.000 9.999 0.259000  0.39 0.000000 0.031 0.000   0.327 0.000   0.458 0.000 999.9 0.259000    4.134 0.000    2.047 0.000   2.086 0.000 0.025 0.000 0.082 0.000
 73.333333  74.333333   29.83 0.000   0.64 0.000 9.999 0.259000  0.42 0.000000 0.116 0.559   0.948 0.000   1.328 0.000 999.9 0.259000    5.780 0.000    2.233 0.000   3.547 0.000 0.027 0.000 0.190 0.559
 76.333333  77.333333   18.24 0.000   0.92 0.000 9.999 0.259000  0.45 0.000000 0.085 0.559   0.778 0.000   1.089 0.000 999.9 0.259000    3.867 0.000    0.305 0.000   3.562 0.000 0.025 0.000 0.353 0.559
 79.333333  80.333333   26.84 0.000   1.08 0.000 9.999 0.259000  0.34 0.000000 0.015 0.559   0.612 0.000   0.857 0.000 999.9 0.259000    6.487 0.000    2.404 0.000   4.083 0.000 0.029 0.000 0.356 0.559
 82.333333  83.333333   27.97 0.000   2.66 0.000 0.086 0.000000  0.27 0.000000 0.376 0.000   1.584 0.000   2.218 0.000 999.9 0.259000    8.184 0.000    1.962 0.000   6.223 0.000 0.051 0.000 0.468 0.000
 85.333333  86.333333  193.54 0.000   1.13 0.000 9.999 0.259000  0.45 0.000000 0.030 0.559   0.379 0.000   0.530 0.000 999.9 0.259000   16.948 0.000   12.378 0.000   4.570 0.000 0.083 0.000 0.130 0.559
 88.333333  89.333333   63.37 0.000   1.23 0.000 9.999 0.259000 99.99 0.259000 0.017 0.000   1.045 0.000   1.462 0.000 999.9 0.259000   14.798 0.000   11.771 0.000   3.027 0.000 0.041 0.000 0.049 0.000
 91.333333  92.333333  213.25 0.000   1.04 0.000 9.999 0.259000  2.11 0.000000 0.062 0.559   1.306 0.000   1.829 0.000 999.9 0.259000   14.157 0.000    6.553 0.000   7.604 0.000 0.114 0.000 0.369 0.559
 94.333333  95.333333  192.63 0.000   2.86 0.000 9.999 0.259000  0.62 0.000000 0.018 0.000   3.578 0.000   5.010 0.000 999.9 0.259000   26.620 0.000   15.527 0.000  11.093 0.000 0.111 0.000 0.367 0.000
 97.333333  98.333333  129.36 0.000   0.81 0.000 9.999 0.259000  0.16 0.000000 0.042 0.559   3.927 0.000   5.497 0.000 999.9 0.259000   27.985 0.000   18.358 0.000   9.627 0.000 0.109 0.000 0.149 0.559
100.333333 101.333333   29.69 0.000   0.94 0.000 9.999 0.259000  0.42 0.000000 0.052 0.000   2.485 0.000   3.479 0.000 999.9 0.259000    6.820 0.000    1.775 0.000   5.045 0.000 0.030 0.000 0.110 0.000
103.333333 104.333333   38.71 0.000   0.33 0.000 9.999 0.259000  0.40 0.000000 0.011 0.000   0.297 0.000   0.416 0.000 999.9 0.259000    8.794 0.000    7.363 0.000   1.431 0.000 0.026 0.000 0.057 0.000
106.333333 107.333333   88.77 0.000   1.23 0.000 9.999 0.259000  0.36 0.000000 0.034 0.559   0.956 0.000   1.338 0.000 999.9 0.259000    6.490 0.000    2.216 0.000   4.274 0.000 0.054 0.000 0.162 0.559
109.333333 110.333333   94.42 0.000   1.74 0.000 9.999 0.259000 99.99 0.259000 0.058 0.559   1.752 0.000   2.453 0.000 999.9 0.259000   22.073 0.000   15.844 0.000   6.229 0.000 0.069 0.000 0.304 0.559
112.333333 113.333333   32.34 0.394   0.40 0.394 9.999 0.394259  0.38 0.394000 0.007 0.394   0.522 0.000   0.731 0.000 999.9 0.394259    6.505 0.000    4.306 0.000   2.199 0.000 0.025 0.394 0.091 0.394
115.333333 116.333333  232.29 0.000   3.58 0.000 9.999 0.259000  0.54 0.000000 0.121 0.000   8.127 0.000  11.378 0.000 999.9 0.259000   27.196 0.000    7.402 0.000  19.793 0.000 0.156 0.000 0.548 0.000
118.333333 119.333333  215.86 0.000   1.36 0.000 9.999 0.259000  0.49 0.000000 0.047 0.559   4.144 0.000   5.801 0.000 999.9 0.259000   32.655 0.000   21.580 0.000  11.075 0.000 0.137 0.000 0.251 0.559
121.333333 122.333333  316.37 0.000   1.14 0.000 9.999 0.259000  0.69 0.000000 0.056 0.559   1.104 0.000   1.546 0.000 999.9 0.259000   59.648 0.000   51.551 0.000   8.097 0.000 0.155 0.000 0.180 0.559
124.333333 125.333333   64.36 0.000   0.75 0.000 9.999 0.259000 99.99 0.259000 0.025 0.559   0.640 0.000   0.896 0.000 999.9 0.259000   11.781 0.000    9.124 0.000   2.657 0.000 0.041 0.000 0.098 0.559
127.333333 128.333333   43.19 0.000   0.71 0.000 9.999 0.259000  0.52 0.000000 0.036 0.559   0.877 0.000   1.228 0.000 999.9 0.259000    5.374 0.000    1.130 0.000   4.244 0.000 0.038 0.000 0.340 0.559
130.333333 131.333333   80.21 0.000   1.19 0.000 9.999 0.259000  0.17 0.000000 0.022 0.559   1.202 0.000   1.682 0.000 999.9 0.259000   16.971 0.000   11.844 0.000   5.126 0.000 0.054 0.000 0.257 0.559
133.333333 134.333333  272.24 0.000   0.58 0.000 9.999 0.259000  1.04 0.000000 0.008 0.559   0.283 0.000   0.396 0.000 999.9 0.259000   14.300 0.000    8.271 0.000   6.028 0.000 0.133 0.000 0.036 0.559
136.333333 137.333333  115.23 0.000   1.37 0.000 9.999 0.259000  0.79 0.000000 0.029 0.559   1.565 0.000   2.191 0.000 999.9 0.259000    8.752 0.000    2.192 0.000   6.560 0.000 0.069 0.000 0.188 0.559
139.333333 140.333333   30.33 0.000   0.48 0.000 9.999 0.259000  0.27 0.000000 0.011 0.559   0.692 0.000   0.968 0.000 999.9 0.259000    6.328 0.000    3.854 0.000   2.474 0.000 0.022 0.000 0.105 0.559
142.333333 143.333333   54.84 0.000   0.45 0.000 9.999 0.259000  0.49 0.000000 0.012 0.559   0.672 0.000   0.941 0.000 999.9 0.259000    5.671 0.000    2.169 0.000   3.502 0.000 0.037 0.000 0.203 0.559
145.333333 146.333333  104.27 0.000   1.53 0.000 9.999 0.259000 99.99 0.259000 0.022 0.559   1.489 0.000   2.085 0.000 999.9 0.259000   18.995 0.000   13.667 0.000   5.328 0.000 0.077 0.000 0.150 0.559
148.333333 149.333333   74.86 0.000   0.55 0.000 9.999 0.259000  0.52 0.000000 0.013 0.559   0.842 0.000   1.179 0.000 999.9 0.259000    9.927 0.000    6.573 0.000   3.353 0.000 0.048 0.000 0.081 0.559
151.333333 152.333333  195.07 0.000   1.52 0.000 9.999 0.259000  0.29 0.000000 0.043 0.559   1.348 0.000   1.887 0.000 999.9 0.259000   25.107 0.000   17.149 0.000   7.958 0.000 0.123 0.000 0.253 0.559
154.333333 155.333333  230.76 0.000   1.00 0.000 9.999 0.259000  0.23 0.000000 0.046 0.559   1.012 0.000   1.416 0.000 999.9 0.259000   25.764 0.000   18.730 0.000   7.034 0.000 0.124 0.000 0.211 0.559
157.333333 158.333333  305.77 0.000   0.62 0.000 9.999 0.259000  0.84 0.000000 0.029 0.559   0.343 0.000   0.480 0.000 999.9 0.259000   17.361 0.000    9.970 0.000   7.391 0.000 0.171 0.000 0.159 0.559
160.333333 161.333333   33.26 0.000   0.99 0.000 9.999 0.259000 99.99 0.259000 0.014 0.559   0.787 0.000   1.102 0.000 999.9 0.259000    6.821 0.000    3.883 0.000   2.938 0.000 0.027 0.000 0.178 0.559
163.333333 164.333333  159.80 0.000   0.62 0.000 9.999 0.259000  0.71 0.000000 0.020 0.559   2.469 0.000   3.457 0.000 999.9 0.259000   16.054 0.000    6.138 0.000   9.916 0.000 0.110 0.000 0.271 0.559
166.333333 167.333333  199.62 0.000   1.53 0.000 0.072 0.000000  0.21 0.000000 0.031 0.559   1.849 0.000   2.588 0.000 999.9 0.259000   25.858 0.000   16.986 0.000   8.872 0.000 0.131 0.000 0.286 0.559
169.333333 170.333333   63.21 0.000   0.53 0.000 9.999 0.259000  0.41 0.000000 0.022 0.000   0.530 0.000   0.742 0.000 999.9 0.259000    4.972 0.000    2.398 0.000   2.574 0.000 0.038 0.000 0.101 0.000
172.333333 173.333333  152.40 0.000   2.17 0.000 9.999 0.259000 99.99 0.259000 0.023 0.559   4.485 0.000   6.279 0.000 999.9 0.259000   20.670 0.000    8.426 0.000  12.244 0.000 0.163 0.000 0.157 0.559
175.333333 176.333333   67.53 0.000   0.66 0.000 9.999 0.259000  0.20 0.000000 0.019 0.559   1.139 0.000   1.594 0.000 999.9 0.259000   12.466 0.000    7.748 0.000   4.719 0.000 0.040 0.000 0.209 0.559
178.333333 179.333333  112.46 0.000   0.70 0.000 9.999 0.259000  0.40 0.000000 0.010 0.559   0.533 0.000   0.746 0.000 999.9 0.259000    8.497 0.000    5.357 0.000   3.140 0.000 0.062 0.000 0.078 0.559
181.333333 182.333333  107.78 0.000   0.45 0.000 9.999 0.259000  0.10 0.000000 0.012 0.000   0.353 0.000   0.494 0.000 999.9 0.259000   17.875 0.000   14.686 0.000   3.189 0.000 0.099 0.000 0.110 0.000
184.333333 185.333333  426.52 0.000   1.27 0.000 9.999 0.259000  0.41 0.000000 0.028 0.559   0.548 0.000   0.767 0.000 999.9 0.259000   43.598 0.000   32.620 0.000  10.978 0.000 0.364 0.000 0.227 0.559
187.333333 188.333333  140.86 0.000   1.30 0.000 9.999 0.259000 99.99 0.259000 0.015 0.559   1.377 0.000   1.929 0.000 999.9 0.259000   17.524 0.000   11.969 0.000   5.556 0.000 0.099 0.000 0.074 0.559
190.333333 191.333333   92.10 0.000   0.58 0.000 9.999 0.259000  0.34 0.000000 0.014 0.559   1.466 0.000   2.053 0.000 999.9 0.259000    9.584 0.000    4.765 0.000   4.819 0.000 0.068 0.000 0.056 0.559
193.333333 194.333333  202.48 0.000   0.60 0.000 0.069 0.000000 99.99 0.259000 0.023 0.559   3.729 0.000   5.220 0.000 999.9 0.259000   29.902 0.000   18.579 0.000  11.322 0.000 0.115 0.000 0.134 0.559
196.333333 197.333333  155.45 0.000   0.54 0.000 9.999 0.259000 99.99 0.259000 0.036 0.000   2.250 0.000   3.150 0.000 999.9 0.259000   20.506 0.000   13.532 0.000   6.975 0.000 0.102 0.000 0.149 0.000
199.333333 200.333333  365.50 0.000   0.79 0.000 9.999 0.259000  0.51 0.000000 0.019 0.000   1.235 0.000   1.728 0.000 999.9 0.259000   25.572 0.000   17.323 0.000   8.248 0.000 0.195 0.000 0.154 0.000
202.333333 203.333333  150.84 0.000   0.57 0.000 9.999 0.259000 99.99 0.259000 0.014 0.000   2.066 0.000   2.893 0.000 999.9 0.259000   18.301 0.000   11.024 0.000   7.277 0.000 0.103 0.000 0.192 0.000
205.333333 206.333333  637.80 0.000   1.16 0.000 9.999 0.259000  1.73 0.000000 0.031 0.000   4.674 0.000   6.543 0.000 999.9 0.259000   29.820 0.000    8.434 0.000  21.386 0.000 0.419 0.000 0.260 0.000
208.333333 209.333333  297.17 0.000   0.53 0.000 9.999 0.259000  0.23 0.000000 0.017 0.559   1.736 0.000   2.430 0.000 999.9 0.259000   33.211 0.000   24.243 0.000   8.967 0.000 0.168 0.000 0.147 0.559
211.333333 212.333333  361.36 0.000   0.21 0.000 9.999 0.259000  1.49 0.000000 0.009 0.000   0.935 0.000   1.309 0.000 999.9 0.259000   27.900 0.000   20.362 0.000   7.538 0.000 0.214 0.000 0.095 0.000
214.333333 215.333333  187.64 0.000   0.44 0.000 9.999 0.259000  1.03 0.000000 0.019 0.000   1.214 0.000   1.699 0.000 999.9 0.259000   17.706 0.000   11.830 0.000   5.876 0.000 0.117 0.000 0.104 0.000
217.333333 218.333333  208.59 0.000 999.99 0.259 9.999 0.259000  0.41 0.000000 0.040 0.000   2.444 0.000   3.422 0.000 999.9 0.259000   24.066 0.000   14.859 0.000   9.207 0.000 0.182 0.000 0.191 0.000
220.333333 221.333333  200.84 0.000   0.49 0.000 9.999 0.259000  0.52 0.000000 0.020 0.000   1.413 0.000   1.978 0.000 999.9 0.259000   19.209 0.000   12.587 0.000   6.622 0.000 0.142 0.000 0.150 0.000
223.333333 224.333333  102.17 0.000   0.22 0.000 0.038 0.000000 99.99 0.259000 0.009 0.000   0.978 0.000   1.369 0.000 999.9 0.259000   14.864 0.000   11.185 0.000   3.678 0.000 0.063 0.000 0.039 0.000
226.333333 227.333333  284.74 0.000   0.29 0.000 0.099 0.000000  0.21 0.000000 0.009 0.000   1.380 0.000   1.932 0.000 999.9 0.259000   26.113 0.000   18.337 0.000   7.775 0.000 0.256 0.000 0.063 0.000
229.333333 230.333333  217.21 0.000   0.21 0.000 9.999 0.259000 99.99 0.259000 0.004 0.000   1.371 0.000   1.920 0.000 999.9 0.259000   25.899 0.000   19.372 0.000   6.527 0.000 0.146 0.000 0.043 0.000
232.333333 233.333333  283.09 0.000   0.55 0.000 9.999 0.259000  0.16 0.000000 0.027 0.000   1.312 0.000   1.836 0.000  22.8 0.000000   29.861 0.000   21.486 0.000   8.375 0.000 0.184 0.000 0.186 0.000
235.333333 236.333333  173.38 0.000   0.34 0.000 9.999 0.259000 99.99 0.259000 0.023 0.000   2.612 0.000   3.656 0.000 999.9 0.259000   22.986 0.000   15.296 0.000   7.690 0.000 0.120 0.000 0.106 0.000
