scripts/IMPROVE-2019_partial/data/US9030R.20020102090000.20191216000000.filterpack..pm25.52w.1w.US03L_filterpack_US9030.US03L_IMPROVE_Davis.lev2.nas
66 1001
MISSING INFORMATION
US03L, IMPROVE, , , , , , , 
MISSING INFORMATION
IMPROVE sel_HTAP
1 1
2002 01 01 2019 12 16
3.000
days from file reference point
27
1 1 1 1 1 1 1 1 1 1 1 1 1 1 1 1 1 1 1 1 1 1 1 1 1 1 1
999.999 9999.99 9.999 999.99 9.999 9.999 9.999999 9.99 9.999999 9.999 9.999 99.999 9.999 99.999 9.999 999.99 9.999999 999.999 9.999 999.999 9.999 999.999 9.999 9.999 9.999 9.999 9.999
end_time of measurement, days from the file reference point
iron, ng/m3, Revision date=20181210133000
numflag iron, no unit, Revision date=20181210133000
lead, ng/m3, Revision date=20181210133000
numflag lead, no unit, Revision date=20181210133000
magnesium, ug/m3, Revision date=20181210133000
numflag magnesium, no unit, Revision date=20181210133000
nickel, ng/m3, Revision date=20181210133000
numflag nickel, no unit, Revision date=20181210133000
nitrate, ug N/m3, Revision date=20181210133000
numflag nitrate, no unit, Revision date=20181210133000
organic_carbon, ug C/m3, Revision date=20181210133000
numflag organic_carbon, no unit, Revision date=20181210133000
organic_mass, ug/m3, Revision date=20181210133000
numflag organic_mass, no unit, Revision date=20181210133000
phosphorus, ng/m3, Revision date=20181210133000
numflag phosphorus, no unit, Revision date=20181210133000
pm10_mass, ug/m3, Version=2, Version description=Data extracted from http://views.cira.colostate.edu/fed/DataWizard 2019-12-16, Sample duration=1d, Orig. time res.=3d, Matrix=pm10, Blank correction=Blank corrected, Volume std. temperature=ambient, Volume std. pressure=ambient
numflag pm10_mass, no unit, Version=2, Version description=Data extracted from http://views.cira.colostate.edu/fed/DataWizard 2019-12-16, Sample duration=1d, Orig. time res.=3d, Matrix=pm10, Blank correction=Blank corrected, Volume std. temperature=ambient, Volume std. pressure=ambient
pm10_pm25_mass, ug/m3, Revision date=20181210133000, Matrix=pm10_pm25
numflag pm10_pm25_mass, no unit, Revision date=20181210133000, Matrix=pm10_pm25
pm25_mass, ug/m3, Version=2, Version description=Data extracted from http://views.cira.colostate.edu/fed/DataWizard 2019-12-16, Sample duration=1d, Orig. time res.=3d, Blank correction=Blank corrected, Volume std. temperature=ambient, Volume std. pressure=ambient
numflag pm25_mass, no unit, Version=2, Version description=Data extracted from http://views.cira.colostate.edu/fed/DataWizard 2019-12-16, Sample duration=1d, Orig. time res.=3d, Blank correction=Blank corrected, Volume std. temperature=ambient, Volume std. pressure=ambient
potassium, ug/m3, Revision date=20181210133000
numflag potassium, no unit, Revision date=20181210133000
sulphate_total, ug S/m3, Revision date=20181210133000
numflag sulphate_total, no unit, Revision date=20181210133000
0
25
Data definition:              EBAS_1.1
Set type code:                TU
Timezone:                     UTC
File name:                    US9030R.20020102090000.20191216000000.filterpack..pm25.52w.1w.US03L_filterpack_US9030.US03L_IMPROVE_Davis.lev2.nas
File creation:                20191218120711
Startdate:                    20020102090000
Revision date:                20191216000000
Statistics:                   arithmetic mean
Data level:                   2
Period code:                  52w
Resolution code:              1w
Station code:                 US9030R
Platform code:                US9030S
Station name:                 Simeonof
Station latitude:             55.3255
Station longitude:            -160.5063
Station altitude:             57.0 m
Regime:                       IMG
Component:                    
Matrix:                       pm25
Laboratory code:              US03L
Instrument type:              filterpack
Instrument name:              filterpack_US9030
Method ref:                   US03L_IMPROVE_Davis
starttime endtime Fe flag_Fe Pb flag_Pb Mg++ flag_Mg++ Ni flag_Ni NO3- flag_NO3- OC flag_OC OM flag_OM P flag_P PM10 flag_PM10 PM10-PM2.5 flag_PM10-PM2.5 PM2.5 flag_PM2.5 K+ flag_K+ SO4-- flag_SO4--
[from data line 84]
253.375 254.375    1.53 0.000   0.23 0.000 9.999 0.259000 9.99 0.259000 0.025 0.000  0.133 0.000  0.186 0.000 999.99 0.259000  10.026 0.000   7.355 0.000   2.671 0.000 0.013 0.000 0.284 0.000
256.375 257.375    0.07 0.394   0.15 0.394 9.999 0.394259 9.99 0.394259 0.012 0.394  0.030 0.000  0.043 0.000 999.99 0.394259   9.528 0.000   6.720 0.000   2.808 0.000 0.018 0.394 0.078 0.394
259.375 260.375    1.60 0.000   0.43 0.000 9.999 0.259000 9.99 0.259000 0.014 0.000  0.033 0.000  0.045 0.000 999.99 0.259000   4.485 0.000   2.648 0.000   1.836 0.000 0.014 0.000 0.171 0.000
262.375 263.375   12.05 0.000   1.34 0.000 9.999 0.259000 9.99 0.259000 0.011 0.000  0.894 0.000  1.251 0.000 999.99 0.259000  13.971 0.000   9.703 0.000   4.269 0.000 0.021 0.000 0.081 0.000
265.375 266.375    7.28 0.000   2.86 0.000 0.041 0.000000 9.99 0.259000 0.033 0.000  0.844 0.000  1.182 0.000 999.99 0.259000   7.680 0.000   3.943 0.000   3.737 0.000 0.027 0.000 0.213 0.000
268.375 269.375    0.39 0.000   0.16 0.000 9.999 0.259000 9.99 0.259000 0.017 0.000  0.177 0.000  0.248 0.000 999.99 0.259000  23.479 0.000  13.109 0.000  10.370 0.000 0.063 0.000 0.299 0.000
271.375 272.375    4.16 0.000   0.38 0.000 9.999 0.259000 0.31 0.000000 0.059 0.559  1.095 0.000  1.533 0.000 999.99 0.259000  13.269 0.000   6.356 0.000   6.912 0.000 0.053 0.000 0.608 0.559
274.375 275.375    2.26 0.000   5.35 0.000 9.999 0.259000 0.04 0.000000 0.019 0.000  3.264 0.000  4.570 0.000 999.99 0.259000   9.218 0.000   3.275 0.000   5.943 0.000 0.031 0.000 0.142 0.000
277.375 278.375    1.94 0.000 999.99 0.259 0.079 0.000000 9.99 0.259000 9.999 0.259  0.130 0.000  0.182 0.000 999.99 0.259000   9.615 0.000   5.379 0.000   4.237 0.000 0.033 0.000 0.109 0.000
280.375 281.375    1.00 0.000   0.52 0.000 0.037 0.000000 9.99 0.259000 0.003 0.559  0.175 0.000  0.245 0.000 999.99 0.259000   9.452 0.000   6.903 0.000   2.549 0.000 0.019 0.000 0.062 0.559
283.375 284.375    1.43 0.000 999.99 0.259 0.096 0.000000 9.99 0.259000 0.014 0.000  0.018 0.000  0.025 0.000 999.99 0.259000  17.710 0.000  11.703 0.000   6.008 0.000 0.047 0.000 0.199 0.000
286.375 287.375    0.40 0.000 999.99 0.259 0.078 0.000000 0.14 0.000000 0.011 0.000  0.027 0.000  0.038 0.000 999.99 0.259000  15.861 0.000  11.083 0.000   4.778 0.000 0.036 0.000 0.121 0.000
289.375 290.375    0.83 0.000   5.45 0.000 0.020 0.000000 0.06 0.000000 0.007 0.000  0.511 0.000  0.715 0.000 999.99 0.259000   2.342 0.000   0.670 0.000   1.672 0.000 0.009 0.000 0.051 0.000
292.375 293.375    1.43 0.000   0.37 0.000 0.013 0.000000 9.99 0.259000 0.010 0.000  0.115 0.000  0.161 0.000 999.99 0.259000   1.356 0.000   0.893 0.000   0.463 0.000 0.003 0.000 0.052 0.000
295.375 296.375 9999.99 0.259   0.15 0.000 0.024 0.000000 0.12 0.000000 0.008 0.000  0.006 0.000  0.008 0.000 999.99 0.259000   6.696 0.000   4.730 0.000   1.966 0.000 0.012 0.000 0.089 0.000
298.375 299.375    3.94 0.000 999.99 0.259 0.018 0.000000 9.99 0.259000 0.020 0.000  0.039 0.000  0.054 0.000 999.99 0.259000   4.506 0.000   3.085 0.000   1.421 0.000 0.008 0.000 0.105 0.000
301.375 302.375    0.07 0.000   0.13 0.000 0.033 0.000000 9.99 0.259000 0.013 0.000 99.999 0.259 99.999 0.259 999.99 0.259000   5.647 0.000   3.330 0.000   2.317 0.000 0.017 0.000 0.058 0.000
304.375 305.375    3.64 0.000   0.16 0.000 0.015 0.000000 9.99 0.259000 0.025 0.000  0.065 0.000  0.091 0.000 999.99 0.259000   5.835 0.000   3.635 0.000   2.200 0.000 0.017 0.000 0.131 0.000
307.375 308.375    0.23 0.559   0.09 0.559 0.032 0.559000 0.17 0.559000 0.009 0.000  0.043 0.000  0.060 0.000 999.99 0.559259   6.123 0.000   3.986 0.000   2.137 0.559 0.013 0.559 0.063 0.000
310.375 311.375    0.84 0.000   0.18 0.000 0.068 0.000000 0.12 0.000000 0.027 0.000  1.109 0.000  1.552 0.000 999.99 0.259000  12.574 0.000   8.772 0.000   3.802 0.000 0.022 0.000 0.114 0.000
313.375 314.375    4.20 0.000   0.25 0.000 9.999 0.259000 9.99 0.259000 0.011 0.000  0.097 0.000  0.136 0.000 999.99 0.259000  13.807 0.000  12.613 0.000   1.194 0.000 0.009 0.000 0.087 0.000
316.375 317.375    0.31 0.000   0.16 0.000 0.012 0.000000 9.99 0.259000 0.003 0.000  0.018 0.000  0.025 0.000 999.99 0.259000   2.835 0.000   1.967 0.000   0.868 0.000 0.006 0.000 0.045 0.000
319.375 320.375    4.28 0.000 999.99 0.259 0.024 0.000000 0.06 0.000000 0.010 0.000  0.006 0.000  0.009 0.000 999.99 0.259000   6.657 0.000   4.415 0.000   2.242 0.000 0.022 0.000 0.140 0.000
322.375 323.375    1.91 0.000   0.23 0.000 0.007 0.000000 0.04 0.000000 0.008 0.000  0.049 0.000  0.069 0.000   2.97 0.000000   2.907 0.000   1.975 0.000   0.931 0.000 0.006 0.000 0.064 0.000
325.375 326.375    0.28 0.000 999.99 0.259 0.014 0.000000 9.99 0.259000 0.005 0.000 99.999 0.259 99.999 0.259   4.64 0.000000   2.383 0.000   1.632 0.000   0.751 0.000 0.006 0.000 0.075 0.000
328.375 329.375    4.57 0.000   0.70 0.000 0.038 0.000000 9.99 0.259000 0.016 0.000  0.116 0.000  0.162 0.000 999.99 0.259000   7.438 0.000   4.647 0.000   2.790 0.000 0.021 0.000 0.153 0.000
331.375 332.375    1.38 0.000   0.32 0.000 9.999 0.259000 9.99 0.259000 0.008 0.000  0.054 0.000  0.075 0.000 999.99 0.259000   4.027 0.000   2.657 0.000   1.370 0.000 0.010 0.000 0.122 0.000
334.375 335.375    0.32 0.000 999.99 0.259 0.054 0.000000 0.04 0.000000 0.007 0.000 99.999 0.259 99.999 0.259 999.99 0.259000   3.123 0.000   1.667 0.000   1.456 0.000 0.008 0.000 0.049 0.000
337.375 338.375    0.54 0.000 999.99 0.259 0.038 0.000000 0.03 0.000000 0.010 0.000 99.999 0.259 99.999 0.259 999.99 0.259000   7.027 0.000   4.484 0.000   2.542 0.000 0.014 0.000 0.078 0.000
340.375 341.375    1.10 0.000   0.09 0.000 9.999 0.259000 0.07 0.000000 0.018 0.000 99.999 0.259 99.999 0.259 999.99 0.259000   4.010 0.000   2.559 0.000   1.451 0.000 0.012 0.000 0.065 0.000
343.375 344.375    2.72 0.000   0.12 0.000 9.999 0.259000 9.99 0.259000 0.008 0.000 99.999 0.259 99.999 0.259 999.99 0.259000   5.979 0.000   5.023 0.000   0.957 0.000 0.004 0.000 0.135 0.000
346.375 347.375    0.91 0.000   0.29 0.000 9.999 0.259000 9.99 0.259000 0.003 0.000 99.999 0.259 99.999 0.259 999.99 0.259000   4.085 0.000   3.448 0.000   0.637 0.000 0.003 0.000 0.082 0.000
349.375 350.375    0.44 0.000   0.10 0.000 9.999 0.259000 9.99 0.259000 0.005 0.000 99.999 0.259 99.999 0.259 999.99 0.259000   4.836 0.000   3.953 0.000   0.884 0.000 0.004 0.000 0.135 0.000
352.375 353.375    2.13 0.000   0.43 0.000 0.090 0.000000 9.99 0.259000 0.007 0.000 99.999 0.259 99.999 0.259 999.99 0.259000   9.838 0.000   5.732 0.000   4.106 0.000 0.023 0.000 0.132 0.000
355.375 356.375    0.57 0.000   0.10 0.000 0.025 0.000000 9.99 0.259000 0.005 0.000 99.999 0.259 99.999 0.259 999.99 0.259000   4.684 0.000   3.152 0.000   1.533 0.000 0.007 0.000 0.069 0.000
358.375 359.375 9999.99 0.999 999.99 0.999 9.999 0.999000 9.99 0.999000 9.999 0.999 99.999 0.999 99.999 0.999 999.99 0.999000 999.999 0.999 999.999 0.999 999.999 0.999 9.999 0.999 9.999 0.999
361.375 362.375    0.26 0.000 999.99 0.259 9.999 0.259000 9.99 0.259000 0.004 0.000  0.060 0.000  0.084 0.000 999.99 0.259000   1.479 0.000   0.862 0.000   0.617 0.000 0.003 0.000 0.018 0.000
364.375 365.375    1.74 0.000   0.20 0.000 0.024 0.000000 9.99 0.259000 0.013 0.000  0.150 0.000  0.210 0.000   3.08 0.000000   3.592 0.000   2.201 0.000   1.391 0.000 0.007 0.000 0.135 0.000
