scripts/IMPROVE-2019_partial/data/US9077R.20020102080000.20191216000000.filterpack..pm25.52w.1w.US03L_filterpack_US9077.US03L_IMPROVE_Davis.lev2.nas
66 1001
MISSING INFORMATION
US03L, IMPROVE, , , , , , , 
MISSING INFORMATION
IMPROVE sel_HTAP
1 1
2002 01 01 2019 12 16
3.000000
days from file reference point
27
1 1 1 1 1 1 1 1 1 1 1 1 1 1 1 1 1 1 1 1 1 1 1 1 1 1 1
999.999999 999.99 9.999 99.99 9.999999 9.999 9.999999 9.99 9.999999 99.999 9.999999 99.999 9.999 99.999 9.999 999.99 9.999999 999.999 9.999 999.999 9.999 999.999 9.999 9.999 9.999999 9.999 9.999
end_time of measurement, days from the file reference point
iron, ng/m3, Revision date=20181210133000
numflag iron, no unit, Revision date=20181210133000
lead, ng/m3, Revision date=20181210133000
numflag lead, no unit, Revision date=20181210133000
magnesium, ug/m3, Revision date=20181210133000
numflag magnesium, no unit, Revision date=20181210133000
nickel, ng/m3, Revision date=20181210133000
numflag nickel, no unit, Revision date=20181210133000
nitrate, ug N/m3, Revision date=20181210133000
numflag nitrate, no unit, Revision date=20181210133000
organic_carbon, ug C/m3, Revision date=20181210133000
numflag organic_carbon, no unit, Revision date=20181210133000
organic_mass, ug/m3, Revision date=20181210133000
numflag organic_mass, no unit, Revision date=20181210133000
phosphorus, ng/m3, Revision date=20181210133000
numflag phosphorus, no unit, Revision date=20181210133000
pm10_mass, ug/m3, Version=2, Version description=Data extracted from http://views.cira.colostate.edu/fed/DataWizard 2019-12-16, Sample duration=1d, Orig. time res.=3d, Matrix=pm10, Blank correction=Blank corrected, Volume std. temperature=ambient, Volume std. pressure=ambient
numflag pm10_mass, no unit, Version=2, Version description=Data extracted from http://views.cira.colostate.edu/fed/DataWizard 2019-12-16, Sample duration=1d, Orig. time res.=3d, Matrix=pm10, Blank correction=Blank corrected, Volume std. temperature=ambient, Volume std. pressure=ambient
pm10_pm25_mass, ug/m3, Revision date=20181210133000, Matrix=pm10_pm25
numflag pm10_pm25_mass, no unit, Revision date=20181210133000, Matrix=pm10_pm25
pm25_mass, ug/m3, Version=2, Version description=Data extracted from http://views.cira.colostate.edu/fed/DataWizard 2019-12-16, Sample duration=1d, Orig. time res.=3d, Blank correction=Blank corrected, Volume std. temperature=ambient, Volume std. pressure=ambient
numflag pm25_mass, no unit, Version=2, Version description=Data extracted from http://views.cira.colostate.edu/fed/DataWizard 2019-12-16, Sample duration=1d, Orig. time res.=3d, Blank correction=Blank corrected, Volume std. temperature=ambient, Volume std. pressure=ambient
potassium, ug/m3, Revision date=20181210133000
numflag potassium, no unit, Revision date=20181210133000
sulphate_total, ug S/m3, Revision date=20181210133000
numflag sulphate_total, no unit, Revision date=20181210133000
0
25
Data definition:              EBAS_1.1
Set type code:                TU
Timezone:                     UTC
File name:                    US9077R.20020102080000.20191216000000.filterpack..pm25.52w.1w.US03L_filterpack_US9077.US03L_IMPROVE_Davis.lev2.nas
File creation:                20191218121048
Startdate:                    20020102080000
Revision date:                20191216000000
Statistics:                   arithmetic mean
Data level:                   2
Period code:                  52w
Resolution code:              1w
Station code:                 US9077R
Platform code:                US9077S
Station name:                 Snoqualmie Pass
Station latitude:             47.422
Station longitude:            -121.4259
Station altitude:             1049.0 m
Regime:                       IMG
Component:                    
Matrix:                       pm25
Laboratory code:              US03L
Instrument type:              filterpack
Instrument name:              filterpack_US9077
Method ref:                   US03L_IMPROVE_Davis
starttime endtime Fe flag_Fe Pb flag_Pb Mg++ flag_Mg++ Ni flag_Ni NO3- flag_NO3- OC flag_OC OM flag_OM P flag_P PM10 flag_PM10 PM10-PM2.5 flag_PM10-PM2.5 PM2.5 flag_PM2.5 K+ flag_K+ SO4-- flag_SO4--
[from data line 78]
235.333333 236.333333  60.40 0.559  2.43 0.559000 9.999 0.559259 0.58 0.559000  0.136 0.559000  2.872 0.000  4.020 0.000 999.99 0.559259  13.077 0.000   2.860 0.000  10.216 0.559 0.034 0.559000 0.632 0.559
238.333333 239.333333  25.09 0.000  0.57 0.000000 9.999 0.259000 0.20 0.000000  0.068 0.000000  1.491 0.000  2.088 0.000 999.99 0.259000   6.242 0.000   0.777 0.000   5.465 0.000 0.016 0.000000 0.329 0.000
241.333333 242.333333  15.06 0.559  0.37 0.559000 0.023 0.559000 9.99 0.559259  0.177 0.559000  0.771 0.000  1.079 0.000 999.99 0.559259   8.122 0.000   3.195 0.000   4.927 0.559 0.019 0.559000 0.508 0.559
244.333333 245.333333   4.63 0.000  0.44 0.000000 9.999 0.259000 9.99 0.259000  0.011 0.559000  0.379 0.000  0.530 0.000   6.63 0.000000   1.990 0.000   0.601 0.000   1.389 0.000 0.007 0.000000 0.158 0.559
247.333333 248.333333  16.88 0.000  1.02 0.000000 0.025 0.000000 0.26 0.000000  0.144 0.559000  1.037 0.000  1.452 0.000 999.99 0.259000   6.132 0.000   1.972 0.000   4.160 0.000 0.016 0.000000 0.332 0.559
250.333333 251.333333   4.33 0.000  0.43 0.000000 9.999 0.259000 9.99 0.259000  0.022 0.559000  0.335 0.000  0.469 0.000 999.99 0.259000   2.206 0.000   0.663 0.000   1.543 0.000 0.005 0.000000 0.160 0.559
253.333333 254.333333  39.75 0.559  1.78 0.559000 9.999 0.559259 0.17 0.559000  0.096 0.000000  1.911 0.000  2.676 0.000 999.99 0.559259   8.640 0.000   2.914 0.000   5.727 0.559 0.029 0.559000 0.374 0.000
256.333333 257.333333  60.88 0.000  1.86 0.000000 9.999 0.259000 0.37 0.000000  0.069 0.559000  2.388 0.000  3.343 0.000 999.99 0.259000  11.184 0.000   4.530 0.000   6.654 0.000 0.033 0.000000 0.376 0.559
259.333333 260.333333 999.99 0.456 99.99 0.456000 9.999 0.456000 9.99 0.456000  0.068 0.000000  0.459 0.000  0.642 0.000 999.99 0.456000   3.550 0.000 999.999 0.999 999.999 0.456 9.999 0.456000 0.250 0.000
262.333333 263.333333   7.34 0.000  0.51 0.000000 0.018 0.000000 9.99 0.259000  0.063 0.559000  0.464 0.000  0.650 0.000 999.99 0.259000   2.274 0.000   0.731 0.000   1.543 0.000 0.009 0.000000 0.118 0.559
265.333333 266.333333  33.00 0.000  1.02 0.000000 9.999 0.259000 9.99 0.259000  0.059 0.559000  1.808 0.000  2.531 0.000 999.99 0.259000   8.203 0.000   3.732 0.000   4.471 0.000 0.020 0.000000 0.145 0.559
268.333333 269.333333  31.89 0.559  1.31 0.559000 9.999 0.559259 9.99 0.559259  0.090 0.559000  1.822 0.000  2.551 0.000 999.99 0.559259   7.188 0.000   2.055 0.000   5.133 0.559 0.025 0.559000 0.239 0.559
271.333333 272.333333   5.01 0.559  0.49 0.559000 9.999 0.559259 9.99 0.559259  0.051 0.559000  0.489 0.000  0.684 0.000 999.99 0.559259   4.248 0.000   1.792 0.000   2.457 0.559 0.020 0.559000 0.220 0.559
274.333333 275.333333   8.91 0.000  0.87 0.000000 0.011 0.000000 0.09 0.000000  0.048 0.559000  0.703 0.000  0.985 0.000 999.99 0.259000 999.999 0.456 999.999 0.999   2.438 0.000 0.013 0.000000 0.156 0.559
277.333333 278.333333   1.15 0.000  0.49 0.000000 0.013 0.000000 9.99 0.259000  0.032 0.559000  0.602 0.000  0.842 0.000 999.99 0.259000   1.552 0.000 999.999 0.259   1.816 0.000 0.011 0.000000 0.120 0.559
280.333333 281.333333   7.58 0.000  0.78 0.000000 0.010 0.000000 9.99 0.259000  0.046 0.000000  1.017 0.000  1.423 0.000 999.99 0.259000   3.323 0.000   1.151 0.000   2.172 0.000 0.018 0.000000 0.162 0.000
283.333333 284.333333   7.70 0.000  0.61 0.000000 0.020 0.000000 9.99 0.259000  0.093 0.559000  0.739 0.000  1.035 0.000 999.99 0.259000   3.922 0.000   1.414 0.000   2.508 0.000 0.019 0.000000 0.196 0.559
286.333333 287.333333  42.41 0.000  1.07 0.000000 0.018 0.000000 9.99 0.259000  0.021 0.559000  1.204 0.000  1.686 0.000  16.63 0.000000   6.332 0.000   3.020 0.000   3.312 0.000 0.037 0.000000 0.107 0.559
289.333333 290.333333  60.35 0.559  1.48 0.559000 9.999 0.559259 9.99 0.559259  0.027 0.000000  2.169 0.000  3.036 0.000 999.99 0.559259   8.129 0.000   3.192 0.000   4.937 0.559 0.044 0.559000 0.145 0.000
292.333333 293.333333   3.18 0.000  0.63 0.000000 0.011 0.000000 9.99 0.259000  0.033 0.559000  0.431 0.000  0.603 0.000 999.99 0.259000   1.056 0.000   0.902 0.000   0.154 0.000 0.011 0.000000 0.075 0.559
295.333333 296.333333  50.54 0.000  0.77 0.000000 9.999 0.259000 9.99 0.259000  0.028 0.559000  1.634 0.000  2.288 0.000 999.99 0.259000  10.417 0.000   5.626 0.000   4.790 0.000 0.044 0.000000 0.237 0.559
298.333333 299.333333  26.32 0.000  1.54 0.000000 9.999 0.259000 0.10 0.000000  0.070 0.559000  1.720 0.000  2.407 0.000 999.99 0.259000   6.168 0.000   1.259 0.000   4.910 0.000 0.029 0.000000 0.239 0.559
301.333333 302.333333   9.64 0.000  0.36 0.000000 9.999 0.259000 9.99 0.259000  0.024 0.559000  0.460 0.000  0.644 0.000 999.99 0.259000   3.839 0.000   1.353 0.000   2.486 0.000 0.016 0.000000 0.328 0.559
304.333333 305.333333  66.31 0.559  2.07 0.559000 9.999 0.559259 9.99 0.559259  0.183 0.000000  2.679 0.000  3.750 0.000 999.99 0.559259  20.544 0.000  13.763 0.000   6.781 0.559 0.062 0.559000 0.229 0.000
307.333333 308.333333  55.30 0.559  1.48 0.559000 9.999 0.559259 0.05 0.559000  0.374 0.000000  2.702 0.000  3.783 0.000 999.99 0.559259  10.971 0.000   3.890 0.000   7.081 0.559 0.056 0.559000 0.187 0.000
310.333333 311.333333  94.78 0.699  3.21 0.699000 9.999 0.699259 9.99 0.699259  0.425 0.559000  3.867 0.000  5.414 0.000 999.99 0.699259  14.094 0.000   3.251 0.000  10.844 0.699 0.095 0.699000 0.269 0.559
313.333333 314.333333   5.64 0.000  0.22 0.000000 0.007 0.000000 9.99 0.259000  0.014 0.000000  0.123 0.000  0.172 0.000   2.75 0.000000   1.103 0.000   0.593 0.000   0.510 0.000 0.005 0.000000 0.030 0.000
316.333333 317.333333   3.06 0.000  0.20 0.000000 9.999 0.259000 0.05 0.000000  0.023 0.559000  0.281 0.000  0.394 0.000 999.99 0.259000   3.676 0.000   1.542 0.000   2.134 0.000 0.014 0.000000 0.077 0.559
319.333333 320.333333   4.87 0.000  1.17 0.000000 9.999 0.259000 9.99 0.259000  0.240 0.000000  3.554 0.000  4.976 0.000 999.99 0.259000   7.273 0.000 999.999 0.259   7.357 0.000 0.047 0.000000 0.190 0.000
322.333333 323.333333   2.27 0.000  0.12 0.000000 9.999 0.259000 9.99 0.259000  0.007 0.000000  0.132 0.000  0.185 0.000 999.99 0.259000   0.451 0.000   0.030 0.000   0.422 0.000 0.004 0.000000 0.030 0.000
325.333333 326.333333   5.03 0.000  0.67 0.000000 9.999 0.259000 0.06 0.000000  0.068 0.559000  1.813 0.000  2.538 0.000 999.99 0.259000   3.799 0.000 999.999 0.259   4.077 0.000 0.020 0.000000 0.104 0.559
328.333333 329.333333   9.69 0.000  0.67 0.000000 9.999 0.259000 0.06 0.000000  0.079 0.559000  2.181 0.000  3.054 0.000 999.99 0.259000   5.301 0.000   0.630 0.000   4.671 0.000 0.028 0.000000 0.108 0.559
331.333333 332.333333  19.75 0.000  2.12 0.000000 9.999 0.259000 9.99 0.259000  1.264 0.559000  4.726 0.000  6.616 0.000 999.99 0.259000  16.601 0.000   0.120 0.000  16.481 0.000 0.851 0.000000 0.275 0.559
334.333333 335.333333   9.88 0.000  1.43 0.000000 9.999 0.259000 0.07 0.000000  0.189 0.559000  3.199 0.000  4.478 0.000 999.99 0.259000   7.936 0.000   0.492 0.000   7.445 0.000 0.049 0.000000 0.180 0.559
337.333333 338.333333   2.56 0.000  0.39 0.000000 9.999 0.259000 9.99 0.259000  0.084 0.559000  0.905 0.000  1.267 0.000 999.99 0.259000   1.972 0.000   0.189 0.000   1.783 0.000 0.014 0.000000 0.043 0.559
340.333333 341.333333   0.28 0.000  0.21 0.000000 0.026 0.000000 9.99 0.259000  0.053 0.559000  0.235 0.000  0.328 0.000   0.83 0.000000   0.904 0.000   0.511 0.000   0.393 0.000 0.006 0.000000 0.016 0.559
343.333333 344.333333   0.44 0.000  0.21 0.000000 0.021 0.000000 9.99 0.259000  0.093 0.000000  0.453 0.000  0.633 0.000 999.99 0.259000   0.913 0.000   0.175 0.000   0.739 0.000 0.007 0.000000 0.034 0.000
346.333333 347.333333   0.82 0.000  0.27 0.000000 0.016 0.000000 9.99 0.259000  0.110 0.559000  1.228 0.000  1.719 0.000 999.99 0.259000   2.574 0.000   0.475 0.000   2.099 0.000 0.028 0.000000 0.035 0.559
349.333333 350.333333   1.42 0.000 99.99 0.259000 9.999 0.259000 9.99 0.259000  0.015 0.000000  0.355 0.000  0.497 0.000 999.99 0.259000   0.776 0.000   0.284 0.000   0.492 0.000 0.004 0.000000 0.026 0.000
352.333333 353.333333   2.98 0.000  0.28 0.000000 0.022 0.000000 9.99 0.259000  0.218 0.559000  1.322 0.000  1.851 0.000 999.99 0.259000   2.959 0.000 999.999 0.259   3.133 0.000 0.026 0.000000 0.069 0.559
355.333333 356.333333   3.49 0.000  0.27 0.000000 9.999 0.259000 9.99 0.259000  0.030 0.559000  0.406 0.000  0.568 0.000 999.99 0.259000   1.726 0.000   0.804 0.000   0.922 0.000 0.007 0.000000 0.074 0.559
358.333333 359.333333   1.29 0.000  0.34 0.000000 9.999 0.259000 9.99 0.259000  0.243 0.559000  0.673 0.000  0.943 0.000 999.99 0.259000   2.178 0.000 999.999 0.259   2.254 0.000 0.012 0.000000 0.085 0.559
361.333333 362.333333   0.37 0.000  0.13 0.000000 0.021 0.000000 9.99 0.259000  0.007 0.559000  0.119 0.000  0.167 0.000 999.99 0.259000   0.740 0.000   0.708 0.000   0.031 0.000 0.005 0.000000 0.019 0.559
364.333333 365.333333   1.02 0.000 99.99 0.259000 9.999 0.259000 9.99 0.259000  0.033 0.000000  0.203 0.000  0.283 0.000   0.48 0.000000   2.645 0.000   1.215 0.000   1.430 0.000 0.007 0.000000 0.082 0.000
