scripts/IMPROVE-2019_partial/data/US9066R.20130101050000.20191216000000.filterpack.pm10_mass.pm10.52w.3d.US03L_filterpack_US9066_2.US03L_IMPROVE_Davis.lev2.nas
50 1001
MISSING INFORMATION
US03L, IMPROVE, , , , , , , 
MISSING INFORMATION
IMPROVE sel_HTAP
1 1
2013 01 01 2019 12 16
3.000000
days from file reference point
3
1 1 1
999.999999 999.999 9.999
end_time of measurement, days from the file reference point
pm10_mass, ug/m3
numflag pm10_mass, no unit
0
33
Data definition:              EBAS_1.1
Set type code:                TU
Timezone:                     UTC
File name:                    US9066R.20130101050000.20191216000000.filterpack.pm10_mass.pm10.52w.3d.US03L_filterpack_US9066_2.US03L_IMPROVE_Davis.lev2.nas
File creation:                20191218121002
Startdate:                    20130101050000
Revision date:                20191216000000
Version:                      2
Version description:          "Data extracted from http://views.cira.colostate.edu/fed/DataWizard 2019-12-16"
Statistics:                   arithmetic mean
Data level:                   2
Period code:                  52w
Resolution code:              3d
Sample duration:              1d
Orig. time res.:              3d
Station code:                 US9066R
Platform code:                US9066S
Station name:                 Swanquarter
Station latitude:             35.451
Station longitude:            -76.2075
Station altitude:             -3.0 m
Regime:                       IMG
Component:                    pm10_mass
Unit:                         ug/m3
Matrix:                       pm10
Laboratory code:              US03L
Instrument type:              filterpack
Instrument name:              filterpack_US9066_2
Method ref:                   US03L_IMPROVE_Davis
Blank correction:             Blank corrected
Volume std. temperature:      ambient
Volume std. pressure:         ambient
starttime endtime PM10 flag_PM10
  0.208333   1.208333 999.999 0.999
  3.208333   4.208333   8.112 0.000
  6.208333   7.208333   7.792 0.000
  9.208333  10.208333   9.840 0.000
 12.208333  13.208333   6.247 0.000
 15.208333  16.208333 999.999 0.999
 18.208333  19.208333   8.350 0.000
 21.208333  22.208333   6.447 0.000
 24.208333  25.208333   8.503 0.000
 27.208333  28.208333  10.416 0.000
 30.208333  31.208333   7.662 0.000
 33.208333  34.208333   6.158 0.000
 36.208333  37.208333  18.315 0.000
 39.208333  40.208333   8.344 0.000
 42.208333  43.208333   6.523 0.000
 45.208333  46.208333   7.890 0.000
 48.208333  49.208333   4.658 0.000
 51.208333  52.208333  10.113 0.000
 54.208333  55.208333   6.503 0.000
 57.208333  58.208333   9.441 0.000
 60.208333  61.208333   5.364 0.000
 63.208333  64.208333  11.199 0.000
 66.208333  67.208333   7.273 0.000
 69.208333  70.208333  17.662 0.000
 72.208333  73.208333   5.660 0.000
 75.208333  76.208333  16.804 0.000
 78.208333  79.208333   5.658 0.000
 81.208333  82.208333  14.148 0.000
 84.208333  85.208333   5.212 0.000
 87.208333  88.208333   7.053 0.000
 90.208333  91.208333   9.910 0.000
 93.208333  94.208333  11.829 0.000
 96.208333  97.208333  16.511 0.000
 99.208333 100.208333  14.615 0.000
102.208333 103.208333  12.777 0.000
105.208333 106.208333  21.237 0.000
108.208333 109.208333  16.364 0.000
111.208333 112.208333  10.891 0.000
114.208333 115.208333  12.806 0.000
117.208333 118.208333  12.893 0.000
120.208333 121.208333   9.182 0.000
123.208333 124.208333  16.659 0.000
126.208333 127.208333  10.428 0.000
129.208333 130.208333  16.623 0.000
132.208333 133.208333  14.941 0.000
135.208333 136.208333  25.412 0.000
138.208333 139.208333  12.607 0.000
141.208333 142.208333 999.999 0.999
144.208333 145.208333 999.999 0.999
147.208333 148.208333 999.999 0.999
150.208333 151.208333   8.752 0.000
153.208333 154.208333  13.579 0.000
156.208333 157.208333 999.999 0.999
159.208333 160.208333  14.418 0.000
162.208333 163.208333  16.254 0.000
165.208333 166.208333  10.386 0.000
168.208333 169.208333  15.059 0.000
171.208333 172.208333  15.405 0.000
174.208333 175.208333  16.835 0.000
177.208333 178.208333  18.735 0.000
180.208333 181.208333  14.690 0.000
183.208333 184.208333  18.677 0.000
186.208333 187.208333  12.360 0.000
189.208333 190.208333  10.765 0.000
192.208333 193.208333  11.903 0.000
195.208333 196.208333  13.139 0.000
198.208333 199.208333  19.015 0.000
201.208333 202.208333  11.172 0.000
204.208333 205.208333  13.825 0.000
207.208333 208.208333  11.942 0.000
210.208333 211.208333  13.203 0.000
213.208333 214.208333  18.409 0.000
216.208333 217.208333   9.479 0.000
219.208333 220.208333  11.334 0.000
222.208333 223.208333  12.682 0.000
225.208333 226.208333 999.999 0.999
228.208333 229.208333   9.135 0.000
231.208333 232.208333  10.225 0.000
234.208333 235.208333  13.944 0.000
237.208333 238.208333   7.808 0.000
240.208333 241.208333  18.489 0.000
243.208333 244.208333  13.395 0.000
246.208333 247.208333  16.089 0.000
249.208333 250.208333   9.711 0.000
252.208333 253.208333  16.582 0.000
255.208333 256.208333  16.732 0.000
258.208333 259.208333  12.607 0.000
261.208333 262.208333   8.389 0.000
264.208333 265.208333   5.694 0.000
267.208333 268.208333   8.247 0.000
270.208333 271.208333   9.570 0.000
273.208333 274.208333   8.092 0.000
276.208333 277.208333  11.099 0.000
279.208333 280.208333  12.594 0.000
282.208333 283.208333 999.999 0.999
285.208333 286.208333 999.999 0.999
288.208333 289.208333 999.999 0.999
291.208333 292.208333 999.999 0.999
294.208333 295.208333 999.999 0.999
297.208333 298.208333   6.679 0.000
300.208333 301.208333  13.526 0.000
303.208333 304.208333   9.727 0.000
306.208333 307.208333   6.875 0.000
309.208333 310.208333 999.999 0.999
312.208333 313.208333   7.782 0.000
315.208333 316.208333   9.540 0.000
318.208333 319.208333   7.554 0.000
321.208333 322.208333   7.033 0.000
324.208333 325.208333   9.351 0.000
327.208333 328.208333   6.171 0.000
330.208333 331.208333   6.728 0.000
333.208333 334.208333 999.999 0.999
336.208333 337.208333 999.999 0.999
339.208333 340.208333 999.999 0.999
342.208333 343.208333 999.999 0.999
345.208333 346.208333 999.999 0.999
348.208333 349.208333   4.106 0.000
351.208333 352.208333   4.652 0.000
354.208333 355.208333   7.998 0.000
357.208333 358.208333   5.235 0.000
360.208333 361.208333 999.999 0.999
363.208333 364.208333   5.064 0.000
