scripts/IMPROVE-2019_partial/data/US9077R.20000216080000.20191216000000.filterpack..pm25.10mo.1w.US03L_filterpack_US9077.US03L_IMPROVE_Davis.lev2.nas
66 1001
MISSING INFORMATION
US03L, IMPROVE, , , , , , , 
MISSING INFORMATION
IMPROVE sel_HTAP
1 1
2000 01 01 2019 12 16
0
days from file reference point
27
1 1 1 1 1 1 1 1 1 1 1 1 1 1 1 1 1 1 1 1 1 1 1 1 1 1 1
999.999999 9999.99 9.999 99.99 9.999 9.999 9.999999 9.99 9.999999 9.999 9.999 99.999 9.999 99.999 9.999 99.99 9.999999 999.999 9.999 99.999 9.999 999.999 9.999 9.999 9.999 99.999 9.999
end_time of measurement, days from the file reference point
iron, ng/m3, Revision date=20181210133000
numflag iron, no unit, Revision date=20181210133000
lead, ng/m3, Revision date=20181210133000
numflag lead, no unit, Revision date=20181210133000
magnesium, ug/m3, Revision date=20181210133000
numflag magnesium, no unit, Revision date=20181210133000
nickel, ng/m3, Revision date=20181210133000
numflag nickel, no unit, Revision date=20181210133000
nitrate, ug N/m3, Revision date=20181210133000
numflag nitrate, no unit, Revision date=20181210133000
organic_carbon, ug C/m3, Revision date=20181210133000
numflag organic_carbon, no unit, Revision date=20181210133000
organic_mass, ug/m3, Revision date=20181210133000
numflag organic_mass, no unit, Revision date=20181210133000
phosphorus, ng/m3, Revision date=20181210133000
numflag phosphorus, no unit, Revision date=20181210133000
pm10_mass, ug/m3, Version=2, Version description=Data extracted from http://views.cira.colostate.edu/fed/DataWizard 2019-12-16, Sample duration=1d, Orig. time res.=3d, Matrix=pm10, Blank correction=Blank corrected, Volume std. temperature=ambient, Volume std. pressure=ambient
numflag pm10_mass, no unit, Version=2, Version description=Data extracted from http://views.cira.colostate.edu/fed/DataWizard 2019-12-16, Sample duration=1d, Orig. time res.=3d, Matrix=pm10, Blank correction=Blank corrected, Volume std. temperature=ambient, Volume std. pressure=ambient
pm10_pm25_mass, ug/m3, Revision date=20181210133000, Matrix=pm10_pm25
numflag pm10_pm25_mass, no unit, Revision date=20181210133000, Matrix=pm10_pm25
pm25_mass, ug/m3, Version=2, Version description=Data extracted from http://views.cira.colostate.edu/fed/DataWizard 2019-12-16, Sample duration=1d, Orig. time res.=3d, Blank correction=Blank corrected, Volume std. temperature=ambient, Volume std. pressure=ambient
numflag pm25_mass, no unit, Version=2, Version description=Data extracted from http://views.cira.colostate.edu/fed/DataWizard 2019-12-16, Sample duration=1d, Orig. time res.=3d, Blank correction=Blank corrected, Volume std. temperature=ambient, Volume std. pressure=ambient
potassium, ug/m3, Revision date=20181210133000
numflag potassium, no unit, Revision date=20181210133000
sulphate_total, ug S/m3, Revision date=20181210133000
numflag sulphate_total, no unit, Revision date=20181210133000
0
25
Data definition:              EBAS_1.1
Set type code:                TI
Timezone:                     UTC
File name:                    US9077R.20000216080000.20191216000000.filterpack..pm25.10mo.1w.US03L_filterpack_US9077.US03L_IMPROVE_Davis.lev2.nas
File creation:                20191218121048
Startdate:                    20000216080000
Revision date:                20191216000000
Statistics:                   arithmetic mean
Data level:                   2
Period code:                  10mo
Resolution code:              1w
Station code:                 US9077R
Platform code:                US9077S
Station name:                 Snoqualmie Pass
Station latitude:             47.422
Station longitude:            -121.4259
Station altitude:             1049.0 m
Regime:                       IMG
Component:                    
Matrix:                       pm25
Laboratory code:              US03L
Instrument type:              filterpack
Instrument name:              filterpack_US9077
Method ref:                   US03L_IMPROVE_Davis
starttime endtime Fe flag_Fe Pb flag_Pb Mg++ flag_Mg++ Ni flag_Ni NO3- flag_NO3- OC flag_OC OM flag_OM P flag_P PM10 flag_PM10 PM10-PM2.5 flag_PM10-PM2.5 PM2.5 flag_PM2.5 K+ flag_K+ SO4-- flag_SO4--
 46.333333  47.333333 9999.99 0.999 99.99 0.999 9.999 0.999000 9.99 0.999000 9.999 0.999 99.999 0.999 99.999 0.999 99.99 0.999000 999.999 0.999 99.999 0.999 999.999 0.999 9.999 0.999 99.999 0.999
 49.333333  50.333333 9999.99 0.999 99.99 0.999 9.999 0.999000 9.99 0.999000 0.433 0.559  1.420 0.000  1.988 0.000 99.99 0.999000   6.944 0.000 99.999 0.999 999.999 0.999 9.999 0.999  0.372 0.559
 53.333333  54.333333 9999.99 0.999 99.99 0.999 9.999 0.999000 9.99 0.999000 0.032 0.000  0.606 0.000  0.849 0.000 99.99 0.999000   4.075 0.000 99.999 0.999 999.999 0.999 9.999 0.999  0.119 0.000
 56.333333  57.333333 9999.99 0.999 99.99 0.999 9.999 0.999000 9.99 0.999000 0.037 0.559  0.396 0.000  0.554 0.000 99.99 0.999000   0.790 0.000 99.999 0.999 999.999 0.999 9.999 0.999  0.022 0.559
 60.333333  61.333333   11.93 0.000  0.52 0.000 9.999 0.259000 9.99 0.259000 0.061 0.559  0.634 0.000  0.888 0.000 99.99 0.259000   3.036 0.000  1.087 0.000   1.948 0.000 0.012 0.000  0.145 0.559
 63.333333  64.333333    3.00 0.000  0.31 0.000 9.999 0.259000 0.09 0.000000 0.021 0.000  0.502 0.000  0.703 0.000 99.99 0.259000   1.331 0.000  0.428 0.000   0.903 0.000 0.008 0.000  0.077 0.000
 67.333333  68.333333    6.93 0.000  0.77 0.000 9.999 0.259000 9.99 0.259000 0.060 0.559  0.578 0.000  0.809 0.000 99.99 0.259000   2.453 0.000 99.999 0.259   2.577 0.000 0.015 0.000  0.155 0.559
 70.333333  71.333333   10.59 0.000  1.20 0.000 9.999 0.259000 9.99 0.259000 0.037 0.559  0.412 0.000  0.576 0.000 99.99 0.259000   4.242 0.000  1.247 0.000   2.994 0.000 0.028 0.000  0.281 0.559
 74.333333  75.333333   12.31 0.000  0.35 0.000 9.999 0.259000 9.99 0.259000 0.089 0.559  0.530 0.000  0.742 0.000 99.99 0.259000   3.803 0.000  2.128 0.000   1.675 0.000 0.015 0.000  0.114 0.559
 77.333333  78.333333    1.78 0.000  0.20 0.000 9.999 0.259000 9.99 0.259000 0.011 0.559  0.301 0.000  0.421 0.000 99.99 0.259000   2.315 0.000  1.218 0.000   1.097 0.000 0.004 0.000  0.047 0.559
 81.333333  82.333333    8.76 0.000  0.56 0.000 0.018 0.000000 9.99 0.259000 0.055 0.559  0.486 0.000  0.680 0.000 99.99 0.259000   2.067 0.000  0.672 0.000   1.395 0.000 0.014 0.000  0.133 0.559
 84.333333  85.333333   16.51 0.000  2.03 0.000 9.999 0.259000 9.99 0.259000 0.113 0.559  1.479 0.000  2.071 0.000 99.99 0.259000   7.441 0.000  2.056 0.000   5.384 0.000 0.031 0.000  0.586 0.559
 88.333333  89.333333   18.55 0.000  0.48 0.000 9.999 0.259000 9.99 0.259000 0.025 0.000  0.394 0.000  0.551 0.000 99.99 0.259000   2.355 0.000  0.929 0.000   1.426 0.000 0.015 0.000  0.136 0.000
 91.333333  92.333333   30.25 0.000  0.97 0.000 0.022 0.000000 9.99 0.259000 0.062 0.000  0.989 0.000  1.385 0.000 99.99 0.259000   4.150 0.000  1.329 0.000   2.821 0.000 0.031 0.000  0.195 0.000
 95.333333  96.333333    4.45 0.000  0.27 0.000 0.005 0.000000 9.99 0.259000 0.019 0.000  0.252 0.000  0.353 0.000 99.99 0.259000   2.315 0.000  0.287 0.000   2.028 0.000 0.006 0.000  0.351 0.000
 98.333333  99.333333   33.70 0.000  1.53 0.000 9.999 0.259000 9.99 0.259000 0.072 0.000  1.579 0.000  2.210 0.000 99.99 0.259000   6.376 0.000  2.359 0.000   4.017 0.000 0.035 0.000  0.220 0.000
102.333333 103.333333  119.33 0.000  2.22 0.000 9.999 0.259000 9.99 0.259000 0.089 0.000  2.630 0.000  3.682 0.000 99.99 0.259000  11.980 0.000  3.825 0.000   8.155 0.000 0.080 0.000  0.596 0.000
105.333333 106.333333    8.28 0.000  0.21 0.000 0.009 0.000000 9.99 0.259000 0.014 0.000  0.475 0.000  0.665 0.000 99.99 0.259000   1.056 0.000  0.237 0.000   0.819 0.000 0.007 0.000  0.120 0.000
109.333333 110.333333   56.87 0.000  1.93 0.000 9.999 0.259000 9.99 0.259000 0.093 0.000  1.287 0.000  1.802 0.000 99.99 0.259000   8.252 0.000  3.106 0.000   5.145 0.000 0.050 0.000  0.723 0.000
112.333333 113.333333   11.48 0.000  0.62 0.000 9.999 0.259000 9.99 0.259000 0.031 0.000  0.556 0.000  0.778 0.000 99.99 0.259000   2.247 0.000  0.605 0.000   1.641 0.000 0.014 0.000  0.218 0.000
116.333333 117.333333   18.34 0.000  0.60 0.000 9.999 0.259000 9.99 0.259000 0.040 0.000  0.867 0.000  1.213 0.000 99.99 0.259000   2.924 0.000  1.095 0.000   1.829 0.000 0.019 0.000  0.151 0.000
119.333333 120.333333   10.20 0.000  0.52 0.000 9.999 0.259000 9.99 0.259000 0.046 0.000  0.607 0.000  0.849 0.000 99.99 0.259000   3.817 0.000  1.306 0.000   2.512 0.000 0.019 0.000  0.167 0.000
123.333333 124.333333   23.58 0.000  0.93 0.000 9.999 0.259000 9.99 0.259000 0.035 0.000  0.594 0.000  0.832 0.000 99.99 0.259000   3.224 0.000  0.320 0.000   2.904 0.000 0.025 0.000  0.207 0.000
126.333333 127.333333    7.39 0.000  1.03 0.000 9.999 0.259000 9.99 0.259000 0.039 0.000  0.594 0.000  0.831 0.000 99.99 0.259000   2.935 0.000  0.504 0.000   2.431 0.000 0.013 0.000  0.319 0.000
130.333333 131.333333    6.05 0.000 99.99 0.259 9.999 0.259000 9.99 0.259000 0.015 0.000  0.582 0.000  0.815 0.000 99.99 0.259000   1.252 0.000  0.273 0.000   0.979 0.000 0.010 0.000  0.066 0.000
133.333333 134.333333   27.09 0.000  0.65 0.000 0.007 0.000000 9.99 0.259000 0.036 0.000  1.149 0.000  1.609 0.000 99.99 0.259000   4.926 0.000  2.517 0.000   2.409 0.000 0.026 0.000  0.148 0.000
137.333333 138.333333   21.15 0.000  0.79 0.000 0.028 0.000000 9.99 0.259000 0.048 0.000  0.949 0.000  1.328 0.000 99.99 0.259000   6.209 0.000  1.611 0.000   4.598 0.000 0.026 0.000  0.661 0.000
140.333333 141.333333   17.02 0.000  0.46 0.000 9.999 0.259000 9.99 0.259000 0.028 0.559  1.633 0.000  2.286 0.000 99.99 0.259000   5.249 0.000  0.505 0.000   4.743 0.000 0.028 0.000  0.454 0.559
144.333333 145.333333   31.22 0.000  1.07 0.000 9.999 0.259000 9.99 0.259000 0.114 0.000  1.977 0.000  2.768 0.000 99.99 0.259000   8.163 0.000  2.232 0.000   5.930 0.000 0.037 0.000  0.431 0.000
147.333333 148.333333   11.93 0.000  0.46 0.000 9.999 0.259000 9.99 0.259000 0.020 0.000  0.691 0.000  0.968 0.000 99.99 0.259000   3.452 0.000  0.525 0.000   2.927 0.000 0.021 0.000  0.217 0.000
151.333333 152.333333    2.92 0.000  0.20 0.000 9.999 0.259000 9.99 0.259000 0.017 0.000  0.251 0.000  0.351 0.000 99.99 0.259000   1.898 0.000  0.582 0.000   1.316 0.000 0.008 0.000  0.078 0.000
154.333333 155.333333   18.74 0.000 99.99 0.259 9.999 0.259000 9.99 0.259000 0.029 0.000  1.244 0.000  1.741 0.000 99.99 0.259000   5.976 0.000  1.815 0.000   4.160 0.000 0.021 0.000  0.283 0.000
158.333333 159.333333    6.85 0.000  0.16 0.000 9.999 0.259000 9.99 0.259000 0.029 0.000  0.390 0.000  0.546 0.000 99.99 0.259000   1.665 0.000  0.276 0.000   1.389 0.000 0.009 0.000  0.064 0.000
161.333333 162.333333    2.50 0.000 99.99 0.259 0.005 0.000000 0.70 0.000000 0.007 0.000  0.141 0.000  0.198 0.000  3.77 0.000000   1.137 0.000  0.100 0.000   1.037 0.000 0.005 0.000  0.089 0.000
165.333333 166.333333    3.20 0.000  0.18 0.000 9.999 0.259000 9.99 0.259000 0.013 0.000  0.181 0.000  0.254 0.000 99.99 0.259000   1.665 0.000  0.565 0.000   1.100 0.000 0.006 0.000  0.072 0.000
168.333333 169.333333   19.87 0.000  0.64 0.000 9.999 0.259000 9.99 0.259000 0.064 0.000  1.884 0.000  2.637 0.000 99.99 0.259000   7.391 0.000  2.151 0.000   5.240 0.000 0.020 0.000  0.279 0.000
172.333333 173.333333   26.13 0.000  0.71 0.000 9.999 0.259000 9.99 0.259000 0.190 0.559  1.618 0.000  2.266 0.000 99.99 0.259000   8.550 0.000  3.135 0.000   5.415 0.000 0.026 0.000  0.359 0.559
175.333333 176.333333    9.23 0.000 99.99 0.259 9.999 0.259000 0.22 0.000000 0.069 0.559  0.722 0.000  1.011 0.000 99.99 0.259000   3.934 0.000  1.194 0.000   2.740 0.000 0.017 0.000  0.213 0.559
179.333333 180.333333   45.64 0.000  0.61 0.000 0.008 0.000000 9.99 0.259000 0.039 0.559  3.224 0.000  4.514 0.000 99.99 0.259000  12.566 0.000  4.359 0.000   8.207 0.000 0.020 0.000  0.303 0.559
182.333333 183.333333    7.13 0.000  0.77 0.000 0.007 0.000000 0.16 0.000000 0.043 0.559  0.534 0.000  0.748 0.000 99.99 0.259000   4.423 0.000  0.644 0.000   3.779 0.000 0.012 0.000  0.499 0.559
186.333333 187.333333    9.67 0.000  1.89 0.000 0.007 0.000000 0.12 0.000000 0.054 0.559  0.801 0.000  1.121 0.000 99.99 0.259000   5.289 0.000  1.072 0.000   4.217 0.000 0.056 0.000  0.541 0.559
189.333333 190.333333   16.93 0.000  1.70 0.000 9.999 0.259000 9.99 0.259000 0.043 0.559  1.370 0.000  1.918 0.000 99.99 0.259000   8.681 0.000  1.704 0.000   6.976 0.000 0.022 0.000  0.937 0.559
193.333333 194.333333   28.81 0.000  1.17 0.000 9.999 0.259000 9.99 0.259000 0.080 0.559  1.491 0.000  2.088 0.000 99.99 0.259000   7.868 0.000  2.256 0.000   5.611 0.000 0.015 0.000  0.521 0.559
196.333333 197.333333   14.85 0.000  0.45 0.000 9.999 0.259000 9.99 0.259000 0.036 0.559  0.853 0.000  1.194 0.000 99.99 0.259000   4.937 0.000  2.203 0.000   2.735 0.000 0.012 0.000  0.231 0.559
200.333333 201.333333   29.43 0.000  1.01 0.000 9.999 0.259000 9.99 0.259000 0.085 0.559  1.492 0.000  2.088 0.000 99.99 0.259000  11.681 0.000  3.537 0.000   8.144 0.000 0.020 0.000  1.063 0.559
203.333333 204.333333   14.58 0.000  0.66 0.000 9.999 0.259000 9.99 0.259000 0.073 0.559  1.140 0.000  1.596 0.000 99.99 0.259000   5.901 0.000  1.199 0.000   4.702 0.000 0.011 0.000  0.519 0.559
207.333333 208.333333   11.32 0.000  0.58 0.000 9.999 0.259000 9.99 0.259000 0.026 0.559  0.613 0.000  0.859 0.000 99.99 0.259000   7.227 0.000  1.563 0.000   5.664 0.000 0.010 0.000  0.874 0.559
210.333333 211.333333   19.62 0.000  0.88 0.000 9.999 0.259000 9.99 0.259000 0.045 0.559  1.529 0.000  2.141 0.000 99.99 0.259000   9.246 0.000  1.923 0.000   7.323 0.000 0.011 0.000  1.004 0.559
214.333333 215.333333   22.35 0.000 99.99 0.259 9.999 0.259000 9.99 0.259000 0.123 0.559  1.593 0.000  2.231 0.000 99.99 0.259000   7.025 0.000  2.416 0.000   4.609 0.000 0.015 0.000  0.310 0.559
217.333333 218.333333   33.90 0.000  0.77 0.000 9.999 0.259000 9.99 0.259000 0.081 0.559  3.069 0.000  4.297 0.000 99.99 0.259000  11.561 0.000  2.928 0.000   8.633 0.000 0.026 0.000  0.544 0.559
221.333333 222.333333   36.89 0.000  1.43 0.000 9.999 0.259000 9.99 0.259000 0.070 0.559  1.857 0.000  2.600 0.000 99.99 0.259000   8.772 0.000  1.733 0.000   7.039 0.000 0.023 0.000  0.673 0.559
224.333333 225.333333   18.47 0.000  0.85 0.000 9.999 0.259000 9.99 0.259000 0.133 0.559  1.153 0.000  1.614 0.000 99.99 0.259000   7.391 0.000  2.552 0.000   4.839 0.000 0.016 0.000  0.549 0.559
228.333333 229.333333   38.33 0.000  0.41 0.000 9.999 0.259000 9.99 0.259000 0.126 0.559  1.633 0.000  2.286 0.000 99.99 0.259000  10.457 0.000  3.356 0.000   7.101 0.000 0.023 0.000  0.617 0.559
231.333333 232.333333    3.04 0.000  0.21 0.000 9.999 0.259000 9.99 0.259000 0.037 0.559  0.165 0.000  0.230 0.000 99.99 0.259000   4.037 0.000  0.909 0.000   3.128 0.000 0.006 0.000  0.519 0.559
234.333333 235.333333 9999.99 0.999 99.99 0.999 9.999 0.999000 9.99 0.999000 9.999 0.999 99.999 0.999 99.999 0.999 99.99 0.999000 999.999 0.999 99.999 0.999 999.999 0.999 9.999 0.999 99.999 0.999
237.333333 238.333333   11.21 0.000 99.99 0.259 9.999 0.259000 9.99 0.259000 0.104 0.000  0.514 0.000  0.720 0.000 99.99 0.259000   6.108 0.000  1.080 0.000   5.028 0.000 0.005 0.000  1.066 0.000
240.333333 241.333333   14.96 0.000 99.99 0.259 9.999 0.259000 9.99 0.259000 0.226 0.000  0.593 0.000  0.831 0.000 99.99 0.259000   5.397 0.000  2.019 0.000   3.377 0.000 0.014 0.000  0.458 0.000
243.333333 244.333333    5.43 0.000 99.99 0.259 9.999 0.259000 9.99 0.259000 0.075 0.000  0.316 0.000  0.442 0.000 99.99 0.259000   5.522 0.000  1.419 0.000   4.104 0.000 0.008 0.000  0.596 0.000
246.333333 247.333333    3.65 0.000  0.47 0.000 0.012 0.000000 9.99 0.259000 0.059 0.000  0.424 0.000  0.593 0.000 99.99 0.259000   2.092 0.000  0.443 0.000   1.649 0.000 9.999 0.259  0.238 0.000
249.333333 250.333333    5.59 0.000  0.24 0.000 9.999 0.259000 9.99 0.259000 0.039 0.000  0.487 0.000  0.682 0.000 99.99 0.259000   2.677 0.000  0.484 0.000   2.193 0.000 0.007 0.000  0.284 0.000
252.333333 253.333333    1.53 0.000 99.99 0.259 9.999 0.259000 9.99 0.259000 9.999 0.699 99.999 0.999 99.999 0.999 99.99 0.259000   3.263 0.000  0.978 0.000   2.285 0.000 0.011 0.000 99.999 0.699
255.333333 256.333333   25.16 0.000  0.95 0.000 9.999 0.259000 9.99 0.259000 0.094 0.000  1.482 0.000  2.075 0.000 99.99 0.259000   7.402 0.000  3.097 0.000   4.305 0.000 0.026 0.000  0.335 0.000
258.333333 259.333333   18.58 0.000  0.38 0.000 9.999 0.259000 9.99 0.259000 0.098 0.000  1.186 0.000  1.660 0.000 99.99 0.259000   7.152 0.000  1.999 0.000   5.153 0.000 0.027 0.000  0.723 0.000
261.333333 262.333333    6.54 0.000  0.82 0.000 0.014 0.000000 9.99 0.259000 0.091 0.000  0.627 0.000  0.878 0.000 99.99 0.259000   3.849 0.000  0.440 0.000   3.409 0.000 0.013 0.000  0.514 0.000
264.333333 265.333333    8.79 0.000  0.32 0.000 9.999 0.259000 9.99 0.259000 0.019 0.000  0.423 0.000  0.592 0.000 99.99 0.259000   2.552 0.000  1.100 0.000   1.452 0.000 0.012 0.000  0.095 0.000
267.333333 268.333333   17.73 0.000  0.56 0.000 9.999 0.259000 9.99 0.259000 0.044 0.000  1.196 0.000  1.674 0.000 99.99 0.259000   5.062 0.000  2.125 0.000   2.937 0.000 0.023 0.000  0.155 0.000
270.333333 271.333333   75.40 0.000  1.51 0.000 9.999 0.259000 9.99 0.259000 0.083 0.000  2.700 0.000  3.780 0.000 99.99 0.259000  14.928 0.000  7.576 0.000   7.353 0.000 0.064 0.000  0.327 0.000
273.333333 274.333333 9999.99 0.259 99.99 0.259 9.999 0.259000 9.99 0.259000 0.004 0.000  0.179 0.000  0.251 0.000 99.99 0.259000   0.609 0.000  0.274 0.000   0.335 0.000 0.008 0.000  0.027 0.000
276.333333 277.333333    8.90 0.000  0.54 0.000 9.999 0.259000 9.99 0.259000 0.096 0.000  0.738 0.000  1.033 0.000 99.99 0.259000   4.588 0.000  1.681 0.000   2.906 0.000 0.024 0.000  0.260 0.000
279.333333 280.333333   35.85 0.000  0.53 0.000 9.999 0.259000 9.99 0.259000 0.034 0.000  1.179 0.000  1.650 0.000 99.99 0.259000   6.619 0.000  3.381 0.000   3.238 0.000 0.029 0.000  0.145 0.000
282.333333 283.333333   38.67 0.000  1.03 0.000 9.999 0.259000 9.99 0.259000 0.090 0.000  1.707 0.000  2.390 0.000 99.99 0.259000   6.986 0.000  1.999 0.000   4.987 0.000 0.046 0.000  0.292 0.000
285.333333 286.333333   15.57 0.559  0.92 0.559 9.999 0.559259 9.99 0.559259 0.188 0.000  1.367 0.000  1.913 0.000 99.99 0.559259   6.103 0.000  0.080 0.000   6.023 0.559 0.032 0.559  0.593 0.000
288.333333 289.333333    6.47 0.000  0.90 0.000 9.999 0.259000 9.99 0.259000 0.050 0.000  0.636 0.000  0.890 0.000 99.99 0.259000   3.998 0.000  0.845 0.000   3.154 0.000 0.018 0.000  0.415 0.000
291.333333 292.333333    3.44 0.000 99.99 0.259 9.999 0.259000 9.99 0.259000 0.039 0.000  0.451 0.000  0.631 0.000 99.99 0.259000   3.283 0.000  1.233 0.000   2.050 0.000 0.015 0.000  0.280 0.000
294.333333 295.333333    2.74 0.000  0.14 0.000 9.999 0.259000 9.99 0.259000 0.068 0.000  0.332 0.000  0.465 0.000 99.99 0.259000   3.157 0.000  1.277 0.000   1.879 0.000 0.015 0.000  0.157 0.000
297.333333 298.333333   14.78 0.000  0.44 0.000 9.999 0.259000 9.99 0.259000 0.175 0.000  4.457 0.000  6.239 0.000 99.99 0.259000  10.227 0.000  1.371 0.000   8.856 0.000 0.059 0.000  0.157 0.000
300.333333 301.333333   32.03 0.559  1.77 0.559 9.999 0.559259 9.99 0.559259 0.290 0.000  3.886 0.000  5.440 0.000 99.99 0.559259  12.079 0.000  1.987 0.000  10.092 0.559 0.065 0.559  0.572 0.000
303.333333 304.333333    5.31 0.000  0.86 0.000 9.999 0.259000 9.99 0.259000 0.096 0.000  1.180 0.000  1.652 0.000 99.99 0.259000   3.241 0.000  0.704 0.000   2.537 0.000 0.025 0.000  0.127 0.000
306.333333 307.333333   16.00 0.000  1.72 0.000 9.999 0.259000 9.99 0.259000 0.158 0.000  1.950 0.000  2.729 0.000 99.99 0.259000   6.397 0.000  2.097 0.000   4.300 0.000 0.035 0.000  0.182 0.000
309.333333 310.333333    1.43 0.000  0.14 0.000 9.999 0.259000 0.12 0.000000 0.032 0.000  0.128 0.000  0.179 0.000 99.99 0.259000   1.852 0.000  0.500 0.000   1.352 0.000 0.012 0.000  0.230 0.000
312.333333 313.333333    2.52 0.000  0.43 0.000 0.008 0.000000 9.99 0.259000 0.063 0.000  0.397 0.000  0.556 0.000 99.99 0.259000   1.567 0.000  0.153 0.000   1.413 0.000 0.012 0.000  0.096 0.000
