scripts/IMPROVE-2019_partial/data/US9033R.20100102060000.20191216000000.filterpack...52w.3d.US03L_filterpack_US9033.US03L_IMPROVE_Davis.lev2.nas
52 1001
MISSING INFORMATION
US03L, IMPROVE, , , , , , , 
MISSING INFORMATION
IMPROVE sel_HTAP
1 1
2010 01 01 2019 12 16
3.00
days from file reference point
5
1 1 1 1 1
999.99 999.999 9.999 999.999 9.999
end_time of measurement, days from the file reference point
pm10_mass, ug/m3, Matrix=pm10
numflag pm10_mass, no unit, Matrix=pm10
pm25_mass, ug/m3, Matrix=pm25
numflag pm25_mass, no unit, Matrix=pm25
0
33
Data definition:              EBAS_1.1
Set type code:                TU
Timezone:                     UTC
File name:                    US9033R.20100102060000.20191216000000.filterpack...52w.3d.US03L_filterpack_US9033.US03L_IMPROVE_Davis.lev2.nas
File creation:                20191218120728
Startdate:                    20100102060000
Revision date:                20191216000000
Version:                      2
Version description:          "Data extracted from http://views.cira.colostate.edu/fed/DataWizard 2019-12-16"
Statistics:                   arithmetic mean
Data level:                   2
Period code:                  52w
Resolution code:              3d
Sample duration:              1d
Orig. time res.:              3d
Station code:                 US9033R
Platform code:                US9033S
Station name:                 Sipsy Wilderness
Station latitude:             34.3433
Station longitude:            -87.3388
Station altitude:             286.0 m
Regime:                       IMG
Component:                    
Unit:                         ug/m3
Matrix:                       
Laboratory code:              US03L
Instrument type:              filterpack
Instrument name:              filterpack_US9033
Method ref:                   US03L_IMPROVE_Davis
Blank correction:             Blank corrected
Volume std. temperature:      ambient
Volume std. pressure:         ambient
starttime endtime PM10 flag_PM10 PM2.5 flag_PM2.5
  1.25   2.25 999.999 0.999 999.999 0.999
  4.25   5.25   8.306 0.000   2.936 0.000
  7.25   8.25   6.993 0.000   6.351 0.000
 10.25  11.25   7.029 0.000   5.168 0.000
 13.25  14.25 999.999 0.999 999.999 0.999
 16.25  17.25   4.056 0.000   3.187 0.000
 19.25  20.25   9.131 0.000   7.191 0.000
 22.25  23.25   9.195 0.000   7.708 0.000
 25.25  26.25   5.881 0.000   2.794 0.000
 28.25  29.25   7.100 0.000   5.401 0.000
 31.25  32.25  10.111 0.000   9.394 0.000
 34.25  35.25   9.624 0.000   8.642 0.000
 37.25  38.25  11.133 0.000  10.010 0.000
 40.25  41.25   7.838 0.000   7.191 0.000
 43.25  44.25   8.037 0.000   6.782 0.000
 46.25  47.25   5.062 0.000   4.093 0.000
 49.25  50.25   5.494 0.000   3.253 0.000
 52.25  53.25   8.414 0.000   6.998 0.000
 55.25  56.25   6.820 0.000   5.686 0.000
 58.25  59.25   9.788 0.000   6.323 0.000
 61.25  62.25   9.662 0.000   7.694 0.000
 64.25  65.25   9.150 0.000   6.077 0.000
 67.25  68.25  14.551 0.000  12.060 0.000
 70.25  71.25   6.196 0.000   3.504 0.000
 73.25  74.25   6.236 0.000   4.698 0.000
 76.25  77.25  11.013 0.000   8.878 0.000
 79.25  80.25   6.364 0.000   5.424 0.000
 82.25  83.25  16.735 0.000  13.973 0.000
 85.25  86.25   8.940 0.000   6.753 0.000
 88.25  89.25  10.602 0.000   6.661 0.000
 91.25  92.25  16.468 0.000   9.505 0.000
 94.25  95.25  15.457 0.000  11.103 0.000
 97.25  98.25 999.999 0.999 999.999 0.999
100.25 101.25 999.999 0.999 999.999 0.999
103.25 104.25  25.674 0.000  15.852 0.000
106.25 107.25  21.697 0.000  10.563 0.000
109.25 110.25  18.682 0.000   7.774 0.000
112.25 113.25  32.040 0.000  12.273 0.000
115.25 116.25  10.511 0.000   3.467 0.000
118.25 119.25  16.639 0.000   9.059 0.000
121.25 122.25  26.259 0.000  12.300 0.000
124.25 125.25  17.847 0.000   9.300 0.000
127.25 128.25  12.408 0.000   5.089 0.000
130.25 131.25  17.992 0.000  13.286 0.000
133.25 134.25  20.817 0.000  12.075 0.000
136.25 137.25   8.641 0.000   4.277 0.000
139.25 140.25  15.832 0.000   9.235 0.000
142.25 143.25  14.986 0.000  11.687 0.000
145.25 146.25  15.031 0.000   8.774 0.000
148.25 149.25  16.908 0.000  11.222 0.000
151.25 152.25  14.480 0.000   9.698 0.000
154.25 155.25  11.836 0.000   8.040 0.000
157.25 158.25   9.989 0.000   5.377 0.000
160.25 161.25  16.901 0.000  11.771 0.000
163.25 164.25  13.396 0.000  10.447 0.000
166.25 167.25  11.356 0.000   7.442 0.000
169.25 170.25  11.971 0.000   8.741 0.000
172.25 173.25  15.479 0.000  12.101 0.000
175.25 176.25   9.411 0.000   5.091 0.000
178.25 179.25  14.818 0.000   8.850 0.000
181.25 182.25  19.718 0.000  13.240 0.000
184.25 185.25  16.645 0.000  13.200 0.000
187.25 188.25  18.887 0.000  10.729 0.000
190.25 191.25  10.565 0.000   7.857 0.000
193.25 194.25  18.319 0.000  10.327 0.000
196.25 197.25  18.383 0.000  10.389 0.000
199.25 200.25  11.012 0.000   6.199 0.000
202.25 203.25  21.757 0.000  11.888 0.000
205.25 206.25  22.501 0.000  14.011 0.000
208.25 209.25   7.861 0.000   3.858 0.000
211.25 212.25  18.035 0.000  11.068 0.000
214.25 215.25  16.557 0.000  13.045 0.000
217.25 218.25  13.186 0.000   9.786 0.000
220.25 221.25  16.122 0.000  14.168 0.000
223.25 224.25  18.300 0.000  14.144 0.000
226.25 227.25  17.352 0.000  11.082 0.000
229.25 230.25  13.300 0.000   7.521 0.000
232.25 233.25  11.870 0.000   7.833 0.000
235.25 236.25  15.159 0.000  10.370 0.000
238.25 239.25  21.434 0.000  15.095 0.000
241.25 242.25  12.440 0.000   7.857 0.000
244.25 245.25 999.999 0.999 999.999 0.999
247.25 248.25   8.606 0.000   4.091 0.000
250.25 251.25 999.999 0.999 999.999 0.999
253.25 254.25  11.876 0.000   7.882 0.000
256.25 257.25  11.174 0.000   6.907 0.000
259.25 260.25  18.905 0.000 999.999 0.456
262.25 263.25  21.951 0.000  16.104 0.000
265.25 266.25  23.702 0.000  15.671 0.000
268.25 269.25  12.604 0.000   8.560 0.000
271.25 272.25  12.108 0.000   8.194 0.000
274.25 275.25  10.974 0.000   5.179 0.000
277.25 278.25   9.287 0.000   5.311 0.000
280.25 281.25  29.536 0.000  12.976 0.000
283.25 284.25  21.073 0.000  14.384 0.000
286.25 287.25  10.804 0.000   5.356 0.000
289.25 290.25   9.744 0.000   5.539 0.000
292.25 293.25 999.999 0.999 999.999 0.999
295.25 296.25  11.368 0.000 999.999 0.456
298.25 299.25   8.528 0.000   4.879 0.000
301.25 302.25   8.417 0.000   5.084 0.000
304.25 305.25  15.556 0.000  12.090 0.000
307.25 308.25  12.636 0.000   6.933 0.000
310.25 311.25   7.030 0.000   5.396 0.000
313.25 314.25  13.916 0.000   9.534 0.000
316.25 317.25  19.495 0.000  14.557 0.000
319.25 320.25   4.292 0.000   3.027 0.000
322.25 323.25  13.331 0.000  11.086 0.000
325.25 326.25  13.014 0.000   7.308 0.000
328.25 329.25   7.528 0.000   4.623 0.000
331.25 332.25   6.967 0.000   4.561 0.000
334.25 335.25 999.999 0.999 999.999 0.999
337.25 338.25  13.907 0.000   9.068 0.000
340.25 341.25  11.272 0.000   8.060 0.000
343.25 344.25  14.070 0.000   9.965 0.000
346.25 347.25   6.830 0.000   3.172 0.000
349.25 350.25   8.665 0.000   6.184 0.000
352.25 353.25  14.047 0.000  12.259 0.000
355.25 356.25  13.422 0.000  10.029 0.000
358.25 359.25   7.951 0.000   7.017 0.000
361.25 362.25   4.839 0.000   3.959 0.000
364.25 365.25  12.268 0.000   9.279 0.000
