scripts/IMPROVE-2019_partial/data/US9049R.20020102070000.20191216000000.filterpack..pm25.52w.1w.US03L_filterpack_US9049.US03L_IMPROVE_Davis.lev2.nas
66 1001
MISSING INFORMATION
US03L, IMPROVE, , , , , , , 
MISSING INFORMATION
IMPROVE sel_HTAP
1 1
2002 01 01 2019 12 16
3.000000
days from file reference point
27
1 1 1 1 1 1 1 1 1 1 1 1 1 1 1 1 1 1 1 1 1 1 1 1 1 1 1
999.999999 9999.99 9.999 99.99 9.999 9.999 9.999999 9.99 9.999999 9.999 9.999 999.999 9.999 999.999 9.999 99.99 9.999999 999.999 9.999 999.999 9.999 999.999 9.999 9.999 9.999 9.999 9.999
end_time of measurement, days from the file reference point
iron, ng/m3, Revision date=20181210133000
numflag iron, no unit, Revision date=20181210133000
lead, ng/m3, Revision date=20181210133000
numflag lead, no unit, Revision date=20181210133000
magnesium, ug/m3, Revision date=20181210133000
numflag magnesium, no unit, Revision date=20181210133000
nickel, ng/m3, Revision date=20181210133000
numflag nickel, no unit, Revision date=20181210133000
nitrate, ug N/m3, Revision date=20181210133000
numflag nitrate, no unit, Revision date=20181210133000
organic_carbon, ug C/m3, Revision date=20181210133000
numflag organic_carbon, no unit, Revision date=20181210133000
organic_mass, ug/m3, Revision date=20181210133000
numflag organic_mass, no unit, Revision date=20181210133000
phosphorus, ng/m3, Revision date=20181210133000
numflag phosphorus, no unit, Revision date=20181210133000
pm10_mass, ug/m3, Version=2, Version description=Data extracted from http://views.cira.colostate.edu/fed/DataWizard 2019-12-16, Sample duration=1d, Orig. time res.=3d, Matrix=pm10, Blank correction=Blank corrected, Volume std. temperature=ambient, Volume std. pressure=ambient
numflag pm10_mass, no unit, Version=2, Version description=Data extracted from http://views.cira.colostate.edu/fed/DataWizard 2019-12-16, Sample duration=1d, Orig. time res.=3d, Matrix=pm10, Blank correction=Blank corrected, Volume std. temperature=ambient, Volume std. pressure=ambient
pm10_pm25_mass, ug/m3, Revision date=20181210133000, Matrix=pm10_pm25
numflag pm10_pm25_mass, no unit, Revision date=20181210133000, Matrix=pm10_pm25
pm25_mass, ug/m3, Version=2, Version description=Data extracted from http://views.cira.colostate.edu/fed/DataWizard 2019-12-16, Sample duration=1d, Orig. time res.=3d, Blank correction=Blank corrected, Volume std. temperature=ambient, Volume std. pressure=ambient
numflag pm25_mass, no unit, Version=2, Version description=Data extracted from http://views.cira.colostate.edu/fed/DataWizard 2019-12-16, Sample duration=1d, Orig. time res.=3d, Blank correction=Blank corrected, Volume std. temperature=ambient, Volume std. pressure=ambient
potassium, ug/m3, Revision date=20181210133000
numflag potassium, no unit, Revision date=20181210133000
sulphate_total, ug S/m3, Revision date=20181210133000
numflag sulphate_total, no unit, Revision date=20181210133000
0
25
Data definition:              EBAS_1.1
Set type code:                TU
Timezone:                     UTC
File name:                    US9049R.20020102070000.20191216000000.filterpack..pm25.52w.1w.US03L_filterpack_US9049.US03L_IMPROVE_Davis.lev2.nas
File creation:                20191218120848
Startdate:                    20020102070000
Revision date:                20191216000000
Statistics:                   arithmetic mean
Data level:                   2
Period code:                  52w
Resolution code:              1w
Station code:                 US9049R
Platform code:                US9049S
Station name:                 Weminuche Wilderness
Station latitude:             37.6594
Station longitude:            -107.7999
Station altitude:             2750.0 m
Regime:                       IMG
Component:                    
Matrix:                       pm25
Laboratory code:              US03L
Instrument type:              filterpack
Instrument name:              filterpack_US9049
Method ref:                   US03L_IMPROVE_Davis
starttime endtime Fe flag_Fe Pb flag_Pb Mg++ flag_Mg++ Ni flag_Ni NO3- flag_NO3- OC flag_OC OM flag_OM P flag_P PM10 flag_PM10 PM10-PM2.5 flag_PM10-PM2.5 PM2.5 flag_PM2.5 K+ flag_K+ SO4-- flag_SO4--
[from data line 81]
244.291667 245.291667   34.04 0.699  0.61 0.699 9.999 0.699259 9.99 0.699259 0.054 0.000   2.009 0.000   2.812 0.000 99.99 0.699259   7.972 0.000   1.061 0.000   6.911 0.699 0.047 0.699 0.431 0.000
247.291667 248.291667   44.65 0.000  0.65 0.000 0.025 0.000000 0.39 0.000000 0.031 0.000   1.270 0.000   1.778 0.000 99.99 0.259000   8.639 0.000   3.732 0.000   4.907 0.000 0.046 0.000 0.397 0.000
250.291667 251.291667 9999.99 0.999 99.99 0.999 9.999 0.999000 9.99 0.999000 9.999 0.999 999.999 0.999 999.999 0.999 99.99 0.999000 999.999 0.999 999.999 0.999 999.999 0.999 9.999 0.999 9.999 0.999
253.291667 254.291667    3.88 0.000  0.35 0.000 9.999 0.259000 9.99 0.259000 0.010 0.559   0.375 0.000   0.525 0.000  3.16 0.000000   1.612 0.000   0.984 0.000   0.629 0.000 0.005 0.000 0.045 0.559
256.291667 257.291667   10.18 0.000  0.43 0.000 9.999 0.259000 9.99 0.259000 0.015 0.000   0.626 0.000   0.877 0.000 99.99 0.259000   3.205 0.000   0.817 0.000   2.388 0.000 0.009 0.000 0.217 0.000
259.291667 260.291667   70.65 0.000  0.68 0.000 0.038 0.000000 9.99 0.259000 0.036 0.000   0.930 0.000   1.301 0.000 99.99 0.259000  13.039 0.000   8.474 0.000   4.564 0.000 0.061 0.000 0.243 0.000
262.291667 263.291667   17.41 0.000  0.43 0.000 9.999 0.259000 0.12 0.000000 0.010 0.000   0.517 0.000   0.724 0.000 99.99 0.259000   4.438 0.000   2.965 0.000   1.473 0.000 0.012 0.000 0.075 0.000
265.291667 266.291667   49.88 0.559  1.16 0.559 0.028 0.559000 9.99 0.559259 0.015 0.000   0.557 0.000   0.780 0.000 99.99 0.559259   5.753 0.000   2.611 0.000   3.142 0.559 0.038 0.559 0.176 0.000
268.291667 269.291667   19.47 0.000  0.71 0.000 0.027 0.000000 9.99 0.259000 0.024 0.000   0.771 0.000   1.080 0.000 99.99 0.259000   5.332 0.000   2.221 0.000   3.111 0.000 0.035 0.000 0.177 0.000
271.291667 272.291667    9.98 0.000  0.43 0.000 9.999 0.259000 9.99 0.259000 0.011 0.000   0.255 0.000   0.357 0.000 99.99 0.259000   2.232 0.000   0.646 0.000   1.586 0.000 0.009 0.000 0.176 0.000
274.291667 275.291667   21.22 0.000  0.42 0.000 9.999 0.259000 9.99 0.259000 0.023 0.000   0.490 0.000   0.686 0.000 99.99 0.259000   3.743 0.000   1.615 0.000   2.128 0.000 0.018 0.000 0.193 0.000
277.291667 278.291667   11.75 0.000  0.70 0.000 0.012 0.000000 0.04 0.000000 0.018 0.000   1.004 0.000   1.406 0.000 99.99 0.259000   3.307 0.000   0.922 0.000   2.384 0.000 0.013 0.000 0.140 0.000
280.291667 281.291667   13.03 0.000  0.41 0.000 0.012 0.000000 9.99 0.259000 0.010 0.000   0.539 0.000   0.755 0.000 99.99 0.259000   3.342 0.000   1.539 0.000   1.803 0.000 0.011 0.000 0.077 0.000
283.291667 284.291667   28.41 0.000  0.69 0.000 9.999 0.259000 9.99 0.259000 0.019 0.000   0.658 0.000   0.922 0.000 99.99 0.259000   5.580 0.000   2.457 0.000   3.123 0.000 0.028 0.000 0.148 0.000
286.291667 287.291667   21.64 0.000  0.48 0.000 0.013 0.000000 0.08 0.000000 0.016 0.000   0.376 0.000   0.526 0.000 99.99 0.259000   4.010 0.000   1.951 0.000   2.059 0.000 0.019 0.000 0.165 0.000
289.291667 290.291667   40.47 0.000  0.65 0.000 0.013 0.000000 9.99 0.259000 0.016 0.000   0.460 0.000   0.644 0.000 99.99 0.259000   7.689 0.000   5.174 0.000   2.514 0.000 0.023 0.000 0.148 0.000
292.291667 293.291667   44.88 0.000  0.55 0.000 0.016 0.000000 9.99 0.259000 0.017 0.000   0.539 0.000   0.755 0.000 99.99 0.259000   5.115 0.000   2.915 0.000   2.200 0.000 0.027 0.000 0.148 0.000
295.291667 296.291667    7.96 0.000  0.32 0.000 9.999 0.259000 0.07 0.000000 0.017 0.000   0.248 0.000   0.348 0.000 99.99 0.259000   1.580 0.000   0.895 0.000   0.685 0.000 0.009 0.000 0.152 0.000
298.291667 299.291667   11.09 0.000  0.95 0.000 0.015 0.000000 9.99 0.259000 0.022 0.000   0.480 0.000   0.672 0.000 99.99 0.259000   2.259 0.000   0.085 0.000   2.174 0.000 0.015 0.000 0.215 0.000
301.291667 302.291667    7.55 0.000  0.54 0.000 0.010 0.000000 9.99 0.259000 0.010 0.000   0.343 0.000   0.480 0.000 99.99 0.259000   1.649 0.000   0.820 0.000   0.829 0.000 0.008 0.000 0.122 0.000
304.291667 305.291667   22.08 0.000  0.81 0.000 9.999 0.259000 9.99 0.259000 0.040 0.000   0.509 0.000   0.712 0.000 99.99 0.259000   5.115 0.000   3.105 0.000   2.010 0.000 0.020 0.000 0.200 0.000
307.291667 308.291667    9.76 0.000  0.31 0.000 9.999 0.259000 9.99 0.259000 0.017 0.000   0.391 0.000   0.547 0.000 99.99 0.259000   1.913 0.000   0.842 0.000   1.071 0.000 0.008 0.000 0.121 0.000
310.291667 311.291667   14.07 0.000  0.43 0.000 9.999 0.259000 9.99 0.259000 0.010 0.000   0.416 0.000   0.582 0.000 99.99 0.259000   2.911 0.000   1.893 0.000   1.018 0.000 0.008 0.000 0.064 0.000
313.291667 314.291667    1.92 0.000  0.13 0.000 9.999 0.259000 0.05 0.000000 0.006 0.000   0.199 0.000   0.279 0.000 99.99 0.259000   0.790 0.000   0.466 0.000   0.324 0.000 0.002 0.000 0.058 0.000
316.291667 317.291667   10.54 0.000  0.19 0.000 9.999 0.259000 9.99 0.259000 0.005 0.000   0.304 0.000   0.425 0.000 99.99 0.259000   2.121 0.000   1.400 0.000   0.720 0.000 0.008 0.000 0.016 0.000
319.291667 320.291667   10.96 0.000  0.25 0.000 9.999 0.259000 0.09 0.000000 0.007 0.000   0.340 0.000   0.476 0.000 99.99 0.259000   2.175 0.000   1.085 0.000   1.091 0.000 0.009 0.000 0.093 0.000
322.291667 323.291667    6.82 0.000  0.21 0.000 9.999 0.259000 9.99 0.259000 0.004 0.559   0.117 0.000   0.164 0.000 99.99 0.259000   1.008 0.000   0.487 0.000   0.521 0.000 0.005 0.000 0.041 0.559
325.291667 326.291667   12.47 0.000  0.29 0.000 9.999 0.259000 9.99 0.259000 0.009 0.559   0.383 0.000   0.536 0.000 99.99 0.259000   3.307 0.000   2.169 0.000   1.138 0.000 0.009 0.000 0.047 0.559
328.291667 329.291667   30.52 0.000  0.54 0.000 9.999 0.259000 9.99 0.259000 0.036 0.000   0.577 0.000   0.807 0.000 99.99 0.259000   3.535 0.000   1.671 0.000   1.864 0.000 0.014 0.000 0.149 0.000
331.291667 332.291667    6.74 0.000  0.23 0.000 0.018 0.000000 9.99 0.259000 0.011 0.559   0.265 0.000   0.371 0.000 99.99 0.259000   1.871 0.000   1.151 0.000   0.720 0.000 0.005 0.000 0.043 0.559
334.291667 335.291667    2.68 0.000  0.24 0.000 9.999 0.259000 9.99 0.259000 0.010 0.000   0.290 0.000   0.406 0.000 99.99 0.259000   1.590 0.000   0.463 0.000   1.127 0.000 0.003 0.000 0.128 0.000
337.291667 338.291667    6.36 0.000  0.22 0.000 0.022 0.000000 9.99 0.259000 0.035 0.000   0.428 0.000   0.599 0.000 99.99 0.259000   2.259 0.000   1.097 0.000   1.163 0.000 0.005 0.000 0.084 0.000
340.291667 341.291667    8.65 0.000  0.43 0.000 0.018 0.000000 9.99 0.259000 0.063 0.000   0.454 0.000   0.635 0.000 99.99 0.259000   2.259 0.000   0.729 0.000   1.530 0.000 0.007 0.000 0.121 0.000
343.291667 344.291667   13.83 0.000  0.14 0.000 9.999 0.259000 9.99 0.259000 0.027 0.000   0.267 0.000   0.374 0.000 99.99 0.259000   2.706 0.000   1.780 0.000   0.926 0.000 0.009 0.000 0.042 0.000
346.291667 347.291667   20.18 0.000  0.14 0.000 9.999 0.259000 9.99 0.259000 0.022 0.000   0.237 0.000   0.333 0.000 99.99 0.259000   3.618 0.000   2.534 0.000   1.084 0.000 0.014 0.000 0.054 0.000
349.291667 350.291667   60.31 0.000  0.37 0.000 9.999 0.259000 0.04 0.000000 0.040 0.000   0.368 0.000   0.516 0.000 99.99 0.259000   5.614 0.000   3.341 0.000   2.273 0.000 0.044 0.000 0.082 0.000
352.291667 353.291667 9999.99 0.999 99.99 0.999 9.999 0.999000 9.99 0.999000 9.999 0.999 999.999 0.999 999.999 0.999 99.99 0.999000 999.999 0.999 999.999 0.999 999.999 0.999 9.999 0.999 9.999 0.999
355.291667 356.291667    6.94 0.000  0.24 0.000 9.999 0.259000 9.99 0.259000 0.011 0.000   0.408 0.000   0.571 0.000 99.99 0.259000   2.147 0.000   1.488 0.000   0.658 0.000 0.004 0.000 0.046 0.000
358.291667 359.291667    3.64 0.000  0.16 0.000 9.999 0.259000 0.10 0.000000 0.007 0.000   0.461 0.000   0.646 0.000 99.99 0.259000   2.651 0.000   0.915 0.000   1.736 0.000 0.005 0.000 0.209 0.000
361.291667 362.291667    9.82 0.000  0.10 0.000 0.013 0.000000 0.04 0.000000 0.002 0.000   0.266 0.000   0.373 0.000 99.99 0.259000   2.162 0.000   1.445 0.000   0.717 0.000 0.006 0.000 0.033 0.000
364.291667 365.291667    5.16 0.394  0.15 0.394 9.999 0.394259 9.99 0.394259 0.021 0.394   0.446 0.000   0.624 0.000 99.99 0.394259 999.999 0.456 999.999 0.999   1.187 0.000 0.007 0.394 0.059 0.394
