scripts/IMPROVE-2019_partial/data/US9035R.20060102070000.20191216000000.filterpack..pm25.52w.1w.US03L_filterpack_US9035.US03L_IMPROVE_Davis.lev2.nas
64 1001
MISSING INFORMATION
US03L, IMPROVE, , , , , , , 
MISSING INFORMATION
IMPROVE sel_HTAP
1 1
2006 01 01 2019 12 16
3.000000
days from file reference point
25
1 1 1 1 1 1 1 1 1 1 1 1 1 1 1 1 1 1 1 1 1 1 1 1 1
999.999999 9999.99 9.999999 99.99 9.999999 9.999 9.999999 99.99 9.999999999 9.999 9.999999 99.999 9.999 99.999 9.999 999.999 9.999 999.999 9.999999 999.999 9.999 9.999 9.999999 9.999 9.999999
end_time of measurement, days from the file reference point
iron, ng/m3, Revision date=20181210133000
numflag iron, no unit, Revision date=20181210133000
lead, ng/m3, Revision date=20181210133000
numflag lead, no unit, Revision date=20181210133000
magnesium, ug/m3, Revision date=20181210133000
numflag magnesium, no unit, Revision date=20181210133000
nickel, ng/m3, Revision date=20181210133000
numflag nickel, no unit, Revision date=20181210133000
nitrate, ug N/m3, Revision date=20181210133000
numflag nitrate, no unit, Revision date=20181210133000
organic_carbon, ug C/m3, Revision date=20181210133000
numflag organic_carbon, no unit, Revision date=20181210133000
organic_mass, ug/m3, Revision date=20181210133000
numflag organic_mass, no unit, Revision date=20181210133000
pm10_mass, ug/m3, Version=2, Version description=Data extracted from http://views.cira.colostate.edu/fed/DataWizard 2019-12-16, Sample duration=1d, Orig. time res.=3d, Matrix=pm10, Blank correction=Blank corrected, Volume std. temperature=ambient, Volume std. pressure=ambient
numflag pm10_mass, no unit, Version=2, Version description=Data extracted from http://views.cira.colostate.edu/fed/DataWizard 2019-12-16, Sample duration=1d, Orig. time res.=3d, Matrix=pm10, Blank correction=Blank corrected, Volume std. temperature=ambient, Volume std. pressure=ambient
pm10_pm25_mass, ug/m3, Revision date=20181210133000, Matrix=pm10_pm25
numflag pm10_pm25_mass, no unit, Revision date=20181210133000, Matrix=pm10_pm25
pm25_mass, ug/m3, Version=2, Version description=Data extracted from http://views.cira.colostate.edu/fed/DataWizard 2019-12-16, Sample duration=1d, Orig. time res.=3d, Blank correction=Blank corrected, Volume std. temperature=ambient, Volume std. pressure=ambient
numflag pm25_mass, no unit, Version=2, Version description=Data extracted from http://views.cira.colostate.edu/fed/DataWizard 2019-12-16, Sample duration=1d, Orig. time res.=3d, Blank correction=Blank corrected, Volume std. temperature=ambient, Volume std. pressure=ambient
potassium, ug/m3, Revision date=20181210133000
numflag potassium, no unit, Revision date=20181210133000
sulphate_total, ug S/m3, Revision date=20181210133000
numflag sulphate_total, no unit, Revision date=20181210133000
0
25
Data definition:              EBAS_1.1
Set type code:                TU
Timezone:                     UTC
File name:                    US9035R.20060102070000.20191216000000.filterpack..pm25.52w.1w.US03L_filterpack_US9035.US03L_IMPROVE_Davis.lev2.nas
File creation:                20191218120739
Startdate:                    20060102070000
Revision date:                20191216000000
Statistics:                   arithmetic mean
Data level:                   2
Period code:                  52w
Resolution code:              1w
Station code:                 US9035R
Platform code:                US9035S
Station name:                 Sycamore Canyon
Station latitude:             35.1406
Station longitude:            -111.9692
Station altitude:             2046.0 m
Regime:                       IMG
Component:                    
Matrix:                       pm25
Laboratory code:              US03L
Instrument type:              filterpack
Instrument name:              filterpack_US9035
Method ref:                   US03L_IMPROVE_Davis
starttime endtime Fe flag_Fe Pb flag_Pb Mg++ flag_Mg++ Ni flag_Ni NO3- flag_NO3- OC flag_OC OM flag_OM PM10 flag_PM10 PM10-PM2.5 flag_PM10-PM2.5 PM2.5 flag_PM2.5 K+ flag_K+ SO4-- flag_SO4--
[from data line 79]
238.291667 239.291667  110.20 0.559000  0.41 0.559000 9.999 0.559259 99.99 0.559259000 0.018 0.559000  0.920 0.000  1.656 0.000   7.920 0.000   4.402 0.559000   3.519 0.659 0.029 0.559000 0.138 0.559000
241.291667 242.291667   89.52 0.559000  0.99 0.559000 0.010 0.559000  0.12 0.559000000 0.024 0.559000  0.500 0.559  0.901 0.559   8.317 0.000   4.681 0.559000   3.636 0.659 0.022 0.559000 0.314 0.559000
244.291667 245.291667   90.09 0.559000  0.65 0.559000 9.999 0.559259  0.06 0.559000000 0.016 0.559000  0.626 0.559  1.127 0.559  10.628 0.000   7.417 0.559000   3.210 0.659 0.024 0.559000 0.180 0.559000
247.291667 248.291667  141.54 0.559000  0.30 0.559000 9.999 0.559259  0.05 0.559000000 0.014 0.559000  0.551 0.559  0.991 0.559   9.829 0.000   6.821 0.559000   3.008 0.659 0.025 0.559000 0.101 0.559000
250.291667 251.291667   39.00 0.559000  0.24 0.559000 9.999 0.559259 99.99 0.559259000 0.019 0.559000  1.175 0.000  2.115 0.000   5.525 0.000   1.571 0.559000   3.953 0.659 0.062 0.559000 0.149 0.559000
253.291667 254.291667   48.84 0.559000  0.55 0.559000 0.010 0.559000 99.99 0.559259000 0.017 0.559000  0.657 0.000  1.182 0.000   5.283 0.000   2.579 0.559000   2.704 0.659 0.021 0.559000 0.207 0.559000
256.291667 257.291667   39.16 0.559000  0.51 0.559000 9.999 0.559259 99.99 0.559259000 0.031 0.559000  0.549 0.000  0.988 0.000   3.970 0.000   1.451 0.559000   2.519 0.659 0.024 0.559000 0.182 0.559000
259.291667 260.291667   73.16 0.559000  0.24 0.559000 0.015 0.559000 99.99 0.559259000 0.022 0.559000  0.803 0.000  1.445 0.000   7.547 0.000   4.829 0.559000   2.718 0.659 0.023 0.559000 0.077 0.559000
262.291667 263.291667   60.76 0.559000  0.32 0.559000 0.018 0.559000  0.15 0.559000000 0.039 0.559000  0.879 0.000  1.581 0.000   9.871 0.000   6.547 0.559000   3.324 0.659 0.038 0.559000 0.161 0.559000
265.291667 266.291667   71.82 0.559000  0.52 0.559000 0.016 0.559000 99.99 0.559259000 0.016 0.559000  0.443 0.000  0.797 0.000   8.508 0.000   6.329 0.559000   2.179 0.659 0.020 0.559000 0.108 0.559000
268.291667 269.291667  210.85 0.559000  0.78 0.559000 9.999 0.559259 99.99 0.559259000 0.020 0.559000  1.345 0.000  2.421 0.000  13.912 0.000   8.441 0.559000   5.471 0.659 0.042 0.559000 0.173 0.559000
271.291667 272.291667  708.59 0.000000  0.74 0.000000 0.136 0.000000  0.13 0.000000000 0.026 0.559000  4.422 0.000  7.960 0.000  45.015 0.000  29.751 0.000000  15.263 0.000 0.130 0.000000 0.090 0.559000
274.291667 275.291667  145.02 0.559000  0.66 0.559000 0.016 0.559000  0.22 0.559000000 0.032 0.559000  1.173 0.000  2.112 0.000  12.205 0.000   6.793 0.559000   5.412 0.659 0.050 0.559000 0.346 0.559000
277.291667 278.291667  112.43 0.559000  1.08 0.559000 9.999 0.559259  0.15 0.559000000 0.019 0.559000  1.783 0.000  3.210 0.000   9.810 0.000   3.015 0.559000   6.796 0.659 0.040 0.559000 0.423 0.559000
280.291667 281.291667   50.55 0.559000  0.56 0.559000 0.014 0.559000  0.12 0.559000000 0.018 0.559000  0.507 0.000  0.913 0.000   4.770 0.000   2.005 0.559000   2.765 0.659 0.018 0.559000 0.164 0.559000
283.291667 284.291667   85.28 0.559000  1.03 0.559000 9.999 0.559259  0.15 0.559000000 0.034 0.559000  0.575 0.000  1.035 0.000   6.702 0.000   3.308 0.559000   3.394 0.659 0.028 0.559000 0.214 0.559000
286.291667 287.291667 9999.99 0.999000 99.99 0.999000 9.999 0.999000 99.99 0.999000000 9.999 0.999000 99.999 0.999 99.999 0.999 999.999 0.999 999.999 0.999000 999.999 0.999 9.999 0.999000 9.999 0.999000
289.291667 290.291667   27.10 0.559000  0.48 0.559000 0.009 0.559000 99.99 0.559259000 0.133 0.559000  0.427 0.000  0.768 0.000   5.041 0.000   2.439 0.559000   2.602 0.659 0.019 0.559000 0.225 0.559000
292.291667 293.291667   53.89 0.559000  0.67 0.559000 9.999 0.559259 99.99 0.559259000 0.015 0.559000  1.467 0.000  2.641 0.000   4.951 0.000   1.258 0.559000   3.693 0.659 0.016 0.559000 0.149 0.559000
295.291667 296.291667   94.28 0.559000  0.65 0.559000 9.999 0.559259 99.99 0.559259000 0.009 0.559000  0.547 0.000  0.984 0.000   6.656 0.000   3.889 0.559000   2.768 0.659 0.021 0.559000 0.138 0.559000
298.291667 299.291667   29.73 0.559000  0.21 0.559000 9.999 0.559259 99.99 0.559259000 0.007 0.559000  0.273 0.000  0.491 0.000   2.778 0.000   1.392 0.559000   1.386 0.659 0.008 0.559000 0.062 0.559000
301.291667 302.291667   67.27 0.559000  0.86 0.559000 0.013 0.559000 99.99 0.559259000 0.012 0.559000  0.574 0.000  1.032 0.000   5.571 0.000   2.892 0.559000   2.679 0.659 0.018 0.559000 0.153 0.559000
304.291667 305.291667  175.38 0.559000  1.75 0.559000 0.017 0.559000  0.14 0.559000000 0.049 0.559000  1.351 0.000  2.432 0.000  14.016 0.000   7.831 0.559000   6.185 0.659 0.080 0.559000 0.299 0.559000
307.291667 308.291667  151.49 0.559000  1.33 0.559000 9.999 0.559259 99.99 0.559259000 0.024 0.559000  0.786 0.000  1.414 0.000   9.178 0.000   5.544 0.559000   3.635 0.659 0.038 0.559000 0.119 0.559000
310.291667 311.291667  194.28 0.559000  0.21 0.559000 9.999 0.559259 99.99 0.559259000 0.029 0.559000  4.221 0.000  7.599 0.000  16.152 0.000   7.398 0.559000   8.755 0.659 0.035 0.559000 0.040 0.559000
313.291667 314.291667   88.57 0.559000  0.83 0.559000 9.999 0.559259 99.99 0.559259000 0.014 0.559000  1.084 0.000  1.952 0.000   8.025 0.000   4.166 0.559000   3.859 0.659 0.025 0.559000 0.209 0.559000
316.291667 317.291667   81.46 0.559000  1.17 0.559000 0.013 0.559000 99.99 0.559259000 0.034 0.559000  1.147 0.000  2.065 0.000   7.837 0.000   4.193 0.559000   3.644 0.659 0.026 0.559000 0.192 0.559000
319.291667 320.291667  347.97 0.559000  0.95 0.559000 9.999 0.559259  0.07 0.559000000 0.013 0.559000  1.284 0.000  2.312 0.000  16.883 0.000   9.894 0.559000   6.989 0.659 0.079 0.559000 0.155 0.559000
322.291667 323.291667   51.43 0.559000  0.61 0.559000 9.999 0.559259 99.99 0.559259000 0.008 0.559000  0.558 0.000  1.005 0.000   5.417 0.000   3.049 0.559000   2.368 0.659 0.019 0.559000 0.118 0.559000
325.291667 326.291667  316.15 0.559000  1.63 0.559000 0.038 0.559000  0.12 0.559000000 0.030 0.559000  0.992 0.000  1.786 0.000  19.161 0.000  12.041 0.559000   7.121 0.659 0.082 0.559000 0.312 0.559000
328.291667 329.291667  187.48 0.559000  2.00 0.559000 9.999 0.559259  0.13 0.559000000 0.109 0.559000  1.008 0.000  1.814 0.000  13.747 0.000   8.461 0.559000   5.286 0.659 0.051 0.559000 0.353 0.559000
331.291667 332.291667   18.53 0.559000  0.74 0.559000 0.008 0.559000  0.15 0.559000000 0.086 0.559000  0.289 0.000  0.519 0.000   5.044 0.000   3.535 0.559000   1.509 0.659 0.015 0.559000 0.130 0.559000
334.291667 335.291667  221.07 0.559000  0.29 0.559000 0.033 0.559000  0.06 0.559000000 0.018 0.559000  1.029 0.000  1.851 0.000  12.819 0.000   8.477 0.559000   4.341 0.659 0.042 0.559000 0.060 0.559000
337.291667 338.291667   31.05 0.000000  0.76 0.000000 9.999 0.259000 99.99 0.259000000 0.011 0.559000  0.419 0.000  0.755 0.000   3.201 0.000   1.850 0.000000   1.351 0.000 0.012 0.000000 0.078 0.559000
340.291667 341.291667  115.96 0.000000  0.56 0.000000 9.999 0.259000 99.99 0.259000000 0.011 0.559000  0.500 0.000  0.900 0.000   5.916 0.000   3.420 0.000000   2.496 0.000 0.028 0.000000 0.065 0.559000
343.291667 344.291667   23.54 0.559000  0.95 0.559000 9.999 0.559259  0.17 0.559000000 0.132 0.559000  0.419 0.000  0.753 0.000   6.333 0.000   4.673 0.559000   1.660 0.659 0.023 0.559000 0.130 0.559000
346.291667 347.291667   95.01 0.559000  0.14 0.559000 9.999 0.559259 99.99 0.559259000 0.009 0.559000  0.564 0.000  1.015 0.000   5.612 0.000   3.510 0.559000   2.101 0.659 0.017 0.559000 0.071 0.559000
349.291667 350.291667   66.37 0.559000  0.82 0.559000 0.019 0.559000  0.18 0.559000000 0.028 0.559000  0.591 0.000  1.065 0.000   8.009 0.000   5.476 0.559000   2.533 0.659 0.050 0.559000 0.117 0.559000
352.291667 353.291667 9999.99 0.456000 99.99 0.456000 9.999 0.456000 99.99 0.456000000 0.187 0.559000  1.237 0.000  2.227 0.000   4.633 0.000 999.999 0.456000 999.999 0.456 9.999 0.456000 0.072 0.559000
355.291667 356.291667   54.23 0.000000  0.13 0.000000 9.999 0.259000 99.99 0.259000000 0.026 0.559000  1.745 0.000  3.141 0.000   4.141 0.000   0.846 0.000000   3.294 0.000 0.011 0.000000 0.151 0.559000
358.291667 359.291667   69.25 0.559000  0.10 0.559000 9.999 0.559259 99.99 0.559259000 0.009 0.559000  1.236 0.000  2.225 0.000   3.400 0.000   0.888 0.559000   2.511 0.659 0.010 0.559000 0.062 0.559000
361.291667 362.291667   20.52 0.559000  0.81 0.559000 0.006 0.559000  0.11 0.559000000 0.058 0.559000  0.527 0.000  0.949 0.000   3.292 0.000   1.117 0.559000   2.175 0.659 0.025 0.559000 0.241 0.559000
364.291667 365.291667   43.58 0.559000  0.62 0.559000 9.999 0.559259 99.99 0.559259000 0.017 0.000000  1.748 0.000  3.146 0.000   3.702 0.000   0.679 0.559000   3.023 0.659 0.009 0.559000 0.111 0.000000
