scripts/IMPROVE-2019_partial/data/US9052R.20060102050000.20191216000000.filterpack..pm25.52w.1w.US03L_filterpack_US9052_2.US03L_IMPROVE_Davis.lev2.nas
52 1001
MISSING INFORMATION
US03L, IMPROVE, , , , , , , 
MISSING INFORMATION
IMPROVE sel_HTAP
1 1
2006 01 01 2019 12 16
3.000000
days from file reference point
13
1 1 1 1 1 1 1 1 1 1 1 1 1
999.999999 99999.99 9.999 99.99 9.999 9.999 9.999 99.99 9.999 999.999 9.999 9.999 9.999
end_time of measurement, days from the file reference point
iron, ng/m3, Revision date=20181210133000
numflag iron, no unit, Revision date=20181210133000
lead, ng/m3, Revision date=20181210133000
numflag lead, no unit, Revision date=20181210133000
magnesium, ug/m3, Revision date=20181210133000
numflag magnesium, no unit, Revision date=20181210133000
nickel, ng/m3, Revision date=20181210133000
numflag nickel, no unit, Revision date=20181210133000
pm25_mass, ug/m3, Version=2, Version description=Data extracted from http://views.cira.colostate.edu/fed/DataWizard 2019-12-16, Sample duration=1d, Orig. time res.=3d, Blank correction=Blank corrected, Volume std. temperature=ambient, Volume std. pressure=ambient
numflag pm25_mass, no unit, Version=2, Version description=Data extracted from http://views.cira.colostate.edu/fed/DataWizard 2019-12-16, Sample duration=1d, Orig. time res.=3d, Blank correction=Blank corrected, Volume std. temperature=ambient, Volume std. pressure=ambient
potassium, ug/m3, Revision date=20181210133000
numflag potassium, no unit, Revision date=20181210133000
0
25
Data definition:              EBAS_1.1
Set type code:                TU
Timezone:                     UTC
File name:                    US9052R.20060102050000.20191216000000.filterpack..pm25.52w.1w.US03L_filterpack_US9052_2.US03L_IMPROVE_Davis.lev2.nas
File creation:                20191218120903
Startdate:                    20060102050000
Revision date:                20191216000000
Statistics:                   arithmetic mean
Data level:                   2
Period code:                  52w
Resolution code:              1w
Station code:                 US9052R
Platform code:                US9052S
Station name:                 St. Marks
Station latitude:             30.0926
Station longitude:            -84.1614
Station altitude:             7.0 m
Regime:                       IMG
Component:                    
Matrix:                       pm25
Laboratory code:              US03L
Instrument type:              filterpack
Instrument name:              filterpack_US9052_2
Method ref:                   US03L_IMPROVE_Davis
starttime endtime Fe flag_Fe Pb flag_Pb Mg++ flag_Mg++ Ni flag_Ni PM2.5 flag_PM2.5 K+ flag_K+
  1.208333   2.208333     6.65 0.000  0.48 0.000 0.064 0.000  1.78 0.000   6.405 0.000 0.055 0.000
  4.208333   5.208333    33.36 0.000  1.97 0.000 9.999 0.259  0.62 0.000  12.290 0.000 0.099 0.000
  7.208333   8.208333     6.74 0.000  0.58 0.000 0.038 0.000  0.25 0.000   5.099 0.000 0.020 0.000
 10.208333  11.208333    94.04 0.000  1.36 0.000 0.052 0.000  0.56 0.000   8.686 0.000 0.103 0.000
 13.208333  14.208333    12.87 0.000  0.75 0.000 9.999 0.259 99.99 0.259   2.383 0.000 0.016 0.000
 16.208333  17.208333    20.50 0.000  1.14 0.000 0.057 0.000  1.24 0.000   7.131 0.000 0.084 0.000
 19.208333  20.208333    16.37 0.000  1.21 0.000 0.020 0.000  0.66 0.000   7.190 0.000 0.107 0.000
 22.208333  23.208333    16.96 0.000  0.38 0.000 0.058 0.000  0.76 0.000   5.524 0.000 0.059 0.000
 25.208333  26.208333    16.92 0.000  0.70 0.000 9.999 0.259 99.99 0.259   9.964 0.000 0.073 0.000
 28.208333  29.208333    13.63 0.000  0.55 0.000 0.151 0.000  0.84 0.000   8.147 0.000 0.089 0.000
 31.208333  32.208333    16.98 0.000  2.09 0.000 9.999 0.259  0.47 0.000   5.457 0.000 0.041 0.000
 34.208333  35.208333     8.88 0.000  1.43 0.000 9.999 0.259  0.29 0.000   4.186 0.000 0.039 0.000
 37.208333  38.208333    13.12 0.000  0.85 0.000 9.999 0.259 99.99 0.259   5.406 0.000 0.035 0.000
 40.208333  41.208333    15.77 0.000  1.07 0.000 9.999 0.259  0.40 0.000  14.171 0.000 0.088 0.000
 43.208333  44.208333    10.11 0.000  2.54 0.000 9.999 0.259 99.99 0.259   6.154 0.000 0.038 0.000
 46.208333  47.208333    12.77 0.000  1.06 0.000 9.999 0.259  1.38 0.000   6.863 0.000 0.053 0.000
 49.208333  50.208333    11.71 0.000  1.31 0.000 9.999 0.259  0.31 0.000  11.282 0.000 0.043 0.000
 52.208333  53.208333     2.36 0.000  0.61 0.000 0.011 0.000  0.96 0.000   4.928 0.000 0.048 0.000
 55.208333  56.208333    16.42 0.000  1.20 0.000 0.056 0.000  0.55 0.000   7.769 0.000 0.081 0.000
 58.208333  59.208333    59.51 0.000  3.40 0.000 9.999 0.259  0.32 0.000  10.578 0.000 0.082 0.000
 61.208333  62.208333    31.39 0.000  2.24 0.000 9.999 0.259  0.38 0.000  12.125 0.000 0.090 0.000
 64.208333  65.208333    26.56 0.000  2.95 0.000 9.999 0.259  0.53 0.000  19.201 0.000 0.090 0.000
 67.208333  68.208333    23.87 0.000  1.24 0.000 0.094 0.000  0.59 0.000  10.706 0.000 0.065 0.000
 70.208333  71.208333    14.11 0.000  0.64 0.000 9.999 0.259  1.76 0.000   7.244 0.000 0.080 0.000
 73.208333  74.208333    23.99 0.000  1.76 0.000 9.999 0.259 99.99 0.259   7.564 0.000 0.083 0.000
 76.208333  77.208333    61.82 0.000  3.20 0.000 9.999 0.259  0.22 0.000  22.174 0.000 0.092 0.000
 79.208333  80.208333    40.71 0.000  0.59 0.000 0.052 0.000  1.18 0.000  10.711 0.000 0.179 0.000
 82.208333  83.208333    32.20 0.000  2.30 0.000 9.999 0.259  0.18 0.000  11.312 0.000 0.069 0.000
 85.208333  86.208333    18.39 0.000  2.07 0.000 9.999 0.259 99.99 0.259   9.834 0.000 0.054 0.000
 88.208333  89.208333    23.67 0.000  1.50 0.000 9.999 0.259  0.61 0.000  13.582 0.000 0.081 0.000
 91.208333  92.208333    24.59 0.000  0.35 0.000 0.061 0.000  0.57 0.000   7.427 0.000 0.073 0.000
 94.208333  95.208333    59.59 0.000  2.50 0.000 9.999 0.259  0.43 0.000  14.493 0.000 0.075 0.000
 97.208333  98.208333    28.60 0.000  0.69 0.000 0.107 0.000  1.62 0.000  12.867 0.000 0.156 0.000
100.208333 101.208333    24.57 0.000  1.17 0.000 0.048 0.000  0.37 0.000   5.489 0.000 0.043 0.000
103.208333 104.208333    31.18 0.000  0.73 0.000 0.051 0.000  0.38 0.000   7.483 0.000 0.064 0.000
106.208333 107.208333    18.58 0.000  0.25 0.000 0.082 0.000  1.06 0.000   8.875 0.000 0.115 0.000
109.208333 110.208333    18.07 0.000  0.10 0.000 0.054 0.000  1.41 0.000   8.209 0.000 0.078 0.000
112.208333 113.208333    18.00 0.000  0.81 0.000 0.022 0.000  0.34 0.000   9.742 0.000 0.047 0.000
115.208333 116.208333    55.93 0.000  0.53 0.000 0.065 0.000  1.04 0.000   7.833 0.000 0.119 0.000
118.208333 119.208333   119.23 0.000  2.13 0.000 0.057 0.000  0.40 0.000  13.201 0.000 0.119 0.000
121.208333 122.208333    60.90 0.000  1.76 0.000 9.999 0.259  0.35 0.000   9.559 0.000 0.067 0.000
124.208333 125.208333    62.23 0.000  1.36 0.000 9.999 0.259  0.64 0.000   7.980 0.000 0.068 0.000
127.208333 128.208333    79.47 0.000  2.07 0.000 9.999 0.259  1.18 0.000  15.173 0.000 0.208 0.000
130.208333 131.208333    15.62 0.000  0.80 0.000 9.999 0.259 99.99 0.259   4.076 0.000 0.037 0.000
133.208333 134.208333    30.55 0.000  1.08 0.000 9.999 0.259 99.99 0.259   8.498 0.000 0.042 0.000
136.208333 137.208333    20.22 0.000  1.71 0.000 9.999 0.259  0.25 0.000   8.093 0.000 0.030 0.000
139.208333 140.208333    37.04 0.000  0.95 0.000 9.999 0.259  0.59 0.000  10.572 0.000 0.053 0.000
142.208333 143.208333    36.46 0.000  1.34 0.000 9.999 0.259  0.99 0.000  11.440 0.000 0.050 0.000
145.208333 146.208333    28.63 0.000  0.95 0.000 9.999 0.259  0.99 0.000   7.900 0.000 0.040 0.000
148.208333 149.208333    27.07 0.000  1.37 0.000 9.999 0.259  0.22 0.000  14.637 0.000 0.042 0.000
151.208333 152.208333    11.94 0.000  0.40 0.000 9.999 0.259  0.62 0.000   7.057 0.000 0.040 0.000
154.208333 155.208333    31.55 0.000  1.75 0.000 9.999 0.259 99.99 0.259  13.383 0.000 0.042 0.000
157.208333 158.208333    25.91 0.000  1.85 0.000 0.041 0.000  0.48 0.000  14.220 0.000 0.041 0.000
160.208333 161.208333    51.30 0.000  2.43 0.000 9.999 0.259  0.60 0.000  22.947 0.000 0.094 0.000
163.208333 164.208333   123.42 0.000  1.89 0.000 0.036 0.000  0.20 0.000   4.026 0.000 0.047 0.000
166.208333 167.208333    39.21 0.000  2.13 0.000 9.999 0.259  1.21 0.000  23.109 0.000 0.064 0.000
169.208333 170.208333    39.80 0.000  0.76 0.000 0.032 0.000  0.54 0.000  10.800 0.000 0.037 0.000
172.208333 173.208333    67.05 0.000  0.76 0.000 0.033 0.000  0.38 0.000  11.748 0.000 0.049 0.000
175.208333 176.208333    11.78 0.000  0.46 0.000 0.018 0.000  0.22 0.000   5.979 0.000 0.031 0.000
178.208333 179.208333    18.34 0.000  0.97 0.000 9.999 0.259  0.22 0.000  10.799 0.000 0.032 0.000
181.208333 182.208333    28.86 0.000  2.83 0.000 9.999 0.259  0.33 0.000  22.173 0.000 0.061 0.000
184.208333 185.208333    21.72 0.000  1.94 0.000 9.999 0.259  0.32 0.000   8.509 0.000 0.118 0.000
187.208333 188.208333    17.07 0.000  0.69 0.000 9.999 0.259  0.36 0.000  10.427 0.000 0.067 0.000
190.208333 191.208333    12.57 0.000  1.53 0.000 0.015 0.000  0.49 0.000  11.869 0.000 0.045 0.000
193.208333 194.208333   145.57 0.000  0.56 0.000 0.021 0.000  0.32 0.000   7.589 0.000 0.080 0.000
196.208333 197.208333    16.83 0.000  0.55 0.000 0.013 0.000  0.33 0.000   4.218 0.000 0.024 0.000
199.208333 200.208333    18.58 0.000  0.66 0.000 9.999 0.259  0.36 0.000   4.965 0.000 0.026 0.000
202.208333 203.208333 99999.99 0.999 99.99 0.999 9.999 0.999 99.99 0.999 999.999 0.999 9.999 0.999
205.208333 206.208333 99999.99 0.999 99.99 0.999 9.999 0.999 99.99 0.999 999.999 0.999 9.999 0.999
208.208333 209.208333   291.77 0.000  1.15 0.000 0.044 0.000  0.36 0.000  12.948 0.000 0.118 0.000
211.208333 212.208333    25.45 0.000  0.46 0.000 0.008 0.000  0.22 0.000   3.183 0.000 0.027 0.000
214.208333 215.208333  1055.18 0.000  2.53 0.000 9.999 0.259  0.61 0.000  23.426 0.000 0.424 0.000
217.208333 218.208333   335.64 0.000  0.97 0.000 9.999 0.259  0.42 0.000  11.720 0.000 0.142 0.000
220.208333 221.208333 99999.99 0.999 99.99 0.999 9.999 0.999 99.99 0.999 999.999 0.999 9.999 0.999
223.208333 224.208333 99999.99 0.999 99.99 0.999 9.999 0.999 99.99 0.999 999.999 0.999 9.999 0.999
226.208333 227.208333 99999.99 0.999 99.99 0.999 9.999 0.999 99.99 0.999 999.999 0.999 9.999 0.999
229.208333 230.208333 99999.99 0.999 99.99 0.999 9.999 0.999 99.99 0.999 999.999 0.999 9.999 0.999
232.208333 233.208333 99999.99 0.999 99.99 0.999 9.999 0.999 99.99 0.999 999.999 0.999 9.999 0.999
235.208333 236.208333 99999.99 0.999 99.99 0.999 9.999 0.999 99.99 0.999 999.999 0.999 9.999 0.999
238.208333 239.208333 99999.99 0.999 99.99 0.999 9.999 0.999 99.99 0.999 999.999 0.999 9.999 0.999
241.208333 242.208333    26.98 0.000  0.82 0.000 0.010 0.000  0.50 0.000   9.075 0.000 0.038 0.000
244.208333 245.208333    31.19 0.000  1.81 0.000 9.999 0.259  0.16 0.000  16.420 0.000 0.043 0.000
247.208333 248.208333    18.84 0.000  0.31 0.000 9.999 0.259  0.23 0.000   4.866 0.000 0.022 0.000
250.208333 251.208333     7.85 0.000  0.48 0.000 9.999 0.259  0.47 0.000   5.164 0.000 0.037 0.000
253.208333 254.208333    17.27 0.000  1.68 0.000 0.025 0.000  0.79 0.000  15.570 0.000 0.053 0.000
256.208333 257.208333     6.28 0.000  0.63 0.000 9.999 0.259  0.26 0.000   6.330 0.000 0.031 0.000
259.208333 260.208333    15.08 0.000  1.19 0.000 9.999 0.259  0.64 0.000  13.821 0.000 0.047 0.000
262.208333 263.208333    16.44 0.000  0.82 0.000 9.999 0.259  0.15 0.000   7.670 0.000 0.048 0.000
265.208333 266.208333    22.25 0.000  2.18 0.000 0.023 0.000  1.99 0.000  13.614 0.000 0.047 0.000
268.208333 269.208333    23.99 0.000  1.75 0.000 9.999 0.259 99.99 0.259  10.933 0.000 0.040 0.000
271.208333 272.208333    26.99 0.000  1.40 0.000 9.999 0.259  0.23 0.000   9.135 0.000 0.042 0.000
274.208333 275.208333    32.96 0.000  1.83 0.000 9.999 0.259  0.46 0.000  16.810 0.000 0.059 0.000
277.208333 278.208333    25.96 0.000  1.21 0.000 9.999 0.259  0.39 0.000   9.126 0.000 0.042 0.000
280.208333 281.208333    21.28 0.000  1.27 0.000 0.008 0.000  0.09 0.000   5.639 0.000 0.025 0.000
283.208333 284.208333 99999.99 0.999 99.99 0.999 9.999 0.999 99.99 0.999 999.999 0.999 9.999 0.999
286.208333 287.208333 99999.99 0.999 99.99 0.999 9.999 0.999 99.99 0.999 999.999 0.999 9.999 0.999
289.208333 290.208333 99999.99 0.999 99.99 0.999 9.999 0.999 99.99 0.999 999.999 0.999 9.999 0.999
292.208333 293.208333     7.42 0.000  1.53 0.000 9.999 0.259  0.51 0.000   6.388 0.000 0.031 0.000
295.208333 296.208333 99999.99 0.456 99.99 0.456 9.999 0.456 99.99 0.456 999.999 0.456 9.999 0.456
298.208333 299.208333    25.75 0.000  1.79 0.000 9.999 0.259  0.89 0.000  11.414 0.000 0.070 0.000
301.208333 302.208333    14.22 0.000  2.00 0.000 9.999 0.259  0.10 0.000   6.088 0.000 0.031 0.000
304.208333 305.208333 99999.99 0.456 99.99 0.456 9.999 0.456 99.99 0.456 999.999 0.456 9.999 0.456
307.208333 308.208333    25.22 0.000  1.20 0.000 9.999 0.259  0.34 0.000   6.777 0.000 0.042 0.000
310.208333 311.208333     5.90 0.000  0.61 0.000 0.060 0.000  0.58 0.000   5.536 0.000 0.041 0.000
313.208333 314.208333    31.91 0.000  1.86 0.000 9.999 0.259  0.99 0.000  14.935 0.000 0.058 0.000
316.208333 317.208333    14.00 0.000  1.66 0.000 9.999 0.259  0.28 0.000  10.510 0.000 0.039 0.000
319.208333 320.208333 99999.99 0.456 99.99 0.456 9.999 0.456 99.99 0.456 999.999 0.456 9.999 0.456
322.208333 323.208333    26.87 0.000  4.59 0.000 9.999 0.259  0.34 0.000  12.976 0.000 0.076 0.000
325.208333 326.208333    22.30 0.000  5.47 0.000 9.999 0.259  0.25 0.000   7.522 0.000 0.047 0.000
328.208333 329.208333    11.36 0.000  1.20 0.000 9.999 0.259  0.30 0.000   7.056 0.000 0.045 0.000
331.208333 332.208333     5.31 0.000  0.32 0.000 0.063 0.000  0.71 0.000   6.157 0.000 0.048 0.000
334.208333 335.208333     9.96 0.000  0.29 0.000 9.999 0.259  0.63 0.000   5.846 0.000 0.051 0.000
337.208333 338.208333    24.31 0.000  1.81 0.000 9.999 0.259  0.19 0.000   7.406 0.000 0.054 0.000
340.208333 341.208333    31.09 0.000  4.61 0.000 9.999 0.259  0.33 0.000  15.411 0.000 0.099 0.000
343.208333 344.208333    14.98 0.000  0.93 0.000 9.999 0.259  0.46 0.000   4.447 0.000 0.024 0.000
346.208333 347.208333     7.15 0.000  0.57 0.000 9.999 0.259  0.57 0.000   5.422 0.000 0.028 0.000
349.208333 350.208333    40.14 0.000  5.93 0.000 9.999 0.259  0.25 0.000  16.009 0.000 0.143 0.000
352.208333 353.208333 99999.99 0.456 99.99 0.456 9.999 0.456 99.99 0.456 999.999 0.456 9.999 0.456
355.208333 356.208333     9.23 0.000  0.81 0.000 9.999 0.259  0.62 0.000   6.648 0.000 0.057 0.000
358.208333 359.208333     1.85 0.000  0.74 0.000 9.999 0.259  0.34 0.000   7.107 0.000 0.061 0.000
361.208333 362.208333 99999.99 0.999 99.99 0.999 9.999 0.999 99.99 0.999 999.999 0.999 9.999 0.999
364.208333 365.208333 99999.99 0.999 99.99 0.999 9.999 0.999 99.99 0.999 999.999 0.999 9.999 0.999
