scripts/IMPROVE-2019_partial/data/US9010R.20000101050000.20191216000000.filterpack..pm25.52w.1w.US03L_filterpack_US9010.US03L_IMPROVE_Davis.lev2.nas
66 1001
MISSING INFORMATION
US03L, IMPROVE, , , , , , , 
MISSING INFORMATION
IMPROVE sel_HTAP
1 1
2000 01 01 2019 12 16
0
days from file reference point
27
1 1 1 1 1 1 1 1 1 1 1 1 1 1 1 1 1 1 1 1 1 1 1 1 1 1 1
999.999999 999.99 9.999 999.99 9.999 9.999 9.999999 999.99 9.999999 9.999 9.999999 99.999 9.999 99.999 9.999 99.99 9.999999 999.999 9.999 999.999 9.999 999.999 9.999 9.999 9.999 99.999 9.999999
end_time of measurement, days from the file reference point
iron, ng/m3, Revision date=20181210133000
numflag iron, no unit, Revision date=20181210133000
lead, ng/m3, Revision date=20181210133000
numflag lead, no unit, Revision date=20181210133000
magnesium, ug/m3, Revision date=20181210133000
numflag magnesium, no unit, Revision date=20181210133000
nickel, ng/m3, Revision date=20181210133000
numflag nickel, no unit, Revision date=20181210133000
nitrate, ug N/m3, Revision date=20181210133000
numflag nitrate, no unit, Revision date=20181210133000
organic_carbon, ug C/m3, Revision date=20181210133000
numflag organic_carbon, no unit, Revision date=20181210133000
organic_mass, ug/m3, Revision date=20181210133000
numflag organic_mass, no unit, Revision date=20181210133000
phosphorus, ng/m3, Revision date=20181210133000
numflag phosphorus, no unit, Revision date=20181210133000
pm10_mass, ug/m3, Version=2, Version description=Data extracted from http://views.cira.colostate.edu/fed/DataWizard 2019-12-16, Sample duration=1d, Orig. time res.=3d, Matrix=pm10, Blank correction=Blank corrected, Volume std. temperature=ambient, Volume std. pressure=ambient
numflag pm10_mass, no unit, Version=2, Version description=Data extracted from http://views.cira.colostate.edu/fed/DataWizard 2019-12-16, Sample duration=1d, Orig. time res.=3d, Matrix=pm10, Blank correction=Blank corrected, Volume std. temperature=ambient, Volume std. pressure=ambient
pm10_pm25_mass, ug/m3, Revision date=20181210133000, Matrix=pm10_pm25
numflag pm10_pm25_mass, no unit, Revision date=20181210133000, Matrix=pm10_pm25
pm25_mass, ug/m3, Version=2, Version description=Data extracted from http://views.cira.colostate.edu/fed/DataWizard 2019-12-16, Sample duration=1d, Orig. time res.=3d, Blank correction=Blank corrected, Volume std. temperature=ambient, Volume std. pressure=ambient
numflag pm25_mass, no unit, Version=2, Version description=Data extracted from http://views.cira.colostate.edu/fed/DataWizard 2019-12-16, Sample duration=1d, Orig. time res.=3d, Blank correction=Blank corrected, Volume std. temperature=ambient, Volume std. pressure=ambient
potassium, ug/m3, Revision date=20181210133000
numflag potassium, no unit, Revision date=20181210133000
sulphate_total, ug S/m3, Revision date=20181210133000
numflag sulphate_total, no unit, Revision date=20181210133000
0
25
Data definition:              EBAS_1.1
Set type code:                TI
Timezone:                     UTC
File name:                    US9010R.20000101050000.20191216000000.filterpack..pm25.52w.1w.US03L_filterpack_US9010.US03L_IMPROVE_Davis.lev2.nas
File creation:                20191218120546
Startdate:                    20000101050000
Revision date:                20191216000000
Statistics:                   arithmetic mean
Data level:                   2
Period code:                  52w
Resolution code:              1w
Station code:                 US9010R
Platform code:                US9010S
Station name:                 Moosehorn NWR
Station latitude:             45.1259
Station longitude:            -67.2661
Station altitude:             77.0 m
Regime:                       IMG
Component:                    
Matrix:                       pm25
Laboratory code:              US03L
Instrument type:              filterpack
Instrument name:              filterpack_US9010
Method ref:                   US03L_IMPROVE_Davis
starttime endtime Fe flag_Fe Pb flag_Pb Mg++ flag_Mg++ Ni flag_Ni NO3- flag_NO3- OC flag_OC OM flag_OM P flag_P PM10 flag_PM10 PM10-PM2.5 flag_PM10-PM2.5 PM2.5 flag_PM2.5 K+ flag_K+ SO4-- flag_SO4--
  0.208333   1.208333  20.90 0.000   6.89 0.000 9.999 0.259000   0.75 0.000000 0.082 0.559000  1.422 0.000  1.991 0.000 99.99 0.259000   9.093 0.559   3.020 0.000   6.072 0.000 0.066 0.000  0.543 0.559000
  4.208333   5.208333   8.76 0.000   0.49 0.000 9.999 0.259000   0.52 0.000000 0.019 0.699000  0.337 0.000  0.472 0.000 99.99 0.259000  10.741 0.559   8.821 0.000   1.920 0.000 0.052 0.000  0.229 0.699000
  7.208333   8.208333  13.59 0.000   1.52 0.000 9.999 0.259000   0.79 0.000000 0.087 0.699000  0.714 0.000  0.999 0.000 99.99 0.259000   6.510 0.559   2.473 0.000   4.037 0.000 0.176 0.000  0.482 0.699000
 11.208333  12.208333   9.56 0.559   2.58 0.559 9.999 0.559259   0.62 0.559000 0.092 0.559000  0.836 0.000  1.171 0.000 99.99 0.559259  11.377 0.559   6.580 0.000   4.797 0.559 0.153 0.559  0.486 0.559000
 14.208333  15.208333  10.94 0.559   2.26 0.559 9.999 0.559259 999.99 0.559259 0.035 0.559000  0.597 0.000  0.836 0.000 99.99 0.559259   7.506 0.559   4.615 0.000   2.891 0.559 0.059 0.559  0.311 0.559000
 18.208333  19.208333  20.78 0.559   0.91 0.559 9.999 0.559259   0.30 0.559000 0.085 0.559000  1.208 0.000  1.691 0.000 99.99 0.559259   5.390 0.559   1.702 0.000   3.688 0.559 0.125 0.559  0.299 0.559000
 21.208333  22.208333  23.29 0.559   3.65 0.559 9.999 0.559259 999.99 0.559259 0.067 0.559000  0.752 0.000  1.054 0.000 99.99 0.559259   5.272 0.559   1.451 0.000   3.821 0.559 0.076 0.559  0.370 0.559000
 25.208333  26.208333   7.66 0.000   0.70 0.000 9.999 0.259000   0.86 0.000000 0.189 0.699000  0.722 0.000  1.010 0.000 99.99 0.259000  15.353 0.559   5.910 0.000   9.443 0.000 0.056 0.000  1.048 0.699000
 28.208333  29.208333 999.99 0.456 999.99 0.456 9.999 0.456000 999.99 0.456000 9.999 0.456000  0.645 0.000  0.903 0.000 99.99 0.456000   6.345 0.559 999.999 0.999 999.999 0.456 9.999 0.456 99.999 0.456000
 32.208333  33.208333  16.18 0.559   1.16 0.559 9.999 0.559259   0.84 0.559000 0.097 0.699000  0.708 0.000  0.991 0.000 99.99 0.559259   7.330 0.559   2.778 0.000   4.552 0.559 0.116 0.559  0.426 0.699000
 35.208333  36.208333  32.58 0.559   1.32 0.559 9.999 0.559259   0.53 0.559000 0.126 0.699000  1.534 0.000  2.147 0.000 99.99 0.559259  11.489 0.559   4.545 0.000   6.944 0.559 0.162 0.559  0.380 0.699000
 39.208333  40.208333  36.44 0.559   2.11 0.559 9.999 0.559259   2.62 0.559000 0.432 0.699000  1.443 0.000  2.020 0.000 99.99 0.559259  18.084 0.559   8.770 0.000   9.314 0.559 0.054 0.559  0.888 0.699000
 42.208333  43.208333 999.99 0.999 999.99 0.999 9.999 0.999000 999.99 0.999000 9.999 0.999000 99.999 0.999 99.999 0.999 99.99 0.999000 999.999 0.999 999.999 0.999 999.999 0.999 9.999 0.999 99.999 0.999000
 46.208333  47.208333  17.67 0.559   2.44 0.559 9.999 0.559259   0.75 0.559000 0.089 0.559000  1.181 0.000  1.654 0.000 99.99 0.559259  10.557 0.559   4.135 0.000   6.423 0.559 0.045 0.559  0.837 0.559000
 49.208333  50.208333  10.71 0.559   1.94 0.559 0.034 0.559000   1.03 0.559000 0.044 0.559000  1.161 0.000  1.625 0.000 99.99 0.559259   6.309 0.559   1.526 0.000   4.782 0.559 0.043 0.559  0.481 0.559000
 53.208333  54.208333  15.09 0.000   2.03 0.000 9.999 0.259000   0.88 0.000000 0.239 0.559000  1.156 0.000  1.619 0.000 99.99 0.259000 999.999 0.456 999.999 0.999   8.681 0.000 0.058 0.000  1.145 0.559000
 56.208333  57.208333  35.41 0.000   1.75 0.000 9.999 0.259000 999.99 0.259000 0.117 0.559000  0.893 0.000  1.250 0.000 99.99 0.259000  14.692 0.559   8.294 0.000   6.398 0.000 0.048 0.000  0.630 0.559000
 60.208333  61.208333   8.56 0.000   1.00 0.000 9.999 0.259000 999.99 0.259000 0.019 0.559000  0.497 0.000  0.696 0.000 99.99 0.259000   5.231 0.000   2.447 0.000   2.784 0.000 0.028 0.000  0.362 0.559000
 63.208333  64.208333   2.87 0.000   0.33 0.000 9.999 0.259000 999.99 0.259000 0.009 0.559000  0.169 0.000  0.236 0.000 99.99 0.259000   1.585 0.559   0.368 0.000   1.216 0.000 0.038 0.000  0.107 0.559000
 67.208333  68.208333  34.87 0.000   1.01 0.000 9.999 0.259000 999.99 0.259000 0.036 0.559000  0.805 0.000  1.128 0.000 99.99 0.259000   8.131 0.000   4.627 0.000   3.504 0.000 0.078 0.000  0.291 0.559000
 70.208333  71.208333 999.99 0.999 999.99 0.999 9.999 0.999000 999.99 0.999000 9.999 0.999000 99.999 0.999 99.999 0.999 99.99 0.999000 999.999 0.999 999.999 0.999 999.999 0.999 9.999 0.999 99.999 0.999000
 74.208333  75.208333  27.30 0.000   2.68 0.000 9.999 0.259000 999.99 0.259000 0.421 0.559000  1.299 0.000  1.818 0.000 99.99 0.259000  20.163 0.559  10.082 0.000  10.081 0.000 0.062 0.000  1.159 0.559000
 77.208333  78.208333  18.02 0.000   0.80 0.000 9.999 0.259000 999.99 0.259000 0.045 0.559000  0.563 0.000  0.788 0.000 99.99 0.259000   7.544 0.559   4.072 0.000   3.472 0.000 0.037 0.000  0.278 0.559000
 81.208333  82.208333  36.51 0.000   2.22 0.000 9.999 0.259000 999.99 0.259000 0.046 0.559000  1.264 0.000  1.769 0.000 99.99 0.259000   8.259 0.000   3.483 0.000   4.776 0.000 0.047 0.000  0.437 0.559000
 84.208333  85.208333  15.31 0.000   0.59 0.000 9.999 0.259000 999.99 0.259000 0.048 0.559000  1.108 0.000  1.551 0.000 99.99 0.259000   6.182 0.000   2.303 0.000   3.879 0.000 0.200 0.000  0.363 0.559000
 88.208333  89.208333  22.91 0.000   1.71 0.000 9.999 0.259000 999.99 0.259000 0.400 0.559000  0.999 0.000  1.399 0.000 99.99 0.259000  16.580 0.000   6.242 0.000  10.337 0.000 0.062 0.000  1.118 0.559000
 91.208333  92.208333  15.27 0.000   2.04 0.000 9.999 0.259000   0.62 0.000000 0.042 0.559000  0.675 0.000  0.945 0.000 99.99 0.259000   6.228 0.000   1.714 0.000   4.514 0.000 0.127 0.000  0.598 0.559000
 95.208333  96.208333   5.01 0.000 999.99 0.259 9.999 0.259000   0.17 0.000000 0.020 0.000000  0.465 0.000  0.651 0.000 99.99 0.259000   4.541 0.000   1.390 0.000   3.151 0.000 0.043 0.000  0.409 0.000000
 98.208333  99.208333  29.85 0.000   1.28 0.000 9.999 0.259000 999.99 0.259000 0.107 0.000000  1.525 0.000  2.134 0.000 99.99 0.259000  14.028 0.559   4.608 0.000   9.420 0.000 0.062 0.000  1.190 0.000000
102.208333 103.208333   8.40 0.000   1.05 0.000 9.999 0.259000 999.99 0.259000 0.028 0.000000  0.616 0.000  0.863 0.000 99.99 0.259000   6.228 0.000   2.419 0.000   3.808 0.000 0.097 0.000  0.564 0.000000
105.208333 106.208333  42.13 0.000   2.67 0.000 9.999 0.259000 999.99 0.259000 0.261 0.000000  1.547 0.000  2.166 0.000 99.99 0.259000  14.583 0.559   6.359 0.000   8.225 0.000 0.059 0.000  0.826 0.000000
109.208333 110.208333  18.22 0.000   1.40 0.000 9.999 0.259000   0.22 0.000000 0.077 0.000000  0.883 0.000  1.236 0.000 99.99 0.259000   8.896 0.000   3.045 0.000   5.851 0.000 0.037 0.000  0.681 0.000000
112.208333 113.208333  11.61 0.000   0.91 0.000 9.999 0.259000 999.99 0.259000 0.041 0.000000  0.637 0.000  0.892 0.000 99.99 0.259000   6.897 0.559   1.946 0.000   4.951 0.000 0.032 0.000  0.588 0.000000
116.208333 117.208333  27.60 0.000   0.92 0.000 9.999 0.259000 999.99 0.259000 0.033 0.000000  0.791 0.000  1.108 0.000 99.99 0.259000   6.163 0.000   2.595 0.000   3.568 0.000 0.042 0.000  0.310 0.000000
119.208333 120.208333  24.18 0.000   2.20 0.000 9.999 0.259000   0.19 0.000000 0.034 0.000000  1.198 0.000  1.677 0.000 99.99 0.259000   8.602 0.000   2.932 0.000   5.670 0.000 0.050 0.000  0.541 0.000000
123.208333 124.208333  30.12 0.000   0.91 0.000 9.999 0.259000 999.99 0.259000 0.032 0.000000  1.272 0.000  1.780 0.000 99.99 0.259000   6.071 0.000   1.751 0.000   4.320 0.000 0.154 0.000  0.268 0.000000
126.208333 127.208333  19.59 0.000   1.01 0.000 9.999 0.259000 999.99 0.259000 0.031 0.000000  1.492 0.000  2.089 0.000 99.99 0.259000   6.143 0.000   2.591 0.000   3.552 0.000 0.044 0.000  0.214 0.000000
130.208333 131.208333  12.42 0.000   0.86 0.000 9.999 0.259000 999.99 0.259000 0.068 0.000000  0.624 0.000  0.874 0.000 99.99 0.259000   7.818 0.000   4.598 0.000   3.220 0.000 0.023 0.000  0.327 0.000000
133.208333 134.208333   6.74 0.000   0.72 0.000 0.028 0.000000   0.17 0.000000 0.043 0.000000  0.803 0.000  1.124 0.000 99.99 0.259000   4.419 0.000   1.484 0.000   2.936 0.000 0.019 0.000  0.274 0.000000
137.208333 138.208333  35.28 0.000   1.31 0.000 9.999 0.259000 999.99 0.259000 0.048 0.000000  1.405 0.000  1.966 0.000 99.99 0.259000  14.244 0.000   7.863 0.000   6.381 0.000 0.178 0.000  0.713 0.000000
140.208333 141.208333  23.48 0.000   1.20 0.000 9.999 0.259000 999.99 0.259000 0.044 0.000000  1.238 0.000  1.733 0.000 99.99 0.259000   6.987 0.000   3.265 0.000   3.723 0.000 0.034 0.000  0.328 0.000000
144.208333 145.208333  20.19 0.000   1.21 0.000 9.999 0.259000  18.35 0.000000 0.053 0.000000  1.775 0.000  2.486 0.000 99.99 0.259000   9.246 0.000   3.199 0.000   6.046 0.000 0.081 0.000  0.690 0.000000
147.208333 148.208333   4.46 0.000   0.48 0.000 9.999 0.259000   0.09 0.000000 0.034 0.000000  1.327 0.000  1.858 0.000 99.99 0.259000   3.739 0.000   1.674 0.000   2.065 0.000 0.072 0.000  0.182 0.000000
151.208333 152.208333   4.07 0.000   0.35 0.000 9.999 0.259000 999.99 0.259000 0.084 0.000000  1.124 0.000  1.574 0.000 99.99 0.259000   9.436 0.000   5.575 0.000   3.861 0.000 0.018 0.000  0.451 0.000000
154.208333 155.208333  15.25 0.000   0.61 0.000 9.999 0.259000   0.60 0.000000 0.072 0.000000  1.357 0.000  1.899 0.000 99.99 0.259000  15.482 0.000   8.568 0.000   6.914 0.000 0.060 0.000  0.821 0.000000
158.208333 159.208333   7.51 0.000   1.62 0.000 9.999 0.259000 999.99 0.259000 0.017 0.000000  0.867 0.000  1.213 0.000 99.99 0.259000   6.783 0.000   4.803 0.000   1.980 0.000 0.014 0.000  0.129 0.000000
161.208333 162.208333  16.61 0.000 999.99 0.259 9.999 0.259000 999.99 0.259000 0.036 0.559000  1.071 0.000  1.500 0.000 99.99 0.259000   7.267 0.000   3.734 0.000   3.533 0.000 0.174 0.000  0.203 0.559000
165.208333 166.208333   8.08 0.000 999.99 0.259 9.999 0.259000   1.89 0.000000 0.025 0.559000  0.834 0.000  1.168 0.000 99.99 0.259000   6.985 0.000   3.861 0.000   3.123 0.000 0.015 0.000  0.351 0.559000
168.208333 169.208333  50.01 0.000   1.61 0.000 9.999 0.259000 999.99 0.259000 0.107 0.559000  2.453 0.000  3.435 0.000 99.99 0.259000  18.585 0.000   3.797 0.000  14.788 0.000 0.074 0.000  2.040 0.559000
172.208333 173.208333  29.62 0.000   1.24 0.000 9.999 0.259000 999.99 0.259000 0.093 0.559000  2.251 0.000  3.151 0.000 99.99 0.259000  14.333 0.000   3.916 0.000  10.417 0.000 0.222 0.000  0.803 0.559000
175.208333 176.208333  11.40 0.000 999.99 0.259 9.999 0.259000 999.99 0.259000 0.034 0.559000  2.294 0.000  3.212 0.000 99.99 0.259000   8.236 0.000   4.076 0.000   4.160 0.000 0.093 0.000  0.213 0.559000
179.208333 180.208333  16.99 0.000   0.59 0.000 9.999 0.259000   0.23 0.000000 0.035 0.559000  1.810 0.000  2.534 0.000 99.99 0.259000  11.127 0.000   5.261 0.000   5.866 0.000 0.131 0.000  0.561 0.559000
182.208333 183.208333  10.83 0.000   0.58 0.000 9.999 0.259000   0.67 0.000000 0.030 0.559000  1.525 0.000  2.135 0.000 99.99 0.259000   8.528 0.000   2.155 0.000   6.374 0.000 0.060 0.000  0.704 0.559000
186.208333 187.208333   9.33 0.000   1.22 0.000 9.999 0.259000 999.99 0.259000 0.066 0.559000  1.291 0.000  1.808 0.000 99.99 0.259000  11.991 0.000   5.203 0.000   6.788 0.000 0.077 0.000  0.981 0.559000
189.208333 190.208333   7.73 0.000   0.70 0.000 9.999 0.259000   3.33 0.000000 0.045 0.559000  0.845 0.000  1.183 0.000 99.99 0.259000   5.128 0.000   2.224 0.000   2.904 0.000 0.018 0.000  0.270 0.559000
193.208333 194.208333  13.54 0.000   0.89 0.000 9.999 0.259000 999.99 0.259000 0.027 0.000000  1.719 0.000  2.407 0.000 99.99 0.259000   7.757 0.000   4.142 0.000   3.615 0.000 0.054 0.000  0.106 0.000000
196.208333 197.208333  14.43 0.000 999.99 0.259 9.999 0.259000 999.99 0.259000 0.036 0.559000  1.404 0.000  1.966 0.000 99.99 0.259000   7.391 0.000   2.349 0.000   5.042 0.000 0.014 0.000  0.501 0.559000
200.208333 201.208333   5.28 0.000 999.99 0.259 9.999 0.259000 999.99 0.259000 0.028 0.559000  0.924 0.000  1.294 0.000 99.99 0.259000   7.902 0.000   4.304 0.000   3.599 0.000 0.174 0.000  0.306 0.559000
203.208333 204.208333  12.22 0.000   0.60 0.000 9.999 0.259000 999.99 0.259000 0.124 0.559000  1.374 0.000  1.923 0.000 99.99 0.259000  10.776 0.000   3.053 0.000   7.723 0.000 0.024 0.000  0.782 0.559000
207.208333 208.208333  15.73 0.000 999.99 0.259 0.022 0.000000 999.99 0.259000 0.019 0.559000  2.092 0.000  2.930 0.000 99.99 0.259000   9.060 0.000   2.929 0.000   6.131 0.000 0.056 0.000  0.390 0.559000
210.208333 211.208333   3.58 0.000 999.99 0.259 9.999 0.259000 999.99 0.259000 0.014 0.559000  0.963 0.000  1.348 0.000 99.99 0.259000   4.390 0.000   2.044 0.000   2.346 0.000 0.012 0.000  0.170 0.559000
214.208333 215.208333   3.18 0.000 999.99 0.259 9.999 0.259000 999.99 0.259000 0.036 0.559000  0.990 0.000  1.386 0.000 99.99 0.259000   5.468 0.000   1.264 0.000   4.204 0.000 0.015 0.000  0.310 0.559000
217.208333 218.208333  14.61 0.000 999.99 0.259 9.999 0.259000 999.99 0.259000 0.022 0.559000  1.470 0.000  2.059 0.000 99.99 0.259000   6.106 0.000   2.650 0.000   3.457 0.000 0.117 0.000  0.203 0.559000
221.208333 222.208333  23.90 0.000   0.73 0.000 9.999 0.259000   1.94 0.000000 0.069 0.559000  2.526 0.000  3.536 0.000 99.99 0.259000  15.460 0.000   2.463 0.000  12.997 0.000 0.141 0.000  1.616 0.559000
224.208333 225.208333   0.54 0.000 999.99 0.259 9.999 0.259000 999.99 0.259000 9.999 0.559259 99.999 0.259 99.999 0.259 99.99 0.259000 999.999 0.259 999.999 0.259 999.999 0.259 0.006 0.000 99.999 0.559259
228.208333 229.208333 999.99 0.999 999.99 0.999 9.999 0.999000 999.99 0.999000 9.999 0.999000 99.999 0.999 99.999 0.999 99.99 0.999000 999.999 0.999 999.999 0.999 999.999 0.999 9.999 0.999 99.999 0.999000
231.208333 232.208333   6.83 0.000   0.82 0.000 9.999 0.259000 999.99 0.259000 0.036 0.559000  1.141 0.000  1.597 0.000 99.99 0.259000   6.410 0.000   0.784 0.000   5.626 0.000 0.031 0.000  0.644 0.559000
235.208333 236.208333  21.87 0.000   1.59 0.000 9.999 0.259000   0.95 0.000000 0.076 0.559000  1.664 0.000  2.330 0.000 99.99 0.259000   9.797 0.000   2.659 0.000   7.137 0.000 0.023 0.000  0.630 0.559000
238.208333 239.208333  15.19 0.000   0.93 0.000 9.999 0.259000   0.40 0.000000 0.019 0.559000  2.564 0.000  3.589 0.000 99.99 0.259000  10.210 0.000   2.788 0.000   7.422 0.000 0.026 0.000  0.438 0.559000
243.208333 244.208333 999.99 0.999 999.99 0.999 9.999 0.999000 999.99 0.999000 9.999 0.999000 99.999 0.999 99.999 0.999 99.99 0.999000 999.999 0.999 999.999 0.999 999.999 0.999 9.999 0.999 99.999 0.999000
246.208333 247.208333 999.99 0.999 999.99 0.999 9.999 0.999000 999.99 0.999000 9.999 0.999000 99.999 0.999 99.999 0.999 99.99 0.999000 999.999 0.999 999.999 0.999 999.999 0.999 9.999 0.999 99.999 0.999000
249.208333 250.208333  14.89 0.000 999.99 0.259 9.999 0.259000 999.99 0.259000 0.029 0.559000  0.543 0.000  0.761 0.000 99.99 0.259000   4.085 0.000   1.996 0.000   2.090 0.000 0.097 0.000  0.143 0.559000
252.208333 253.208333  16.58 0.000   1.78 0.000 0.028 0.000000   0.41 0.000000 0.057 0.559000  1.341 0.000  1.877 0.000 99.99 0.259000   9.273 0.000   2.108 0.000   7.164 0.000 0.099 0.000  0.909 0.559000
255.208333 256.208333 999.99 0.999 999.99 0.999 9.999 0.999000 999.99 0.999000 9.999 0.999000 99.999 0.999 99.999 0.999 99.99 0.999000 999.999 0.999 999.999 0.999 999.999 0.999 9.999 0.999 99.999 0.999000
258.208333 259.208333 999.99 0.999 999.99 0.999 9.999 0.999000 999.99 0.999000 9.999 0.999000 99.999 0.999 99.999 0.999 99.99 0.999000 999.999 0.999 999.999 0.999 999.999 0.999 9.999 0.999 99.999 0.999000
261.208333 262.208333 999.99 0.999 999.99 0.999 9.999 0.999000 999.99 0.999000 9.999 0.999000 99.999 0.999 99.999 0.999 99.99 0.999000 999.999 0.999 999.999 0.999 999.999 0.999 9.999 0.999 99.999 0.999000
264.208333 265.208333  13.08 0.000   1.15 0.000 9.999 0.259000 999.99 0.259000 0.045 0.000000  0.965 0.000  1.352 0.000 99.99 0.259000  14.726 0.000   6.504 0.000   8.221 0.000 0.042 0.000  1.249 0.000000
267.208333 268.208333   5.67 0.000   0.43 0.000 0.022 0.000000 999.99 0.259000 0.022 0.000000  0.711 0.000  0.996 0.000 99.99 0.259000   7.572 0.000   3.505 0.000   4.067 0.000 0.045 0.000  0.598 0.000000
