scripts/IMPROVE-2019_partial/data/US9064R.20000101070000.20191216000000.filterpack..pm25.52w.1w.US03L_filterpack_US9064.US03L_IMPROVE_Davis.lev2.nas
64 1001
MISSING INFORMATION
US03L, IMPROVE, , , , , , , 
MISSING INFORMATION
IMPROVE sel_HTAP
1 1
2000 01 01 2019 12 16
0
days from file reference point
25
1 1 1 1 1 1 1 1 1 1 1 1 1 1 1 1 1 1 1 1 1 1 1 1 1
999.999999 9999.99 9.999 99.99 9.999999 9.999 9.999999 99.99 9.999999 9.999 9.999 999.999 9.999 999.999 9.999 999.999 9.999 999.999 9.999 999.999 9.999 9.999 9.999999 9.999 9.999
end_time of measurement, days from the file reference point
iron, ng/m3, Revision date=20181210133000
numflag iron, no unit, Revision date=20181210133000
lead, ng/m3, Revision date=20181210133000
numflag lead, no unit, Revision date=20181210133000
magnesium, ug/m3, Revision date=20181210133000
numflag magnesium, no unit, Revision date=20181210133000
nickel, ng/m3, Revision date=20181210133000
numflag nickel, no unit, Revision date=20181210133000
nitrate, ug N/m3, Revision date=20181210133000
numflag nitrate, no unit, Revision date=20181210133000
organic_carbon, ug C/m3, Revision date=20181210133000
numflag organic_carbon, no unit, Revision date=20181210133000
organic_mass, ug/m3, Revision date=20181210133000
numflag organic_mass, no unit, Revision date=20181210133000
pm10_mass, ug/m3, Version=2, Version description=Data extracted from http://views.cira.colostate.edu/fed/DataWizard 2019-12-16, Sample duration=1d, Orig. time res.=3d, Matrix=pm10, Blank correction=Blank corrected, Volume std. temperature=ambient, Volume std. pressure=ambient
numflag pm10_mass, no unit, Version=2, Version description=Data extracted from http://views.cira.colostate.edu/fed/DataWizard 2019-12-16, Sample duration=1d, Orig. time res.=3d, Matrix=pm10, Blank correction=Blank corrected, Volume std. temperature=ambient, Volume std. pressure=ambient
pm10_pm25_mass, ug/m3, Revision date=20181210133000, Matrix=pm10_pm25
numflag pm10_pm25_mass, no unit, Revision date=20181210133000, Matrix=pm10_pm25
pm25_mass, ug/m3, Version=2, Version description=Data extracted from http://views.cira.colostate.edu/fed/DataWizard 2019-12-16, Sample duration=1d, Orig. time res.=3d, Blank correction=Blank corrected, Volume std. temperature=ambient, Volume std. pressure=ambient
numflag pm25_mass, no unit, Version=2, Version description=Data extracted from http://views.cira.colostate.edu/fed/DataWizard 2019-12-16, Sample duration=1d, Orig. time res.=3d, Blank correction=Blank corrected, Volume std. temperature=ambient, Volume std. pressure=ambient
potassium, ug/m3, Revision date=20181210133000
numflag potassium, no unit, Revision date=20181210133000
sulphate_total, ug S/m3, Revision date=20181210133000
numflag sulphate_total, no unit, Revision date=20181210133000
0
25
Data definition:              EBAS_1.1
Set type code:                TI
Timezone:                     UTC
File name:                    US9064R.20000101070000.20191216000000.filterpack..pm25.52w.1w.US03L_filterpack_US9064.US03L_IMPROVE_Davis.lev2.nas
File creation:                20191218120948
Startdate:                    20000101070000
Revision date:                20191216000000
Statistics:                   arithmetic mean
Data level:                   2
Period code:                  52w
Resolution code:              1w
Station code:                 US9064R
Platform code:                US9064S
Station name:                 Sula Peak
Station latitude:             45.8598
Station longitude:            -114.0001
Station altitude:             1895.0 m
Regime:                       IMG
Component:                    
Matrix:                       pm25
Laboratory code:              US03L
Instrument type:              filterpack
Instrument name:              filterpack_US9064
Method ref:                   US03L_IMPROVE_Davis
starttime endtime Fe flag_Fe Pb flag_Pb Mg++ flag_Mg++ Ni flag_Ni NO3- flag_NO3- OC flag_OC OM flag_OM PM10 flag_PM10 PM10-PM2.5 flag_PM10-PM2.5 PM2.5 flag_PM2.5 K+ flag_K+ SO4-- flag_SO4--
[from data line 85]
291.291667 292.291667   16.56 0.000  0.37 0.000000 9.999 0.259000 99.99 0.259000 0.022 0.000   1.267 0.000   1.774 0.000   4.842 0.000   1.694 0.000   3.148 0.000 0.020 0.000000 0.222 0.000
294.291667 295.291667    3.48 0.000  0.24 0.000000 9.999 0.259000  0.31 0.000000 0.009 0.000   0.454 0.000   0.636 0.000   1.283 0.000   0.473 0.000   0.810 0.000 0.005 0.000000 0.084 0.000
297.291667 298.291667   17.39 0.000  0.29 0.000000 9.999 0.259000 99.99 0.259000 0.016 0.000   1.287 0.000   1.801 0.000   3.051 0.000   0.889 0.000   2.162 0.000 0.019 0.000000 0.093 0.000
300.291667 301.291667   10.31 0.000  0.41 0.000000 9.999 0.259000 99.99 0.259000 0.026 0.000   0.535 0.000   0.750 0.000   2.415 0.000   0.679 0.000   1.736 0.000 0.012 0.000000 0.162 0.000
303.291667 304.291667    1.53 0.000  0.25 0.000000 0.010 0.000000 99.99 0.259000 0.044 0.000   0.522 0.000   0.730 0.000   1.632 0.000   0.386 0.000   1.246 0.000 0.013 0.000000 0.042 0.000
306.291667 307.291667 9999.99 0.999 99.99 0.999000 9.999 0.999000 99.99 0.999000 9.999 0.999 999.999 0.999 999.999 0.999 999.999 0.999 999.999 0.999 999.999 0.999 9.999 0.999000 9.999 0.999
309.291667 310.291667   11.01 0.559  0.15 0.559000 9.999 0.559259 99.99 0.559259 0.015 0.000   0.591 0.000   0.827 0.000   1.963 0.000   0.287 0.000   1.676 0.559 0.014 0.559000 0.101 0.000
312.291667 313.291667 9999.99 0.999 99.99 0.999000 9.999 0.999000 99.99 0.999000 9.999 0.999 999.999 0.999 999.999 0.999 999.999 0.999 999.999 0.999 999.999 0.999 9.999 0.999000 9.999 0.999
315.291667 316.291667    3.50 0.559  0.42 0.559000 0.011 0.559000 99.99 0.559259 0.053 0.000   1.055 0.000   1.478 0.000   2.844 0.000   0.804 0.000   2.041 0.559 0.025 0.559000 0.099 0.000
318.291667 319.291667    6.02 0.000  0.33 0.000000 9.999 0.259000  1.68 0.000000 0.019 0.000   0.897 0.000   1.256 0.000   2.945 0.000   0.341 0.000   2.604 0.000 0.022 0.000000 0.212 0.000
321.291667 322.291667 9999.99 0.999 99.99 0.999000 9.999 0.999000 99.99 0.999000 9.999 0.999 999.999 0.999 999.999 0.999 999.999 0.999 999.999 0.999 999.999 0.999 9.999 0.999000 9.999 0.999
324.291667 325.291667 9999.99 0.999 99.99 0.999000 9.999 0.999000 99.99 0.999000 9.999 0.999 999.999 0.999 999.999 0.999 999.999 0.999 999.999 0.999 999.999 0.999 9.999 0.999000 9.999 0.999
327.291667 328.291667    6.80 0.000  0.15 0.000000 9.999 0.259000 99.99 0.259000 0.014 0.559   0.469 0.000   0.657 0.000   2.277 0.000   0.876 0.000   1.401 0.000 0.019 0.000000 0.095 0.559
330.291667 331.291667    4.38 0.000 99.99 0.259000 9.999 0.259000  0.79 0.000000 0.010 0.000   0.182 0.000   0.255 0.000   1.252 0.000   0.507 0.000   0.745 0.000 9.999 0.259000 0.079 0.000
333.291667 334.291667    3.49 0.559  0.33 0.559000 9.999 0.559259 99.99 0.559259 0.030 0.000   0.171 0.000   0.239 0.000   1.784 0.000   0.801 0.000   0.983 0.559 0.006 0.559000 0.101 0.000
336.291667 337.291667    2.77 0.000  0.31 0.000000 9.999 0.259000  0.43 0.000000 0.013 0.000   0.400 0.000   0.560 0.000   1.062 0.000   0.315 0.000   0.747 0.000 0.005 0.000000 0.063 0.000
339.291667 340.291667    5.76 0.000  0.40 0.000000 9.999 0.259000  0.16 0.000000 0.150 0.000   0.990 0.000   1.386 0.000   3.221 0.000   0.767 0.000   2.455 0.000 0.018 0.000000 0.123 0.000
342.291667 343.291667    3.22 0.559 99.99 0.559259 9.999 0.559259 99.99 0.559259 0.026 0.000   0.562 0.000   0.787 0.000   1.670 0.000   0.294 0.000   1.376 0.559 0.013 0.559000 0.104 0.000
345.291667 346.291667    2.78 0.559  0.18 0.559000 9.999 0.559259  0.21 0.559000 0.058 0.000   0.494 0.000   0.692 0.000   1.803 0.000   0.183 0.000   1.620 0.559 0.011 0.559000 0.181 0.000
348.291667 349.291667    2.85 0.559  3.91 0.559000 9.999 0.559259  0.08 0.559000 0.014 0.000   0.185 0.000   0.259 0.000   2.960 0.000   1.748 0.000   1.212 0.559 0.013 0.559000 0.064 0.000
351.291667 352.291667    7.88 0.000  0.23 0.000000 9.999 0.259000  1.31 0.000000 0.007 0.000   0.149 0.000   0.208 0.000   1.259 0.000   0.571 0.000   0.688 0.000 0.007 0.000000 0.059 0.000
354.291667 355.291667    3.12 0.000  0.08 0.000000 9.999 0.259000  0.87 0.000000 0.011 0.000   0.165 0.000   0.231 0.000   1.034 0.000   0.280 0.000   0.754 0.000 0.004 0.000000 0.118 0.000
357.291667 358.291667    2.91 0.000 99.99 0.259000 9.999 0.259000  0.50 0.000000 0.009 0.000   0.145 0.000   0.203 0.000   0.645 0.000   0.085 0.000   0.560 0.000 9.999 0.259000 0.051 0.000
360.291667 361.291667    6.45 0.000 99.99 0.259000 9.999 0.259000  1.40 0.000000 0.008 0.000   0.163 0.000   0.228 0.000   0.920 0.000   0.228 0.000   0.693 0.000 9.999 0.259000 0.056 0.000
363.291667 364.291667    3.30 0.000  0.17 0.000000 9.999 0.259000  0.36 0.000000 0.008 0.000   0.451 0.000   0.632 0.000   1.897 0.000   1.022 0.000   0.876 0.000 9.999 0.259000 0.108 0.000
