scripts/IMPROVE-2019_partial/data/US9062R.20100102060000.20191216000000.filterpack...52w.3d.US03L_filterpack_US9062.US03L_IMPROVE_Davis.lev2.nas
51 1001
MISSING INFORMATION
US03L, IMPROVE, , , , , , , 
MISSING INFORMATION
IMPROVE sel_HTAP
1 1
2010 01 01 2019 12 16
3.00
days from file reference point
4
1 1 1 1
999.99 999.999 999.999 9.999
end_time of measurement, days from the file reference point
pm10_mass, ug/m3, Matrix=pm10
pm25_mass, ug/m3, Matrix=pm25
numflag, no unit
0
33
Data definition:              EBAS_1.1
Set type code:                TU
Timezone:                     UTC
File name:                    US9062R.20100102060000.20191216000000.filterpack...52w.3d.US03L_filterpack_US9062.US03L_IMPROVE_Davis.lev2.nas
File creation:                20191218120939
Startdate:                    20100102060000
Revision date:                20191216000000
Version:                      2
Version description:          "Data extracted from http://views.cira.colostate.edu/fed/DataWizard 2019-12-16"
Statistics:                   arithmetic mean
Data level:                   2
Period code:                  52w
Resolution code:              3d
Sample duration:              1d
Orig. time res.:              3d
Station code:                 US9062R
Platform code:                US9062S
Station name:                 Voyageurs NP #2
Station latitude:             48.4126
Station longitude:            -92.8286
Station altitude:             429.0 m
Regime:                       IMG
Component:                    
Unit:                         ug/m3
Matrix:                       
Laboratory code:              US03L
Instrument type:              filterpack
Instrument name:              filterpack_US9062
Method ref:                   US03L_IMPROVE_Davis
Blank correction:             Blank corrected
Volume std. temperature:      ambient
Volume std. pressure:         ambient
starttime endtime PM10 PM2.5 flag
  1.25   2.25   3.333   2.723 0.000
  4.25   5.25   2.251   1.546 0.000
  7.25   8.25   3.221   2.413 0.000
 10.25  11.25   4.314   3.899 0.000
 13.25  14.25   4.340   5.494 0.000
 16.25  17.25   3.745   3.647 0.000
 19.25  20.25   2.240   1.876 0.000
 22.25  23.25   2.774   1.845 0.000
 25.25  26.25   2.169   1.471 0.000
 28.25  29.25   3.690   3.316 0.000
 31.25  32.25   3.337   2.537 0.000
 34.25  35.25   9.787   7.930 0.000
 37.25  38.25   2.989   2.048 0.000
 40.25  41.25   1.356   0.711 0.000
 43.25  44.25   0.996   0.833 0.000
 46.25  47.25   0.731   0.580 0.000
 49.25  50.25   4.953   4.202 0.000
 52.25  53.25   7.474   6.983 0.000
 55.25  56.25   1.175   0.765 0.000
 58.25  59.25   2.647   1.547 0.000
 61.25  62.25   7.043   6.205 0.000
 64.25  65.25  14.935  12.232 0.000
 67.25  68.25  12.396  10.941 0.000
 70.25  71.25  10.823   9.160 0.000
 73.25  74.25  11.068   9.666 0.000
 76.25  77.25   4.488   2.704 0.000
 79.25  80.25   4.340   2.971 0.000
 82.25  83.25   4.213   2.899 0.000
 85.25  86.25   9.732   4.566 0.000
 88.25  89.25  15.115   6.896 0.000
 91.25  92.25  11.932   5.869 0.000
 94.25  95.25   3.570   1.756 0.000
 97.25  98.25   0.885   0.456 0.000
100.25 101.25   6.453   2.165 0.000
103.25 104.25  12.212   8.917 0.000
106.25 107.25   3.459   2.103 0.000
109.25 110.25   8.809   4.328 0.000
112.25 113.25  13.728   5.397 0.000
115.25 116.25   3.904   2.182 0.000
118.25 119.25   8.928   5.501 0.000
121.25 122.25   2.348   1.450 0.000
124.25 125.25   3.409   1.414 0.000
127.25 128.25   2.949   2.185 0.000
130.25 131.25   4.018   2.623 0.000
133.25 134.25   1.718   1.006 0.000
136.25 137.25   9.041   5.775 0.000
139.25 140.25  13.753   4.962 0.000
142.25 143.25  13.237   4.986 0.000
145.25 146.25  13.858   1.774 0.000
148.25 149.25  14.651   4.780 0.000
151.25 152.25   4.713   1.414 0.000
154.25 155.25   8.002   3.271 0.000
157.25 158.25   6.293   2.684 0.000
160.25 161.25   5.731   1.764 0.000
163.25 164.25   4.469   1.851 0.000
166.25 167.25   6.660   2.961 0.000
169.25 170.25   3.521   1.578 0.000
172.25 173.25   6.249   4.006 0.000
175.25 176.25   7.441   4.562 0.000
178.25 179.25   3.055   1.795 0.000
181.25 182.25 999.999 999.999 0.999
184.25 185.25   5.957   3.002 0.000
187.25 188.25   7.435   3.900 0.000
190.25 191.25   8.677   4.625 0.000
193.25 194.25   8.334   5.952 0.000
196.25 197.25   7.983   4.859 0.000
199.25 200.25   6.185   3.097 0.000
202.25 203.25   8.483   4.066 0.000
205.25 206.25  12.123   8.519 0.000
208.25 209.25  10.391   7.105 0.000
211.25 212.25  12.020   8.203 0.000
214.25 215.25  11.116   5.989 0.000
217.25 218.25   7.070   5.131 0.000
220.25 221.25  14.596   8.500 0.000
223.25 224.25  11.286   4.968 0.000
226.25 227.25   2.787   0.702 0.000
229.25 230.25   4.803   2.985 0.000
232.25 233.25   7.071   4.473 0.000
235.25 236.25  12.078   6.578 0.000
238.25 239.25  17.226   5.595 0.000
241.25 242.25  17.265   9.419 0.000
244.25 245.25   6.084   2.413 0.000
247.25 248.25   3.300   1.604 0.000
250.25 251.25   2.131   0.604 0.000
253.25 254.25   5.237   1.837 0.000
256.25 257.25   2.630   0.852 0.000
259.25 260.25   3.988   1.419 0.000
262.25 263.25   4.394   1.780 0.000
265.25 266.25   2.892   0.770 0.000
268.25 269.25   5.304   2.107 0.000
271.25 272.25 999.999 999.999 0.999
274.25 275.25 999.999 999.999 0.999
277.25 278.25 999.999 999.999 0.999
280.25 281.25  22.949   5.766 0.000
283.25 284.25   8.355   4.179 0.000
286.25 287.25   7.079   2.131 0.000
289.25 290.25   5.969   2.107 0.000
292.25 293.25   6.457   2.287 0.000
295.25 296.25   6.945   3.026 0.000
298.25 299.25   1.876   1.186 0.000
301.25 302.25   1.228   0.815 0.000
304.25 305.25   4.745   2.987 0.000
307.25 308.25   1.748   1.190 0.000
310.25 311.25  13.965   5.002 0.000
313.25 314.25  16.999  12.005 0.000
316.25 317.25   3.780   3.149 0.000
319.25 320.25   4.902   4.461 0.000
322.25 323.25   5.723   3.524 0.000
325.25 326.25   2.673   2.244 0.000
328.25 329.25   4.798   3.308 0.000
331.25 332.25   8.777   7.450 0.000
334.25 335.25 999.999 999.999 0.999
337.25 338.25 999.999 999.999 0.999
340.25 341.25 999.999 999.999 0.999
343.25 344.25   4.087   3.073 0.000
346.25 347.25   3.042   2.179 0.000
349.25 350.25 999.999 999.999 0.999
352.25 353.25 999.999 999.999 0.999
355.25 356.25 999.999 999.999 0.999
358.25 359.25 999.999 999.999 0.999
361.25 362.25 999.999 999.999 0.999
364.25 365.25   3.441   2.423 0.000
