scripts/IMPROVE-2019_partial/data/US9037R.20010101070000.20191216000000.filterpack..pm25.52w.1w.US03L_filterpack_US9037.US03L_IMPROVE_Davis.lev2.nas
64 1001
MISSING INFORMATION
US03L, IMPROVE, , , , , , , 
MISSING INFORMATION
IMPROVE sel_HTAP
1 1
2001 01 01 2019 12 16
3.000000
days from file reference point
25
1 1 1 1 1 1 1 1 1 1 1 1 1 1 1 1 1 1 1 1 1 1 1 1 1
999.999999 9999.99 9.999999 99.99 9.999999 9.999 9.999999999 99.99 9.999999 9.999 9.999999 99.999 9.999 99.999 9.999 999.999 9.999 999.999 9.999 999.999 9.999 9.999 9.999999 9.999 9.999999
end_time of measurement, days from the file reference point
iron, ng/m3, Revision date=20181210133000
numflag iron, no unit, Revision date=20181210133000
lead, ng/m3, Revision date=20181210133000
numflag lead, no unit, Revision date=20181210133000
magnesium, ug/m3, Revision date=20181210133000
numflag magnesium, no unit, Revision date=20181210133000
nickel, ng/m3, Revision date=20181210133000
numflag nickel, no unit, Revision date=20181210133000
nitrate, ug N/m3, Revision date=20181210133000
numflag nitrate, no unit, Revision date=20181210133000
organic_carbon, ug C/m3, Revision date=20181210133000
numflag organic_carbon, no unit, Revision date=20181210133000
organic_mass, ug/m3, Revision date=20181210133000
numflag organic_mass, no unit, Revision date=20181210133000
pm10_mass, ug/m3, Version=2, Version description=Data extracted from http://views.cira.colostate.edu/fed/DataWizard 2019-12-16, Sample duration=1d, Orig. time res.=3d, Matrix=pm10, Blank correction=Blank corrected, Volume std. temperature=ambient, Volume std. pressure=ambient
numflag pm10_mass, no unit, Version=2, Version description=Data extracted from http://views.cira.colostate.edu/fed/DataWizard 2019-12-16, Sample duration=1d, Orig. time res.=3d, Matrix=pm10, Blank correction=Blank corrected, Volume std. temperature=ambient, Volume std. pressure=ambient
pm10_pm25_mass, ug/m3, Revision date=20181210133000, Matrix=pm10_pm25
numflag pm10_pm25_mass, no unit, Revision date=20181210133000, Matrix=pm10_pm25
pm25_mass, ug/m3, Version=2, Version description=Data extracted from http://views.cira.colostate.edu/fed/DataWizard 2019-12-16, Sample duration=1d, Orig. time res.=3d, Blank correction=Blank corrected, Volume std. temperature=ambient, Volume std. pressure=ambient
numflag pm25_mass, no unit, Version=2, Version description=Data extracted from http://views.cira.colostate.edu/fed/DataWizard 2019-12-16, Sample duration=1d, Orig. time res.=3d, Blank correction=Blank corrected, Volume std. temperature=ambient, Volume std. pressure=ambient
potassium, ug/m3, Revision date=20181210133000
numflag potassium, no unit, Revision date=20181210133000
sulphate_total, ug S/m3, Revision date=20181210133000
numflag sulphate_total, no unit, Revision date=20181210133000
0
25
Data definition:              EBAS_1.1
Set type code:                TU
Timezone:                     UTC
File name:                    US9037R.20010101070000.20191216000000.filterpack..pm25.52w.1w.US03L_filterpack_US9037.US03L_IMPROVE_Davis.lev2.nas
File creation:                20191218120749
Startdate:                    20010101070000
Revision date:                20191216000000
Statistics:                   arithmetic mean
Data level:                   2
Period code:                  52w
Resolution code:              1w
Station code:                 US9037R
Platform code:                US9037S
Station name:                 Sierra Ancha
Station latitude:             34.0908
Station longitude:            -110.9421
Station altitude:             1600.0 m
Regime:                       IMG
Component:                    
Matrix:                       pm25
Laboratory code:              US03L
Instrument type:              filterpack
Instrument name:              filterpack_US9037
Method ref:                   US03L_IMPROVE_Davis
starttime endtime Fe flag_Fe Pb flag_Pb Mg++ flag_Mg++ Ni flag_Ni NO3- flag_NO3- OC flag_OC OM flag_OM PM10 flag_PM10 PM10-PM2.5 flag_PM10-PM2.5 PM2.5 flag_PM2.5 K+ flag_K+ SO4-- flag_SO4--
  0.291667   1.291667   30.31 0.000000  0.69 0.000000 9.999 0.259000000 99.99 0.259000 0.021 0.000000  0.745 0.000  1.043 0.000   7.319 0.000   4.933 0.000   2.386 0.000 0.031 0.000000 0.127 0.000000
  3.291667   4.291667   23.28 0.000000  0.45 0.000000 9.999 0.259000000 99.99 0.259000 0.016 0.000000  0.536 0.000  0.750 0.000   4.919 0.000   3.057 0.000   1.862 0.000 0.021 0.000000 0.135 0.000000
  6.291667   7.291667   31.17 0.000000  0.96 0.000000 9.999 0.259000000  0.43 0.000000 0.030 0.000000  0.926 0.000  1.297 0.000   4.506 0.000   1.734 0.000   2.772 0.000 0.031 0.000000 0.181 0.000000
  9.291667  10.291667   30.96 0.000000  0.36 0.000000 9.999 0.259000000  1.58 0.000000 0.072 0.000000  0.870 0.000  1.217 0.000   3.119 0.000   0.223 0.000   2.896 0.000 0.026 0.000000 0.167 0.000000
 12.291667  13.291667   15.03 0.000000  0.24 0.000000 9.999 0.259000000  0.75 0.000000 0.100 0.000000  0.401 0.000  0.561 0.000   2.121 0.000   0.845 0.000   1.276 0.000 0.014 0.000000 0.072 0.000000
 15.291667  16.291667   23.11 0.000000  0.59 0.000000 9.999 0.259000000  0.97 0.000000 0.483 0.000000  0.802 0.000  1.123 0.000   3.678 0.000 999.999 0.259   4.006 0.000 0.018 0.000000 0.197 0.000000
 18.291667  19.291667   14.89 0.000000 99.99 0.259000 9.999 0.259000000  0.40 0.000000 0.038 0.000000  0.732 0.000  1.024 0.000   2.952 0.000   0.192 0.000   2.760 0.000 0.018 0.000000 0.256 0.000000
 21.291667  22.291667    7.81 0.000000  0.49 0.000000 9.999 0.259000000  0.28 0.000000 0.013 0.000000  0.233 0.000  0.326 0.000   0.707 0.000 999.999 0.259   0.946 0.000 0.007 0.000000 0.109 0.000000
 24.291667  25.291667 9999.99 0.999000 99.99 0.999000 9.999 0.999000000 99.99 0.999000 9.999 0.999000 99.999 0.999 99.999 0.999 999.999 0.999 999.999 0.999 999.999 0.999 9.999 0.999000 9.999 0.999000
 27.291667  28.291667 9999.99 0.999000 99.99 0.999000 9.999 0.999000000 99.99 0.999000 9.999 0.999000 99.999 0.999 99.999 0.999 999.999 0.999 999.999 0.999 999.999 0.999 9.999 0.999000 9.999 0.999000
 30.291667  31.291667    9.10 0.000000  0.28 0.000000 9.999 0.259000000  0.28 0.000000 0.031 0.000000  0.184 0.000  0.257 0.000   1.882 0.000   0.740 0.000   1.143 0.000 0.006 0.000000 0.124 0.000000
 33.291667  34.291667   31.29 0.000000  1.16 0.000000 9.999 0.259000000  0.28 0.000000 0.016 0.000000  0.606 0.000  0.848 0.000   5.572 0.000   3.287 0.000   2.285 0.000 0.031 0.000000 0.112 0.000000
 36.291667  37.291667   21.63 0.000000  2.03 0.000000 9.999 0.259000000  0.16 0.000000 0.024 0.559000  0.526 0.000  0.737 0.000   4.630 0.000   2.204 0.000   2.426 0.000 0.022 0.000000 0.180 0.559000
 39.291667  40.291667   20.59 0.000000  0.80 0.000000 9.999 0.259000000  0.22 0.000000 0.198 0.559000  0.723 0.000  1.013 0.000   5.229 0.000   2.232 0.000   2.997 0.000 0.023 0.000000 0.247 0.559000
 42.291667  43.291667   36.77 0.000000  1.81 0.000000 9.999 0.259000000 99.99 0.259000 0.033 0.000000  0.732 0.000  1.025 0.000   5.572 0.000   2.524 0.000   3.048 0.000 0.036 0.000000 0.215 0.000000
 45.291667  46.291667    5.67 0.000000  0.28 0.000000 9.999 0.259000000  0.23 0.000000 0.035 0.000000  0.687 0.000  0.962 0.000   1.996 0.000   0.290 0.000   1.706 0.000 0.012 0.000000 0.064 0.000000
 48.291667  49.291667   19.59 0.000000  1.86 0.000000 9.999 0.259000000  0.12 0.000000 0.027 0.000000  0.802 0.000  1.122 0.000   5.415 0.000   2.474 0.000   2.942 0.000 0.023 0.000000 0.282 0.000000
 51.291667  52.291667   36.02 0.000000  1.90 0.000000 9.999 0.259000000  0.25 0.000000 0.088 0.000000  0.790 0.000  1.105 0.000   5.614 0.000   2.925 0.000   2.689 0.000 0.033 0.000000 0.127 0.000000
 54.291667  55.291667   50.86 0.000000  0.40 0.000000 9.999 0.259000000  0.15 0.000000 0.090 0.000000  0.535 0.000  0.748 0.000  10.040 0.000   7.195 0.000   2.845 0.000 0.037 0.000000 0.112 0.000000
 57.291667  58.291667    9.56 0.000000  0.89 0.000000 0.035 0.000000000  0.17 0.000000 0.029 0.559000  0.529 0.000  0.741 0.000   2.902 0.000   0.848 0.000   2.054 0.000 0.020 0.000000 0.189 0.559000
 60.291667  61.291667   16.09 0.000000  0.75 0.000000 9.999 0.259000000  0.30 0.000000 0.128 0.000000  0.724 0.000  1.013 0.000   3.430 0.000   0.905 0.000   2.525 0.000 0.014 0.000000 0.220 0.000000
 63.291667  64.291667   20.73 0.000000  1.31 0.000000 0.020 0.000000000  0.19 0.000000 0.019 0.000000  0.572 0.000  0.800 0.000   4.258 0.000   1.873 0.000   2.384 0.000 0.020 0.000000 0.213 0.000000
 66.291667  67.291667   18.42 0.000000 99.99 0.259000 9.999 0.259000000  0.23 0.000000 0.042 0.000000  0.906 0.000  1.269 0.000   3.285 0.000   0.910 0.000   2.375 0.000 0.015 0.000000 0.188 0.000000
 69.291667  70.291667   11.75 0.000000  0.42 0.000000 9.999 0.259000000 99.99 0.259000 0.170 0.000000  0.973 0.000  1.362 0.000   4.200 0.000   0.683 0.000   3.516 0.000 0.019 0.000000 0.238 0.000000
 72.291667  73.291667   46.69 0.000000  1.08 0.000000 9.999 0.259000000 99.99 0.259000 0.101 0.000000  0.823 0.000  1.153 0.000   5.988 0.000   2.982 0.000   3.006 0.000 0.028 0.000000 0.191 0.000000
 75.291667  76.291667   49.34 0.000000  0.61 0.000000 9.999 0.259000000 99.99 0.259000 0.068 0.000000  0.626 0.000  0.877 0.000   7.151 0.000   3.880 0.000   3.272 0.000 0.037 0.000000 0.207 0.000000
 78.291667  79.291667   60.83 0.000000  0.65 0.000000 9.999 0.259000000 99.99 0.259000 0.014 0.000000  0.509 0.000  0.712 0.000   6.307 0.000   3.260 0.000   3.047 0.000 0.042 0.000000 0.237 0.000000
 81.291667  82.291667   59.02 0.000000  0.83 0.000000 9.999 0.259000000 99.99 0.259000 0.019 0.000000  0.790 0.000  1.106 0.000   8.267 0.000   4.945 0.000   3.323 0.000 0.041 0.000000 0.160 0.000000
 84.291667  85.291667   71.61 0.000000  0.87 0.000000 9.999 0.259000000 99.99 0.259000 0.058 0.000000  0.969 0.000  1.356 0.000   9.980 0.000   5.567 0.000   4.413 0.000 0.050 0.000000 0.271 0.000000
 87.291667  88.291667   70.57 0.000000  0.93 0.000000 9.999 0.259000000 99.99 0.259000 0.075 0.000000  0.978 0.000  1.369 0.000  10.375 0.000   5.978 0.000   4.397 0.000 0.049 0.000000 0.238 0.000000
 90.291667  91.291667   79.09 0.000000  0.75 0.000000 9.999 0.259000000  0.15 0.000000 0.087 0.000000  1.278 0.000  1.790 0.000  10.146 0.000   5.070 0.000   5.076 0.000 0.055 0.000000 0.249 0.000000
 93.291667  94.291667   68.06 0.000000  1.22 0.000000 9.999 0.259000000 99.99 0.259000 0.092 0.000000  1.079 0.000  1.511 0.000  11.037 0.000   6.626 0.000   4.411 0.000 0.056 0.000000 0.359 0.000000
 96.291667  97.291667   28.50 0.000000  0.86 0.000000 9.999 0.259000000 99.99 0.259000 0.064 0.000000  0.467 0.000  0.654 0.000   3.909 0.000   1.480 0.000   2.429 0.000 0.021 0.000000 0.267 0.000000
 99.291667 100.291667   28.22 0.000000  0.80 0.000000 9.999 0.259000000 99.99 0.259000 0.127 0.000000  0.416 0.000  0.582 0.000   4.740 0.000   2.666 0.000   2.074 0.000 0.027 0.000000 0.227 0.000000
102.291667 103.291667  119.77 0.000000  0.71 0.000000 9.999 0.259000000 99.99 0.259000 0.090 0.000000  0.681 0.000  0.953 0.000   9.011 0.000   4.502 0.000   4.509 0.000 0.071 0.000000 0.248 0.000000
105.291667 106.291667  318.67 0.000000  0.73 0.000000 9.999 0.259000000 99.99 0.259000 0.053 0.000000  0.856 0.000  1.198 0.000  14.881 0.000   6.733 0.000   8.148 0.000 0.190 0.000000 0.255 0.000000
108.291667 109.291667  117.51 0.000000  0.39 0.000000 9.999 0.259000000 99.99 0.259000 0.032 0.000000  0.768 0.000  1.075 0.000   7.895 0.000   3.995 0.000   3.900 0.000 0.070 0.000000 0.152 0.000000
111.291667 112.291667   41.45 0.000000  0.29 0.000000 9.999 0.259000000 99.99 0.259000 0.047 0.000000  0.475 0.000  0.664 0.000   4.200 0.000   2.228 0.000   1.972 0.000 0.024 0.000000 0.135 0.000000
114.291667 115.291667  184.25 0.000000  0.82 0.000000 9.999 0.259000000 99.99 0.259000 0.027 0.000000  0.762 0.000  1.067 0.000 999.999 0.456 999.999 0.999   6.027 0.000 0.115 0.000000 0.240 0.000000
117.291667 118.291667   60.72 0.000000  0.60 0.000000 9.999 0.259000000 99.99 0.259000 0.025 0.000000  0.744 0.000  1.042 0.000 999.999 0.456 999.999 0.999   3.700 0.000 0.046 0.000000 0.296 0.000000
120.291667 121.291667  226.05 0.000000  0.73 0.000000 9.999 0.259000000 99.99 0.259000 0.050 0.000000  1.487 0.000  2.082 0.000 999.999 0.456 999.999 0.999   8.043 0.000 0.124 0.000000 0.338 0.000000
123.291667 124.291667   83.95 0.000000  0.34 0.000000 9.999 0.259000000 99.99 0.259000 0.048 0.000000  0.857 0.000  1.199 0.000   8.432 0.000   4.187 0.000   4.245 0.000 0.048 0.000000 0.193 0.000000
126.291667 127.291667  215.60 0.559000  0.94 0.559000 9.999 0.559259000 99.99 0.559259 0.043 0.559000  1.517 0.000  2.123 0.000  15.212 0.000   7.378 0.000   7.834 0.559 0.078 0.559000 0.224 0.559000
129.291667 130.291667  233.74 0.559000  1.43 0.559000 9.999 0.559259000  0.13 0.559000 0.077 0.000000  1.817 0.000  2.544 0.000  19.395 0.000  10.557 0.000   8.838 0.559 0.147 0.559000 0.373 0.000000
132.291667 133.291667  106.83 0.000000  0.64 0.000000 9.999 0.259000000 99.99 0.259000 0.036 0.000000  1.220 0.000  1.708 0.000   9.204 0.000   3.182 0.000   6.023 0.000 0.079 0.000000 0.444 0.000000
135.291667 136.291667  117.49 0.000000  0.48 0.000000 9.999 0.259000000  0.11 0.000000 0.041 0.000000  0.931 0.000  1.304 0.000   8.711 0.000   4.382 0.000   4.329 0.000 0.074 0.000000 0.209 0.000000
138.291667 139.291667   28.94 0.000000  0.43 0.000000 9.999 0.259000000 99.99 0.259000 0.017 0.000000  0.585 0.000  0.819 0.000   2.811 0.000   1.136 0.000   1.675 0.000 0.028 0.000000 0.127 0.000000
141.291667 142.291667  106.69 0.000000  0.56 0.000000 9.999 0.259000000 99.99 0.259000 0.020 0.000000  0.700 0.000  0.980 0.000   8.097 0.000   4.138 0.000   3.959 0.000 0.040 0.000000 0.160 0.000000
144.291667 145.291667  146.84 0.000000  0.56 0.000000 9.999 0.259000000 99.99 0.259000 0.031 0.000000  0.952 0.000  1.333 0.000  13.067 0.000   7.213 0.000   5.854 0.000 0.092 0.000000 0.301 0.000000
147.291667 148.291667   75.79 0.000000  0.52 0.000000 9.999 0.259000000 99.99 0.259000 0.029 0.000000  0.470 0.000  0.659 0.000   9.081 0.000   6.005 0.000   3.076 0.000 0.068 0.000000 0.179 0.000000
150.291667 151.291667 9999.99 0.456000 99.99 0.456000 9.999 0.456000000 99.99 0.456000 0.029 0.559000  0.920 0.000  1.289 0.000  11.423 0.000 999.999 0.999 999.999 0.456 9.999 0.456000 0.239 0.559000
153.291667 154.291667  122.75 0.000000  0.77 0.000000 9.999 0.259000000  0.27 0.000000 0.048 0.000000  0.433 0.000  0.606 0.000  13.396 0.000   8.180 0.000   5.216 0.000 0.138 0.000000 0.346 0.000000
156.291667 157.291667 9999.99 0.999000 99.99 0.999000 9.999 0.999000000 99.99 0.999000 9.999 0.999000 99.999 0.999 99.999 0.999 999.999 0.999 999.999 0.999 999.999 0.999 9.999 0.999000 9.999 0.999000
159.291667 160.291667  150.31 0.000000  1.10 0.000000 9.999 0.259000000  0.20 0.000000 0.048 0.000000  0.905 0.000  1.267 0.000  16.519 0.000   9.825 0.000   6.694 0.000 0.109 0.000000 0.351 0.000000
162.291667 163.291667  104.70 0.000000  0.65 0.000000 9.999 0.259000000  0.34 0.000000 0.060 0.000000  0.477 0.000  0.668 0.000  12.291 0.000   6.639 0.000   5.652 0.000 0.120 0.000000 0.334 0.000000
165.291667 166.291667  140.72 0.000000  0.68 0.000000 9.999 0.259000000  0.18 0.000000 0.023 0.000000  0.530 0.000  0.742 0.000  12.040 0.000   7.101 0.000   4.939 0.000 0.094 0.000000 0.148 0.000000
168.291667 169.291667  115.61 0.559000  0.93 0.559000 9.999 0.559259000 99.99 0.559259 0.047 0.000000  0.980 0.000  1.372 0.000  13.644 0.000   7.621 0.000   6.023 0.559 0.120 0.559000 0.390 0.000000
171.291667 172.291667  127.59 0.000000  0.47 0.000000 9.999 0.259000000  0.27 0.000000 0.053 0.000000  1.305 0.000  1.827 0.000  15.820 0.000   8.999 0.000   6.822 0.000 0.126 0.000000 0.408 0.000000
174.291667 175.291667   79.08 0.000000  0.42 0.000000 9.999 0.259000000  0.30 0.000000 0.041 0.000000  0.653 0.000  0.914 0.000   9.232 0.000   4.109 0.000   5.123 0.000 0.071 0.000000 0.426 0.000000
177.291667 178.291667   92.15 0.000000  1.09 0.000000 9.999 0.259000000  0.37 0.000000 0.047 0.559000  0.572 0.000  0.801 0.000   9.020 0.000   4.076 0.000   4.944 0.000 0.084 0.000000 0.415 0.559000
180.291667 181.291667   90.00 0.000000  0.97 0.000000 9.999 0.259000000 99.99 0.259000 0.045 0.000000  0.891 0.000  1.248 0.000  11.694 0.000   6.200 0.000   5.494 0.000 0.134 0.000000 0.487 0.000000
183.291667 184.291667   69.20 0.559394  0.50 0.559394 9.999 0.559394259  0.27 0.559394 0.027 0.559394  1.079 0.000  1.510 0.000   8.177 0.000   3.595 0.000   4.582 0.559 0.066 0.559394 0.327 0.559394
186.291667 187.291667   40.10 0.000000  0.44 0.000000 9.999 0.259000000 99.99 0.259000 0.081 0.000000  0.985 0.000  1.379 0.000   7.671 0.000   3.761 0.000   3.910 0.000 0.042 0.000000 0.416 0.000000
189.291667 190.291667   23.35 0.000000  0.49 0.000000 9.999 0.259000000  0.17 0.000000 0.035 0.000000  0.901 0.000  1.261 0.000   6.339 0.000   3.223 0.000   3.116 0.000 0.025 0.000000 0.300 0.000000
192.291667 193.291667   29.32 0.000000  0.43 0.000000 9.999 0.259000000  0.18 0.000000 0.049 0.000000  0.700 0.000  0.980 0.000   5.645 0.000   1.993 0.000   3.652 0.000 0.037 0.000000 0.439 0.000000
195.291667 196.291667   39.71 0.000000  0.71 0.000000 9.999 0.259000000  0.31 0.000000 0.054 0.000000  0.533 0.000  0.746 0.000   8.610 0.000   5.343 0.000   3.266 0.000 0.035 0.000000 0.569 0.000000
198.291667 199.291667   74.08 0.000000  0.51 0.000000 9.999 0.259000000  0.46 0.000000 0.087 0.000000  0.567 0.000  0.794 0.000  12.582 0.000   6.586 0.000   5.996 0.000 0.065 0.000000 0.688 0.000000
201.291667 202.291667   72.35 0.000000  0.67 0.000000 9.999 0.259000000 99.99 0.259000 0.059 0.000000  0.676 0.000  0.947 0.000  11.601 0.000   6.107 0.000   5.494 0.000 0.049 0.000000 0.661 0.000000
204.291667 205.291667   75.87 0.000000  0.25 0.000000 9.999 0.259000000  0.54 0.000000 0.051 0.000000  0.321 0.000  0.449 0.000  10.650 0.000   6.095 0.000   4.555 0.000 0.058 0.000000 0.415 0.000000
207.291667 208.291667   69.59 0.000000  0.80 0.000000 9.999 0.259000000  0.31 0.000000 0.033 0.000000  1.101 0.000  1.541 0.000   8.129 0.000   3.211 0.000   4.918 0.000 0.062 0.000000 0.313 0.000000
210.291667 211.291667   14.52 0.000000  0.39 0.000000 9.999 0.259000000 99.99 0.259000 0.018 0.000000  0.875 0.000  1.226 0.000   5.383 0.000   2.376 0.000   3.007 0.000 0.021 0.000000 0.279 0.000000
213.291667 214.291667 9999.99 0.999000 99.99 0.999000 9.999 0.999000000 99.99 0.999000 9.999 0.999000 99.999 0.999 99.999 0.999 999.999 0.999 999.999 0.999 999.999 0.999 9.999 0.999000 9.999 0.999000
216.291667 217.291667 9999.99 0.999000 99.99 0.999000 9.999 0.999000000 99.99 0.999000 9.999 0.999000 99.999 0.999 99.999 0.999 999.999 0.999 999.999 0.999 999.999 0.999 9.999 0.999000 9.999 0.999000
219.291667 220.291667   25.09 0.000000  0.34 0.000000 9.999 0.259000000 99.99 0.259000 0.019 0.000000  0.959 0.000  1.342 0.000   6.258 0.000   2.478 0.000   3.780 0.000 0.023 0.000000 0.359 0.000000
222.291667 223.291667   14.60 0.000000  0.22 0.000000 9.999 0.259000000  0.11 0.000000 0.021 0.000000  1.146 0.000  1.604 0.000   8.398 0.000   4.404 0.000   3.994 0.000 0.019 0.000000 0.340 0.000000
225.291667 226.291667   13.66 0.000000  0.61 0.000000 9.999 0.259000000 99.99 0.259000 0.013 0.000000  1.220 0.000  1.707 0.000   7.501 0.000   3.891 0.000   3.609 0.000 0.029 0.000000 0.262 0.000000
228.291667 229.291667   37.93 0.000000  0.52 0.000000 9.999 0.259000000  0.08 0.000000 0.029 0.000000  2.394 0.000  3.351 0.000  11.709 0.000   4.402 0.000   7.307 0.000 0.138 0.000000 0.408 0.000000
231.291667 232.291667   45.89 0.000000  0.83 0.000000 9.999 0.259000000  0.18 0.000000 0.032 0.000000  1.445 0.000  2.023 0.000   9.771 0.000   4.547 0.000   5.223 0.000 0.081 0.000000 0.393 0.000000
234.291667 235.291667 9999.99 0.999000 99.99 0.999000 9.999 0.999000000 99.99 0.999000 9.999 0.999000 99.999 0.999 99.999 0.999 999.999 0.999 999.999 0.999 999.999 0.999 9.999 0.999000 9.999 0.999000
237.291667 238.291667 9999.99 0.999000 99.99 0.999000 9.999 0.999000000 99.99 0.999000 9.999 0.999000 99.999 0.999 99.999 0.999 999.999 0.999 999.999 0.999 999.999 0.999 9.999 0.999000 9.999 0.999000
