scripts/IMPROVE-2019_partial/data/US9066R.20010101050000.20191216000000.filterpack..pm25.52w.1w.US03L_filterpack_US9066.US03L_IMPROVE_Davis.lev2.nas
64 1001
MISSING INFORMATION
US03L, IMPROVE, , , , , , , 
MISSING INFORMATION
IMPROVE sel_HTAP
1 1
2001 01 01 2019 12 16
3.000000
days from file reference point
25
1 1 1 1 1 1 1 1 1 1 1 1 1 1 1 1 1 1 1 1 1 1 1 1 1
999.999999 9999.99 9.999 99.99 9.999999 9.999 9.999999 99.99 9.999999 9.999 9.999 99.999 9.999 99.999 9.999 999.999 9.999 999.999 9.999 999.999 9.999 9.999 9.999999 99.999 9.999
end_time of measurement, days from the file reference point
iron, ng/m3, Revision date=20181210133000
numflag iron, no unit, Revision date=20181210133000
lead, ng/m3, Revision date=20181210133000
numflag lead, no unit, Revision date=20181210133000
magnesium, ug/m3, Revision date=20181210133000
numflag magnesium, no unit, Revision date=20181210133000
nickel, ng/m3, Revision date=20181210133000
numflag nickel, no unit, Revision date=20181210133000
nitrate, ug N/m3, Revision date=20181210133000
numflag nitrate, no unit, Revision date=20181210133000
organic_carbon, ug C/m3, Revision date=20181210133000
numflag organic_carbon, no unit, Revision date=20181210133000
organic_mass, ug/m3, Revision date=20181210133000
numflag organic_mass, no unit, Revision date=20181210133000
pm10_mass, ug/m3, Version=2, Version description=Data extracted from http://views.cira.colostate.edu/fed/DataWizard 2019-12-16, Sample duration=1d, Orig. time res.=3d, Matrix=pm10, Blank correction=Blank corrected, Volume std. temperature=ambient, Volume std. pressure=ambient
numflag pm10_mass, no unit, Version=2, Version description=Data extracted from http://views.cira.colostate.edu/fed/DataWizard 2019-12-16, Sample duration=1d, Orig. time res.=3d, Matrix=pm10, Blank correction=Blank corrected, Volume std. temperature=ambient, Volume std. pressure=ambient
pm10_pm25_mass, ug/m3, Revision date=20181210133000, Matrix=pm10_pm25
numflag pm10_pm25_mass, no unit, Revision date=20181210133000, Matrix=pm10_pm25
pm25_mass, ug/m3, Version=2, Version description=Data extracted from http://views.cira.colostate.edu/fed/DataWizard 2019-12-16, Sample duration=1d, Orig. time res.=3d, Blank correction=Blank corrected, Volume std. temperature=ambient, Volume std. pressure=ambient
numflag pm25_mass, no unit, Version=2, Version description=Data extracted from http://views.cira.colostate.edu/fed/DataWizard 2019-12-16, Sample duration=1d, Orig. time res.=3d, Blank correction=Blank corrected, Volume std. temperature=ambient, Volume std. pressure=ambient
potassium, ug/m3, Revision date=20181210133000
numflag potassium, no unit, Revision date=20181210133000
sulphate_total, ug S/m3, Revision date=20181210133000
numflag sulphate_total, no unit, Revision date=20181210133000
0
25
Data definition:              EBAS_1.1
Set type code:                TU
Timezone:                     UTC
File name:                    US9066R.20010101050000.20191216000000.filterpack..pm25.52w.1w.US03L_filterpack_US9066.US03L_IMPROVE_Davis.lev2.nas
File creation:                20191218120959
Startdate:                    20010101050000
Revision date:                20191216000000
Statistics:                   arithmetic mean
Data level:                   2
Period code:                  52w
Resolution code:              1w
Station code:                 US9066R
Platform code:                US9066S
Station name:                 Swanquarter
Station latitude:             35.451
Station longitude:            -76.2075
Station altitude:             -3.0 m
Regime:                       IMG
Component:                    
Matrix:                       pm25
Laboratory code:              US03L
Instrument type:              filterpack
Instrument name:              filterpack_US9066
Method ref:                   US03L_IMPROVE_Davis
starttime endtime Fe flag_Fe Pb flag_Pb Mg++ flag_Mg++ Ni flag_Ni NO3- flag_NO3- OC flag_OC OM flag_OM PM10 flag_PM10 PM10-PM2.5 flag_PM10-PM2.5 PM2.5 flag_PM2.5 K+ flag_K+ SO4-- flag_SO4--
  0.208333   1.208333    9.09 0.000  1.37 0.000000 9.999 0.259000  0.22 0.000000 0.111 0.000  1.171 0.000  1.640 0.000   6.869 0.000   1.749 0.000   5.120 0.000 0.031 0.000000  0.803 0.000
  3.208333   4.208333   20.92 0.000  1.88 0.000000 9.999 0.259000  1.21 0.000000 0.428 0.000  2.181 0.000  3.054 0.000  12.575 0.000   5.208 0.000   7.367 0.000 0.049 0.000000  0.874 0.000
  6.208333   7.208333   14.36 0.000  2.29 0.000000 9.999 0.259000  0.68 0.000000 0.352 0.000  4.030 0.000  5.642 0.000  13.068 0.000   3.508 0.000   9.560 0.000 0.053 0.000000  0.924 0.000
  9.208333  10.208333   14.46 0.000  1.46 0.000000 9.999 0.259000  0.32 0.000000 0.147 0.000  1.101 0.000  1.541 0.000   6.384 0.000   2.282 0.000   4.102 0.000 0.032 0.000000  0.492 0.000
 12.208333  13.208333    5.47 0.000  1.36 0.000000 9.999 0.259000  0.91 0.000000 0.183 0.000  0.437 0.000  0.612 0.000  13.889 0.000   9.249 0.000   4.639 0.000 0.025 0.000000  0.390 0.000
 15.208333  16.208333   15.38 0.000  1.84 0.000000 9.999 0.259000  0.72 0.000000 0.336 0.000  2.095 0.000  2.932 0.000  14.148 0.000   3.456 0.000  10.692 0.000 0.048 0.000000  1.749 0.000
 18.208333  19.208333    8.76 0.000  0.92 0.000000 9.999 0.259000  1.37 0.000000 0.154 0.000  0.845 0.000  1.183 0.000  10.860 0.000   2.699 0.000   8.161 0.000 0.045 0.000000  1.456 0.000
 21.208333  22.208333   14.76 0.000  1.85 0.000000 9.999 0.259000  0.74 0.000000 0.188 0.559  1.273 0.000  1.782 0.000   8.709 0.000   2.971 0.000   5.738 0.000 0.026 0.000000  0.781 0.559
 24.208333  25.208333   30.12 0.000  2.27 0.000000 9.999 0.259000  0.78 0.000000 0.345 0.000  1.639 0.000  2.295 0.000  11.126 0.000   3.354 0.000   7.772 0.000 0.036 0.000000  1.058 0.000
 27.208333  28.208333    9.72 0.000  1.33 0.000000 9.999 0.259000  1.70 0.000000 0.123 0.559  1.184 0.000  1.657 0.000   8.144 0.000   1.968 0.000   6.176 0.000 0.022 0.000000  1.084 0.559
 30.208333  31.208333 9999.99 0.999 99.99 0.999000 9.999 0.999000 99.99 0.999000 9.999 0.999 99.999 0.999 99.999 0.999 999.999 0.999 999.999 0.999 999.999 0.999 9.999 0.999000 99.999 0.999
 33.208333  34.208333   14.76 0.000  1.32 0.000000 9.999 0.259000  0.80 0.000000 0.094 0.559  0.757 0.000  1.060 0.000   8.217 0.000   3.907 0.000   4.310 0.000 0.017 0.000000  0.677 0.559
 36.208333  37.208333    7.08 0.000  1.19 0.000000 9.999 0.259000  0.27 0.000000 0.058 0.000  1.260 0.000  1.763 0.000  11.147 0.000   4.090 0.000   7.057 0.000 0.030 0.000000  1.105 0.000
 39.208333  40.208333   12.38 0.000  0.76 0.000000 9.999 0.259000  0.50 0.000000 0.133 0.559  0.945 0.000  1.322 0.000  16.143 0.000   8.211 0.000   7.932 0.000 0.033 0.000000  1.184 0.559
 42.208333  43.208333    6.19 0.000  0.88 0.000000 9.999 0.259000  0.47 0.000000 0.143 0.559  0.575 0.000  0.805 0.000   6.617 0.000   2.786 0.000   3.831 0.000 0.022 0.000000  0.506 0.559
 45.208333  46.208333   20.12 0.000  0.89 0.000000 9.999 0.259000  1.15 0.000000 0.182 0.559  1.869 0.000  2.617 0.000  19.217 0.000   6.907 0.000  12.309 0.000 0.056 0.000000  1.812 0.559
 48.208333  49.208333   16.85 0.000  2.04 0.000000 9.999 0.259000  0.58 0.000000 0.083 0.000  0.744 0.000  1.041 0.000   8.021 0.000   2.466 0.000   5.556 0.000 0.028 0.000000  0.826 0.000
 51.208333  52.208333   31.00 0.000  2.29 0.000000 9.999 0.259000  0.73 0.000000 0.292 0.000  2.541 0.000  3.557 0.000  18.592 0.000   6.223 0.000  12.369 0.000 0.071 0.000000  1.539 0.000
 54.208333  55.208333   17.61 0.000  1.77 0.000000 9.999 0.259000  0.88 0.000000 0.169 0.559  1.004 0.000  1.406 0.000  13.409 0.000   5.464 0.000   7.945 0.000 0.033 0.000000  1.298 0.559
 57.208333  58.208333   21.66 0.000  1.48 0.000000 0.030 0.000000  0.69 0.000000 0.162 0.000  0.706 0.000  0.989 0.000  11.161 0.000   4.083 0.000   7.077 0.000 0.029 0.000000  1.192 0.000
 60.208333  61.208333   30.30 0.000  1.59 0.000000 9.999 0.259000  1.96 0.000000 0.528 0.000  3.229 0.000  4.521 0.000  22.459 0.000   5.248 0.000  17.210 0.000 0.061 0.000000  2.670 0.000
 63.208333  64.208333   14.32 0.000  0.46 0.000000 9.999 0.259000 99.99 0.259000 0.117 0.000  0.775 0.000  1.085 0.000   7.905 0.000   1.865 0.000   6.040 0.000 0.019 0.000000  1.089 0.000
 66.208333  67.208333   14.84 0.000  0.99 0.000000 9.999 0.259000  0.83 0.000000 0.103 0.559  1.111 0.000  1.556 0.000  10.786 0.000   3.007 0.000   7.779 0.000 0.023 0.000000  1.222 0.559
 69.208333  70.208333   16.55 0.000  0.62 0.000000 9.999 0.259000 99.99 0.259000 0.207 0.000  2.945 0.000  4.123 0.000  12.892 0.000   2.996 0.000   9.895 0.000 0.299 0.000000  1.014 0.000
 72.208333  73.208333   22.89 0.000  1.10 0.000000 9.999 0.259000 99.99 0.259000 0.054 0.000  1.057 0.000  1.480 0.000   9.247 0.000   4.907 0.000   4.340 0.000 0.029 0.000000  0.468 0.000
 75.208333  76.208333   12.19 0.000  1.28 0.000000 9.999 0.259000 99.99 0.259000 0.120 0.000  1.475 0.000  2.066 0.000  14.477 0.000   3.330 0.000  11.147 0.000 0.026 0.000000  2.014 0.000
 78.208333  79.208333   13.11 0.000  0.67 0.000000 9.999 0.259000  0.24 0.000000 0.091 0.000  0.363 0.000  0.508 0.000  12.617 0.000   7.908 0.000   4.708 0.000 0.025 0.000000  0.364 0.000
 81.208333  82.208333   29.48 0.000  1.40 0.000000 9.999 0.259000 99.99 0.259000 0.118 0.000  1.045 0.000  1.463 0.000  12.750 0.000   5.269 0.000   7.481 0.000 0.028 0.000000  1.221 0.000
 84.208333  85.208333   29.06 0.000  1.42 0.000000 9.999 0.259000  0.89 0.000000 0.165 0.559  1.011 0.000  1.416 0.000  13.035 0.000   4.749 0.000   8.286 0.000 0.031 0.000000  1.380 0.559
 87.208333  88.208333   16.65 0.000  0.72 0.000000 9.999 0.259000 99.99 0.259000 0.106 0.000  0.481 0.000  0.673 0.000  18.469 0.000   9.617 0.000   8.852 0.000 0.049 0.000000  1.254 0.000
 90.208333  91.208333    8.00 0.000  0.84 0.000000 9.999 0.259000  1.09 0.000000 0.104 0.000  0.587 0.000  0.822 0.000   8.016 0.000   1.462 0.000   6.554 0.000 0.012 0.000000  1.193 0.000
 93.208333  94.208333   24.11 0.000  1.64 0.000000 9.999 0.259000  1.25 0.000000 0.259 0.559  1.306 0.000  1.829 0.000  14.146 0.000   3.729 0.000  10.417 0.000 0.042 0.000000  1.758 0.559
 96.208333  97.208333   30.88 0.000  1.09 0.000000 9.999 0.259000  1.21 0.000000 0.189 0.559  2.579 0.000  3.610 0.000  21.601 0.000   5.407 0.000  16.194 0.000 0.068 0.000000  2.496 0.559
 99.208333 100.208333   37.57 0.000  0.94 0.000000 9.999 0.259000  1.72 0.000000 0.120 0.000  2.344 0.000  3.281 0.000  20.612 0.000   5.422 0.000  15.190 0.000 0.063 0.000000  2.479 0.000
102.208333 103.208333   51.98 0.000  0.86 0.000000 9.999 0.259000  1.98 0.000000 0.191 0.000  2.728 0.000  3.819 0.000  19.883 0.000   5.695 0.000  14.188 0.000 0.094 0.000000  1.915 0.000
105.208333 106.208333   44.40 0.000  0.80 0.000000 9.999 0.259000 99.99 0.259000 0.067 0.000  1.031 0.000  1.443 0.000  12.713 0.000   5.439 0.000   7.274 0.000 0.035 0.000000  1.058 0.000
108.208333 109.208333  104.27 0.000  0.92 0.000000 9.999 0.259000 99.99 0.259000 0.115 0.559  1.040 0.000  1.456 0.000  19.725 0.000  12.870 0.000   6.855 0.000 0.094 0.000000  0.799 0.559
111.208333 112.208333  348.68 0.000  1.42 0.000000 9.999 0.259000 99.99 0.259000 0.126 0.559  0.521 0.000  0.729 0.000  29.020 0.000  17.486 0.000  11.534 0.000 0.171 0.000000  1.226 0.559
114.208333 115.208333   40.63 0.000  0.86 0.000000 9.999 0.259000  0.42 0.000000 0.092 0.000  0.587 0.000  0.822 0.000   8.459 0.000   3.482 0.000   4.977 0.000 0.031 0.000000  0.709 0.000
117.208333 118.208333   66.16 0.000  2.71 0.000000 9.999 0.259000  0.82 0.000000 0.168 0.000  2.336 0.000  3.271 0.000  19.282 0.000   7.257 0.000  12.025 0.000 0.072 0.000000  1.618 0.000
120.208333 121.208333   55.20 0.000  1.27 0.000000 9.999 0.259000  0.41 0.000000 0.086 0.000  0.852 0.000  1.193 0.000  15.762 0.000   9.640 0.000   6.122 0.000 0.056 0.000000  0.768 0.000
123.208333 124.208333   58.75 0.000  0.99 0.000000 9.999 0.259000  0.50 0.000000 0.075 0.559  0.582 0.000  0.815 0.000  13.671 0.000   7.349 0.000   6.321 0.000 0.057 0.000000  0.968 0.559
126.208333 127.208333   13.57 0.000  0.33 0.000000 9.999 0.259000  0.44 0.000000 0.085 0.559  0.341 0.000  0.478 0.000  18.494 0.000  12.288 0.000   6.206 0.000 0.046 0.000000  0.362 0.559
129.208333 130.208333   56.62 0.000  0.96 0.000000 9.999 0.259000 99.99 0.259000 0.142 0.000  1.949 0.000  2.729 0.000  22.588 0.000   8.103 0.000  14.485 0.000 0.047 0.000000  2.505 0.000
132.208333 133.208333 9999.99 0.999 99.99 0.999000 9.999 0.999000 99.99 0.999000 9.999 0.999 99.999 0.999 99.999 0.999 999.999 0.999 999.999 0.999 999.999 0.999 9.999 0.999000 99.999 0.999
135.208333 136.208333 9999.99 0.999 99.99 0.999000 9.999 0.999000 99.99 0.999000 9.999 0.999 99.999 0.999 99.999 0.999 999.999 0.999 999.999 0.999 999.999 0.999 9.999 0.999000 99.999 0.999
138.208333 139.208333   96.98 0.000  1.03 0.000000 9.999 0.259000  1.89 0.000000 0.080 0.000  4.358 0.000  6.102 0.000  34.393 0.000   4.474 0.000  29.919 0.000 0.087 0.000000  4.304 0.000
141.208333 142.208333  112.16 0.000 99.99 0.259000 9.999 0.259000 99.99 0.259000 0.171 0.559  0.895 0.000  1.254 0.000  20.465 0.000  10.046 0.000  10.419 0.000 0.094 0.000000  1.093 0.559
144.208333 145.208333   23.12 0.000  0.69 0.000000 9.999 0.259000 99.99 0.259000 0.043 0.000  1.381 0.000  1.934 0.000  14.949 0.000   2.147 0.000  12.802 0.000 0.030 0.000000  1.948 0.000
147.208333 148.208333   27.75 0.394  0.34 0.394000 9.999 0.394259  0.75 0.394000 0.094 0.394  4.082 0.000  5.716 0.000  20.421 0.000   4.576 0.000  15.845 0.000 0.058 0.394000  1.530 0.394
150.208333 151.208333   45.38 0.000  0.64 0.000000 9.999 0.259000 99.99 0.259000 0.050 0.000  0.885 0.000  1.239 0.000  12.713 0.000   5.101 0.000   7.612 0.000 0.031 0.000000  1.168 0.000
153.208333 154.208333   28.39 0.000  1.60 0.000000 9.999 0.259000  0.31 0.000000 0.059 0.000  2.518 0.000  3.525 0.000  16.411 0.000   3.740 0.000  12.671 0.000 0.055 0.000000  1.425 0.000
156.208333 157.208333 9999.99 0.999 99.99 0.999000 9.999 0.999000 99.99 0.999000 9.999 0.999 99.999 0.999 99.999 0.999 999.999 0.999 999.999 0.999 999.999 0.999 9.999 0.999000 99.999 0.999
159.208333 160.208333   26.77 0.000  1.74 0.000000 9.999 0.259000  1.09 0.000000 0.037 0.000  1.368 0.000  1.915 0.000  15.132 0.000   3.760 0.000  11.372 0.000 0.025 0.000000  1.835 0.000
162.208333 163.208333   94.34 0.000  1.19 0.000000 9.999 0.259000  0.51 0.000000 0.091 0.000  1.793 0.000  2.510 0.000  22.853 0.000   4.589 0.000  18.264 0.000 0.079 0.000000  2.935 0.000
165.208333 166.208333   17.07 0.000  0.38 0.000000 9.999 0.259000  0.37 0.000000 0.056 0.000  0.782 0.000  1.095 0.000   9.671 0.000   3.385 0.000   6.286 0.000 0.031 0.000000  0.852 0.000
168.208333 169.208333   20.64 0.000  1.84 0.000000 9.999 0.259000  0.65 0.000000 0.070 0.000  2.667 0.000  3.734 0.000  19.088 0.000   5.409 0.000  13.679 0.000 0.035 0.000000  1.637 0.000
171.208333 172.208333   11.25 0.000  1.13 0.000000 9.999 0.259000  0.58 0.000000 0.064 0.000  1.025 0.000  1.435 0.000  11.788 0.000   4.023 0.000   7.765 0.000 0.038 0.000000  1.121 0.000
174.208333 175.208333   15.57 0.000  0.62 0.000000 9.999 0.259000  0.66 0.000000 0.045 0.000  0.673 0.000  0.943 0.000   8.654 0.000   2.823 0.000   5.831 0.000 0.038 0.000000  0.915 0.000
177.208333 178.208333   64.93 0.000  0.64 0.000000 9.999 0.259000  0.42 0.000000 0.065 0.000  0.498 0.000  0.697 0.000   9.152 0.000   3.673 0.000   5.479 0.000 0.036 0.000000  0.619 0.000
180.208333 181.208333   68.66 0.000  0.98 0.000000 9.999 0.259000  0.98 0.000000 0.070 0.000  1.665 0.000  2.332 0.000  18.376 0.000   5.249 0.000  13.127 0.000 0.087 0.000000  1.858 0.000
183.208333 184.208333   18.65 0.000  0.75 0.000000 9.999 0.259000  0.43 0.000000 0.069 0.000  0.327 0.000  0.458 0.000  10.872 0.000   5.430 0.000   5.442 0.000 0.023 0.000000  0.726 0.000
186.208333 187.208333   25.83 0.000  2.96 0.000000 9.999 0.259000  0.61 0.000000 0.096 0.000  2.122 0.000  2.971 0.000  18.542 0.000   4.275 0.000  14.267 0.000 0.118 0.000000  1.920 0.000
189.208333 190.208333   22.05 0.000  2.06 0.000000 9.999 0.259000  0.47 0.000000 0.092 0.000  2.820 0.000  3.947 0.000  20.869 0.000   2.095 0.000  18.773 0.000 0.062 0.000000  2.555 0.000
192.208333 193.208333   24.04 0.000  1.16 0.000000 9.999 0.259000  0.41 0.000000 0.046 0.000  1.334 0.000  1.868 0.000  18.179 0.000   4.747 0.000  13.432 0.000 0.027 0.000000  2.122 0.000
195.208333 196.208333   20.63 0.000  0.84 0.000000 0.055 0.000000  0.37 0.000000 0.026 0.000  1.407 0.000  1.970 0.000  16.228 0.000   2.733 0.000  13.495 0.000 0.018 0.000000  2.360 0.000
198.208333 199.208333   11.29 0.000  1.07 0.000000 0.034 0.000000  0.55 0.000000 0.037 0.000  0.902 0.000  1.262 0.000  15.707 0.000   3.516 0.000  12.191 0.000 0.025 0.000000  2.241 0.000
201.208333 202.208333    3.57 0.000  0.37 0.000000 9.999 0.259000  0.52 0.000000 0.073 0.000  0.269 0.000  0.376 0.000  11.440 0.000   6.368 0.000   5.072 0.000 0.018 0.000000  0.513 0.000
204.208333 205.208333  259.12 0.000  0.72 0.000000 9.999 0.259000  0.45 0.000000 0.125 0.000  0.616 0.000  0.863 0.000  23.355 0.000  12.194 0.000  11.162 0.000 0.113 0.000000  0.518 0.000
207.208333 208.208333   43.47 0.000  0.70 0.000000 9.999 0.259000  0.53 0.000000 0.066 0.000  0.670 0.000  0.938 0.000  11.053 0.000   6.186 0.000   4.867 0.000 0.035 0.000000  0.407 0.000
210.208333 211.208333    2.97 0.000  0.38 0.000000 9.999 0.259000  0.30 0.000000 0.052 0.000  0.400 0.000  0.560 0.000   9.941 0.000   6.020 0.000   3.921 0.000 0.024 0.000000  0.396 0.000
213.208333 214.208333    9.99 0.000  0.35 0.000000 9.999 0.259000  0.43 0.000000 0.049 0.559  0.673 0.000  0.943 0.000  11.562 0.000   7.941 0.000   3.621 0.000 0.021 0.000000  0.288 0.559
216.208333 217.208333  142.74 0.000  0.60 0.000000 9.999 0.259000  1.02 0.000000 0.071 0.000  0.917 0.000  1.284 0.000  12.907 0.000   5.903 0.000   7.005 0.000 0.060 0.000000  0.669 0.000
219.208333 220.208333  127.54 0.000  0.71 0.000000 9.999 0.259000  1.05 0.000000 0.115 0.000  1.696 0.000  2.374 0.000  23.446 0.000   6.449 0.000  16.998 0.000 0.071 0.000000  2.532 0.000
222.208333 223.208333   98.00 0.000  0.87 0.000000 9.999 0.259000  0.78 0.000000 0.113 0.000  1.140 0.000  1.596 0.000  19.286 0.000   6.472 0.000  12.814 0.000 0.070 0.000000  1.643 0.000
225.208333 226.208333   26.07 0.000  0.61 0.000000 9.999 0.259000  0.82 0.000000 0.032 0.000  0.798 0.000  1.118 0.000  11.817 0.000   2.245 0.000   9.572 0.000 0.027 0.000000  1.584 0.000
228.208333 229.208333   35.73 0.000  1.04 0.000000 9.999 0.259000  0.79 0.000000 0.064 0.000  1.233 0.000  1.727 0.000  15.184 0.000   4.102 0.000  11.082 0.000 0.032 0.000000  1.958 0.000
231.208333 232.208333 9999.99 0.999 99.99 0.999000 9.999 0.999000 99.99 0.999000 9.999 0.999 99.999 0.999 99.999 0.999 999.999 0.999 999.999 0.999 999.999 0.999 9.999 0.999000 99.999 0.999
234.208333 235.208333 9999.99 0.999 99.99 0.999000 9.999 0.999000 99.99 0.999000 9.999 0.999 99.999 0.999 99.999 0.999 999.999 0.999 999.999 0.999 999.999 0.999 9.999 0.999000 99.999 0.999
237.208333 238.208333    6.33 0.000  0.66 0.000000 9.999 0.259000  0.37 0.000000 0.058 0.000  0.953 0.000  1.334 0.000  10.019 0.000   4.796 0.000   5.223 0.000 0.028 0.000000  0.557 0.000
240.208333 241.208333   26.32 0.000  0.88 0.000000 9.999 0.259000  1.07 0.000000 0.070 0.000  3.475 0.000  4.865 0.000  26.403 0.000   4.950 0.000  21.454 0.000 0.066 0.000000  3.183 0.000
243.208333 244.208333   11.46 0.559  0.62 0.559000 9.999 0.559259  0.75 0.559000 0.036 0.000  1.781 0.000  2.493 0.000  13.997 0.000   4.852 0.000   9.145 0.559 0.043 0.559000  1.458 0.000
246.208333 247.208333   11.65 0.559  0.96 0.559000 9.999 0.559259  0.30 0.559000 0.061 0.000  1.111 0.000  1.555 0.000  15.017 0.000   7.595 0.000   7.422 0.559 0.021 0.559000  1.150 0.000
249.208333 250.208333    8.79 0.559  0.90 0.559000 9.999 0.559259  0.40 0.559000 0.047 0.000  0.633 0.000  0.886 0.000   9.103 0.000   5.331 0.000   3.772 0.559 0.012 0.559000  0.447 0.000
