scripts/IMPROVE-2019_partial/data/US9018U.20040801050000.20191216000000.filterpack..pm25.5mo.1w.US03L_filterpack_US9018.US03L_IMPROVE_Davis.lev2.nas
66 1001
MISSING INFORMATION
US03L, IMPROVE, , , , , , , 
MISSING INFORMATION
IMPROVE sel_HTAP
1 1
2004 01 01 2019 12 16
3.000000
days from file reference point
27
1 1 1 1 1 1 1 1 1 1 1 1 1 1 1 1 1 1 1 1 1 1 1 1 1 1 1
999.999999 9999.99 9.999 999.99 9.999 9.999 9.999 999.99 9.999 99.999 9.999 99.999 9.999 999.999 9.999 9999.99 9.999 999.999 9.999 999.999 9.999 999.999 9.999 9.999 9.999 99.999 9.999
end_time of measurement, days from the file reference point
iron, ng/m3, Revision date=20181210133000
numflag iron, no unit, Revision date=20181210133000
lead, ng/m3, Revision date=20181210133000
numflag lead, no unit, Revision date=20181210133000
magnesium, ug/m3, Revision date=20181210133000
numflag magnesium, no unit, Revision date=20181210133000
nickel, ng/m3, Revision date=20181210133000
numflag nickel, no unit, Revision date=20181210133000
nitrate, ug N/m3, Revision date=20181210133000
numflag nitrate, no unit, Revision date=20181210133000
organic_carbon, ug C/m3, Revision date=20181210133000
numflag organic_carbon, no unit, Revision date=20181210133000
organic_mass, ug/m3, Revision date=20181210133000
numflag organic_mass, no unit, Revision date=20181210133000
phosphorus, ng/m3, Revision date=20181210133000
numflag phosphorus, no unit, Revision date=20181210133000
pm10_mass, ug/m3, Version=2, Version description=Data extracted from http://views.cira.colostate.edu/fed/DataWizard 2019-12-16, Sample duration=1d, Orig. time res.=3d, Matrix=pm10, Blank correction=Blank corrected, Volume std. temperature=ambient, Volume std. pressure=ambient
numflag pm10_mass, no unit, Version=2, Version description=Data extracted from http://views.cira.colostate.edu/fed/DataWizard 2019-12-16, Sample duration=1d, Orig. time res.=3d, Matrix=pm10, Blank correction=Blank corrected, Volume std. temperature=ambient, Volume std. pressure=ambient
pm10_pm25_mass, ug/m3, Revision date=20181210133000, Matrix=pm10_pm25
numflag pm10_pm25_mass, no unit, Revision date=20181210133000, Matrix=pm10_pm25
pm25_mass, ug/m3, Version=2, Version description=Data extracted from http://views.cira.colostate.edu/fed/DataWizard 2019-12-16, Sample duration=1d, Orig. time res.=3d, Blank correction=Blank corrected, Volume std. temperature=ambient, Volume std. pressure=ambient
numflag pm25_mass, no unit, Version=2, Version description=Data extracted from http://views.cira.colostate.edu/fed/DataWizard 2019-12-16, Sample duration=1d, Orig. time res.=3d, Blank correction=Blank corrected, Volume std. temperature=ambient, Volume std. pressure=ambient
potassium, ug/m3, Revision date=20181210133000
numflag potassium, no unit, Revision date=20181210133000
sulphate_total, ug S/m3, Revision date=20181210133000
numflag sulphate_total, no unit, Revision date=20181210133000
0
25
Data definition:              EBAS_1.1
Set type code:                TU
Timezone:                     UTC
File name:                    US9018U.20040801050000.20191216000000.filterpack..pm25.5mo.1w.US03L_filterpack_US9018.US03L_IMPROVE_Davis.lev2.nas
File creation:                20191218120618
Startdate:                    20040801050000
Revision date:                20191216000000
Statistics:                   arithmetic mean
Data level:                   2
Period code:                  5mo
Resolution code:              1w
Station code:                 US9018U
Platform code:                US9018S
Station name:                 New York City
Station latitude:             40.8161
Station longitude:            -73.9019
Station altitude:             45.0 m
Regime:                       IMG
Component:                    
Matrix:                       pm25
Laboratory code:              US03L
Instrument type:              filterpack
Instrument name:              filterpack_US9018
Method ref:                   US03L_IMPROVE_Davis
starttime endtime Fe flag_Fe Pb flag_Pb Mg++ flag_Mg++ Ni flag_Ni NO3- flag_NO3- OC flag_OC OM flag_OM P flag_P PM10 flag_PM10 PM10-PM2.5 flag_PM10-PM2.5 PM2.5 flag_PM2.5 K+ flag_K+ SO4-- flag_SO4--
213.208333 214.208333   91.95 0.000   3.13 0.000 0.036 0.000  16.84 0.000  0.150 0.000  1.791 0.000   2.507 0.000 9999.99 0.259  12.897 0.000   6.425 0.000   6.472 0.000 0.032 0.000  0.679 0.000
216.208333 217.208333  141.47 0.000   2.98 0.000 9.999 0.259  11.82 0.000  0.271 0.000  4.910 0.000   6.874 0.000 9999.99 0.259  26.538 0.000   6.065 0.000  20.473 0.000 0.045 0.000  2.694 0.000
219.208333 220.208333   66.11 0.000   2.23 0.000 9.999 0.259   3.84 0.000  0.028 0.000  1.384 0.000   1.937 0.000 9999.99 0.259   6.903 0.000   3.164 0.000   3.739 0.000 0.037 0.000  0.177 0.000
222.208333 223.208333 9999.99 0.456 999.99 0.456 9.999 0.456 999.99 0.456  0.239 0.000  3.885 0.000   5.439 0.000 9999.99 0.456  40.929 0.000 999.999 0.999 999.999 0.456 9.999 0.456  3.687 0.000
225.208333 226.208333  124.44 0.000   1.48 0.000 0.039 0.000   6.27 0.000  0.172 0.000  2.123 0.000   2.972 0.000 9999.99 0.259  16.301 0.000   7.479 0.000   8.822 0.000 0.034 0.000  0.897 0.000
228.208333 229.208333  167.12 0.000   1.57 0.000 9.999 0.259   6.55 0.000  0.239 0.000  1.650 0.000   2.310 0.000 9999.99 0.259  14.922 0.000   5.525 0.000   9.397 0.000 0.034 0.000  0.790 0.000
231.208333 232.208333  185.20 0.000   5.43 0.000 9.999 0.259  25.23 0.000  0.230 0.000  3.603 0.000   5.044 0.000 9999.99 0.259  32.325 0.000   8.630 0.000  23.695 0.000 0.060 0.000  3.106 0.000
234.208333 235.208333   55.68 0.000   2.27 0.000 9.999 0.259   4.06 0.000  0.063 0.000  1.655 0.000   2.317 0.000 9999.99 0.259  11.423 0.000   5.099 0.000   6.324 0.000 0.032 0.000  0.532 0.000
237.208333 238.208333   92.63 0.000   1.35 0.000 9.999 0.259   3.53 0.000  0.103 0.000  1.527 0.000   2.137 0.000 9999.99 0.259  15.294 0.000   9.409 0.000   5.885 0.000 0.021 0.000  0.317 0.000
240.208333 241.208333  124.38 0.000   9.67 0.000 9.999 0.259  16.62 0.000  0.259 0.000  3.764 0.000   5.270 0.000 9999.99 0.259  30.671 0.000   8.779 0.000  21.893 0.000 0.069 0.000  3.051 0.000
243.208333 244.208333   76.68 0.000   1.84 0.000 9.999 0.259   5.51 0.000  0.102 0.000  1.443 0.000   2.021 0.000 9999.99 0.259  12.488 0.000   6.556 0.000   5.931 0.000 0.025 0.000  0.702 0.000
246.208333 247.208333  151.87 0.000   2.81 0.000 0.176 0.000   9.67 0.000  0.145 0.000  2.340 0.000   3.276 0.000 9999.99 0.259  20.463 0.000  10.729 0.000   9.734 0.000 0.029 0.000  0.846 0.000
249.208333 250.208333   35.87 0.000   1.32 0.000 9.999 0.259   2.69 0.000  0.122 0.000  1.092 0.000   1.529 0.000   14.13 0.000  15.749 0.000  10.776 0.000   4.973 0.000 0.034 0.000  0.365 0.000
252.208333 253.208333  105.50 0.000   1.52 0.000 9.999 0.259   4.03 0.000  0.135 0.000  1.053 0.000   1.474 0.000 9999.99 0.259  20.707 0.000  12.823 0.000   7.885 0.000 0.054 0.000  0.636 0.000
255.208333 256.208333  123.80 0.000   3.97 0.000 9.999 0.259   9.96 0.000  0.333 0.000  3.644 0.000   5.102 0.000 9999.99 0.259  17.214 0.000   5.933 0.000  11.281 0.000 0.049 0.000  1.115 0.000
258.208333 259.208333  122.91 0.000   1.58 0.000 9.999 0.259   5.59 0.000  0.142 0.000  1.808 0.000   2.531 0.000 9999.99 0.259  16.793 0.000  10.910 0.000   5.883 0.000 0.021 0.000  0.407 0.000
261.208333 262.208333   35.04 0.000   1.52 0.000 9.999 0.259   2.35 0.000  0.034 0.000  0.890 0.000   1.245 0.000 9999.99 0.259   7.450 0.000   4.205 0.000   3.245 0.000 0.018 0.000  0.286 0.000
264.208333 265.208333  180.20 0.000   5.95 0.000 9.999 0.259   8.48 0.000  0.055 0.000  2.861 0.000   4.005 0.000 9999.99 0.259  11.732 0.000   4.619 0.000   7.113 0.000 0.030 0.000  0.312 0.000
267.208333 268.208333  129.72 0.000   2.79 0.000 9.999 0.259   5.12 0.000  0.261 0.000  3.154 0.000   4.416 0.000 9999.99 0.259  19.697 0.000   9.311 0.000  10.386 0.000 0.031 0.000  0.937 0.000
270.208333 271.208333  193.17 0.000   4.45 0.000 9.999 0.259   8.89 0.000  0.603 0.000  4.621 0.000   6.470 0.000  100.72 0.000  26.599 0.000  10.013 0.000  16.586 0.000 0.034 0.000  1.701 0.000
273.208333 274.208333  176.37 0.000   3.90 0.000 9.999 0.259  15.61 0.000  0.443 0.000  2.981 0.000   4.173 0.000 9999.99 0.259  19.428 0.000   8.877 0.000  10.551 0.000 0.024 0.000  0.632 0.000
276.208333 277.208333   53.65 0.000   1.56 0.000 9.999 0.259   3.52 0.000  0.248 0.000  1.384 0.000   1.937 0.000 9999.99 0.259  10.375 0.000   3.760 0.000   6.615 0.000 0.020 0.000  0.537 0.000
279.208333 280.208333  154.53 0.000   6.43 0.000 9.999 0.259  19.60 0.000  0.186 0.000  2.757 0.000   3.859 0.000 9999.99 0.259  18.365 0.000   9.752 0.000   8.614 0.000 0.029 0.000  0.528 0.000
282.208333 283.208333  143.92 0.000   5.85 0.000 9.999 0.259  17.62 0.000  0.903 0.000  3.088 0.000   4.323 0.000 9999.99 0.259  30.506 0.000  11.133 0.000  19.373 0.000 0.044 0.000  2.640 0.000
285.208333 286.208333   67.54 0.000   1.55 0.000 0.076 0.000   5.74 0.000  0.033 0.000  2.197 0.000   3.076 0.000 9999.99 0.259  12.393 0.000   4.612 0.000   7.781 0.000 0.017 0.000  0.296 0.000
288.208333 289.208333  171.63 0.000   4.02 0.000 9.999 0.259   8.83 0.000  0.956 0.000  5.320 0.000   7.449 0.000 9999.99 0.259  24.825 0.000   7.925 0.000  16.900 0.000 0.038 0.000  0.977 0.000
291.208333 292.208333  110.35 0.000   3.39 0.000 0.107 0.000   8.83 0.000  0.170 0.000  1.732 0.000   2.425 0.000 9999.99 0.259  12.006 0.000   4.254 0.000   7.753 0.000 0.023 0.000  0.819 0.000
294.208333 295.208333   97.00 0.000   1.93 0.000 9.999 0.259   7.39 0.000  0.131 0.000  1.747 0.000   2.446 0.000 9999.99 0.259  15.730 0.000   8.515 0.000   7.215 0.000 0.035 0.000  0.537 0.000
297.208333 298.208333   49.76 0.000   2.35 0.000 0.112 0.000   8.99 0.000  0.132 0.000  1.793 0.000   2.510 0.000 9999.99 0.259  11.144 0.000   4.409 0.000   6.735 0.000 0.026 0.000  0.730 0.000
300.208333 301.208333   96.49 0.000   4.91 0.000 0.090 0.000  14.26 0.000  0.220 0.000  2.767 0.000   3.874 0.000 9999.99 0.259  16.425 0.000   5.769 0.000  10.656 0.000 0.044 0.000  1.031 0.000
303.208333 304.208333  105.09 0.000   5.52 0.000 9.999 0.259  11.21 0.000  1.121 0.000  3.374 0.000   4.723 0.000 9999.99 0.259  29.218 0.000   5.570 0.000  23.648 0.000 0.034 0.000  1.993 0.000
306.208333 307.208333   83.12 0.000   2.59 0.000 0.171 0.000   8.92 0.000  0.264 0.000  1.751 0.000   2.451 0.000   34.08 0.000  14.227 0.000   7.449 0.000   6.778 0.000 0.018 0.000  0.504 0.000
309.208333 310.208333   59.14 0.000   3.30 0.000 9.999 0.259   5.81 0.000  0.101 0.000  0.801 0.000   1.121 0.000 9999.99 0.259   7.949 0.000   3.691 0.000   4.257 0.000 0.025 0.000  0.412 0.000
312.208333 313.208333   85.21 0.000   2.14 0.000 0.193 0.000  10.88 0.000  0.033 0.000  0.665 0.000   0.932 0.000   37.32 0.000   7.859 0.000   3.711 0.000   4.149 0.000 0.025 0.000  0.385 0.000
315.208333 316.208333  205.04 0.000   8.40 0.000 9.999 0.259  31.26 0.000  0.976 0.000  3.678 0.000   5.149 0.000 9999.99 0.259  30.413 0.000  13.233 0.000  17.180 0.000 0.079 0.000  1.136 0.000
318.208333 319.208333   62.50 0.000   3.73 0.000 9.999 0.259  15.85 0.000  0.213 0.000  1.902 0.000   2.662 0.000 9999.99 0.259   9.781 0.000   2.686 0.000   7.095 0.000 0.081 0.000  0.561 0.000
321.208333 322.208333  416.11 0.000  14.76 0.000 9.999 0.259  46.34 0.000  1.389 0.000  7.698 0.000  10.777 0.000 9999.99 0.259  42.090 0.000  15.224 0.000  26.866 0.000 0.222 0.000  1.443 0.000
324.208333 325.208333   89.92 0.000   3.58 0.000 9.999 0.259  10.28 0.000  0.623 0.000  1.774 0.000   2.484 0.000 9999.99 0.259  15.981 0.000   3.805 0.000  12.175 0.000 0.094 0.000  0.799 0.000
327.208333 328.208333  141.28 0.000   5.18 0.000 9.999 0.259  12.33 0.000  0.912 0.000  2.638 0.000   3.693 0.000 9999.99 0.259  22.930 0.000   7.187 0.000  15.743 0.000 0.069 0.000  1.130 0.000
330.208333 331.208333   72.07 0.000   8.61 0.000 9.999 0.259  12.46 0.000  0.251 0.000  1.517 0.000   2.124 0.000 9999.99 0.259  10.185 0.000   2.702 0.000   7.483 0.000 0.053 0.000  0.585 0.000
333.208333 334.208333   77.93 0.000   3.14 0.000 9.999 0.259  14.70 0.000  0.053 0.000  1.220 0.000   1.708 0.000   39.01 0.000   8.257 0.000   2.803 0.000   5.454 0.000 0.046 0.000  0.508 0.000
336.208333 337.208333   95.83 0.000   4.67 0.000 9.999 0.259  14.44 0.000  0.928 0.000  1.832 0.000   2.564 0.000   41.83 0.000  17.654 0.000   5.637 0.000  12.017 0.000 0.056 0.000  0.684 0.000
339.208333 340.208333   80.16 0.000   7.34 0.000 9.999 0.259  15.97 0.000  0.604 0.000  3.173 0.000   4.442 0.000 9999.99 0.259  14.352 0.000   2.313 0.000  12.039 0.000 0.064 0.000  0.849 0.000
342.208333 343.208333   88.71 0.000   3.12 0.000 9.999 0.259  13.24 0.000  0.228 0.000  2.216 0.000   3.102 0.000 9999.99 0.259  10.604 0.000   3.151 0.000   7.453 0.000 0.038 0.000  0.773 0.000
345.208333 346.208333   87.55 0.000   3.58 0.000 9.999 0.259  16.42 0.000  0.910 0.000  1.805 0.000   2.526 0.000 9999.99 0.259  16.022 0.000   2.682 0.000  13.341 0.000 0.043 0.000  1.024 0.000
348.208333 349.208333   60.36 0.000   2.85 0.000 0.103 0.000  13.08 0.000  0.185 0.000  1.169 0.000   1.636 0.000 9999.99 0.259   9.287 0.000   3.376 0.000   5.911 0.000 0.030 0.000  0.516 0.000
351.208333 352.208333  104.66 0.000   4.26 0.000 0.090 0.000  19.97 0.000  0.433 0.000  1.880 0.000   2.632 0.000 9999.99 0.259  17.404 0.000   6.685 0.000  10.719 0.000 0.063 0.000  0.801 0.000
354.208333 355.208333   56.13 0.000   2.57 0.000 0.079 0.000  16.29 0.000  0.183 0.000  1.105 0.000   1.547 0.000   29.30 0.000  25.322 0.000  18.589 0.000   6.733 0.000 0.042 0.000  0.423 0.000
357.208333 358.208333   99.66 0.000   2.14 0.000 0.116 0.000  13.83 0.000  0.200 0.000  2.325 0.000   3.255 0.000 9999.99 0.259  20.376 0.000  10.558 0.000   9.818 0.000 0.054 0.000  0.671 0.000
360.208333 361.208333   75.69 0.000   6.08 0.000 9.999 0.259  19.87 0.000  0.440 0.000  2.743 0.000   3.840 0.000   69.78 0.000  17.742 0.000   3.247 0.000  14.495 0.000 0.078 0.000  1.002 0.000
363.208333 364.208333  197.73 0.000  10.37 0.000 9.999 0.259  33.19 0.000  1.296 0.000  4.483 0.000   6.276 0.000 9999.99 0.259  43.614 0.000  19.633 0.000  23.982 0.000 0.108 0.000  1.629 0.000
