scripts/IMPROVE-2019_partial/data/US9078R.20090101080000.20191216000000.filterpack...52w.3d.US03L_filterpack_US9078.US03L_IMPROVE_Davis.lev2.nas
52 1001
MISSING INFORMATION
US03L, IMPROVE, , , , , , , 
MISSING INFORMATION
IMPROVE sel_HTAP
1 1
2009 01 01 2019 12 16
3.000000
days from file reference point
5
1 1 1 1 1
999.999999 999.999 9.999 999.999 9.999
end_time of measurement, days from the file reference point
pm10_mass, ug/m3, Matrix=pm10
numflag pm10_mass, no unit, Matrix=pm10
pm25_mass, ug/m3, Matrix=pm25
numflag pm25_mass, no unit, Matrix=pm25
0
33
Data definition:              EBAS_1.1
Set type code:                TU
Timezone:                     UTC
File name:                    US9078R.20090101080000.20191216000000.filterpack...52w.3d.US03L_filterpack_US9078.US03L_IMPROVE_Davis.lev2.nas
File creation:                20191218121055
Startdate:                    20090101080000
Revision date:                20191216000000
Version:                      2
Version description:          "Data extracted from http://views.cira.colostate.edu/fed/DataWizard 2019-12-16"
Statistics:                   arithmetic mean
Data level:                   2
Period code:                  52w
Resolution code:              3d
Sample duration:              1d
Orig. time res.:              3d
Station code:                 US9078R
Platform code:                US9078S
Station name:                 White Pass
Station latitude:             46.6243
Station longitude:            -121.3881
Station altitude:             1827.0 m
Regime:                       IMG
Component:                    
Unit:                         ug/m3
Matrix:                       
Laboratory code:              US03L
Instrument type:              filterpack
Instrument name:              filterpack_US9078
Method ref:                   US03L_IMPROVE_Davis
Blank correction:             Blank corrected
Volume std. temperature:      ambient
Volume std. pressure:         ambient
starttime endtime PM10 flag_PM10 PM2.5 flag_PM2.5
  0.333333   1.333333 999.999 0.999 999.999 0.999
  3.333333   4.333333 999.999 0.999 999.999 0.999
  6.333333   7.333333  36.468 0.000   0.032 0.000
  9.333333  10.333333   8.999 0.000   0.376 0.000
 12.333333  13.333333   8.019 0.000   0.663 0.000
 15.333333  16.333333   1.771 0.000   0.371 0.000
 18.333333  19.333333   1.273 0.000   1.112 0.000
 21.333333  22.333333   2.075 0.000   0.723 0.000
 24.333333  25.333333   7.903 0.000   1.688 0.000
 27.333333  28.333333   1.136 0.000   0.346 0.000
 30.333333  31.333333   1.913 0.000   1.275 0.000
 33.333333  34.333333   1.509 0.000   0.887 0.000
 36.333333  37.333333   3.634 0.000   1.457 0.000
 39.333333  40.333333   0.930 0.000   0.448 0.000
 42.333333  43.333333   1.651 0.000   0.638 0.000
 45.333333  46.333333   0.508 0.000   0.224 0.000
 48.333333  49.333333   1.640 0.000   0.635 0.000
 51.333333  52.333333   3.462 0.000   1.682 0.000
 54.333333  55.333333   1.402 0.000   0.226 0.000
 57.333333  58.333333   6.081 0.000   0.915 0.000
 60.333333  61.333333   1.509 0.000   0.414 0.000
 63.333333  64.333333   2.837 0.000   0.385 0.000
 66.333333  67.333333   2.196 0.000   1.153 0.000
 69.333333  70.333333   5.586 0.000   2.217 0.000
 72.333333  73.333333   5.949 0.000   1.322 0.000
 75.333333  76.333333 999.999 0.456   0.642 0.000
 78.333333  79.333333   1.339 0.000   0.568 0.000
 81.333333  82.333333   0.678 0.000   0.379 0.000
 84.333333  85.333333   5.359 0.000   1.360 0.000
 87.333333  88.333333   1.534 0.000   0.839 0.000
 90.333333  91.333333   4.683 0.000   1.151 0.000
 93.333333  94.333333   8.040 0.000   3.413 0.000
 96.333333  97.333333   7.134 0.000   3.040 0.000
 99.333333 100.333333   1.782 0.000 999.999 0.259
102.333333 103.333333   0.384 0.000   0.322 0.000
105.333333 106.333333   3.567 0.000   1.976 0.000
108.333333 109.333333   2.119 0.000   1.343 0.000
111.333333 112.333333   5.951 0.000   2.939 0.000
114.333333 115.333333   3.139 0.000   2.064 0.000
117.333333 118.333333   7.529 0.000   2.071 0.000
120.333333 121.333333   9.696 0.000   3.167 0.000
123.333333 124.333333   2.332 0.000   1.351 0.000
126.333333 127.333333   0.632 0.000   0.128 0.000
129.333333 130.333333   4.724 0.000   2.673 0.000
132.333333 133.333333   0.887 0.000   0.575 0.000
135.333333 136.333333   5.252 0.000   3.428 0.000
138.333333 139.333333   0.589 0.000   0.481 0.000
141.333333 142.333333  11.354 0.000   3.358 0.000
144.333333 145.333333   7.375 0.000   5.047 0.000
147.333333 148.333333   4.855 0.000   1.454 0.000
150.333333 151.333333   4.220 0.000   2.597 0.000
153.333333 154.333333  14.683 0.000   3.860 0.000
156.333333 157.333333   1.188 0.000   0.380 0.000
159.333333 160.333333   8.337 0.000   5.668 0.000
162.333333 163.333333   7.612 0.000   4.658 0.000
165.333333 166.333333   4.688 0.000   3.200 0.000
168.333333 169.333333   1.864 0.000   1.154 0.000
171.333333 172.333333   0.797 0.000   0.444 0.000
174.333333 175.333333   4.495 0.000   2.069 0.000
177.333333 178.333333   4.606 0.000   3.453 0.000
180.333333 181.333333   5.350 0.000   3.252 0.000
183.333333 184.333333  12.285 0.000   5.295 0.000
186.333333 187.333333   1.550 0.000   1.025 0.000
189.333333 190.333333   2.774 0.000   1.714 0.000
192.333333 193.333333   5.788 0.000   2.850 0.000
195.333333 196.333333   6.826 0.000   3.515 0.000
198.333333 199.333333   5.451 0.000   3.482 0.000
201.333333 202.333333  16.471 0.000   9.697 0.000
204.333333 205.333333   8.866 0.000   4.723 0.000
207.333333 208.333333   9.477 0.000   5.645 0.000
210.333333 211.333333  20.868 0.000   9.489 0.000
213.333333 214.333333  11.136 0.000   8.838 0.000
216.333333 217.333333   7.514 0.000   4.793 0.000
219.333333 220.333333   3.964 0.000   2.730 0.000
222.333333 223.333333   2.139 0.000   0.503 0.000
225.333333 226.333333   0.797 0.000   0.376 0.000
228.333333 229.333333   6.045 0.000   4.325 0.000
231.333333 232.333333  10.153 0.000   5.440 0.000
234.333333 235.333333   5.168 0.000   4.014 0.000
237.333333 238.333333   1.978 0.000   0.929 0.000
240.333333 241.333333   4.233 0.000   2.933 0.000
243.333333 244.333333   7.106 0.000   5.466 0.000
246.333333 247.333333   4.944 0.000   2.148 0.000
249.333333 250.333333   0.504 0.000   0.725 0.000
252.333333 253.333333   3.766 0.000   1.728 0.000
255.333333 256.333333   8.350 0.000   5.053 0.000
258.333333 259.333333 999.999 0.999 999.999 0.999
261.333333 262.333333   1.629 0.000   1.365 0.000
264.333333 265.333333  12.042 0.000   4.604 0.000
267.333333 268.333333   5.257 0.000   3.872 0.000
270.333333 271.333333  42.424 0.000  30.873 0.659
273.333333 274.333333   1.812 0.000   0.095 0.000
276.333333 277.333333   9.856 0.000   1.883 0.000
279.333333 280.333333   5.194 0.000   2.272 0.000
282.333333 283.333333  26.344 0.000   6.393 0.000
285.333333 286.333333  29.479 0.000   1.486 0.000
288.333333 289.333333   3.029 0.000   1.260 0.000
291.333333 292.333333   6.444 0.000   5.040 0.000
294.333333 295.333333   3.018 0.000   1.209 0.000
297.333333 298.333333   2.259 0.000   1.561 0.000
300.333333 301.333333   2.110 0.000   1.674 0.000
303.333333 304.333333   0.255 0.000   0.031 0.000
306.333333 307.333333   5.173 0.000   0.952 0.000
309.333333 310.333333   1.846 0.000   0.442 0.000
312.333333 313.333333   2.392 0.000   0.604 0.000
315.333333 316.333333   1.680 0.000   0.538 0.000
318.333333 319.333333 999.999 0.259   0.345 0.000
321.333333 322.333333   3.856 0.000   0.285 0.000
324.333333 325.333333   3.698 0.000   0.191 0.000
327.333333 328.333333 999.999 0.259   0.095 0.000
330.333333 331.333333   0.299 0.000   0.188 0.000
333.333333 334.333333   0.385 0.000   0.313 0.000
336.333333 337.333333   1.887 0.000   0.625 0.000
339.333333 340.333333  15.117 0.000   1.637 0.000
342.333333 343.333333  16.014 0.000   0.577 0.000
345.333333 346.333333   6.229 0.000   0.672 0.000
348.333333 349.333333   1.262 0.000   0.421 0.000
351.333333 352.333333   3.026 0.000   0.845 0.000
354.333333 355.333333   0.731 0.000   0.097 0.000
357.333333 358.333333   1.361 0.000   0.810 0.000
360.333333 361.333333   1.135 0.000   0.958 0.000
363.333333 364.333333 999.999 0.999 999.999 0.999
