scripts/IMPROVE-2019_partial/data/US9039R.20140102070000.20191216000000.filterpack...52w.3d.US03L_filterpack_US9039.US03L_IMPROVE_Davis.lev2.nas
51 1001
MISSING INFORMATION
US03L, IMPROVE, , , , , , , 
MISSING INFORMATION
IMPROVE sel_HTAP
1 1
2014 01 01 2019 12 16
3.000000
days from file reference point
4
1 1 1 1
999.999999 9999.999 999.999 9.999
end_time of measurement, days from the file reference point
pm10_mass, ug/m3, Matrix=pm10
pm25_mass, ug/m3, Matrix=pm25
numflag, no unit
0
33
Data definition:              EBAS_1.1
Set type code:                TU
Timezone:                     UTC
File name:                    US9039R.20140102070000.20191216000000.filterpack...52w.3d.US03L_filterpack_US9039.US03L_IMPROVE_Davis.lev2.nas
File creation:                20191218120802
Startdate:                    20140102070000
Revision date:                20191216000000
Version:                      2
Version description:          "Data extracted from http://views.cira.colostate.edu/fed/DataWizard 2019-12-16"
Statistics:                   arithmetic mean
Data level:                   2
Period code:                  52w
Resolution code:              3d
Sample duration:              1d
Orig. time res.:              3d
Station code:                 US9039R
Platform code:                US9039S
Station name:                 Saguaro West
Station latitude:             32.2486
Station longitude:            -111.2178
Station altitude:             714.0 m
Regime:                       IMG
Component:                    
Unit:                         ug/m3
Matrix:                       
Laboratory code:              US03L
Instrument type:              filterpack
Instrument name:              filterpack_US9039
Method ref:                   US03L_IMPROVE_Davis
Blank correction:             Blank corrected
Volume std. temperature:      ambient
Volume std. pressure:         ambient
starttime endtime PM10 PM2.5 flag
  1.291667   2.291667   14.187   4.526 0.000
  4.291667   5.291667   11.837   4.434 0.000
  7.291667   8.291667   15.192   3.941 0.000
 10.291667  11.291667   16.052   4.279 0.000
 13.291667  14.291667   21.501   4.453 0.000
 16.291667  17.291667   20.786   6.747 0.000
 19.291667  20.291667   17.056   5.633 0.000
 22.291667  23.291667   29.899   7.279 0.000
 25.291667  26.291667   24.039   5.829 0.000
 28.291667  29.291667   16.183   3.973 0.000
 31.291667  32.291667   12.501   3.034 0.000
 34.291667  35.291667    8.016   2.636 0.000
 37.291667  38.291667    6.652   2.478 0.000
 40.291667  41.291667    9.626   2.696 0.000
 43.291667  44.291667   19.006   4.531 0.000
 46.291667  47.291667   16.277   4.091 0.000
 49.291667  50.291667   13.122   4.555 0.000
 52.291667  53.291667   23.126   5.627 0.000
 55.291667  56.291667   18.971   5.325 0.000
 58.291667  59.291667   12.528   2.646 0.000
 61.291667  62.291667    6.948   2.619 0.000
 64.291667  65.291667   11.639   3.916 0.000
 67.291667  68.291667    8.086   1.170 0.000
 70.291667  71.291667   38.297   7.191 0.000
 73.291667  74.291667   23.896   4.351 0.000
 76.291667  77.291667   21.345   5.516 0.000
 79.291667  80.291667   20.824   5.511 0.000
 82.291667  83.291667   16.937   4.593 0.000
 85.291667  86.291667   15.874   4.715 0.000
 88.291667  89.291667   22.545   6.995 0.000
 91.291667  92.291667   15.915   4.937 0.000
 94.291667  95.291667   11.565   3.059 0.000
 97.291667  98.291667   15.949   4.687 0.000
100.291667 101.291667   14.175   4.861 0.000
103.291667 104.291667   12.834   4.321 0.000
106.291667 107.291667   22.587   6.729 0.000
109.291667 110.291667   10.348   3.795 0.000
112.291667 113.291667   21.244   6.620 0.000
115.291667 116.291667   39.047   8.536 0.000
118.291667 119.291667   14.178   4.128 0.000
121.291667 122.291667   56.168  13.133 0.000
124.291667 125.291667   26.917   7.587 0.000
127.291667 128.291667 9999.999 999.999 0.999
130.291667 131.291667 9999.999 999.999 0.999
133.291667 134.291667   47.603   8.400 0.000
136.291667 137.291667   22.337   6.907 0.000
139.291667 140.291667   20.077   5.422 0.000
142.291667 143.291667   19.609   5.669 0.000
145.291667 146.291667   23.538  13.738 0.000
148.291667 149.291667   17.921   5.582 0.000
151.291667 152.291667   13.232   4.658 0.000
154.291667 155.291667   15.165   5.631 0.000
157.291667 158.291667   24.547   7.668 0.000
160.291667 161.291667   37.687  12.870 0.000
163.291667 164.291667   25.529   8.471 0.000
166.291667 167.291667   23.536   6.053 0.000
169.291667 170.291667   16.510   4.531 0.000
172.291667 173.291667   15.705   3.831 0.000
175.291667 176.291667   25.793   5.425 0.000
178.291667 179.291667   13.586   3.539 0.000
181.291667 182.291667   16.186   3.450 0.000
184.291667 185.291667   14.198   6.321 0.000
187.291667 188.291667   17.264   4.858 0.000
190.291667 191.291667    7.306   3.069 0.000
193.291667 194.291667   12.559   4.404 0.000
196.291667 197.291667   11.211   3.956 0.000
199.291667 200.291667   13.713   4.886 0.000
202.291667 203.291667   17.121   5.315 0.000
205.291667 206.291667  130.784  27.505 0.000
208.291667 209.291667    9.534   4.125 0.000
211.291667 212.291667   12.037   4.974 0.000
214.291667 215.291667    8.378   4.020 0.000
217.291667 218.291667   10.874   4.697 0.000
220.291667 221.291667   12.278   4.362 0.000
223.291667 224.291667   12.060   4.952 0.000
226.291667 227.291667    8.465   3.662 0.000
229.291667 230.291667    4.919   2.105 0.000
232.291667 233.291667   21.533   6.223 0.000
235.291667 236.291667    9.338   2.616 0.000
238.291667 239.291667   13.948   5.086 0.000
241.291667 242.291667   18.261   4.518 0.000
244.291667 245.291667   16.715   4.961 0.000
247.291667 248.291667   10.812   3.794 0.000
250.291667 251.291667    5.199   2.954 0.000
253.291667 254.291667   10.861   3.792 0.000
256.291667 257.291667    6.201   1.962 0.000
259.291667 260.291667    3.660   2.550 0.000
262.291667 263.291667    9.759   3.547 0.000
265.291667 266.291667   13.775   4.154 0.000
268.291667 269.291667   12.369   5.066 0.000
271.291667 272.291667   11.437   3.289 0.000
274.291667 275.291667   17.334   4.969 0.000
277.291667 278.291667   11.664   4.020 0.000
280.291667 281.291667    4.734   2.820 0.000
283.291667 284.291667   10.446   5.002 0.000
286.291667 287.291667   12.830   2.904 0.000
289.291667 290.291667   14.981   4.080 0.000
292.291667 293.291667    7.900   3.090 0.000
295.291667 296.291667   15.252   4.503 0.000
298.291667 299.291667   12.629   5.174 0.000
301.291667 302.291667   24.723   6.759 0.000
304.291667 305.291667   18.158   5.033 0.000
307.291667 308.291667   11.414   2.795 0.000
310.291667 311.291667   11.467   3.204 0.000
313.291667 314.291667   12.614   3.402 0.000
316.291667 317.291667   10.908   3.578 0.000
319.291667 320.291667   15.741   3.637 0.000
322.291667 323.291667   18.895   4.592 0.000
325.291667 326.291667   11.919   3.391 0.000
328.291667 329.291667   17.284   3.467 0.000
331.291667 332.291667   14.758   4.135 0.000
334.291667 335.291667   30.940   5.915 0.000
337.291667 338.291667    4.923   2.090 0.000
340.291667 341.291667    6.664   3.475 0.000
343.291667 344.291667   13.496   5.039 0.000
346.291667 347.291667    2.997   1.779 0.000
349.291667 350.291667    6.201   2.435 0.000
352.291667 353.291667    5.912   3.468 0.000
355.291667 356.291667    5.701   2.822 0.000
358.291667 359.291667 9999.999 999.999 0.999
361.291667 362.291667 9999.999 999.999 0.999
364.291667 365.291667    5.611   2.074 0.000
