scripts/IMPROVE-2019_partial/data/US9032R.20030103090000.20191216000000.filterpack..pm25.1y.1w.US03L_filterpack_US9032.US03L_IMPROVE_Davis.lev2.nas
66 1001
MISSING INFORMATION
US03L, IMPROVE, , , , , , , 
MISSING INFORMATION
IMPROVE sel_HTAP
1 1
2003 01 01 2019 12 16
3.000
days from file reference point
27
1 1 1 1 1 1 1 1 1 1 1 1 1 1 1 1 1 1 1 1 1 1 1 1 1 1 1
999.999 999.99 9.999 99.99 9.999999 9.999 9.999999 9.99 9.999999 9.999 9.999999 99.999 9.999 99.999 9.999 99.99 9.999999 999.999 9.999 999.999 9.999 99.999 9.999 9.999 9.999 9.999 9.999
end_time of measurement, days from the file reference point
iron, ng/m3, Revision date=20181210133000
numflag iron, no unit, Revision date=20181210133000
lead, ng/m3, Revision date=20181210133000
numflag lead, no unit, Revision date=20181210133000
magnesium, ug/m3, Revision date=20181210133000
numflag magnesium, no unit, Revision date=20181210133000
nickel, ng/m3, Revision date=20181210133000
numflag nickel, no unit, Revision date=20181210133000
nitrate, ug N/m3, Revision date=20181210133000
numflag nitrate, no unit, Revision date=20181210133000
organic_carbon, ug C/m3, Revision date=20181210133000
numflag organic_carbon, no unit, Revision date=20181210133000
organic_mass, ug/m3, Revision date=20181210133000
numflag organic_mass, no unit, Revision date=20181210133000
phosphorus, ng/m3, Revision date=20181210133000
numflag phosphorus, no unit, Revision date=20181210133000
pm10_mass, ug/m3, Version=2, Version description=Data extracted from http://views.cira.colostate.edu/fed/DataWizard 2019-12-16, Sample duration=1d, Orig. time res.=3d, Matrix=pm10, Blank correction=Blank corrected, Volume std. temperature=ambient, Volume std. pressure=ambient
numflag pm10_mass, no unit, Version=2, Version description=Data extracted from http://views.cira.colostate.edu/fed/DataWizard 2019-12-16, Sample duration=1d, Orig. time res.=3d, Matrix=pm10, Blank correction=Blank corrected, Volume std. temperature=ambient, Volume std. pressure=ambient
pm10_pm25_mass, ug/m3, Revision date=20181210133000, Matrix=pm10_pm25
numflag pm10_pm25_mass, no unit, Revision date=20181210133000, Matrix=pm10_pm25
pm25_mass, ug/m3, Version=2, Version description=Data extracted from http://views.cira.colostate.edu/fed/DataWizard 2019-12-16, Sample duration=1d, Orig. time res.=3d, Blank correction=Blank corrected, Volume std. temperature=ambient, Volume std. pressure=ambient
numflag pm25_mass, no unit, Version=2, Version description=Data extracted from http://views.cira.colostate.edu/fed/DataWizard 2019-12-16, Sample duration=1d, Orig. time res.=3d, Blank correction=Blank corrected, Volume std. temperature=ambient, Volume std. pressure=ambient
potassium, ug/m3, Revision date=20181210133000
numflag potassium, no unit, Revision date=20181210133000
sulphate_total, ug S/m3, Revision date=20181210133000
numflag sulphate_total, no unit, Revision date=20181210133000
0
25
Data definition:              EBAS_1.1
Set type code:                TU
Timezone:                     UTC
File name:                    US9032R.20030103090000.20191216000000.filterpack..pm25.1y.1w.US03L_filterpack_US9032.US03L_IMPROVE_Davis.lev2.nas
File creation:                20191218120721
Startdate:                    20030103090000
Revision date:                20191216000000
Statistics:                   arithmetic mean
Data level:                   2
Period code:                  1y
Resolution code:              1w
Station code:                 US9032R
Platform code:                US9032S
Station name:                 Trapper Creek
Station latitude:             62.3153
Station longitude:            -150.3156
Station altitude:             155.0 m
Regime:                       IMG
Component:                    
Matrix:                       pm25
Laboratory code:              US03L
Instrument type:              filterpack
Instrument name:              filterpack_US9032
Method ref:                   US03L_IMPROVE_Davis
starttime endtime Fe flag_Fe Pb flag_Pb Mg++ flag_Mg++ Ni flag_Ni NO3- flag_NO3- OC flag_OC OM flag_OM P flag_P PM10 flag_PM10 PM10-PM2.5 flag_PM10-PM2.5 PM2.5 flag_PM2.5 K+ flag_K+ SO4-- flag_SO4--
[from data line 83]
251.375 252.375   4.77 0.000  0.41 0.000000 9.999 0.259000 9.99 0.259000 0.008 0.559000  0.532 0.000  0.745 0.000 99.99 0.259000   4.517 0.000   3.011 0.000  1.506 0.000 0.007 0.000 0.074 0.559
254.375 255.375   5.67 0.000  0.50 0.000000 9.999 0.259000 0.12 0.000000 0.026 0.559000  2.322 0.000  3.251 0.000 99.99 0.259000   7.878 0.000   2.771 0.000  5.107 0.000 0.019 0.000 0.104 0.559
257.375 258.375  12.20 0.000  0.17 0.000000 9.999 0.259000 0.05 0.000000 0.002 0.559000  0.394 0.000  0.551 0.000 99.99 0.259000   5.115 0.000   4.195 0.000  0.920 0.000 0.006 0.000 0.040 0.559
260.375 261.375  20.17 0.000 99.99 0.259000 9.999 0.259000 0.10 0.000000 0.001 0.559000  0.158 0.000  0.221 0.000 99.99 0.259000   0.139 0.000 999.999 0.259  0.841 0.000 0.009 0.000 0.028 0.559
263.375 264.375  15.74 0.000  0.19 0.000000 9.999 0.259000 0.05 0.000000 0.002 0.559000  0.136 0.000  0.190 0.000 99.99 0.259000   0.139 0.000 999.999 0.259  0.741 0.000 0.007 0.000 0.028 0.559
266.375 267.375   9.95 0.559  0.20 0.559000 0.024 0.559000 9.99 0.559259 0.002 0.559000  0.146 0.000  0.205 0.000 99.99 0.559259   3.472 0.000   2.739 0.000  0.733 0.559 0.006 0.559 0.026 0.559
269.375 270.375   2.87 0.559  0.26 0.559000 9.999 0.559259 9.99 0.559259 0.010 0.559000  0.298 0.000  0.417 0.000 99.99 0.559259   2.552 0.000   0.678 0.000  1.874 0.559 0.005 0.559 0.211 0.559
272.375 273.375   2.44 0.000  0.19 0.000000 9.999 0.259000 0.08 0.000000 0.002 0.000000  0.641 0.000  0.898 0.000  7.81 0.000000   2.770 0.000   1.587 0.000  1.183 0.000 0.012 0.000 0.020 0.000
275.375 276.375   1.40 0.000  0.13 0.000000 0.015 0.000000 9.99 0.259000 0.002 0.000000  0.137 0.000  0.192 0.000  2.52 0.000000   1.114 0.000   0.655 0.000  0.459 0.000 0.006 0.000 0.005 0.000
278.375 279.375   4.79 0.000  0.21 0.000000 0.025 0.000000 9.99 0.259000 0.004 0.000000  0.774 0.000  1.084 0.000  8.54 0.000000   3.008 0.000   1.425 0.000  1.583 0.000 0.012 0.000 0.023 0.000
281.375 282.375   4.11 0.000  0.63 0.000000 9.999 0.259000 0.04 0.000000 0.016 0.000000  0.682 0.000  0.955 0.000 99.99 0.259000   2.117 0.000   0.840 0.000  1.277 0.000 0.009 0.000 0.028 0.000
284.375 285.375   4.03 0.000  0.38 0.000000 9.999 0.259000 9.99 0.259000 0.004 0.000000  0.415 0.000  0.582 0.000 99.99 0.259000   1.426 0.000   0.787 0.000  0.640 0.000 0.005 0.000 0.025 0.000
287.375 288.375   2.81 0.000  0.15 0.000000 0.027 0.000000 0.10 0.000000 0.002 0.000000 99.999 0.259 99.999 0.259 99.99 0.259000   0.780 0.000   0.406 0.000  0.374 0.000 0.005 0.000 0.029 0.000
290.375 291.375  27.49 0.000  0.39 0.000000 9.999 0.259000 0.05 0.000000 0.004 0.000000  0.241 0.000  0.337 0.000 99.99 0.259000  11.649 0.000  10.247 0.000  1.401 0.000 0.017 0.000 0.083 0.000
293.375 294.375   3.33 0.000  0.17 0.000000 9.999 0.259000 9.99 0.259000 0.003 0.000000  0.283 0.000  0.396 0.000 99.99 0.259000   1.389 0.000   0.602 0.000  0.787 0.000 0.003 0.000 0.041 0.000
296.375 297.375   2.05 0.000  0.13 0.000000 9.999 0.259000 9.99 0.259000 0.001 0.000000  0.182 0.000  0.255 0.000 99.99 0.259000   0.597 0.000   0.259 0.000  0.338 0.000 0.003 0.000 0.009 0.000
299.375 300.375   2.87 0.000  0.21 0.000000 9.999 0.259000 9.99 0.259000 0.015 0.000000  0.365 0.000  0.511 0.000 99.99 0.259000   2.016 0.000   0.806 0.000  1.210 0.000 0.008 0.000 0.060 0.000
302.375 303.375   8.19 0.000  0.31 0.000000 9.999 0.259000 0.07 0.000000 0.005 0.000000  0.097 0.000  0.136 0.000 99.99 0.259000   2.966 0.000   1.723 0.000  1.242 0.000 0.016 0.000 0.095 0.000
305.375 306.375  12.14 0.000  0.29 0.000000 9.999 0.259000 0.07 0.000000 0.005 0.000000  0.668 0.000  0.935 0.000  4.68 0.000000   2.277 0.000   0.486 0.000  1.791 0.000 0.008 0.000 0.057 0.000
308.375 309.375   2.81 0.000  0.16 0.000000 9.999 0.259000 9.99 0.259000 9.999 0.259000  0.166 0.000  0.232 0.000 99.99 0.259000   0.933 0.000   0.260 0.000  0.673 0.000 0.003 0.000 0.014 0.000
311.375 312.375   3.81 0.000  0.36 0.000000 0.025 0.000000 0.05 0.000000 9.999 0.259000  0.087 0.000  0.122 0.000 99.99 0.259000   1.979 0.000   0.757 0.000  1.222 0.000 0.009 0.000 0.059 0.000
314.375 315.375   1.66 0.000  0.19 0.000000 0.028 0.000000 0.06 0.000000 9.999 0.259000 99.999 0.259 99.999 0.259 99.99 0.259000   1.479 0.000   0.940 0.000  0.540 0.000 0.002 0.000 0.029 0.000
317.375 318.375   3.57 0.000  0.33 0.000000 9.999 0.259000 0.08 0.000000 0.006 0.000000  0.220 0.000  0.307 0.000  3.58 0.000000   1.442 0.000   0.383 0.000  1.059 0.000 0.006 0.000 0.072 0.000
320.375 321.375   7.96 0.000  0.20 0.000000 9.999 0.259000 0.06 0.000000 9.999 0.259000  0.021 0.000  0.029 0.000 99.99 0.259000   1.336 0.000   0.713 0.000  0.623 0.000 0.004 0.000 0.028 0.000
323.375 324.375   4.09 0.000  0.23 0.000000 0.019 0.000000 0.05 0.000000 0.006 0.000000 99.999 0.259 99.999 0.259 99.99 0.259000   1.132 0.000   0.447 0.000  0.685 0.000 0.004 0.000 0.061 0.000
326.375 327.375   4.58 0.000  0.24 0.000000 0.043 0.000000 9.99 0.259000 0.007 0.000000  0.243 0.000  0.341 0.000 99.99 0.259000   1.389 0.000   0.664 0.000  0.725 0.000 0.005 0.000 0.027 0.000
329.375 330.375  16.74 0.000  0.28 0.000000 0.019 0.000000 0.04 0.000000 0.015 0.000000  0.006 0.000  0.008 0.000 99.99 0.259000   2.391 0.000   1.117 0.000  1.274 0.000 0.011 0.000 0.054 0.000
332.375 333.375   4.26 0.000  0.34 0.000000 0.015 0.000000 0.09 0.000000 0.019 0.000000  0.191 0.000  0.267 0.000 99.99 0.259000   1.183 0.000   0.311 0.000  0.872 0.000 0.005 0.000 0.047 0.000
335.375 336.375   6.45 0.000  0.35 0.000000 9.999 0.259000 0.09 0.000000 0.020 0.000000  0.531 0.000  0.743 0.000 99.99 0.259000   2.908 0.000   0.444 0.000  2.464 0.000 0.015 0.000 0.103 0.000
338.375 339.375   9.37 0.000  0.41 0.000000 0.038 0.000000 0.08 0.000000 0.007 0.000000  0.112 0.000  0.157 0.000 99.99 0.259000   1.126 0.000   0.395 0.000  0.731 0.000 0.006 0.000 0.039 0.000
341.375 342.375   6.51 0.000  0.26 0.000000 9.999 0.259000 9.99 0.259000 0.006 0.000000  0.067 0.000  0.093 0.000 99.99 0.259000   1.014 0.000   0.391 0.000  0.623 0.000 0.004 0.000 0.042 0.000
344.375 345.375   3.91 0.000  0.22 0.000000 9.999 0.259000 0.07 0.000000 0.002 0.000000  0.151 0.000  0.212 0.000 99.99 0.259000   0.751 0.000   0.361 0.000  0.389 0.000 0.002 0.000 0.024 0.000
347.375 348.375   1.36 0.000 99.99 0.259000 9.999 0.259000 9.99 0.259000 0.003 0.000000  0.125 0.000  0.175 0.000 99.99 0.259000   0.338 0.000   0.147 0.000  0.191 0.000 0.001 0.000 0.016 0.000
350.375 351.375   1.81 0.000  0.36 0.000000 0.102 0.000000 9.99 0.259000 0.004 0.000000  0.112 0.000  0.157 0.000 99.99 0.259000   0.528 0.000   0.063 0.000  0.465 0.000 0.002 0.000 0.011 0.000
353.375 354.375   1.70 0.000  0.62 0.000000 0.131 0.000000 9.99 0.259000 0.010 0.000000  0.094 0.000  0.131 0.000 99.99 0.259000   0.676 0.000   0.097 0.000  0.579 0.000 0.002 0.000 0.044 0.000
356.375 357.375   3.13 0.000  0.32 0.000000 9.999 0.259000 0.06 0.000000 0.018 0.000000  0.465 0.000  0.650 0.000 99.99 0.259000   1.547 0.000   0.438 0.000  1.110 0.000 0.006 0.000 0.058 0.000
359.375 360.375   6.26 0.000  0.18 0.000000 0.029 0.000000 9.99 0.259000 0.013 0.000000  0.300 0.000  0.421 0.000 99.99 0.259000   1.526 0.000   0.465 0.000  1.061 0.000 0.029 0.000 0.083 0.000
362.375 363.375   2.09 0.000  0.08 0.000000 9.999 0.259000 9.99 0.259000 0.004 0.000000  0.168 0.000  0.234 0.000 99.99 0.259000   0.638 0.000   0.354 0.000  0.284 0.000 0.002 0.000 0.016 0.000
