scripts/IMPROVE-2019_partial/data/US9019R.20160101050000.20191216000000.filterpack...52w.3d.US03L_filterpack_US9019.US03L_IMPROVE_Davis.lev2.nas
52 1001
MISSING INFORMATION
US03L, IMPROVE, , , , , , , 
MISSING INFORMATION
IMPROVE sel_HTAP
1 1
2016 01 01 2019 12 16
3.000000
days from file reference point
5
1 1 1 1 1
999.999999 999.999 9.999 999.999 9.999
end_time of measurement, days from the file reference point
pm10_mass, ug/m3, Matrix=pm10
numflag pm10_mass, no unit, Matrix=pm10
pm25_mass, ug/m3, Matrix=pm25
numflag pm25_mass, no unit, Matrix=pm25
0
33
Data definition:              EBAS_1.1
Set type code:                TU
Timezone:                     UTC
File name:                    US9019R.20160101050000.20191216000000.filterpack...52w.3d.US03L_filterpack_US9019.US03L_IMPROVE_Davis.lev2.nas
File creation:                20191218120623
Startdate:                    20160101050000
Revision date:                20191216000000
Version:                      2
Version description:          "Data extracted from http://views.cira.colostate.edu/fed/DataWizard 2019-12-16"
Statistics:                   arithmetic mean
Data level:                   2
Period code:                  52w
Resolution code:              3d
Sample duration:              1d
Orig. time res.:              3d
Station code:                 US9019R
Platform code:                US9019S
Station name:                 Quaker City
Station latitude:             39.9428
Station longitude:            -81.3378
Station altitude:             366.0 m
Regime:                       IMG
Component:                    
Unit:                         ug/m3
Matrix:                       
Laboratory code:              US03L
Instrument type:              filterpack
Instrument name:              filterpack_US9019
Method ref:                   US03L_IMPROVE_Davis
Blank correction:             Blank corrected
Volume std. temperature:      ambient
Volume std. pressure:         ambient
starttime endtime PM10 flag_PM10 PM2.5 flag_PM2.5
  0.208333   1.208333   6.469 0.000   4.875 0.000
  3.208333   4.208333   4.701 0.000   2.220 0.000
  6.208333   7.208333  12.216 0.000   6.261 0.000
  9.208333  10.208333   2.723 0.000   1.400 0.000
 12.208333  13.208333  13.894 0.000   8.461 0.000
 15.208333  16.208333   8.300 0.000   7.078 0.000
 18.208333  19.208333  16.213 0.000   6.228 0.000
 21.208333  22.208333  14.077 0.000   9.285 0.000
 24.208333  25.208333   7.153 0.000   4.808 0.000
 27.208333  28.208333   9.343 0.000   6.181 0.000
 30.208333  31.208333   8.342 0.000   5.113 0.000
 33.208333  34.208333   5.965 0.000   3.273 0.000
 36.208333  37.208333   5.794 0.000   3.499 0.000
 39.208333  40.208333  12.354 0.000   7.909 0.000
 42.208333  43.208333   9.397 0.000   6.423 0.000
 45.208333  46.208333   6.885 0.000   5.480 0.000
 48.208333  49.208333 999.999 0.999 999.999 0.999
 51.208333  52.208333 999.999 0.999 999.999 0.999
 54.208333  55.208333   2.366 0.000   1.456 0.000
 57.208333  58.208333   6.685 0.000   3.807 0.000
 60.208333  61.208333   8.465 0.000   4.211 0.000
 63.208333  64.208333  11.196 0.000   8.894 0.000
 66.208333  67.208333   8.541 0.000   6.314 0.000
 69.208333  70.208333 999.999 0.999 999.999 0.999
 72.208333  73.208333  11.387 0.000   8.346 0.000
 75.208333  76.208333   8.265 0.000   3.103 0.000
 78.208333  79.208333   5.934 0.000   3.385 0.000
 81.208333  82.208333  18.046 0.000  10.099 0.000
 84.208333  85.208333  13.787 0.000   9.312 0.000
 87.208333  88.208333 999.999 0.999 999.999 0.999
 90.208333  91.208333 999.999 0.999 999.999 0.999
 93.208333  94.208333  17.027 0.000   9.115 0.000
 96.208333  97.208333  11.432 0.000   5.867 0.000
 99.208333 100.208333   4.313 0.000   2.902 0.000
102.208333 103.208333   8.376 0.000   3.233 0.000
105.208333 106.208333  16.626 0.000   6.059 0.000
108.208333 109.208333  18.056 0.000   7.609 0.000
111.208333 112.208333  24.870 0.000  10.653 0.000
114.208333 115.208333  10.409 0.000 999.999 0.456
117.208333 118.208333  10.839 0.000   6.432 0.000
120.208333 121.208333   9.931 0.000   7.582 0.000
123.208333 124.208333   7.699 0.000   3.787 0.000
126.208333 127.208333  10.164 0.000   4.522 0.000
129.208333 130.208333  10.742 0.000   7.486 0.000
132.208333 133.208333  11.558 0.000   4.944 0.000
135.208333 136.208333   6.908 0.000   2.230 0.000
138.208333 139.208333   8.608 0.000   5.141 0.000
141.208333 142.208333   5.460 0.000   3.104 0.000
144.208333 145.208333  19.331 0.000 999.999 0.456
147.208333 148.208333  18.722 0.000  10.481 0.000
150.208333 151.208333  13.786 0.000   6.892 0.000
153.208333 154.208333  14.395 0.000   9.054 0.000
156.208333 157.208333  11.908 0.000   6.097 0.000
159.208333 160.208333  10.226 0.000   2.824 0.000
162.208333 163.208333  20.913 0.000  10.233 0.000
165.208333 166.208333  15.800 0.000   5.202 0.000
168.208333 169.208333  15.675 0.000   8.435 0.000
171.208333 172.208333  15.700 0.000   9.542 0.000
174.208333 175.208333  11.334 0.000   6.415 0.000
177.208333 178.208333  15.870 0.000  10.884 0.000
180.208333 181.208333  15.551 0.000   6.116 0.000
183.208333 184.208333  10.527 0.000   3.776 0.000
186.208333 187.208333  13.070 0.000   5.099 0.000
189.208333 190.208333 999.999 0.999 999.999 0.999
192.208333 193.208333 999.999 0.999 999.999 0.999
195.208333 196.208333  12.990 0.000   5.712 0.000
198.208333 199.208333  11.433 0.000   6.503 0.000
201.208333 202.208333  15.097 0.000   9.256 0.000
204.208333 205.208333  12.064 0.000   7.321 0.000
207.208333 208.208333  21.780 0.000   7.897 0.000
210.208333 211.208333  14.685 0.000   9.669 0.000
213.208333 214.208333 999.999 0.999 999.999 0.999
216.208333 217.208333  11.033 0.000   4.648 0.000
219.208333 220.208333  10.056 0.000   4.169 0.000
222.208333 223.208333  13.053 0.000   5.638 0.000
225.208333 226.208333   9.726 0.000   5.326 0.000
228.208333 229.208333  12.507 0.000   3.324 0.000
231.208333 232.208333  17.028 0.000  10.710 0.000
234.208333 235.208333   7.757 0.000   3.488 0.000
237.208333 238.208333  16.038 0.000   9.790 0.000
240.208333 241.208333  13.170 0.000   7.264 0.000
243.208333 244.208333  13.396 0.000   7.100 0.000
246.208333 247.208333  10.399 0.000   4.128 0.000
249.208333 250.208333  21.362 0.000 999.999 0.456
252.208333 253.208333   8.226 0.000   4.589 0.000
255.208333 256.208333   8.551 0.000   4.298 0.000
258.208333 259.208333  13.534 0.000   5.819 0.000
261.208333 262.208333 999.999 0.456   6.277 0.000
264.208333 265.208333  14.316 0.000   7.120 0.000
267.208333 268.208333  12.133 0.000   7.058 0.000
270.208333 271.208333 999.999 0.456 999.999 0.456
273.208333 274.208333 999.999 0.456   1.105 0.000
276.208333 277.208333 999.999 0.456   4.348 0.000
279.208333 280.208333 999.999 0.456   4.568 0.000
282.208333 283.208333 999.999 0.456   3.348 0.000
285.208333 286.208333  11.631 0.000   5.288 0.000
288.208333 289.208333  16.399 0.000  10.126 0.000
291.208333 292.208333 999.999 0.456   6.838 0.000
294.208333 295.208333   3.272 0.000   1.335 0.000
297.208333 298.208333 999.999 0.999 999.999 0.999
300.208333 301.208333  14.837 0.000   8.967 0.000
303.208333 304.208333  13.942 0.000   8.199 0.000
306.208333 307.208333  22.188 0.000  13.204 0.000
309.208333 310.208333   6.687 0.000   4.418 0.000
312.208333 313.208333  23.535 0.000  17.600 0.000
315.208333 316.208333   6.673 0.000   2.585 0.000
318.208333 319.208333  11.672 0.000   8.402 0.000
321.208333 322.208333  22.252 0.000  12.429 0.000
324.208333 325.208333   3.091 0.000   1.212 0.000
327.208333 328.208333   9.145 0.000   5.337 0.000
330.208333 331.208333   6.657 0.000   6.214 0.000
333.208333 334.208333 999.999 0.456   4.112 0.000
336.208333 337.208333 999.999 0.456   2.521 0.000
339.208333 340.208333 999.999 0.456   3.465 0.000
342.208333 343.208333 999.999 0.456   4.067 0.000
345.208333 346.208333 999.999 0.456   5.673 0.000
348.208333 349.208333  11.220 0.000   9.364 0.000
351.208333 352.208333 999.999 0.999 999.999 0.999
354.208333 355.208333 999.999 0.999 999.999 0.999
357.208333 358.208333  10.966 0.000   8.637 0.000
360.208333 361.208333   7.725 0.000   5.693 0.000
363.208333 364.208333   5.808 0.000   2.673 0.000
