scripts/IMPROVE-2019_partial/data/US9030R.20040101090000.20191216000000.filterpack..pm25.52w.1w.US03L_filterpack_US9030.US03L_IMPROVE_Davis.lev2.nas
66 1001
MISSING INFORMATION
US03L, IMPROVE, , , , , , , 
MISSING INFORMATION
IMPROVE sel_HTAP
1 1
2004 01 01 2019 12 16
3.000
days from file reference point
27
1 1 1 1 1 1 1 1 1 1 1 1 1 1 1 1 1 1 1 1 1 1 1 1 1 1 1
999.999 999.99 9.999 99.99 9.999999 9.999 9.999999 9.99 9.999999 9.999 9.999 99.999 9.999 99.999 9.999 999.99 9.999999 999.999 9.999 999.999 9.999 999.999 9.999 9.999 9.999 9.999 9.999
end_time of measurement, days from the file reference point
iron, ng/m3, Revision date=20181210133000
numflag iron, no unit, Revision date=20181210133000
lead, ng/m3, Revision date=20181210133000
numflag lead, no unit, Revision date=20181210133000
magnesium, ug/m3, Revision date=20181210133000
numflag magnesium, no unit, Revision date=20181210133000
nickel, ng/m3, Revision date=20181210133000
numflag nickel, no unit, Revision date=20181210133000
nitrate, ug N/m3, Revision date=20181210133000
numflag nitrate, no unit, Revision date=20181210133000
organic_carbon, ug C/m3, Revision date=20181210133000
numflag organic_carbon, no unit, Revision date=20181210133000
organic_mass, ug/m3, Revision date=20181210133000
numflag organic_mass, no unit, Revision date=20181210133000
phosphorus, ng/m3, Revision date=20181210133000
numflag phosphorus, no unit, Revision date=20181210133000
pm10_mass, ug/m3, Version=2, Version description=Data extracted from http://views.cira.colostate.edu/fed/DataWizard 2019-12-16, Sample duration=1d, Orig. time res.=3d, Matrix=pm10, Blank correction=Blank corrected, Volume std. temperature=ambient, Volume std. pressure=ambient
numflag pm10_mass, no unit, Version=2, Version description=Data extracted from http://views.cira.colostate.edu/fed/DataWizard 2019-12-16, Sample duration=1d, Orig. time res.=3d, Matrix=pm10, Blank correction=Blank corrected, Volume std. temperature=ambient, Volume std. pressure=ambient
pm10_pm25_mass, ug/m3, Revision date=20181210133000, Matrix=pm10_pm25
numflag pm10_pm25_mass, no unit, Revision date=20181210133000, Matrix=pm10_pm25
pm25_mass, ug/m3, Version=2, Version description=Data extracted from http://views.cira.colostate.edu/fed/DataWizard 2019-12-16, Sample duration=1d, Orig. time res.=3d, Blank correction=Blank corrected, Volume std. temperature=ambient, Volume std. pressure=ambient
numflag pm25_mass, no unit, Version=2, Version description=Data extracted from http://views.cira.colostate.edu/fed/DataWizard 2019-12-16, Sample duration=1d, Orig. time res.=3d, Blank correction=Blank corrected, Volume std. temperature=ambient, Volume std. pressure=ambient
potassium, ug/m3, Revision date=20181210133000
numflag potassium, no unit, Revision date=20181210133000
sulphate_total, ug S/m3, Revision date=20181210133000
numflag sulphate_total, no unit, Revision date=20181210133000
0
25
Data definition:              EBAS_1.1
Set type code:                TU
Timezone:                     UTC
File name:                    US9030R.20040101090000.20191216000000.filterpack..pm25.52w.1w.US03L_filterpack_US9030.US03L_IMPROVE_Davis.lev2.nas
File creation:                20191218120712
Startdate:                    20040101090000
Revision date:                20191216000000
Statistics:                   arithmetic mean
Data level:                   2
Period code:                  52w
Resolution code:              1w
Station code:                 US9030R
Platform code:                US9030S
Station name:                 Simeonof
Station latitude:             55.3255
Station longitude:            -160.5063
Station altitude:             57.0 m
Regime:                       IMG
Component:                    
Matrix:                       pm25
Laboratory code:              US03L
Instrument type:              filterpack
Instrument name:              filterpack_US9030
Method ref:                   US03L_IMPROVE_Davis
starttime endtime Fe flag_Fe Pb flag_Pb Mg++ flag_Mg++ Ni flag_Ni NO3- flag_NO3- OC flag_OC OM flag_OM P flag_P PM10 flag_PM10 PM10-PM2.5 flag_PM10-PM2.5 PM2.5 flag_PM2.5 K+ flag_K+ SO4-- flag_SO4--
[from data line 83]
249.375 250.375   0.75 0.000  0.21 0.000000 9.999 0.259000 0.15 0.000000 0.017 0.000  0.230 0.000  0.321 0.000 999.99 0.259000   2.357 0.000   0.831 0.000   1.526 0.000 0.008 0.000 0.180 0.000
252.375 253.375   1.53 0.000 99.99 0.259000 9.999 0.259000 9.99 0.259000 0.015 0.000  0.160 0.000  0.224 0.000 999.99 0.259000   4.175 0.000   2.508 0.000   1.667 0.000 0.009 0.000 0.234 0.000
255.375 256.375   1.12 0.000 99.99 0.259000 0.095 0.000000 9.99 0.259000 0.019 0.000  0.279 0.000  0.391 0.000 999.99 0.259000   4.382 0.000   2.669 0.000   1.713 0.000 0.010 0.000 0.224 0.000
258.375 259.375   0.77 0.000  0.16 0.000000 0.079 0.000000 0.18 0.000000 0.017 0.000  0.265 0.000  0.370 0.000 999.99 0.259000   6.250 0.000   3.956 0.000   2.294 0.000 0.016 0.000 0.127 0.000
261.375 262.375   1.78 0.000  0.12 0.000000 9.999 0.259000 0.33 0.000000 0.016 0.000  0.156 0.000  0.219 0.000 999.99 0.259000   2.558 0.000   1.641 0.000   0.918 0.000 0.005 0.000 0.083 0.000
264.375 265.375   2.45 0.000  0.32 0.000000 9.999 0.259000 9.99 0.259000 0.018 0.000  0.379 0.000  0.531 0.000 999.99 0.259000   5.533 0.000   3.465 0.000   2.069 0.000 0.014 0.000 0.125 0.000
267.375 268.375   1.29 0.000  0.19 0.000000 9.999 0.259000 0.06 0.000000 0.013 0.000  0.094 0.000  0.131 0.000 999.99 0.259000   3.289 0.000   1.982 0.000   1.308 0.000 0.008 0.000 0.086 0.000
270.375 271.375   1.23 0.000 99.99 0.259000 9.999 0.259000 9.99 0.259000 0.035 0.000  0.125 0.000  0.174 0.000 999.99 0.259000   8.619 0.000   5.038 0.000   3.581 0.000 0.025 0.000 0.281 0.000
273.375 274.375   0.78 0.000 99.99 0.259000 9.999 0.259000 9.99 0.259000 0.008 0.000 99.999 0.259 99.999 0.259 999.99 0.259000   7.604 0.000   5.496 0.000   2.109 0.000 0.015 0.000 0.064 0.000
276.375 277.375   1.83 0.000 99.99 0.259000 9.999 0.259000 0.20 0.000000 0.020 0.000  0.058 0.000  0.081 0.000   2.71 0.000000   6.173 0.000   4.096 0.000   2.077 0.000 0.017 0.000 0.102 0.000
279.375 280.375   0.61 0.000 99.99 0.259000 9.999 0.259000 9.99 0.259000 0.006 0.000 99.999 0.259 99.999 0.259 999.99 0.259000   4.670 0.000   3.164 0.000   1.506 0.000 0.012 0.000 0.053 0.000
282.375 283.375   2.06 0.000 99.99 0.259000 9.999 0.259000 0.15 0.000000 0.019 0.000  0.027 0.000  0.038 0.000 999.99 0.259000  21.361 0.000  11.848 0.000   9.513 0.000 0.071 0.000 0.320 0.000
285.375 286.375   0.75 0.000  0.41 0.000000 9.999 0.259000 9.99 0.259000 0.019 0.000 99.999 0.259 99.999 0.259 999.99 0.259000  10.540 0.000   6.820 0.000   3.720 0.000 0.028 0.000 0.118 0.000
288.375 289.375   2.24 0.000 99.99 0.259000 0.075 0.000000 0.14 0.000000 0.019 0.000  0.003 0.000  0.004 0.000 999.99 0.259000   7.026 0.000   4.751 0.000   2.274 0.000 0.019 0.000 0.159 0.000
291.375 292.375   0.32 0.000 99.99 0.259000 9.999 0.259000 0.13 0.000000 0.018 0.000  0.010 0.000  0.014 0.000 999.99 0.259000   6.579 0.000   3.594 0.000   2.985 0.000 0.023 0.000 0.096 0.000
294.375 295.375   4.29 0.000  0.15 0.000000 9.999 0.259000 9.99 0.259000 0.016 0.000  0.211 0.000  0.296 0.000  10.90 0.000000  11.858 0.000   7.309 0.000   4.549 0.000 0.037 0.000 0.175 0.000
297.375 298.375   1.40 0.000 99.99 0.259000 9.999 0.259000 9.99 0.259000 0.007 0.000  0.041 0.000  0.057 0.000 999.99 0.259000  11.330 0.000   7.384 0.000   3.946 0.000 0.032 0.000 0.117 0.000
300.375 301.375   2.51 0.000  0.26 0.000000 9.999 0.259000 0.11 0.000000 0.010 0.000  0.079 0.000  0.110 0.000 999.99 0.259000  12.051 0.000   7.640 0.000   4.411 0.000 0.031 0.000 0.189 0.000
303.375 304.375   2.44 0.000 99.99 0.259000 9.999 0.259000 9.99 0.259000 0.011 0.000  0.078 0.000  0.109 0.000   3.66 0.000000   7.972 0.000   5.474 0.000   2.498 0.000 0.021 0.000 0.112 0.000
306.375 307.375   4.21 0.000  0.20 0.000000 9.999 0.259000 9.99 0.259000 0.012 0.000  0.035 0.000  0.049 0.000 999.99 0.259000  12.924 0.000   7.489 0.000   5.435 0.000 0.048 0.000 0.174 0.000
309.375 310.375   1.97 0.000 99.99 0.259000 9.999 0.259000 9.99 0.259000 0.012 0.000  0.054 0.000  0.076 0.000 999.99 0.259000   5.076 0.000   3.509 0.000   1.567 0.000 0.011 0.000 0.140 0.000
312.375 313.375   0.63 0.000  0.27 0.000000 9.999 0.259000 9.99 0.259000 0.005 0.000  0.091 0.000  0.128 0.000 999.99 0.259000   2.614 0.000   1.860 0.000   0.755 0.000 0.005 0.000 0.042 0.000
315.375 316.375   5.48 0.000 99.99 0.259000 9.999 0.259000 0.16 0.000000 0.022 0.000  0.110 0.000  0.153 0.000 999.99 0.259000  10.008 0.000   6.962 0.000   3.046 0.000 0.019 0.000 0.109 0.000
318.375 319.375   3.96 0.000 99.99 0.259000 0.075 0.000000 0.17 0.000000 0.008 0.000  0.152 0.000  0.213 0.000 999.99 0.259000  11.601 0.000   6.114 0.000   5.487 0.000 0.036 0.000 0.169 0.000
321.375 322.375   0.99 0.000 99.99 0.259000 9.999 0.259000 9.99 0.259000 0.014 0.000  0.004 0.000  0.005 0.000 999.99 0.259000   8.578 0.000   5.485 0.000   3.093 0.000 0.022 0.000 0.127 0.000
324.375 325.375   1.78 0.000  0.16 0.000000 9.999 0.259000 9.99 0.259000 0.016 0.000 99.999 0.259 99.999 0.259 999.99 0.259000  11.940 0.000   7.515 0.000   4.425 0.000 0.032 0.000 0.200 0.000
327.375 328.375   0.71 0.000 99.99 0.259000 9.999 0.259000 9.99 0.259000 0.008 0.000 99.999 0.259 99.999 0.259 999.99 0.259000   7.244 0.000   4.163 0.000   3.081 0.000 0.023 0.000 0.075 0.000
330.375 331.375   1.76 0.000  0.30 0.000000 0.079 0.000000 0.21 0.000000 0.019 0.000  0.028 0.000  0.039 0.000 999.99 0.259000  14.832 0.000  10.992 0.000   3.840 0.000 0.030 0.000 0.144 0.000
333.375 334.375   9.52 0.000  0.56 0.000000 9.999 0.259000 9.99 0.259000 0.058 0.000  0.180 0.000  0.251 0.000 999.99 0.259000   7.351 0.000   0.532 0.000   6.819 0.000 0.066 0.000 0.246 0.000
336.375 337.375   0.71 0.000  0.15 0.000000 9.999 0.259000 9.99 0.259000 0.008 0.000  0.233 0.000  0.326 0.000 999.99 0.259000   5.482 0.000   3.939 0.000   1.543 0.000 0.012 0.000 0.069 0.000
339.375 340.375   0.91 0.000 99.99 0.259000 9.999 0.259000 0.13 0.000000 0.014 0.000 99.999 0.259 99.999 0.259 999.99 0.259000  15.960 0.000   9.692 0.000   6.268 0.000 0.043 0.000 0.174 0.000
342.375 343.375   0.33 0.000  0.11 0.000000 9.999 0.259000 9.99 0.259000 0.004 0.000 99.999 0.259 99.999 0.259 999.99 0.259000   3.127 0.000   2.225 0.000   0.902 0.000 0.006 0.000 0.028 0.000
345.375 346.375   8.95 0.000 99.99 0.259000 9.999 0.259000 0.12 0.000000 0.010 0.000  0.233 0.000  0.326 0.000   7.90 0.000000   7.391 0.000   4.955 0.000   2.437 0.000 0.019 0.000 0.079 0.000
348.375 349.375   0.69 0.000  0.12 0.000000 9.999 0.259000 0.16 0.000000 0.014 0.000 99.999 0.259 99.999 0.259   4.02 0.000000   5.919 0.000   3.670 0.000   2.249 0.000 0.014 0.000 0.081 0.000
351.375 352.375   0.91 0.000 99.99 0.259000 9.999 0.259000 0.12 0.000000 0.009 0.000 99.999 0.259 99.999 0.259 999.99 0.259000   1.665 0.000   1.240 0.000   0.425 0.000 0.003 0.000 0.036 0.000
354.375 355.375   3.98 0.000  0.53 0.000000 9.999 0.259000 0.13 0.000000 0.008 0.000 99.999 0.259 99.999 0.259   4.28 0.000000  10.008 0.000   7.437 0.000   2.571 0.000 0.021 0.000 0.162 0.000
357.375 358.375   1.90 0.000  0.37 0.000000 9.999 0.259000 0.11 0.000000 0.005 0.000  0.034 0.000  0.047 0.000 999.99 0.259000   5.024 0.000   3.618 0.000   1.406 0.000 0.011 0.000 0.125 0.000
360.375 361.375   0.34 0.000  0.14 0.000000 9.999 0.259000 9.99 0.259000 0.007 0.000  0.024 0.000  0.033 0.000 999.99 0.259000   2.396 0.000   1.543 0.000   0.853 0.000 0.005 0.000 0.044 0.000
363.375 364.375   3.51 0.000  0.43 0.000000 9.999 0.259000 9.99 0.259000 0.019 0.000  0.063 0.000  0.088 0.000 999.99 0.259000  11.412 0.000   8.410 0.000   3.001 0.000 0.022 0.000 0.180 0.000
