scripts/IMPROVE-2019_partial/data/US9060R.20050101050000.20191216000000.filterpack..pm25.52w.1w.US03L_filterpack_US9060.US03L_IMPROVE_Davis.lev2.nas
64 1001
MISSING INFORMATION
US03L, IMPROVE, , , , , , , 
MISSING INFORMATION
IMPROVE sel_HTAP
1 1
2005 01 01 2019 12 16
3.000000
days from file reference point
25
1 1 1 1 1 1 1 1 1 1 1 1 1 1 1 1 1 1 1 1 1 1 1 1 1
999.999999 999.99 9.999 99.99 9.999 9.999 9.999 9.99 9.999 99.999 9.999 999.999 9.999 999.999 9.999 999.999 9.999 999.999 9.999 999.999 9.999 9.999 9.999 99.999 9.999
end_time of measurement, days from the file reference point
iron, ng/m3, Revision date=20181210133000
numflag iron, no unit, Revision date=20181210133000
lead, ng/m3, Revision date=20181210133000
numflag lead, no unit, Revision date=20181210133000
magnesium, ug/m3, Revision date=20181210133000
numflag magnesium, no unit, Revision date=20181210133000
nickel, ng/m3, Revision date=20181210133000
numflag nickel, no unit, Revision date=20181210133000
nitrate, ug N/m3, Revision date=20181210133000
numflag nitrate, no unit, Revision date=20181210133000
organic_carbon, ug C/m3, Revision date=20181210133000
numflag organic_carbon, no unit, Revision date=20181210133000
organic_mass, ug/m3, Revision date=20181210133000
numflag organic_mass, no unit, Revision date=20181210133000
pm10_mass, ug/m3, Version=2, Version description=Data extracted from http://views.cira.colostate.edu/fed/DataWizard 2019-12-16, Sample duration=1d, Orig. time res.=3d, Matrix=pm10, Blank correction=Blank corrected, Volume std. temperature=ambient, Volume std. pressure=ambient
numflag pm10_mass, no unit, Version=2, Version description=Data extracted from http://views.cira.colostate.edu/fed/DataWizard 2019-12-16, Sample duration=1d, Orig. time res.=3d, Matrix=pm10, Blank correction=Blank corrected, Volume std. temperature=ambient, Volume std. pressure=ambient
pm10_pm25_mass, ug/m3, Revision date=20181210133000, Matrix=pm10_pm25
numflag pm10_pm25_mass, no unit, Revision date=20181210133000, Matrix=pm10_pm25
pm25_mass, ug/m3, Version=2, Version description=Data extracted from http://views.cira.colostate.edu/fed/DataWizard 2019-12-16, Sample duration=1d, Orig. time res.=3d, Blank correction=Blank corrected, Volume std. temperature=ambient, Volume std. pressure=ambient
numflag pm25_mass, no unit, Version=2, Version description=Data extracted from http://views.cira.colostate.edu/fed/DataWizard 2019-12-16, Sample duration=1d, Orig. time res.=3d, Blank correction=Blank corrected, Volume std. temperature=ambient, Volume std. pressure=ambient
potassium, ug/m3, Revision date=20181210133000
numflag potassium, no unit, Revision date=20181210133000
sulphate_total, ug S/m3, Revision date=20181210133000
numflag sulphate_total, no unit, Revision date=20181210133000
0
25
Data definition:              EBAS_1.1
Set type code:                TU
Timezone:                     UTC
File name:                    US9060R.20050101050000.20191216000000.filterpack..pm25.52w.1w.US03L_filterpack_US9060.US03L_IMPROVE_Davis.lev2.nas
File creation:                20191218120932
Startdate:                    20050101050000
Revision date:                20191216000000
Statistics:                   arithmetic mean
Data level:                   2
Period code:                  52w
Resolution code:              1w
Station code:                 US9060R
Platform code:                US9060S
Station name:                 Seney
Station latitude:             46.2889
Station longitude:            -85.9503
Station altitude:             214.0 m
Regime:                       IMG
Component:                    
Matrix:                       pm25
Laboratory code:              US03L
Instrument type:              filterpack
Instrument name:              filterpack_US9060
Method ref:                   US03L_IMPROVE_Davis
starttime endtime Fe flag_Fe Pb flag_Pb Mg++ flag_Mg++ Ni flag_Ni NO3- flag_NO3- OC flag_OC OM flag_OM PM10 flag_PM10 PM10-PM2.5 flag_PM10-PM2.5 PM2.5 flag_PM2.5 K+ flag_K+ SO4-- flag_SO4--
  0.208333   1.208333   5.53 0.000  0.82 0.000 9.999 0.259 0.26 0.000  0.034 0.559   0.160 0.000   0.288 0.000   2.392 0.000   0.748 0.000   1.644 0.000 0.011 0.000  0.207 0.559
  3.208333   4.208333  13.57 0.000  1.21 0.000 9.999 0.259 0.24 0.000  0.041 0.000   0.214 0.000   0.386 0.000   4.050 0.000   1.219 0.000   2.831 0.000 0.016 0.000  0.380 0.000
  6.208333   7.208333  11.63 0.000  1.96 0.000 9.999 0.259 0.29 0.000  0.391 0.000   0.693 0.000   1.246 0.000   6.602 0.000   1.042 0.000   5.559 0.000 0.045 0.000  0.415 0.000
  9.208333  10.208333   6.93 0.000  0.53 0.000 0.006 0.000 9.99 0.259  0.124 0.000   0.605 0.000   1.089 0.000   5.828 0.000   0.869 0.000   4.959 0.000 0.021 0.000  0.687 0.000
 12.208333  13.208333  15.68 0.000  0.81 0.000 9.999 0.259 9.99 0.259  0.067 0.000   0.656 0.000   1.181 0.000   5.071 0.000   0.862 0.000   4.208 0.000 0.034 0.000  0.661 0.000
 15.208333  16.208333  11.49 0.000  1.00 0.000 9.999 0.259 9.99 0.259  0.141 0.559   0.567 0.000   1.020 0.000   3.663 0.000   0.680 0.000   2.982 0.000 0.030 0.000  0.327 0.559
 18.208333  19.208333  15.57 0.000  1.73 0.000 9.999 0.259 0.12 0.000  0.428 0.000   0.587 0.000   1.057 0.000   4.066 0.000 999.999 0.259   4.987 0.000 0.024 0.000  0.418 0.000
 21.208333  22.208333   7.77 0.000  2.27 0.000 9.999 0.259 0.16 0.000  0.026 0.000   0.240 0.000   0.433 0.000   2.750 0.000   0.770 0.000   1.979 0.000 0.016 0.000  0.288 0.000
 24.208333  25.208333   6.00 0.000  0.93 0.000 9.999 0.259 0.32 0.000  0.018 0.000   0.427 0.000   0.768 0.000   3.065 0.000   0.509 0.000   2.555 0.000 0.020 0.000  0.391 0.000
 27.208333  28.208333  18.46 0.000  2.03 0.000 9.999 0.259 0.42 0.000  0.215 0.000   0.817 0.000   1.470 0.000   4.740 0.000   0.860 0.000   3.879 0.000 0.026 0.000  0.391 0.000
 30.208333  31.208333  17.16 0.000  1.89 0.000 0.035 0.000 0.19 0.000  0.403 0.000   1.098 0.000   1.976 0.000   8.909 0.000   0.930 0.000   7.977 0.000 0.039 0.000  1.245 0.000
 33.208333  34.208333  57.26 0.000  3.26 0.000 0.011 0.000 0.21 0.000  1.842 0.559   1.249 0.000   2.248 0.000  17.562 0.000   0.460 0.000  17.094 0.000 0.042 0.000  1.236 0.559
 36.208333  37.208333  81.12 0.000  7.30 0.000 9.999 0.259 0.26 0.000  1.983 0.559   2.158 0.000   3.884 0.000  27.058 0.000   1.269 0.000  25.783 0.000 0.074 0.000  2.409 0.559
 39.208333  40.208333  18.03 0.000  1.27 0.000 0.008 0.000 0.26 0.000  0.032 0.000   0.245 0.000   0.442 0.000   3.147 0.000   0.924 0.000   2.222 0.000 0.016 0.000  0.336 0.000
 42.208333  43.208333   8.94 0.000  0.43 0.000 9.999 0.259 0.14 0.000  0.059 0.000   0.390 0.000   0.702 0.000   2.747 0.000   0.353 0.000   2.394 0.000 0.021 0.000  0.289 0.000
 45.208333  46.208333  16.97 0.000  0.79 0.000 9.999 0.259 9.99 0.259  0.059 0.000   0.514 0.000   0.925 0.000   4.657 0.000   0.356 0.000   4.303 0.000 0.030 0.000  0.677 0.000
 48.208333  49.208333   4.58 0.000  0.19 0.000 0.015 0.000 9.99 0.259  0.032 0.559   0.153 0.000   0.275 0.000   1.781 0.000   0.509 0.000   1.272 0.000 0.012 0.000  0.144 0.559
 51.208333  52.208333   9.52 0.000  0.93 0.000 0.012 0.000 0.11 0.000  0.045 0.000   0.471 0.000   0.848 0.000   3.894 0.000   0.189 0.000   3.705 0.000 0.021 0.000  0.560 0.000
 54.208333  55.208333  10.67 0.000  0.59 0.000 9.999 0.259 0.14 0.000  0.051 0.000   0.675 0.000   1.216 0.000   4.460 0.000   1.015 0.000   3.443 0.000 0.030 0.000  0.392 0.000
 57.208333  58.208333  17.16 0.000  3.01 0.000 9.999 0.259 0.20 0.000  0.053 0.559   0.975 0.000   1.755 0.000   4.052 0.000   0.588 0.000   3.463 0.000 0.027 0.000  0.525 0.559
 60.208333  61.208333   3.47 0.000  0.73 0.000 9.999 0.259 9.99 0.259  0.014 0.000   0.099 0.000   0.178 0.000   1.279 0.000   0.272 0.000   1.007 0.000 0.010 0.000  0.117 0.000
 63.208333  64.208333  22.33 0.000  1.56 0.000 9.999 0.259 0.31 0.000  0.603 0.000   1.092 0.000   1.965 0.000   9.000 0.000   2.234 0.000   6.764 0.000 0.042 0.000  0.592 0.000
 66.208333  67.208333   9.59 0.000  1.10 0.000 9.999 0.259 0.43 0.000  0.012 0.000   0.114 0.000   0.206 0.000   2.519 0.000   1.061 0.000   1.472 0.000 0.012 0.000  0.205 0.000
 69.208333  70.208333  10.38 0.000  1.17 0.000 9.999 0.259 0.34 0.000  0.019 0.000   0.337 0.000   0.607 0.000   2.890 0.000   0.384 0.000   2.506 0.000 0.017 0.000  0.382 0.000
 72.208333  73.208333  15.79 0.000  1.13 0.000 9.999 0.259 0.30 0.000  0.078 0.000   0.728 0.000   1.309 0.000   4.217 0.000   1.013 0.000   3.203 0.000 0.028 0.000  0.299 0.000
 75.208333  76.208333   4.85 0.000  0.91 0.000 0.026 0.000 9.99 0.259  0.050 0.000   0.321 0.000   0.578 0.000   2.521 0.000   0.375 0.000   2.145 0.000 0.018 0.000  0.318 0.000
 78.208333  79.208333   6.74 0.000  3.92 0.000 9.999 0.259 0.26 0.000  0.040 0.000   0.338 0.000   0.608 0.000   2.632 0.000 999.999 0.259   2.734 0.000 0.020 0.000  0.470 0.000
 81.208333  82.208333   6.15 0.000  2.93 0.000 9.999 0.259 0.59 0.000  0.027 0.000   0.410 0.000   0.737 0.000   4.105 0.000   0.862 0.000   3.242 0.000 0.014 0.000  0.517 0.000
 84.208333  85.208333  20.98 0.000  2.27 0.000 9.999 0.259 0.36 0.000  0.045 0.000   0.517 0.000   0.930 0.000   4.593 0.000   0.871 0.000   3.721 0.000 0.029 0.000  0.610 0.000
 87.208333  88.208333  38.28 0.000  4.57 0.000 9.999 0.259 0.51 0.000  0.342 0.000   1.420 0.000   2.555 0.000  11.422 0.000   1.393 0.000  10.041 0.000 0.052 0.000  1.537 0.000
 90.208333  91.208333  11.05 0.000  0.95 0.000 9.999 0.259 0.15 0.000  0.011 0.000   0.506 0.000   0.912 0.000   3.211 0.000   0.143 0.000   3.068 0.000 0.022 0.000  0.485 0.000
 93.208333  94.208333   6.06 0.000  0.66 0.000 0.010 0.000 0.29 0.000  0.008 0.000   0.387 0.000   0.696 0.000   2.072 0.000   0.434 0.000   1.638 0.000 0.013 0.000  0.261 0.000
 96.208333  97.208333  13.93 0.000  1.47 0.000 9.999 0.259 0.16 0.000  0.017 0.000   0.600 0.000   1.080 0.000   4.025 0.000   0.963 0.000   3.062 0.000 0.028 0.000  0.428 0.000
 99.208333 100.208333  25.06 0.000  3.02 0.000 9.999 0.259 0.45 0.000  0.103 0.000   1.208 0.000   2.175 0.000   8.799 0.000   2.850 0.000   5.947 0.000 0.036 0.000  0.771 0.000
102.208333 103.208333  14.30 0.000  2.29 0.000 9.999 0.259 9.99 0.259  0.011 0.000   0.359 0.000   0.647 0.000   3.051 0.000   1.302 0.000   1.749 0.000 0.017 0.000  0.205 0.000
105.208333 106.208333  44.06 0.000  2.50 0.000 9.999 0.259 0.20 0.000  0.340 0.000   1.395 0.000   2.511 0.000  13.186 0.000   7.204 0.000   5.981 0.000 0.041 0.000  0.562 0.000
108.208333 109.208333  83.83 0.000  5.08 0.000 9.999 0.259 0.12 0.000  0.242 0.000   2.997 0.000   5.395 0.000  23.943 0.000   4.870 0.000  19.122 0.000 0.101 0.000  2.616 0.000
111.208333 112.208333  10.83 0.000  1.40 0.000 9.999 0.259 0.22 0.000  0.020 0.000   0.570 0.000   1.025 0.000   3.398 0.000   1.287 0.000   2.111 0.000 0.016 0.000  0.269 0.000
114.208333 115.208333   7.37 0.000  0.41 0.000 9.999 0.259 0.08 0.000  0.007 0.000   0.111 0.000   0.200 0.000   1.390 0.000   0.221 0.000   1.168 0.000 0.009 0.000  0.159 0.000
117.208333 118.208333 999.99 0.999 99.99 0.999 9.999 0.999 9.99 0.999 99.999 0.999 999.999 0.999 999.999 0.999   1.631 0.000 999.999 0.999   0.534 0.000 9.999 0.999 99.999 0.999
120.208333 121.208333 999.99 0.999 99.99 0.999 9.999 0.999 9.99 0.999 99.999 0.999 999.999 0.999 999.999 0.999   2.945 0.000 999.999 0.999   2.300 0.000 9.999 0.999 99.999 0.999
123.208333 124.208333 999.99 0.999 99.99 0.999 9.999 0.999 9.99 0.999 99.999 0.999 999.999 0.999 999.999 0.999   5.897 0.000 999.999 0.999   3.972 0.000 9.999 0.999 99.999 0.999
126.208333 127.208333 999.99 0.999 99.99 0.999 9.999 0.999 9.99 0.999 99.999 0.999 999.999 0.999 999.999 0.999  13.240 0.000 999.999 0.999  11.617 0.000 9.999 0.999 99.999 0.999
129.208333 130.208333 999.99 0.999 99.99 0.999 9.999 0.999 9.99 0.999 99.999 0.999 999.999 0.999 999.999 0.999   7.040 0.000 999.999 0.999   5.411 0.000 9.999 0.999 99.999 0.999
132.208333 133.208333 999.99 0.999 99.99 0.999 9.999 0.999 9.99 0.999 99.999 0.999 999.999 0.999 999.999 0.999   3.058 0.000 999.999 0.999   1.753 0.000 9.999 0.999 99.999 0.999
135.208333 136.208333 999.99 0.999 99.99 0.999 9.999 0.999 9.99 0.999 99.999 0.999 999.999 0.999 999.999 0.999   2.231 0.000 999.999 0.999   1.475 0.000 9.999 0.999 99.999 0.999
138.208333 139.208333  47.52 0.000  3.22 0.000 9.999 0.259 0.55 0.000  0.142 0.000   1.535 0.000   2.763 0.000  13.423 0.000   3.917 0.000   9.504 0.000 0.042 0.000  1.406 0.000
141.208333 142.208333  46.70 0.000  5.17 0.000 9.999 0.259 0.23 0.000  0.209 0.000   1.447 0.000   2.604 0.000  10.830 0.000   2.170 0.000   8.658 0.000 0.042 0.000  1.165 0.000
144.208333 145.208333  10.73 0.000  1.46 0.000 0.009 0.000 0.23 0.000  0.017 0.000   0.770 0.000   1.386 0.000   4.136 0.000   2.092 0.000   2.044 0.000 0.014 0.000  0.207 0.000
147.208333 148.208333   8.97 0.000  0.62 0.000 9.999 0.259 9.99 0.259  0.015 0.000   0.614 0.000   1.105 0.000   3.222 0.000   1.154 0.000   2.067 0.000 0.010 0.000  0.188 0.000
150.208333 151.208333  14.51 0.000  0.41 0.000 9.999 0.259 0.24 0.000  0.020 0.000   0.815 0.000   1.466 0.000   3.660 0.000   1.747 0.000   1.934 0.000 0.018 0.000  0.123 0.000
153.208333 154.208333  41.22 0.000  2.28 0.000 9.999 0.259 0.28 0.000  0.033 0.000   1.666 0.000   2.998 0.000  20.433 0.000   7.620 0.000  12.810 0.000 0.031 0.000  2.119 0.000
156.208333 157.208333  14.70 0.000  0.90 0.000 9.999 0.259 9.99 0.259  0.047 0.000   0.938 0.000   1.689 0.000   8.204 0.000   3.634 0.000   4.569 0.000 0.024 0.000  0.578 0.000
159.208333 160.208333  22.17 0.000  2.13 0.000 9.999 0.259 0.16 0.000  0.048 0.000   3.938 0.000   7.089 0.000  16.238 0.000   5.372 0.000  10.864 0.000 0.075 0.000  0.872 0.000
162.208333 163.208333  47.89 0.000  1.95 0.000 9.999 0.259 0.13 0.000  0.062 0.000   1.424 0.000   2.562 0.000  14.784 0.000   3.648 0.000  11.134 0.000 0.045 0.000  1.744 0.000
165.208333 166.208333  14.62 0.000  0.85 0.000 9.999 0.259 0.15 0.000  0.051 0.000   1.228 0.000   2.210 0.000   7.694 0.000   3.298 0.000   4.396 0.000 0.019 0.000  0.416 0.000
168.208333 169.208333   3.96 0.000  0.49 0.000 9.999 0.259 0.10 0.000  0.006 0.000   0.568 0.000   1.023 0.000   2.594 0.000   1.437 0.000   1.157 0.000 0.008 0.000  0.047 0.000
171.208333 172.208333  27.22 0.000  1.99 0.000 9.999 0.259 0.12 0.000  0.047 0.000   2.075 0.000   3.736 0.000  10.674 0.000   2.764 0.000   7.940 0.000 0.033 0.000  0.867 0.000
174.208333 175.208333  54.67 0.000  4.90 0.000 9.999 0.259 0.14 0.000  0.067 0.000   3.549 0.000   6.388 0.000  24.124 0.000   6.612 0.000  17.508 0.000 0.073 0.000  2.067 0.000
177.208333 178.208333  44.69 0.000  3.31 0.000 9.999 0.259 0.19 0.000  0.042 0.000   2.772 0.000   4.989 0.000  31.076 0.000   4.859 0.000  26.208 0.000 0.062 0.000  4.476 0.000
180.208333 181.208333  24.05 0.000  2.00 0.000 9.999 0.259 0.16 0.000  0.045 0.000   1.776 0.000   3.197 0.000  12.880 0.000   3.869 0.000   9.008 0.000 0.038 0.000  1.227 0.000
183.208333 184.208333  21.33 0.000  3.01 0.000 9.999 0.259 9.99 0.259  0.049 0.000   1.041 0.000   1.873 0.000  10.068 0.000   3.684 0.000   6.385 0.000 0.088 0.000  0.826 0.000
186.208333 187.208333  12.00 0.000  1.45 0.000 9.999 0.259 0.19 0.000  0.019 0.000   0.775 0.000   1.394 0.000   4.523 0.000   2.570 0.000   1.953 0.000 0.021 0.000  0.079 0.000
189.208333 190.208333  19.76 0.000  1.16 0.000 9.999 0.259 9.99 0.259  0.020 0.000   1.758 0.000   3.164 0.000  10.181 0.000   3.859 0.000   6.320 0.000 0.036 0.000  0.665 0.000
192.208333 193.208333  42.83 0.000  2.55 0.000 9.999 0.259 9.99 0.259  0.033 0.000   3.049 0.000   5.487 0.000  20.893 0.000   4.323 0.000  16.621 0.000 0.057 0.000  2.403 0.000
195.208333 196.208333  21.20 0.000  0.79 0.000 9.999 0.259 0.16 0.000  0.014 0.000   2.363 0.000   4.253 0.000  10.472 0.000   4.044 0.000   6.426 0.000 0.036 0.000  0.403 0.000
198.208333 199.208333  51.17 0.000  2.96 0.000 0.011 0.000 0.12 0.000  0.030 0.000   1.658 0.000   2.984 0.000  19.254 0.000   3.370 0.000  15.881 0.000 0.048 0.000  2.724 0.000
201.208333 202.208333  29.56 0.000  1.05 0.000 9.999 0.259 9.99 0.259  0.045 0.000   1.652 0.000   2.974 0.000   8.393 0.000   3.214 0.000   5.162 0.000 0.027 0.000  0.469 0.000
204.208333 205.208333  22.73 0.000  1.57 0.000 9.999 0.259 9.99 0.259  0.034 0.000   1.854 0.000   3.338 0.000   9.477 0.000   2.621 0.000   6.842 0.000 0.030 0.000  0.896 0.000
207.208333 208.208333 999.99 0.456 99.99 0.456 9.999 0.456 9.99 0.456 99.999 0.456 999.999 0.456 999.999 0.456 999.999 0.456 999.999 0.456 999.999 0.456 9.999 0.456 99.999 0.456
210.208333 211.208333 999.99 0.456 99.99 0.456 9.999 0.456 9.99 0.456 99.999 0.456 999.999 0.456 999.999 0.456 999.999 0.456 999.999 0.456 999.999 0.456 9.999 0.456 99.999 0.456
213.208333 214.208333 999.99 0.456 99.99 0.456 9.999 0.456 9.99 0.456 99.999 0.456 999.999 0.456 999.999 0.456 999.999 0.456 999.999 0.456 999.999 0.456 9.999 0.456 99.999 0.456
216.208333 217.208333 999.99 0.456 99.99 0.456 9.999 0.456 9.99 0.456 99.999 0.456 999.999 0.456 999.999 0.456 999.999 0.456 999.999 0.456 999.999 0.456 9.999 0.456 99.999 0.456
219.208333 220.208333 999.99 0.456 99.99 0.456 9.999 0.456 9.99 0.456 99.999 0.456 999.999 0.456 999.999 0.456 999.999 0.456 999.999 0.456 999.999 0.456 9.999 0.456 99.999 0.456
222.208333 223.208333   9.81 0.000  0.39 0.000 9.999 0.259 9.99 0.259  0.015 0.000   4.591 0.000   8.263 0.000   8.434 0.000   2.492 0.000   5.942 0.000 0.025 0.000  0.114 0.000
225.208333 226.208333  11.05 0.000  0.35 0.000 9.999 0.259 9.99 0.259  0.013 0.000   0.937 0.000   1.686 0.000   4.104 0.000   1.968 0.000   2.135 0.000 0.018 0.000  0.149 0.000
228.208333 229.208333   9.43 0.000  2.05 0.000 9.999 0.259 9.99 0.259  0.098 0.699  12.019 0.000  21.635 0.000  25.481 0.659   3.202 0.000  22.264 0.000 0.167 0.000  0.187 0.699
231.208333 232.208333  15.53 0.000  1.28 0.000 9.999 0.259 9.99 0.259  0.018 0.000   1.553 0.000   2.796 0.000   9.732 0.000   1.914 0.000   7.790 0.000 0.021 0.000  1.213 0.000
234.208333 235.208333   7.60 0.000  0.22 0.000 0.013 0.000 0.44 0.000  0.029 0.000   0.829 0.000   1.491 0.000   4.440 0.000   2.249 0.000   2.197 0.000 0.016 0.000  0.069 0.000
237.208333 238.208333  34.09 0.000  2.31 0.000 9.999 0.259 0.23 0.000  0.038 0.000   1.942 0.000   3.495 0.000  15.777 0.000   3.498 0.000  12.170 0.000 0.024 0.000  1.911 0.000
240.208333 241.208333  10.58 0.000  0.53 0.000 9.999 0.259 9.99 0.259  0.011 0.000   0.916 0.000   1.650 0.000   4.729 0.000   2.169 0.000   2.522 0.000 0.014 0.000  0.202 0.000
243.208333 244.208333  15.84 0.000  0.72 0.000 9.999 0.259 9.99 0.259  0.012 0.000   1.033 0.000   1.859 0.000   7.684 0.000   4.850 0.000   2.765 0.000 0.018 0.000  0.177 0.000
246.208333 247.208333   8.32 0.000  1.06 0.000 9.999 0.259 9.99 0.259  0.004 0.000   0.403 0.000   0.726 0.000   4.074 0.000   2.301 0.000   1.738 0.000 0.010 0.000  0.147 0.000
249.208333 250.208333  28.56 0.000  2.49 0.000 0.008 0.000 0.14 0.000  0.031 0.000   1.202 0.000   2.163 0.000  11.302 0.000   3.456 0.000   7.811 0.000 0.022 0.000  1.222 0.000
252.208333 253.208333  27.60 0.000  1.77 0.000 9.999 0.259 0.24 0.000  0.026 0.000   1.982 0.000   3.567 0.000  12.447 0.000   2.854 0.000   9.534 0.000 0.028 0.000  1.305 0.000
255.208333 256.208333  54.68 0.000  3.21 0.000 9.999 0.259 0.29 0.000  0.050 0.000   3.381 0.000   6.086 0.000  32.203 0.000   6.088 0.000  25.968 0.000 0.073 0.000  4.109 0.000
258.208333 259.208333  10.11 0.000  2.89 0.000 9.999 0.259 9.99 0.259  0.016 0.000   0.767 0.000   1.381 0.000  10.807 0.000   8.345 0.000   2.357 0.000 0.017 0.000  0.165 0.000
261.208333 262.208333  16.27 0.000  2.88 0.000 9.999 0.259 9.99 0.259  0.081 0.000   1.411 0.000   2.540 0.000  13.693 0.000   5.402 0.000   8.185 0.000 0.020 0.000  1.125 0.000
264.208333 265.208333  22.62 0.000  2.14 0.000 9.999 0.259 9.99 0.259  0.030 0.000   1.137 0.000   2.047 0.000   8.275 0.000   3.683 0.000   4.527 0.000 0.036 0.000  0.479 0.000
