scripts/IMPROVE-2019_partial/data/US9020R.20060102080000.20191216000000.filterpack..pm25.52w.1w.US03L_filterpack_US9020.US03L_IMPROVE_Davis.lev2.nas
66 1001
MISSING INFORMATION
US03L, IMPROVE, , , , , , , 
MISSING INFORMATION
IMPROVE sel_HTAP
1 1
2006 01 01 2019 12 16
3.000000
days from file reference point
27
1 1 1 1 1 1 1 1 1 1 1 1 1 1 1 1 1 1 1 1 1 1 1 1 1 1 1
999.999999 9999.99 9.999 99.99 9.999 9.999 9.999999 9.99 9.999999 9.999 9.999 999.999 9.999 999.999 9.999 99.99 9.999999 999.999 9.999 999.999 9.999 999.999 9.999 9.999 9.999 9.999 9.999
end_time of measurement, days from the file reference point
iron, ng/m3, Revision date=20181210133000
numflag iron, no unit, Revision date=20181210133000
lead, ng/m3, Revision date=20181210133000
numflag lead, no unit, Revision date=20181210133000
magnesium, ug/m3, Revision date=20181210133000
numflag magnesium, no unit, Revision date=20181210133000
nickel, ng/m3, Revision date=20181210133000
numflag nickel, no unit, Revision date=20181210133000
nitrate, ug N/m3, Revision date=20181210133000
numflag nitrate, no unit, Revision date=20181210133000
organic_carbon, ug C/m3, Revision date=20181210133000
numflag organic_carbon, no unit, Revision date=20181210133000
organic_mass, ug/m3, Revision date=20181210133000
numflag organic_mass, no unit, Revision date=20181210133000
phosphorus, ng/m3, Revision date=20181210133000
numflag phosphorus, no unit, Revision date=20181210133000
pm10_mass, ug/m3, Version=2, Version description=Data extracted from http://views.cira.colostate.edu/fed/DataWizard 2019-12-16, Sample duration=1d, Orig. time res.=3d, Matrix=pm10, Blank correction=Blank corrected, Volume std. temperature=ambient, Volume std. pressure=ambient
numflag pm10_mass, no unit, Version=2, Version description=Data extracted from http://views.cira.colostate.edu/fed/DataWizard 2019-12-16, Sample duration=1d, Orig. time res.=3d, Matrix=pm10, Blank correction=Blank corrected, Volume std. temperature=ambient, Volume std. pressure=ambient
pm10_pm25_mass, ug/m3, Revision date=20181210133000, Matrix=pm10_pm25
numflag pm10_pm25_mass, no unit, Revision date=20181210133000, Matrix=pm10_pm25
pm25_mass, ug/m3, Version=2, Version description=Data extracted from http://views.cira.colostate.edu/fed/DataWizard 2019-12-16, Sample duration=1d, Orig. time res.=3d, Blank correction=Blank corrected, Volume std. temperature=ambient, Volume std. pressure=ambient
numflag pm25_mass, no unit, Version=2, Version description=Data extracted from http://views.cira.colostate.edu/fed/DataWizard 2019-12-16, Sample duration=1d, Orig. time res.=3d, Blank correction=Blank corrected, Volume std. temperature=ambient, Volume std. pressure=ambient
potassium, ug/m3, Revision date=20181210133000
numflag potassium, no unit, Revision date=20181210133000
sulphate_total, ug S/m3, Revision date=20181210133000
numflag sulphate_total, no unit, Revision date=20181210133000
0
25
Data definition:              EBAS_1.1
Set type code:                TU
Timezone:                     UTC
File name:                    US9020R.20060102080000.20191216000000.filterpack..pm25.52w.1w.US03L_filterpack_US9020.US03L_IMPROVE_Davis.lev2.nas
File creation:                20191218120627
Startdate:                    20060102080000
Revision date:                20191216000000
Statistics:                   arithmetic mean
Data level:                   2
Period code:                  52w
Resolution code:              1w
Station code:                 US9020R
Platform code:                US9020S
Station name:                 Mount Hood
Station latitude:             45.2888
Station longitude:            -121.7837
Station altitude:             1531.0 m
Regime:                       IMG
Component:                    
Matrix:                       pm25
Laboratory code:              US03L
Instrument type:              filterpack
Instrument name:              filterpack_US9020
Method ref:                   US03L_IMPROVE_Davis
starttime endtime Fe flag_Fe Pb flag_Pb Mg++ flag_Mg++ Ni flag_Ni NO3- flag_NO3- OC flag_OC OM flag_OM P flag_P PM10 flag_PM10 PM10-PM2.5 flag_PM10-PM2.5 PM2.5 flag_PM2.5 K+ flag_K+ SO4-- flag_SO4--
[from data line 81]
244.333333 245.333333  141.82 0.000  0.72 0.000 9.999 0.259000 9.99 0.259000 0.031 0.000   5.922 0.000  10.659 0.000 99.99 0.259000  33.923 0.000  19.343 0.000  14.581 0.000 0.091 0.000 0.117 0.000
247.333333 248.333333   51.19 0.000  0.98 0.000 9.999 0.259000 0.25 0.000000 0.027 0.000   4.281 0.000   7.706 0.000 99.99 0.259000  14.300 0.000   2.087 0.000  12.214 0.000 0.067 0.000 0.223 0.000
250.333333 251.333333   54.00 0.000  0.62 0.000 9.999 0.259000 0.29 0.000000 0.073 0.000   0.720 0.000   1.296 0.000 99.99 0.259000   6.241 0.000   3.040 0.000   3.201 0.000 0.019 0.000 0.189 0.000
253.333333 254.333333   19.72 0.000  0.43 0.000 0.014 0.000000 9.99 0.259000 0.014 0.000   0.381 0.000   0.686 0.000 99.99 0.259000   3.359 0.000   1.650 0.000   1.709 0.000 0.008 0.000 0.088 0.000
256.333333 257.333333   11.75 0.000  0.22 0.000 0.006 0.000000 0.08 0.000000 0.005 0.000 999.999 0.259 999.999 0.259 99.99 0.259000   0.946 0.000   0.226 0.000   0.720 0.000 0.005 0.000 0.054 0.000
259.333333 260.333333   20.17 0.000  0.31 0.000 9.999 0.259000 0.17 0.000000 0.049 0.000   0.360 0.000   0.649 0.000 99.99 0.259000   3.062 0.000   1.053 0.000   2.009 0.000 0.014 0.000 0.113 0.000
262.333333 263.333333   17.86 0.000  0.14 0.000 9.999 0.259000 9.99 0.259000 0.006 0.000   0.036 0.000   0.066 0.000 99.99 0.259000   1.617 0.000   0.226 0.000   1.391 0.000 0.005 0.000 0.044 0.000
265.333333 266.333333   21.51 0.000  0.23 0.000 9.999 0.259000 9.99 0.259000 0.009 0.000   0.364 0.000   0.656 0.000 99.99 0.259000   3.596 0.000   1.373 0.000   2.223 0.000 0.011 0.000 0.056 0.000
268.333333 269.333333   20.40 0.000  0.88 0.000 0.007 0.000000 9.99 0.259000 0.007 0.000   0.808 0.000   1.455 0.000 99.99 0.259000   5.420 0.000   2.008 0.000   3.412 0.000 0.017 0.000 0.115 0.000
271.333333 272.333333   14.49 0.000  0.69 0.000 9.999 0.259000 9.99 0.259000 0.006 0.000   0.398 0.000   0.716 0.000 99.99 0.259000   3.444 0.000   1.220 0.000   2.225 0.000 0.014 0.000 0.075 0.000
274.333333 275.333333   26.08 0.000  1.58 0.000 9.999 0.259000 0.23 0.000000 0.069 0.000   0.472 0.000   0.850 0.000 99.99 0.259000   4.135 0.000   1.307 0.000   2.829 0.000 0.018 0.000 0.165 0.000
277.333333 278.333333   32.67 0.000  0.86 0.000 9.999 0.259000 0.21 0.000000 0.113 0.000   1.292 0.000   2.325 0.000 99.99 0.259000   7.170 0.000   2.387 0.000   4.783 0.000 0.032 0.000 0.195 0.000
280.333333 281.333333    6.76 0.000  0.31 0.000 9.999 0.259000 9.99 0.259000 0.020 0.000   0.159 0.000   0.286 0.000 99.99 0.259000   2.030 0.000   0.547 0.000   1.483 0.000 0.006 0.000 0.068 0.000
283.333333 284.333333 9999.99 0.999 99.99 0.999 9.999 0.999000 9.99 0.999000 9.999 0.999 999.999 0.999 999.999 0.999 99.99 0.999000 999.999 0.999 999.999 0.999 999.999 0.999 9.999 0.999 9.999 0.999
286.333333 287.333333   35.69 0.000  1.09 0.000 9.999 0.259000 0.17 0.000000 0.023 0.000   1.341 0.000   2.414 0.000 99.99 0.259000   6.109 0.000   2.155 0.000   3.955 0.000 0.023 0.000 0.135 0.000
289.333333 290.333333    1.61 0.000  0.50 0.000 9.999 0.259000 0.17 0.000000 0.011 0.000   0.315 0.000   0.567 0.000 99.99 0.259000   1.081 0.000 999.999 0.259   1.167 0.000 0.006 0.000 0.064 0.000
292.333333 293.333333    1.74 0.000  0.26 0.000 9.999 0.259000 9.99 0.259000 0.025 0.000   0.073 0.000   0.131 0.000 99.99 0.259000   1.668 0.000   0.670 0.000   0.998 0.000 0.007 0.000 0.050 0.000
295.333333 296.333333   14.41 0.000  2.72 0.000 0.006 0.000000 0.20 0.000000 0.045 0.000   1.845 0.000   3.320 0.000 99.99 0.259000   6.596 0.000   1.656 0.000   4.941 0.000 0.042 0.000 0.167 0.000
298.333333 299.333333    3.77 0.000  0.38 0.000 0.005 0.000000 9.99 0.259000 0.024 0.000   0.002 0.000   0.003 0.000 99.99 0.259000   1.806 0.000   0.551 0.000   1.255 0.000 0.009 0.000 0.104 0.000
301.333333 302.333333    3.02 0.000  0.84 0.000 9.999 0.259000 9.99 0.259000 0.011 0.000   0.059 0.000   0.106 0.000 99.99 0.259000   1.675 0.000   0.338 0.000   1.337 0.000 0.009 0.000 0.137 0.000
304.333333 305.333333 9999.99 0.999 99.99 0.999 9.999 0.999000 9.99 0.999000 9.999 0.999 999.999 0.999 999.999 0.999 99.99 0.999000 999.999 0.999 999.999 0.999 999.999 0.999 9.999 0.999 9.999 0.999
307.333333 308.333333    1.92 0.000  0.16 0.000 0.010 0.000000 9.99 0.259000 0.032 0.000   0.326 0.000   0.587 0.000  1.37 0.000000   1.126 0.000   0.057 0.000   1.069 0.000 0.011 0.000 0.045 0.000
310.333333 311.333333    0.25 0.000  0.17 0.000 0.007 0.000000 9.99 0.259000 0.002 0.000   0.055 0.000   0.099 0.000 99.99 0.259000   0.270 0.000   0.062 0.000 999.999 0.259 0.003 0.000 0.004 0.000
313.333333 314.333333    0.98 0.000  0.20 0.000 9.999 0.259000 9.99 0.259000 0.008 0.000   0.407 0.000   0.732 0.000 99.99 0.259000   1.400 0.000   0.191 0.000   1.209 0.000 0.014 0.000 0.020 0.000
316.333333 317.333333    0.59 0.000  0.34 0.000 9.999 0.259000 9.99 0.259000 0.001 0.000 999.999 0.259 999.999 0.259 99.99 0.259000   0.226 0.000 999.999 0.259   0.360 0.000 0.002 0.000 0.017 0.000
319.333333 320.333333    0.45 0.000  0.25 0.000 0.015 0.000000 9.99 0.259000 0.010 0.000   0.095 0.000   0.171 0.000  1.02 0.000000   1.037 0.000   0.161 0.000   0.876 0.000 0.005 0.000 0.037 0.000
322.333333 323.333333    2.09 0.000  0.34 0.000 9.999 0.259000 9.99 0.259000 0.009 0.000   0.688 0.000   1.238 0.000 99.99 0.259000   2.344 0.000   0.619 0.000   1.724 0.000 0.010 0.000 0.053 0.000
325.333333 326.333333    0.29 0.000  0.18 0.000 9.999 0.259000 9.99 0.259000 0.001 0.000   0.035 0.000   0.064 0.000  1.20 0.000000   0.135 0.000   0.063 0.000   0.228 0.000 0.001 0.000 0.010 0.000
328.333333 329.333333    0.95 0.000  0.20 0.000 9.999 0.259000 9.99 0.259000 0.007 0.000   0.004 0.000   0.008 0.000 99.99 0.259000   1.087 0.000   0.307 0.000   0.781 0.000 0.006 0.000 0.077 0.000
331.333333 332.333333    2.32 0.000  0.33 0.000 9.999 0.259000 9.99 0.259000 0.029 0.000   0.122 0.000   0.220 0.000 99.99 0.259000   1.134 0.000   0.289 0.000   0.845 0.000 0.006 0.000 0.071 0.000
334.333333 335.333333    1.48 0.000  0.13 0.000 0.008 0.000000 9.99 0.259000 0.013 0.000   0.027 0.000   0.048 0.000 99.99 0.259000   0.634 0.000   0.154 0.000   0.480 0.000 0.003 0.000 0.042 0.000
337.333333 338.333333    9.05 0.000  0.43 0.000 9.999 0.259000 0.15 0.000000 0.009 0.000   0.360 0.000   0.647 0.000 99.99 0.259000   1.620 0.000   0.372 0.000   1.248 0.000 0.011 0.000 0.096 0.000
340.333333 341.333333   13.30 0.000  0.18 0.000 9.999 0.259000 9.99 0.259000 0.037 0.000   1.084 0.000   1.952 0.000 99.99 0.259000   3.123 0.000   0.834 0.000   2.289 0.000 0.016 0.000 0.090 0.000
343.333333 344.333333    0.70 0.000 99.99 0.259 0.038 0.000000 9.99 0.259000 0.012 0.000   0.600 0.000   1.080 0.000 99.99 0.259000   1.126 0.000   0.214 0.000   0.912 0.000 0.007 0.000 0.041 0.000
346.333333 347.333333    0.44 0.000  0.31 0.000 0.149 0.000000 9.99 0.259000 0.006 0.000 999.999 0.259 999.999 0.259 99.99 0.259000   3.518 0.000   0.472 0.000   3.046 0.000 0.027 0.000 0.089 0.000
349.333333 350.333333    1.06 0.000  0.14 0.000 9.999 0.259000 9.99 0.259000 0.006 0.000   0.097 0.559   0.174 0.559 99.99 0.259000   0.454 0.000 999.999 0.259   0.587 0.000 0.004 0.000 0.016 0.000
352.333333 353.333333    2.97 0.000 99.99 0.259 9.999 0.259000 0.15 0.000000 0.002 0.000   0.127 0.000   0.229 0.000 99.99 0.259000   1.129 0.000   0.774 0.000   0.355 0.000 0.004 0.000 0.018 0.000
355.333333 356.333333    2.29 0.000  0.29 0.000 9.999 0.259000 9.99 0.259000 0.008 0.000   0.084 0.000   0.152 0.000 99.99 0.259000   3.431 0.000   2.753 0.000   0.678 0.000 0.005 0.000 0.011 0.000
358.333333 359.333333    0.31 0.000  0.13 0.000 9.999 0.259000 9.99 0.259000 0.004 0.000 999.999 0.259 999.999 0.259 99.99 0.259000   0.810 0.000   0.648 0.000   0.291 0.000 0.001 0.000 0.004 0.000
361.333333 362.333333    6.02 0.000  0.24 0.000 9.999 0.259000 9.99 0.259000 0.029 0.000   0.182 0.000   0.328 0.000 99.99 0.259000   2.182 0.000   0.793 0.000   1.389 0.000 0.010 0.000 0.062 0.000
364.333333 365.333333    2.58 0.000  0.50 0.000 9.999 0.259000 0.10 0.000000 0.012 0.000   0.170 0.000   0.305 0.000 99.99 0.259000   1.042 0.000   0.233 0.000   0.808 0.000 0.005 0.000 0.041 0.000
