scripts/IMPROVE-2019_partial/data/US9044R.20150103080000.20191216000000.filterpack...7mo.3d.US03L_filterpack_US9044.US03L_IMPROVE_Davis.lev2.nas
52 1001
MISSING INFORMATION
US03L, IMPROVE, , , , , , , 
MISSING INFORMATION
IMPROVE sel_HTAP
1 1
2015 01 01 2019 12 16
3.000000
days from file reference point
5
1 1 1 1 1
999.999999 999.999 9.999 999.999 9.999
end_time of measurement, days from the file reference point
pm10_mass, ug/m3, Matrix=pm10
numflag pm10_mass, no unit, Matrix=pm10
pm25_mass, ug/m3, Matrix=pm25
numflag pm25_mass, no unit, Matrix=pm25
0
33
Data definition:              EBAS_1.1
Set type code:                TU
Timezone:                     UTC
File name:                    US9044R.20150103080000.20191216000000.filterpack...7mo.3d.US03L_filterpack_US9044.US03L_IMPROVE_Davis.lev2.nas
File creation:                20191218120823
Startdate:                    20150103080000
Revision date:                20191216000000
Version:                      2
Version description:          "Data extracted from http://views.cira.colostate.edu/fed/DataWizard 2019-12-16"
Statistics:                   arithmetic mean
Data level:                   2
Period code:                  7mo
Resolution code:              3d
Sample duration:              1d
Orig. time res.:              3d
Station code:                 US9044R
Platform code:                US9044S
Station name:                 Trinity
Station latitude:             40.7864
Station longitude:            -122.8046
Station altitude:             1014.0 m
Regime:                       IMG
Component:                    
Unit:                         ug/m3
Matrix:                       
Laboratory code:              US03L
Instrument type:              filterpack
Instrument name:              filterpack_US9044
Method ref:                   US03L_IMPROVE_Davis
Blank correction:             Blank corrected
Volume std. temperature:      ambient
Volume std. pressure:         ambient
starttime endtime PM10 flag_PM10 PM2.5 flag_PM2.5
  2.333333   3.333333   2.680 0.000   2.158 0.000
  5.333333   6.333333   1.196 0.000   0.804 0.000
  8.333333   9.333333   1.383 0.000   1.156 0.000
 11.333333  12.333333   1.671 0.000   1.155 0.000
 14.333333  15.333333   5.479 0.000   4.268 0.000
 17.333333  18.333333   0.956 0.000   0.353 0.000
 20.333333  21.333333   1.966 0.000   1.155 0.000
 23.333333  24.333333   1.497 0.000   0.999 0.000
 26.333333  27.333333   6.224 0.000   3.788 0.000
 29.333333  30.333333   2.324 0.000   1.649 0.000
 32.333333  33.333333   0.707 0.000   0.443 0.000
 35.333333  36.333333  10.479 0.000   6.525 0.000
 38.333333  39.333333   3.747 0.000   1.967 0.000
 41.333333  42.333333   1.376 0.000   0.614 0.000
 44.333333  45.333333   1.701 0.000   1.240 0.000
 47.333333  48.333333   3.163 0.000   1.971 0.000
 50.333333  51.333333   2.445 0.000   1.389 0.000
 53.333333  54.333333   4.777 0.000   0.918 0.000
 56.333333  57.333333   2.457 0.000   1.540 0.000
 59.333333  60.333333   1.913 0.000   1.038 0.000
 62.333333  63.333333   2.631 0.000   1.668 0.000
 65.333333  66.333333   8.270 0.000   3.844 0.000
 68.333333  69.333333  13.991 0.000   7.170 0.000
 71.333333  72.333333   2.108 0.000   1.145 0.000
 74.333333  75.333333   1.295 0.000   0.656 0.000
 77.333333  78.333333   2.732 0.000   1.664 0.000
 80.333333  81.333333   2.713 0.000   1.524 0.000
 83.333333  84.333333   0.746 0.000   0.382 0.000
 86.333333  87.333333   1.241 0.000   0.822 0.000
 89.333333  90.333333   3.344 0.000   1.643 0.000
 92.333333  93.333333   9.880 0.000   5.964 0.000
 95.333333  96.333333   1.515 0.000   1.165 0.000
 98.333333  99.333333   1.331 0.000   0.623 0.000
101.333333 102.333333   5.097 0.000   2.453 0.000
104.333333 105.333333   3.337 0.000   1.514 0.000
107.333333 108.333333   5.337 0.000   2.806 0.000
110.333333 111.333333   8.626 0.000   4.986 0.000
113.333333 114.333333   3.962 0.000   1.647 0.000
116.333333 117.333333   2.258 0.000   1.072 0.000
119.333333 120.333333   8.112 0.000   3.835 0.000
122.333333 123.333333  13.760 0.000   6.544 0.000
125.333333 126.333333   5.675 0.000   2.048 0.000
128.333333 129.333333  10.558 0.000   3.675 0.000
131.333333 132.333333   4.487 0.000   1.800 0.000
134.333333 135.333333   4.659 0.000   2.504 0.000
137.333333 138.333333   3.732 0.000   2.341 0.000
140.333333 141.333333   3.332 0.000   1.953 0.000
143.333333 144.333333   4.409 0.000   2.832 0.000
146.333333 147.333333   6.046 0.000   2.535 0.000
149.333333 150.333333   9.433 0.000   4.173 0.000
152.333333 153.333333   2.293 0.000   1.100 0.000
155.333333 156.333333   6.060 0.000   2.135 0.000
158.333333 159.333333   7.526 0.000   4.022 0.000
161.333333 162.333333   8.582 0.000   3.989 0.000
164.333333 165.333333   8.207 0.000   4.534 0.000
167.333333 168.333333   7.067 0.000   3.505 0.000
170.333333 171.333333   6.608 0.000   2.895 0.000
173.333333 174.333333   5.906 0.000   2.262 0.000
176.333333 177.333333  13.877 0.000   6.074 0.000
179.333333 180.333333   6.090 0.000   2.473 0.000
182.333333 183.333333  17.496 0.000 999.999 0.456
185.333333 186.333333  11.436 0.000   5.213 0.000
188.333333 189.333333   5.569 0.000   2.733 0.000
191.333333 192.333333   7.633 0.000   3.714 0.000
194.333333 195.333333   4.621 0.000   2.356 0.000
197.333333 198.333333   8.758 0.000   3.921 0.000
200.333333 201.333333   9.835 0.000   4.863 0.000
203.333333 204.333333  19.850 0.000  11.875 0.000
206.333333 207.333333   5.237 0.000   2.248 0.000
209.333333 210.333333 999.999 0.999 999.999 0.999
212.333333 213.333333 999.999 0.999 999.999 0.999
215.333333 216.333333 999.999 0.999 999.999 0.999
218.333333 219.333333 999.999 0.999 999.999 0.999
221.333333 222.333333 999.999 0.999 999.999 0.999
224.333333 225.333333 999.999 0.999 999.999 0.999
227.333333 228.333333 999.999 0.999 999.999 0.999
