scripts/IMPROVE-2019_partial/data/US9034R.20010101060000.20191216000000.filterpack..pm25.52w.1w.US03L_filterpack_US9034.US03L_IMPROVE_Davis.lev2.nas
64 1001
MISSING INFORMATION
US03L, IMPROVE, , , , , , , 
MISSING INFORMATION
IMPROVE sel_HTAP
1 1
2001 01 01 2019 12 16
3.00
days from file reference point
25
1 1 1 1 1 1 1 1 1 1 1 1 1 1 1 1 1 1 1 1 1 1 1 1 1
999.99 9999.99 9.999 99.99 9.999999 9.999 9.999999 99.99 9.999999 99.999 9.999 99.999 9.999 99.999 9.999 999.999 9.999 999.999 9.999 999.999 9.999 9.999 9.999999 99.999 9.999
end_time of measurement, days from the file reference point
iron, ng/m3, Revision date=20181210133000
numflag iron, no unit, Revision date=20181210133000
lead, ng/m3, Revision date=20181210133000
numflag lead, no unit, Revision date=20181210133000
magnesium, ug/m3, Revision date=20181210133000
numflag magnesium, no unit, Revision date=20181210133000
nickel, ng/m3, Revision date=20181210133000
numflag nickel, no unit, Revision date=20181210133000
nitrate, ug N/m3, Revision date=20181210133000
numflag nitrate, no unit, Revision date=20181210133000
organic_carbon, ug C/m3, Revision date=20181210133000
numflag organic_carbon, no unit, Revision date=20181210133000
organic_mass, ug/m3, Revision date=20181210133000
numflag organic_mass, no unit, Revision date=20181210133000
pm10_mass, ug/m3, Version=2, Version description=Data extracted from http://views.cira.colostate.edu/fed/DataWizard 2019-12-16, Sample duration=1d, Orig. time res.=3d, Matrix=pm10, Blank correction=Blank corrected, Volume std. temperature=ambient, Volume std. pressure=ambient
numflag pm10_mass, no unit, Version=2, Version description=Data extracted from http://views.cira.colostate.edu/fed/DataWizard 2019-12-16, Sample duration=1d, Orig. time res.=3d, Matrix=pm10, Blank correction=Blank corrected, Volume std. temperature=ambient, Volume std. pressure=ambient
pm10_pm25_mass, ug/m3, Revision date=20181210133000, Matrix=pm10_pm25
numflag pm10_pm25_mass, no unit, Revision date=20181210133000, Matrix=pm10_pm25
pm25_mass, ug/m3, Version=2, Version description=Data extracted from http://views.cira.colostate.edu/fed/DataWizard 2019-12-16, Sample duration=1d, Orig. time res.=3d, Blank correction=Blank corrected, Volume std. temperature=ambient, Volume std. pressure=ambient
numflag pm25_mass, no unit, Version=2, Version description=Data extracted from http://views.cira.colostate.edu/fed/DataWizard 2019-12-16, Sample duration=1d, Orig. time res.=3d, Blank correction=Blank corrected, Volume std. temperature=ambient, Volume std. pressure=ambient
potassium, ug/m3, Revision date=20181210133000
numflag potassium, no unit, Revision date=20181210133000
sulphate_total, ug S/m3, Revision date=20181210133000
numflag sulphate_total, no unit, Revision date=20181210133000
0
25
Data definition:              EBAS_1.1
Set type code:                TU
Timezone:                     UTC
File name:                    US9034R.20010101060000.20191216000000.filterpack..pm25.52w.1w.US03L_filterpack_US9034.US03L_IMPROVE_Davis.lev2.nas
File creation:                20191218120732
Startdate:                    20010101060000
Revision date:                20191216000000
Statistics:                   arithmetic mean
Data level:                   2
Period code:                  52w
Resolution code:              1w
Station code:                 US9034R
Platform code:                US9034S
Station name:                 Upper Buffalo Wilderness
Station latitude:             35.8258
Station longitude:            -93.203
Station altitude:             722.0 m
Regime:                       IMG
Component:                    
Matrix:                       pm25
Laboratory code:              US03L
Instrument type:              filterpack
Instrument name:              filterpack_US9034
Method ref:                   US03L_IMPROVE_Davis
starttime endtime Fe flag_Fe Pb flag_Pb Mg++ flag_Mg++ Ni flag_Ni NO3- flag_NO3- OC flag_OC OM flag_OM PM10 flag_PM10 PM10-PM2.5 flag_PM10-PM2.5 PM2.5 flag_PM2.5 K+ flag_K+ SO4-- flag_SO4--
[from data line 88]
264.25 265.25   22.18 0.559  1.06 0.559000 9.999 0.559259 99.99 0.559259  0.038 0.000  1.443 0.000  2.020 0.000  11.958 0.000   6.572 0.000   5.386 0.559 0.026 0.559000  0.490 0.000
267.25 268.25    7.55 0.559  0.95 0.559000 9.999 0.559259 99.99 0.559259  0.034 0.000  0.451 0.000  0.631 0.000   6.490 0.000   4.316 0.000   2.174 0.559 0.013 0.559000  0.234 0.000
270.25 271.25   21.49 0.559  2.74 0.559000 9.999 0.559259  0.11 0.559000  0.032 0.000  0.967 0.000  1.353 0.000  16.286 0.000  11.220 0.000   5.066 0.559 0.027 0.559000  0.529 0.000
273.25 274.25   45.32 0.559  3.79 0.559000 9.999 0.559259 99.99 0.559259  0.032 0.000  1.214 0.000  1.699 0.000  17.692 0.000  10.075 0.000   7.617 0.559 0.026 0.559000  1.005 0.000
276.25 277.25   51.24 0.000  1.74 0.000000 9.999 0.259000 99.99 0.259000  0.070 0.000  3.477 0.000  4.867 0.000  40.179 0.000  21.452 0.000  18.726 0.000 0.098 0.000000  2.325 0.000
279.25 280.25   18.80 0.559  1.42 0.559000 0.012 0.559000 99.99 0.559259  0.051 0.000  0.710 0.000  0.995 0.000  10.127 0.000   6.357 0.000   3.770 0.559 0.037 0.559000  0.343 0.000
282.25 283.25    6.45 0.559  0.46 0.559000 9.999 0.559259  0.16 0.559000  0.046 0.000  0.664 0.000  0.929 0.000   8.267 0.000   3.250 0.000   5.017 0.559 0.020 0.559000  0.666 0.000
285.25 286.25   10.11 0.559  0.61 0.559000 9.999 0.559259 99.99 0.559259  0.084 0.000  0.893 0.000  1.250 0.000   7.523 0.000   2.662 0.000   4.861 0.559 0.016 0.559000  0.537 0.000
288.25 289.25    9.58 0.559 99.99 0.559259 9.999 0.559259 99.99 0.559259  0.064 0.000  0.299 0.000  0.418 0.000   5.531 0.000   3.506 0.000   2.024 0.559 0.016 0.559000  0.179 0.000
291.25 292.25   33.21 0.000  1.45 0.000000 9.999 0.259000  0.21 0.000000  0.099 0.000  2.555 0.000  3.577 0.000  20.012 0.000  10.312 0.000   9.699 0.000 0.044 0.000000  0.829 0.000
294.25 295.25   19.35 0.000  0.82 0.000000 9.999 0.259000  0.42 0.000000  0.091 0.000  2.000 0.000  2.799 0.000  17.546 0.000   5.846 0.000  11.700 0.000 0.041 0.000000  1.520 0.000
297.25 298.25   22.51 0.559  0.34 0.559000 9.999 0.559259  0.09 0.559000  0.018 0.000  0.430 0.000  0.602 0.000  12.897 0.000  10.909 0.000   1.988 0.559 9.999 0.559259  0.097 0.000
300.25 301.25   35.96 0.000  1.80 0.000000 9.999 0.259000  0.09 0.000000  0.157 0.000  1.495 0.000  2.093 0.000  15.303 0.000   9.908 0.000   5.395 0.000 0.054 0.000000  0.392 0.000
303.25 304.25   45.30 0.000  1.67 0.000000 9.999 0.259000  0.15 0.000000  0.102 0.000  4.746 0.000  6.644 0.000  26.207 0.000  10.538 0.000  15.669 0.000 0.092 0.000000  1.137 0.000
306.25 307.25    6.18 0.559  0.48 0.559000 9.999 0.559259  0.08 0.559000  0.097 0.000  0.836 0.000  1.171 0.000   5.506 0.000   1.922 0.000   3.584 0.559 0.016 0.559000  0.430 0.000
309.25 310.25   39.41 0.559  2.61 0.559000 0.043 0.559000  0.19 0.559000  0.187 0.000  2.441 0.000  3.418 0.000  16.834 0.000   7.468 0.000   9.366 0.559 0.076 0.559000  0.909 0.000
312.25 313.25 9999.99 0.456 99.99 0.456000 9.999 0.456000 99.99 0.456000  0.400 0.000  1.877 0.000  2.628 0.000  20.210 0.000 999.999 0.999 999.999 0.456 9.999 0.456000  0.782 0.000
315.25 316.25   55.29 0.000  2.26 0.000000 9.999 0.259000 99.99 0.259000  0.388 0.000  1.805 0.000  2.527 0.000  21.123 0.000  13.231 0.000   7.891 0.000 0.069 0.000000  0.697 0.000
318.25 319.25   35.87 0.559  1.28 0.559000 9.999 0.559259 99.99 0.559259  0.169 0.000  2.881 0.000  4.033 0.000  24.203 0.000  12.318 0.000  11.885 0.559 0.081 0.559000  1.319 0.000
321.25 322.25   59.34 0.000  1.97 0.000000 9.999 0.259000 99.99 0.259000  0.143 0.000  4.123 0.000  5.773 0.000  48.776 0.000  30.986 0.000  17.790 0.000 0.095 0.000000  1.973 0.000
324.25 325.25   18.85 0.559  0.76 0.559000 9.999 0.559259 99.99 0.559259  0.181 0.000  0.902 0.000  1.262 0.000  10.273 0.000   7.439 0.000   2.833 0.559 0.026 0.559000  0.109 0.000
327.25 328.25   24.56 0.559  0.53 0.559000 9.999 0.559259 99.99 0.559259  0.057 0.000  0.598 0.000  0.837 0.000   7.438 0.000   4.534 0.000   2.903 0.559 0.021 0.559000  0.246 0.000
330.25 331.25   11.62 0.559 99.99 0.559259 9.999 0.559259 99.99 0.559259  0.126 0.000  0.478 0.000  0.669 0.000   5.779 0.000   3.930 0.000   1.849 0.559 9.999 0.559259  0.129 0.000
333.25 334.25 9999.99 0.999 99.99 0.999000 9.999 0.999000 99.99 0.999000 99.999 0.999 99.999 0.999 99.999 0.999 999.999 0.999 999.999 0.999 999.999 0.999 9.999 0.999000 99.999 0.999
336.25 337.25   18.23 0.559  1.60 0.559000 9.999 0.559259  0.21 0.559000  0.204 0.559  2.938 0.000  4.114 0.000  13.560 0.000   2.802 0.000  10.758 0.559 0.064 0.559000  0.959 0.559
339.25 340.25    8.59 0.559 99.99 0.559259 9.999 0.559259 99.99 0.559259  0.089 0.000  0.604 0.000  0.846 0.000   6.164 0.000   3.549 0.000   2.615 0.559 0.013 0.559000  0.320 0.000
342.25 343.25    6.71 0.559  1.53 0.559000 0.079 0.559000 99.99 0.559259  0.371 0.000  0.648 0.000  0.907 0.000   5.062 0.000   2.159 0.000   2.903 0.559 0.019 0.559000  0.166 0.000
345.25 346.25    1.02 0.559 99.99 0.559259 9.999 0.559259  0.06 0.559000  0.025 0.000  0.167 0.000  0.234 0.000   2.439 0.000   1.727 0.000   0.712 0.559 0.009 0.559000  0.072 0.000
348.25 349.25    2.83 0.559  0.70 0.559000 9.999 0.559259 99.99 0.559259  0.173 0.000  0.657 0.000  0.920 0.000   4.034 0.000   1.256 0.000   2.778 0.559 0.011 0.559000  0.270 0.000
351.25 352.25   10.52 0.559  1.03 0.559000 9.999 0.559259 99.99 0.559259  0.209 0.000  1.004 0.000  1.406 0.000   5.138 0.000   2.159 0.000   2.979 0.559 0.015 0.559000  0.218 0.000
354.25 355.25   15.18 0.559  1.76 0.559000 9.999 0.559259 99.99 0.559259  0.111 0.559  1.289 0.000  1.805 0.000   7.443 0.000   3.604 0.000   3.839 0.559 0.031 0.559000  0.210 0.559
357.25 358.25    7.91 0.559  0.44 0.559000 9.999 0.559259 99.99 0.559259  0.189 0.559  0.504 0.000  0.706 0.000   5.648 0.000   2.887 0.000   2.761 0.559 0.017 0.559000  0.203 0.559
360.25 361.25   17.35 0.559  0.86 0.559000 9.999 0.559259 99.99 0.559259  0.272 0.000  0.889 0.000  1.244 0.000  10.124 0.000   6.952 0.000   3.172 0.559 0.024 0.559000  0.149 0.000
363.25 364.25   12.58 0.000  0.87 0.000000 9.999 0.259000 99.99 0.259000  0.417 0.000  0.714 0.000  1.000 0.000   9.217 0.000   4.195 0.000   5.022 0.000 0.022 0.000000  0.257 0.000
