scripts/IMPROVE-2019_partial/data/US9033R.19960103060000.20191216000000.filterpack...1y.3d.US03L_filterpack_US9033.US03L_IMPROVE_Davis.lev2.nas
51 1001
MISSING INFORMATION
US03L, IMPROVE, , , , , , , 
MISSING INFORMATION
IMPROVE sel_HTAP
1 1
1996 01 01 2019 12 16
0
days from file reference point
4
1 1 1 1
999.99 999.999 999.999 9.999
end_time of measurement, days from the file reference point
pm10_mass, ug/m3, Matrix=pm10
pm25_mass, ug/m3, Matrix=pm25
numflag, no unit
0
33
Data definition:              EBAS_1.1
Set type code:                TI
Timezone:                     UTC
File name:                    US9033R.19960103060000.20191216000000.filterpack...1y.3d.US03L_filterpack_US9033.US03L_IMPROVE_Davis.lev2.nas
File creation:                20191218120726
Startdate:                    19960103060000
Revision date:                20191216000000
Version:                      2
Version description:          "Data extracted from http://views.cira.colostate.edu/fed/DataWizard 2019-12-16"
Statistics:                   arithmetic mean
Data level:                   2
Period code:                  1y
Resolution code:              3d
Sample duration:              1d
Orig. time res.:              3d
Station code:                 US9033R
Platform code:                US9033S
Station name:                 Sipsy Wilderness
Station latitude:             34.3433
Station longitude:            -87.3388
Station altitude:             286.0 m
Regime:                       IMG
Component:                    
Unit:                         ug/m3
Matrix:                       
Laboratory code:              US03L
Instrument type:              filterpack
Instrument name:              filterpack_US9033
Method ref:                   US03L_IMPROVE_Davis
Blank correction:             Blank corrected
Volume std. temperature:      ambient
Volume std. pressure:         ambient
starttime endtime PM10 PM2.5 flag
  2.25   3.25   8.301   6.944 0.000
  5.25   6.25   7.423   6.597 0.000
  9.25  10.25  13.851  10.237 0.000
 12.25  13.25  11.275   7.756 0.000
 16.25  17.25   5.459   4.630 0.000
 19.25  20.25  11.941   8.424 0.000
 23.25  24.25   7.138   5.155 0.000
 26.25  27.25   7.443   3.951 0.000
 30.25  31.25  15.383  11.473 0.000
 33.25  34.25  16.949  10.310 0.000
 37.25  38.25 999.999 999.999 0.999
 40.25  41.25 999.999 999.999 0.999
 44.25  45.25 999.999 999.999 0.999
 47.25  48.25  15.263   9.560 0.000
 51.25  52.25 999.999  18.937 0.000
 54.25  55.25  14.201   6.394 0.000
 58.25  59.25   1.726   1.183 0.000
 61.25  62.25  15.556   5.161 0.000
 65.25  66.25   4.019 999.999 0.000
 68.25  69.25  13.360   6.710 0.000
 72.25  73.25   6.597   3.977 0.000
 75.25  76.25  21.682  11.469 0.000
 79.25  80.25  11.818   8.066 0.000
 82.25  83.25  15.006  10.118 0.000
 86.25  87.25  10.658   7.332 0.000
 89.25  90.25  19.332  12.991 0.000
 93.25  94.25  25.219  18.419 0.000
 96.25  97.25  17.032  12.786 0.000
100.25 101.25  15.733  10.904 0.000
103.25 104.25  10.524   7.149 0.000
107.25 108.25   9.456   7.093 0.000
110.25 111.25  19.356  12.323 0.000
114.25 115.25  10.775   7.729 0.000
117.25 118.25  12.082   6.334 0.000
121.25 122.25 999.999 999.999 0.999
124.25 125.25  16.089  13.860 0.000
128.25 129.25  17.064  11.292 0.000
131.25 132.25  10.918   7.472 0.000
135.25 136.25 999.999 999.999 0.999
138.25 139.25 999.999 999.999 0.999
142.25 143.25 999.999 999.999 0.999
145.25 146.25 999.999 999.999 0.999
149.25 150.25 999.999 999.999 0.999
152.25 153.25  20.833  16.077 0.000
156.25 157.25 999.999 999.999 0.999
159.25 160.25  11.265   6.076 0.000
163.25 164.25 999.999 999.999 0.999
166.25 167.25 999.999 999.999 0.999
170.25 171.25 999.999 999.999 0.999
173.25 174.25 999.999 999.999 0.999
177.25 178.25  24.706  18.254 0.000
180.25 181.25  44.451  39.543 0.000
184.25 185.25  24.929  19.786 0.000
187.25 188.25  31.232  23.916 0.000
191.25 192.25  19.541  13.738 0.000
194.25 195.25  26.828  21.649 0.000
198.25 199.25  16.876  12.451 0.000
201.25 202.25  14.918  10.187 0.000
205.25 206.25  37.522  28.113 0.000
208.25 209.25  22.289  16.244 0.000
212.25 213.25  12.855   5.742 0.000
215.25 216.25  44.591  37.403 0.000
219.25 220.25  24.371  14.222 0.000
222.25 223.25  28.727  12.972 0.000
226.25 227.25  32.851  26.480 0.000
229.25 230.25  50.914  43.911 0.000
233.25 234.25  33.965  31.980 0.000
236.25 237.25  39.922  33.315 0.000
240.25 241.25  19.511  13.557 0.000
243.25 244.25  36.773  26.686 0.000
247.25 248.25  12.787   9.552 0.000
250.25 251.25  27.277  23.342 0.000
254.25 255.25  25.027  20.378 0.000
257.25 258.25   9.226   7.434 0.000
261.25 262.25  16.667  13.371 0.000
264.25 265.25  17.581  14.503 0.000
268.25 269.25  25.789  20.924 0.000
271.25 272.25   7.753   4.956 0.000
275.25 276.25  21.219  20.215 0.000
278.25 279.25  17.843  14.536 0.000
282.25 283.25  13.072   8.470 0.000
285.25 286.25  28.867  14.710 0.000
289.25 290.25  29.238  24.435 0.000
292.25 293.25   8.132   5.273 0.000
296.25 297.25 999.999 999.999 0.999
299.25 300.25  16.954  12.768 0.000
303.25 304.25 999.999 999.999 0.999
306.25 307.25  15.078   6.662 0.000
310.25 311.25  28.597  19.729 0.000
313.25 314.25   6.984   7.290 0.000
317.25 318.25  19.077  14.389 0.000
320.25 321.25  17.042  10.652 0.000
324.25 325.25  19.240  12.833 0.000
327.25 328.25  22.529  12.920 0.000
331.25 332.25 999.999 999.999 0.999
334.25 335.25  11.518   8.689 0.000
338.25 339.25  13.426   9.934 0.000
341.25 342.25   7.997   5.452 0.000
345.25 346.25  13.642   6.655 0.000
348.25 349.25 999.999   8.216 0.000
352.25 353.25  10.743   8.642 0.000
355.25 356.25 999.999 999.999 0.999
359.25 360.25 999.999   7.066 0.000
362.25 363.25  12.029   9.868 0.000
