scripts/IMPROVE-2019_partial/data/US9071R.20060102070000.20191216000000.filterpack..pm25.52w.1w.US03L_filterpack_US9071.US03L_IMPROVE_Davis.lev2.nas
64 1001
MISSING INFORMATION
US03L, IMPROVE, , , , , , , 
MISSING INFORMATION
IMPROVE sel_HTAP
1 1
2006 01 01 2019 12 16
3.000000
days from file reference point
25
1 1 1 1 1 1 1 1 1 1 1 1 1 1 1 1 1 1 1 1 1 1 1 1 1
999.999999 9999.99 9.999 99.99 9.999 9.999 9.999999 9.99 9.999999 9.999 9.999 99.999 9.999999 99.999 9.999999 999.999 9.999 999.999 9.999 99.999 9.999 9.999 9.999 9.999 9.999
end_time of measurement, days from the file reference point
iron, ng/m3, Revision date=20181210133000
numflag iron, no unit, Revision date=20181210133000
lead, ng/m3, Revision date=20181210133000
numflag lead, no unit, Revision date=20181210133000
magnesium, ug/m3, Revision date=20181210133000
numflag magnesium, no unit, Revision date=20181210133000
nickel, ng/m3, Revision date=20181210133000
numflag nickel, no unit, Revision date=20181210133000
nitrate, ug N/m3, Revision date=20181210133000
numflag nitrate, no unit, Revision date=20181210133000
organic_carbon, ug C/m3, Revision date=20181210133000
numflag organic_carbon, no unit, Revision date=20181210133000
organic_mass, ug/m3, Revision date=20181210133000
numflag organic_mass, no unit, Revision date=20181210133000
pm10_mass, ug/m3, Version=2, Version description=Data extracted from http://views.cira.colostate.edu/fed/DataWizard 2019-12-16, Sample duration=1d, Orig. time res.=3d, Matrix=pm10, Blank correction=Blank corrected, Volume std. temperature=ambient, Volume std. pressure=ambient
numflag pm10_mass, no unit, Version=2, Version description=Data extracted from http://views.cira.colostate.edu/fed/DataWizard 2019-12-16, Sample duration=1d, Orig. time res.=3d, Matrix=pm10, Blank correction=Blank corrected, Volume std. temperature=ambient, Volume std. pressure=ambient
pm10_pm25_mass, ug/m3, Revision date=20181210133000, Matrix=pm10_pm25
numflag pm10_pm25_mass, no unit, Revision date=20181210133000, Matrix=pm10_pm25
pm25_mass, ug/m3, Version=2, Version description=Data extracted from http://views.cira.colostate.edu/fed/DataWizard 2019-12-16, Sample duration=1d, Orig. time res.=3d, Blank correction=Blank corrected, Volume std. temperature=ambient, Volume std. pressure=ambient
numflag pm25_mass, no unit, Version=2, Version description=Data extracted from http://views.cira.colostate.edu/fed/DataWizard 2019-12-16, Sample duration=1d, Orig. time res.=3d, Blank correction=Blank corrected, Volume std. temperature=ambient, Volume std. pressure=ambient
potassium, ug/m3, Revision date=20181210133000
numflag potassium, no unit, Revision date=20181210133000
sulphate_total, ug S/m3, Revision date=20181210133000
numflag sulphate_total, no unit, Revision date=20181210133000
0
25
Data definition:              EBAS_1.1
Set type code:                TU
Timezone:                     UTC
File name:                    US9071R.20060102070000.20191216000000.filterpack..pm25.52w.1w.US03L_filterpack_US9071.US03L_IMPROVE_Davis.lev2.nas
File creation:                20191218121025
Startdate:                    20060102070000
Revision date:                20191216000000
Statistics:                   arithmetic mean
Data level:                   2
Period code:                  52w
Resolution code:              1w
Station code:                 US9071R
Platform code:                US9071S
Station name:                 Wheeler Peak
Station latitude:             36.5854
Station longitude:            -105.452
Station altitude:             3366.0 m
Regime:                       IMG
Component:                    
Matrix:                       pm25
Laboratory code:              US03L
Instrument type:              filterpack
Instrument name:              filterpack_US9071
Method ref:                   US03L_IMPROVE_Davis
starttime endtime Fe flag_Fe Pb flag_Pb Mg++ flag_Mg++ Ni flag_Ni NO3- flag_NO3- OC flag_OC OM flag_OM PM10 flag_PM10 PM10-PM2.5 flag_PM10-PM2.5 PM2.5 flag_PM2.5 K+ flag_K+ SO4-- flag_SO4--
[from data line 87]
262.291667 263.291667   18.58 0.000  0.57 0.000 0.005 0.000000 9.99 0.259000 0.035 0.000  0.305 0.559000  0.549 0.559000   4.803 0.000   2.998 0.000  1.805 0.000 0.014 0.000 0.124 0.000
265.291667 266.291667    6.88 0.000  0.20 0.000 9.999 0.259000 9.99 0.259000 0.014 0.000  0.160 0.000000  0.288 0.000000   1.600 0.000   0.429 0.000  1.171 0.000 0.007 0.000 0.120 0.000
268.291667 269.291667    8.74 0.000  0.29 0.000 9.999 0.259000 0.07 0.000000 0.012 0.000  0.431 0.000000  0.776 0.000000   2.704 0.000   1.044 0.000  1.660 0.000 0.012 0.000 0.100 0.000
271.291667 272.291667   16.30 0.000  0.36 0.000 9.999 0.259000 0.03 0.000000 0.009 0.000  0.389 0.559000  0.700 0.559000   3.461 0.000   1.895 0.000  1.566 0.000 0.012 0.000 0.076 0.000
274.291667 275.291667   30.17 0.000  0.64 0.000 0.010 0.000000 9.99 0.259000 0.023 0.000  0.705 0.000000  1.270 0.000000   7.419 0.000   4.390 0.000  3.029 0.000 0.029 0.000 0.153 0.000
277.291667 278.291667   21.58 0.000  0.61 0.000 0.011 0.000000 9.99 0.259000 0.041 0.000  0.719 0.000000  1.295 0.000000   7.778 0.000   3.098 0.000  4.680 0.000 0.028 0.000 0.510 0.000
280.291667 281.291667    3.31 0.000  0.26 0.000 0.004 0.000000 9.99 0.259000 0.013 0.000  0.180 0.000000  0.324 0.000000   1.223 0.000   0.416 0.000  0.807 0.000 0.003 0.000 0.080 0.000
283.291667 284.291667   14.96 0.000  0.53 0.000 9.999 0.259000 9.99 0.259000 0.036 0.000  0.402 0.000000  0.723 0.000000   3.131 0.000   1.083 0.000  2.048 0.000 0.015 0.000 0.171 0.000
286.291667 287.291667    7.40 0.000  0.54 0.000 9.999 0.259000 9.99 0.259000 0.029 0.000  0.284 0.559000  0.512 0.559000   3.281 0.000   1.738 0.000  1.543 0.000 0.006 0.000 0.129 0.000
289.291667 290.291667    8.24 0.000  0.32 0.000 0.004 0.000000 9.99 0.259000 0.041 0.000  0.240 0.000000  0.433 0.000000   2.684 0.000   1.044 0.000  1.641 0.000 0.007 0.000 0.164 0.000
292.291667 293.291667    4.36 0.000  0.30 0.000 9.999 0.259000 9.99 0.259000 0.006 0.000  0.208 0.000000  0.375 0.000000   1.601 0.000   0.376 0.000  1.225 0.000 0.007 0.000 0.115 0.000
295.291667 296.291667    7.29 0.000  0.25 0.000 9.999 0.259000 9.99 0.259000 0.003 0.000  0.131 0.000000  0.235 0.000000   1.968 0.000   1.314 0.000  0.654 0.000 0.005 0.000 0.034 0.000
298.291667 299.291667    6.09 0.000  0.42 0.000 9.999 0.259000 9.99 0.259000 0.012 0.000  0.087 0.000000  0.157 0.000000   2.113 0.000   1.224 0.000  0.889 0.000 0.006 0.000 0.092 0.000
301.291667 302.291667    4.28 0.000  0.31 0.000 9.999 0.259000 9.99 0.259000 0.004 0.000  0.149 0.559000  0.269 0.559000   1.806 0.000   0.665 0.000  1.141 0.000 0.005 0.000 0.090 0.000
304.291667 305.291667   23.42 0.000  0.91 0.000 9.999 0.259000 0.09 0.000000 0.084 0.000  0.649 0.000000  1.167 0.000000   4.660 0.000   1.206 0.000  3.454 0.000 0.036 0.000 0.208 0.000
307.291667 308.291667   13.87 0.000  0.63 0.000 9.999 0.259000 9.99 0.259000 0.032 0.000  0.666 0.000000  1.200 0.000000   3.402 0.000   1.259 0.000  2.143 0.000 0.015 0.000 0.112 0.000
310.291667 311.291667    1.80 0.000  0.12 0.000 9.999 0.259000 9.99 0.259000 0.003 0.000  0.002 0.000000  0.003 0.000000   0.573 0.000   0.427 0.000  0.263 0.000 0.002 0.000 0.021 0.000
313.291667 314.291667   18.02 0.000  0.61 0.000 9.999 0.259000 9.99 0.259000 0.032 0.000  0.261 0.000000  0.469 0.000000   5.255 0.000   3.076 0.000  2.179 0.000 0.018 0.000 0.175 0.000
316.291667 317.291667    3.42 0.000  0.30 0.000 9.999 0.259000 9.99 0.259000 0.010 0.000  0.189 0.000000  0.340 0.000000   1.579 0.000   0.513 0.000  1.066 0.000 0.004 0.000 0.123 0.000
319.291667 320.291667    3.40 0.000  0.38 0.000 9.999 0.259000 9.99 0.259000 0.006 0.000  0.024 0.000000  0.042 0.000000   0.944 0.000   0.269 0.000  0.676 0.000 0.005 0.000 0.063 0.000
322.291667 323.291667    6.68 0.000  0.33 0.000 9.999 0.259000 9.99 0.259000 0.006 0.000  0.246 0.000000  0.442 0.000000   2.006 0.000   1.009 0.000  0.997 0.000 0.007 0.000 0.072 0.000
325.291667 326.291667   14.34 0.000  0.55 0.000 9.999 0.259000 0.04 0.000000 0.006 0.000  0.267 0.000000  0.481 0.000000   2.300 0.000   0.906 0.000  1.393 0.000 0.015 0.000 0.087 0.000
328.291667 329.291667   15.32 0.000  0.52 0.000 9.999 0.259000 9.99 0.259000 0.033 0.000  0.316 0.000000  0.569 0.000000   4.307 0.000   2.432 0.000  1.875 0.000 0.015 0.000 0.166 0.000
331.291667 332.291667    2.85 0.000  0.50 0.000 9.999 0.259000 9.99 0.259000 0.014 0.000  0.281 0.000000  0.506 0.000000   1.794 0.000   0.734 0.000  1.060 0.000 0.004 0.000 0.128 0.000
334.291667 335.291667    2.15 0.000  0.08 0.000 9.999 0.259000 9.99 0.259000 0.004 0.000  0.276 0.000000  0.497 0.000000   1.411 0.000   0.848 0.000  0.564 0.000 0.003 0.000 0.051 0.000
337.291667 338.291667    1.55 0.000  0.07 0.000 9.999 0.259000 9.99 0.259000 0.002 0.000  0.155 0.000000  0.278 0.000000   0.625 0.000   0.210 0.000  0.415 0.000 0.002 0.000 0.024 0.000
340.291667 341.291667    4.74 0.000  0.21 0.000 0.008 0.000000 9.99 0.259000 0.007 0.000  0.284 0.000000  0.512 0.000000   1.224 0.000   0.575 0.000  0.650 0.000 0.004 0.000 0.023 0.000
343.291667 344.291667    8.62 0.000  0.17 0.000 9.999 0.259000 9.99 0.259000 0.016 0.000  0.442 0.000000  0.795 0.000000   4.176 0.000   2.945 0.000  1.231 0.000 0.010 0.000 0.111 0.000
346.291667 347.291667    7.95 0.000  0.36 0.000 9.999 0.259000 9.99 0.259000 0.004 0.000  0.187 0.000000  0.337 0.000000   2.012 0.000   1.064 0.000  0.948 0.000 0.008 0.000 0.097 0.000
349.291667 350.291667   11.68 0.000  0.09 0.000 9.999 0.259000 9.99 0.259000 0.005 0.000  0.246 0.000000  0.444 0.000000   3.135 0.000   2.026 0.000  1.109 0.000 0.010 0.000 0.099 0.000
352.291667 353.291667    4.69 0.000  0.08 0.000 9.999 0.259000 0.34 0.000000 0.010 0.000  0.554 0.000000  0.997 0.000000   3.518 0.000   0.550 0.000  2.968 0.000 0.011 0.000 0.553 0.000
355.291667 356.291667    2.49 0.000  0.10 0.000 9.999 0.259000 0.10 0.000000 0.002 0.000  0.126 0.000000  0.226 0.000000   0.479 0.000   0.088 0.000  0.391 0.000 0.003 0.000 0.046 0.000
358.291667 359.291667    1.63 0.000  0.07 0.000 9.999 0.259000 9.99 0.259000 0.003 0.000  0.107 0.000000  0.193 0.000000   1.038 0.000   0.467 0.000  0.571 0.000 0.002 0.000 0.116 0.000
361.291667 362.291667    3.59 0.000  0.59 0.000 9.999 0.259000 9.99 0.259000 0.006 0.000  0.239 0.000000  0.430 0.000000   2.360 0.000   1.007 0.000  1.353 0.000 0.010 0.000 0.230 0.000
364.291667 365.291667    1.52 0.000  0.28 0.000 9.999 0.259000 9.99 0.259000 0.001 0.000  0.124 0.000000  0.223 0.000000   0.600 0.000   0.148 0.000  0.452 0.000 0.003 0.000 0.056 0.000
