scripts/IMPROVE-2019_partial/data/US9042R.20000101080000.20191216000000.filterpack...52w.3d.US03L_filterpack_US9042_YOSE1.US03L_IMPROVE_Davis.lev2.nas
60 1001
MISSING INFORMATION
US03L, IMPROVE, , , , , , , 
MISSING INFORMATION
IMPROVE sel_HTAP
1 1
2000 01 01 2019 12 16
0
days from file reference point
5
1 1 1 1 1
999.999999 999.999 9.999 999.999 9.999
end_time of measurement, days from the file reference point
pm10_mass, ug/m3, Matrix=pm10
numflag pm10_mass, no unit, Matrix=pm10
pm25_mass, ug/m3, Matrix=pm25
numflag pm25_mass, no unit, Matrix=pm25
0
41
Data definition:              EBAS_1.1
Set type code:                TI
Timezone:                     UTC
File name:                    US9042R.20000101080000.20191216000000.filterpack...52w.3d.US03L_filterpack_US9042_YOSE1.US03L_IMPROVE_Davis.lev2.nas
File creation:                20191218120811
Startdate:                    20000101080000
Revision date:                20191216000000
Version:                      2
Version description:          "Data extracted from http://views.cira.colostate.edu/fed/DataWizard 2019-12-16"
Statistics:                   arithmetic mean
Data level:                   2
Period code:                  52w
Resolution code:              3d
Sample duration:              1d
Orig. time res.:              3d
Station code:                 US9042R
Platform code:                US9042S
Station name:                 Yosemite NP
Station WDCA-ID:              GAWAUSCAYOS
Station GAW-ID:               YOS
Station GAW-Name:             Yosemite NP - Turtleback Dome
Station state/province:       CA
Station land use:             Remote park
Station setting:              Mountain
Station GAW type:             C
Station WMO region:           4
Station latitude:             37.7133
Station longitude:            -119.7061
Station altitude:             1605.0 m
Regime:                       IMG
Component:                    
Unit:                         ug/m3
Matrix:                       
Laboratory code:              US03L
Instrument type:              filterpack
Instrument name:              filterpack_US9042_YOSE1
Method ref:                   US03L_IMPROVE_Davis
Blank correction:             Blank corrected
Volume std. temperature:      ambient
Volume std. pressure:         ambient
starttime endtime PM10 flag_PM10 PM2.5 flag_PM2.5
  0.333333   1.333333  36.240 0.000  17.888 0.000
  4.333333   5.333333   2.091 0.000   1.446 0.000
  7.333333   8.333333   4.853 0.000   4.692 0.000
 11.333333  12.333333   2.006 0.000   1.100 0.000
 14.333333  15.333333   1.157 0.000   0.679 0.000
 18.333333  19.333333 999.999 0.999 999.999 0.999
 21.333333  22.333333   2.218 0.559   1.009 0.000
 25.333333  26.333333   1.543 0.000   0.683 0.000
 28.333333  29.333333   2.425 0.000   1.336 0.000
 32.333333  33.333333 999.999 0.999 999.999 0.999
 35.333333  36.333333   3.058 0.559   2.095 0.000
 39.333333  40.333333   6.402 0.559   2.980 0.000
 42.333333  43.333333   1.917 0.559   0.145 0.000
 46.333333  47.333333   0.950 0.559   0.739 0.000
 49.333333  50.333333   1.864 0.559   1.234 0.000
 53.333333  54.333333 999.999 0.999 999.999 0.999
 56.333333  57.333333   4.872 0.559   2.123 0.000
 60.333333  61.333333   2.083 0.559   1.138 0.000
 63.333333  64.333333   5.007 0.559   2.889 0.000
 67.333333  68.333333   4.532 0.559   2.069 0.000
 70.333333  71.333333   3.984 0.559   2.684 0.000
 74.333333  75.333333   9.002 0.000 999.999 0.999
 77.333333  78.333333   7.790 0.000 999.999 0.999
 81.333333  82.333333   7.126 0.559   3.296 0.000
 84.333333  85.333333  10.580 0.559   4.502 0.000
 88.333333  89.333333 999.999 0.456   7.150 0.000
 91.333333  92.333333 999.999 0.456   8.755 0.000
 95.333333  96.333333   7.054 0.559   4.071 0.000
 98.333333  99.333333  12.171 0.559   5.999 0.000
102.333333 103.333333   9.321 0.000   4.900 0.000
105.333333 106.333333   5.496 0.000   3.607 0.000
109.333333 110.333333   3.907 0.559   1.937 0.000
112.333333 113.333333   7.566 0.559   4.048 0.000
116.333333 117.333333 999.999 0.456   7.174 0.000
119.333333 120.333333 999.999 0.456   3.157 0.000
123.333333 124.333333   6.944 0.559   3.622 0.000
126.333333 127.333333  11.184 0.559   6.016 0.000
130.333333 131.333333 999.999 0.456   3.397 0.000
133.333333 134.333333 999.999 0.456   3.998 0.000
137.333333 138.333333   5.027 0.559   2.655 0.000
140.333333 141.333333  10.706 0.559   6.623 0.000
144.333333 145.333333  10.706 0.559   6.618 0.000
147.333333 148.333333  10.019 0.559   5.391 0.000
151.333333 152.333333   9.368 0.559   3.675 0.000
154.333333 155.333333 999.999 0.999 999.999 0.999
158.333333 159.333333  14.069 0.559   5.478 0.000
161.333333 162.333333   6.369 0.559   3.215 0.000
165.333333 166.333333   9.571 0.559   4.640 0.000
168.333333 169.333333  16.444 0.559   8.673 0.000
172.333333 173.333333  13.133 0.559   6.550 0.000
175.333333 176.333333  14.285 0.559   6.368 0.000
179.333333 180.333333   9.078 0.559   5.177 0.000
182.333333 183.333333   7.198 0.559   3.307 0.000
186.333333 187.333333  10.399 0.559   4.659 0.000
189.333333 190.333333   7.258 0.559   5.671 0.000
193.333333 194.333333  17.398 0.559   7.990 0.000
196.333333 197.333333  13.097 0.559   6.189 0.000
200.333333 201.333333   6.659 0.559   2.872 0.000
203.333333 204.333333  12.464 0.559   5.802 0.000
207.333333 208.333333  10.684 0.559   5.106 0.000
210.333333 211.333333  10.221 0.559   4.785 0.000
214.333333 215.333333  19.079 0.559  11.440 0.000
217.333333 218.333333  11.598 0.559   6.848 0.000
221.333333 222.333333  12.198 0.559   4.973 0.000
224.333333 225.333333   7.808 0.559   3.412 0.000
228.333333 229.333333 999.999 0.999 999.999 0.999
231.333333 232.333333 999.999 0.999 999.999 0.999
234.333333 235.333333 999.999 0.999 999.999 0.999
237.333333 238.333333  14.941 0.000   7.162 0.000
240.333333 241.333333  14.835 0.000   7.606 0.000
243.333333 244.333333  24.101 0.000  14.556 0.000
246.333333 247.333333   6.821 0.000   3.655 0.000
249.333333 250.333333   5.474 0.000   2.760 0.000
252.333333 253.333333   7.675 0.000   3.321 0.000
255.333333 256.333333 999.999 0.999 999.999 0.999
258.333333 259.333333   9.503 0.000   4.438 0.000
261.333333 262.333333  10.094 0.000   5.051 0.000
264.333333 265.333333  23.595 0.000   9.965 0.000
267.333333 268.333333   8.211 0.000   3.973 0.000
270.333333 271.333333 999.999 0.999 999.999 0.999
273.333333 274.333333  10.112 0.000   4.650 0.000
276.333333 277.333333  14.683 0.000   8.217 0.000
279.333333 280.333333  10.640 0.000   5.879 0.000
282.333333 283.333333  15.237 0.000   7.479 0.000
285.333333 286.333333   2.150 0.000   1.276 0.000
288.333333 289.333333   6.821 0.000   4.870 0.000
291.333333 292.333333   6.005 0.000   4.022 0.000
294.333333 295.333333   7.520 0.000   3.549 0.000
297.333333 298.333333  10.526 0.000   3.817 0.000
300.333333 301.333333   1.233 0.000   0.520 0.000
303.333333 304.333333   3.968 0.000   3.134 0.000
306.333333 307.333333 999.999 0.999 999.999 0.999
309.333333 310.333333 999.999 0.999 999.999 0.999
312.333333 313.333333   8.249 0.000   4.651 0.000
315.333333 316.333333   1.830 0.000   1.107 0.000
318.333333 319.333333 999.999 0.456 999.999 0.456
321.333333 322.333333   3.036 0.000   3.153 0.559
324.333333 325.333333   1.438 0.000   1.122 0.559
327.333333 328.333333   2.424 0.000   1.316 0.000
330.333333 331.333333   2.014 0.000   1.071 0.000
333.333333 334.333333   4.561 0.000   2.336 0.000
336.333333 337.333333   2.507 0.000   1.774 0.000
339.333333 340.333333 999.999 0.999 999.999 0.999
342.333333 343.333333   3.123 0.000   2.417 0.000
345.333333 346.333333   2.067 0.000   1.567 0.000
348.333333 349.333333   0.372 0.000   0.277 0.000
351.333333 352.333333   1.520 0.000   0.918 0.000
354.333333 355.333333   1.192 0.000   0.726 0.000
357.333333 358.333333   2.630 0.000   1.163 0.000
360.333333 361.333333   1.685 0.000   0.857 0.000
363.333333 364.333333   1.068 0.000   0.518 0.000
