scripts/IMPROVE-2019_partial/data/US9049R.20050101070000.20191216000000.filterpack..pm25.52w.1w.US03L_filterpack_US9049.US03L_IMPROVE_Davis.lev2.nas
66 1001
MISSING INFORMATION
US03L, IMPROVE, , , , , , , 
MISSING INFORMATION
IMPROVE sel_HTAP
1 1
2005 01 01 2019 12 16
3.000000
days from file reference point
27
1 1 1 1 1 1 1 1 1 1 1 1 1 1 1 1 1 1 1 1 1 1 1 1 1 1 1
999.999999 9999.99 9.999 99.99 9.999 9.999 9.999999 9.99 9.999999 9.999 9.999 999.999 9.999 999.999 9.999 99.99 9.999999 999.999 9.999 999.999 9.999 999.999 9.999 9.999 9.999 9.999 9.999
end_time of measurement, days from the file reference point
iron, ng/m3, Revision date=20181210133000
numflag iron, no unit, Revision date=20181210133000
lead, ng/m3, Revision date=20181210133000
numflag lead, no unit, Revision date=20181210133000
magnesium, ug/m3, Revision date=20181210133000
numflag magnesium, no unit, Revision date=20181210133000
nickel, ng/m3, Revision date=20181210133000
numflag nickel, no unit, Revision date=20181210133000
nitrate, ug N/m3, Revision date=20181210133000
numflag nitrate, no unit, Revision date=20181210133000
organic_carbon, ug C/m3, Revision date=20181210133000
numflag organic_carbon, no unit, Revision date=20181210133000
organic_mass, ug/m3, Revision date=20181210133000
numflag organic_mass, no unit, Revision date=20181210133000
phosphorus, ng/m3, Revision date=20181210133000
numflag phosphorus, no unit, Revision date=20181210133000
pm10_mass, ug/m3, Version=2, Version description=Data extracted from http://views.cira.colostate.edu/fed/DataWizard 2019-12-16, Sample duration=1d, Orig. time res.=3d, Matrix=pm10, Blank correction=Blank corrected, Volume std. temperature=ambient, Volume std. pressure=ambient
numflag pm10_mass, no unit, Version=2, Version description=Data extracted from http://views.cira.colostate.edu/fed/DataWizard 2019-12-16, Sample duration=1d, Orig. time res.=3d, Matrix=pm10, Blank correction=Blank corrected, Volume std. temperature=ambient, Volume std. pressure=ambient
pm10_pm25_mass, ug/m3, Revision date=20181210133000, Matrix=pm10_pm25
numflag pm10_pm25_mass, no unit, Revision date=20181210133000, Matrix=pm10_pm25
pm25_mass, ug/m3, Version=2, Version description=Data extracted from http://views.cira.colostate.edu/fed/DataWizard 2019-12-16, Sample duration=1d, Orig. time res.=3d, Blank correction=Blank corrected, Volume std. temperature=ambient, Volume std. pressure=ambient
numflag pm25_mass, no unit, Version=2, Version description=Data extracted from http://views.cira.colostate.edu/fed/DataWizard 2019-12-16, Sample duration=1d, Orig. time res.=3d, Blank correction=Blank corrected, Volume std. temperature=ambient, Volume std. pressure=ambient
potassium, ug/m3, Revision date=20181210133000
numflag potassium, no unit, Revision date=20181210133000
sulphate_total, ug S/m3, Revision date=20181210133000
numflag sulphate_total, no unit, Revision date=20181210133000
0
25
Data definition:              EBAS_1.1
Set type code:                TU
Timezone:                     UTC
File name:                    US9049R.20050101070000.20191216000000.filterpack..pm25.52w.1w.US03L_filterpack_US9049.US03L_IMPROVE_Davis.lev2.nas
File creation:                20191218120849
Startdate:                    20050101070000
Revision date:                20191216000000
Statistics:                   arithmetic mean
Data level:                   2
Period code:                  52w
Resolution code:              1w
Station code:                 US9049R
Platform code:                US9049S
Station name:                 Weminuche Wilderness
Station latitude:             37.6594
Station longitude:            -107.7999
Station altitude:             2750.0 m
Regime:                       IMG
Component:                    
Matrix:                       pm25
Laboratory code:              US03L
Instrument type:              filterpack
Instrument name:              filterpack_US9049
Method ref:                   US03L_IMPROVE_Davis
starttime endtime Fe flag_Fe Pb flag_Pb Mg++ flag_Mg++ Ni flag_Ni NO3- flag_NO3- OC flag_OC OM flag_OM P flag_P PM10 flag_PM10 PM10-PM2.5 flag_PM10-PM2.5 PM2.5 flag_PM2.5 K+ flag_K+ SO4-- flag_SO4--
  0.291667   1.291667    7.56 0.000  0.68 0.000 9.999 0.259000 9.99 0.259000 0.029 0.000   0.613 0.000   1.104 0.000 99.99 0.259000   2.084 0.000   0.611 0.000   1.472 0.000 0.012 0.000 0.104 0.000
  3.291667   4.291667    1.72 0.000 99.99 0.259 9.999 0.259000 9.99 0.259000 0.006 0.000   0.214 0.000   0.386 0.000 99.99 0.259000   0.570 0.000   0.421 0.000   0.152 0.000 0.002 0.000 0.034 0.000
  6.291667   7.291667    3.64 0.000  0.41 0.000 9.999 0.259000 9.99 0.259000 0.012 0.000   0.158 0.000   0.284 0.000 99.99 0.259000   1.477 0.000   0.581 0.000   0.896 0.000 0.003 0.000 0.082 0.000
  9.291667  10.291667    1.19 0.000 99.99 0.259 9.999 0.259000 0.12 0.000000 0.006 0.000   0.138 0.000   0.248 0.000 99.99 0.259000   0.773 0.000   0.157 0.000   0.616 0.000 0.001 0.000 0.062 0.000
 12.291667  13.291667   20.70 0.000  0.20 0.000 9.999 0.259000 9.99 0.259000 0.011 0.000   0.187 0.000   0.337 0.000 99.99 0.259000   4.755 0.000   3.623 0.000   1.132 0.000 0.013 0.000 0.041 0.000
 15.291667  16.291667   10.29 0.000  0.21 0.000 9.999 0.259000 9.99 0.259000 0.006 0.000   0.434 0.000   0.780 0.000 99.99 0.259000   2.079 0.000   1.482 0.000   0.596 0.000 0.006 0.000 0.022 0.000
 18.291667  19.291667    9.73 0.000  0.38 0.000 9.999 0.259000 9.99 0.259000 0.004 0.000   0.202 0.000   0.364 0.000 99.99 0.259000   1.622 0.000   0.965 0.000   0.657 0.000 0.013 0.000 0.027 0.000
 21.291667  22.291667   12.19 0.000  0.10 0.000 9.999 0.259000 9.99 0.259000 0.055 0.000   0.410 0.000   0.738 0.000 99.99 0.259000   2.437 0.000   1.143 0.000   1.293 0.000 0.015 0.000 0.056 0.000
 24.291667  25.291667   14.48 0.000  0.27 0.000 9.999 0.259000 0.17 0.000000 0.024 0.000   0.397 0.000   0.714 0.000 99.99 0.259000   3.214 0.000   1.432 0.000   1.789 0.000 0.014 0.000 0.119 0.000
 27.291667  28.291667    4.82 0.000  0.23 0.000 9.999 0.259000 0.12 0.000000 0.027 0.000   0.385 0.000   0.693 0.000 99.99 0.259000   1.911 0.000   0.654 0.000   1.257 0.000 0.005 0.000 0.079 0.000
 30.291667  31.291667    5.35 0.000  0.14 0.000 9.999 0.259000 0.11 0.000000 0.017 0.000   0.287 0.000   0.516 0.000 99.99 0.259000   1.671 0.000   0.664 0.000   1.007 0.000 0.004 0.000 0.152 0.000
 33.291667  34.291667   14.23 0.000  0.28 0.000 0.006 0.000000 9.99 0.259000 0.011 0.000   0.290 0.000   0.523 0.000 99.99 0.259000   2.947 0.000   2.050 0.000   0.897 0.000 0.008 0.000 0.064 0.000
 36.291667  37.291667    9.16 0.000  0.42 0.000 9.999 0.259000 0.16 0.000000 0.042 0.000   0.584 0.000   1.051 0.000 99.99 0.259000   2.439 0.000   0.869 0.000   1.569 0.000 0.011 0.000 0.095 0.000
 39.291667  40.291667   27.43 0.000 99.99 0.259 0.011 0.000000 0.10 0.000000 0.013 0.000   0.238 0.000   0.429 0.000 99.99 0.259000   3.314 0.000   2.062 0.000   1.252 0.000 0.013 0.000 0.061 0.000
 42.291667  43.291667    1.20 0.000 99.99 0.259 9.999 0.259000 0.09 0.000000 0.001 0.000   0.248 0.000   0.447 0.000 99.99 0.259000   0.406 0.000   0.187 0.000   0.219 0.000 0.002 0.000 0.008 0.000
 45.291667  46.291667   15.02 0.000  0.25 0.000 9.999 0.259000 9.99 0.259000 0.009 0.000   0.342 0.000   0.616 0.000 99.99 0.259000   2.885 0.000   1.224 0.000   1.681 0.000 0.009 0.000 0.198 0.000
 48.291667  49.291667   26.19 0.000  0.23 0.000 9.999 0.259000 9.99 0.259000 0.007 0.000   0.440 0.000   0.792 0.000 99.99 0.259000   1.787 0.000   0.415 0.000   1.371 0.000 0.008 0.000 0.081 0.000
 51.291667  52.291667    7.55 0.000  0.16 0.000 9.999 0.259000 0.08 0.000000 0.010 0.000   0.313 0.000   0.563 0.000 99.99 0.259000   1.630 0.000   0.763 0.000   0.866 0.000 0.005 0.000 0.050 0.000
 54.291667  55.291667    5.91 0.000  0.20 0.000 9.999 0.259000 0.10 0.000000 0.006 0.000   0.268 0.000   0.482 0.000 99.99 0.259000   1.665 0.000   0.696 0.000   0.969 0.000 0.005 0.000 0.084 0.000
 57.291667  58.291667   24.51 0.000  0.21 0.000 9.999 0.259000 9.99 0.259000 0.019 0.000   0.348 0.000   0.626 0.000 99.99 0.259000   3.918 0.000   1.919 0.000   1.998 0.000 0.016 0.000 0.211 0.000
 60.291667  61.291667   20.54 0.000  0.58 0.000 9.999 0.259000 0.10 0.000000 0.013 0.000   0.216 0.000   0.389 0.000 99.99 0.259000   3.905 0.000   2.731 0.000   1.174 0.000 0.011 0.000 0.108 0.000
 63.291667  64.291667   23.92 0.000  0.72 0.000 9.999 0.259000 9.99 0.259000 0.024 0.000   0.414 0.000   0.746 0.000 99.99 0.259000   2.740 0.000   0.938 0.000   1.802 0.000 0.014 0.000 0.207 0.000
 66.291667  67.291667   17.92 0.000  0.55 0.000 9.999 0.259000 0.11 0.000000 0.029 0.000   0.285 0.000   0.514 0.000 99.99 0.259000   2.505 0.000   1.391 0.000   1.123 0.000 0.020 0.000 0.094 0.000
 69.291667  70.291667   27.01 0.000  0.30 0.000 9.999 0.259000 0.12 0.000000 0.012 0.000   0.277 0.000   0.499 0.000 99.99 0.259000   2.836 0.000   1.780 0.000   1.056 0.000 0.017 0.000 0.062 0.000
 72.291667  73.291667   26.90 0.000  0.86 0.000 9.999 0.259000 0.22 0.000000 0.028 0.000   0.193 0.000   0.347 0.000 99.99 0.259000   3.675 0.000   2.221 0.000   1.454 0.000 0.018 0.000 0.133 0.000
 75.291667  76.291667   44.47 0.000  1.42 0.000 0.013 0.000000 0.08 0.000000 0.028 0.000   0.334 0.000   0.601 0.000 99.99 0.259000   4.969 0.000   2.830 0.000   2.138 0.000 0.029 0.000 0.181 0.000
 78.291667  79.291667    4.54 0.000  0.45 0.000 9.999 0.259000 9.99 0.259000 0.009 0.000   0.077 0.000   0.138 0.000 99.99 0.259000   1.017 0.000   0.272 0.000   0.745 0.000 0.004 0.000 0.105 0.000
 81.291667  82.291667   11.17 0.000 99.99 0.259 9.999 0.259000 9.99 0.259000 0.012 0.000   0.278 0.000   0.500 0.000 99.99 0.259000   2.080 0.000   1.238 0.000   0.842 0.000 0.008 0.000 0.083 0.000
 84.291667  85.291667    4.13 0.000  0.36 0.000 9.999 0.259000 9.99 0.259000 0.014 0.000   0.237 0.000   0.427 0.000 99.99 0.259000   1.021 0.000   0.459 0.000   0.561 0.000 0.003 0.000 0.100 0.000
 87.291667  88.291667   18.95 0.000  0.75 0.000 9.999 0.259000 0.15 0.000000 0.031 0.000   0.254 0.000   0.457 0.000 99.99 0.259000   2.525 0.000   1.481 0.000   1.051 0.000 0.011 0.000 0.133 0.000
 90.291667  91.291667   18.39 0.000  0.41 0.000 9.999 0.259000 0.06 0.000000 0.024 0.000   0.338 0.000   0.608 0.000 99.99 0.259000   3.571 0.000   2.323 0.000   1.247 0.000 0.012 0.000 0.135 0.000
 93.291667  94.291667   71.04 0.000  1.11 0.000 0.020 0.000000 0.08 0.000000 0.036 0.000   0.417 0.000   0.750 0.000 99.99 0.259000   7.754 0.000   4.712 0.000   3.040 0.000 0.043 0.000 0.178 0.000
 96.291667  97.291667   58.50 0.000  1.32 0.000 0.021 0.000000 0.08 0.000000 0.024 0.000   0.439 0.000   0.790 0.000 99.99 0.259000   5.595 0.000   2.665 0.000   2.928 0.000 0.040 0.000 0.245 0.000
 99.291667 100.291667   19.39 0.000  0.54 0.000 9.999 0.259000 9.99 0.259000 0.014 0.000   0.162 0.000   0.291 0.000 99.99 0.259000   2.734 0.000   1.462 0.000   1.272 0.000 0.016 0.000 0.153 0.000
102.291667 103.291667  119.57 0.000  1.72 0.000 0.045 0.000000 9.99 0.259000 0.034 0.000   0.417 0.000   0.751 0.000 99.99 0.259000   8.405 0.000   4.133 0.000   4.269 0.000 0.073 0.000 0.280 0.000
105.291667 106.291667  108.30 0.000  2.29 0.000 0.037 0.000000 0.07 0.000000 0.048 0.000   0.652 0.000   1.174 0.000 99.99 0.259000   9.754 0.000   4.560 0.000   5.191 0.000 0.073 0.000 0.449 0.000
108.291667 109.291667  245.05 0.000  1.95 0.000 0.110 0.000000 9.99 0.259000 0.062 0.000   0.486 0.000   0.876 0.000 99.99 0.259000  25.410 0.000  17.782 0.000   7.881 0.000 0.151 0.000 0.335 0.000
111.291667 112.291667   78.62 0.000  0.79 0.000 0.026 0.000000 0.08 0.000000 0.039 0.000   0.373 0.000   0.672 0.000 99.99 0.259000   6.753 0.000   3.547 0.000   3.204 0.000 0.051 0.000 0.180 0.000
114.291667 115.291667   14.14 0.000  0.34 0.000 0.008 0.000000 0.12 0.000000 0.007 0.000   0.222 0.000   0.399 0.000 99.99 0.259000   1.253 0.000   0.354 0.000   0.899 0.000 0.012 0.000 0.085 0.000
117.291667 118.291667   32.89 0.000  0.52 0.000 0.008 0.000000 9.99 0.259000 0.032 0.000   0.320 0.000   0.576 0.000 99.99 0.259000   3.487 0.000   1.178 0.000   2.309 0.000 0.021 0.000 0.232 0.000
120.291667 121.291667   11.45 0.000  0.59 0.000 9.999 0.259000 9.99 0.259000 0.009 0.000   0.214 0.000   0.384 0.000 99.99 0.259000   1.861 0.000   0.311 0.000   1.550 0.000 0.007 0.000 0.157 0.000
123.291667 124.291667   21.69 0.000  0.99 0.000 9.999 0.259000 9.99 0.259000 0.008 0.000   0.238 0.000   0.428 0.000 99.99 0.259000   2.473 0.000   0.773 0.000   1.699 0.000 0.013 0.000 0.225 0.000
126.291667 127.291667   15.41 0.000  0.43 0.000 9.999 0.259000 9.99 0.259000 0.010 0.000   0.228 0.000   0.411 0.000 99.99 0.259000   1.832 0.000   0.609 0.000   1.223 0.000 0.010 0.000 0.126 0.000
129.291667 130.291667  150.18 0.000  1.44 0.000 0.042 0.000000 0.08 0.000000 0.050 0.000   0.380 0.000   0.684 0.000 99.99 0.259000   9.839 0.000   5.129 0.000   4.787 0.000 0.087 0.000 0.292 0.000
132.291667 133.291667   11.58 0.000  0.42 0.000 9.999 0.259000 9.99 0.259000 0.004 0.000   0.252 0.000   0.454 0.000 99.99 0.259000   1.816 0.000   0.910 0.000   0.906 0.000 0.008 0.000 0.062 0.000
135.291667 136.291667   99.13 0.000  1.13 0.000 0.023 0.000000 0.05 0.000000 0.065 0.000   0.878 0.000   1.580 0.000 99.99 0.259000   8.327 0.000   3.570 0.000   4.753 0.000 0.089 0.000 0.285 0.000
138.291667 139.291667   23.51 0.000  0.50 0.000 9.999 0.259000 9.99 0.259000 0.008 0.000   0.472 0.000   0.850 0.000 99.99 0.259000   3.130 0.000   1.268 0.000   1.860 0.000 0.015 0.000 0.125 0.000
141.291667 142.291667   31.57 0.000  0.36 0.000 0.007 0.000000 9.99 0.259000 0.009 0.000   0.506 0.000   0.910 0.000 99.99 0.259000   3.434 0.000   1.318 0.000   2.115 0.000 0.020 0.000 0.129 0.000
144.291667 145.291667   35.40 0.000  0.44 0.000 0.006 0.000000 9.99 0.259000 0.021 0.000   0.575 0.000   1.035 0.000 99.99 0.259000   5.127 0.000   2.664 0.000   2.462 0.000 0.023 0.000 0.183 0.000
147.291667 148.291667   30.54 0.000  0.83 0.000 9.999 0.259000 9.99 0.259000 0.016 0.000   0.858 0.000   1.545 0.000 99.99 0.259000   5.500 0.000   2.385 0.000   3.114 0.000 0.022 0.000 0.316 0.000
150.291667 151.291667   19.51 0.000  0.32 0.000 9.999 0.259000 0.14 0.000000 0.011 0.000   0.487 0.000   0.876 0.000 99.99 0.259000   3.217 0.000   1.471 0.000   1.755 0.000 0.014 0.000 0.146 0.000
153.291667 154.291667   25.65 0.000  0.42 0.000 0.007 0.000000 9.99 0.259000 0.033 0.000   0.412 0.000   0.743 0.000 99.99 0.259000   4.699 0.000   2.575 0.000   2.124 0.000 0.021 0.000 0.228 0.000
156.291667 157.291667   38.79 0.000  0.71 0.000 0.010 0.000000 0.06 0.000000 0.035 0.000   0.424 0.000   0.763 0.000 99.99 0.259000   6.611 0.000   3.281 0.000   3.328 0.000 0.032 0.000 0.337 0.000
159.291667 160.291667   30.65 0.000  0.57 0.000 9.999 0.259000 9.99 0.259000 0.051 0.000   0.516 0.000   0.929 0.000 99.99 0.259000   6.688 0.000   3.798 0.000   2.889 0.000 0.057 0.000 0.241 0.000
162.291667 163.291667   11.27 0.000  0.16 0.000 9.999 0.259000 9.99 0.259000 0.012 0.000   0.397 0.000   0.714 0.000 99.99 0.259000   1.934 0.000   0.600 0.000   1.334 0.000 0.011 0.000 0.148 0.000
165.291667 166.291667   29.84 0.000  0.66 0.000 9.999 0.259000 9.99 0.259000 0.031 0.000   0.700 0.000   1.260 0.000 99.99 0.259000   7.485 0.000   2.831 0.000   4.651 0.000 0.038 0.000 0.469 0.000
168.291667 169.291667   33.77 0.000  0.30 0.000 0.009 0.000000 9.99 0.259000 0.024 0.000   0.512 0.000   0.922 0.000 99.99 0.259000   5.447 0.000   2.434 0.000   3.009 0.000 0.061 0.000 0.275 0.000
171.291667 172.291667   34.47 0.000  0.58 0.000 9.999 0.259000 9.99 0.259000 0.016 0.000   1.455 0.000   2.619 0.000 99.99 0.259000   9.837 0.000   3.457 0.000   6.397 0.000 0.045 0.000 0.459 0.000
174.291667 175.291667   20.61 0.000  0.21 0.000 9.999 0.259000 9.99 0.259000 0.016 0.000   1.039 0.000   1.871 0.000 99.99 0.259000   6.703 0.000   2.677 0.000   4.024 0.000 0.055 0.000 0.388 0.000
177.291667 178.291667 9999.99 0.699 99.99 0.699 9.999 0.699000 9.99 0.699000 0.198 0.000  10.121 0.000  18.219 0.000 99.99 0.699000  24.908 0.000 999.999 0.699 999.999 0.699 9.999 0.699 0.412 0.000
180.291667 181.291667 9999.99 0.699 99.99 0.699 9.999 0.699000 9.99 0.699000 0.098 0.000   4.581 0.000   8.246 0.000 99.99 0.699000  14.750 0.000 999.999 0.699  13.023 0.659 9.999 0.699 0.405 0.000
183.291667 184.291667   38.81 0.000  0.69 0.000 9.999 0.259000 9.99 0.259000 0.045 0.000   1.494 0.000   2.689 0.000 99.99 0.259000   8.902 0.000   2.894 0.000   6.002 0.000 0.096 0.000 0.373 0.000
186.291667 187.291667 9999.99 0.999 99.99 0.999 9.999 0.999000 9.99 0.999000 9.999 0.999 999.999 0.999 999.999 0.999 99.99 0.999000 999.999 0.999 999.999 0.999 999.999 0.999 9.999 0.999 9.999 0.999
189.291667 190.291667   40.83 0.000  0.59 0.000 9.999 0.259000 0.06 0.000000 0.041 0.000   0.684 0.000   1.231 0.000 99.99 0.259000   7.128 0.000   3.299 0.000   3.826 0.000 0.048 0.000 0.319 0.000
192.291667 193.291667   46.39 0.000  0.45 0.000 9.999 0.259000 9.99 0.259000 0.019 0.000   1.129 0.000   2.033 0.000 99.99 0.259000   7.912 0.000   3.741 0.000   4.190 0.000 0.040 0.000 0.245 0.000
195.291667 196.291667   16.92 0.000  0.40 0.000 9.999 0.259000 0.06 0.000000 0.009 0.000   0.797 0.000   1.435 0.000 99.99 0.259000   5.387 0.000   1.827 0.000   3.558 0.000 0.018 0.000 0.241 0.000
198.291667 199.291667   15.03 0.699  0.42 0.699 9.999 0.699259 9.99 0.699259 0.023 0.000   1.981 0.000   3.566 0.000 99.99 0.699259   6.007 0.000   0.863 0.699   5.138 0.659 0.101 0.699 0.175 0.000
201.291667 202.291667   27.38 0.000  0.20 0.000 9.999 0.259000 9.99 0.259000 0.011 0.000   1.915 0.000   3.448 0.000 99.99 0.259000   7.960 0.000   2.285 0.000   5.670 0.000 0.085 0.000 0.228 0.000
204.291667 205.291667   10.66 0.000  0.23 0.000 9.999 0.259000 0.04 0.000000 0.008 0.000   0.787 0.000   1.417 0.000 99.99 0.259000   3.740 0.000   0.925 0.000   2.814 0.000 0.021 0.000 0.149 0.000
207.291667 208.291667   12.28 0.000  0.42 0.000 9.999 0.259000 9.99 0.259000 0.008 0.000   0.680 0.000   1.225 0.000 99.99 0.259000   4.314 0.000   1.725 0.000   2.588 0.000 0.014 0.000 0.130 0.000
210.291667 211.291667   25.48 0.000  0.23 0.000 0.004 0.000000 9.99 0.259000 0.008 0.000   0.756 0.000   1.361 0.000 99.99 0.259000   5.630 0.000   2.916 0.000   2.712 0.000 0.018 0.000 0.133 0.000
213.291667 214.291667  122.64 0.000  0.42 0.000 0.016 0.000000 0.06 0.000000 0.028 0.000   0.637 0.000   1.146 0.000 99.99 0.259000   8.339 0.000   3.439 0.000   4.918 0.000 0.050 0.000 0.328 0.000
216.291667 217.291667   18.83 0.000  0.33 0.000 9.999 0.259000 9.99 0.259000 0.028 0.000   0.514 0.000   0.926 0.000 99.99 0.259000   4.030 0.000   1.587 0.000   2.442 0.000 0.013 0.000 0.231 0.000
219.291667 220.291667   10.82 0.000  0.26 0.000 9.999 0.259000 9.99 0.259000 0.005 0.000   0.943 0.000   1.698 0.000 99.99 0.259000   5.196 0.000   2.255 0.000   2.938 0.000 0.009 0.000 0.162 0.000
222.291667 223.291667    8.05 0.000  0.23 0.000 9.999 0.259000 9.99 0.259000 0.004 0.000   0.540 0.000   0.973 0.000 99.99 0.259000   3.537 0.000   1.902 0.000   1.635 0.000 0.009 0.000 0.119 0.000
225.291667 226.291667   13.50 0.000  0.36 0.000 9.999 0.259000 9.99 0.259000 0.005 0.000   0.719 0.000   1.295 0.000 99.99 0.259000   4.695 0.000   2.015 0.000   2.678 0.000 0.015 0.000 0.163 0.000
228.291667 229.291667    8.90 0.000  0.35 0.000 9.999 0.259000 9.99 0.259000 0.008 0.000   0.272 0.000   0.489 0.000 99.99 0.259000   3.982 0.000   1.849 0.000   2.131 0.000 0.008 0.000 0.221 0.000
231.291667 232.291667    9.42 0.000  0.23 0.000 9.999 0.259000 9.99 0.259000 0.007 0.000   0.274 0.000   0.493 0.000 99.99 0.259000   3.448 0.000   1.820 0.000   1.627 0.000 0.008 0.000 0.150 0.000
234.291667 235.291667   12.72 0.000  0.30 0.000 9.999 0.259000 9.99 0.259000 0.008 0.000   0.247 0.000   0.444 0.000 99.99 0.259000   4.438 0.000   1.754 0.000   2.710 0.000 0.010 0.000 0.320 0.000
237.291667 238.291667   10.30 0.000  0.38 0.000 0.005 0.000000 0.07 0.000000 0.014 0.000   0.314 0.000   0.565 0.000 99.99 0.259000   4.518 0.000   2.129 0.000   2.387 0.000 0.011 0.000 0.277 0.000
