scripts/IMPROVE-2019_partial/data/US9069R.20070103070000.20191216000000.filterpack...1y.3d.US03L_filterpack_US9069.US03L_IMPROVE_Davis.lev2.nas
52 1001
MISSING INFORMATION
US03L, IMPROVE, , , , , , , 
MISSING INFORMATION
IMPROVE sel_HTAP
1 1
2007 01 01 2019 12 16
3.000000
days from file reference point
5
1 1 1 1 1
999.999999 999.999 9.999 999.999 9.999
end_time of measurement, days from the file reference point
pm10_mass, ug/m3, Matrix=pm10
numflag pm10_mass, no unit, Matrix=pm10
pm25_mass, ug/m3, Matrix=pm25
numflag pm25_mass, no unit, Matrix=pm25
0
33
Data definition:              EBAS_1.1
Set type code:                TU
Timezone:                     UTC
File name:                    US9069R.20070103070000.20191216000000.filterpack...1y.3d.US03L_filterpack_US9069.US03L_IMPROVE_Davis.lev2.nas
File creation:                20191218121016
Startdate:                    20070103070000
Revision date:                20191216000000
Version:                      2
Version description:          "Data extracted from http://views.cira.colostate.edu/fed/DataWizard 2019-12-16"
Statistics:                   arithmetic mean
Data level:                   2
Period code:                  1y
Resolution code:              3d
Sample duration:              1d
Orig. time res.:              3d
Station code:                 US9069R
Platform code:                US9069S
Station name:                 White Mountain
Station latitude:             33.4687
Station longitude:            -105.5349
Station altitude:             2063.0 m
Regime:                       IMG
Component:                    
Unit:                         ug/m3
Matrix:                       
Laboratory code:              US03L
Instrument type:              filterpack
Instrument name:              filterpack_US9069
Method ref:                   US03L_IMPROVE_Davis
Blank correction:             Blank corrected
Volume std. temperature:      ambient
Volume std. pressure:         ambient
starttime endtime PM10 flag_PM10 PM2.5 flag_PM2.5
  2.291667   3.291667   3.638 0.000   2.431 0.000
  5.291667   6.291667   0.830 0.000   0.617 0.000
  8.291667   9.291667   6.296 0.000 999.999 0.456
 11.291667  12.291667   5.201 0.000   2.835 0.000
 14.291667  15.291667   4.919 0.000   3.756 0.000
 17.291667  18.291667   5.427 0.000   1.944 0.000
 20.291667  21.291667   2.322 0.000   1.732 0.000
 23.291667  24.291667 999.999 0.999 999.999 0.999
 26.291667  27.291667 999.999 0.999 999.999 0.999
 29.291667  30.291667 999.999 0.999 999.999 0.999
 32.291667  33.291667 999.999 0.999 999.999 0.999
 35.291667  36.291667 999.999 0.999 999.999 0.999
 38.291667  39.291667 999.999 0.999 999.999 0.999
 41.291667  42.291667 999.999 0.999 999.999 0.999
 44.291667  45.291667 999.999 0.999 999.999 0.999
 47.291667  48.291667 999.999 0.999 999.999 0.999
 50.291667  51.291667 999.999 0.999 999.999 0.999
 53.291667  54.291667  21.793 0.000   3.315 0.000
 56.291667  57.291667   5.178 0.000   1.081 0.000
 59.291667  60.291667   4.251 0.000   0.774 0.000
 62.291667  63.291667   2.630 0.000   1.166 0.000
 65.291667  66.291667   8.257 0.000   1.805 0.000
 68.291667  69.291667   7.530 0.000   2.479 0.000
 71.291667  72.291667   2.852 0.000   1.558 0.000
 74.291667  75.291667  11.713 0.000   4.429 0.000
 77.291667  78.291667  10.405 0.000   3.033 0.000
 80.291667  81.291667   6.452 0.000   2.725 0.000
 83.291667  84.291667   3.052 0.000   1.749 0.000
 86.291667  87.291667  29.355 0.000   6.621 0.000
 89.291667  90.291667   2.369 0.000   1.363 0.000
 92.291667  93.291667   5.797 0.000   2.361 0.000
 95.291667  96.291667  10.529 0.000   6.498 0.000
 98.291667  99.291667  10.963 0.000   3.841 0.000
101.291667 102.291667  20.519 0.000   6.459 0.000
104.291667 105.291667   5.204 0.000   2.362 0.000
107.291667 108.291667   9.767 0.000   4.081 0.000
110.291667 111.291667  19.209 0.000   5.049 0.000
113.291667 114.291667   5.808 0.000   1.684 0.000
116.291667 117.291667   9.612 0.000   3.907 0.000
119.291667 120.291667   6.433 0.000   3.783 0.000
122.291667 123.291667  14.784 0.000   5.182 0.000
125.291667 126.291667   8.962 0.000   3.363 0.000
128.291667 129.291667   2.771 0.000   1.588 0.000
131.291667 132.291667   6.999 0.000   3.788 0.000
134.291667 135.291667   5.836 0.000 999.999 0.456
137.291667 138.291667   4.277 0.000   2.678 0.000
140.291667 141.291667  13.737 0.000   4.641 0.000
143.291667 144.291667   9.326 0.000   3.923 0.000
146.291667 147.291667   6.146 0.000   3.765 0.000
149.291667 150.291667   7.606 0.000   3.263 0.000
152.291667 153.291667  12.971 0.000   5.918 0.000
155.291667 156.291667 999.999 0.999 999.999 0.999
158.291667 159.291667  24.066 0.000   5.550 0.000
161.291667 162.291667  24.673 0.000   7.867 0.000
164.291667 165.291667   5.076 0.000   3.135 0.000
167.291667 168.291667   8.174 0.000   4.883 0.000
170.291667 171.291667  11.573 0.000   5.276 0.000
173.291667 174.291667   8.969 0.000   4.429 0.000
176.291667 177.291667  10.964 0.000   5.204 0.000
179.291667 180.291667 999.999 0.999 999.999 0.999
182.291667 183.291667 999.999 0.999 999.999 0.999
185.291667 186.291667   6.365 0.000   3.768 0.000
188.291667 189.291667   6.295 0.000   4.459 0.000
191.291667 192.291667  10.028 0.000   7.315 0.000
194.291667 195.291667   7.736 0.000   5.618 0.000
197.291667 198.291667 999.999 0.456   4.968 0.000
200.291667 201.291667   7.029 0.000   4.158 0.000
203.291667 204.291667   5.483 0.000   3.807 0.000
206.291667 207.291667   7.858 0.000   4.788 0.000
209.291667 210.291667   5.627 0.000   3.169 0.000
212.291667 213.291667   4.664 0.000   2.714 0.000
215.291667 216.291667   5.805 0.000   4.234 0.000
218.291667 219.291667   3.286 0.000   1.850 0.000
221.291667 222.291667   5.443 0.000   2.691 0.000
224.291667 225.291667   8.967 0.000   6.169 0.000
227.291667 228.291667  13.982 0.000  10.539 0.000
230.291667 231.291667  10.675 0.000   7.541 0.000
233.291667 234.291667   9.898 0.000   6.127 0.000
236.291667 237.291667   6.347 0.000   3.460 0.000
239.291667 240.291667   5.493 0.000   3.617 0.000
242.291667 243.291667   6.530 0.000   4.430 0.000
245.291667 246.291667   8.583 0.000   6.057 0.000
248.291667 249.291667   5.035 0.000   2.058 0.000
251.291667 252.291667   5.208 0.000   3.427 0.000
254.291667 255.291667   3.865 0.000   2.278 0.000
257.291667 258.291667   9.069 0.000   6.360 0.000
260.291667 261.291667   8.302 0.000   3.464 0.000
263.291667 264.291667 999.999 0.999 999.999 0.999
266.291667 267.291667 999.999 0.999 999.999 0.999
269.291667 270.291667   5.347 0.000   3.102 0.000
272.291667 273.291667   5.481 0.000   3.028 0.000
275.291667 276.291667   5.239 0.000   3.211 0.000
278.291667 279.291667   6.799 0.000   3.283 0.000
281.291667 282.291667   8.739 0.000   3.928 0.000
284.291667 285.291667   6.489 0.000   3.170 0.000
287.291667 288.291667   5.737 0.000   2.492 0.000
290.291667 291.291667   9.276 0.000   2.470 0.000
293.291667 294.291667   8.631 0.000   1.798 0.000
296.291667 297.291667   3.482 0.000   1.101 0.000
299.291667 300.291667  11.086 0.000   3.838 0.000
302.291667 303.291667   7.075 0.000   2.205 0.000
305.291667 306.291667  16.273 0.000   4.828 0.000
308.291667 309.291667  13.123 0.000   4.242 0.000
311.291667 312.291667  11.667 0.000   5.817 0.000
314.291667 315.291667   5.374 0.000   2.623 0.000
317.291667 318.291667  10.489 0.000   2.974 0.000
320.291667 321.291667   5.720 0.000   2.539 0.000
323.291667 324.291667   4.176 0.000   1.710 0.000
326.291667 327.291667   5.163 0.000   3.239 0.000
329.291667 330.291667   3.603 0.000   2.313 0.000
332.291667 333.291667   6.291 0.000   2.573 0.000
335.291667 336.291667   3.040 0.000   1.684 0.000
338.291667 339.291667   4.679 0.000   1.149 0.000
341.291667 342.291667   9.084 0.000   3.277 0.000
344.291667 345.291667   1.400 0.000   0.941 0.000
347.291667 348.291667   3.588 0.000   1.863 0.000
350.291667 351.291667   1.313 0.000   0.911 0.000
353.291667 354.291667   2.648 0.000   1.146 0.000
356.291667 357.291667   1.009 0.000   0.543 0.000
359.291667 360.291667 999.999 0.999 999.999 0.999
362.291667 363.291667   1.723 0.000   0.918 0.000
