scripts/IMPROVE-2019_partial/data/US9044R.20030103080000.20191216000000.filterpack..pm25.1y.1w.US03L_filterpack_US9044.US03L_IMPROVE_Davis.lev2.nas
66 1001
MISSING INFORMATION
US03L, IMPROVE, , , , , , , 
MISSING INFORMATION
IMPROVE sel_HTAP
1 1
2003 01 01 2019 12 16
3.000000
days from file reference point
27
1 1 1 1 1 1 1 1 1 1 1 1 1 1 1 1 1 1 1 1 1 1 1 1 1 1 1
999.999999 9999.99 9.999 99.99 9.999 9.999 9.999999 9.99 9.999999 9.999 9.999 999.999 9.999 999.999 9.999 99.99 9.999999 999.999 9.999 99.999 9.999 999.999 9.999 9.999 9.999 9.999 9.999
end_time of measurement, days from the file reference point
iron, ng/m3, Revision date=20181210133000
numflag iron, no unit, Revision date=20181210133000
lead, ng/m3, Revision date=20181210133000
numflag lead, no unit, Revision date=20181210133000
magnesium, ug/m3, Revision date=20181210133000
numflag magnesium, no unit, Revision date=20181210133000
nickel, ng/m3, Revision date=20181210133000
numflag nickel, no unit, Revision date=20181210133000
nitrate, ug N/m3, Revision date=20181210133000
numflag nitrate, no unit, Revision date=20181210133000
organic_carbon, ug C/m3, Revision date=20181210133000
numflag organic_carbon, no unit, Revision date=20181210133000
organic_mass, ug/m3, Revision date=20181210133000
numflag organic_mass, no unit, Revision date=20181210133000
phosphorus, ng/m3, Revision date=20181210133000
numflag phosphorus, no unit, Revision date=20181210133000
pm10_mass, ug/m3, Version=2, Version description=Data extracted from http://views.cira.colostate.edu/fed/DataWizard 2019-12-16, Sample duration=1d, Orig. time res.=3d, Matrix=pm10, Blank correction=Blank corrected, Volume std. temperature=ambient, Volume std. pressure=ambient
numflag pm10_mass, no unit, Version=2, Version description=Data extracted from http://views.cira.colostate.edu/fed/DataWizard 2019-12-16, Sample duration=1d, Orig. time res.=3d, Matrix=pm10, Blank correction=Blank corrected, Volume std. temperature=ambient, Volume std. pressure=ambient
pm10_pm25_mass, ug/m3, Revision date=20181210133000, Matrix=pm10_pm25
numflag pm10_pm25_mass, no unit, Revision date=20181210133000, Matrix=pm10_pm25
pm25_mass, ug/m3, Version=2, Version description=Data extracted from http://views.cira.colostate.edu/fed/DataWizard 2019-12-16, Sample duration=1d, Orig. time res.=3d, Blank correction=Blank corrected, Volume std. temperature=ambient, Volume std. pressure=ambient
numflag pm25_mass, no unit, Version=2, Version description=Data extracted from http://views.cira.colostate.edu/fed/DataWizard 2019-12-16, Sample duration=1d, Orig. time res.=3d, Blank correction=Blank corrected, Volume std. temperature=ambient, Volume std. pressure=ambient
potassium, ug/m3, Revision date=20181210133000
numflag potassium, no unit, Revision date=20181210133000
sulphate_total, ug S/m3, Revision date=20181210133000
numflag sulphate_total, no unit, Revision date=20181210133000
0
25
Data definition:              EBAS_1.1
Set type code:                TU
Timezone:                     UTC
File name:                    US9044R.20030103080000.20191216000000.filterpack..pm25.1y.1w.US03L_filterpack_US9044.US03L_IMPROVE_Davis.lev2.nas
File creation:                20191218120822
Startdate:                    20030103080000
Revision date:                20191216000000
Statistics:                   arithmetic mean
Data level:                   2
Period code:                  1y
Resolution code:              1w
Station code:                 US9044R
Platform code:                US9044S
Station name:                 Trinity
Station latitude:             40.7864
Station longitude:            -122.8046
Station altitude:             1014.0 m
Regime:                       IMG
Component:                    
Matrix:                       pm25
Laboratory code:              US03L
Instrument type:              filterpack
Instrument name:              filterpack_US9044
Method ref:                   US03L_IMPROVE_Davis
starttime endtime Fe flag_Fe Pb flag_Pb Mg++ flag_Mg++ Ni flag_Ni NO3- flag_NO3- OC flag_OC OM flag_OM P flag_P PM10 flag_PM10 PM10-PM2.5 flag_PM10-PM2.5 PM2.5 flag_PM2.5 K+ flag_K+ SO4-- flag_SO4--
  2.333333   3.333333 9999.99 0.999 99.99 0.999 9.999 0.999000 9.99 0.999000 9.999 0.999 999.999 0.999 999.999 0.999 99.99 0.999000 999.999 0.999 99.999 0.999 999.999 0.999 9.999 0.999 9.999 0.999
  5.333333   6.333333    1.20 0.000  0.14 0.000 9.999 0.259000 0.03 0.000000 0.003 0.559   0.304 0.000   0.425 0.000 99.99 0.259000   0.691 0.000  0.173 0.000   0.518 0.000 0.003 0.000 0.013 0.559
  8.333333   9.333333   11.25 0.000  1.06 0.000 9.999 0.259000 9.99 0.259000 0.060 0.000   1.325 0.000   1.855 0.000 99.99 0.259000   3.801 0.000  0.921 0.000   2.880 0.000 0.025 0.000 0.078 0.000
 11.333333  12.333333    0.43 0.000 99.99 0.259 0.012 0.000000 0.05 0.000000 0.002 0.000   0.164 0.000   0.229 0.000  2.64 0.000000   0.183 0.000  0.030 0.000   0.152 0.000 0.002 0.000 0.003 0.000
 14.333333  15.333333    1.11 0.000  0.11 0.000 9.999 0.259000 9.99 0.259000 0.002 0.000   0.243 0.000   0.341 0.000 99.99 0.259000 999.999 0.456 99.999 0.999   0.305 0.000 0.003 0.000 0.005 0.000
 17.333333  18.333333    1.40 0.000  0.08 0.000 9.999 0.259000 0.08 0.000000 0.003 0.000   0.529 0.000   0.741 0.000 99.99 0.259000 999.999 0.456 99.999 0.999   0.758 0.000 0.004 0.000 0.015 0.000
 20.333333  21.333333    3.22 0.000  0.60 0.000 9.999 0.259000 9.99 0.259000 0.023 0.000   0.821 0.000   1.149 0.000 99.99 0.259000 999.999 0.456 99.999 0.999   1.693 0.000 0.015 0.000 0.060 0.000
 23.333333  24.333333    0.24 0.000  0.10 0.000 9.999 0.259000 9.99 0.259000 0.002 0.000   0.126 0.000   0.177 0.000 99.99 0.259000   0.146 0.000  0.023 0.000   0.123 0.000 0.002 0.000 0.005 0.000
 26.333333  27.333333    0.88 0.000  0.20 0.000 0.013 0.000000 9.99 0.259000 0.004 0.559   0.254 0.000   0.355 0.000 99.99 0.259000   0.804 0.000  0.289 0.000   0.515 0.000 0.005 0.000 0.024 0.559
 29.333333  30.333333    3.52 0.000  0.22 0.000 9.999 0.259000 9.99 0.259000 0.003 0.000   0.509 0.000   0.712 0.000  1.28 0.000000   1.097 0.000  0.485 0.000   0.612 0.000 0.005 0.000 0.008 0.000
 32.333333  33.333333    1.00 0.000  0.32 0.000 9.999 0.259000 9.99 0.259000 0.007 0.000   0.254 0.000   0.355 0.000 99.99 0.259000   1.286 0.000  0.414 0.000   0.872 0.000 0.006 0.000 0.023 0.000
 35.333333  36.333333    1.62 0.000  0.15 0.000 9.999 0.259000 0.06 0.000000 0.013 0.000   0.467 0.000   0.654 0.000 99.99 0.259000   1.330 0.000  0.383 0.000   0.947 0.000 0.007 0.000 0.032 0.000
 38.333333  39.333333    2.22 0.000  0.26 0.000 9.999 0.259000 9.99 0.259000 0.003 0.000   0.436 0.000   0.610 0.000 99.99 0.259000   0.992 0.000  0.248 0.000   0.744 0.000 0.005 0.000 0.036 0.000
 41.333333  42.333333   13.41 0.559  0.54 0.559 9.999 0.559259 0.06 0.559000 0.134 0.000   7.766 0.000  10.872 0.000  2.05 0.559000  12.979 0.000  1.777 0.000  11.202 0.559 0.037 0.559 0.051 0.000
 44.333333  45.333333    0.89 0.000  0.08 0.000 9.999 0.259000 9.99 0.259000 0.011 0.000   0.710 0.000   0.994 0.000  3.18 0.000000   1.718 0.000  0.518 0.000   1.200 0.000 0.016 0.000 0.020 0.000
 47.333333  48.333333    4.37 0.000  0.17 0.000 0.016 0.000000 9.99 0.259000 0.012 0.000   0.113 0.000   0.158 0.000 99.99 0.259000   1.791 0.000  0.857 0.000   0.934 0.000 0.009 0.000 0.068 0.000
 50.333333  51.333333    1.50 0.000  0.18 0.000 0.014 0.000000 0.03 0.000000 0.004 0.000   0.136 0.000   0.190 0.000 99.99 0.259000 999.999 0.456 99.999 0.999   0.428 0.000 0.007 0.000 0.017 0.000
 53.333333  54.333333   11.18 0.000  0.18 0.000 0.015 0.000000 9.99 0.259000 0.007 0.000   0.512 0.000   0.716 0.000 99.99 0.259000 999.999 0.456 99.999 0.999   1.414 0.000 0.015 0.000 0.054 0.000
 56.333333  57.333333   19.00 0.000  0.29 0.000 0.019 0.000000 9.99 0.259000 0.016 0.000   0.604 0.000   0.845 0.000 99.99 0.259000   3.029 0.000  1.190 0.000   1.839 0.000 0.023 0.000 0.116 0.000
 59.333333  60.333333    7.25 0.000  0.24 0.000 9.999 0.259000 9.99 0.259000 0.024 0.559   0.743 0.000   1.040 0.000 99.99 0.259000   2.241 0.000  0.794 0.000   1.447 0.000 0.012 0.000 0.054 0.559
 62.333333  63.333333    3.96 0.000 99.99 0.259 0.025 0.000000 9.99 0.259000 0.006 0.000   0.432 0.000   0.605 0.000 99.99 0.259000   0.817 0.000  0.140 0.000   0.677 0.000 0.015 0.000 0.023 0.000
 65.333333  66.333333   20.14 0.000  1.13 0.000 0.016 0.000000 9.99 0.259000 0.045 0.000   0.380 0.000   0.532 0.000 99.99 0.259000   3.711 0.000  1.375 0.000   2.336 0.000 0.028 0.000 0.338 0.000
 68.333333  69.333333    5.42 0.000  0.54 0.000 9.999 0.259000 9.99 0.259000 0.006 0.559   0.485 0.000   0.679 0.000 99.99 0.259000   1.345 0.000  0.436 0.000   0.910 0.000 0.010 0.000 0.049 0.559
 71.333333  72.333333   12.60 0.000  0.42 0.000 9.999 0.259000 0.09 0.000000 0.106 0.000   0.913 0.000   1.278 0.000 99.99 0.259000   3.436 0.000  0.953 0.000   2.482 0.000 0.022 0.000 0.219 0.000
 74.333333  75.333333    3.80 0.000  0.15 0.000 9.999 0.259000 9.99 0.259000 0.010 0.000   0.226 0.000   0.317 0.000 99.99 0.259000   1.359 0.000  0.854 0.000   0.505 0.000 0.006 0.000 0.033 0.000
 77.333333  78.333333   18.89 0.000  0.53 0.000 9.999 0.259000 9.99 0.259000 0.027 0.000   0.404 0.000   0.566 0.000 99.99 0.259000   2.535 0.000  0.940 0.000   1.595 0.000 0.019 0.000 0.096 0.000
 80.333333  81.333333   12.39 0.000  0.85 0.000 9.999 0.259000 0.06 0.000000 0.027 0.000   0.299 0.000   0.419 0.000 99.99 0.259000   2.266 0.000  0.661 0.000   1.605 0.000 0.023 0.000 0.126 0.000
 83.333333  84.333333   13.05 0.000  0.64 0.000 0.011 0.000000 9.99 0.259000 0.063 0.000   0.544 0.000   0.761 0.000 99.99 0.259000   3.453 0.000  1.311 0.000   2.143 0.000 0.020 0.000 0.109 0.000
 86.333333  87.333333    5.81 0.000  0.29 0.000 0.021 0.000000 9.99 0.259000 0.025 0.559   0.229 0.000   0.320 0.000 99.99 0.259000   1.580 0.000  0.502 0.000   1.078 0.000 0.007 0.000 0.072 0.559
 89.333333  90.333333   19.20 0.000  1.08 0.000 0.012 0.000000 9.99 0.259000 0.043 0.000   1.446 0.000   2.024 0.000 99.99 0.259000   5.636 0.000  1.957 0.000   3.678 0.000 0.032 0.000 0.131 0.000
 92.333333  93.333333    1.54 0.000  0.15 0.000 0.007 0.000000 0.08 0.000000 0.012 0.000   0.089 0.000   0.124 0.000 99.99 0.259000   0.992 0.000  0.596 0.000   0.396 0.000 0.003 0.000 0.028 0.000
 95.333333  96.333333    1.06 0.000  0.14 0.000 9.999 0.259000 9.99 0.259000 0.009 0.559   0.070 0.000   0.099 0.000 99.99 0.259000   0.369 0.000  0.088 0.000   0.281 0.000 0.002 0.000 0.016 0.559
 98.333333  99.333333   50.98 0.559  3.93 0.559 9.999 0.559259 0.09 0.559000 0.042 0.000   1.298 0.000   1.818 0.000 99.99 0.559259   7.242 0.000  2.307 0.000   4.935 0.559 0.041 0.559 0.404 0.000
101.333333 102.333333    6.67 0.000  0.23 0.000 9.999 0.259000 9.99 0.259000 0.016 0.000   0.261 0.000   0.366 0.000 99.99 0.259000   1.286 0.000  0.550 0.000   0.736 0.000 0.005 0.000 0.043 0.000
104.333333 105.333333    9.64 0.000  0.29 0.000 9.999 0.259000 0.31 0.000000 0.013 0.000   0.347 0.000   0.486 0.000 99.99 0.259000   1.754 0.000  0.850 0.000   0.904 0.000 0.008 0.000 0.051 0.000
107.333333 108.333333   78.55 0.000  1.05 0.000 9.999 0.259000 0.10 0.000000 0.047 0.000   1.628 0.000   2.279 0.000 99.99 0.259000   8.561 0.000  1.941 0.000   6.620 0.000 0.086 0.000 0.364 0.000
110.333333 111.333333   17.64 0.000  0.42 0.000 9.999 0.259000 0.07 0.000000 0.017 0.000   0.252 0.000   0.353 0.000 99.99 0.259000   1.718 0.000  0.560 0.000   1.157 0.000 0.017 0.000 0.092 0.000
113.333333 114.333333   10.94 0.000  0.27 0.000 9.999 0.259000 0.03 0.000000 0.008 0.000   0.089 0.000   0.124 0.000 99.99 0.259000   1.359 0.000  0.709 0.000   0.650 0.000 0.007 0.000 0.083 0.000
116.333333 117.333333   13.01 0.000  0.48 0.000 9.999 0.259000 0.06 0.000000 0.052 0.000   0.403 0.000   0.564 0.000 99.99 0.259000   2.525 0.000  1.006 0.000   1.519 0.000 0.017 0.000 0.158 0.000
119.333333 120.333333    0.39 0.000  0.17 0.000 0.017 0.000000 9.99 0.259000 0.004 0.000   0.250 0.000   0.350 0.000 99.99 0.259000   0.512 0.000  0.264 0.000   0.248 0.000 0.004 0.000 0.008 0.000
122.333333 123.333333    1.72 0.000  0.25 0.000 9.999 0.259000 9.99 0.259000 0.007 0.000   0.258 0.000   0.361 0.000 99.99 0.259000   0.877 0.000  0.273 0.000   0.604 0.000 0.002 0.000 0.041 0.000
125.333333 126.333333   20.90 0.000  0.91 0.000 9.999 0.259000 9.99 0.259000 0.052 0.000   1.201 0.000   1.681 0.000 99.99 0.259000   5.823 0.000  1.500 0.000   4.323 0.000 0.032 0.000 0.294 0.000
128.333333 129.333333    4.01 0.000  0.24 0.000 0.012 0.000000 0.06 0.000000 0.010 0.000   0.395 0.000   0.553 0.000 99.99 0.259000   1.764 0.000  0.561 0.000   1.203 0.000 0.006 0.000 0.089 0.000
131.333333 132.333333   47.21 0.000  1.85 0.000 9.999 0.259000 9.99 0.259000 0.039 0.000   0.971 0.000   1.360 0.000 99.99 0.259000   6.690 0.000  2.187 0.000   4.503 0.000 0.051 0.000 0.376 0.000
134.333333 135.333333   16.80 0.000  0.74 0.000 9.999 0.259000 9.99 0.259000 0.032 0.000   0.947 0.000   1.326 0.000 99.99 0.259000   4.981 0.000  1.384 0.000   3.597 0.000 0.025 0.000 0.284 0.000
137.333333 138.333333    5.69 0.000  0.32 0.000 0.010 0.000000 9.99 0.259000 0.012 0.000   0.648 0.000   0.907 0.000 99.99 0.259000   2.976 0.000  0.808 0.000   2.168 0.000 0.009 0.000 0.117 0.000
140.333333 141.333333   29.09 0.000  0.49 0.000 9.999 0.259000 0.07 0.000000 0.027 0.000   1.136 0.000   1.590 0.000 99.99 0.259000   4.987 0.000  1.929 0.000   3.058 0.000 0.031 0.000 0.132 0.000
143.333333 144.333333   49.21 0.559  0.81 0.559 0.016 0.559000 9.99 0.559259 0.023 0.000   1.843 0.000   2.580 0.000 99.99 0.559259   7.237 0.000  1.660 0.000   5.577 0.559 0.054 0.559 0.207 0.000
146.333333 147.333333   37.13 0.000  0.59 0.000 9.999 0.259000 0.06 0.000000 0.016 0.000   1.121 0.000   1.569 0.000 99.99 0.259000   5.958 0.000  2.599 0.000   3.359 0.000 0.034 0.000 0.166 0.000
149.333333 150.333333   63.04 0.000  0.95 0.000 9.999 0.259000 0.10 0.000000 0.081 0.000   1.375 0.000   1.925 0.000 99.99 0.259000  12.775 0.000  7.090 0.000   5.685 0.000 0.042 0.000 0.337 0.000
152.333333 153.333333   24.13 0.000  0.63 0.000 9.999 0.259000 9.99 0.259000 0.030 0.000   2.566 0.000   3.592 0.000 99.99 0.259000   8.799 0.000  2.362 0.000   6.437 0.000 0.038 0.000 0.244 0.000
155.333333 156.333333   52.88 0.559  1.48 0.559 9.999 0.559259 9.99 0.559259 0.020 0.000   1.811 0.000   2.535 0.000 99.99 0.559259   8.508 0.000  2.291 0.000   6.217 0.559 0.048 0.559 0.451 0.000
158.333333 159.333333   81.96 0.699  1.42 0.699 9.999 0.699259 0.14 0.699000 0.070 0.000   3.445 0.000   4.822 0.000 99.99 0.699259  16.451 0.000  5.252 0.000  11.200 0.699 0.080 0.699 0.734 0.000
161.333333 162.333333   45.97 0.559  1.02 0.559 9.999 0.559259 0.21 0.559000 0.191 0.000   1.879 0.000   2.631 0.000 99.99 0.559259  13.081 0.000  5.223 0.000   7.857 0.559 0.111 0.559 0.541 0.000
164.333333 165.333333   10.52 0.000  0.31 0.000 9.999 0.259000 9.99 0.259000 0.027 0.000   0.834 0.000   1.167 0.000 99.99 0.259000   4.189 0.000  1.527 0.000   2.662 0.000 0.020 0.000 0.190 0.000
167.333333 168.333333   26.60 0.000  1.03 0.000 9.999 0.259000 9.99 0.259000 0.049 0.000   2.111 0.000   2.956 0.000 99.99 0.259000   9.296 0.000  3.416 0.000   5.880 0.000 0.031 0.000 0.302 0.000
170.333333 171.333333   10.03 0.000  0.21 0.000 9.999 0.259000 0.09 0.000000 0.025 0.000   0.532 0.000   0.745 0.000 99.99 0.259000   3.801 0.000  1.678 0.000   2.123 0.000 0.011 0.000 0.157 0.000
173.333333 174.333333   11.28 0.000  0.20 0.000 9.999 0.259000 9.99 0.259000 0.027 0.000   0.534 0.000   0.747 0.000 99.99 0.259000   5.064 0.000  2.697 0.000   2.367 0.000 0.012 0.000 0.191 0.000
176.333333 177.333333   26.54 0.000  0.31 0.000 9.999 0.259000 9.99 0.259000 0.010 0.000   1.270 0.000   1.778 0.000 99.99 0.259000   6.836 0.000  3.665 0.000   3.171 0.000 0.014 0.000 0.122 0.000
179.333333 180.333333   29.94 0.000  0.47 0.000 0.025 0.000000 9.99 0.259000 0.013 0.000   1.514 0.000   2.119 0.000 99.99 0.259000   7.275 0.000  3.321 0.000   3.954 0.000 0.021 0.000 0.146 0.000
182.333333 183.333333   29.10 0.000  0.65 0.000 0.036 0.000000 0.09 0.000000 0.047 0.000   1.058 0.000   1.482 0.000 99.99 0.259000   5.947 0.000  2.396 0.000   3.551 0.000 0.038 0.000 0.253 0.000
185.333333 186.333333   27.49 0.559  0.37 0.559 9.999 0.559259 0.10 0.559000 0.029 0.000   1.249 0.000   1.748 0.000 99.99 0.559259   6.835 0.000  3.529 0.000   3.307 0.559 0.027 0.559 0.139 0.000
188.333333 189.333333   12.88 0.000  0.48 0.000 9.999 0.259000 0.07 0.000000 0.018 0.000   0.848 0.000   1.187 0.000 99.99 0.259000   3.618 0.000  1.150 0.000   2.468 0.000 0.023 0.000 0.166 0.000
191.333333 192.333333   25.27 0.000  0.37 0.000 9.999 0.259000 0.11 0.000000 0.010 0.000   0.781 0.000   1.094 0.000 99.99 0.259000   4.079 0.000  1.857 0.000   2.221 0.000 0.018 0.000 0.187 0.000
194.333333 195.333333   22.36 0.000  0.11 0.000 9.999 0.259000 0.08 0.000000 0.026 0.000   1.007 0.000   1.410 0.000 99.99 0.259000   7.599 0.000  5.423 0.000   2.176 0.000 0.010 0.000 0.107 0.000
197.333333 198.333333   27.49 0.000  0.32 0.000 0.031 0.000000 0.09 0.000000 0.023 0.000   1.187 0.000   1.662 0.000 99.99 0.259000   5.172 0.000  2.376 0.000   2.796 0.000 0.017 0.000 0.138 0.000
200.333333 201.333333   29.73 0.000  0.47 0.000 9.999 0.259000 0.11 0.000000 0.016 0.000   1.848 0.000   2.587 0.000 99.99 0.259000   8.955 0.000  5.051 0.000   3.904 0.000 0.014 0.000 0.152 0.000
203.333333 204.333333   74.61 0.000  0.60 0.000 9.999 0.259000 0.16 0.000000 0.029 0.000   3.560 0.000   4.984 0.000 99.99 0.259000  14.725 0.000  5.584 0.000   9.141 0.000 0.059 0.000 0.348 0.000
206.333333 207.333333   53.74 0.000  0.71 0.000 9.999 0.259000 0.15 0.000000 0.083 0.000   2.267 0.000   3.173 0.000 99.99 0.259000  10.344 0.000  3.209 0.000   7.135 0.000 0.058 0.000 0.379 0.000
209.333333 210.333333   42.65 0.000  0.43 0.000 9.999 0.259000 0.15 0.000000 0.027 0.000   2.173 0.000   3.042 0.000 99.99 0.259000   7.716 0.000  2.286 0.000   5.430 0.000 0.039 0.000 0.262 0.000
212.333333 213.333333   65.24 0.000  0.97 0.000 9.999 0.259000 0.28 0.000000 0.039 0.000   1.811 0.000   2.535 0.000 99.99 0.259000  13.705 0.000  6.886 0.000   6.819 0.000 0.066 0.000 0.509 0.000
215.333333 216.333333   21.22 0.000  0.45 0.000 9.999 0.259000 0.10 0.000000 0.023 0.000   1.223 0.000   1.712 0.000 99.99 0.259000   6.619 0.000  2.496 0.000   4.123 0.000 0.022 0.000 0.292 0.000
218.333333 219.333333   13.27 0.000  0.36 0.000 9.999 0.259000 0.11 0.000000 0.028 0.000   0.949 0.000   1.328 0.000 99.99 0.259000   5.462 0.000  2.162 0.000   3.299 0.000 0.016 0.000 0.202 0.000
221.333333 222.333333    9.36 0.000  0.24 0.000 9.999 0.259000 0.08 0.000000 0.032 0.000   0.969 0.000   1.357 0.000 99.99 0.259000   4.802 0.000  2.198 0.000   2.604 0.000 0.029 0.000 0.124 0.000
224.333333 225.333333   22.16 0.000  0.22 0.000 9.999 0.259000 0.10 0.000000 0.033 0.559   0.987 0.000   1.382 0.000 99.99 0.259000   6.104 0.000  3.435 0.000   2.669 0.000 0.029 0.000 0.130 0.559
227.333333 228.333333   25.11 0.000  0.19 0.000 0.020 0.000000 9.99 0.259000 0.024 0.559   1.362 0.000   1.906 0.000 99.99 0.259000   6.585 0.000  3.858 0.000   2.727 0.000 0.016 0.000 0.100 0.559
230.333333 231.333333   43.62 0.000  0.57 0.000 9.999 0.259000 0.11 0.000000 0.022 0.000   1.973 0.000   2.762 0.000 99.99 0.259000  11.148 0.000  6.410 0.000   4.738 0.000 0.031 0.000 0.166 0.000
233.333333 234.333333   39.04 0.000  0.60 0.000 9.999 0.259000 0.13 0.000000 0.081 0.000   1.748 0.000   2.448 0.000 99.99 0.259000   9.223 0.000  4.084 0.000   5.139 0.000 0.091 0.000 0.369 0.000
236.333333 237.333333   15.51 0.000  0.57 0.000 9.999 0.259000 0.05 0.000000 0.013 0.559   1.191 0.000   1.667 0.000 99.99 0.259000   4.893 0.000  2.368 0.000   2.525 0.000 0.015 0.000 0.126 0.559
239.333333 240.333333   26.37 0.000  0.38 0.000 9.999 0.259000 0.08 0.000000 0.038 0.000   1.301 0.000   1.821 0.000 99.99 0.259000   5.721 0.000  2.595 0.000   3.127 0.000 0.027 0.000 0.154 0.000
242.333333 243.333333   39.82 0.699  0.51 0.699 9.999 0.699259 9.99 0.699259 0.016 0.000   3.224 0.000   4.514 0.000 99.99 0.699259   9.817 0.000  3.139 0.000   6.677 0.699 0.050 0.699 0.159 0.000
