scripts/IMPROVE-2019_partial/data/US9058R.20060102060000.20191216000000.filterpack..pm25.52w.1w.US03L_filterpack_US9058.US03L_IMPROVE_Davis.lev2.nas
66 1001
MISSING INFORMATION
US03L, IMPROVE, , , , , , , 
MISSING INFORMATION
IMPROVE sel_HTAP
1 1
2006 01 01 2019 12 16
3.00
days from file reference point
27
1 1 1 1 1 1 1 1 1 1 1 1 1 1 1 1 1 1 1 1 1 1 1 1 1 1 1
999.99 9999.99 9.999 99.99 9.999 9.999 9.999999 9.99 9.999999 99.999 9.999 99.999 9.999 999.999 9.999 9999.99 9.999999 999.999 9.999 999.999 9.999 999.999 9.999 9.999 9.999 99.999 9.999
end_time of measurement, days from the file reference point
iron, ng/m3, Revision date=20181210133000
numflag iron, no unit, Revision date=20181210133000
lead, ng/m3, Revision date=20181210133000
numflag lead, no unit, Revision date=20181210133000
magnesium, ug/m3, Revision date=20181210133000
numflag magnesium, no unit, Revision date=20181210133000
nickel, ng/m3, Revision date=20181210133000
numflag nickel, no unit, Revision date=20181210133000
nitrate, ug N/m3, Revision date=20181210133000
numflag nitrate, no unit, Revision date=20181210133000
organic_carbon, ug C/m3, Revision date=20181210133000
numflag organic_carbon, no unit, Revision date=20181210133000
organic_mass, ug/m3, Revision date=20181210133000
numflag organic_mass, no unit, Revision date=20181210133000
phosphorus, ng/m3, Revision date=20181210133000
numflag phosphorus, no unit, Revision date=20181210133000
pm10_mass, ug/m3, Version=2, Version description=Data extracted from http://views.cira.colostate.edu/fed/DataWizard 2019-12-16, Sample duration=1d, Orig. time res.=3d, Matrix=pm10, Blank correction=Blank corrected, Volume std. temperature=ambient, Volume std. pressure=ambient
numflag pm10_mass, no unit, Version=2, Version description=Data extracted from http://views.cira.colostate.edu/fed/DataWizard 2019-12-16, Sample duration=1d, Orig. time res.=3d, Matrix=pm10, Blank correction=Blank corrected, Volume std. temperature=ambient, Volume std. pressure=ambient
pm10_pm25_mass, ug/m3, Revision date=20181210133000, Matrix=pm10_pm25
numflag pm10_pm25_mass, no unit, Revision date=20181210133000, Matrix=pm10_pm25
pm25_mass, ug/m3, Version=2, Version description=Data extracted from http://views.cira.colostate.edu/fed/DataWizard 2019-12-16, Sample duration=1d, Orig. time res.=3d, Blank correction=Blank corrected, Volume std. temperature=ambient, Volume std. pressure=ambient
numflag pm25_mass, no unit, Version=2, Version description=Data extracted from http://views.cira.colostate.edu/fed/DataWizard 2019-12-16, Sample duration=1d, Orig. time res.=3d, Blank correction=Blank corrected, Volume std. temperature=ambient, Volume std. pressure=ambient
potassium, ug/m3, Revision date=20181210133000
numflag potassium, no unit, Revision date=20181210133000
sulphate_total, ug S/m3, Revision date=20181210133000
numflag sulphate_total, no unit, Revision date=20181210133000
0
25
Data definition:              EBAS_1.1
Set type code:                TU
Timezone:                     UTC
File name:                    US9058R.20060102060000.20191216000000.filterpack..pm25.52w.1w.US03L_filterpack_US9058.US03L_IMPROVE_Davis.lev2.nas
File creation:                20191218120923
Startdate:                    20060102060000
Revision date:                20191216000000
Statistics:                   arithmetic mean
Data level:                   2
Period code:                  52w
Resolution code:              1w
Station code:                 US9058R
Platform code:                US9058S
Station name:                 Tallgrass
Station latitude:             38.4341
Station longitude:            -96.5602
Station altitude:             390.0 m
Regime:                       IMG
Component:                    
Matrix:                       pm25
Laboratory code:              US03L
Instrument type:              filterpack
Instrument name:              filterpack_US9058
Method ref:                   US03L_IMPROVE_Davis
starttime endtime Fe flag_Fe Pb flag_Pb Mg++ flag_Mg++ Ni flag_Ni NO3- flag_NO3- OC flag_OC OM flag_OM P flag_P PM10 flag_PM10 PM10-PM2.5 flag_PM10-PM2.5 PM2.5 flag_PM2.5 K+ flag_K+ SO4-- flag_SO4--
  1.25   2.25   13.86 0.000  2.13 0.000 9.999 0.259000 9.99 0.259000  1.139 0.000  1.290 0.000   1.807 0.000 9999.99 0.259000  17.629 0.000   3.666 0.000  13.963 0.000 0.034 0.000  1.465 0.000
  4.25   5.25    8.52 0.000  0.60 0.000 0.007 0.000000 9.99 0.259000  0.059 0.000  0.365 0.000   0.511 0.000 9999.99 0.259000   3.347 0.000   2.258 0.000   1.090 0.000 0.010 0.000  0.048 0.000
  7.25   8.25   32.91 0.000  1.61 0.000 9.999 0.259000 9.99 0.259000  0.547 0.000  0.605 0.000   0.848 0.000 9999.99 0.259000  14.041 0.000   7.918 0.000   6.123 0.000 0.030 0.000  0.445 0.000
 10.25  11.25   31.12 0.000  1.01 0.000 9.999 0.259000 0.44 0.000000  0.666 0.000  0.780 0.000   1.092 0.000 9999.99 0.259000  11.048 0.000   5.551 0.000   5.497 0.000 0.021 0.000  0.378 0.000
 13.25  14.25   25.43 0.000  0.50 0.000 0.010 0.000000 9.99 0.259000  0.140 0.000  0.457 0.000   0.640 0.000 9999.99 0.259000   7.022 0.000   5.176 0.000   1.846 0.000 0.016 0.000  0.096 0.000
 16.25  17.25   11.05 0.000  0.46 0.000 9.999 0.259000 9.99 0.259000  0.262 0.000  0.199 0.000   0.278 0.000 9999.99 0.259000   5.932 0.000   3.228 0.000   2.704 0.000 0.011 0.000  0.264 0.000
 19.25  20.25   14.13 0.000  2.72 0.000 9.999 0.259000 9.99 0.259000  1.352 0.000  0.623 0.000   0.872 0.000 9999.99 0.259000  15.056 0.000   2.681 0.000  12.375 0.000 0.021 0.000  0.758 0.000
 22.25  23.25   32.25 0.000  3.80 0.000 9.999 0.259000 0.24 0.000000  1.447 0.000  1.254 0.000   1.755 0.000 9999.99 0.259000  18.763 0.000   5.352 0.000  13.411 0.000 0.040 0.000  0.768 0.000
 25.25  26.25   42.90 0.000  1.46 0.000 0.015 0.000000 9.99 0.259000  0.058 0.000  0.603 0.000   0.844 0.000 9999.99 0.259000  12.635 0.000  10.028 0.000   2.607 0.000 0.028 0.000  0.144 0.000
 28.25  29.25   13.35 0.000  0.67 0.000 9.999 0.259000 9.99 0.259000  0.083 0.000  0.344 0.000   0.481 0.000 9999.99 0.259000   4.277 0.000   2.924 0.000   1.353 0.000 0.010 0.000  0.130 0.000
 31.25  32.25 9999.99 0.999 99.99 0.999 9.999 0.999000 9.99 0.999000 99.999 0.999 99.999 0.999 999.999 0.999 9999.99 0.999000 999.999 0.999 999.999 0.999 999.999 0.999 9.999 0.999 99.999 0.999
 34.25  35.25    9.97 0.000  0.70 0.000 9.999 0.259000 9.99 0.259000  0.293 0.000  0.148 0.000   0.207 0.000 9999.99 0.259000   6.279 0.000   2.993 0.000   3.286 0.000 0.012 0.000  0.323 0.000
 37.25  38.25   20.02 0.000  1.22 0.000 9.999 0.259000 9.99 0.259000  0.853 0.000  0.586 0.000   0.821 0.000 9999.99 0.259000  12.035 0.000   5.122 0.000   6.913 0.000 0.022 0.000  0.538 0.000
 40.25  41.25   17.05 0.000 99.99 0.259 9.999 0.259000 9.99 0.259000  0.093 0.000  0.294 0.000   0.411 0.000 9999.99 0.259000   7.087 0.000   5.299 0.000   1.788 0.000 0.017 0.000  0.177 0.000
 43.25  44.25   58.18 0.000  0.84 0.000 9.999 0.259000 9.99 0.259000  0.293 0.000  0.472 0.000   0.661 0.000 9999.99 0.259000  16.185 0.000  11.920 0.000   4.265 0.000 0.039 0.000  0.313 0.000
 46.25  47.25   16.91 0.000  1.05 0.000 9.999 0.259000 9.99 0.259000  0.710 0.000  0.499 0.000   0.698 0.000 9999.99 0.259000  12.380 0.000   4.790 0.000   7.591 0.000 0.020 0.000  0.434 0.000
 49.25  50.25   35.89 0.000  1.67 0.000 9.999 0.259000 9.99 0.259000  0.315 0.000  0.632 0.000   0.884 0.000 9999.99 0.259000  16.099 0.000  10.422 0.000   5.677 0.000 0.036 0.000  0.350 0.000
 52.25  53.25   39.84 0.000  1.36 0.000 9.999 0.259000 0.34 0.000000  0.202 0.000  0.816 0.000   1.143 0.000 9999.99 0.259000  17.563 0.000   7.940 0.000   9.623 0.000 0.035 0.000  0.590 0.000
 55.25  56.25   26.85 0.000  1.66 0.000 9.999 0.259000 9.99 0.259000  0.669 0.000  0.946 0.000   1.324 0.000 9999.99 0.259000  14.958 0.000   7.607 0.000   7.351 0.000 0.038 0.000  0.507 0.000
 58.25  59.25   64.14 0.000  1.26 0.000 9.999 0.259000 0.14 0.000000  0.979 0.000  1.221 0.000   1.709 0.000 9999.99 0.259000  19.999 0.000  13.506 0.000   6.493 0.000 0.052 0.000  0.597 0.000
 61.25  62.25   66.11 0.000  1.54 0.000 9.999 0.259000 0.11 0.000000  0.728 0.000  0.822 0.000   1.151 0.000 9999.99 0.259000  25.109 0.000  16.133 0.000   8.976 0.000 0.045 0.000  0.825 0.000
 64.25  65.25   38.30 0.000  1.30 0.000 9.999 0.259000 9.99 0.259000  0.536 0.000  1.419 0.000   1.987 0.000 9999.99 0.259000  11.817 0.000   5.774 0.000   6.043 0.000 0.055 0.000  0.378 0.000
 67.25  68.25   26.47 0.000  0.84 0.000 9.999 0.259000 9.99 0.259000  0.540 0.000  0.513 0.000   0.719 0.000 9999.99 0.259000   7.087 0.000   1.301 0.000   5.787 0.000 0.016 0.000  0.742 0.000
 70.25  71.25  139.20 0.000  2.25 0.000 9.999 0.259000 0.18 0.000000  0.584 0.000  1.663 0.000   2.328 0.000 9999.99 0.259000  44.895 0.000  34.380 0.000  10.515 0.000 0.143 0.000  0.856 0.000
 73.25  74.25   44.78 0.000  2.28 0.000 9.999 0.259000 9.99 0.259000  0.186 0.000  1.929 0.000   2.700 0.000 9999.99 0.259000  16.575 0.000  10.001 0.000   6.575 0.000 0.049 0.000  0.388 0.000
 76.25  77.25   44.79 0.000  5.51 0.000 9.999 0.259000 0.11 0.000000  1.315 0.000  2.538 0.000   3.553 0.000 9999.99 0.259000  21.388 0.000   2.783 0.000  18.605 0.000 0.061 0.000  1.752 0.000
 79.25  80.25   18.25 0.000  1.29 0.000 9.999 0.259000 9.99 0.259000  0.236 0.000  0.497 0.000   0.696 0.000 9999.99 0.259000   5.785 0.000   0.235 0.000   5.549 0.000 0.021 0.000  0.917 0.000
 82.25  83.25   11.38 0.000  1.63 0.000 9.999 0.259000 9.99 0.259000  0.494 0.000  0.507 0.000   0.710 0.000 9999.99 0.259000   4.462 0.000   1.530 0.000   2.931 0.000 0.022 0.000  0.218 0.000
 85.25  86.25   11.71 0.000  1.39 0.000 9.999 0.259000 9.99 0.259000  0.271 0.000  3.078 0.000   4.309 0.000 9999.99 0.259000   9.846 0.000   1.036 0.000   8.810 0.000 0.042 0.000  0.533 0.000
 88.25  89.25   29.42 0.000  1.61 0.000 9.999 0.259000 0.21 0.000000  0.112 0.000  1.453 0.000   2.034 0.000 9999.99 0.259000  12.550 0.000   4.434 0.000   8.117 0.000 0.052 0.000  1.045 0.000
 91.25  92.25   49.07 0.000  0.39 0.000 0.021 0.000000 9.99 0.259000  0.080 0.000  0.716 0.000   1.002 0.000 9999.99 0.259000  16.041 0.000  12.224 0.000   3.817 0.000 0.046 0.000  0.338 0.000
 94.25  95.25 9999.99 0.999 99.99 0.999 9.999 0.999000 9.99 0.999000 99.999 0.999 99.999 0.999 999.999 0.999 9999.99 0.999000 999.999 0.999 999.999 0.999 999.999 0.999 9.999 0.999 99.999 0.999
 97.25  98.25   44.52 0.000  2.02 0.000 0.010 0.000000 9.99 0.259000  0.794 0.000  9.002 0.000  12.603 0.000 9999.99 0.259000  26.598 0.000   3.494 0.000  23.104 0.000 0.299 0.000  0.669 0.000
100.25 101.25   87.42 0.000  1.63 0.000 9.999 0.259000 0.26 0.000000  0.081 0.000  2.437 0.000   3.411 0.000 9999.99 0.259000  28.123 0.000  17.295 0.000  10.827 0.000 0.111 0.000  0.858 0.000
103.25 104.25   84.61 0.000  2.19 0.000 0.048 0.000000 0.25 0.000000  0.220 0.000  2.433 0.000   3.406 0.000 9999.99 0.259000  28.027 0.000  17.423 0.000  10.604 0.000 0.140 0.000  0.795 0.000
106.25 107.25   52.32 0.000  1.90 0.000 0.020 0.000000 9.99 0.259000  0.459 0.000  4.803 0.000   6.723 0.000 9999.99 0.259000  29.458 0.000  13.489 0.000  15.969 0.000 0.222 0.000  1.162 0.000
109.25 110.25   63.01 0.000  7.00 0.000 0.025 0.000000 9.99 0.259000  0.219 0.000 99.999 0.456 999.999 0.456 9999.99 0.259000  28.124 0.000  13.153 0.000  14.971 0.000 0.363 0.000  0.230 0.000
112.25 113.25  101.89 0.000  3.03 0.000 0.040 0.000000 0.16 0.000000  0.123 0.000 99.999 0.456 999.999 0.456 9999.99 0.259000  27.834 0.000  16.212 0.000  11.622 0.000 0.134 0.000  0.839 0.000
115.25 116.25   28.46 0.000  0.74 0.000 0.010 0.000000 9.99 0.259000  0.586 0.559 99.999 0.456 999.999 0.456 9999.99 0.259000   6.575 0.000   1.550 0.000   5.025 0.000 0.023 0.000  0.696 0.559
118.25 119.25    9.45 0.000  1.00 0.000 9.999 0.259000 9.99 0.259000  0.094 0.559 99.999 0.456 999.999 0.456 9999.99 0.259000   4.284 0.000   0.646 0.000   3.638 0.000 0.015 0.000  0.326 0.559
121.25 122.25   58.33 0.000  1.31 0.000 9.999 0.259000 0.11 0.000000  0.160 0.559 99.999 0.456 999.999 0.456 9999.99 0.259000  12.488 0.000   3.973 0.000   8.515 0.000 0.087 0.000  0.719 0.559
124.25 125.25   25.77 0.000  1.24 0.000 9.999 0.259000 9.99 0.259000  0.232 0.559  0.477 0.000   0.668 0.000 9999.99 0.259000   5.013 0.000   2.371 0.000   2.642 0.000 0.019 0.000  0.199 0.559
127.25 128.25   26.88 0.000  2.93 0.000 9.999 0.259000 0.14 0.000000  0.049 0.559  1.331 0.000   1.864 0.000 9999.99 0.259000   9.077 0.000   2.873 0.000   6.204 0.000 0.041 0.000  0.682 0.559
130.25 131.25   38.03 0.000  0.51 0.000 9.999 0.259000 0.08 0.000000  0.048 0.559  0.414 0.000   0.579 0.000 9999.99 0.259000   7.698 0.000   3.900 0.000   3.798 0.000 0.032 0.000  0.461 0.559
133.25 134.25   16.50 0.000  0.75 0.000 9.999 0.259000 9.99 0.259000  0.052 0.559  0.336 0.000   0.471 0.000 9999.99 0.259000   5.762 0.000   2.857 0.000   2.905 0.000 0.013 0.000  0.305 0.559
136.25 137.25   55.14 0.000  1.12 0.000 0.014 0.000000 9.99 0.259000  0.060 0.559  0.681 0.000   0.953 0.000 9999.99 0.259000   9.314 0.000   6.035 0.000   3.279 0.000 0.040 0.000  0.210 0.559
139.25 140.25  107.62 0.000  2.10 0.000 9.999 0.259000 9.99 0.259000  0.081 0.559  1.716 0.000   2.403 0.000 9999.99 0.259000  22.737 0.000  13.971 0.000   8.765 0.000 0.067 0.000  0.630 0.559
142.25 143.25   58.52 0.000  2.03 0.000 9.999 0.259000 0.41 0.000000  0.080 0.559  2.625 0.000   3.675 0.000 9999.99 0.259000  22.280 0.000   7.012 0.000  15.267 0.000 0.129 0.000  1.756 0.559
145.25 146.25  105.40 0.000  1.58 0.000 9.999 0.259000 9.99 0.259000  0.048 0.559  1.178 0.000   1.649 0.000 9999.99 0.259000  20.279 0.000  13.612 0.000   6.668 0.000 0.062 0.000  0.452 0.559
148.25 149.25  125.53 0.000  1.10 0.000 9.999 0.259000 0.38 0.000000  0.132 0.559  1.663 0.000   2.328 0.000 9999.99 0.259000  18.009 0.000   7.257 0.000  10.752 0.000 0.105 0.000  1.158 0.559
151.25 152.25   28.17 0.000  1.31 0.000 9.999 0.259000 9.99 0.259000  0.071 0.559  0.885 0.000   1.239 0.000 9999.99 0.259000   7.912 0.000   3.083 0.000   4.829 0.000 0.029 0.000  0.505 0.559
154.25 155.25   47.81 0.000  2.14 0.000 9.999 0.259000 0.09 0.000000  0.051 0.559  1.987 0.000   2.782 0.000 9999.99 0.259000  17.530 0.000   6.763 0.000  10.767 0.000 0.059 0.000  0.946 0.559
157.25 158.25   74.67 0.000  1.72 0.000 0.029 0.000000 0.08 0.000000  0.036 0.559  1.160 0.000   1.623 0.000 9999.99 0.259000  13.609 0.000   7.740 0.000   5.869 0.000 0.049 0.000  0.300 0.559
160.25 161.25  161.25 0.000  1.87 0.000 0.066 0.000000 0.16 0.000000  0.037 0.559  3.151 0.000   4.411 0.000 9999.99 0.259000  65.926 0.000  49.269 0.000  16.657 0.000 0.142 0.000  1.332 0.559
163.25 164.25   48.27 0.000  1.84 0.000 0.028 0.000000 0.09 0.000000  0.117 0.559  1.070 0.000   1.497 0.000 9999.99 0.259000  16.462 0.000   8.384 0.000   8.077 0.000 0.044 0.000  1.000 0.559
166.25 167.25   85.64 0.000  1.49 0.000 0.061 0.000000 0.26 0.000000  0.041 0.559  2.896 0.000   4.055 0.000 9999.99 0.259000  25.934 0.000   5.898 0.000  20.037 0.000 0.098 0.000  2.573 0.559
169.25 170.25   27.93 0.000  1.82 0.000 9.999 0.259000 9.99 0.259000  0.033 0.559  0.985 0.000   1.379 0.000 9999.99 0.259000   9.056 0.000   4.028 0.000   5.028 0.000 0.035 0.000  0.474 0.559
172.25 173.25   34.97 0.000  0.49 0.000 9.999 0.259000 9.99 0.259000  0.029 0.559  0.805 0.000   1.126 0.000 9999.99 0.259000   5.591 0.000   1.790 0.000   3.801 0.000 0.031 0.000  0.301 0.559
175.25 176.25   20.71 0.000  0.75 0.000 9.999 0.259000 9.99 0.259000  0.043 0.559  1.481 0.000   2.074 0.000 9999.99 0.259000   9.819 0.000   3.870 0.000   5.949 0.000 0.045 0.000  0.440 0.559
178.25 179.25   55.74 0.000  2.21 0.000 0.013 0.000000 0.08 0.000000  0.027 0.559  2.199 0.000   3.079 0.000 9999.99 0.259000  15.317 0.000   6.963 0.000   8.354 0.000 0.070 0.000  0.468 0.559
181.25 182.25   52.83 0.000  2.09 0.000 9.999 0.259000 0.20 0.000000  0.027 0.559  2.877 0.000   5.179 0.000 9999.99 0.259000  21.417 0.000   7.213 0.000  14.204 0.000 0.087 0.000  1.355 0.559
184.25 185.25   27.90 0.000  1.23 0.000 9.999 0.259000 9.99 0.259000  0.035 0.559  1.615 0.000   2.908 0.000 9999.99 0.259000   9.719 0.000   3.644 0.000   6.075 0.000 0.073 0.000  0.516 0.559
187.25 188.25   57.40 0.000  2.00 0.000 9.999 0.259000 9.99 0.259000  0.041 0.559  1.908 0.000   3.434 0.000 9999.99 0.259000  19.752 0.000  10.078 0.000   9.673 0.000 0.097 0.000  0.761 0.559
190.25 191.25   30.95 0.000  1.77 0.000 9.999 0.259000 9.99 0.259000  0.096 0.559  2.585 0.000   4.654 0.000 9999.99 0.259000  13.639 0.000   1.838 0.000  11.801 0.000 0.050 0.000  1.197 0.559
193.25 194.25  313.41 0.000  1.10 0.000 0.041 0.000000 9.99 0.259000  0.085 0.559  1.153 0.000   2.075 0.000 9999.99 0.259000 999.999 0.456 999.999 0.999  10.017 0.000 0.116 0.000  0.476 0.559
196.25 197.25   75.37 0.000  0.89 0.000 9.999 0.259000 0.20 0.000000  0.043 0.559  1.766 0.000   3.180 0.000 9999.99 0.259000 999.999 0.456 999.999 0.999   8.359 0.000 0.066 0.000  0.670 0.559
199.25 200.25   95.07 0.000  1.26 0.000 9.999 0.259000 0.26 0.000000  0.028 0.559  2.576 0.000   4.637 0.000 9999.99 0.259000 999.999 0.456 999.999 0.999  14.367 0.000 0.062 0.000  1.357 0.559
202.25 203.25   22.28 0.000  1.31 0.000 9.999 0.259000 9.99 0.259000  0.034 0.559  0.953 0.000   1.716 0.000 9999.99 0.259000 999.999 0.456 999.999 0.999   4.636 0.000 0.027 0.000  0.444 0.559
205.25 206.25   66.36 0.000  1.39 0.000 9.999 0.259000 0.16 0.000000  0.036 0.559  1.793 0.000   3.228 0.000 9999.99 0.259000 999.999 0.456 999.999 0.999  10.698 0.000 0.046 0.000  1.162 0.559
208.25 209.25  177.54 0.000  1.34 0.000 9.999 0.259000 0.16 0.000000  0.118 0.559  0.594 0.000   1.069 0.000 9999.99 0.259000  15.739 0.000   6.756 0.000   8.983 0.000 0.083 0.000  0.676 0.559
211.25 212.25   39.12 0.000  0.50 0.000 0.014 0.000000 0.26 0.000000  0.052 0.559  1.130 0.000   2.035 0.000 9999.99 0.259000  10.810 0.000   5.666 0.000   5.144 0.000 0.029 0.000  0.511 0.559
214.25 215.25   29.51 0.000  1.00 0.000 9.999 0.259000 9.99 0.259000  0.083 0.559  1.279 0.000   2.303 0.000 9999.99 0.259000   9.519 0.000   2.845 0.000   6.673 0.000 0.033 0.000  0.708 0.559
217.25 218.25  253.64 0.000  1.13 0.000 9.999 0.259000 0.22 0.000000  0.074 0.559  1.023 0.000   1.841 0.000 9999.99 0.259000  16.497 0.000   6.704 0.000   9.793 0.000 0.114 0.000  0.702 0.559
220.25 221.25  182.22 0.000  1.02 0.000 9.999 0.259000 0.34 0.000000  0.069 0.559  0.764 0.000   1.376 0.000 9999.99 0.259000  17.149 0.000   8.658 0.000   8.491 0.000 0.081 0.000  0.762 0.559
223.25 224.25 9999.99 0.999 99.99 0.999 9.999 0.999000 9.99 0.999000 99.999 0.999 99.999 0.999 999.999 0.999 9999.99 0.999000 999.999 0.999 999.999 0.999 999.999 0.999 9.999 0.999 99.999 0.999
226.25 227.25 9999.99 0.999 99.99 0.999 9.999 0.999000 9.99 0.999000 99.999 0.999 99.999 0.999 999.999 0.999 9999.99 0.999000 999.999 0.999 999.999 0.999 999.999 0.999 9.999 0.999 99.999 0.999
229.25 230.25   74.77 0.000  1.30 0.000 0.017 0.000000 0.23 0.000000  0.059 0.559  1.337 0.000   2.407 0.000 9999.99 0.259000  13.961 0.000   5.593 0.000   8.369 0.000 0.047 0.000  0.791 0.559
232.25 233.25   21.07 0.000  2.09 0.000 9.999 0.259000 9.99 0.259000  0.039 0.559  1.035 0.000   1.863 0.000 9999.99 0.259000  14.171 0.000   2.431 0.000  11.740 0.000 0.046 0.000  1.968 0.559
235.25 236.25   59.69 0.000  1.51 0.000 9.999 0.259000 0.23 0.000000  0.054 0.559  1.945 0.000   3.500 0.000 9999.99 0.259000  17.757 0.000   4.243 0.000  13.513 0.000 0.041 0.000  1.681 0.559
238.25 239.25    8.60 0.000  0.73 0.000 9.999 0.259000 0.06 0.000000  0.052 0.559  0.537 0.000   0.967 0.000 9999.99 0.259000   5.851 0.000   1.905 0.000   3.946 0.000 0.010 0.000  0.584 0.559
241.25 242.25   51.51 0.000  1.80 0.000 9.999 0.259000 9.99 0.259000  0.047 0.559  1.026 0.000   1.846 0.000 9999.99 0.259000  12.165 0.000   5.138 0.000   7.027 0.000 0.043 0.000  0.597 0.559
244.25 245.25 9999.99 0.456 99.99 0.456 9.999 0.456000 9.99 0.456000  0.053 0.559  1.032 0.000   1.858 0.000 9999.99 0.456000  10.731 0.000 999.999 0.456 999.999 0.456 9.999 0.456  0.877 0.559
