scripts/IMPROVE-2019_partial/data/US9049R.20080101070000.20191216000000.filterpack...52w.3d.US03L_filterpack_US9049.US03L_IMPROVE_Davis.lev2.nas
52 1001
MISSING INFORMATION
US03L, IMPROVE, , , , , , , 
MISSING INFORMATION
IMPROVE sel_HTAP
1 1
2008 01 01 2019 12 16
3.000000
days from file reference point
5
1 1 1 1 1
999.999999 999.999 9.999 999.999 9.999
end_time of measurement, days from the file reference point
pm10_mass, ug/m3, Matrix=pm10
numflag pm10_mass, no unit, Matrix=pm10
pm25_mass, ug/m3, Matrix=pm25
numflag pm25_mass, no unit, Matrix=pm25
0
33
Data definition:              EBAS_1.1
Set type code:                TU
Timezone:                     UTC
File name:                    US9049R.20080101070000.20191216000000.filterpack...52w.3d.US03L_filterpack_US9049.US03L_IMPROVE_Davis.lev2.nas
File creation:                20191218120850
Startdate:                    20080101070000
Revision date:                20191216000000
Version:                      2
Version description:          "Data extracted from http://views.cira.colostate.edu/fed/DataWizard 2019-12-16"
Statistics:                   arithmetic mean
Data level:                   2
Period code:                  52w
Resolution code:              3d
Sample duration:              1d
Orig. time res.:              3d
Station code:                 US9049R
Platform code:                US9049S
Station name:                 Weminuche Wilderness
Station latitude:             37.6594
Station longitude:            -107.7999
Station altitude:             2750.0 m
Regime:                       IMG
Component:                    
Unit:                         ug/m3
Matrix:                       
Laboratory code:              US03L
Instrument type:              filterpack
Instrument name:              filterpack_US9049
Method ref:                   US03L_IMPROVE_Davis
Blank correction:             Blank corrected
Volume std. temperature:      ambient
Volume std. pressure:         ambient
starttime endtime PM10 flag_PM10 PM2.5 flag_PM2.5
  0.291667   1.291667   1.884 0.000   0.746 0.659
  3.291667   4.291667   2.982 0.000   1.653 0.659
  6.291667   7.291667   1.055 0.000   0.578 0.000
  9.291667  10.291667   1.577 0.000   0.980 0.000
 12.291667  13.291667   2.082 0.000   0.750 0.000
 15.291667  16.291667   2.462 0.000   1.088 0.000
 18.291667  19.291667   2.479 0.000   0.979 0.659
 21.291667  22.291667   4.081 0.000   1.704 0.000
 24.291667  25.291667   2.106 0.000   0.944 0.659
 27.291667  28.291667   2.349 0.000   0.546 0.659
 30.291667  31.291667   1.746 0.000   0.782 0.000
 33.291667  34.291667   1.865 0.000   1.803 0.000
 36.291667  37.291667   1.748 0.000   0.842 0.000
 39.291667  40.291667   1.811 0.000   0.512 0.659
 42.291667  43.291667   1.416 0.000   0.516 0.659
 45.291667  46.291667   2.638 0.000   1.396 0.659
 48.291667  49.291667   3.449 0.000 999.999 0.999
 51.291667  52.291667   1.836 0.000 999.999 0.999
 54.291667  55.291667   1.807 0.000 999.999 0.999
 57.291667  58.291667   3.292 0.000   1.074 0.659
 60.291667  61.291667   3.467 0.000   1.593 0.659
 63.291667  64.291667   3.340 0.000   1.697 0.659
 66.291667  67.291667   2.462 0.000   0.940 0.659
 69.291667  70.291667   3.211 0.000   1.616 0.659
 72.291667  73.291667   4.063 0.000   1.890 0.659
 75.291667  76.291667   8.270 0.000   2.026 0.000
 78.291667  79.291667   4.437 0.000   2.155 0.659
 81.291667  82.291667   7.152 0.000   3.688 0.659
 84.291667  85.291667   5.880 0.000   3.087 0.659
 87.291667  88.291667   8.124 0.000   2.749 0.659
 90.291667  91.291667   3.448 0.000   1.597 0.659
 93.291667  94.291667   4.979 0.000   2.791 0.659
 96.291667  97.291667   9.123 0.000   3.672 0.659
 99.291667 100.291667   7.122 0.000   3.513 0.000
102.291667 103.291667   2.963 0.000   1.963 0.659
105.291667 106.291667 999.999 0.999   6.180 0.659
108.291667 109.291667 999.999 0.999 999.999 0.999
111.291667 112.291667 999.999 0.999 999.999 0.999
114.291667 115.291667  14.383 0.000   6.487 0.659
117.291667 118.291667   7.014 0.000   4.363 0.659
120.291667 121.291667  32.443 0.000  10.615 0.000
123.291667 124.291667  17.863 0.000  14.925 0.000
126.291667 127.291667   8.149 0.000   3.374 0.659
129.291667 130.291667  11.760 0.000   6.048 0.659
132.291667 133.291667  25.633 0.000  10.093 0.659
135.291667 136.291667   1.890 0.000   0.982 0.659
138.291667 139.291667   6.260 0.000   3.604 0.659
141.291667 142.291667  18.572 0.000   5.472 0.659
144.291667 145.291667   4.154 0.000   2.798 0.659
147.291667 148.291667   3.129 0.000   2.251 0.659
150.291667 151.291667   7.136 0.000   2.943 0.659
153.291667 154.291667   7.420 0.000   3.906 0.000
156.291667 157.291667   2.988 0.000   1.686 0.000
159.291667 160.291667   5.175 0.000   2.674 0.000
162.291667 163.291667  10.684 0.000   3.841 0.000
165.291667 166.291667   3.281 0.000   1.591 0.000
168.291667 169.291667 999.999 0.999   2.639 0.000
171.291667 172.291667   5.158 0.000   2.095 0.000
174.291667 175.291667   7.456 0.000   3.727 0.000
177.291667 178.291667   9.075 0.000   4.088 0.000
180.291667 181.291667   6.578 0.000   3.921 0.000
183.291667 184.291667   6.877 0.000   3.835 0.000
186.291667 187.291667   6.163 0.000   4.029 0.000
189.291667 190.291667 999.999 0.999   3.658 0.000
192.291667 193.291667   8.126 0.000   5.646 0.000
195.291667 196.291667   8.589 0.000   6.661 0.000
198.291667 199.291667   5.028 0.000   2.789 0.000
201.291667 202.291667   4.750 0.000   3.295 0.000
204.291667 205.291667   6.667 0.000   1.762 0.000
207.291667 208.291667   3.871 0.000   1.895 0.000
210.291667 211.291667 999.999 0.999   2.503 0.000
213.291667 214.291667   6.865 0.000   3.603 0.000
216.291667 217.291667   4.378 0.000   2.894 0.000
219.291667 220.291667   5.093 0.000   1.581 0.000
222.291667 223.291667   4.500 0.000   1.922 0.000
225.291667 226.291667   6.293 0.000   2.253 0.000
228.291667 229.291667   6.102 0.000   3.461 0.000
231.291667 232.291667 999.999 0.999   2.927 0.000
234.291667 235.291667  20.153 0.000   2.135 0.000
237.291667 238.291667   3.119 0.000   1.906 0.000
240.291667 241.291667  14.850 0.000   7.467 0.000
243.291667 244.291667   2.219 0.000   1.315 0.000
246.291667 247.291667   6.304 0.000   3.001 0.000
249.291667 250.291667   2.505 0.000   1.264 0.000
252.291667 253.291667 999.999 0.999   2.755 0.000
255.291667 256.291667   3.350 0.000   1.713 0.000
258.291667 259.291667   5.053 0.000   2.333 0.000
261.291667 262.291667   4.307 0.000   3.155 0.000
264.291667 265.291667   5.361 0.000   2.619 0.000
267.291667 268.291667   4.383 0.000   2.636 0.000
270.291667 271.291667   3.380 0.000   2.381 0.000
273.291667 274.291667 999.999 0.999   3.326 0.000
276.291667 277.291667   6.771 0.000   4.465 0.000
279.291667 280.291667   1.442 0.000   1.198 0.000
282.291667 283.291667   4.356 0.000   2.049 0.000
285.291667 286.291667   5.122 0.000   2.449 0.000
288.291667 289.291667   4.496 0.000   2.609 0.000
291.291667 292.291667   3.835 0.000   1.877 0.000
294.291667 295.291667   3.486 0.000   1.644 0.000
297.291667 298.291667   1.860 0.000   0.789 0.000
300.291667 301.291667   5.663 0.000   2.441 0.000
303.291667 304.291667   4.984 0.000   2.538 0.000
306.291667 307.291667   9.186 0.000   4.383 0.000
309.291667 310.291667   3.033 0.000   0.908 0.000
312.291667 313.291667   1.572 0.000   0.859 0.000
315.291667 316.291667   2.055 0.000   1.515 0.000
318.291667 319.291667   1.655 0.000   0.639 0.000
321.291667 322.291667   1.008 0.000   0.600 0.000
324.291667 325.291667   3.840 0.000   1.680 0.000
327.291667 328.291667   3.502 0.000   1.776 0.000
330.291667 331.291667   4.270 0.000   2.230 0.000
333.291667 334.291667   1.723 0.000   0.552 0.000
336.291667 337.291667   1.741 0.000   0.889 0.000
339.291667 340.291667   1.422 0.000   0.800 0.000
342.291667 343.291667   0.726 0.000   0.590 0.000
345.291667 346.291667   2.481 0.000   1.258 0.000
348.291667 349.291667   3.715 0.000   0.761 0.000
351.291667 352.291667   0.987 0.000   0.740 0.000
354.291667 355.291667   3.178 0.000   0.917 0.000
357.291667 358.291667   0.782 0.000   0.470 0.000
360.291667 361.291667   1.476 0.000   0.503 0.000
363.291667 364.291667   2.740 0.000   0.822 0.000
