scripts/IMPROVE-2019_partial/data/US9080R.20030103070000.20191216000000.filterpack..pm25.1y.1w.US03L_filterpack_US9080.US03L_IMPROVE_Davis.lev2.nas
66 1001
MISSING INFORMATION
US03L, IMPROVE, , , , , , , 
MISSING INFORMATION
IMPROVE sel_HTAP
1 1
2003 01 01 2019 12 16
3.000000
days from file reference point
27
1 1 1 1 1 1 1 1 1 1 1 1 1 1 1 1 1 1 1 1 1 1 1 1 1 1 1
999.999999 9999.99 9.999999 99.99 9.999999 9.999 9.999999999 9.99 9.999999 9.999 9.999 999.999 9.999 999.999 9.999 99.99 9.999999999 999.999 9.999 999.999 9.999 999.999 9.999 9.999 9.999999 9.999 9.999
end_time of measurement, days from the file reference point
iron, ng/m3, Revision date=20181210133000
numflag iron, no unit, Revision date=20181210133000
lead, ng/m3, Revision date=20181210133000
numflag lead, no unit, Revision date=20181210133000
magnesium, ug/m3, Revision date=20181210133000
numflag magnesium, no unit, Revision date=20181210133000
nickel, ng/m3, Revision date=20181210133000
numflag nickel, no unit, Revision date=20181210133000
nitrate, ug N/m3, Revision date=20181210133000
numflag nitrate, no unit, Revision date=20181210133000
organic_carbon, ug C/m3, Revision date=20181210133000
numflag organic_carbon, no unit, Revision date=20181210133000
organic_mass, ug/m3, Revision date=20181210133000
numflag organic_mass, no unit, Revision date=20181210133000
phosphorus, ng/m3, Revision date=20181210133000
numflag phosphorus, no unit, Revision date=20181210133000
pm10_mass, ug/m3, Version=2, Version description=Data extracted from http://views.cira.colostate.edu/fed/DataWizard 2019-12-16, Sample duration=1d, Orig. time res.=3d, Matrix=pm10, Blank correction=Blank corrected, Volume std. temperature=ambient, Volume std. pressure=ambient
numflag pm10_mass, no unit, Version=2, Version description=Data extracted from http://views.cira.colostate.edu/fed/DataWizard 2019-12-16, Sample duration=1d, Orig. time res.=3d, Matrix=pm10, Blank correction=Blank corrected, Volume std. temperature=ambient, Volume std. pressure=ambient
pm10_pm25_mass, ug/m3, Revision date=20181210133000, Matrix=pm10_pm25
numflag pm10_pm25_mass, no unit, Revision date=20181210133000, Matrix=pm10_pm25
pm25_mass, ug/m3, Version=2, Version description=Data extracted from http://views.cira.colostate.edu/fed/DataWizard 2019-12-16, Sample duration=1d, Orig. time res.=3d, Blank correction=Blank corrected, Volume std. temperature=ambient, Volume std. pressure=ambient
numflag pm25_mass, no unit, Version=2, Version description=Data extracted from http://views.cira.colostate.edu/fed/DataWizard 2019-12-16, Sample duration=1d, Orig. time res.=3d, Blank correction=Blank corrected, Volume std. temperature=ambient, Volume std. pressure=ambient
potassium, ug/m3, Revision date=20181210133000
numflag potassium, no unit, Revision date=20181210133000
sulphate_total, ug S/m3, Revision date=20181210133000
numflag sulphate_total, no unit, Revision date=20181210133000
0
25
Data definition:              EBAS_1.1
Set type code:                TU
Timezone:                     UTC
File name:                    US9080R.20030103070000.20191216000000.filterpack..pm25.1y.1w.US03L_filterpack_US9080.US03L_IMPROVE_Davis.lev2.nas
File creation:                20191218121101
Startdate:                    20030103070000
Revision date:                20191216000000
Statistics:                   arithmetic mean
Data level:                   2
Period code:                  1y
Resolution code:              1w
Station code:                 US9080R
Platform code:                US9080S
Station name:                 Thunder Basin
Station latitude:             44.6634
Station longitude:            -105.2874
Station altitude:             1195.0 m
Regime:                       IMG
Component:                    
Matrix:                       pm25
Laboratory code:              US03L
Instrument type:              filterpack
Instrument name:              filterpack_US9080
Method ref:                   US03L_IMPROVE_Davis
starttime endtime Fe flag_Fe Pb flag_Pb Mg++ flag_Mg++ Ni flag_Ni NO3- flag_NO3- OC flag_OC OM flag_OM P flag_P PM10 flag_PM10 PM10-PM2.5 flag_PM10-PM2.5 PM2.5 flag_PM2.5 K+ flag_K+ SO4-- flag_SO4--
  2.291667   3.291667   83.36 0.559000  0.21 0.559000 9.999 0.559259000 9.99 0.559259 0.012 0.000 999.999 0.999 999.999 0.999 99.99 0.559259000   9.148 0.000   7.298 0.000   1.850 0.559 0.024 0.559000 0.065 0.000
  5.291667   6.291667   45.69 0.559000  0.20 0.559000 9.999 0.559259000 0.08 0.559000 0.016 0.000 999.999 0.999 999.999 0.999 99.99 0.559259000   3.891 0.000   2.502 0.000   1.389 0.559 0.015 0.559000 0.048 0.000
  8.291667   9.291667   97.14 0.559000  0.23 0.559000 9.999 0.559259000 0.06 0.559000 0.016 0.000 999.999 0.999 999.999 0.999 99.99 0.559259000   4.267 0.000   2.622 0.000   1.645 0.559 0.021 0.559000 0.067 0.000
 11.291667  12.291667  113.10 0.559000  0.21 0.559000 0.033 0.559000000 9.99 0.559259 0.075 0.000 999.999 0.999 999.999 0.999 99.99 0.559259000   9.204 0.000   6.663 0.000   2.541 0.559 0.027 0.559000 0.134 0.000
 14.291667  15.291667   50.50 0.559000  0.92 0.559000 9.999 0.559259000 0.07 0.559000 0.328 0.000 999.999 0.999 999.999 0.999 99.99 0.559259000  13.338 0.000   8.981 0.000   4.358 0.559 0.029 0.559000 0.313 0.000
 17.291667  18.291667   17.91 0.559000  0.10 0.559000 9.999 0.559259000 9.99 0.559259 0.053 0.000 999.999 0.999 999.999 0.999 99.99 0.559259000   4.685 0.000   3.448 0.000   1.237 0.559 0.009 0.559000 0.100 0.000
 20.291667  21.291667   15.34 0.559000  0.86 0.559000 0.027 0.559000000 9.99 0.559259 0.285 0.000 999.999 0.999 999.999 0.999 99.99 0.559259000   8.095 0.000   3.211 0.000   4.884 0.559 0.021 0.559000 0.654 0.000
 23.291667  24.291667   46.47 0.559000  0.30 0.559000 9.999 0.559259000 9.99 0.559259 0.101 0.000 999.999 0.999 999.999 0.999 99.99 0.559259000   3.012 0.000   0.838 0.000   2.174 0.559 0.015 0.559000 0.079 0.000
 26.291667  27.291667    4.39 0.000000  0.43 0.000000 9.999 0.259000000 0.03 0.000000 0.008 0.000 999.999 0.999 999.999 0.999 99.99 0.259000000   2.287 0.000   1.480 0.000   0.807 0.000 0.005 0.000000 0.090 0.000
 29.291667  30.291667    6.94 0.559000 99.99 0.559259 9.999 0.559259000 9.99 0.559259 0.035 0.000 999.999 0.999 999.999 0.999 99.99 0.559259000   2.175 0.000   1.261 0.000   0.914 0.559 0.004 0.559000 0.068 0.000
 32.291667  33.291667    3.18 0.000000  0.28 0.000000 9.999 0.259000000 9.99 0.259000 0.384 0.000 999.999 0.999 999.999 0.999 99.99 0.259000000   4.419 0.000   0.373 0.000   4.046 0.000 0.010 0.000000 0.286 0.000
 35.291667  36.291667    6.25 0.559000  0.10 0.559000 0.024 0.559000000 9.99 0.559259 0.056 0.000 999.999 0.999 999.999 0.999 99.99 0.559259000   5.801 0.000   4.696 0.000   1.105 0.559 0.008 0.559000 0.169 0.000
 38.291667  39.291667    8.53 0.559000 99.99 0.559259 0.016 0.559000000 0.05 0.559000 0.036 0.000 999.999 0.999 999.999 0.999 99.99 0.559259000   7.325 0.000   5.874 0.000   1.452 0.559 0.012 0.559000 0.215 0.000
 41.291667  42.291667    3.96 0.559000  0.17 0.559000 9.999 0.559259000 9.99 0.559259 0.054 0.000 999.999 0.999 999.999 0.999 99.99 0.559259000   2.231 0.000   0.728 0.000   1.502 0.559 0.009 0.559000 0.131 0.000
 44.291667  45.291667    6.04 0.000000  0.83 0.000000 0.023 0.000000000 9.99 0.259000 0.745 0.000 999.999 0.999 999.999 0.999 99.99 0.259000000   9.914 0.000   4.007 0.000   5.907 0.000 0.011 0.000000 0.262 0.000
 47.291667  48.291667    5.37 0.000000  0.12 0.000000 9.999 0.259000000 0.07 0.000000 0.008 0.000 999.999 0.999 999.999 0.999 99.99 0.259000000   0.699 0.000   0.236 0.000   0.463 0.000 0.004 0.000000 0.059 0.000
 50.291667  51.291667   42.23 0.559000 99.99 0.559259 9.999 0.559259000 9.99 0.559259 0.018 0.000 999.999 0.999 999.999 0.999 99.99 0.559259000   2.020 0.000   0.648 0.000   1.372 0.559 0.014 0.559000 0.072 0.000
 53.291667  54.291667   47.60 0.559000  1.11 0.559000 0.019 0.559000000 9.99 0.559259 0.084 0.000 999.999 0.999 999.999 0.999 99.99 0.559259000   4.158 0.000   0.560 0.000   3.598 0.559 0.028 0.559000 0.430 0.000
 56.291667  57.291667   78.11 0.559000  0.76 0.559000 9.999 0.559259000 0.06 0.559000 0.136 0.000 999.999 0.999 999.999 0.999 99.99 0.559259000   5.976 0.000   2.632 0.000   3.345 0.559 0.028 0.559000 0.152 0.000
 59.291667  60.291667   32.11 0.559000  0.91 0.559000 0.023 0.559000000 9.99 0.559259 0.481 0.000 999.999 0.999 999.999 0.999 99.99 0.559259000  11.069 0.000   4.068 0.000   7.001 0.559 0.026 0.559000 0.648 0.000
 62.291667  63.291667   35.48 0.559000  0.76 0.559000 9.999 0.559259000 0.08 0.559000 0.075 0.000 999.999 0.999 999.999 0.999 99.99 0.559259000   5.862 0.000   1.107 0.000   4.755 0.559 0.038 0.559000 0.671 0.000
 65.291667  66.291667   87.84 0.559000  1.11 0.559000 9.999 0.559259000 0.16 0.559000 0.143 0.000 999.999 0.999 999.999 0.999 99.99 0.559259000  11.490 0.000   6.111 0.000   5.379 0.559 0.043 0.559000 0.567 0.000
 68.291667  69.291667   49.38 0.000000  1.19 0.000000 9.999 0.259000000 9.99 0.259000 0.316 0.000 999.999 0.999 999.999 0.999 99.99 0.259000000   7.576 0.000   3.093 0.000   4.483 0.000 0.030 0.000000 0.576 0.000
 71.291667  72.291667  104.77 0.559000  0.72 0.559000 9.999 0.559259000 9.99 0.559259 0.036 0.000 999.999 0.999 999.999 0.999 99.99 0.559259000   7.527 0.000   4.383 0.000   3.144 0.559 0.046 0.559000 0.135 0.000
 74.291667  75.291667   87.30 0.000000  0.43 0.000000 9.999 0.259000000 0.06 0.000000 0.041 0.000 999.999 0.999 999.999 0.999 99.99 0.259000000   8.608 0.000   5.266 0.000   3.341 0.000 0.053 0.000000 0.173 0.000
 77.291667  78.291667   13.03 0.559000  0.22 0.559000 9.999 0.559259000 9.99 0.559259 0.046 0.000 999.999 0.999 999.999 0.999 99.99 0.559259000   2.525 0.000   0.258 0.000   2.268 0.559 0.006 0.559000 0.374 0.000
 80.291667  81.291667   45.18 0.000000  0.55 0.000000 9.999 0.259000000 9.99 0.259000 0.178 0.000 999.999 0.999 999.999 0.999 99.99 0.259000000   5.655 0.000   2.872 0.000   2.784 0.000 0.020 0.000000 0.172 0.000
 83.291667  84.291667   18.42 0.559000  0.46 0.559000 9.999 0.559259000 9.99 0.559259 0.028 0.000 999.999 0.999 999.999 0.999 99.99 0.559259000   3.740 0.000   2.331 0.000   1.409 0.559 0.014 0.559000 0.097 0.000
 86.291667  87.291667   33.28 0.559000  0.53 0.559000 9.999 0.559259000 9.99 0.559259 0.071 0.000 999.999 0.999 999.999 0.999 99.99 0.559259000   4.335 0.000   1.748 0.000   2.587 0.559 0.018 0.559000 0.350 0.000
 89.291667  90.291667   74.15 0.000000  0.28 0.000000 9.999 0.259000000 9.99 0.259000 0.012 0.000 999.999 0.999 999.999 0.999 99.99 0.259000000   7.730 0.000   5.463 0.000   2.266 0.000 0.030 0.000000 0.090 0.000
 92.291667  93.291667   62.92 0.000000  0.35 0.000000 9.999 0.259000000 9.99 0.259000 0.296 0.000 999.999 0.999 999.999 0.999 99.99 0.259000000   6.529 0.000   2.044 0.000   4.485 0.000 0.034 0.000000 0.487 0.000
 95.291667  96.291667 9999.99 0.999000 99.99 0.999000 9.999 0.999000000 9.99 0.999000 9.999 0.999 999.999 0.999 999.999 0.999 99.99 0.999000000 999.999 0.999 999.999 0.999 999.999 0.999 9.999 0.999000 9.999 0.999
 98.291667  99.291667  229.06 0.559000  0.44 0.559000 9.999 0.559259000 0.13 0.559000 0.018 0.000 999.999 0.999 999.999 0.999 99.99 0.559259000   7.828 0.000   2.506 0.000   5.322 0.559 0.076 0.559000 0.123 0.000
101.291667 102.291667  110.15 0.000000  1.23 0.000000 9.999 0.259000000 0.08 0.000000 0.073 0.000 999.999 0.999 999.999 0.999 99.99 0.259000000  15.469 0.000  10.476 0.000   4.993 0.000 0.064 0.000000 0.328 0.000
104.291667 105.291667  191.52 0.000000  1.11 0.000000 9.999 0.259000000 0.09 0.000000 0.045 0.000 999.999 0.999 999.999 0.999 99.99 0.259000000  21.601 0.000  16.164 0.000   5.437 0.000 0.077 0.000000 0.209 0.000
107.291667 108.291667   87.62 0.000000  0.21 0.000000 9.999 0.259000000 9.99 0.259000 0.053 0.000 999.999 0.999 999.999 0.999 99.99 0.259000000   6.113 0.000   2.959 0.000   3.154 0.000 0.037 0.000000 0.134 0.000
110.291667 111.291667   65.23 0.000000  0.68 0.000000 9.999 0.259000000 0.06 0.000000 0.044 0.000 999.999 0.999 999.999 0.999 99.99 0.259000000   8.375 0.000   5.036 0.000   3.339 0.000 0.030 0.000000 0.351 0.000
113.291667 114.291667   51.52 0.000000  0.68 0.000000 9.999 0.259000000 9.99 0.259000 0.048 0.000 999.999 0.999 999.999 0.999 99.99 0.259000000   4.782 0.000   1.935 0.000   2.848 0.000 0.031 0.000000 0.179 0.000
116.291667 117.291667   44.62 0.000000  0.28 0.000000 9.999 0.259000000 9.99 0.259000 0.010 0.559 999.999 0.999 999.999 0.999 99.99 0.259000000   3.221 0.000   1.694 0.000   1.527 0.000 0.019 0.000000 0.064 0.559
119.291667 120.291667    8.08 0.000000  0.42 0.000000 9.999 0.259000000 9.99 0.259000 0.165 0.000 999.999 0.999 999.999 0.999 99.99 0.259000000   2.301 0.000   0.658 0.000   1.643 0.000 0.010 0.000000 0.149 0.000
122.291667 123.291667 9999.99 0.999000 99.99 0.999000 9.999 0.999000000 9.99 0.999000 9.999 0.999 999.999 0.999 999.999 0.999 99.99 0.999000000 999.999 0.999 999.999 0.999 999.999 0.999 9.999 0.999000 9.999 0.999
125.291667 126.291667 9999.99 0.999000 99.99 0.999000 9.999 0.999000000 9.99 0.999000 9.999 0.999 999.999 0.999 999.999 0.999 99.99 0.999000000 999.999 0.999 999.999 0.999 999.999 0.999 9.999 0.999000 9.999 0.999
128.291667 129.291667   12.33 0.000000  0.37 0.000000 0.013 0.000000000 9.99 0.259000 0.016 0.000 999.999 0.999 999.999 0.999 99.99 0.259000000   2.911 0.000   0.328 0.000   2.583 0.000 0.010 0.000000 0.374 0.000
131.291667 132.291667   27.61 0.000000  0.62 0.000000 0.014 0.000000000 9.99 0.259000 0.022 0.000 999.999 0.999 999.999 0.999 99.99 0.259000000   3.743 0.000   1.074 0.000   2.669 0.000 0.017 0.000000 0.261 0.000
134.291667 135.291667   80.16 0.000000  1.04 0.000000 9.999 0.259000000 9.99 0.259000 0.035 0.000 999.999 0.999 999.999 0.999 99.99 0.259000000  10.438 0.000   5.798 0.000   4.639 0.000 0.044 0.000000 0.288 0.000
137.291667 138.291667   26.17 0.000000  0.56 0.000000 9.999 0.259000000 9.99 0.259000 0.066 0.000 999.999 0.999 999.999 0.999 99.99 0.259000000   8.660 0.000   3.336 0.000   5.324 0.000 0.022 0.000000 0.529 0.000
140.291667 141.291667   46.87 0.559394  0.64 0.559394 9.999 0.559394259 0.09 0.559394 0.048 0.394 999.999 0.999 999.999 0.999 99.99 0.559394259   7.553 0.000   3.555 0.000   3.998 0.559 0.026 0.559394 0.310 0.394
143.291667 144.291667   40.82 0.000000  0.48 0.000000 9.999 0.259000000 9.99 0.259000 9.999 0.999 999.999 0.999 999.999 0.999 99.99 0.259000000   6.321 0.000   4.025 0.000   2.296 0.000 0.022 0.000000 9.999 0.999
146.291667 147.291667   61.42 0.000000  0.80 0.000000 9.999 0.259000000 9.99 0.259000 9.999 0.999 999.999 0.999 999.999 0.999 99.99 0.259000000   9.127 0.000   4.692 0.000   4.434 0.000 0.039 0.000000 9.999 0.999
149.291667 150.291667   78.49 0.000000  0.78 0.000000 9.999 0.259000000 9.99 0.259000 9.999 0.999 999.999 0.999 999.999 0.999 99.99 0.259000000  14.689 0.000   9.104 0.000   5.585 0.000 0.048 0.000000 9.999 0.999
152.291667 153.291667   28.29 0.000000  0.73 0.000000 9.999 0.259000000 9.99 0.259000 9.999 0.999 999.999 0.999 999.999 0.999 99.99 0.259000000   5.406 0.000   1.728 0.000   3.678 0.000 0.026 0.000000 9.999 0.999
155.291667 156.291667   16.13 0.000000 99.99 0.259000 0.089 0.000000000 9.99 0.259000 9.999 0.999 999.999 0.999 999.999 0.999 99.99 0.259000000   4.533 0.000   1.950 0.000   2.583 0.000 0.014 0.000000 9.999 0.999
158.291667 159.291667    7.70 0.000000 99.99 0.259000 9.999 0.259000000 9.99 0.259000 9.999 0.999 999.999 0.999 999.999 0.999 99.99 0.259000000 999.999 0.999 999.999 0.999   1.700 0.000 0.004 0.000000 9.999 0.999
161.291667 162.291667   67.98 0.394000 99.99 0.394259 9.999 0.394259000 9.99 0.394259 9.999 0.999 999.999 0.999 999.999 0.999 99.99 0.394259000   5.572 0.000   1.258 0.000   4.314 0.000 0.030 0.394000 9.999 0.999
164.291667 165.291667   53.61 0.000000 99.99 0.259000 9.999 0.259000000 9.99 0.259000 9.999 0.999 999.999 0.999 999.999 0.999 99.99 0.259000000   9.218 0.000   3.893 0.000   5.325 0.000 0.028 0.000000 9.999 0.999
167.291667 168.291667   32.70 0.000000 99.99 0.259000 9.999 0.259000000 9.99 0.259000 9.999 0.999 999.999 0.999 999.999 0.999 99.99 0.259000000   9.539 0.000   4.298 0.000   5.241 0.000 0.023 0.000000 9.999 0.999
170.291667 171.291667 9999.99 0.999000 99.99 0.999000 9.999 0.999000000 9.99 0.999000 9.999 0.999 999.999 0.999 999.999 0.999 99.99 0.999000000 999.999 0.999 999.999 0.999 999.999 0.999 9.999 0.999000 9.999 0.999
173.291667 174.291667   28.62 0.000000 99.99 0.259000 9.999 0.259000000 0.26 0.000000 0.007 0.000   0.777 0.000   1.088 0.000 99.99 0.259000000   8.958 0.000   7.162 0.000   1.796 0.000 0.011 0.000000 0.089 0.000
176.291667 177.291667    9.27 0.000000  0.47 0.000000 9.999 0.259000000 9.99 0.259000 0.014 0.000   1.132 0.000   1.585 0.000 99.99 0.259000000   7.149 0.000   4.105 0.000   3.044 0.000 0.012 0.000000 0.188 0.000
179.291667 180.291667   16.43 0.000000  0.31 0.000000 9.999 0.259000000 9.99 0.259000 0.018 0.000   1.336 0.000   1.870 0.000 99.99 0.259000000   7.476 0.000   3.796 0.000   3.680 0.000 0.016 0.000000 0.195 0.000
182.291667 183.291667   75.58 0.000000  0.40 0.000000 9.999 0.259000000 9.99 0.259000 0.020 0.000   1.879 0.000   2.631 0.000 99.99 0.259000000  15.204 0.000   9.157 0.000   6.046 0.000 0.051 0.000000 0.292 0.000
185.291667 186.291667   44.79 0.000000  0.59 0.000000 9.999 0.259000000 0.08 0.000000 0.018 0.000   1.245 0.000   1.742 0.000 99.99 0.259000000  12.102 0.000   7.971 0.000   4.131 0.000 0.037 0.000000 0.205 0.000
188.291667 189.291667   54.27 0.000000  0.56 0.000000 9.999 0.259000000 9.99 0.259000 0.029 0.000   1.215 0.000   1.702 0.000 99.99 0.259000000  15.831 0.000  10.992 0.000   4.840 0.000 0.039 0.000000 0.309 0.000
191.291667 192.291667   78.27 0.000000  0.14 0.000000 9.999 0.259000000 9.99 0.259000 0.009 0.000   0.920 0.000   1.288 0.000 99.99 0.259000000  12.451 0.000   8.711 0.000   3.739 0.000 0.026 0.000000 0.180 0.000
194.291667 195.291667   63.58 0.000000  0.25 0.000000 9.999 0.259000000 9.99 0.259000 0.012 0.000   1.690 0.000   2.366 0.000 99.99 0.259000000  15.253 0.000  10.673 0.000   4.580 0.000 0.031 0.000000 0.127 0.000
197.291667 198.291667  120.63 0.000000  0.50 0.000000 9.999 0.259000000 0.20 0.000000 0.035 0.000   3.570 0.000   4.998 0.000 99.99 0.259000000  24.264 0.000  13.713 0.000  10.551 0.000 0.102 0.000000 0.508 0.000
200.291667 201.291667   75.00 0.000000 99.99 0.259000 9.999 0.259000000 0.05 0.000000 0.020 0.000   2.831 0.000   3.963 0.000 99.99 0.259000000  16.467 0.000   8.595 0.000   7.872 0.000 0.052 0.000000 0.376 0.000
203.291667 204.291667  148.99 0.000000  0.61 0.000000 9.999 0.259000000 0.39 0.000000 0.034 0.000   3.710 0.000   5.194 0.000 99.99 0.259000000  21.998 0.000  11.789 0.000  10.209 0.000 0.089 0.000000 0.356 0.000
206.291667 207.291667   95.94 0.000000  0.65 0.000000 9.999 0.259000000 0.29 0.000000 0.028 0.000   4.611 0.000   6.455 0.000 99.99 0.259000000  21.257 0.000   9.683 0.000  11.574 0.000 0.085 0.000000 0.354 0.000
209.291667 210.291667   70.26 0.000000  0.37 0.000000 9.999 0.259000000 0.17 0.000000 0.018 0.000   3.297 0.000   4.616 0.000 99.99 0.259000000  15.810 0.000   7.803 0.000   8.007 0.000 0.058 0.000000 0.237 0.000
212.291667 213.291667   77.54 0.000000  0.52 0.000000 9.999 0.259000000 0.10 0.000000 0.027 0.000   2.294 0.000   3.212 0.000 99.99 0.259000000  15.595 0.000   8.739 0.000   6.855 0.000 0.043 0.000000 0.317 0.000
215.291667 216.291667   56.64 0.000000  0.15 0.000000 9.999 0.259000000 0.12 0.000000 0.016 0.000   1.893 0.000   2.651 0.000 99.99 0.259000000   9.381 0.000   4.559 0.000   4.822 0.000 0.047 0.000000 0.163 0.000
218.291667 219.291667  122.19 0.000000  0.50 0.000000 9.999 0.259000000 0.13 0.000000 0.040 0.000   1.793 0.000   2.510 0.000 99.99 0.259000000  21.737 0.000  14.674 0.000   7.063 0.000 0.079 0.000000 0.383 0.000
221.291667 222.291667   49.92 0.000000  0.78 0.000000 9.999 0.259000000 9.99 0.259000 0.029 0.000   1.542 0.000   2.159 0.000 99.99 0.259000000  14.656 0.000   9.153 0.000   5.503 0.000 0.042 0.000000 0.416 0.000
224.291667 225.291667 9999.99 0.999000 99.99 0.999000 9.999 0.999000000 9.99 0.999000 9.999 0.999 999.999 0.999 999.999 0.999 99.99 0.999000000 999.999 0.999 999.999 0.999 999.999 0.999 9.999 0.999000 9.999 0.999
