scripts/IMPROVE-2019_partial/data/US9031R.20060102090000.20191216000000.filterpack..pm25.52w.1w.US03L_filterpack_US9031.US03L_IMPROVE_Davis.lev2.nas
66 1001
MISSING INFORMATION
US03L, IMPROVE, , , , , , , 
MISSING INFORMATION
IMPROVE sel_HTAP
1 1
2006 01 01 2019 12 16
3.000
days from file reference point
27
1 1 1 1 1 1 1 1 1 1 1 1 1 1 1 1 1 1 1 1 1 1 1 1 1 1 1
999.999 9999.99 9.999 99.99 9.999 9.999 9.999999 9.99 9.999999 9.999 9.999 99.999 9.999999 99.999 9.999999 999.99 9.999999 999.999 9.999 999.999 9.999 999.999 9.999 9.999 9.999 99.999 9.999
end_time of measurement, days from the file reference point
iron, ng/m3, Revision date=20181210133000
numflag iron, no unit, Revision date=20181210133000
lead, ng/m3, Revision date=20181210133000
numflag lead, no unit, Revision date=20181210133000
magnesium, ug/m3, Revision date=20181210133000
numflag magnesium, no unit, Revision date=20181210133000
nickel, ng/m3, Revision date=20181210133000
numflag nickel, no unit, Revision date=20181210133000
nitrate, ug N/m3, Revision date=20181210133000
numflag nitrate, no unit, Revision date=20181210133000
organic_carbon, ug C/m3, Revision date=20181210133000
numflag organic_carbon, no unit, Revision date=20181210133000
organic_mass, ug/m3, Revision date=20181210133000
numflag organic_mass, no unit, Revision date=20181210133000
phosphorus, ng/m3, Revision date=20181210133000
numflag phosphorus, no unit, Revision date=20181210133000
pm10_mass, ug/m3, Version=2, Version description=Data extracted from http://views.cira.colostate.edu/fed/DataWizard 2019-12-16, Sample duration=1d, Orig. time res.=3d, Matrix=pm10, Blank correction=Blank corrected, Volume std. temperature=ambient, Volume std. pressure=ambient
numflag pm10_mass, no unit, Version=2, Version description=Data extracted from http://views.cira.colostate.edu/fed/DataWizard 2019-12-16, Sample duration=1d, Orig. time res.=3d, Matrix=pm10, Blank correction=Blank corrected, Volume std. temperature=ambient, Volume std. pressure=ambient
pm10_pm25_mass, ug/m3, Revision date=20181210133000, Matrix=pm10_pm25
numflag pm10_pm25_mass, no unit, Revision date=20181210133000, Matrix=pm10_pm25
pm25_mass, ug/m3, Version=2, Version description=Data extracted from http://views.cira.colostate.edu/fed/DataWizard 2019-12-16, Sample duration=1d, Orig. time res.=3d, Blank correction=Blank corrected, Volume std. temperature=ambient, Volume std. pressure=ambient
numflag pm25_mass, no unit, Version=2, Version description=Data extracted from http://views.cira.colostate.edu/fed/DataWizard 2019-12-16, Sample duration=1d, Orig. time res.=3d, Blank correction=Blank corrected, Volume std. temperature=ambient, Volume std. pressure=ambient
potassium, ug/m3, Revision date=20181210133000
numflag potassium, no unit, Revision date=20181210133000
sulphate_total, ug S/m3, Revision date=20181210133000
numflag sulphate_total, no unit, Revision date=20181210133000
0
25
Data definition:              EBAS_1.1
Set type code:                TU
Timezone:                     UTC
File name:                    US9031R.20060102090000.20191216000000.filterpack..pm25.52w.1w.US03L_filterpack_US9031.US03L_IMPROVE_Davis.lev2.nas
File creation:                20191218120717
Startdate:                    20060102090000
Revision date:                20191216000000
Statistics:                   arithmetic mean
Data level:                   2
Period code:                  52w
Resolution code:              1w
Station code:                 US9031R
Platform code:                US9031S
Station name:                 Tuxedni
Station latitude:             59.9925
Station longitude:            -152.6656
Station altitude:             15.0 m
Regime:                       IMG
Component:                    
Matrix:                       pm25
Laboratory code:              US03L
Instrument type:              filterpack
Instrument name:              filterpack_US9031
Method ref:                   US03L_IMPROVE_Davis
starttime endtime Fe flag_Fe Pb flag_Pb Mg++ flag_Mg++ Ni flag_Ni NO3- flag_NO3- OC flag_OC OM flag_OM P flag_P PM10 flag_PM10 PM10-PM2.5 flag_PM10-PM2.5 PM2.5 flag_PM2.5 K+ flag_K+ SO4-- flag_SO4--
[from data line 81]
244.375 245.375    1.39 0.394  0.76 0.394 9.999 0.394259 9.99 0.394259 0.013 0.394  0.405 0.394000  0.729 0.394000   6.81 0.394000   5.462 0.000   3.805 0.394   1.656 0.000 0.016 0.394  0.068 0.394
247.375 248.375    2.26 0.394  0.56 0.394 0.009 0.394000 0.23 0.394000 0.011 0.394  0.608 0.394000  1.095 0.394000 999.99 0.394259   4.513 0.000   2.824 0.394   1.688 0.000 0.012 0.394  0.087 0.394
250.375 251.375    1.32 0.394  0.27 0.394 9.999 0.394259 0.15 0.394000 0.013 0.394  0.181 0.394000  0.327 0.394000 999.99 0.394259   3.860 0.000   2.795 0.394   1.065 0.000 0.009 0.394  0.050 0.394
253.375 254.375 9999.99 0.999 99.99 0.999 9.999 0.999000 9.99 0.999000 9.999 0.999 99.999 0.999000 99.999 0.999000 999.99 0.999000 999.999 0.999 999.999 0.999 999.999 0.999 9.999 0.999 99.999 0.999
256.375 257.375    2.78 0.000  0.51 0.000 0.005 0.000000 0.06 0.000000 0.008 0.000  0.283 0.000000  0.510 0.000000 999.99 0.259000   3.227 0.000   1.631 0.000   1.595 0.000 0.009 0.000  0.085 0.000
259.375 260.375    4.72 0.000  0.22 0.000 9.999 0.259000 9.99 0.259000 0.010 0.000  0.381 0.000000  0.687 0.000000   7.13 0.000000   3.891 0.000   2.515 0.000   1.377 0.000 0.011 0.000  0.039 0.000
262.375 263.375    0.67 0.000  0.15 0.000 9.999 0.259000 9.99 0.259000 9.999 0.259  0.369 0.000000  0.665 0.000000   5.51 0.000000   3.595 0.000   2.592 0.000   1.003 0.000 0.009 0.000  0.013 0.000
265.375 266.375    0.59 0.000  0.14 0.000 0.018 0.000000 9.99 0.259000 0.000 0.000  0.360 0.000000  0.649 0.000000  12.13 0.000000   4.974 0.000   3.266 0.000   1.708 0.000 0.013 0.000  0.101 0.000
268.375 269.375    2.70 0.000  0.24 0.000 9.999 0.259000 9.99 0.259000 0.007 0.000  0.087 0.000000  0.157 0.000000 999.99 0.259000   3.153 0.000   1.350 0.000   1.803 0.000 0.010 0.000  0.241 0.000
271.375 272.375    1.51 0.000  0.05 0.000 0.005 0.000000 9.99 0.259000 0.001 0.000  0.056 0.000000  0.100 0.000000 999.99 0.259000   2.519 0.000   1.579 0.000   0.940 0.000 0.007 0.000  0.083 0.000
274.375 275.375    0.47 0.000  0.09 0.000 0.012 0.000000 9.99 0.259000 0.009 0.000  0.175 0.000000  0.314 0.000000 999.99 0.259000   2.098 0.000   1.187 0.000   0.911 0.000 0.006 0.000  0.028 0.000
277.375 278.375    0.78 0.000  0.09 0.000 0.023 0.000000 9.99 0.259000 0.004 0.000  0.190 0.000000  0.342 0.000000 999.99 0.259000   5.413 0.000   3.915 0.000   1.498 0.000 0.011 0.000  0.106 0.000
280.375 281.375    2.01 0.000  0.19 0.000 0.033 0.000000 9.99 0.259000 0.016 0.000  0.152 0.000000  0.274 0.000000 999.99 0.259000   5.931 0.000   3.983 0.000   1.948 0.000 0.018 0.000  0.108 0.000
283.375 284.375    2.39 0.000  0.18 0.000 0.114 0.000000 9.99 0.259000 0.015 0.000  0.121 0.000000  0.217 0.000000 999.99 0.259000  11.235 0.000   6.750 0.000   4.485 0.000 0.039 0.000  0.238 0.000
286.375 287.375    2.52 0.000  0.40 0.000 9.999 0.259000 9.99 0.259000 0.007 0.000  0.379 0.000000  0.683 0.000000   8.42 0.000000   2.465 0.000   1.197 0.000   1.268 0.000 0.015 0.000  0.075 0.000
289.375 290.375 9999.99 0.999 99.99 0.999 9.999 0.999000 9.99 0.999000 9.999 0.999 99.999 0.999000 99.999 0.999000 999.99 0.999000 999.999 0.999 999.999 0.999 999.999 0.999 9.999 0.999 99.999 0.999
292.375 293.375    1.07 0.394  0.17 0.394 0.030 0.394000 9.99 0.394259 0.008 0.394  0.069 0.394000  0.125 0.394000 999.99 0.394259   4.696 0.000   2.890 0.394   1.807 0.000 0.013 0.394  0.153 0.394
295.375 296.375    1.75 0.000  1.12 0.000 0.005 0.000000 9.99 0.259000 0.017 0.000  1.111 0.000000  2.000 0.000000 999.99 0.259000   4.237 0.000   1.257 0.000   2.979 0.000 0.017 0.000  0.116 0.000
298.375 299.375    2.11 0.000  0.09 0.000 9.999 0.259000 9.99 0.259000 9.999 0.259 99.999 0.259000 99.999 0.259000 999.99 0.259000   1.014 0.000   0.676 0.000   0.338 0.000 0.002 0.000  0.045 0.000
301.375 302.375    4.60 0.000  0.47 0.000 0.006 0.000000 0.19 0.000000 0.056 0.000  0.086 0.000000  0.154 0.000000 999.99 0.259000   2.405 0.000   0.959 0.000   1.446 0.000 0.006 0.000  0.198 0.000
304.375 305.375    0.86 0.000  0.11 0.000 9.999 0.259000 9.99 0.259000 0.003 0.000  0.051 0.000000  0.092 0.000000 999.99 0.259000   0.800 0.000   0.346 0.000   0.454 0.000 0.001 0.000  0.024 0.000
307.375 308.375    7.84 0.000  0.81 0.000 0.006 0.000000 9.99 0.259000 0.003 0.000  0.157 0.000000  0.282 0.000000 999.99 0.259000   2.451 0.000   0.839 0.000   1.612 0.000 0.015 0.000  0.189 0.000
310.375 311.375    7.32 0.394  0.27 0.394 9.999 0.394259 0.09 0.394000 0.003 0.394 99.999 0.394259 99.999 0.394259 999.99 0.394259   3.193 0.000   2.131 0.394   1.062 0.000 0.010 0.394  0.083 0.394
313.375 314.375    5.90 0.000  0.29 0.000 0.006 0.000000 9.99 0.259000 0.005 0.000 99.999 0.259000 99.999 0.259000 999.99 0.259000   3.428 0.000   2.331 0.000   1.097 0.000 0.010 0.000  0.086 0.000
316.375 317.375   33.35 0.000  0.34 0.000 9.999 0.259000 0.10 0.000000 0.014 0.000  0.157 0.000000  0.282 0.000000 999.99 0.259000   7.918 0.000   5.716 0.000   2.202 0.000 0.023 0.000  0.153 0.000
319.375 320.375   22.89 0.000 99.99 0.259 9.999 0.259000 0.11 0.000000 0.017 0.000  0.102 0.000000  0.184 0.000000 999.99 0.259000   7.274 0.000   5.393 0.000   1.881 0.000 0.022 0.000  0.092 0.000
322.375 323.375   18.83 0.000  1.89 0.000 0.007 0.000000 9.99 0.259000 0.008 0.000  0.116 0.000000  0.210 0.000000 999.99 0.259000   4.072 0.000   3.257 0.000   0.816 0.000 0.010 0.000  0.052 0.000
325.375 326.375   17.62 0.000  0.38 0.000 9.999 0.259000 9.99 0.259000 0.005 0.000  0.041 0.000000  0.074 0.000000 999.99 0.259000   3.145 0.000   2.289 0.000   0.856 0.000 0.011 0.000  0.086 0.000
328.375 329.375    4.07 0.000  0.29 0.000 9.999 0.259000 9.99 0.259000 0.004 0.000  0.034 0.000000  0.061 0.000000 999.99 0.259000   2.051 0.000   1.409 0.000   0.642 0.000 0.007 0.000  0.111 0.000
331.375 332.375    6.06 0.000  0.14 0.000 9.999 0.259000 9.99 0.259000 0.008 0.000  0.051 0.000000  0.092 0.000000 999.99 0.259000 999.999 0.456 999.999 0.999   0.426 0.000 0.003 0.000  0.042 0.000
334.375 335.375    2.78 0.000  0.08 0.000 0.011 0.000000 0.07 0.000000 0.008 0.000  0.030 0.000000  0.055 0.000000 999.99 0.259000   1.477 0.000   0.742 0.000   0.735 0.000 0.006 0.000  0.077 0.000
337.375 338.375 9999.99 0.999 99.99 0.999 9.999 0.999000 9.99 0.999000 9.999 0.999 99.999 0.999000 99.999 0.999000 999.99 0.999000 999.999 0.999 999.999 0.999 999.999 0.999 9.999 0.999 99.999 0.999
340.375 341.375    1.49 0.000  0.18 0.000 9.999 0.259000 9.99 0.259000 0.009 0.000  0.084 0.000000  0.151 0.000000 999.99 0.259000   0.835 0.000   0.400 0.000   0.435 0.000 0.003 0.000  0.022 0.000
343.375 344.375    0.37 0.000  0.07 0.000 0.052 0.000000 9.99 0.259000 0.004 0.000  0.481 0.000000  0.867 0.000000 999.99 0.259000   4.480 0.000   2.785 0.000   1.695 0.000 0.029 0.000  0.053 0.000
346.375 347.375    1.62 0.000  0.06 0.000 0.006 0.000000 0.11 0.000000 0.005 0.000  0.068 0.000000  0.122 0.000000 999.99 0.259000   0.386 0.000   0.056 0.000   0.127 0.000 0.001 0.000  0.017 0.000
349.375 350.375    1.09 0.000 99.99 0.259 0.009 0.000000 9.99 0.259000 0.010 0.000  0.038 0.000000  0.068 0.000000 999.99 0.259000   0.504 0.000   0.133 0.000   0.371 0.000 0.002 0.000  0.033 0.000
352.375 353.375    1.22 0.000  0.20 0.000 0.007 0.000000 0.12 0.000000 0.005 0.000  0.019 0.000000  0.034 0.000000 999.99 0.259000   1.472 0.000   0.703 0.000   0.769 0.000 0.003 0.000  0.110 0.000
355.375 356.375    0.36 0.000  0.10 0.000 9.999 0.259000 9.99 0.259000 0.003 0.000 99.999 0.259000 99.999 0.259000 999.99 0.259000   2.104 0.000   1.125 0.000   0.980 0.000 0.002 0.000  0.184 0.000
358.375 359.375    0.84 0.000  0.13 0.000 9.999 0.259000 9.99 0.259000 0.002 0.000 99.999 0.259000 99.999 0.259000 999.99 0.259000   0.843 0.000   0.681 0.000   0.259 0.000 0.002 0.000  0.031 0.000
361.375 362.375    0.33 0.000  0.08 0.000 9.999 0.259000 9.99 0.259000 0.004 0.000  0.086 0.000000  0.154 0.000000 999.99 0.259000   0.831 0.000   0.478 0.000   0.352 0.000 0.002 0.000  0.016 0.000
364.375 365.375    1.91 0.000  0.29 0.000 0.006 0.000000 0.10 0.000000 0.010 0.000  0.011 0.000000  0.021 0.000000 999.99 0.259000   1.589 0.000   0.626 0.000   0.963 0.000 0.004 0.000  0.153 0.000
