scripts/IMPROVE-2019_partial/data/US9037R.20020102070000.20191216000000.filterpack..pm25.52w.1w.US03L_filterpack_US9037.US03L_IMPROVE_Davis.lev2.nas
66 1001
MISSING INFORMATION
US03L, IMPROVE, , , , , , , 
MISSING INFORMATION
IMPROVE sel_HTAP
1 1
2002 01 01 2019 12 16
3.000000
days from file reference point
27
1 1 1 1 1 1 1 1 1 1 1 1 1 1 1 1 1 1 1 1 1 1 1 1 1 1 1
999.999999 9999.99 9.999 99.99 9.999 9.999 9.999999 9.99 9.999999 9.999 9.999 99.999 9.999 99.999 9.999 999.9 9.999999 999.999 9.999 999.999 9.999 999.999 9.999 9.999 9.999 9.999 9.999
end_time of measurement, days from the file reference point
iron, ng/m3, Revision date=20181210133000
numflag iron, no unit, Revision date=20181210133000
lead, ng/m3, Revision date=20181210133000
numflag lead, no unit, Revision date=20181210133000
magnesium, ug/m3, Revision date=20181210133000
numflag magnesium, no unit, Revision date=20181210133000
nickel, ng/m3, Revision date=20181210133000
numflag nickel, no unit, Revision date=20181210133000
nitrate, ug N/m3, Revision date=20181210133000
numflag nitrate, no unit, Revision date=20181210133000
organic_carbon, ug C/m3, Revision date=20181210133000
numflag organic_carbon, no unit, Revision date=20181210133000
organic_mass, ug/m3, Revision date=20181210133000
numflag organic_mass, no unit, Revision date=20181210133000
phosphorus, ng/m3, Revision date=20181210133000
numflag phosphorus, no unit, Revision date=20181210133000
pm10_mass, ug/m3, Version=2, Version description=Data extracted from http://views.cira.colostate.edu/fed/DataWizard 2019-12-16, Sample duration=1d, Orig. time res.=3d, Matrix=pm10, Blank correction=Blank corrected, Volume std. temperature=ambient, Volume std. pressure=ambient
numflag pm10_mass, no unit, Version=2, Version description=Data extracted from http://views.cira.colostate.edu/fed/DataWizard 2019-12-16, Sample duration=1d, Orig. time res.=3d, Matrix=pm10, Blank correction=Blank corrected, Volume std. temperature=ambient, Volume std. pressure=ambient
pm10_pm25_mass, ug/m3, Revision date=20181210133000, Matrix=pm10_pm25
numflag pm10_pm25_mass, no unit, Revision date=20181210133000, Matrix=pm10_pm25
pm25_mass, ug/m3, Version=2, Version description=Data extracted from http://views.cira.colostate.edu/fed/DataWizard 2019-12-16, Sample duration=1d, Orig. time res.=3d, Blank correction=Blank corrected, Volume std. temperature=ambient, Volume std. pressure=ambient
numflag pm25_mass, no unit, Version=2, Version description=Data extracted from http://views.cira.colostate.edu/fed/DataWizard 2019-12-16, Sample duration=1d, Orig. time res.=3d, Blank correction=Blank corrected, Volume std. temperature=ambient, Volume std. pressure=ambient
potassium, ug/m3, Revision date=20181210133000
numflag potassium, no unit, Revision date=20181210133000
sulphate_total, ug S/m3, Revision date=20181210133000
numflag sulphate_total, no unit, Revision date=20181210133000
0
25
Data definition:              EBAS_1.1
Set type code:                TU
Timezone:                     UTC
File name:                    US9037R.20020102070000.20191216000000.filterpack..pm25.52w.1w.US03L_filterpack_US9037.US03L_IMPROVE_Davis.lev2.nas
File creation:                20191218120750
Startdate:                    20020102070000
Revision date:                20191216000000
Statistics:                   arithmetic mean
Data level:                   2
Period code:                  52w
Resolution code:              1w
Station code:                 US9037R
Platform code:                US9037S
Station name:                 Sierra Ancha
Station latitude:             34.0908
Station longitude:            -110.9421
Station altitude:             1600.0 m
Regime:                       IMG
Component:                    
Matrix:                       pm25
Laboratory code:              US03L
Instrument type:              filterpack
Instrument name:              filterpack_US9037
Method ref:                   US03L_IMPROVE_Davis
starttime endtime Fe flag_Fe Pb flag_Pb Mg++ flag_Mg++ Ni flag_Ni NO3- flag_NO3- OC flag_OC OM flag_OM P flag_P PM10 flag_PM10 PM10-PM2.5 flag_PM10-PM2.5 PM2.5 flag_PM2.5 K+ flag_K+ SO4-- flag_SO4--
  1.291667   2.291667    1.87 0.000 99.99 0.259 0.074 0.000000 9.99 0.259000 0.011 0.559  0.469 0.000  0.657 0.000 999.9 0.259000   1.830 0.000   0.138 0.000   1.692 0.000 0.004 0.000 0.219 0.559
  4.291667   5.291667   13.99 0.000  0.36 0.000 9.999 0.259000 9.99 0.259000 0.020 0.559  0.597 0.000  0.836 0.000 999.9 0.259000   2.620 0.000   1.047 0.000   1.573 0.000 0.015 0.000 0.079 0.559
  7.291667   8.291667   12.47 0.000 99.99 0.259 9.999 0.259000 9.99 0.259000 0.008 0.559  0.427 0.000  0.598 0.000 999.9 0.259000   1.921 0.000   0.867 0.000   1.054 0.000 0.014 0.000 0.031 0.559
 10.291667  11.291667   15.65 0.000  0.33 0.000 9.999 0.259000 0.18 0.000000 0.015 0.559  0.389 0.000  0.545 0.000 999.9 0.259000   2.191 0.000   0.550 0.000   1.641 0.000 0.013 0.000 0.145 0.559
 13.291667  14.291667   25.81 0.000  2.75 0.000 9.999 0.259000 9.99 0.259000 0.013 0.559  0.560 0.000  0.783 0.000 999.9 0.259000   3.410 0.000   1.426 0.000   1.984 0.000 0.024 0.000 0.087 0.559
 16.291667  17.291667   35.54 0.000  0.88 0.000 9.999 0.259000 0.30 0.000000 0.203 0.559  1.159 0.000  1.622 0.000 999.9 0.259000   7.942 0.000   2.944 0.000   4.999 0.000 0.050 0.000 0.296 0.559
 19.291667  20.291667   24.83 0.000  2.02 0.000 9.999 0.259000 9.99 0.259000 0.055 0.559  0.648 0.000  0.907 0.000 999.9 0.259000   4.100 0.000   1.876 0.000   2.223 0.000 0.028 0.000 0.110 0.559
 22.291667  23.291667   39.42 0.394  1.14 0.394 9.999 0.394259 0.23 0.394000 0.144 0.394  0.742 0.000  1.038 0.000 999.9 0.394259   8.875 0.000   5.534 0.000   3.341 0.000 0.052 0.394 0.204 0.394
 25.291667  26.291667   34.17 0.000  0.80 0.000 9.999 0.259000 0.15 0.000000 0.028 0.000  0.805 0.000  1.127 0.000 999.9 0.259000   5.655 0.000   2.625 0.000   3.030 0.000 0.035 0.000 0.153 0.000
 28.291667  29.291667   32.25 0.000  0.68 0.000 9.999 0.259000 0.29 0.000000 0.160 0.000  0.449 0.000  0.629 0.000 999.9 0.259000   7.228 0.000   4.408 0.000   2.819 0.000 0.030 0.000 0.159 0.000
 31.291667  32.291667   14.84 0.000  0.43 0.000 9.999 0.259000 0.20 0.000000 0.029 0.000  0.235 0.000  0.329 0.000 999.9 0.259000   2.092 0.000   0.673 0.000   1.418 0.000 0.015 0.000 0.073 0.000
 34.291667  35.291667   16.73 0.000  0.33 0.000 9.999 0.259000 0.23 0.000000 0.036 0.000  0.708 0.000  0.991 0.000 999.9 0.259000   3.036 0.000   0.771 0.000   2.264 0.000 0.012 0.000 0.148 0.000
 37.291667  38.291667   34.85 0.000  0.57 0.000 9.999 0.259000 9.99 0.259000 0.015 0.559  0.551 0.000  0.771 0.000 999.9 0.259000   3.867 0.000   1.669 0.000   2.198 0.000 0.028 0.000 0.083 0.559
 40.291667  41.291667   28.52 0.000  0.34 0.000 9.999 0.259000 0.20 0.000000 0.027 0.559  0.275 0.000  0.385 0.000 999.9 0.259000   4.990 0.000   2.998 0.000   1.993 0.000 0.018 0.000 0.139 0.559
 43.291667  44.291667   76.63 0.000  0.79 0.000 9.999 0.259000 0.20 0.000000 0.033 0.559  0.486 0.000  0.681 0.000 999.9 0.259000   6.695 0.000   3.615 0.000   3.080 0.000 0.053 0.000 0.141 0.559
 46.291667  47.291667   68.74 0.000  0.75 0.000 9.999 0.259000 0.13 0.000000 0.029 0.000  0.717 0.000  1.004 0.000 999.9 0.259000   7.812 0.000   4.767 0.000   3.046 0.000 0.052 0.000 0.145 0.000
 49.291667  50.291667   42.36 0.000  0.64 0.000 9.999 0.259000 0.16 0.000000 0.169 0.559  1.825 0.000  2.556 0.000 999.9 0.259000   8.782 0.000   3.929 0.000   4.854 0.000 0.034 0.000 0.113 0.559
 52.291667  53.291667   43.67 0.000  0.49 0.000 9.999 0.259000 9.99 0.259000 0.014 0.559  0.543 0.000  0.761 0.000 999.9 0.259000   4.216 0.000   2.107 0.000   2.110 0.000 0.029 0.000 0.063 0.559
 55.291667  56.291667   75.90 0.559  0.74 0.559 9.999 0.559259 0.08 0.559000 0.063 0.000  0.645 0.000  0.903 0.000 999.9 0.559259   9.107 0.000   5.553 0.000   3.554 0.559 0.061 0.559 0.093 0.000
 58.291667  59.291667  112.02 0.000  1.15 0.000 9.999 0.259000 9.99 0.259000 0.105 0.000  0.641 0.000  0.898 0.000 999.9 0.259000   9.714 0.000   5.629 0.000   4.085 0.000 0.066 0.000 0.101 0.000
 61.291667  62.291667   42.74 0.000  0.63 0.000 9.999 0.259000 0.27 0.000000 0.033 0.559  0.501 0.000  0.701 0.000 999.9 0.259000   5.020 0.000   2.230 0.000   2.790 0.000 0.035 0.000 0.200 0.559
 64.291667  65.291667   84.07 0.000  1.25 0.000 9.999 0.259000 0.23 0.000000 0.097 0.000  2.477 0.000  3.468 0.000 999.9 0.259000   9.440 0.000   3.146 0.000   6.293 0.000 0.073 0.000 0.115 0.000
 67.291667  68.291667   38.68 0.000  0.66 0.000 9.999 0.259000 0.22 0.000000 0.021 0.559  0.647 0.000  0.906 0.000 999.9 0.259000   3.618 0.000   1.262 0.000   2.356 0.000 0.028 0.000 0.103 0.559
 70.291667  71.291667   48.74 0.000  4.13 0.000 9.999 0.259000 0.18 0.000000 0.024 0.559  0.524 0.000  0.734 0.000 999.9 0.259000   4.431 0.000   2.049 0.000   2.382 0.000 0.030 0.000 0.078 0.559
 73.291667  74.291667   45.19 0.000  1.14 0.000 9.999 0.259000 9.99 0.259000 0.122 0.000  0.791 0.000  1.107 0.000 999.9 0.259000   8.649 0.000   5.909 0.000   2.740 0.000 0.037 0.000 0.112 0.000
 76.291667  77.291667   47.31 0.000  2.16 0.000 9.999 0.259000 9.99 0.259000 0.066 0.000  0.371 0.000  0.520 0.000 999.9 0.259000   6.362 0.000   3.421 0.000   2.942 0.000 0.031 0.000 0.250 0.000
 79.291667  80.291667   79.82 0.000  0.70 0.000 9.999 0.259000 0.17 0.000000 0.022 0.000  0.614 0.000  0.859 0.000 999.9 0.259000   7.689 0.000   4.088 0.000   3.601 0.000 0.055 0.000 0.138 0.000
 82.291667  83.291667   89.11 0.000  0.55 0.000 9.999 0.259000 0.28 0.000000 0.138 0.000  0.480 0.000  0.672 0.000 999.9 0.259000  11.161 0.000   7.077 0.000   4.083 0.000 0.050 0.000 0.175 0.000
 85.291667  86.291667 9999.99 0.999 99.99 0.999 9.999 0.999000 9.99 0.999000 9.999 0.999 99.999 0.999 99.999 0.999 999.9 0.999000 999.999 0.999 999.999 0.999 999.999 0.999 9.999 0.999 9.999 0.999
 88.291667  89.291667   46.24 0.000  1.23 0.000 9.999 0.259000 0.20 0.000000 0.084 0.000  1.201 0.000  1.682 0.000 999.9 0.259000   8.196 0.000   4.709 0.000   3.487 0.000 0.036 0.000 0.185 0.000
 91.291667  92.291667  125.54 0.000  1.96 0.000 9.999 0.259000 0.14 0.000000 0.061 0.000  1.154 0.000  1.615 0.000 999.9 0.259000  11.587 0.000   6.512 0.000   5.075 0.000 0.083 0.000 0.269 0.000
 94.291667  95.291667   45.47 0.000  0.75 0.000 9.999 0.259000 0.22 0.000000 0.022 0.000  0.888 0.000  1.243 0.000 999.9 0.259000   7.146 0.000   4.275 0.000   2.872 0.000 0.038 0.000 0.205 0.000
 97.291667  98.291667   92.64 0.000  1.59 0.000 9.999 0.259000 0.16 0.000000 0.121 0.000  1.419 0.000  1.986 0.000 999.9 0.259000  13.041 0.000   7.195 0.000   5.846 0.000 0.056 0.000 0.367 0.000
100.291667 101.291667   85.21 0.000  1.23 0.000 9.999 0.259000 0.25 0.000000 0.063 0.000  1.105 0.000  1.547 0.000 999.9 0.259000   9.488 0.000   5.198 0.000   4.290 0.000 0.051 0.000 0.285 0.000
103.291667 104.291667   70.30 0.000  0.58 0.000 9.999 0.259000 9.99 0.259000 0.037 0.000  1.091 0.000  1.527 0.000 999.9 0.259000   7.106 0.000   3.955 0.000   3.151 0.000 0.042 0.000 0.168 0.000
106.291667 107.291667   59.41 0.000  0.47 0.000 9.999 0.259000 0.35 0.000000 0.063 0.000  0.673 0.000  0.943 0.000 999.9 0.259000   9.528 0.000   6.012 0.000   3.516 0.000 0.036 0.000 0.303 0.000
109.291667 110.291667   79.44 0.000  0.59 0.000 9.999 0.259000 9.99 0.259000 0.101 0.000  0.701 0.000  0.981 0.000 999.9 0.259000  12.183 0.000   8.552 0.000   3.631 0.000 0.049 0.000 0.166 0.000
112.291667 113.291667  100.72 0.000  1.76 0.000 9.999 0.259000 9.99 0.259000 0.031 0.559  1.161 0.000  1.626 0.000 999.9 0.259000  10.975 0.000   6.887 0.000   4.088 0.000 0.060 0.000 0.129 0.559
115.291667 116.291667  126.44 0.000  1.11 0.000 9.999 0.259000 0.14 0.000000 0.047 0.000  0.867 0.000  1.214 0.000 999.9 0.259000  18.169 0.000  13.791 0.000   4.378 0.000 0.072 0.000 0.174 0.000
118.291667 119.291667   75.85 0.000  1.28 0.000 9.999 0.259000 9.99 0.259000 0.033 0.559  0.815 0.000  1.141 0.000 999.9 0.259000   7.146 0.000   4.093 0.000   3.053 0.000 0.046 0.000 0.167 0.559
121.291667 122.291667  103.19 0.000  1.65 0.000 9.999 0.259000 0.14 0.000000 0.140 0.000  0.950 0.000  1.330 0.000 999.9 0.259000  12.597 0.000   7.558 0.000   5.039 0.000 0.061 0.000 0.300 0.000
124.291667 125.291667  127.64 0.000  1.19 0.000 9.999 0.259000 0.16 0.000000 0.128 0.000  1.209 0.000  1.693 0.000 999.9 0.259000  13.483 0.000   8.358 0.000   5.125 0.000 0.074 0.000 0.229 0.000
127.291667 128.291667  194.73 0.000  0.99 0.000 9.999 0.259000 0.28 0.000000 0.132 0.000  1.069 0.000  1.496 0.000 999.9 0.259000  17.221 0.000  10.801 0.000   6.420 0.000 0.104 0.000 0.238 0.000
130.291667 131.291667  195.16 0.000  0.87 0.000 9.999 0.259000 0.17 0.000000 0.126 0.559  0.953 0.000  1.334 0.000 999.9 0.259000  21.402 0.000  14.520 0.000   6.882 0.000 0.109 0.000 0.235 0.559
133.291667 134.291667  318.15 0.559  1.39 0.559 9.999 0.559259 0.22 0.559000 0.133 0.559  2.288 0.000  3.203 0.000 999.9 0.559259  41.982 0.000  28.422 0.000  13.560 0.559 0.223 0.559 0.398 0.559
136.291667 137.291667  129.13 0.000  1.14 0.000 9.999 0.259000 0.23 0.000000 0.066 0.559  1.170 0.000  1.639 0.000 999.9 0.259000  13.889 0.000   8.381 0.000   5.508 0.000 0.078 0.000 0.245 0.559
139.291667 140.291667  104.95 0.000  0.77 0.000 9.999 0.259000 0.20 0.000000 0.054 0.559  0.868 0.000  1.215 0.000 999.9 0.259000  17.644 0.000  13.611 0.000   4.032 0.000 0.068 0.000 0.231 0.559
142.291667 143.291667 9999.99 0.999 99.99 0.999 9.999 0.999000 9.99 0.999000 9.999 0.999 99.999 0.999 99.999 0.999 999.9 0.999000 999.999 0.999 999.999 0.999 999.999 0.999 9.999 0.999 9.999 0.999
145.291667 146.291667 9999.99 0.999 99.99 0.999 9.999 0.999000 9.99 0.999000 9.999 0.999 99.999 0.999 99.999 0.999 999.9 0.999000 999.999 0.999 999.999 0.999 999.999 0.999 9.999 0.999 9.999 0.999
148.291667 149.291667  142.70 0.000  0.85 0.000 9.999 0.259000 0.20 0.000000 0.061 0.000  1.605 0.000  2.246 0.000 999.9 0.259000  13.528 0.000   7.182 0.000   6.346 0.000 0.095 0.000 0.289 0.000
151.291667 152.291667  153.68 0.699  0.86 0.699 9.999 0.699259 0.33 0.699000 0.056 0.559  1.390 0.000  1.946 0.000 999.9 0.699259  18.290 0.000  11.107 0.000   7.183 0.699 0.126 0.699 0.477 0.559
154.291667 155.291667  144.78 0.000  0.94 0.000 9.999 0.259000 0.14 0.000000 0.066 0.559  1.348 0.000  1.887 0.000 999.9 0.259000  16.850 0.000  11.495 0.000   5.356 0.000 0.102 0.000 0.312 0.559
157.291667 158.291667  146.57 0.000  1.35 0.000 9.999 0.259000 0.16 0.000000 0.077 0.000  1.777 0.000  2.489 0.000 999.9 0.259000  19.990 0.000  12.634 0.000   7.357 0.000 0.112 0.000 0.456 0.000
160.291667 161.291667  183.95 0.000  0.66 0.000 9.999 0.259000 0.16 0.000000 0.088 0.000  1.239 0.000  1.735 0.000 999.9 0.259000  17.886 0.000  11.837 0.000   6.049 0.000 0.123 0.000 0.248 0.000
163.291667 164.291667   90.73 0.559  0.63 0.559 9.999 0.559259 0.14 0.559000 0.097 0.559  1.296 0.000  1.814 0.000 999.9 0.559259  10.758 0.000   6.282 0.000   4.476 0.559 0.073 0.559 0.289 0.559
166.291667 167.291667   74.77 0.000  0.72 0.000 9.999 0.259000 0.19 0.000000 0.125 0.000  1.222 0.000  1.711 0.000 999.9 0.259000  11.641 0.000   6.829 0.000   4.812 0.000 0.093 0.000 0.380 0.000
169.291667 170.291667  144.23 0.559  0.77 0.559 9.999 0.559259 0.11 0.559000 0.065 0.559  1.400 0.000  1.959 0.000 999.9 0.559259  15.423 0.000   9.457 0.000   5.966 0.559 0.134 0.559 0.264 0.559
172.291667 173.291667   96.63 0.000  0.43 0.000 9.999 0.259000 0.10 0.000000 0.025 0.559  1.012 0.000  1.416 0.000 999.9 0.259000  10.196 0.000   7.400 0.000   2.796 0.000 0.053 0.000 0.119 0.559
175.291667 176.291667  107.56 0.000  0.71 0.000 9.999 0.259000 0.21 0.000000 0.049 0.559  1.360 0.000  1.904 0.000 999.9 0.259000  11.721 0.000   7.259 0.000   4.462 0.000 0.073 0.000 0.331 0.559
178.291667 179.291667  207.42 0.000  0.83 0.000 9.999 0.259000 0.24 0.000000 0.051 0.559  2.394 0.000  3.352 0.000 999.9 0.259000  15.827 0.000   5.682 0.000  10.145 0.000 0.165 0.000 0.333 0.559
181.291667 182.291667  136.40 0.699  0.59 0.699 9.999 0.699259 9.99 0.699259 0.062 0.559  2.521 0.000  3.530 0.000 999.9 0.699259  19.218 0.000   9.983 0.000   9.235 0.699 0.113 0.699 0.456 0.559
184.291667 185.291667  116.82 0.000  0.53 0.000 9.999 0.259000 9.99 0.259000 0.049 0.559  1.973 0.000  2.762 0.000 999.9 0.259000  16.683 0.000   9.511 0.000   7.172 0.000 0.105 0.000 0.321 0.559
187.291667 188.291667   95.11 0.000  0.57 0.000 9.999 0.259000 0.27 0.000000 0.108 0.559  1.362 0.000  1.907 0.000 999.9 0.259000  14.732 0.000   7.883 0.000   6.848 0.000 0.082 0.000 0.539 0.559
190.291667 191.291667   80.93 0.000  0.30 0.000 9.999 0.259000 0.12 0.000000 0.038 0.559  1.928 0.000  2.700 0.000 999.9 0.259000  14.892 0.000   8.517 0.000   6.376 0.000 0.058 0.000 0.411 0.559
193.291667 194.291667   88.88 0.000  1.10 0.000 9.999 0.259000 9.99 0.259000 0.042 0.559  1.842 0.000  2.579 0.000 999.9 0.259000  14.812 0.000   8.160 0.000   6.652 0.000 0.077 0.000 0.471 0.559
196.291667 197.291667   45.19 0.000  0.42 0.000 0.026 0.000000 9.99 0.259000 0.031 0.559  2.907 0.000  4.070 0.000 999.9 0.259000   9.221 0.000   2.265 0.000   6.956 0.000 0.072 0.000 0.273 0.559
199.291667 200.291667   29.03 0.000  0.91 0.000 9.999 0.259000 0.15 0.000000 0.026 0.559  1.410 0.000  1.974 0.000 999.9 0.259000   5.901 0.000   2.610 0.000   3.291 0.000 0.034 0.000 0.228 0.559
202.291667 203.291667   48.03 0.000  1.25 0.000 9.999 0.259000 0.14 0.000000 0.049 0.559  1.143 0.000  1.601 0.000 999.9 0.259000  10.116 0.000   6.077 0.000   4.038 0.000 0.040 0.000 0.331 0.559
205.291667 206.291667   27.31 0.000  0.35 0.000 9.999 0.259000 9.99 0.259000 0.023 0.559  1.268 0.000  1.775 0.000 999.9 0.259000   5.906 0.000   2.950 0.000   2.956 0.000 0.021 0.000 0.231 0.559
208.291667 209.291667   45.95 0.000  0.34 0.000 0.027 0.000000 0.24 0.000000 0.055 0.000  1.003 0.000  1.404 0.000 999.9 0.259000   9.674 0.000   5.905 0.000   3.769 0.000 0.037 0.000 0.362 0.000
211.291667 212.291667  233.12 0.000  0.75 0.000 9.999 0.259000 0.21 0.000000 0.086 0.000  2.110 0.000  2.954 0.000 999.9 0.259000  29.514 0.000  21.143 0.000   8.370 0.000 0.158 0.000 0.442 0.000
214.291667 215.291667   44.89 0.000  1.12 0.000 9.999 0.259000 9.99 0.259000 0.053 0.000  1.742 0.000  2.439 0.000 999.9 0.259000   8.277 0.000   3.637 0.000   4.640 0.000 0.056 0.000 0.439 0.000
217.291667 218.291667   36.39 0.000  0.33 0.000 9.999 0.259000 0.08 0.000000 0.017 0.000  1.336 0.000  1.870 0.000 999.9 0.259000   3.691 0.000   1.290 0.000   2.402 0.000 0.028 0.000 0.188 0.000
220.291667 221.291667   58.90 0.000  0.75 0.000 9.999 0.259000 9.99 0.259000 0.021 0.000  1.594 0.000  2.232 0.000 999.9 0.259000   9.313 0.000   4.891 0.000   4.422 0.000 0.043 0.000 0.407 0.000
223.291667 224.291667  178.10 0.699  0.98 0.699 0.034 0.699000 0.21 0.699000 0.076 0.000  2.243 0.000  3.140 0.000 999.9 0.699259  24.871 0.000  14.881 0.000   9.990 0.699 0.159 0.699 0.647 0.000
226.291667 227.291667  144.14 0.559  0.47 0.559 9.999 0.559259 0.26 0.559000 0.096 0.000  2.369 0.000  3.316 0.000  51.9 0.559000  22.731 0.000  14.160 0.000   8.570 0.559 0.126 0.559 0.544 0.000
229.291667 230.291667   65.58 0.559  0.78 0.559 9.999 0.559259 0.26 0.559000 0.082 0.000  2.416 0.000  3.382 0.000 999.9 0.559259  13.970 0.000   6.758 0.000   7.212 0.559 0.070 0.559 0.585 0.000
232.291667 233.291667  133.53 0.000  0.66 0.000 9.999 0.259000 0.24 0.000000 0.054 0.000  1.825 0.000  2.556 0.000 999.9 0.259000  14.898 0.000   7.610 0.000   7.288 0.000 0.115 0.000 0.468 0.000
235.291667 236.291667   68.91 0.000  0.59 0.000 0.022 0.000000 0.08 0.000000 0.017 0.000  1.380 0.000  1.932 0.000 999.9 0.259000   8.277 0.000   5.583 0.000   2.693 0.000 0.059 0.000 0.110 0.000
238.291667 239.291667   70.12 0.000  0.46 0.000 9.999 0.259000 0.13 0.000000 0.022 0.559  1.439 0.000  2.015 0.000 999.9 0.259000  10.445 0.000   6.763 0.000   3.682 0.000 0.061 0.000 0.243 0.559
241.291667 242.291667   80.55 0.000  1.90 0.000 9.999 0.259000 0.13 0.000000 0.051 0.000  1.987 0.000  2.781 0.000 999.9 0.259000   9.528 0.000   3.510 0.000   6.019 0.000 0.074 0.000 0.412 0.000
