scripts/IMPROVE-2019_partial/data/US9002R.20050101070000.20191216000000.filterpack..pm25.52w.1w.US03L_filterpack_US9002.US03L_IMPROVE_Davis.lev2.nas
66 1001
MISSING INFORMATION
US03L, IMPROVE, , , , , , , 
MISSING INFORMATION
IMPROVE sel_HTAP
1 1
2005 01 01 2019 12 16
3.000000
days from file reference point
27
1 1 1 1 1 1 1 1 1 1 1 1 1 1 1 1 1 1 1 1 1 1 1 1 1 1 1
999.999999 9999.99 9.999 99.99 9.999 9.999 9.999999 9.99 9.999999 9.999 9.999 99.999 9.999 99.999 9.999 99.99 9.999999 999.999 9.999 999.999 9.999 99.999 9.999 9.999 9.999 9.999 9.999
end_time of measurement, days from the file reference point
iron, ng/m3, Revision date=20181210133000
numflag iron, no unit, Revision date=20181210133000
lead, ng/m3, Revision date=20181210133000
numflag lead, no unit, Revision date=20181210133000
magnesium, ug/m3, Revision date=20181210133000
numflag magnesium, no unit, Revision date=20181210133000
nickel, ng/m3, Revision date=20181210133000
numflag nickel, no unit, Revision date=20181210133000
nitrate, ug N/m3, Revision date=20181210133000
numflag nitrate, no unit, Revision date=20181210133000
organic_carbon, ug C/m3, Revision date=20181210133000
numflag organic_carbon, no unit, Revision date=20181210133000
organic_mass, ug/m3, Revision date=20181210133000
numflag organic_mass, no unit, Revision date=20181210133000
phosphorus, ng/m3, Revision date=20181210133000
numflag phosphorus, no unit, Revision date=20181210133000
pm10_mass, ug/m3, Version=2, Version description=Data extracted from http://views.cira.colostate.edu/fed/DataWizard 2019-12-16, Sample duration=1d, Orig. time res.=3d, Matrix=pm10, Blank correction=Blank corrected, Volume std. temperature=ambient, Volume std. pressure=ambient
numflag pm10_mass, no unit, Version=2, Version description=Data extracted from http://views.cira.colostate.edu/fed/DataWizard 2019-12-16, Sample duration=1d, Orig. time res.=3d, Matrix=pm10, Blank correction=Blank corrected, Volume std. temperature=ambient, Volume std. pressure=ambient
pm10_pm25_mass, ug/m3, Revision date=20181210133000, Matrix=pm10_pm25
numflag pm10_pm25_mass, no unit, Revision date=20181210133000, Matrix=pm10_pm25
pm25_mass, ug/m3, Version=2, Version description=Data extracted from http://views.cira.colostate.edu/fed/DataWizard 2019-12-16, Sample duration=1d, Orig. time res.=3d, Blank correction=Blank corrected, Volume std. temperature=ambient, Volume std. pressure=ambient
numflag pm25_mass, no unit, Version=2, Version description=Data extracted from http://views.cira.colostate.edu/fed/DataWizard 2019-12-16, Sample duration=1d, Orig. time res.=3d, Blank correction=Blank corrected, Volume std. temperature=ambient, Volume std. pressure=ambient
potassium, ug/m3, Revision date=20181210133000
numflag potassium, no unit, Revision date=20181210133000
sulphate_total, ug S/m3, Revision date=20181210133000
numflag sulphate_total, no unit, Revision date=20181210133000
0
25
Data definition:              EBAS_1.1
Set type code:                TU
Timezone:                     UTC
File name:                    US9002R.20050101070000.20191216000000.filterpack..pm25.52w.1w.US03L_filterpack_US9002.US03L_IMPROVE_Davis.lev2.nas
File creation:                20191218120521
Startdate:                    20050101070000
Revision date:                20191216000000
Statistics:                   arithmetic mean
Data level:                   2
Period code:                  52w
Resolution code:              1w
Station code:                 US9002R
Platform code:                US9002S
Station name:                 Mount Zirkel Wilderness
Station latitude:             40.5383
Station longitude:            -106.6766
Station altitude:             3243.0 m
Regime:                       IMG
Component:                    
Matrix:                       pm25
Laboratory code:              US03L
Instrument type:              filterpack
Instrument name:              filterpack_US9002
Method ref:                   US03L_IMPROVE_Davis
starttime endtime Fe flag_Fe Pb flag_Pb Mg++ flag_Mg++ Ni flag_Ni NO3- flag_NO3- OC flag_OC OM flag_OM P flag_P PM10 flag_PM10 PM10-PM2.5 flag_PM10-PM2.5 PM2.5 flag_PM2.5 K+ flag_K+ SO4-- flag_SO4--
  0.291667   1.291667    2.36 0.000  0.33 0.000 9.999 0.259000 0.25 0.000000 0.011 0.000  0.079 0.000  0.143 0.000 99.99 0.259000   0.995 0.000   0.464 0.000  0.531 0.000 0.003 0.000 0.049 0.000
  3.291667   4.291667    2.89 0.000  1.03 0.000 0.009 0.000000 0.23 0.000000 0.010 0.000  0.120 0.000  0.216 0.000 99.99 0.259000   0.794 0.000   0.165 0.000  0.631 0.000 0.003 0.000 0.043 0.000
  6.291667   7.291667    5.01 0.000  0.43 0.000 9.999 0.259000 9.99 0.259000 0.019 0.000  0.169 0.000  0.305 0.000 99.99 0.259000   3.225 0.000   2.436 0.000  0.841 0.000 0.005 0.000 0.097 0.000
  9.291667  10.291667    0.63 0.000 99.99 0.259 9.999 0.259000 0.12 0.000000 0.003 0.000  0.046 0.000  0.083 0.000  1.66 0.000000   0.205 0.000   0.019 0.000  0.186 0.000 9.999 0.259 0.007 0.000
 12.291667  13.291667 9999.99 0.999 99.99 0.999 9.999 0.999000 9.99 0.999000 9.999 0.999 99.999 0.999 99.999 0.999 99.99 0.999000 999.999 0.999 999.999 0.999 99.999 0.999 9.999 0.999 9.999 0.999
 15.291667  16.291667    5.08 0.000  0.46 0.000 9.999 0.259000 0.12 0.000000 0.012 0.000  0.269 0.000  0.485 0.000 99.99 0.259000   0.456 0.000   0.149 0.000  0.307 0.000 0.004 0.000 0.044 0.000
 18.291667  19.291667    1.42 0.000 99.99 0.259 9.999 0.259000 0.15 0.000000 0.012 0.000  0.121 0.000  0.217 0.000 99.99 0.259000   0.902 0.000   0.750 0.000  0.152 0.000 0.004 0.000 0.042 0.000
 21.291667  22.291667    6.39 0.000  0.32 0.000 0.011 0.000000 9.99 0.259000 0.016 0.000  0.254 0.000  0.457 0.000 99.99 0.259000   1.478 0.000   0.772 0.000  0.707 0.000 0.009 0.000 0.051 0.000
 24.291667  25.291667    9.32 0.000  0.57 0.000 9.999 0.259000 0.12 0.000000 0.051 0.000 99.999 0.999 99.999 0.999 99.99 0.259000   2.301 0.000   0.710 0.000  1.605 0.000 0.013 0.000 0.115 0.000
 27.291667  28.291667    0.42 0.000 99.99 0.259 9.999 0.259000 0.24 0.000000 0.021 0.000 99.999 0.999 99.999 0.999 99.99 0.259000   0.905 0.000   0.287 0.000  0.618 0.000 9.999 0.259 0.117 0.000
 30.291667  31.291667    2.18 0.000 99.99 0.259 9.999 0.259000 0.24 0.000000 0.012 0.000 99.999 0.999 99.999 0.999 99.99 0.259000   0.949 0.000   0.361 0.000  0.589 0.000 0.003 0.000 0.108 0.000
 33.291667  34.291667    3.78 0.000  0.41 0.000 9.999 0.259000 0.17 0.000000 0.006 0.000 99.999 0.999 99.999 0.999 99.99 0.259000   1.022 0.000   0.686 0.000  0.337 0.000 0.005 0.000 0.046 0.000
 36.291667  37.291667    9.32 0.000  0.48 0.000 9.999 0.259000 9.99 0.259000 0.048 0.000 99.999 0.999 99.999 0.999 99.99 0.259000   1.818 0.000   0.723 0.000  1.094 0.000 0.009 0.000 0.103 0.000
 39.291667  40.291667   11.72 0.000  0.44 0.000 9.999 0.259000 0.23 0.000000 0.144 0.000 99.999 0.999 99.999 0.999 99.99 0.259000   2.715 0.000   1.189 0.000  1.527 0.000 0.007 0.000 0.128 0.000
 42.291667  43.291667    1.03 0.000  0.56 0.000 9.999 0.259000 9.99 0.259000 0.001 0.000 99.999 0.999 99.999 0.999 99.99 0.259000   0.329 0.000   0.204 0.000  0.125 0.000 0.001 0.000 0.016 0.000
 45.291667  46.291667    9.54 0.000  0.56 0.000 9.999 0.259000 9.99 0.259000 0.012 0.000 99.999 0.999 99.999 0.999 99.99 0.259000   1.138 0.000   0.417 0.000  0.728 0.000 0.006 0.000 0.102 0.000
 48.291667  49.291667    6.61 0.000  0.58 0.000 0.009 0.000000 0.16 0.000000 0.006 0.000  0.727 0.000  1.309 0.000 99.99 0.259000   1.483 0.000   0.337 0.000  1.146 0.000 0.008 0.000 0.114 0.000
 51.291667  52.291667    1.18 0.000  0.19 0.000 9.999 0.259000 0.24 0.000000 0.019 0.000  0.039 0.000  0.071 0.000 99.99 0.259000   0.744 0.000   0.153 0.000  0.590 0.000 0.001 0.000 0.064 0.000
 54.291667  55.291667   14.40 0.000  0.52 0.000 0.016 0.000000 9.99 0.259000 0.024 0.000  0.112 0.000  0.202 0.000 99.99 0.259000   1.980 0.000   1.111 0.000  0.868 0.000 0.011 0.000 0.063 0.000
 57.291667  58.291667   22.51 0.000  0.62 0.000 0.007 0.000000 0.12 0.000000 0.122 0.000  0.618 0.000  1.112 0.000 99.99 0.259000   4.329 0.000   1.941 0.000  2.388 0.000 0.018 0.000 0.178 0.000
 60.291667  61.291667    9.40 0.000  0.47 0.000 0.009 0.000000 9.99 0.259000 0.070 0.000  0.088 0.000  0.159 0.000 99.99 0.259000   1.536 0.000   0.567 0.000  0.969 0.000 0.008 0.000 0.102 0.000
 63.291667  64.291667   32.75 0.000  0.98 0.000 9.999 0.259000 0.11 0.000000 0.125 0.000  0.465 0.000  0.837 0.000 99.99 0.259000   4.363 0.000   1.768 0.000  2.594 0.000 0.022 0.000 0.219 0.000
 66.291667  67.291667    9.96 0.000  0.64 0.000 9.999 0.259000 0.12 0.000000 0.070 0.000  0.011 0.000  0.019 0.000 99.99 0.259000   1.770 0.000   0.688 0.000  1.082 0.000 0.012 0.000 0.096 0.000
 69.291667  70.291667   36.34 0.000  0.35 0.000 9.999 0.259000 9.99 0.259000 0.043 0.000  0.197 0.000  0.355 0.000 99.99 0.259000   2.759 0.000   1.244 0.000  1.514 0.000 0.018 0.000 0.085 0.000
 72.291667  73.291667   10.48 0.000  0.18 0.000 9.999 0.259000 9.99 0.259000 0.016 0.000 99.999 0.259 99.999 0.259 99.99 0.259000   2.716 0.000   1.892 0.000  0.824 0.000 0.006 0.000 0.111 0.000
 75.291667  76.291667   39.57 0.000  1.26 0.000 9.999 0.259000 9.99 0.259000 0.040 0.000  0.521 0.000  0.938 0.000 99.99 0.259000  24.980 0.000  23.012 0.000  1.967 0.000 0.031 0.000 0.195 0.000
 78.291667  79.291667    4.77 0.000  0.66 0.000 9.999 0.259000 9.99 0.259000 0.016 0.000  0.289 0.000  0.520 0.000 99.99 0.259000   2.627 0.000   2.054 0.000  0.574 0.000 0.006 0.000 0.097 0.000
 81.291667  82.291667    4.87 0.000  0.56 0.000 9.999 0.259000 9.99 0.259000 0.012 0.000  0.239 0.000  0.430 0.000 99.99 0.259000   2.601 0.000   2.224 0.000  0.377 0.000 0.004 0.000 0.081 0.000
 84.291667  85.291667    2.25 0.000  0.51 0.000 9.999 0.259000 9.99 0.259000 0.054 0.000  0.435 0.000  0.783 0.000 99.99 0.259000   1.533 0.000   0.250 0.000  1.283 0.000 0.001 0.000 0.253 0.000
 87.291667  88.291667    5.38 0.394  0.60 0.394 9.999 0.394259 9.99 0.394259 0.045 0.394  0.173 0.000  0.311 0.000 99.99 0.394259   1.839 0.000   1.026 0.000  0.836 0.000 0.005 0.394 0.194 0.394
 90.291667  91.291667    5.81 0.000  0.47 0.000 9.999 0.259000 0.13 0.000000 0.030 0.000  0.226 0.000  0.407 0.000 99.99 0.259000 999.999 0.456   2.814 0.000  0.754 0.000 0.005 0.000 0.129 0.000
 93.291667  94.291667   37.29 0.000  0.98 0.000 9.999 0.259000 9.99 0.259000 0.032 0.000  0.387 0.000  0.697 0.000 99.99 0.259000   4.440 0.000   2.407 0.000  2.033 0.000 0.025 0.000 0.189 0.000
 96.291667  97.291667   61.92 0.000  1.55 0.000 9.999 0.259000 0.10 0.000000 0.027 0.000  0.369 0.000  0.664 0.000 99.99 0.259000   5.543 0.000   2.747 0.000  2.795 0.000 0.042 0.000 0.235 0.000
 99.291667 100.291667   14.74 0.000  0.64 0.000 0.008 0.000000 0.14 0.000000 0.018 0.000  0.197 0.000  0.355 0.000 99.99 0.259000   2.033 0.000   0.741 0.000  1.292 0.000 0.011 0.000 0.190 0.000
102.291667 103.291667  184.48 0.000  3.02 0.000 0.086 0.000000 0.15 0.000000 0.050 0.000  0.310 0.000  0.558 0.000 99.99 0.259000  10.221 0.000   4.783 0.000  5.490 0.000 0.113 0.000 0.369 0.000
105.291667 106.291667   99.92 0.000  2.81 0.000 0.039 0.000000 9.99 0.259000 0.055 0.000  0.579 0.000  1.042 0.000 99.99 0.259000   8.894 0.000   4.454 0.000  4.439 0.000 0.076 0.000 0.366 0.000
108.291667 109.291667  151.80 0.000  2.20 0.000 0.060 0.000000 9.99 0.259000 0.084 0.000  0.480 0.000  0.865 0.000 99.99 0.259000  11.841 0.000   6.560 0.000  5.352 0.000 0.099 0.000 0.391 0.000
111.291667 112.291667   16.09 0.000  0.58 0.000 9.999 0.259000 9.99 0.259000 0.038 0.000  0.217 0.000  0.391 0.000 99.99 0.259000   2.220 0.000   0.735 0.000  1.484 0.000 0.012 0.000 0.184 0.000
114.291667 115.291667 9999.99 0.999 99.99 0.999 9.999 0.999000 9.99 0.999000 9.999 0.999 99.999 0.999 99.999 0.999 99.99 0.999000   2.837 0.000 999.999 0.999  1.839 0.000 9.999 0.999 9.999 0.999
117.291667 118.291667   12.33 0.000  0.92 0.000 9.999 0.259000 0.39 0.000000 0.045 0.000  0.261 0.000  0.470 0.000 99.99 0.259000   2.177 0.000   1.047 0.000  1.130 0.000 0.008 0.000 0.153 0.000
120.291667 121.291667   23.73 0.000  0.94 0.000 9.999 0.259000 9.99 0.259000 0.041 0.000  0.325 0.000  0.585 0.000 99.99 0.259000   3.374 0.000   0.459 0.000  2.915 0.000 0.017 0.000 0.409 0.000
123.291667 124.291667   25.15 0.000  0.72 0.000 9.999 0.259000 0.12 0.000000 0.046 0.000  0.120 0.000  0.217 0.000 99.99 0.259000   3.442 0.000   1.095 0.000  2.346 0.000 0.017 0.000 0.336 0.000
126.291667 127.291667   11.99 0.000  0.31 0.000 9.999 0.259000 0.06 0.000000 0.014 0.000  0.029 0.000  0.053 0.000 99.99 0.259000   1.316 0.000   0.596 0.000  0.720 0.000 0.009 0.000 0.084 0.000
129.291667 130.291667  137.74 0.000  1.98 0.000 0.051 0.000000 9.99 0.259000 0.054 0.000  0.187 0.000  0.336 0.000 99.99 0.259000   7.438 0.000   3.231 0.000  4.243 0.000 0.083 0.000 0.331 0.000
132.291667 133.291667 9999.99 0.999 99.99 0.999 9.999 0.999000 9.99 0.999000 9.999 0.999 99.999 0.999 99.999 0.999 99.99 0.999000 999.999 0.999 999.999 0.999 99.999 0.999 9.999 0.999 9.999 0.999
135.291667 136.291667 9999.99 0.999 99.99 0.999 9.999 0.999000 9.99 0.999000 9.999 0.999 99.999 0.999 99.999 0.999 99.99 0.999000 999.999 0.999 999.999 0.999 99.999 0.999 9.999 0.999 9.999 0.999
138.291667 139.291667   21.38 0.000  0.59 0.000 9.999 0.259000 9.99 0.259000 0.012 0.000  0.366 0.000  0.658 0.000 99.99 0.259000   3.204 0.000   1.612 0.000  1.592 0.000 0.016 0.000 0.125 0.000
141.291667 142.291667   49.81 0.000  1.10 0.000 9.999 0.259000 9.99 0.259000 0.027 0.000  0.708 0.000  1.275 0.000 99.99 0.259000   5.878 0.000   2.821 0.000  3.056 0.000 0.036 0.000 0.210 0.000
144.291667 145.291667   29.76 0.000  0.45 0.000 0.011 0.000000 0.07 0.000000 0.032 0.000  0.263 0.000  0.474 0.000 99.99 0.259000   4.477 0.000   2.420 0.000  2.083 0.000 0.021 0.000 0.187 0.000
147.291667 148.291667   18.33 0.000  0.77 0.000 9.999 0.259000 9.99 0.259000 0.010 0.000  0.266 0.000  0.478 0.000 99.99 0.259000   3.528 0.000   1.281 0.000  2.247 0.000 0.014 0.000 0.308 0.000
150.291667 151.291667    3.89 0.000 99.99 0.259 9.999 0.259000 9.99 0.259000 0.016 0.000  0.184 0.000  0.331 0.000 99.99 0.259000   1.633 0.000   0.584 0.000  1.050 0.000 0.004 0.000 0.100 0.000
153.291667 154.291667    8.55 0.000  0.49 0.000 9.999 0.259000 9.99 0.259000 0.017 0.000  0.106 0.000  0.191 0.000 99.99 0.259000   1.597 0.000   0.541 0.000  1.056 0.000 0.009 0.000 0.121 0.000
156.291667 157.291667   26.97 0.000  0.60 0.000 9.999 0.259000 9.99 0.259000 0.026 0.000  0.176 0.000  0.317 0.000 99.99 0.259000   4.913 0.000   2.386 0.000  2.526 0.000 0.024 0.000 0.248 0.000
159.291667 160.291667   13.97 0.000  0.17 0.000 9.999 0.259000 9.99 0.259000 0.037 0.000  0.731 0.000  1.315 0.000 99.99 0.259000   2.922 0.000   1.138 0.000  1.784 0.000 0.012 0.000 0.161 0.000
162.291667 163.291667    1.97 0.000  0.22 0.000 9.999 0.259000 9.99 0.259000 0.011 0.000  0.275 0.000  0.496 0.000 99.99 0.259000   0.616 0.000   0.210 0.000  0.406 0.000 0.002 0.000 0.052 0.000
165.291667 166.291667   13.81 0.000  0.33 0.000 9.999 0.259000 0.07 0.000000 0.010 0.000  0.640 0.000  1.152 0.000 99.99 0.259000   4.353 0.000   1.678 0.000  2.674 0.000 0.014 0.000 0.270 0.000
168.291667 169.291667   26.97 0.000  0.46 0.000 9.999 0.259000 9.99 0.259000 0.023 0.000  0.527 0.000  0.949 0.000 99.99 0.259000   4.460 0.000   2.215 0.000  2.247 0.000 0.052 0.000 0.205 0.000
171.291667 172.291667   22.08 0.000  0.52 0.000 9.999 0.259000 9.99 0.259000 0.015 0.000  1.155 0.000  2.079 0.000 99.99 0.259000   7.607 0.000   2.922 0.000  4.691 0.000 0.044 0.000 0.414 0.000
174.291667 175.291667   13.63 0.000  0.34 0.000 9.999 0.259000 9.99 0.259000 0.026 0.000  1.039 0.000  1.870 0.000 99.99 0.259000   5.268 0.000   1.458 0.000  3.810 0.000 0.068 0.000 0.333 0.000
177.291667 178.291667   30.58 0.000  0.51 0.000 0.008 0.000000 9.99 0.259000 0.027 0.000  1.163 0.000  2.093 0.000 99.99 0.259000   7.061 0.000   2.329 0.000  4.732 0.000 0.073 0.000 0.406 0.000
180.291667 181.291667 9999.99 0.999 99.99 0.999 9.999 0.999000 9.99 0.999000 9.999 0.999 99.999 0.999 99.999 0.999 99.99 0.999000 999.999 0.999 999.999 0.999 99.999 0.999 9.999 0.999 9.999 0.999
183.291667 184.291667 9999.99 0.999 99.99 0.999 9.999 0.999000 9.99 0.999000 9.999 0.999 99.999 0.999 99.999 0.999 99.99 0.999000 999.999 0.999 999.999 0.999 99.999 0.999 9.999 0.999 9.999 0.999
186.291667 187.291667   24.16 0.000  0.57 0.000 9.999 0.259000 9.99 0.259000 0.022 0.000  1.264 0.000  2.275 0.000 99.99 0.259000   7.491 0.000   2.768 0.000  4.723 0.000 0.051 0.000 0.314 0.000
189.291667 190.291667   25.14 0.000  0.55 0.000 9.999 0.259000 9.99 0.259000 0.021 0.000  1.105 0.000  1.990 0.000 99.99 0.259000   6.929 0.000   3.050 0.000  3.878 0.000 0.045 0.000 0.264 0.000
192.291667 193.291667   22.37 0.000  0.48 0.000 9.999 0.259000 9.99 0.259000 0.012 0.000 99.999 0.456 99.999 0.456 99.99 0.259000 999.999 0.456 999.999 0.999  2.720 0.000 0.017 0.000 0.208 0.000
195.291667 196.291667   33.17 0.000  0.42 0.000 9.999 0.259000 9.99 0.259000 0.016 0.000 99.999 0.456 99.999 0.456 99.99 0.259000 999.999 0.456 999.999 0.999  4.459 0.000 0.038 0.000 0.263 0.000
198.291667 199.291667   21.87 0.000  0.29 0.000 0.006 0.000000 9.99 0.259000 0.013 0.000 99.999 0.456 99.999 0.456 99.99 0.259000 999.999 0.456 999.999 0.999  2.874 0.000 0.029 0.000 0.134 0.000
201.291667 202.291667   32.31 0.000  0.46 0.000 0.011 0.000000 9.99 0.259000 0.024 0.000  1.864 0.000  3.355 0.000 99.99 0.259000  11.033 0.000   5.314 0.000  5.718 0.000 0.090 0.000 0.306 0.000
204.291667 205.291667   13.69 0.000 99.99 0.259 9.999 0.259000 9.99 0.259000 0.017 0.000  1.192 0.000  2.146 0.000 99.99 0.259000   4.978 0.000   1.338 0.000  3.640 0.000 0.052 0.000 0.198 0.000
207.291667 208.291667   15.56 0.000  0.51 0.000 9.999 0.259000 9.99 0.259000 0.016 0.000  0.538 0.000  0.969 0.000 99.99 0.259000   6.388 0.000   3.587 0.000  2.799 0.000 0.014 0.000 0.185 0.000
210.291667 211.291667   51.47 0.394  0.28 0.394 0.010 0.394000 9.99 0.394259 0.016 0.394  1.304 0.000  2.346 0.000 99.99 0.394259   9.735 0.000   5.498 0.000  4.316 0.000 0.039 0.394 0.203 0.394
213.291667 214.291667   67.71 0.000  0.35 0.000 9.999 0.259000 9.99 0.259000 0.027 0.000  0.623 0.000  1.121 0.000 99.99 0.259000   7.484 0.000   4.313 0.000  3.224 0.000 0.030 0.000 0.227 0.000
216.291667 217.291667    9.67 0.000  0.28 0.000 9.999 0.259000 9.99 0.259000 0.005 0.000  0.548 0.000  0.986 0.000 99.99 0.259000   2.757 0.000   1.162 0.000  1.595 0.000 0.006 0.000 0.077 0.000
219.291667 220.291667   31.53 0.000  0.51 0.000 9.999 0.259000 9.99 0.259000 0.012 0.000  1.476 0.000  2.658 0.000 99.99 0.259000   7.167 0.000   2.509 0.000  4.658 0.000 0.022 0.000 0.237 0.000
222.291667 223.291667    9.03 0.000  0.16 0.000 9.999 0.259000 9.99 0.259000 0.011 0.000  0.638 0.000  1.148 0.000 99.99 0.259000   3.424 0.000   1.033 0.000  2.390 0.000 0.014 0.000 0.170 0.000
225.291667 226.291667   15.76 0.000  0.26 0.000 9.999 0.259000 9.99 0.259000 0.017 0.000  1.009 0.000  1.816 0.000 99.99 0.259000   4.788 0.000   1.737 0.000  3.050 0.000 0.026 0.000 0.137 0.000
228.291667 229.291667    7.79 0.394  0.34 0.394 9.999 0.394259 9.99 0.394259 0.023 0.394  0.539 0.000  0.971 0.000 99.99 0.394259   2.784 0.000   0.969 0.000  1.828 0.000 0.009 0.394 0.136 0.394
231.291667 232.291667   17.63 0.000  0.42 0.000 9.999 0.259000 9.99 0.259000 0.018 0.000  0.499 0.000  0.898 0.000 99.99 0.259000   5.837 0.000   2.523 0.000  3.313 0.000 0.013 0.000 0.360 0.000
234.291667 235.291667 9999.99 0.999 99.99 0.999 9.999 0.999000 9.99 0.999000 9.999 0.999 99.999 0.999 99.999 0.999 99.99 0.999000 999.999 0.999 999.999 0.999 99.999 0.999 9.999 0.999 9.999 0.999
237.291667 238.291667   17.40 0.000  0.39 0.000 9.999 0.259000 9.99 0.259000 0.028 0.000  0.564 0.000  1.016 0.000 99.99 0.259000   6.467 0.000   3.304 0.000  3.163 0.000 0.018 0.000 0.317 0.000
240.291667 241.291667   24.32 0.000  0.47 0.000 9.999 0.259000 9.99 0.259000 0.026 0.000  1.202 0.000  2.164 0.000 99.99 0.259000   7.465 0.000   3.559 0.000  3.904 0.000 0.046 0.000 0.200 0.000
243.291667 244.291667   37.56 0.000  0.34 0.000 0.013 0.000000 9.99 0.259000 0.014 0.000  0.825 0.000  1.485 0.000 99.99 0.259000   6.900 0.000   4.137 0.000  2.762 0.000 0.027 0.000 0.092 0.000
