scripts/IMPROVE-2019_partial/data/US9020R.20010101080000.20191216000000.filterpack..pm25.52w.1w.US03L_filterpack_US9020.US03L_IMPROVE_Davis.lev2.nas
66 1001
MISSING INFORMATION
US03L, IMPROVE, , , , , , , 
MISSING INFORMATION
IMPROVE sel_HTAP
1 1
2001 01 01 2019 12 16
3.000000
days from file reference point
27
1 1 1 1 1 1 1 1 1 1 1 1 1 1 1 1 1 1 1 1 1 1 1 1 1 1 1
999.999999 9999.99 9.999 999.99 9.999999 9.999 9.999999 9.99 9.999999 9.999 9.999 99.999 9.999 99.999 9.999 99.99 9.999999 999.999 9.999 999.999 9.999 999.999 9.999 9.999 9.999 9.999 9.999
end_time of measurement, days from the file reference point
iron, ng/m3, Revision date=20181210133000
numflag iron, no unit, Revision date=20181210133000
lead, ng/m3, Revision date=20181210133000
numflag lead, no unit, Revision date=20181210133000
magnesium, ug/m3, Revision date=20181210133000
numflag magnesium, no unit, Revision date=20181210133000
nickel, ng/m3, Revision date=20181210133000
numflag nickel, no unit, Revision date=20181210133000
nitrate, ug N/m3, Revision date=20181210133000
numflag nitrate, no unit, Revision date=20181210133000
organic_carbon, ug C/m3, Revision date=20181210133000
numflag organic_carbon, no unit, Revision date=20181210133000
organic_mass, ug/m3, Revision date=20181210133000
numflag organic_mass, no unit, Revision date=20181210133000
phosphorus, ng/m3, Revision date=20181210133000
numflag phosphorus, no unit, Revision date=20181210133000
pm10_mass, ug/m3, Version=2, Version description=Data extracted from http://views.cira.colostate.edu/fed/DataWizard 2019-12-16, Sample duration=1d, Orig. time res.=3d, Matrix=pm10, Blank correction=Blank corrected, Volume std. temperature=ambient, Volume std. pressure=ambient
numflag pm10_mass, no unit, Version=2, Version description=Data extracted from http://views.cira.colostate.edu/fed/DataWizard 2019-12-16, Sample duration=1d, Orig. time res.=3d, Matrix=pm10, Blank correction=Blank corrected, Volume std. temperature=ambient, Volume std. pressure=ambient
pm10_pm25_mass, ug/m3, Revision date=20181210133000, Matrix=pm10_pm25
numflag pm10_pm25_mass, no unit, Revision date=20181210133000, Matrix=pm10_pm25
pm25_mass, ug/m3, Version=2, Version description=Data extracted from http://views.cira.colostate.edu/fed/DataWizard 2019-12-16, Sample duration=1d, Orig. time res.=3d, Blank correction=Blank corrected, Volume std. temperature=ambient, Volume std. pressure=ambient
numflag pm25_mass, no unit, Version=2, Version description=Data extracted from http://views.cira.colostate.edu/fed/DataWizard 2019-12-16, Sample duration=1d, Orig. time res.=3d, Blank correction=Blank corrected, Volume std. temperature=ambient, Volume std. pressure=ambient
potassium, ug/m3, Revision date=20181210133000
numflag potassium, no unit, Revision date=20181210133000
sulphate_total, ug S/m3, Revision date=20181210133000
numflag sulphate_total, no unit, Revision date=20181210133000
0
25
Data definition:              EBAS_1.1
Set type code:                TU
Timezone:                     UTC
File name:                    US9020R.20010101080000.20191216000000.filterpack..pm25.52w.1w.US03L_filterpack_US9020.US03L_IMPROVE_Davis.lev2.nas
File creation:                20191218120626
Startdate:                    20010101080000
Revision date:                20191216000000
Statistics:                   arithmetic mean
Data level:                   2
Period code:                  52w
Resolution code:              1w
Station code:                 US9020R
Platform code:                US9020S
Station name:                 Mount Hood
Station latitude:             45.2888
Station longitude:            -121.7837
Station altitude:             1531.0 m
Regime:                       IMG
Component:                    
Matrix:                       pm25
Laboratory code:              US03L
Instrument type:              filterpack
Instrument name:              filterpack_US9020
Method ref:                   US03L_IMPROVE_Davis
starttime endtime Fe flag_Fe Pb flag_Pb Mg++ flag_Mg++ Ni flag_Ni NO3- flag_NO3- OC flag_OC OM flag_OM P flag_P PM10 flag_PM10 PM10-PM2.5 flag_PM10-PM2.5 PM2.5 flag_PM2.5 K+ flag_K+ SO4-- flag_SO4--
  0.333333   1.333333    2.46 0.000 999.99 0.259000 9.999 0.259000 9.99 0.259000 0.011 0.000  0.220 0.000  0.308 0.000 99.99 0.259000   0.974 0.000   0.416 0.000   0.558 0.000 0.007 0.000 0.080 0.000
  3.333333   4.333333    7.62 0.000 999.99 0.259000 9.999 0.259000 9.99 0.259000 0.014 0.000  0.302 0.000  0.423 0.000 99.99 0.259000   1.768 0.000   0.900 0.000   0.868 0.000 0.009 0.000 0.088 0.000
  6.333333   7.333333    5.54 0.000   0.35 0.000000 9.999 0.259000 9.99 0.259000 0.093 0.000  0.428 0.000  0.599 0.000 99.99 0.259000   4.404 0.000   2.722 0.000   1.682 0.000 0.009 0.000 0.174 0.000
  9.333333  10.333333    1.12 0.000 999.99 0.259000 9.999 0.259000 9.99 0.259000 0.025 0.000  0.172 0.000  0.241 0.000 99.99 0.259000   0.832 0.000   0.333 0.000   0.498 0.000 0.004 0.000 0.063 0.000
 12.333333  13.333333    0.42 0.000   0.08 0.000000 9.999 0.259000 9.99 0.259000 0.005 0.000 99.999 0.259 99.999 0.259 99.99 0.259000 999.999 0.259 999.999 0.259 999.999 0.259 9.999 0.259 0.028 0.000
 15.333333  16.333333    1.60 0.000   0.25 0.000000 0.018 0.000000 0.06 0.000000 9.999 0.699  0.326 0.000  0.457 0.000 99.99 0.259000   1.494 0.000   0.072 0.000   1.422 0.000 0.011 0.000 9.999 0.699
 18.333333  19.333333    0.82 0.000 999.99 0.259000 9.999 0.259000 0.09 0.000000 0.023 0.000  0.090 0.000  0.126 0.000 99.99 0.259000   1.289 0.000   0.043 0.000   1.246 0.000 0.009 0.000 0.124 0.000
 21.333333  22.333333    1.56 0.000 999.99 0.259000 0.025 0.000000 9.99 0.259000 0.028 0.000  0.175 0.000  0.245 0.000 99.99 0.259000   0.457 0.000   0.053 0.000   0.405 0.000 0.009 0.000 0.098 0.000
 24.333333  25.333333    1.00 0.000   0.14 0.000000 9.999 0.259000 9.99 0.259000 0.026 0.000  0.059 0.000  0.083 0.000 99.99 0.259000 999.999 0.259 999.999 0.259   0.302 0.000 0.004 0.000 0.051 0.000
 27.333333  28.333333    4.72 0.000   0.28 0.000000 0.030 0.000000 9.99 0.259000 0.010 0.000  0.212 0.000  0.296 0.000 99.99 0.259000   1.248 0.000   0.812 0.000   0.436 0.000 0.008 0.000 0.135 0.000
 30.333333  31.333333    4.03 0.000 999.99 0.259000 0.016 0.000000 9.99 0.259000 0.004 0.000  0.076 0.000  0.106 0.000 99.99 0.259000   2.062 0.000   1.509 0.000   0.553 0.000 0.004 0.000 0.100 0.000
 33.333333  34.333333    1.66 0.000 999.99 0.259000 0.026 0.000000 9.99 0.259000 0.011 0.000  0.112 0.000  0.156 0.000 99.99 0.259000   1.046 0.000   0.167 0.000   0.879 0.000 0.007 0.000 0.082 0.000
 36.333333  37.333333    1.52 0.000   0.26 0.000000 9.999 0.259000 9.99 0.259000 0.023 0.000  0.209 0.000  0.293 0.000 99.99 0.259000   1.191 0.000   0.202 0.000   0.989 0.000 0.008 0.000 0.135 0.000
 39.333333  40.333333    2.06 0.000   0.37 0.000000 0.016 0.000000 9.99 0.259000 0.036 0.000  0.357 0.000  0.499 0.000 99.99 0.259000   1.389 0.000   0.169 0.000   1.220 0.000 0.009 0.000 0.189 0.000
 42.333333  43.333333    4.12 0.000   0.44 0.000000 9.999 0.259000 9.99 0.259000 0.132 0.000  0.449 0.000  0.629 0.000 99.99 0.259000   1.726 0.000   0.406 0.000   1.320 0.000 0.009 0.000 0.182 0.000
 45.333333  46.333333    9.23 0.000   0.66 0.000000 9.999 0.259000 9.99 0.259000 0.058 0.000  0.386 0.000  0.540 0.000 99.99 0.259000   2.189 0.000   0.445 0.000   1.744 0.000 0.017 0.000 0.180 0.000
 48.333333  49.333333    1.83 0.000 999.99 0.259000 9.999 0.259000 9.99 0.259000 0.015 0.000  0.214 0.000  0.300 0.000 99.99 0.259000   1.548 0.000   1.120 0.000   0.428 0.000 0.002 0.000 0.063 0.000
 51.333333  52.333333    1.01 0.000 999.99 0.259000 9.999 0.259000 9.99 0.259000 0.009 0.000  0.137 0.000  0.191 0.000 99.99 0.259000   0.209 0.000 999.999 0.259   0.340 0.000 0.006 0.000 0.010 0.000
 54.333333  55.333333    9.96 0.000 999.99 0.259000 9.999 0.259000 9.99 0.259000 0.068 0.000  0.262 0.000  0.367 0.000 99.99 0.259000   2.862 0.000   0.801 0.000   2.061 0.000 0.010 0.000 0.241 0.000
 57.333333  58.333333   16.88 0.000   0.40 0.000000 9.999 0.259000 9.99 0.259000 0.065 0.000  0.298 0.000  0.418 0.000 99.99 0.259000   2.764 0.000   0.986 0.000   1.778 0.000 0.018 0.000 0.151 0.000
 60.333333  61.333333    4.19 0.000   0.42 0.000000 9.999 0.259000 9.99 0.259000 0.019 0.000  0.005 0.000  0.007 0.000 99.99 0.259000   1.894 0.000   0.337 0.000   1.557 0.000 0.011 0.000 0.072 0.000
 63.333333  64.333333   45.51 0.000   0.75 0.000000 9.999 0.259000 0.34 0.000000 0.044 0.000  0.344 0.000  0.482 0.000 99.99 0.259000   6.652 0.000   3.861 0.000   2.790 0.000 0.038 0.000 0.199 0.000
 66.333333  67.333333    3.51 0.000   0.57 0.000000 9.999 0.259000 0.59 0.000000 0.018 0.000  0.141 0.000  0.197 0.000 99.99 0.259000   0.878 0.000   0.114 0.000   0.765 0.000 0.006 0.000 0.066 0.000
 69.333333  70.333333    1.55 0.000   0.55 0.000000 9.999 0.259000 0.65 0.000000 0.024 0.000  0.096 0.000  0.134 0.000  4.70 0.000000   0.631 0.000   0.384 0.000   0.247 0.000 0.002 0.000 0.049 0.000
 72.333333  73.333333    4.26 0.000 999.99 0.259000 9.999 0.259000 9.99 0.259000 0.013 0.000  0.109 0.000  0.152 0.000 99.99 0.259000   0.884 0.000   0.174 0.000   0.710 0.000 0.004 0.000 0.066 0.000
 75.333333  76.333333 9999.99 0.999 999.99 0.999000 9.999 0.999000 9.99 0.999000 0.001 0.000  0.008 0.000  0.011 0.000 99.99 0.999000 999.999 0.999 999.999 0.999 999.999 0.999 9.999 0.999 0.011 0.000
 78.333333  79.333333   33.69 0.000   1.83 0.000000 9.999 0.259000 0.39 0.000000 0.051 0.000  0.369 0.000  0.517 0.000 99.99 0.259000   3.593 0.000   1.379 0.000   2.214 0.000 0.032 0.000 0.174 0.000
 81.333333  82.333333   52.18 0.000   2.03 0.000000 9.999 0.259000 0.27 0.000000 0.030 0.000  1.054 0.000  1.475 0.000 99.99 0.259000   5.323 0.000   1.566 0.000   3.756 0.000 0.051 0.000 0.236 0.000
 84.333333  85.333333    5.75 0.000   0.87 0.000000 9.999 0.259000 0.75 0.000000 0.042 0.000  0.088 0.000  0.123 0.000 99.99 0.259000   1.473 0.000   0.422 0.000   1.051 0.000 0.009 0.000 0.078 0.000
 87.333333  88.333333   20.68 0.000   1.07 0.000000 9.999 0.259000 9.99 0.259000 0.016 0.000  0.139 0.000  0.195 0.000 99.99 0.259000   1.882 0.000   0.588 0.000   1.294 0.000 0.016 0.000 0.113 0.000
 90.333333  91.333333   12.84 0.000   0.73 0.000000 9.999 0.259000 0.25 0.000000 0.017 0.000  0.082 0.000  0.115 0.000 99.99 0.259000   4.798 0.000   3.930 0.000   0.868 0.000 0.011 0.000 0.082 0.000
 93.333333  94.333333   17.60 0.000   0.91 0.000000 9.999 0.259000 0.55 0.000000 0.019 0.000  0.284 0.000  0.398 0.000 99.99 0.259000   3.241 0.000   0.905 0.000   2.336 0.000 0.014 0.000 0.277 0.000
 96.333333  97.333333    3.11 0.000   0.81 0.000000 9.999 0.259000 9.99 0.259000 0.019 0.000  0.077 0.000  0.108 0.000 99.99 0.259000   0.926 0.000   0.334 0.000   0.592 0.000 0.005 0.000 0.054 0.000
 99.333333 100.333333 9999.99 0.456 999.99 0.456000 9.999 0.456000 9.99 0.456000 0.000 0.000  0.027 0.000  0.037 0.000 99.99 0.456000   0.085 0.000 999.999 0.999 999.999 0.456 9.999 0.456 0.003 0.000
102.333333 103.333333    3.83 0.000   0.82 0.000000 9.999 0.259000 9.99 0.259000 0.036 0.000  0.082 0.000  0.115 0.000 99.99 0.259000   1.305 0.000   0.352 0.000   0.953 0.000 0.007 0.000 0.076 0.000
105.333333 106.333333  472.34 0.559   2.68 0.559000 9.999 0.559259 9.99 0.559259 0.108 0.000  0.921 0.000  1.290 0.000 99.99 0.559259  22.339 0.000  10.376 0.000  11.964 0.559 0.240 0.559 0.316 0.000
108.333333 109.333333  143.74 0.000   0.83 0.000000 9.999 0.259000 9.99 0.259000 0.085 0.000  0.421 0.000  0.590 0.000 99.99 0.259000   6.566 0.000   2.845 0.000   3.720 0.000 0.074 0.000 0.142 0.000
111.333333 112.333333  146.34 0.000   1.07 0.000000 9.999 0.259000 9.99 0.259000 0.060 0.000  0.306 0.000  0.428 0.000 99.99 0.259000   7.237 0.000   3.205 0.000   4.032 0.000 0.079 0.000 0.132 0.000
114.333333 115.333333  332.79 0.559  28.44 0.559000 9.999 0.559259 9.99 0.559259 0.084 0.000  1.326 0.000  1.857 0.000 99.99 0.559259  19.087 0.000   8.653 0.000  10.433 0.559 0.211 0.559 0.415 0.000
117.333333 118.333333   13.32 0.000   0.54 0.000000 9.999 0.259000 9.99 0.259000 0.011 0.000  0.106 0.000  0.148 0.000 99.99 0.259000   1.464 0.000   0.476 0.000   0.988 0.000 0.015 0.000 0.085 0.000
120.333333 121.333333    3.44 0.000   0.48 0.000000 9.999 0.259000 9.99 0.259000 0.005 0.000  0.020 0.000  0.028 0.000 99.99 0.259000   1.786 0.000   1.048 0.000   0.739 0.000 0.004 0.000 0.053 0.000
123.333333 124.333333   75.17 0.000   1.46 0.000000 9.999 0.259000 0.27 0.000000 0.046 0.000  0.916 0.000  1.283 0.000 99.99 0.259000   6.154 0.000   2.195 0.000   3.959 0.000 0.054 0.000 0.196 0.000
126.333333 127.333333  173.86 0.000   1.76 0.000000 9.999 0.259000 0.23 0.000000 0.075 0.000  1.061 0.000  1.486 0.000 99.99 0.259000   8.275 0.000   3.236 0.000   5.039 0.000 0.083 0.000 0.188 0.000
129.333333 130.333333  109.80 0.000   1.43 0.000000 9.999 0.259000 9.99 0.259000 0.115 0.000  0.901 0.000  1.261 0.000 99.99 0.259000   8.869 0.000   3.573 0.000   5.295 0.000 0.079 0.000 0.272 0.000
132.333333 133.333333   62.38 0.000   1.51 0.000000 9.999 0.259000 9.99 0.259000 0.053 0.000  0.638 0.000  0.893 0.000 99.99 0.259000   6.653 0.000   3.306 0.000   3.347 0.000 0.042 0.000 0.235 0.000
135.333333 136.333333   12.60 0.000   0.95 0.000000 9.999 0.259000 0.41 0.000000 0.083 0.000  0.320 0.000  0.448 0.000 99.99 0.259000   2.510 0.000   0.596 0.000   1.914 0.000 0.016 0.000 0.144 0.000
138.333333 139.333333   33.96 0.000   2.98 0.000000 9.999 0.259000 0.34 0.000000 0.058 0.000  0.837 0.000  1.172 0.000 99.99 0.259000   5.062 0.000   1.030 0.000   4.032 0.000 0.046 0.000 0.463 0.000
141.333333 142.333333   51.33 0.000   0.73 0.000000 9.999 0.259000 9.99 0.259000 0.032 0.000  1.389 0.000  1.945 0.000 99.99 0.259000   6.137 0.000   2.991 0.000   3.146 0.000 0.022 0.000 0.106 0.000
144.333333 145.333333  121.62 0.000   2.34 0.000000 9.999 0.259000 0.19 0.000000 0.105 0.000  1.234 0.000  1.728 0.000 99.99 0.259000   8.649 0.000   2.788 0.000   5.861 0.000 0.079 0.000 0.414 0.000
147.333333 148.333333   14.28 0.000   0.93 0.000000 9.999 0.259000 9.99 0.259000 0.022 0.000  0.212 0.000  0.296 0.000 99.99 0.259000   1.715 0.000   0.553 0.000   1.163 0.000 0.015 0.000 0.104 0.000
150.333333 151.333333   48.93 0.000   0.78 0.000000 9.999 0.259000 9.99 0.259000 0.017 0.000  0.693 0.000  0.970 0.000 99.99 0.259000   4.134 0.000   2.093 0.000   2.041 0.000 0.026 0.000 0.118 0.000
153.333333 154.333333    1.75 0.000   0.33 0.000000 9.999 0.259000 9.99 0.259000 0.042 0.000 99.999 0.259 99.999 0.259 99.99 0.259000   0.210 0.000 999.999 0.259   0.527 0.000 0.006 0.000 0.068 0.000
156.333333 157.333333    6.61 0.000   0.32 0.000000 9.999 0.259000 9.99 0.259000 0.019 0.000  0.306 0.000  0.429 0.000 99.99 0.259000   1.788 0.000   0.399 0.000   1.389 0.000 0.011 0.000 0.112 0.000
159.333333 160.333333    3.30 0.000   0.32 0.000000 9.999 0.259000 9.99 0.259000 0.024 0.000  0.146 0.000  0.205 0.000 99.99 0.259000   0.956 0.000   0.198 0.000   0.758 0.000 0.006 0.000 0.053 0.000
162.333333 163.333333    1.22 0.000   0.13 0.000000 9.999 0.259000 0.11 0.000000 0.008 0.000 99.999 0.259 99.999 0.259 99.99 0.259000   0.296 0.000 999.999 0.259   0.397 0.000 0.006 0.000 0.023 0.000
165.333333 166.333333    8.12 0.000   0.52 0.000000 9.999 0.259000 9.99 0.259000 0.021 0.000  0.118 0.000  0.166 0.000 99.99 0.259000   1.788 0.000   0.605 0.000   1.183 0.000 0.013 0.000 0.107 0.000
168.333333 169.333333   13.39 0.000   0.36 0.000000 9.999 0.259000 0.11 0.000000 0.048 0.000  0.371 0.000  0.520 0.000 99.99 0.259000   4.034 0.000   1.646 0.000   2.388 0.000 0.016 0.000 0.236 0.000
171.333333 172.333333   48.66 0.000   0.87 0.000000 9.999 0.259000 9.99 0.259000 0.048 0.000  1.215 0.000  1.701 0.000 99.99 0.259000   7.936 0.000   3.544 0.000   4.393 0.000 0.027 0.000 0.291 0.000
174.333333 175.333333    4.16 0.000   0.18 0.000000 9.999 0.259000 9.99 0.259000 0.018 0.000  0.079 0.000  0.111 0.000 99.99 0.259000   3.138 0.000   2.141 0.000   0.997 0.000 0.012 0.000 0.080 0.000
177.333333 178.333333    2.60 0.000   0.18 0.000000 9.999 0.259000 9.99 0.259000 0.010 0.000  0.265 0.000  0.371 0.000 99.99 0.259000   0.996 0.000   0.125 0.000   0.872 0.000 0.010 0.000 0.031 0.000
180.333333 181.333333   17.97 0.000   1.05 0.000000 9.999 0.259000 0.15 0.000000 0.104 0.000  1.501 0.000  2.102 0.000 99.99 0.259000   6.445 0.000   0.991 0.000   5.454 0.000 0.034 0.000 0.443 0.000
183.333333 184.333333   39.30 0.000   0.72 0.000000 9.999 0.259000 9.99 0.259000 0.026 0.000  1.608 0.000  2.251 0.000 99.99 0.259000   7.806 0.000   2.970 0.000   4.836 0.000 0.028 0.000 0.328 0.000
186.333333 187.333333   15.14 0.000   0.98 0.000000 9.999 0.259000 0.15 0.000000 0.069 0.000  0.621 0.000  0.870 0.000 99.99 0.259000   5.406 0.000   1.965 0.000   3.441 0.000 0.047 0.000 0.370 0.000
189.333333 190.333333   20.87 0.000   0.56 0.000000 9.999 0.259000 9.99 0.259000 0.021 0.000  0.695 0.000  0.972 0.000 99.99 0.259000   3.638 0.000   1.138 0.000   2.500 0.000 0.016 0.000 0.184 0.000
192.333333 193.333333   29.00 0.000   0.75 0.000000 9.999 0.259000 0.14 0.000000 0.098 0.000  0.676 0.000  0.947 0.000 99.99 0.259000   5.911 0.000   2.500 0.000   3.411 0.000 0.023 0.000 0.195 0.000
195.333333 196.333333    2.53 0.000   0.24 0.000000 9.999 0.259000 9.99 0.259000 0.011 0.000  0.031 0.000  0.043 0.000 99.99 0.259000   0.962 0.000   0.086 0.000   0.876 0.000 0.005 0.000 0.099 0.000
198.333333 199.333333    2.46 0.000   0.23 0.000000 9.999 0.259000 9.99 0.259000 0.061 0.000  0.366 0.000  0.512 0.000 99.99 0.259000   1.548 0.000   0.022 0.000   1.526 0.000 0.085 0.000 0.073 0.000
201.333333 202.333333    9.09 0.000   0.70 0.000000 9.999 0.259000 0.16 0.000000 0.111 0.000  1.988 0.000  2.783 0.000 99.99 0.259000   5.988 0.000   0.095 0.000   5.893 0.000 0.212 0.000 0.374 0.000
204.333333 205.333333    7.51 0.000   0.34 0.000000 9.999 0.259000 9.99 0.259000 0.027 0.000  0.295 0.000  0.413 0.000 99.99 0.259000   2.017 0.000   0.286 0.000   1.731 0.000 0.007 0.000 0.137 0.000
207.333333 208.333333   15.01 0.000   0.18 0.000000 9.999 0.259000 9.99 0.259000 0.070 0.000  0.346 0.000  0.484 0.000 99.99 0.259000   3.867 0.000   1.179 0.000   2.688 0.000 0.017 0.000 0.197 0.000
210.333333 211.333333    2.93 0.000   0.42 0.000000 9.999 0.259000 0.11 0.000000 0.045 0.000  0.215 0.000  0.301 0.000 99.99 0.259000   2.121 0.000   0.150 0.000   1.971 0.000 0.005 0.000 0.243 0.000
213.333333 214.333333   20.81 0.559   0.30 0.559000 9.999 0.559259 9.99 0.559259 0.114 0.000  1.606 0.000  2.248 0.000 99.99 0.559259   6.655 0.000   2.156 0.000   4.499 0.559 0.150 0.559 0.151 0.000
216.333333 217.333333   13.70 0.000   0.21 0.000000 9.999 0.259000 9.99 0.259000 0.018 0.000  0.630 0.000  0.882 0.000 99.99 0.259000   6.572 0.000   4.712 0.000   1.860 0.000 0.012 0.000 0.108 0.000
219.333333 220.333333   61.55 0.000   0.32 0.000000 9.999 0.259000 9.99 0.259000 0.012 0.559  0.865 0.000  1.211 0.000 99.99 0.259000   9.081 0.000   5.905 0.000   3.176 0.000 0.026 0.000 0.132 0.559
222.333333 223.333333   30.60 0.000   0.73 0.000000 9.999 0.259000 9.99 0.259000 0.032 0.000  1.978 0.000  2.769 0.000 99.99 0.259000   7.895 0.000   2.444 0.000   5.452 0.000 0.031 0.000 0.265 0.000
225.333333 226.333333   73.22 0.559   0.90 0.559000 9.999 0.559259 9.99 0.559259 0.030 0.559  3.445 0.000  4.823 0.000 99.99 0.559259  15.915 0.000   4.827 0.000  11.088 0.559 0.045 0.559 0.798 0.559
228.333333 229.333333   19.20 0.000   0.33 0.000000 9.999 0.259000 9.99 0.259000 0.017 0.000  0.326 0.000  0.457 0.000 99.99 0.259000   4.134 0.000   2.507 0.000   1.627 0.000 0.010 0.000 0.126 0.000
231.333333 232.333333   23.32 0.000   0.67 0.000000 9.999 0.259000 0.11 0.000000 0.059 0.000  0.643 0.000  0.900 0.000 99.99 0.259000   5.156 0.000   1.810 0.000   3.346 0.000 0.014 0.000 0.407 0.000
234.333333 235.333333    9.36 0.000   0.18 0.000000 9.999 0.259000 0.21 0.000000 0.017 0.000  0.112 0.000  0.157 0.000 99.99 0.259000   2.385 0.000   0.899 0.000   1.486 0.000 0.007 0.000 0.147 0.000
237.333333 238.333333   26.85 0.000   0.93 0.000000 9.999 0.259000 0.15 0.000000 0.106 0.000  1.723 0.000  2.412 0.000 99.99 0.259000   9.962 0.000   3.502 0.000   6.460 0.000 0.023 0.000 0.629 0.000
