scripts/IMPROVE-2019_partial/data/US9078R.20060102080000.20191216000000.filterpack..pm25.52w.1w.US03L_filterpack_US9078.US03L_IMPROVE_Davis.lev2.nas
66 1001
MISSING INFORMATION
US03L, IMPROVE, , , , , , , 
MISSING INFORMATION
IMPROVE sel_HTAP
1 1
2006 01 01 2019 12 16
3.000000
days from file reference point
27
1 1 1 1 1 1 1 1 1 1 1 1 1 1 1 1 1 1 1 1 1 1 1 1 1 1 1
999.999999 9999.99 9.999 99.99 9.999 9.999 9.999999 9.99 9.999999 9.999 9.999999 99.999 9.999 999.999 9.999 99.99 9.999999 999.999 9.999 999.999 9.999 999.999 9.999 9.999 9.999 9.999 9.999999
end_time of measurement, days from the file reference point
iron, ng/m3, Revision date=20181210133000
numflag iron, no unit, Revision date=20181210133000
lead, ng/m3, Revision date=20181210133000
numflag lead, no unit, Revision date=20181210133000
magnesium, ug/m3, Revision date=20181210133000
numflag magnesium, no unit, Revision date=20181210133000
nickel, ng/m3, Revision date=20181210133000
numflag nickel, no unit, Revision date=20181210133000
nitrate, ug N/m3, Revision date=20181210133000
numflag nitrate, no unit, Revision date=20181210133000
organic_carbon, ug C/m3, Revision date=20181210133000
numflag organic_carbon, no unit, Revision date=20181210133000
organic_mass, ug/m3, Revision date=20181210133000
numflag organic_mass, no unit, Revision date=20181210133000
phosphorus, ng/m3, Revision date=20181210133000
numflag phosphorus, no unit, Revision date=20181210133000
pm10_mass, ug/m3, Version=2, Version description=Data extracted from http://views.cira.colostate.edu/fed/DataWizard 2019-12-16, Sample duration=1d, Orig. time res.=3d, Matrix=pm10, Blank correction=Blank corrected, Volume std. temperature=ambient, Volume std. pressure=ambient
numflag pm10_mass, no unit, Version=2, Version description=Data extracted from http://views.cira.colostate.edu/fed/DataWizard 2019-12-16, Sample duration=1d, Orig. time res.=3d, Matrix=pm10, Blank correction=Blank corrected, Volume std. temperature=ambient, Volume std. pressure=ambient
pm10_pm25_mass, ug/m3, Revision date=20181210133000, Matrix=pm10_pm25
numflag pm10_pm25_mass, no unit, Revision date=20181210133000, Matrix=pm10_pm25
pm25_mass, ug/m3, Version=2, Version description=Data extracted from http://views.cira.colostate.edu/fed/DataWizard 2019-12-16, Sample duration=1d, Orig. time res.=3d, Blank correction=Blank corrected, Volume std. temperature=ambient, Volume std. pressure=ambient
numflag pm25_mass, no unit, Version=2, Version description=Data extracted from http://views.cira.colostate.edu/fed/DataWizard 2019-12-16, Sample duration=1d, Orig. time res.=3d, Blank correction=Blank corrected, Volume std. temperature=ambient, Volume std. pressure=ambient
potassium, ug/m3, Revision date=20181210133000
numflag potassium, no unit, Revision date=20181210133000
sulphate_total, ug S/m3, Revision date=20181210133000
numflag sulphate_total, no unit, Revision date=20181210133000
0
25
Data definition:              EBAS_1.1
Set type code:                TU
Timezone:                     UTC
File name:                    US9078R.20060102080000.20191216000000.filterpack..pm25.52w.1w.US03L_filterpack_US9078.US03L_IMPROVE_Davis.lev2.nas
File creation:                20191218121055
Startdate:                    20060102080000
Revision date:                20191216000000
Statistics:                   arithmetic mean
Data level:                   2
Period code:                  52w
Resolution code:              1w
Station code:                 US9078R
Platform code:                US9078S
Station name:                 White Pass
Station latitude:             46.6243
Station longitude:            -121.3881
Station altitude:             1827.0 m
Regime:                       IMG
Component:                    
Matrix:                       pm25
Laboratory code:              US03L
Instrument type:              filterpack
Instrument name:              filterpack_US9078
Method ref:                   US03L_IMPROVE_Davis
starttime endtime Fe flag_Fe Pb flag_Pb Mg++ flag_Mg++ Ni flag_Ni NO3- flag_NO3- OC flag_OC OM flag_OM P flag_P PM10 flag_PM10 PM10-PM2.5 flag_PM10-PM2.5 PM2.5 flag_PM2.5 K+ flag_K+ SO4-- flag_SO4--
[from data line 79]
238.333333 239.333333   43.51 0.699  0.89 0.699 0.005 0.699000 0.14 0.699000 0.013 0.000000  4.747 0.000   8.545 0.000 99.99 0.699259  13.712 0.000   2.351 0.699  11.361 0.659 0.059 0.699 0.159 0.000000
241.333333 242.333333    1.90 0.000  0.19 0.000 9.999 0.259000 9.99 0.259000 0.008 0.000000 99.999 0.259 999.999 0.259 99.99 0.259000   1.148 0.000   0.663 0.000   0.485 0.000 0.003 0.000 0.069 0.000000
244.333333 245.333333   78.53 0.699  0.37 0.699 0.010 0.699000 9.99 0.699259 0.014 0.000000  2.560 0.000   4.608 0.000 99.99 0.699259  18.950 0.000  12.614 0.699   6.336 0.000 0.069 0.699 0.067 0.000000
247.333333 248.333333   52.82 0.699  0.82 0.699 9.999 0.699259 0.18 0.699000 0.037 0.000000  5.961 0.000  10.730 0.000 99.99 0.699259  19.883 0.000   5.486 0.699  14.397 0.659 0.082 0.699 0.226 0.000000
250.333333 251.333333   39.44 0.000  0.50 0.000 9.999 0.259000 0.22 0.000000 0.053 0.000000  1.823 0.000   3.281 0.000 99.99 0.259000   8.678 0.000   3.573 0.000   5.104 0.000 0.032 0.000 0.183 0.000000
253.333333 254.333333   29.36 0.000  0.53 0.000 0.006 0.000000 0.12 0.000000 0.017 0.000000  0.788 0.000   1.418 0.000 99.99 0.259000   5.333 0.000   2.961 0.000   2.372 0.000 0.014 0.000 0.117 0.000000
256.333333 257.333333    3.25 0.000  0.07 0.000 9.999 0.259000 9.99 0.259000 0.005 0.000000 99.999 0.259 999.999 0.259 99.99 0.259000   0.469 0.000   0.040 0.000   0.429 0.000 0.003 0.000 0.050 0.000000
259.333333 260.333333    2.31 0.000  0.23 0.000 0.006 0.000000 9.99 0.259000 0.014 0.000000  0.120 0.000   0.216 0.000 99.99 0.259000   1.356 0.000   0.616 0.000   0.739 0.000 0.006 0.000 0.076 0.000000
262.333333 263.333333    0.29 0.000  0.08 0.000 9.999 0.259000 9.99 0.259000 0.001 0.000000 99.999 0.259 999.999 0.259 99.99 0.259000   0.808 0.000   0.655 0.000   0.214 0.000 9.999 0.259 0.021 0.000000
265.333333 266.333333    6.83 0.000  0.21 0.000 9.999 0.259000 9.99 0.259000 0.008 0.000000  0.453 0.000   0.815 0.000 99.99 0.259000   2.578 0.000   1.237 0.000   1.341 0.000 0.010 0.000 0.040 0.000000
268.333333 269.333333   15.79 0.000  0.19 0.000 0.009 0.000000 9.99 0.259000 0.008 0.000000  0.530 0.000   0.955 0.000 99.99 0.259000   2.847 0.000   1.339 0.000   1.507 0.000 0.009 0.000 0.059 0.000000
271.333333 272.333333   16.15 0.000  0.54 0.000 9.999 0.259000 0.12 0.000000 0.006 0.000000  0.495 0.000   0.891 0.000 99.99 0.259000   3.272 0.000   1.346 0.000   1.926 0.000 0.012 0.000 0.081 0.000000
274.333333 275.333333    7.44 0.000  0.39 0.000 0.007 0.000000 0.13 0.000000 0.020 0.000000  0.289 0.000   0.521 0.000 99.99 0.259000   2.502 0.000   0.766 0.000   1.736 0.000 0.011 0.000 0.159 0.000000
277.333333 278.333333   27.76 0.000  0.70 0.000 0.007 0.000000 9.99 0.259000 0.047 0.000000  1.689 0.000   3.040 0.000 99.99 0.259000   6.999 0.000   2.164 0.000   4.836 0.000 0.033 0.000 0.185 0.000000
280.333333 281.333333    5.05 0.000  0.37 0.000 9.999 0.259000 9.99 0.259000 0.011 0.000000  0.283 0.000   0.509 0.000 99.99 0.259000   1.575 0.000   0.599 0.000   0.975 0.000 0.006 0.000 0.054 0.000000
283.333333 284.333333 9999.99 0.999 99.99 0.999 9.999 0.999000 9.99 0.999000 9.999 0.999000 99.999 0.999 999.999 0.999 99.99 0.999000 999.999 0.999 999.999 0.999 999.999 0.999 9.999 0.999 9.999 0.999000
286.333333 287.333333   40.84 0.699  0.61 0.699 0.005 0.699000 0.12 0.699000 0.026 0.000000  2.056 0.000   3.701 0.000 99.99 0.699259   7.024 0.000   1.796 0.699   5.228 0.659 0.026 0.699 0.113 0.000000
289.333333 290.333333    1.00 0.000  0.17 0.000 9.999 0.259000 9.99 0.259000 0.008 0.000000  0.211 0.000   0.379 0.000 99.99 0.259000   0.517 0.000 999.999 0.259   0.522 0.000 0.003 0.000 0.030 0.000000
292.333333 293.333333    1.01 0.394  0.12 0.394 9.999 0.394259 9.99 0.394259 0.015 0.394000  0.720 0.394   1.297 0.394 99.99 0.394259   1.808 0.000   0.581 0.394   1.227 0.000 0.008 0.394 0.048 0.394000
295.333333 296.333333    9.29 0.000  1.19 0.000 9.999 0.259000 9.99 0.259000 0.031 0.000000  1.254 0.000   2.257 0.000 99.99 0.259000   4.080 0.000   0.827 0.000   3.252 0.000 0.029 0.000 0.140 0.000000
298.333333 299.333333    0.43 0.000  0.15 0.000 9.999 0.259000 9.99 0.259000 0.003 0.000000 99.999 0.259 999.999 0.259 99.99 0.259000   0.342 0.000   0.062 0.000   0.272 0.000 0.004 0.000 0.026 0.000000
301.333333 302.333333    2.37 0.000  0.42 0.000 0.004 0.000000 0.25 0.000000 0.010 0.000000  0.125 0.000   0.226 0.000 99.99 0.259000   1.032 0.000   0.186 0.000   0.846 0.000 0.009 0.000 0.105 0.000000
304.333333 305.333333   14.68 0.000  0.47 0.000 9.999 0.259000 9.99 0.259000 0.054 0.000000  1.994 0.000   3.588 0.000 99.99 0.259000   6.215 0.000   1.769 0.000   4.445 0.000 0.035 0.000 0.117 0.000000
307.333333 308.333333    0.32 0.000 99.99 0.259 9.999 0.259000 9.99 0.259000 0.001 0.000000  0.090 0.000   0.162 0.000 99.99 0.259000   0.212 0.000   0.052 0.000   0.257 0.000 0.003 0.000 0.014 0.000000
310.333333 311.333333    0.38 0.000  0.08 0.000 9.999 0.259000 9.99 0.259000 0.001 0.000000  0.036 0.000   0.066 0.000 99.99 0.259000   0.169 0.000   0.055 0.000   0.282 0.000 0.002 0.000 0.006 0.000000
313.333333 314.333333    1.00 0.000  0.14 0.000 9.999 0.259000 0.06 0.000000 0.005 0.000000  0.314 0.000   0.566 0.000 99.99 0.259000   1.759 0.000   1.031 0.000   0.728 0.000 0.007 0.000 0.020 0.000000
316.333333 317.333333 9999.99 0.999 99.99 0.999 9.999 0.999000 9.99 0.999000 9.999 0.999000 99.999 0.999 999.999 0.999 99.99 0.999000 999.999 0.999 999.999 0.999 999.999 0.999 9.999 0.999 9.999 0.999000
319.333333 320.333333    0.91 0.000  0.21 0.000 9.999 0.259000 9.99 0.259000 0.005 0.000000  0.063 0.000   0.113 0.000 99.99 0.259000   0.602 0.000 999.999 0.259   0.655 0.000 0.003 0.000 0.041 0.000000
322.333333 323.333333    1.19 0.000  0.24 0.000 0.007 0.000000 9.99 0.259000 0.008 0.000000  0.385 0.000   0.694 0.000 99.99 0.259000   1.154 0.000   0.204 0.000   0.950 0.000 0.006 0.000 0.049 0.000000
325.333333 326.333333    0.43 0.000  0.23 0.000 9.999 0.259000 9.99 0.259000 0.000 0.000000  0.043 0.000   0.078 0.000 99.99 0.259000   0.770 0.000   0.615 0.000   0.279 0.000 0.002 0.000 0.017 0.000000
328.333333 329.333333    1.54 0.000  0.22 0.000 9.999 0.259000 9.99 0.259000 0.005 0.000000  0.151 0.000   0.271 0.000 99.99 0.259000   0.860 0.000   0.063 0.000   0.797 0.000 0.005 0.000 0.082 0.000000
331.333333 332.333333    0.73 0.000  0.15 0.000 9.999 0.259000 9.99 0.259000 0.016 0.000000  0.271 0.000   0.487 0.000 99.99 0.259000   0.915 0.000   0.075 0.000   0.841 0.000 0.005 0.000 0.062 0.000000
334.333333 335.333333    0.77 0.000  0.11 0.000 9.999 0.259000 9.99 0.259000 0.004 0.000000  0.005 0.000   0.008 0.000 99.99 0.259000   0.644 0.000   0.145 0.000   0.499 0.000 0.002 0.000 0.040 0.000000
337.333333 338.333333    2.92 0.000  0.15 0.000 9.999 0.259000 9.99 0.259000 0.002 0.000000  0.096 0.000   0.172 0.000 99.99 0.259000   1.022 0.000   0.333 0.000   0.689 0.000 0.004 0.000 0.039 0.000000
340.333333 341.333333    5.64 0.000  0.23 0.000 0.006 0.000000 9.99 0.259000 0.006 0.000000  0.375 0.000   0.675 0.000 99.99 0.259000   1.782 0.000   0.796 0.000   0.986 0.000 0.008 0.000 0.046 0.000000
343.333333 344.333333    0.28 0.000 99.99 0.259 9.999 0.259000 9.99 0.259000 0.001 0.000000  0.047 0.000   0.084 0.000 99.99 0.259000   0.555 0.000   0.399 0.000   0.281 0.000 0.001 0.000 0.010 0.000000
346.333333 347.333333 9999.99 0.999 99.99 0.999 9.999 0.999000 9.99 0.999000 9.999 0.999000 99.999 0.999 999.999 0.999 99.99 0.999000 999.999 0.999 999.999 0.999 999.999 0.999 9.999 0.999 9.999 0.999000
349.333333 350.333333 9999.99 0.999 99.99 0.999 9.999 0.999000 9.99 0.999000 9.999 0.999000 99.999 0.999 999.999 0.999 99.99 0.999000 999.999 0.999 999.999 0.999 999.999 0.999 9.999 0.999 9.999 0.999000
352.333333 353.333333    1.31 0.000  0.12 0.000 9.999 0.259000 9.99 0.259000 0.001 0.000000  0.116 0.000   0.209 0.000 99.99 0.259000   0.476 0.000   0.318 0.000   0.222 0.000 0.002 0.000 0.018 0.000000
355.333333 356.333333    0.34 0.000  0.09 0.000 9.999 0.259000 9.99 0.259000 0.003 0.000000 99.999 0.259 999.999 0.259 99.99 0.259000   0.943 0.000   0.790 0.000   0.276 0.000 0.002 0.000 0.016 0.000000
358.333333 359.333333 9999.99 0.456 99.99 0.456 9.999 0.456000 9.99 0.456000 0.003 0.000000  0.035 0.000   0.062 0.000 99.99 0.456000   0.897 0.000 999.999 0.456 999.999 0.456 9.999 0.456 0.029 0.000000
361.333333 362.333333    4.58 0.000  0.18 0.000 9.999 0.259000 9.99 0.259000 0.011 0.000000  0.058 0.000   0.105 0.000 99.99 0.259000   1.296 0.000   0.802 0.000   0.494 0.000 0.005 0.000 0.039 0.000000
364.333333 365.333333    1.42 0.000  0.28 0.000 9.999 0.259000 0.08 0.000000 0.005 0.000000  0.099 0.000   0.179 0.000 99.99 0.259000   0.513 0.000   0.359 0.000   0.279 0.000 0.002 0.000 0.025 0.000000
