scripts/IMPROVE-2019_partial/data/US9030R.20140102090000.20191216000000.filterpack...52w.3d.US03L_filterpack_US9030.US03L_IMPROVE_Davis.lev2.nas
52 1001
MISSING INFORMATION
US03L, IMPROVE, , , , , , , 
MISSING INFORMATION
IMPROVE sel_HTAP
1 1
2014 01 01 2019 12 16
3.000
days from file reference point
5
1 1 1 1 1
999.999 999.999 9.999 999.999 9.999
end_time of measurement, days from the file reference point
pm10_mass, ug/m3, Matrix=pm10
numflag pm10_mass, no unit, Matrix=pm10
pm25_mass, ug/m3, Matrix=pm25
numflag pm25_mass, no unit, Matrix=pm25
0
33
Data definition:              EBAS_1.1
Set type code:                TU
Timezone:                     UTC
File name:                    US9030R.20140102090000.20191216000000.filterpack...52w.3d.US03L_filterpack_US9030.US03L_IMPROVE_Davis.lev2.nas
File creation:                20191218120713
Startdate:                    20140102090000
Revision date:                20191216000000
Version:                      2
Version description:          "Data extracted from http://views.cira.colostate.edu/fed/DataWizard 2019-12-16"
Statistics:                   arithmetic mean
Data level:                   2
Period code:                  52w
Resolution code:              3d
Sample duration:              1d
Orig. time res.:              3d
Station code:                 US9030R
Platform code:                US9030S
Station name:                 Simeonof
Station latitude:             55.3255
Station longitude:            -160.5063
Station altitude:             57.0 m
Regime:                       IMG
Component:                    
Unit:                         ug/m3
Matrix:                       
Laboratory code:              US03L
Instrument type:              filterpack
Instrument name:              filterpack_US9030
Method ref:                   US03L_IMPROVE_Davis
Blank correction:             Blank corrected
Volume std. temperature:      ambient
Volume std. pressure:         ambient
starttime endtime PM10 flag_PM10 PM2.5 flag_PM2.5
  1.375   2.375  39.016 0.000  14.746 0.000
  4.375   5.375  10.374 0.000   3.682 0.000
  7.375   8.375 999.999 0.999 999.999 0.999
 10.375  11.375  13.812 0.000   5.739 0.000
 13.375  14.375   9.123 0.000   3.400 0.000
 16.375  17.375   5.526 0.000   2.209 0.000
 19.375  20.375   9.972 0.000   4.270 0.000
 22.375  23.375 999.999 0.999 999.999 0.999
 25.375  26.375 999.999 0.999 999.999 0.999
 28.375  29.375 999.999 0.999 999.999 0.999
 31.375  32.375   6.091 0.000   2.969 0.000
 34.375  35.375   4.404 0.000   1.967 0.000
 37.375  38.375  13.792 0.000   4.505 0.000
 40.375  41.375   8.738 0.000   3.030 0.000
 43.375  44.375   4.021 0.000   1.600 0.000
 46.375  47.375   2.320 0.000   0.941 0.000
 49.375  50.375   2.518 0.000   0.955 0.000
 52.375  53.375   2.739 0.000   1.362 0.000
 55.375  56.375   5.175 0.000   1.914 0.000
 58.375  59.375   9.100 0.000   3.301 0.000
 61.375  62.375   7.026 0.000   2.235 0.000
 64.375  65.375   5.021 0.000   1.978 0.000
 67.375  68.375   4.582 0.000   2.147 0.000
 70.375  71.375   5.340 0.000   1.945 0.000
 73.375  74.375   4.656 0.000   2.001 0.000
 76.375  77.375   9.967 0.000   3.614 0.000
 79.375  80.375   7.396 0.000   2.497 0.000
 82.375  83.375  17.301 0.000   5.839 0.000
 85.375  86.375   4.093 0.000   2.015 0.000
 88.375  89.375   3.372 0.000   1.888 0.000
 91.375  92.375   7.037 0.000   1.732 0.000
 94.375  95.375   6.054 0.000   2.287 0.000
 97.375  98.375  10.075 0.000   2.903 0.000
100.375 101.375   7.325 0.000   2.747 0.000
103.375 104.375   2.741 0.000   1.404 0.000
106.375 107.375 999.999 0.456   1.696 0.000
109.375 110.375 999.999 0.456   0.704 0.000
112.375 113.375   9.080 0.000   3.996 0.000
115.375 116.375   2.722 0.000   1.024 0.000
118.375 119.375   4.087 0.000   1.909 0.000
121.375 122.375   9.149 0.000   2.797 0.000
124.375 125.375   5.897 0.000   2.051 0.000
127.375 128.375   4.819 0.000   1.698 0.000
130.375 131.375   7.950 0.000   2.352 0.000
133.375 134.375  10.011 0.000   4.759 0.000
136.375 137.375   8.079 0.000   2.341 0.000
139.375 140.375  11.432 0.000   3.376 0.000
142.375 143.375  13.180 0.000   5.511 0.000
145.375 146.375   4.519 0.000   1.824 0.000
148.375 149.375 999.999 0.999 999.999 0.999
151.375 152.375   4.083 0.000   1.236 0.000
154.375 155.375   7.000 0.000   3.763 0.000
157.375 158.375   4.436 0.000   2.287 0.000
160.375 161.375   4.437 0.000   1.976 0.000
163.375 164.375   3.292 0.000   1.493 0.000
166.375 167.375   3.210 0.000   1.468 0.000
169.375 170.375   2.892 0.000   0.979 0.000
172.375 173.375   4.480 0.000   2.270 0.000
175.375 176.375   6.866 0.000   2.193 0.000
178.375 179.375   5.586 0.000   1.659 0.000
181.375 182.375   5.405 0.000   2.098 0.000
184.375 185.375   7.007 0.000   2.951 0.000
187.375 188.375   5.882 0.000   2.053 0.000
190.375 191.375   3.447 0.000   2.294 0.000
193.375 194.375   5.797 0.000   2.714 0.000
196.375 197.375 999.999 0.999 999.999 0.999
199.375 200.375   3.440 0.000   1.976 0.000
202.375 203.375   5.811 0.000   2.035 0.000
205.375 206.375   7.491 0.000   2.859 0.000
208.375 209.375   3.931 0.000   2.389 0.000
211.375 212.375   9.527 0.000   3.674 0.000
214.375 215.375   4.679 0.000   3.258 0.000
217.375 218.375 999.999 0.999 999.999 0.999
220.375 221.375   4.562 0.000   3.432 0.000
223.375 224.375   5.763 0.000   2.744 0.000
226.375 227.375 999.999 0.456   1.838 0.000
229.375 230.375 999.999 0.456   3.114 0.000
232.375 233.375   6.013 0.000   3.868 0.000
235.375 236.375   8.120 0.000   3.501 0.000
238.375 239.375 999.999 0.999 999.999 0.999
241.375 242.375   3.112 0.000   1.570 0.000
244.375 245.375   6.610 0.000   2.700 0.000
247.375 248.375   9.464 0.000   3.660 0.000
250.375 251.375  19.999 0.000   9.276 0.000
253.375 254.375   6.234 0.000 999.999 0.456
256.375 257.375  10.100 0.000   4.568 0.000
259.375 260.375 999.999 0.999 999.999 0.999
262.375 263.375   4.856 0.000   2.059 0.000
265.375 266.375   6.526 0.000   4.592 0.000
268.375 269.375   8.147 0.000   2.950 0.000
271.375 272.375   9.563 0.000   3.980 0.000
274.375 275.375  18.584 0.000   5.221 0.000
277.375 278.375   7.023 0.000   4.073 0.000
280.375 281.375 999.999 0.999 999.999 0.999
283.375 284.375   2.699 0.000   1.908 0.000
286.375 287.375   3.624 0.000   2.581 0.000
289.375 290.375   3.029 0.000   1.594 0.000
292.375 293.375   2.193 0.000   0.971 0.000
295.375 296.375   5.074 0.000   2.558 0.000
298.375 299.375   4.960 0.000   3.519 0.000
301.375 302.375 999.999 0.999 999.999 0.999
304.375 305.375   7.906 0.000   2.947 0.000
307.375 308.375   3.304 0.000 999.999 0.456
310.375 311.375   4.580 0.000   2.172 0.000
313.375 314.375  33.574 0.000   7.005 0.000
316.375 317.375  14.004 0.000 999.999 0.456
319.375 320.375  12.820 0.000   4.798 0.000
322.375 323.375  10.378 0.000   4.160 0.000
325.375 326.375   4.087 0.000   1.415 0.000
328.375 329.375   5.152 0.000   1.951 0.000
331.375 332.375   8.349 0.000   4.001 0.000
334.375 335.375  11.178 0.000 999.999 0.456
337.375 338.375   3.959 0.000   1.827 0.000
340.375 341.375   3.401 0.000   1.261 0.000
343.375 344.375   0.967 0.000   0.281 0.000
346.375 347.375   4.911 0.000   2.129 0.000
349.375 350.375   8.194 0.000   2.659 0.000
352.375 353.375   6.082 0.000   2.325 0.000
355.375 356.375   2.633 0.000   1.230 0.000
358.375 359.375 999.999 0.999 999.999 0.999
361.375 362.375 999.999 0.999 999.999 0.999
364.375 365.375   2.611 0.000   1.608 0.000
