scripts/IMPROVE-2019_partial/data/US9038R.20150103070000.20191216000000.filterpack...1y.3d.US03L_filterpack_US9038.US03L_IMPROVE_Davis.lev2.nas
52 1001
MISSING INFORMATION
US03L, IMPROVE, , , , , , , 
MISSING INFORMATION
IMPROVE sel_HTAP
1 1
2015 01 01 2019 12 16
3.000000
days from file reference point
5
1 1 1 1 1
999.999999 999.999 9.999 999.999 9.999
end_time of measurement, days from the file reference point
pm10_mass, ug/m3, Matrix=pm10
numflag pm10_mass, no unit, Matrix=pm10
pm25_mass, ug/m3, Matrix=pm25
numflag pm25_mass, no unit, Matrix=pm25
0
33
Data definition:              EBAS_1.1
Set type code:                TU
Timezone:                     UTC
File name:                    US9038R.20150103070000.20191216000000.filterpack...1y.3d.US03L_filterpack_US9038.US03L_IMPROVE_Davis.lev2.nas
File creation:                20191218120758
Startdate:                    20150103070000
Revision date:                20191216000000
Version:                      2
Version description:          "Data extracted from http://views.cira.colostate.edu/fed/DataWizard 2019-12-16"
Statistics:                   arithmetic mean
Data level:                   2
Period code:                  1y
Resolution code:              3d
Sample duration:              1d
Orig. time res.:              3d
Station code:                 US9038R
Platform code:                US9038S
Station name:                 Saguaro NM
Station latitude:             32.1746
Station longitude:            -110.7371
Station altitude:             941.0 m
Regime:                       IMG
Component:                    
Unit:                         ug/m3
Matrix:                       
Laboratory code:              US03L
Instrument type:              filterpack
Instrument name:              filterpack_US9038
Method ref:                   US03L_IMPROVE_Davis
Blank correction:             Blank corrected
Volume std. temperature:      ambient
Volume std. pressure:         ambient
starttime endtime PM10 flag_PM10 PM2.5 flag_PM2.5
  2.291667   3.291667   5.587 0.000   3.801 0.000
  5.291667   6.291667   3.443 0.000   1.556 0.000
  8.291667   9.291667   5.388 0.000   3.452 0.000
 11.291667  12.291667   3.713 0.000   2.104 0.000
 14.291667  15.291667  10.517 0.000   2.685 0.000
 17.291667  18.291667   6.718 0.000   2.555 0.000
 20.291667  21.291667   7.948 0.000   2.305 0.000
 23.291667  24.291667   4.152 0.000   1.132 0.000
 26.291667  27.291667   6.518 0.000   3.085 0.000
 29.291667  30.291667   2.084 0.000   1.707 0.000
 32.291667  33.291667   4.611 0.000   3.215 0.000
 35.291667  36.291667   4.875 0.000   2.296 0.000
 38.291667  39.291667   6.097 0.000   2.283 0.000
 41.291667  42.291667   5.493 0.000   1.853 0.000
 44.291667  45.291667   6.590 0.000   3.155 0.000
 47.291667  48.291667   8.363 0.000   3.112 0.000
 50.291667  51.291667   9.866 0.000   3.054 0.000
 53.291667  54.291667   7.313 0.000   2.607 0.000
 56.291667  57.291667   5.995 0.000   1.944 0.000
 59.291667  60.291667   7.788 0.000   3.333 0.000
 62.291667  63.291667 999.999 0.999 999.999 0.999
 65.291667  66.291667   7.171 0.000   2.528 0.000
 68.291667  69.291667  11.816 0.000   4.319 0.000
 71.291667  72.291667   9.156 0.000   3.898 0.000
 74.291667  75.291667   6.284 0.000   2.764 0.000
 77.291667  78.291667   4.610 0.000   2.703 0.000
 80.291667  81.291667   7.904 0.000   2.953 0.000
 83.291667  84.291667  11.753 0.000   3.741 0.000
 86.291667  87.291667   9.836 0.000   3.402 0.000
 89.291667  90.291667 999.999 0.456   4.468 0.000
 92.291667  93.291667  18.461 0.000   5.911 0.000
 95.291667  96.291667  10.310 0.000   3.635 0.000
 98.291667  99.291667  22.339 0.000   8.530 0.000
101.291667 102.291667   7.825 0.000   3.814 0.000
104.291667 105.291667  30.850 0.000   9.646 0.000
107.291667 108.291667  14.924 0.000   4.122 0.000
110.291667 111.291667  13.147 0.000   4.526 0.000
113.291667 114.291667  14.016 0.000   5.546 0.000
116.291667 117.291667 999.999 0.999 999.999 0.999
119.291667 120.291667   9.709 0.000   4.463 0.000
122.291667 123.291667   9.534 0.000   3.670 0.000
125.291667 126.291667  12.165 0.000   4.208 0.000
128.291667 129.291667  13.421 0.000   3.663 0.000
131.291667 132.291667  14.095 0.000   4.046 0.000
134.291667 135.291667  16.798 0.000   4.935 0.000
137.291667 138.291667  13.667 0.000   3.627 0.000
140.291667 141.291667  20.972 0.000   5.780 0.000
143.291667 144.291667  14.274 0.000   4.403 0.000
146.291667 147.291667  17.947 0.000   4.618 0.000
149.291667 150.291667  12.681 0.000   4.630 0.000
152.291667 153.291667   9.399 0.000   3.762 0.000
155.291667 156.291667  10.436 0.000   5.237 0.000
158.291667 159.291667  12.748 0.000   3.615 0.000
161.291667 162.291667   9.722 0.000   3.766 0.000
164.291667 165.291667  13.017 0.000   4.046 0.000
167.291667 168.291667  15.611 0.000   5.725 0.000
170.291667 171.291667  12.662 0.000   4.410 0.000
173.291667 174.291667  16.521 0.000   7.822 0.000
176.291667 177.291667  73.257 0.000  33.474 0.000
179.291667 180.291667 999.999 0.999 999.999 0.999
182.291667 183.291667  12.051 0.000   5.014 0.000
185.291667 186.291667   6.344 0.000   3.980 0.000
188.291667 189.291667  13.205 0.000   4.512 0.000
191.291667 192.291667  10.489 0.000   4.559 0.000
194.291667 195.291667   6.802 0.000   3.029 0.000
197.291667 198.291667   8.437 0.000   4.700 0.000
200.291667 201.291667   9.915 0.000   4.561 0.000
203.291667 204.291667   7.143 0.000   3.369 0.000
206.291667 207.291667  12.402 0.000   3.084 0.000
209.291667 210.291667  30.756 0.000  15.586 0.000
212.291667 213.291667 999.999 0.999 999.999 0.999
215.291667 216.291667  12.985 0.000   4.409 0.000
218.291667 219.291667  10.511 0.000   4.426 0.000
221.291667 222.291667   6.284 0.000   3.528 0.000
224.291667 225.291667   9.567 0.000   4.449 0.000
227.291667 228.291667  13.734 0.000   5.450 0.000
230.291667 231.291667  15.590 0.000   5.288 0.000
233.291667 234.291667  12.782 0.000   4.745 0.000
236.291667 237.291667   8.197 0.000   5.125 0.000
239.291667 240.291667   4.818 0.000   2.323 0.000
242.291667 243.291667   8.024 0.000   3.393 0.000
245.291667 246.291667   8.297 0.000   4.596 0.000
248.291667 249.291667   4.840 0.000   1.937 0.000
251.291667 252.291667   8.762 0.000   3.578 0.000
254.291667 255.291667   8.589 0.000   3.983 0.000
257.291667 258.291667   9.722 0.000   3.998 0.000
260.291667 261.291667   7.733 0.000   1.912 0.000
263.291667 264.291667   4.315 0.000   1.840 0.000
266.291667 267.291667   5.516 0.000   2.222 0.000
269.291667 270.291667   7.912 0.000   3.969 0.000
272.291667 273.291667   8.870 0.000   3.341 0.000
275.291667 276.291667   9.053 0.000   3.181 0.000
278.291667 279.291667   9.959 0.000   4.052 0.000
281.291667 282.291667   6.544 0.000   2.164 0.000
284.291667 285.291667  10.038 0.000   4.332 0.000
287.291667 288.291667   9.980 0.000   3.210 0.000
290.291667 291.291667   6.041 0.000   3.732 0.000
293.291667 294.291667   4.422 0.000   1.984 0.000
296.291667 297.291667   6.402 0.000   2.634 0.000
299.291667 300.291667   9.843 0.000   3.760 0.000
302.291667 303.291667   3.237 0.000   2.085 0.000
305.291667 306.291667   2.769 0.000   1.346 0.000
308.291667 309.291667   7.011 0.000   2.788 0.000
311.291667 312.291667   8.390 0.000   2.561 0.000
314.291667 315.291667  36.232 0.000   7.253 0.000
317.291667 318.291667   9.782 0.000   3.173 0.000
320.291667 321.291667  38.453 0.000   7.197 0.000
323.291667 324.291667   9.981 0.000   3.079 0.000
326.291667 327.291667  10.185 0.000   2.902 0.000
329.291667 330.291667  15.831 0.000   4.521 0.000
332.291667 333.291667  10.725 0.000   3.912 0.000
335.291667 336.291667  11.853 0.000 999.999 0.456
338.291667 339.291667  13.543 0.000   3.801 0.000
341.291667 342.291667  10.371 0.000   3.248 0.000
344.291667 345.291667  10.850 0.000   3.205 0.000
347.291667 348.291667  15.349 0.000   3.636 0.000
350.291667 351.291667   7.816 0.000   2.939 0.000
353.291667 354.291667   8.051 0.000   3.036 0.000
356.291667 357.291667   5.427 0.000   1.896 0.000
359.291667 360.291667   5.084 0.000   1.469 0.000
362.291667 363.291667   7.351 0.000   2.934 0.000
