scripts/IMPROVE-2019_partial/data/US9044R.20001018080000.20191216000000.filterpack..pm25.73d.1w.US03L_filterpack_US9044.US03L_IMPROVE_Davis.lev2.nas
64 1001
MISSING INFORMATION
US03L, IMPROVE, , , , , , , 
MISSING INFORMATION
IMPROVE sel_HTAP
1 1
2000 01 01 2019 12 16
3.000000
days from file reference point
25
1 1 1 1 1 1 1 1 1 1 1 1 1 1 1 1 1 1 1 1 1 1 1 1 1
999.999999 999.99 9.999 9.99 9.999 9.999 9.999999 999.99 9.999999 9.999 9.999 999.999 9.999 999.999 9.999 999.999 9.999 99.999 9.999 99.999 9.999 9.999 9.999 9.999 9.999
end_time of measurement, days from the file reference point
iron, ng/m3, Revision date=20181210133000
numflag iron, no unit, Revision date=20181210133000
lead, ng/m3, Revision date=20181210133000
numflag lead, no unit, Revision date=20181210133000
magnesium, ug/m3, Revision date=20181210133000
numflag magnesium, no unit, Revision date=20181210133000
nickel, ng/m3, Revision date=20181210133000
numflag nickel, no unit, Revision date=20181210133000
nitrate, ug N/m3, Revision date=20181210133000
numflag nitrate, no unit, Revision date=20181210133000
organic_carbon, ug C/m3, Revision date=20181210133000
numflag organic_carbon, no unit, Revision date=20181210133000
organic_mass, ug/m3, Revision date=20181210133000
numflag organic_mass, no unit, Revision date=20181210133000
pm10_mass, ug/m3, Version=2, Version description=Data extracted from http://views.cira.colostate.edu/fed/DataWizard 2019-12-16, Sample duration=1d, Orig. time res.=3d, Matrix=pm10, Blank correction=Blank corrected, Volume std. temperature=ambient, Volume std. pressure=ambient
numflag pm10_mass, no unit, Version=2, Version description=Data extracted from http://views.cira.colostate.edu/fed/DataWizard 2019-12-16, Sample duration=1d, Orig. time res.=3d, Matrix=pm10, Blank correction=Blank corrected, Volume std. temperature=ambient, Volume std. pressure=ambient
pm10_pm25_mass, ug/m3, Revision date=20181210133000, Matrix=pm10_pm25
numflag pm10_pm25_mass, no unit, Revision date=20181210133000, Matrix=pm10_pm25
pm25_mass, ug/m3, Version=2, Version description=Data extracted from http://views.cira.colostate.edu/fed/DataWizard 2019-12-16, Sample duration=1d, Orig. time res.=3d, Blank correction=Blank corrected, Volume std. temperature=ambient, Volume std. pressure=ambient
numflag pm25_mass, no unit, Version=2, Version description=Data extracted from http://views.cira.colostate.edu/fed/DataWizard 2019-12-16, Sample duration=1d, Orig. time res.=3d, Blank correction=Blank corrected, Volume std. temperature=ambient, Volume std. pressure=ambient
potassium, ug/m3, Revision date=20181210133000
numflag potassium, no unit, Revision date=20181210133000
sulphate_total, ug S/m3, Revision date=20181210133000
numflag sulphate_total, no unit, Revision date=20181210133000
0
25
Data definition:              EBAS_1.1
Set type code:                TU
Timezone:                     UTC
File name:                    US9044R.20001018080000.20191216000000.filterpack..pm25.73d.1w.US03L_filterpack_US9044.US03L_IMPROVE_Davis.lev2.nas
File creation:                20191218120821
Startdate:                    20001018080000
Revision date:                20191216000000
Statistics:                   arithmetic mean
Data level:                   2
Period code:                  73d
Resolution code:              1w
Station code:                 US9044R
Platform code:                US9044S
Station name:                 Trinity
Station latitude:             40.7864
Station longitude:            -122.8046
Station altitude:             1014.0 m
Regime:                       IMG
Component:                    
Matrix:                       pm25
Laboratory code:              US03L
Instrument type:              filterpack
Instrument name:              filterpack_US9044
Method ref:                   US03L_IMPROVE_Davis
starttime endtime Fe flag_Fe Pb flag_Pb Mg++ flag_Mg++ Ni flag_Ni NO3- flag_NO3- OC flag_OC OM flag_OM PM10 flag_PM10 PM10-PM2.5 flag_PM10-PM2.5 PM2.5 flag_PM2.5 K+ flag_K+ SO4-- flag_SO4--
291.333333 292.333333  25.38 0.000 0.57 0.000 9.999 0.259000  14.38 0.000000 0.022 0.000   1.480 0.000   2.072 0.000   5.769 0.000  2.416 0.000  3.353 0.000 0.033 0.000 0.190 0.000
294.333333 295.333333   2.20 0.000 0.21 0.000 9.999 0.259000   2.86 0.000000 0.011 0.000   0.426 0.000   0.597 0.000   1.246 0.000  0.576 0.000  0.670 0.000 0.007 0.000 0.072 0.000
297.333333 298.333333  54.50 0.000 0.60 0.000 9.999 0.259000 999.99 0.259000 0.164 0.000   2.067 0.000   2.893 0.000  11.432 0.000  6.772 0.000  4.660 0.000 0.080 0.000 0.181 0.000
300.333333 301.333333   6.23 0.000 9.99 0.259 9.999 0.259000 999.99 0.259000 0.035 0.000   1.517 0.000   2.124 0.000   3.775 0.000  0.945 0.000  2.830 0.000 0.018 0.000 0.083 0.000
303.333333 304.333333   1.04 0.000 0.17 0.000 9.999 0.259000 999.99 0.259000 0.008 0.000   0.585 0.000   0.818 0.000   0.677 0.000  0.226 0.000  0.451 0.000 0.011 0.000 0.037 0.000
306.333333 307.333333  12.04 0.000 0.40 0.000 9.999 0.259000 999.99 0.259000 0.014 0.000   1.565 0.000   2.190 0.000   4.167 0.000  1.318 0.000  2.849 0.000 0.027 0.000 0.068 0.000
309.333333 310.333333   6.80 0.000 0.39 0.000 9.999 0.259000   1.54 0.000000 0.017 0.000   1.519 0.000   2.127 0.000   4.167 0.000  1.100 0.000  3.066 0.000 0.033 0.000 0.111 0.000
312.333333 313.333333   5.51 0.000 0.32 0.000 9.999 0.259000 999.99 0.259000 0.018 0.000   1.058 0.000   1.481 0.000  11.732 0.000  9.511 0.000  2.221 0.000 0.018 0.000 0.077 0.000
315.333333 316.333333   4.00 0.000 0.38 0.000 9.999 0.259000 999.99 0.259000 0.085 0.000  10.608 0.000  14.851 0.000   3.070 0.000  0.286 0.000  2.784 0.000 0.046 0.000 0.092 0.000
318.333333 319.333333   1.61 0.000 0.41 0.000 9.999 0.259000 999.99 0.259000 0.056 0.000   1.921 0.000   2.690 0.000 999.999 0.456 99.999 0.999  3.996 0.000 0.033 0.000 0.093 0.000
321.333333 322.333333   8.75 0.000 9.99 0.259 9.999 0.259000 999.99 0.259000 0.008 0.000   1.779 0.000   2.490 0.000   2.778 0.000  1.195 0.000  1.583 0.000 0.023 0.000 0.120 0.000
324.333333 325.333333  10.79 0.559 0.89 0.559 9.999 0.559259 999.99 0.559259 0.009 0.000   2.312 0.000   3.237 0.000   5.007 0.000  0.356 0.000  4.652 0.559 0.027 0.559 0.104 0.000
327.333333 328.333333   3.33 0.000 0.59 0.000 9.999 0.259000 999.99 0.259000 0.034 0.000   1.303 0.000   1.824 0.000   3.655 0.000  0.746 0.000  2.909 0.000 0.022 0.000 0.086 0.000
330.333333 331.333333   2.93 0.000 0.42 0.000 9.999 0.259000 999.99 0.259000 0.008 0.000   1.102 0.000   1.543 0.000   2.741 0.000  0.480 0.000  2.261 0.000 0.022 0.000 0.050 0.000
333.333333 334.333333   1.00 0.000 9.99 0.259 9.999 0.259000 999.99 0.259000 0.011 0.000   0.324 0.000   0.453 0.000   1.917 0.000  1.049 0.000  0.868 0.000 0.012 0.000 0.044 0.000
336.333333 337.333333   1.85 0.000 0.41 0.000 9.999 0.259000 999.99 0.259000 0.008 0.000   0.852 0.000   1.193 0.000   2.062 0.000  0.536 0.000  1.525 0.000 0.013 0.000 0.069 0.000
339.333333 340.333333   4.30 0.000 9.99 0.259 0.005 0.000000   0.19 0.000000 0.008 0.000   0.951 0.000   1.331 0.000   2.626 0.000  0.826 0.000  1.800 0.000 0.010 0.000 0.098 0.000
342.333333 343.333333   6.53 0.000 0.74 0.000 9.999 0.259000   0.15 0.000000 0.016 0.000   2.378 0.000   3.329 0.000   5.642 0.000  1.067 0.000  4.575 0.000 0.031 0.000 0.139 0.000
345.333333 346.333333   0.94 0.000 9.99 0.259 9.999 0.259000 999.99 0.259000 0.011 0.000   0.532 0.000   0.745 0.000   2.026 0.000  0.922 0.000  1.103 0.000 0.009 0.000 0.067 0.000
348.333333 349.333333   0.44 0.000 0.15 0.000 9.999 0.259000 999.99 0.259000 0.009 0.000   0.196 0.000   0.274 0.000   1.338 0.000  0.819 0.000  0.519 0.000 0.007 0.000 0.038 0.000
351.333333 352.333333   1.00 0.000 0.13 0.000 9.999 0.259000   0.08 0.000000 0.018 0.000   0.562 0.000   0.787 0.000   3.074 0.000  1.614 0.000  1.460 0.000 0.007 0.000 0.061 0.000
354.333333 355.333333   8.72 0.000 0.29 0.000 9.999 0.259000 999.99 0.259000 0.011 0.000   0.942 0.000   1.319 0.000   3.364 0.000  1.060 0.000  2.304 0.000 0.017 0.000 0.099 0.000
357.333333 358.333333   0.51 0.000 9.99 0.259 0.011 0.000000 999.99 0.259000 0.005 0.000   0.137 0.000   0.191 0.000   0.217 0.000 99.999 0.259  0.292 0.000 0.004 0.000 0.029 0.000
360.333333 361.333333   2.52 0.000 0.35 0.000 9.999 0.259000   0.05 0.000000 0.004 0.000   0.974 0.000   1.363 0.000   1.643 0.000  0.398 0.000  1.245 0.000 0.010 0.000 0.055 0.000
363.333333 364.333333   3.73 0.000 0.32 0.000 9.999 0.259000   0.05 0.000000 0.006 0.000   0.809 0.000   1.132 0.000   2.098 0.000  0.540 0.000  1.558 0.000 0.014 0.000 0.051 0.000
