scripts/IMPROVE-2019_partial/data/US9006R.20050101050000.20191216000000.filterpack..pm25.52w.1w.US03L_filterpack_US9006.US03L_IMPROVE_Davis.lev2.nas
64 1001
MISSING INFORMATION
US03L, IMPROVE, , , , , , , 
MISSING INFORMATION
IMPROVE sel_HTAP
1 1
2005 01 01 2019 12 16
3.000000
days from file reference point
25
1 1 1 1 1 1 1 1 1 1 1 1 1 1 1 1 1 1 1 1 1 1 1 1 1
999.999999 9999.99 9.999 99.99 9.999 9.999 9.999999 99.99 9.999999 9.999 9.999 99.999 9.999 99.999 9.999 999.999 9.999 999.999 9.999999 999.999 9.999 9.999 9.999 99.999 9.999
end_time of measurement, days from the file reference point
iron, ng/m3, Revision date=20181210133000
numflag iron, no unit, Revision date=20181210133000
lead, ng/m3, Revision date=20181210133000
numflag lead, no unit, Revision date=20181210133000
magnesium, ug/m3, Revision date=20181210133000
numflag magnesium, no unit, Revision date=20181210133000
nickel, ng/m3, Revision date=20181210133000
numflag nickel, no unit, Revision date=20181210133000
nitrate, ug N/m3, Revision date=20181210133000
numflag nitrate, no unit, Revision date=20181210133000
organic_carbon, ug C/m3, Revision date=20181210133000
numflag organic_carbon, no unit, Revision date=20181210133000
organic_mass, ug/m3, Revision date=20181210133000
numflag organic_mass, no unit, Revision date=20181210133000
pm10_mass, ug/m3, Version=2, Version description=Data extracted from http://views.cira.colostate.edu/fed/DataWizard 2019-12-16, Sample duration=1d, Orig. time res.=3d, Matrix=pm10, Blank correction=Blank corrected, Volume std. temperature=ambient, Volume std. pressure=ambient
numflag pm10_mass, no unit, Version=2, Version description=Data extracted from http://views.cira.colostate.edu/fed/DataWizard 2019-12-16, Sample duration=1d, Orig. time res.=3d, Matrix=pm10, Blank correction=Blank corrected, Volume std. temperature=ambient, Volume std. pressure=ambient
pm10_pm25_mass, ug/m3, Revision date=20181210133000, Matrix=pm10_pm25
numflag pm10_pm25_mass, no unit, Revision date=20181210133000, Matrix=pm10_pm25
pm25_mass, ug/m3, Version=2, Version description=Data extracted from http://views.cira.colostate.edu/fed/DataWizard 2019-12-16, Sample duration=1d, Orig. time res.=3d, Blank correction=Blank corrected, Volume std. temperature=ambient, Volume std. pressure=ambient
numflag pm25_mass, no unit, Version=2, Version description=Data extracted from http://views.cira.colostate.edu/fed/DataWizard 2019-12-16, Sample duration=1d, Orig. time res.=3d, Blank correction=Blank corrected, Volume std. temperature=ambient, Volume std. pressure=ambient
potassium, ug/m3, Revision date=20181210133000
numflag potassium, no unit, Revision date=20181210133000
sulphate_total, ug S/m3, Revision date=20181210133000
numflag sulphate_total, no unit, Revision date=20181210133000
0
25
Data definition:              EBAS_1.1
Set type code:                TU
Timezone:                     UTC
File name:                    US9006R.20050101050000.20191216000000.filterpack..pm25.52w.1w.US03L_filterpack_US9006.US03L_IMPROVE_Davis.lev2.nas
File creation:                20191218120529
Startdate:                    20050101050000
Revision date:                20191216000000
Statistics:                   arithmetic mean
Data level:                   2
Period code:                  52w
Resolution code:              1w
Station code:                 US9006R
Platform code:                US9006S
Station name:                 Martha's Vineyard
Station latitude:             41.3309
Station longitude:            -70.7846
Station altitude:             2.0 m
Regime:                       IMG
Component:                    
Matrix:                       pm25
Laboratory code:              US03L
Instrument type:              filterpack
Instrument name:              filterpack_US9006
Method ref:                   US03L_IMPROVE_Davis
starttime endtime Fe flag_Fe Pb flag_Pb Mg++ flag_Mg++ Ni flag_Ni NO3- flag_NO3- OC flag_OC OM flag_OM PM10 flag_PM10 PM10-PM2.5 flag_PM10-PM2.5 PM2.5 flag_PM2.5 K+ flag_K+ SO4-- flag_SO4--
[from data line 87]
261.208333 262.208333   12.66 0.559  2.21 0.559 9.999 0.559259  1.33 0.559000 0.040 0.000  0.976 0.000  1.757 0.000   6.396 0.000   2.514 0.559000   3.882 0.659 0.043 0.559  0.287 0.000
264.208333 265.208333   56.08 0.559  2.20 0.559 0.025 0.559000  3.45 0.559000 0.173 0.000  1.351 0.000  2.432 0.000  15.644 0.000   7.266 0.559000   8.377 0.659 0.040 0.559  0.908 0.000
267.208333 268.208333 9999.99 0.999 99.99 0.999 9.999 0.999000 99.99 0.999000 9.999 0.999 99.999 0.999 99.999 0.999 999.999 0.999 999.999 0.999000 999.999 0.999 9.999 0.999 99.999 0.999
270.208333 271.208333 9999.99 0.999 99.99 0.999 9.999 0.999000 99.99 0.999000 9.999 0.999 99.999 0.999 99.999 0.999 999.999 0.999 999.999 0.999000 999.999 0.999 9.999 0.999 99.999 0.999
273.208333 274.208333 9999.99 0.259  0.79 0.000 9.999 0.259000  1.03 0.000000 0.042 0.000  0.465 0.000  0.838 0.000   5.460 0.000   2.697 0.000000   2.766 0.000 9.999 0.259  0.349 0.000
276.208333 277.208333 9999.99 0.456 99.99 0.456 9.999 0.456000 99.99 0.456000 0.062 0.000  0.607 0.559  1.093 0.559  11.246 0.000 999.999 0.456000 999.999 0.456 9.999 0.456  1.734 0.000
279.208333 280.208333   10.75 0.000  0.30 0.000 0.045 0.000000  2.04 0.000000 0.102 0.000  0.129 0.000  0.233 0.000   9.248 0.000   5.311 0.000000   3.855 0.000 0.029 0.000  0.356 0.000
282.208333 283.208333    1.08 0.000  0.21 0.000 0.022 0.000000  0.35 0.000000 0.036 0.000  0.240 0.000  0.431 0.000   4.293 0.000   2.207 0.000000   2.049 0.000 0.010 0.000  0.270 0.000
285.208333 286.208333    1.79 0.000 99.99 0.259 0.347 0.000000  0.30 0.000000 0.039 0.000  0.215 0.000  0.387 0.000  26.395 0.000  16.184 0.000000  10.210 0.000 0.078 0.000  0.306 0.000
288.208333 289.208333    5.44 0.000  0.47 0.000 0.031 0.000000  0.43 0.000000 0.012 0.000  0.404 0.000  0.726 0.000  12.298 0.000   9.264 0.000000   2.914 0.000 0.019 0.000  0.243 0.000
291.208333 292.208333   14.14 0.000  0.57 0.000 0.028 0.000000  0.86 0.000000 0.114 0.000  0.606 0.000  1.090 0.000  12.992 0.000   8.022 0.000000   4.977 0.000 0.032 0.000  0.569 0.000
294.208333 295.208333   11.03 0.000  1.01 0.000 0.015 0.000000  0.63 0.000000 0.037 0.000  0.619 0.000  1.115 0.000   6.773 0.000   3.609 0.000000   3.105 0.000 0.021 0.000  0.244 0.000
297.208333 298.208333    0.94 0.000  0.18 0.000 0.129 0.000000  0.41 0.000000 0.022 0.000  0.085 0.000  0.152 0.000  12.221 0.000   8.636 0.000000   3.659 0.000 0.032 0.000  0.116 0.000
300.208333 301.208333   11.53 0.000  0.74 0.000 0.012 0.000000  1.34 0.000000 0.039 0.000  0.647 0.000  1.165 0.000   5.563 0.000   2.491 0.000000   3.070 0.000 0.017 0.000  0.350 0.000
303.208333 304.208333   44.57 0.000  5.25 0.000 0.036 0.000000  2.20 0.000000 0.216 0.000  1.562 0.000  2.811 0.000  18.848 0.000   8.204 0.000000  10.502 0.000 0.067 0.000  1.252 0.000
306.208333 307.208333   24.60 0.000  1.07 0.000 0.087 0.000000  0.87 0.000000 0.273 0.000  1.015 0.000  1.827 0.000  21.537 0.000  12.859 0.000000   8.484 0.000 0.063 0.000  0.847 0.000
309.208333 310.208333   28.39 0.000  1.13 0.000 0.043 0.000000  1.61 0.000000 0.261 0.000  1.785 0.000  3.213 0.000  25.380 0.000  10.464 0.000000  14.712 0.000 0.087 0.000  2.079 0.000
312.208333 313.208333   12.69 0.000  1.05 0.000 0.047 0.000000  0.77 0.000000 0.123 0.000  0.819 0.000  1.475 0.000  14.314 0.000   8.474 0.000000   5.851 0.000 0.040 0.000  0.507 0.000
315.208333 316.208333   16.53 0.000  1.49 0.000 9.999 0.259000  1.16 0.000000 0.096 0.000  0.827 0.000  1.488 0.000   6.193 0.000   2.372 0.000000   3.773 0.000 0.022 0.000  0.374 0.000
318.208333 319.208333    5.69 0.000  0.72 0.000 0.140 0.000000  0.93 0.000000 0.115 0.000  0.511 0.000  0.919 0.000  14.511 0.000   8.797 0.000000   5.716 0.000 0.038 0.000  0.432 0.000
321.208333 322.208333   16.38 0.000  1.43 0.000 9.999 0.259000  0.68 0.000000 0.033 0.000  0.347 0.000  0.624 0.000   4.059 0.000   1.618 0.000000   2.408 0.000 0.020 0.000  0.261 0.000
324.208333 325.208333   33.00 0.000  3.17 0.000 9.999 0.259000  2.98 0.000000 0.270 0.000  2.047 0.000  3.685 0.000  19.944 0.000   9.855 0.000000   9.918 0.000 0.057 0.000  1.037 0.000
327.208333 328.208333    8.63 0.000  0.57 0.000 0.031 0.000000  0.53 0.000000 0.105 0.000  0.587 0.000  1.056 0.000  10.349 0.000   6.010 0.000000   4.247 0.000 0.026 0.000  0.424 0.000
330.208333 331.208333   16.39 0.000  3.28 0.000 9.999 0.259000  2.44 0.000000 0.098 0.000  1.232 0.000  2.217 0.000  10.140 0.000   3.680 0.000000   6.378 0.000 0.026 0.000  0.795 0.000
333.208333 334.208333    6.30 0.000 99.99 0.259 0.260 0.000000  0.78 0.000000 0.084 0.000  0.575 0.000  1.035 0.000  19.252 0.000  10.523 0.000000   8.682 0.000 0.064 0.000  0.619 0.000
336.208333 337.208333    6.41 0.000  0.58 0.000 9.999 0.259000  0.45 0.000000 0.040 0.000  0.278 0.000  0.500 0.000   5.089 0.000   3.081 0.000000   1.962 0.000 0.015 0.000  0.212 0.000
339.208333 340.208333   25.80 0.000  1.57 0.000 9.999 0.259000  1.67 0.000000 0.122 0.000  0.894 0.000  1.609 0.000   7.620 0.000   1.632 0.000000   5.950 0.000 0.031 0.000  0.809 0.000
342.208333 343.208333    4.96 0.394  0.90 0.394 0.054 0.394000  0.48 0.394000 0.066 0.394  0.502 0.000  0.903 0.000   9.119 0.000   5.111 0.000000   3.973 0.000 0.029 0.394  0.360 0.394
345.208333 346.208333   17.31 0.000  2.03 0.000 0.012 0.000000  1.35 0.000000 0.198 0.000  1.282 0.000  2.308 0.000  10.531 0.000   3.484 0.000000   6.965 0.000 0.038 0.000  0.933 0.000
348.208333 349.208333   22.81 0.000  1.75 0.000 0.012 0.000000  3.32 0.000000 0.123 0.000  1.126 0.000  2.027 0.000  10.882 0.000   4.760 0.000000   6.030 0.000 0.043 0.000  0.691 0.000
351.208333 352.208333   22.49 0.000  2.26 0.000 0.038 0.000000  1.18 0.000000 0.103 0.000  1.220 0.000  2.195 0.000  10.695 0.000   2.175 0.000000   8.440 0.000 0.033 0.000  1.307 0.000
354.208333 355.208333   22.90 0.000  2.06 0.000 0.014 0.000000  1.63 0.000000 0.337 0.000  1.012 0.000  1.822 0.000   9.570 0.000   3.083 0.000000   6.485 0.000 0.032 0.000  0.824 0.000
357.208333 358.208333   61.86 0.000  3.66 0.000 0.031 0.000000  6.91 0.000000 0.655 0.000  2.679 0.000  4.822 0.000  23.728 0.000  10.262 0.000000  13.464 0.000 0.096 0.000  1.063 0.000
360.208333 361.208333    8.25 0.699  0.77 0.699 0.024 0.699000  0.90 0.699000 0.041 0.000  0.496 0.000  0.893 0.000   5.945 0.000   2.309 0.699000   3.618 0.000 0.020 0.699  0.486 0.000
363.208333 364.208333   12.74 0.000  0.92 0.000 0.023 0.000000  3.46 0.000000 0.096 0.000  0.656 0.000  1.181 0.000   6.615 0.000   2.032 0.000000   4.533 0.000 0.021 0.000  0.618 0.000
