scripts/IMPROVE-2019_partial/data/US9045R.20030103080000.20191216000000.filterpack..pm25.1y.1w.US03L_filterpack_US9045.US03L_IMPROVE_Davis.lev2.nas
66 1001
MISSING INFORMATION
US03L, IMPROVE, , , , , , , 
MISSING INFORMATION
IMPROVE sel_HTAP
1 1
2003 01 01 2019 12 16
3.000000
days from file reference point
27
1 1 1 1 1 1 1 1 1 1 1 1 1 1 1 1 1 1 1 1 1 1 1 1 1 1 1
999.999999 9999.99 9.999 99.99 9.999 9.999 9.999 9.99 9.999 99.999 9.999 999.999 9.999 999.999 9.999 999.99 9.999 999.999 9.999 999.999 9.999 999.999 9.999 9.999 9.999 99.999 9.999
end_time of measurement, days from the file reference point
iron, ng/m3, Revision date=20181210133000
numflag iron, no unit, Revision date=20181210133000
lead, ng/m3, Revision date=20181210133000
numflag lead, no unit, Revision date=20181210133000
magnesium, ug/m3, Revision date=20181210133000
numflag magnesium, no unit, Revision date=20181210133000
nickel, ng/m3, Revision date=20181210133000
numflag nickel, no unit, Revision date=20181210133000
nitrate, ug N/m3, Revision date=20181210133000
numflag nitrate, no unit, Revision date=20181210133000
organic_carbon, ug C/m3, Revision date=20181210133000
numflag organic_carbon, no unit, Revision date=20181210133000
organic_mass, ug/m3, Revision date=20181210133000
numflag organic_mass, no unit, Revision date=20181210133000
phosphorus, ng/m3, Revision date=20181210133000
numflag phosphorus, no unit, Revision date=20181210133000
pm10_mass, ug/m3, Version=2, Version description=Data extracted from http://views.cira.colostate.edu/fed/DataWizard 2019-12-16, Sample duration=1d, Orig. time res.=3d, Matrix=pm10, Blank correction=Blank corrected, Volume std. temperature=ambient, Volume std. pressure=ambient
numflag pm10_mass, no unit, Version=2, Version description=Data extracted from http://views.cira.colostate.edu/fed/DataWizard 2019-12-16, Sample duration=1d, Orig. time res.=3d, Matrix=pm10, Blank correction=Blank corrected, Volume std. temperature=ambient, Volume std. pressure=ambient
pm10_pm25_mass, ug/m3, Revision date=20181210133000, Matrix=pm10_pm25
numflag pm10_pm25_mass, no unit, Revision date=20181210133000, Matrix=pm10_pm25
pm25_mass, ug/m3, Version=2, Version description=Data extracted from http://views.cira.colostate.edu/fed/DataWizard 2019-12-16, Sample duration=1d, Orig. time res.=3d, Blank correction=Blank corrected, Volume std. temperature=ambient, Volume std. pressure=ambient
numflag pm25_mass, no unit, Version=2, Version description=Data extracted from http://views.cira.colostate.edu/fed/DataWizard 2019-12-16, Sample duration=1d, Orig. time res.=3d, Blank correction=Blank corrected, Volume std. temperature=ambient, Volume std. pressure=ambient
potassium, ug/m3, Revision date=20181210133000
numflag potassium, no unit, Revision date=20181210133000
sulphate_total, ug S/m3, Revision date=20181210133000
numflag sulphate_total, no unit, Revision date=20181210133000
0
25
Data definition:              EBAS_1.1
Set type code:                TU
Timezone:                     UTC
File name:                    US9045R.20030103080000.20191216000000.filterpack..pm25.1y.1w.US03L_filterpack_US9045.US03L_IMPROVE_Davis.lev2.nas
File creation:                20191218120829
Startdate:                    20030103080000
Revision date:                20191216000000
Statistics:                   arithmetic mean
Data level:                   2
Period code:                  1y
Resolution code:              1w
Station code:                 US9045R
Platform code:                US9045S
Station name:                 Sequoia NP
Station latitude:             36.4894
Station longitude:            -118.8291
Station altitude:             519.0 m
Regime:                       IMG
Component:                    
Matrix:                       pm25
Laboratory code:              US03L
Instrument type:              filterpack
Instrument name:              filterpack_US9045
Method ref:                   US03L_IMPROVE_Davis
starttime endtime Fe flag_Fe Pb flag_Pb Mg++ flag_Mg++ Ni flag_Ni NO3- flag_NO3- OC flag_OC OM flag_OM P flag_P PM10 flag_PM10 PM10-PM2.5 flag_PM10-PM2.5 PM2.5 flag_PM2.5 K+ flag_K+ SO4-- flag_SO4--
[from data line 84]
254.333333 255.333333  117.39 0.000  0.87 0.000 0.045 0.000 0.15 0.000  0.081 0.000   6.267 0.000   8.773 0.000 999.99 0.259  33.606 0.000  18.956 0.000  14.650 0.000 0.096 0.000  0.344 0.000
257.333333 258.333333  102.58 0.000  0.92 0.000 9.999 0.259 0.08 0.000  0.067 0.000   3.254 0.000   4.556 0.000 999.99 0.259  23.231 0.000  13.992 0.000   9.239 0.000 0.073 0.000  0.418 0.000
260.333333 261.333333  200.81 0.000  1.10 0.000 0.040 0.000 0.34 0.000  0.196 0.559   3.736 0.000   5.231 0.000 999.99 0.259  41.091 0.000  28.385 0.000  12.706 0.000 0.136 0.000  0.373 0.559
263.333333 264.333333  139.82 0.000  1.06 0.000 0.045 0.000 0.09 0.000  0.072 0.000   5.256 0.000   7.358 0.000 999.99 0.259  27.071 0.000  14.108 0.000  12.963 0.000 0.109 0.000  0.335 0.000
266.333333 267.333333  210.53 0.000  1.33 0.000 9.999 0.259 0.35 0.000  0.179 0.000   5.871 0.000   8.219 0.000 999.99 0.259  38.029 0.000  21.540 0.000  16.489 0.000 0.142 0.000  0.524 0.000
269.333333 270.333333  215.34 0.000  1.74 0.000 9.999 0.259 0.33 0.000  0.323 0.000   8.837 0.000  12.372 0.000 999.99 0.259  48.694 0.000  25.661 0.000  23.033 0.000 0.168 0.000  0.871 0.000
272.333333 273.333333  132.66 0.000  1.30 0.000 9.999 0.259 0.19 0.000  0.665 0.000   5.477 0.000   7.668 0.000 999.99 0.259  50.410 0.000  34.721 0.000  15.689 0.000 0.081 0.000  0.922 0.000
275.333333 276.333333  164.06 0.000  1.63 0.000 0.038 0.000 9.99 0.259  0.613 0.000  12.491 0.000  17.487 0.000 999.99 0.259  57.829 0.000  28.040 0.000  29.789 0.000 0.299 0.000  0.650 0.000
278.333333 279.333333  109.50 0.000  1.59 0.000 9.999 0.259 0.12 0.000  0.284 0.000   7.529 0.000  10.540 0.000 999.99 0.259  34.763 0.000  16.530 0.000  18.233 0.000 0.133 0.000  0.634 0.000
281.333333 282.333333  225.73 0.000  1.20 0.000 0.036 0.000 0.14 0.000  0.680 0.000   8.175 0.000  11.446 0.000 999.99 0.259  48.570 0.000  27.948 0.000  20.622 0.000 0.143 0.000  0.406 0.000
284.333333 285.333333  197.96 0.000  0.99 0.000 0.030 0.000 0.17 0.000  0.530 0.000  11.594 0.000  16.231 0.000  43.11 0.000  54.217 0.000  29.198 0.000  25.019 0.000 0.198 0.000  0.283 0.000
287.333333 288.333333  240.27 0.000  1.52 0.000 9.999 0.259 0.17 0.000  1.241 0.000  10.396 0.000  14.554 0.000 999.99 0.259  55.597 0.000  30.145 0.000  25.452 0.000 0.231 0.000  0.414 0.000
290.333333 291.333333 9999.99 0.999 99.99 0.999 9.999 0.999 9.99 0.999 99.999 0.999 999.999 0.999 999.999 0.999 999.99 0.999  56.971 0.000 999.999 0.999 999.999 0.999 9.999 0.999 99.999 0.999
293.333333 294.333333 9999.99 0.999 99.99 0.999 9.999 0.999 9.99 0.999 99.999 0.999 999.999 0.999 999.999 0.999 999.99 0.999  34.875 0.000 999.999 0.999 999.999 0.999 9.999 0.999 99.999 0.999
296.333333 297.333333  166.16 0.000  1.13 0.000 9.999 0.259 0.16 0.000  0.302 0.000   8.557 0.000  11.980 0.000 999.99 0.259  43.787 0.000  23.138 0.000  20.650 0.000 0.153 0.000  0.418 0.000
299.333333 300.333333  104.48 0.000  1.10 0.000 0.032 0.000 0.11 0.000  0.113 0.000   8.345 0.000  11.684 0.000 999.99 0.259  28.322 0.000  11.163 0.000  17.159 0.000 0.118 0.000  0.227 0.000
302.333333 303.333333  200.37 0.000  0.68 0.000 9.999 0.259 0.20 0.000  0.271 0.000   1.437 0.000   2.011 0.000 999.99 0.259  41.377 0.000  32.577 0.000   8.800 0.000 0.125 0.000  0.230 0.000
305.333333 306.333333   16.93 0.000  0.73 0.000 9.999 0.259 9.99 0.259  0.897 0.000   2.115 0.000   2.961 0.000 999.99 0.259  12.979 0.000   3.978 0.000   9.001 0.000 0.088 0.000  0.205 0.000
308.333333 309.333333   27.31 0.000  0.62 0.000 9.999 0.259 0.11 0.000  1.127 0.559   3.134 0.000   4.387 0.000 999.99 0.259  16.841 0.000   4.204 0.000  12.637 0.000 0.213 0.000  0.230 0.559
311.333333 312.333333   13.83 0.000  0.70 0.000 9.999 0.259 9.99 0.259  0.054 0.559   0.598 0.000   0.837 0.000 999.99 0.259   4.175 0.000   2.313 0.000   1.862 0.000 0.026 0.000  0.125 0.559
314.333333 315.333333   13.70 0.000  0.84 0.000 9.999 0.259 9.99 0.259  1.001 0.559   1.327 0.000   1.858 0.000 999.99 0.259  14.178 0.000   4.681 0.000   9.497 0.000 0.041 0.000  0.259 0.559
317.333333 318.333333   20.92 0.000  0.85 0.000 0.026 0.000 0.20 0.000  1.222 0.559   1.962 0.000   2.747 0.000 999.99 0.259  17.320 0.000   5.411 0.000  11.909 0.000 0.126 0.000  0.321 0.559
320.333333 321.333333   26.11 0.000  0.90 0.000 9.999 0.259 0.08 0.000  0.956 0.559   1.462 0.000   2.046 0.000 999.99 0.259  16.425 0.000   7.294 0.000   9.131 0.000 0.024 0.000  0.241 0.559
323.333333 324.333333   13.92 0.000  0.52 0.000 9.999 0.259 9.99 0.259  0.508 0.559   1.160 0.000   1.623 0.000 999.99 0.259   7.027 0.000   3.392 0.000   3.635 0.000 0.016 0.000  0.113 0.559
326.333333 327.333333   10.21 0.000  0.78 0.000 9.999 0.259 9.99 0.259  0.193 0.559   1.208 0.000   1.691 0.000 999.99 0.259   5.531 0.000   1.911 0.000   3.619 0.000 0.023 0.000  0.096 0.559
329.333333 330.333333   39.90 0.000  1.95 0.000 0.048 0.000 0.16 0.000  3.565 0.559   3.710 0.000   5.193 0.000 999.99 0.259  36.563 0.000   7.222 0.000  29.341 0.000 0.076 0.000  0.244 0.559
332.333333 333.333333    7.94 0.000  0.63 0.000 0.041 0.000 0.10 0.000  0.026 0.559   0.822 0.000   1.150 0.000 999.99 0.259   3.493 0.000   1.890 0.000   1.603 0.000 0.016 0.000  0.059 0.559
335.333333 336.333333   11.87 0.000  0.57 0.000 9.999 0.259 0.15 0.000  0.054 0.559   0.816 0.000   1.143 0.000 999.99 0.259   3.945 0.000   2.093 0.000   1.851 0.000 0.053 0.000  0.065 0.559
338.333333 339.333333   18.82 0.000  0.94 0.000 9.999 0.259 0.25 0.000  0.145 0.559   0.928 0.000   1.300 0.000 999.99 0.259   5.547 0.000   3.144 0.000   2.404 0.000 0.028 0.000  0.085 0.559
341.333333 342.333333    3.99 0.000  0.66 0.000 0.060 0.000 0.23 0.000  0.183 0.559   0.918 0.000   1.286 0.000 999.99 0.259   7.111 0.000   3.995 0.000   3.116 0.000 0.017 0.000  0.226 0.559
344.333333 345.333333    0.91 0.000 99.99 0.259 0.159 0.000 0.21 0.000  0.009 0.559   0.343 0.000   0.480 0.000 999.99 0.259 999.999 0.999 999.999 0.999   0.709 0.000 0.010 0.000  0.026 0.559
347.333333 348.333333    1.85 0.000  0.66 0.000 0.078 0.000 0.12 0.000  0.010 0.559   0.426 0.000   0.597 0.000 999.99 0.259 999.999 0.999 999.999 0.999   0.975 0.000 0.013 0.000  0.046 0.559
350.333333 351.333333    5.42 0.000  0.52 0.000 0.109 0.000 9.99 0.259  0.071 0.559   0.791 0.000   1.108 0.000 999.99 0.259   3.411 0.000   1.616 0.000   1.795 0.000 0.017 0.000  0.027 0.559
353.333333 354.333333   10.05 0.000  0.64 0.000 0.101 0.000 9.99 0.259  0.076 0.559   0.708 0.000   0.991 0.000 999.99 0.259   3.205 0.000   1.668 0.000   1.537 0.000 0.025 0.000  0.059 0.559
356.333333 357.333333    6.99 0.000  0.30 0.000 0.115 0.000 9.99 0.259  0.003 0.559   0.370 0.000   0.519 0.000   4.17 0.000   2.260 0.000   1.577 0.000   0.683 0.000 0.014 0.000  0.019 0.559
359.333333 360.333333    2.01 0.000 99.99 0.259 9.999 0.259 0.10 0.000  0.090 0.559   0.542 0.000   0.759 0.000 999.99 0.259   2.108 0.000   0.512 0.000   1.596 0.000 0.021 0.000  0.115 0.559
362.333333 363.333333    6.74 0.000  0.44 0.000 0.178 0.000 0.20 0.000  0.003 0.559   0.178 0.000   0.249 0.000 999.99 0.259   1.438 0.000   1.081 0.000   0.358 0.000 0.006 0.000  0.048 0.559
