scripts/IMPROVE-2019_partial/data/US9034R.19950104060000.20191216000000.filterpack...1y.3d.US03L_filterpack_US9034.US03L_IMPROVE_Davis.lev2.nas
51 1001
MISSING INFORMATION
US03L, IMPROVE, , , , , , , 
MISSING INFORMATION
IMPROVE sel_HTAP
1 1
1995 01 01 2019 12 16
0
days from file reference point
4
1 1 1 1
999.99 999.999 999.999 9.999
end_time of measurement, days from the file reference point
pm10_mass, ug/m3, Matrix=pm10
pm25_mass, ug/m3, Matrix=pm25
numflag, no unit
0
33
Data definition:              EBAS_1.1
Set type code:                TI
Timezone:                     UTC
File name:                    US9034R.19950104060000.20191216000000.filterpack...1y.3d.US03L_filterpack_US9034.US03L_IMPROVE_Davis.lev2.nas
File creation:                20191218120732
Startdate:                    19950104060000
Revision date:                20191216000000
Version:                      2
Version description:          "Data extracted from http://views.cira.colostate.edu/fed/DataWizard 2019-12-16"
Statistics:                   arithmetic mean
Data level:                   2
Period code:                  1y
Resolution code:              3d
Sample duration:              1d
Orig. time res.:              3d
Station code:                 US9034R
Platform code:                US9034S
Station name:                 Upper Buffalo Wilderness
Station latitude:             35.8258
Station longitude:            -93.203
Station altitude:             722.0 m
Regime:                       IMG
Component:                    
Unit:                         ug/m3
Matrix:                       
Laboratory code:              US03L
Instrument type:              filterpack
Instrument name:              filterpack_US9034
Method ref:                   US03L_IMPROVE_Davis
Blank correction:             Blank corrected
Volume std. temperature:      ambient
Volume std. pressure:         ambient
starttime endtime PM10 PM2.5 flag
  3.25   4.25   9.440   6.667 0.000
  6.25   7.25  15.120  12.063 0.000
 10.25  11.25 999.999   8.962 0.000
 13.25  14.25 999.999   3.625 0.000
 17.25  18.25   3.164   2.556 0.000
 20.25  21.25  17.510   7.010 0.000
 24.25  25.25   8.790   5.552 0.000
 27.25  28.25   7.258   3.975 0.000
 31.25  32.25   7.619   3.683 0.000
 34.25  35.25  14.122   3.674 0.000
 38.25  39.25   8.178   3.738 0.000
 41.25  42.25   8.484   4.212 0.000
 45.25  46.25 999.999 999.999 0.999
 48.25  49.25 999.999   5.833 0.000
 52.25  53.25  12.511   6.635 0.000
 55.25  56.25  11.013   4.646 0.000
 59.25  60.25  17.990   7.754 0.000
 62.25  63.25  14.075   7.950 0.000
 66.25  67.25  11.606   7.936 0.000
 69.25  70.25  19.121  10.324 0.000
 73.25  74.25  18.736  11.161 0.000
 76.25  77.25  39.756  27.334 0.000
 80.25  81.25  25.647  15.687 0.000
 83.25  84.25  19.437  12.989 0.000
 87.25  88.25  14.481   5.930 0.000
 90.25  91.25  19.571   8.352 0.000
 94.25  95.25  12.869   5.726 0.000
 97.25  98.25  19.225  10.952 0.000
101.25 102.25  10.201   4.721 0.000
104.25 105.25  22.128  13.277 0.000
108.25 109.25   5.336   2.834 0.000
111.25 112.25  12.302   4.515 0.000
115.25 116.25  14.527   8.767 0.000
118.25 119.25  12.692   8.516 0.000
122.25 123.25  17.969  13.127 0.000
125.25 126.25  17.720  14.711 0.000
129.25 130.25   7.910   2.790 0.000
132.25 133.25  30.608  22.139 0.000
136.25 137.25  25.987  20.267 0.000
139.25 140.25 999.999   6.825 0.000
143.25 144.25  16.180 999.999 0.000
146.25 147.25  35.413  14.898 0.000
150.25 151.25 999.999  10.491 0.000
153.25 154.25  10.543   7.749 0.000
157.25 158.25  21.409  17.391 0.000
160.25 161.25  14.726   4.226 0.000
164.25 165.25  17.574  12.241 0.000
167.25 168.25  31.357  25.600 0.000
171.25 172.25  31.288  22.677 0.000
174.25 175.25  16.152  12.445 0.000
178.25 179.25  20.009  13.889 0.000
181.25 182.25  30.952  24.877 0.000
185.25 186.25   7.087   4.393 0.000
188.25 189.25  20.950  11.178 0.000
192.25 193.25  29.542  21.591 0.000
195.25 196.25  34.422  25.030 0.000
199.25 200.25  24.517  16.265 0.000
202.25 203.25  15.380   7.820 0.000
206.25 207.25   5.922   3.205 0.000
209.25 210.25  15.106  10.803 0.000
213.25 214.25  18.530  10.005 0.000
216.25 217.25  12.826  10.299 0.000
220.25 221.25  29.558  16.619 0.000
223.25 224.25  25.890  19.260 0.000
227.25 228.25  20.347  10.668 0.000
230.25 231.25  25.881  18.376 0.000
234.25 235.25  17.026  10.980 0.000
237.25 238.25  41.415  33.149 0.000
241.25 242.25  41.953  30.478 0.000
244.25 245.25  21.159  11.704 0.000
248.25 249.25  22.133  16.734 0.000
251.25 252.25   5.385   4.112 0.000
255.25 256.25  13.081   9.747 0.000
258.25 259.25  11.889   9.239 0.000
262.25 263.25   6.095   5.101 0.000
265.25 266.25   5.504   3.472 0.000
269.25 270.25  13.551  10.038 0.000
272.25 273.25  31.937  23.957 0.000
276.25 277.25  13.034  11.081 0.000
279.25 280.25   5.912   3.502 0.000
283.25 284.25  26.780  15.265 0.000
286.25 287.25  10.269   2.050 0.000
290.25 291.25  19.125  13.097 0.000
293.25 294.25  12.832   3.472 0.000
297.25 298.25  10.379   5.059 0.000
300.25 301.25   9.246   2.162 0.000
304.25 305.25   7.423   5.461 0.000
307.25 308.25   7.862   4.462 0.000
311.25 312.25  11.335   7.450 0.000
314.25 315.25   8.381   5.255 0.000
318.25 319.25  12.124   9.155 0.000
321.25 322.25  13.582   8.844 0.000
325.25 326.25  17.442   8.875 0.000
328.25 329.25  14.093   8.321 0.000
332.25 333.25  17.603  10.401 0.000
335.25 336.25  17.729  14.329 0.000
339.25 340.25  11.711   3.264 0.000
342.25 343.25   7.907   3.456 0.000
346.25 347.25  16.160   9.976 0.000
349.25 350.25   4.496   2.837 0.000
353.25 354.25  12.795   9.108 0.000
356.25 357.25  12.398  10.157 0.000
360.25 361.25  10.816   7.235 0.000
363.25 364.25  10.774   7.881 0.000
