scripts/IMPROVE-2019_partial/data/US9035R.20010101070000.20191216000000.filterpack..pm25.52w.1w.US03L_filterpack_US9035.US03L_IMPROVE_Davis.lev2.nas
64 1001
MISSING INFORMATION
US03L, IMPROVE, , , , , , , 
MISSING INFORMATION
IMPROVE sel_HTAP
1 1
2001 01 01 2019 12 16
3.000000
days from file reference point
25
1 1 1 1 1 1 1 1 1 1 1 1 1 1 1 1 1 1 1 1 1 1 1 1 1
999.999999 99999.99 9.999 99.99 9.999999 9.999 9.999999 99.99 9.999999 9.999 9.999 99.999 9.999 99.999 9.999 999.999 9.999 999.999 9.999 999.999 9.999 9.999 9.999 9.999 9.999
end_time of measurement, days from the file reference point
iron, ng/m3, Revision date=20181210133000
numflag iron, no unit, Revision date=20181210133000
lead, ng/m3, Revision date=20181210133000
numflag lead, no unit, Revision date=20181210133000
magnesium, ug/m3, Revision date=20181210133000
numflag magnesium, no unit, Revision date=20181210133000
nickel, ng/m3, Revision date=20181210133000
numflag nickel, no unit, Revision date=20181210133000
nitrate, ug N/m3, Revision date=20181210133000
numflag nitrate, no unit, Revision date=20181210133000
organic_carbon, ug C/m3, Revision date=20181210133000
numflag organic_carbon, no unit, Revision date=20181210133000
organic_mass, ug/m3, Revision date=20181210133000
numflag organic_mass, no unit, Revision date=20181210133000
pm10_mass, ug/m3, Version=2, Version description=Data extracted from http://views.cira.colostate.edu/fed/DataWizard 2019-12-16, Sample duration=1d, Orig. time res.=3d, Matrix=pm10, Blank correction=Blank corrected, Volume std. temperature=ambient, Volume std. pressure=ambient
numflag pm10_mass, no unit, Version=2, Version description=Data extracted from http://views.cira.colostate.edu/fed/DataWizard 2019-12-16, Sample duration=1d, Orig. time res.=3d, Matrix=pm10, Blank correction=Blank corrected, Volume std. temperature=ambient, Volume std. pressure=ambient
pm10_pm25_mass, ug/m3, Revision date=20181210133000, Matrix=pm10_pm25
numflag pm10_pm25_mass, no unit, Revision date=20181210133000, Matrix=pm10_pm25
pm25_mass, ug/m3, Version=2, Version description=Data extracted from http://views.cira.colostate.edu/fed/DataWizard 2019-12-16, Sample duration=1d, Orig. time res.=3d, Blank correction=Blank corrected, Volume std. temperature=ambient, Volume std. pressure=ambient
numflag pm25_mass, no unit, Version=2, Version description=Data extracted from http://views.cira.colostate.edu/fed/DataWizard 2019-12-16, Sample duration=1d, Orig. time res.=3d, Blank correction=Blank corrected, Volume std. temperature=ambient, Volume std. pressure=ambient
potassium, ug/m3, Revision date=20181210133000
numflag potassium, no unit, Revision date=20181210133000
sulphate_total, ug S/m3, Revision date=20181210133000
numflag sulphate_total, no unit, Revision date=20181210133000
0
25
Data definition:              EBAS_1.1
Set type code:                TU
Timezone:                     UTC
File name:                    US9035R.20010101070000.20191216000000.filterpack..pm25.52w.1w.US03L_filterpack_US9035.US03L_IMPROVE_Davis.lev2.nas
File creation:                20191218120738
Startdate:                    20010101070000
Revision date:                20191216000000
Statistics:                   arithmetic mean
Data level:                   2
Period code:                  52w
Resolution code:              1w
Station code:                 US9035R
Platform code:                US9035S
Station name:                 Sycamore Canyon
Station latitude:             35.1406
Station longitude:            -111.9692
Station altitude:             2046.0 m
Regime:                       IMG
Component:                    
Matrix:                       pm25
Laboratory code:              US03L
Instrument type:              filterpack
Instrument name:              filterpack_US9035
Method ref:                   US03L_IMPROVE_Davis
starttime endtime Fe flag_Fe Pb flag_Pb Mg++ flag_Mg++ Ni flag_Ni NO3- flag_NO3- OC flag_OC OM flag_OM PM10 flag_PM10 PM10-PM2.5 flag_PM10-PM2.5 PM2.5 flag_PM2.5 K+ flag_K+ SO4-- flag_SO4--
  0.291667   1.291667 99999.99 0.999 99.99 0.999000 9.999 0.999000 99.99 0.999000 9.999 0.999 99.999 0.999 99.999 0.999 999.999 0.999 999.999 0.999 999.999 0.999 9.999 0.999 9.999 0.999
  3.291667   4.291667 99999.99 0.999 99.99 0.999000 9.999 0.999000 99.99 0.999000 9.999 0.999 99.999 0.999 99.999 0.999 999.999 0.999 999.999 0.999 999.999 0.999 9.999 0.999 9.999 0.999
  6.291667   7.291667    80.50 0.000  0.57 0.000000 9.999 0.259000 99.99 0.259000 0.022 0.000  0.727 0.000  1.018 0.000   5.556 0.000   3.027 0.000   2.528 0.000 0.017 0.000 0.127 0.000
  9.291667  10.291667    19.86 0.000  0.46 0.000000 9.999 0.259000 99.99 0.259000 0.081 0.000  1.060 0.000  1.485 0.000   3.350 0.000   0.438 0.000   2.912 0.000 0.013 0.000 0.287 0.000
 12.291667  13.291667     6.73 0.000  0.28 0.000000 9.999 0.259000 99.99 0.259000 0.079 0.000  0.584 0.000  0.817 0.000   1.356 0.000   0.230 0.000   1.126 0.000 0.005 0.000 0.079 0.000
 15.291667  16.291667    13.52 0.000 99.99 0.259000 9.999 0.259000 99.99 0.259000 0.082 0.000  0.688 0.000  0.963 0.000   2.824 0.000   0.453 0.000   2.371 0.000 0.005 0.000 0.266 0.000
 18.291667  19.291667    26.45 0.000  0.29 0.000000 9.999 0.259000 99.99 0.259000 0.043 0.000  0.720 0.000  1.008 0.000   3.082 0.000   0.977 0.000   2.105 0.000 0.011 0.000 0.158 0.000
 21.291667  22.291667    16.74 0.000  0.52 0.000000 9.999 0.259000 99.99 0.259000 0.026 0.000  0.545 0.000  0.763 0.000   2.900 0.000   1.108 0.000   1.792 0.000 0.005 0.000 0.167 0.000
 24.291667  25.291667   160.29 0.000  0.44 0.000000 9.999 0.259000 99.99 0.259000 0.135 0.000  0.324 0.000  0.453 0.000   3.554 0.000 999.999 0.259   3.697 0.000 0.042 0.000 0.122 0.000
 27.291667  28.291667     3.44 0.000 99.99 0.259000 9.999 0.259000 99.99 0.259000 0.034 0.000  0.139 0.000  0.194 0.000   1.438 0.000   0.152 0.000   1.286 0.000 0.004 0.000 0.206 0.000
 30.291667  31.291667    76.66 0.000 99.99 0.259000 9.999 0.259000 99.99 0.259000 0.053 0.000  0.320 0.000  0.447 0.000   2.769 0.000   0.657 0.000   2.112 0.000 0.014 0.000 0.100 0.000
 33.291667  34.291667    36.94 0.000  0.45 0.000000 0.015 0.000000 99.99 0.259000 0.016 0.000  0.411 0.000  0.576 0.000   3.986 0.000   2.509 0.000   1.477 0.000 0.017 0.000 0.101 0.000
 36.291667  37.291667    26.59 0.000  1.72 0.000000 9.999 0.259000  0.08 0.000000 0.240 0.000  0.677 0.000  0.949 0.000   6.087 0.000   3.244 0.000   2.842 0.000 0.013 0.000 0.174 0.000
 39.291667  40.291667    63.58 0.000  0.22 0.000000 9.999 0.259000 99.99 0.259000 0.149 0.000  0.731 0.000  1.023 0.000   6.655 0.000   3.167 0.000   3.488 0.000 0.022 0.000 0.222 0.000
 42.291667  43.291667    30.01 0.000  1.09 0.000000 9.999 0.259000 99.99 0.259000 0.122 0.000  0.434 0.000  0.607 0.000   6.040 0.000   3.352 0.000   2.688 0.000 0.032 0.000 0.265 0.000
 45.291667  46.291667    21.10 0.000 99.99 0.259000 9.999 0.259000 99.99 0.259000 0.064 0.000  0.375 0.000  0.525 0.000   2.232 0.000   0.307 0.000   1.925 0.000 0.009 0.000 0.158 0.000
 48.291667  49.291667    68.02 0.559  1.67 0.559000 9.999 0.559259 99.99 0.559259 0.042 0.000  0.766 0.000  1.073 0.000   4.274 0.000   1.180 0.000   3.094 0.559 0.020 0.559 0.197 0.000
 51.291667  52.291667    20.98 0.000  0.49 0.000000 9.999 0.259000 99.99 0.259000 0.054 0.000  0.355 0.000  0.497 0.000   2.941 0.000   1.647 0.000   1.294 0.000 0.012 0.000 0.096 0.000
 54.291667  55.291667    16.53 0.000  0.30 0.000000 9.999 0.259000 99.99 0.259000 0.153 0.000  0.344 0.000  0.482 0.000   4.051 0.000   2.612 0.000   1.439 0.000 0.011 0.000 0.116 0.000
 57.291667  58.291667    91.30 0.000  1.09 0.000000 9.999 0.259000  0.59 0.000000 0.081 0.000  0.434 0.000  0.607 0.000   2.865 0.000 999.999 0.259   3.080 0.000 0.027 0.000 0.229 0.000
 60.291667  61.291667    30.23 0.000  0.51 0.000000 9.999 0.259000 99.99 0.259000 0.026 0.000  0.416 0.000  0.582 0.000   2.219 0.000   0.708 0.000   1.511 0.000 0.009 0.000 0.136 0.000
 63.291667  64.291667    10.58 0.000  0.82 0.000000 9.999 0.259000 99.99 0.259000 0.013 0.000  0.347 0.000  0.486 0.000   2.288 0.000   0.861 0.000   1.427 0.000 0.012 0.000 0.151 0.000
 66.291667  67.291667    27.26 0.000  0.53 0.000000 9.999 0.259000 99.99 0.259000 0.051 0.000  0.625 0.000  0.875 0.000   3.268 0.000   0.734 0.000   2.534 0.000 0.015 0.000 0.270 0.000
 69.291667  70.291667    16.47 0.000  0.36 0.000000 0.024 0.000000 99.99 0.259000 0.048 0.000  0.310 0.000  0.434 0.000   1.068 0.000   0.524 0.000   0.544 0.000 0.006 0.000 0.061 0.000
 72.291667  73.291667    89.96 0.000  0.81 0.000000 9.999 0.259000 99.99 0.259000 0.023 0.000  0.481 0.000  0.673 0.000   3.571 0.000   0.924 0.000   2.647 0.000 0.029 0.000 0.131 0.000
 75.291667  76.291667    33.50 0.000 99.99 0.259000 9.999 0.259000  0.12 0.000000 0.009 0.000  0.253 0.000  0.355 0.000   2.301 0.000   1.195 0.000   1.106 0.000 0.007 0.000 0.069 0.000
 78.291667  79.291667   151.59 0.000  0.44 0.000000 9.999 0.259000 99.99 0.259000 0.017 0.000  0.553 0.000  0.774 0.000   8.794 0.000   5.591 0.000   3.203 0.000 0.035 0.000 0.146 0.000
 81.291667  82.291667   178.15 0.000  0.65 0.000000 9.999 0.259000 99.99 0.259000 0.041 0.000  0.733 0.000  1.026 0.000   9.314 0.000   5.614 0.000   3.699 0.000 0.034 0.000 0.159 0.000
 84.291667  85.291667   115.38 0.000  0.49 0.000000 9.999 0.259000 99.99 0.259000 0.050 0.000  0.607 0.000  0.849 0.000   7.684 0.000   4.630 0.000   3.054 0.000 0.028 0.000 0.161 0.000
 87.291667  88.291667   219.74 0.000 99.99 0.259000 9.999 0.259000 99.99 0.259000 0.013 0.000  0.496 0.000  0.695 0.000   8.285 0.000   4.749 0.000   3.535 0.000 0.037 0.000 0.095 0.000
 90.291667  91.291667   295.67 0.559 99.99 0.559259 9.999 0.559259 99.99 0.559259 0.077 0.000  0.887 0.000  1.242 0.000  13.685 0.000   6.946 0.000   6.738 0.559 0.076 0.559 0.300 0.000
 93.291667  94.291667    63.84 0.000  0.59 0.000000 9.999 0.259000 99.99 0.259000 0.154 0.000  0.552 0.000  0.773 0.000  10.784 0.000   6.102 0.000   4.683 0.000 0.041 0.000 0.372 0.000
 96.291667  97.291667   101.50 0.000  0.60 0.000000 9.999 0.259000  1.17 0.000000 0.249 0.000  0.637 0.000  0.892 0.000   4.739 0.000   0.465 0.000   4.274 0.000 0.043 0.000 0.414 0.000
 99.291667 100.291667    24.75 0.000  1.04 0.000000 9.999 0.259000 99.99 0.259000 0.040 0.000  0.302 0.000  0.423 0.000   7.766 0.000   5.715 0.000   2.052 0.000 0.026 0.000 0.228 0.000
102.291667 103.291667   190.35 0.000  0.74 0.000000 9.999 0.259000 99.99 0.259000 0.050 0.000  0.751 0.000  1.052 0.000   9.533 0.000   4.421 0.000   5.112 0.000 0.088 0.000 0.197 0.000
105.291667 106.291667   438.44 0.559  0.85 0.559000 9.999 0.559259 99.99 0.559259 0.068 0.000  0.912 0.000  1.277 0.000  18.178 0.000   8.436 0.000   9.742 0.559 0.193 0.559 0.257 0.000
108.291667 109.291667   137.68 0.000  0.65 0.000000 9.999 0.259000 99.99 0.259000 0.030 0.000  0.492 0.000  0.689 0.000   8.691 0.000   5.109 0.000   3.582 0.000 0.055 0.000 0.149 0.000
111.291667 112.291667    80.25 0.000 99.99 0.259000 9.999 0.259000 99.99 0.259000 0.035 0.000  0.478 0.000  0.669 0.000   2.206 0.000   0.103 0.000   2.102 0.000 0.030 0.000 0.110 0.000
114.291667 115.291667   601.79 0.559  0.63 0.559000 9.999 0.559259  0.76 0.559000 0.030 0.000  0.760 0.000  1.064 0.000  14.864 0.000   3.813 0.000  11.051 0.559 0.159 0.559 0.221 0.000
117.291667 118.291667   367.56 0.000  0.49 0.000000 9.999 0.259000 99.99 0.259000 0.039 0.000  0.997 0.000  1.396 0.000   9.097 0.000   1.994 0.000   7.103 0.000 0.094 0.000 0.240 0.000
120.291667 121.291667   341.23 0.559  0.60 0.559000 9.999 0.559259 99.99 0.559259 0.058 0.000  1.278 0.000  1.789 0.000  16.488 0.000   8.326 0.000   8.162 0.559 0.141 0.559 0.298 0.000
123.291667 124.291667   363.74 0.000  0.43 0.000000 9.999 0.259000 99.99 0.259000 0.032 0.000  0.539 0.000  0.755 0.000   7.230 0.000   0.578 0.000   6.652 0.000 0.077 0.000 0.175 0.000
126.291667 127.291667   764.89 0.559 99.99 0.559259 9.999 0.559259 99.99 0.559259 0.059 0.000  1.442 0.000  2.019 0.000  23.960 0.000  10.803 0.000  13.158 0.559 0.211 0.559 0.208 0.000
129.291667 130.291667 99999.99 0.999 99.99 0.999000 9.999 0.999000 99.99 0.999000 9.999 0.999 99.999 0.999 99.999 0.999 999.999 0.999 999.999 0.999 999.999 0.999 9.999 0.999 9.999 0.999
132.291667 133.291667 99999.99 0.999 99.99 0.999000 9.999 0.999000 99.99 0.999000 9.999 0.999 99.999 0.999 99.999 0.999 999.999 0.999 999.999 0.999 999.999 0.999 9.999 0.999 9.999 0.999
135.291667 136.291667   388.42 0.000  0.53 0.000000 9.999 0.259000  1.89 0.000000 0.033 0.000  0.797 0.000  1.116 0.000   7.787 0.000   1.220 0.000   6.567 0.000 0.102 0.000 0.174 0.000
138.291667 139.291667   100.79 0.000  0.25 0.000000 9.999 0.259000 99.99 0.259000 0.026 0.000  1.253 0.000  1.754 0.000   5.339 0.000   1.774 0.000   3.565 0.000 0.046 0.000 0.228 0.000
141.291667 142.291667   808.21 0.000  1.05 0.000000 9.999 0.259000  5.23 0.000000 0.022 0.000  1.107 0.000  1.549 0.000  13.947 0.000   1.829 0.000  12.119 0.000 0.173 0.000 0.148 0.000
144.291667 145.291667   444.47 0.559  0.46 0.559000 9.999 0.559259 99.99 0.559259 0.036 0.000  1.531 0.000  2.143 0.000  20.468 0.000  12.002 0.000   8.466 0.559 0.099 0.559 0.267 0.000
147.291667 148.291667   454.52 0.559  0.53 0.559000 9.999 0.559259  2.07 0.559000 0.036 0.000  1.244 0.000  1.741 0.000   8.163 0.000   0.028 0.000   8.135 0.559 0.131 0.559 0.196 0.000
150.291667 151.291667   835.46 0.000  1.05 0.000000 9.999 0.259000  1.31 0.000000 0.030 0.000  1.069 0.000  1.496 0.000  17.321 0.000   6.152 0.000  11.169 0.000 0.168 0.000 0.129 0.000
153.291667 154.291667   220.27 0.559  1.02 0.559000 9.999 0.559259  0.75 0.559000 0.074 0.559  0.481 0.000  0.674 0.000  16.285 0.000   9.102 0.000   7.183 0.559 0.144 0.559 0.403 0.559
156.291667 157.291667   453.01 0.559  1.09 0.559000 9.999 0.559259  0.94 0.559000 0.121 0.000  0.968 0.000  1.355 0.000  24.407 0.000  12.406 0.000  12.001 0.559 0.160 0.559 0.466 0.000
159.291667 160.291667   728.49 0.559  1.37 0.559000 9.999 0.559259 99.99 0.559259 0.075 0.000  1.100 0.000  1.540 0.000  39.297 0.000  25.836 0.000  13.461 0.559 0.199 0.559 0.358 0.000
162.291667 163.291667   276.57 0.559  0.63 0.559000 9.999 0.559259  0.14 0.559000 0.074 0.000  0.652 0.000  0.913 0.000  21.197 0.000  14.887 0.000   6.310 0.559 0.115 0.559 0.256 0.000
165.291667 166.291667  1589.43 0.559  3.33 0.559000 9.999 0.559259 99.99 0.559259 0.043 0.000  1.452 0.000  2.032 0.000  54.012 0.000  30.294 0.000  23.718 0.559 0.267 0.559 0.121 0.000
168.291667 169.291667   829.54 0.559  1.38 0.559000 9.999 0.559259  0.14 0.559000 0.067 0.000  1.082 0.000  1.515 0.000  49.378 0.000  35.091 0.000  14.288 0.559 0.181 0.559 0.375 0.000
171.291667 172.291667   848.49 0.000  1.62 0.000000 9.999 0.259000 99.99 0.259000 0.076 0.000  1.410 0.000  1.974 0.000  46.875 0.000  29.659 0.000  17.216 0.000 0.254 0.000 0.399 0.000
174.291667 175.291667   417.98 0.559  0.78 0.559000 9.999 0.559259 99.99 0.559259 0.049 0.000  0.947 0.000  1.326 0.000  32.582 0.000  23.852 0.000   8.730 0.559 0.112 0.559 0.377 0.000
177.291667 178.291667   653.16 0.559  1.53 0.559000 9.999 0.559259 99.99 0.559259 0.053 0.000  0.818 0.000  1.145 0.000  32.502 0.000  20.471 0.000  12.030 0.559 0.173 0.559 0.378 0.000
180.291667 181.291667   385.32 0.000  0.97 0.000000 9.999 0.259000  0.08 0.000000 0.030 0.000  0.908 0.000  1.271 0.000  30.387 0.000  22.973 0.000   7.414 0.000 0.079 0.000 0.327 0.000
183.291667 184.291667   535.46 0.000  0.93 0.000000 9.999 0.259000 99.99 0.259000 0.035 0.000  2.190 0.000  3.066 0.000  19.945 0.000   8.610 0.000  11.335 0.000 0.130 0.000 0.343 0.000
186.291667 187.291667 99999.99 0.999 99.99 0.999000 9.999 0.999000 99.99 0.999000 9.999 0.999 99.999 0.999 99.999 0.999 999.999 0.999 999.999 0.999 999.999 0.999 9.999 0.999 9.999 0.999
189.291667 190.291667 99999.99 0.999 99.99 0.999000 9.999 0.999000 99.99 0.999000 9.999 0.999 99.999 0.999 99.999 0.999 999.999 0.999 999.999 0.999 999.999 0.999 9.999 0.999 9.999 0.999
192.291667 193.291667 99999.99 0.456 99.99 0.456000 9.999 0.456000 99.99 0.456000 0.002 0.000  0.013 0.000  0.018 0.000   4.724 0.000 999.999 0.999 999.999 0.456 9.999 0.456 9.999 0.259
195.291667 196.291667 99999.99 0.999 99.99 0.999000 9.999 0.999000 99.99 0.999000 9.999 0.999 99.999 0.999 99.999 0.999 999.999 0.999 999.999 0.999 999.999 0.999 9.999 0.999 9.999 0.999
198.291667 199.291667  1244.44 0.559  2.92 0.559000 9.999 0.559259  1.07 0.559000 0.063 0.000  0.992 0.000  1.388 0.000  54.667 0.000  33.940 0.000  20.728 0.559 0.241 0.559 0.557 0.000
201.291667 202.291667   980.69 0.559  1.41 0.559000 9.999 0.559259  1.66 0.559000 0.042 0.000  0.497 0.000  0.696 0.000  29.474 0.000  13.281 0.000  16.192 0.559 0.173 0.559 0.492 0.000
204.291667 205.291667   592.39 0.559  0.82 0.559000 9.999 0.559259  0.98 0.559000 0.049 0.000  0.479 0.000  0.671 0.000  21.216 0.000  10.292 0.000  10.924 0.559 0.119 0.559 0.412 0.000
207.291667 208.291667   601.52 0.559  0.76 0.559000 9.999 0.559259  0.72 0.559000 0.030 0.000  0.895 0.000  1.253 0.000  15.221 0.000   4.608 0.000  10.613 0.559 0.129 0.559 0.250 0.000
210.291667 211.291667   271.21 0.000  0.64 0.000000 9.999 0.259000  1.10 0.000000 0.041 0.000  0.543 0.000  0.761 0.000   9.367 0.000   2.614 0.000   6.753 0.000 0.063 0.000 0.311 0.000
213.291667 214.291667    44.24 0.000  0.31 0.000000 9.999 0.259000 99.99 0.259000 0.031 0.000  0.751 0.000  1.052 0.000   5.895 0.000   2.704 0.000   3.191 0.000 0.019 0.000 0.273 0.000
216.291667 217.291667    70.77 0.000  0.36 0.000000 9.999 0.259000 99.99 0.259000 0.024 0.000  0.737 0.000  1.032 0.000   6.663 0.000   2.985 0.000   3.678 0.000 0.029 0.000 0.294 0.000
219.291667 220.291667    42.40 0.000  0.38 0.000000 9.999 0.259000 99.99 0.259000 0.023 0.000  0.918 0.000  1.285 0.000   5.047 0.000   1.415 0.000   3.631 0.000 0.020 0.000 0.276 0.000
222.291667 223.291667    99.47 0.000  0.20 0.000000 9.999 0.259000 99.99 0.259000 0.015 0.000  0.867 0.000  1.214 0.000   5.249 0.000   1.450 0.000   3.799 0.000 0.033 0.000 0.196 0.000
225.291667 226.291667   159.48 0.000  0.44 0.000000 9.999 0.259000  0.55 0.000000 0.020 0.000  0.988 0.000  1.384 0.000   6.741 0.000   1.267 0.000   5.474 0.000 0.045 0.000 0.260 0.000
228.291667 229.291667   229.25 0.000  0.46 0.000000 9.999 0.259000  0.42 0.000000 0.022 0.000  1.476 0.000  2.066 0.000  15.100 0.000   7.228 0.000   7.873 0.000 0.105 0.000 0.260 0.000
231.291667 232.291667    64.19 0.000  0.29 0.000000 9.999 0.259000 99.99 0.259000 0.019 0.000  0.795 0.000  1.113 0.000   5.612 0.000   1.648 0.000   3.964 0.000 0.040 0.000 0.206 0.000
234.291667 235.291667   311.72 0.000  0.46 0.000000 9.999 0.259000  0.33 0.000000 0.044 0.000  0.735 0.000  1.028 0.000  15.140 0.000   7.167 0.000   7.973 0.000 0.100 0.000 0.358 0.000
237.291667 238.291667   268.44 0.000  0.51 0.000000 9.999 0.259000 99.99 0.259000 0.019 0.000  1.309 0.000  1.833 0.000  14.052 0.000   7.666 0.000   6.386 0.000 0.059 0.000 0.193 0.000
240.291667 241.291667   131.43 0.000  0.48 0.000000 9.999 0.259000  0.14 0.000000 0.047 0.000  0.709 0.000  0.993 0.000  12.418 0.000   7.871 0.000   4.548 0.000 0.044 0.000 0.322 0.000
243.291667 244.291667   405.46 0.559  0.38 0.559000 9.999 0.559259 99.99 0.559259 0.039 0.000  1.526 0.000  2.136 0.000  26.299 0.000  15.571 0.000  10.727 0.559 0.059 0.559 0.226 0.000
246.291667 247.291667   108.35 0.559  0.27 0.559000 9.999 0.559259 99.99 0.559259 0.014 0.000  1.146 0.000  1.605 0.000   8.627 0.000   3.422 0.000   5.206 0.559 0.020 0.559 0.202 0.000
249.291667 250.291667  1175.89 0.000  2.10 0.000000 9.999 0.259000 99.99 0.259000 0.026 0.000  2.061 0.000  2.885 0.000  63.527 0.000  45.803 0.000  17.724 0.000 0.141 0.000 0.157 0.000
252.291667 253.291667   254.49 0.559  0.89 0.559000 9.999 0.559259 99.99 0.559259 0.032 0.000  1.682 0.000  2.355 0.000  19.149 0.000  12.033 0.000   7.115 0.559 0.071 0.559 0.372 0.000
255.291667 256.291667   223.90 0.559  0.45 0.559000 9.999 0.559259  0.33 0.559000 0.034 0.000  1.267 0.000  1.774 0.000   9.763 0.000   3.933 0.000   5.830 0.559 0.045 0.559 0.407 0.000
