scripts/IMPROVE-2019_partial/data/US9039R.20060102070000.20191216000000.filterpack..pm25.52w.1w.US03L_filterpack_US9039.US03L_IMPROVE_Davis.lev2.nas
64 1001
MISSING INFORMATION
US03L, IMPROVE, , , , , , , 
MISSING INFORMATION
IMPROVE sel_HTAP
1 1
2006 01 01 2019 12 16
3.000000
days from file reference point
25
1 1 1 1 1 1 1 1 1 1 1 1 1 1 1 1 1 1 1 1 1 1 1 1 1
999.999999 9999.99 9.999 99.99 9.999 9.999 9.999999 9.99 9.999 9.999 9.999 99.999 9.999 99.999 9.999 999.999 9.999 999.999 9.999 999.999 9.999 9.999 9.999 9.999 9.999
end_time of measurement, days from the file reference point
iron, ng/m3, Revision date=20181210133000
numflag iron, no unit, Revision date=20181210133000
lead, ng/m3, Revision date=20181210133000
numflag lead, no unit, Revision date=20181210133000
magnesium, ug/m3, Revision date=20181210133000
numflag magnesium, no unit, Revision date=20181210133000
nickel, ng/m3, Revision date=20181210133000
numflag nickel, no unit, Revision date=20181210133000
nitrate, ug N/m3, Revision date=20181210133000
numflag nitrate, no unit, Revision date=20181210133000
organic_carbon, ug C/m3, Revision date=20181210133000
numflag organic_carbon, no unit, Revision date=20181210133000
organic_mass, ug/m3, Revision date=20181210133000
numflag organic_mass, no unit, Revision date=20181210133000
pm10_mass, ug/m3, Version=2, Version description=Data extracted from http://views.cira.colostate.edu/fed/DataWizard 2019-12-16, Sample duration=1d, Orig. time res.=3d, Matrix=pm10, Blank correction=Blank corrected, Volume std. temperature=ambient, Volume std. pressure=ambient
numflag pm10_mass, no unit, Version=2, Version description=Data extracted from http://views.cira.colostate.edu/fed/DataWizard 2019-12-16, Sample duration=1d, Orig. time res.=3d, Matrix=pm10, Blank correction=Blank corrected, Volume std. temperature=ambient, Volume std. pressure=ambient
pm10_pm25_mass, ug/m3, Revision date=20181210133000, Matrix=pm10_pm25
numflag pm10_pm25_mass, no unit, Revision date=20181210133000, Matrix=pm10_pm25
pm25_mass, ug/m3, Version=2, Version description=Data extracted from http://views.cira.colostate.edu/fed/DataWizard 2019-12-16, Sample duration=1d, Orig. time res.=3d, Blank correction=Blank corrected, Volume std. temperature=ambient, Volume std. pressure=ambient
numflag pm25_mass, no unit, Version=2, Version description=Data extracted from http://views.cira.colostate.edu/fed/DataWizard 2019-12-16, Sample duration=1d, Orig. time res.=3d, Blank correction=Blank corrected, Volume std. temperature=ambient, Volume std. pressure=ambient
potassium, ug/m3, Revision date=20181210133000
numflag potassium, no unit, Revision date=20181210133000
sulphate_total, ug S/m3, Revision date=20181210133000
numflag sulphate_total, no unit, Revision date=20181210133000
0
25
Data definition:              EBAS_1.1
Set type code:                TU
Timezone:                     UTC
File name:                    US9039R.20060102070000.20191216000000.filterpack..pm25.52w.1w.US03L_filterpack_US9039.US03L_IMPROVE_Davis.lev2.nas
File creation:                20191218120802
Startdate:                    20060102070000
Revision date:                20191216000000
Statistics:                   arithmetic mean
Data level:                   2
Period code:                  52w
Resolution code:              1w
Station code:                 US9039R
Platform code:                US9039S
Station name:                 Saguaro West
Station latitude:             32.2486
Station longitude:            -111.2178
Station altitude:             714.0 m
Regime:                       IMG
Component:                    
Matrix:                       pm25
Laboratory code:              US03L
Instrument type:              filterpack
Instrument name:              filterpack_US9039
Method ref:                   US03L_IMPROVE_Davis
starttime endtime Fe flag_Fe Pb flag_Pb Mg++ flag_Mg++ Ni flag_Ni NO3- flag_NO3- OC flag_OC OM flag_OM PM10 flag_PM10 PM10-PM2.5 flag_PM10-PM2.5 PM2.5 flag_PM2.5 K+ flag_K+ SO4-- flag_SO4--
[from data line 90]
271.291667 272.291667  174.42 0.000  1.79 0.000 0.048 0.000000 9.99 0.259 0.073 0.559  1.286 0.000  2.315 0.000  25.140 0.000  17.691 0.000   7.448 0.000 0.160 0.000 0.198 0.559
274.291667 275.291667   81.03 0.000  1.19 0.000 9.999 0.259000 0.40 0.000 0.063 0.559  0.794 0.000  1.429 0.000  16.967 0.000  11.439 0.000   5.528 0.000 0.087 0.000 0.445 0.559
277.291667 278.291667   94.37 0.000  2.12 0.000 0.016 0.000000 0.17 0.000 0.029 0.559  1.112 0.000  2.002 0.000  17.492 0.000  10.553 0.000   6.939 0.000 0.074 0.000 0.537 0.559
280.291667 281.291667   52.88 0.000  0.78 0.000 9.999 0.259000 0.20 0.000 0.029 0.559  0.568 0.000  1.023 0.000  10.275 0.000   6.827 0.000   3.449 0.000 0.046 0.000 0.280 0.559
283.291667 284.291667   67.22 0.000  1.58 0.000 9.999 0.259000 0.22 0.000 0.032 0.559  0.376 0.559  0.676 0.559  11.620 0.000   7.163 0.000   4.457 0.000 0.053 0.000 0.245 0.559
286.291667 287.291667   51.57 0.000  0.47 0.000 0.015 0.000000 0.60 0.000 0.051 0.559  0.270 0.000  0.487 0.000  10.816 0.000   8.143 0.000   2.674 0.000 0.037 0.000 0.205 0.559
289.291667 290.291667   65.35 0.000  0.98 0.000 9.999 0.259000 0.42 0.000 0.066 0.559  0.435 0.000  0.784 0.000  15.661 0.000  11.757 0.000   3.904 0.000 0.051 0.000 0.333 0.559
292.291667 293.291667  166.89 0.000  2.35 0.000 9.999 0.259000 0.21 0.000 0.028 0.559  0.612 0.000  1.101 0.000  23.464 0.000  16.910 0.000   6.553 0.000 0.137 0.000 0.231 0.559
295.291667 296.291667  112.14 0.000  2.16 0.000 9.999 0.259000 0.22 0.000 0.026 0.559  0.490 0.000  0.882 0.000  19.253 0.000  13.641 0.000   5.612 0.000 0.093 0.000 0.321 0.559
298.291667 299.291667  102.39 0.000  0.60 0.000 9.999 0.259000 0.07 0.000 0.038 0.559  0.417 0.000  0.751 0.000  18.503 0.000  14.821 0.000   3.681 0.000 0.072 0.000 0.142 0.559
301.291667 302.291667   76.66 0.000  2.34 0.000 9.999 0.259000 0.06 0.000 0.024 0.559  0.586 0.000  1.055 0.000  14.564 0.000  10.726 0.000   3.838 0.000 0.076 0.000 0.131 0.559
304.291667 305.291667  160.33 0.000  1.97 0.000 0.023 0.000000 0.16 0.000 0.051 0.559  0.823 0.000  1.482 0.000  19.673 0.000  12.736 0.000   6.936 0.000 0.151 0.000 0.259 0.559
307.291667 308.291667  168.39 0.000  3.20 0.000 0.055 0.000000 0.15 0.000 0.058 0.559  0.966 0.000  1.738 0.000  24.765 0.000  17.631 0.000   7.133 0.000 0.150 0.000 0.351 0.559
310.291667 311.291667  181.36 0.000  2.16 0.000 9.999 0.259000 9.99 0.259 0.056 0.559  0.810 0.000  1.458 0.000  21.402 0.000  14.812 0.000   6.590 0.000 0.137 0.000 0.203 0.559
313.291667 314.291667  169.27 0.000  2.43 0.000 0.030 0.000000 0.47 0.000 0.062 0.559  0.832 0.000  1.497 0.000  20.560 0.000  13.342 0.000   7.218 0.000 0.126 0.000 0.345 0.559
316.291667 317.291667  154.85 0.000  2.60 0.000 9.999 0.259000 0.21 0.000 0.091 0.559  0.758 0.000  1.365 0.000  24.651 0.000  17.974 0.000   6.677 0.000 0.122 0.000 0.304 0.559
319.291667 320.291667  264.98 0.000  2.28 0.000 9.999 0.259000 9.99 0.259 0.046 0.559  0.820 0.000  1.475 0.000  31.479 0.000  23.294 0.000   8.185 0.000 0.192 0.000 0.127 0.559
322.291667 323.291667  166.31 0.000  2.90 0.000 9.999 0.259000 9.99 0.259 0.043 0.559  0.685 0.000  1.234 0.000  19.555 0.000  13.405 0.000   6.150 0.000 0.134 0.000 0.175 0.559
325.291667 326.291667  319.06 0.000  2.51 0.000 0.089 0.000000 0.28 0.000 0.034 0.559  0.894 0.000  1.609 0.000  24.965 0.000  14.637 0.000  10.328 0.000 0.242 0.000 0.284 0.559
328.291667 329.291667   74.90 0.000  1.31 0.000 9.999 0.259000 0.67 0.000 0.036 0.559  0.346 0.000  0.624 0.000  10.928 0.000   6.907 0.000   4.021 0.000 0.062 0.000 0.329 0.559
331.291667 332.291667   83.48 0.000  0.97 0.000 0.016 0.000000 0.34 0.000 0.095 0.559  0.385 0.000  0.693 0.000  12.899 0.000   8.379 0.000   4.520 0.000 0.066 0.000 0.264 0.559
334.291667 335.291667  183.65 0.000  2.13 0.000 0.050 0.000000 0.14 0.000 0.047 0.559  0.941 0.000  1.695 0.000  17.057 0.000  10.805 0.000   6.253 0.000 0.153 0.000 0.099 0.559
337.291667 338.291667  108.67 0.000  0.88 0.000 9.999 0.259000 9.99 0.259 0.142 0.559  0.870 0.000  1.566 0.000  17.208 0.000  11.096 0.000   6.112 0.000 0.081 0.000 0.371 0.559
340.291667 341.291667  300.85 0.000  3.62 0.000 0.092 0.000000 0.09 0.000 0.093 0.559  1.406 0.000  2.530 0.000  39.987 0.000  29.189 0.000  10.798 0.000 0.233 0.000 0.207 0.559
343.291667 344.291667   91.03 0.000  0.62 0.000 0.031 0.000000 0.23 0.000 0.045 0.559  0.528 0.000  0.950 0.000  11.858 0.000   7.516 0.000   4.342 0.000 0.078 0.000 0.160 0.559
346.291667 347.291667  270.35 0.000  9.06 0.000 0.085 0.000000 9.99 0.259 0.129 0.559  1.231 0.000  2.217 0.000  41.968 0.000  33.092 0.000   8.876 0.000 0.216 0.000 0.167 0.559
349.291667 350.291667  127.06 0.000  1.56 0.000 0.021 0.000000 0.17 0.000 0.037 0.559  0.596 0.000  1.072 0.000  23.993 0.000  19.386 0.000   4.607 0.000 0.130 0.000 0.152 0.559
352.291667 353.291667   77.90 0.000  0.62 0.000 0.026 0.000000 0.10 0.000 0.095 0.559  0.610 0.000  1.099 0.000   6.677 0.000   3.504 0.000   3.173 0.000 0.066 0.000 0.114 0.559
355.291667 356.291667  171.11 0.000  1.56 0.000 0.031 0.000000 0.10 0.000 0.270 0.559  0.945 0.000  1.701 0.000  18.221 0.000  11.576 0.000   6.646 0.000 0.151 0.000 0.146 0.559
358.291667 359.291667   48.01 0.000  2.49 0.000 9.999 0.259000 9.99 0.259 0.248 0.559  1.195 0.000  2.151 0.000  12.203 0.000   7.450 0.000   4.752 0.000 0.094 0.000 0.197 0.559
361.291667 362.291667  432.24 0.000  0.69 0.000 0.302 0.000000 0.16 0.000 0.109 0.559  0.949 0.000  1.709 0.000  31.044 0.000  19.212 0.000  11.832 0.000 0.284 0.000 0.102 0.559
364.291667 365.291667   57.22 0.000  2.16 0.000 9.999 0.259000 9.99 0.259 0.292 0.559  1.462 0.000  2.632 0.000   7.832 0.000   2.470 0.000   5.362 0.000 0.088 0.000 0.257 0.559
