scripts/IMPROVE-2019_partial/data/US9043R.20000101080000.20191216000000.filterpack..pm25.52w.1w.US03L_filterpack_US9043.US03L_IMPROVE_Davis.lev2.nas
64 1001
MISSING INFORMATION
US03L, IMPROVE, , , , , , , 
MISSING INFORMATION
IMPROVE sel_HTAP
1 1
2000 01 01 2019 12 16
0
days from file reference point
25
1 1 1 1 1 1 1 1 1 1 1 1 1 1 1 1 1 1 1 1 1 1 1 1 1
999.999999 9999.99 9.999 99.99 9.999999 9.999 9.999999 9.99 9.999999 99.999 9.999 99.999 9.999 99.999 9.999 999.999 9.999 999.999 9.999 999.999 9.999 9.999 9.999 99.999 9.999
end_time of measurement, days from the file reference point
iron, ng/m3, Revision date=20181210133000
numflag iron, no unit, Revision date=20181210133000
lead, ng/m3, Revision date=20181210133000
numflag lead, no unit, Revision date=20181210133000
magnesium, ug/m3, Revision date=20181210133000
numflag magnesium, no unit, Revision date=20181210133000
nickel, ng/m3, Revision date=20181210133000
numflag nickel, no unit, Revision date=20181210133000
nitrate, ug N/m3, Revision date=20181210133000
numflag nitrate, no unit, Revision date=20181210133000
organic_carbon, ug C/m3, Revision date=20181210133000
numflag organic_carbon, no unit, Revision date=20181210133000
organic_mass, ug/m3, Revision date=20181210133000
numflag organic_mass, no unit, Revision date=20181210133000
pm10_mass, ug/m3, Version=2, Version description=Data extracted from http://views.cira.colostate.edu/fed/DataWizard 2019-12-16, Sample duration=1d, Orig. time res.=3d, Matrix=pm10, Blank correction=Blank corrected, Volume std. temperature=ambient, Volume std. pressure=ambient
numflag pm10_mass, no unit, Version=2, Version description=Data extracted from http://views.cira.colostate.edu/fed/DataWizard 2019-12-16, Sample duration=1d, Orig. time res.=3d, Matrix=pm10, Blank correction=Blank corrected, Volume std. temperature=ambient, Volume std. pressure=ambient
pm10_pm25_mass, ug/m3, Revision date=20181210133000, Matrix=pm10_pm25
numflag pm10_pm25_mass, no unit, Revision date=20181210133000, Matrix=pm10_pm25
pm25_mass, ug/m3, Version=2, Version description=Data extracted from http://views.cira.colostate.edu/fed/DataWizard 2019-12-16, Sample duration=1d, Orig. time res.=3d, Blank correction=Blank corrected, Volume std. temperature=ambient, Volume std. pressure=ambient
numflag pm25_mass, no unit, Version=2, Version description=Data extracted from http://views.cira.colostate.edu/fed/DataWizard 2019-12-16, Sample duration=1d, Orig. time res.=3d, Blank correction=Blank corrected, Volume std. temperature=ambient, Volume std. pressure=ambient
potassium, ug/m3, Revision date=20181210133000
numflag potassium, no unit, Revision date=20181210133000
sulphate_total, ug S/m3, Revision date=20181210133000
numflag sulphate_total, no unit, Revision date=20181210133000
0
25
Data definition:              EBAS_1.1
Set type code:                TI
Timezone:                     UTC
File name:                    US9043R.20000101080000.20191216000000.filterpack..pm25.52w.1w.US03L_filterpack_US9043.US03L_IMPROVE_Davis.lev2.nas
File creation:                20191218120816
Startdate:                    20000101080000
Revision date:                20191216000000
Statistics:                   arithmetic mean
Data level:                   2
Period code:                  52w
Resolution code:              1w
Station code:                 US9043R
Platform code:                US9043S
Station name:                 San Gorgonio Wilderness
Station latitude:             34.1939
Station longitude:            -116.9132
Station altitude:             1726.0 m
Regime:                       IMG
Component:                    
Matrix:                       pm25
Laboratory code:              US03L
Instrument type:              filterpack
Instrument name:              filterpack_US9043
Method ref:                   US03L_IMPROVE_Davis
starttime endtime Fe flag_Fe Pb flag_Pb Mg++ flag_Mg++ Ni flag_Ni NO3- flag_NO3- OC flag_OC OM flag_OM PM10 flag_PM10 PM10-PM2.5 flag_PM10-PM2.5 PM2.5 flag_PM2.5 K+ flag_K+ SO4-- flag_SO4--
  0.333333   1.333333    8.92 0.000  0.74 0.000000 0.035 0.000000 9.99 0.259000 99.999 0.699  0.933 0.000  1.306 0.000   9.494 0.559   3.134 0.000   6.360 0.000 0.044 0.000 99.999 0.699
  4.333333   5.333333 9999.99 0.999 99.99 0.999000 9.999 0.999000 9.99 0.999000 99.999 0.999 99.999 0.999 99.999 0.999 999.999 0.999 999.999 0.999 999.999 0.999 9.999 0.999 99.999 0.999
  7.333333   8.333333 9999.99 0.999 99.99 0.999000 9.999 0.999000 9.99 0.999000 99.999 0.999 99.999 0.999 99.999 0.999 999.999 0.999 999.999 0.999 999.999 0.999 9.999 0.999 99.999 0.999
 11.333333  12.333333   23.25 0.559  0.88 0.559000 9.999 0.559259 9.99 0.559259 99.999 0.699  1.099 0.000  1.538 0.000   4.234 0.559   1.647 0.000   2.588 0.559 0.013 0.559 99.999 0.699
 14.333333  15.333333   45.21 0.559  1.17 0.559000 9.999 0.559259 9.99 0.559259 99.999 0.699  0.669 0.000  0.937 0.000  11.405 0.559   6.851 0.000   4.553 0.559 0.037 0.559 99.999 0.699
 18.333333  19.333333   27.58 0.559 99.99 0.559259 9.999 0.559259 9.99 0.559259 99.999 0.699 99.999 0.999 99.999 0.999   4.572 0.559   1.268 0.000   3.304 0.559 0.021 0.559 99.999 0.699
 21.333333  22.333333   26.16 0.559  1.09 0.559000 9.999 0.559259 9.99 0.559259 99.999 0.699 99.999 0.999 99.999 0.999   8.565 0.559   3.657 0.000   4.908 0.559 0.022 0.559 99.999 0.699
 25.333333  26.333333    7.19 0.559  0.25 0.559000 0.039 0.559000 9.99 0.559259 99.999 0.699  0.305 0.000  0.427 0.000 999.999 0.999 999.999 0.999   1.349 0.559 0.038 0.559 99.999 0.699
 28.333333  29.333333   22.22 0.559  1.28 0.559000 9.999 0.559259 9.99 0.559259 99.999 0.699  1.280 0.000  1.792 0.000 999.999 0.999 999.999 0.999   3.949 0.559 0.025 0.559 99.999 0.699
 32.333333  33.333333   14.14 0.559  0.20 0.559000 9.999 0.559259 9.99 0.559259 99.999 0.699  0.804 0.000  1.126 0.000   3.136 0.559   2.173 0.000   0.964 0.559 0.012 0.559 99.999 0.699
 35.333333  36.333333   43.90 0.559  2.41 0.559000 9.999 0.559259 9.99 0.559259  0.785 0.699  0.994 0.000  1.391 0.000  10.193 0.559   3.412 0.000   6.781 0.559 0.029 0.559  0.162 0.699
 39.333333  40.333333   59.20 0.559  1.16 0.559000 9.999 0.559259 9.99 0.559259 99.999 0.699  1.347 0.000  1.886 0.000  17.389 0.559   6.285 0.000  11.104 0.559 0.029 0.559 99.999 0.699
 42.333333  43.333333    5.66 0.559  0.25 0.559000 9.999 0.559259 9.99 0.559259 99.999 0.699  0.314 0.000  0.440 0.000   6.323 0.559   3.085 0.000   3.239 0.559 0.016 0.559 99.999 0.699
 46.333333  47.333333    6.97 0.559 99.99 0.559259 9.999 0.559259 9.99 0.559259 99.999 0.699  0.495 0.000  0.693 0.000   3.558 0.559   1.839 0.000   1.719 0.559 0.012 0.559 99.999 0.699
 49.333333  50.333333   13.29 0.559  0.34 0.559000 9.999 0.559259 9.99 0.559259 99.999 0.699  0.217 0.000  0.304 0.000   2.238 0.559   1.149 0.000   1.089 0.559 0.019 0.559 99.999 0.699
 53.333333  54.333333    7.11 0.559  0.28 0.559000 9.999 0.559259 9.99 0.559259 99.999 0.699  0.648 0.000  0.907 0.000   4.027 0.559   2.841 0.000   1.186 0.559 0.005 0.559 99.999 0.699
 56.333333  57.333333   36.05 0.559  1.24 0.559000 9.999 0.559259 9.99 0.559259 99.999 0.699  0.829 0.000  1.161 0.000   9.921 0.559   2.807 0.000   7.114 0.559 0.027 0.559 99.999 0.699
 60.333333  61.333333   33.10 0.559  1.39 0.559000 9.999 0.559259 9.99 0.559259 99.999 0.699  0.609 0.000  0.853 0.000   7.894 0.559   2.703 0.000   5.191 0.559 0.022 0.559 99.999 0.699
 63.333333  64.333333    4.36 0.559  0.37 0.559000 9.999 0.559259 9.99 0.559259 99.999 0.699  0.425 0.000  0.595 0.000   4.727 0.559   2.286 0.000   2.441 0.559 0.014 0.559 99.999 0.699
 67.333333  68.333333    3.74 0.559  0.29 0.559000 0.009 0.559000 9.99 0.559259  0.089 0.699  0.186 0.000  0.260 0.000  11.089 0.559   9.787 0.000   1.302 0.559 0.010 0.559  0.095 0.699
 70.333333  71.333333   38.16 0.559  1.47 0.559000 0.021 0.559000 9.99 0.559259  0.289 0.699  1.118 0.000  1.565 0.000   9.204 0.559   5.198 0.000   4.006 0.559 0.029 0.559  0.140 0.699
 74.333333  75.333333   88.04 0.559  3.28 0.559000 0.033 0.559000 9.99 0.559259 99.999 0.699  2.454 0.000  3.436 0.000  20.778 0.559   6.689 0.000  14.089 0.559 0.048 0.559 99.999 0.699
 77.333333  78.333333   64.98 0.559  1.49 0.559000 9.999 0.559259 9.99 0.559259  0.321 0.699  0.758 0.000  1.062 0.000   9.700 0.559   4.859 0.000   4.841 0.559 0.041 0.559  0.171 0.699
 81.333333  82.333333   85.74 0.559  2.07 0.559000 9.999 0.559259 9.99 0.559259 99.999 0.699  1.049 0.000  1.468 0.000  21.003 0.559  10.075 0.000  10.927 0.559 0.043 0.559 99.999 0.699
 84.333333  85.333333   77.16 0.559  2.04 0.559000 9.999 0.559259 9.99 0.559259  1.284 0.699  2.101 0.000  2.941 0.000  30.093 0.559  11.248 0.000  18.844 0.559 0.042 0.559  0.337 0.699
 88.333333  89.333333   52.26 0.559  1.61 0.559000 9.999 0.559259 9.99 0.559259  0.709 0.699  1.004 0.000  1.405 0.000  12.467 0.559   3.920 0.000   8.547 0.559 0.035 0.559  0.428 0.699
 91.333333  92.333333  120.84 0.559  1.85 0.559000 9.999 0.559259 9.99 0.559259  0.061 0.699  0.421 0.000  0.589 0.000  12.220 0.559   6.978 0.000   5.242 0.559 0.086 0.559  0.279 0.699
 95.333333  96.333333   79.74 0.559  1.64 0.559000 9.999 0.559259 9.99 0.559259  0.329 0.000  1.465 0.000  2.050 0.000   9.807 0.559   4.298 0.000   5.509 0.559 0.048 0.559  0.283 0.000
 98.333333  99.333333   77.28 0.559  1.52 0.559000 9.999 0.559259 9.99 0.559259  0.552 0.000  1.432 0.000  2.005 0.000  13.730 0.559   6.051 0.000   7.679 0.559 0.044 0.559  0.386 0.000
102.333333 103.333333  116.15 0.559  2.66 0.559000 9.999 0.559259 9.99 0.559259  1.138 0.559  2.087 0.000  2.921 0.000  24.530 0.559  10.780 0.000  13.750 0.559 0.064 0.559  0.448 0.559
105.333333 106.333333   29.87 0.559  3.77 0.559000 9.999 0.559259 9.99 0.559259  0.766 0.559  1.048 0.000  1.468 0.000  10.473 0.559   3.389 0.000   7.083 0.559 0.021 0.559  0.219 0.559
109.333333 110.333333   38.53 0.559  0.93 0.559000 9.999 0.559259 9.99 0.559259  0.891 0.000  1.146 0.000  1.605 0.000  11.881 0.559   4.405 0.000   7.476 0.559 0.022 0.559  0.196 0.000
112.333333 113.333333   38.49 0.559 99.99 0.559259 9.999 0.559259 9.99 0.559259  0.397 0.000  1.642 0.000  2.298 0.000   8.355 0.559   2.954 0.000   5.401 0.559 0.028 0.559  0.229 0.000
116.333333 117.333333 9999.99 0.999 99.99 0.999000 9.999 0.999000 9.99 0.999000 99.999 0.999 99.999 0.999 99.999 0.999 999.999 0.999 999.999 0.999 999.999 0.999 9.999 0.999 99.999 0.999
119.333333 120.333333 9999.99 0.999 99.99 0.999000 9.999 0.999000 9.99 0.999000 99.999 0.999 99.999 0.999 99.999 0.999 999.999 0.999 999.999 0.999 999.999 0.999 9.999 0.999 99.999 0.999
123.333333 124.333333  159.44 0.559  1.73 0.559000 9.999 0.559259 9.99 0.559259  0.976 0.000  2.224 0.000  3.113 0.000  31.329 0.559  19.405 0.000  11.924 0.559 0.113 0.559  0.267 0.000
126.333333 127.333333  102.82 0.559  2.06 0.559000 9.999 0.559259 9.99 0.559259  1.104 0.559  2.073 0.000  2.903 0.000  20.515 0.559   8.049 0.000  12.466 0.559 0.067 0.559  0.585 0.559
130.333333 131.333333   92.16 0.559  1.46 0.559000 9.999 0.559259 9.99 0.559259  0.803 0.000  1.811 0.000  2.535 0.000  17.098 0.559   6.732 0.000  10.366 0.559 0.060 0.559  0.468 0.000
133.333333 134.333333  128.23 0.559  1.69 0.559000 9.999 0.559259 9.99 0.559259  0.991 0.000  1.983 0.000  2.776 0.000  25.884 0.559  13.370 0.000  12.513 0.559 0.084 0.559  0.253 0.000
137.333333 138.333333 9999.99 0.999 99.99 0.999000 9.999 0.999000 9.99 0.999000 99.999 0.999 99.999 0.999 99.999 0.999 999.999 0.999 999.999 0.999 999.999 0.999 9.999 0.999 99.999 0.999
140.333333 141.333333 9999.99 0.999 99.99 0.999000 9.999 0.999000 9.99 0.999000 99.999 0.999 99.999 0.999 99.999 0.999 999.999 0.999 999.999 0.999 999.999 0.999 9.999 0.999 99.999 0.999
144.333333 145.333333 9999.99 0.999 99.99 0.999000 9.999 0.999000 9.99 0.999000 99.999 0.999 99.999 0.999 99.999 0.999 999.999 0.999 999.999 0.999 999.999 0.999 9.999 0.999 99.999 0.999
147.333333 148.333333 9999.99 0.999 99.99 0.999000 9.999 0.999000 9.99 0.999000 99.999 0.999 99.999 0.999 99.999 0.999 999.999 0.999 999.999 0.999 999.999 0.999 9.999 0.999 99.999 0.999
151.333333 152.333333   93.98 0.559  2.39 0.559000 9.999 0.559259 9.99 0.559259  0.531 0.000  1.478 0.000  2.069 0.000  14.362 0.559   6.727 0.000   7.635 0.559 0.045 0.559  0.385 0.000
154.333333 155.333333   92.35 0.559  1.33 0.559000 9.999 0.559259 9.99 0.559259  0.782 0.000  2.386 0.000  3.341 0.000  17.151 0.559   6.440 0.000  10.710 0.559 0.049 0.559  0.314 0.000
158.333333 159.333333  121.73 0.559  1.81 0.559000 9.999 0.559259 9.99 0.559259  0.597 0.000  2.194 0.000  3.072 0.000  19.389 0.559  10.879 0.000   8.510 0.559 0.063 0.559  0.348 0.000
161.333333 162.333333   82.08 0.559  1.47 0.559000 9.999 0.559259 9.99 0.559259  0.442 0.000  1.972 0.000  2.761 0.000  15.944 0.559   8.295 0.000   7.649 0.559 0.041 0.559  0.259 0.000
165.333333 166.333333  137.81 0.559 99.99 0.559259 9.999 0.559259 9.99 0.559259  0.144 0.559  1.765 0.000  2.470 0.000  30.002 0.559  22.956 0.000   7.047 0.559 0.072 0.559  0.217 0.559
168.333333 169.333333  145.31 0.559 99.99 0.559259 9.999 0.559259 9.99 0.559259  1.175 0.699  3.592 0.000  5.029 0.000  39.500 0.559  22.558 0.000  16.942 0.559 0.106 0.559  0.864 0.699
172.333333 173.333333  188.68 0.559  0.88 0.559000 9.999 0.559259 9.99 0.559259  0.849 0.559  2.473 0.000  3.462 0.000  30.444 0.559  14.760 0.000  15.684 0.559 0.141 0.559  0.601 0.559
175.333333 176.333333   85.83 0.559  0.89 0.559000 9.999 0.559259 9.99 0.559259  0.557 0.559  2.117 0.000  2.964 0.000  19.889 0.559   9.184 0.000  10.705 0.559 0.054 0.559  0.515 0.559
179.333333 180.333333   89.53 0.559 99.99 0.559259 9.999 0.559259 9.99 0.559259  0.425 0.000  2.556 0.000  3.579 0.000  19.676 0.559  10.531 0.000   9.145 0.559 0.056 0.559  0.488 0.000
182.333333 183.333333   94.09 0.000 99.99 0.259000 9.999 0.259000 9.99 0.259000  0.145 0.000  2.065 0.000  2.891 0.000  17.005 0.000  10.274 0.000   6.730 0.000 0.063 0.000  0.368 0.000
186.333333 187.333333   46.22 0.000  7.06 0.000000 9.999 0.259000 9.99 0.259000  0.669 0.699  1.509 0.000  2.113 0.000  13.164 0.000   5.184 0.000   7.980 0.000 0.417 0.000  0.284 0.699
189.333333 190.333333   89.61 0.000  0.73 0.000000 9.999 0.259000 9.99 0.259000  0.452 0.699  2.099 0.000  2.939 0.000  17.437 0.000  10.279 0.000   7.158 0.000 0.096 0.000  0.283 0.699
193.333333 194.333333   94.73 0.000  1.34 0.000000 9.999 0.259000 9.99 0.259000  0.468 0.699  1.775 0.000  2.485 0.000  16.617 0.559   7.907 0.000   8.710 0.000 0.098 0.000  0.610 0.699
196.333333 197.333333   40.42 0.000 99.99 0.259000 9.999 0.259000 9.99 0.259000  0.251 0.699  1.877 0.000  2.627 0.000   9.389 0.559   5.258 0.000   4.131 0.000 0.020 0.000  0.228 0.699
200.333333 201.333333  132.86 0.000  0.53 0.000000 9.999 0.259000 9.99 0.259000  0.269 0.699  2.423 0.000  3.392 0.000  13.854 0.559   6.879 0.000   6.974 0.000 0.049 0.000  0.239 0.699
203.333333 204.333333  159.59 0.000 99.99 0.259000 9.999 0.259000 9.99 0.259000  0.199 0.699  1.892 0.000  2.649 0.000  41.141 0.559  33.376 0.000   7.765 0.000 0.078 0.000  0.399 0.699
207.333333 208.333333  124.79 0.000  0.88 0.000000 9.999 0.259000 9.99 0.259000  0.481 0.559  2.014 0.000  2.819 0.000  19.790 0.559  11.398 0.000   8.392 0.000 0.070 0.000  0.518 0.559
210.333333 211.333333   82.16 0.000  0.66 0.000000 9.999 0.259000 9.99 0.259000  0.177 0.699  1.253 0.000  1.754 0.000  14.907 0.559   9.506 0.000   5.401 0.000 0.050 0.000  0.349 0.699
214.333333 215.333333  151.78 0.000  1.38 0.000000 9.999 0.259000 9.99 0.259000  0.926 0.559  2.903 0.000  4.064 0.000  29.160 0.559  15.800 0.000  13.359 0.000 0.062 0.000  0.652 0.559
217.333333 218.333333   46.15 0.000 99.99 0.259000 9.999 0.259000 9.99 0.259000  0.110 0.559  1.034 0.000  1.447 0.000   9.637 0.559   4.958 0.000   4.679 0.000 0.025 0.000  0.299 0.559
221.333333 222.333333   91.73 0.000  0.79 0.000000 9.999 0.259000 9.99 0.259000  0.421 0.000  2.353 0.000  3.295 0.000  23.041 0.000  15.387 0.000   7.654 0.000 0.043 0.000  0.455 0.000
224.333333 225.333333  149.68 0.000  1.31 0.000000 9.999 0.259000 9.99 0.259000  0.237 0.000  2.319 0.000  3.247 0.000  27.742 0.000  19.385 0.000   8.357 0.000 0.086 0.000  0.325 0.000
228.333333 229.333333 9999.99 0.999 99.99 0.999000 9.999 0.999000 9.99 0.999000 99.999 0.999 99.999 0.999 99.999 0.999 999.999 0.999 999.999 0.999 999.999 0.999 9.999 0.999 99.999 0.999
231.333333 232.333333 9999.99 0.999 99.99 0.999000 9.999 0.999000 9.99 0.999000 99.999 0.999 99.999 0.999 99.999 0.999 999.999 0.999 999.999 0.999 999.999 0.999 9.999 0.999 99.999 0.999
235.333333 236.333333 9999.99 0.999 99.99 0.999000 9.999 0.999000 9.99 0.999000 99.999 0.999 99.999 0.999 99.999 0.999 999.999 0.999 999.999 0.999 999.999 0.999 9.999 0.999 99.999 0.999
238.333333 239.333333 9999.99 0.999 99.99 0.999000 9.999 0.999000 9.99 0.999000 99.999 0.999 99.999 0.999 99.999 0.999 999.999 0.999 999.999 0.999 999.999 0.999 9.999 0.999 99.999 0.999
242.333333 243.333333 9999.99 0.999 99.99 0.999000 9.999 0.999000 9.99 0.999000 99.999 0.999 99.999 0.999 99.999 0.999 999.999 0.999 999.999 0.999 999.999 0.999 9.999 0.999 99.999 0.999
245.333333 246.333333 9999.99 0.999 99.99 0.999000 9.999 0.999000 9.99 0.999000 99.999 0.999 99.999 0.999 99.999 0.999 999.999 0.999 999.999 0.999 999.999 0.999 9.999 0.999 99.999 0.999
249.333333 250.333333   39.79 0.000  0.48 0.000000 9.999 0.259000 9.99 0.259000  0.139 0.000  1.114 0.000  1.560 0.000   5.740 0.000   3.527 0.000   2.212 0.000 0.027 0.000  0.104 0.000
252.333333 253.333333   32.19 0.000  0.66 0.000000 9.999 0.259000 9.99 0.259000  0.395 0.000  1.275 0.000  1.786 0.000   6.979 0.000   3.148 0.000   3.831 0.000 0.023 0.000  0.190 0.000
255.333333 256.333333 9999.99 0.999 99.99 0.999000 9.999 0.999000 9.99 0.999000 99.999 0.999 99.999 0.999 99.999 0.999 999.999 0.999 999.999 0.999 999.999 0.999 9.999 0.999 99.999 0.999
258.333333 259.333333 9999.99 0.999 99.99 0.999000 9.999 0.999000 9.99 0.999000 99.999 0.999 99.999 0.999 99.999 0.999 999.999 0.999 999.999 0.999 999.999 0.999 9.999 0.999 99.999 0.999
261.333333 262.333333 9999.99 0.999 99.99 0.999000 9.999 0.999000 9.99 0.999000 99.999 0.999 99.999 0.999 99.999 0.999 999.999 0.999 999.999 0.999 999.999 0.999 9.999 0.999 99.999 0.999
264.333333 265.333333   62.08 0.000  1.18 0.000000 9.999 0.259000 9.99 0.259000  1.597 0.000  1.665 0.000  2.331 0.000  20.442 0.000   5.078 0.000  15.364 0.000 0.030 0.000  1.014 0.000
267.333333 268.333333   30.68 0.000  0.51 0.000000 9.999 0.259000 9.99 0.259000  0.047 0.000  0.784 0.000  1.098 0.000   7.621 0.000   5.296 0.000   2.325 0.000 0.023 0.000  0.144 0.000
270.333333 271.333333   48.97 0.000  1.02 0.000000 9.999 0.259000 9.99 0.259000  0.261 0.000  1.028 0.000  1.440 0.000   8.625 0.000   3.617 0.000   5.007 0.000 0.029 0.000  0.473 0.000
273.333333 274.333333   29.66 0.000  0.58 0.000000 9.999 0.259000 9.99 0.259000  0.098 0.000  0.708 0.000  0.991 0.000   7.243 0.000   3.949 0.000   3.294 0.000 0.027 0.000  0.399 0.000
276.333333 277.333333   90.33 0.000  1.05 0.000000 9.999 0.259000 9.99 0.259000  0.904 0.000  1.667 0.000  2.333 0.000 999.999 0.456 999.999 0.999  10.481 0.000 0.037 0.000  0.976 0.000
279.333333 280.333333   56.39 0.000  1.69 0.000000 9.999 0.259000 9.99 0.259000  0.476 0.000  1.247 0.000  1.746 0.000 999.999 0.999 999.999 0.999   6.410 0.000 0.031 0.000  0.726 0.000
282.333333 283.333333   60.59 0.000  0.98 0.000000 9.999 0.259000 9.99 0.259000  2.311 0.000  1.252 0.000  1.752 0.000 999.999 0.456 999.999 0.999  19.576 0.000 0.037 0.000  0.952 0.000
285.333333 286.333333   18.39 0.000  0.45 0.000000 9.999 0.259000 9.99 0.259000  0.522 0.000  0.501 0.000  0.701 0.000   6.982 0.000   2.118 0.000   4.864 0.000 0.014 0.000  0.366 0.000
288.333333 289.333333   28.98 0.000  0.77 0.000000 9.999 0.259000 9.99 0.259000  0.488 0.000  0.776 0.000  1.087 0.000   7.850 0.000   3.805 0.000   4.046 0.000 0.025 0.000  0.230 0.000
291.333333 292.333333   25.01 0.000  0.80 0.000000 9.999 0.259000 9.99 0.259000  0.162 0.000  0.498 0.000  0.697 0.000   5.405 0.000   2.535 0.000   2.870 0.000 0.029 0.000  0.365 0.000
