scripts/IMPROVE-2019_partial/data/US9025U.20080101080000.20191216000000.filterpack...52w.3d.US03L_filterpack_US9025.US03L_IMPROVE_Davis.lev2.nas
52 1001
MISSING INFORMATION
US03L, IMPROVE, , , , , , , 
MISSING INFORMATION
IMPROVE sel_HTAP
1 1
2008 01 01 2019 12 16
3.000000
days from file reference point
5
1 1 1 1 1
999.999999 999.999 9.999 999.999 9.999
end_time of measurement, days from the file reference point
pm10_mass, ug/m3, Matrix=pm10
numflag pm10_mass, no unit, Matrix=pm10
pm25_mass, ug/m3, Matrix=pm25
numflag pm25_mass, no unit, Matrix=pm25
0
33
Data definition:              EBAS_1.1
Set type code:                TU
Timezone:                     UTC
File name:                    US9025U.20080101080000.20191216000000.filterpack...52w.3d.US03L_filterpack_US9025.US03L_IMPROVE_Davis.lev2.nas
File creation:                20191218120651
Startdate:                    20080101080000
Revision date:                20191216000000
Version:                      2
Version description:          "Data extracted from http://views.cira.colostate.edu/fed/DataWizard 2019-12-16"
Statistics:                   arithmetic mean
Data level:                   2
Period code:                  52w
Resolution code:              3d
Sample duration:              1d
Orig. time res.:              3d
Station code:                 US9025U
Platform code:                US9025S
Station name:                 Puget Sound
Station latitude:             47.5696
Station longitude:            -122.3119
Station altitude:             97.0 m
Regime:                       IMG
Component:                    
Unit:                         ug/m3
Matrix:                       
Laboratory code:              US03L
Instrument type:              filterpack
Instrument name:              filterpack_US9025
Method ref:                   US03L_IMPROVE_Davis
Blank correction:             Blank corrected
Volume std. temperature:      ambient
Volume std. pressure:         ambient
starttime endtime PM10 flag_PM10 PM2.5 flag_PM2.5
  0.333333   1.333333 999.999 0.456   5.149 0.000
  3.333333   4.333333   3.218 0.000   1.734 0.000
  6.333333   7.333333   7.213 0.000   3.973 0.000
  9.333333  10.333333   4.303 0.000   3.116 0.000
 12.333333  13.333333   7.353 0.000   5.008 0.000
 15.333333  16.333333  13.589 0.000   8.280 0.000
 18.333333  19.333333  11.018 0.000   8.703 0.000
 21.333333  22.333333  15.238 0.000   8.602 0.000
 24.333333  25.333333  28.549 0.000  16.066 0.000
 27.333333  28.333333   5.502 0.000   3.919 0.000
 30.333333  31.333333   4.620 0.000   2.910 0.000
 33.333333  34.333333   9.423 0.000   5.296 0.000
 36.333333  37.333333   6.610 0.000   3.357 0.000
 39.333333  40.333333   2.833 0.000   1.596 0.000
 42.333333  43.333333   8.886 0.000   4.892 0.000
 45.333333  46.333333  20.392 0.000  11.001 0.000
 48.333333  49.333333  26.171 0.000  14.452 0.000
 51.333333  52.333333  23.103 0.000  14.200 0.000
 54.333333  55.333333  11.349 0.000   7.428 0.000
 57.333333  58.333333   8.298 0.000   4.976 0.000
 60.333333  61.333333   5.361 0.000   3.134 0.000
 63.333333  64.333333  15.177 0.000   6.809 0.000
 66.333333  67.333333  26.092 0.000  11.547 0.000
 69.333333  70.333333  17.988 0.000  10.891 0.000
 72.333333  73.333333   9.966 0.000   6.475 0.000
 75.333333  76.333333   9.644 0.000   5.171 0.000
 78.333333  79.333333  11.658 0.000   5.654 0.000
 81.333333  82.333333   7.374 0.000   3.897 0.000
 84.333333  85.333333   9.112 0.000   4.559 0.000
 87.333333  88.333333   4.343 0.000   2.235 0.000
 90.333333  91.333333   8.075 0.000   3.330 0.000
 93.333333  94.333333  23.462 0.000   9.424 0.000
 96.333333  97.333333   2.961 0.000   1.740 0.000
 99.333333 100.333333   9.699 0.000   5.465 0.000
102.333333 103.333333  17.895 0.000   8.424 0.000
105.333333 106.333333   8.081 0.000   4.439 0.000
108.333333 109.333333  10.601 0.000   5.076 0.000
111.333333 112.333333   5.869 0.000   3.596 0.000
114.333333 115.333333  18.164 0.000   5.270 0.000
117.333333 118.333333  16.928 0.000  10.726 0.000
120.333333 121.333333   5.723 0.000   2.718 0.000
123.333333 124.333333  13.515 0.000   9.471 0.000
126.333333 127.333333  19.455 0.000   7.793 0.000
129.333333 130.333333  14.550 0.000   5.669 0.000
132.333333 133.333333  11.231 0.000   5.589 0.000
135.333333 136.333333  10.153 0.000   5.405 0.000
138.333333 139.333333  15.899 0.000   8.491 0.000
141.333333 142.333333   4.751 0.000   1.827 0.000
144.333333 145.333333  10.224 0.000   6.000 0.000
147.333333 148.333333  13.388 0.000   6.478 0.000
150.333333 151.333333  17.946 0.000   6.000 0.000
153.333333 154.333333   8.062 0.000   2.233 0.000
156.333333 157.333333   5.593 0.000   2.516 0.000
159.333333 160.333333   6.207 0.000   3.428 0.000
162.333333 163.333333   9.945 0.000   3.786 0.000
165.333333 166.333333  12.444 0.000   5.184 0.000
168.333333 169.333333   8.940 0.000   3.171 0.000
171.333333 172.333333  21.219 0.000   9.227 0.000
174.333333 175.333333  21.346 0.000   6.704 0.000
177.333333 178.333333  18.575 0.000   4.334 0.000
180.333333 181.333333  18.088 0.000  10.480 0.000
183.333333 184.333333  33.601 0.000  15.192 0.000
186.333333 187.333333   9.274 0.000   6.828 0.000
189.333333 190.333333  27.210 0.000   8.547 0.000
192.333333 193.333333  20.273 0.000   5.796 0.000
195.333333 196.333333  16.745 0.000   4.751 0.000
198.333333 199.333333  44.041 0.000   7.929 0.000
201.333333 202.333333  12.065 0.000   5.687 0.000
204.333333 205.333333  16.355 0.000   5.476 0.000
207.333333 208.333333   7.538 0.000   3.546 0.000
210.333333 211.333333   7.596 0.000   3.735 0.000
213.333333 214.333333   8.852 0.000   3.273 0.000
216.333333 217.333333  23.081 0.000   7.874 0.000
219.333333 220.333333  42.583 0.000  11.055 0.000
222.333333 223.333333   5.991 0.000   2.826 0.000
225.333333 226.333333  11.263 0.000   3.245 0.000
228.333333 229.333333  25.443 0.000  14.013 0.000
231.333333 232.333333   7.934 0.000   2.149 0.000
234.333333 235.333333  15.890 0.000   5.938 0.000
237.333333 238.333333   7.406 0.000   3.736 0.000
240.333333 241.333333   5.185 0.000   2.191 0.000
243.333333 244.333333   9.757 0.000   4.737 0.000
246.333333 247.333333  20.254 0.000   5.212 0.000
249.333333 250.333333  11.166 0.000   6.199 0.000
252.333333 253.333333  21.845 0.000   6.338 0.000
255.333333 256.333333  30.495 0.000   8.853 0.000
258.333333 259.333333  27.230 0.000   9.499 0.000
261.333333 262.333333  19.537 0.000   7.042 0.000
264.333333 265.333333   5.260 0.000   3.512 0.000
267.333333 268.333333  26.240 0.000   8.963 0.000
270.333333 271.333333   5.889 0.000   3.469 0.000
273.333333 274.333333  42.906 0.000  16.261 0.000
276.333333 277.333333   6.568 0.000   4.171 0.000
279.333333 280.333333   8.164 0.000   5.436 0.000
282.333333 283.333333  12.465 0.000   5.179 0.000
285.333333 286.333333  13.218 0.000   9.791 0.000
288.333333 289.333333  23.975 0.000   9.689 0.000
291.333333 292.333333  12.312 0.000   6.106 0.000
294.333333 295.333333  18.668 0.000   8.474 0.000
297.333333 298.333333  13.991 0.000   8.800 0.000
300.333333 301.333333  25.863 0.000  13.513 0.000
303.333333 304.333333  29.570 0.000  20.395 0.000
306.333333 307.333333   8.343 0.000   4.746 0.000
309.333333 310.333333  11.146 0.000   6.395 0.000
312.333333 313.333333   5.489 0.000   3.095 0.000
315.333333 316.333333   6.305 0.000   4.393 0.000
318.333333 319.333333  14.969 0.000   8.045 0.000
321.333333 322.333333  16.463 0.000  13.111 0.000
324.333333 325.333333  11.309 0.000   7.308 0.000
327.333333 328.333333   9.556 0.000   7.218 0.000
330.333333 331.333333  10.577 0.000   6.820 0.000
333.333333 334.333333   2.975 0.000   2.155 0.000
336.333333 337.333333   7.016 0.000   3.050 0.000
339.333333 340.333333  32.441 0.000  22.715 0.000
342.333333 343.333333 999.999 0.456   6.243 0.000
345.333333 346.333333   8.747 0.000   6.535 0.000
348.333333 349.333333   4.853 0.000   2.429 0.000
351.333333 352.333333   6.677 0.000   3.936 0.000
354.333333 355.333333  11.290 0.000   8.991 0.000
357.333333 358.333333  10.764 0.000 999.999 0.456
360.333333 361.333333  12.662 0.000  11.316 0.000
363.333333 364.333333   4.700 0.000   2.378 0.000
