scripts/IMPROVE-2019_partial/data/US9016R.20070103060000.20191216000000.filterpack...1y.3d.US03L_filterpack_US9016.US03L_IMPROVE_Davis.lev2.nas
52 1001
MISSING INFORMATION
US03L, IMPROVE, , , , , , , 
MISSING INFORMATION
IMPROVE sel_HTAP
1 1
2007 01 01 2019 12 16
3.00
days from file reference point
5
1 1 1 1 1
999.99 999.999 9.999 999.999 9.999
end_time of measurement, days from the file reference point
pm10_mass, ug/m3, Matrix=pm10
numflag pm10_mass, no unit, Matrix=pm10
pm25_mass, ug/m3, Matrix=pm25
numflag pm25_mass, no unit, Matrix=pm25
0
33
Data definition:              EBAS_1.1
Set type code:                TU
Timezone:                     UTC
File name:                    US9016R.20070103060000.20191216000000.filterpack...1y.3d.US03L_filterpack_US9016.US03L_IMPROVE_Davis.lev2.nas
File creation:                20191218120615
Startdate:                    20070103060000
Revision date:                20191216000000
Version:                      2
Version description:          "Data extracted from http://views.cira.colostate.edu/fed/DataWizard 2019-12-16"
Statistics:                   arithmetic mean
Data level:                   2
Period code:                  1y
Resolution code:              3d
Sample duration:              1d
Orig. time res.:              3d
Station code:                 US9016R
Platform code:                US9016S
Station name:                 Omaha
Station latitude:             42.1487
Station longitude:            -96.4318
Station altitude:             429.0 m
Regime:                       IMG
Component:                    
Unit:                         ug/m3
Matrix:                       
Laboratory code:              US03L
Instrument type:              filterpack
Instrument name:              filterpack_US9016
Method ref:                   US03L_IMPROVE_Davis
Blank correction:             Blank corrected
Volume std. temperature:      ambient
Volume std. pressure:         ambient
starttime endtime PM10 flag_PM10 PM2.5 flag_PM2.5
  2.25   3.25  13.578 0.000  12.549 0.000
  5.25   6.25   3.901 0.000   2.261 0.000
  8.25   9.25   9.576 0.000   3.777 0.000
 11.25  12.25   6.868 0.000   2.623 0.000
 14.25  15.25   6.014 0.000   3.844 0.000
 17.25  18.25  11.083 0.000   7.966 0.000
 20.25  21.25  16.343 0.000  15.191 0.000
 23.25  24.25   8.402 0.000   7.595 0.000
 26.25  27.25   6.862 0.000   3.139 0.000
 29.25  30.25   7.732 0.000   3.220 0.000
 32.25  33.25   8.656 0.000   2.201 0.000
 35.25  36.25  19.488 0.000   6.316 0.000
 38.25  39.25  11.247 0.000   6.587 0.000
 41.25  42.25  21.428 0.000  17.660 0.000
 44.25  45.25   8.120 0.000   6.962 0.000
 47.25  48.25   8.009 0.000   6.906 0.000
 50.25  51.25   5.855 0.000   3.920 0.000
 53.25  54.25  16.660 0.000   8.809 0.000
 56.25  57.25   6.603 0.000   5.970 0.000
 59.25  60.25  13.694 0.000  10.712 0.000
 62.25  63.25   5.770 0.000   4.153 0.000
 65.25  66.25  36.031 0.000  30.718 0.000
 68.25  69.25  10.026 0.000   5.871 0.000
 71.25  72.25  11.142 0.000   3.837 0.000
 74.25  75.25  19.792 0.000  12.023 0.000
 77.25  78.25  15.293 0.000   8.478 0.000
 80.25  81.25   8.843 0.000   1.994 0.000
 83.25  84.25   9.771 0.000   4.008 0.000
 86.25  87.25  15.809 0.000  10.216 0.000
 89.25  90.25   3.556 0.000   2.139 0.000
 92.25  93.25   6.687 0.000   4.404 0.000
 95.25  96.25   7.379 0.000   3.476 0.000
 98.25  99.25  18.078 0.000   6.486 0.000
101.25 102.25  12.421 0.000  10.954 0.000
104.25 105.25   8.447 0.000   4.706 0.000
107.25 108.25  23.897 0.000   7.365 0.000
110.25 111.25  29.464 0.000  14.071 0.000
113.25 114.25   6.750 0.000   4.862 0.000
116.25 117.25  11.159 0.000   4.934 0.000
119.25 120.25  25.150 0.000   7.544 0.000
122.25 123.25  28.943 0.000  11.834 0.000
125.25 126.25   6.093 0.000   2.728 0.000
128.25 129.25  12.290 0.000   4.641 0.000
131.25 132.25  30.583 0.000  10.018 0.000
134.25 135.25  13.581 0.000   4.722 0.000
137.25 138.25  21.684 0.000   6.009 0.000
140.25 141.25  33.828 0.000  15.002 0.000
143.25 144.25   5.952 0.000   2.209 0.000
146.25 147.25  12.172 0.000   4.714 0.000
149.25 150.25   8.322 0.000   4.511 0.000
152.25 153.25   5.608 0.000   1.886 0.000
155.25 156.25  14.131 0.000   5.707 0.000
158.25 159.25  15.989 0.000   6.900 0.000
161.25 162.25  18.507 0.000   8.890 0.000
164.25 165.25  33.329 0.000  25.275 0.000
167.25 168.25  20.586 0.000  11.276 0.000
170.25 171.25  24.216 0.000   6.766 0.000
173.25 174.25   7.226 0.000   3.552 0.000
176.25 177.25  27.280 0.000  10.693 0.000
179.25 180.25  29.551 0.000   6.674 0.000
182.25 183.25  27.766 0.000  16.835 0.000
185.25 186.25 999.999 0.999 999.999 0.999
188.25 189.25  28.400 0.000   8.506 0.000
191.25 192.25  13.395 0.000   4.958 0.000
194.25 195.25  21.127 0.000   8.472 0.000
197.25 198.25  22.274 0.000   7.362 0.000
200.25 201.25 999.999 0.999 999.999 0.999
203.25 204.25  26.327 0.000  15.026 0.000
206.25 207.25  37.236 0.000  17.819 0.000
209.25 210.25  19.122 0.000   9.224 0.000
212.25 213.25  26.970 0.000  16.457 0.000
215.25 216.25  23.820 0.000   9.843 0.000
218.25 219.25  12.385 0.000   7.418 0.000
221.25 222.25  11.378 0.000   5.596 0.000
224.25 225.25  21.247 0.000   9.215 0.000
227.25 228.25  20.310 0.000  10.267 0.000
230.25 231.25  12.368 0.000   6.069 0.000
233.25 234.25   8.512 0.000   3.724 0.000
236.25 237.25  11.377 0.000   4.914 0.000
239.25 240.25  15.664 0.000   7.267 0.000
242.25 243.25  17.439 0.000   5.949 0.000
245.25 246.25  24.181 0.000  10.114 0.000
248.25 249.25  16.281 0.000   6.404 0.000
251.25 252.25   8.623 0.000   3.408 0.000
254.25 255.25  17.534 0.000   3.840 0.000
257.25 258.25  11.650 0.000   2.463 0.000
260.25 261.25   9.554 0.000   4.614 0.000
263.25 264.25  26.701 0.000  10.845 0.000
266.25 267.25  17.420 0.000 999.999 0.456
269.25 270.25  14.175 0.000   3.419 0.000
272.25 273.25  19.825 0.000   9.614 0.000
275.25 276.25 999.999 0.999 999.999 0.999
278.25 279.25  17.808 0.000  10.433 0.000
281.25 282.25   7.574 0.000   2.838 0.000
284.25 285.25  29.112 0.000   6.398 0.000
287.25 288.25   8.674 0.000   6.699 0.000
290.25 291.25   4.423 0.000   1.893 0.000
293.25 294.25  11.123 0.000   3.275 0.000
296.25 297.25  15.639 0.000   3.444 0.000
299.25 300.25  17.595 0.000   4.199 0.000
302.25 303.25  38.320 0.000   9.989 0.000
305.25 306.25  23.756 0.000   4.693 0.000
308.25 309.25  21.235 0.000   2.991 0.000
311.25 312.25  42.395 0.000   7.989 0.000
314.25 315.25  27.516 0.000  11.912 0.000
317.25 318.25  22.745 0.000   2.479 0.000
320.25 321.25  53.732 0.000  12.161 0.000
323.25 324.25  25.975 0.000  18.878 0.000
326.25 327.25  12.217 0.000   6.321 0.000
329.25 330.25  15.266 0.000   5.726 0.000
332.25 333.25  27.866 0.000   5.559 0.000
335.25 336.25 999.999 0.999 999.999 0.999
338.25 339.25  14.302 0.000  13.112 0.000
341.25 342.25  12.842 0.000  10.555 0.000
344.25 345.25  11.703 0.000  10.685 0.000
347.25 348.25  13.091 0.000  10.780 0.000
350.25 351.25  18.516 0.000  16.860 0.000
353.25 354.25  27.364 0.000  26.217 0.000
356.25 357.25 999.999 0.999 999.999 0.999
359.25 360.25 999.999 0.999 999.999 0.999
362.25 363.25  59.047 0.000  15.287 0.000
