scripts/IMPROVE-2019_partial/data/US9057R.20020601060000.20191216000000.filterpack..pm25.7mo.1w.US03L_filterpack_US9057.US03L_IMPROVE_Davis.lev2.nas
66 1001
MISSING INFORMATION
US03L, IMPROVE, , , , , , , 
MISSING INFORMATION
IMPROVE sel_HTAP
1 1
2002 01 01 2019 12 16
3.00
days from file reference point
27
1 1 1 1 1 1 1 1 1 1 1 1 1 1 1 1 1 1 1 1 1 1 1 1 1 1 1
999.99 9999.99 9.999 999.99 9.999 9.999 9.999999 9.99 9.999 99.999 9.999 99.999 9.999 99.999 9.999 9999.99 9.999999 999.999 9.999 999.999 9.999 999.999 9.999 9.999 9.999 99.999 9.999
end_time of measurement, days from the file reference point
iron, ng/m3, Revision date=20181210133000
numflag iron, no unit, Revision date=20181210133000
lead, ng/m3, Revision date=20181210133000
numflag lead, no unit, Revision date=20181210133000
magnesium, ug/m3, Revision date=20181210133000
numflag magnesium, no unit, Revision date=20181210133000
nickel, ng/m3, Revision date=20181210133000
numflag nickel, no unit, Revision date=20181210133000
nitrate, ug N/m3, Revision date=20181210133000
numflag nitrate, no unit, Revision date=20181210133000
organic_carbon, ug C/m3, Revision date=20181210133000
numflag organic_carbon, no unit, Revision date=20181210133000
organic_mass, ug/m3, Revision date=20181210133000
numflag organic_mass, no unit, Revision date=20181210133000
phosphorus, ng/m3, Revision date=20181210133000
numflag phosphorus, no unit, Revision date=20181210133000
pm10_mass, ug/m3, Version=2, Version description=Data extracted from http://views.cira.colostate.edu/fed/DataWizard 2019-12-16, Sample duration=1d, Orig. time res.=3d, Matrix=pm10, Blank correction=Blank corrected, Volume std. temperature=ambient, Volume std. pressure=ambient
numflag pm10_mass, no unit, Version=2, Version description=Data extracted from http://views.cira.colostate.edu/fed/DataWizard 2019-12-16, Sample duration=1d, Orig. time res.=3d, Matrix=pm10, Blank correction=Blank corrected, Volume std. temperature=ambient, Volume std. pressure=ambient
pm10_pm25_mass, ug/m3, Revision date=20181210133000, Matrix=pm10_pm25
numflag pm10_pm25_mass, no unit, Revision date=20181210133000, Matrix=pm10_pm25
pm25_mass, ug/m3, Version=2, Version description=Data extracted from http://views.cira.colostate.edu/fed/DataWizard 2019-12-16, Sample duration=1d, Orig. time res.=3d, Blank correction=Blank corrected, Volume std. temperature=ambient, Volume std. pressure=ambient
numflag pm25_mass, no unit, Version=2, Version description=Data extracted from http://views.cira.colostate.edu/fed/DataWizard 2019-12-16, Sample duration=1d, Orig. time res.=3d, Blank correction=Blank corrected, Volume std. temperature=ambient, Volume std. pressure=ambient
potassium, ug/m3, Revision date=20181210133000
numflag potassium, no unit, Revision date=20181210133000
sulphate_total, ug S/m3, Revision date=20181210133000
numflag sulphate_total, no unit, Revision date=20181210133000
0
25
Data definition:              EBAS_1.1
Set type code:                TU
Timezone:                     UTC
File name:                    US9057R.20020601060000.20191216000000.filterpack..pm25.7mo.1w.US03L_filterpack_US9057.US03L_IMPROVE_Davis.lev2.nas
File creation:                20191218120918
Startdate:                    20020601060000
Revision date:                20191216000000
Statistics:                   arithmetic mean
Data level:                   2
Period code:                  7mo
Resolution code:              1w
Station code:                 US9057R
Platform code:                US9057S
Station name:                 Sac and Fox
Station latitude:             39.9791
Station longitude:            -95.5682
Station altitude:             293.0 m
Regime:                       IMG
Component:                    
Matrix:                       pm25
Laboratory code:              US03L
Instrument type:              filterpack
Instrument name:              filterpack_US9057
Method ref:                   US03L_IMPROVE_Davis
starttime endtime Fe flag_Fe Pb flag_Pb Mg++ flag_Mg++ Ni flag_Ni NO3- flag_NO3- OC flag_OC OM flag_OM P flag_P PM10 flag_PM10 PM10-PM2.5 flag_PM10-PM2.5 PM2.5 flag_PM2.5 K+ flag_K+ SO4-- flag_SO4--
151.25 152.25 9999.99 0.999 999.99 0.999 9.999 0.999000 9.99 0.999 99.999 0.999 99.999 0.999 99.999 0.999 9999.99 0.999000 999.999 0.999 999.999 0.999 999.999 0.999 9.999 0.999 99.999 0.999
154.25 155.25 9999.99 0.999 999.99 0.999 9.999 0.999000 9.99 0.999 99.999 0.999 99.999 0.999 99.999 0.999 9999.99 0.999000 999.999 0.999 999.999 0.999 999.999 0.999 9.999 0.999 99.999 0.999
157.25 158.25 9999.99 0.999 999.99 0.999 9.999 0.999000 9.99 0.999 99.999 0.999 99.999 0.999 99.999 0.999 9999.99 0.999000 999.999 0.999 999.999 0.999 999.999 0.999 9.999 0.999 99.999 0.999
160.25 161.25 9999.99 0.999 999.99 0.999 9.999 0.999000 9.99 0.999 99.999 0.999 99.999 0.999 99.999 0.999 9999.99 0.999000 999.999 0.999 999.999 0.999 999.999 0.999 9.999 0.999 99.999 0.999
163.25 164.25 9999.99 0.999 999.99 0.999 9.999 0.999000 9.99 0.999 99.999 0.999 99.999 0.999 99.999 0.999 9999.99 0.999000 999.999 0.999 999.999 0.999 999.999 0.999 9.999 0.999 99.999 0.999
166.25 167.25 9999.99 0.999 999.99 0.999 9.999 0.999000 9.99 0.999 99.999 0.999 99.999 0.999 99.999 0.999 9999.99 0.999000 999.999 0.999 999.999 0.999 999.999 0.999 9.999 0.999 99.999 0.999
169.25 170.25   58.68 0.000   1.84 0.000 9.999 0.259000 0.34 0.000  0.054 0.000  3.930 0.000  5.501 0.000 9999.99 0.259000  30.837 0.000  13.838 0.000  16.999 0.000 0.101 0.000  1.547 0.000
172.25 173.25   86.64 0.000   1.84 0.000 9.999 0.259000 0.21 0.000  0.436 0.559  2.985 0.000  4.179 0.000 9999.99 0.259000  32.421 0.000  17.137 0.000  15.284 0.000 0.112 0.000  1.574 0.559
175.25 176.25 9999.99 0.456 999.99 0.456 9.999 0.456000 9.99 0.456  0.160 0.000  2.439 0.000  3.415 0.000 9999.99 0.456000 999.999 0.456 999.999 0.999 999.999 0.456 9.999 0.456  1.715 0.000
178.25 179.25   78.29 0.000   1.74 0.000 9.999 0.259000 0.22 0.000  0.087 0.000  2.880 0.000  4.032 0.000 9999.99 0.259000  23.314 0.000  12.760 0.000  10.553 0.000 0.069 0.000  0.725 0.000
181.25 182.25  736.85 0.000   1.30 0.000 9.999 0.259000 0.40 0.000  0.189 0.000  0.885 0.000  1.240 0.000 9999.99 0.259000  36.344 0.000  20.757 0.000  15.587 0.000 0.292 0.000  0.766 0.000
184.25 185.25  157.11 0.000   9.18 0.000 9.999 0.259000 0.17 0.000  0.105 0.559  1.048 0.000  1.467 0.000 9999.99 0.259000  20.343 0.000  11.044 0.000   9.300 0.000 0.386 0.000  0.927 0.559
187.25 188.25  298.50 0.000   4.85 0.000 9.999 0.259000 9.99 0.259  0.245 0.559  3.006 0.000  4.209 0.000 9999.99 0.259000  49.231 0.000  11.731 0.000  37.500 0.000 0.241 0.000  5.813 0.559
190.25 191.25   85.97 0.000   1.62 0.000 9.999 0.259000 9.99 0.259  0.080 0.000  1.556 0.000  2.179 0.000 9999.99 0.259000  21.208 0.000  12.262 0.000   8.946 0.000 0.077 0.000  0.963 0.000
193.25 194.25   60.63 0.000   7.13 0.000 9.999 0.259000 0.11 0.000  0.155 0.000  2.171 0.000  3.040 0.000 9999.99 0.259000  24.576 0.000  10.087 0.000  14.489 0.000 0.040 0.000  1.895 0.000
196.25 197.25   73.57 0.000   3.43 0.000 9.999 0.259000 0.17 0.000  0.110 0.000  2.703 0.000  3.784 0.000 9999.99 0.259000  36.416 0.000  11.517 0.000  24.900 0.000 0.044 0.000  3.945 0.000
199.25 200.25   75.15 0.000   0.61 0.000 9.999 0.259000 0.31 0.000  0.079 0.000  1.362 0.000  1.906 0.000 9999.99 0.259000  25.008 0.000  17.546 0.000   7.462 0.000 0.048 0.000  0.720 0.000
202.25 203.25   61.90 0.000   0.95 0.000 9.999 0.259000 9.99 0.259  0.183 0.000  1.111 0.000  1.556 0.000 9999.99 0.259000  18.203 0.000  12.569 0.000   5.635 0.000 0.039 0.000  0.485 0.000
205.25 206.25   53.32 0.000   1.33 0.000 0.079 0.000000 9.99 0.259  0.083 0.000  1.761 0.000  2.465 0.000 9999.99 0.259000  26.314 0.000  12.669 0.000  13.644 0.000 0.036 0.000  1.732 0.000
208.25 209.25   52.06 0.394   0.89 0.394 9.999 0.394259 0.32 0.394  0.134 0.394  1.096 0.000  1.535 0.000 9999.99 0.394259  14.058 0.000   6.939 0.000   7.119 0.000 0.048 0.394  0.886 0.394
211.25 212.25  130.33 0.000   1.48 0.000 9.999 0.259000 0.50 0.000  0.080 0.559  1.325 0.000  1.855 0.000 9999.99 0.259000  20.875 0.000  11.871 0.000   9.003 0.000 0.057 0.000  0.757 0.559
214.25 215.25  229.98 0.000   1.67 0.000 9.999 0.259000 9.99 0.259  0.153 0.559  1.398 0.000  1.957 0.000 9999.99 0.259000  31.002 0.000  18.471 0.000  12.531 0.000 0.099 0.000  1.031 0.559
217.25 218.25   83.04 0.000   1.86 0.000 9.999 0.259000 0.14 0.000  0.150 0.559  3.028 0.000  4.239 0.000 9999.99 0.259000  35.753 0.000  12.966 0.000  22.786 0.000 0.057 0.000  2.963 0.559
220.25 221.25   86.60 0.000   2.54 0.000 9.999 0.259000 0.10 0.000  0.086 0.000  1.844 0.000  2.581 0.000 9999.99 0.259000  34.383 0.000  18.262 0.000  16.121 0.000 0.046 0.000  2.013 0.000
223.25 224.25   22.66 0.000   1.11 0.000 9.999 0.259000 9.99 0.259  0.108 0.559  2.065 0.000  2.891 0.000 9999.99 0.259000  15.885 0.000   5.947 0.000   9.938 0.000 0.027 0.000  1.061 0.559
226.25 227.25   49.83 0.000   0.99 0.000 9.999 0.259000 9.99 0.259  0.101 0.559  1.377 0.000  1.927 0.000 9999.99 0.259000  18.655 0.000  10.298 0.000   8.358 0.000 0.027 0.000  0.650 0.559
229.25 230.25   23.53 0.000   2.88 0.000 9.999 0.259000 9.99 0.259  0.153 0.559  1.389 0.000  1.944 0.000 9999.99 0.259000  14.998 0.000   7.378 0.000   7.620 0.000 0.029 0.000  0.803 0.559
232.25 233.25   99.58 0.000   0.81 0.000 0.033 0.000000 0.20 0.000  0.093 0.000  1.435 0.000  2.008 0.000 9999.99 0.259000  18.759 0.000   9.540 0.000   9.218 0.000 0.060 0.000  0.979 0.000
235.25 236.25   43.28 0.000   5.08 0.000 9.999 0.259000 9.99 0.259  0.211 0.000  1.249 0.000  1.748 0.000 9999.99 0.259000  17.548 0.000  10.851 0.000   6.697 0.000 0.027 0.000  0.789 0.000
238.25 239.25   36.18 0.000   2.60 0.000 0.056 0.000000 9.99 0.259  0.100 0.000  1.948 0.000  2.727 0.000 9999.99 0.259000  26.775 0.000  16.670 0.000  10.105 0.000 0.038 0.000  1.177 0.000
241.25 242.25   56.88 0.000   4.38 0.000 0.055 0.000000 9.99 0.259  0.092 0.000  2.485 0.000  3.480 0.000 9999.99 0.259000  38.745 0.000  15.493 0.000  23.252 0.000 0.040 0.000  3.707 0.000
244.25 245.25   38.75 0.000   1.37 0.000 0.051 0.000000 9.99 0.259  0.086 0.000  2.452 0.000  3.433 0.000 9999.99 0.259000  36.427 0.000  19.268 0.000  17.159 0.000 0.042 0.000  2.422 0.000
247.25 248.25   61.29 0.000   2.31 0.000 9.999 0.259000 9.99 0.259  0.110 0.000  2.689 0.000  3.765 0.000 9999.99 0.259000  40.109 0.000  21.167 0.000  18.942 0.000 0.055 0.000  2.387 0.000
250.25 251.25   73.43 0.000   1.66 0.000 9.999 0.259000 9.99 0.259  0.061 0.559  1.849 0.000  2.588 0.000  132.18 0.000000  32.828 0.000  21.347 0.000  11.482 0.000 0.054 0.000  1.363 0.559
253.25 254.25   42.22 0.000   2.42 0.000 9.999 0.259000 9.99 0.259  0.058 0.559  0.992 0.000  1.388 0.000 9999.99 0.259000  20.709 0.000  16.456 0.000   4.252 0.000 0.029 0.000  0.202 0.559
256.25 257.25   27.12 0.000   2.63 0.000 0.050 0.000000 0.11 0.000  0.612 0.000  1.905 0.000  2.667 0.000 9999.99 0.259000  20.251 0.000   8.430 0.000  11.821 0.000 0.039 0.000  1.625 0.000
259.25 260.25   63.04 0.000   3.82 0.000 0.029 0.000000 9.99 0.259  0.321 0.000  1.679 0.000  2.350 0.000 9999.99 0.259000  23.511 0.000  12.019 0.000  11.492 0.000 0.037 0.000  1.484 0.000
262.25 263.25   24.52 0.000   0.92 0.000 9.999 0.259000 9.99 0.259  0.095 0.000  0.740 0.000  1.036 0.000 9999.99 0.259000  12.350 0.000   8.103 0.000   4.247 0.000 0.025 0.000  0.371 0.000
265.25 266.25   41.86 0.000   1.20 0.000 0.033 0.000000 9.99 0.259  0.037 0.000  0.595 0.000  0.833 0.000 9999.99 0.259000  22.465 0.000  18.993 0.000   3.472 0.000 0.029 0.000  0.240 0.000
268.25 269.25  112.81 0.000   3.34 0.000 9.999 0.259000 9.99 0.259  0.281 0.559  1.880 0.000  2.632 0.000 9999.99 0.259000  41.168 0.000  28.693 0.000  12.475 0.000 0.047 0.000  1.479 0.559
271.25 272.25   68.12 0.000   3.85 0.000 9.999 0.259000 0.22 0.000  0.315 0.000  2.839 0.000  3.975 0.000 9999.99 0.259000  37.434 0.000  20.292 0.000  17.142 0.000 0.071 0.000  2.065 0.000
274.25 275.25   16.86 0.000   0.95 0.000 0.030 0.000000 9.99 0.259  0.142 0.000  0.949 0.000  1.329 0.000 9999.99 0.259000   8.638 0.000   4.934 0.000   3.704 0.000 0.027 0.000  0.391 0.000
277.25 278.25   27.10 0.000   2.04 0.000 9.999 0.259000 9.99 0.259  0.080 0.000  1.217 0.000  1.704 0.000 9999.99 0.259000  11.421 0.000   6.535 0.000   4.886 0.000 0.060 0.000  0.366 0.000
280.25 281.25   38.63 0.000   1.52 0.000 9.999 0.259000 9.99 0.259  0.063 0.000  1.425 0.000  1.995 0.000 9999.99 0.259000  18.812 0.000  13.448 0.000   5.364 0.000 0.047 0.000  0.348 0.000
283.25 284.25   56.30 0.000   3.51 0.000 0.027 0.000000 0.08 0.000  0.340 0.000  1.218 0.000  1.706 0.000 9999.99 0.259000  20.244 0.000  11.099 0.000   9.146 0.000 0.033 0.000  1.197 0.000
286.25 287.25   31.46 0.000   1.67 0.000 9.999 0.259000 0.07 0.000  0.117 0.000  0.981 0.000  1.374 0.000 9999.99 0.259000  17.361 0.000  12.793 0.000   4.568 0.000 0.028 0.000  0.378 0.000
289.25 290.25   30.56 0.000   1.47 0.000 0.047 0.000000 9.99 0.259  0.391 0.000  0.604 0.000  0.845 0.000 9999.99 0.259000   7.113 0.000   3.333 0.000   3.780 0.000 0.021 0.000  0.347 0.000
292.25 293.25   53.43 0.000   4.47 0.000 0.027 0.000000 9.99 0.259  0.483 0.000  1.604 0.000  2.246 0.000 9999.99 0.259000  15.710 0.000   9.762 0.000   5.948 0.000 0.067 0.000  0.429 0.000
295.25 296.25   65.74 0.000   1.04 0.000 0.022 0.000000 0.08 0.000  0.732 0.000  0.782 0.000  1.094 0.000 9999.99 0.259000  10.459 0.000   1.992 0.000   8.467 0.000 0.016 0.000  0.572 0.000
298.25 299.25   12.16 0.000   2.32 0.000 0.020 0.000000 9.99 0.259  1.121 0.000  0.962 0.000  1.347 0.000 9999.99 0.259000  10.943 0.000   0.864 0.000  10.079 0.000 0.020 0.000  0.724 0.000
301.25 302.25   22.48 0.000   3.68 0.000 9.999 0.259000 0.11 0.000  1.575 0.000  0.935 0.000  1.309 0.000 9999.99 0.259000  14.506 0.000   0.222 0.000  14.284 0.000 0.024 0.000  0.845 0.000
304.25 305.25    9.53 0.000   1.54 0.000 9.999 0.259000 9.99 0.259  0.654 0.000  0.591 0.000  0.827 0.000 9999.99 0.259000   8.563 0.000   1.528 0.000   7.035 0.000 0.019 0.000  0.546 0.000
307.25 308.25   32.80 0.000   1.38 0.000 0.014 0.000000 9.99 0.259  1.323 0.000  1.606 0.000  2.249 0.000 9999.99 0.259000  14.312 0.000   1.812 0.000  12.500 0.000 0.055 0.000  0.562 0.000
310.25 311.25   22.24 0.000   0.74 0.000 0.014 0.000000 0.12 0.000  0.102 0.000  0.947 0.000  1.326 0.000 9999.99 0.259000   7.978 0.000   4.813 0.000   3.165 0.000 0.026 0.000  0.204 0.000
313.25 314.25   18.73 0.000   1.42 0.000 9.999 0.259000 9.99 0.259  0.188 0.000  0.864 0.000  1.210 0.000 9999.99 0.259000  12.018 0.000   8.160 0.000   3.858 0.000 0.062 0.000  0.269 0.000
316.25 317.25   26.59 0.000   0.58 0.000 9.999 0.259000 0.12 0.000  0.085 0.000  0.734 0.000  1.027 0.000 9999.99 0.259000  14.352 0.000  11.813 0.000   2.539 0.000 0.024 0.000  0.149 0.000
319.25 320.25   37.19 0.000   2.00 0.000 9.999 0.259000 9.99 0.259  1.723 0.000  1.610 0.000  2.254 0.000 9999.99 0.259000  30.784 0.000  13.857 0.000  16.927 0.000 0.060 0.000  0.740 0.000
322.25 323.25   35.29 0.000   0.54 0.000 9.999 0.259000 0.08 0.000  0.150 0.559  0.799 0.000  1.119 0.000 9999.99 0.259000  12.598 0.000   9.920 0.000   2.678 0.000 0.039 0.000  0.103 0.559
325.25 326.25   36.53 0.000   1.18 0.000 9.999 0.259000 0.08 0.000  0.498 0.000  0.734 0.000  1.027 0.000 9999.99 0.259000  16.498 0.000  10.563 0.000   5.935 0.000 0.038 0.000  0.293 0.000
328.25 329.25   19.15 0.000   1.76 0.000 0.023 0.000000 9.99 0.259  0.231 0.000  0.410 0.000  0.574 0.000 9999.99 0.259000  62.159 0.000  58.413 0.000   3.746 0.000 0.042 0.000  0.277 0.000
331.25 332.25   27.32 0.000   1.06 0.000 9.999 0.259000 9.99 0.259  0.450 0.000  0.833 0.000  1.166 0.000 9999.99 0.259000  14.226 0.000   8.469 0.000   5.757 0.000 0.037 0.000  0.304 0.000
334.25 335.25   25.46 0.000   0.60 0.000 9.999 0.259000 9.99 0.259  0.117 0.000  0.516 0.000  0.723 0.000 9999.99 0.259000  15.625 0.000  12.964 0.000   2.662 0.000 0.028 0.000  0.148 0.000
337.25 338.25   25.91 0.000   2.74 0.000 9.999 0.259000 9.99 0.259  0.757 0.559  1.331 0.000  1.864 0.000 9999.99 0.259000  23.816 0.000  14.883 0.000   8.933 0.000 0.044 0.000  0.291 0.559
340.25 341.25   40.44 0.000   1.26 0.000 9.999 0.259000 9.99 0.259  1.242 0.000  2.769 0.000  3.876 0.000 9999.99 0.259000  25.463 0.000  11.759 0.000  13.704 0.000 0.054 0.000  0.273 0.000
343.25 344.25   22.95 0.000   2.51 0.000 9.999 0.259000 0.13 0.000  1.962 0.000  1.625 0.000  2.276 0.000 9999.99 0.259000  25.884 0.000   3.661 0.000  22.224 0.000 0.048 0.000  1.326 0.000
346.25 347.25   71.89 0.000  11.19 0.000 9.999 0.259000 9.99 0.259  1.014 0.000  1.805 0.000  2.527 0.000 9999.99 0.259000  31.673 0.000  18.366 0.000  13.308 0.000 0.072 0.000  0.637 0.000
349.25 350.25   44.90 0.000   2.82 0.000 9.999 0.259000 0.12 0.000  1.198 0.000  1.678 0.000  2.349 0.000 9999.99 0.259000  22.938 0.000   9.824 0.000  13.114 0.000 0.056 0.000  0.668 0.000
352.25 353.25   18.50 0.000   0.59 0.000 9.999 0.259000 9.99 0.259  0.240 0.000  0.453 0.000  0.634 0.000 9999.99 0.259000  12.174 0.000   9.316 0.000   2.858 0.000 0.017 0.000  0.139 0.000
355.25 356.25   23.31 0.000   1.70 0.000 9.999 0.259000 9.99 0.259  0.313 0.000  0.818 0.000  1.145 0.000 9999.99 0.259000  12.837 0.000   8.633 0.000   4.203 0.000 0.028 0.000  0.179 0.000
358.25 359.25   29.08 0.000   1.71 0.000 9.999 0.259000 9.99 0.259  0.494 0.559  0.937 0.000  1.312 0.000 9999.99 0.259000  15.294 0.000   9.101 0.000   6.193 0.000 0.058 0.000  0.330 0.559
361.25 362.25   42.08 0.000   1.81 0.000 9.999 0.259000 9.99 0.259  0.697 0.559  1.036 0.000  1.450 0.000   24.74 0.000000  21.040 0.000  14.005 0.000   7.035 0.000 0.052 0.000  0.174 0.559
364.25 365.25   43.78 0.000   3.25 0.000 0.021 0.000000 9.99 0.259  0.143 0.000  1.284 0.000  1.798 0.000 9999.99 0.259000  18.477 0.000  13.878 0.000   4.600 0.000 0.075 0.000  0.222 0.000
