scripts/IMPROVE-2019_partial/data/US9030R.20110103090000.20191216000000.filterpack...1y.3d.US03L_filterpack_US9030.US03L_IMPROVE_Davis.lev2.nas
51 1001
MISSING INFORMATION
US03L, IMPROVE, , , , , , , 
MISSING INFORMATION
IMPROVE sel_HTAP
1 1
2011 01 01 2019 12 16
3.000
days from file reference point
4
1 1 1 1
999.999 999.999 999.999 9.999
end_time of measurement, days from the file reference point
pm10_mass, ug/m3, Matrix=pm10
pm25_mass, ug/m3, Matrix=pm25
numflag, no unit
0
33
Data definition:              EBAS_1.1
Set type code:                TU
Timezone:                     UTC
File name:                    US9030R.20110103090000.20191216000000.filterpack...1y.3d.US03L_filterpack_US9030.US03L_IMPROVE_Davis.lev2.nas
File creation:                20191218120713
Startdate:                    20110103090000
Revision date:                20191216000000
Version:                      2
Version description:          "Data extracted from http://views.cira.colostate.edu/fed/DataWizard 2019-12-16"
Statistics:                   arithmetic mean
Data level:                   2
Period code:                  1y
Resolution code:              3d
Sample duration:              1d
Orig. time res.:              3d
Station code:                 US9030R
Platform code:                US9030S
Station name:                 Simeonof
Station latitude:             55.3255
Station longitude:            -160.5063
Station altitude:             57.0 m
Regime:                       IMG
Component:                    
Unit:                         ug/m3
Matrix:                       
Laboratory code:              US03L
Instrument type:              filterpack
Instrument name:              filterpack_US9030
Method ref:                   US03L_IMPROVE_Davis
Blank correction:             Blank corrected
Volume std. temperature:      ambient
Volume std. pressure:         ambient
starttime endtime PM10 PM2.5 flag
  2.375   3.375   1.746   0.586 0.000
  5.375   6.375 999.999 999.999 0.999
  8.375   9.375   5.939   2.375 0.000
 11.375  12.375 999.999 999.999 0.999
 14.375  15.375   4.109   1.915 0.000
 17.375  18.375   3.850   1.688 0.000
 20.375  21.375   2.663   1.437 0.000
 23.375  24.375   9.583   4.786 0.000
 26.375  27.375  17.540   8.236 0.000
 29.375  30.375   4.928   2.288 0.000
 32.375  33.375 999.999 999.999 0.999
 35.375  36.375   4.902   2.262 0.000
 38.375  39.375   3.591   1.954 0.000
 41.375  42.375   8.581   3.474 0.000
 44.375  45.375   8.556   3.706 0.000
 47.375  48.375  28.707  11.576 0.000
 50.375  51.375  16.847   8.070 0.000
 53.375  54.375 999.999 999.999 0.999
 56.375  57.375  13.709   4.583 0.000
 59.375  60.375  21.194  12.415 0.000
 62.375  63.375  18.996   5.043 0.000
 65.375  66.375   4.801   2.007 0.000
 68.375  69.375   8.648   3.380 0.000
 71.375  72.375   5.048   2.971 0.000
 74.375  75.375   5.326   2.207 0.000
 77.375  78.375   7.404   3.669 0.000
 80.375  81.375  11.264   5.844 0.000
 83.375  84.375   6.013   3.505 0.000
 86.375  87.375   7.510   3.214 0.000
 89.375  90.375   7.409   2.428 0.000
 92.375  93.375   5.082   2.113 0.000
 95.375  96.375  17.677   8.460 0.000
 98.375  99.375   9.943   5.027 0.000
101.375 102.375  10.077   3.978 0.000
104.375 105.375   8.144   3.284 0.000
107.375 108.375   6.207   2.964 0.000
110.375 111.375   5.814   2.388 0.000
113.375 114.375   3.968   1.600 0.000
116.375 117.375 999.999 999.999 0.999
119.375 120.375   7.832   3.396 0.000
122.375 123.375   7.907   3.118 0.000
125.375 126.375   6.205   2.704 0.000
128.375 129.375   6.781   3.246 0.000
131.375 132.375  10.848   5.001 0.000
134.375 135.375   5.968   3.127 0.000
137.375 138.375 999.999 999.999 0.999
140.375 141.375   9.881   5.276 0.000
143.375 144.375   4.257   3.107 0.000
146.375 147.375   5.017   3.358 0.000
149.375 150.375   3.637   2.819 0.000
152.375 153.375 999.999 999.999 0.999
155.375 156.375 999.999 999.999 0.999
158.375 159.375   7.224   5.225 0.000
161.375 162.375   1.785   1.137 0.000
164.375 165.375   8.353   3.882 0.000
167.375 168.375   3.036   1.378 0.000
170.375 171.375   4.808   2.630 0.000
173.375 174.375   3.649   1.248 0.000
176.375 177.375   3.626   1.484 0.000
179.375 180.375 999.999 999.999 0.999
182.375 183.375   2.695   1.605 0.000
185.375 186.375   5.956   2.886 0.000
188.375 189.375   5.555   3.020 0.000
191.375 192.375   3.826   1.908 0.000
194.375 195.375   9.036   2.376 0.000
197.375 198.375   4.386   2.533 0.000
200.375 201.375 999.999 999.999 0.999
203.375 204.375   5.921   2.758 0.000
206.375 207.375   3.754   2.312 0.000
209.375 210.375   2.615   1.362 0.000
212.375 213.375   3.782   2.152 0.000
215.375 216.375   6.337   3.093 0.000
218.375 219.375   5.495   2.154 0.000
221.375 222.375 999.999 999.999 0.999
224.375 225.375 999.999 999.999 0.999
227.375 228.375  13.706   3.240 0.000
230.375 231.375   7.773   5.017 0.000
233.375 234.375   5.617   2.540 0.000
236.375 237.375 999.999 999.999 0.999
239.375 240.375   3.966   2.051 0.000
242.375 243.375 999.999 999.999 0.999
245.375 246.375   4.915   2.088 0.000
248.375 249.375  15.965   4.896 0.000
251.375 252.375   5.338   2.195 0.000
254.375 255.375   2.756   1.336 0.000
257.375 258.375   7.038   3.142 0.000
260.375 261.375   7.277   3.150 0.000
263.375 264.375 999.999 999.999 0.999
266.375 267.375   2.567   0.953 0.000
269.375 270.375   3.726   1.622 0.000
272.375 273.375   6.330   2.502 0.000
275.375 276.375   7.879   4.187 0.000
278.375 279.375   5.053   1.894 0.000
281.375 282.375   4.683   1.869 0.000
284.375 285.375 999.999 999.999 0.999
287.375 288.375   4.366   1.800 0.000
290.375 291.375   3.118   1.739 0.000
293.375 294.375   4.655   1.890 0.000
296.375 297.375  13.620   5.744 0.000
299.375 300.375   7.076   2.173 0.000
302.375 303.375  12.367   4.775 0.000
305.375 306.375 999.999 999.999 0.999
308.375 309.375  11.763   5.280 0.000
311.375 312.375   5.256   1.821 0.000
314.375 315.375   7.656   2.860 0.000
317.375 318.375   6.157   2.445 0.000
320.375 321.375   5.019   1.545 0.000
323.375 324.375   9.000   4.028 0.000
326.375 327.375 999.999 999.999 0.999
329.375 330.375   4.185   2.037 0.000
332.375 333.375  16.898   6.974 0.000
335.375 336.375   7.287   3.575 0.000
338.375 339.375   8.584   2.454 0.000
341.375 342.375 999.999 999.999 0.999
344.375 345.375   7.678   2.625 0.000
347.375 348.375 999.999 999.999 0.999
350.375 351.375  17.474   7.539 0.000
353.375 354.375  12.136   4.284 0.000
356.375 357.375   5.764   1.178 0.000
359.375 360.375   5.162   0.903 0.000
362.375 363.375  11.513   1.052 0.000
