scripts/IMPROVE-2019_partial/data/US9002R.20060102070000.20191216000000.filterpack..pm25.52w.1w.US03L_filterpack_US9002.US03L_IMPROVE_Davis.lev2.nas
64 1001
MISSING INFORMATION
US03L, IMPROVE, , , , , , , 
MISSING INFORMATION
IMPROVE sel_HTAP
1 1
2006 01 01 2019 12 16
3.000000
days from file reference point
25
1 1 1 1 1 1 1 1 1 1 1 1 1 1 1 1 1 1 1 1 1 1 1 1 1
999.999999 9999.99 9.999 99.99 9.999 9.999 9.999 9.99 9.999999 9.999 9.999 99.999 9.999 99.999 9.999 999.999 9.999 999.999 9.999 99.999 9.999 9.999 9.999999 9.999 9.999
end_time of measurement, days from the file reference point
iron, ng/m3, Revision date=20181210133000
numflag iron, no unit, Revision date=20181210133000
lead, ng/m3, Revision date=20181210133000
numflag lead, no unit, Revision date=20181210133000
magnesium, ug/m3, Revision date=20181210133000
numflag magnesium, no unit, Revision date=20181210133000
nickel, ng/m3, Revision date=20181210133000
numflag nickel, no unit, Revision date=20181210133000
nitrate, ug N/m3, Revision date=20181210133000
numflag nitrate, no unit, Revision date=20181210133000
organic_carbon, ug C/m3, Revision date=20181210133000
numflag organic_carbon, no unit, Revision date=20181210133000
organic_mass, ug/m3, Revision date=20181210133000
numflag organic_mass, no unit, Revision date=20181210133000
pm10_mass, ug/m3, Version=2, Version description=Data extracted from http://views.cira.colostate.edu/fed/DataWizard 2019-12-16, Sample duration=1d, Orig. time res.=3d, Matrix=pm10, Blank correction=Blank corrected, Volume std. temperature=ambient, Volume std. pressure=ambient
numflag pm10_mass, no unit, Version=2, Version description=Data extracted from http://views.cira.colostate.edu/fed/DataWizard 2019-12-16, Sample duration=1d, Orig. time res.=3d, Matrix=pm10, Blank correction=Blank corrected, Volume std. temperature=ambient, Volume std. pressure=ambient
pm10_pm25_mass, ug/m3, Revision date=20181210133000, Matrix=pm10_pm25
numflag pm10_pm25_mass, no unit, Revision date=20181210133000, Matrix=pm10_pm25
pm25_mass, ug/m3, Version=2, Version description=Data extracted from http://views.cira.colostate.edu/fed/DataWizard 2019-12-16, Sample duration=1d, Orig. time res.=3d, Blank correction=Blank corrected, Volume std. temperature=ambient, Volume std. pressure=ambient
numflag pm25_mass, no unit, Version=2, Version description=Data extracted from http://views.cira.colostate.edu/fed/DataWizard 2019-12-16, Sample duration=1d, Orig. time res.=3d, Blank correction=Blank corrected, Volume std. temperature=ambient, Volume std. pressure=ambient
potassium, ug/m3, Revision date=20181210133000
numflag potassium, no unit, Revision date=20181210133000
sulphate_total, ug S/m3, Revision date=20181210133000
numflag sulphate_total, no unit, Revision date=20181210133000
0
25
Data definition:              EBAS_1.1
Set type code:                TU
Timezone:                     UTC
File name:                    US9002R.20060102070000.20191216000000.filterpack..pm25.52w.1w.US03L_filterpack_US9002.US03L_IMPROVE_Davis.lev2.nas
File creation:                20191218120522
Startdate:                    20060102070000
Revision date:                20191216000000
Statistics:                   arithmetic mean
Data level:                   2
Period code:                  52w
Resolution code:              1w
Station code:                 US9002R
Platform code:                US9002S
Station name:                 Mount Zirkel Wilderness
Station latitude:             40.5383
Station longitude:            -106.6766
Station altitude:             3243.0 m
Regime:                       IMG
Component:                    
Matrix:                       pm25
Laboratory code:              US03L
Instrument type:              filterpack
Instrument name:              filterpack_US9002
Method ref:                   US03L_IMPROVE_Davis
starttime endtime Fe flag_Fe Pb flag_Pb Mg++ flag_Mg++ Ni flag_Ni NO3- flag_NO3- OC flag_OC OM flag_OM PM10 flag_PM10 PM10-PM2.5 flag_PM10-PM2.5 PM2.5 flag_PM2.5 K+ flag_K+ SO4-- flag_SO4--
[from data line 89]
268.291667 269.291667   10.19 0.000  0.37 0.000 0.009 0.000 9.99 0.259000 0.012 0.000  0.308 0.000  0.554 0.000   3.504 0.000   1.811 0.000  1.693 0.000 0.006 0.000000 0.098 0.000
271.291667 272.291667   24.48 0.000  0.63 0.000 0.011 0.000 9.99 0.259000 0.028 0.000  0.793 0.000  1.427 0.000   5.371 0.000   2.605 0.000  2.766 0.000 0.027 0.000000 0.076 0.000
274.291667 275.291667   21.72 0.000  0.56 0.000 0.006 0.000 9.99 0.259000 0.014 0.000  0.526 0.000  0.947 0.000   2.707 0.000   0.190 0.000  2.517 0.000 0.020 0.000000 0.134 0.000
277.291667 278.291667    8.32 0.000  0.28 0.000 9.999 0.259 9.99 0.259000 0.008 0.000  0.354 0.000  0.638 0.000   2.945 0.000   1.087 0.000  1.858 0.000 0.010 0.000000 0.172 0.000
280.291667 281.291667   10.89 0.000  0.34 0.000 9.999 0.259 9.99 0.259000 0.027 0.000  0.402 0.000  0.724 0.000   2.965 0.000   1.000 0.000  1.964 0.000 0.009 0.000000 0.218 0.000
283.291667 284.291667    3.03 0.000  0.44 0.000 9.999 0.259 9.99 0.259000 0.053 0.000  0.127 0.000  0.228 0.000   1.198 0.000   0.300 0.000  0.898 0.000 0.003 0.000000 0.078 0.000
286.291667 287.291667    6.75 0.000  0.24 0.000 9.999 0.259 0.10 0.000000 0.008 0.000  0.247 0.000  0.444 0.000   1.638 0.000   0.464 0.000  1.174 0.000 0.005 0.000000 0.075 0.000
289.291667 290.291667 9999.99 0.456 99.99 0.456 9.999 0.456 9.99 0.456000 0.007 0.000  0.081 0.000  0.146 0.000   0.712 0.000 999.999 0.456 99.999 0.456 9.999 0.456000 0.069 0.000
292.291667 293.291667    0.41 0.394  0.14 0.394 0.009 0.394 9.99 0.394259 0.015 0.394  0.021 0.394  0.039 0.394   0.267 0.000   0.080 0.394  0.223 0.000 9.999 0.394259 0.033 0.394
295.291667 296.291667    9.57 0.000  0.55 0.000 9.999 0.259 9.99 0.259000 0.013 0.000  0.315 0.000  0.567 0.000   2.044 0.000   0.722 0.000  1.322 0.000 0.009 0.000000 0.088 0.000
298.291667 299.291667    0.72 0.000  0.29 0.000 9.999 0.259 9.99 0.259000 0.006 0.000  0.092 0.000  0.165 0.000   1.300 0.000   0.431 0.000  0.869 0.000 0.003 0.000000 0.095 0.000
301.291667 302.291667    3.99 0.000  0.39 0.000 9.999 0.259 9.99 0.259000 0.004 0.000  0.221 0.000  0.398 0.000   1.509 0.000   0.307 0.000  1.202 0.000 0.004 0.000000 0.080 0.000
304.291667 305.291667    8.50 0.000  0.23 0.000 9.999 0.259 9.99 0.259000 0.020 0.000  0.134 0.000  0.240 0.000   2.385 0.000   1.324 0.000  1.061 0.000 0.007 0.000000 0.070 0.000
307.291667 308.291667   10.13 0.000  0.82 0.000 9.999 0.259 9.99 0.259000 0.052 0.000  0.328 0.000  0.590 0.000   2.508 0.000   0.864 0.000  1.643 0.000 0.010 0.000000 0.132 0.000
310.291667 311.291667    5.19 0.000  0.16 0.000 9.999 0.259 9.99 0.259000 0.024 0.000  0.211 0.000  0.380 0.000   1.422 0.000   0.750 0.000  0.673 0.000 0.003 0.000000 0.024 0.000
313.291667 314.291667    2.66 0.000  0.16 0.000 9.999 0.259 9.99 0.259000 0.038 0.000  0.205 0.000  0.369 0.000   1.680 0.000   0.559 0.000  1.121 0.000 0.005 0.000000 0.073 0.000
316.291667 317.291667    2.38 0.000  0.32 0.000 9.999 0.259 9.99 0.259000 0.005 0.000  0.034 0.000  0.062 0.000   2.031 0.000   1.093 0.000  0.939 0.000 0.003 0.000000 0.102 0.000
319.291667 320.291667   16.19 0.000  2.26 0.000 0.008 0.000 9.99 0.259000 0.008 0.000  0.259 0.000  0.467 0.000   3.594 0.000   1.366 0.000  2.228 0.000 0.031 0.000000 0.315 0.000
322.291667 323.291667    3.72 0.000  0.57 0.000 9.999 0.259 9.99 0.259000 0.005 0.000  0.209 0.000  0.376 0.000   1.426 0.000   0.631 0.000  0.795 0.000 0.004 0.000000 0.094 0.000
325.291667 326.291667   25.58 0.000  1.02 0.000 9.999 0.259 0.11 0.000000 0.013 0.000  0.432 0.000  0.778 0.000   5.470 0.000   3.352 0.000  2.118 0.000 0.024 0.000000 0.149 0.000
328.291667 329.291667   11.60 0.000  0.68 0.000 9.999 0.259 9.99 0.259000 0.020 0.000  0.264 0.000  0.475 0.000   3.804 0.000   1.880 0.000  1.924 0.000 0.010 0.000000 0.280 0.000
331.291667 332.291667    2.17 0.000  0.18 0.000 9.999 0.259 9.99 0.259000 0.004 0.000  0.166 0.000  0.299 0.000   0.640 0.000   0.321 0.000  0.319 0.000 0.003 0.000000 0.029 0.000
334.291667 335.291667    2.76 0.000  0.34 0.000 9.999 0.259 0.14 0.000000 0.014 0.000  0.125 0.000  0.225 0.000   0.909 0.000 999.999 0.259  0.973 0.000 0.004 0.000000 0.109 0.000
337.291667 338.291667    6.83 0.000  0.18 0.000 9.999 0.259 9.99 0.259000 0.008 0.000  0.128 0.000  0.231 0.000   1.036 0.000   0.420 0.000  0.615 0.000 0.006 0.000000 0.059 0.000
340.291667 341.291667    3.71 0.000  0.14 0.000 9.999 0.259 9.99 0.259000 0.019 0.000  0.202 0.000  0.364 0.000   1.572 0.000   1.049 0.000  0.523 0.000 0.003 0.000000 0.039 0.000
343.291667 344.291667   17.04 0.000  0.24 0.000 9.999 0.259 0.14 0.000000 0.040 0.000  0.594 0.000  1.068 0.000   3.728 0.000   1.924 0.000  1.803 0.000 0.017 0.000000 0.135 0.000
346.291667 347.291667    1.26 0.000  0.19 0.000 9.999 0.259 9.99 0.259000 0.005 0.000  0.133 0.000  0.240 0.000   0.404 0.000 999.999 0.259  0.308 0.000 9.999 0.259000 0.035 0.000
349.291667 350.291667    8.72 0.000  0.34 0.000 9.999 0.259 0.24 0.000000 0.024 0.000  0.220 0.000  0.397 0.000   0.583 0.000 999.999 0.259  0.593 0.000 0.009 0.000000 0.070 0.000
352.291667 353.291667   12.53 0.000  0.21 0.000 9.999 0.259 9.99 0.259000 0.010 0.000  0.318 0.000  0.572 0.000   2.783 0.000   0.528 0.000  2.255 0.000 0.012 0.000000 0.405 0.000
355.291667 356.291667    2.70 0.000  0.58 0.000 0.008 0.000 9.99 0.259000 0.003 0.000  0.165 0.000  0.297 0.000   0.769 0.000   0.365 0.000  0.404 0.000 0.003 0.000000 0.044 0.000
358.291667 359.291667    2.18 0.000  0.55 0.000 9.999 0.259 9.99 0.259000 0.011 0.000  0.072 0.000  0.129 0.000   1.130 0.000   0.636 0.000  0.493 0.000 0.002 0.000000 0.064 0.000
361.291667 362.291667    4.00 0.000  0.35 0.000 9.999 0.259 9.99 0.259000 0.014 0.000  0.235 0.000  0.424 0.000   2.889 0.000   1.164 0.000  1.724 0.000 0.006 0.000000 0.296 0.000
364.291667 365.291667    2.45 0.000  0.52 0.000 9.999 0.259 0.10 0.000000 0.002 0.000  0.254 0.000  0.457 0.000   0.733 0.000   0.074 0.000  0.658 0.000 0.004 0.000000 0.067 0.000
