scripts/IMPROVE-2019_partial/data/US9010R.20010101050000.20191216000000.filterpack..pm25.52w.1w.US03L_filterpack_US9010.US03L_IMPROVE_Davis.lev2.nas
64 1001
MISSING INFORMATION
US03L, IMPROVE, , , , , , , 
MISSING INFORMATION
IMPROVE sel_HTAP
1 1
2001 01 01 2019 12 16
3.000000
days from file reference point
25
1 1 1 1 1 1 1 1 1 1 1 1 1 1 1 1 1 1 1 1 1 1 1 1 1
999.999999 9999.99 9.999 99.99 9.999 9.999 9.999999 99.99 9.999 9.999 9.999 99.999 9.999 99.999 9.999 999.999 9.999 99.999 9.999 999.999 9.999 9.999 9.999 99.999 9.999
end_time of measurement, days from the file reference point
iron, ng/m3, Revision date=20181210133000
numflag iron, no unit, Revision date=20181210133000
lead, ng/m3, Revision date=20181210133000
numflag lead, no unit, Revision date=20181210133000
magnesium, ug/m3, Revision date=20181210133000
numflag magnesium, no unit, Revision date=20181210133000
nickel, ng/m3, Revision date=20181210133000
numflag nickel, no unit, Revision date=20181210133000
nitrate, ug N/m3, Revision date=20181210133000
numflag nitrate, no unit, Revision date=20181210133000
organic_carbon, ug C/m3, Revision date=20181210133000
numflag organic_carbon, no unit, Revision date=20181210133000
organic_mass, ug/m3, Revision date=20181210133000
numflag organic_mass, no unit, Revision date=20181210133000
pm10_mass, ug/m3, Version=2, Version description=Data extracted from http://views.cira.colostate.edu/fed/DataWizard 2019-12-16, Sample duration=1d, Orig. time res.=3d, Matrix=pm10, Blank correction=Blank corrected, Volume std. temperature=ambient, Volume std. pressure=ambient
numflag pm10_mass, no unit, Version=2, Version description=Data extracted from http://views.cira.colostate.edu/fed/DataWizard 2019-12-16, Sample duration=1d, Orig. time res.=3d, Matrix=pm10, Blank correction=Blank corrected, Volume std. temperature=ambient, Volume std. pressure=ambient
pm10_pm25_mass, ug/m3, Revision date=20181210133000, Matrix=pm10_pm25
numflag pm10_pm25_mass, no unit, Revision date=20181210133000, Matrix=pm10_pm25
pm25_mass, ug/m3, Version=2, Version description=Data extracted from http://views.cira.colostate.edu/fed/DataWizard 2019-12-16, Sample duration=1d, Orig. time res.=3d, Blank correction=Blank corrected, Volume std. temperature=ambient, Volume std. pressure=ambient
numflag pm25_mass, no unit, Version=2, Version description=Data extracted from http://views.cira.colostate.edu/fed/DataWizard 2019-12-16, Sample duration=1d, Orig. time res.=3d, Blank correction=Blank corrected, Volume std. temperature=ambient, Volume std. pressure=ambient
potassium, ug/m3, Revision date=20181210133000
numflag potassium, no unit, Revision date=20181210133000
sulphate_total, ug S/m3, Revision date=20181210133000
numflag sulphate_total, no unit, Revision date=20181210133000
0
25
Data definition:              EBAS_1.1
Set type code:                TU
Timezone:                     UTC
File name:                    US9010R.20010101050000.20191216000000.filterpack..pm25.52w.1w.US03L_filterpack_US9010.US03L_IMPROVE_Davis.lev2.nas
File creation:                20191218120546
Startdate:                    20010101050000
Revision date:                20191216000000
Statistics:                   arithmetic mean
Data level:                   2
Period code:                  52w
Resolution code:              1w
Station code:                 US9010R
Platform code:                US9010S
Station name:                 Moosehorn NWR
Station latitude:             45.1259
Station longitude:            -67.2661
Station altitude:             77.0 m
Regime:                       IMG
Component:                    
Matrix:                       pm25
Laboratory code:              US03L
Instrument type:              filterpack
Instrument name:              filterpack_US9010
Method ref:                   US03L_IMPROVE_Davis
starttime endtime Fe flag_Fe Pb flag_Pb Mg++ flag_Mg++ Ni flag_Ni NO3- flag_NO3- OC flag_OC OM flag_OM PM10 flag_PM10 PM10-PM2.5 flag_PM10-PM2.5 PM2.5 flag_PM2.5 K+ flag_K+ SO4-- flag_SO4--
[from data line 90]
270.208333 271.208333    3.66 0.000  0.43 0.000 9.999 0.259000  0.25 0.000 0.023 0.000  0.782 0.000  1.094 0.000   5.622 0.000  3.287 0.000   2.335 0.000 0.020 0.000  0.159 0.000
273.208333 274.208333    4.72 0.000  1.19 0.000 9.999 0.259000  0.14 0.000 0.033 0.000  1.237 0.000  1.732 0.000   4.175 0.000  0.905 0.000   3.270 0.000 0.106 0.000  0.249 0.000
276.208333 277.208333   72.10 0.000  4.94 0.000 9.999 0.259000  1.51 0.000 0.221 0.000  3.677 0.000  5.148 0.000  32.003 0.000  4.875 0.000  27.128 0.000 0.076 0.000  4.351 0.000
279.208333 280.208333    2.19 0.000  0.58 0.000 9.999 0.259000 99.99 0.259 0.020 0.000  0.314 0.000  0.440 0.000   4.251 0.000  1.018 0.000   3.233 0.000 0.119 0.000  0.236 0.000
282.208333 283.208333   20.74 0.000  1.53 0.000 9.999 0.259000  0.55 0.000 0.069 0.000  1.316 0.000  1.842 0.000   8.060 0.000  3.853 0.000   4.208 0.000 0.031 0.000  0.412 0.000
285.208333 286.208333   16.51 0.000  1.15 0.000 9.999 0.259000  0.55 0.000 0.064 0.000  1.379 0.000  1.930 0.000   9.755 0.000  3.708 0.000   6.048 0.000 0.040 0.000  0.636 0.000
288.208333 289.208333   12.63 0.000  1.18 0.000 9.999 0.259000  0.33 0.000 0.097 0.000  0.931 0.000  1.304 0.000   8.354 0.000  3.606 0.000   4.748 0.000 0.051 0.000  0.569 0.000
291.208333 292.208333    9.25 0.000  0.89 0.000 9.999 0.259000  0.20 0.000 0.123 0.000  0.666 0.000  0.933 0.000   5.622 0.000  2.578 0.000   3.044 0.000 0.025 0.000  0.273 0.000
294.208333 295.208333   20.03 0.000  1.28 0.000 9.999 0.259000 99.99 0.259 0.137 0.000  1.369 0.000  1.917 0.000   9.177 0.000  2.203 0.000   6.974 0.000 0.106 0.000  0.927 0.000
297.208333 298.208333 9999.99 0.456 99.99 0.456 9.999 0.456000 99.99 0.456 0.010 0.000  0.653 0.000  0.915 0.000   3.844 0.000 99.999 0.999 999.999 0.456 9.999 0.456  0.441 0.000
300.208333 301.208333    3.78 0.000  4.40 0.000 9.999 0.259000  0.07 0.000 0.019 0.000  0.492 0.000  0.689 0.000   2.578 0.000  0.687 0.000   1.891 0.000 0.110 0.000  0.107 0.000
303.208333 304.208333   15.48 0.000  0.43 0.000 9.999 0.259000  0.61 0.000 0.041 0.000  0.690 0.000  0.966 0.000   3.681 0.000  1.132 0.000   2.549 0.000 0.311 0.000  0.192 0.000
306.208333 307.208333   13.63 0.000  0.77 0.000 9.999 0.259000  0.68 0.000 0.196 0.000  1.552 0.000  2.173 0.000  11.519 0.000  4.255 0.000   7.264 0.000 0.056 0.000  0.716 0.000
309.208333 310.208333    3.32 0.000  0.72 0.000 9.999 0.259000 99.99 0.259 0.010 0.000  0.486 0.000  0.680 0.000   2.353 0.000  0.824 0.000   1.530 0.000 0.022 0.000  0.136 0.000
312.208333 313.208333    3.89 0.000  0.50 0.000 0.013 0.000000  0.28 0.000 0.040 0.000  0.435 0.000  0.609 0.000   4.824 0.000  1.975 0.000   2.849 0.000 0.134 0.000  0.260 0.000
315.208333 316.208333    2.74 0.000  0.78 0.000 9.999 0.259000  0.52 0.000 0.021 0.000  0.274 0.000  0.383 0.000   3.891 0.000  0.654 0.000   3.237 0.000 0.184 0.000  0.235 0.000
318.208333 319.208333   34.59 0.000  4.01 0.000 9.999 0.259000  1.12 0.000 0.246 0.000  3.582 0.000  5.015 0.000  17.590 0.000  3.463 0.000  14.126 0.000 0.088 0.000  1.589 0.000
321.208333 322.208333   11.03 0.000  1.34 0.000 9.999 0.259000  0.97 0.000 0.150 0.559  0.992 0.000  1.389 0.000   7.028 0.000  3.290 0.000   3.737 0.000 0.037 0.000  0.198 0.559
324.208333 325.208333    5.34 0.000  0.78 0.000 9.999 0.259000  0.82 0.000 0.022 0.559  0.412 0.000  0.577 0.000   4.560 0.000  0.357 0.000   4.202 0.000 0.214 0.000  0.244 0.559
327.208333 328.208333    6.24 0.000  1.01 0.000 9.999 0.259000  0.33 0.000 0.107 0.000  0.699 0.000  0.979 0.000   8.774 0.000  3.969 0.000   4.805 0.000 0.030 0.000  0.654 0.000
330.208333 331.208333    7.04 0.000  0.87 0.000 0.042 0.000000  0.24 0.000 0.043 0.000 99.999 0.999 99.999 0.999   3.908 0.000  1.131 0.000   2.777 0.000 0.019 0.000  0.281 0.000
333.208333 334.208333    2.55 0.000  0.40 0.000 0.020 0.000000 99.99 0.259 0.018 0.000 99.999 0.999 99.999 0.999   3.576 0.000  0.810 0.000   2.766 0.000 0.015 0.000  0.310 0.000
336.208333 337.208333   11.63 0.000  1.27 0.000 9.999 0.259000  0.26 0.000 0.083 0.000 99.999 0.999 99.999 0.999   6.237 0.000  1.598 0.000   4.639 0.000 0.030 0.000  0.607 0.000
339.208333 340.208333   43.16 0.000  3.78 0.000 0.058 0.000000  1.52 0.000 0.202 0.000  1.888 0.000  2.643 0.000  12.142 0.000  3.052 0.000   9.090 0.000 0.055 0.000  1.062 0.000
342.208333 343.208333    6.68 0.000  0.83 0.000 9.999 0.259000 99.99 0.259 0.042 0.000  1.036 0.000  1.450 0.000   3.974 0.000  1.363 0.000   2.612 0.000 0.041 0.000  0.186 0.000
345.208333 346.208333   11.44 0.000  1.17 0.000 9.999 0.259000  0.18 0.000 0.030 0.000  1.036 0.000  1.450 0.000   5.857 0.000  2.985 0.000   2.872 0.000 0.024 0.000  0.258 0.000
348.208333 349.208333    2.91 0.000  0.58 0.000 9.999 0.259000  0.20 0.000 0.025 0.000  0.457 0.000  0.639 0.000   1.841 0.000  0.446 0.000   1.395 0.000 0.018 0.000  0.177 0.000
351.208333 352.208333    4.25 0.000  0.55 0.000 0.074 0.000000  0.64 0.000 0.033 0.000  0.631 0.000  0.884 0.000   2.790 0.000  0.340 0.000   2.450 0.000 0.047 0.000  0.255 0.000
354.208333 355.208333    3.69 0.000  0.71 0.000 9.999 0.259000  0.13 0.000 0.019 0.000  0.567 0.000  0.794 0.000   2.468 0.000  0.740 0.000   1.729 0.000 0.016 0.000  0.200 0.000
357.208333 358.208333    5.84 0.000  1.17 0.000 9.999 0.259000  0.73 0.000 0.068 0.000  0.772 0.000  1.081 0.000   3.493 0.000  0.686 0.000   2.807 0.000 0.053 0.000  0.176 0.000
360.208333 361.208333    5.22 0.000  1.26 0.000 9.999 0.259000  0.22 0.000 0.061 0.000  0.903 0.000  1.264 0.000   4.016 0.000  0.108 0.000   3.908 0.000 0.032 0.000  0.465 0.000
363.208333 364.208333    6.90 0.000  1.20 0.000 9.999 0.259000  0.40 0.000 0.049 0.000  0.736 0.000  1.030 0.000   3.746 0.000  0.603 0.000   3.143 0.000 0.019 0.000  0.351 0.000
