scripts/IMPROVE-2019_partial/data/US9036R.20110103070000.20191216000000.filterpack...1y.3d.US03L_filterpack_US9036.US03L_IMPROVE_Davis.lev2.nas
51 1001
MISSING INFORMATION
US03L, IMPROVE, , , , , , , 
MISSING INFORMATION
IMPROVE sel_HTAP
1 1
2011 01 01 2019 12 16
3.000000
days from file reference point
4
1 1 1 1
999.999999 999.999 999.999 9.999
end_time of measurement, days from the file reference point
pm10_mass, ug/m3, Matrix=pm10
pm25_mass, ug/m3, Matrix=pm25
numflag, no unit
0
33
Data definition:              EBAS_1.1
Set type code:                TU
Timezone:                     UTC
File name:                    US9036R.20110103070000.20191216000000.filterpack...1y.3d.US03L_filterpack_US9036.US03L_IMPROVE_Davis.lev2.nas
File creation:                20191218120746
Startdate:                    20110103070000
Revision date:                20191216000000
Version:                      2
Version description:          "Data extracted from http://views.cira.colostate.edu/fed/DataWizard 2019-12-16"
Statistics:                   arithmetic mean
Data level:                   2
Period code:                  1y
Resolution code:              3d
Sample duration:              1d
Orig. time res.:              3d
Station code:                 US9036R
Platform code:                US9036S
Station name:                 Tonto NM
Station latitude:             33.6548
Station longitude:            -111.1068
Station altitude:             775.0 m
Regime:                       IMG
Component:                    
Unit:                         ug/m3
Matrix:                       
Laboratory code:              US03L
Instrument type:              filterpack
Instrument name:              filterpack_US9036
Method ref:                   US03L_IMPROVE_Davis
Blank correction:             Blank corrected
Volume std. temperature:      ambient
Volume std. pressure:         ambient
starttime endtime PM10 PM2.5 flag
  2.291667   3.291667   2.813   1.741 0.000
  5.291667   6.291667 999.999 999.999 0.999
  8.291667   9.291667 999.999 999.999 0.999
 11.291667  12.291667   5.151   2.763 0.000
 14.291667  15.291667   2.453   1.029 0.000
 17.291667  18.291667 999.999 999.999 0.999
 20.291667  21.291667   1.977   1.620 0.000
 23.291667  24.291667   1.686   1.011 0.000
 26.291667  27.291667   2.911   1.885 0.000
 29.291667  30.291667   7.326   2.651 0.000
 32.291667  33.291667   4.696   1.982 0.000
 35.291667  36.291667   7.200   2.967 0.000
 38.291667  39.291667  20.506   6.237 0.000
 41.291667  42.291667   1.856   2.057 0.000
 44.291667  45.291667   6.163   2.857 0.000
 47.291667  48.291667  12.346   3.982 0.000
 50.291667  51.291667   2.141   0.863 0.000
 53.291667  54.291667  12.887   2.359 0.000
 56.291667  57.291667  13.924   3.360 0.000
 59.291667  60.291667   3.800   1.365 0.000
 62.291667  63.291667   5.257   2.377 0.000
 65.291667  66.291667  23.726   3.711 0.000
 68.291667  69.291667  10.464   3.454 0.000
 71.291667  72.291667   8.209   3.660 0.000
 74.291667  75.291667   9.084   3.576 0.000
 77.291667  78.291667  30.153  12.539 0.000
 80.291667  81.291667   3.577   1.493 0.000
 83.291667  84.291667  15.244   7.221 0.000
 86.291667  87.291667  11.608   3.839 0.000
 89.291667  90.291667   5.637   2.106 0.000
 92.291667  93.291667  13.020   3.875 0.000
 95.291667  96.291667   9.367   3.118 0.000
 98.291667  99.291667   2.130   1.045 0.000
101.291667 102.291667   5.494   2.273 0.000
104.291667 105.291667  28.203  14.339 0.000
107.291667 108.291667  16.264   6.821 0.000
110.291667 111.291667  13.061   4.949 0.000
113.291667 114.291667  19.850   5.149 0.000
116.291667 117.291667   7.884   2.893 0.000
119.291667 120.291667  16.618   4.374 0.000
122.291667 123.291667  12.852   3.096 0.000
125.291667 126.291667  15.751   6.108 0.000
128.291667 129.291667  21.509   6.104 0.000
131.291667 132.291667  10.478   3.214 0.000
134.291667 135.291667  12.325   4.326 0.000
137.291667 138.291667  17.536   4.842 0.000
140.291667 141.291667   7.698   3.307 0.000
143.291667 144.291667  24.698   8.413 0.000
146.291667 147.291667  12.927   4.450 0.000
149.291667 150.291667  17.119   5.472 0.000
152.291667 153.291667  23.732   6.378 0.000
155.291667 156.291667  10.129   4.551 0.000
158.291667 159.291667   9.274   3.556 0.000
161.291667 162.291667  12.566   5.555 0.000
164.291667 165.291667   8.637   3.500 0.000
167.291667 168.291667  16.140   5.680 0.000
170.291667 171.291667   9.101   3.158 0.000
173.291667 174.291667  15.882   6.419 0.000
176.291667 177.291667  12.383   5.827 0.000
179.291667 180.291667  36.661  10.469 0.000
182.291667 183.291667  13.614   5.844 0.000
185.291667 186.291667  34.330   8.190 0.000
188.291667 189.291667  61.474  12.485 0.000
191.291667 192.291667  10.555   4.389 0.000
194.291667 195.291667  11.366   3.667 0.000
197.291667 198.291667   9.749   7.329 0.000
200.291667 201.291667  19.938   8.387 0.000
203.291667 204.291667  20.873   6.257 0.000
206.291667 207.291667   8.355   3.750 0.000
209.291667 210.291667   6.512   3.736 0.000
212.291667 213.291667   5.979   3.356 0.000
215.291667 216.291667  10.334   4.450 0.000
218.291667 219.291667  24.055   6.835 0.000
221.291667 222.291667  21.124   6.504 0.000
224.291667 225.291667  12.114   5.403 0.000
227.291667 228.291667   8.745   3.944 0.000
230.291667 231.291667  33.490   7.268 0.000
233.291667 234.291667   8.357   4.033 0.000
236.291667 237.291667   8.269   4.210 0.000
239.291667 240.291667  22.914   7.602 0.000
242.291667 243.291667  17.450   8.682 0.000
245.291667 246.291667  18.582   6.464 0.000
248.291667 249.291667   9.276   5.586 0.000
251.291667 252.291667   6.122   3.835 0.000
254.291667 255.291667   6.338   3.607 0.000
257.291667 258.291667   7.029   3.989 0.000
260.291667 261.291667   7.673   4.592 0.000
263.291667 264.291667  24.222   6.087 0.000
266.291667 267.291667  12.094   4.730 0.000
269.291667 270.291667  24.475  12.628 0.000
272.291667 273.291667  25.615   6.275 0.000
275.291667 276.291667   4.956   2.815 0.000
278.291667 279.291667  12.802   3.244 0.000
281.291667 282.291667   1.964   1.093 0.000
284.291667 285.291667   5.581   2.713 0.000
287.291667 288.291667   6.665   3.742 0.000
290.291667 291.291667   4.138   1.859 0.000
293.291667 294.291667  14.381   5.155 0.000
296.291667 297.291667   7.654   3.660 0.000
299.291667 300.291667   3.806   3.219 0.000
302.291667 303.291667   4.251   2.790 0.000
305.291667 306.291667  11.236   2.614 0.000
308.291667 309.291667  10.422   2.317 0.000
311.291667 312.291667   2.162   1.868 0.000
314.291667 315.291667   7.378   3.457 0.000
317.291667 318.291667   2.274   1.501 0.000
320.291667 321.291667   5.219   3.166 0.000
323.291667 324.291667  10.191   3.674 0.000
326.291667 327.291667   4.543   2.435 0.000
329.291667 330.291667   6.603   2.638 0.000
332.291667 333.291667   5.009   2.710 0.000
335.291667 336.291667   6.252   3.514 0.000
338.291667 339.291667   3.015   2.227 0.000
341.291667 342.291667   3.438   2.776 0.000
344.291667 345.291667   5.902   3.760 0.000
347.291667 348.291667 999.999 999.999 0.999
350.291667 351.291667   5.284   3.278 0.000
353.291667 354.291667   4.069   2.888 0.000
356.291667 357.291667   2.136   1.091 0.000
359.291667 360.291667   2.337   1.640 0.000
362.291667 363.291667   3.263   1.861 0.000
