scripts/IMPROVE-2019_partial/data/US9068R.20100102070000.20191216000000.filterpack...52w.3d.US03L_filterpack_US9068.US03L_IMPROVE_Davis.lev2.nas
51 1001
MISSING INFORMATION
US03L, IMPROVE, , , , , , , 
MISSING INFORMATION
IMPROVE sel_HTAP
1 1
2010 01 01 2019 12 16
3.000000
days from file reference point
4
1 1 1 1
999.999999 9999.999 999.999 9.999
end_time of measurement, days from the file reference point
pm10_mass, ug/m3, Matrix=pm10
pm25_mass, ug/m3, Matrix=pm25
numflag, no unit
0
33
Data definition:              EBAS_1.1
Set type code:                TU
Timezone:                     UTC
File name:                    US9068R.20100102070000.20191216000000.filterpack...52w.3d.US03L_filterpack_US9068.US03L_IMPROVE_Davis.lev2.nas
File creation:                20191218121012
Startdate:                    20100102070000
Revision date:                20191216000000
Version:                      2
Version description:          "Data extracted from http://views.cira.colostate.edu/fed/DataWizard 2019-12-16"
Statistics:                   arithmetic mean
Data level:                   2
Period code:                  52w
Resolution code:              3d
Sample duration:              1d
Orig. time res.:              3d
Station code:                 US9068R
Platform code:                US9068S
Station name:                 Salt Creek
Station latitude:             33.4598
Station longitude:            -104.4042
Station altitude:             1072.0 m
Regime:                       IMG
Component:                    
Unit:                         ug/m3
Matrix:                       
Laboratory code:              US03L
Instrument type:              filterpack
Instrument name:              filterpack_US9068
Method ref:                   US03L_IMPROVE_Davis
Blank correction:             Blank corrected
Volume std. temperature:      ambient
Volume std. pressure:         ambient
starttime endtime PM10 PM2.5 flag
  1.291667   2.291667    4.946   3.643 0.000
  4.291667   5.291667   10.891   7.150 0.000
  7.291667   8.291667    4.992   3.910 0.000
 10.291667  11.291667    8.851   4.213 0.000
 13.291667  14.291667    6.782   2.414 0.000
 16.291667  17.291667    9.822   4.151 0.000
 19.291667  20.291667   37.970   5.379 0.000
 22.291667  23.291667    7.307   1.086 0.000
 25.291667  26.291667   11.271   4.386 0.000
 28.291667  29.291667    4.781   3.602 0.000
 31.291667  32.291667    5.539   4.277 0.000
 34.291667  35.291667    1.260   1.353 0.000
 37.291667  38.291667    8.702   7.886 0.000
 40.291667  41.291667    9.527   7.966 0.000
 43.291667  44.291667    3.512   1.544 0.000
 46.291667  47.291667    7.599   2.956 0.000
 49.291667  50.291667   10.255   3.652 0.000
 52.291667  53.291667   11.214   9.399 0.000
 55.291667  56.291667    4.192   1.954 0.000
 58.291667  59.291667    7.300   3.462 0.000
 61.291667  62.291667    5.347   2.983 0.000
 64.291667  65.291667    8.399   3.908 0.000
 67.291667  68.291667    4.222   1.326 0.000
 70.291667  71.291667    4.732   2.713 0.000
 73.291667  74.291667    1.603   1.168 0.000
 76.291667  77.291667    9.268   4.046 0.000
 79.291667  80.291667    7.897   4.091 0.000
 82.291667  83.291667    3.548   1.715 0.000
 85.291667  86.291667    5.800   2.118 0.000
 88.291667  89.291667   12.862   3.771 0.000
 91.291667  92.291667    7.876   1.598 0.000
 94.291667  95.291667   15.518   5.766 0.000
 97.291667  98.291667   28.628   5.693 0.000
100.291667 101.291667   12.303   3.977 0.000
103.291667 104.291667    6.184   2.894 0.000
106.291667 107.291667    1.696   1.421 0.000
109.291667 110.291667   13.468   4.259 0.000
112.291667 113.291667    4.420   1.468 0.000
115.291667 116.291667    9.580   3.710 0.000
118.291667 119.291667  129.386  22.111 0.000
121.291667 122.291667    9.720   2.353 0.000
124.291667 125.291667   16.936   5.313 0.000
127.291667 128.291667   16.764   3.584 0.000
130.291667 131.291667   25.700   7.347 0.000
133.291667 134.291667   15.928   4.604 0.000
136.291667 137.291667   14.870   8.280 0.000
139.291667 140.291667    7.281   2.530 0.000
142.291667 143.291667   21.591  12.177 0.000
145.291667 146.291667   11.874   5.301 0.000
148.291667 149.291667   17.641   6.056 0.000
151.291667 152.291667   51.208   6.031 0.000
154.291667 155.291667   21.285   5.838 0.000
157.291667 158.291667   11.006   4.801 0.000
160.291667 161.291667   22.847   7.588 0.000
163.291667 164.291667   16.725   6.191 0.000
166.291667 167.291667   22.921   8.836 0.000
169.291667 170.291667   12.319   4.404 0.000
172.291667 173.291667   40.848   8.167 0.000
175.291667 176.291667   21.793   6.998 0.000
178.291667 179.291667 9999.999 999.999 0.999
181.291667 182.291667    8.463   5.057 0.000
184.291667 185.291667    7.622   4.086 0.000
187.291667 188.291667    8.875   3.956 0.000
190.291667 191.291667    5.520   3.133 0.000
193.291667 194.291667    9.935   3.799 0.000
196.291667 197.291667   19.632   9.031 0.000
199.291667 200.291667   20.321   7.985 0.000
202.291667 203.291667   13.699   4.777 0.000
205.291667 206.291667   10.716   5.048 0.000
208.291667 209.291667   11.975   6.517 0.000
211.291667 212.291667    5.312   2.324 0.000
214.291667 215.291667   15.312   4.806 0.000
217.291667 218.291667   12.489   5.207 0.000
220.291667 221.291667   48.235   5.377 0.000
223.291667 224.291667   16.715   4.584 0.000
226.291667 227.291667   16.670   7.288 0.000
229.291667 230.291667   11.833   5.771 0.000
232.291667 233.291667   13.149   4.845 0.000
235.291667 236.291667    5.393   2.639 0.000
238.291667 239.291667   15.750   6.647 0.000
241.291667 242.291667    8.139   6.080 0.000
244.291667 245.291667   23.053   4.986 0.000
247.291667 248.291667   10.363   3.412 0.000
250.291667 251.291667    9.852   2.476 0.000
253.291667 254.291667   17.226   3.590 0.000
256.291667 257.291667   11.801   3.468 0.000
259.291667 260.291667    6.436   2.632 0.000
262.291667 263.291667    4.966   1.888 0.000
265.291667 266.291667    4.672   2.908 0.000
268.291667 269.291667   10.364   4.333 0.000
271.291667 272.291667   16.594   5.205 0.000
274.291667 275.291667   14.002   4.687 0.000
277.291667 278.291667   18.300   8.391 0.000
280.291667 281.291667   15.498   5.324 0.000
283.291667 284.291667   12.212   3.935 0.000
286.291667 287.291667   24.514   6.614 0.000
289.291667 290.291667   18.209   4.981 0.000
292.291667 293.291667   23.988  10.079 0.000
295.291667 296.291667 9999.999 999.999 0.999
298.291667 299.291667    5.284   1.538 0.000
301.291667 302.291667   17.661   3.671 0.000
304.291667 305.291667   12.828   3.627 0.000
307.291667 308.291667   16.044   2.870 0.000
310.291667 311.291667   18.180   4.140 0.000
313.291667 314.291667   14.929   2.544 0.000
316.291667 317.291667   68.265   4.105 0.000
319.291667 320.291667    6.426   1.609 0.000
322.291667 323.291667 9999.999 999.999 0.999
325.291667 326.291667 9999.999 999.999 0.999
328.291667 329.291667    8.746   3.068 0.000
331.291667 332.291667   56.879   7.388 0.000
334.291667 335.291667   14.506   3.940 0.000
337.291667 338.291667   17.675   2.526 0.000
340.291667 341.291667   12.504   3.175 0.000
343.291667 344.291667   14.360   2.990 0.000
346.291667 347.291667   18.579   3.553 0.000
349.291667 350.291667   12.032   3.305 0.000
352.291667 353.291667   17.083   5.248 0.000
355.291667 356.291667   24.412  15.280 0.000
358.291667 359.291667 9999.999   3.885 0.000
361.291667 362.291667   13.223   6.107 0.000
364.291667 365.291667    4.356   0.986 0.000
