scripts/IMPROVE-2019_partial/data/US9059R.20100102060000.20191216000000.filterpack...52w.3d.US03L_filterpack_US9059.US03L_IMPROVE_Davis.lev2.nas
51 1001
MISSING INFORMATION
US03L, IMPROVE, , , , , , , 
MISSING INFORMATION
IMPROVE sel_HTAP
1 1
2010 01 01 2019 12 16
3.00
days from file reference point
4
1 1 1 1
999.99 999.999 999.999 9.999
end_time of measurement, days from the file reference point
pm10_mass, ug/m3, Matrix=pm10
pm25_mass, ug/m3, Matrix=pm25
numflag, no unit
0
33
Data definition:              EBAS_1.1
Set type code:                TU
Timezone:                     UTC
File name:                    US9059R.20100102060000.20191216000000.filterpack...52w.3d.US03L_filterpack_US9059.US03L_IMPROVE_Davis.lev2.nas
File creation:                20191218120928
Startdate:                    20100102060000
Revision date:                20191216000000
Version:                      2
Version description:          "Data extracted from http://views.cira.colostate.edu/fed/DataWizard 2019-12-16"
Statistics:                   arithmetic mean
Data level:                   2
Period code:                  52w
Resolution code:              3d
Sample duration:              1d
Orig. time res.:              3d
Station code:                 US9059R
Platform code:                US9059S
Station name:                 Sikes
Station latitude:             32.0574
Station longitude:            -92.435
Station altitude:             45.0 m
Regime:                       IMG
Component:                    
Unit:                         ug/m3
Matrix:                       
Laboratory code:              US03L
Instrument type:              filterpack
Instrument name:              filterpack_US9059
Method ref:                   US03L_IMPROVE_Davis
Blank correction:             Blank corrected
Volume std. temperature:      ambient
Volume std. pressure:         ambient
starttime endtime PM10 PM2.5 flag
  1.25   2.25   5.684   4.600 0.000
  4.25   5.25   8.345   5.920 0.000
  7.25   8.25   6.932   4.432 0.000
 10.25  11.25   6.495   4.846 0.000
 13.25  14.25  10.167   8.106 0.000
 16.25  17.25   8.459   6.883 0.000
 19.25  20.25   9.801   7.415 0.000
 22.25  23.25  13.066   9.193 0.000
 25.25  26.25  17.674   6.812 0.000
 28.25  29.25   6.469   3.542 0.000
 31.25  32.25  12.582  10.793 0.000
 34.25  35.25   5.263   4.596 0.000
 37.25  38.25   6.936   6.157 0.000
 40.25  41.25   7.892   6.628 0.000
 43.25  44.25   9.526   8.261 0.000
 46.25  47.25   2.976   1.059 0.000
 49.25  50.25   7.660   4.867 0.000
 52.25  53.25   6.495   5.304 0.000
 55.25  56.25   4.886   3.033 0.000
 58.25  59.25   7.220   5.069 0.000
 61.25  62.25   5.792   3.893 0.000
 64.25  65.25  11.980   8.784 0.000
 67.25  68.25  12.738   9.813 0.000
 70.25  71.25   6.000   4.054 0.000
 73.25  74.25   4.401   3.139 0.000
 76.25  77.25   9.712   7.955 0.000
 79.25  80.25   3.474   2.494 0.000
 82.25  83.25  11.825   7.575 0.000
 85.25  86.25  10.121   6.042 0.000
 88.25  89.25  16.050   9.130 0.000
 91.25  92.25  21.700   9.691 0.000
 94.25  95.25  15.999   8.985 0.000
 97.25  98.25  12.802   3.460 0.000
100.25 101.25  13.258   9.078 0.000
103.25 104.25 999.999 999.999 0.456
106.25 107.25 999.999 999.999 0.456
109.25 110.25  11.220   6.956 0.000
112.25 113.25 999.999 999.999 0.456
115.25 116.25 999.999 999.999 0.456
118.25 119.25  15.827   7.347 0.000
121.25 122.25  22.356  13.124 0.000
124.25 125.25  14.415   9.412 0.000
127.25 128.25  12.871   6.231 0.000
130.25 131.25  18.870  12.865 0.000
133.25 134.25  15.196   9.447 0.000
136.25 137.25  15.940   8.499 0.000
139.25 140.25   9.611   4.797 0.000
142.25 143.25   8.293   5.252 0.000
145.25 146.25  14.232  10.401 0.000
148.25 149.25  19.625  13.238 0.000
151.25 152.25  17.645  12.570 0.000
154.25 155.25  11.095   6.777 0.000
157.25 158.25  20.390  15.276 0.000
160.25 161.25  29.145  14.928 0.000
163.25 164.25  10.419   6.798 0.000
166.25 167.25  12.718   9.459 0.000
169.25 170.25   9.621   6.744 0.000
172.25 173.25  19.164  13.993 0.000
175.25 176.25   9.804   6.564 0.000
178.25 179.25   9.650   4.941 0.000
181.25 182.25   8.711   4.139 0.000
184.25 185.25  12.956   7.832 0.000
187.25 188.25  24.899  11.912 0.000
190.25 191.25  19.979  12.397 0.000
193.25 194.25  47.682  19.932 0.000
196.25 197.25  25.564  13.839 0.000
199.25 200.25   8.967   4.117 0.000
202.25 203.25  23.841  11.436 0.000
205.25 206.25  27.896  15.024 0.000
208.25 209.25  15.560   5.624 0.000
211.25 212.25  19.191  11.751 0.000
214.25 215.25  24.660  16.018 0.000
217.25 218.25  15.757   8.297 0.000
220.25 221.25  10.938   6.912 0.000
223.25 224.25  16.924  13.158 0.000
226.25 227.25  14.465   9.603 0.000
229.25 230.25  20.902  12.313 0.000
232.25 233.25   8.084   4.116 0.000
235.25 236.25  17.781  12.973 0.000
238.25 239.25  22.553  15.557 0.000
241.25 242.25   7.936   3.547 0.000
244.25 245.25  10.364   6.595 0.000
247.25 248.25  11.999   7.815 0.000
250.25 251.25  16.461   7.195 0.000
253.25 254.25  11.878   8.450 0.000
256.25 257.25  15.744  11.723 0.000
259.25 260.25  15.548  12.262 0.000
262.25 263.25  17.340  15.127 0.000
265.25 266.25  15.220   9.210 0.000
268.25 269.25  15.500   9.557 0.000
271.25 272.25  18.856   9.060 0.000
274.25 275.25  24.473  14.071 0.000
277.25 278.25  16.337   9.473 0.000
280.25 281.25  19.283  13.495 0.000
283.25 284.25  15.193  11.243 0.000
286.25 287.25  14.543   6.836 0.000
289.25 290.25  17.761  12.982 0.000
292.25 293.25  14.442   9.376 0.000
295.25 296.25  19.249  13.679 0.000
298.25 299.25  13.060   5.546 0.000
301.25 302.25   7.850   4.479 0.000
304.25 305.25  11.602   8.945 0.000
307.25 308.25  11.910   6.154 0.000
310.25 311.25   7.296   5.068 0.000
313.25 314.25   9.267   6.889 0.000
316.25 317.25   8.040   6.464 0.000
319.25 320.25   6.755   4.336 0.000
322.25 323.25   9.735   7.500 0.000
325.25 326.25  13.417   6.104 0.000
328.25 329.25  10.190   4.393 0.000
331.25 332.25   6.266   4.119 0.000
334.25 335.25   6.721   3.615 0.000
337.25 338.25  11.404   7.544 0.000
340.25 341.25   7.996   5.737 0.000
343.25 344.25   9.913   7.179 0.000
346.25 347.25   3.944   2.067 0.000
349.25 350.25  15.090   7.068 0.000
352.25 353.25   6.835   5.012 0.000
355.25 356.25  19.013  13.766 0.000
358.25 359.25 999.999 999.999 0.999
361.25 362.25 999.999 999.999 0.999
364.25 365.25 999.999 999.999 0.999
