scripts/IMPROVE-2019_partial/data/US9071R.20030103070000.20191216000000.filterpack..pm25.1y.1w.US03L_filterpack_US9071.US03L_IMPROVE_Davis.lev2.nas
66 1001
MISSING INFORMATION
US03L, IMPROVE, , , , , , , 
MISSING INFORMATION
IMPROVE sel_HTAP
1 1
2003 01 01 2019 12 16
3.000000
days from file reference point
27
1 1 1 1 1 1 1 1 1 1 1 1 1 1 1 1 1 1 1 1 1 1 1 1 1 1 1
999.999999 9999.99 9.999 99.99 9.999999 9.999 9.999999 99.99 9.999999 9.999 9.999 99.999 9.999 999.999 9.999 999.99 9.999999 999.999 9.999 999.999 9.999 999.999 9.999 9.999 9.999 9.999 9.999
end_time of measurement, days from the file reference point
iron, ng/m3, Revision date=20181210133000
numflag iron, no unit, Revision date=20181210133000
lead, ng/m3, Revision date=20181210133000
numflag lead, no unit, Revision date=20181210133000
magnesium, ug/m3, Revision date=20181210133000
numflag magnesium, no unit, Revision date=20181210133000
nickel, ng/m3, Revision date=20181210133000
numflag nickel, no unit, Revision date=20181210133000
nitrate, ug N/m3, Revision date=20181210133000
numflag nitrate, no unit, Revision date=20181210133000
organic_carbon, ug C/m3, Revision date=20181210133000
numflag organic_carbon, no unit, Revision date=20181210133000
organic_mass, ug/m3, Revision date=20181210133000
numflag organic_mass, no unit, Revision date=20181210133000
phosphorus, ng/m3, Revision date=20181210133000
numflag phosphorus, no unit, Revision date=20181210133000
pm10_mass, ug/m3, Version=2, Version description=Data extracted from http://views.cira.colostate.edu/fed/DataWizard 2019-12-16, Sample duration=1d, Orig. time res.=3d, Matrix=pm10, Blank correction=Blank corrected, Volume std. temperature=ambient, Volume std. pressure=ambient
numflag pm10_mass, no unit, Version=2, Version description=Data extracted from http://views.cira.colostate.edu/fed/DataWizard 2019-12-16, Sample duration=1d, Orig. time res.=3d, Matrix=pm10, Blank correction=Blank corrected, Volume std. temperature=ambient, Volume std. pressure=ambient
pm10_pm25_mass, ug/m3, Revision date=20181210133000, Matrix=pm10_pm25
numflag pm10_pm25_mass, no unit, Revision date=20181210133000, Matrix=pm10_pm25
pm25_mass, ug/m3, Version=2, Version description=Data extracted from http://views.cira.colostate.edu/fed/DataWizard 2019-12-16, Sample duration=1d, Orig. time res.=3d, Blank correction=Blank corrected, Volume std. temperature=ambient, Volume std. pressure=ambient
numflag pm25_mass, no unit, Version=2, Version description=Data extracted from http://views.cira.colostate.edu/fed/DataWizard 2019-12-16, Sample duration=1d, Orig. time res.=3d, Blank correction=Blank corrected, Volume std. temperature=ambient, Volume std. pressure=ambient
potassium, ug/m3, Revision date=20181210133000
numflag potassium, no unit, Revision date=20181210133000
sulphate_total, ug S/m3, Revision date=20181210133000
numflag sulphate_total, no unit, Revision date=20181210133000
0
25
Data definition:              EBAS_1.1
Set type code:                TU
Timezone:                     UTC
File name:                    US9071R.20030103070000.20191216000000.filterpack..pm25.1y.1w.US03L_filterpack_US9071.US03L_IMPROVE_Davis.lev2.nas
File creation:                20191218121024
Startdate:                    20030103070000
Revision date:                20191216000000
Statistics:                   arithmetic mean
Data level:                   2
Period code:                  1y
Resolution code:              1w
Station code:                 US9071R
Platform code:                US9071S
Station name:                 Wheeler Peak
Station latitude:             36.5854
Station longitude:            -105.452
Station altitude:             3366.0 m
Regime:                       IMG
Component:                    
Matrix:                       pm25
Laboratory code:              US03L
Instrument type:              filterpack
Instrument name:              filterpack_US9071
Method ref:                   US03L_IMPROVE_Davis
starttime endtime Fe flag_Fe Pb flag_Pb Mg++ flag_Mg++ Ni flag_Ni NO3- flag_NO3- OC flag_OC OM flag_OM P flag_P PM10 flag_PM10 PM10-PM2.5 flag_PM10-PM2.5 PM2.5 flag_PM2.5 K+ flag_K+ SO4-- flag_SO4--
[from data line 80]
242.291667 243.291667   11.26 0.000  0.21 0.000000 9.999 0.259000  0.11 0.000000 0.015 0.000  0.617 0.000   0.864 0.000 999.99 0.259000   5.188 0.000   3.023 0.000   2.164 0.000 0.012 0.000 0.136 0.000
245.291667 246.291667   16.08 0.000  0.21 0.000000 9.999 0.259000  0.31 0.000000 0.020 0.000  0.875 0.000   1.225 0.000 999.99 0.259000   5.760 0.000   3.051 0.000   2.709 0.000 0.016 0.000 0.205 0.000
248.291667 249.291667    5.67 0.000  0.15 0.000000 0.025 0.000000  0.13 0.000000 0.009 0.000  0.549 0.000   0.768 0.000 999.99 0.259000   2.917 0.000   1.237 0.000   1.681 0.000 0.007 0.000 0.133 0.000
251.291667 252.291667   10.69 0.000  0.19 0.000000 9.999 0.259000  0.15 0.000000 0.041 0.000  0.303 0.000   0.425 0.000 999.99 0.259000   2.424 0.000   0.927 0.000   1.497 0.000 0.010 0.000 0.131 0.000
254.291667 255.291667    6.73 0.000  0.28 0.000000 9.999 0.259000  0.17 0.000000 0.010 0.000  0.611 0.000   0.855 0.000 999.99 0.259000   2.328 0.000   0.743 0.000   1.586 0.000 0.007 0.000 0.080 0.000
257.291667 258.291667   27.59 0.000  0.25 0.000000 9.999 0.259000 99.99 0.259000 0.025 0.000  0.741 0.000   1.038 0.000 999.99 0.259000   6.164 0.000   3.341 0.000   2.823 0.000 0.021 0.000 0.120 0.000
260.291667 261.291667   86.55 0.559  0.43 0.559000 9.999 0.559259  0.13 0.559000 0.031 0.000  0.709 0.000   0.993 0.000 999.99 0.559259  12.573 0.000   7.895 0.000   4.678 0.559 0.071 0.559 0.132 0.000
263.291667 264.291667   37.43 0.000  0.57 0.000000 9.999 0.259000  1.05 0.000000 0.028 0.000  0.582 0.000   0.814 0.000 999.99 0.259000   5.054 0.000   2.446 0.000   2.608 0.000 0.029 0.000 0.099 0.000
266.291667 267.291667   29.27 0.000  0.50 0.000000 9.999 0.259000 99.99 0.259000 0.015 0.000  0.584 0.000   0.818 0.000 999.99 0.259000   4.479 0.000   2.418 0.000   2.061 0.000 0.026 0.000 0.110 0.000
269.291667 270.291667   55.75 0.559  0.34 0.559000 9.999 0.559259  0.06 0.559000 0.020 0.000  0.920 0.000   1.287 0.000 999.99 0.559259   9.246 0.000   5.470 0.000   3.776 0.559 0.046 0.559 0.132 0.000
272.291667 273.291667   34.10 0.559  0.36 0.559000 9.999 0.559259 99.99 0.559259 0.063 0.000  3.366 0.000   4.713 0.000 999.99 0.559259  11.409 0.000   2.816 0.000   8.593 0.559 0.055 0.559 0.188 0.000
275.291667 276.291667 9999.99 0.999 99.99 0.999000 9.999 0.999000 99.99 0.999000 9.999 0.999 99.999 0.999 999.999 0.999 999.99 0.999000 999.999 0.999 999.999 0.999 999.999 0.999 9.999 0.999 9.999 0.999
278.291667 279.291667   13.47 0.000  0.37 0.000000 9.999 0.259000  0.08 0.000000 0.012 0.000  0.538 0.000   0.753 0.000 999.99 0.259000   3.041 0.000   1.115 0.000   1.925 0.000 0.010 0.000 0.125 0.000
281.291667 282.291667   12.46 0.000  0.38 0.000000 0.014 0.000000  0.07 0.000000 0.014 0.000  0.929 0.000   1.300 0.000 999.99 0.259000   3.613 0.000   1.070 0.000   2.543 0.000 0.010 0.000 0.150 0.000
284.291667 285.291667   53.31 0.000  0.29 0.000000 9.999 0.259000 99.99 0.259000 0.044 0.000  0.605 0.000   0.847 0.000 999.99 0.259000   7.848 0.000   4.505 0.000   3.344 0.000 0.038 0.000 0.169 0.000
287.291667 288.291667   44.51 0.000  0.61 0.000000 0.027 0.000000  0.06 0.000000 0.019 0.000  0.350 0.000   0.490 0.000 999.99 0.259000   5.794 0.000   3.298 0.000   2.496 0.000 0.029 0.000 0.151 0.000
290.291667 291.291667   27.51 0.000  0.38 0.000000 9.999 0.259000 99.99 0.259000 0.009 0.000  0.750 0.000   1.050 0.000 999.99 0.259000   3.674 0.000   1.662 0.000   2.012 0.000 0.019 0.000 0.072 0.000
293.291667 294.291667   38.10 0.000  0.27 0.000000 9.999 0.259000 99.99 0.259000 0.010 0.000  0.634 0.000   0.888 0.000 999.99 0.259000   5.047 0.000   2.483 0.000   2.564 0.000 0.027 0.000 0.086 0.000
296.291667 297.291667   54.61 0.559  0.29 0.559000 9.999 0.559259 99.99 0.559259 0.020 0.000  1.115 0.000   1.562 0.000 999.99 0.559259   6.904 0.000   2.628 0.000   4.276 0.559 0.043 0.559 0.138 0.000
299.291667 300.291667   17.56 0.559  0.23 0.559000 0.021 0.559000 99.99 0.559259 0.005 0.000  0.095 0.000   0.133 0.000 999.99 0.559259   2.096 0.000   1.398 0.000   0.698 0.559 0.011 0.559 0.021 0.000
302.291667 303.291667   65.87 0.559  1.56 0.559000 9.999 0.559259 99.99 0.559259 0.386 0.000  8.383 0.000  11.736 0.000  19.64 0.559000  25.145 0.000   6.403 0.000  18.742 0.559 0.336 0.559 0.196 0.000
305.291667 306.291667   41.90 0.000  0.86 0.000000 0.016 0.000000  0.10 0.000000 0.066 0.654  1.530 0.000   2.142 0.000 999.99 0.259000   7.631 0.000   2.212 0.000   5.419 0.000 0.119 0.000 0.137 0.654
308.291667 309.291667   12.79 0.000  0.49 0.000000 9.999 0.259000  0.11 0.000000 0.038 0.000  0.412 0.000   0.576 0.000 999.99 0.259000   3.534 0.000   1.684 0.000   1.850 0.000 0.012 0.000 0.100 0.000
311.291667 312.291667    8.59 0.559  0.35 0.559000 9.999 0.559259  0.08 0.559000 0.019 0.000  0.408 0.000   0.571 0.000 999.99 0.559259   2.439 0.000   0.764 0.000   1.675 0.559 0.010 0.559 0.087 0.000
314.291667 315.291667    6.23 0.000  0.52 0.000000 0.027 0.000000  0.09 0.000000 0.012 0.000  0.266 0.000   0.372 0.000 999.99 0.259000   1.507 0.000   0.062 0.000   1.445 0.000 0.007 0.000 0.085 0.000
317.291667 318.291667 9999.99 0.999 99.99 0.999000 9.999 0.999000 99.99 0.999000 9.999 0.999 99.999 0.999 999.999 0.999 999.99 0.999000 999.999 0.999 999.999 0.999 999.999 0.999 9.999 0.999 9.999 0.999
320.291667 321.291667    7.71 0.559  0.48 0.559000 9.999 0.559259 99.99 0.559259 0.046 0.000  0.264 0.000   0.369 0.000 999.99 0.559259   1.539 0.000   0.176 0.000   1.362 0.559 0.006 0.559 0.120 0.000
323.291667 324.291667    2.54 0.000  0.22 0.000000 9.999 0.259000  0.15 0.000000 0.006 0.000  0.160 0.000   0.223 0.000 999.99 0.259000   0.795 0.000   0.247 0.000   0.548 0.000 0.003 0.000 0.022 0.000
326.291667 327.291667    9.61 0.559  0.40 0.559000 9.999 0.559259  0.07 0.559000 0.030 0.000  0.310 0.000   0.434 0.000 999.99 0.559259   2.761 0.000   1.764 0.000   0.997 0.559 0.010 0.559 0.060 0.000
329.291667 330.291667   19.78 0.559  0.93 0.559000 0.019 0.559000  0.11 0.559000 0.063 0.000  0.291 0.000   0.407 0.000 999.99 0.559259   3.909 0.000   2.317 0.000   1.592 0.559 0.014 0.559 0.085 0.000
332.291667 333.291667 9999.99 0.999 99.99 0.999000 9.999 0.999000 99.99 0.999000 9.999 0.999 99.999 0.999 999.999 0.999 999.99 0.999000 999.999 0.999 999.999 0.999 999.999 0.999 9.999 0.999 9.999 0.999
335.291667 336.291667   22.95 0.000  0.30 0.000000 9.999 0.259000 99.99 0.259000 0.044 0.000  0.407 0.000   0.570 0.000 999.99 0.259000   3.410 0.000   1.560 0.000   1.850 0.000 0.019 0.000 0.085 0.000
338.291667 339.291667   15.78 0.000  0.26 0.000000 0.052 0.000000 99.99 0.259000 0.018 0.000  0.376 0.000   0.526 0.000 999.99 0.259000   3.183 0.000   1.723 0.000   1.460 0.000 0.012 0.000 0.039 0.000
341.291667 342.291667    8.22 0.559  0.64 0.559000 0.054 0.559000  0.11 0.559000 0.010 0.000  0.252 0.000   0.352 0.000 999.99 0.559259   2.121 0.000   0.652 0.000   1.469 0.559 0.010 0.559 0.139 0.000
344.291667 345.291667    9.13 0.559  0.96 0.559000 9.999 0.559259  0.05 0.559000 0.025 0.000  0.282 0.000   0.395 0.000 999.99 0.559259   1.807 0.000   0.581 0.000   1.226 0.559 0.009 0.559 0.049 0.000
347.291667 348.291667    2.92 0.000  0.13 0.000000 9.999 0.259000 99.99 0.259000 0.017 0.000  0.139 0.000   0.195 0.000 999.99 0.259000   2.038 0.000   1.456 0.000   0.581 0.000 0.003 0.000 0.021 0.000
350.291667 351.291667    6.23 0.000  0.13 0.000000 0.070 0.000000 99.99 0.259000 0.002 0.000  0.171 0.000   0.239 0.000 999.99 0.259000   2.108 0.000   1.401 0.000   0.707 0.000 0.006 0.000 0.034 0.000
353.291667 354.291667    4.21 0.000  0.16 0.000000 0.068 0.000000 99.99 0.259000 0.005 0.000  0.136 0.000   0.190 0.000 999.99 0.259000   2.067 0.000   2.035 0.000   0.032 0.000 0.003 0.000 0.019 0.000
356.291667 357.291667   10.52 0.000  0.13 0.000000 0.080 0.000000  0.08 0.000000 0.004 0.000  0.072 0.000   0.100 0.000 999.99 0.259000   0.579 0.000   0.296 0.000   0.283 0.000 0.008 0.000 0.028 0.000
359.291667 360.291667 9999.99 0.999 99.99 0.999000 9.999 0.999000 99.99 0.999000 9.999 0.999 99.999 0.999 999.999 0.999 999.99 0.999000 999.999 0.999 999.999 0.999 999.999 0.999 9.999 0.999 9.999 0.999
362.291667 363.291667    5.72 0.000  0.19 0.000000 0.060 0.000000  0.07 0.000000 0.003 0.000  0.092 0.000   0.129 0.000 999.99 0.259000   0.962 0.000   0.704 0.000   0.258 0.000 0.004 0.000 0.040 0.000
