scripts/IMPROVE-2019_partial/data/US9021R.20040101050000.20191216000000.filterpack..pm25.52w.1w.US03L_filterpack_US9021.US03L_IMPROVE_Davis.lev2.nas
64 1001
MISSING INFORMATION
US03L, IMPROVE, , , , , , , 
MISSING INFORMATION
IMPROVE sel_HTAP
1 1
2004 01 01 2019 12 16
3.000000
days from file reference point
25
1 1 1 1 1 1 1 1 1 1 1 1 1 1 1 1 1 1 1 1 1 1 1 1 1
999.999999 9999.99 9.999 999.99 9.999 9.999 9.999999 99.99 9.999 99.999 9.999 99.999 9.999 99.999 9.999 999.999 9.999 99.999 9.999 999.999 9.999 9.999 9.999 99.999 9.999
end_time of measurement, days from the file reference point
iron, ng/m3, Revision date=20181210133000
numflag iron, no unit, Revision date=20181210133000
lead, ng/m3, Revision date=20181210133000
numflag lead, no unit, Revision date=20181210133000
magnesium, ug/m3, Revision date=20181210133000
numflag magnesium, no unit, Revision date=20181210133000
nickel, ng/m3, Revision date=20181210133000
numflag nickel, no unit, Revision date=20181210133000
nitrate, ug N/m3, Revision date=20181210133000
numflag nitrate, no unit, Revision date=20181210133000
organic_carbon, ug C/m3, Revision date=20181210133000
numflag organic_carbon, no unit, Revision date=20181210133000
organic_mass, ug/m3, Revision date=20181210133000
numflag organic_mass, no unit, Revision date=20181210133000
pm10_mass, ug/m3, Version=2, Version description=Data extracted from http://views.cira.colostate.edu/fed/DataWizard 2019-12-16, Sample duration=1d, Orig. time res.=3d, Matrix=pm10, Blank correction=Blank corrected, Volume std. temperature=ambient, Volume std. pressure=ambient
numflag pm10_mass, no unit, Version=2, Version description=Data extracted from http://views.cira.colostate.edu/fed/DataWizard 2019-12-16, Sample duration=1d, Orig. time res.=3d, Matrix=pm10, Blank correction=Blank corrected, Volume std. temperature=ambient, Volume std. pressure=ambient
pm10_pm25_mass, ug/m3, Revision date=20181210133000, Matrix=pm10_pm25
numflag pm10_pm25_mass, no unit, Revision date=20181210133000, Matrix=pm10_pm25
pm25_mass, ug/m3, Version=2, Version description=Data extracted from http://views.cira.colostate.edu/fed/DataWizard 2019-12-16, Sample duration=1d, Orig. time res.=3d, Blank correction=Blank corrected, Volume std. temperature=ambient, Volume std. pressure=ambient
numflag pm25_mass, no unit, Version=2, Version description=Data extracted from http://views.cira.colostate.edu/fed/DataWizard 2019-12-16, Sample duration=1d, Orig. time res.=3d, Blank correction=Blank corrected, Volume std. temperature=ambient, Volume std. pressure=ambient
potassium, ug/m3, Revision date=20181210133000
numflag potassium, no unit, Revision date=20181210133000
sulphate_total, ug S/m3, Revision date=20181210133000
numflag sulphate_total, no unit, Revision date=20181210133000
0
25
Data definition:              EBAS_1.1
Set type code:                TU
Timezone:                     UTC
File name:                    US9021R.20040101050000.20191216000000.filterpack..pm25.52w.1w.US03L_filterpack_US9021.US03L_IMPROVE_Davis.lev2.nas
File creation:                20191218120631
Startdate:                    20040101050000
Revision date:                20191216000000
Statistics:                   arithmetic mean
Data level:                   2
Period code:                  52w
Resolution code:              1w
Station code:                 US9021R
Platform code:                US9021S
Station name:                 M.K. Goddard
Station latitude:             41.4269
Station longitude:            -80.1453
Station altitude:             379.0 m
Regime:                       IMG
Component:                    
Matrix:                       pm25
Laboratory code:              US03L
Instrument type:              filterpack
Instrument name:              filterpack_US9021
Method ref:                   US03L_IMPROVE_Davis
starttime endtime Fe flag_Fe Pb flag_Pb Mg++ flag_Mg++ Ni flag_Ni NO3- flag_NO3- OC flag_OC OM flag_OM PM10 flag_PM10 PM10-PM2.5 flag_PM10-PM2.5 PM2.5 flag_PM2.5 K+ flag_K+ SO4-- flag_SO4--
  0.208333   1.208333   46.17 0.000   5.51 0.000 0.030 0.000000  0.22 0.000  0.334 0.000  1.876 0.000  2.626 0.000   8.958 0.000  2.834 0.000   6.124 0.000 0.055 0.000  0.333 0.000
  3.208333   4.208333    7.13 0.000   3.57 0.000 9.999 0.259000  0.28 0.000  0.274 0.000  0.727 0.000  1.018 0.000   4.767 0.000  0.493 0.000   4.274 0.000 0.021 0.000  0.344 0.000
  6.208333   7.208333   17.33 0.000   1.58 0.000 9.999 0.259000  0.37 0.000  0.364 0.000  0.730 0.000  1.022 0.000  10.063 0.000  5.582 0.000   4.481 0.000 0.020 0.000  0.257 0.000
  9.208333  10.208333   18.59 0.000   2.30 0.000 0.029 0.000000 99.99 0.259  0.223 0.000  1.303 0.000  1.824 0.000  12.006 0.000  7.063 0.000   4.944 0.000 0.036 0.000  0.369 0.000
 12.208333  13.208333   14.86 0.000   1.74 0.000 9.999 0.259000  0.16 0.000  0.576 0.000  0.741 0.000  1.038 0.000   8.563 0.000  1.397 0.000   7.166 0.000 0.023 0.000  0.689 0.000
 15.208333  16.208333   13.94 0.000   1.45 0.000 9.999 0.259000  0.26 0.000  0.143 0.000  1.170 0.000  1.638 0.000   4.936 0.000  0.917 0.000   4.019 0.000 0.042 0.000  0.287 0.000
 18.208333  19.208333    3.69 0.000   0.33 0.000 9.999 0.259000  0.24 0.000  0.049 0.000  0.456 0.000  0.639 0.000   3.701 0.000  1.307 0.000   2.394 0.000 0.010 0.000  0.317 0.000
 21.208333  22.208333   34.22 0.000   1.91 0.000 9.999 0.259000  0.25 0.000  0.394 0.000  1.151 0.000  1.612 0.000  12.226 0.000  5.668 0.000   6.557 0.000 0.036 0.000  0.547 0.000
 24.208333  25.208333   10.97 0.000   1.84 0.000 0.033 0.000000  0.49 0.000  0.325 0.000  2.677 0.000  3.748 0.000  10.710 0.000  2.777 0.000   7.932 0.000 0.062 0.000  0.394 0.000
 27.208333  28.208333   40.98 0.000   4.00 0.000 9.999 0.259000  0.25 0.000  0.580 0.000  1.371 0.000  1.919 0.000   9.789 0.000  1.378 0.000   8.411 0.000 0.042 0.000  0.637 0.000
 30.208333  31.208333   59.31 0.000   5.03 0.000 0.063 0.000000  0.30 0.000  0.864 0.000  2.413 0.000  3.378 0.000  15.269 0.000  2.746 0.000  12.524 0.000 0.064 0.000  0.824 0.000
 33.208333  34.208333   24.47 0.000   2.58 0.000 0.048 0.000000  0.66 0.000  0.393 0.000  1.841 0.000  2.577 0.000  11.487 0.000  0.211 0.000  11.276 0.000 0.045 0.000  1.495 0.000
 36.208333  37.208333   19.82 0.000   1.94 0.000 0.038 0.000000  0.35 0.000  0.142 0.559  0.907 0.000  1.270 0.000   5.870 0.000  0.617 0.000   5.253 0.000 0.018 0.000  0.865 0.559
 39.208333  40.208333   36.33 0.000   5.43 0.000 0.032 0.000000  0.21 0.000  0.265 0.000  1.711 0.000  2.395 0.000  11.739 0.000  2.579 0.000   9.161 0.000 0.046 0.000  1.317 0.000
 42.208333  43.208333  107.21 0.000  10.24 0.000 0.030 0.000000  1.04 0.000  1.006 0.000  2.929 0.000  4.101 0.000  21.623 0.000  5.835 0.000  15.788 0.000 0.069 0.000  1.169 0.000
 45.208333  46.208333   11.22 0.000   0.89 0.000 9.999 0.259000  0.12 0.000  0.155 0.000  0.830 0.000  1.162 0.000   5.531 0.000  2.162 0.000   3.369 0.000 0.018 0.000  0.367 0.000
 48.208333  49.208333   98.16 0.000  12.42 0.000 9.999 0.259000  0.67 0.000  1.357 0.000  3.006 0.000  4.208 0.000  27.320 0.000  8.842 0.000  18.479 0.000 0.064 0.000  1.182 0.000
 51.208333  52.208333   15.63 0.000   1.78 0.000 9.999 0.259000  0.14 0.000  0.214 0.000  0.654 0.000  0.916 0.000   6.076 0.000  0.599 0.000   5.478 0.000 0.016 0.000  0.915 0.000
 54.208333  55.208333   21.88 0.000   3.30 0.000 9.999 0.259000  0.24 0.000  0.314 0.559  1.479 0.000  2.071 0.000  10.610 0.000  1.823 0.000   8.787 0.000 0.035 0.000  1.050 0.559
 57.208333  58.208333   35.76 0.000   3.20 0.000 9.999 0.259000  0.23 0.000  0.242 0.000  2.062 0.000  2.886 0.000  11.409 0.000  5.498 0.000   5.910 0.000 0.042 0.000  0.390 0.000
 60.208333  61.208333   72.68 0.000   7.48 0.000 9.999 0.259000  1.64 0.000  0.274 0.000  3.407 0.000  4.771 0.000  15.749 0.000  5.377 0.000  10.372 0.000 0.097 0.000  0.956 0.000
 63.208333  64.208333   45.55 0.000   6.26 0.000 9.999 0.259000  0.23 0.000  0.895 0.559  2.571 0.000  3.599 0.000  16.906 0.000  2.602 0.000  14.304 0.000 0.047 0.000  1.539 0.559
 66.208333  67.208333   22.15 0.000   3.82 0.000 0.046 0.000000 99.99 0.259  0.259 0.000  1.144 0.000  1.601 0.000   7.479 0.000  1.190 0.000   6.289 0.000 0.028 0.000  0.897 0.000
 69.208333  70.208333   33.18 0.000   2.86 0.000 0.049 0.000000  0.17 0.000  0.363 0.559  2.573 0.000  3.602 0.000  11.987 0.000  2.865 0.000   9.122 0.000 0.054 0.000  0.909 0.559
 72.208333  73.208333   12.02 0.000   1.65 0.000 9.999 0.259000  0.21 0.000  0.131 0.559  0.671 0.000  0.940 0.000   5.958 0.000  1.329 0.000   4.630 0.000 0.026 0.000  0.650 0.559
 75.208333  76.208333    7.92 0.000   1.86 0.000 9.999 0.259000  0.22 0.000  0.119 0.000  0.959 0.000  1.342 0.000   5.673 0.000  0.965 0.000   4.708 0.000 0.025 0.000  0.637 0.000
 78.208333  79.208333   27.67 0.000   2.27 0.000 9.999 0.259000  0.28 0.000  0.276 0.559  2.152 0.000  3.013 0.000  14.726 0.000  2.588 0.000  12.138 0.000 0.032 0.000  1.678 0.559
 81.208333  82.208333   14.46 0.000   2.36 0.000 9.999 0.259000 99.99 0.259  0.071 0.000  0.726 0.000  1.017 0.000   5.988 0.000  2.192 0.000   3.796 0.000 0.020 0.000  0.492 0.000
 84.208333  85.208333   80.23 0.000   7.15 0.000 9.999 0.259000  0.48 0.000  0.352 0.000  4.426 0.000  6.196 0.000  20.135 0.000  5.593 0.000  14.542 0.000 0.106 0.000  1.287 0.000
 87.208333  88.208333   18.41 0.000   3.20 0.000 9.999 0.259000  0.07 0.000  0.057 0.559  0.904 0.000  1.265 0.000   6.291 0.000  2.054 0.000   4.237 0.000 0.030 0.000  0.492 0.559
 90.208333  91.208333   31.70 0.000   3.14 0.000 9.999 0.259000  0.38 0.000  0.232 0.000  0.904 0.000  1.266 0.000  11.765 0.000  1.168 0.000  10.596 0.000 0.029 0.000  1.894 0.000
 93.208333  94.208333   22.92 0.000   2.50 0.000 9.999 0.259000  0.31 0.000  0.166 0.000  1.063 0.000  1.488 0.000   6.944 0.000  1.937 0.000   5.007 0.000 0.029 0.000  0.653 0.000
 96.208333  97.208333   78.86 0.000  12.15 0.000 9.999 0.259000 99.99 0.259  0.599 0.559  2.298 0.000  3.217 0.000  13.661 0.000  5.594 0.000   8.067 0.000 0.056 0.000  0.354 0.559
 99.208333 100.208333   21.31 0.000   2.57 0.000 9.999 0.259000  0.25 0.000  0.377 0.000  1.306 0.000  1.829 0.000   8.007 0.000  1.893 0.000   6.114 0.000 0.032 0.000  0.587 0.000
102.208333 103.208333   21.65 0.000   3.45 0.000 9.999 0.259000  0.19 0.000  0.123 0.000  1.272 0.000  1.780 0.000   9.410 0.000  3.263 0.000   6.147 0.000 0.033 0.000  0.790 0.000
105.208333 106.208333   30.72 0.000   2.40 0.000 0.038 0.000000 99.99 0.259  0.111 0.559  1.202 0.000  1.683 0.000   7.766 0.000  2.595 0.000   5.171 0.000 0.033 0.000  0.538 0.559
108.208333 109.208333   51.55 0.000   9.95 0.000 9.999 0.259000  0.15 0.000  0.145 0.559  3.510 0.000  4.914 0.000  19.371 0.000  4.889 0.000  14.482 0.000 0.091 0.000  1.215 0.559
111.208333 112.208333   77.09 0.000   3.90 0.000 9.999 0.259000  0.56 0.000  0.097 0.000  1.831 0.000  2.563 0.000  14.904 0.000  5.098 0.000   9.806 0.000 0.070 0.000  1.315 0.000
114.208333 115.208333   29.68 0.000   3.68 0.000 9.999 0.259000  0.12 0.000  0.370 0.000  2.212 0.000  3.096 0.000  10.234 0.000  2.698 0.000   7.535 0.000 0.096 0.000  0.652 0.000
117.208333 118.208333   26.87 0.000   1.62 0.000 9.999 0.259000 99.99 0.259  0.117 0.000  0.517 0.000  0.724 0.000   6.605 0.000  2.796 0.000   3.809 0.000 0.023 0.000  0.525 0.000
120.208333 121.208333   92.25 0.000   7.28 0.000 9.999 0.259000  0.34 0.000  0.113 0.559  2.914 0.000  4.079 0.000  23.448 0.000  8.516 0.000  14.932 0.000 0.090 0.000  1.944 0.559
123.208333 124.208333   14.73 0.000   1.63 0.000 9.999 0.259000  0.22 0.000  0.062 0.000  0.600 0.000  0.841 0.000   7.843 0.000  2.017 0.000   5.826 0.000 0.015 0.000  1.136 0.000
126.208333 127.208333   61.57 0.000   4.50 0.000 9.999 0.259000  0.28 0.000  0.133 0.000  2.192 0.000  3.069 0.000  17.625 0.000  6.229 0.000  11.396 0.000 0.051 0.000  1.490 0.000
129.208333 130.208333   71.37 0.000   9.01 0.000 9.999 0.259000  0.30 0.000  0.316 0.000  3.655 0.000  5.118 0.000  21.855 0.000  4.853 0.000  17.002 0.000 0.089 0.000  2.145 0.000
132.208333 133.208333   77.63 0.000   4.58 0.000 9.999 0.259000  0.39 0.000  0.147 0.000  3.549 0.000  4.969 0.000  29.998 0.000  4.304 0.000  25.694 0.000 0.057 0.000  4.066 0.000
135.208333 136.208333   19.85 0.000   3.24 0.000 9.999 0.259000  0.12 0.000  0.082 0.000  1.060 0.000  1.483 0.000   7.598 0.000  3.176 0.000   4.422 0.000 0.030 0.000  0.567 0.000
138.208333 139.208333   40.05 0.000   2.70 0.000 9.999 0.259000  0.21 0.000  0.116 0.000  1.586 0.000  2.221 0.000  16.116 0.000  5.800 0.000  10.316 0.000 0.037 0.000  1.474 0.000
141.208333 142.208333   42.39 0.000   1.94 0.000 9.999 0.259000  0.21 0.000  0.061 0.000  1.055 0.000  1.477 0.000  11.305 0.000  3.884 0.000   7.421 0.000 0.028 0.000  1.093 0.000
144.208333 145.208333   37.72 0.000   2.65 0.000 9.999 0.259000  0.25 0.000  0.049 0.000  2.585 0.000  3.619 0.000  14.376 0.000  6.115 0.000   8.261 0.000 0.033 0.000  1.178 0.000
147.208333 148.208333   39.11 0.000   3.82 0.000 9.999 0.259000  0.23 0.000  0.212 0.000  2.008 0.000  2.811 0.000  16.871 0.000  5.026 0.000  11.845 0.000 0.046 0.000  1.764 0.000
150.208333 151.208333   37.01 0.000   6.18 0.000 9.999 0.259000  0.12 0.000  0.042 0.000  2.392 0.000  3.349 0.000  14.011 0.000  4.980 0.000   9.031 0.000 0.068 0.000  0.916 0.000
153.208333 154.208333   49.95 0.000   6.79 0.000 0.090 0.000000  0.16 0.000  0.113 0.000  1.228 0.000  1.719 0.000   9.625 0.000  3.728 0.000   5.897 0.000 0.033 0.000  0.707 0.000
156.208333 157.208333   27.68 0.000   5.91 0.000 0.122 0.000000  0.21 0.000  0.205 0.000  1.866 0.000  2.612 0.000  11.493 0.000  2.352 0.000   9.141 0.000 0.036 0.000  1.108 0.000
159.208333 160.208333   89.97 0.000   7.13 0.000 9.999 0.259000  0.23 0.000  0.074 0.000  3.408 0.000  4.771 0.000  35.005 0.000  2.257 0.000  32.748 0.000 0.067 0.000  5.522 0.000
162.208333 163.208333   14.56 0.000   2.27 0.000 9.999 0.259000  0.12 0.000  0.045 0.000  1.245 0.000  1.743 0.000   6.454 0.000  2.683 0.000   3.772 0.000 0.097 0.000  0.274 0.000
165.208333 166.208333   35.17 0.394   4.18 0.394 9.999 0.394259  0.21 0.394  0.045 0.394  0.821 0.000  1.149 0.000  11.067 0.000  3.726 0.000   7.341 0.000 0.026 0.394  1.215 0.394
168.208333 169.208333   51.08 0.000   4.22 0.000 9.999 0.259000  0.24 0.000  0.161 0.559  1.701 0.000  2.381 0.000  19.006 0.000  2.982 0.000  16.023 0.000 0.047 0.000  2.700 0.559
171.208333 172.208333   15.18 0.000   3.24 0.000 9.999 0.259000  0.14 0.000  0.059 0.000  2.098 0.000  2.937 0.000   8.415 0.000  2.007 0.000   6.408 0.000 0.108 0.000  0.476 0.000
174.208333 175.208333   32.24 0.394   2.26 0.394 9.999 0.394259  0.43 0.394  0.100 0.394  2.959 0.000  4.143 0.000  13.794 0.000  5.111 0.000   8.683 0.000 0.041 0.394  0.739 0.394
177.208333 178.208333   19.92 0.000   2.48 0.000 9.999 0.259000  0.16 0.000  0.141 0.000  1.553 0.000  2.174 0.000   8.999 0.000  3.521 0.000   5.478 0.000 0.066 0.000  0.424 0.000
180.208333 181.208333   48.94 0.000   3.85 0.000 9.999 0.259000  0.42 0.000  0.289 0.000  1.362 0.000  1.907 0.000  11.476 0.000  2.922 0.000   8.554 0.000 0.032 0.000  0.977 0.000
183.208333 184.208333   50.69 0.000   4.50 0.000 9.999 0.259000  0.11 0.000  0.080 0.000  3.037 0.000  4.251 0.000  23.284 0.000  5.423 0.000  17.861 0.000 0.071 0.000  2.240 0.000
186.208333 187.208333   25.75 0.000   5.85 0.000 0.053 0.000000  0.08 0.000  0.126 0.000  1.795 0.000  2.513 0.000  16.610 0.000  4.164 0.000  12.446 0.000 0.270 0.000  1.813 0.000
189.208333 190.208333   48.46 0.000   2.77 0.000 0.065 0.000000  0.47 0.000  0.076 0.000  1.300 0.000  1.820 0.000  10.889 0.000  4.244 0.000   6.645 0.000 0.039 0.000  0.829 0.000
192.208333 193.208333   35.09 0.000   8.53 0.000 9.999 0.259000  0.22 0.000  0.065 0.000  3.206 0.000  4.488 0.000  24.448 0.000  4.687 0.000  19.760 0.000 0.060 0.000  2.810 0.000
195.208333 196.208333   42.13 0.000   5.01 0.000 9.999 0.259000  0.27 0.000  0.098 0.000  1.553 0.000  2.174 0.000  15.482 0.000  4.341 0.000  11.141 0.000 0.044 0.000  1.702 0.000
198.208333 199.208333   34.64 0.000   6.49 0.000 9.999 0.259000 99.99 0.259  0.064 0.000  6.933 0.000  9.706 0.000  19.935 0.000  3.831 0.000  16.104 0.000 0.125 0.000  0.715 0.000
201.208333 202.208333   53.37 0.000   4.91 0.000 0.034 0.000000  0.18 0.000  0.128 0.000  6.062 0.000  8.487 0.000  24.149 0.000  4.291 0.000  19.858 0.000 0.100 0.000  1.678 0.000
204.208333 205.208333   19.53 0.000   3.14 0.000 9.999 0.259000  0.30 0.000  0.145 0.000  1.450 0.000  2.030 0.000  11.054 0.000  4.109 0.000   6.944 0.000 0.031 0.000  0.812 0.000
207.208333 208.208333    7.56 0.000   4.28 0.000 9.999 0.259000  0.45 0.000  0.022 0.000  1.732 0.000  2.424 0.000   8.506 0.000  2.045 0.000   6.461 0.000 0.026 0.000  0.682 0.000
210.208333 211.208333   38.30 0.000   4.32 0.000 9.999 0.259000  0.14 0.000  0.102 0.000  2.089 0.000  2.925 0.000  14.133 0.000  2.151 0.000  11.981 0.000 0.041 0.000  1.588 0.000
213.208333 214.208333   39.35 0.000   4.98 0.000 9.999 0.259000  0.36 0.000  0.110 0.000  2.660 0.000  3.723 0.000  21.402 0.000  4.206 0.000  17.196 0.000 0.061 0.000  2.552 0.000
216.208333 217.208333   18.67 0.000   2.49 0.000 9.999 0.259000 99.99 0.259  0.126 0.000  2.608 0.000  3.651 0.000  13.031 0.000  3.175 0.000   9.856 0.000 0.037 0.000  1.103 0.000
219.208333 220.208333   15.83 0.000   5.48 0.000 9.999 0.259000  0.16 0.000  0.041 0.000  2.080 0.000  2.913 0.000   5.556 0.000 99.999 0.259   5.598 0.000 0.071 0.000  0.284 0.000
222.208333 223.208333   49.17 0.000   5.61 0.000 9.999 0.259000  0.23 0.000  0.054 0.000  2.911 0.000  4.076 0.000  29.350 0.000  6.588 0.000  22.761 0.000 0.057 0.000  3.558 0.000
225.208333 226.208333   23.23 0.000   2.28 0.000 9.999 0.259000  0.13 0.000  0.101 0.000  1.193 0.000  1.670 0.000  10.907 0.000  2.399 0.000   8.508 0.000 0.038 0.000  1.348 0.000
228.208333 229.208333   22.18 0.000   6.11 0.000 9.999 0.259000  0.14 0.000  0.077 0.000  2.571 0.000  3.600 0.000  11.193 0.000  2.281 0.000   8.912 0.000 0.056 0.000  0.940 0.000
231.208333 232.208333   59.58 0.000   4.32 0.000 9.999 0.259000  0.40 0.000  0.236 0.000  2.062 0.000  2.887 0.000  14.998 0.000  2.982 0.000  12.017 0.000 0.046 0.000  2.275 0.000
234.208333 235.208333   17.25 0.000   4.56 0.000 9.999 0.259000 99.99 0.259  0.061 0.000  2.975 0.000  4.166 0.000  10.621 0.000  1.933 0.000   8.688 0.000 0.147 0.000  0.577 0.000
237.208333 238.208333   57.25 0.000   4.28 0.000 9.999 0.259000  0.29 0.000  0.030 0.000  3.614 0.000  5.059 0.000  33.017 0.000  4.001 0.000  29.016 0.000 0.061 0.000  4.561 0.000
240.208333 241.208333   46.74 0.000   3.60 0.000 9.999 0.259000  0.20 0.000  0.043 0.000  1.710 0.000  2.394 0.000  15.960 0.000  4.795 0.000  11.165 0.000 0.047 0.000  1.629 0.000
243.208333 244.208333   35.63 0.000   2.51 0.000 0.076 0.000000  0.31 0.000  0.074 0.000  1.612 0.000  2.257 0.000  12.082 0.000  3.710 0.000   8.372 0.000 0.025 0.000  1.181 0.000
246.208333 247.208333   77.61 0.000   5.11 0.000 0.166 0.000000  0.35 0.000  0.050 0.000  2.583 0.000  3.616 0.000  24.203 0.000  5.955 0.000  18.248 0.000 0.057 0.000  3.058 0.000
249.208333 250.208333   11.88 0.000   1.57 0.000 0.097 0.000000  0.41 0.000  0.052 0.000  1.303 0.000  1.824 0.000  13.807 0.000  3.977 0.000   9.830 0.000 0.024 0.000  1.706 0.000
252.208333 253.208333 9999.99 0.999 999.99 0.999 9.999 0.999000 99.99 0.999 99.999 0.999 99.999 0.999 99.999 0.999 999.999 0.999 99.999 0.999 999.999 0.999 9.999 0.999 99.999 0.999
255.208333 256.208333   37.26 0.000  16.14 0.000 9.999 0.259000  0.14 0.000  0.043 0.000  2.988 0.000  4.183 0.000  22.395 0.000  3.252 0.000  19.142 0.000 0.062 0.000  2.912 0.000
258.208333 259.208333   43.12 0.000   3.43 0.000 9.999 0.259000  0.69 0.000  0.034 0.000  1.873 0.000  2.622 0.000  26.103 0.000  3.316 0.000  22.787 0.000 0.031 0.000  4.148 0.000
261.208333 262.208333   16.14 0.000   1.89 0.000 9.999 0.259000 99.99 0.259  0.025 0.000  1.154 0.000  1.616 0.000   6.082 0.000  2.801 0.000   3.280 0.000 0.061 0.000  0.295 0.000
