scripts/IMPROVE-2019_partial/data/US9013R.20040101070000.20191216000000.filterpack..pm25.52w.1w.US03L_filterpack_US9013.US03L_IMPROVE_Davis.lev2.nas
66 1001
MISSING INFORMATION
US03L, IMPROVE, , , , , , , 
MISSING INFORMATION
IMPROVE sel_HTAP
1 1
2004 01 01 2019 12 16
3.000000
days from file reference point
27
1 1 1 1 1 1 1 1 1 1 1 1 1 1 1 1 1 1 1 1 1 1 1 1 1 1 1
999.999999 999.99 9.999 99.99 9.999 9.999 9.999999 9.99 9.999 9.999 9.999 99.999 9.999 999.999 9.999 99.99 9.999999 999.999 9.999 99.999 9.999 999.999 9.999 9.999 9.999 9.999 9.999
end_time of measurement, days from the file reference point
iron, ng/m3, Revision date=20181210133000
numflag iron, no unit, Revision date=20181210133000
lead, ng/m3, Revision date=20181210133000
numflag lead, no unit, Revision date=20181210133000
magnesium, ug/m3, Revision date=20181210133000
numflag magnesium, no unit, Revision date=20181210133000
nickel, ng/m3, Revision date=20181210133000
numflag nickel, no unit, Revision date=20181210133000
nitrate, ug N/m3, Revision date=20181210133000
numflag nitrate, no unit, Revision date=20181210133000
organic_carbon, ug C/m3, Revision date=20181210133000
numflag organic_carbon, no unit, Revision date=20181210133000
organic_mass, ug/m3, Revision date=20181210133000
numflag organic_mass, no unit, Revision date=20181210133000
phosphorus, ng/m3, Revision date=20181210133000
numflag phosphorus, no unit, Revision date=20181210133000
pm10_mass, ug/m3, Version=2, Version description=Data extracted from http://views.cira.colostate.edu/fed/DataWizard 2019-12-16, Sample duration=1d, Orig. time res.=3d, Matrix=pm10, Blank correction=Blank corrected, Volume std. temperature=ambient, Volume std. pressure=ambient
numflag pm10_mass, no unit, Version=2, Version description=Data extracted from http://views.cira.colostate.edu/fed/DataWizard 2019-12-16, Sample duration=1d, Orig. time res.=3d, Matrix=pm10, Blank correction=Blank corrected, Volume std. temperature=ambient, Volume std. pressure=ambient
pm10_pm25_mass, ug/m3, Revision date=20181210133000, Matrix=pm10_pm25
numflag pm10_pm25_mass, no unit, Revision date=20181210133000, Matrix=pm10_pm25
pm25_mass, ug/m3, Version=2, Version description=Data extracted from http://views.cira.colostate.edu/fed/DataWizard 2019-12-16, Sample duration=1d, Orig. time res.=3d, Blank correction=Blank corrected, Volume std. temperature=ambient, Volume std. pressure=ambient
numflag pm25_mass, no unit, Version=2, Version description=Data extracted from http://views.cira.colostate.edu/fed/DataWizard 2019-12-16, Sample duration=1d, Orig. time res.=3d, Blank correction=Blank corrected, Volume std. temperature=ambient, Volume std. pressure=ambient
potassium, ug/m3, Revision date=20181210133000
numflag potassium, no unit, Revision date=20181210133000
sulphate_total, ug S/m3, Revision date=20181210133000
numflag sulphate_total, no unit, Revision date=20181210133000
0
25
Data definition:              EBAS_1.1
Set type code:                TU
Timezone:                     UTC
File name:                    US9013R.20040101070000.20191216000000.filterpack..pm25.52w.1w.US03L_filterpack_US9013.US03L_IMPROVE_Davis.lev2.nas
File creation:                20191218120602
Startdate:                    20040101070000
Revision date:                20191216000000
Statistics:                   arithmetic mean
Data level:                   2
Period code:                  52w
Resolution code:              1w
Station code:                 US9013R
Platform code:                US9013S
Station name:                 Northern Cheyenne
Station latitude:             45.6495
Station longitude:            -106.5574
Station altitude:             1283.0 m
Regime:                       IMG
Component:                    
Matrix:                       pm25
Laboratory code:              US03L
Instrument type:              filterpack
Instrument name:              filterpack_US9013
Method ref:                   US03L_IMPROVE_Davis
starttime endtime Fe flag_Fe Pb flag_Pb Mg++ flag_Mg++ Ni flag_Ni NO3- flag_NO3- OC flag_OC OM flag_OM P flag_P PM10 flag_PM10 PM10-PM2.5 flag_PM10-PM2.5 PM2.5 flag_PM2.5 K+ flag_K+ SO4-- flag_SO4--
[from data line 84]
252.291667 253.291667  33.01 0.000  0.39 0.000 9.999 0.259000 9.99 0.259 0.016 0.000  0.757 0.000   1.059 0.000 99.99 0.259000   7.627 0.000  4.677 0.000   2.950 0.000 0.026 0.000 0.172 0.000
255.291667 256.291667  19.36 0.000  0.55 0.000 0.089 0.000000 9.99 0.259 0.008 0.000  0.283 0.000   0.397 0.000  7.14 0.000000   5.198 0.000  3.791 0.000   1.407 0.000 0.015 0.000 0.089 0.000
258.291667 259.291667   4.29 0.000  0.23 0.000 9.999 0.259000 9.99 0.259 0.010 0.000  0.176 0.000   0.246 0.000 99.99 0.259000   1.511 0.000  0.723 0.000   0.788 0.000 0.005 0.000 0.070 0.000
261.291667 262.291667  31.70 0.000  0.51 0.000 9.999 0.259000 9.99 0.259 0.036 0.000  0.632 0.000   0.885 0.000 99.99 0.259000   8.122 0.000  4.929 0.000   3.193 0.000 0.028 0.000 0.248 0.000
264.291667 265.291667   4.93 0.000 99.99 0.259 0.134 0.000000 9.99 0.259 0.042 0.000  0.267 0.000   0.374 0.000  3.13 0.000000   1.225 0.000  0.318 0.000   0.907 0.000 0.005 0.000 0.066 0.000
267.291667 268.291667  10.25 0.000  0.39 0.000 9.999 0.259000 9.99 0.259 0.010 0.000  0.495 0.000   0.692 0.000 99.99 0.259000   3.939 0.000  2.097 0.000   1.842 0.000 0.014 0.000 0.143 0.000
270.291667 271.291667  37.54 0.000  0.38 0.000 9.999 0.259000 9.99 0.259 0.025 0.000  1.048 0.000   1.466 0.000 99.99 0.259000  13.351 0.000  9.775 0.000   3.577 0.000 0.031 0.000 0.188 0.000
273.291667 274.291667  32.50 0.000  0.45 0.000 9.999 0.259000 9.99 0.259 0.031 0.000  0.816 0.000   1.143 0.000 99.99 0.259000   7.884 0.000  4.320 0.000   3.564 0.000 0.021 0.000 0.249 0.000
276.291667 277.291667  28.27 0.000  0.45 0.000 9.999 0.259000 9.99 0.259 0.013 0.000  0.991 0.000   1.387 0.000 99.99 0.259000   7.972 0.000  4.574 0.000   3.398 0.000 0.018 0.000 0.193 0.000
279.291667 280.291667  31.30 0.000  0.44 0.000 9.999 0.259000 9.99 0.259 0.015 0.000  1.748 0.000   2.447 0.000 99.99 0.259000   8.823 0.000  4.042 0.000   4.782 0.000 0.029 0.000 0.159 0.000
282.291667 283.291667  36.47 0.000  0.61 0.000 9.999 0.259000 9.99 0.259 0.014 0.000  0.701 0.000   0.981 0.000 99.99 0.259000   7.269 0.000  4.730 0.000   2.539 0.000 0.034 0.000 0.145 0.000
285.291667 286.291667  25.55 0.000  0.61 0.000 9.999 0.259000 9.99 0.259 0.015 0.000  0.481 0.000   0.673 0.000 99.99 0.259000   6.915 0.000  4.959 0.000   1.956 0.000 0.019 0.000 0.101 0.000
288.291667 289.291667  39.97 0.000  0.32 0.000 0.092 0.000000 9.99 0.259 0.047 0.000  0.299 0.000   0.419 0.000 99.99 0.259000   3.000 0.000  0.816 0.000   2.183 0.000 0.022 0.000 0.153 0.000
291.291667 292.291667  10.06 0.000  0.21 0.000 9.999 0.259000 9.99 0.259 0.084 0.000  0.493 0.000   0.691 0.000 99.99 0.259000   2.383 0.000  0.731 0.000   1.652 0.000 0.014 0.000 0.133 0.000
294.291667 295.291667   7.53 0.000  0.54 0.000 9.999 0.259000 9.99 0.259 0.089 0.000  0.752 0.000   1.054 0.000  7.80 0.000000   2.721 0.000  0.243 0.000   2.478 0.000 0.010 0.000 0.192 0.000
297.291667 298.291667  11.43 0.000  1.17 0.000 9.999 0.259000 0.18 0.000 0.020 0.000  0.441 0.000   0.617 0.000 99.99 0.259000   2.794 0.000  0.469 0.000   2.325 0.000 0.027 0.000 0.211 0.000
300.291667 301.291667  19.56 0.000  0.93 0.000 9.999 0.259000 9.99 0.259 0.087 0.000  0.879 0.000   1.231 0.000 99.99 0.259000   5.260 0.000  1.527 0.000   3.732 0.000 0.019 0.000 0.365 0.000
303.291667 304.291667  16.13 0.000  1.03 0.000 0.172 0.000000 0.17 0.000 0.040 0.000  1.156 0.000   1.619 0.000 99.99 0.259000   4.299 0.000  0.597 0.000   3.702 0.000 0.036 0.000 0.238 0.000
306.291667 307.291667   4.99 0.000  0.59 0.000 9.999 0.259000 9.99 0.259 0.010 0.000  0.212 0.000   0.297 0.000 99.99 0.259000   1.240 0.000  0.481 0.000   0.760 0.000 0.007 0.000 0.042 0.000
309.291667 310.291667   9.40 0.000  0.45 0.000 9.999 0.259000 9.99 0.259 0.007 0.000  0.246 0.000   0.344 0.000 99.99 0.259000   2.180 0.000  1.033 0.000   1.147 0.000 0.007 0.000 0.108 0.000
312.291667 313.291667  19.51 0.000  0.62 0.000 9.999 0.259000 0.17 0.000 0.006 0.000  0.386 0.000   0.541 0.000 99.99 0.259000   3.105 0.000  1.789 0.000   1.316 0.000 0.012 0.000 0.104 0.000
315.291667 316.291667  33.49 0.000  0.95 0.000 0.091 0.000000 9.99 0.259 0.035 0.000  0.822 0.000   1.150 0.000 99.99 0.259000   5.746 0.000  3.149 0.000   2.597 0.000 0.037 0.000 0.238 0.000
318.291667 319.291667  24.51 0.000  1.08 0.000 9.999 0.259000 9.99 0.259 0.067 0.000  0.599 0.000   0.838 0.000 99.99 0.259000   5.126 0.000  2.305 0.000   2.820 0.000 0.022 0.000 0.242 0.000
321.291667 322.291667  21.92 0.000  0.93 0.000 9.999 0.259000 9.99 0.259 0.014 0.000  0.466 0.000   0.652 0.000 99.99 0.259000   4.931 0.000  2.425 0.000   2.506 0.000 0.017 0.000 0.205 0.000
324.291667 325.291667   9.82 0.000  0.54 0.000 0.086 0.000000 0.14 0.000 0.089 0.000  0.569 0.000   0.796 0.000 99.99 0.259000   3.059 0.000  1.105 0.000   1.954 0.000 0.018 0.000 0.216 0.000
327.291667 328.291667   5.29 0.000 99.99 0.259 9.999 0.259000 9.99 0.259 0.062 0.000  0.377 0.000   0.528 0.000 99.99 0.259000   2.078 0.000  0.567 0.000   1.511 0.000 0.006 0.000 0.161 0.000
330.291667 331.291667   4.54 0.000  0.38 0.000 9.999 0.259000 9.99 0.259 0.108 0.000  0.229 0.000   0.320 0.000 99.99 0.259000   2.356 0.000  1.360 0.000   0.996 0.000 0.005 0.000 0.119 0.000
333.291667 334.291667   3.32 0.000 99.99 0.259 9.999 0.259000 9.99 0.259 0.024 0.000  0.132 0.000   0.185 0.000 99.99 0.259000   1.571 0.000  0.796 0.000   0.775 0.000 0.006 0.000 0.103 0.000
336.291667 337.291667  16.14 0.000  0.32 0.000 0.049 0.000000 0.15 0.000 0.019 0.000  0.287 0.000   0.401 0.000 99.99 0.259000   4.068 0.000  2.805 0.000   1.263 0.000 0.014 0.000 0.082 0.000
339.291667 340.291667  12.45 0.000  0.74 0.000 0.048 0.000000 9.99 0.259 0.030 0.000  0.500 0.000   0.700 0.000 99.99 0.259000   3.616 0.000  1.425 0.000   2.191 0.000 0.013 0.000 0.157 0.000
342.291667 343.291667  23.94 0.000  0.61 0.000 0.063 0.000000 9.99 0.259 0.008 0.000  0.145 0.000   0.203 0.000 99.99 0.259000   3.309 0.000  2.365 0.000   0.944 0.000 0.012 0.000 0.091 0.000
345.291667 346.291667  12.82 0.000  0.12 0.000 9.999 0.259000 9.99 0.259 0.007 0.000  0.127 0.000   0.178 0.000 99.99 0.259000   5.482 0.000  4.687 0.000   0.795 0.000 0.010 0.000 0.065 0.000
348.291667 349.291667  10.58 0.000  0.38 0.000 0.056 0.000000 9.99 0.259 0.008 0.000  0.173 0.000   0.242 0.000 99.99 0.259000   2.001 0.000  1.212 0.000   0.789 0.000 0.008 0.000 0.069 0.000
351.291667 352.291667  12.68 0.000  0.40 0.000 9.999 0.259000 9.99 0.259 0.005 0.559  0.158 0.000   0.221 0.000 99.99 0.259000   2.355 0.000  1.700 0.000   0.656 0.000 0.009 0.000 0.034 0.559
354.291667 355.291667   7.71 0.000  0.37 0.000 9.999 0.259000 0.16 0.000 0.008 0.559  0.117 0.000   0.164 0.000 99.99 0.259000   3.390 0.000  2.970 0.000   0.419 0.000 0.006 0.000 0.041 0.559
357.291667 358.291667   8.07 0.000  0.63 0.000 9.999 0.259000 9.99 0.259 0.079 0.559  0.371 0.000   0.519 0.000 99.99 0.259000   4.827 0.000  3.200 0.000   1.627 0.000 0.013 0.000 0.179 0.559
360.291667 361.291667   7.40 0.000  0.45 0.000 0.064 0.000000 9.99 0.259 0.027 0.000  0.251 0.000   0.351 0.000 99.99 0.259000   1.562 0.000  0.604 0.000   0.958 0.000 0.007 0.000 0.106 0.000
363.291667 364.291667  10.07 0.000  0.47 0.000 9.999 0.259000 0.11 0.000 0.018 0.559  0.420 0.000   0.589 0.000 99.99 0.259000   2.234 0.000  0.535 0.000   1.699 0.000 0.026 0.000 0.137 0.559
