scripts/IMPROVE-2019_partial/data/US9010R.20050101050000.20191216000000.filterpack..pm25.52w.1w.US03L_filterpack_US9010.US03L_IMPROVE_Davis.lev2.nas
66 1001
MISSING INFORMATION
US03L, IMPROVE, , , , , , , 
MISSING INFORMATION
IMPROVE sel_HTAP
1 1
2005 01 01 2019 12 16
3.000000
days from file reference point
27
1 1 1 1 1 1 1 1 1 1 1 1 1 1 1 1 1 1 1 1 1 1 1 1 1 1 1
999.999999 999.99 9.999 99.99 9.999 9.999 9.999999 99.99 9.999 9.999 9.999 999.999 9.999 999.999 9.999 999.99 9.999999 999.999 9.999 99.999 9.999 999.999 9.999 9.999 9.999 99.999 9.999
end_time of measurement, days from the file reference point
iron, ng/m3, Revision date=20181210133000
numflag iron, no unit, Revision date=20181210133000
lead, ng/m3, Revision date=20181210133000
numflag lead, no unit, Revision date=20181210133000
magnesium, ug/m3, Revision date=20181210133000
numflag magnesium, no unit, Revision date=20181210133000
nickel, ng/m3, Revision date=20181210133000
numflag nickel, no unit, Revision date=20181210133000
nitrate, ug N/m3, Revision date=20181210133000
numflag nitrate, no unit, Revision date=20181210133000
organic_carbon, ug C/m3, Revision date=20181210133000
numflag organic_carbon, no unit, Revision date=20181210133000
organic_mass, ug/m3, Revision date=20181210133000
numflag organic_mass, no unit, Revision date=20181210133000
phosphorus, ng/m3, Revision date=20181210133000
numflag phosphorus, no unit, Revision date=20181210133000
pm10_mass, ug/m3, Version=2, Version description=Data extracted from http://views.cira.colostate.edu/fed/DataWizard 2019-12-16, Sample duration=1d, Orig. time res.=3d, Matrix=pm10, Blank correction=Blank corrected, Volume std. temperature=ambient, Volume std. pressure=ambient
numflag pm10_mass, no unit, Version=2, Version description=Data extracted from http://views.cira.colostate.edu/fed/DataWizard 2019-12-16, Sample duration=1d, Orig. time res.=3d, Matrix=pm10, Blank correction=Blank corrected, Volume std. temperature=ambient, Volume std. pressure=ambient
pm10_pm25_mass, ug/m3, Revision date=20181210133000, Matrix=pm10_pm25
numflag pm10_pm25_mass, no unit, Revision date=20181210133000, Matrix=pm10_pm25
pm25_mass, ug/m3, Version=2, Version description=Data extracted from http://views.cira.colostate.edu/fed/DataWizard 2019-12-16, Sample duration=1d, Orig. time res.=3d, Blank correction=Blank corrected, Volume std. temperature=ambient, Volume std. pressure=ambient
numflag pm25_mass, no unit, Version=2, Version description=Data extracted from http://views.cira.colostate.edu/fed/DataWizard 2019-12-16, Sample duration=1d, Orig. time res.=3d, Blank correction=Blank corrected, Volume std. temperature=ambient, Volume std. pressure=ambient
potassium, ug/m3, Revision date=20181210133000
numflag potassium, no unit, Revision date=20181210133000
sulphate_total, ug S/m3, Revision date=20181210133000
numflag sulphate_total, no unit, Revision date=20181210133000
0
25
Data definition:              EBAS_1.1
Set type code:                TU
Timezone:                     UTC
File name:                    US9010R.20050101050000.20191216000000.filterpack..pm25.52w.1w.US03L_filterpack_US9010.US03L_IMPROVE_Davis.lev2.nas
File creation:                20191218120548
Startdate:                    20050101050000
Revision date:                20191216000000
Statistics:                   arithmetic mean
Data level:                   2
Period code:                  52w
Resolution code:              1w
Station code:                 US9010R
Platform code:                US9010S
Station name:                 Moosehorn NWR
Station latitude:             45.1259
Station longitude:            -67.2661
Station altitude:             77.0 m
Regime:                       IMG
Component:                    
Matrix:                       pm25
Laboratory code:              US03L
Instrument type:              filterpack
Instrument name:              filterpack_US9010
Method ref:                   US03L_IMPROVE_Davis
starttime endtime Fe flag_Fe Pb flag_Pb Mg++ flag_Mg++ Ni flag_Ni NO3- flag_NO3- OC flag_OC OM flag_OM P flag_P PM10 flag_PM10 PM10-PM2.5 flag_PM10-PM2.5 PM2.5 flag_PM2.5 K+ flag_K+ SO4-- flag_SO4--
  0.208333   1.208333   9.00 0.000  1.13 0.000 0.022 0.000000  0.60 0.000 0.177 0.000   0.912 0.000   1.642 0.000 999.99 0.259000   7.027 0.000  1.260 0.000   5.766 0.000 0.046 0.000  0.818 0.000
  3.208333   4.208333   8.63 0.000  1.40 0.000 9.999 0.259000  0.43 0.000 0.030 0.000   0.878 0.000   1.581 0.000 999.99 0.259000   4.771 0.000  0.403 0.000   4.375 0.000 0.065 0.000  0.575 0.000
  6.208333   7.208333  11.29 0.000  1.96 0.000 9.999 0.259000  0.78 0.000 0.094 0.000   0.954 0.000   1.718 0.000 999.99 0.259000   4.996 0.000  0.383 0.000   4.613 0.000 0.070 0.000  0.476 0.000
  9.208333  10.208333   8.67 0.000  1.24 0.000 0.010 0.000000  0.94 0.000 0.055 0.000   1.070 0.000   1.927 0.000 999.99 0.259000   7.769 0.000  0.703 0.000   7.063 0.000 0.035 0.000  1.079 0.000
 12.208333  13.208333   2.39 0.000  0.90 0.000 9.999 0.259000  0.65 0.000 0.026 0.000   0.577 0.000   1.038 0.000 999.99 0.259000   2.763 0.000  0.136 0.000   2.627 0.000 0.019 0.000  0.407 0.000
 15.208333  16.208333  15.99 0.000  0.91 0.000 0.012 0.000000  0.19 0.000 0.099 0.000   1.569 0.000   2.825 0.000 999.99 0.259000   5.567 0.000  1.598 0.000   3.969 0.000 0.046 0.000  0.313 0.000
 18.208333  19.208333  13.24 0.000  1.09 0.000 0.042 0.000000  0.33 0.000 0.110 0.559   0.642 0.000   1.156 0.000 999.99 0.259000   4.311 0.000  1.135 0.000   3.175 0.000 0.050 0.000  0.214 0.559
 21.208333  22.208333   9.20 0.000  1.39 0.000 0.029 0.000000  0.29 0.000 0.057 0.559   0.600 0.000   1.081 0.000 999.99 0.259000   3.012 0.000  0.202 0.000   2.812 0.000 0.036 0.000  0.314 0.559
 24.208333  25.208333   8.61 0.000  1.57 0.000 9.999 0.259000  0.50 0.000 0.106 0.000   0.485 0.000   0.873 0.000 999.99 0.259000   3.759 0.000  0.606 0.000   3.160 0.000 0.148 0.000  0.377 0.000
 27.208333  28.208333   9.79 0.000  0.76 0.000 9.999 0.259000  0.32 0.000 0.040 0.559   0.591 0.000   1.064 0.000 999.99 0.259000   3.523 0.000  1.419 0.000   2.103 0.000 0.044 0.000  0.219 0.559
 30.208333  31.208333  18.94 0.000  0.93 0.000 0.009 0.000000  0.18 0.000 0.062 0.559   1.031 0.000   1.856 0.000 999.99 0.259000   4.816 0.000  1.667 0.000   3.148 0.000 0.046 0.000  0.258 0.559
 33.208333  34.208333  17.65 0.000  1.30 0.000 9.999 0.259000  1.42 0.000 0.085 0.559   2.236 0.000   4.024 0.000 999.99 0.259000  11.780 0.000  1.823 0.000   9.953 0.000 0.067 0.000  1.207 0.559
 36.208333  37.208333  10.20 0.000  0.79 0.000 9.999 0.259000  0.25 0.000 0.034 0.000   0.713 0.000   1.283 0.000 999.99 0.259000   4.713 0.000  1.226 0.000   3.487 0.000 0.023 0.000  0.446 0.000
 39.208333  40.208333  12.39 0.000  2.18 0.000 9.999 0.259000  0.99 0.000 0.092 0.000   2.236 0.000   4.025 0.000 999.99 0.259000   8.416 0.000  0.865 0.000   7.549 0.000 0.079 0.000  0.701 0.000
 42.208333  43.208333   7.44 0.000  1.61 0.000 9.999 0.259000  0.33 0.000 0.015 0.000   0.378 0.000   0.681 0.000 999.99 0.259000   2.312 0.000  0.561 0.000   1.751 0.000 0.023 0.000  0.196 0.000
 45.208333  46.208333   2.49 0.000  0.25 0.000 0.031 0.000000  0.24 0.000 0.033 0.000   0.184 0.000   0.330 0.000 999.99 0.259000   3.808 0.000  1.304 0.000   2.525 0.000 0.016 0.000  0.287 0.000
 48.208333  49.208333  20.29 0.000  1.17 0.000 9.999 0.259000  0.27 0.000 0.042 0.000   0.794 0.000   1.429 0.000 999.99 0.259000   6.330 0.000  2.501 0.000   3.828 0.000 0.047 0.000  0.425 0.000
 51.208333  52.208333  14.85 0.000  1.15 0.000 9.999 0.259000  0.45 0.000 0.068 0.559   0.745 0.000   1.340 0.000 999.99 0.259000   5.461 0.000  1.996 0.000   3.464 0.000 0.044 0.000  0.329 0.559
 54.208333  55.208333  15.03 0.000  0.47 0.000 9.999 0.259000 99.99 0.259 0.041 0.000   0.729 0.000   1.313 0.000 999.99 0.259000   4.495 0.000  1.961 0.000   2.534 0.000 0.034 0.000  0.242 0.000
 57.208333  58.208333  12.00 0.000  0.31 0.000 9.999 0.259000  0.33 0.000 0.044 0.000   0.397 0.000   0.715 0.000 999.99 0.259000   3.699 0.000  1.399 0.000   2.300 0.000 0.095 0.000  0.257 0.000
 60.208333  61.208333   8.21 0.000  1.07 0.000 9.999 0.259000  0.26 0.000 0.033 0.000   0.556 0.000   1.002 0.000 999.99 0.259000   2.674 0.000  0.296 0.000   2.378 0.000 0.030 0.000  0.281 0.000
 63.208333  64.208333  14.20 0.000  2.12 0.000 9.999 0.259000  0.32 0.000 0.035 0.000   0.460 0.000   0.828 0.000 999.99 0.259000   3.443 0.000  0.897 0.000   2.545 0.000 0.076 0.000  0.299 0.000
 66.208333  67.208333  15.13 0.000  1.30 0.000 0.154 0.000000  0.48 0.000 0.205 0.000   1.230 0.000   2.214 0.000 999.99 0.259000  16.409 0.000  5.566 0.000  10.932 0.000 0.084 0.000  1.246 0.000
 69.208333  70.208333  12.26 0.000  2.12 0.000 9.999 0.259000  0.38 0.000 0.081 0.000   0.767 0.000   1.381 0.000 999.99 0.259000   5.254 0.000  1.489 0.000   3.764 0.000 0.048 0.000  0.494 0.000
 72.208333  73.208333   7.25 0.000  1.74 0.000 9.999 0.259000  0.60 0.000 0.038 0.000   0.469 0.000   0.845 0.000 999.99 0.259000   6.013 0.000  1.933 0.000   4.080 0.000 0.158 0.000  0.639 0.000
 75.208333  76.208333  20.10 0.000  1.29 0.000 0.012 0.000000  0.39 0.000 0.060 0.000   0.735 0.000   1.322 0.000 999.99 0.259000   5.643 0.000  1.930 0.000   3.712 0.000 0.055 0.000  0.460 0.000
 78.208333  79.208333  13.87 0.000  0.57 0.000 9.999 0.259000 99.99 0.259 0.039 0.000   0.413 0.000   0.743 0.000 999.99 0.259000   3.041 0.000  0.766 0.000   2.274 0.000 0.098 0.000  0.267 0.000
 81.208333  82.208333  15.44 0.000  0.86 0.000 9.999 0.259000  0.28 0.000 0.028 0.000   0.335 0.000   0.603 0.000 999.99 0.259000   4.120 0.000  1.953 0.000   2.166 0.000 0.038 0.000  0.293 0.000
 84.208333  85.208333  15.03 0.000  1.66 0.000 0.006 0.000000 99.99 0.259 0.025 0.000   0.322 0.000   0.579 0.000 999.99 0.259000   4.217 0.000  1.473 0.000   2.743 0.000 0.037 0.000  0.417 0.000
 87.208333  88.208333   0.91 0.000  0.66 0.000 9.999 0.259000  0.22 0.000 0.002 0.000   0.104 0.000   0.188 0.000 999.99 0.259000   0.413 0.000  0.085 0.000   0.329 0.000 0.002 0.000  0.055 0.000
 90.208333  91.208333   6.68 0.000  0.75 0.000 0.022 0.000000 99.99 0.259 0.025 0.000   0.227 0.000   0.408 0.000 999.99 0.259000   2.832 0.000  0.432 0.000   2.400 0.000 0.019 0.000  0.353 0.000
 93.208333  94.208333   3.17 0.000  0.51 0.000 0.056 0.000000  0.38 0.000 0.122 0.000   0.435 0.000   0.782 0.000 999.99 0.259000   5.765 0.000  0.923 0.000   4.840 0.000 0.018 0.000  0.828 0.000
 96.208333  97.208333   8.63 0.000  1.03 0.000 0.008 0.000000  0.45 0.000 0.046 0.000   0.613 0.000   1.103 0.000 999.99 0.259000   6.152 0.000  2.797 0.000   3.354 0.000 0.032 0.000  0.434 0.000
 99.208333 100.208333  12.33 0.000  3.41 0.000 9.999 0.259000  0.29 0.000 0.023 0.000   0.807 0.000   1.452 0.000 999.99 0.259000   4.519 0.000  1.409 0.000   3.109 0.000 0.033 0.000  0.342 0.000
102.208333 103.208333   5.24 0.000  0.73 0.000 9.999 0.259000  0.43 0.000 0.026 0.000   0.368 0.000   0.662 0.000 999.99 0.259000   2.695 0.000  0.519 0.000   2.175 0.000 0.053 0.000  0.322 0.000
105.208333 106.208333  17.33 0.000  1.13 0.000 9.999 0.259000  0.28 0.000 0.046 0.000   0.958 0.000   1.725 0.000 999.99 0.259000   4.732 0.000  1.470 0.000   3.260 0.000 0.067 0.000  0.286 0.000
108.208333 109.208333  19.90 0.000  1.00 0.000 9.999 0.259000  0.45 0.000 0.031 0.000   0.686 0.000   1.235 0.000 999.99 0.259000   4.608 0.000  1.942 0.000   2.676 0.000 0.066 0.000  0.258 0.000
111.208333 112.208333  18.02 0.000  1.34 0.000 9.999 0.259000  0.17 0.000 0.023 0.000   0.534 0.000   0.962 0.000 999.99 0.259000   4.302 0.000  1.693 0.000   2.608 0.000 0.091 0.000  0.317 0.000
114.208333 115.208333   5.89 0.000  0.35 0.000 0.044 0.000000 99.99 0.259 0.114 0.000   0.401 0.000   0.721 0.000 999.99 0.259000   6.472 0.000  2.033 0.000   4.438 0.000 0.024 0.000  0.575 0.000
117.208333 118.208333   3.22 0.000  0.53 0.000 9.999 0.259000  0.52 0.000 0.043 0.000   0.395 0.000   0.710 0.000 999.99 0.259000   4.622 0.000  0.477 0.000   4.144 0.000 0.016 0.000  0.741 0.000
120.208333 121.208333   3.12 0.000  1.14 0.000 0.010 0.000000  0.23 0.000 0.012 0.000   0.328 0.000   0.590 0.000 999.99 0.259000   3.783 0.000  0.218 0.000   3.564 0.000 0.028 0.000  0.616 0.000
123.208333 124.208333   8.66 0.394  0.95 0.394 9.999 0.394259  0.13 0.394 0.044 0.394   0.419 0.000   0.755 0.000 999.99 0.394259   4.703 0.000  1.283 0.000   3.433 0.000 0.050 0.394  0.507 0.394
126.208333 127.208333   8.14 0.000  0.93 0.000 9.999 0.259000  0.29 0.000 0.017 0.000   0.462 0.000   0.832 0.000 999.99 0.259000   3.906 0.000  0.626 0.000   3.280 0.000 0.012 0.000  0.444 0.000
129.208333 130.208333  11.40 0.000  2.05 0.000 9.999 0.259000 99.99 0.259 0.016 0.000   0.520 0.000   0.936 0.000 999.99 0.259000   2.874 0.000  0.948 0.000   1.942 0.000 0.018 0.000  0.189 0.000
132.208333 133.208333  20.50 0.000  0.71 0.000 9.999 0.259000  0.07 0.000 0.009 0.000   0.300 0.000   0.541 0.000 999.99 0.259000   3.116 0.000  1.387 0.000   1.729 0.000 0.022 0.000  0.221 0.000
135.208333 136.208333   3.93 0.000  1.46 0.000 9.999 0.259000  0.04 0.000 0.021 0.000   0.390 0.000   0.701 0.000 999.99 0.259000   2.899 0.000  0.617 0.000   2.282 0.000 0.013 0.000  0.314 0.000
138.208333 139.208333   8.04 0.000  0.85 0.000 9.999 0.259000  0.08 0.000 0.020 0.000   0.782 0.000   1.409 0.000 999.99 0.259000   3.794 0.000  1.043 0.000   2.750 0.000 0.030 0.000  0.306 0.000
141.208333 142.208333   0.80 0.000  0.48 0.000 9.999 0.259000 99.99 0.259 0.008 0.000   0.198 0.000   0.356 0.000 999.99 0.259000   1.412 0.000  0.454 0.000   0.958 0.000 0.006 0.000  0.093 0.000
144.208333 145.208333  10.90 0.000  0.26 0.000 0.034 0.000000 99.99 0.259 0.087 0.000   0.459 0.000   0.826 0.000 999.99 0.259000   6.072 0.000  1.940 0.000   4.131 0.000 0.029 0.000  0.612 0.000
147.208333 148.208333   3.12 0.000  0.87 0.000 9.999 0.259000  0.10 0.000 0.011 0.000   0.809 0.000   1.456 0.000  22.80 0.000000   4.796 0.000  2.447 0.000   2.349 0.000 0.041 0.000  0.207 0.000
150.208333 151.208333   1.44 0.000  1.09 0.000 9.999 0.259000  0.58 0.000 0.005 0.000   0.373 0.000   0.671 0.000 999.99 0.259000   2.513 0.000  0.677 0.000   1.846 0.000 0.010 0.000  0.232 0.000
153.208333 154.208333  27.75 0.000  1.79 0.000 9.999 0.259000  0.74 0.000 0.057 0.000   1.378 0.000   2.480 0.000 999.99 0.259000  11.677 0.000  2.379 0.000   9.294 0.000 0.026 0.000  1.386 0.000
156.208333 157.208333   7.53 0.000  0.69 0.000 9.999 0.259000  0.39 0.000 0.042 0.000   1.417 0.000   2.550 0.000 999.99 0.259000   7.062 0.000  3.092 0.000   4.001 0.000 0.040 0.000  0.181 0.000
159.208333 160.208333  13.26 0.000  2.07 0.000 9.999 0.259000  0.25 0.000 0.033 0.000  10.777 0.000  19.399 0.000 999.99 0.259000  25.733 0.000  2.299 0.000  23.421 0.000 0.237 0.000  0.536 0.000
162.208333 163.208333  14.59 0.000  1.20 0.000 0.009 0.000000  1.05 0.000 0.014 0.000   1.657 0.000   2.982 0.000 999.99 0.259000  11.173 0.000  0.477 0.000  10.691 0.000 0.067 0.000  1.419 0.000
165.208333 166.208333   5.95 0.000  0.46 0.000 9.999 0.259000  0.35 0.000 0.032 0.000   0.524 0.000   0.943 0.000 999.99 0.259000   4.507 0.000  2.304 0.000   2.203 0.000 0.017 0.000  0.162 0.000
168.208333 169.208333   0.91 0.000  0.80 0.000 0.008 0.000000 99.99 0.259 0.002 0.000   0.474 0.000   0.854 0.000 999.99 0.259000   3.142 0.000  1.967 0.000   1.174 0.000 0.012 0.000  0.105 0.000
171.208333 172.208333  16.95 0.000  1.24 0.000 9.999 0.259000  0.49 0.000 0.065 0.000   1.680 0.000   3.023 0.000 999.99 0.259000   9.802 0.000  4.069 0.000   5.788 0.000 0.026 0.000  0.543 0.000
174.208333 175.208333  27.55 0.000  1.13 0.000 9.999 0.259000  0.44 0.000 0.039 0.000   1.825 0.000   3.285 0.000 999.99 0.259000  13.871 0.000  8.216 0.000   5.653 0.000 0.030 0.000  0.341 0.000
177.208333 178.208333  19.86 0.000  1.29 0.000 9.999 0.259000  0.83 0.000 0.051 0.000   2.383 0.000   4.289 0.000 999.99 0.259000  17.454 0.000  5.494 0.000  11.958 0.000 0.039 0.000  2.080 0.000
180.208333 181.208333   6.12 0.000  0.53 0.000 9.999 0.259000  0.44 0.000 0.038 0.000   0.985 0.000   1.774 0.000 999.99 0.259000   7.882 0.000  3.846 0.000   4.036 0.000 0.021 0.000  0.497 0.000
183.208333 184.208333   8.42 0.000  0.94 0.000 9.999 0.259000  0.15 0.000 0.016 0.000   1.020 0.000   1.836 0.000 999.99 0.259000   5.682 0.000  2.782 0.000   2.900 0.000 0.135 0.000  0.209 0.000
186.208333 187.208333   8.17 0.000  0.41 0.000 9.999 0.259000  0.29 0.000 0.010 0.000   0.809 0.000   1.455 0.000 999.99 0.259000   5.058 0.000  2.119 0.000   2.940 0.000 0.015 0.000  0.362 0.000
189.208333 190.208333   3.16 0.000  0.59 0.000 9.999 0.259000  0.54 0.000 0.015 0.000   0.798 0.000   1.437 0.000 999.99 0.259000   5.339 0.000  1.230 0.000   4.109 0.000 0.014 0.000  0.521 0.000
192.208333 193.208333   6.78 0.000  0.30 0.000 9.999 0.259000  0.15 0.000 0.023 0.000   1.562 0.000   2.812 0.000 999.99 0.259000   8.189 0.000  2.810 0.000   5.380 0.000 0.029 0.000  0.463 0.000
195.208333 196.208333   5.51 0.000  0.23 0.000 9.999 0.259000  0.26 0.000 0.009 0.000   1.433 0.000   2.580 0.000 999.99 0.259000   5.375 0.000  2.132 0.000   3.243 0.000 0.044 0.000  0.197 0.000
198.208333 199.208333  26.10 0.000  0.72 0.000 9.999 0.259000  0.82 0.000 0.032 0.000   0.988 0.000   1.779 0.000 999.99 0.259000   7.963 0.000  1.246 0.000   6.717 0.000 0.025 0.000  0.978 0.000
201.208333 202.208333  26.16 0.000  0.61 0.000 9.999 0.259000 99.99 0.259 0.011 0.000   2.028 0.000   3.650 0.000 999.99 0.259000   8.498 0.000  3.325 0.000   5.171 0.000 0.049 0.000  0.285 0.000
204.208333 205.208333   4.52 0.000  0.14 0.000 9.999 0.259000 99.99 0.259 0.005 0.000   0.782 0.000   1.407 0.000 999.99 0.259000   3.541 0.000  1.593 0.000   1.947 0.000 0.026 0.000  0.047 0.000
207.208333 208.208333  26.49 0.394  1.44 0.394 9.999 0.394259  1.58 0.394 0.048 0.394   2.479 0.000   4.463 0.000 999.99 0.394259  24.541 0.000  1.353 0.000  23.187 0.000 0.037 0.394  3.941 0.394
210.208333 211.208333   7.01 0.000  0.78 0.000 9.999 0.259000 99.99 0.259 0.008 0.000   1.021 0.000   1.838 0.000 999.99 0.259000   4.567 0.000  1.688 0.000   2.879 0.000 0.051 0.000  0.166 0.000
213.208333 214.208333   5.54 0.000  0.86 0.000 9.999 0.259000  0.42 0.000 0.011 0.000   1.010 0.000   1.818 0.000 999.99 0.259000   6.697 0.000  1.300 0.000   5.389 0.000 0.042 0.000  0.638 0.000
216.208333 217.208333  13.58 0.000  0.66 0.000 9.999 0.259000  0.78 0.000 0.054 0.000   1.511 0.000   2.721 0.000 999.99 0.259000  12.366 0.000  1.884 0.000  10.478 0.000 0.025 0.000  1.505 0.000
219.208333 220.208333  18.92 0.000  1.63 0.000 9.999 0.259000  0.40 0.000 0.032 0.000   2.255 0.000   4.058 0.000 999.99 0.259000  10.790 0.000  3.246 0.000   7.541 0.000 0.085 0.000  0.527 0.000
222.208333 223.208333  14.85 0.000  0.90 0.000 9.999 0.259000  0.40 0.000 0.012 0.000   0.999 0.000   1.799 0.000 999.99 0.259000   7.292 0.000  1.593 0.000   5.714 0.000 0.076 0.000  0.874 0.000
225.208333 226.208333  12.49 0.000  2.44 0.000 9.999 0.259000  0.34 0.000 0.016 0.000   2.016 0.000   3.629 0.000 999.99 0.259000   9.595 0.000  2.409 0.000   7.185 0.000 0.130 0.000  0.690 0.000
228.208333 229.208333  10.17 0.000  0.79 0.000 9.999 0.259000  0.28 0.000 0.008 0.000   0.835 0.000   1.503 0.000 999.99 0.259000   5.384 0.000  1.686 0.000   3.697 0.000 0.042 0.000  0.338 0.000
231.208333 232.208333  11.54 0.000  0.68 0.000 9.999 0.259000  0.43 0.000 0.031 0.000   0.893 0.000   1.608 0.000 999.99 0.259000   5.499 0.000  1.900 0.000   3.598 0.000 0.020 0.000  0.281 0.000
234.208333 235.208333   9.65 0.000  0.56 0.000 9.999 0.259000  0.25 0.000 0.011 0.000   0.935 0.000   1.683 0.000 999.99 0.259000   4.780 0.000  1.692 0.000   3.113 0.000 0.068 0.000  0.255 0.000
237.208333 238.208333  25.09 0.000  0.64 0.000 9.999 0.259000  0.33 0.000 0.015 0.000   1.622 0.000   2.919 0.000 999.99 0.259000   7.888 0.000  3.300 0.000   4.587 0.000 0.171 0.000  0.180 0.000
240.208333 241.208333   3.15 0.000  0.25 0.000 9.999 0.259000  0.95 0.000 0.020 0.000   0.530 0.000   0.954 0.000 999.99 0.259000   5.087 0.000  1.472 0.000   3.614 0.000 0.013 0.000  0.476 0.000
