scripts/IMPROVE-2019_partial/data/US9019R.20050101050000.20191216000000.filterpack..pm25.52w.1w.US03L_filterpack_US9019.US03L_IMPROVE_Davis.lev2.nas
64 1001
MISSING INFORMATION
US03L, IMPROVE, , , , , , , 
MISSING INFORMATION
IMPROVE sel_HTAP
1 1
2005 01 01 2019 12 16
3.000000
days from file reference point
25
1 1 1 1 1 1 1 1 1 1 1 1 1 1 1 1 1 1 1 1 1 1 1 1 1
999.999999 9999.99 9.999 999.99 9.999 9.999 9.999999 99.99 9.999 99.999 9.999 99.999 9.999 99.999 9.999 999.999 9.999 999.999 9.999 999.999 9.999 9.999 9.999 99.999 9.999
end_time of measurement, days from the file reference point
iron, ng/m3, Revision date=20181210133000
numflag iron, no unit, Revision date=20181210133000
lead, ng/m3, Revision date=20181210133000
numflag lead, no unit, Revision date=20181210133000
magnesium, ug/m3, Revision date=20181210133000
numflag magnesium, no unit, Revision date=20181210133000
nickel, ng/m3, Revision date=20181210133000
numflag nickel, no unit, Revision date=20181210133000
nitrate, ug N/m3, Revision date=20181210133000
numflag nitrate, no unit, Revision date=20181210133000
organic_carbon, ug C/m3, Revision date=20181210133000
numflag organic_carbon, no unit, Revision date=20181210133000
organic_mass, ug/m3, Revision date=20181210133000
numflag organic_mass, no unit, Revision date=20181210133000
pm10_mass, ug/m3, Version=2, Version description=Data extracted from http://views.cira.colostate.edu/fed/DataWizard 2019-12-16, Sample duration=1d, Orig. time res.=3d, Matrix=pm10, Blank correction=Blank corrected, Volume std. temperature=ambient, Volume std. pressure=ambient
numflag pm10_mass, no unit, Version=2, Version description=Data extracted from http://views.cira.colostate.edu/fed/DataWizard 2019-12-16, Sample duration=1d, Orig. time res.=3d, Matrix=pm10, Blank correction=Blank corrected, Volume std. temperature=ambient, Volume std. pressure=ambient
pm10_pm25_mass, ug/m3, Revision date=20181210133000, Matrix=pm10_pm25
numflag pm10_pm25_mass, no unit, Revision date=20181210133000, Matrix=pm10_pm25
pm25_mass, ug/m3, Version=2, Version description=Data extracted from http://views.cira.colostate.edu/fed/DataWizard 2019-12-16, Sample duration=1d, Orig. time res.=3d, Blank correction=Blank corrected, Volume std. temperature=ambient, Volume std. pressure=ambient
numflag pm25_mass, no unit, Version=2, Version description=Data extracted from http://views.cira.colostate.edu/fed/DataWizard 2019-12-16, Sample duration=1d, Orig. time res.=3d, Blank correction=Blank corrected, Volume std. temperature=ambient, Volume std. pressure=ambient
potassium, ug/m3, Revision date=20181210133000
numflag potassium, no unit, Revision date=20181210133000
sulphate_total, ug S/m3, Revision date=20181210133000
numflag sulphate_total, no unit, Revision date=20181210133000
0
25
Data definition:              EBAS_1.1
Set type code:                TU
Timezone:                     UTC
File name:                    US9019R.20050101050000.20191216000000.filterpack..pm25.52w.1w.US03L_filterpack_US9019.US03L_IMPROVE_Davis.lev2.nas
File creation:                20191218120622
Startdate:                    20050101050000
Revision date:                20191216000000
Statistics:                   arithmetic mean
Data level:                   2
Period code:                  52w
Resolution code:              1w
Station code:                 US9019R
Platform code:                US9019S
Station name:                 Quaker City
Station latitude:             39.9428
Station longitude:            -81.3378
Station altitude:             366.0 m
Regime:                       IMG
Component:                    
Matrix:                       pm25
Laboratory code:              US03L
Instrument type:              filterpack
Instrument name:              filterpack_US9019
Method ref:                   US03L_IMPROVE_Davis
starttime endtime Fe flag_Fe Pb flag_Pb Mg++ flag_Mg++ Ni flag_Ni NO3- flag_NO3- OC flag_OC OM flag_OM PM10 flag_PM10 PM10-PM2.5 flag_PM10-PM2.5 PM2.5 flag_PM2.5 K+ flag_K+ SO4-- flag_SO4--
  0.208333   1.208333   33.33 0.000   3.35 0.000 9.999 0.259000  0.18 0.000  0.188 0.000  1.133 0.000  2.040 0.000  12.501 0.000   2.702 0.000   9.798 0.000 0.052 0.000  1.707 0.000
  3.208333   4.208333   33.02 0.000   2.23 0.000 9.999 0.259000  0.19 0.000  0.166 0.000  0.480 0.000  0.864 0.000 999.999 0.456   2.639 0.000   6.743 0.000 0.015 0.000  1.385 0.000
  6.208333   7.208333   12.38 0.000   1.98 0.000 9.999 0.259000  0.20 0.000  0.056 0.000  0.457 0.000  0.823 0.000   6.651 0.000   0.702 0.000   5.949 0.000 0.017 0.000  1.151 0.000
  9.208333  10.208333   18.54 0.000   2.35 0.000 9.999 0.259000  0.20 0.000  0.335 0.000  0.887 0.000  1.596 0.000  10.792 0.000   2.656 0.000   8.136 0.000 0.028 0.000  1.234 0.000
 12.208333  13.208333   14.16 0.000   0.72 0.000 9.999 0.259000 99.99 0.259  0.073 0.000  1.032 0.000  1.858 0.000  10.425 0.000   4.070 0.000   6.354 0.000 0.046 0.000  0.835 0.000
 15.208333  16.208333 9999.99 0.999 999.99 0.999 9.999 0.999000 99.99 0.999  0.509 0.000  1.297 0.000  2.334 0.000  11.440 0.000 999.999 0.999 999.999 0.999 9.999 0.999  0.709 0.000
 18.208333  19.208333 9999.99 0.999 999.99 0.999 9.999 0.999000 99.99 0.999 99.999 0.999 99.999 0.999 99.999 0.999 999.999 0.999 999.999 0.999 999.999 0.999 9.999 0.999 99.999 0.999
 21.208333  22.208333 9999.99 0.999 999.99 0.999 9.999 0.999000 99.99 0.999 99.999 0.999 99.999 0.999 99.999 0.999 999.999 0.999 999.999 0.999 999.999 0.999 9.999 0.999 99.999 0.999
 24.208333  25.208333 9999.99 0.999 999.99 0.999 9.999 0.999000 99.99 0.999 99.999 0.999 99.999 0.999 99.999 0.999 999.999 0.999 999.999 0.999 999.999 0.999 9.999 0.999 99.999 0.999
 27.208333  28.208333 9999.99 0.999 999.99 0.999 9.999 0.999000 99.99 0.999  0.358 0.000  1.930 0.000  3.474 0.000  14.951 0.000 999.999 0.999 999.999 0.999 9.999 0.999  0.755 0.000
 30.208333  31.208333  116.83 0.456   7.84 0.456 9.999 0.456259  0.76 0.456  0.855 0.000  3.806 0.000  6.852 0.000  24.116 0.000 999.999 0.456 999.999 0.456 0.094 0.456  1.552 0.000
 33.208333  34.208333   99.20 0.000   8.43 0.000 9.999 0.259000  1.07 0.000  0.623 0.000  3.212 0.000  5.782 0.000  20.775 0.000   3.551 0.000  17.222 0.000 0.102 0.000  2.121 0.000
 36.208333  37.208333   55.86 0.000   7.22 0.000 9.999 0.259000  0.98 0.000  0.077 0.000  2.048 0.000  3.687 0.000  15.706 0.000   3.132 0.000  12.572 0.000 0.056 0.000  1.879 0.000
 39.208333  40.208333   20.35 0.000   3.19 0.000 9.999 0.259000  0.21 0.000  0.239 0.000  0.935 0.000  1.683 0.000   7.777 0.000   0.635 0.000   7.141 0.000 0.039 0.000  1.263 0.000
 42.208333  43.208333   33.70 0.000   2.57 0.000 9.999 0.259000  0.19 0.000  1.102 0.000  1.248 0.000  2.247 0.000  13.669 0.000   2.897 0.000  10.770 0.000 0.044 0.000  0.663 0.000
 45.208333  46.208333   25.65 0.000   2.69 0.000 9.999 0.259000  0.09 0.000  0.122 0.000  0.597 0.000  1.075 0.000   7.092 0.000   2.578 0.000   4.563 0.000 0.027 0.000  0.727 0.000
 48.208333  49.208333   16.08 0.000   1.01 0.000 9.999 0.259000 99.99 0.259  0.213 0.000  0.611 0.000  1.100 0.000   7.795 0.000   3.318 0.000   4.476 0.000 0.053 0.000  0.684 0.000
 51.208333  52.208333   12.84 0.000   1.65 0.000 9.999 0.259000  0.06 0.000  0.367 0.000  1.765 0.000  3.178 0.000  12.801 0.000   1.379 0.000  11.421 0.000 0.041 0.000  1.583 0.000
 54.208333  55.208333   62.90 0.000   4.76 0.000 9.999 0.259000  0.43 0.000  0.176 0.000  1.375 0.000  2.474 0.000   9.506 0.000   1.663 0.000   7.842 0.000 0.049 0.000  1.036 0.000
 57.208333  58.208333   35.40 0.000   1.60 0.000 9.999 0.259000  0.55 0.000  0.148 0.000  0.974 0.000  1.753 0.000   8.458 0.000   3.001 0.000   5.455 0.000 0.030 0.000  0.683 0.000
 60.208333  61.208333   21.65 0.000   2.28 0.000 9.999 0.259000  0.16 0.000  0.527 0.000  0.617 0.000  1.110 0.000   6.956 0.000   0.893 0.000   6.063 0.000 0.025 0.000  0.531 0.000
 63.208333  64.208333   43.69 0.000   3.29 0.000 9.999 0.259000 99.99 0.259  0.692 0.000  1.365 0.000  2.456 0.000  13.191 0.000   3.311 0.000   9.879 0.000 0.053 0.000  1.100 0.000
 66.208333  67.208333   24.75 0.000   2.10 0.000 0.008 0.000000  0.24 0.000  0.135 0.000  0.554 0.000  0.998 0.000   6.250 0.000   2.687 0.000   3.618 0.000 0.057 0.000  0.574 0.000
 69.208333  70.208333   25.78 0.000   2.49 0.000 9.999 0.259000 99.99 0.259  1.115 0.000  1.139 0.000  2.049 0.000  14.479 0.000   1.231 0.000  13.245 0.000 0.041 0.000  1.018 0.000
 72.208333  73.208333   48.25 0.000   3.05 0.000 9.999 0.259000  0.32 0.000  0.643 0.000  1.210 0.000  2.177 0.000  12.006 0.000   3.352 0.000   8.653 0.000 0.044 0.000  0.669 0.000
 75.208333  76.208333   44.10 0.000  14.12 0.000 9.999 0.259000  0.20 0.000  1.292 0.000  1.765 0.000  3.177 0.000  24.635 0.000   9.672 0.000  14.962 0.000 0.052 0.000  1.014 0.000
 78.208333  79.208333   28.12 0.000   4.53 0.000 9.999 0.259000  0.18 0.000  1.436 0.000  1.231 0.000  2.215 0.000  24.582 0.000   2.697 0.000  21.883 0.000 0.040 0.000  2.480 0.000
 81.208333  82.208333   36.02 0.000  16.28 0.000 9.999 0.259000  0.47 0.000  0.315 0.000  1.439 0.000  2.590 0.000  13.109 0.000   0.474 0.000  12.631 0.000 0.047 0.000  2.237 0.000
 84.208333  85.208333   67.05 0.000   5.42 0.000 0.011 0.000000  0.17 0.000  0.060 0.000  1.211 0.559  2.179 0.559  18.191 0.000   2.380 0.000  15.809 0.000 0.038 0.000  3.326 0.000
 87.208333  88.208333   25.73 0.000   2.37 0.000 9.999 0.259000  0.67 0.000  0.053 0.000  0.843 0.559  1.517 0.559   6.324 0.000 999.999 0.259   8.187 0.000 0.034 0.000  1.607 0.000
 90.208333  91.208333   31.45 0.000   4.48 0.000 9.999 0.259000  0.26 0.000  0.155 0.000  0.662 0.000  1.191 0.000  10.591 0.000   4.898 0.000   5.692 0.000 0.025 0.000  0.981 0.000
 93.208333  94.208333   23.36 0.000   2.51 0.000 0.009 0.000000  0.19 0.000  0.098 0.000  0.801 0.000  1.441 0.000   8.246 0.000   3.843 0.000   4.402 0.000 0.037 0.000  0.624 0.000
 96.208333  97.208333   51.49 0.000   3.69 0.000 9.999 0.259000  0.35 0.000  0.121 0.000  3.300 0.000  5.939 0.000  20.184 0.000   6.587 0.000  13.595 0.000 0.092 0.000  1.367 0.000
 99.208333 100.208333   67.12 0.000   9.23 0.000 9.999 0.259000  0.96 0.000  0.057 0.000  2.041 0.000  3.674 0.000  20.070 0.000   7.452 0.000  12.616 0.000 0.082 0.000  1.789 0.000
102.208333 103.208333   67.48 0.000   3.73 0.000 9.999 0.259000  0.34 0.000  0.259 0.000  1.161 0.000  2.090 0.000  22.936 0.000  15.906 0.000   7.032 0.000 0.047 0.000  0.719 0.000
105.208333 106.208333   58.75 0.000   3.55 0.000 9.999 0.259000  0.44 0.000  0.160 0.000  0.743 0.000  1.338 0.000  15.255 0.000   9.300 0.000   5.955 0.000 0.049 0.000  0.698 0.000
108.208333 109.208333   76.12 0.000   3.81 0.000 9.999 0.259000  0.09 0.000  0.087 0.000  2.319 0.000  4.174 0.000  34.502 0.000  12.019 0.000  22.518 0.000 0.071 0.000  3.826 0.000
111.208333 112.208333   76.09 0.000   5.70 0.000 9.999 0.259000  0.70 0.000  0.166 0.000  1.401 0.000  2.521 0.000  16.183 0.000   2.756 0.000  13.424 0.000 0.077 0.000  2.034 0.000
114.208333 115.208333   22.10 0.000   1.81 0.000 9.999 0.259000 99.99 0.259  0.189 0.000  0.555 0.000  0.999 0.000   6.375 0.000   2.800 0.000   3.575 0.000 0.020 0.000  0.434 0.000
117.208333 118.208333   32.88 0.000   3.11 0.000 9.999 0.259000 99.99 0.259  0.161 0.000  0.891 0.000  1.604 0.000  12.827 0.000   5.421 0.000   7.405 0.000 0.034 0.000  1.097 0.000
120.208333 121.208333   33.38 0.000   3.18 0.000 0.015 0.000000 99.99 0.259  0.769 0.000  1.083 0.000  1.949 0.000  17.730 0.000   7.027 0.000  10.702 0.000 0.035 0.000  1.241 0.000
123.208333 124.208333   43.20 0.000   2.85 0.000 9.999 0.259000  0.11 0.000  0.544 0.000  0.914 0.000  1.646 0.000  17.131 0.000   8.260 0.000   8.870 0.000 0.041 0.000  1.351 0.000
126.208333 127.208333   76.10 0.000   5.30 0.000 9.999 0.259000  0.20 0.000  0.189 0.000  1.885 0.000  3.392 0.000  22.602 0.000   9.353 0.000  13.248 0.000 0.106 0.000  1.864 0.000
129.208333 130.208333   52.90 0.000   2.73 0.000 0.010 0.000000  0.12 0.000  0.041 0.000  1.493 0.000  2.688 0.000  20.601 0.000   7.168 0.000  13.515 0.000 0.048 0.000  2.186 0.000
132.208333 133.208333   70.20 0.000   3.99 0.000 9.999 0.259000  0.47 0.000  0.055 0.000  1.182 0.000  2.128 0.000  20.782 0.000   7.818 0.000  12.961 0.000 0.051 0.000  2.041 0.000
135.208333 136.208333   15.64 0.000   1.34 0.000 9.999 0.259000  0.10 0.000  0.216 0.000  0.521 0.000  0.938 0.000   7.242 0.000   2.664 0.000   4.596 0.000 0.025 0.000  0.778 0.000
138.208333 139.208333  122.97 0.000   7.94 0.000 9.999 0.259000  1.12 0.000  0.108 0.000  1.293 0.000  2.327 0.000  21.637 0.000   8.534 0.000  13.103 0.000 0.055 0.000  1.848 0.000
141.208333 142.208333   46.41 0.000   7.91 0.000 9.999 0.259000  0.17 0.000  0.127 0.000  1.861 0.000  3.350 0.000  16.628 0.000   5.095 0.000  11.531 0.000 0.072 0.000  1.298 0.000
144.208333 145.208333   63.94 0.000   2.36 0.000 9.999 0.259000  0.25 0.000  0.105 0.000  0.798 0.000  1.437 0.000  10.253 0.000   5.596 0.000   4.657 0.000 0.037 0.000  0.549 0.000
147.208333 148.208333   15.96 0.000   1.42 0.000 9.999 0.259000  0.10 0.000  0.073 0.000  0.910 0.000  1.638 0.000   9.538 0.000   4.902 0.000   4.636 0.000 0.025 0.000  0.551 0.000
150.208333 151.208333   37.82 0.000   5.12 0.000 0.016 0.000000  0.20 0.000  0.066 0.000  0.943 0.000  1.697 0.000  19.446 0.000   5.392 0.000  14.115 0.000 0.034 0.000  2.898 0.000
153.208333 154.208333   11.28 0.000   0.69 0.000 9.999 0.259000  0.57 0.000  0.018 0.000  0.677 0.000  1.218 0.000   7.547 0.000   3.606 0.000   3.941 0.000 0.014 0.000  0.591 0.000
156.208333 157.208333   34.75 0.000   2.48 0.000 9.999 0.259000  0.11 0.000  0.046 0.000  3.290 0.000  5.921 0.000  27.033 0.000   8.144 0.000  18.886 0.000 0.057 0.000  2.467 0.000
159.208333 160.208333   28.86 0.000   2.09 0.000 9.999 0.259000 99.99 0.259  0.036 0.000  2.159 0.000  3.887 0.000  31.078 0.000   5.801 0.000  25.270 0.000 0.044 0.000  4.414 0.000
162.208333 163.208333   24.15 0.000   1.66 0.000 9.999 0.259000  0.44 0.000  0.064 0.000  0.470 0.000  0.845 0.000  21.963 0.000   6.075 0.000  15.885 0.000 0.082 0.000  2.353 0.000
165.208333 166.208333   20.80 0.000   1.53 0.000 9.999 0.259000  0.15 0.000  0.099 0.000  1.332 0.000  2.397 0.000  14.811 0.000   7.859 0.000   6.951 0.000 0.027 0.000  0.942 0.000
168.208333 169.208333   48.33 0.000   3.57 0.000 9.999 0.259000  0.21 0.000  0.093 0.000  1.289 0.000  2.319 0.000  13.295 0.000   5.647 0.000   7.647 0.000 0.040 0.000  0.937 0.000
171.208333 172.208333   29.22 0.000   2.70 0.000 0.022 0.000000  0.09 0.000  0.029 0.000  2.602 0.000  4.684 0.000  34.851 0.000  12.014 0.000  22.989 0.000 0.050 0.000  4.661 0.000
174.208333 175.208333   38.65 0.000   2.23 0.000 0.020 0.000000 99.99 0.259  0.024 0.000  3.813 0.000  6.864 0.000  34.285 0.000   6.542 0.000  27.739 0.000 0.059 0.000  4.702 0.000
177.208333 178.208333   44.22 0.000   2.22 0.000 9.999 0.259000  0.33 0.000  0.025 0.000  3.888 0.000  6.999 0.000  47.214 0.000  10.549 0.000  36.664 0.000 0.066 0.000  6.522 0.000
180.208333 181.208333   24.53 0.000   1.50 0.000 9.999 0.259000  0.12 0.000  0.032 0.000  1.960 0.000  3.527 0.000  29.968 0.000   7.969 0.000  21.998 0.000 0.041 0.000  3.859 0.000
183.208333 184.208333   29.81 0.000   4.79 0.000 9.999 0.259000  0.20 0.000  0.047 0.000  2.132 0.000  3.837 0.000  25.889 0.000   5.404 0.000  20.479 0.000 0.175 0.000  3.343 0.000
186.208333 187.208333   31.05 0.000   3.74 0.000 9.999 0.259000  0.08 0.000  0.117 0.000  1.829 0.000  3.292 0.000  23.409 0.000   6.234 0.000  17.174 0.000 0.148 0.000  2.625 0.000
189.208333 190.208333   33.98 0.000   3.12 0.000 9.999 0.259000  0.19 0.000  0.107 0.000  1.848 0.000  3.326 0.000  21.183 0.000   6.459 0.000  14.723 0.000 0.066 0.000  2.078 0.000
192.208333 193.208333  166.72 0.000   3.21 0.000 9.999 0.259000  0.23 0.000  0.054 0.000  1.530 0.000  2.754 0.000  34.266 0.000  12.102 0.000  22.328 0.000 0.075 0.000  3.643 0.000
195.208333 196.208333   31.65 0.000   4.17 0.000 9.999 0.259000 99.99 0.259  0.029 0.000  1.145 0.000  2.061 0.000  26.637 0.000   6.867 0.000  19.768 0.000 0.038 0.000  3.776 0.000
198.208333 199.208333   22.01 0.000   1.61 0.000 0.018 0.000000  0.19 0.000  0.023 0.000  1.034 0.000  1.860 0.000  21.877 0.000   5.022 0.000  16.852 0.000 0.027 0.000  3.285 0.000
201.208333 202.208333   31.36 0.000   2.36 0.000 9.999 0.259000  0.08 0.000  0.034 0.000  1.777 0.000  3.200 0.000  22.158 0.000   5.335 0.000  16.821 0.000 0.034 0.000  2.772 0.000
204.208333 205.208333   51.02 0.000   3.52 0.000 9.999 0.259000  0.18 0.000  0.024 0.000  1.929 0.000  3.472 0.000  28.426 0.000   5.756 0.000  22.666 0.000 0.048 0.000  3.588 0.000
207.208333 208.208333   43.19 0.000   1.37 0.000 9.999 0.259000 99.99 0.259  0.108 0.000  1.919 0.000  3.455 0.000  18.963 0.000   4.315 0.000  14.646 0.000 0.036 0.000  1.789 0.000
210.208333 211.208333   71.33 0.000   4.71 0.000 9.999 0.259000  0.36 0.000  0.058 0.000  2.108 0.000  3.794 0.000  31.097 0.000   8.653 0.000  22.439 0.000 0.043 0.000  3.894 0.000
213.208333 214.208333   44.55 0.000   3.03 0.000 9.999 0.259000  0.07 0.000  0.031 0.000  1.773 0.000  3.192 0.000  22.836 0.000   8.039 0.000  14.907 0.000 0.047 0.000  2.145 0.000
216.208333 217.208333   45.62 0.000   2.49 0.000 9.999 0.259000  0.11 0.000  0.050 0.000  1.905 0.000  3.429 0.000  23.899 0.000   4.534 0.000  19.365 0.000 0.041 0.000  3.084 0.000
219.208333 220.208333   24.47 0.000   3.22 0.000 9.999 0.259000  0.18 0.000  0.029 0.000  1.655 0.000  2.979 0.000  21.324 0.000   3.221 0.000  18.101 0.000 0.050 0.000  3.063 0.000
222.208333 223.208333   52.98 0.000   5.86 0.000 9.999 0.259000 99.99 0.259  0.043 0.000  1.714 0.000  3.085 0.000  36.349 0.000   8.611 0.000  27.733 0.000 0.057 0.000  5.059 0.000
225.208333 226.208333  217.77 0.000   2.00 0.000 9.999 0.259000 99.99 0.259  0.056 0.000  1.412 0.000  2.542 0.000  21.874 0.000   7.167 0.000  14.705 0.000 0.100 0.000  1.807 0.000
228.208333 229.208333 9999.99 0.456 999.99 0.456 9.999 0.456000 99.99 0.456  0.054 0.000  1.725 0.000  3.105 0.000  23.406 0.000 999.999 0.456 999.999 0.456 9.999 0.456  2.829 0.000
231.208333 232.208333   23.65 0.000   2.93 0.000 9.999 0.259000  0.17 0.000  0.037 0.000  1.636 0.000  2.945 0.000  20.476 0.000   5.546 0.000  14.926 0.000 0.030 0.000  2.427 0.000
234.208333 235.208333   50.71 0.000   2.87 0.000 9.999 0.259000  0.24 0.000  0.046 0.000  0.568 0.000  1.022 0.000  16.814 0.000   8.611 0.000   8.312 0.000 0.018 0.000  1.475 0.000
237.208333 238.208333   29.48 0.000   2.58 0.000 9.999 0.259000  0.39 0.000  0.026 0.000  1.392 0.000  2.506 0.000  30.326 0.000   3.259 0.000  27.061 0.000 0.034 0.000  4.802 0.000
240.208333 241.208333   15.37 0.000  17.84 0.000 9.999 0.259000  0.33 0.000  0.034 0.000  1.185 0.000  2.133 0.000  17.798 0.000   3.875 0.000  13.921 0.000 0.031 0.000  2.415 0.000
243.208333 244.208333   34.40 0.000   2.72 0.000 9.999 0.259000  0.12 0.000  0.105 0.000  1.673 0.000  3.012 0.000  15.963 0.000   5.572 0.000  10.389 0.000 0.030 0.000  1.344 0.000
246.208333 247.208333   22.01 0.000   4.84 0.000 9.999 0.259000 99.99 0.259  0.026 0.000  1.183 0.000  2.130 0.000   9.097 0.000   4.407 0.000   4.690 0.000 0.040 0.000  0.382 0.000
249.208333 250.208333   24.51 0.000   2.91 0.000 9.999 0.259000  0.63 0.000  0.026 0.000  1.311 0.000  2.359 0.000  23.712 0.000   8.347 0.000  15.364 0.000 0.029 0.000  2.697 0.000
252.208333 253.208333   96.54 0.000   7.37 0.000 9.999 0.259000  0.57 0.000  0.065 0.000  2.005 0.000  3.609 0.000  23.931 0.000  10.486 0.000  13.443 0.000 0.054 0.000  1.911 0.000
255.208333 256.208333   51.32 0.000   5.95 0.000 9.999 0.259000  0.62 0.000  0.022 0.000  1.419 0.000  2.554 0.000  45.909 0.000   7.467 0.000  38.540 0.000 0.048 0.000  7.512 0.000
258.208333 259.208333   54.07 0.000   5.02 0.000 9.999 0.259000  0.51 0.000  0.084 0.000  1.528 0.000  2.751 0.000  24.228 0.000   5.608 0.000  18.615 0.000 0.053 0.000  3.195 0.000
