scripts/IMPROVE-2019_partial/data/US9025U.20020102080000.20191216000000.filterpack..pm25.52w.1w.US03L_filterpack_US9025.US03L_IMPROVE_Davis.lev2.nas
66 1001
MISSING INFORMATION
US03L, IMPROVE, , , , , , , 
MISSING INFORMATION
IMPROVE sel_HTAP
1 1
2002 01 01 2019 12 16
3.000000
days from file reference point
27
1 1 1 1 1 1 1 1 1 1 1 1 1 1 1 1 1 1 1 1 1 1 1 1 1 1 1
999.999999 9999.99 9.999 999.99 9.999 9.999 9.999999 999.99 9.999999 99.999 9.999 999.999 9.999 999.999 9.999 999.99 9.999999 999.999 9.999 999.999 9.999 999.999 9.999 99.999 9.999 99.999 9.999
end_time of measurement, days from the file reference point
iron, ng/m3, Revision date=20181210133000
numflag iron, no unit, Revision date=20181210133000
lead, ng/m3, Revision date=20181210133000
numflag lead, no unit, Revision date=20181210133000
magnesium, ug/m3, Revision date=20181210133000
numflag magnesium, no unit, Revision date=20181210133000
nickel, ng/m3, Revision date=20181210133000
numflag nickel, no unit, Revision date=20181210133000
nitrate, ug N/m3, Revision date=20181210133000
numflag nitrate, no unit, Revision date=20181210133000
organic_carbon, ug C/m3, Revision date=20181210133000
numflag organic_carbon, no unit, Revision date=20181210133000
organic_mass, ug/m3, Revision date=20181210133000
numflag organic_mass, no unit, Revision date=20181210133000
phosphorus, ng/m3, Revision date=20181210133000
numflag phosphorus, no unit, Revision date=20181210133000
pm10_mass, ug/m3, Version=2, Version description=Data extracted from http://views.cira.colostate.edu/fed/DataWizard 2019-12-16, Sample duration=1d, Orig. time res.=3d, Matrix=pm10, Blank correction=Blank corrected, Volume std. temperature=ambient, Volume std. pressure=ambient
numflag pm10_mass, no unit, Version=2, Version description=Data extracted from http://views.cira.colostate.edu/fed/DataWizard 2019-12-16, Sample duration=1d, Orig. time res.=3d, Matrix=pm10, Blank correction=Blank corrected, Volume std. temperature=ambient, Volume std. pressure=ambient
pm10_pm25_mass, ug/m3, Revision date=20181210133000, Matrix=pm10_pm25
numflag pm10_pm25_mass, no unit, Revision date=20181210133000, Matrix=pm10_pm25
pm25_mass, ug/m3, Version=2, Version description=Data extracted from http://views.cira.colostate.edu/fed/DataWizard 2019-12-16, Sample duration=1d, Orig. time res.=3d, Blank correction=Blank corrected, Volume std. temperature=ambient, Volume std. pressure=ambient
numflag pm25_mass, no unit, Version=2, Version description=Data extracted from http://views.cira.colostate.edu/fed/DataWizard 2019-12-16, Sample duration=1d, Orig. time res.=3d, Blank correction=Blank corrected, Volume std. temperature=ambient, Volume std. pressure=ambient
potassium, ug/m3, Revision date=20181210133000
numflag potassium, no unit, Revision date=20181210133000
sulphate_total, ug S/m3, Revision date=20181210133000
numflag sulphate_total, no unit, Revision date=20181210133000
0
25
Data definition:              EBAS_1.1
Set type code:                TU
Timezone:                     UTC
File name:                    US9025U.20020102080000.20191216000000.filterpack..pm25.52w.1w.US03L_filterpack_US9025.US03L_IMPROVE_Davis.lev2.nas
File creation:                20191218120649
Startdate:                    20020102080000
Revision date:                20191216000000
Statistics:                   arithmetic mean
Data level:                   2
Period code:                  52w
Resolution code:              1w
Station code:                 US9025U
Platform code:                US9025S
Station name:                 Puget Sound
Station latitude:             47.5696
Station longitude:            -122.3119
Station altitude:             97.0 m
Regime:                       IMG
Component:                    
Matrix:                       pm25
Laboratory code:              US03L
Instrument type:              filterpack
Instrument name:              filterpack_US9025
Method ref:                   US03L_IMPROVE_Davis
starttime endtime Fe flag_Fe Pb flag_Pb Mg++ flag_Mg++ Ni flag_Ni NO3- flag_NO3- OC flag_OC OM flag_OM P flag_P PM10 flag_PM10 PM10-PM2.5 flag_PM10-PM2.5 PM2.5 flag_PM2.5 K+ flag_K+ SO4-- flag_SO4--
  1.333333   2.333333   43.14 0.000   2.65 0.000 9.999 0.259000   0.25 0.000000  0.054 0.559   1.676 0.000   2.347 0.000 999.99 0.259000   5.456 0.000   2.316 0.000   3.141 0.000  0.023 0.000  0.091 0.559
  4.333333   5.333333   57.22 0.000   2.87 0.000 9.999 0.259000   0.70 0.000000  0.098 0.000   2.334 0.000   3.268 0.000 999.99 0.259000   8.350 0.000   2.655 0.000   5.695 0.000  0.033 0.000  0.180 0.000
  7.333333   8.333333 9999.99 0.456 999.99 0.456 9.999 0.456000 999.99 0.456000  0.065 0.000   0.907 0.000   1.270 0.000 999.99 0.456000   5.197 0.000 999.999 0.999 999.999 0.456 99.999 0.456  0.099 0.000
 10.333333  11.333333  159.80 0.000   6.38 0.000 9.999 0.259000   1.42 0.000000  0.288 0.000   5.274 0.000   7.383 0.000 999.99 0.259000  22.122 0.000   6.599 0.000  15.523 0.000  0.065 0.000  0.407 0.000
 13.333333  14.333333   33.58 0.000   2.81 0.000 9.999 0.259000   0.19 0.000000  0.612 0.000   3.835 0.000   5.369 0.000 999.99 0.259000  16.399 0.000   4.622 0.000  11.777 0.000  0.046 0.000  0.584 0.000
 16.333333  17.333333   65.32 0.000   5.27 0.000 9.999 0.259000   0.61 0.000000  0.869 0.000   2.866 0.000   4.012 0.000 999.99 0.259000  17.570 0.000   5.186 0.000  12.384 0.000  0.037 0.000  0.596 0.000
 19.333333  20.333333    8.20 0.000   1.00 0.000 9.999 0.259000 999.99 0.259000  0.024 0.000   0.471 0.000   0.659 0.000 999.99 0.259000   4.506 0.000   2.172 0.000   2.334 0.000  0.021 0.000  0.114 0.000
 22.333333  23.333333   45.99 0.559   2.07 0.559 9.999 0.559259   0.50 0.559000  0.107 0.000   0.854 0.000   1.196 0.000 999.99 0.559259   6.362 0.000   3.047 0.000   3.315 0.559  0.020 0.559  0.159 0.000
 25.333333  26.333333   12.79 0.000   1.25 0.000 0.036 0.000000   0.10 0.000000  0.069 0.000   1.110 0.000   1.554 0.000 999.99 0.259000   4.948 0.000   2.257 0.000   2.691 0.000  0.019 0.000  0.088 0.000
 28.333333  29.333333   78.65 0.000   4.85 0.000 9.999 0.259000   0.39 0.000000  0.608 0.000   4.601 0.000   6.442 0.000 999.99 0.259000  18.066 0.000   5.354 0.000  12.712 0.000  0.059 0.000  0.480 0.000
 31.333333  32.333333   56.56 0.000   3.28 0.000 9.999 0.259000   0.78 0.000000  0.336 0.000   2.872 0.000   4.021 0.000 999.99 0.259000  10.188 0.000   3.502 0.000   6.686 0.000  0.031 0.000  0.234 0.000
 34.333333  35.333333  188.13 0.000   6.29 0.000 9.999 0.259000   1.29 0.000000  0.269 0.000   5.074 0.000   7.103 0.000 999.99 0.259000  21.166 0.000  11.696 0.000   9.470 0.000  0.041 0.000  0.308 0.000
 37.333333  38.333333   40.96 0.000   2.06 0.000 9.999 0.259000   0.86 0.000000  0.091 0.000   1.278 0.000   1.789 0.000 999.99 0.259000   6.159 0.000   2.658 0.000   3.501 0.000  0.020 0.000  0.136 0.000
 40.333333  41.333333   20.12 0.559   2.35 0.559 9.999 0.559259 999.99 0.559259  0.064 0.000   1.614 0.000   2.259 0.000 999.99 0.559259   6.321 0.000   2.834 0.000   3.486 0.559  0.036 0.559  0.153 0.000
 43.333333  44.333333  121.28 0.000   5.67 0.000 9.999 0.259000   1.17 0.000000  0.799 0.000   4.284 0.000   5.998 0.000 999.99 0.259000  25.059 0.000   9.441 0.000  15.618 0.000  0.076 0.000  0.615 0.000
 46.333333  47.333333   80.40 0.000   5.49 0.000 9.999 0.259000   1.88 0.000000  0.451 0.000   3.934 0.000   5.507 0.000 999.99 0.259000  17.008 0.000   4.949 0.000  12.058 0.000  0.065 0.000  0.581 0.000
 49.333333  50.333333   60.75 0.000   1.06 0.000 9.999 0.259000   0.45 0.000000  0.047 0.000   0.846 0.000   1.184 0.000 999.99 0.259000   7.068 0.000   3.893 0.000   3.175 0.000  0.032 0.000  0.100 0.000
 52.333333  53.333333   93.51 0.000   3.29 0.000 9.999 0.259000   4.48 0.000000  0.151 0.000   1.235 0.000   1.730 0.000 999.99 0.259000   7.441 0.000   2.792 0.000   4.649 0.000  0.033 0.000  0.355 0.000
 55.333333  56.333333   38.84 0.000   2.19 0.000 9.999 0.259000 999.99 0.259000  0.170 0.559   2.322 0.000   3.251 0.000 999.99 0.259000   8.534 0.000   2.852 0.000   5.682 0.000  0.047 0.000  0.442 0.559
 58.333333  59.333333   47.03 0.000   2.17 0.000 9.999 0.259000   0.79 0.000000  0.421 0.000   1.722 0.000   2.411 0.000 999.99 0.259000  10.645 0.000   4.390 0.000   6.256 0.000  0.034 0.000  0.338 0.000
 61.333333  62.333333   77.72 0.000   5.43 0.000 9.999 0.259000   0.50 0.000000  0.454 0.000   6.476 0.000   9.067 0.000 999.99 0.259000  18.796 0.000   5.653 0.000  13.143 0.000  0.103 0.000  0.375 0.000
 64.333333  65.333333   33.03 0.000   1.02 0.000 9.999 0.259000   0.47 0.000000  0.130 0.000   1.214 0.000   1.699 0.000 999.99 0.259000  11.602 0.000   7.319 0.000   4.282 0.000  0.029 0.000  0.274 0.000
 67.333333  68.333333   19.08 0.000   1.31 0.000 9.999 0.259000   0.23 0.000000  0.060 0.000   1.309 0.000   1.833 0.000 999.99 0.259000   5.572 0.000   2.725 0.000   2.848 0.000  0.023 0.000  0.188 0.000
 70.333333  71.333333   28.02 0.000   1.42 0.000 0.042 0.000000   0.51 0.000000  0.052 0.000   0.755 0.000   1.057 0.000 999.99 0.259000   5.597 0.000   2.527 0.000   3.070 0.000  0.020 0.000  0.132 0.000
 73.333333  74.333333   35.50 0.000   2.49 0.000 9.999 0.259000   0.91 0.000000  0.068 0.000   0.719 0.000   1.007 0.000 999.99 0.259000   5.946 0.000   2.706 0.000   3.241 0.000  0.023 0.000  0.237 0.000
 76.333333  77.333333   37.72 0.000   2.39 0.000 9.999 0.259000   0.42 0.000000  0.171 0.000   1.640 0.000   2.296 0.000 999.99 0.259000   8.492 0.000   3.088 0.000   5.404 0.000  0.033 0.000  0.305 0.000
 79.333333  80.333333  153.95 0.000   3.93 0.000 9.999 0.259000   4.01 0.000000  0.261 0.000   3.025 0.000   4.234 0.000 999.99 0.259000  18.130 0.000   9.508 0.000   8.623 0.000  0.048 0.000  0.526 0.000
 82.333333  83.333333   33.70 0.000   5.12 0.000 9.999 0.259000   1.12 0.000000  0.315 0.559   2.793 0.000   3.911 0.000 999.99 0.259000  11.643 0.000   3.678 0.000   7.966 0.000  0.054 0.000  0.427 0.559
 85.333333  86.333333  132.87 0.000   2.18 0.000 9.999 0.259000   0.39 0.000000  0.127 0.000   0.899 0.000   1.259 0.000 999.99 0.259000  18.297 0.000  11.840 0.000   6.457 0.000  0.087 0.000  0.275 0.000
 88.333333  89.333333   37.02 0.000   2.96 0.000 9.999 0.259000   0.53 0.000000  0.293 0.559   1.496 0.000   2.095 0.000 999.99 0.259000  10.458 0.000   4.834 0.000   5.624 0.000  0.039 0.000  0.392 0.559
 91.333333  92.333333   78.32 0.000   2.24 0.000 9.999 0.259000   0.41 0.000000  0.246 0.559   2.312 0.000   3.237 0.000 999.99 0.259000  15.422 0.000   8.228 0.000   7.194 0.000  0.056 0.000  0.416 0.559
 94.333333  95.333333   77.71 0.000   3.35 0.000 9.999 0.259000   3.60 0.000000  0.257 0.000   2.237 0.000   3.132 0.000 999.99 0.259000  15.469 0.000   8.176 0.000   7.293 0.000  0.040 0.000  0.443 0.000
 97.333333  98.333333   96.07 0.000   3.38 0.000 9.999 0.259000   2.27 0.000000  0.388 0.000   4.157 0.000   5.820 0.000 999.99 0.259000  16.865 0.000   8.532 0.000   8.333 0.000  0.056 0.000  0.421 0.000
100.333333 101.333333   43.43 0.000   2.70 0.000 9.999 0.259000   0.75 0.000000  0.048 0.000   0.922 0.000   1.291 0.000 999.99 0.259000   4.340 0.000   1.862 0.000   2.478 0.000  0.017 0.000  0.098 0.000
103.333333 104.333333    9.81 0.000   0.71 0.000 9.999 0.259000   0.19 0.000000  0.030 0.000   0.511 0.000   0.716 0.000 999.99 0.259000   7.110 0.000   4.101 0.000   3.009 0.000  0.025 0.000  0.126 0.000
106.333333 107.333333   72.19 0.000   2.98 0.000 9.999 0.259000   1.03 0.000000  0.199 0.000   1.259 0.000   1.762 0.000 999.99 0.259000   7.316 0.000   3.041 0.000   4.276 0.000  0.031 0.000  0.289 0.000
109.333333 110.333333  190.39 0.000   4.12 0.000 9.999 0.259000   0.45 0.000000  0.241 0.000   1.911 0.000   2.676 0.000 999.99 0.259000  24.884 0.000  13.951 0.000  10.933 0.000  0.141 0.000  0.654 0.000
112.333333 113.333333   54.03 0.559   2.06 0.559 9.999 0.559259   0.32 0.559000  0.178 0.000   0.927 0.000   1.299 0.000 999.99 0.559259  10.192 0.000   5.648 0.000   4.544 0.559  0.040 0.559  0.220 0.000
115.333333 116.333333   73.68 0.000   3.57 0.000 9.999 0.259000   0.67 0.000000  0.243 0.000   1.289 0.000   1.804 0.000 999.99 0.259000  11.739 0.000   5.345 0.000   6.395 0.000  0.061 0.000  0.484 0.000
118.333333 119.333333   79.92 0.000   3.18 0.000 9.999 0.259000   0.94 0.000000  0.197 0.000   2.415 0.000   3.381 0.000 999.99 0.259000  14.834 0.000   6.622 0.000   8.212 0.000  0.072 0.000  0.618 0.000
121.333333 122.333333   39.19 0.000   1.37 0.000 9.999 0.259000   0.86 0.000000  0.031 0.559   0.717 0.000   1.003 0.000 999.99 0.259000   8.598 0.000   5.832 0.000   2.766 0.000  0.018 0.000  0.231 0.559
124.333333 125.333333   14.03 0.000   0.56 0.000 9.999 0.259000   0.25 0.000000  0.038 0.559   0.632 0.000   0.884 0.000 999.99 0.259000   7.358 0.000   4.995 0.000   2.363 0.000  0.017 0.000  0.194 0.559
127.333333 128.333333   56.13 0.000   2.48 0.000 9.999 0.259000   1.36 0.000000  0.186 0.000   1.471 0.000   2.059 0.000 999.99 0.259000  14.344 0.000   8.206 0.000   6.138 0.000  0.038 0.000  0.532 0.000
130.333333 131.333333   42.93 0.000   1.68 0.000 9.999 0.259000   1.66 0.000000  0.171 0.559   1.533 0.000   2.147 0.000 999.99 0.259000  13.108 0.000   7.144 0.000   5.965 0.000  0.035 0.000  0.531 0.559
133.333333 134.333333   22.32 0.000   1.49 0.000 9.999 0.259000   0.32 0.000000  0.077 0.559   1.061 0.000   1.485 0.000 999.99 0.259000   8.014 0.000   4.724 0.000   3.290 0.000  0.021 0.000  0.252 0.559
136.333333 137.333333   46.65 0.000  15.58 0.000 9.999 0.259000   0.82 0.000000  0.198 0.559   1.677 0.000   2.348 0.000 999.99 0.259000  10.830 0.000   4.491 0.000   6.339 0.000  0.033 0.000  0.352 0.559
139.333333 140.333333   36.40 0.000   2.94 0.000 9.999 0.259000   0.95 0.000000  0.222 0.559   1.716 0.000   2.402 0.000 999.99 0.259000   6.780 0.000   2.440 0.000   4.340 0.000  0.029 0.000  0.359 0.559
142.333333 143.333333   65.85 0.000   1.64 0.000 9.999 0.259000   1.33 0.000000  0.161 0.559   1.361 0.000   1.905 0.000 999.99 0.259000  10.766 0.000   5.493 0.000   5.273 0.000  0.035 0.000  0.509 0.559
145.333333 146.333333   43.92 0.000   9.89 0.000 9.999 0.259000   3.81 0.000000  0.367 0.000   2.660 0.000   3.724 0.000 999.99 0.259000  12.779 0.000   3.598 0.000   9.182 0.000  0.076 0.000  0.851 0.000
148.333333 149.333333   41.17 0.000   2.93 0.000 9.999 0.259000   0.79 0.000000  0.058 0.000   0.890 0.000   1.246 0.000 999.99 0.259000   7.684 0.000   4.212 0.000   3.472 0.000  0.032 0.000  0.255 0.000
151.333333 152.333333   32.05 0.000   1.25 0.000 0.065 0.000000   1.15 0.000000  0.178 0.000   1.117 0.000   1.564 0.000 999.99 0.259000  11.095 0.000   6.744 0.000   4.351 0.000  0.031 0.000  0.323 0.000
154.333333 155.333333   35.74 0.000   2.43 0.000 9.999 0.259000   0.26 0.000000  0.067 0.559   0.723 0.000   1.012 0.000 999.99 0.259000   7.107 0.000   4.117 0.000   2.989 0.000  0.032 0.000  0.293 0.559
157.333333 158.333333   31.55 0.000   1.64 0.000 9.999 0.259000   0.45 0.000000  0.078 0.559   0.790 0.000   1.106 0.000 999.99 0.259000   7.438 0.000   4.210 0.000   3.227 0.000  0.022 0.000  0.227 0.559
160.333333 161.333333   41.73 0.000   1.33 0.000 9.999 0.259000   0.55 0.000000  0.165 0.559   1.211 0.000   1.696 0.000 999.99 0.259000  15.204 0.000   8.782 0.000   6.421 0.000  0.048 0.000  0.506 0.559
163.333333 164.333333  243.12 0.000   3.97 0.000 9.999 0.259000   4.03 0.000000  0.179 0.000   6.267 0.000   8.774 0.000 999.99 0.259000  34.517 0.000  19.298 0.000  15.219 0.000  0.058 0.000  0.768 0.000
166.333333 167.333333   21.22 0.000   1.32 0.000 9.999 0.259000   0.43 0.000000  0.054 0.000   0.844 0.000   1.181 0.000 999.99 0.259000   7.027 0.000   3.747 0.000   3.280 0.000  0.031 0.000  0.330 0.000
169.333333 170.333333   40.63 0.000   4.12 0.000 9.999 0.259000   1.46 0.000000  0.108 0.000   0.971 0.000   1.359 0.000 999.99 0.259000   9.301 0.000   4.942 0.000   4.358 0.000  0.017 0.000  0.434 0.000
172.333333 173.333333   42.14 0.000   1.87 0.000 0.082 0.000000   0.80 0.000000  0.146 0.000   2.013 0.000   2.818 0.000 999.99 0.259000  13.190 0.000   6.069 0.000   7.122 0.000  0.061 0.000  0.564 0.000
175.333333 176.333333  148.16 0.000   2.89 0.000 0.045 0.000000   4.84 0.000000  0.133 0.000   2.818 0.000   3.945 0.000 999.99 0.259000  22.755 0.000  15.002 0.000   7.753 0.000  0.041 0.000  0.504 0.000
178.333333 179.333333   52.32 0.000   4.49 0.000 9.999 0.259000   0.49 0.000000  0.082 0.000   0.848 0.000   1.187 0.000 999.99 0.259000   6.738 0.000   3.549 0.000   3.189 0.000  0.052 0.000  0.197 0.000
181.333333 182.333333   15.71 0.000   0.73 0.000 9.999 0.259000   0.57 0.000000  0.142 0.559   0.536 0.000   0.751 0.000 999.99 0.259000   7.275 0.000   3.846 0.000   3.429 0.000  0.026 0.000  0.553 0.559
184.333333 185.333333   16.10 0.000  15.62 0.000 9.999 0.259000   0.10 0.000000  0.065 0.559   0.663 0.000   0.928 0.000 999.99 0.259000  10.334 0.000   4.008 0.000   6.327 0.000  1.255 0.000  0.533 0.559
187.333333 188.333333   69.89 0.000   7.00 0.000 9.999 0.259000   7.85 0.000000  0.351 0.000   5.044 0.000   7.062 0.000 999.99 0.259000  19.045 0.000   5.306 0.000  13.739 0.000  0.117 0.000  0.978 0.000
190.333333 191.333333   96.63 0.000   2.00 0.000 9.999 0.259000   3.64 0.000000  0.117 0.559   3.231 0.000   4.524 0.000 999.99 0.259000  19.221 0.000  10.467 0.000   8.755 0.000  0.037 0.000  0.573 0.559
193.333333 194.333333   63.86 0.000   2.64 0.000 9.999 0.259000   3.18 0.000000  0.159 0.559   2.825 0.000   3.955 0.000 999.99 0.259000  16.478 0.000   7.459 0.000   9.019 0.000  0.064 0.000  0.766 0.559
196.333333 197.333333  100.91 0.000   3.53 0.000 0.042 0.000000   3.12 0.000000  0.124 0.000   1.581 0.000   2.214 0.000 999.99 0.259000  15.115 0.000   9.411 0.000   5.704 0.000  0.039 0.000  0.433 0.000
199.333333 200.333333   55.68 0.000   2.32 0.000 9.999 0.259000   1.25 0.000000  0.033 0.000   0.771 0.000   1.079 0.000 999.99 0.259000  11.136 0.000   7.353 0.000   3.782 0.000  0.026 0.000  0.397 0.000
202.333333 203.333333  106.06 0.000   1.47 0.000 9.999 0.259000   3.50 0.000000  0.123 0.000   3.851 0.000   5.392 0.000 999.99 0.259000  26.422 0.000  17.232 0.000   9.189 0.000  0.040 0.000  0.440 0.000
205.333333 206.333333   73.65 0.000   2.29 0.000 9.999 0.259000   1.87 0.000000  0.081 0.559   1.276 0.000   1.787 0.000 999.99 0.259000  17.669 0.000  11.078 0.000   6.591 0.000  0.031 0.000  0.741 0.559
208.333333 209.333333   26.54 0.000   2.20 0.000 9.999 0.259000   0.36 0.000000  0.132 0.559   1.006 0.000   1.408 0.000 999.99 0.259000  10.930 0.000   5.073 0.000   5.857 0.000  0.044 0.000  0.593 0.559
211.333333 212.333333   73.01 0.000   2.79 0.000 9.999 0.259000   1.36 0.000000  0.144 0.559   1.428 0.000   1.999 0.000 999.99 0.259000  13.644 0.000   7.911 0.000   5.733 0.000  0.026 0.000  0.430 0.559
214.333333 215.333333   31.99 0.000   1.55 0.000 0.020 0.000000   3.51 0.000000  0.128 0.559   1.331 0.000   1.864 0.000 999.99 0.259000  11.683 0.000   5.367 0.000   6.316 0.000  0.036 0.000  0.713 0.559
217.333333 218.333333   68.35 0.000   2.31 0.000 9.999 0.259000   0.70 0.000000  0.149 0.559   1.497 0.000   2.096 0.000 999.99 0.259000  11.269 0.000   5.125 0.000   6.144 0.000  0.040 0.000  0.526 0.559
220.333333 221.333333  139.95 0.000   5.09 0.000 9.999 0.259000   3.00 0.000000  0.135 0.559   3.418 0.000   4.785 0.000 999.99 0.259000  19.159 0.000  11.615 0.000   7.543 0.000  0.033 0.000  0.414 0.559
223.333333 224.333333   65.36 0.000   1.75 0.000 9.999 0.259000   1.90 0.000000  0.137 0.559   2.405 0.000   3.367 0.000 999.99 0.259000  22.742 0.000  14.486 0.000   8.256 0.000  0.030 0.000  0.481 0.559
226.333333 227.333333  154.53 0.000   5.10 0.000 0.050 0.000000   7.33 0.000000  0.355 0.559   3.438 0.000   4.814 0.000 999.99 0.259000  27.533 0.000  15.546 0.000  11.987 0.000  0.091 0.000  0.742 0.559
229.333333 230.333333   80.00 0.000   6.11 0.000 9.999 0.259000   1.79 0.000000  0.205 0.559   1.892 0.000   2.649 0.000 999.99 0.259000  15.400 0.000   7.328 0.000   8.072 0.000  0.072 0.000  0.681 0.559
232.333333 233.333333   79.95 0.000   3.61 0.000 9.999 0.259000   1.24 0.000000  0.089 0.559   1.374 0.000   1.923 0.000 999.99 0.259000  15.360 0.000   8.770 0.000   6.590 0.000  0.046 0.000  0.609 0.559
