scripts/IMPROVE-2019_partial/data/US9063R.20010101070000.20191216000000.filterpack..pm25.52w.1w.US03L_filterpack_US9063.US03L_IMPROVE_Davis.lev2.nas
64 1001
MISSING INFORMATION
US03L, IMPROVE, , , , , , , 
MISSING INFORMATION
IMPROVE sel_HTAP
1 1
2001 01 01 2019 12 16
3.000000
days from file reference point
25
1 1 1 1 1 1 1 1 1 1 1 1 1 1 1 1 1 1 1 1 1 1 1 1 1
999.999999 9999.99 9.999 99.99 9.999999 9.999 9.999999 9.99 9.999999 99.999 9.999 999.999 9.999 999.999 9.999 999.999 9.999 999.999 9.999 999.999 9.999 9.999 9.999 9.999 9.999
end_time of measurement, days from the file reference point
iron, ng/m3, Revision date=20181210133000
numflag iron, no unit, Revision date=20181210133000
lead, ng/m3, Revision date=20181210133000
numflag lead, no unit, Revision date=20181210133000
magnesium, ug/m3, Revision date=20181210133000
numflag magnesium, no unit, Revision date=20181210133000
nickel, ng/m3, Revision date=20181210133000
numflag nickel, no unit, Revision date=20181210133000
nitrate, ug N/m3, Revision date=20181210133000
numflag nitrate, no unit, Revision date=20181210133000
organic_carbon, ug C/m3, Revision date=20181210133000
numflag organic_carbon, no unit, Revision date=20181210133000
organic_mass, ug/m3, Revision date=20181210133000
numflag organic_mass, no unit, Revision date=20181210133000
pm10_mass, ug/m3, Version=2, Version description=Data extracted from http://views.cira.colostate.edu/fed/DataWizard 2019-12-16, Sample duration=1d, Orig. time res.=3d, Matrix=pm10, Blank correction=Blank corrected, Volume std. temperature=ambient, Volume std. pressure=ambient
numflag pm10_mass, no unit, Version=2, Version description=Data extracted from http://views.cira.colostate.edu/fed/DataWizard 2019-12-16, Sample duration=1d, Orig. time res.=3d, Matrix=pm10, Blank correction=Blank corrected, Volume std. temperature=ambient, Volume std. pressure=ambient
pm10_pm25_mass, ug/m3, Revision date=20181210133000, Matrix=pm10_pm25
numflag pm10_pm25_mass, no unit, Revision date=20181210133000, Matrix=pm10_pm25
pm25_mass, ug/m3, Version=2, Version description=Data extracted from http://views.cira.colostate.edu/fed/DataWizard 2019-12-16, Sample duration=1d, Orig. time res.=3d, Blank correction=Blank corrected, Volume std. temperature=ambient, Volume std. pressure=ambient
numflag pm25_mass, no unit, Version=2, Version description=Data extracted from http://views.cira.colostate.edu/fed/DataWizard 2019-12-16, Sample duration=1d, Orig. time res.=3d, Blank correction=Blank corrected, Volume std. temperature=ambient, Volume std. pressure=ambient
potassium, ug/m3, Revision date=20181210133000
numflag potassium, no unit, Revision date=20181210133000
sulphate_total, ug S/m3, Revision date=20181210133000
numflag sulphate_total, no unit, Revision date=20181210133000
0
25
Data definition:              EBAS_1.1
Set type code:                TU
Timezone:                     UTC
File name:                    US9063R.20010101070000.20191216000000.filterpack..pm25.52w.1w.US03L_filterpack_US9063.US03L_IMPROVE_Davis.lev2.nas
File creation:                20191218120942
Startdate:                    20010101070000
Revision date:                20191216000000
Statistics:                   arithmetic mean
Data level:                   2
Period code:                  52w
Resolution code:              1w
Station code:                 US9063R
Platform code:                US9063S
Station name:                 UL Bend
Station latitude:             47.5823
Station longitude:            -108.7196
Station altitude:             891.0 m
Regime:                       IMG
Component:                    
Matrix:                       pm25
Laboratory code:              US03L
Instrument type:              filterpack
Instrument name:              filterpack_US9063
Method ref:                   US03L_IMPROVE_Davis
starttime endtime Fe flag_Fe Pb flag_Pb Mg++ flag_Mg++ Ni flag_Ni NO3- flag_NO3- OC flag_OC OM flag_OM PM10 flag_PM10 PM10-PM2.5 flag_PM10-PM2.5 PM2.5 flag_PM2.5 K+ flag_K+ SO4-- flag_SO4--
[from data line 86]
258.291667 259.291667    6.75 0.000 99.99 0.259000 0.011 0.000000 9.99 0.259000  0.020 0.559   0.796 0.000   1.114 0.000   4.232 0.000   1.797 0.000   2.435 0.000 9.999 0.259 0.303 0.559
261.291667 262.291667   38.23 0.000  0.80 0.000000 9.999 0.259000 9.99 0.259000  0.017 0.000   1.538 0.000   2.152 0.000  13.314 0.000   8.790 0.000   4.523 0.000 0.061 0.000 0.190 0.000
264.291667 265.291667   34.70 0.559  0.35 0.559000 9.999 0.559259 9.99 0.559259  0.017 0.000   1.553 0.000   2.174 0.000   9.410 0.000   4.791 0.000   4.619 0.559 0.032 0.559 0.197 0.000
267.291667 268.291667   47.72 0.000  0.37 0.000000 9.999 0.259000 9.99 0.259000  0.012 0.000   0.840 0.000   1.176 0.000  12.772 0.000   9.062 0.000   3.709 0.000 0.034 0.000 0.230 0.000
270.291667 271.291667   66.45 0.000  0.22 0.000000 9.999 0.259000 9.99 0.259000  0.019 0.000   0.862 0.000   1.207 0.000  15.738 0.000  11.417 0.000   4.321 0.000 0.031 0.000 0.245 0.000
273.291667 274.291667   34.53 0.000  0.45 0.000000 9.999 0.259000 9.99 0.259000  0.014 0.000   0.906 0.000   1.268 0.000   6.534 0.000   3.648 0.000   2.886 0.000 9.999 0.259 0.119 0.000
276.291667 277.291667   16.84 0.000  0.16 0.000000 9.999 0.259000 9.99 0.259000  0.010 0.000   0.270 0.000   0.378 0.000   8.267 0.000   6.788 0.000   1.480 0.000 0.009 0.000 0.095 0.000
279.291667 280.291667   71.01 0.000  0.59 0.000000 9.999 0.259000 9.99 0.259000  0.023 0.000   1.587 0.000   2.221 0.000  20.875 0.000  15.077 0.000   5.797 0.000 0.039 0.000 0.251 0.000
282.291667 283.291667   23.12 0.000  0.26 0.000000 9.999 0.259000 9.99 0.259000  0.019 0.000   0.362 0.000   0.507 0.000   9.094 0.000   7.203 0.000   1.891 0.000 0.028 0.000 0.103 0.000
285.291667 286.291667    6.67 0.000  0.21 0.000000 9.999 0.259000 9.99 0.259000  0.010 0.000   0.355 0.000   0.496 0.000   3.514 0.000   2.484 0.000   1.030 0.000 0.013 0.000 0.069 0.000
288.291667 289.291667   13.14 0.000  0.56 0.000000 0.013 0.000000 9.99 0.259000  0.015 0.000   0.582 0.000   0.815 0.000   4.386 0.000   1.850 0.000   2.536 0.000 0.021 0.000 0.175 0.000
291.291667 292.291667   10.05 0.000  0.23 0.000000 9.999 0.259000 9.99 0.259000  0.008 0.000   0.407 0.000   0.571 0.000   4.068 0.000   2.535 0.000   1.533 0.000 0.017 0.000 0.097 0.000
294.291667 295.291667   25.23 0.000  0.60 0.000000 9.999 0.259000 9.99 0.259000  0.008 0.000   0.346 0.000   0.484 0.000   4.890 0.000   3.115 0.000   1.775 0.000 0.022 0.000 0.093 0.000
297.291667 298.291667    9.90 0.000  0.41 0.000000 9.999 0.259000 9.99 0.259000  0.035 0.000   0.595 0.000   0.834 0.000   3.932 0.000   1.910 0.000   2.023 0.000 0.022 0.000 0.139 0.000
300.291667 301.291667    9.68 0.000  0.36 0.000000 9.999 0.259000 9.99 0.259000  0.103 0.000   0.796 0.000   1.114 0.000   3.720 0.000   1.649 0.000   2.071 0.000 0.027 0.000 0.111 0.000
303.291667 304.291667 9999.99 0.999 99.99 0.999000 9.999 0.999000 9.99 0.999000 99.999 0.999 999.999 0.999 999.999 0.999 999.999 0.999 999.999 0.999 999.999 0.999 9.999 0.999 9.999 0.999
306.291667 307.291667   10.32 0.000  0.29 0.000000 9.999 0.259000 9.99 0.259000  0.008 0.000   0.810 0.000   1.134 0.000   4.010 0.000   1.815 0.000   2.195 0.000 0.039 0.000 0.088 0.000
309.291667 310.291667   18.81 0.000  0.37 0.000000 9.999 0.259000 9.99 0.259000  0.106 0.000   0.755 0.000   1.058 0.000   6.529 0.000   3.840 0.000   2.689 0.000 0.042 0.000 0.170 0.000
312.291667 313.291667   19.40 0.000  0.58 0.000000 9.999 0.259000 9.99 0.259000  0.008 0.000   0.390 0.000   0.546 0.000   6.076 0.000   4.451 0.000   1.625 0.000 0.025 0.000 0.096 0.000
315.291667 316.291667   18.97 0.000  0.70 0.000000 9.999 0.259000 9.99 0.259000  0.010 0.000   0.613 0.000   0.858 0.000   6.242 0.000   3.648 0.000   2.593 0.000 0.019 0.000 0.213 0.000
318.291667 319.291667   16.50 0.000  0.20 0.000000 9.999 0.259000 9.99 0.259000  0.004 0.559   0.169 0.000   0.236 0.000   5.301 0.000   4.658 0.000   0.642 0.000 0.012 0.000 0.044 0.559
321.291667 322.291667    7.50 0.000  0.15 0.000000 9.999 0.259000 9.99 0.259000  0.009 0.559   0.150 0.000   0.210 0.000   2.952 0.000   2.284 0.000   0.668 0.000 0.011 0.000 0.051 0.559
324.291667 325.291667 9999.99 0.999 99.99 0.999000 9.999 0.999000 9.99 0.999000 99.999 0.999 999.999 0.999 999.999 0.999 999.999 0.999 999.999 0.999 999.999 0.999 9.999 0.999 9.999 0.999
327.291667 328.291667 9999.99 0.999 99.99 0.999000 9.999 0.999000 9.99 0.999000 99.999 0.999 999.999 0.999 999.999 0.999 999.999 0.999 999.999 0.999 999.999 0.999 9.999 0.999 9.999 0.999
330.291667 331.291667 9999.99 0.999 99.99 0.999000 9.999 0.999000 9.99 0.999000 99.999 0.999 999.999 0.999 999.999 0.999 999.999 0.999 999.999 0.999 999.999 0.999 9.999 0.999 9.999 0.999
333.291667 334.291667    8.45 0.000  1.36 0.000000 9.999 0.259000 9.99 0.259000  0.812 0.559   0.897 0.000   1.256 0.000  10.207 0.000   1.292 0.000   8.915 0.000 0.019 0.000 0.623 0.559
336.291667 337.291667    4.54 0.000  0.43 0.000000 9.999 0.259000 9.99 0.259000  0.012 0.559   0.243 0.000   0.340 0.000   1.323 0.000   0.650 0.000   0.673 0.000 0.007 0.000 0.065 0.559
339.291667 340.291667    8.66 0.000  0.69 0.000000 9.999 0.259000 9.99 0.259000  0.014 0.000   0.206 0.000   0.288 0.000   1.841 0.000   0.939 0.000   0.902 0.000 0.006 0.000 0.048 0.000
342.291667 343.291667    6.54 0.000  0.57 0.000000 9.999 0.259000 9.99 0.259000  0.013 0.559   0.149 0.000   0.209 0.000   2.480 0.000   1.518 0.000   0.962 0.000 0.007 0.000 0.075 0.559
345.291667 346.291667    6.36 0.000  0.47 0.000000 9.999 0.259000 9.99 0.259000  0.357 0.000   0.358 0.000   0.501 0.000   4.476 0.000   1.491 0.000   2.985 0.000 0.012 0.000 0.138 0.000
348.291667 349.291667    1.91 0.000 99.99 0.259000 9.999 0.259000 9.99 0.259000  0.024 0.000   0.100 0.000   0.140 0.000   1.497 0.000   0.874 0.000   0.623 0.000 0.006 0.000 0.034 0.000
351.291667 352.291667    4.55 0.000  0.28 0.000000 9.999 0.259000 0.07 0.000000  0.021 0.000   0.142 0.000   0.199 0.000   2.437 0.000   1.498 0.000   0.940 0.000 0.006 0.000 0.053 0.000
354.291667 355.291667   11.58 0.000 99.99 0.259000 9.999 0.259000 9.99 0.259000  0.478 0.000   0.873 0.000   1.222 0.000   7.739 0.000   2.508 0.000   5.231 0.000 0.027 0.000 0.173 0.000
357.291667 358.291667    4.79 0.000  0.22 0.000000 9.999 0.259000 9.99 0.259000  0.032 0.000   0.330 0.000   0.462 0.000   2.134 0.000   1.196 0.000   0.938 0.000 0.006 0.000 0.034 0.000
360.291667 361.291667    7.93 0.000  0.54 0.000000 9.999 0.259000 9.99 0.259000  0.192 0.000   0.332 0.000   0.465 0.000   3.327 0.000   1.689 0.000   1.638 0.000 0.010 0.000 0.065 0.000
363.291667 364.291667    3.96 0.000  0.37 0.000000 9.999 0.259000 9.99 0.259000  0.324 0.000   0.371 0.000   0.520 0.000   4.503 0.000   0.408 0.000   4.095 0.000 0.008 0.000 0.342 0.000
