scripts/IMPROVE-2019_partial/data/US9033R.19920307060000.20191216000000.filterpack...10mo.3d.US03L_filterpack_US9033.US03L_IMPROVE_Davis.lev2.nas
51 1001
MISSING INFORMATION
US03L, IMPROVE, , , , , , , 
MISSING INFORMATION
IMPROVE sel_HTAP
1 1
1992 01 01 2019 12 16
0
days from file reference point
4
1 1 1 1
999.99 999.999 999.999 9.999
end_time of measurement, days from the file reference point
pm10_mass, ug/m3, Matrix=pm10
pm25_mass, ug/m3, Matrix=pm25
numflag, no unit
0
33
Data definition:              EBAS_1.1
Set type code:                TI
Timezone:                     UTC
File name:                    US9033R.19920307060000.20191216000000.filterpack...10mo.3d.US03L_filterpack_US9033.US03L_IMPROVE_Davis.lev2.nas
File creation:                20191218120726
Startdate:                    19920307060000
Revision date:                20191216000000
Version:                      2
Version description:          "Data extracted from http://views.cira.colostate.edu/fed/DataWizard 2019-12-16"
Statistics:                   arithmetic mean
Data level:                   2
Period code:                  10mo
Resolution code:              3d
Sample duration:              1d
Orig. time res.:              3d
Station code:                 US9033R
Platform code:                US9033S
Station name:                 Sipsy Wilderness
Station latitude:             34.3433
Station longitude:            -87.3388
Station altitude:             286.0 m
Regime:                       IMG
Component:                    
Unit:                         ug/m3
Matrix:                       
Laboratory code:              US03L
Instrument type:              filterpack
Instrument name:              filterpack_US9033
Method ref:                   US03L_IMPROVE_Davis
Blank correction:             Blank corrected
Volume std. temperature:      ambient
Volume std. pressure:         ambient
starttime endtime PM10 PM2.5 flag
 66.25  67.25  15.273 999.999 0.000
 70.25  71.25   9.620   5.897 0.000
 73.25  74.25  18.308   9.464 0.000
 77.25  78.25  15.338 999.999 0.000
 80.25  81.25  21.445  12.871 0.000
 84.25  85.25  25.172 999.999 0.000
 87.25  88.25  17.433  15.899 0.000
 91.25  92.25  21.538  16.855 0.000
 94.25  95.25  20.077   8.931 0.000
 98.25  99.25  27.185  21.994 0.000
101.25 102.25  24.556  24.387 0.000
105.25 106.25  29.403  24.308 0.000
108.25 109.25  23.057  13.262 0.000
112.25 113.25   9.237   6.398 0.000
115.25 116.25  14.198  12.138 0.000
119.25 120.25  18.587  18.024 0.000
122.25 123.25  15.091  12.667 0.000
126.25 127.25  21.218  14.338 0.000
129.25 130.25  24.489  20.219 0.000
133.25 134.25 999.999 999.999 0.999
136.25 137.25  30.813  19.543 0.000
140.25 141.25  35.985  30.689 0.000
143.25 144.25  22.193  13.571 0.000
147.25 148.25 999.999 999.999 0.999
150.25 151.25 999.999 999.999 0.999
154.25 155.25 999.999 999.999 0.999
157.25 158.25 999.999 999.999 0.999
161.25 162.25  17.565  14.455 0.000
164.25 165.25  26.423  20.365 0.000
168.25 169.25  45.075  21.739 0.000
171.25 172.25 999.999 999.999 0.999
175.25 176.25  28.645  18.879 0.000
178.25 179.25  21.522  14.727 0.000
182.25 183.25  13.018   9.587 0.000
185.25 186.25  20.218  17.640 0.000
189.25 190.25  81.736  42.434 0.000
192.25 193.25 999.999  22.115 0.000
196.25 197.25  13.841   7.024 0.000
199.25 200.25  16.057   9.787 0.000
203.25 204.25  14.515  10.706 0.000
206.25 207.25 999.999 999.999 0.999
210.25 211.25  35.795  23.962 0.000
213.25 214.25  23.221  20.063 0.000
217.25 218.25  21.693  17.857 0.000
220.25 221.25  27.870  20.240 0.000
224.25 225.25  25.620  20.859 0.000
227.25 228.25  26.350  23.251 0.000
231.25 232.25  46.812  20.153 0.000
234.25 235.25  22.138  13.522 0.000
238.25 239.25  21.962  15.406 0.000
241.25 242.25  16.943  14.623 0.000
245.25 246.25  24.751  19.373 0.000
248.25 249.25  26.023  17.358 0.000
252.25 253.25  34.563  28.317 0.000
255.25 256.25  22.433  16.656 0.000
259.25 260.25  28.815  21.738 0.000
262.25 263.25  21.812  17.037 0.000
266.25 267.25  21.494  15.696 0.000
269.25 270.25  21.098  16.392 0.000
273.25 274.25  14.961   8.006 0.000
276.25 277.25  24.903  21.763 0.000
280.25 281.25  16.462  11.455 0.000
283.25 284.25  13.893  10.094 0.000
287.25 288.25  29.048  22.019 0.000
290.25 291.25  11.071   8.645 0.000
294.25 295.25  22.959  17.706 0.000
297.25 298.25  29.925  21.801 0.000
301.25 302.25 999.999 999.999 0.999
304.25 305.25  13.282  10.189 0.000
308.25 309.25  10.121   5.016 0.000
311.25 312.25  14.879  13.137 0.000
315.25 316.25  18.245  13.622 0.000
318.25 319.25  12.204   7.418 0.000
322.25 323.25  22.122  12.372 0.000
325.25 326.25 999.999 999.999 0.999
329.25 330.25  11.004   7.922 0.000
332.25 333.25  14.836  11.782 0.000
336.25 337.25  16.831   9.218 0.000
339.25 340.25   9.879   5.729 0.000
343.25 344.25  18.939  16.084 0.000
346.25 347.25  12.760  10.895 0.000
350.25 351.25   7.085   4.479 0.000
353.25 354.25  19.120  14.441 0.000
357.25 358.25   9.120   6.962 0.000
360.25 361.25  10.437   6.913 0.000
364.25 365.25  12.258  10.719 0.000
