scripts/IMPROVE-2019_partial/data/US9024R.20060102080000.20191216000000.filterpack..pm25.52w.1w.US03L_filterpack_US9024.US03L_IMPROVE_Davis.lev2.nas
64 1001
MISSING INFORMATION
US03L, IMPROVE, , , , , , , 
MISSING INFORMATION
IMPROVE sel_HTAP
1 1
2006 01 01 2019 12 16
3.000000
days from file reference point
25
1 1 1 1 1 1 1 1 1 1 1 1 1 1 1 1 1 1 1 1 1 1 1 1 1
999.999999 999.99 9.999 99.99 9.999 9.999 9.999999 99.99 9.999 9.999 9.999 99.999 9.999 99.999 9.999 999.999 9.999 999.999 9.999 99.999 9.999 9.999 9.999 9.999 9.999
end_time of measurement, days from the file reference point
iron, ng/m3, Revision date=20181210133000
numflag iron, no unit, Revision date=20181210133000
lead, ng/m3, Revision date=20181210133000
numflag lead, no unit, Revision date=20181210133000
magnesium, ug/m3, Revision date=20181210133000
numflag magnesium, no unit, Revision date=20181210133000
nickel, ng/m3, Revision date=20181210133000
numflag nickel, no unit, Revision date=20181210133000
nitrate, ug N/m3, Revision date=20181210133000
numflag nitrate, no unit, Revision date=20181210133000
organic_carbon, ug C/m3, Revision date=20181210133000
numflag organic_carbon, no unit, Revision date=20181210133000
organic_mass, ug/m3, Revision date=20181210133000
numflag organic_mass, no unit, Revision date=20181210133000
pm10_mass, ug/m3, Version=2, Version description=Data extracted from http://views.cira.colostate.edu/fed/DataWizard 2019-12-16, Sample duration=1d, Orig. time res.=3d, Matrix=pm10, Blank correction=Blank corrected, Volume std. temperature=ambient, Volume std. pressure=ambient
numflag pm10_mass, no unit, Version=2, Version description=Data extracted from http://views.cira.colostate.edu/fed/DataWizard 2019-12-16, Sample duration=1d, Orig. time res.=3d, Matrix=pm10, Blank correction=Blank corrected, Volume std. temperature=ambient, Volume std. pressure=ambient
pm10_pm25_mass, ug/m3, Revision date=20181210133000, Matrix=pm10_pm25
numflag pm10_pm25_mass, no unit, Revision date=20181210133000, Matrix=pm10_pm25
pm25_mass, ug/m3, Version=2, Version description=Data extracted from http://views.cira.colostate.edu/fed/DataWizard 2019-12-16, Sample duration=1d, Orig. time res.=3d, Blank correction=Blank corrected, Volume std. temperature=ambient, Volume std. pressure=ambient
numflag pm25_mass, no unit, Version=2, Version description=Data extracted from http://views.cira.colostate.edu/fed/DataWizard 2019-12-16, Sample duration=1d, Orig. time res.=3d, Blank correction=Blank corrected, Volume std. temperature=ambient, Volume std. pressure=ambient
potassium, ug/m3, Revision date=20181210133000
numflag potassium, no unit, Revision date=20181210133000
sulphate_total, ug S/m3, Revision date=20181210133000
numflag sulphate_total, no unit, Revision date=20181210133000
0
25
Data definition:              EBAS_1.1
Set type code:                TU
Timezone:                     UTC
File name:                    US9024R.20060102080000.20191216000000.filterpack..pm25.52w.1w.US03L_filterpack_US9024.US03L_IMPROVE_Davis.lev2.nas
File creation:                20191218120645
Startdate:                    20060102080000
Revision date:                20191216000000
Statistics:                   arithmetic mean
Data level:                   2
Period code:                  52w
Resolution code:              1w
Station code:                 US9024R
Platform code:                US9024S
Station name:                 Olympic
Station latitude:             48.0065
Station longitude:            -122.9727
Station altitude:             599.0 m
Regime:                       IMG
Component:                    
Matrix:                       pm25
Laboratory code:              US03L
Instrument type:              filterpack
Instrument name:              filterpack_US9024
Method ref:                   US03L_IMPROVE_Davis
starttime endtime Fe flag_Fe Pb flag_Pb Mg++ flag_Mg++ Ni flag_Ni NO3- flag_NO3- OC flag_OC OM flag_OM PM10 flag_PM10 PM10-PM2.5 flag_PM10-PM2.5 PM2.5 flag_PM2.5 K+ flag_K+ SO4-- flag_SO4--
[from data line 91]
274.333333 275.333333  10.12 0.000  0.74 0.000 0.013 0.000000  0.98 0.000 0.095 0.000  0.738 0.000  1.329 0.000   6.009 0.000   2.333 0.000  3.676 0.000 0.021 0.000 0.339 0.000
277.333333 278.333333  29.66 0.000  1.61 0.000 9.999 0.259000  1.20 0.000 0.037 0.000  1.005 0.000  1.808 0.000   6.446 0.000   2.220 0.000  4.226 0.000 0.038 0.000 0.346 0.000
280.333333 281.333333   3.21 0.000  1.08 0.000 9.999 0.259000  0.79 0.000 0.036 0.000  0.626 0.000  1.126 0.000   2.574 0.000   0.243 0.000  2.331 0.000 0.016 0.000 0.202 0.000
283.333333 284.333333  10.96 0.000  0.83 0.000 0.002 0.000000  0.26 0.000 0.014 0.000  0.821 0.000  1.478 0.000   3.173 0.000   0.772 0.000  2.401 0.000 0.016 0.000 0.112 0.000
286.333333 287.333333  24.24 0.000  2.38 0.000 9.999 0.259000  0.65 0.000 0.391 0.000  1.883 0.000  3.389 0.000   8.036 0.000   1.798 0.000  6.238 0.000 0.032 0.000 0.344 0.000
289.333333 290.333333   6.00 0.000  0.54 0.000 9.999 0.259000  0.94 0.000 0.056 0.000  1.079 0.000  1.942 0.000   4.686 0.000   1.335 0.000  3.351 0.000 0.026 0.000 0.206 0.000
292.333333 293.333333   2.62 0.000  0.52 0.000 0.017 0.000000  0.55 0.000 0.102 0.000  1.257 0.000  2.262 0.000   5.205 0.000   1.080 0.000  4.124 0.000 0.039 0.000 0.216 0.000
295.333333 296.333333   6.53 0.000  1.27 0.000 0.014 0.000000  0.63 0.000 0.088 0.000  1.666 0.000  2.999 0.000   6.024 0.000   1.824 0.000  4.200 0.000 0.043 0.000 0.222 0.000
298.333333 299.333333   2.02 0.000  0.38 0.000 0.010 0.000000 99.99 0.259 0.038 0.000  0.379 0.000  0.682 0.000   2.204 0.000   0.704 0.000  1.500 0.000 0.015 0.000 0.070 0.000
301.333333 302.333333   2.17 0.000  0.70 0.000 9.999 0.259000  0.29 0.000 0.015 0.000  0.516 0.000  0.928 0.000   3.362 0.000   1.749 0.000  1.613 0.000 0.018 0.000 0.097 0.000
304.333333 305.333333  17.45 0.000  1.44 0.000 9.999 0.259000  0.56 0.000 0.041 0.000  2.019 0.000  3.634 0.000   6.287 0.000   1.508 0.000  4.779 0.000 0.042 0.000 0.150 0.000
307.333333 308.333333   0.41 0.000  0.19 0.000 9.999 0.259000 99.99 0.259 0.004 0.000  0.334 0.000  0.601 0.000   0.814 0.000   0.142 0.000  0.673 0.000 0.008 0.000 0.010 0.000
310.333333 311.333333   0.75 0.000  0.29 0.000 9.999 0.259000  0.27 0.000 0.015 0.000  0.537 0.000  0.966 0.000 999.999 0.456 999.999 0.999  1.183 0.000 0.017 0.000 0.036 0.000
313.333333 314.333333   0.67 0.000 99.99 0.259 0.005 0.000000 99.99 0.259 0.017 0.000  0.519 0.000  0.934 0.000   1.190 0.000   0.133 0.000  1.056 0.000 0.016 0.000 0.024 0.000
316.333333 317.333333   0.57 0.000  0.20 0.000 0.019 0.000000  0.14 0.000 0.011 0.000  0.147 0.000  0.265 0.000   1.025 0.000   0.308 0.000  0.718 0.000 0.007 0.000 0.040 0.000
319.333333 320.333333   1.70 0.000  0.26 0.000 0.027 0.000000  0.23 0.000 0.054 0.000  1.029 0.000  1.852 0.000   4.606 0.000   1.534 0.000  3.072 0.000 0.032 0.000 0.070 0.000
322.333333 323.333333   2.20 0.000  0.55 0.000 0.022 0.000000  0.28 0.000 0.016 0.000  0.612 0.000  1.101 0.000   3.515 0.000   1.164 0.000  2.352 0.000 0.021 0.000 0.075 0.000
325.333333 326.333333   1.15 0.000  0.16 0.000 9.999 0.259000  0.15 0.000 0.004 0.000  0.030 0.000  0.054 0.000   0.985 0.000   0.617 0.000  0.367 0.000 0.002 0.000 0.009 0.000
328.333333 329.333333   1.59 0.000  0.54 0.000 9.999 0.259000  0.10 0.000 0.021 0.000  0.366 0.000  0.660 0.000   2.142 0.000   0.726 0.000  1.416 0.000 0.011 0.000 0.075 0.000
331.333333 332.333333   5.24 0.000  0.37 0.000 9.999 0.259000  0.21 0.000 0.057 0.000  0.623 0.000  1.121 0.000   3.411 0.000   0.937 0.000  2.474 0.000 0.023 0.000 0.153 0.000
334.333333 335.333333 999.99 0.999 99.99 0.999 9.999 0.999000 99.99 0.999 9.999 0.999 99.999 0.999 99.999 0.999 999.999 0.999 999.999 0.999 99.999 0.999 9.999 0.999 9.999 0.999
337.333333 338.333333 999.99 0.999 99.99 0.999 9.999 0.999000 99.99 0.999 9.999 0.999 99.999 0.999 99.999 0.999 999.999 0.999 999.999 0.999 99.999 0.999 9.999 0.999 9.999 0.999
340.333333 341.333333  13.22 0.000  0.70 0.000 9.999 0.259000  0.23 0.000 0.039 0.000  1.906 0.000  3.431 0.000   4.914 0.000   1.245 0.000  3.669 0.000 0.037 0.000 0.116 0.000
343.333333 344.333333   2.10 0.000  0.08 0.000 9.999 0.259000  0.28 0.000 0.025 0.000  0.596 0.000  1.073 0.000   1.683 0.000   0.522 0.000  1.161 0.000 0.011 0.000 0.061 0.000
346.333333 347.333333   0.90 0.000  0.11 0.000 0.033 0.000000 99.99 0.259 0.005 0.000  0.212 0.000  0.382 0.000   1.478 0.000   0.781 0.000  0.697 0.000 0.009 0.000 0.033 0.000
349.333333 350.333333   1.27 0.000  0.47 0.000 9.999 0.259000  0.12 0.000 0.017 0.000  0.510 0.000  0.918 0.000   2.099 0.000   0.728 0.000  1.371 0.000 0.015 0.000 0.031 0.000
352.333333 353.333333   1.40 0.000  0.10 0.000 0.004 0.000000  0.13 0.000 0.008 0.000  0.728 0.000  1.311 0.000   1.027 0.000   0.143 0.000  0.884 0.000 0.009 0.000 0.016 0.000
355.333333 356.333333   0.90 0.000  0.08 0.000 9.999 0.259000  0.27 0.000 0.025 0.000  0.371 0.000  0.669 0.000   1.153 0.000   0.326 0.000  0.827 0.000 0.008 0.000 0.039 0.000
358.333333 359.333333   0.47 0.000  0.28 0.000 0.036 0.000000  0.24 0.000 0.019 0.000  0.228 0.000  0.409 0.000   2.137 0.000   0.960 0.000  1.177 0.000 0.012 0.000 0.053 0.000
361.333333 362.333333  10.20 0.000  0.66 0.000 9.999 0.259000  0.44 0.000 0.175 0.000  0.973 0.000  1.751 0.000   4.551 0.000   1.283 0.000  3.268 0.000 0.023 0.000 0.143 0.000
364.333333 365.333333   5.16 0.000  1.72 0.000 9.999 0.259000  0.50 0.000 0.152 0.000  1.634 0.000  2.942 0.000   4.461 0.000   0.757 0.000  3.704 0.000 0.032 0.000 0.121 0.000
