scripts/IMPROVE-2019_partial/data/US9045R.19990102080000.20191216000000.filterpack...1y.3d.US03L_filterpack_US9045.US03L_IMPROVE_Davis.lev2.nas
51 1001
MISSING INFORMATION
US03L, IMPROVE, , , , , , , 
MISSING INFORMATION
IMPROVE sel_HTAP
1 1
1999 01 01 2019 12 16
0
days from file reference point
4
1 1 1 1
999.999999 999.999 999.999 9.999
end_time of measurement, days from the file reference point
pm10_mass, ug/m3, Matrix=pm10
pm25_mass, ug/m3, Matrix=pm25
numflag, no unit
0
33
Data definition:              EBAS_1.1
Set type code:                TI
Timezone:                     UTC
File name:                    US9045R.19990102080000.20191216000000.filterpack...1y.3d.US03L_filterpack_US9045.US03L_IMPROVE_Davis.lev2.nas
File creation:                20191218120828
Startdate:                    19990102080000
Revision date:                20191216000000
Version:                      2
Version description:          "Data extracted from http://views.cira.colostate.edu/fed/DataWizard 2019-12-16"
Statistics:                   arithmetic mean
Data level:                   2
Period code:                  1y
Resolution code:              3d
Sample duration:              1d
Orig. time res.:              3d
Station code:                 US9045R
Platform code:                US9045S
Station name:                 Sequoia NP
Station latitude:             36.4894
Station longitude:            -118.8291
Station altitude:             519.0 m
Regime:                       IMG
Component:                    
Unit:                         ug/m3
Matrix:                       
Laboratory code:              US03L
Instrument type:              filterpack
Instrument name:              filterpack_US9045
Method ref:                   US03L_IMPROVE_Davis
Blank correction:             Blank corrected
Volume std. temperature:      ambient
Volume std. pressure:         ambient
starttime endtime PM10 PM2.5 flag
  1.333333   2.333333  27.737  24.590 0.000
  5.333333   6.333333   7.520   7.393 0.000
  8.333333   9.333333   9.944   9.313 0.000
 12.333333  13.333333  36.843  29.049 0.000
 15.333333  16.333333  43.663  36.678 0.000
 19.333333  20.333333   4.393   0.721 0.000
 22.333333  23.333333   3.018   1.389 0.000
 26.333333  27.333333   3.283   2.369 0.000
 29.333333  30.333333   4.251   1.800 0.000
 33.333333  34.333333   9.163   6.144 0.000
 36.333333  37.333333  27.367  22.369 0.000
 40.333333  41.333333   3.390   2.315 0.000
 43.333333  44.333333   3.634 999.999 0.000
 47.333333  48.333333  13.457  10.209 0.000
 50.333333  51.333333   5.237   3.030 0.000
 54.333333  55.333333   6.052   3.565 0.000
 57.333333  58.333333   9.815   7.348 0.000
 61.333333  62.333333   9.246   5.952 0.000
 64.333333  65.333333  14.488  11.434 0.000
 68.333333  69.333333   6.825   4.651 0.000
 71.333333  72.333333   9.638   7.104 0.000
 75.333333  76.333333   6.543   4.405 0.000
 78.333333  79.333333   1.405 999.999 0.000
 82.333333  83.333333   3.863   3.000 0.000
 85.333333  86.333333  13.364  11.466 0.000
 89.333333  90.333333   5.547   3.732 0.000
 92.333333  93.333333   6.457   4.264 0.000
 96.333333  97.333333   5.043 999.999 0.000
 99.333333 100.333333   7.812   4.288 0.000
103.333333 104.333333  12.630   7.130 0.000
106.333333 107.333333   9.586 999.999 0.000
110.333333 111.333333  14.458  10.432 0.000
113.333333 114.333333   8.576   4.473 0.000
117.333333 118.333333  16.138   5.492 0.000
120.333333 121.333333 999.999  11.963 0.000
124.333333 125.333333  12.654   9.642 0.000
127.333333 128.333333  19.391  15.377 0.000
131.333333 132.333333  21.879  17.082 0.000
134.333333 135.333333  14.328  11.265 0.000
138.333333 139.333333  17.324   8.030 0.000
141.333333 142.333333  21.572  11.759 0.000
145.333333 146.333333  24.552  17.733 0.000
148.333333 149.333333  15.671 999.999 0.000
152.333333 153.333333  11.119   4.448 0.000
155.333333 156.333333  10.322   7.649 0.000
159.333333 160.333333 999.999 999.999 0.999
162.333333 163.333333 999.999 999.999 0.999
166.333333 167.333333 999.999 999.999 0.999
169.333333 170.333333  21.564  13.036 0.000
173.333333 174.333333  25.547  14.941 0.000
176.333333 177.333333  14.134   7.786 0.000
180.333333 181.333333  25.042  14.310 0.000
183.333333 184.333333  23.576  11.815 0.000
187.333333 188.333333  28.362  15.707 0.000
190.333333 191.333333  20.627  14.574 0.000
194.333333 195.333333  18.778  11.554 0.000
197.333333 198.333333  16.759   9.899 0.000
201.333333 202.333333  21.301  13.197 0.000
204.333333 205.333333  25.331  15.193 0.000
208.333333 209.333333  27.376  14.799 0.000
211.333333 212.333333  22.721  16.053 0.000
215.333333 216.333333  20.264  11.790 0.000
218.333333 219.333333  16.254   9.218 0.000
222.333333 223.333333  21.050  12.258 0.000
225.333333 226.333333  20.725  12.662 0.000
229.333333 230.333333  24.684  15.021 0.000
232.333333 233.333333  26.033  18.389 0.000
236.333333 237.333333  22.345  13.735 0.000
239.333333 240.333333  13.817   7.675 0.000
243.333333 244.333333  20.942  11.463 0.000
246.333333 247.333333  24.523  15.496 0.000
250.333333 251.333333  22.099  12.191 0.000
253.333333 254.333333  21.585  11.836 0.000
257.333333 258.333333  26.770  19.772 0.000
260.333333 261.333333  22.569  13.858 0.000
264.333333 265.333333   8.528   4.408 0.000
267.333333 268.333333  22.021  15.308 0.000
271.333333 272.333333  19.214   9.229 0.000
274.333333 275.333333  29.433  17.085 0.000
278.333333 279.333333  25.821  11.892 0.000
281.333333 282.333333  12.181   5.843 0.000
285.333333 286.333333  18.195   8.315 0.000
288.333333 289.333333  35.886  17.051 0.000
292.333333 293.333333  20.680  11.998 0.000
295.333333 296.333333  18.168   9.575 0.000
299.333333 300.333333  30.080  18.580 0.000
302.333333 303.333333   7.586   4.640 0.000
306.333333 307.333333  30.275  15.129 0.000
309.333333 310.333333  16.113   8.556 0.000
313.333333 314.333333   8.466   4.557 0.000
316.333333 317.333333  20.296  15.259 0.000
320.333333 321.333333   3.649   1.908 0.000
323.333333 324.333333  11.283   6.482 0.000
327.333333 328.333333  11.080   6.606 0.000
330.333333 331.333333  17.283  10.278 0.000
334.333333 335.333333   6.543   3.249 0.000
337.333333 338.333333   8.271   5.001 0.000
341.333333 342.333333   6.101   4.077 0.000
344.333333 345.333333  13.126   9.493 0.000
348.333333 349.333333  24.897  21.145 0.000
351.333333 352.333333  57.173  34.627 0.000
355.333333 356.333333  27.583  20.399 0.000
358.333333 359.333333  17.608  15.088 0.000
362.333333 363.333333  16.915  12.481 0.000
