scripts/IMPROVE-2019_partial/data/US9015R.20150103060000.20191216000000.filterpack...1y.3d.US03L_filterpack_US9015.US03L_IMPROVE_Davis.lev2.nas
52 1001
MISSING INFORMATION
US03L, IMPROVE, , , , , , , 
MISSING INFORMATION
IMPROVE sel_HTAP
1 1
2015 01 01 2019 12 16
3.00
days from file reference point
5
1 1 1 1 1
999.99 999.999 9.999 999.999 9.999
end_time of measurement, days from the file reference point
pm10_mass, ug/m3, Matrix=pm10
numflag pm10_mass, no unit, Matrix=pm10
pm25_mass, ug/m3, Matrix=pm25
numflag pm25_mass, no unit, Matrix=pm25
0
33
Data definition:              EBAS_1.1
Set type code:                TU
Timezone:                     UTC
File name:                    US9015R.20150103060000.20191216000000.filterpack...1y.3d.US03L_filterpack_US9015.US03L_IMPROVE_Davis.lev2.nas
File creation:                20191218120613
Startdate:                    20150103060000
Revision date:                20191216000000
Version:                      2
Version description:          "Data extracted from http://views.cira.colostate.edu/fed/DataWizard 2019-12-16"
Statistics:                   arithmetic mean
Data level:                   2
Period code:                  1y
Resolution code:              3d
Sample duration:              1d
Orig. time res.:              3d
Station code:                 US9015R
Platform code:                US9015S
Station name:                 Nebraska NF
Station latitude:             41.8888
Station longitude:            -100.3387
Station altitude:             883.0 m
Regime:                       IMG
Component:                    
Unit:                         ug/m3
Matrix:                       
Laboratory code:              US03L
Instrument type:              filterpack
Instrument name:              filterpack_US9015
Method ref:                   US03L_IMPROVE_Davis
Blank correction:             Blank corrected
Volume std. temperature:      ambient
Volume std. pressure:         ambient
starttime endtime PM10 flag_PM10 PM2.5 flag_PM2.5
  2.25   3.25  13.969 0.000   4.179 0.659
  5.25   6.25   3.127 0.000   1.898 0.659
  8.25   9.25   3.155 0.000   1.748 0.659
 11.25  12.25   5.956 0.000   4.194 0.659
 14.25  15.25   2.115 0.000   1.503 0.659
 17.25  18.25   2.140 0.000   1.144 0.659
 20.25  21.25   1.701 0.000   1.260 0.659
 23.25  24.25   2.810 0.000   1.073 0.659
 26.25  27.25   1.662 0.000   0.953 0.659
 29.25  30.25   6.530 0.000   2.775 0.659
 32.25  33.25   2.530 0.000   1.875 0.659
 35.25  36.25   7.351 0.000   5.757 0.659
 38.25  39.25   3.109 0.000   4.137 0.000
 41.25  42.25   5.229 0.000   8.222 0.000
 44.25  45.25   6.341 0.000   4.432 0.000
 47.25  48.25   3.883 0.000   2.008 0.000
 50.25  51.25   5.838 0.000   2.479 0.000
 53.25  54.25   4.716 0.000   3.053 0.000
 56.25  57.25   3.619 0.000   2.110 0.000
 59.25  60.25   5.014 0.000   2.677 0.000
 62.25  63.25   4.321 0.000   2.191 0.000
 65.25  66.25   4.641 0.000   2.255 0.000
 68.25  69.25 999.999 0.456 999.999 0.456
 71.25  72.25  11.191 0.000   2.433 0.000
 74.25  75.25  18.432 0.000   2.315 0.000
 77.25  78.25  16.622 0.000   4.173 0.000
 80.25  81.25  14.681 0.000   4.300 0.000
 83.25  84.25   4.998 0.000   2.288 0.000
 86.25  87.25   5.306 0.000   3.119 0.000
 89.25  90.25   7.016 0.000   2.828 0.000
 92.25  93.25   4.559 0.000   3.339 0.000
 95.25  96.25  15.375 0.000   5.388 0.000
 98.25  99.25   2.582 0.000   1.884 0.000
101.25 102.25  12.987 0.000   4.343 0.000
104.25 105.25  14.959 0.000   7.552 0.000
107.25 108.25   6.221 0.000   4.957 0.000
110.25 111.25   5.083 0.000   3.107 0.000
113.25 114.25   9.572 0.000   4.964 0.000
116.25 117.25   8.726 0.000   5.712 0.000
119.25 120.25  16.697 0.000   4.878 0.000
122.25 123.25  20.468 0.000   5.406 0.000
125.25 126.25   6.877 0.000   3.926 0.000
128.25 129.25   9.226 0.000   6.312 0.000
131.25 132.25   9.998 0.000   4.307 0.000
134.25 135.25   5.036 0.000   2.446 0.000
137.25 138.25   1.702 0.000   1.103 0.000
140.25 141.25   2.785 0.000   3.054 0.000
143.25 144.25   2.887 0.000   1.882 0.000
146.25 147.25  10.169 0.000   7.078 0.000
149.25 150.25   5.703 0.000   2.822 0.000
152.25 153.25  11.064 0.000   5.720 0.000
155.25 156.25   7.013 0.000   5.249 0.000
158.25 159.25   8.525 0.000   5.093 0.000
161.25 162.25   4.973 0.000   3.387 0.000
164.25 165.25   9.500 0.000   3.757 0.000
167.25 168.25   7.263 0.000   3.890 0.000
170.25 171.25   8.704 0.000   3.330 0.000
173.25 174.25  12.343 0.000   4.161 0.000
176.25 177.25 999.999 0.999 999.999 0.999
179.25 180.25 999.999 0.999 999.999 0.999
182.25 183.25  17.351 0.000  13.633 0.000
185.25 186.25  17.388 0.000  10.004 0.000
188.25 189.25  21.345 0.000  17.108 0.000
191.25 192.25  13.325 0.000   6.617 0.000
194.25 195.25  15.175 0.000   4.878 0.000
197.25 198.25   8.454 0.000   3.987 0.000
200.25 201.25   7.909 0.000   4.336 0.000
203.25 204.25  12.374 0.000   6.338 0.000
206.25 207.25  11.503 0.000   5.670 0.000
209.25 210.25   9.568 0.000   2.478 0.000
212.25 213.25   8.456 0.000   3.094 0.000
215.25 216.25  10.509 0.000   4.771 0.000
218.25 219.25  11.685 0.000   5.495 0.000
221.25 222.25  10.453 0.000   3.939 0.000
224.25 225.25  11.709 0.000   5.232 0.000
227.25 228.25  26.254 0.000  14.172 0.000
230.25 231.25   7.013 0.000   3.525 0.000
233.25 234.25  28.837 0.000  18.884 0.000
236.25 237.25  19.580 0.000   7.539 0.000
239.25 240.25   8.794 0.000   5.496 0.000
242.25 243.25  31.728 0.000  21.065 0.000
245.25 246.25  26.681 0.000   8.551 0.000
248.25 249.25  11.911 0.000   3.839 0.000
251.25 252.25  12.329 0.000   4.767 0.000
254.25 255.25  13.132 0.000   3.645 0.000
257.25 258.25  26.790 0.000   7.237 0.000
260.25 261.25   6.694 0.000   2.675 0.000
263.25 264.25  19.612 0.000   6.826 0.000
266.25 267.25   3.570 0.000   1.837 0.000
269.25 270.25  15.384 0.000   6.582 0.000
272.25 273.25  10.129 0.000   2.909 0.000
275.25 276.25   9.819 0.000   3.492 0.000
278.25 279.25  13.135 0.000   4.850 0.000
281.25 282.25   7.308 0.000   3.710 0.000
284.25 285.25   6.259 0.000   1.370 0.000
287.25 288.25   9.982 0.000   2.351 0.000
290.25 291.25  24.078 0.000   5.404 0.000
293.25 294.25   5.195 0.000   2.196 0.000
296.25 297.25   3.827 0.000   2.111 0.000
299.25 300.25   9.781 0.000   3.262 0.000
302.25 303.25   5.653 0.000   2.338 0.000
305.25 306.25   4.283 0.000   1.482 0.000
308.25 309.25   0.833 0.000   0.423 0.000
311.25 312.25   5.628 0.000   2.283 0.000
314.25 315.25   5.804 0.000   4.135 0.000
317.25 318.25   3.782 0.000   1.523 0.000
320.25 321.25   3.968 0.000   2.250 0.000
323.25 324.25   2.503 0.000   1.111 0.000
326.25 327.25   3.415 0.000   1.202 0.000
329.25 330.25   3.508 0.000   2.821 0.000
332.25 333.25   2.818 0.000   1.207 0.000
335.25 336.25   2.224 0.000   1.556 0.000
338.25 339.25   3.639 0.000   1.663 0.000
341.25 342.25   3.549 0.000   0.797 0.000
344.25 345.25   5.482 0.000   2.100 0.000
347.25 348.25   0.883 0.000   0.552 0.000
350.25 351.25   2.119 0.000   1.587 0.000
353.25 354.25   5.949 0.000   4.218 0.000
356.25 357.25   1.461 0.000   0.703 0.000
359.25 360.25   6.183 0.000   4.987 0.000
362.25 363.25   4.061 0.000   3.135 0.000
