scripts/IMPROVE-2019_partial/data/US9043R.20120101080000.20191216000000.filterpack...52w.3d.US03L_filterpack_US9043.US03L_IMPROVE_Davis.lev2.nas
51 1001
MISSING INFORMATION
US03L, IMPROVE, , , , , , , 
MISSING INFORMATION
IMPROVE sel_HTAP
1 1
2012 01 01 2019 12 16
3.000000
days from file reference point
4
1 1 1 1
999.999999 999.999 999.999 9.999
end_time of measurement, days from the file reference point
pm10_mass, ug/m3, Matrix=pm10
pm25_mass, ug/m3, Matrix=pm25
numflag, no unit
0
33
Data definition:              EBAS_1.1
Set type code:                TU
Timezone:                     UTC
File name:                    US9043R.20120101080000.20191216000000.filterpack...52w.3d.US03L_filterpack_US9043.US03L_IMPROVE_Davis.lev2.nas
File creation:                20191218120818
Startdate:                    20120101080000
Revision date:                20191216000000
Version:                      2
Version description:          "Data extracted from http://views.cira.colostate.edu/fed/DataWizard 2019-12-16"
Statistics:                   arithmetic mean
Data level:                   2
Period code:                  52w
Resolution code:              3d
Sample duration:              1d
Orig. time res.:              3d
Station code:                 US9043R
Platform code:                US9043S
Station name:                 San Gorgonio Wilderness
Station latitude:             34.1939
Station longitude:            -116.9132
Station altitude:             1726.0 m
Regime:                       IMG
Component:                    
Unit:                         ug/m3
Matrix:                       
Laboratory code:              US03L
Instrument type:              filterpack
Instrument name:              filterpack_US9043
Method ref:                   US03L_IMPROVE_Davis
Blank correction:             Blank corrected
Volume std. temperature:      ambient
Volume std. pressure:         ambient
starttime endtime PM10 PM2.5 flag
  0.333333   1.333333   1.090   0.568 0.000
  3.333333   4.333333   1.723   0.570 0.000
  6.333333   7.333333   6.085   1.610 0.000
  9.333333  10.333333   2.678   0.788 0.000
 12.333333  13.333333   1.851   0.602 0.000
 15.333333  16.333333   3.456   2.020 0.000
 18.333333  19.333333   2.365   0.877 0.000
 21.333333  22.333333   2.842   1.526 0.000
 24.333333  25.333333   1.008   0.603 0.000
 27.333333  28.333333   2.109   0.871 0.000
 30.333333  31.333333   3.987   2.252 0.000
 33.333333  34.333333   3.582   1.095 0.000
 36.333333  37.333333   2.801   1.466 0.000
 39.333333  40.333333   2.897   0.995 0.000
 42.333333  43.333333   3.408   2.692 0.000
 45.333333  46.333333   4.353   2.373 0.000
 48.333333  49.333333   8.505   5.891 0.000
 51.333333  52.333333   2.332   1.204 0.000
 54.333333  55.333333   4.870   1.565 0.000
 57.333333  58.333333   5.845   3.327 0.000
 60.333333  61.333333   6.150   3.283 0.000
 63.333333  64.333333   2.102   0.815 0.000
 66.333333  67.333333  16.352   3.730 0.000
 69.333333  70.333333   9.232   4.328 0.000
 72.333333  73.333333   5.972   2.459 0.000
 75.333333  76.333333   9.589   6.319 0.000
 78.333333  79.333333   4.669   2.423 0.000
 81.333333  82.333333  10.452   7.505 0.000
 84.333333  85.333333   2.758   1.402 0.000
 87.333333  88.333333   8.738   4.198 0.000
 90.333333  91.333333  15.143   8.608 0.000
 93.333333  94.333333   8.742   4.157 0.000
 96.333333  97.333333   8.302   4.495 0.000
 99.333333 100.333333  12.376   6.352 0.000
102.333333 103.333333 999.999 999.999 0.999
105.333333 106.333333 999.999 999.999 0.999
108.333333 109.333333 999.999 999.999 0.999
111.333333 112.333333   6.730   3.644 0.000
114.333333 115.333333   3.365   1.943 0.000
117.333333 118.333333   9.670   5.602 0.000
120.333333 121.333333  14.196   7.308 0.000
123.333333 124.333333   6.505   3.952 0.000
126.333333 127.333333  12.476   5.412 0.000
129.333333 130.333333  17.503   7.389 0.000
132.333333 133.333333  16.005   7.634 0.000
135.333333 136.333333 999.999 999.999 0.999
138.333333 139.333333 999.999 999.999 0.999
141.333333 142.333333 999.999 999.999 0.999
144.333333 145.333333  35.565  10.016 0.000
147.333333 148.333333   8.879   3.304 0.000
150.333333 151.333333  13.655   5.615 0.000
153.333333 154.333333  15.470   7.184 0.000
156.333333 157.333333  12.622   5.643 0.000
159.333333 160.333333  20.587   7.559 0.000
162.333333 163.333333  17.617   5.620 0.000
165.333333 166.333333  22.409   5.750 0.000
168.333333 169.333333  14.280   5.137 0.000
171.333333 172.333333  16.488   5.294 0.000
174.333333 175.333333  11.866   4.614 0.000
177.333333 178.333333   7.743   2.253 0.000
180.333333 181.333333   9.642   3.172 0.000
183.333333 184.333333  12.046   5.581 0.000
186.333333 187.333333  19.209   9.681 0.000
189.333333 190.333333   9.453   3.992 0.000
192.333333 193.333333  15.609   6.510 0.000
195.333333 196.333333  12.181   6.634 0.000
198.333333 199.333333   8.339   4.409 0.000
201.333333 202.333333  12.337   5.767 0.000
204.333333 205.333333  18.123   7.071 0.000
207.333333 208.333333   5.535   2.141 0.000
210.333333 211.333333  12.291   5.333 0.000
213.333333 214.333333  11.423   5.284 0.000
216.333333 217.333333  18.440   7.920 0.000
219.333333 220.333333  23.452   6.785 0.000
222.333333 223.333333 999.999 999.999 0.999
225.333333 226.333333 999.999 999.999 0.999
228.333333 229.333333 999.999 999.999 0.999
231.333333 232.333333 999.999 999.999 0.999
234.333333 235.333333  13.142   5.955 0.000
237.333333 238.333333  13.157   6.053 0.000
240.333333 241.333333   8.844   3.447 0.000
243.333333 244.333333  10.538   4.268 0.000
246.333333 247.333333   8.831   4.108 0.000
249.333333 250.333333  10.893   5.642 0.000
252.333333 253.333333  14.049   5.463 0.000
255.333333 256.333333  11.204   6.185 0.000
258.333333 259.333333   5.543   3.024 0.000
261.333333 262.333333  10.682   4.454 0.000
264.333333 265.333333  12.524   4.918 0.000
267.333333 268.333333   9.677   4.753 0.000
270.333333 271.333333  14.395   5.901 0.000
273.333333 274.333333   7.226   3.125 0.000
276.333333 277.333333   9.226   3.919 0.000
279.333333 280.333333  17.586   7.558 0.000
282.333333 283.333333   8.502   3.340 0.000
285.333333 286.333333   3.287   1.768 0.000
288.333333 289.333333   4.313   1.458 0.000
291.333333 292.333333   8.467   2.782 0.000
294.333333 295.333333   4.629   2.032 0.000
297.333333 298.333333 999.999 999.999 0.999
300.333333 301.333333 999.999 999.999 0.999
303.333333 304.333333 999.999 999.999 0.999
306.333333 307.333333   6.066   2.478 0.000
309.333333 310.333333   3.849   1.215 0.000
312.333333 313.333333   4.803   2.081 0.000
315.333333 316.333333   6.500   2.462 0.000
318.333333 319.333333   2.119   0.806 0.000
321.333333 322.333333   2.093   0.899 0.000
324.333333 325.333333   2.074   0.859 0.000
327.333333 328.333333   1.367   0.566 0.000
330.333333 331.333333   4.499   2.526 0.000
333.333333 334.333333   1.626   0.594 0.000
336.333333 337.333333   0.667   0.296 0.000
339.333333 340.333333   1.537   0.650 0.000
342.333333 343.333333   2.175   1.019 0.000
345.333333 346.333333   4.160   1.178 0.000
348.333333 349.333333   1.788   0.998 0.000
351.333333 352.333333   0.922   0.831 0.000
354.333333 355.333333   1.505   0.770 0.000
357.333333 358.333333   1.724   1.193 0.000
360.333333 361.333333   2.282   1.436 0.000
363.333333 364.333333   1.654   0.807 0.000
