scripts/IMPROVE-2019_partial/data/US9078R.20030103080000.20191216000000.filterpack..pm25.1y.1w.US03L_filterpack_US9078.US03L_IMPROVE_Davis.lev2.nas
66 1001
MISSING INFORMATION
US03L, IMPROVE, , , , , , , 
MISSING INFORMATION
IMPROVE sel_HTAP
1 1
2003 01 01 2019 12 16
3.000000
days from file reference point
27
1 1 1 1 1 1 1 1 1 1 1 1 1 1 1 1 1 1 1 1 1 1 1 1 1 1 1
999.999999 999.99 9.999 99.99 9.999 9.999 9.999999 9.99 9.999999 9.999 9.999999 99.999 9.999 999.999 9.999 999.99 9.999999 999.999 9.999 99.999 9.999 999.999 9.999 9.999 9.999 9.999 9.999999
end_time of measurement, days from the file reference point
iron, ng/m3, Revision date=20181210133000
numflag iron, no unit, Revision date=20181210133000
lead, ng/m3, Revision date=20181210133000
numflag lead, no unit, Revision date=20181210133000
magnesium, ug/m3, Revision date=20181210133000
numflag magnesium, no unit, Revision date=20181210133000
nickel, ng/m3, Revision date=20181210133000
numflag nickel, no unit, Revision date=20181210133000
nitrate, ug N/m3, Revision date=20181210133000
numflag nitrate, no unit, Revision date=20181210133000
organic_carbon, ug C/m3, Revision date=20181210133000
numflag organic_carbon, no unit, Revision date=20181210133000
organic_mass, ug/m3, Revision date=20181210133000
numflag organic_mass, no unit, Revision date=20181210133000
phosphorus, ng/m3, Revision date=20181210133000
numflag phosphorus, no unit, Revision date=20181210133000
pm10_mass, ug/m3, Version=2, Version description=Data extracted from http://views.cira.colostate.edu/fed/DataWizard 2019-12-16, Sample duration=1d, Orig. time res.=3d, Matrix=pm10, Blank correction=Blank corrected, Volume std. temperature=ambient, Volume std. pressure=ambient
numflag pm10_mass, no unit, Version=2, Version description=Data extracted from http://views.cira.colostate.edu/fed/DataWizard 2019-12-16, Sample duration=1d, Orig. time res.=3d, Matrix=pm10, Blank correction=Blank corrected, Volume std. temperature=ambient, Volume std. pressure=ambient
pm10_pm25_mass, ug/m3, Revision date=20181210133000, Matrix=pm10_pm25
numflag pm10_pm25_mass, no unit, Revision date=20181210133000, Matrix=pm10_pm25
pm25_mass, ug/m3, Version=2, Version description=Data extracted from http://views.cira.colostate.edu/fed/DataWizard 2019-12-16, Sample duration=1d, Orig. time res.=3d, Blank correction=Blank corrected, Volume std. temperature=ambient, Volume std. pressure=ambient
numflag pm25_mass, no unit, Version=2, Version description=Data extracted from http://views.cira.colostate.edu/fed/DataWizard 2019-12-16, Sample duration=1d, Orig. time res.=3d, Blank correction=Blank corrected, Volume std. temperature=ambient, Volume std. pressure=ambient
potassium, ug/m3, Revision date=20181210133000
numflag potassium, no unit, Revision date=20181210133000
sulphate_total, ug S/m3, Revision date=20181210133000
numflag sulphate_total, no unit, Revision date=20181210133000
0
25
Data definition:              EBAS_1.1
Set type code:                TU
Timezone:                     UTC
File name:                    US9078R.20030103080000.20191216000000.filterpack..pm25.1y.1w.US03L_filterpack_US9078.US03L_IMPROVE_Davis.lev2.nas
File creation:                20191218121054
Startdate:                    20030103080000
Revision date:                20191216000000
Statistics:                   arithmetic mean
Data level:                   2
Period code:                  1y
Resolution code:              1w
Station code:                 US9078R
Platform code:                US9078S
Station name:                 White Pass
Station latitude:             46.6243
Station longitude:            -121.3881
Station altitude:             1827.0 m
Regime:                       IMG
Component:                    
Matrix:                       pm25
Laboratory code:              US03L
Instrument type:              filterpack
Instrument name:              filterpack_US9078
Method ref:                   US03L_IMPROVE_Davis
starttime endtime Fe flag_Fe Pb flag_Pb Mg++ flag_Mg++ Ni flag_Ni NO3- flag_NO3- OC flag_OC OM flag_OM P flag_P PM10 flag_PM10 PM10-PM2.5 flag_PM10-PM2.5 PM2.5 flag_PM2.5 K+ flag_K+ SO4-- flag_SO4--
[from data line 80]
242.333333 243.333333  45.83 0.699  0.84 0.699 9.999 0.699259 0.29 0.699000 0.055 0.000000  4.570 0.000   6.398 0.000 999.99 0.699259  13.332 0.000  3.461 0.000   9.870 0.699 0.040 0.699 0.231 0.000000
245.333333 246.333333  71.18 0.699  0.68 0.699 9.999 0.699259 0.07 0.699000 0.043 0.000000  8.675 0.000  12.144 0.000 999.99 0.699259  22.912 0.000  6.450 0.000  16.462 0.699 0.104 0.699 0.234 0.000000
248.333333 249.333333  31.29 0.699  0.43 0.699 0.018 0.699000 0.05 0.699000 0.037 0.000000  2.810 0.000   3.933 0.000 999.99 0.699259   8.492 0.000  3.386 0.000   5.106 0.699 0.040 0.699 0.149 0.000000
251.333333 252.333333   0.70 0.000 99.99 0.259 9.999 0.259000 0.09 0.000000 0.010 0.000000  0.295 0.000   0.413 0.000 999.99 0.259000   1.008 0.000  0.177 0.000   0.831 0.000 0.003 0.000 0.063 0.000000
254.333333 255.333333   1.30 0.000  0.12 0.000 0.019 0.000000 9.99 0.259000 0.030 0.559000  0.328 0.000   0.459 0.000 999.99 0.259000   2.008 0.000  0.502 0.000   1.506 0.000 0.008 0.000 0.130 0.559000
257.333333 258.333333   5.84 0.000  0.43 0.000 9.999 0.259000 0.13 0.000000 0.033 0.559000  0.514 0.000   0.720 0.000 999.99 0.259000   2.661 0.000  0.700 0.000   1.961 0.000 0.011 0.000 0.198 0.559000
260.333333 261.333333   1.74 0.000  0.15 0.000 9.999 0.259000 9.99 0.259000 0.005 0.000000  0.205 0.000   0.287 0.000 999.99 0.259000   0.832 0.000  0.258 0.000   0.574 0.000 0.005 0.000 0.044 0.000000
263.333333 264.333333   7.30 0.000  0.52 0.000 9.999 0.259000 0.05 0.000000 0.014 0.559000  0.494 0.000   0.691 0.000 999.99 0.259000   2.385 0.000  0.827 0.000   1.557 0.000 0.013 0.000 0.110 0.559000
266.333333 267.333333  28.28 0.000  0.25 0.000 9.999 0.259000 9.99 0.259000 0.019 0.559000  0.788 0.000   1.104 0.000 999.99 0.259000   6.903 0.000  4.816 0.000   2.086 0.000 0.018 0.000 0.068 0.559000
269.333333 270.333333  35.86 0.559  0.20 0.559 9.999 0.559259 9.99 0.559259 0.010 0.559000  0.820 0.000   1.147 0.000 999.99 0.559259   8.003 0.000  5.576 0.000   2.427 0.559 0.016 0.559 0.051 0.559000
272.333333 273.333333  31.57 0.559  0.34 0.559 9.999 0.559259 9.99 0.559259 0.012 0.559000  1.237 0.000   1.731 0.000 999.99 0.559259  11.380 0.000  6.803 0.000   4.576 0.559 0.020 0.559 0.307 0.559000
275.333333 276.333333  58.86 0.559  0.48 0.559 9.999 0.559259 9.99 0.559259 0.015 0.559000  2.722 0.000   3.810 0.000 999.99 0.559259  14.439 0.000  7.363 0.000   7.076 0.559 0.041 0.559 0.204 0.559000
278.333333 279.333333  14.34 0.000  0.35 0.000 9.999 0.259000 9.99 0.259000 0.007 0.000000  0.679 0.000   0.951 0.000 999.99 0.259000   3.998 0.000  1.694 0.000   2.304 0.000 0.013 0.000 0.104 0.000000
281.333333 282.333333   1.50 0.000  0.17 0.000 9.999 0.259000 9.99 0.259000 0.002 0.000000  0.108 0.000   0.151 0.000 999.99 0.259000   0.593 0.000  0.161 0.000   0.432 0.000 0.002 0.000 0.021 0.000000
284.333333 285.333333   0.25 0.000  0.08 0.000 9.999 0.259000 9.99 0.259000 0.001 0.000000  0.065 0.000   0.091 0.000 999.99 0.259000   0.298 0.000  0.111 0.000   0.188 0.000 0.002 0.000 0.008 0.000000
287.333333 288.333333   2.54 0.000  0.19 0.000 9.999 0.259000 0.08 0.000000 0.018 0.559000  0.203 0.000   0.284 0.000 999.99 0.259000   1.662 0.000  0.635 0.000   1.027 0.000 0.008 0.000 0.058 0.559000
290.333333 291.333333  23.79 0.000  0.63 0.000 0.021 0.000000 0.08 0.000000 0.015 0.000000  0.396 0.000   0.554 0.000 999.99 0.259000   3.640 0.000  1.335 0.000   2.304 0.000 0.023 0.000 0.160 0.000000
293.333333 294.333333   4.22 0.394  0.21 0.394 0.034 0.394000 9.99 0.394259 0.008 0.559394  0.344 0.000   0.481 0.000 999.99 0.394259   1.887 0.000  0.940 0.000   0.947 0.000 0.009 0.394 0.037 0.559394
296.333333 297.333333  10.58 0.000  0.27 0.000 0.030 0.000000 0.07 0.000000 0.018 0.559000  0.337 0.000   0.472 0.000 999.99 0.259000   2.498 0.000  0.917 0.000   1.581 0.000 0.016 0.000 0.067 0.559000
299.333333 300.333333   7.33 0.000  0.36 0.000 9.999 0.259000 9.99 0.259000 0.006 0.000000  0.167 0.000   0.234 0.000 999.99 0.259000   1.662 0.000  0.790 0.000   0.872 0.000 0.009 0.000 0.049 0.000000
302.333333 303.333333 999.99 0.999 99.99 0.999 9.999 0.999000 9.99 0.999000 9.999 0.999000 99.999 0.999 999.999 0.999 999.99 0.999000 999.999 0.999 99.999 0.999 999.999 0.999 9.999 0.999 9.999 0.999000
305.333333 306.333333   1.53 0.000  0.24 0.000 0.022 0.000000 0.06 0.000000 0.050 0.000000  0.448 0.000   0.628 0.000 999.99 0.259000   3.044 0.000  1.623 0.000   1.421 0.000 0.013 0.000 0.070 0.000000
308.333333 309.333333   5.24 0.000  0.55 0.000 0.029 0.000000 0.09 0.000000 0.305 0.000000  3.511 0.000   4.915 0.000 999.99 0.259000  10.288 0.000  1.490 0.000   8.798 0.000 0.066 0.000 0.309 0.000000
311.333333 312.333333   9.18 0.000  0.44 0.000 9.999 0.259000 9.99 0.259000 0.193 0.000000  2.516 0.000   3.522 0.000 999.99 0.259000   6.341 0.000  0.843 0.000   5.498 0.000 0.044 0.000 0.140 0.000000
314.333333 315.333333   2.69 0.000  0.15 0.000 0.041 0.000000 0.05 0.000000 0.006 0.559000  0.170 0.000   0.238 0.000 999.99 0.259000   0.884 0.000  0.292 0.000   0.592 0.000 0.006 0.000 0.043 0.559000
317.333333 318.333333  10.74 0.000  0.63 0.000 0.021 0.000000 0.11 0.000000 0.087 0.000000  1.748 0.000   2.447 0.000 999.99 0.259000   6.817 0.000  2.084 0.000   4.732 0.000 0.042 0.000 0.192 0.000000
320.333333 321.333333 999.99 0.999 99.99 0.999 9.999 0.999000 9.99 0.999000 9.999 0.999000 99.999 0.999 999.999 0.999 999.99 0.999000 999.999 0.999 99.999 0.999 999.999 0.999 9.999 0.999 9.999 0.999000
323.333333 324.333333   0.33 0.000  0.16 0.000 9.999 0.259000 0.06 0.000000 0.001 0.559000  0.085 0.000   0.119 0.000 999.99 0.259000   0.363 0.000  0.103 0.000   0.260 0.000 0.002 0.000 0.015 0.559000
326.333333 327.333333   0.97 0.000  0.14 0.000 9.999 0.259000 0.09 0.000000 0.001 0.000000 99.999 0.259 999.999 0.259 999.99 0.259000   0.298 0.000  0.208 0.000   0.090 0.000 0.002 0.000 0.004 0.000000
329.333333 330.333333   0.16 0.000  0.18 0.000 0.035 0.000000 0.03 0.000000 0.001 0.000000 99.999 0.259 999.999 0.259 999.99 0.259000   0.256 0.000  0.136 0.000   0.119 0.000 0.003 0.000 0.009 0.000000
332.333333 333.333333   7.22 0.000  0.26 0.000 0.026 0.000000 9.99 0.259000 0.001 0.000000  0.038 0.000   0.053 0.000 999.99 0.259000   0.463 0.000  0.083 0.000   0.381 0.000 0.004 0.000 0.026 0.000000
335.333333 336.333333   0.56 0.000  0.10 0.000 9.999 0.259000 0.10 0.000000 0.001 0.000000  0.020 0.000   0.028 0.000   2.06 0.000000   0.128 0.000 99.999 0.259   0.182 0.000 0.003 0.000 0.005 0.000000
338.333333 339.333333   0.48 0.000  0.12 0.000 0.118 0.000000 9.99 0.259000 0.003 0.000000  0.113 0.000   0.158 0.000 999.99 0.259000   0.170 0.000  0.109 0.000   0.061 0.000 0.005 0.000 0.003 0.000000
341.333333 342.333333   0.26 0.000  0.16 0.000 0.103 0.000000 0.10 0.000000 0.002 0.000000  0.001 0.000   0.002 0.000   0.79 0.000000   0.677 0.000  0.461 0.000   0.217 0.000 0.004 0.000 0.011 0.000000
344.333333 345.333333   0.13 0.000  0.12 0.000 0.099 0.000000 9.99 0.259000 0.003 0.559000  0.077 0.000   0.108 0.000 999.99 0.259000   0.381 0.000  0.231 0.000   0.150 0.000 0.004 0.000 0.005 0.559000
347.333333 348.333333   0.07 0.000 99.99 0.259 9.999 0.259000 9.99 0.259000 0.002 0.559000  0.011 0.000   0.015 0.000   0.78 0.000000   0.310 0.000  0.016 0.000   0.294 0.000 0.002 0.000 0.003 0.559000
350.333333 351.333333   8.46 0.000  0.51 0.000 9.999 0.259000 9.99 0.259000 0.010 0.559000  0.371 0.000   0.519 0.000 999.99 0.259000   1.016 0.000  0.024 0.000   0.992 0.000 0.012 0.000 0.054 0.559000
353.333333 354.333333   1.01 0.000 99.99 0.259 9.999 0.259000 0.04 0.000000 0.003 0.559000  0.048 0.000   0.067 0.000 999.99 0.259000 999.999 0.259 99.999 0.259 999.999 0.259 0.002 0.000 0.006 0.559000
356.333333 357.333333   3.13 0.000  0.16 0.000 9.999 0.259000 0.10 0.000000 0.023 0.559000  0.301 0.000   0.421 0.000 999.99 0.259000   0.859 0.000  0.587 0.000   0.272 0.000 0.004 0.000 0.029 0.559000
359.333333 360.333333   0.52 0.000  0.17 0.000 9.999 0.259000 9.99 0.259000 0.004 0.559000 99.999 0.259 999.999 0.259 999.99 0.259000   0.469 0.000  0.316 0.000   0.152 0.000 0.002 0.000 0.024 0.559000
362.333333 363.333333   0.26 0.000  0.09 0.000 9.999 0.259000 0.06 0.000000 0.004 0.559000 99.999 0.259 999.999 0.259 999.99 0.259000 999.999 0.259 99.999 0.259   0.031 0.000 0.002 0.000 0.012 0.559000
