scripts/IMPROVE-2019_partial/data/US9034R.20030103060000.20191216000000.filterpack..pm25.1y.1w.US03L_filterpack_US9034.US03L_IMPROVE_Davis.lev2.nas
64 1001
MISSING INFORMATION
US03L, IMPROVE, , , , , , , 
MISSING INFORMATION
IMPROVE sel_HTAP
1 1
2003 01 01 2019 12 16
3.00
days from file reference point
25
1 1 1 1 1 1 1 1 1 1 1 1 1 1 1 1 1 1 1 1 1 1 1 1 1
999.99 9999.99 9.999 99.99 9.999 9.999 9.999 9.99 9.999 99.999 9.999 999.999 9.999 999.999 9.999 999.999 9.999 999.999 9.999 999.999 9.999 9.999 9.999 99.999 9.999
end_time of measurement, days from the file reference point
iron, ng/m3, Revision date=20181210133000
numflag iron, no unit, Revision date=20181210133000
lead, ng/m3, Revision date=20181210133000
numflag lead, no unit, Revision date=20181210133000
magnesium, ug/m3, Revision date=20181210133000
numflag magnesium, no unit, Revision date=20181210133000
nickel, ng/m3, Revision date=20181210133000
numflag nickel, no unit, Revision date=20181210133000
nitrate, ug N/m3, Revision date=20181210133000
numflag nitrate, no unit, Revision date=20181210133000
organic_carbon, ug C/m3, Revision date=20181210133000
numflag organic_carbon, no unit, Revision date=20181210133000
organic_mass, ug/m3, Revision date=20181210133000
numflag organic_mass, no unit, Revision date=20181210133000
pm10_mass, ug/m3, Version=2, Version description=Data extracted from http://views.cira.colostate.edu/fed/DataWizard 2019-12-16, Sample duration=1d, Orig. time res.=3d, Matrix=pm10, Blank correction=Blank corrected, Volume std. temperature=ambient, Volume std. pressure=ambient
numflag pm10_mass, no unit, Version=2, Version description=Data extracted from http://views.cira.colostate.edu/fed/DataWizard 2019-12-16, Sample duration=1d, Orig. time res.=3d, Matrix=pm10, Blank correction=Blank corrected, Volume std. temperature=ambient, Volume std. pressure=ambient
pm10_pm25_mass, ug/m3, Revision date=20181210133000, Matrix=pm10_pm25
numflag pm10_pm25_mass, no unit, Revision date=20181210133000, Matrix=pm10_pm25
pm25_mass, ug/m3, Version=2, Version description=Data extracted from http://views.cira.colostate.edu/fed/DataWizard 2019-12-16, Sample duration=1d, Orig. time res.=3d, Blank correction=Blank corrected, Volume std. temperature=ambient, Volume std. pressure=ambient
numflag pm25_mass, no unit, Version=2, Version description=Data extracted from http://views.cira.colostate.edu/fed/DataWizard 2019-12-16, Sample duration=1d, Orig. time res.=3d, Blank correction=Blank corrected, Volume std. temperature=ambient, Volume std. pressure=ambient
potassium, ug/m3, Revision date=20181210133000
numflag potassium, no unit, Revision date=20181210133000
sulphate_total, ug S/m3, Revision date=20181210133000
numflag sulphate_total, no unit, Revision date=20181210133000
0
25
Data definition:              EBAS_1.1
Set type code:                TU
Timezone:                     UTC
File name:                    US9034R.20030103060000.20191216000000.filterpack..pm25.1y.1w.US03L_filterpack_US9034.US03L_IMPROVE_Davis.lev2.nas
File creation:                20191218120733
Startdate:                    20030103060000
Revision date:                20191216000000
Statistics:                   arithmetic mean
Data level:                   2
Period code:                  1y
Resolution code:              1w
Station code:                 US9034R
Platform code:                US9034S
Station name:                 Upper Buffalo Wilderness
Station latitude:             35.8258
Station longitude:            -93.203
Station altitude:             722.0 m
Regime:                       IMG
Component:                    
Matrix:                       pm25
Laboratory code:              US03L
Instrument type:              filterpack
Instrument name:              filterpack_US9034
Method ref:                   US03L_IMPROVE_Davis
starttime endtime Fe flag_Fe Pb flag_Pb Mg++ flag_Mg++ Ni flag_Ni NO3- flag_NO3- OC flag_OC OM flag_OM PM10 flag_PM10 PM10-PM2.5 flag_PM10-PM2.5 PM2.5 flag_PM2.5 K+ flag_K+ SO4-- flag_SO4--
[from data line 94]
284.25 285.25    8.45 0.000  0.54 0.000 9.999 0.259 9.99 0.259  0.053 0.559   0.836 0.000   1.171 0.000  10.477 0.000   7.509 0.000   2.968 0.000 0.039 0.000  0.219 0.559
287.25 288.25   14.84 0.000  0.50 0.000 9.999 0.259 9.99 0.259  0.014 0.559   0.697 0.000   0.976 0.000  10.758 0.000   9.103 0.000   1.655 0.000 0.013 0.000  0.070 0.559
290.25 291.25   18.64 0.000  1.49 0.000 0.021 0.000 9.99 0.259  0.031 0.559   1.449 0.000   2.029 0.000   8.740 0.000   5.031 0.000   3.710 0.000 0.028 0.000  0.263 0.559
293.25 294.25   56.49 0.000  1.50 0.000 9.999 0.259 9.99 0.259  0.040 0.559   2.059 0.000   2.883 0.000  21.537 0.000  12.742 0.000   8.794 0.000 0.051 0.000  0.775 0.559
296.25 297.25   83.95 0.000  1.93 0.000 9.999 0.259 0.12 0.000  0.068 0.000   3.736 0.000   5.230 0.000  31.487 0.000  19.148 0.000  12.339 0.000 0.115 0.000  0.716 0.000
299.25 300.25   19.47 0.000  0.49 0.000 9.999 0.259 9.99 0.259  0.048 0.559   0.587 0.000   0.822 0.000   8.799 0.000   6.057 0.000   2.742 0.000 0.017 0.000  0.278 0.559
302.25 303.25   39.21 0.000  0.83 0.000 0.029 0.000 0.17 0.000  0.054 0.559   1.751 0.000   2.451 0.000  21.070 0.000  13.863 0.000   7.207 0.000 0.052 0.000  0.627 0.559
305.25 306.25   33.69 0.000  0.68 0.000 9.999 0.259 0.24 0.000  0.084 0.559   2.393 0.000   3.350 0.000  20.675 0.000   8.537 0.000  12.138 0.000 0.063 0.000  1.453 0.559
308.25 309.25    2.70 0.000  0.22 0.000 9.999 0.259 0.21 0.000  0.016 0.559   0.294 0.000   0.411 0.000   6.076 0.000   5.084 0.000   0.992 0.000 0.008 0.000  0.070 0.559
311.25 312.25   14.31 0.000  4.83 0.000 9.999 0.259 0.05 0.000  0.270 0.559   1.409 0.000   1.973 0.000   8.286 0.000   2.304 0.000   5.982 0.000 0.033 0.000  0.569 0.559
314.25 315.25   20.45 0.000  1.88 0.000 0.024 0.000 0.23 0.000  0.152 0.559   2.706 0.000   3.789 0.000  19.796 0.000   4.792 0.000  15.004 0.000 0.066 0.000  1.922 0.559
317.25 318.25   13.49 0.000  0.82 0.000 9.999 0.259 0.11 0.000  0.108 0.559   1.496 0.000   2.094 0.000   7.023 0.000   2.945 0.000   4.078 0.000 0.059 0.000  0.147 0.559
320.25 321.25    2.62 0.000  0.46 0.000 9.999 0.259 0.17 0.000  0.028 0.559   0.436 0.000   0.611 0.000   4.340 0.000   2.094 0.000   2.246 0.000 0.015 0.000  0.215 0.559
323.25 324.25   19.77 0.000  0.96 0.000 0.024 0.000 0.08 0.000  0.030 0.559   1.228 0.000   1.719 0.000  10.177 0.000   6.676 0.000   3.502 0.000 0.038 0.000  0.166 0.559
326.25 327.25    9.21 0.000  0.55 0.000 9.999 0.259 0.18 0.000  0.201 0.000   0.870 0.000   1.218 0.000   6.860 0.000   1.652 0.000   5.208 0.000 0.027 0.000  0.416 0.000
329.25 330.25   13.17 0.000  0.81 0.000 9.999 0.259 0.21 0.000  0.156 0.000   2.661 0.000   3.725 0.000  12.576 0.000   4.413 0.000   8.163 0.000 0.064 0.000  0.663 0.000
332.25 333.25   16.82 0.000  0.60 0.000 9.999 0.259 9.99 0.259  0.061 0.000   0.839 0.000   1.174 0.000   7.199 0.000   4.744 0.000   2.454 0.000 0.021 0.000  0.119 0.000
335.25 336.25   25.94 0.000  1.68 0.000 0.087 0.000 9.99 0.259  0.069 0.000   0.742 0.000   1.039 0.000   7.745 0.000   5.304 0.000   2.441 0.000 0.027 0.000  0.099 0.000
338.25 339.25   10.57 0.000  1.18 0.000 0.082 0.000 0.14 0.000  0.494 0.000   0.705 0.000   0.987 0.000  13.296 0.000   5.119 0.000   8.177 0.000 0.019 0.000  0.983 0.000
341.25 342.25   17.10 0.000  1.06 0.000 9.999 0.259 0.29 0.000  0.389 0.000   2.340 0.000   3.276 0.000  17.212 0.000   5.364 0.000  11.848 0.000 0.093 0.000  1.362 0.000
344.25 345.25 9999.99 0.999 99.99 0.999 9.999 0.999 9.99 0.999 99.999 0.999 999.999 0.999 999.999 0.999   2.835 0.000 999.999 0.999 999.999 0.999 9.999 0.999 99.999 0.999
347.25 348.25 9999.99 0.999 99.99 0.999 9.999 0.999 9.99 0.999 99.999 0.999 999.999 0.999 999.999 0.999  12.286 0.000 999.999 0.999 999.999 0.999 9.999 0.999 99.999 0.999
350.25 351.25   10.03 0.000  0.73 0.000 9.999 0.259 9.99 0.259  0.129 0.000   0.936 0.000   1.311 0.000   5.383 0.000   3.028 0.000   2.355 0.000 0.024 0.000  0.108 0.000
353.25 354.25   17.69 0.000  1.34 0.000 9.999 0.259 9.99 0.259  0.119 0.000   0.780 0.000   1.092 0.000   5.301 0.000   3.157 0.000   2.144 0.000 0.025 0.000  0.069 0.000
356.25 357.25    9.95 0.000  0.80 0.000 0.102 0.000 9.99 0.259  0.279 0.000   0.446 0.000   0.625 0.000   5.210 0.000   2.409 0.000   2.801 0.000 0.013 0.000  0.234 0.000
359.25 360.25   11.99 0.000  1.73 0.000 0.122 0.000 0.21 0.000  0.132 0.000   1.069 0.000   1.496 0.000   7.396 0.000   3.727 0.000   3.669 0.000 0.032 0.000  0.287 0.000
362.25 363.25   15.79 0.000  0.42 0.000 0.091 0.000 0.11 0.000  0.110 0.000   0.858 0.000   1.201 0.000   6.369 0.000   3.974 0.000   2.396 0.000 0.021 0.000  0.145 0.000
