scripts/IMPROVE-2019_partial/data/US9034R.19980103060000.20191216000000.filterpack...1y.3d.US03L_filterpack_US9034.US03L_IMPROVE_Davis.lev2.nas
51 1001
MISSING INFORMATION
US03L, IMPROVE, , , , , , , 
MISSING INFORMATION
IMPROVE sel_HTAP
1 1
1998 01 01 2019 12 16
0
days from file reference point
4
1 1 1 1
999.99 999.999 999.999 9.999
end_time of measurement, days from the file reference point
pm10_mass, ug/m3, Matrix=pm10
pm25_mass, ug/m3, Matrix=pm25
numflag, no unit
0
33
Data definition:              EBAS_1.1
Set type code:                TI
Timezone:                     UTC
File name:                    US9034R.19980103060000.20191216000000.filterpack...1y.3d.US03L_filterpack_US9034.US03L_IMPROVE_Davis.lev2.nas
File creation:                20191218120732
Startdate:                    19980103060000
Revision date:                20191216000000
Version:                      2
Version description:          "Data extracted from http://views.cira.colostate.edu/fed/DataWizard 2019-12-16"
Statistics:                   arithmetic mean
Data level:                   2
Period code:                  1y
Resolution code:              3d
Sample duration:              1d
Orig. time res.:              3d
Station code:                 US9034R
Platform code:                US9034S
Station name:                 Upper Buffalo Wilderness
Station latitude:             35.8258
Station longitude:            -93.203
Station altitude:             722.0 m
Regime:                       IMG
Component:                    
Unit:                         ug/m3
Matrix:                       
Laboratory code:              US03L
Instrument type:              filterpack
Instrument name:              filterpack_US9034
Method ref:                   US03L_IMPROVE_Davis
Blank correction:             Blank corrected
Volume std. temperature:      ambient
Volume std. pressure:         ambient
starttime endtime PM10 PM2.5 flag
  2.25   3.25  21.736  10.335 0.000
  6.25   7.25   0.687   0.587 0.000
  9.25  10.25   3.026   2.106 0.000
 13.25  14.25   3.887   2.604 0.000
 16.25  17.25   5.661   3.991 0.000
 20.25  21.25  13.776  10.646 0.000
 23.25  24.25  19.383  15.920 0.000
 27.25  28.25   6.386   4.918 0.000
 30.25  31.25  12.046   6.486 0.000
 34.25  35.25  16.295  14.547 0.000
 37.25  38.25  21.825  18.375 0.000
 41.25  42.25   8.715   7.005 0.000
 44.25  45.25   8.873   6.080 0.000
 48.25  49.25  10.192   8.261 0.000
 51.25  52.25   6.731   5.101 0.000
 55.25  56.25  19.071  14.783 0.000
 58.25  59.25   7.870   2.989 0.000
 62.25  63.25  14.145  10.710 0.000
 65.25  66.25   4.274   3.128 0.000
 69.25  70.25   8.934   6.305 0.000
 72.25  73.25  14.897  12.892 0.000
 76.25  77.25   5.000   2.325 0.000
 79.25  80.25   5.041   5.186 0.000
 83.25  84.25  23.671  13.889 0.000
 86.25  87.25  28.479  18.233 0.000
 90.25  91.25   8.428   3.502 0.000
 93.25  94.25 999.999   8.077 0.000
 97.25  98.25   9.271   6.140 0.000
100.25 101.25  32.361  15.557 0.000
104.25 105.25 999.999  22.644 0.000
107.25 108.25  29.888   8.568 0.000
111.25 112.25  16.800   9.992 0.000
114.25 115.25  22.329  18.656 0.000
118.25 119.25   5.569   4.280 0.000
121.25 122.25 999.999 999.999 0.999
125.25 126.25  24.591  19.480 0.000
128.25 129.25  22.388  14.430 0.000
132.25 133.25  21.496  16.620 0.000
135.25 136.25   9.817   3.444 0.000
139.25 140.25  29.831  22.319 0.000
142.25 143.25  28.359  20.576 0.000
146.25 147.25  13.044  10.751 0.000
149.25 150.25  22.867  18.364 0.000
153.25 154.25  19.226  13.741 0.000
156.25 157.25  13.194  11.366 0.000
160.25 161.25  14.689  10.505 0.000
163.25 164.25  23.466  14.150 0.000
167.25 168.25  20.925  12.909 0.000
170.25 171.25  23.438  13.860 0.000
174.25 175.25  17.276   9.880 0.000
177.25 178.25  15.521   7.719 0.000
181.25 182.25  12.995   5.782 0.000
184.25 185.25  23.412  17.069 0.000
188.25 189.25  28.406  16.979 0.000
191.25 192.25  14.657  10.534 0.000
195.25 196.25  21.437  18.557 0.000
198.25 199.25  17.206   9.595 0.000
202.25 203.25  28.314  22.280 0.000
205.25 206.25  12.259   8.825 0.000
209.25 210.25  35.275  17.405 0.000
212.25 213.25  32.906  25.434 0.000
216.25 217.25  10.574   8.478 0.000
219.25 220.25  12.082   9.464 0.000
223.25 224.25  14.370  11.651 0.000
226.25 227.25  41.357  37.523 0.000
230.25 231.25  24.129  15.926 0.000
233.25 234.25   8.948   6.080 0.000
237.25 238.25  27.945  22.899 0.000
240.25 241.25  31.829  25.063 0.000
244.25 245.25  20.386  14.065 0.000
247.25 248.25  32.763  23.641 0.000
251.25 252.25  18.691   9.758 0.000
254.25 255.25  15.440   7.034 0.000
258.25 259.25   7.191   5.112 0.000
261.25 262.25  32.149  26.828 0.000
265.25 266.25  14.856  10.207 0.000
268.25 269.25  25.182  20.923 0.000
272.25 273.25  24.377  16.174 0.000
275.25 276.25   4.864   3.638 0.000
279.25 280.25   4.299   2.509 0.000
282.25 283.25  15.897  13.063 0.000
286.25 287.25  15.558   8.559 0.000
289.25 290.25  16.827  14.468 0.000
293.25 294.25   7.804   5.926 0.000
296.25 297.25  13.205   8.051 0.000
300.25 301.25  19.803  16.375 0.000
303.25 304.25  12.759   7.399 0.000
307.25 308.25   6.405   5.084 0.000
310.25 311.25  14.028  10.841 0.000
314.25 315.25   7.116   4.459 0.000
317.25 318.25   7.885   4.551 0.000
321.25 322.25  17.379  14.044 0.000
324.25 325.25   8.653   4.061 0.000
328.25 329.25  12.594   9.716 0.000
331.25 332.25  19.322  16.356 0.000
335.25 336.25  13.393   9.925 0.000
338.25 339.25  16.457  11.288 0.000
342.25 343.25   6.090   4.505 0.000
345.25 346.25   7.053   4.969 0.000
349.25 350.25  12.346   9.872 0.000
352.25 353.25   6.727   4.192 0.000
356.25 357.25   6.472   3.678 0.000
359.25 360.25   9.534   5.911 0.000
363.25 364.25   7.397   3.392 0.000
