scripts/IMPROVE-2019_partial/data/US9042R.19900103080000.20191216000000.filterpack...1y.3d.US03L_filterpack_US9042_YOSE1.US03L_IMPROVE_Davis.lev2.nas
60 1001
MISSING INFORMATION
US03L, IMPROVE, , , , , , , 
MISSING INFORMATION
IMPROVE sel_HTAP
1 1
1990 01 01 2019 12 16
0
days from file reference point
5
1 1 1 1 1
999.999999 999.999 9.999 999.999 9.999999
end_time of measurement, days from the file reference point
pm10_mass, ug/m3, Matrix=pm10
numflag pm10_mass, no unit, Matrix=pm10
pm25_mass, ug/m3, Matrix=pm25
numflag pm25_mass, no unit, Matrix=pm25
0
41
Data definition:              EBAS_1.1
Set type code:                TI
Timezone:                     UTC
File name:                    US9042R.19900103080000.20191216000000.filterpack...1y.3d.US03L_filterpack_US9042_YOSE1.US03L_IMPROVE_Davis.lev2.nas
File creation:                20191218120810
Startdate:                    19900103080000
Revision date:                20191216000000
Version:                      2
Version description:          "Data extracted from http://views.cira.colostate.edu/fed/DataWizard 2019-12-16"
Statistics:                   arithmetic mean
Data level:                   2
Period code:                  1y
Resolution code:              3d
Sample duration:              1d
Orig. time res.:              3d
Station code:                 US9042R
Platform code:                US9042S
Station name:                 Yosemite NP
Station WDCA-ID:              GAWAUSCAYOS
Station GAW-ID:               YOS
Station GAW-Name:             Yosemite NP - Turtleback Dome
Station state/province:       CA
Station land use:             Remote park
Station setting:              Mountain
Station GAW type:             C
Station WMO region:           4
Station latitude:             37.7133
Station longitude:            -119.7061
Station altitude:             1605.0 m
Regime:                       IMG
Component:                    
Unit:                         ug/m3
Matrix:                       
Laboratory code:              US03L
Instrument type:              filterpack
Instrument name:              filterpack_US9042_YOSE1
Method ref:                   US03L_IMPROVE_Davis
Blank correction:             Blank corrected
Volume std. temperature:      ambient
Volume std. pressure:         ambient
starttime endtime PM10 flag_PM10 PM2.5 flag_PM2.5
  2.333333   3.333333   2.745 0.000   2.571 0.000000
  5.333333   6.333333   3.785 0.000   1.818 0.000000
  9.333333  10.333333   2.166 0.000   0.687 0.000000
 12.333333  13.333333   1.116 0.000 999.999 0.259000
 16.333333  17.333333   2.072 0.000   1.242 0.000000
 19.333333  20.333333   1.660 0.000   1.452 0.000000
 23.333333  24.333333   4.415 0.000   1.763 0.000000
 26.333333  27.333333   6.693 0.000   2.349 0.000000
 30.333333  31.333333   2.625 0.000   1.250 0.000000
 33.333333  34.333333   5.100 0.000   2.340 0.000000
 37.333333  38.333333   3.665 0.000   1.350 0.000000
 40.333333  41.333333   3.024 0.000   1.406 0.000000
 44.333333  45.333333   4.320 0.000   2.248 0.000000
 47.333333  48.333333   1.605 0.000   0.814 0.000000
 51.333333  52.333333   4.382 0.000   0.975 0.000000
 54.333333  55.333333   5.753 0.000 999.999 0.999000
 58.333333  59.333333   7.244 0.000   5.065 0.000000
 61.333333  62.333333   1.741 0.000   1.226 0.000000
 65.333333  66.333333   3.695 0.000   2.000 0.000000
 68.333333  69.333333   5.975 0.000   2.890 0.000000
 72.333333  73.333333  12.180 0.000   2.150 0.000000
 75.333333  76.333333   5.649 0.000   3.520 0.000000
 79.333333  80.333333  10.441 0.000   2.617 0.000000
 82.333333  83.333333   7.239 0.000   5.015 0.000000
 86.333333  87.333333  12.900 0.000   6.183 0.000000
 89.333333  90.333333   9.925 0.000   6.088 0.000000
 93.333333  94.333333   8.397 0.000   5.394 0.000000
 96.333333  97.333333   9.451 0.000   7.913 0.000000
100.333333 101.333333   5.703 0.000   3.311 0.000000
103.333333 104.333333  11.048 0.000   6.154 0.000000
107.333333 108.333333   7.689 0.000   4.805 0.000000
110.333333 111.333333  11.434 0.000   3.441 0.000000
114.333333 115.333333  17.838 0.000   3.470 0.000000
117.333333 118.333333   8.486 0.000   3.785 0.000000
121.333333 122.333333   8.376 0.000   3.817 0.000000
124.333333 125.333333   9.886 0.000   4.417 0.000000
128.333333 129.333333  35.365 0.000  11.553 0.000000
131.333333 132.333333  17.956 0.000   8.188 0.000000
135.333333 136.333333  16.190 0.000   8.365 0.000000
138.333333 139.333333  12.830 0.000   6.188 0.000000
142.333333 143.333333   7.069 0.000   2.516 0.000000
145.333333 146.333333   6.696 0.000   3.924 0.000000
149.333333 150.333333   7.536 0.000   3.808 0.000000
152.333333 153.333333   7.528 0.000   3.498 0.000000
156.333333 157.333333   8.448 0.000   3.385 0.000000
159.333333 160.333333  12.198 0.000   8.616 0.000000
163.333333 164.333333  11.630 0.000   4.969 0.000000
166.333333 167.333333   9.783 0.000   2.853 0.000000
170.333333 171.333333   8.932 0.000   4.679 0.000000
173.333333 174.333333  16.282 0.000   6.942 0.000000
177.333333 178.333333  13.263 0.000   4.025 0.000000
180.333333 181.333333  16.810 0.000   8.861 0.000000
184.333333 185.333333  10.957 0.000   5.234 0.000000
187.333333 188.333333  10.766 0.000   5.736 0.000000
191.333333 192.333333  24.699 0.000 999.999 0.999000
194.333333 195.333333   9.200 0.000   4.798 0.000000
198.333333 199.333333  13.116 0.000   6.456 0.000000
201.333333 202.333333  13.933 0.000   6.727 0.000000
205.333333 206.333333  10.469 0.000   4.315 0.000000
208.333333 209.333333 999.999 0.999  20.571 0.000000
212.333333 213.333333  14.643 0.000  13.698 0.000000
215.333333 216.333333  17.500 0.000  17.173 0.000000
219.333333 220.333333  19.114 0.000  19.103 0.000000
222.333333 223.333333 999.999 0.999 999.999 0.999000
226.333333 227.333333 999.999 0.999 999.999 0.999000
229.333333 230.333333 999.999 0.999 999.999 0.999000
233.333333 234.333333 999.999 0.999 999.999 0.999000
236.333333 237.333333  39.046 0.000 999.999 0.999000
240.333333 241.333333  16.801 0.000  10.091 0.000000
243.333333 244.333333 999.999 0.999 999.999 0.999000
247.333333 248.333333  26.439 0.000   3.620 0.559000
250.333333 251.333333  17.881 0.000   9.204 0.559000
254.333333 255.333333  13.643 0.000   7.599 0.559000
257.333333 258.333333  15.846 0.000   9.058 0.559000
261.333333 262.333333  10.000 0.000   7.006 0.559000
264.333333 265.333333   7.698 0.000   4.479 0.559000
268.333333 269.333333  18.315 0.000  10.120 0.559000
271.333333 272.333333  13.217 0.000   4.880 0.559000
275.333333 276.333333  48.736 0.000 999.999 0.559259
278.333333 279.333333  30.038 0.000   6.336 0.559000
282.333333 283.333333  10.227 0.000   4.573 0.559000
285.333333 286.333333  12.432 0.000   5.890 0.559000
289.333333 290.333333  23.780 0.000   5.575 0.559000
292.333333 293.333333  21.301 0.000   9.676 0.559000
296.333333 297.333333   8.779 0.000   4.568 0.559000
299.333333 300.333333   9.147 0.000 999.999 0.559259
303.333333 304.333333  14.940 0.000   9.811 0.559000
306.333333 307.333333   5.708 0.000   3.333 0.559000
310.333333 311.333333   4.291 0.000   2.043 0.559000
313.333333 314.333333   4.720 0.000   1.529 0.559000
317.333333 318.333333  12.218 0.000 999.999 0.559259
320.333333 321.333333  18.292 0.000   3.714 0.559000
324.333333 325.333333   3.667 0.000   3.429 0.559000
327.333333 328.333333   1.737 0.000 999.999 0.559259
331.333333 332.333333   9.024 0.000   2.312 0.559000
334.333333 335.333333 999.999 0.999  10.750 0.559000
338.333333 339.333333   3.023 0.000   1.677 0.559000
341.333333 342.333333   3.636 0.000   3.037 0.559000
345.333333 346.333333  14.032 0.000  10.438 0.559000
348.333333 349.333333   4.754 0.000   2.857 0.559000
352.333333 353.333333   1.765 0.000   1.693 0.559000
355.333333 356.333333   2.664 0.000   1.356 0.559000
359.333333 360.333333   6.795 0.000   2.251 0.559000
362.333333 363.333333  21.644 0.000  13.206 0.559000
