scripts/IMPROVE-2019_partial/data/US9027R.20010101080000.20191216000000.filterpack..pm25.52w.1w.US03L_filterpack_US9027.US03L_IMPROVE_Davis.lev2.nas
66 1001
MISSING INFORMATION
US03L, IMPROVE, , , , , , , 
MISSING INFORMATION
IMPROVE sel_HTAP
1 1
2001 01 01 2019 12 16
3.000000
days from file reference point
27
1 1 1 1 1 1 1 1 1 1 1 1 1 1 1 1 1 1 1 1 1 1 1 1 1 1 1
999.999999 9999.99 9.999 99.99 9.999999 9.999 9.999999 9.99 9.999999 9.999 9.999999 99.999 9.999 99.999 9.999 999.99 9.999999 999.999 9.999 99.999 9.999 999.999 9.999 9.999 9.999999 99.999 9.999
end_time of measurement, days from the file reference point
iron, ng/m3, Revision date=20181210133000
numflag iron, no unit, Revision date=20181210133000
lead, ng/m3, Revision date=20181210133000
numflag lead, no unit, Revision date=20181210133000
magnesium, ug/m3, Revision date=20181210133000
numflag magnesium, no unit, Revision date=20181210133000
nickel, ng/m3, Revision date=20181210133000
numflag nickel, no unit, Revision date=20181210133000
nitrate, ug N/m3, Revision date=20181210133000
numflag nitrate, no unit, Revision date=20181210133000
organic_carbon, ug C/m3, Revision date=20181210133000
numflag organic_carbon, no unit, Revision date=20181210133000
organic_mass, ug/m3, Revision date=20181210133000
numflag organic_mass, no unit, Revision date=20181210133000
phosphorus, ng/m3, Revision date=20181210133000
numflag phosphorus, no unit, Revision date=20181210133000
pm10_mass, ug/m3, Version=2, Version description=Data extracted from http://views.cira.colostate.edu/fed/DataWizard 2019-12-16, Sample duration=1d, Orig. time res.=3d, Matrix=pm10, Blank correction=Blank corrected, Volume std. temperature=ambient, Volume std. pressure=ambient
numflag pm10_mass, no unit, Version=2, Version description=Data extracted from http://views.cira.colostate.edu/fed/DataWizard 2019-12-16, Sample duration=1d, Orig. time res.=3d, Matrix=pm10, Blank correction=Blank corrected, Volume std. temperature=ambient, Volume std. pressure=ambient
pm10_pm25_mass, ug/m3, Revision date=20181210133000, Matrix=pm10_pm25
numflag pm10_pm25_mass, no unit, Revision date=20181210133000, Matrix=pm10_pm25
pm25_mass, ug/m3, Version=2, Version description=Data extracted from http://views.cira.colostate.edu/fed/DataWizard 2019-12-16, Sample duration=1d, Orig. time res.=3d, Blank correction=Blank corrected, Volume std. temperature=ambient, Volume std. pressure=ambient
numflag pm25_mass, no unit, Version=2, Version description=Data extracted from http://views.cira.colostate.edu/fed/DataWizard 2019-12-16, Sample duration=1d, Orig. time res.=3d, Blank correction=Blank corrected, Volume std. temperature=ambient, Volume std. pressure=ambient
potassium, ug/m3, Revision date=20181210133000
numflag potassium, no unit, Revision date=20181210133000
sulphate_total, ug S/m3, Revision date=20181210133000
numflag sulphate_total, no unit, Revision date=20181210133000
0
25
Data definition:              EBAS_1.1
Set type code:                TU
Timezone:                     UTC
File name:                    US9027R.20010101080000.20191216000000.filterpack..pm25.52w.1w.US03L_filterpack_US9027.US03L_IMPROVE_Davis.lev2.nas
File creation:                20191218120700
Startdate:                    20010101080000
Revision date:                20191216000000
Statistics:                   arithmetic mean
Data level:                   2
Period code:                  52w
Resolution code:              1w
Station code:                 US9027R
Platform code:                US9027S
Station name:                 North Cascades
Station latitude:             48.7316
Station longitude:            -121.0646
Station altitude:             568.0 m
Regime:                       IMG
Component:                    
Matrix:                       pm25
Laboratory code:              US03L
Instrument type:              filterpack
Instrument name:              filterpack_US9027
Method ref:                   US03L_IMPROVE_Davis
starttime endtime Fe flag_Fe Pb flag_Pb Mg++ flag_Mg++ Ni flag_Ni NO3- flag_NO3- OC flag_OC OM flag_OM P flag_P PM10 flag_PM10 PM10-PM2.5 flag_PM10-PM2.5 PM2.5 flag_PM2.5 K+ flag_K+ SO4-- flag_SO4--
[from data line 78]
234.333333 235.333333    2.06 0.559  0.36 0.559000 9.999 0.559259 9.99 0.559259 0.014 0.000000  0.140 0.000  0.196 0.000 999.99 0.559259   2.204 0.000  0.875 0.000   1.329 0.559 0.010 0.559000  0.155 0.000
237.333333 238.333333    8.22 0.559  0.59 0.559000 9.999 0.559259 9.99 0.559259 0.022 0.000000  1.413 0.000  1.978 0.000 999.99 0.559259   6.531 0.000  2.195 0.000   4.336 0.559 0.014 0.559000  0.247 0.000
240.333333 241.333333 9999.99 0.999 99.99 0.999000 9.999 0.999000 9.99 0.999000 9.999 0.999000 99.999 0.999 99.999 0.999 999.99 0.999000 999.999 0.999 99.999 0.999 999.999 0.999 9.999 0.999000 99.999 0.999
243.333333 244.333333 9999.99 0.999 99.99 0.999000 9.999 0.999000 9.99 0.999000 9.999 0.999000 99.999 0.999 99.999 0.999 999.99 0.999000 999.999 0.999 99.999 0.999 999.999 0.999 9.999 0.999000 99.999 0.999
246.333333 247.333333 9999.99 0.999 99.99 0.999000 9.999 0.999000 9.99 0.999000 9.999 0.999000 99.999 0.999 99.999 0.999 999.99 0.999000 999.999 0.999 99.999 0.999 999.999 0.999 9.999 0.999000 99.999 0.999
249.333333 250.333333    5.99 0.000  0.33 0.000000 0.010 0.000000 9.99 0.259000 0.037 0.000000  0.344 0.000  0.482 0.000 999.99 0.259000   4.134 0.000  1.491 0.000   2.643 0.000 0.016 0.000000  0.333 0.000
252.333333 253.333333   10.39 0.000  0.51 0.000000 9.999 0.259000 0.21 0.000000 0.049 0.000000  0.911 0.000  1.276 0.000 999.99 0.259000   4.878 0.000  2.167 0.000   2.711 0.000 0.012 0.000000  0.157 0.000
255.333333 256.333333   23.06 0.000 99.99 0.259000 9.999 0.259000 9.99 0.259000 0.020 0.000000  1.201 0.000  1.681 0.000 999.99 0.259000   8.102 0.000  4.808 0.000   3.294 0.000 0.017 0.000000  0.103 0.000
258.333333 259.333333   20.01 0.000  0.82 0.000000 9.999 0.259000 0.39 0.000000 0.036 0.000000  2.429 0.000  3.401 0.000 999.99 0.259000   9.879 0.000  3.412 0.000   6.468 0.000 0.022 0.000000  0.460 0.000
261.333333 262.333333    6.91 0.559  0.08 0.559000 0.014 0.559000 0.21 0.559000 0.039 0.000000  0.279 0.000  0.391 0.000 999.99 0.559259   3.649 0.000  1.534 0.000   2.115 0.559 0.009 0.559000  0.276 0.000
264.333333 265.333333    6.29 0.559  0.24 0.559000 9.999 0.559259 9.99 0.559259 0.005 0.000000  1.136 0.000  1.591 0.000 999.99 0.559259   3.688 0.000  1.077 0.000   2.611 0.559 0.013 0.559000  0.146 0.000
267.333333 268.333333   18.71 0.000  0.72 0.000000 9.999 0.259000 0.21 0.000000 0.012 0.000000  1.470 0.000  2.058 0.000 999.99 0.259000   7.335 0.000  1.506 0.000   5.829 0.000 0.022 0.000000  0.589 0.000
270.333333 271.333333 9999.99 0.999 99.99 0.999000 9.999 0.999000 9.99 0.999000 9.999 0.999000 99.999 0.999 99.999 0.999 999.99 0.999000 999.999 0.999 99.999 0.999 999.999 0.999 9.999 0.999000 99.999 0.999
273.333333 274.333333 9999.99 0.999 99.99 0.999000 9.999 0.999000 9.99 0.999000 9.999 0.999000 99.999 0.999 99.999 0.999 999.99 0.999000 999.999 0.999 99.999 0.999 999.999 0.999 9.999 0.999000 99.999 0.999
276.333333 277.333333    6.63 0.559  0.30 0.559000 9.999 0.559259 9.99 0.559259 0.009 0.000000  0.699 0.000  0.978 0.000 999.99 0.559259   2.565 0.000  0.724 0.000   1.841 0.559 0.030 0.559000  0.074 0.000
279.333333 280.333333    8.41 0.559  0.48 0.559000 9.999 0.559259 0.17 0.559000 0.032 0.000000  0.600 0.000  0.840 0.000 999.99 0.559259   4.025 0.000  1.160 0.000   2.864 0.559 0.025 0.559000  0.352 0.000
282.333333 283.333333    2.19 0.559  0.21 0.559000 9.999 0.559259 9.99 0.559259 0.029 0.000000  0.234 0.000  0.327 0.000 999.99 0.559259   2.222 0.000  0.620 0.000   1.603 0.559 0.018 0.559000  0.174 0.000
285.333333 286.333333    1.88 0.559  0.46 0.559000 9.999 0.559259 0.12 0.559000 0.063 0.000000  0.201 0.000  0.281 0.000 999.99 0.559259   3.512 0.000  1.383 0.000   2.129 0.559 0.012 0.559000  0.207 0.000
288.333333 289.333333    9.26 0.559  0.42 0.559000 0.018 0.559000 9.99 0.559259 0.011 0.000000  0.552 0.000  0.773 0.000 999.99 0.559259   3.269 0.000  1.406 0.000   1.864 0.559 0.027 0.559000  0.107 0.000
291.333333 292.333333    1.25 0.559  0.13 0.559000 9.999 0.559259 9.99 0.559259 0.005 0.000000  0.137 0.000  0.192 0.000 999.99 0.559259   1.421 0.000  1.010 0.000   0.410 0.559 0.014 0.559000  0.052 0.000
294.333333 295.333333    0.52 0.559 99.99 0.559259 9.999 0.559259 9.99 0.559259 0.005 0.000000  0.039 0.000  0.054 0.000   8.79 0.559000   1.144 0.000  0.579 0.000   0.565 0.559 0.006 0.559000  0.041 0.000
297.333333 298.333333    0.61 0.559 99.99 0.559259 9.999 0.559259 9.99 0.559259 0.005 0.000000  0.377 0.000  0.528 0.000  11.48 0.559000   1.389 0.000  0.436 0.000   0.953 0.559 0.014 0.559000  0.011 0.000
300.333333 301.333333    5.29 0.559  0.43 0.559000 9.999 0.559259 9.99 0.559259 0.013 0.000000  0.415 0.000  0.581 0.000 999.99 0.559259   2.817 0.000  0.944 0.000   1.874 0.559 0.024 0.559000  0.187 0.000
303.333333 304.333333    0.68 0.559 99.99 0.559259 9.999 0.559259 9.99 0.559259 0.005 0.000000  0.256 0.000  0.359 0.000 999.99 0.559259   0.952 0.000  0.258 0.000   0.694 0.559 0.007 0.559000  0.022 0.000
306.333333 307.333333    9.88 0.559  0.60 0.559000 9.999 0.559259 9.99 0.559259 0.005 0.000000  0.342 0.000  0.478 0.000 999.99 0.559259   4.104 0.000  2.287 0.000   1.816 0.559 0.017 0.559000  0.188 0.000
309.333333 310.333333    1.31 0.559 99.99 0.559259 0.006 0.559000 9.99 0.559259 0.011 0.000000  0.142 0.000  0.199 0.000 999.99 0.559259   1.798 0.000  0.982 0.000   0.816 0.559 0.003 0.559000  0.077 0.000
312.333333 313.333333    2.34 0.559  0.26 0.559000 9.999 0.559259 9.99 0.559259 0.003 0.000000  0.497 0.000  0.695 0.000 999.99 0.559259   2.143 0.000  0.967 0.000   1.176 0.559 0.010 0.559000  0.055 0.000
315.333333 316.333333    6.49 0.559  0.57 0.559000 9.999 0.559259 9.99 0.559259 0.007 0.000000  1.215 0.000  1.701 0.000 999.99 0.559259   4.774 0.000  1.442 0.000   3.332 0.559 0.032 0.559000  0.148 0.000
318.333333 319.333333    1.35 0.559 99.99 0.559259 9.999 0.559259 9.99 0.559259 9.999 0.259000  0.039 0.000  0.055 0.000 999.99 0.559259   1.065 0.000  0.735 0.000   0.331 0.559 9.999 0.559259  0.020 0.000
321.333333 322.333333    1.69 0.559  0.38 0.559000 9.999 0.559259 9.99 0.559259 0.010 0.559000  1.632 0.000  2.285 0.000 999.99 0.559259   3.968 0.000  0.674 0.000   3.294 0.559 0.042 0.559000  0.094 0.559
324.333333 325.333333    0.29 0.559  0.10 0.559000 9.999 0.559259 9.99 0.559259 9.999 0.559259 99.999 0.259 99.999 0.259 999.99 0.559259   0.868 0.000  0.590 0.000   0.278 0.559 9.999 0.559259  0.007 0.559
327.333333 328.333333    0.58 0.559 99.99 0.559259 0.007 0.559000 9.99 0.559259 0.007 0.000000  0.116 0.000  0.162 0.000 999.99 0.559259   1.627 0.000  1.003 0.000   0.624 0.559 0.006 0.559000  0.049 0.000
330.333333 331.333333    0.77 0.559  0.18 0.559000 9.999 0.559259 9.99 0.559259 0.010 0.559000  0.031 0.000  0.043 0.000 999.99 0.559259   1.381 0.000  0.560 0.000   0.822 0.559 9.999 0.559259  0.087 0.559
333.333333 334.333333    1.51 0.000 99.99 0.259000 9.999 0.259000 9.99 0.259000 0.009 0.559000  0.004 0.000  0.006 0.000 999.99 0.259000   0.833 0.000  0.257 0.000   0.576 0.000 0.011 0.000000  0.053 0.559
336.333333 337.333333    2.54 0.559  0.37 0.559000 9.999 0.559259 0.16 0.559000 0.041 0.000000  0.390 0.000  0.546 0.000 999.99 0.559259   2.063 0.000  0.652 0.000   1.411 0.559 0.014 0.559000  0.101 0.000
339.333333 340.333333    0.74 0.559 99.99 0.559259 9.999 0.559259 9.99 0.559259 0.010 0.000000  0.018 0.000  0.026 0.000 999.99 0.559259   0.556 0.000  0.115 0.000   0.441 0.559 0.005 0.559000  0.049 0.000
342.333333 343.333333    1.45 0.559 99.99 0.559259 0.028 0.559000 9.99 0.559259 0.024 0.000000  0.131 0.000  0.184 0.000 999.99 0.559259   1.627 0.000  0.707 0.000   0.920 0.559 0.005 0.559000  0.078 0.000
345.333333 346.333333    1.21 0.559 99.99 0.559259 9.999 0.559259 9.99 0.559259 0.006 0.559000  0.054 0.000  0.075 0.000 999.99 0.559259   0.436 0.000  0.158 0.000   0.279 0.559 9.999 0.559259  0.022 0.559
348.333333 349.333333    0.68 0.559  0.18 0.559000 9.999 0.559259 9.99 0.559259 0.018 0.559000  0.071 0.000  0.100 0.000 999.99 0.559259   0.794 0.000  0.253 0.000   0.540 0.559 0.004 0.559000  0.031 0.559
351.333333 352.333333    3.10 0.000  0.29 0.000000 9.999 0.259000 9.99 0.259000 0.019 0.559000  0.117 0.000  0.164 0.000 999.99 0.259000   1.298 0.000  0.466 0.000   0.832 0.000 0.006 0.000000  0.051 0.559
354.333333 355.333333    2.06 0.000  0.27 0.000000 9.999 0.259000 0.03 0.000000 0.011 0.000000  0.356 0.000  0.498 0.000 999.99 0.259000   0.913 0.000  0.108 0.000   0.805 0.000 0.005 0.000000  0.033 0.000
357.333333 358.333333    0.32 0.559  0.28 0.559000 9.999 0.559259 9.99 0.559259 0.006 0.559000  0.099 0.000  0.138 0.000 999.99 0.559259   0.479 0.000  0.250 0.000   0.229 0.559 9.999 0.559259  0.010 0.559
360.333333 361.333333    0.82 0.000 99.99 0.259000 9.999 0.259000 9.99 0.259000 0.006 0.000000  0.188 0.000  0.263 0.000 999.99 0.259000   0.516 0.000  0.051 0.000   0.465 0.000 9.999 0.259000  0.025 0.000
363.333333 364.333333    0.28 0.000 99.99 0.259000 9.999 0.259000 9.99 0.259000 0.007 0.000000  0.325 0.000  0.455 0.000 999.99 0.259000   0.595 0.000  0.021 0.000   0.574 0.000 9.999 0.259000  0.015 0.000
