scripts/IMPROVE-2019_partial/data/US9000R.20040101070000.20191216000000.filterpack..pm25.52w.1w.US03L_filterpack_US9000.US03L_IMPROVE_Davis.lev2.nas
66 1001
MISSING INFORMATION
US03L, IMPROVE, , , , , , , 
MISSING INFORMATION
IMPROVE sel_HTAP
1 1
2004 01 01 2019 12 16
3.000000
days from file reference point
27
1 1 1 1 1 1 1 1 1 1 1 1 1 1 1 1 1 1 1 1 1 1 1 1 1 1 1
999.999999 9999.99 9.999 99.99 9.999999 9.999 9.999999 9.99 9.999999 9.999 9.999 99.999 9.999 99.999 9.999 999.99 9.999999 999.999 9.999 999.999 9.999 99.999 9.999 9.999 9.999 9.999 9.999
end_time of measurement, days from the file reference point
iron, ng/m3, Revision date=20181210133000
numflag iron, no unit, Revision date=20181210133000
lead, ng/m3, Revision date=20181210133000
numflag lead, no unit, Revision date=20181210133000
magnesium, ug/m3, Revision date=20181210133000
numflag magnesium, no unit, Revision date=20181210133000
nickel, ng/m3, Revision date=20181210133000
numflag nickel, no unit, Revision date=20181210133000
nitrate, ug N/m3, Revision date=20181210133000
numflag nitrate, no unit, Revision date=20181210133000
organic_carbon, ug C/m3, Revision date=20181210133000
numflag organic_carbon, no unit, Revision date=20181210133000
organic_mass, ug/m3, Revision date=20181210133000
numflag organic_mass, no unit, Revision date=20181210133000
phosphorus, ng/m3, Revision date=20181210133000
numflag phosphorus, no unit, Revision date=20181210133000
pm10_mass, ug/m3, Version=2, Version description=Data extracted from http://views.cira.colostate.edu/fed/DataWizard 2019-12-16, Sample duration=1d, Orig. time res.=3d, Matrix=pm10, Blank correction=Blank corrected, Volume std. temperature=ambient, Volume std. pressure=ambient
numflag pm10_mass, no unit, Version=2, Version description=Data extracted from http://views.cira.colostate.edu/fed/DataWizard 2019-12-16, Sample duration=1d, Orig. time res.=3d, Matrix=pm10, Blank correction=Blank corrected, Volume std. temperature=ambient, Volume std. pressure=ambient
pm10_pm25_mass, ug/m3, Revision date=20181210133000, Matrix=pm10_pm25
numflag pm10_pm25_mass, no unit, Revision date=20181210133000, Matrix=pm10_pm25
pm25_mass, ug/m3, Version=2, Version description=Data extracted from http://views.cira.colostate.edu/fed/DataWizard 2019-12-16, Sample duration=1d, Orig. time res.=3d, Blank correction=Blank corrected, Volume std. temperature=ambient, Volume std. pressure=ambient
numflag pm25_mass, no unit, Version=2, Version description=Data extracted from http://views.cira.colostate.edu/fed/DataWizard 2019-12-16, Sample duration=1d, Orig. time res.=3d, Blank correction=Blank corrected, Volume std. temperature=ambient, Volume std. pressure=ambient
potassium, ug/m3, Revision date=20181210133000
numflag potassium, no unit, Revision date=20181210133000
sulphate_total, ug S/m3, Revision date=20181210133000
numflag sulphate_total, no unit, Revision date=20181210133000
0
25
Data definition:              EBAS_1.1
Set type code:                TU
Timezone:                     UTC
File name:                    US9000R.20040101070000.20191216000000.filterpack..pm25.52w.1w.US03L_filterpack_US9000.US03L_IMPROVE_Davis.lev2.nas
File creation:                20191218120515
Startdate:                    20040101070000
Revision date:                20191216000000
Statistics:                   arithmetic mean
Data level:                   2
Period code:                  52w
Resolution code:              1w
Station code:                 US9000R
Platform code:                US9000S
Station name:                 Rocky Mountain NP
Station latitude:             40.2783
Station longitude:            -105.5457
Station altitude:             2760.0 m
Regime:                       IMG
Component:                    
Matrix:                       pm25
Laboratory code:              US03L
Instrument type:              filterpack
Instrument name:              filterpack_US9000
Method ref:                   US03L_IMPROVE_Davis
starttime endtime Fe flag_Fe Pb flag_Pb Mg++ flag_Mg++ Ni flag_Ni NO3- flag_NO3- OC flag_OC OM flag_OM P flag_P PM10 flag_PM10 PM10-PM2.5 flag_PM10-PM2.5 PM2.5 flag_PM2.5 K+ flag_K+ SO4-- flag_SO4--
[from data line 81]
243.291667 244.291667   22.71 0.000  0.31 0.000000 9.999 0.259000 9.99 0.259000 0.021 0.000  0.859 0.000  1.203 0.000 999.99 0.259000   6.965 0.000   4.221 0.000  2.744 0.000 0.024 0.000 0.168 0.000
246.291667 247.291667   38.35 0.000  0.43 0.000000 9.999 0.259000 9.99 0.259000 0.029 0.000  1.046 0.000  1.465 0.000 999.99 0.259000   9.488 0.000   5.049 0.000  4.439 0.000 0.031 0.000 0.379 0.000
249.291667 250.291667   16.87 0.000  0.69 0.000000 9.999 0.259000 9.99 0.259000 0.024 0.000  1.090 0.000  1.525 0.000 999.99 0.259000   4.575 0.000   1.617 0.000  2.958 0.000 0.016 0.000 0.176 0.000
252.291667 253.291667   39.16 0.000  0.26 0.000000 9.999 0.259000 9.99 0.259000 0.014 0.000  0.768 0.000  1.076 0.000 999.99 0.259000   6.335 0.000   3.502 0.000  2.834 0.000 0.031 0.000 0.205 0.000
255.291667 256.291667   19.17 0.000 99.99 0.259000 9.999 0.259000 9.99 0.259000 0.011 0.000  0.765 0.000  1.072 0.000 999.99 0.259000   4.792 0.000   2.227 0.000  2.565 0.000 0.016 0.000 0.219 0.000
258.291667 259.291667   21.09 0.000  0.59 0.000000 9.999 0.259000 9.99 0.259000 0.026 0.000  0.550 0.000  0.771 0.000 999.99 0.259000   5.311 0.000   3.277 0.000  2.033 0.000 0.017 0.000 0.128 0.000
261.291667 262.291667   44.71 0.000  0.59 0.000000 9.999 0.259000 9.99 0.259000 0.021 0.000  0.552 0.000  0.772 0.000 999.99 0.259000   7.797 0.000   4.938 0.000  2.860 0.000 0.030 0.000 0.254 0.000
264.291667 265.291667    0.39 0.000 99.99 0.259000 9.999 0.259000 9.99 0.259000 0.020 0.000  0.220 0.000  0.308 0.000 999.99 0.259000   0.288 0.000 999.999 0.259  0.380 0.000 0.004 0.000 0.028 0.000
267.291667 268.291667   15.79 0.000 99.99 0.259000 0.122 0.000000 0.23 0.000000 0.012 0.000  0.778 0.000  1.089 0.000 999.99 0.259000   5.801 0.000   3.527 0.000  2.273 0.000 0.015 0.000 0.136 0.000
270.291667 271.291667   14.88 0.000  0.32 0.000000 9.999 0.259000 9.99 0.259000 0.049 0.000  0.598 0.000  0.838 0.000 999.99 0.259000   3.595 0.000   0.854 0.000  2.740 0.000 0.013 0.000 0.246 0.000
273.291667 274.291667    5.10 0.000 99.99 0.259000 0.158 0.000000 9.99 0.259000 0.019 0.000  0.346 0.000  0.484 0.000 999.99 0.259000   1.103 0.000 999.999 0.259  1.126 0.000 0.011 0.000 0.086 0.000
276.291667 277.291667   12.09 0.000  0.46 0.000000 9.999 0.259000 9.99 0.259000 0.018 0.000  1.011 0.000  1.415 0.000 999.99 0.259000   3.655 0.000   0.586 0.000  3.069 0.000 0.016 0.000 0.237 0.000
279.291667 280.291667    6.16 0.000 99.99 0.259000 9.999 0.259000 9.99 0.259000 0.051 0.000  0.626 0.000  0.877 0.000 999.99 0.259000   2.410 0.000   0.283 0.000  2.127 0.000 0.007 0.000 0.229 0.000
282.291667 283.291667   16.46 0.000  0.59 0.000000 9.999 0.259000 0.13 0.000000 0.014 0.000  1.229 0.000  1.721 0.000 999.99 0.259000   4.412 0.000   1.547 0.000  2.865 0.000 0.014 0.000 0.124 0.000
285.291667 286.291667   15.33 0.000  0.15 0.000000 9.999 0.259000 0.16 0.000000 0.049 0.000  0.542 0.000  0.758 0.000 999.99 0.259000   5.447 0.000   3.302 0.000  2.145 0.000 0.012 0.000 0.208 0.000
288.291667 289.291667   13.17 0.000 99.99 0.259000 0.247 0.000000 9.99 0.259000 0.053 0.000  0.353 0.000  0.495 0.000 999.99 0.259000   3.533 0.000   2.176 0.000  1.357 0.000 0.012 0.000 0.101 0.000
291.291667 292.291667    7.27 0.000  0.35 0.000000 9.999 0.259000 9.99 0.259000 0.013 0.000  0.691 0.000  0.968 0.000 999.99 0.259000   2.206 0.000   1.385 0.000  0.821 0.000 0.006 0.000 0.081 0.000
294.291667 295.291667   13.84 0.000 99.99 0.259000 9.999 0.259000 0.13 0.000000 0.038 0.000  0.386 0.000  0.540 0.000 999.99 0.259000   3.777 0.000   2.350 0.000  1.427 0.000 0.012 0.000 0.108 0.000
297.291667 298.291667    7.82 0.000  0.29 0.000000 0.124 0.000000 0.15 0.000000 0.053 0.000  0.386 0.000  0.541 0.000 999.99 0.259000   2.696 0.000   1.307 0.000  1.389 0.000 0.009 0.000 0.148 0.000
300.291667 301.291667   13.78 0.000  0.41 0.000000 9.999 0.259000 9.99 0.259000 0.083 0.000  0.621 0.000  0.869 0.000 999.99 0.259000   3.574 0.000   1.301 0.000  2.273 0.000 0.013 0.000 0.164 0.000
303.291667 304.291667   10.06 0.000  0.52 0.000000 9.999 0.259000 9.99 0.259000 0.007 0.000  0.310 0.000  0.435 0.000 999.99 0.259000   3.268 0.000   1.753 0.000  1.515 0.000 0.010 0.000 0.148 0.000
306.291667 307.291667    3.71 0.000  0.39 0.000000 9.999 0.259000 9.99 0.259000 0.005 0.000  0.108 0.000  0.150 0.000 999.99 0.259000   0.661 0.000   0.158 0.000  0.503 0.000 0.006 0.000 0.034 0.000
309.291667 310.291667    8.07 0.000 99.99 0.259000 0.172 0.000000 9.99 0.259000 0.005 0.000  0.198 0.000  0.278 0.000   1.24 0.000000   2.124 0.000   1.442 0.000  0.682 0.000 0.007 0.000 0.033 0.000
312.291667 313.291667   13.31 0.000 99.99 0.259000 0.098 0.000000 9.99 0.259000 0.008 0.000  0.336 0.000  0.470 0.000 999.99 0.259000   2.778 0.000   1.844 0.000  0.934 0.000 0.009 0.000 0.046 0.000
315.291667 316.291667   10.78 0.000  1.04 0.000000 9.999 0.259000 0.10 0.000000 0.031 0.000  0.253 0.000  0.354 0.000 999.99 0.259000   2.301 0.000   0.573 0.000  1.728 0.000 0.014 0.000 0.201 0.000
318.291667 319.291667    6.36 0.000  0.95 0.000000 0.145 0.000000 9.99 0.259000 0.230 0.000  0.622 0.000  0.871 0.000 999.99 0.259000   3.265 0.000   0.012 0.000  3.253 0.000 0.015 0.000 0.386 0.000
321.291667 322.291667   17.40 0.000  0.47 0.000000 9.999 0.259000 9.99 0.259000 0.243 0.000  0.606 0.000  0.849 0.000 999.99 0.259000   4.438 0.000   1.736 0.000  2.702 0.000 0.018 0.000 0.121 0.000
324.291667 325.291667    2.04 0.000 99.99 0.259000 9.999 0.259000 9.99 0.259000 0.124 0.000  0.255 0.000  0.356 0.000 999.99 0.259000   1.497 0.000   0.491 0.000  1.006 0.000 0.006 0.000 0.072 0.000
327.291667 328.291667   12.11 0.000  0.54 0.000000 9.999 0.259000 0.23 0.000000 0.478 0.000  0.707 0.000  0.989 0.000 999.99 0.259000   5.829 0.000   1.064 0.000  4.764 0.000 0.012 0.000 0.346 0.000
330.291667 331.291667    4.87 0.000 99.99 0.259000 9.999 0.259000 9.99 0.259000 0.011 0.000  0.146 0.000  0.204 0.000   3.71 0.000000   1.849 0.000   1.056 0.000  0.793 0.000 0.007 0.000 0.083 0.000
333.291667 334.291667    2.21 0.000 99.99 0.259000 0.103 0.000000 0.11 0.000000 0.014 0.000  0.383 0.000  0.537 0.000 999.99 0.259000   1.255 0.000   0.177 0.000  1.078 0.000 0.012 0.000 0.085 0.000
336.291667 337.291667    4.36 0.000  0.20 0.000000 9.999 0.259000 0.20 0.000000 0.006 0.000  0.125 0.000  0.175 0.000 999.99 0.259000   2.687 0.000   2.220 0.000  0.467 0.000 0.005 0.000 0.063 0.000
339.291667 340.291667    4.57 0.000  0.42 0.000000 9.999 0.259000 9.99 0.259000 0.008 0.000  0.194 0.000  0.271 0.000 999.99 0.259000   1.109 0.000   0.320 0.000  0.789 0.000 0.007 0.000 0.117 0.000
342.291667 343.291667    4.58 0.000  0.33 0.000000 9.999 0.259000 0.13 0.000000 0.004 0.000  0.120 0.000  0.169 0.000 999.99 0.259000   1.675 0.000   1.455 0.000  0.220 0.000 0.008 0.000 0.058 0.000
345.291667 346.291667    2.34 0.000  0.50 0.000000 9.999 0.259000 0.15 0.000000 0.003 0.000  0.125 0.000  0.176 0.000 999.99 0.259000   0.817 0.000   0.694 0.000  0.123 0.000 0.004 0.000 0.030 0.000
348.291667 349.291667    6.24 0.000  0.33 0.000000 0.076 0.000000 9.99 0.259000 0.011 0.000  0.625 0.000  0.875 0.000 999.99 0.259000   1.363 0.000   0.366 0.000  0.998 0.000 0.007 0.000 0.106 0.000
351.291667 352.291667    6.15 0.000  0.56 0.000000 0.077 0.000000 0.16 0.000000 0.004 0.000  0.137 0.000  0.191 0.000 999.99 0.259000   1.307 0.000   0.937 0.000  0.370 0.000 0.007 0.000 0.034 0.000
354.291667 355.291667    6.67 0.000  0.46 0.000000 9.999 0.259000 9.99 0.259000 0.022 0.000  0.205 0.000  0.286 0.000 999.99 0.259000   2.671 0.000   2.105 0.000  0.566 0.000 0.008 0.000 0.058 0.000
357.291667 358.291667    6.33 0.000  0.33 0.000000 0.066 0.000000 9.99 0.259000 0.083 0.000  0.336 0.000  0.471 0.000 999.99 0.259000   2.911 0.000   0.954 0.000  1.957 0.000 0.012 0.000 0.209 0.000
360.291667 361.291667    1.64 0.000  0.32 0.000000 9.999 0.259000 9.99 0.259000 0.003 0.000  0.162 0.000  0.226 0.000 999.99 0.259000   0.980 0.000   0.389 0.000  0.592 0.000 0.004 0.000 0.025 0.000
363.291667 364.291667    6.38 0.000  0.35 0.000000 0.078 0.000000 9.99 0.259000 0.004 0.000  0.189 0.000  0.264 0.000 999.99 0.259000   1.348 0.000   0.722 0.000  0.626 0.000 0.008 0.000 0.040 0.000
