scripts/IMPROVE-2019_partial/data/US9059R.20010302060000.20191216000000.filterpack..pm25.10mo.1w.US03L_filterpack_US9059.US03L_IMPROVE_Davis.lev2.nas
64 1001
MISSING INFORMATION
US03L, IMPROVE, , , , , , , 
MISSING INFORMATION
IMPROVE sel_HTAP
1 1
2001 01 01 2019 12 16
3.00
days from file reference point
25
1 1 1 1 1 1 1 1 1 1 1 1 1 1 1 1 1 1 1 1 1 1 1 1 1
999.99 9999.99 9.999 99.99 9.999 9.999 9.999999 99.99 9.999999 9.999 9.999 999.999 9.999 999.999 9.999 999.999 9.999 999.999 9.999 999.999 9.999 9.999 9.999 99.999 9.999
end_time of measurement, days from the file reference point
iron, ng/m3, Revision date=20181210133000
numflag iron, no unit, Revision date=20181210133000
lead, ng/m3, Revision date=20181210133000
numflag lead, no unit, Revision date=20181210133000
magnesium, ug/m3, Revision date=20181210133000
numflag magnesium, no unit, Revision date=20181210133000
nickel, ng/m3, Revision date=20181210133000
numflag nickel, no unit, Revision date=20181210133000
nitrate, ug N/m3, Revision date=20181210133000
numflag nitrate, no unit, Revision date=20181210133000
organic_carbon, ug C/m3, Revision date=20181210133000
numflag organic_carbon, no unit, Revision date=20181210133000
organic_mass, ug/m3, Revision date=20181210133000
numflag organic_mass, no unit, Revision date=20181210133000
pm10_mass, ug/m3, Version=2, Version description=Data extracted from http://views.cira.colostate.edu/fed/DataWizard 2019-12-16, Sample duration=1d, Orig. time res.=3d, Matrix=pm10, Blank correction=Blank corrected, Volume std. temperature=ambient, Volume std. pressure=ambient
numflag pm10_mass, no unit, Version=2, Version description=Data extracted from http://views.cira.colostate.edu/fed/DataWizard 2019-12-16, Sample duration=1d, Orig. time res.=3d, Matrix=pm10, Blank correction=Blank corrected, Volume std. temperature=ambient, Volume std. pressure=ambient
pm10_pm25_mass, ug/m3, Revision date=20181210133000, Matrix=pm10_pm25
numflag pm10_pm25_mass, no unit, Revision date=20181210133000, Matrix=pm10_pm25
pm25_mass, ug/m3, Version=2, Version description=Data extracted from http://views.cira.colostate.edu/fed/DataWizard 2019-12-16, Sample duration=1d, Orig. time res.=3d, Blank correction=Blank corrected, Volume std. temperature=ambient, Volume std. pressure=ambient
numflag pm25_mass, no unit, Version=2, Version description=Data extracted from http://views.cira.colostate.edu/fed/DataWizard 2019-12-16, Sample duration=1d, Orig. time res.=3d, Blank correction=Blank corrected, Volume std. temperature=ambient, Volume std. pressure=ambient
potassium, ug/m3, Revision date=20181210133000
numflag potassium, no unit, Revision date=20181210133000
sulphate_total, ug S/m3, Revision date=20181210133000
numflag sulphate_total, no unit, Revision date=20181210133000
0
25
Data definition:              EBAS_1.1
Set type code:                TU
Timezone:                     UTC
File name:                    US9059R.20010302060000.20191216000000.filterpack..pm25.10mo.1w.US03L_filterpack_US9059.US03L_IMPROVE_Davis.lev2.nas
File creation:                20191218120926
Startdate:                    20010302060000
Revision date:                20191216000000
Statistics:                   arithmetic mean
Data level:                   2
Period code:                  10mo
Resolution code:              1w
Station code:                 US9059R
Platform code:                US9059S
Station name:                 Sikes
Station latitude:             32.0574
Station longitude:            -92.435
Station altitude:             45.0 m
Regime:                       IMG
Component:                    
Matrix:                       pm25
Laboratory code:              US03L
Instrument type:              filterpack
Instrument name:              filterpack_US9059
Method ref:                   US03L_IMPROVE_Davis
starttime endtime Fe flag_Fe Pb flag_Pb Mg++ flag_Mg++ Ni flag_Ni NO3- flag_NO3- OC flag_OC OM flag_OM PM10 flag_PM10 PM10-PM2.5 flag_PM10-PM2.5 PM2.5 flag_PM2.5 K+ flag_K+ SO4-- flag_SO4--
[from data line 91]
333.25 334.25    8.22 0.000  1.22 0.000 9.999 0.259000 99.99 0.259000 0.060 0.559   0.987 0.000   1.382 0.000   6.400 0.000   1.502 0.000   4.898 0.000 0.024 0.000  0.570 0.559
336.25 337.25   13.47 0.000  1.79 0.000 9.999 0.259000  0.43 0.000000 0.364 0.000   3.365 0.000   4.711 0.000  13.976 0.000   3.111 0.000  10.866 0.000 0.046 0.000  0.601 0.000
339.25 340.25   15.54 0.000  1.85 0.000 9.999 0.259000  0.89 0.000000 0.161 0.000   1.657 0.000   2.320 0.000  22.767 0.000   4.949 0.000  17.818 0.000 0.071 0.000  2.593 0.000
342.25 343.25   14.33 0.000  3.15 0.000 9.999 0.259000 99.99 0.259000 0.352 0.559   1.295 0.000   1.813 0.000  10.220 0.000   3.127 0.000   7.093 0.000 0.031 0.000  0.580 0.559
345.25 346.25   10.16 0.000  1.38 0.000 9.999 0.259000  0.58 0.000000 0.087 0.000   1.529 0.000   2.140 0.000  12.098 0.000   4.037 0.000   8.062 0.000 0.050 0.000  1.133 0.000
348.25 349.25    8.21 0.000  0.58 0.000 9.999 0.259000 99.99 0.259000 0.055 0.000   1.527 0.000   2.138 0.000   7.769 0.000   2.546 0.000   5.223 0.000 0.033 0.000  0.503 0.000
351.25 352.25   11.05 0.000  2.21 0.000 0.090 0.000000 99.99 0.259000 0.073 0.000   1.421 0.000   1.989 0.000   6.356 0.000   1.777 0.000   4.578 0.000 0.024 0.000  0.444 0.000
354.25 355.25    8.65 0.000  0.76 0.000 9.999 0.259000 99.99 0.259000 0.024 0.000   1.372 0.000   1.921 0.000   4.818 0.000   1.791 0.000   3.027 0.000 0.029 0.000  0.139 0.000
357.25 358.25    8.57 0.000  0.77 0.000 9.999 0.259000 99.99 0.259000 0.026 0.559   0.720 0.000   1.008 0.000   3.255 0.000   1.187 0.000   2.069 0.000 0.019 0.000  0.095 0.559
360.25 361.25   12.22 0.000  1.04 0.000 9.999 0.259000 99.99 0.259000 0.070 0.559   1.433 0.000   2.006 0.000   5.503 0.000   1.837 0.000   3.666 0.000 0.030 0.000  0.198 0.559
363.25 364.25   10.56 0.000  2.17 0.000 9.999 0.259000  0.09 0.000000 0.153 0.559   0.983 0.000   1.376 0.000   6.597 0.000   3.273 0.000   3.324 0.000 0.037 0.000  0.311 0.559
