scripts/IMPROVE-2019_partial/data/US9074R.20000101080000.20191216000000.filterpack..pm25.52w.1w.US03L_filterpack_US9074.US03L_IMPROVE_Davis.lev2.nas
66 1001
MISSING INFORMATION
US03L, IMPROVE, , , , , , , 
MISSING INFORMATION
IMPROVE sel_HTAP
1 1
2000 01 01 2019 12 16
0
days from file reference point
27
1 1 1 1 1 1 1 1 1 1 1 1 1 1 1 1 1 1 1 1 1 1 1 1 1 1 1
999.999999 999.99 9.999999 99.99 9.999999 9.999 9.999999 9.99 9.999999 9.999 9.999999 99.999 9.999 99.999 9.999 99.99 9.999999 999.999 9.999 999.999 9.999 999.999 9.999 9.999 9.999999 9.999 9.999999
end_time of measurement, days from the file reference point
iron, ng/m3, Revision date=20181210133000
numflag iron, no unit, Revision date=20181210133000
lead, ng/m3, Revision date=20181210133000
numflag lead, no unit, Revision date=20181210133000
magnesium, ug/m3, Revision date=20181210133000
numflag magnesium, no unit, Revision date=20181210133000
nickel, ng/m3, Revision date=20181210133000
numflag nickel, no unit, Revision date=20181210133000
nitrate, ug N/m3, Revision date=20181210133000
numflag nitrate, no unit, Revision date=20181210133000
organic_carbon, ug C/m3, Revision date=20181210133000
numflag organic_carbon, no unit, Revision date=20181210133000
organic_mass, ug/m3, Revision date=20181210133000
numflag organic_mass, no unit, Revision date=20181210133000
phosphorus, ng/m3, Revision date=20181210133000
numflag phosphorus, no unit, Revision date=20181210133000
pm10_mass, ug/m3, Version=2, Version description=Data extracted from http://views.cira.colostate.edu/fed/DataWizard 2019-12-16, Sample duration=1d, Orig. time res.=3d, Matrix=pm10, Blank correction=Blank corrected, Volume std. temperature=ambient, Volume std. pressure=ambient
numflag pm10_mass, no unit, Version=2, Version description=Data extracted from http://views.cira.colostate.edu/fed/DataWizard 2019-12-16, Sample duration=1d, Orig. time res.=3d, Matrix=pm10, Blank correction=Blank corrected, Volume std. temperature=ambient, Volume std. pressure=ambient
pm10_pm25_mass, ug/m3, Revision date=20181210133000, Matrix=pm10_pm25
numflag pm10_pm25_mass, no unit, Revision date=20181210133000, Matrix=pm10_pm25
pm25_mass, ug/m3, Version=2, Version description=Data extracted from http://views.cira.colostate.edu/fed/DataWizard 2019-12-16, Sample duration=1d, Orig. time res.=3d, Blank correction=Blank corrected, Volume std. temperature=ambient, Volume std. pressure=ambient
numflag pm25_mass, no unit, Version=2, Version description=Data extracted from http://views.cira.colostate.edu/fed/DataWizard 2019-12-16, Sample duration=1d, Orig. time res.=3d, Blank correction=Blank corrected, Volume std. temperature=ambient, Volume std. pressure=ambient
potassium, ug/m3, Revision date=20181210133000
numflag potassium, no unit, Revision date=20181210133000
sulphate_total, ug S/m3, Revision date=20181210133000
numflag sulphate_total, no unit, Revision date=20181210133000
0
25
Data definition:              EBAS_1.1
Set type code:                TI
Timezone:                     UTC
File name:                    US9074R.20000101080000.20191216000000.filterpack..pm25.52w.1w.US03L_filterpack_US9074.US03L_IMPROVE_Davis.lev2.nas
File creation:                20191218121035
Startdate:                    20000101080000
Revision date:                20191216000000
Statistics:                   arithmetic mean
Data level:                   2
Period code:                  52w
Resolution code:              1w
Station code:                 US9074R
Platform code:                US9074S
Station name:                 Three Sisters Wilderness
Station latitude:             44.291
Station longitude:            -122.0434
Station altitude:             885.0 m
Regime:                       IMG
Component:                    
Matrix:                       pm25
Laboratory code:              US03L
Instrument type:              filterpack
Instrument name:              filterpack_US9074
Method ref:                   US03L_IMPROVE_Davis
starttime endtime Fe flag_Fe Pb flag_Pb Mg++ flag_Mg++ Ni flag_Ni NO3- flag_NO3- OC flag_OC OM flag_OM P flag_P PM10 flag_PM10 PM10-PM2.5 flag_PM10-PM2.5 PM2.5 flag_PM2.5 K+ flag_K+ SO4-- flag_SO4--
  0.333333   1.333333   0.60 0.559000 99.99 0.559259 9.999 0.559259 9.99 0.559259 9.999 0.559259  0.035 0.000  0.049 0.000 99.99 0.559259   2.284 0.559   1.613 0.000   0.671 0.559 0.004 0.559000 0.010 0.559000
  4.333333   5.333333   0.81 0.559000  0.09 0.559000 0.014 0.559000 9.99 0.559259 0.005 0.559000  0.202 0.000  0.282 0.000 99.99 0.559259   0.756 0.559   0.214 0.000   0.542 0.559 9.999 0.559259 0.036 0.559000
  7.333333   8.333333 999.99 0.559259 99.99 0.559259 9.999 0.559259 9.99 0.559259 0.002 0.559000  0.080 0.000  0.112 0.000  3.73 0.559000   0.803 0.559   0.295 0.000   0.508 0.559 0.002 0.559000 0.025 0.559000
 11.333333  12.333333   2.30 0.559000  0.22 0.559000 9.999 0.559259 9.99 0.559259 0.002 0.699000 99.999 0.259 99.999 0.259 99.99 0.559259   1.350 0.559   0.835 0.000   0.516 0.559 9.999 0.559259 0.026 0.699000
 14.333333  15.333333   1.44 0.559000  0.23 0.559000 9.999 0.559259 9.99 0.559259 0.010 0.699000  0.120 0.000  0.167 0.000 99.99 0.559259   1.206 0.559   0.346 0.000   0.860 0.559 0.005 0.559000 0.023 0.699000
 18.333333  19.333333   2.08 0.559000 99.99 0.559259 9.999 0.559259 9.99 0.559259 0.004 0.699000  0.478 0.000  0.669 0.000 99.99 0.559259   2.170 0.559   1.075 0.000   1.095 0.559 0.010 0.559000 0.028 0.699000
 21.333333  22.333333   0.67 0.559000  0.29 0.559000 0.023 0.559000 9.99 0.559259 0.000 0.559000  0.022 0.000  0.031 0.000 99.99 0.559259 999.999 0.456 999.999 0.999   1.031 0.559 0.002 0.559000 9.999 0.559259
 25.333333  26.333333   4.33 0.559000  0.11 0.559000 9.999 0.559259 9.99 0.559259 0.011 0.699000  0.528 0.000  0.739 0.000 99.99 0.559259   3.520 0.559   2.592 0.000   0.928 0.559 0.006 0.559000 0.064 0.699000
 28.333333  29.333333  12.61 0.559000  0.73 0.559000 9.999 0.559259 9.99 0.559259 0.020 0.699000  0.745 0.000  1.043 0.000 99.99 0.559259   6.107 0.559   3.240 0.000   2.868 0.559 0.021 0.559000 0.112 0.699000
 32.333333  33.333333   1.97 0.559000 99.99 0.559259 0.033 0.559000 0.24 0.559000 0.003 0.699000  0.271 0.000  0.379 0.000 99.99 0.559259   1.065 0.559   0.252 0.000   0.813 0.559 0.006 0.559000 0.013 0.699000
 35.333333  36.333333   0.97 0.559000  0.08 0.559000 9.999 0.559259 9.99 0.559259 0.002 0.699000  0.233 0.000  0.326 0.000 99.99 0.559259   0.718 0.559   0.278 0.000   0.440 0.559 9.999 0.559259 0.014 0.699000
 39.333333  40.333333   2.99 0.559000 99.99 0.559259 9.999 0.559259 9.99 0.559259 0.004 0.699000  0.154 0.000  0.216 0.000  3.21 0.559000   1.485 0.559   1.141 0.000   0.344 0.559 0.005 0.559000 0.026 0.699000
 42.333333  43.333333   0.77 0.559000 99.99 0.559259 0.016 0.559000 9.99 0.559259 9.999 0.699259  0.105 0.000  0.147 0.000 99.99 0.559259   0.978 0.559   0.572 0.000   0.406 0.559 0.004 0.559000 0.008 0.699000
 46.333333  47.333333   2.87 0.559000 99.99 0.559259 9.999 0.559259 9.99 0.559259 0.009 0.559000  0.476 0.000  0.667 0.000 99.99 0.559259   1.528 0.559   0.302 0.000   1.226 0.559 0.007 0.559000 0.102 0.559000
 49.333333  50.333333  20.07 0.559000  0.32 0.559000 9.999 0.559259 9.99 0.559259 0.012 0.559000  0.915 0.000  1.281 0.000 99.99 0.559259   4.613 0.559   2.333 0.000   2.281 0.559 0.014 0.559000 0.080 0.559000
 53.333333  54.333333   2.30 0.559000 99.99 0.559259 9.999 0.559259 9.99 0.559259 0.004 0.559000  0.139 0.000  0.195 0.000 99.99 0.559259   1.111 0.559   0.464 0.000   0.647 0.559 0.008 0.559000 0.024 0.559000
 56.333333  57.333333   1.21 0.559000  0.16 0.559000 9.999 0.559259 9.99 0.559259 9.999 0.559259  0.112 0.000  0.156 0.000  4.19 0.559000   0.661 0.559   0.355 0.000   0.306 0.559 9.999 0.559259 9.999 0.559259
 60.333333  61.333333   5.43 0.559000  0.46 0.559000 9.999 0.559259 9.99 0.559259 0.021 0.559000  0.174 0.000  0.243 0.000 99.99 0.559259   1.574 0.559   0.027 0.000   1.547 0.559 0.009 0.559000 0.133 0.559000
 63.333333  64.333333   1.66 0.559000  0.17 0.559000 9.999 0.559259 9.99 0.559259 0.004 0.559000  0.108 0.000  0.152 0.000  7.23 0.559000   5.651 0.559   3.958 0.000   1.694 0.559 0.003 0.559000 0.016 0.559000
 67.333333  68.333333   1.96 0.559000  0.33 0.559000 0.013 0.559000 9.99 0.559259 0.005 0.559000  0.552 0.000  0.772 0.000 99.99 0.559259   1.269 0.699 999.999 0.259   1.395 0.559 0.007 0.559000 0.047 0.559000
 70.333333  71.333333  12.37 0.000000  0.96 0.000000 9.999 0.259000 9.99 0.259000 0.022 0.559000  0.532 0.000  0.745 0.000 99.99 0.259000   3.899 0.000   1.542 0.000   2.356 0.000 0.024 0.000000 0.210 0.559000
 74.333333  75.333333   3.57 0.000000  0.26 0.000000 0.014 0.000000 9.99 0.259000 0.021 0.559000  0.358 0.000  0.501 0.000 99.99 0.259000   2.193 0.000   0.933 0.000   1.260 0.000 0.009 0.000000 0.090 0.559000
 77.333333  78.333333   4.85 0.000000  0.67 0.000000 0.010 0.000000 9.99 0.259000 0.011 0.000000  0.301 0.000  0.422 0.000 99.99 0.259000   1.990 0.000   0.884 0.000   1.106 0.000 0.010 0.000000 0.084 0.000000
 81.333333  82.333333   6.86 0.000000  0.43 0.000000 9.999 0.259000 9.99 0.259000 0.007 0.000000  0.353 0.000  0.494 0.000 99.99 0.259000   1.978 0.000   0.796 0.000   1.182 0.000 0.009 0.000000 0.052 0.000000
 84.333333  85.333333  13.65 0.000000  1.44 0.000000 9.999 0.259000 9.99 0.259000 0.044 0.000000  1.197 0.000  1.676 0.000 99.99 0.259000   5.128 0.000   1.375 0.000   3.753 0.000 0.033 0.000000 0.279 0.000000
 88.333333  89.333333  34.44 0.000000  0.69 0.000000 9.999 0.259000 9.99 0.259000 0.037 0.000000  0.341 0.000  0.478 0.000 99.99 0.259000   3.472 0.000   1.249 0.000   2.223 0.000 0.027 0.000000 0.178 0.000000
 91.333333  92.333333  45.00 0.000000  2.64 0.000000 9.999 0.259000 9.99 0.259000 0.030 0.559000  1.161 0.000  1.626 0.000 99.99 0.259000   5.652 0.000   1.758 0.000   3.895 0.000 0.038 0.000000 0.264 0.559000
 95.333333  96.333333  21.40 0.000000  0.85 0.000000 9.999 0.259000 9.99 0.259000 0.013 0.559000  0.559 0.000  0.782 0.000 99.99 0.259000   3.533 0.000   1.259 0.000   2.274 0.000 0.024 0.000000 0.167 0.559000
 98.333333  99.333333  33.92 0.000000  1.00 0.000000 9.999 0.259000 9.99 0.259000 0.018 0.559000  1.208 0.000  1.692 0.000 99.99 0.259000   6.254 0.000   2.658 0.000   3.596 0.000 0.035 0.000000 0.194 0.559000
102.333333 103.333333  33.70 0.000000  0.90 0.000000 9.999 0.259000 9.99 0.259000 0.011 0.559000  1.344 0.000  1.881 0.000 99.99 0.259000   5.087 0.000   1.524 0.000   3.563 0.000 0.029 0.000000 0.175 0.559000
105.333333 106.333333   3.22 0.000000  0.21 0.000000 0.004 0.000000 9.99 0.259000 0.001 0.559000  0.094 0.000  0.131 0.000  3.25 0.000000   0.242 0.000 999.999 0.259   0.244 0.000 0.004 0.000000 0.011 0.559000
109.333333 110.333333  18.97 0.000000  1.26 0.000000 9.999 0.259000 9.99 0.259000 0.029 0.559000  0.578 0.000  0.809 0.000 99.99 0.259000   3.899 0.000   1.287 0.000   2.612 0.000 0.025 0.000000 0.253 0.559000
112.333333 113.333333  12.90 0.000000  0.76 0.000000 9.999 0.259000 9.99 0.259000 0.017 0.559000  0.216 0.000  0.302 0.000 99.99 0.259000   2.477 0.000   1.033 0.000   1.444 0.000 0.018 0.000000 0.123 0.559000
116.333333 117.333333  25.62 0.000000  0.73 0.000000 9.999 0.259000 9.99 0.259000 0.022 0.559000 99.999 0.999 99.999 0.999 99.99 0.259000   3.593 0.000   1.339 0.000   2.255 0.000 0.029 0.000000 0.169 0.559000
119.333333 120.333333   6.79 0.000000  0.52 0.000000 9.999 0.259000 9.99 0.259000 0.016 0.559000 99.999 0.999 99.999 0.999 99.99 0.259000   1.736 0.000   0.503 0.000   1.233 0.000 0.013 0.000000 0.082 0.559000
123.333333 124.333333  13.03 0.000000  0.62 0.000000 9.999 0.259000 9.99 0.259000 0.016 0.000000  0.618 0.000  0.866 0.000 99.99 0.259000   2.947 0.000   1.015 0.000   1.932 0.000 0.021 0.000000 0.115 0.000000
126.333333 127.333333  16.58 0.000000  0.74 0.000000 0.032 0.000000 9.99 0.259000 0.025 0.000000  0.627 0.000  0.878 0.000 99.99 0.259000   3.593 0.000   1.601 0.000   1.993 0.000 0.023 0.000000 0.149 0.000000
130.333333 131.333333   2.51 0.000000  0.17 0.000000 9.999 0.259000 9.99 0.259000 0.004 0.000000 99.999 0.259 99.999 0.259 99.99 0.259000   1.050 0.000   0.520 0.000   0.529 0.000 0.005 0.000000 0.041 0.000000
133.333333 134.333333  18.74 0.000000  0.29 0.000000 9.999 0.259000 9.99 0.259000 0.016 0.000000  0.554 0.000  0.776 0.000 99.99 0.259000   2.947 0.000   1.211 0.000   1.736 0.000 0.019 0.000000 0.085 0.000000
137.333333 138.333333  20.18 0.000000  0.89 0.000000 9.999 0.259000 9.99 0.259000 0.046 0.000000  0.578 0.000  0.809 0.000 99.99 0.259000   6.944 0.000   2.612 0.000   4.333 0.000 0.033 0.000000 0.385 0.000000
140.333333 141.333333  48.52 0.000000  1.52 0.000000 9.999 0.259000 9.99 0.259000 0.020 0.000000  2.107 0.000  2.950 0.000 99.99 0.259000   9.433 0.000   2.642 0.000   6.791 0.000 0.065 0.000000 0.309 0.000000
144.333333 145.333333  17.30 0.000000  1.02 0.000000 9.999 0.259000 9.99 0.259000 0.028 0.000000  1.242 0.000  1.739 0.000 99.99 0.259000   6.541 0.000   2.197 0.000   4.344 0.000 0.021 0.000000 0.281 0.000000
147.333333 148.333333   6.77 0.000000  0.30 0.000000 9.999 0.259000 9.99 0.259000 0.004 0.000000  0.545 0.000  0.763 0.000 99.99 0.259000   2.665 0.000   1.078 0.000   1.586 0.000 0.011 0.000000 0.064 0.000000
151.333333 152.333333   4.44 0.000000 99.99 0.259000 9.999 0.259000 9.99 0.259000 0.029 0.000000  2.862 0.000  4.007 0.000 99.99 0.259000   6.824 0.000   1.508 0.000   5.316 0.000 0.018 0.000000 0.148 0.000000
154.333333 155.333333  22.51 0.000000  0.85 0.000000 9.999 0.259000 9.99 0.259000 0.035 0.000000  1.666 0.000  2.332 0.000 99.99 0.259000   8.711 0.000   4.132 0.000   4.578 0.000 0.031 0.000000 0.200 0.000000
158.333333 159.333333  14.67 0.000000  0.92 0.000000 9.999 0.259000 9.99 0.259000 0.013 0.000000  0.908 0.000  1.271 0.000 99.99 0.259000   4.777 0.000   2.011 0.000   2.765 0.000 0.022 0.000000 0.154 0.000000
161.333333 162.333333   1.74 0.000000 99.99 0.259000 9.999 0.259000 9.99 0.259000 0.006 0.000000  0.045 0.000  0.063 0.000  6.86 0.000000   1.686 0.000   0.498 0.000   1.188 0.000 0.011 0.000000 0.072 0.000000
165.333333 166.333333  18.91 0.000000  2.25 0.000000 9.999 0.259000 9.99 0.259000 0.010 0.000000  0.829 0.000  1.160 0.000 99.99 0.259000   4.470 0.000   1.632 0.000   2.838 0.000 0.033 0.000000 0.275 0.000000
168.333333 169.333333  19.87 0.000000  2.04 0.000000 9.999 0.259000 9.99 0.259000 0.011 0.000000  1.189 0.000  1.665 0.000 99.99 0.259000   5.548 0.000   3.020 0.000   2.528 0.000 0.016 0.000000 0.117 0.000000
172.333333 173.333333  33.34 0.000000  0.72 0.000000 9.999 0.259000 9.99 0.259000 0.046 0.000000  1.298 0.000  1.817 0.000 99.99 0.259000   6.944 0.000   3.002 0.000   3.942 0.000 0.027 0.000000 0.264 0.000000
175.333333 176.333333  26.16 0.000000  0.60 0.000000 9.999 0.259000 9.99 0.259000 0.030 0.000000  0.916 0.000  1.282 0.000 99.99 0.259000   6.824 0.000   4.307 0.000   2.517 0.000 0.019 0.000000 0.120 0.000000
179.333333 180.333333  43.72 0.000000  0.65 0.000000 9.999 0.259000 9.99 0.259000 0.017 0.559000  2.277 0.000  3.187 0.000 99.99 0.259000   9.569 0.000   3.621 0.000   5.948 0.000 0.023 0.000000 0.222 0.559000
182.333333 183.333333  22.45 0.000000 99.99 0.259000 9.999 0.259000 9.99 0.259000 0.033 0.559000  1.341 0.000  1.877 0.000 99.99 0.259000   6.460 0.000   2.561 0.000   3.899 0.000 0.030 0.000000 0.194 0.559000
186.333333 187.333333   3.41 0.000000  3.42 0.000000 9.999 0.259000 9.99 0.259000 0.019 0.559000  0.430 0.000  0.601 0.000 99.99 0.259000   2.649 0.000   0.843 0.000   1.806 0.000 0.129 0.000000 0.112 0.559000
189.333333 190.333333  11.65 0.000000  0.54 0.000000 9.999 0.259000 9.99 0.259000 0.027 0.559000  1.055 0.000  1.477 0.000 99.99 0.259000   6.663 0.000   2.148 0.000   4.515 0.000 0.021 0.000000 0.400 0.559000
193.333333 194.333333  35.34 0.000000 99.99 0.259000 9.999 0.259000 9.99 0.259000 0.033 0.559000  1.665 0.000  2.331 0.000 99.99 0.259000   9.915 0.000   2.940 0.000   6.975 0.000 0.023 0.000000 0.678 0.559000
196.333333 197.333333  30.31 0.000000  0.24 0.000000 9.999 0.259000 9.99 0.259000 0.016 0.559000  0.814 0.000  1.140 0.000 99.99 0.259000   6.864 0.000   3.661 0.000   3.203 0.000 0.018 0.000000 0.205 0.559000
200.333333 201.333333  36.93 0.000000  0.41 0.000000 9.999 0.259000 9.99 0.259000 0.053 0.559000  1.526 0.000  2.136 0.000 99.99 0.259000  11.761 0.000   5.944 0.000   5.817 0.000 0.028 0.000000 0.461 0.559000
203.333333 204.333333  11.60 0.000000 99.99 0.259000 9.999 0.259000 9.99 0.259000 0.009 0.559000  0.570 0.000  0.797 0.000 99.99 0.259000   4.496 0.000   2.181 0.000   2.315 0.000 0.010 0.000000 0.184 0.559000
207.333333 208.333333  18.76 0.000000 99.99 0.259000 9.999 0.259000 9.99 0.259000 0.051 0.559000  3.282 0.000  4.595 0.000 99.99 0.259000  10.397 0.000   2.614 0.000   7.783 0.000 0.366 0.000000 0.258 0.559000
210.333333 211.333333  47.60 0.000000 99.99 0.259000 9.999 0.259000 9.99 0.259000 0.018 0.559000  1.649 0.000  2.308 0.000 99.99 0.259000  11.508 0.000   6.888 0.000   4.619 0.000 0.079 0.000000 0.142 0.559000
214.333333 215.333333  75.84 0.000000 99.99 0.259000 9.999 0.259000 9.99 0.259000 0.041 0.559000  3.848 0.000  5.388 0.000 99.99 0.259000  22.961 0.000  12.529 0.000  10.432 0.000 0.075 0.000000 0.437 0.559000
217.333333 218.333333  59.96 0.000000 99.99 0.259000 9.999 0.259000 9.99 0.259000 0.035 0.559000  2.126 0.000  2.977 0.000 99.99 0.259000  15.735 0.000   8.821 0.000   6.914 0.000 0.038 0.000000 0.365 0.559000
221.333333 222.333333 999.99 0.999000 99.99 0.999000 9.999 0.999000 9.99 0.999000 9.999 0.999000 99.999 0.999 99.999 0.999 99.99 0.999000 999.999 0.999 999.999 0.999 999.999 0.999 9.999 0.999000 9.999 0.999000
224.333333 225.333333 999.99 0.999000 99.99 0.999000 9.999 0.999000 9.99 0.999000 9.999 0.999000 99.999 0.999 99.999 0.999 99.99 0.999000 999.999 0.999 999.999 0.999 999.999 0.999 9.999 0.999000 9.999 0.999000
228.333333 229.333333 999.99 0.999000 99.99 0.999000 9.999 0.999000 9.99 0.999000 9.999 0.999000 99.999 0.999 99.999 0.999 99.99 0.999000 999.999 0.999 999.999 0.999 999.999 0.999 9.999 0.999000 9.999 0.999000
231.333333 232.333333 999.99 0.999000 99.99 0.999000 9.999 0.999000 9.99 0.999000 9.999 0.999000 99.999 0.999 99.999 0.999 99.99 0.999000 999.999 0.999 999.999 0.999 999.999 0.999 9.999 0.999000 9.999 0.999000
234.333333 235.333333 999.99 0.999000 99.99 0.999000 9.999 0.999000 9.99 0.999000 9.999 0.999000 99.999 0.999 99.999 0.999 99.99 0.999000 999.999 0.999 999.999 0.999 999.999 0.999 9.999 0.999000 9.999 0.999000
237.333333 238.333333  83.99 0.000000 99.99 0.259000 9.999 0.259000 9.99 0.259000 0.074 0.000000  1.614 0.000  2.260 0.000 99.99 0.259000  18.434 0.000  10.684 0.000   7.750 0.000 0.057 0.000000 0.664 0.000000
240.333333 241.333333  32.12 0.000000 99.99 0.259000 9.999 0.259000 9.99 0.259000 0.074 0.000000  0.673 0.000  0.942 0.000 99.99 0.259000   7.576 0.000   4.414 0.000   3.162 0.000 0.015 0.000000 0.275 0.000000
243.333333 244.333333  62.91 0.000000  0.18 0.000000 9.999 0.259000 9.99 0.259000 0.037 0.000000  1.533 0.000  2.146 0.000 99.99 0.259000  13.973 0.000   7.932 0.000   6.041 0.000 0.161 0.000000 0.256 0.000000
246.333333 247.333333   1.27 0.000000 99.99 0.259000 9.999 0.259000 9.99 0.259000 0.015 0.559000  0.129 0.000  0.180 0.000  4.78 0.000000   1.274 0.000   0.277 0.000   0.996 0.000 0.007 0.000000 0.087 0.559000
249.333333 250.333333   7.61 0.000000  0.25 0.000000 9.999 0.259000 9.99 0.259000 0.023 0.000000  0.796 0.000  1.114 0.000 99.99 0.259000   4.293 0.000   1.117 0.000   3.176 0.000 0.028 0.000000 0.284 0.000000
252.333333 253.333333   2.26 0.000000  0.15 0.000000 9.999 0.259000 9.99 0.259000 0.013 0.000000  0.318 0.000  0.445 0.000 99.99 0.259000   2.055 0.000   1.088 0.000   0.966 0.000 0.010 0.000000 0.094 0.000000
255.333333 256.333333   7.26 0.000000  0.23 0.000000 9.999 0.259000 9.99 0.259000 0.009 0.000000  1.132 0.000  1.585 0.000 99.99 0.259000   3.689 0.000   1.204 0.000   2.485 0.000 0.024 0.000000 0.125 0.000000
258.333333 259.333333  12.34 0.000000 99.99 0.259000 9.999 0.259000 9.99 0.259000 0.040 0.000000  1.015 0.000  1.421 0.000 99.99 0.259000   5.345 0.000   2.338 0.000   3.007 0.000 0.032 0.000000 0.218 0.000000
