scripts/IMPROVE-2019_partial/data/US9049R.19910102070000.20191216000000.filterpack...1y.3d.US03L_filterpack_US9049.US03L_IMPROVE_Davis.lev2.nas
52 1001
MISSING INFORMATION
US03L, IMPROVE, , , , , , , 
MISSING INFORMATION
IMPROVE sel_HTAP
1 1
1991 01 01 2019 12 16
0
days from file reference point
5
1 1 1 1 1
999.999999 999.999 9.999 999.999 9.999999
end_time of measurement, days from the file reference point
pm10_mass, ug/m3, Matrix=pm10
numflag pm10_mass, no unit, Matrix=pm10
pm25_mass, ug/m3, Matrix=pm25
numflag pm25_mass, no unit, Matrix=pm25
0
33
Data definition:              EBAS_1.1
Set type code:                TI
Timezone:                     UTC
File name:                    US9049R.19910102070000.20191216000000.filterpack...1y.3d.US03L_filterpack_US9049.US03L_IMPROVE_Davis.lev2.nas
File creation:                20191218120847
Startdate:                    19910102070000
Revision date:                20191216000000
Version:                      2
Version description:          "Data extracted from http://views.cira.colostate.edu/fed/DataWizard 2019-12-16"
Statistics:                   arithmetic mean
Data level:                   2
Period code:                  1y
Resolution code:              3d
Sample duration:              1d
Orig. time res.:              3d
Station code:                 US9049R
Platform code:                US9049S
Station name:                 Weminuche Wilderness
Station latitude:             37.6594
Station longitude:            -107.7999
Station altitude:             2750.0 m
Regime:                       IMG
Component:                    
Unit:                         ug/m3
Matrix:                       
Laboratory code:              US03L
Instrument type:              filterpack
Instrument name:              filterpack_US9049
Method ref:                   US03L_IMPROVE_Davis
Blank correction:             Blank corrected
Volume std. temperature:      ambient
Volume std. pressure:         ambient
starttime endtime PM10 flag_PM10 PM2.5 flag_PM2.5
  1.291667   2.291667   3.459 0.000   0.836 0.559000
  4.291667   5.291667   3.779 0.000   1.552 0.559000
  8.291667   9.291667   4.803 0.000   1.651 0.559000
 11.291667  12.291667   1.811 0.000   1.019 0.559000
 15.291667  16.291667   1.758 0.000   0.798 0.559000
 18.291667  19.291667   4.766 0.000 999.999 0.559259
 22.291667  23.291667   2.292 0.000   0.841 0.559000
 25.291667  26.291667   2.411 0.000   1.918 0.559000
 29.291667  30.291667   3.740 0.000   1.752 0.559000
 32.291667  33.291667   2.824 0.000   1.228 0.559000
 36.291667  37.291667   2.397 0.000   0.928 0.559000
 39.291667  40.291667   3.071 0.000   1.726 0.559000
 43.291667  44.291667   3.012 0.000   1.250 0.559000
 46.291667  47.291667   2.703 0.000   1.860 0.559000
 50.291667  51.291667 999.999 0.999 999.999 0.999000
 53.291667  54.291667 999.999 0.999 999.999 0.999000
 57.291667  58.291667 999.999 0.999 999.999 0.999000
 60.291667  61.291667 999.999 0.999 999.999 0.999000
 64.291667  65.291667 999.999 0.999 999.999 0.999000
 67.291667  68.291667   8.954 0.000   2.385 0.559000
 71.291667  72.291667   8.185 0.000 999.999 0.559259
 74.291667  75.291667   5.710 0.000   2.096 0.559000
 78.291667  79.291667 999.999 0.999   2.284 0.559000
 81.291667  82.291667  14.693 0.000   2.368 0.559000
 85.291667  86.291667   3.249 0.000   2.538 0.559000
 88.291667  89.291667 999.999 0.999 999.999 0.559259
 92.291667  93.291667 999.999 0.999 999.999 0.999000
 95.291667  96.291667   6.699 0.000   3.095 0.559000
 99.291667 100.291667  21.592 0.000   5.355 0.559000
102.291667 103.291667   7.057 0.000   1.940 0.559000
106.291667 107.291667   9.967 0.000   6.024 0.559000
109.291667 110.291667  12.323 0.000   5.902 0.559000
113.291667 114.291667   3.267 0.000   1.536 0.559000
116.291667 117.291667   9.944 0.000   1.657 0.559000
120.291667 121.291667  10.590 0.000   3.757 0.559000
123.291667 124.291667  10.976 0.000 999.999 0.559259
127.291667 128.291667   7.112 0.000   3.769 0.559000
130.291667 131.291667  41.757 0.000  12.418 0.559000
134.291667 135.291667  22.476 0.000   7.463 0.559000
137.291667 138.291667  26.806 0.000   6.078 0.559000
141.291667 142.291667  12.555 0.000   4.956 0.559000
144.291667 145.291667   9.530 0.000   3.256 0.559000
148.291667 149.291667  12.647 0.000   3.900 0.559000
151.291667 152.291667   5.217 0.000   2.727 0.559000
155.291667 156.291667   8.019 0.000   4.126 0.559000
158.291667 159.291667   7.688 0.000 999.999 0.559259
162.291667 163.291667   5.491 0.000   3.699 0.559000
165.291667 166.291667   7.778 0.000   5.185 0.559000
169.291667 170.291667  10.749 0.000   6.945 0.559000
172.291667 173.291667  18.897 0.000   4.813 0.559000
176.291667 177.291667   7.509 0.000 999.999 0.559259
179.291667 180.291667  11.673 0.000   5.528 0.559000
183.291667 184.291667  10.376 0.000   2.675 0.559000
186.291667 187.291667 999.999 0.999   5.502 0.559000
190.291667 191.291667   6.833 0.000   2.905 0.559000
193.291667 194.291667 999.999 0.999 999.999 0.559259
197.291667 198.291667   6.434 0.000   3.121 0.559000
200.291667 201.291667   6.797 0.000   4.788 0.559000
204.291667 205.291667   6.145 0.000   2.982 0.559000
207.291667 208.291667   8.764 0.000   3.193 0.559000
211.291667 212.291667   9.459 0.000 999.999 0.559259
214.291667 215.291667   6.122 0.000   2.800 0.559000
218.291667 219.291667  15.891 0.000   2.423 0.559000
221.291667 222.291667   4.945 0.000   2.362 0.559000
225.291667 226.291667   7.336 0.000   3.611 0.559000
228.291667 229.291667  10.693 0.000 999.999 0.559259
232.291667 233.291667   9.854 0.000   2.538 0.559000
235.291667 236.291667   6.642 0.000   2.788 0.559000
239.291667 240.291667   7.541 0.000   3.265 0.559000
242.291667 243.291667   7.847 0.000   3.598 0.559000
246.291667 247.291667   5.373 0.000   3.576 0.559000
249.291667 250.291667   4.231 0.000   2.893 0.559000
253.291667 254.291667  12.511 0.000   2.148 0.559000
256.291667 257.291667   4.963 0.000   2.539 0.559000
260.291667 261.291667  11.148 0.000   3.021 0.559000
263.291667 264.291667  11.094 0.000   3.051 0.559000
267.291667 268.291667   7.138 0.000   2.243 0.559000
270.291667 271.291667   6.468 0.000   3.333 0.559000
274.291667 275.291667   8.321 0.000   2.485 0.559000
277.291667 278.291667   5.485 0.000   1.810 0.559000
281.291667 282.291667   8.731 0.000   3.692 0.559000
284.291667 285.291667  12.604 0.000   3.600 0.559000
288.291667 289.291667   8.984 0.000   1.881 0.559000
291.291667 292.291667   4.661 0.000   1.850 0.559000
295.291667 296.291667  10.041 0.000   3.443 0.559000
298.291667 299.291667   7.388 0.000   2.426 0.559000
302.291667 303.291667   4.049 0.000   1.742 0.559000
305.291667 306.291667 999.999 0.999   2.871 0.559000
309.291667 310.291667   4.024 0.000   0.930 0.559000
312.291667 313.291667   8.492 0.000   2.312 0.559000
316.291667 317.291667   4.574 0.000   1.377 0.559000
319.291667 320.291667 999.999 0.999 999.999 0.999000
323.291667 324.291667  17.398 0.000   1.617 0.559000
326.291667 327.291667   4.187 0.000   1.254 0.559000
330.291667 331.291667   7.562 0.000   1.111 0.559000
333.291667 334.291667  12.561 0.000   2.434 0.559000
337.291667 338.291667   7.992 0.000   0.814 0.559000
340.291667 341.291667   4.056 0.000   1.323 0.559000
344.291667 345.291667   2.903 0.000   0.737 0.559000
347.291667 348.291667   2.787 0.000 999.999 0.559259
351.291667 352.291667   7.490 0.000   2.857 0.559000
354.291667 355.291667   9.833 0.000   0.747 0.559000
358.291667 359.291667  12.269 0.000   0.487 0.559000
361.291667 362.291667   4.580 0.000 999.999 0.559259
