scripts/IMPROVE-2019_partial/data/US9048R.20060102070000.20191216000000.filterpack..pm25.52w.1w.US03L_filterpack_US9048.US03L_IMPROVE_Davis.lev2.nas
64 1001
MISSING INFORMATION
US03L, IMPROVE, , , , , , , 
MISSING INFORMATION
IMPROVE sel_HTAP
1 1
2006 01 01 2019 12 16
3.000000
days from file reference point
25
1 1 1 1 1 1 1 1 1 1 1 1 1 1 1 1 1 1 1 1 1 1 1 1 1
999.999999 9999.99 9.999 99.99 9.999 9.999 9.999999 9.99 9.999999 9.999 9.999 99.999 9.999 99.999 9.999 999.999 9.999 99.999 9.999 99.999 9.999 9.999 9.999 9.999 9.999
end_time of measurement, days from the file reference point
iron, ng/m3, Revision date=20181210133000
numflag iron, no unit, Revision date=20181210133000
lead, ng/m3, Revision date=20181210133000
numflag lead, no unit, Revision date=20181210133000
magnesium, ug/m3, Revision date=20181210133000
numflag magnesium, no unit, Revision date=20181210133000
nickel, ng/m3, Revision date=20181210133000
numflag nickel, no unit, Revision date=20181210133000
nitrate, ug N/m3, Revision date=20181210133000
numflag nitrate, no unit, Revision date=20181210133000
organic_carbon, ug C/m3, Revision date=20181210133000
numflag organic_carbon, no unit, Revision date=20181210133000
organic_mass, ug/m3, Revision date=20181210133000
numflag organic_mass, no unit, Revision date=20181210133000
pm10_mass, ug/m3, Version=2, Version description=Data extracted from http://views.cira.colostate.edu/fed/DataWizard 2019-12-16, Sample duration=1d, Orig. time res.=3d, Matrix=pm10, Blank correction=Blank corrected, Volume std. temperature=ambient, Volume std. pressure=ambient
numflag pm10_mass, no unit, Version=2, Version description=Data extracted from http://views.cira.colostate.edu/fed/DataWizard 2019-12-16, Sample duration=1d, Orig. time res.=3d, Matrix=pm10, Blank correction=Blank corrected, Volume std. temperature=ambient, Volume std. pressure=ambient
pm10_pm25_mass, ug/m3, Revision date=20181210133000, Matrix=pm10_pm25
numflag pm10_pm25_mass, no unit, Revision date=20181210133000, Matrix=pm10_pm25
pm25_mass, ug/m3, Version=2, Version description=Data extracted from http://views.cira.colostate.edu/fed/DataWizard 2019-12-16, Sample duration=1d, Orig. time res.=3d, Blank correction=Blank corrected, Volume std. temperature=ambient, Volume std. pressure=ambient
numflag pm25_mass, no unit, Version=2, Version description=Data extracted from http://views.cira.colostate.edu/fed/DataWizard 2019-12-16, Sample duration=1d, Orig. time res.=3d, Blank correction=Blank corrected, Volume std. temperature=ambient, Volume std. pressure=ambient
potassium, ug/m3, Revision date=20181210133000
numflag potassium, no unit, Revision date=20181210133000
sulphate_total, ug S/m3, Revision date=20181210133000
numflag sulphate_total, no unit, Revision date=20181210133000
0
25
Data definition:              EBAS_1.1
Set type code:                TU
Timezone:                     UTC
File name:                    US9048R.20060102070000.20191216000000.filterpack..pm25.52w.1w.US03L_filterpack_US9048.US03L_IMPROVE_Davis.lev2.nas
File creation:                20191218120843
Startdate:                    20060102070000
Revision date:                20191216000000
Statistics:                   arithmetic mean
Data level:                   2
Period code:                  52w
Resolution code:              1w
Station code:                 US9048R
Platform code:                US9048S
Station name:                 White River NF
Station latitude:             39.1536
Station longitude:            -106.8209
Station altitude:             3413.0 m
Regime:                       IMG
Component:                    
Matrix:                       pm25
Laboratory code:              US03L
Instrument type:              filterpack
Instrument name:              filterpack_US9048
Method ref:                   US03L_IMPROVE_Davis
starttime endtime Fe flag_Fe Pb flag_Pb Mg++ flag_Mg++ Ni flag_Ni NO3- flag_NO3- OC flag_OC OM flag_OM PM10 flag_PM10 PM10-PM2.5 flag_PM10-PM2.5 PM2.5 flag_PM2.5 K+ flag_K+ SO4-- flag_SO4--
[from data line 90]
271.291667 272.291667 9999.99 0.999 99.99 0.999 9.999 0.999000 9.99 0.999000 9.999 0.999 99.999 0.999 99.999 0.999 999.999 0.999 99.999 0.999 99.999 0.999 9.999 0.999 9.999 0.999
274.291667 275.291667   20.19 0.000  0.56 0.000 0.009 0.000000 9.99 0.259000 0.025 0.000  0.422 0.000  0.759 0.000   4.912 0.000  2.333 0.000  2.579 0.000 0.018 0.000 0.147 0.000
277.291667 278.291667    7.88 0.000  0.40 0.000 9.999 0.259000 0.14 0.000000 0.009 0.000  0.300 0.000  0.541 0.000   2.922 0.000 99.999 0.259  2.928 0.000 0.010 0.000 0.196 0.000
280.291667 281.291667 9999.99 0.999 99.99 0.999 9.999 0.999000 9.99 0.999000 9.999 0.999 99.999 0.999 99.999 0.999 999.999 0.999 99.999 0.999 99.999 0.999 9.999 0.999 9.999 0.999
283.291667 284.291667   11.50 0.000  0.48 0.000 9.999 0.259000 9.99 0.259000 0.054 0.000  0.285 0.000  0.513 0.000   3.057 0.000  1.292 0.000  1.765 0.000 0.009 0.000 0.137 0.000
286.291667 287.291667    4.10 0.000  0.24 0.000 9.999 0.259000 9.99 0.259000 0.005 0.000  0.096 0.000  0.172 0.000   1.208 0.000  0.285 0.000  0.923 0.000 0.004 0.000 0.076 0.000
289.291667 290.291667    5.55 0.000  0.25 0.000 0.006 0.000000 9.99 0.259000 0.008 0.000 99.999 0.259 99.999 0.259   1.485 0.000  0.626 0.000  0.859 0.000 0.005 0.000 0.090 0.000
292.291667 293.291667    2.97 0.000  0.23 0.000 9.999 0.259000 9.99 0.259000 0.009 0.000  0.089 0.000  0.160 0.000   1.290 0.000  0.479 0.000  0.811 0.000 0.004 0.000 0.109 0.000
295.291667 296.291667    6.06 0.000  0.24 0.000 0.005 0.000000 9.99 0.259000 0.003 0.000  0.314 0.000  0.566 0.000   0.949 0.000  0.302 0.000  0.647 0.000 0.006 0.000 0.052 0.000
298.291667 299.291667    1.73 0.000  0.14 0.000 9.999 0.259000 9.99 0.259000 0.003 0.000 99.999 0.259 99.999 0.259   1.130 0.000  0.728 0.000  0.402 0.000 0.002 0.000 0.034 0.000
301.291667 302.291667    2.63 0.000  0.30 0.000 9.999 0.259000 9.99 0.259000 0.002 0.000 99.999 0.259 99.999 0.259   0.620 0.000  0.113 0.000  0.508 0.000 0.003 0.000 0.069 0.000
304.291667 305.291667   19.91 0.000  0.49 0.000 9.999 0.259000 0.12 0.000000 0.034 0.000  0.326 0.000  0.586 0.000   4.053 0.000  2.425 0.000  1.627 0.000 0.014 0.000 0.079 0.000
307.291667 308.291667    9.22 0.000  0.45 0.000 9.999 0.259000 9.99 0.259000 0.035 0.000  0.300 0.000  0.539 0.000   1.692 0.000 99.999 0.259  1.883 0.000 0.009 0.000 0.095 0.000
310.291667 311.291667    5.67 0.000  0.20 0.000 9.999 0.259000 9.99 0.259000 0.007 0.000  0.028 0.000  0.050 0.000   1.053 0.000  0.628 0.000  0.425 0.000 0.016 0.000 0.028 0.000
313.291667 314.291667    3.65 0.000  0.20 0.000 9.999 0.259000 0.10 0.000000 0.019 0.000  0.187 0.000  0.337 0.000   1.365 0.000  0.443 0.000  0.922 0.000 0.006 0.000 0.057 0.000
316.291667 317.291667    3.11 0.000  0.17 0.000 9.999 0.259000 0.07 0.000000 0.001 0.000  0.092 0.000  0.165 0.000   1.200 0.000 99.999 0.259  1.304 0.000 0.008 0.000 0.093 0.000
319.291667 320.291667    4.15 0.000  0.61 0.000 0.006 0.000000 9.99 0.259000 0.002 0.000  0.041 0.000  0.074 0.000   1.349 0.000  0.398 0.000  0.950 0.000 0.007 0.000 0.092 0.000
322.291667 323.291667    5.32 0.000  0.54 0.000 9.999 0.259000 9.99 0.259000 0.005 0.000  0.065 0.000  0.116 0.000   1.389 0.000  0.408 0.000  0.981 0.000 0.006 0.000 0.092 0.000
325.291667 326.291667   22.72 0.000  0.41 0.000 9.999 0.259000 9.99 0.259000 0.013 0.000  0.518 0.000  0.933 0.000   3.825 0.000  2.223 0.000  1.602 0.000 0.016 0.000 0.112 0.000
328.291667 329.291667    6.23 0.000  0.34 0.000 9.999 0.259000 9.99 0.259000 0.011 0.000  0.112 0.000  0.201 0.000   1.907 0.000  0.593 0.000  1.315 0.000 0.007 0.000 0.191 0.000
331.291667 332.291667    5.06 0.000  0.17 0.000 9.999 0.259000 9.99 0.259000 0.008 0.000  0.060 0.000  0.107 0.000   0.668 0.000  0.161 0.000  0.507 0.000 0.004 0.000 0.042 0.000
334.291667 335.291667    2.04 0.000  0.14 0.000 9.999 0.259000 9.99 0.259000 0.009 0.000  0.118 0.000  0.213 0.000   0.541 0.000  0.066 0.000  0.475 0.000 0.003 0.000 0.051 0.000
337.291667 338.291667    3.85 0.000  0.20 0.000 0.006 0.000000 9.99 0.259000 0.002 0.000  0.005 0.000  0.009 0.000   0.539 0.000  0.385 0.000  0.277 0.000 0.003 0.000 0.034 0.000
340.291667 341.291667    1.44 0.000 99.99 0.259 9.999 0.259000 9.99 0.259000 0.004 0.000 99.999 0.259 99.999 0.259   0.664 0.000  0.509 0.000  0.186 0.000 0.001 0.000 0.010 0.000
343.291667 344.291667   10.74 0.000  0.11 0.000 9.999 0.259000 9.99 0.259000 0.021 0.000  0.209 0.000  0.377 0.000   1.959 0.000  0.843 0.000  1.116 0.000 0.010 0.000 0.101 0.000
346.291667 347.291667    5.26 0.000  0.45 0.000 9.999 0.259000 0.09 0.000000 0.006 0.000  0.223 0.000  0.401 0.000   1.561 0.000  0.825 0.000  0.736 0.000 0.005 0.000 0.113 0.000
349.291667 350.291667   14.15 0.000  0.39 0.000 9.999 0.259000 9.99 0.259000 0.014 0.000  0.178 0.000  0.320 0.000   1.540 0.000  0.698 0.000  0.841 0.000 0.012 0.000 0.079 0.000
352.291667 353.291667    4.66 0.000  0.34 0.000 9.999 0.259000 0.13 0.000000 0.007 0.000  0.492 0.000  0.885 0.000   4.226 0.000  2.120 0.000  2.106 0.000 0.007 0.000 0.286 0.000
355.291667 356.291667    3.66 0.000  0.34 0.000 9.999 0.259000 9.99 0.259000 0.002 0.000  0.280 0.000  0.503 0.000   1.588 0.000  1.092 0.000  0.497 0.000 0.004 0.000 0.045 0.000
358.291667 359.291667    1.42 0.000  0.06 0.000 9.999 0.259000 9.99 0.259000 0.001 0.000  0.030 0.000  0.054 0.000   0.668 0.000  0.179 0.000  0.489 0.000 0.002 0.000 0.097 0.000
361.291667 362.291667 9999.99 0.999 99.99 0.999 9.999 0.999000 9.99 0.999000 9.999 0.999 99.999 0.999 99.999 0.999 999.999 0.999 99.999 0.999 99.999 0.999 9.999 0.999 9.999 0.999
364.291667 365.291667    2.34 0.000  0.33 0.000 9.999 0.259000 9.99 0.259000 0.003 0.000  0.285 0.000  0.514 0.000   0.835 0.000  0.081 0.000  0.755 0.000 0.004 0.000 0.061 0.000
