scripts/IMPROVE-2019_partial/data/US9035R.20050101070000.20191216000000.filterpack..pm25.52w.1w.US03L_filterpack_US9035.US03L_IMPROVE_Davis.lev2.nas
64 1001
MISSING INFORMATION
US03L, IMPROVE, , , , , , , 
MISSING INFORMATION
IMPROVE sel_HTAP
1 1
2005 01 01 2019 12 16
3.000000
days from file reference point
25
1 1 1 1 1 1 1 1 1 1 1 1 1 1 1 1 1 1 1 1 1 1 1 1 1
999.999999 99999.99 9.999 999.99 9.999 9.999 9.999999 9.99 9.999999 9.999 9.999 99.999 9.999 999.999 9.999 999.999 9.999 999.999 9.999 999.999 9.999 9.999 9.999 9.999 9.999
end_time of measurement, days from the file reference point
iron, ng/m3, Revision date=20181210133000
numflag iron, no unit, Revision date=20181210133000
lead, ng/m3, Revision date=20181210133000
numflag lead, no unit, Revision date=20181210133000
magnesium, ug/m3, Revision date=20181210133000
numflag magnesium, no unit, Revision date=20181210133000
nickel, ng/m3, Revision date=20181210133000
numflag nickel, no unit, Revision date=20181210133000
nitrate, ug N/m3, Revision date=20181210133000
numflag nitrate, no unit, Revision date=20181210133000
organic_carbon, ug C/m3, Revision date=20181210133000
numflag organic_carbon, no unit, Revision date=20181210133000
organic_mass, ug/m3, Revision date=20181210133000
numflag organic_mass, no unit, Revision date=20181210133000
pm10_mass, ug/m3, Version=2, Version description=Data extracted from http://views.cira.colostate.edu/fed/DataWizard 2019-12-16, Sample duration=1d, Orig. time res.=3d, Matrix=pm10, Blank correction=Blank corrected, Volume std. temperature=ambient, Volume std. pressure=ambient
numflag pm10_mass, no unit, Version=2, Version description=Data extracted from http://views.cira.colostate.edu/fed/DataWizard 2019-12-16, Sample duration=1d, Orig. time res.=3d, Matrix=pm10, Blank correction=Blank corrected, Volume std. temperature=ambient, Volume std. pressure=ambient
pm10_pm25_mass, ug/m3, Revision date=20181210133000, Matrix=pm10_pm25
numflag pm10_pm25_mass, no unit, Revision date=20181210133000, Matrix=pm10_pm25
pm25_mass, ug/m3, Version=2, Version description=Data extracted from http://views.cira.colostate.edu/fed/DataWizard 2019-12-16, Sample duration=1d, Orig. time res.=3d, Blank correction=Blank corrected, Volume std. temperature=ambient, Volume std. pressure=ambient
numflag pm25_mass, no unit, Version=2, Version description=Data extracted from http://views.cira.colostate.edu/fed/DataWizard 2019-12-16, Sample duration=1d, Orig. time res.=3d, Blank correction=Blank corrected, Volume std. temperature=ambient, Volume std. pressure=ambient
potassium, ug/m3, Revision date=20181210133000
numflag potassium, no unit, Revision date=20181210133000
sulphate_total, ug S/m3, Revision date=20181210133000
numflag sulphate_total, no unit, Revision date=20181210133000
0
25
Data definition:              EBAS_1.1
Set type code:                TU
Timezone:                     UTC
File name:                    US9035R.20050101070000.20191216000000.filterpack..pm25.52w.1w.US03L_filterpack_US9035.US03L_IMPROVE_Davis.lev2.nas
File creation:                20191218120739
Startdate:                    20050101070000
Revision date:                20191216000000
Statistics:                   arithmetic mean
Data level:                   2
Period code:                  52w
Resolution code:              1w
Station code:                 US9035R
Platform code:                US9035S
Station name:                 Sycamore Canyon
Station latitude:             35.1406
Station longitude:            -111.9692
Station altitude:             2046.0 m
Regime:                       IMG
Component:                    
Matrix:                       pm25
Laboratory code:              US03L
Instrument type:              filterpack
Instrument name:              filterpack_US9035
Method ref:                   US03L_IMPROVE_Davis
starttime endtime Fe flag_Fe Pb flag_Pb Mg++ flag_Mg++ Ni flag_Ni NO3- flag_NO3- OC flag_OC OM flag_OM PM10 flag_PM10 PM10-PM2.5 flag_PM10-PM2.5 PM2.5 flag_PM2.5 K+ flag_K+ SO4-- flag_SO4--
[from data line 87]
261.291667 262.291667   314.01 0.000   1.33 0.000 9.999 0.259000 9.99 0.259000 0.026 0.000  1.245 0.000   2.240 0.000  16.422 0.000   9.625 0.000   6.797 0.000 0.071 0.000 0.311 0.000
264.291667 265.291667   343.33 0.000   1.31 0.000 9.999 0.259000 0.24 0.000000 0.034 0.000  0.613 0.000   1.104 0.000  15.156 0.000   7.657 0.000   7.499 0.000 0.071 0.000 0.510 0.000
267.291667 268.291667   339.02 0.000  22.05 0.000 9.999 0.259000 9.99 0.259000 0.023 0.000  0.789 0.000   1.420 0.000  11.934 0.000   5.707 0.000   6.227 0.000 0.084 0.000 0.208 0.000
270.291667 271.291667 99999.99 0.456 999.99 0.456 9.999 0.456000 9.99 0.456000 0.032 0.559  0.693 0.000   1.247 0.000   8.104 0.000 999.999 0.456 999.999 0.456 9.999 0.456 0.416 0.559
273.291667 274.291667   548.49 0.000   1.05 0.000 0.141 0.000000 0.18 0.000000 0.025 0.699  2.506 0.000   4.511 0.000  35.523 0.000  24.767 0.000  10.415 0.000 0.082 0.000 0.247 0.699
276.291667 277.291667    81.24 0.000   0.50 0.000 0.030 0.000000 0.35 0.000000 0.066 0.000  0.441 0.000   0.793 0.000  12.394 0.000   7.628 0.000   4.780 0.000 0.033 0.000 0.586 0.000
279.291667 280.291667   826.37 0.000   1.63 0.000 0.260 0.000000 0.35 0.000000 0.029 0.000  1.810 0.000   3.258 0.000  47.276 0.000  33.596 0.000  13.227 0.000 0.134 0.000 0.296 0.000
282.291667 283.291667    59.23 0.000   0.43 0.000 9.999 0.259000 9.99 0.259000 0.011 0.000  0.754 0.000   1.357 0.000   6.137 0.000   3.792 0.000   2.290 0.000 0.016 0.000 0.123 0.000
285.291667 286.291667   210.86 0.000   0.29 0.000 0.042 0.000000 9.99 0.259000 0.018 0.000  0.745 0.000   1.340 0.000  11.521 0.000   6.681 0.000   4.737 0.000 0.042 0.000 0.187 0.000
288.291667 289.291667    47.88 0.000   0.66 0.000 9.999 0.259000 0.38 0.000000 0.030 0.000  0.721 0.000   1.297 0.000   8.438 0.000   4.398 0.000   3.968 0.000 0.029 0.000 0.409 0.000
291.291667 292.291667   130.70 0.000   0.24 0.000 9.999 0.259000 9.99 0.259000 0.032 0.000  1.417 0.000   2.550 0.000   5.283 0.000   0.525 0.000   4.723 0.000 0.026 0.000 0.078 0.000
294.291667 295.291667    66.33 0.000   0.87 0.000 9.999 0.259000 9.99 0.259000 0.024 0.000  1.123 0.000   2.022 0.000   6.591 0.000   2.730 0.000   3.808 0.000 0.017 0.000 0.200 0.000
297.291667 298.291667   174.59 0.000   0.90 0.000 0.022 0.000000 0.17 0.000000 0.030 0.000  1.034 0.000   1.861 0.000  12.700 0.000   7.049 0.000   5.703 0.000 0.039 0.000 0.371 0.000
300.291667 301.291667    37.51 0.000   0.89 0.000 0.009 0.000000 0.40 0.000000 0.151 0.000  0.730 0.000   1.313 0.000   7.951 0.000   3.170 0.000   4.712 0.000 0.027 0.000 0.456 0.000
303.291667 304.291667    86.91 0.000   1.70 0.000 0.037 0.000000 9.99 0.259000 0.027 0.000  0.830 0.000   1.495 0.000   8.241 0.000   2.895 0.000   5.278 0.000 0.045 0.000 0.500 0.000
306.291667 307.291667   117.72 0.000   1.56 0.000 0.015 0.000000 0.28 0.000000 0.030 0.559  0.583 0.000   1.050 0.000  12.548 0.000   6.808 0.000   5.622 0.000 0.055 0.000 0.602 0.559
309.291667 310.291667   202.24 0.559   1.04 0.559 9.999 0.559259 0.23 0.559000 0.022 0.559  1.121 0.000   2.018 0.000   8.316 0.000   3.149 0.559   5.096 0.659 0.043 0.559 0.209 0.559
312.291667 313.291667   291.57 0.559   1.80 0.559 9.999 0.559259 9.99 0.559259 0.024 0.699  2.117 0.000   3.811 0.000  25.225 0.000  14.525 0.559  10.477 0.659 0.084 0.559 0.724 0.699
315.291667 316.291667    87.72 0.000   0.78 0.000 9.999 0.259000 9.99 0.259000 0.076 0.559  1.464 0.000   2.636 0.000   4.418 0.000   0.031 0.000   4.362 0.000 0.021 0.000 0.207 0.559
318.291667 319.291667    65.02 0.000   0.54 0.000 0.017 0.000000 9.99 0.259000 0.015 0.000  0.270 0.000   0.486 0.000   9.009 0.000   7.052 0.000   1.972 0.000 0.020 0.000 0.090 0.000
321.291667 322.291667   213.58 0.000   0.57 0.000 9.999 0.259000 0.10 0.000000 0.021 0.000  0.547 0.000   0.985 0.000   9.760 0.000   5.922 0.000   3.749 0.000 0.041 0.000 0.133 0.000
324.291667 325.291667   273.46 0.000   0.37 0.000 0.031 0.000000 9.99 0.259000 0.010 0.000  0.754 0.000   1.358 0.000  14.643 0.000  10.634 0.000   3.870 0.000 0.036 0.000 0.072 0.000
327.291667 328.291667 99999.99 0.999 999.99 0.999 9.999 0.999000 9.99 0.999000 9.999 0.999 99.999 0.999 999.999 0.999 999.999 0.999 999.999 0.999 999.999 0.999 9.999 0.999 9.999 0.999
330.291667 331.291667 99999.99 0.999 999.99 0.999 9.999 0.999000 9.99 0.999000 9.999 0.999 99.999 0.999 999.999 0.999 999.999 0.999 999.999 0.999 999.999 0.999 9.999 0.999 9.999 0.999
333.291667 334.291667   531.78 0.000   0.83 0.000 9.999 0.259000 9.99 0.259000 0.026 0.000  0.950 0.000   1.710 0.000  74.685 0.000  67.826 0.000   7.429 0.000 0.085 0.000 0.071 0.000
336.291667 337.291667    70.64 0.000   1.00 0.000 0.013 0.000000 9.99 0.259000 0.124 0.000  0.219 0.000   0.395 0.000   5.648 0.000   3.349 0.000   2.250 0.000 0.028 0.000 0.134 0.000
339.291667 340.291667   436.59 0.000   0.45 0.000 9.999 0.259000 0.11 0.000000 0.013 0.000  0.661 0.000   1.191 0.000  18.135 0.000  11.567 0.000   6.567 0.000 0.076 0.000 0.050 0.000
342.291667 343.291667   399.33 0.000   1.03 0.000 9.999 0.259000 9.99 0.259000 0.025 0.000  1.085 0.000   1.953 0.000  17.792 0.000  10.300 0.000   7.446 0.000 0.082 0.000 0.094 0.000
345.291667 346.291667   291.29 0.000   1.87 0.000 9.999 0.259000 9.99 0.259000 0.022 0.000  0.600 0.000   1.080 0.000  20.476 0.000  15.006 0.000   5.277 0.000 0.058 0.000 0.128 0.000
348.291667 349.291667   138.36 0.000   0.56 0.000 9.999 0.259000 9.99 0.259000 0.013 0.000  0.182 0.000   0.328 0.000   4.516 0.000   2.057 0.000   2.423 0.000 0.027 0.000 0.039 0.000
351.291667 352.291667   205.47 0.000   1.34 0.000 0.029 0.000000 0.20 0.000000 0.110 0.000  0.805 0.000   1.450 0.000  11.896 0.000   6.634 0.000   5.167 0.000 0.075 0.000 0.178 0.000
354.291667 355.291667   343.66 0.000   0.45 0.000 9.999 0.259000 9.99 0.259000 0.012 0.000  0.366 0.000   0.659 0.000  13.711 0.000   8.795 0.000   4.843 0.000 0.060 0.000 0.040 0.000
357.291667 358.291667    78.67 0.000   0.37 0.000 9.999 0.259000 9.99 0.259000 0.009 0.000  0.422 0.000   0.760 0.000   4.964 0.000   3.075 0.000   1.866 0.000 0.020 0.000 0.049 0.000
360.291667 361.291667   196.07 0.000   0.42 0.000 9.999 0.259000 9.99 0.259000 0.017 0.000  0.337 0.000   0.607 0.000  10.614 0.000   7.579 0.000   2.979 0.000 0.038 0.000 0.052 0.000
363.291667 364.291667   447.26 0.000   0.62 0.000 0.105 0.000000 0.18 0.000000 0.023 0.000  0.677 0.000   1.219 0.000  17.077 0.000  11.302 0.000   6.425 0.000 0.074 0.000 0.037 0.000
