scripts/IMPROVE-2019_partial/data/US9059R.20090101060000.20191216000000.filterpack...52w.3d.US03L_filterpack_US9059.US03L_IMPROVE_Davis.lev2.nas
52 1001
MISSING INFORMATION
US03L, IMPROVE, , , , , , , 
MISSING INFORMATION
IMPROVE sel_HTAP
1 1
2009 01 01 2019 12 16
3.00
days from file reference point
5
1 1 1 1 1
999.99 999.999 9.999 999.999 9.999
end_time of measurement, days from the file reference point
pm10_mass, ug/m3, Matrix=pm10
numflag pm10_mass, no unit, Matrix=pm10
pm25_mass, ug/m3, Matrix=pm25
numflag pm25_mass, no unit, Matrix=pm25
0
33
Data definition:              EBAS_1.1
Set type code:                TU
Timezone:                     UTC
File name:                    US9059R.20090101060000.20191216000000.filterpack...52w.3d.US03L_filterpack_US9059.US03L_IMPROVE_Davis.lev2.nas
File creation:                20191218120928
Startdate:                    20090101060000
Revision date:                20191216000000
Version:                      2
Version description:          "Data extracted from http://views.cira.colostate.edu/fed/DataWizard 2019-12-16"
Statistics:                   arithmetic mean
Data level:                   2
Period code:                  52w
Resolution code:              3d
Sample duration:              1d
Orig. time res.:              3d
Station code:                 US9059R
Platform code:                US9059S
Station name:                 Sikes
Station latitude:             32.0574
Station longitude:            -92.435
Station altitude:             45.0 m
Regime:                       IMG
Component:                    
Unit:                         ug/m3
Matrix:                       
Laboratory code:              US03L
Instrument type:              filterpack
Instrument name:              filterpack_US9059
Method ref:                   US03L_IMPROVE_Davis
Blank correction:             Blank corrected
Volume std. temperature:      ambient
Volume std. pressure:         ambient
starttime endtime PM10 flag_PM10 PM2.5 flag_PM2.5
  0.25   1.25   9.156 0.000   5.776 0.000
  3.25   4.25  14.838 0.000  11.162 0.000
  6.25   7.25 999.999 0.999 999.999 0.999
  9.25  10.25 999.999 0.999 999.999 0.999
 12.25  13.25 999.999 0.999 999.999 0.999
 15.25  16.25   7.257 0.000   2.763 0.000
 18.25  19.25   7.866 0.000   3.905 0.000
 21.25  22.25  15.094 0.000  10.720 0.000
 24.25  25.25  15.788 0.000   9.368 0.000
 27.25  28.25   6.062 0.000   4.978 0.000
 30.25  31.25   7.022 0.000   4.906 0.000
 33.25  34.25   8.252 0.000   2.362 0.000
 36.25  37.25  17.300 0.000  12.224 0.000
 39.25  40.25  12.866 0.000   6.152 0.000
 42.25  43.25   7.220 0.000   4.921 0.000
 45.25  46.25  11.618 0.000   9.296 0.000
 48.25  49.25  14.053 0.000   6.818 0.000
 51.25  52.25   8.861 0.000   6.590 0.000
 54.25  55.25  16.048 0.000   8.375 0.000
 57.25  58.25  20.977 0.000  10.573 0.000
 60.25  61.25   8.187 0.000   5.154 0.000
 63.25  64.25  13.099 0.000   7.210 0.000
 66.25  67.25  21.367 0.000  10.252 0.000
 69.25  70.25   9.043 0.000   4.783 0.000
 72.25  73.25   3.504 0.000   2.805 0.000
 75.25  76.25   8.595 0.000   5.580 0.000
 78.25  79.25  11.161 0.000   6.408 0.000
 81.25  82.25  19.081 0.000   9.088 0.000
 84.25  85.25   5.924 0.000   3.337 0.000
 87.25  88.25   6.040 0.000   4.211 0.000
 90.25  91.25   6.809 0.000   3.774 0.000
 93.25  94.25  11.031 0.000   8.070 0.000
 96.25  97.25   8.859 0.000   5.116 0.000
 99.25 100.25  23.991 0.000  12.160 0.000
102.25 103.25   9.975 0.000   6.154 0.000
105.25 106.25  11.825 0.000   8.470 0.000
108.25 109.25   8.247 0.000   4.206 0.000
111.25 112.25  13.878 0.000   7.698 0.000
114.25 115.25  16.401 0.000   8.188 0.000
117.25 118.25   9.946 0.000   4.094 0.000
120.25 121.25  14.152 0.000   7.365 0.000
123.25 124.25  11.597 0.000   6.667 0.000
126.25 127.25  20.325 0.000  15.825 0.000
129.25 130.25  10.970 0.000   6.373 0.000
132.25 133.25  12.623 0.000   8.402 0.000
135.25 136.25  11.536 0.000   6.842 0.000
138.25 139.25 999.999 0.999   6.261 0.000
141.25 142.25 999.999 0.999   5.699 0.000
144.25 145.25 999.999 0.999   6.488 0.000
147.25 148.25 999.999 0.999   4.696 0.000
150.25 151.25 999.999 0.999   8.229 0.000
153.25 154.25  10.713 0.000   7.091 0.000
156.25 157.25  11.294 0.000   8.037 0.000
159.25 160.25  14.528 0.000  10.267 0.000
162.25 163.25  12.688 0.000   8.831 0.000
165.25 166.25  13.841 0.000  10.338 0.659
168.25 169.25  11.822 0.000   8.296 0.000
171.25 172.25  12.724 0.000   9.859 0.000
174.25 175.25  17.835 0.000  12.825 0.000
177.25 178.25  20.327 0.000  15.865 0.000
180.25 181.25  15.808 0.000   9.397 0.000
183.25 184.25  17.349 0.000  11.400 0.000
186.25 187.25   8.112 0.000   5.763 0.000
189.25 190.25  16.440 0.000  12.175 0.000
192.25 193.25  24.667 0.000  15.385 0.000
195.25 196.25  20.201 0.000  11.325 0.000
198.25 199.25  13.250 0.000   7.354 0.000
201.25 202.25  14.998 0.000   8.320 0.000
204.25 205.25  12.246 0.000   7.538 0.000
207.25 208.25  15.053 0.000   8.886 0.000
210.25 211.25  18.807 0.000   8.351 0.000
213.25 214.25  27.685 0.000  11.504 0.000
216.25 217.25  18.905 0.000  10.679 0.000
219.25 220.25  16.609 0.000  10.454 0.000
222.25 223.25  11.274 0.000   5.831 0.000
225.25 226.25  18.259 0.000  11.558 0.000
228.25 229.25  10.789 0.000   6.570 0.000
231.25 232.25  10.908 0.000   5.386 0.000
234.25 235.25   6.907 0.000   4.128 0.000
237.25 238.25  14.771 0.000  11.022 0.000
240.25 241.25  12.308 0.000  10.003 0.000
243.25 244.25  10.659 0.000   7.325 0.000
246.25 247.25  15.724 0.000  13.304 0.000
249.25 250.25   7.211 0.000   5.347 0.000
252.25 253.25   9.478 0.000   7.025 0.000
255.25 256.25   9.995 0.000   5.705 0.000
258.25 259.25  16.531 0.000 999.999 0.456
261.25 262.25  18.233 0.000 999.999 0.456
264.25 265.25  12.072 0.000   5.123 0.000
267.25 268.25  16.831 0.000 999.999 0.456
270.25 271.25  17.994 0.000 999.999 0.456
273.25 274.25  14.078 0.000   8.056 0.000
276.25 277.25   8.339 0.000   4.796 0.000
279.25 280.25   6.778 0.000   3.708 0.000
282.25 283.25   3.653 0.000   1.494 0.000
285.25 286.25   6.657 0.000   3.374 0.000
288.25 289.25   7.207 0.000   4.761 0.000
291.25 292.25   6.779 0.000   5.613 0.000
294.25 295.25   6.720 0.000   3.929 0.000
297.25 298.25   4.863 0.000   3.210 0.000
300.25 301.25   7.109 0.000   4.828 0.000
303.25 304.25   6.664 0.000   4.335 0.000
306.25 307.25  10.552 0.000   8.150 0.000
309.25 310.25  12.012 0.000   8.607 0.000
312.25 313.25  12.247 0.000   8.214 0.000
315.25 316.25  14.240 0.000  10.483 0.000
318.25 319.25  13.114 0.000  10.970 0.000
321.25 322.25  11.349 0.000   8.041 0.000
324.25 325.25  12.478 0.000  10.116 0.000
327.25 328.25  10.983 0.000   7.746 0.000
330.25 331.25   6.915 0.000   3.981 0.000
333.25 334.25   8.060 0.000   5.888 0.000
336.25 337.25  10.290 0.000   7.426 0.000
339.25 340.25   5.880 0.000   4.532 0.000
342.25 343.25  12.448 0.000   6.540 0.000
345.25 346.25   3.654 0.000   2.693 0.000
348.25 349.25   9.550 0.000   7.518 0.000
351.25 352.25   8.354 0.000   6.849 0.000
354.25 355.25   8.326 0.000   6.030 0.000
357.25 358.25   4.833 0.000   2.646 0.000
360.25 361.25   6.793 0.000   3.011 0.000
363.25 364.25   4.577 0.000   3.545 0.000
