scripts/IMPROVE-2019_partial/data/US9018U.20060102050000.20191216000000.filterpack..pm25.52w.1w.US03L_filterpack_US9018.US03L_IMPROVE_Davis.lev2.nas
66 1001
MISSING INFORMATION
US03L, IMPROVE, , , , , , , 
MISSING INFORMATION
IMPROVE sel_HTAP
1 1
2006 01 01 2019 12 16
3.000000
days from file reference point
27
1 1 1 1 1 1 1 1 1 1 1 1 1 1 1 1 1 1 1 1 1 1 1 1 1 1 1
999.999999 9999.99 9.999 999.99 9.999 9.999 9.999999 999.99 9.999 99.999 9.999 999.999 9.999 999.999 9.999 9999.99 9.999999 999.999 9.999 999.999 9.999 999.999 9.999 9.999 9.999 99.999 9.999
end_time of measurement, days from the file reference point
iron, ng/m3, Revision date=20181210133000
numflag iron, no unit, Revision date=20181210133000
lead, ng/m3, Revision date=20181210133000
numflag lead, no unit, Revision date=20181210133000
magnesium, ug/m3, Revision date=20181210133000
numflag magnesium, no unit, Revision date=20181210133000
nickel, ng/m3, Revision date=20181210133000
numflag nickel, no unit, Revision date=20181210133000
nitrate, ug N/m3, Revision date=20181210133000
numflag nitrate, no unit, Revision date=20181210133000
organic_carbon, ug C/m3, Revision date=20181210133000
numflag organic_carbon, no unit, Revision date=20181210133000
organic_mass, ug/m3, Revision date=20181210133000
numflag organic_mass, no unit, Revision date=20181210133000
phosphorus, ng/m3, Revision date=20181210133000
numflag phosphorus, no unit, Revision date=20181210133000
pm10_mass, ug/m3, Version=2, Version description=Data extracted from http://views.cira.colostate.edu/fed/DataWizard 2019-12-16, Sample duration=1d, Orig. time res.=3d, Matrix=pm10, Blank correction=Blank corrected, Volume std. temperature=ambient, Volume std. pressure=ambient
numflag pm10_mass, no unit, Version=2, Version description=Data extracted from http://views.cira.colostate.edu/fed/DataWizard 2019-12-16, Sample duration=1d, Orig. time res.=3d, Matrix=pm10, Blank correction=Blank corrected, Volume std. temperature=ambient, Volume std. pressure=ambient
pm10_pm25_mass, ug/m3, Revision date=20181210133000, Matrix=pm10_pm25
numflag pm10_pm25_mass, no unit, Revision date=20181210133000, Matrix=pm10_pm25
pm25_mass, ug/m3, Version=2, Version description=Data extracted from http://views.cira.colostate.edu/fed/DataWizard 2019-12-16, Sample duration=1d, Orig. time res.=3d, Blank correction=Blank corrected, Volume std. temperature=ambient, Volume std. pressure=ambient
numflag pm25_mass, no unit, Version=2, Version description=Data extracted from http://views.cira.colostate.edu/fed/DataWizard 2019-12-16, Sample duration=1d, Orig. time res.=3d, Blank correction=Blank corrected, Volume std. temperature=ambient, Volume std. pressure=ambient
potassium, ug/m3, Revision date=20181210133000
numflag potassium, no unit, Revision date=20181210133000
sulphate_total, ug S/m3, Revision date=20181210133000
numflag sulphate_total, no unit, Revision date=20181210133000
0
25
Data definition:              EBAS_1.1
Set type code:                TU
Timezone:                     UTC
File name:                    US9018U.20060102050000.20191216000000.filterpack..pm25.52w.1w.US03L_filterpack_US9018.US03L_IMPROVE_Davis.lev2.nas
File creation:                20191218120618
Startdate:                    20060102050000
Revision date:                20191216000000
Statistics:                   arithmetic mean
Data level:                   2
Period code:                  52w
Resolution code:              1w
Station code:                 US9018U
Platform code:                US9018S
Station name:                 New York City
Station latitude:             40.8161
Station longitude:            -73.9019
Station altitude:             45.0 m
Regime:                       IMG
Component:                    
Matrix:                       pm25
Laboratory code:              US03L
Instrument type:              filterpack
Instrument name:              filterpack_US9018
Method ref:                   US03L_IMPROVE_Davis
starttime endtime Fe flag_Fe Pb flag_Pb Mg++ flag_Mg++ Ni flag_Ni NO3- flag_NO3- OC flag_OC OM flag_OM P flag_P PM10 flag_PM10 PM10-PM2.5 flag_PM10-PM2.5 PM2.5 flag_PM2.5 K+ flag_K+ SO4-- flag_SO4--
[from data line 80]
241.208333 242.208333  118.10 0.000   2.09 0.000 0.017 0.000000   3.73 0.000  0.168 0.000   1.187 0.000   2.137 0.000 9999.99 0.259000  12.034 0.000   5.458 0.000   6.576 0.000 0.029 0.000  0.525 0.000
244.208333 245.208333   27.28 0.000   0.49 0.000 0.033 0.000000   1.73 0.000  0.042 0.000   1.113 0.000   2.004 0.000 9999.99 0.259000   9.408 0.000   5.814 0.000   3.593 0.000 0.020 0.000  0.144 0.000
247.208333 248.208333  216.25 0.000   4.57 0.000 9.999 0.259000   8.46 0.000  0.385 0.000   2.258 0.000   4.064 0.000 9999.99 0.259000  21.809 0.000   7.473 0.000  14.336 0.000 0.064 0.000  1.425 0.000
250.208333 251.208333  179.33 0.000  11.87 0.000 9.999 0.259000   7.19 0.000  0.519 0.000   3.759 0.000   6.766 0.000 9999.99 0.259000  30.916 0.000  11.506 0.000  19.410 0.000 0.045 0.000  2.014 0.000
253.208333 254.208333   85.66 0.394   1.79 0.394 0.010 0.394000   2.84 0.394  0.059 0.394   1.223 0.394   2.201 0.394 9999.99 0.394259  12.428 0.000   7.802 0.394   4.625 0.000 0.025 0.394  0.194 0.394
256.208333 257.208333  108.75 0.000   1.47 0.000 9.999 0.259000   2.56 0.000  0.143 0.000   1.027 0.000   1.849 0.000 9999.99 0.259000  14.513 0.000   8.745 0.000   5.767 0.000 0.027 0.000  0.349 0.000
259.208333 260.208333  112.90 0.000   5.08 0.000 0.016 0.000000   5.68 0.000  0.124 0.000   2.281 0.000   4.105 0.000   76.40 0.000000  14.505 0.000   5.708 0.000   8.797 0.000 0.048 0.000  0.609 0.000
262.208333 263.208333   75.33 0.000   4.06 0.000 9.999 0.259000   1.80 0.000  0.064 0.000   1.149 0.000   2.067 0.000 9999.99 0.259000  14.413 0.000   7.812 0.000   6.602 0.000 0.023 0.000  0.732 0.000
265.208333 266.208333  116.51 0.000   2.94 0.000 9.999 0.259000   6.68 0.000  0.350 0.000   2.725 0.000   4.905 0.000 9999.99 0.259000  25.814 0.000   7.606 0.000  18.208 0.000 0.058 0.000  2.514 0.000
268.208333 269.208333  118.02 0.000   4.43 0.000 9.999 0.259000   3.05 0.000  0.063 0.000   1.256 0.000   2.260 0.000 9999.99 0.259000  13.059 0.000   6.311 0.000   6.747 0.000 0.028 0.000  0.568 0.000
271.208333 272.208333   84.99 0.000   2.43 0.000 9.999 0.259000   2.86 0.000  0.157 0.000   0.990 0.000   1.782 0.000 9999.99 0.259000  10.313 0.000   5.317 0.000   4.997 0.000 0.021 0.000  0.470 0.000
274.208333 275.208333  109.28 0.000   3.16 0.000 9.999 0.259000   3.28 0.000  0.061 0.000   1.206 0.000   2.171 0.000 9999.99 0.259000  10.613 0.000   4.730 0.000   5.883 0.000 0.025 0.000  0.521 0.000
277.208333 278.208333   81.23 0.000   2.57 0.000 9.999 0.259000   2.52 0.000  0.046 0.000   0.846 0.000   1.523 0.000 9999.99 0.259000   9.239 0.000   5.412 0.000   3.827 0.000 0.021 0.000  0.273 0.000
280.208333 281.208333  136.17 0.000   4.01 0.000 9.999 0.259000   9.68 0.000  0.392 0.000   2.391 0.000   4.304 0.000   89.94 0.000000  18.460 0.000   9.557 0.000   8.903 0.000 0.050 0.000  0.486 0.000
283.208333 284.208333   92.19 0.000   2.78 0.000 9.999 0.259000   2.87 0.000  0.233 0.000   1.285 0.000   2.313 0.000 9999.99 0.259000  25.096 0.000  12.437 0.000  12.659 0.000 0.047 0.000  1.394 0.000
286.208333 287.208333  134.81 0.000   8.50 0.000 0.013 0.000000  15.79 0.000  0.276 0.000   1.884 0.000   3.390 0.000 9999.99 0.259000  19.410 0.000  10.287 0.000   9.123 0.000 0.062 0.000  0.814 0.000
289.208333 290.208333  260.29 0.000   4.52 0.000 0.021 0.000000   4.64 0.000  0.366 0.000   2.065 0.000   3.717 0.000 9999.99 0.259000  21.151 0.000   9.676 0.000  11.475 0.000 0.042 0.000  0.938 0.000
292.208333 293.208333   98.68 0.000   2.41 0.000 9.999 0.259000   5.48 0.000  0.504 0.000   1.457 0.000   2.623 0.000 9999.99 0.259000  20.210 0.000   3.995 0.000  16.215 0.000 0.022 0.000  2.121 0.000
295.208333 296.208333   67.67 0.000   2.39 0.000 9.999 0.259000   4.33 0.000  0.096 0.000   0.757 0.000   1.362 0.000 9999.99 0.259000   9.542 0.000   3.390 0.000   6.152 0.000 0.022 0.000  0.727 0.000
298.208333 299.208333   76.24 0.000   1.94 0.000 0.010 0.000000   8.85 0.000  0.035 0.000   0.857 0.000   1.543 0.000   57.59 0.000000   8.319 0.000   4.572 0.000   3.747 0.000 0.018 0.000  0.288 0.000
301.208333 302.208333   40.83 0.000  31.05 0.000 9.999 0.259000   5.47 0.000  0.039 0.000   1.938 0.000   3.487 0.000 9999.99 0.259000   9.590 0.000   3.644 0.000   5.946 0.000 0.037 0.000  0.351 0.000
304.208333 305.208333  235.31 0.000   6.05 0.000 9.999 0.259000   8.94 0.000  0.711 0.000   4.343 0.000   7.817 0.000 9999.99 0.259000 999.999 0.456 999.999 0.999  17.951 0.000 0.061 0.000  1.379 0.000
307.208333 308.208333   72.89 0.000   3.25 0.000 9.999 0.259000  13.12 0.000  0.305 0.000   1.041 0.000   1.875 0.000   85.71 0.000000  10.430 0.000   3.352 0.000   7.078 0.000 0.031 0.000  0.612 0.000
310.208333 311.208333 9999.99 0.999 999.99 0.999 9.999 0.999000 999.99 0.999 99.999 0.999 999.999 0.999 999.999 0.999 9999.99 0.999000 999.999 0.999 999.999 0.999 999.999 0.999 9.999 0.999 99.999 0.999
313.208333 314.208333  131.70 0.000   2.42 0.000 0.009 0.000000   8.10 0.000  0.153 0.000   1.470 0.000   2.646 0.000 9999.99 0.259000  13.725 0.000   5.997 0.000   7.728 0.000 0.030 0.000  0.717 0.000
316.208333 317.208333   57.44 0.000   1.51 0.000 9.999 0.259000   3.63 0.000  0.150 0.000   0.827 0.000   1.489 0.000 9999.99 0.259000  14.024 0.000   6.926 0.000   7.097 0.000 0.028 0.000  0.677 0.000
319.208333 320.208333   65.25 0.000   0.83 0.000 0.086 0.000000   3.33 0.000  0.266 0.000   0.857 0.000   1.543 0.000 9999.99 0.259000  18.698 0.000  10.035 0.000   8.663 0.000 0.044 0.000  0.756 0.000
322.208333 323.208333   52.74 0.000   2.91 0.000 9.999 0.259000  10.02 0.000  0.077 0.000   0.913 0.000   1.643 0.000   62.11 0.000000   5.974 0.000   1.351 0.000   4.623 0.000 0.023 0.000  0.447 0.000
325.208333 326.208333  114.67 0.000   3.77 0.000 9.999 0.259000   9.08 0.000  0.214 0.000   1.957 0.000   3.522 0.000   64.15 0.000000  14.094 0.000   6.902 0.000   7.192 0.000 0.048 0.000  0.437 0.000
328.208333 329.208333  139.30 0.000   3.97 0.000 9.999 0.259000  15.61 0.000  0.238 0.000   2.339 0.000   4.210 0.000   76.31 0.000000  20.017 0.000   9.258 0.000  10.759 0.000 0.065 0.000  0.575 0.000
331.208333 332.208333  378.51 0.699  17.30 0.699 9.999 0.699259  32.44 0.699  1.174 0.000   6.555 0.000  11.799 0.000  274.56 0.699000  48.919 0.000  12.861 0.699  36.059 0.000 0.120 0.699  2.999 0.000
334.208333 335.208333  127.93 0.000   1.36 0.000 0.101 0.000000  15.89 0.000  0.209 0.000   1.552 0.000   2.794 0.000 9999.99 0.259000  19.436 0.000  10.061 0.000   9.375 0.000 0.054 0.000  0.602 0.000
337.208333 338.208333   87.84 0.000   3.94 0.000 9.999 0.259000  12.39 0.000  0.349 0.000   1.732 0.000   3.117 0.000 9999.99 0.259000  12.649 0.000   3.852 0.000   8.797 0.000 0.038 0.000  0.709 0.000
340.208333 341.208333  120.38 0.000   5.97 0.000 9.999 0.259000  17.09 0.000  0.596 0.000   2.115 0.000   3.806 0.000 9999.99 0.259000  21.128 0.000   9.286 0.000  11.842 0.000 0.056 0.000  0.888 0.000
343.208333 344.208333  118.58 0.000   5.70 0.000 9.999 0.259000  20.66 0.000  0.571 0.000   3.231 0.000   5.816 0.000   86.40 0.000000  18.485 0.000   6.247 0.000  12.239 0.000 0.078 0.000  0.681 0.000
346.208333 347.208333  157.70 0.000   4.59 0.000 9.999 0.259000  16.95 0.000  0.622 0.000   2.162 0.000   3.892 0.000 9999.99 0.259000  26.250 0.000  10.156 0.000  16.094 0.000 0.046 0.000  1.346 0.000
349.208333 350.208333   77.28 0.000   4.39 0.000 9.999 0.259000  11.81 0.000  0.089 0.000   1.965 0.000   3.537 0.000 9999.99 0.259000  10.027 0.000   2.940 0.000   7.087 0.000 0.023 0.000  0.564 0.000
352.208333 353.208333   80.27 0.000   1.66 0.000 9.999 0.259000  11.49 0.000  0.159 0.000   1.133 0.000   2.039 0.000 9999.99 0.259000   9.983 0.000   4.045 0.000   5.938 0.000 0.025 0.000  0.579 0.000
355.208333 356.208333  147.14 0.000   4.60 0.000 9.999 0.259000  16.93 0.000  0.534 0.000   2.076 0.000   3.737 0.000   82.31 0.000000  19.271 0.000   7.014 0.000  12.257 0.000 0.054 0.000  0.558 0.000
358.208333 359.208333   80.15 0.000   3.41 0.000 9.999 0.259000  16.60 0.000  0.241 0.000   1.823 0.000   3.281 0.000 9999.99 0.259000  10.521 0.000   1.782 0.000   8.740 0.000 0.038 0.000  0.642 0.000
361.208333 362.208333  167.24 0.000  12.57 0.000 0.012 0.000000  22.65 0.000  0.920 0.000   2.600 0.000   4.680 0.000  134.56 0.000000  23.308 0.000   6.775 0.000  16.533 0.000 0.060 0.000  1.115 0.000
364.208333 365.208333   61.54 0.000  32.68 0.000 9.999 0.259000  10.54 0.000  0.263 0.000   1.763 0.000   3.174 0.000   70.98 0.000000  10.040 0.000   2.156 0.000   7.885 0.000 0.029 0.000  0.519 0.000
