scripts/IMPROVE-2019_partial/data/US9037R.20000209070000.20191216000000.filterpack..pm25.11mo.1w.US03L_filterpack_US9037.US03L_IMPROVE_Davis.lev2.nas
64 1001
MISSING INFORMATION
US03L, IMPROVE, , , , , , , 
MISSING INFORMATION
IMPROVE sel_HTAP
1 1
2000 01 01 2019 12 16
0
days from file reference point
25
1 1 1 1 1 1 1 1 1 1 1 1 1 1 1 1 1 1 1 1 1 1 1 1 1
999.999999 9999.99 9.999 99.99 9.999999 9.999 9.999999 9.99 9.999999 9.999 9.999 99.999 9.999 99.999 9.999 999.999 9.999 999.999 9.999 999.999 9.999 9.999 9.999 9.999 9.999
end_time of measurement, days from the file reference point
iron, ng/m3, Revision date=20181210133000
numflag iron, no unit, Revision date=20181210133000
lead, ng/m3, Revision date=20181210133000
numflag lead, no unit, Revision date=20181210133000
magnesium, ug/m3, Revision date=20181210133000
numflag magnesium, no unit, Revision date=20181210133000
nickel, ng/m3, Revision date=20181210133000
numflag nickel, no unit, Revision date=20181210133000
nitrate, ug N/m3, Revision date=20181210133000
numflag nitrate, no unit, Revision date=20181210133000
organic_carbon, ug C/m3, Revision date=20181210133000
numflag organic_carbon, no unit, Revision date=20181210133000
organic_mass, ug/m3, Revision date=20181210133000
numflag organic_mass, no unit, Revision date=20181210133000
pm10_mass, ug/m3, Version=2, Version description=Data extracted from http://views.cira.colostate.edu/fed/DataWizard 2019-12-16, Sample duration=1d, Orig. time res.=3d, Matrix=pm10, Blank correction=Blank corrected, Volume std. temperature=ambient, Volume std. pressure=ambient
numflag pm10_mass, no unit, Version=2, Version description=Data extracted from http://views.cira.colostate.edu/fed/DataWizard 2019-12-16, Sample duration=1d, Orig. time res.=3d, Matrix=pm10, Blank correction=Blank corrected, Volume std. temperature=ambient, Volume std. pressure=ambient
pm10_pm25_mass, ug/m3, Revision date=20181210133000, Matrix=pm10_pm25
numflag pm10_pm25_mass, no unit, Revision date=20181210133000, Matrix=pm10_pm25
pm25_mass, ug/m3, Version=2, Version description=Data extracted from http://views.cira.colostate.edu/fed/DataWizard 2019-12-16, Sample duration=1d, Orig. time res.=3d, Blank correction=Blank corrected, Volume std. temperature=ambient, Volume std. pressure=ambient
numflag pm25_mass, no unit, Version=2, Version description=Data extracted from http://views.cira.colostate.edu/fed/DataWizard 2019-12-16, Sample duration=1d, Orig. time res.=3d, Blank correction=Blank corrected, Volume std. temperature=ambient, Volume std. pressure=ambient
potassium, ug/m3, Revision date=20181210133000
numflag potassium, no unit, Revision date=20181210133000
sulphate_total, ug S/m3, Revision date=20181210133000
numflag sulphate_total, no unit, Revision date=20181210133000
0
25
Data definition:              EBAS_1.1
Set type code:                TI
Timezone:                     UTC
File name:                    US9037R.20000209070000.20191216000000.filterpack..pm25.11mo.1w.US03L_filterpack_US9037.US03L_IMPROVE_Davis.lev2.nas
File creation:                20191218120749
Startdate:                    20000209070000
Revision date:                20191216000000
Statistics:                   arithmetic mean
Data level:                   2
Period code:                  11mo
Resolution code:              1w
Station code:                 US9037R
Platform code:                US9037S
Station name:                 Sierra Ancha
Station latitude:             34.0908
Station longitude:            -110.9421
Station altitude:             1600.0 m
Regime:                       IMG
Component:                    
Matrix:                       pm25
Laboratory code:              US03L
Instrument type:              filterpack
Instrument name:              filterpack_US9037
Method ref:                   US03L_IMPROVE_Davis
starttime endtime Fe flag_Fe Pb flag_Pb Mg++ flag_Mg++ Ni flag_Ni NO3- flag_NO3- OC flag_OC OM flag_OM PM10 flag_PM10 PM10-PM2.5 flag_PM10-PM2.5 PM2.5 flag_PM2.5 K+ flag_K+ SO4-- flag_SO4--
[from data line 87]
330.291667 331.291667   28.78 0.000  0.31 0.000000 9.999 0.259000 9.99 0.259000 0.017 0.000  0.864 0.000  1.209 0.000   5.291 0.000   3.104 0.000   2.187 0.000 0.025 0.000 0.104 0.000
333.291667 334.291667   31.09 0.000  1.72 0.000000 9.999 0.259000 9.99 0.259000 0.034 0.000  1.202 0.000  1.683 0.000   5.746 0.000   2.362 0.000   3.384 0.000 0.039 0.000 0.148 0.000
336.291667 337.291667   92.85 0.000  2.09 0.000000 9.999 0.259000 9.99 0.259000 0.066 0.000  1.072 0.000  1.501 0.000  20.668 0.000  14.635 0.000   6.033 0.000 0.070 0.000 0.388 0.000
339.291667 340.291667   40.39 0.000  0.86 0.000000 9.999 0.259000 9.99 0.259000 0.046 0.000  1.803 0.000  2.524 0.000   9.301 0.000   3.861 0.000   5.440 0.000 0.039 0.000 0.343 0.000
342.291667 343.291667   39.70 0.000  1.57 0.000000 9.999 0.259000 9.99 0.259000 0.050 0.000  1.139 0.000  1.594 0.000   7.192 0.000   3.355 0.000   3.838 0.000 0.057 0.000 0.250 0.000
345.291667 346.291667 9999.99 0.456 99.99 0.456000 9.999 0.456000 9.99 0.456000 9.999 0.456 99.999 0.999 99.999 0.999 999.999 0.456 999.999 0.999 999.999 0.456 9.999 0.456 9.999 0.456
348.291667 349.291667 9999.99 0.999 99.99 0.999000 9.999 0.999000 9.99 0.999000 9.999 0.999 99.999 0.999 99.999 0.999 999.999 0.999 999.999 0.999 999.999 0.999 9.999 0.999 9.999 0.999
351.291667 352.291667 9999.99 0.456 99.99 0.456000 9.999 0.456000 9.99 0.456000 9.999 0.456 99.999 0.999 99.999 0.999 999.999 0.456 999.999 0.999 999.999 0.456 9.999 0.456 9.999 0.456
354.291667 355.291667   25.76 0.000  0.39 0.000000 9.999 0.259000 9.99 0.259000 0.013 0.000  0.714 0.000  1.000 0.000   5.115 0.000   3.135 0.000   1.980 0.000 0.026 0.000 0.087 0.000
357.291667 358.291667   35.35 0.000  2.43 0.000000 9.999 0.259000 9.99 0.259000 0.030 0.000  0.787 0.000  1.102 0.000   6.196 0.000   3.637 0.000   2.558 0.000 0.054 0.000 0.168 0.000
360.291667 361.291667    7.58 0.394  0.37 0.394000 9.999 0.394259 9.99 0.394259 9.999 0.699  0.450 0.000  0.630 0.000   3.630 0.000   1.039 0.000   2.591 0.000 0.006 0.394 9.999 0.699
363.291667 364.291667   30.55 0.000  0.15 0.000000 9.999 0.259000 9.99 0.259000 0.023 0.559  0.748 0.000  1.047 0.000   5.032 0.000   2.402 0.000   2.630 0.000 0.025 0.000 0.223 0.559
