scripts/IMPROVE-2019_partial/data/US9068R.20120101070000.20191216000000.filterpack...52w.3d.US03L_filterpack_US9068.US03L_IMPROVE_Davis.lev2.nas
51 1001
MISSING INFORMATION
US03L, IMPROVE, , , , , , , 
MISSING INFORMATION
IMPROVE sel_HTAP
1 1
2012 01 01 2019 12 16
3.000000
days from file reference point
4
1 1 1 1
999.999999 999.999 999.999 9.999
end_time of measurement, days from the file reference point
pm10_mass, ug/m3, Matrix=pm10
pm25_mass, ug/m3, Matrix=pm25
numflag, no unit
0
33
Data definition:              EBAS_1.1
Set type code:                TU
Timezone:                     UTC
File name:                    US9068R.20120101070000.20191216000000.filterpack...52w.3d.US03L_filterpack_US9068.US03L_IMPROVE_Davis.lev2.nas
File creation:                20191218121012
Startdate:                    20120101070000
Revision date:                20191216000000
Version:                      2
Version description:          "Data extracted from http://views.cira.colostate.edu/fed/DataWizard 2019-12-16"
Statistics:                   arithmetic mean
Data level:                   2
Period code:                  52w
Resolution code:              3d
Sample duration:              1d
Orig. time res.:              3d
Station code:                 US9068R
Platform code:                US9068S
Station name:                 Salt Creek
Station latitude:             33.4598
Station longitude:            -104.4042
Station altitude:             1072.0 m
Regime:                       IMG
Component:                    
Unit:                         ug/m3
Matrix:                       
Laboratory code:              US03L
Instrument type:              filterpack
Instrument name:              filterpack_US9068
Method ref:                   US03L_IMPROVE_Davis
Blank correction:             Blank corrected
Volume std. temperature:      ambient
Volume std. pressure:         ambient
starttime endtime PM10 PM2.5 flag
  0.291667   1.291667  10.890   2.270 0.000
  3.291667   4.291667   5.015   1.454 0.000
  6.291667   7.291667   8.777   2.651 0.000
  9.291667  10.291667   6.601   3.512 0.000
 12.291667  13.291667  10.860   2.484 0.000
 15.291667  16.291667  17.338   2.252 0.000
 18.291667  19.291667  11.355   1.269 0.000
 21.291667  22.291667  57.084   7.630 0.000
 24.291667  25.291667   6.799   1.758 0.000
 27.291667  28.291667  10.486   1.717 0.000
 30.291667  31.291667  10.421   2.757 0.000
 33.291667  34.291667   9.239   2.528 0.000
 36.291667  37.291667  13.598   3.331 0.000
 39.291667  40.291667  22.375  10.061 0.000
 42.291667  43.291667  12.866   4.479 0.000
 45.291667  46.291667 999.999 999.999 0.999
 48.291667  49.291667   8.700   6.671 0.000
 51.291667  52.291667 999.999 999.999 0.999
 54.291667  55.291667 999.999 999.999 0.999
 57.291667  58.291667 999.999 999.999 0.999
 60.291667  61.291667  56.666  14.587 0.000
 63.291667  64.291667   7.629   1.978 0.000
 66.291667  67.291667 999.999 999.999 0.999
 69.291667  70.291667 999.999 999.999 0.999
 72.291667  73.291667 999.999 999.999 0.999
 75.291667  76.291667 999.999 999.999 0.999
 78.291667  79.291667 999.999 999.999 0.999
 81.291667  82.291667  19.584   5.005 0.000
 84.291667  85.291667  17.744   5.323 0.000
 87.291667  88.291667  20.639   6.036 0.000
 90.291667  91.291667  20.962   5.610 0.000
 93.291667  94.291667   5.898   1.453 0.000
 96.291667  97.291667  20.326   5.171 0.000
 99.291667 100.291667  21.065   6.390 0.000
102.291667 103.291667  24.455   7.357 0.000
105.291667 106.291667  13.163   2.492 0.000
108.291667 109.291667  29.122   7.181 0.000
111.291667 112.291667  14.598   3.751 0.000
114.291667 115.291667  22.229   7.099 0.000
117.291667 118.291667  19.402   4.760 0.000
120.291667 121.291667  24.889  12.015 0.000
123.291667 124.291667  17.416   4.888 0.000
126.291667 127.291667  38.943   7.507 0.000
129.291667 130.291667  12.963   4.795 0.000
132.291667 133.291667   9.649   5.839 0.000
135.291667 136.291667   9.406   3.635 0.000
138.291667 139.291667  23.416   7.244 0.000
141.291667 142.291667  17.155   7.365 0.000
144.291667 145.291667  67.806  14.493 0.000
147.291667 148.291667  16.179   7.540 0.000
150.291667 151.291667  15.484   7.389 0.000
153.291667 154.291667  32.196  10.772 0.000
156.291667 157.291667 999.999 999.999 0.999
159.291667 160.291667  22.900   7.738 0.000
162.291667 163.291667  46.699   8.850 0.000
165.291667 166.291667  35.764  11.929 0.000
168.291667 169.291667  24.370   7.549 0.000
171.291667 172.291667  28.664  10.992 0.000
174.291667 175.291667  21.868   6.485 0.000
177.291667 178.291667  27.854   7.616 0.000
180.291667 181.291667  44.127  12.072 0.000
183.291667 184.291667  27.543   8.177 0.000
186.291667 187.291667  14.083   4.414 0.000
189.291667 190.291667  16.324   6.858 0.000
192.291667 193.291667  10.569   6.956 0.000
195.291667 196.291667  17.014   8.318 0.000
198.291667 199.291667  19.708  10.005 0.000
201.291667 202.291667  16.540   7.389 0.000
204.291667 205.291667  20.619   8.854 0.000
207.291667 208.291667  16.042   4.320 0.000
210.291667 211.291667  23.082   9.720 0.000
213.291667 214.291667  26.290   7.668 0.000
216.291667 217.291667  21.296   6.566 0.000
219.291667 220.291667  21.982   7.127 0.000
222.291667 223.291667  23.361   7.800 0.000
225.291667 226.291667 999.999 999.999 0.999
228.291667 229.291667  22.542   7.072 0.000
231.291667 232.291667  13.278   7.046 0.000
234.291667 235.291667  18.866  10.088 0.000
237.291667 238.291667   5.768   2.625 0.000
240.291667 241.291667  18.232   8.124 0.000
243.291667 244.291667  18.442   6.321 0.000
246.291667 247.291667  23.758   9.074 0.000
249.291667 250.291667  21.861   5.610 0.000
252.291667 253.291667   9.404   5.838 0.000
255.291667 256.291667  15.380   5.585 0.000
258.291667 259.291667   7.909   3.670 0.000
261.291667 262.291667  20.314   7.276 0.000
264.291667 265.291667  22.713   7.355 0.000
267.291667 268.291667  24.695   7.169 0.000
270.291667 271.291667  13.355   5.578 0.000
273.291667 274.291667   7.035   3.968 0.000
276.291667 277.291667  14.014   7.063 0.000
279.291667 280.291667  16.538   4.246 0.000
282.291667 283.291667  11.731   4.073 0.000
285.291667 286.291667  11.127   6.858 0.000
288.291667 289.291667  13.556   6.254 0.000
291.291667 292.291667  18.226   3.759 0.000
294.291667 295.291667  22.487   4.567 0.000
297.291667 298.291667  25.474   6.310 0.000
300.291667 301.291667  19.409   3.920 0.000
303.291667 304.291667  15.830   4.837 0.000
306.291667 307.291667  18.299   6.038 0.000
309.291667 310.291667  17.799   4.136 0.000
312.291667 313.291667  25.682   7.203 0.000
315.291667 316.291667  14.716   3.067 0.000
318.291667 319.291667  31.845   6.207 0.000
321.291667 322.291667  29.021  11.335 0.000
324.291667 325.291667   5.775   1.644 0.000
327.291667 328.291667  16.134   2.679 0.000
330.291667 331.291667  25.045   5.492 0.000
333.291667 334.291667  20.226   6.069 0.000
336.291667 337.291667  14.070   4.013 0.000
339.291667 340.291667  36.149   5.723 0.000
342.291667 343.291667  14.286   3.307 0.000
345.291667 346.291667   9.983   2.042 0.000
348.291667 349.291667  61.437   9.269 0.000
351.291667 352.291667   7.302   1.604 0.000
354.291667 355.291667  24.565   4.084 0.000
357.291667 358.291667  16.473   4.903 0.000
360.291667 361.291667 999.999 999.999 0.999
363.291667 364.291667  17.831   5.057 0.000
