scripts/IMPROVE-2019_partial/data/US9069R.20120101070000.20191216000000.filterpack...52w.3d.US03L_filterpack_US9069.US03L_IMPROVE_Davis.lev2.nas
51 1001
MISSING INFORMATION
US03L, IMPROVE, , , , , , , 
MISSING INFORMATION
IMPROVE sel_HTAP
1 1
2012 01 01 2019 12 16
3.000000
days from file reference point
4
1 1 1 1
999.999999 9999.999 999.999 9.999
end_time of measurement, days from the file reference point
pm10_mass, ug/m3, Matrix=pm10
pm25_mass, ug/m3, Matrix=pm25
numflag, no unit
0
33
Data definition:              EBAS_1.1
Set type code:                TU
Timezone:                     UTC
File name:                    US9069R.20120101070000.20191216000000.filterpack...52w.3d.US03L_filterpack_US9069.US03L_IMPROVE_Davis.lev2.nas
File creation:                20191218121016
Startdate:                    20120101070000
Revision date:                20191216000000
Version:                      2
Version description:          "Data extracted from http://views.cira.colostate.edu/fed/DataWizard 2019-12-16"
Statistics:                   arithmetic mean
Data level:                   2
Period code:                  52w
Resolution code:              3d
Sample duration:              1d
Orig. time res.:              3d
Station code:                 US9069R
Platform code:                US9069S
Station name:                 White Mountain
Station latitude:             33.4687
Station longitude:            -105.5349
Station altitude:             2063.0 m
Regime:                       IMG
Component:                    
Unit:                         ug/m3
Matrix:                       
Laboratory code:              US03L
Instrument type:              filterpack
Instrument name:              filterpack_US9069
Method ref:                   US03L_IMPROVE_Davis
Blank correction:             Blank corrected
Volume std. temperature:      ambient
Volume std. pressure:         ambient
starttime endtime PM10 PM2.5 flag
  0.291667   1.291667    7.255   1.945 0.000
  3.291667   4.291667 9999.999 999.999 0.999
  6.291667   7.291667    3.378   1.539 0.000
  9.291667  10.291667 9999.999   0.981 0.000
 12.291667  13.291667 9999.999   0.934 0.000
 15.291667  16.291667 9999.999   1.149 0.000
 18.291667  19.291667 9999.999   0.958 0.000
 21.291667  22.291667 9999.999   3.498 0.000
 24.291667  25.291667    3.781   1.603 0.000
 27.291667  28.291667    7.396   2.162 0.000
 30.291667  31.291667 9999.999   2.021 0.000
 33.291667  34.291667    9.584   2.469 0.000
 36.291667  37.291667 9999.999   2.514 0.000
 39.291667  40.291667    6.906   2.416 0.000
 42.291667  43.291667   12.737   3.581 0.000
 45.291667  46.291667    2.756   1.401 0.000
 48.291667  49.291667    3.421   2.330 0.000
 51.291667  52.291667 9999.999   2.142 0.000
 54.291667  55.291667 9999.999   5.325 0.000
 57.291667  58.291667 9999.999   5.866 0.000
 60.291667  61.291667   45.964  12.145 0.000
 63.291667  64.291667   10.866   2.551 0.000
 66.291667  67.291667  100.921  27.653 0.000
 69.291667  70.291667    6.340   1.624 0.000
 72.291667  73.291667    5.774   3.946 0.000
 75.291667  76.291667    6.729   3.022 0.000
 78.291667  79.291667   12.189   3.168 0.000
 81.291667  82.291667    6.851   2.427 0.000
 84.291667  85.291667    6.804   3.066 0.000
 87.291667  88.291667 9999.999   5.208 0.000
 90.291667  91.291667 9999.999   5.168 0.000
 93.291667  94.291667 9999.999   1.646 0.000
 96.291667  97.291667    9.703   3.986 0.000
 99.291667 100.291667   11.839   5.684 0.000
102.291667 103.291667   22.334   9.136 0.000
105.291667 106.291667 9999.999   3.456 0.000
108.291667 109.291667   16.124   6.045 0.000
111.291667 112.291667    6.749   2.795 0.000
114.291667 115.291667   13.772   6.637 0.000
117.291667 118.291667   11.980   5.303 0.000
120.291667 121.291667   11.622   5.877 0.000
123.291667 124.291667    8.525   3.239 0.000
126.291667 127.291667   11.469   5.276 0.000
129.291667 130.291667    7.400   4.192 0.000
132.291667 133.291667    8.434   5.035 0.000
135.291667 136.291667    7.953   4.470 0.000
138.291667 139.291667   36.624  10.893 0.000
141.291667 142.291667   14.898   7.485 0.000
144.291667 145.291667   62.073  18.404 0.000
147.291667 148.291667   23.192   6.874 0.000
150.291667 151.291667 9999.999 999.999 0.999
153.291667 154.291667   22.688  12.089 0.000
156.291667 157.291667   12.190   6.053 0.000
159.291667 160.291667   20.063   9.284 0.000
162.291667 163.291667 9999.999 999.999 0.699
165.291667 166.291667 9999.999 999.999 0.999
168.291667 169.291667 9999.999 999.999 0.999
171.291667 172.291667 9999.999 999.999 0.999
174.291667 175.291667   14.381   8.021 0.000
177.291667 178.291667   10.673   5.015 0.000
180.291667 181.291667   18.536   9.919 0.000
183.291667 184.291667   13.967   7.630 0.000
186.291667 187.291667 9999.999 999.999 0.999
189.291667 190.291667   10.365   5.897 0.000
192.291667 193.291667    5.970   6.330 0.000
195.291667 196.291667   11.029   7.713 0.000
198.291667 199.291667    7.558   4.012 0.000
201.291667 202.291667    8.806   5.303 0.000
204.291667 205.291667   13.688   6.824 0.000
207.291667 208.291667    4.577   2.483 0.000
210.291667 211.291667   10.777   6.161 0.000
213.291667 214.291667    6.347   3.177 0.000
216.291667 217.291667    6.917   3.720 0.000
219.291667 220.291667    8.415   4.778 0.000
222.291667 223.291667    9.689   5.179 0.000
225.291667 226.291667    7.236   4.996 0.000
228.291667 229.291667    9.299   4.507 0.000
231.291667 232.291667    9.176   6.106 0.000
234.291667 235.291667    6.878   5.026 0.000
237.291667 238.291667    2.326   1.687 0.000
240.291667 241.291667   10.332   6.285 0.000
243.291667 244.291667    9.021   4.952 0.000
246.291667 247.291667    8.923   5.324 0.000
249.291667 250.291667    9.223   4.489 0.000
252.291667 253.291667    7.018   5.717 0.000
255.291667 256.291667    4.848   3.194 0.000
258.291667 259.291667    5.967   3.711 0.000
261.291667 262.291667   14.082   6.316 0.000
264.291667 265.291667    8.962   4.773 0.000
267.291667 268.291667    9.854   6.188 0.000
270.291667 271.291667    6.719   3.842 0.000
273.291667 274.291667    3.111   2.059 0.000
276.291667 277.291667    5.849   3.115 0.000
279.291667 280.291667    6.542   3.422 0.000
282.291667 283.291667    4.592   2.437 0.000
285.291667 286.291667   15.734   6.370 0.000
288.291667 289.291667    5.212   3.556 0.000
291.291667 292.291667    3.561   1.638 0.000
294.291667 295.291667   14.090   3.768 0.000
297.291667 298.291667    8.128   2.419 0.000
300.291667 301.291667    9.527   4.448 0.000
303.291667 304.291667    4.798   2.477 0.000
306.291667 307.291667    7.826   3.817 0.000
309.291667 310.291667    5.084   2.413 0.000
312.291667 313.291667    8.989   4.167 0.000
315.291667 316.291667    4.826   2.513 0.000
318.291667 319.291667    4.162   2.022 0.000
321.291667 322.291667   11.821   4.345 0.000
324.291667 325.291667    1.769   1.389 0.000
327.291667 328.291667   13.471   2.404 0.000
330.291667 331.291667   10.908   3.754 0.000
333.291667 334.291667    5.352   3.023 0.000
336.291667 337.291667    5.259   2.444 0.000
339.291667 340.291667    4.711   1.747 0.000
342.291667 343.291667    3.677   1.226 0.000
345.291667 346.291667    2.130   0.956 0.000
348.291667 349.291667    3.035   1.133 0.000
351.291667 352.291667    1.041   0.593 0.000
354.291667 355.291667    1.544   0.875 0.000
357.291667 358.291667    3.223   1.619 0.000
360.291667 361.291667 9999.999 999.999 0.999
363.291667 364.291667    3.921   2.380 0.000
