scripts/IMPROVE-2019_partial/data/US9025U.20120101080000.20191216000000.filterpack...52w.3d.US03L_filterpack_US9025.US03L_IMPROVE_Davis.lev2.nas
52 1001
MISSING INFORMATION
US03L, IMPROVE, , , , , , , 
MISSING INFORMATION
IMPROVE sel_HTAP
1 1
2012 01 01 2019 12 16
3.000000
days from file reference point
5
1 1 1 1 1
999.999999 999.999 9.999 999.999 9.999
end_time of measurement, days from the file reference point
pm10_mass, ug/m3, Matrix=pm10
numflag pm10_mass, no unit, Matrix=pm10
pm25_mass, ug/m3, Matrix=pm25
numflag pm25_mass, no unit, Matrix=pm25
0
33
Data definition:              EBAS_1.1
Set type code:                TU
Timezone:                     UTC
File name:                    US9025U.20120101080000.20191216000000.filterpack...52w.3d.US03L_filterpack_US9025.US03L_IMPROVE_Davis.lev2.nas
File creation:                20191218120651
Startdate:                    20120101080000
Revision date:                20191216000000
Version:                      2
Version description:          "Data extracted from http://views.cira.colostate.edu/fed/DataWizard 2019-12-16"
Statistics:                   arithmetic mean
Data level:                   2
Period code:                  52w
Resolution code:              3d
Sample duration:              1d
Orig. time res.:              3d
Station code:                 US9025U
Platform code:                US9025S
Station name:                 Puget Sound
Station latitude:             47.5696
Station longitude:            -122.3119
Station altitude:             97.0 m
Regime:                       IMG
Component:                    
Unit:                         ug/m3
Matrix:                       
Laboratory code:              US03L
Instrument type:              filterpack
Instrument name:              filterpack_US9025
Method ref:                   US03L_IMPROVE_Davis
Blank correction:             Blank corrected
Volume std. temperature:      ambient
Volume std. pressure:         ambient
starttime endtime PM10 flag_PM10 PM2.5 flag_PM2.5
  0.333333   1.333333   7.479 0.000   5.105 0.000
  3.333333   4.333333   5.646 0.000   3.713 0.000
  6.333333   7.333333   6.560 0.000   5.381 0.000
  9.333333  10.333333   8.421 0.000   3.972 0.000
 12.333333  13.333333  24.526 0.000  16.537 0.000
 15.333333  16.333333   7.357 0.000   6.699 0.000
 18.333333  19.333333   5.897 0.659   5.397 0.000
 21.333333  22.333333   6.216 0.000   3.423 0.000
 24.333333  25.333333  12.466 0.000   6.423 0.000
 27.333333  28.333333  17.889 0.000  14.697 0.000
 30.333333  31.333333   6.394 0.000   3.846 0.000
 33.333333  34.333333  11.300 0.000   5.171 0.000
 36.333333  37.333333  19.857 0.000   9.484 0.000
 39.333333  40.333333   7.325 0.000   5.171 0.000
 42.333333  43.333333  10.852 0.000   7.233 0.000
 45.333333  46.333333  12.167 0.000   9.810 0.000
 48.333333  49.333333   3.771 0.000   2.078 0.000
 51.333333  52.333333   1.941 0.000   1.045 0.000
 54.333333  55.333333   7.851 0.000   4.943 0.000
 57.333333  58.333333   7.579 0.000   4.505 0.000
 60.333333  61.333333   6.104 0.000   2.899 0.000
 63.333333  64.333333   3.708 0.000   1.746 0.000
 66.333333  67.333333   8.350 0.000   4.474 0.000
 69.333333  70.333333   4.740 0.000   3.804 0.000
 72.333333  73.333333   2.950 0.000   2.065 0.000
 75.333333  76.333333 999.999 0.999 999.999 0.999
 78.333333  79.333333 999.999 0.999 999.999 0.999
 81.333333  82.333333 999.999 0.456 999.999 0.456
 84.333333  85.333333  12.626 0.000   7.973 0.000
 87.333333  88.333333   4.452 0.000   2.437 0.000
 90.333333  91.333333   3.917 0.000   2.976 0.000
 93.333333  94.333333   5.899 0.000   3.441 0.000
 96.333333  97.333333   6.637 0.000   3.516 0.000
 99.333333 100.333333  18.151 0.000   8.266 0.000
102.333333 103.333333   4.846 0.000   2.413 0.000
105.333333 106.333333   8.405 0.000   4.062 0.000
108.333333 109.333333   4.857 0.000   2.672 0.000
111.333333 112.333333  10.602 0.000   6.755 0.000
114.333333 115.333333   9.015 0.000   4.503 0.000
117.333333 118.333333   4.791 0.000   2.285 0.000
120.333333 121.333333   4.356 0.000   2.111 0.000
123.333333 124.333333   6.883 0.000   4.936 0.000
126.333333 127.333333   9.104 0.000   6.134 0.000
129.333333 130.333333  11.653 0.000   4.776 0.000
132.333333 133.333333  13.509 0.000   7.684 0.000
135.333333 136.333333  17.530 0.000   9.012 0.000
138.333333 139.333333  16.116 0.000   7.120 0.000
141.333333 142.333333   4.995 0.000   3.709 0.000
144.333333 145.333333   5.136 0.000   2.255 0.000
147.333333 148.333333   8.298 0.000   4.820 0.000
150.333333 151.333333  10.898 0.000   4.700 0.000
153.333333 154.333333   6.105 0.000   3.210 0.000
156.333333 157.333333   4.759 0.000   2.836 0.000
159.333333 160.333333   4.060 0.000   1.940 0.000
162.333333 163.333333  10.817 0.000   5.259 0.000
165.333333 166.333333  11.310 0.000   4.176 0.000
168.333333 169.333333   2.862 0.000   1.071 0.000
171.333333 172.333333   9.175 0.000   4.398 0.000
174.333333 175.333333   4.869 0.000   3.628 0.000
177.333333 178.333333   6.305 0.000   3.834 0.000
180.333333 181.333333   6.131 0.000   3.901 0.000
183.333333 184.333333   9.195 0.000   4.936 0.000
186.333333 187.333333  17.595 0.000  13.921 0.000
189.333333 190.333333  13.674 0.000  10.039 0.000
192.333333 193.333333  14.104 0.000   8.350 0.000
195.333333 196.333333  13.422 0.000   8.680 0.000
198.333333 199.333333  14.776 0.000   8.611 0.000
201.333333 202.333333   6.167 0.000   3.284 0.000
204.333333 205.333333   7.368 0.000   3.906 0.000
207.333333 208.333333  15.806 0.000   9.342 0.000
210.333333 211.333333   7.262 0.000   4.603 0.000
213.333333 214.333333  11.525 0.000   5.518 0.000
216.333333 217.333333  14.226 0.000   8.675 0.000
219.333333 220.333333  10.604 0.000   5.323 0.000
222.333333 223.333333  13.143 0.000   6.192 0.000
225.333333 226.333333  17.853 0.000  10.547 0.000
228.333333 229.333333  21.614 0.000  10.220 0.000
231.333333 232.333333   8.317 0.000   3.992 0.000
234.333333 235.333333   8.685 0.000   3.762 0.000
237.333333 238.333333  11.767 0.000   5.521 0.000
240.333333 241.333333  11.687 0.000   4.763 0.000
243.333333 244.333333  11.088 0.000   4.656 0.000
246.333333 247.333333   8.855 0.000   4.622 0.000
249.333333 250.333333 999.999 0.999 999.999 0.999
252.333333 253.333333  11.527 0.000   3.713 0.000
255.333333 256.333333  11.491 0.000   4.798 0.000
258.333333 259.333333  23.519 0.000  14.745 0.000
261.333333 262.333333  27.032 0.000  14.532 0.000
264.333333 265.333333   9.764 0.000   4.407 0.000
267.333333 268.333333  14.751 0.000   8.061 0.000
270.333333 271.333333  19.774 0.000  11.002 0.000
273.333333 274.333333  10.071 0.000   4.599 0.000
276.333333 277.333333  13.460 0.000   4.180 0.000
279.333333 280.333333  18.323 0.000  11.220 0.000
282.333333 283.333333 999.999 0.999 999.999 0.999
285.333333 286.333333 999.999 0.999 999.999 0.999
288.333333 289.333333 999.999 0.999 999.999 0.999
291.333333 292.333333  13.915 0.000   7.922 0.000
294.333333 295.333333   3.026 0.000   1.936 0.000
297.333333 298.333333   5.409 0.000   3.919 0.000
300.333333 301.333333 999.999 0.999 999.999 0.999
303.333333 304.333333   4.449 0.000   3.060 0.000
306.333333 307.333333  11.254 0.000   6.296 0.000
309.333333 310.333333  23.547 0.000   9.453 0.000
312.333333 313.333333   7.925 0.000   3.844 0.000
315.333333 316.333333   8.864 0.000   7.370 0.000
318.333333 319.333333   9.085 0.000   5.210 0.000
321.333333 322.333333   5.062 0.000   2.739 0.000
324.333333 325.333333   7.833 0.000   3.491 0.000
327.333333 328.333333   9.226 0.000   5.780 0.000
330.333333 331.333333  10.831 0.000   5.750 0.000
333.333333 334.333333   4.639 0.000   2.820 0.000
336.333333 337.333333   3.330 0.000   1.445 0.000
339.333333 340.333333  10.447 0.000   4.405 0.000
342.333333 343.333333   7.934 0.000   4.459 0.000
345.333333 346.333333   5.687 0.000   2.955 0.000
348.333333 349.333333   6.326 0.000   4.392 0.000
351.333333 352.333333   5.429 0.000   2.669 0.000
354.333333 355.333333   3.203 0.000   2.271 0.000
357.333333 358.333333   3.243 0.000   2.293 0.000
360.333333 361.333333   2.620 0.000   1.524 0.000
363.333333 364.333333   4.839 0.000   3.845 0.000
