scripts/IMPROVE-2019_partial/data/US9016R.20050101060000.20191216000000.filterpack..pm25.52w.1w.US03L_filterpack_US9016.US03L_IMPROVE_Davis.lev2.nas
66 1001
MISSING INFORMATION
US03L, IMPROVE, , , , , , , 
MISSING INFORMATION
IMPROVE sel_HTAP
1 1
2005 01 01 2019 12 16
3.00
days from file reference point
27
1 1 1 1 1 1 1 1 1 1 1 1 1 1 1 1 1 1 1 1 1 1 1 1 1 1 1
999.99 9999.99 9.999 999.99 9.999 9.999 9.999999 9.99 9.999999 99.999 9.999 99.999 9.999 999.999 9.999 999.99 9.999999 999.999 9.999 999.999 9.999 999.999 9.999 9.999 9.999 99.999 9.999
end_time of measurement, days from the file reference point
iron, ng/m3, Revision date=20181210133000
numflag iron, no unit, Revision date=20181210133000
lead, ng/m3, Revision date=20181210133000
numflag lead, no unit, Revision date=20181210133000
magnesium, ug/m3, Revision date=20181210133000
numflag magnesium, no unit, Revision date=20181210133000
nickel, ng/m3, Revision date=20181210133000
numflag nickel, no unit, Revision date=20181210133000
nitrate, ug N/m3, Revision date=20181210133000
numflag nitrate, no unit, Revision date=20181210133000
organic_carbon, ug C/m3, Revision date=20181210133000
numflag organic_carbon, no unit, Revision date=20181210133000
organic_mass, ug/m3, Revision date=20181210133000
numflag organic_mass, no unit, Revision date=20181210133000
phosphorus, ng/m3, Revision date=20181210133000
numflag phosphorus, no unit, Revision date=20181210133000
pm10_mass, ug/m3, Version=2, Version description=Data extracted from http://views.cira.colostate.edu/fed/DataWizard 2019-12-16, Sample duration=1d, Orig. time res.=3d, Matrix=pm10, Blank correction=Blank corrected, Volume std. temperature=ambient, Volume std. pressure=ambient
numflag pm10_mass, no unit, Version=2, Version description=Data extracted from http://views.cira.colostate.edu/fed/DataWizard 2019-12-16, Sample duration=1d, Orig. time res.=3d, Matrix=pm10, Blank correction=Blank corrected, Volume std. temperature=ambient, Volume std. pressure=ambient
pm10_pm25_mass, ug/m3, Revision date=20181210133000, Matrix=pm10_pm25
numflag pm10_pm25_mass, no unit, Revision date=20181210133000, Matrix=pm10_pm25
pm25_mass, ug/m3, Version=2, Version description=Data extracted from http://views.cira.colostate.edu/fed/DataWizard 2019-12-16, Sample duration=1d, Orig. time res.=3d, Blank correction=Blank corrected, Volume std. temperature=ambient, Volume std. pressure=ambient
numflag pm25_mass, no unit, Version=2, Version description=Data extracted from http://views.cira.colostate.edu/fed/DataWizard 2019-12-16, Sample duration=1d, Orig. time res.=3d, Blank correction=Blank corrected, Volume std. temperature=ambient, Volume std. pressure=ambient
potassium, ug/m3, Revision date=20181210133000
numflag potassium, no unit, Revision date=20181210133000
sulphate_total, ug S/m3, Revision date=20181210133000
numflag sulphate_total, no unit, Revision date=20181210133000
0
25
Data definition:              EBAS_1.1
Set type code:                TU
Timezone:                     UTC
File name:                    US9016R.20050101060000.20191216000000.filterpack..pm25.52w.1w.US03L_filterpack_US9016.US03L_IMPROVE_Davis.lev2.nas
File creation:                20191218120615
Startdate:                    20050101060000
Revision date:                20191216000000
Statistics:                   arithmetic mean
Data level:                   2
Period code:                  52w
Resolution code:              1w
Station code:                 US9016R
Platform code:                US9016S
Station name:                 Omaha
Station latitude:             42.1487
Station longitude:            -96.4318
Station altitude:             429.0 m
Regime:                       IMG
Component:                    
Matrix:                       pm25
Laboratory code:              US03L
Instrument type:              filterpack
Instrument name:              filterpack_US9016
Method ref:                   US03L_IMPROVE_Davis
starttime endtime Fe flag_Fe Pb flag_Pb Mg++ flag_Mg++ Ni flag_Ni NO3- flag_NO3- OC flag_OC OM flag_OM P flag_P PM10 flag_PM10 PM10-PM2.5 flag_PM10-PM2.5 PM2.5 flag_PM2.5 K+ flag_K+ SO4-- flag_SO4--
[from data line 83]
249.25 250.25   62.39 0.000   4.58 0.000 9.999 0.259000 9.99 0.259000  0.450 0.000  2.803 0.000   5.045 0.000 999.99 0.259000  21.867 0.000   5.138 0.000  16.727 0.000 0.063 0.000  1.909 0.000
252.25 253.25   54.44 0.000   3.24 0.000 9.999 0.259000 0.19 0.000000  0.053 0.000  4.441 0.000   7.994 0.000 999.99 0.259000  34.489 0.000   9.166 0.000  25.308 0.000 0.080 0.000  3.199 0.000
255.25 256.25   18.04 0.000   1.57 0.000 9.999 0.259000 9.99 0.259000  0.098 0.000  1.031 0.000   1.855 0.000 999.99 0.259000   9.059 0.000   4.964 0.000   4.152 0.000 0.039 0.000  0.375 0.000
258.25 259.25   53.14 0.000   4.09 0.000 9.999 0.259000 0.07 0.000000  0.334 0.000  1.349 0.000   2.427 0.000 999.99 0.259000  18.849 0.000  11.779 0.000   7.069 0.000 0.048 0.000  0.675 0.000
261.25 262.25   30.37 0.000   2.50 0.000 9.999 0.259000 9.99 0.259000  0.123 0.000  1.150 0.000   2.070 0.000 999.99 0.259000  12.809 0.000   6.096 0.000   6.713 0.000 0.035 0.000  0.753 0.000
264.25 265.25   54.88 0.000   1.26 0.000 9.999 0.259000 9.99 0.259000  0.053 0.000  1.239 0.000   2.231 0.000 999.99 0.259000  22.642 0.000  17.994 0.000   4.645 0.000 0.043 0.000  0.248 0.000
267.25 268.25   13.42 0.000   4.26 0.000 9.999 0.259000 9.99 0.259000  0.094 0.000  0.636 0.559   1.145 0.559 999.99 0.259000   8.157 0.000   3.429 0.000   4.664 0.000 0.025 0.000  0.616 0.000
270.25 271.25 9999.99 0.999 999.99 0.999 9.999 0.999000 9.99 0.999000 99.999 0.999 99.999 0.999 999.999 0.999 999.99 0.999000 999.999 0.999 999.999 0.999 999.999 0.999 9.999 0.999 99.999 0.999
273.25 274.25   49.18 0.000   1.51 0.000 0.019 0.000000 0.14 0.000000  0.092 0.000  1.431 0.000   2.575 0.000 999.99 0.259000  22.388 0.000  14.494 0.000   7.693 0.000 0.053 0.000  0.766 0.000
276.25 277.25   21.01 0.000   0.70 0.000 9.999 0.259000 0.44 0.000000  0.087 0.000  1.663 0.000   2.993 0.000 999.99 0.259000  17.312 0.000   8.120 0.000   9.173 0.000 0.035 0.000  1.218 0.000
279.25 280.25   18.55 0.000   0.46 0.000 9.999 0.259000 9.99 0.259000  0.096 0.559  0.418 0.559   0.752 0.559 999.99 0.259000  13.357 0.000  11.150 0.000   2.074 0.000 0.013 0.000  0.163 0.559
282.25 283.25   56.49 0.000   3.91 0.000 0.024 0.000000 9.99 0.259000  0.529 0.559  1.391 0.559   2.505 0.559 999.99 0.259000  36.864 0.000  26.793 0.000   9.723 0.000 0.043 0.000  1.271 0.559
285.25 286.25   24.95 0.000   4.08 0.000 0.008 0.000000 9.99 0.259000  0.351 0.000  1.178 0.000   2.120 0.000 999.99 0.259000  11.087 0.000   5.723 0.000   5.272 0.000 0.039 0.000  0.540 0.000
288.25 289.25   40.37 0.000   2.06 0.000 0.027 0.000000 9.99 0.259000  0.075 0.000  1.519 0.000   2.734 0.000  52.61 0.000000  25.928 0.000  19.513 0.000   6.168 0.000 0.049 0.000  0.469 0.000
291.25 292.25   53.69 0.000   0.60 0.000 0.028 0.000000 9.99 0.259000  0.143 0.000  0.457 0.000   0.822 0.000 999.99 0.259000  22.504 0.000  19.737 0.000   2.806 0.000 0.022 0.000  0.236 0.000
294.25 295.25   26.11 0.000   0.60 0.000 9.999 0.259000 9.99 0.259000  0.112 0.000  0.387 0.559   0.696 0.559 999.99 0.259000  10.232 0.000   6.994 0.000   3.144 0.000 0.029 0.000  0.314 0.000
297.25 298.25   68.26 0.000   7.83 0.000 0.014 0.000000 9.99 0.259000  0.773 0.000  1.065 0.559   1.917 0.559 999.99 0.259000  16.914 0.000   8.579 0.000   8.316 0.000 0.054 0.000  0.441 0.000
300.25 301.25   51.88 0.000   2.94 0.000 9.999 0.259000 0.18 0.000000  0.349 0.000  1.714 0.559   3.086 0.559 999.99 0.259000  26.989 0.000  19.276 0.000   7.459 0.000 0.062 0.000  0.583 0.000
303.25 304.25   14.67 0.000   0.17 0.000 9.999 0.259000 9.99 0.259000  0.081 0.000  0.566 0.559   1.018 0.559 999.99 0.259000   7.768 0.000   5.587 0.000   2.107 0.000 0.017 0.000  0.134 0.000
306.25 307.25  122.31 0.000   2.07 0.000 9.999 0.259000 9.99 0.259000  0.287 0.000  2.649 0.000   4.768 0.000 999.99 0.259000  32.811 0.000  23.526 0.000   9.349 0.000 0.168 0.000  0.300 0.000
309.25 310.25   39.32 0.000   3.10 0.000 0.009 0.000000 9.99 0.259000  0.661 0.000  0.910 0.000   1.638 0.000 999.99 0.259000  15.968 0.000   9.941 0.000   5.886 0.000 0.043 0.000  0.240 0.000
312.25 313.25   38.06 0.000   0.44 0.000 9.999 0.259000 9.99 0.259000  0.059 0.000  0.373 0.559   0.670 0.559 999.99 0.259000  11.013 0.000   8.665 0.000   2.411 0.000 0.034 0.000  0.177 0.000
315.25 316.25   52.71 0.000   1.38 0.000 9.999 0.259000 0.15 0.000000  0.381 0.000  2.408 0.000   4.334 0.000 999.99 0.259000  27.376 0.000  17.044 0.000  10.089 0.000 0.074 0.000  0.820 0.000
318.25 319.25    9.16 0.000   0.40 0.000 9.999 0.259000 9.99 0.259000  0.190 0.000  0.164 0.559   0.296 0.559 999.99 0.259000   5.584 0.000   2.584 0.000   2.982 0.000 0.012 0.000  0.329 0.000
321.25 322.25    7.25 0.000   0.59 0.000 9.999 0.259000 9.99 0.259000  0.127 0.000  0.445 0.559   0.801 0.559 999.99 0.259000   4.140 0.000   1.484 0.000   2.656 0.000 0.017 0.000  0.264 0.000
324.25 325.25 9999.99 0.999 999.99 0.999 9.999 0.999000 9.99 0.999000 99.999 0.999 99.999 0.999 999.999 0.999 999.99 0.999000 999.999 0.999 999.999 0.999 999.999 0.999 9.999 0.999 99.999 0.999
327.25 328.25   21.55 0.000   0.36 0.000 9.999 0.259000 9.99 0.259000  0.057 0.000  0.392 0.559   0.705 0.559 999.99 0.259000   3.906 0.000   2.141 0.000   1.755 0.000 0.021 0.000  0.161 0.000
330.25 331.25   13.41 0.000   2.02 0.000 9.999 0.259000 0.32 0.000000  0.338 0.000  1.325 0.000   2.385 0.000 999.99 0.259000   9.017 0.000   0.394 0.000   8.570 0.000 0.042 0.000  0.843 0.000
333.25 334.25   10.85 0.000   3.89 0.000 9.999 0.259000 9.99 0.259000  0.413 0.000  0.547 0.559   0.985 0.559 999.99 0.259000   8.359 0.000   1.930 0.000   6.654 0.000 0.020 0.000  0.671 0.000
336.25 337.25   10.99 0.000   1.51 0.000 9.999 0.259000 9.99 0.259000  2.032 0.000  0.947 0.559   1.705 0.559 999.99 0.259000  17.290 0.000   0.223 0.000  16.973 0.000 0.032 0.000  0.578 0.000
339.25 340.25    6.34 0.000   2.08 0.000 0.007 0.000000 9.99 0.259000  0.788 0.559  0.649 0.559   1.168 0.559 999.99 0.259000  10.775 0.000   2.138 0.000   8.564 0.000 0.036 0.000  0.532 0.559
342.25 343.25   16.89 0.559   2.79 0.559 9.999 0.559259 0.13 0.559000  1.562 0.559  1.886 0.559   3.394 0.559 999.99 0.559259  18.898 0.000   4.164 0.559  14.736 0.659 0.045 0.559  0.383 0.559
345.25 346.25    4.69 0.559   0.21 0.559 9.999 0.559259 9.99 0.559259  0.171 0.000  0.367 0.559   0.661 0.559 999.99 0.559259   3.318 0.000   0.681 0.559   2.638 0.659 0.012 0.559  0.188 0.000
348.25 349.25   11.38 0.000   1.15 0.000 9.999 0.259000 0.22 0.000000  0.105 0.000  0.333 0.559   0.599 0.559 999.99 0.259000   4.976 0.000   1.716 0.000   3.223 0.000 0.013 0.000  0.430 0.000
351.25 352.25    7.20 0.559   1.24 0.559 9.999 0.559259 9.99 0.559259  0.337 0.559  0.317 0.559   0.571 0.559 999.99 0.559259   7.769 0.000   2.171 0.559   5.542 0.659 0.018 0.559  0.536 0.559
354.25 355.25   37.91 0.000   2.21 0.000 9.999 0.259000 9.99 0.259000  0.963 0.000  1.127 0.559   2.028 0.559 999.99 0.259000  19.125 0.000   8.913 0.000  10.211 0.000 0.051 0.000  0.265 0.000
357.25 358.25    3.36 0.000   0.55 0.000 0.004 0.000000 0.10 0.000000  0.369 0.000  0.218 0.559   0.393 0.559 999.99 0.259000   4.424 0.000   0.395 0.000   4.003 0.000 0.007 0.000  0.326 0.000
360.25 361.25    5.69 0.000   1.44 0.000 9.999 0.259000 9.99 0.259000  0.567 0.000  0.504 0.559   0.906 0.559 999.99 0.259000   7.454 0.000   1.057 0.000   6.359 0.000 0.016 0.000  0.810 0.000
363.25 364.25    4.00 0.000   1.03 0.000 9.999 0.259000 9.99 0.259000  0.389 0.000  0.284 0.559   0.511 0.559 999.99 0.259000   5.751 0.000   0.180 0.000   5.538 0.000 0.007 0.000  0.573 0.000
