scripts/IMPROVE-2019_partial/data/US9052R.20050101050000.20191216000000.filterpack..pm25.52w.1w.US03L_filterpack_US9052_2.US03L_IMPROVE_Davis.lev2.nas
52 1001
MISSING INFORMATION
US03L, IMPROVE, , , , , , , 
MISSING INFORMATION
IMPROVE sel_HTAP
1 1
2005 01 01 2019 12 16
3.000000
days from file reference point
13
1 1 1 1 1 1 1 1 1 1 1 1 1
999.999999 9999.99 9.999 99.99 9.999 9.999 9.999999 99.99 9.999 999.999 9.999 9.999 9.999
end_time of measurement, days from the file reference point
iron, ng/m3, Revision date=20181210133000
numflag iron, no unit, Revision date=20181210133000
lead, ng/m3, Revision date=20181210133000
numflag lead, no unit, Revision date=20181210133000
magnesium, ug/m3, Revision date=20181210133000
numflag magnesium, no unit, Revision date=20181210133000
nickel, ng/m3, Revision date=20181210133000
numflag nickel, no unit, Revision date=20181210133000
pm25_mass, ug/m3, Version=2, Version description=Data extracted from http://views.cira.colostate.edu/fed/DataWizard 2019-12-16, Sample duration=1d, Orig. time res.=3d, Blank correction=Blank corrected, Volume std. temperature=ambient, Volume std. pressure=ambient
numflag pm25_mass, no unit, Version=2, Version description=Data extracted from http://views.cira.colostate.edu/fed/DataWizard 2019-12-16, Sample duration=1d, Orig. time res.=3d, Blank correction=Blank corrected, Volume std. temperature=ambient, Volume std. pressure=ambient
potassium, ug/m3, Revision date=20181210133000
numflag potassium, no unit, Revision date=20181210133000
0
25
Data definition:              EBAS_1.1
Set type code:                TU
Timezone:                     UTC
File name:                    US9052R.20050101050000.20191216000000.filterpack..pm25.52w.1w.US03L_filterpack_US9052_2.US03L_IMPROVE_Davis.lev2.nas
File creation:                20191218120903
Startdate:                    20050101050000
Revision date:                20191216000000
Statistics:                   arithmetic mean
Data level:                   2
Period code:                  52w
Resolution code:              1w
Station code:                 US9052R
Platform code:                US9052S
Station name:                 St. Marks
Station latitude:             30.0926
Station longitude:            -84.1614
Station altitude:             7.0 m
Regime:                       IMG
Component:                    
Matrix:                       pm25
Laboratory code:              US03L
Instrument type:              filterpack
Instrument name:              filterpack_US9052_2
Method ref:                   US03L_IMPROVE_Davis
starttime endtime Fe flag_Fe Pb flag_Pb Mg++ flag_Mg++ Ni flag_Ni PM2.5 flag_PM2.5 K+ flag_K+
  0.208333   1.208333    5.84 0.000  1.21 0.000 9.999 0.259000  0.72 0.000   5.498 0.000 0.087 0.000
  3.208333   4.208333    8.07 0.000  0.86 0.000 9.999 0.259000  0.31 0.000   6.085 0.000 0.031 0.000
  6.208333   7.208333    1.97 0.000  0.45 0.000 0.009 0.000000  0.43 0.000   2.634 0.000 0.017 0.000
  9.208333  10.208333    4.59 0.000  1.04 0.000 9.999 0.259000  0.45 0.000   7.244 0.000 0.038 0.000
 12.208333  13.208333   12.58 0.000  0.43 0.000 0.072 0.000000  0.97 0.000   9.511 0.000 0.106 0.000
 15.208333  16.208333   17.61 0.000  1.23 0.000 0.005 0.000000 99.99 0.259   5.253 0.000 0.035 0.000
 18.208333  19.208333   16.47 0.000  2.28 0.000 9.999 0.259000  0.51 0.000   8.553 0.000 0.064 0.000
 21.208333  22.208333   13.33 0.000  1.06 0.000 0.021 0.000000  0.53 0.000   8.752 0.000 0.074 0.000
 24.208333  25.208333   26.22 0.000  1.44 0.000 9.999 0.259000  0.34 0.000   7.810 0.000 0.149 0.000
 27.208333  28.208333 9999.99 0.259  2.13 0.000 9.999 0.259000  1.28 0.000  12.436 0.000 9.999 0.259
 30.208333  31.208333   12.67 0.000  0.63 0.000 9.999 0.259000  0.20 0.000  11.637 0.000 0.046 0.000
 33.208333  34.208333    5.40 0.000  0.37 0.000 9.999 0.259000  1.08 0.000   4.873 0.000 0.020 0.000
 36.208333  37.208333   25.66 0.000  2.11 0.000 9.999 0.259000  1.07 0.000   7.940 0.000 0.063 0.000
 39.208333  40.208333    0.02 0.000  0.25 0.000 9.999 0.259000  0.42 0.000   6.946 0.000 9.999 0.259
 42.208333  43.208333   24.77 0.000  1.74 0.000 0.009 0.000000 99.99 0.259   7.342 0.000 0.054 0.000
 45.208333  46.208333    6.65 0.000 99.99 0.259 0.012 0.000000  0.50 0.000   6.001 0.000 0.060 0.000
 48.208333  49.208333   25.51 0.000  0.76 0.000 9.999 0.259000  0.10 0.000  12.405 0.000 0.121 0.000
 51.208333  52.208333   15.72 0.000  1.01 0.000 0.051 0.000000  0.74 0.000   9.237 0.000 0.060 0.000
 54.208333  55.208333    9.66 0.000  0.79 0.000 0.029 0.000000  0.63 0.000   6.139 0.000 0.064 0.000
 57.208333  58.208333 9999.99 0.259  0.52 0.000 9.999 0.259000  0.36 0.000   4.722 0.000 9.999 0.259
 60.208333  61.208333   19.29 0.000  1.76 0.000 9.999 0.259000  0.33 0.000   6.407 0.000 0.041 0.000
 63.208333  64.208333   22.86 0.000  1.36 0.000 9.999 0.259000  0.25 0.000   7.705 0.000 0.045 0.000
 66.208333  67.208333    0.02 0.000  1.36 0.000 9.999 0.259000  0.29 0.000   3.209 0.000 9.999 0.259
 69.208333  70.208333    0.03 0.000  1.69 0.000 9.999 0.259000  0.25 0.000  12.655 0.000 9.999 0.259
 72.208333  73.208333   17.97 0.000  1.05 0.000 0.042 0.000000  0.55 0.000   7.099 0.000 0.083 0.000
 75.208333  76.208333    0.02 0.000  1.55 0.000 9.999 0.259000  0.24 0.000   3.371 0.000 9.999 0.259
 78.208333  79.208333   26.06 0.000  1.89 0.000 9.999 0.259000  0.26 0.000   9.604 0.000 0.036 0.000
 81.208333  82.208333   11.98 0.000  1.12 0.000 0.060 0.000000 99.99 0.259   7.556 0.000 0.073 0.000
 84.208333  85.208333   31.93 0.000  0.85 0.000 0.016 0.000000  0.46 0.000   5.419 0.000 0.110 0.000
 87.208333  88.208333    0.02 0.000  3.17 0.000 9.999 0.259000  0.20 0.000   6.440 0.000 9.999 0.259
 90.208333  91.208333    9.24 0.000  0.65 0.000 9.999 0.259000  0.24 0.000   4.753 0.000 0.078 0.000
 93.208333  94.208333   15.03 0.000  1.55 0.000 9.999 0.259000  0.27 0.000   5.994 0.000 0.032 0.000
 96.208333  97.208333   22.04 0.000  0.57 0.000 0.079 0.000000  0.67 0.000   7.505 0.000 0.084 0.000
 99.208333 100.208333   31.08 0.000  1.39 0.000 9.999 0.259000  0.46 0.000  10.198 0.000 0.058 0.000
102.208333 103.208333    0.02 0.000  1.30 0.000 9.999 0.259000 99.99 0.259   5.498 0.000 9.999 0.259
105.208333 106.208333   41.24 0.000  1.96 0.000 9.999 0.259000  0.21 0.000   6.648 0.000 0.066 0.000
108.208333 109.208333 9999.99 0.259  2.35 0.000 9.999 0.259000  0.61 0.000   8.547 0.000 9.999 0.259
111.208333 112.208333   74.95 0.000  2.07 0.000 0.035 0.000000  0.52 0.000   8.619 0.000 0.094 0.000
114.208333 115.208333   26.62 0.000  1.81 0.000 9.999 0.259000  0.39 0.000   5.339 0.000 0.039 0.000
117.208333 118.208333 9999.99 0.259  1.66 0.000 9.999 0.259000  0.20 0.000   6.863 0.000 9.999 0.259
120.208333 121.208333   17.24 0.000  0.78 0.000 9.999 0.259000 99.99 0.259   9.873 0.000 0.036 0.000
123.208333 124.208333   34.60 0.000  1.75 0.000 9.999 0.259000  0.37 0.000  11.953 0.000 0.077 0.000
126.208333 127.208333    0.04 0.000  1.00 0.000 9.999 0.259000  0.49 0.000  12.050 0.000 9.999 0.259
129.208333 130.208333   23.07 0.000  1.05 0.000 9.999 0.259000  0.88 0.000   8.820 0.000 0.035 0.000
132.208333 133.208333    0.04 0.000  2.31 0.000 9.999 0.259000  1.53 0.000  19.092 0.000 9.999 0.259
135.208333 136.208333    0.02 0.000  1.43 0.000 9.999 0.259000  0.81 0.000  10.873 0.000 9.999 0.259
138.208333 139.208333   21.66 0.000  0.87 0.000 0.018 0.000000  0.38 0.000   8.011 0.000 0.062 0.000
141.208333 142.208333   11.14 0.000  0.52 0.000 9.999 0.259000  0.38 0.000  10.004 0.000 0.022 0.000
144.208333 145.208333    0.04 0.000  2.31 0.000 9.999 0.259000  0.17 0.000  13.864 0.000 9.999 0.259
147.208333 148.208333    0.02 0.000  1.48 0.000 9.999 0.259000  0.21 0.000  16.616 0.000 9.999 0.259
150.208333 151.208333   31.16 0.000  0.84 0.000 0.013 0.000000  0.52 0.000   4.907 0.000 0.066 0.000
153.208333 154.208333  164.27 0.000  0.43 0.000 0.042 0.000000  0.36 0.000   7.445 0.000 0.087 0.000
156.208333 157.208333  285.38 0.000  0.78 0.000 0.059 0.000000  0.70 0.000   9.018 0.000 0.123 0.000
159.208333 160.208333   73.56 0.000  0.89 0.000 9.999 0.259000  0.80 0.000   7.593 0.000 0.068 0.000
162.208333 163.208333   20.82 0.000  0.91 0.000 0.061 0.000000  0.99 0.000   7.219 0.000 0.050 0.000
165.208333 166.208333   18.35 0.000  0.73 0.000 9.999 0.259000  0.58 0.000  10.363 0.000 0.042 0.000
168.208333 169.208333   37.60 0.000  1.30 0.000 9.999 0.259000  0.14 0.000  14.095 0.000 0.066 0.000
171.208333 172.208333   11.10 0.000  0.85 0.000 0.041 0.000000  1.07 0.000  10.265 0.000 0.062 0.000
174.208333 175.208333   21.31 0.000  1.03 0.000 0.012 0.000000  0.55 0.000  18.556 0.000 0.074 0.000
177.208333 178.208333   12.68 0.000  0.42 0.000 9.999 0.259000  0.42 0.000   7.676 0.000 0.024 0.000
180.208333 181.208333   67.52 0.000  0.41 0.000 9.999 0.259000  0.24 0.000   5.472 0.000 0.049 0.000
183.208333 184.208333  113.53 0.000  0.59 0.000 0.019 0.000000  0.25 0.000   8.640 0.000 0.075 0.000
186.208333 187.208333  525.66 0.000  1.87 0.000 0.094 0.000000  0.60 0.000  15.513 0.000 0.224 0.000
189.208333 190.208333  217.57 0.000  0.35 0.000 0.038 0.000000  0.27 0.000   8.595 0.000 0.103 0.000
192.208333 193.208333  101.06 0.000  0.61 0.000 9.999 0.259000  0.41 0.000   5.858 0.000 0.053 0.000
195.208333 196.208333  148.10 0.000  0.62 0.000 9.999 0.259000  1.01 0.000   8.503 0.000 0.060 0.000
198.208333 199.208333   56.56 0.000  0.54 0.000 9.999 0.259000  1.40 0.000   6.400 0.000 0.035 0.000
201.208333 202.208333   10.25 0.000  1.11 0.000 0.006 0.000000  0.65 0.000   6.432 0.000 0.046 0.000
204.208333 205.208333   26.14 0.000  1.18 0.000 9.999 0.259000  0.43 0.000  20.848 0.000 0.048 0.000
207.208333 208.208333   25.09 0.000  1.62 0.000 9.999 0.259000  0.49 0.000  24.144 0.000 0.046 0.000
210.208333 211.208333    7.60 0.000  0.21 0.000 0.021 0.000000  0.22 0.000   4.437 0.000 0.038 0.000
213.208333 214.208333   69.03 0.000  0.61 0.000 9.999 0.259000  0.68 0.000   6.279 0.000 0.048 0.000
216.208333 217.208333   16.17 0.000  0.46 0.000 9.999 0.259000  1.86 0.000   4.577 0.000 0.041 0.000
219.208333 220.208333   13.08 0.000  0.63 0.000 9.999 0.259000  0.28 0.000   7.242 0.000 0.026 0.000
222.208333 223.208333   15.38 0.000  1.95 0.000 9.999 0.259000  0.45 0.000  15.865 0.000 0.038 0.000
225.208333 226.208333   27.46 0.000  0.78 0.000 9.999 0.259000  0.29 0.000  15.460 0.000 0.032 0.000
228.208333 229.208333 9999.99 0.456 99.99 0.456 9.999 0.456000 99.99 0.456 999.999 0.456 9.999 0.456
231.208333 232.208333 9999.99 0.456 99.99 0.456 9.999 0.456000 99.99 0.456 999.999 0.456 9.999 0.456
234.208333 235.208333 9999.99 0.456 99.99 0.456 9.999 0.456000 99.99 0.456 999.999 0.456 9.999 0.456
237.208333 238.208333   20.00 0.000  0.80 0.000 0.015 0.000000  0.54 0.000   9.707 0.000 0.039 0.000
240.208333 241.208333   25.21 0.000  0.51 0.000 9.999 0.259000  0.75 0.000   6.533 0.000 0.060 0.000
243.208333 244.208333   12.66 0.000  1.07 0.000 0.011 0.000000  0.57 0.000  11.596 0.000 0.041 0.000
246.208333 247.208333   35.16 0.000  2.17 0.000 9.999 0.259000  0.70 0.000  29.275 0.000 0.052 0.000
249.208333 250.208333   15.74 0.000  0.82 0.000 0.018 0.000000  0.36 0.000   7.017 0.000 0.043 0.000
252.208333 253.208333   34.67 0.000  2.54 0.000 9.999 0.259000  0.47 0.000  11.364 0.000 0.058 0.000
255.208333 256.208333   44.80 0.000  3.52 0.000 9.999 0.259000  0.55 0.000  23.821 0.000 0.050 0.000
258.208333 259.208333   42.61 0.000  3.80 0.000 9.999 0.259000  0.84 0.000  33.402 0.000 0.081 0.000
261.208333 262.208333   36.24 0.000  1.61 0.000 9.999 0.259000  2.41 0.000  19.093 0.000 0.063 0.000
264.208333 265.208333    6.20 0.000  0.60 0.000 9.999 0.259000  1.26 0.000   4.545 0.000 0.032 0.000
267.208333 268.208333   14.39 0.000  0.93 0.000 9.999 0.259000  1.63 0.000   4.893 0.000 0.021 0.000
270.208333 271.208333   11.77 0.000  0.92 0.000 9.999 0.259000  2.45 0.000   9.486 0.000 0.036 0.000
273.208333 274.208333   11.73 0.000  0.54 0.000 0.068 0.000000  2.03 0.000   8.111 0.000 0.033 0.000
276.208333 277.208333 9999.99 0.456 99.99 0.456 9.999 0.456000 99.99 0.456 999.999 0.456 9.999 0.456
279.208333 280.208333    6.11 0.000  0.33 0.000 0.015 0.000000  1.12 0.000   6.268 0.000 0.034 0.000
282.208333 283.208333   16.22 0.000  1.46 0.000 9.999 0.259000  0.31 0.000  14.279 0.000 0.038 0.000
285.208333 286.208333    8.98 0.000  0.46 0.000 9.999 0.259000  0.38 0.000   6.465 0.000 0.033 0.000
288.208333 289.208333   39.92 0.000  3.05 0.000 9.999 0.259000  0.53 0.000  16.372 0.000 0.076 0.000
291.208333 292.208333   39.22 0.000  2.83 0.000 9.999 0.259000  0.82 0.000  19.739 0.000 0.067 0.000
294.208333 295.208333   24.32 0.000  1.24 0.000 0.027 0.000000  1.15 0.000  12.646 0.000 0.047 0.000
297.208333 298.208333   20.31 0.000  1.15 0.000 9.999 0.259000 99.99 0.259   6.054 0.000 0.022 0.000
300.208333 301.208333   45.11 0.000  2.36 0.000 9.999 0.259000  0.56 0.000  14.284 0.000 0.082 0.000
303.208333 304.208333   23.39 0.000  2.05 0.000 9.999 0.259000  0.94 0.000  10.572 0.000 0.050 0.000
306.208333 307.208333   28.43 0.000  2.24 0.000 9.999 0.259000  1.03 0.000  15.830 0.000 0.071 0.000
309.208333 310.208333    9.75 0.000  1.18 0.000 9.999 0.259000  0.83 0.000   5.883 0.000 0.041 0.000
312.208333 313.208333   30.20 0.000  1.45 0.000 9.999 0.259000  0.84 0.000  19.061 0.000 0.060 0.000
315.208333 316.208333   14.77 0.000  0.60 0.000 9.999 0.259000  0.49 0.000   5.857 0.000 0.034 0.000
318.208333 319.208333    5.96 0.000  0.27 0.000 0.054 0.000000  0.52 0.000   5.276 0.000 0.030 0.000
321.208333 322.208333   45.48 0.456  1.49 0.456 9.999 0.456259  0.25 0.456 999.999 0.456 0.047 0.456
324.208333 325.208333    9.23 0.000  0.76 0.000 9.999 0.259000 99.99 0.259   5.175 0.000 0.029 0.000
327.208333 328.208333   25.28 0.000  0.66 0.000 0.035 0.000000  0.68 0.000   8.884 0.000 0.097 0.000
330.208333 331.208333   16.83 0.000  0.89 0.000 0.026 0.000000  2.97 0.000   8.911 0.000 0.089 0.000
333.208333 334.208333   23.75 0.000  1.01 0.000 9.999 0.259000 99.99 0.259   5.506 0.000 0.047 0.000
336.208333 337.208333   21.47 0.000  2.02 0.000 0.010 0.000000  0.79 0.000   7.916 0.000 0.074 0.000
339.208333 340.208333   16.78 0.000  2.42 0.000 9.999 0.259000  0.37 0.000   8.083 0.000 0.038 0.000
342.208333 343.208333 9999.99 0.999 99.99 0.999 9.999 0.999000 99.99 0.999 999.999 0.999 9.999 0.999
345.208333 346.208333   12.92 0.000  1.50 0.000 9.999 0.259000  0.69 0.000   5.562 0.000 0.046 0.000
348.208333 349.208333   12.08 0.000  1.25 0.000 0.047 0.000000  1.30 0.000   8.688 0.000 0.101 0.000
351.208333 352.208333    3.38 0.000  0.76 0.000 9.999 0.259000  0.19 0.000   3.407 0.000 0.016 0.000
354.208333 355.208333   24.15 0.000  2.30 0.000 9.999 0.259000  0.56 0.000   7.119 0.000 0.072 0.000
357.208333 358.208333   17.80 0.000  1.93 0.000 0.026 0.000000  0.92 0.000   9.549 0.000 0.080 0.000
360.208333 361.208333    7.51 0.000  1.26 0.000 9.999 0.259000  0.68 0.000   5.667 0.000 0.034 0.000
363.208333 364.208333   14.57 0.000  1.57 0.000 9.999 0.259000  0.45 0.000   8.304 0.000 0.064 0.000
