scripts/IMPROVE-2019_partial/data/US9043R.19960103080000.20191216000000.filterpack...1y.3d.US03L_filterpack_US9043.US03L_IMPROVE_Davis.lev2.nas
51 1001
MISSING INFORMATION
US03L, IMPROVE, , , , , , , 
MISSING INFORMATION
IMPROVE sel_HTAP
1 1
1996 01 01 2019 12 16
0
days from file reference point
4
1 1 1 1
999.999999 999.999 999.999 9.999
end_time of measurement, days from the file reference point
pm10_mass, ug/m3, Matrix=pm10
pm25_mass, ug/m3, Matrix=pm25
numflag, no unit
0
33
Data definition:              EBAS_1.1
Set type code:                TI
Timezone:                     UTC
File name:                    US9043R.19960103080000.20191216000000.filterpack...1y.3d.US03L_filterpack_US9043.US03L_IMPROVE_Davis.lev2.nas
File creation:                20191218120816
Startdate:                    19960103080000
Revision date:                20191216000000
Version:                      2
Version description:          "Data extracted from http://views.cira.colostate.edu/fed/DataWizard 2019-12-16"
Statistics:                   arithmetic mean
Data level:                   2
Period code:                  1y
Resolution code:              3d
Sample duration:              1d
Orig. time res.:              3d
Station code:                 US9043R
Platform code:                US9043S
Station name:                 San Gorgonio Wilderness
Station latitude:             34.1939
Station longitude:            -116.9132
Station altitude:             1726.0 m
Regime:                       IMG
Component:                    
Unit:                         ug/m3
Matrix:                       
Laboratory code:              US03L
Instrument type:              filterpack
Instrument name:              filterpack_US9043
Method ref:                   US03L_IMPROVE_Davis
Blank correction:             Blank corrected
Volume std. temperature:      ambient
Volume std. pressure:         ambient
starttime endtime PM10 PM2.5 flag
  2.333333   3.333333   4.468   1.916 0.000
  5.333333   6.333333   1.797   0.342 0.000
  9.333333  10.333333   4.905   0.919 0.000
 12.333333  13.333333   4.371   2.008 0.000
 16.333333  17.333333   8.363   2.986 0.000
 19.333333  20.333333   4.597   2.222 0.000
 23.333333  24.333333  13.253   7.015 0.000
 26.333333  27.333333   7.825   4.688 0.000
 30.333333  31.333333   5.185   1.719 0.000
 33.333333  34.333333   5.270   3.573 0.000
 37.333333  38.333333   2.598   1.115 0.000
 40.333333  41.333333   5.508   2.584 0.000
 44.333333  45.333333  14.034   6.787 0.000
 47.333333  48.333333  10.097   5.713 0.000
 51.333333  52.333333   9.528   1.970 0.000
 54.333333  55.333333  16.121   6.912 0.000
 58.333333  59.333333   5.609   3.279 0.000
 61.333333  62.333333   2.778   1.190 0.000
 65.333333  66.333333   5.371   0.758 0.000
 68.333333  69.333333   5.064   4.609 0.000
 72.333333  73.333333   8.303   6.492 0.000
 75.333333  76.333333   8.341   7.634 0.000
 79.333333  80.333333  26.882  18.992 0.000
 82.333333  83.333333   8.341   4.425 0.000
 86.333333  87.333333  31.140  21.780 0.000
 89.333333  90.333333  13.743   7.102 0.000
 93.333333  94.333333  19.873  12.607 0.000
 96.333333  97.333333   7.092   2.951 0.000
100.333333 101.333333  23.008  14.772 0.000
103.333333 104.333333  17.267   8.445 0.000
107.333333 108.333333  11.875   7.065 0.000
110.333333 111.333333  23.229  17.827 0.000
114.333333 115.333333  28.510  15.301 0.000
117.333333 118.333333  20.005  12.830 0.000
121.333333 122.333333  24.148  13.140 0.000
124.333333 125.333333  25.600  18.919 0.000
128.333333 129.333333 999.999 999.999 0.999
131.333333 132.333333 999.999 999.999 0.999
135.333333 136.333333  18.914   9.873 0.000
138.333333 139.333333  14.447   7.579 0.000
142.333333 143.333333  26.967  15.544 0.000
145.333333 146.333333  19.952  12.323 0.000
149.333333 150.333333  18.676  11.366 0.000
152.333333 153.333333  22.620  12.160 0.000
156.333333 157.333333  22.538  13.465 0.000
159.333333 160.333333  23.231  16.012 0.000
163.333333 164.333333  18.093   9.506 0.000
166.333333 167.333333  21.525   9.648 0.000
170.333333 171.333333  20.609   6.886 0.000
173.333333 174.333333  22.545  10.887 0.000
177.333333 178.333333  14.034   5.032 0.000
180.333333 181.333333  15.374   5.319 0.000
184.333333 185.333333 999.999 999.999 0.999
187.333333 188.333333 999.999 999.999 0.999
191.333333 192.333333  28.120  14.092 0.000
194.333333 195.333333  18.087  11.082 0.000
198.333333 199.333333 999.999 999.999 0.999
201.333333 202.333333  22.727  13.833 0.000
205.333333 206.333333  12.971   6.288 0.000
208.333333 209.333333  19.459  12.226 0.000
212.333333 213.333333  12.456   6.487 0.000
215.333333 216.333333  17.077   9.402 0.000
219.333333 220.333333  23.480  12.774 0.000
222.333333 223.333333  22.141  11.888 0.000
226.333333 227.333333  18.074  10.012 0.000
229.333333 230.333333  18.756  11.067 0.000
233.333333 234.333333 999.999 999.999 0.999
236.333333 237.333333  10.241   5.424 0.000
240.333333 241.333333  14.441   6.675 0.000
243.333333 244.333333  16.031  10.147 0.000
247.333333 248.333333 999.999 999.999 0.999
250.333333 251.333333 999.999 999.999 0.999
254.333333 255.333333 999.999 999.999 0.999
257.333333 258.333333 999.999 999.999 0.999
261.333333 262.333333  19.610   8.747 0.000
264.333333 265.333333  22.784  10.284 0.000
268.333333 269.333333 999.999 999.999 0.999
271.333333 272.333333  19.755   4.819 0.000
275.333333 276.333333  12.992   5.454 0.000
278.333333 279.333333  10.732   5.365 0.000
282.333333 283.333333 999.999 999.999 0.999
285.333333 286.333333  34.091   7.936 0.000
289.333333 290.333333 999.999 999.999 0.999
292.333333 293.333333 999.999 999.999 0.999
296.333333 297.333333   6.319   4.325 0.000
299.333333 300.333333  17.778   4.016 0.000
303.333333 304.333333 999.999   4.739 0.000
306.333333 307.333333   8.410   4.909 0.000
310.333333 311.333333   9.777   7.971 0.000
313.333333 314.333333  10.538   4.947 0.000
317.333333 318.333333  11.866   3.219 0.000
320.333333 321.333333 999.999   8.043 0.000
324.333333 325.333333  13.086   6.944 0.000
327.333333 328.333333   2.489   1.279 0.000
331.333333 332.333333  13.327   3.364 0.000
334.333333 335.333333   7.752   1.420 0.000
338.333333 339.333333   4.182 999.999 0.000
341.333333 342.333333   4.630   1.240 0.000
345.333333 346.333333 999.999   1.308 0.000
348.333333 349.333333   3.842   1.240 0.000
352.333333 353.333333   2.170   1.798 0.000
355.333333 356.333333   6.583   5.123 0.000
359.333333 360.333333 999.999 999.999 0.999
362.333333 363.333333 999.999 999.999 0.999
