scripts/IMPROVE-2019_partial/data/US9031R.20050101090000.20191216000000.filterpack..pm25.52w.1w.US03L_filterpack_US9031.US03L_IMPROVE_Davis.lev2.nas
66 1001
MISSING INFORMATION
US03L, IMPROVE, , , , , , , 
MISSING INFORMATION
IMPROVE sel_HTAP
1 1
2005 01 01 2019 12 16
3.000
days from file reference point
27
1 1 1 1 1 1 1 1 1 1 1 1 1 1 1 1 1 1 1 1 1 1 1 1 1 1 1
999.999 999.99 9.999 99.99 9.999999 9.999 9.999999 9.99 9.999999 9.999 9.999 999.999 9.999 999.999 9.999 999.99 9.999999 999.999 9.999 999.999 9.999 999.999 9.999 9.999 9.999 9.999 9.999
end_time of measurement, days from the file reference point
iron, ng/m3, Revision date=20181210133000
numflag iron, no unit, Revision date=20181210133000
lead, ng/m3, Revision date=20181210133000
numflag lead, no unit, Revision date=20181210133000
magnesium, ug/m3, Revision date=20181210133000
numflag magnesium, no unit, Revision date=20181210133000
nickel, ng/m3, Revision date=20181210133000
numflag nickel, no unit, Revision date=20181210133000
nitrate, ug N/m3, Revision date=20181210133000
numflag nitrate, no unit, Revision date=20181210133000
organic_carbon, ug C/m3, Revision date=20181210133000
numflag organic_carbon, no unit, Revision date=20181210133000
organic_mass, ug/m3, Revision date=20181210133000
numflag organic_mass, no unit, Revision date=20181210133000
phosphorus, ng/m3, Revision date=20181210133000
numflag phosphorus, no unit, Revision date=20181210133000
pm10_mass, ug/m3, Version=2, Version description=Data extracted from http://views.cira.colostate.edu/fed/DataWizard 2019-12-16, Sample duration=1d, Orig. time res.=3d, Matrix=pm10, Blank correction=Blank corrected, Volume std. temperature=ambient, Volume std. pressure=ambient
numflag pm10_mass, no unit, Version=2, Version description=Data extracted from http://views.cira.colostate.edu/fed/DataWizard 2019-12-16, Sample duration=1d, Orig. time res.=3d, Matrix=pm10, Blank correction=Blank corrected, Volume std. temperature=ambient, Volume std. pressure=ambient
pm10_pm25_mass, ug/m3, Revision date=20181210133000, Matrix=pm10_pm25
numflag pm10_pm25_mass, no unit, Revision date=20181210133000, Matrix=pm10_pm25
pm25_mass, ug/m3, Version=2, Version description=Data extracted from http://views.cira.colostate.edu/fed/DataWizard 2019-12-16, Sample duration=1d, Orig. time res.=3d, Blank correction=Blank corrected, Volume std. temperature=ambient, Volume std. pressure=ambient
numflag pm25_mass, no unit, Version=2, Version description=Data extracted from http://views.cira.colostate.edu/fed/DataWizard 2019-12-16, Sample duration=1d, Orig. time res.=3d, Blank correction=Blank corrected, Volume std. temperature=ambient, Volume std. pressure=ambient
potassium, ug/m3, Revision date=20181210133000
numflag potassium, no unit, Revision date=20181210133000
sulphate_total, ug S/m3, Revision date=20181210133000
numflag sulphate_total, no unit, Revision date=20181210133000
0
25
Data definition:              EBAS_1.1
Set type code:                TU
Timezone:                     UTC
File name:                    US9031R.20050101090000.20191216000000.filterpack..pm25.52w.1w.US03L_filterpack_US9031.US03L_IMPROVE_Davis.lev2.nas
File creation:                20191218120717
Startdate:                    20050101090000
Revision date:                20191216000000
Statistics:                   arithmetic mean
Data level:                   2
Period code:                  52w
Resolution code:              1w
Station code:                 US9031R
Platform code:                US9031S
Station name:                 Tuxedni
Station latitude:             59.9925
Station longitude:            -152.6656
Station altitude:             15.0 m
Regime:                       IMG
Component:                    
Matrix:                       pm25
Laboratory code:              US03L
Instrument type:              filterpack
Instrument name:              filterpack_US9031
Method ref:                   US03L_IMPROVE_Davis
starttime endtime Fe flag_Fe Pb flag_Pb Mg++ flag_Mg++ Ni flag_Ni NO3- flag_NO3- OC flag_OC OM flag_OM P flag_P PM10 flag_PM10 PM10-PM2.5 flag_PM10-PM2.5 PM2.5 flag_PM2.5 K+ flag_K+ SO4-- flag_SO4--
  0.375   1.375   4.74 0.000  0.78 0.000000 0.010 0.000000 0.07 0.000000 0.026 0.000   0.076 0.000   0.138 0.000 999.99 0.259000   2.217 0.000   0.984 0.000   1.232 0.000 0.011 0.000 0.131 0.000
  3.375   4.375   0.29 0.000  0.15 0.000000 9.999 0.259000 0.08 0.000000 0.005 0.000   0.245 0.000   0.441 0.000 999.99 0.259000   1.497 0.000   0.528 0.000   0.975 0.000 0.004 0.000 0.027 0.000
  6.375   7.375   5.83 0.000  0.20 0.000000 9.999 0.259000 0.07 0.000000 0.044 0.000   0.027 0.000   0.049 0.000 999.99 0.259000   2.136 0.000   1.019 0.000   1.117 0.000 0.007 0.000 0.079 0.000
  9.375  10.375  11.05 0.000  0.65 0.000000 9.999 0.259000 0.14 0.000000 0.032 0.000   0.039 0.000   0.070 0.000 999.99 0.259000   2.057 0.000   0.640 0.000   1.416 0.000 0.008 0.000 0.095 0.000
 12.375  13.375   5.39 0.000  0.78 0.000000 9.999 0.259000 9.99 0.259000 0.009 0.000   0.062 0.000   0.112 0.000 999.99 0.259000   1.715 0.000   0.781 0.000   0.934 0.000 0.007 0.000 0.148 0.000
 15.375  16.375   1.99 0.000  0.22 0.000000 9.999 0.259000 0.25 0.000000 0.009 0.000   0.017 0.000   0.031 0.000 999.99 0.259000   1.619 0.000   1.219 0.000   0.401 0.000 0.003 0.000 0.039 0.000
 18.375  19.375   6.40 0.000  0.28 0.000000 9.999 0.259000 0.09 0.000000 0.006 0.000   0.012 0.000   0.021 0.000 999.99 0.259000   1.417 0.000   0.772 0.000   0.645 0.000 0.004 0.000 0.075 0.000
 21.375  22.375   1.18 0.000  0.24 0.000000 9.999 0.259000 0.12 0.000000 0.003 0.000   0.097 0.000   0.174 0.000 999.99 0.259000   0.371 0.000   0.215 0.000   0.156 0.000 0.001 0.000 0.017 0.000
 24.375  25.375   0.59 0.000 99.99 0.259000 9.999 0.259000 9.99 0.259000 0.007 0.000   0.108 0.000   0.195 0.000 999.99 0.259000   0.577 0.000   0.432 0.000   0.151 0.000 0.001 0.000 0.015 0.000
 27.375  28.375   2.40 0.000  0.16 0.000000 9.999 0.259000 9.99 0.259000 0.004 0.000   0.054 0.000   0.098 0.000 999.99 0.259000   0.582 0.000   0.336 0.000   0.246 0.000 0.002 0.000 0.041 0.000
 30.375  31.375  11.09 0.000  0.26 0.000000 9.999 0.259000 0.21 0.000000 0.007 0.000   0.055 0.000   0.098 0.000 999.99 0.259000   1.628 0.000   1.101 0.000   0.527 0.000 0.006 0.000 0.088 0.000
 33.375  34.375   8.24 0.000  0.22 0.000000 0.005 0.000000 0.06 0.000000 0.014 0.000   0.003 0.000   0.006 0.000 999.99 0.259000   1.223 0.000   0.414 0.000   0.810 0.000 0.004 0.000 0.080 0.000
 36.375  37.375   2.39 0.000  0.19 0.000000 9.999 0.259000 9.99 0.259000 0.007 0.000 999.999 0.259 999.999 0.259 999.99 0.259000   0.904 0.000   0.407 0.000   0.500 0.000 0.002 0.000 0.031 0.000
 39.375  40.375   1.08 0.000 99.99 0.259000 0.038 0.000000 0.19 0.000000 0.009 0.000   0.025 0.000   0.046 0.000 999.99 0.259000   3.857 0.000   1.700 0.000   2.140 0.000 0.013 0.000 0.094 0.000
 42.375  43.375   4.72 0.000  0.20 0.000000 0.006 0.000000 0.16 0.000000 0.031 0.000   0.014 0.000   0.024 0.000 999.99 0.259000   1.728 0.000   0.431 0.000   1.297 0.000 0.007 0.000 0.159 0.000
 45.375  46.375   0.90 0.000 99.99 0.259000 0.120 0.000000 0.17 0.000000 0.018 0.000   0.051 0.000   0.091 0.000 999.99 0.259000   7.591 0.000   3.217 0.000   4.409 0.000 0.026 0.000 0.140 0.000
 48.375  49.375   2.92 0.000  0.22 0.000000 9.999 0.259000 0.10 0.000000 0.018 0.000 999.999 0.259 999.999 0.259 999.99 0.259000   1.330 0.000   0.625 0.000   0.705 0.000 0.004 0.000 0.052 0.000
 51.375  52.375   0.27 0.000 99.99 0.259000 9.999 0.259000 9.99 0.259000 0.001 0.000 999.999 0.259 999.999 0.259 999.99 0.259000   0.290 0.000   0.071 0.000   0.219 0.000 0.001 0.000 0.002 0.000
 54.375  55.375   1.14 0.000  0.13 0.000000 0.009 0.000000 0.07 0.000000 0.006 0.000   0.013 0.000   0.024 0.000 999.99 0.259000   0.906 0.000   0.484 0.000   0.422 0.000 0.003 0.000 0.016 0.000
 57.375  58.375   1.61 0.000  0.14 0.000000 9.999 0.259000 0.16 0.000000 0.005 0.000 999.999 0.259 999.999 0.259 999.99 0.259000   0.540 0.000   0.267 0.000   0.273 0.000 0.002 0.000 0.023 0.000
 60.375  61.375   3.82 0.000  0.59 0.000000 9.999 0.259000 0.22 0.000000 0.005 0.000   0.017 0.000   0.031 0.000 999.99 0.259000   0.869 0.000   0.439 0.000   0.430 0.000 0.004 0.000 0.044 0.000
 63.375  64.375   1.03 0.000  0.45 0.000000 9.999 0.259000 9.99 0.259000 0.014 0.000 999.999 0.259 999.999 0.259 999.99 0.259000   1.448 0.000   0.610 0.000   0.838 0.000 0.005 0.000 0.029 0.000
 66.375  67.375   2.11 0.000 99.99 0.259000 0.043 0.000000 0.29 0.000000 0.007 0.000   0.193 0.000   0.348 0.000 999.99 0.259000   3.963 0.000   2.254 0.000   1.738 0.000 0.015 0.000 0.050 0.000
 69.375  70.375  11.67 0.000  1.56 0.000000 0.233 0.000000 0.19 0.000000 0.035 0.000   0.170 0.000   0.306 0.000 999.99 0.259000  24.044 0.000  14.573 0.000   9.469 0.000 0.082 0.000 0.443 0.000
 72.375  73.375   3.11 0.000  0.71 0.000000 0.009 0.000000 0.39 0.000000 0.067 0.000   0.079 0.000   0.142 0.000 999.99 0.259000   2.111 0.000   0.719 0.000   1.391 0.000 0.008 0.000 0.143 0.000
 75.375  76.375  18.41 0.000  1.23 0.000000 9.999 0.259000 0.11 0.000000 0.013 0.000   0.078 0.000   0.140 0.000 999.99 0.259000   2.604 0.000   1.157 0.000   1.446 0.000 0.012 0.000 0.203 0.000
 78.375  79.375  16.93 0.000  1.29 0.000000 0.011 0.000000 0.08 0.000000 0.011 0.000   0.172 0.000   0.309 0.000 999.99 0.259000   5.935 0.000   3.361 0.000   2.574 0.000 0.025 0.000 0.287 0.000
 81.375  82.375   7.35 0.000  0.77 0.000000 9.999 0.259000 0.09 0.000000 0.017 0.000   0.049 0.000   0.088 0.000 999.99 0.259000   3.928 0.000   1.979 0.000   1.969 0.000 0.013 0.000 0.260 0.000
 84.375  85.375   2.36 0.000 99.99 0.259000 9.999 0.259000 0.25 0.000000 0.003 0.000   0.126 0.000   0.226 0.000 999.99 0.259000   1.986 0.000   0.979 0.000   1.006 0.000 0.006 0.000 0.069 0.000
 87.375  88.375   9.47 0.000  0.93 0.000000 9.999 0.259000 9.99 0.259000 0.008 0.000   0.496 0.000   0.893 0.000 999.99 0.259000   2.250 0.000   0.698 0.000   1.561 0.000 0.013 0.000 0.239 0.000
 90.375  91.375   5.61 0.000  0.57 0.000000 0.039 0.000000 9.99 0.259000 0.027 0.000   0.124 0.000   0.224 0.000 999.99 0.259000   4.592 0.000   2.122 0.000   2.492 0.000 0.019 0.000 0.207 0.000
 93.375  94.375   7.56 0.000  1.02 0.000000 0.008 0.000000 9.99 0.259000 0.029 0.000   0.163 0.000   0.294 0.000 999.99 0.259000   2.491 0.000   0.362 0.000   2.128 0.000 0.013 0.000 0.351 0.000
 96.375  97.375   1.55 0.000  0.52 0.000000 0.013 0.000000 9.99 0.259000 0.013 0.000   0.074 0.000   0.133 0.000 999.99 0.259000   2.056 0.000   1.267 0.000   0.789 0.000 0.008 0.000 0.062 0.000
 99.375 100.375   5.90 0.000  0.62 0.000000 9.999 0.259000 9.99 0.259000 0.006 0.000   0.102 0.000   0.184 0.000 999.99 0.259000   0.987 0.000   0.333 0.000   0.654 0.000 0.007 0.000 0.118 0.000
102.375 103.375   5.96 0.000  0.48 0.000000 9.999 0.259000 9.99 0.259000 0.008 0.000   0.059 0.000   0.107 0.000 999.99 0.259000   1.557 0.000   0.723 0.000   0.834 0.000 0.007 0.000 0.156 0.000
105.375 106.375   6.99 0.000  0.71 0.000000 0.009 0.000000 9.99 0.259000 0.008 0.000   0.119 0.000   0.215 0.000 999.99 0.259000   1.680 0.000   0.713 0.000   0.968 0.000 0.010 0.000 0.146 0.000
108.375 109.375   0.52 0.000  0.16 0.000000 9.999 0.259000 9.99 0.259000 0.005 0.000   0.024 0.000   0.044 0.000 999.99 0.259000   0.899 0.000   0.406 0.000   0.493 0.000 0.004 0.000 0.029 0.000
111.375 112.375  16.29 0.000  1.11 0.000000 0.242 0.000000 0.09 0.000000 0.060 0.000   0.171 0.000   0.307 0.000 999.99 0.259000  14.978 0.000   7.161 0.000   7.818 0.000 0.079 0.000 0.425 0.000
114.375 115.375  11.74 0.000  0.73 0.000000 9.999 0.259000 9.99 0.259000 0.004 0.000   0.137 0.000   0.246 0.000 999.99 0.259000   1.417 0.000   0.461 0.000   0.956 0.000 0.013 0.000 0.145 0.000
117.375 118.375  32.55 0.000  1.04 0.000000 9.999 0.259000 0.10 0.000000 0.015 0.000   0.320 0.000   0.575 0.000 999.99 0.259000   4.493 0.000   2.114 0.000   2.378 0.000 0.026 0.000 0.267 0.000
120.375 121.375  31.49 0.000  1.41 0.000000 0.005 0.000000 9.99 0.259000 0.019 0.000   0.605 0.000   1.089 0.000 999.99 0.259000   5.267 0.000   2.391 0.000   2.875 0.000 0.027 0.000 0.252 0.000
123.375 124.375   7.44 0.000  0.64 0.000000 0.006 0.000000 0.12 0.000000 0.015 0.000   0.149 0.000   0.269 0.000 999.99 0.259000   2.555 0.000   1.136 0.000   1.419 0.000 0.010 0.000 0.192 0.000
126.375 127.375  11.46 0.000  1.03 0.000000 9.999 0.259000 9.99 0.259000 0.015 0.000   0.189 0.000   0.340 0.000 999.99 0.259000   4.647 0.000   3.227 0.000   1.419 0.000 0.014 0.000 0.135 0.000
129.375 130.375  12.32 0.000  0.56 0.000000 0.006 0.000000 9.99 0.259000 0.027 0.000   0.583 0.000   1.050 0.000 999.99 0.259000   5.143 0.000   2.794 0.000   2.358 0.000 0.015 0.000 0.204 0.000
132.375 133.375   8.52 0.000  0.43 0.000000 9.999 0.259000 9.99 0.259000 0.010 0.000   0.189 0.000   0.341 0.000 999.99 0.259000   2.924 0.000   1.990 0.000   0.934 0.000 0.008 0.000 0.064 0.000
135.375 136.375   5.62 0.000  0.28 0.000000 9.999 0.259000 9.99 0.259000 0.015 0.000   0.328 0.000   0.590 0.000 999.99 0.259000   2.432 0.000   0.938 0.000   1.504 0.000 0.007 0.000 0.146 0.000
138.375 139.375   9.92 0.000  0.68 0.000000 9.999 0.259000 0.09 0.000000 0.008 0.000   0.374 0.000   0.673 0.000 999.99 0.259000   5.773 0.000   3.773 0.000   1.999 0.000 0.013 0.000 0.197 0.000
141.375 142.375   4.67 0.000  0.22 0.000000 9.999 0.259000 0.09 0.000000 0.031 0.000   0.749 0.000   1.348 0.000 999.99 0.259000   6.253 0.000   3.910 0.000   2.342 0.000 0.013 0.000 0.123 0.000
144.375 145.375 999.99 0.999 99.99 0.999000 9.999 0.999000 9.99 0.999000 9.999 0.999 999.999 0.999 999.999 0.999 999.99 0.999000 999.999 0.999 999.999 0.999 999.999 0.999 9.999 0.999 9.999 0.999
147.375 148.375   3.69 0.000  0.19 0.000000 0.011 0.000000 9.99 0.259000 0.007 0.000   0.342 0.000   0.615 0.000   2.28 0.000000   3.785 0.000   2.844 0.000   0.940 0.000 0.007 0.000 0.015 0.000
150.375 151.375   2.94 0.000  0.18 0.000000 0.009 0.000000 9.99 0.259000 0.029 0.000   0.208 0.000   0.375 0.000 999.99 0.259000   4.398 0.000   2.820 0.000   1.580 0.000 0.009 0.000 0.114 0.000
153.375 154.375   3.30 0.000  0.16 0.000000 9.999 0.259000 0.04 0.000000 0.015 0.000   0.300 0.000   0.540 0.000 999.99 0.259000   5.010 0.000   2.594 0.000   2.416 0.000 0.010 0.000 0.257 0.000
156.375 157.375  17.83 0.000  0.29 0.000000 0.028 0.000000 0.19 0.000000 0.056 0.000   0.640 0.000   1.152 0.000 999.99 0.259000  10.820 0.000   6.015 0.000   4.804 0.000 0.024 0.000 0.398 0.000
159.375 160.375   3.30 0.000  0.20 0.000000 9.999 0.259000 9.99 0.259000 0.008 0.000   0.139 0.000   0.250 0.000 999.99 0.259000   4.052 0.000   3.197 0.000   0.855 0.000 0.007 0.000 0.059 0.000
162.375 163.375   5.07 0.394 99.99 0.394259 0.016 0.394000 0.11 0.394000 0.027 0.394   0.795 0.000   1.432 0.000   7.67 0.394000  10.178 0.000   8.138 0.000   2.144 0.000 0.018 0.394 0.134 0.394
165.375 166.375 999.99 0.999 99.99 0.999000 9.999 0.999000 9.99 0.999000 9.999 0.999 999.999 0.999 999.999 0.999 999.99 0.999000 999.999 0.999 999.999 0.999 999.999 0.999 9.999 0.999 9.999 0.999
168.375 169.375   1.98 0.000 99.99 0.259000 9.999 0.259000 9.99 0.259000 0.005 0.000   0.548 0.000   0.986 0.000 999.99 0.259000   4.152 0.000   2.353 0.000   1.823 0.000 0.017 0.000 0.140 0.000
171.375 172.375   4.88 0.000  0.18 0.000000 0.013 0.000000 9.99 0.259000 0.027 0.000   0.699 0.000   1.258 0.000 999.99 0.259000   6.839 0.000   4.062 0.000   2.776 0.000 0.019 0.000 0.180 0.000
174.375 175.375   2.81 0.000  0.51 0.000000 9.999 0.259000 0.06 0.000000 0.015 0.000   0.677 0.000   1.219 0.000 999.99 0.259000   4.591 0.000   2.740 0.000   1.850 0.000 0.010 0.000 0.135 0.000
177.375 178.375   2.79 0.000  0.50 0.000000 0.015 0.000000 0.15 0.000000 0.019 0.000   0.852 0.000   1.534 0.000 999.99 0.259000   5.116 0.000   2.251 0.000   2.864 0.000 0.011 0.000 0.224 0.000
180.375 181.375   4.43 0.000  0.30 0.000000 0.038 0.000000 0.10 0.000000 0.044 0.000   2.632 0.000   4.738 0.000 999.99 0.259000  11.035 0.000   3.798 0.000   7.234 0.000 0.047 0.000 0.287 0.000
183.375 184.375   6.06 0.000  0.32 0.000000 9.999 0.259000 9.99 0.259000 0.009 0.000   0.305 0.000   0.549 0.000 999.99 0.259000   4.515 0.000   2.273 0.000   2.242 0.000 0.012 0.000 0.226 0.000
186.375 187.375   3.15 0.000  0.70 0.000000 9.999 0.259000 0.17 0.000000 0.016 0.000   1.131 0.000   2.035 0.000 999.99 0.259000   6.000 0.000   2.892 0.000   3.107 0.000 0.015 0.000 0.172 0.000
189.375 190.375   5.23 0.000  0.63 0.000000 0.017 0.000000 9.99 0.259000 0.033 0.000   1.616 0.000   2.909 0.000 999.99 0.259000   8.248 0.000   3.301 0.000   4.945 0.000 0.019 0.000 0.268 0.000
192.375 193.375   2.74 0.000  0.29 0.000000 0.020 0.000000 0.11 0.000000 0.035 0.000   1.821 0.000   3.279 0.000 999.99 0.259000   8.841 0.000   2.819 0.000   6.021 0.000 0.022 0.000 0.496 0.000
195.375 196.375   6.10 0.000  0.25 0.000000 9.999 0.259000 9.99 0.259000 0.023 0.000   1.289 0.000   2.320 0.000 999.99 0.259000   7.674 0.000   3.873 0.000   3.800 0.000 0.025 0.000 0.108 0.000
198.375 199.375   1.67 0.000  0.23 0.000000 9.999 0.259000 0.20 0.000000 0.014 0.000   0.759 0.000   1.366 0.000   9.73 0.000000   6.809 0.000   4.624 0.000   2.184 0.000 0.025 0.000 0.070 0.000
201.375 202.375   3.54 0.000  0.41 0.000000 0.008 0.000000 9.99 0.259000 0.031 0.000   0.964 0.000   1.736 0.000  11.84 0.000000   6.979 0.000   3.710 0.000   3.268 0.000 0.030 0.000 0.109 0.000
204.375 205.375   1.32 0.000  0.22 0.000000 9.999 0.259000 9.99 0.259000 0.006 0.000   0.590 0.000   1.062 0.000 999.99 0.259000   3.372 0.000   1.567 0.000   1.804 0.000 0.010 0.000 0.093 0.000
207.375 208.375   1.78 0.394  0.43 0.394000 9.999 0.394259 9.99 0.394259 0.007 0.394   0.419 0.000   0.755 0.000  10.54 0.394000   3.928 0.000   2.233 0.000   1.723 0.000 0.014 0.394 0.054 0.394
210.375 211.375   1.46 0.000  0.37 0.000000 0.036 0.000000 9.99 0.259000 0.039 0.000   3.981 0.000   7.166 0.000  25.15 0.000000  15.402 0.000   5.324 0.000  10.129 0.000 0.073 0.000 0.257 0.000
213.375 214.375   1.30 0.000  0.30 0.000000 9.999 0.259000 0.15 0.000000 0.013 0.000   1.748 0.000   3.146 0.000 999.99 0.259000   7.653 0.000   2.797 0.000   4.854 0.000 0.024 0.000 0.220 0.000
216.375 217.375   1.24 0.000  0.59 0.000000 0.011 0.000000 9.99 0.259000 0.016 0.000   1.240 0.000   2.231 0.000  13.11 0.000000   8.494 0.000   5.301 0.000   3.191 0.000 0.032 0.000 0.086 0.000
219.375 220.375   5.35 0.000  0.62 0.000000 9.999 0.259000 0.09 0.000000 0.019 0.000   1.744 0.000   3.139 0.000 999.99 0.259000   9.650 0.000   4.018 0.000   5.701 0.000 0.024 0.000 0.430 0.000
222.375 223.375   8.44 0.000  2.08 0.000000 9.999 0.259000 9.99 0.259000 0.021 0.000   1.227 0.000   2.208 0.000 999.99 0.259000   9.699 0.000   5.599 0.000   4.157 0.000 0.020 0.000 0.253 0.000
225.375 226.375   7.89 0.000  0.40 0.000000 0.008 0.000000 9.99 0.259000 0.018 0.000   1.312 0.000   2.361 0.000 999.99 0.259000   8.124 0.000   2.969 0.000   5.153 0.000 0.025 0.000 0.323 0.000
228.375 229.375   2.92 0.000  0.30 0.000000 9.999 0.259000 0.07 0.000000 0.005 0.000   0.548 0.000   0.987 0.000 999.99 0.259000   3.957 0.000   2.309 0.000   1.647 0.000 0.010 0.000 0.086 0.000
231.375 232.375 999.99 0.699 99.99 0.699000 9.999 0.699000 9.99 0.699000 0.248 0.000  39.673 0.000  71.412 0.000 999.99 0.699000  77.467 0.659 999.999 0.699 999.999 0.699 9.999 0.699 0.406 0.000
234.375 235.375   2.05 0.000  0.08 0.000000 0.073 0.000000 9.99 0.259000 0.008 0.000   0.385 0.000   0.693 0.000 999.99 0.259000   9.855 0.000   5.742 0.000   4.112 0.000 0.032 0.000 0.135 0.000
237.375 238.375   1.28 0.000  0.44 0.000000 9.999 0.259000 9.99 0.259000 0.012 0.000   0.283 0.000   0.510 0.000 999.99 0.259000   3.686 0.000   2.434 0.000   1.251 0.000 0.013 0.000 0.062 0.000
240.375 241.375   2.43 0.000  0.45 0.000000 9.999 0.259000 9.99 0.259000 0.002 0.000   0.396 0.000   0.713 0.000   7.37 0.000000   6.807 0.000   5.435 0.000   1.371 0.000 0.015 0.000 0.024 0.000
243.375 244.375   1.76 0.000  0.38 0.000000 0.004 0.000000 9.99 0.259000 0.009 0.000   0.408 0.000   0.734 0.000   5.97 0.000000   5.715 0.000   4.429 0.000   1.286 0.000 0.014 0.000 0.036 0.000
