scripts/IMPROVE-2019_partial/data/US9045R.20110103080000.20191216000000.filterpack...1y.3d.US03L_filterpack_US9045.US03L_IMPROVE_Davis.lev2.nas
51 1001
MISSING INFORMATION
US03L, IMPROVE, , , , , , , 
MISSING INFORMATION
IMPROVE sel_HTAP
1 1
2011 01 01 2019 12 16
3.000000
days from file reference point
4
1 1 1 1
999.999999 999.999 999.999 9.999
end_time of measurement, days from the file reference point
pm10_mass, ug/m3, Matrix=pm10
pm25_mass, ug/m3, Matrix=pm25
numflag, no unit
0
33
Data definition:              EBAS_1.1
Set type code:                TU
Timezone:                     UTC
File name:                    US9045R.20110103080000.20191216000000.filterpack...1y.3d.US03L_filterpack_US9045.US03L_IMPROVE_Davis.lev2.nas
File creation:                20191218120830
Startdate:                    20110103080000
Revision date:                20191216000000
Version:                      2
Version description:          "Data extracted from http://views.cira.colostate.edu/fed/DataWizard 2019-12-16"
Statistics:                   arithmetic mean
Data level:                   2
Period code:                  1y
Resolution code:              3d
Sample duration:              1d
Orig. time res.:              3d
Station code:                 US9045R
Platform code:                US9045S
Station name:                 Sequoia NP
Station latitude:             36.4894
Station longitude:            -118.8291
Station altitude:             519.0 m
Regime:                       IMG
Component:                    
Unit:                         ug/m3
Matrix:                       
Laboratory code:              US03L
Instrument type:              filterpack
Instrument name:              filterpack_US9045
Method ref:                   US03L_IMPROVE_Davis
Blank correction:             Blank corrected
Volume std. temperature:      ambient
Volume std. pressure:         ambient
starttime endtime PM10 PM2.5 flag
  2.333333   3.333333   2.329   0.927 0.000
  5.333333   6.333333   4.005   2.609 0.000
  8.333333   9.333333   7.436   6.927 0.000
 11.333333  12.333333   4.038   1.716 0.000
 14.333333  15.333333  23.392  19.078 0.000
 17.333333  18.333333   3.035   2.015 0.000
 20.333333  21.333333   6.412   2.691 0.000
 23.333333  24.333333   7.879   4.452 0.000
 26.333333  27.333333   6.474   2.339 0.000
 29.333333  30.333333   3.906   2.468 0.000
 32.333333  33.333333  12.024   6.118 0.000
 35.333333  36.333333  11.752   6.948 0.000
 38.333333  39.333333  14.883   7.632 0.000
 41.333333  42.333333   5.124   2.162 0.000
 44.333333  45.333333   6.564   2.691 0.000
 47.333333  48.333333   1.732   0.620 0.000
 50.333333  51.333333   2.290   1.184 0.000
 53.333333  54.333333   8.792   6.330 0.000
 56.333333  57.333333   1.702   1.006 0.000
 59.333333  60.333333   4.551   2.361 0.000
 62.333333  63.333333   5.169   2.323 0.000
 65.333333  66.333333   3.418   1.599 0.000
 68.333333  69.333333   9.601   4.873 0.000
 71.333333  72.333333  12.562   6.289 0.000
 74.333333  75.333333   7.494   2.737 0.000
 77.333333  78.333333   3.104   1.252 0.000
 80.333333  81.333333   4.964   2.213 0.000
 83.333333  84.333333   4.508   1.993 0.000
 86.333333  87.333333   6.113   2.727 0.000
 89.333333  90.333333   9.921   3.712 0.000
 92.333333  93.333333  15.040   7.549 0.000
 95.333333  96.333333  16.961   7.379 0.000
 98.333333  99.333333   4.208   2.374 0.000
101.333333 102.333333  13.987   7.455 0.000
104.333333 105.333333  19.007   9.808 0.000
107.333333 108.333333  13.541   7.584 0.000
110.333333 111.333333   7.551   3.480 0.000
113.333333 114.333333   9.562   4.915 0.000
116.333333 117.333333  14.985   5.991 0.000
119.333333 120.333333  18.939   5.879 0.000
122.333333 123.333333  19.684   8.499 0.000
125.333333 126.333333  20.781   8.273 0.000
128.333333 129.333333   7.476   2.701 0.000
131.333333 132.333333  23.480   9.537 0.000
134.333333 135.333333   5.433   2.868 0.000
137.333333 138.333333   4.125   1.411 0.000
140.333333 141.333333  16.148   9.206 0.000
143.333333 144.333333  16.195   7.274 0.000
146.333333 147.333333  13.228   5.274 0.000
149.333333 150.333333   5.827   3.111 0.000
152.333333 153.333333   9.848   4.287 0.000
155.333333 156.333333   7.645   4.067 0.000
158.333333 159.333333  13.167   7.862 0.000
161.333333 162.333333  18.046   8.901 0.000
164.333333 165.333333  20.168  11.307 0.000
167.333333 168.333333  20.640   8.100 0.000
170.333333 171.333333  21.774   9.216 0.000
173.333333 174.333333  29.521  10.529 0.000
176.333333 177.333333  22.008   9.786 0.000
179.333333 180.333333  16.858   4.456 0.000
182.333333 183.333333  22.853  13.771 0.000
185.333333 186.333333  21.532  11.870 0.000
188.333333 189.333333  27.864  11.454 0.000
191.333333 192.333333  22.282   8.769 0.000
194.333333 195.333333  26.534   7.658 0.000
197.333333 198.333333  24.534  13.934 0.000
200.333333 201.333333  27.293  12.653 0.000
203.333333 204.333333  27.092  12.829 0.000
206.333333 207.333333  28.831  12.736 0.000
209.333333 210.333333  44.516  26.797 0.000
212.333333 213.333333  18.806  11.837 0.000
215.333333 216.333333  26.620   9.484 0.000
218.333333 219.333333  21.369  10.459 0.000
221.333333 222.333333  23.154   8.355 0.000
224.333333 225.333333  23.783   9.635 0.000
227.333333 228.333333  20.479   7.094 0.000
230.333333 231.333333  28.009   9.978 0.000
233.333333 234.333333  27.924  10.127 0.000
236.333333 237.333333  35.155   9.522 0.000
239.333333 240.333333  28.514  11.153 0.000
242.333333 243.333333  27.954   8.181 0.000
245.333333 246.333333  22.702   7.405 0.000
248.333333 249.333333  22.583   7.729 0.000
251.333333 252.333333  24.020   6.335 0.000
254.333333 255.333333  18.154   8.706 0.000
257.333333 258.333333  28.293  10.085 0.000
260.333333 261.333333  22.797   7.860 0.000
263.333333 264.333333  23.135   6.366 0.000
266.333333 267.333333  24.973   7.350 0.000
269.333333 270.333333  24.648   7.478 0.000
272.333333 273.333333  26.904   7.523 0.000
275.333333 276.333333  32.066   9.008 0.000
278.333333 279.333333   6.737   1.465 0.000
281.333333 282.333333   8.550   4.310 0.000
284.333333 285.333333  12.608   6.026 0.000
287.333333 288.333333  10.901   5.205 0.000
290.333333 291.333333  11.320   5.403 0.000
293.333333 294.333333  24.733  11.151 0.000
296.333333 297.333333  14.595   7.123 0.000
299.333333 300.333333  18.148   7.582 0.000
302.333333 303.333333  13.961   5.333 0.000
305.333333 306.333333  32.362   9.950 0.000
308.333333 309.333333   6.702   3.314 0.000
311.333333 312.333333   6.170   3.794 0.000
314.333333 315.333333   4.747   2.390 0.000
317.333333 318.333333  10.377   4.787 0.000
320.333333 321.333333  14.814   9.870 0.000
323.333333 324.333333   2.874   1.089 0.000
326.333333 327.333333   4.899   1.713 0.000
329.333333 330.333333   5.246   2.641 0.000
332.333333 333.333333   7.759   6.202 0.000
335.333333 336.333333  28.082   5.533 0.000
338.333333 339.333333   9.438   3.456 0.000
341.333333 342.333333   5.973   3.387 0.000
344.333333 345.333333  27.847  21.852 0.000
347.333333 348.333333  22.379  17.900 0.000
350.333333 351.333333   5.352   3.226 0.000
353.333333 354.333333   7.011   4.907 0.000
356.333333 357.333333  11.415   7.802 0.000
359.333333 360.333333   5.284   3.409 0.000
362.333333 363.333333  28.488  22.404 0.000
