scripts/IMPROVE-2019_partial/data/US9062R.20040101060000.20191216000000.filterpack..pm25.52w.1w.US03L_filterpack_US9062.US03L_IMPROVE_Davis.lev2.nas
66 1001
MISSING INFORMATION
US03L, IMPROVE, , , , , , , 
MISSING INFORMATION
IMPROVE sel_HTAP
1 1
2004 01 01 2019 12 16
3.00
days from file reference point
27
1 1 1 1 1 1 1 1 1 1 1 1 1 1 1 1 1 1 1 1 1 1 1 1 1 1 1
999.99 999.99 9.999 999.99 9.999999 9.999 9.999999 9.99 9.999999 99.999 9.999 99.999 9.999 999.999 9.999 99.99 9.999999 999.999 9.999 999.999 9.999 999.999 9.999 9.999 9.999 99.999 9.999
end_time of measurement, days from the file reference point
iron, ng/m3, Revision date=20181210133000
numflag iron, no unit, Revision date=20181210133000
lead, ng/m3, Revision date=20181210133000
numflag lead, no unit, Revision date=20181210133000
magnesium, ug/m3, Revision date=20181210133000
numflag magnesium, no unit, Revision date=20181210133000
nickel, ng/m3, Revision date=20181210133000
numflag nickel, no unit, Revision date=20181210133000
nitrate, ug N/m3, Revision date=20181210133000
numflag nitrate, no unit, Revision date=20181210133000
organic_carbon, ug C/m3, Revision date=20181210133000
numflag organic_carbon, no unit, Revision date=20181210133000
organic_mass, ug/m3, Revision date=20181210133000
numflag organic_mass, no unit, Revision date=20181210133000
phosphorus, ng/m3, Revision date=20181210133000
numflag phosphorus, no unit, Revision date=20181210133000
pm10_mass, ug/m3, Version=2, Version description=Data extracted from http://views.cira.colostate.edu/fed/DataWizard 2019-12-16, Sample duration=1d, Orig. time res.=3d, Matrix=pm10, Blank correction=Blank corrected, Volume std. temperature=ambient, Volume std. pressure=ambient
numflag pm10_mass, no unit, Version=2, Version description=Data extracted from http://views.cira.colostate.edu/fed/DataWizard 2019-12-16, Sample duration=1d, Orig. time res.=3d, Matrix=pm10, Blank correction=Blank corrected, Volume std. temperature=ambient, Volume std. pressure=ambient
pm10_pm25_mass, ug/m3, Revision date=20181210133000, Matrix=pm10_pm25
numflag pm10_pm25_mass, no unit, Revision date=20181210133000, Matrix=pm10_pm25
pm25_mass, ug/m3, Version=2, Version description=Data extracted from http://views.cira.colostate.edu/fed/DataWizard 2019-12-16, Sample duration=1d, Orig. time res.=3d, Blank correction=Blank corrected, Volume std. temperature=ambient, Volume std. pressure=ambient
numflag pm25_mass, no unit, Version=2, Version description=Data extracted from http://views.cira.colostate.edu/fed/DataWizard 2019-12-16, Sample duration=1d, Orig. time res.=3d, Blank correction=Blank corrected, Volume std. temperature=ambient, Volume std. pressure=ambient
potassium, ug/m3, Revision date=20181210133000
numflag potassium, no unit, Revision date=20181210133000
sulphate_total, ug S/m3, Revision date=20181210133000
numflag sulphate_total, no unit, Revision date=20181210133000
0
25
Data definition:              EBAS_1.1
Set type code:                TU
Timezone:                     UTC
File name:                    US9062R.20040101060000.20191216000000.filterpack..pm25.52w.1w.US03L_filterpack_US9062.US03L_IMPROVE_Davis.lev2.nas
File creation:                20191218120938
Startdate:                    20040101060000
Revision date:                20191216000000
Statistics:                   arithmetic mean
Data level:                   2
Period code:                  52w
Resolution code:              1w
Station code:                 US9062R
Platform code:                US9062S
Station name:                 Voyageurs NP #2
Station latitude:             48.4126
Station longitude:            -92.8286
Station altitude:             429.0 m
Regime:                       IMG
Component:                    
Matrix:                       pm25
Laboratory code:              US03L
Instrument type:              filterpack
Instrument name:              filterpack_US9062
Method ref:                   US03L_IMPROVE_Davis
starttime endtime Fe flag_Fe Pb flag_Pb Mg++ flag_Mg++ Ni flag_Ni NO3- flag_NO3- OC flag_OC OM flag_OM P flag_P PM10 flag_PM10 PM10-PM2.5 flag_PM10-PM2.5 PM2.5 flag_PM2.5 K+ flag_K+ SO4-- flag_SO4--
[from data line 83]
249.25 250.25   3.82 0.559 999.99 0.559259 0.093 0.559000 0.15 0.559000  0.013 0.559  1.865 0.000   2.611 0.000 99.99 0.559259   6.524 0.000   4.932 0.000   1.592 0.559 0.009 0.559  0.140 0.559
252.25 253.25  39.50 0.559   0.71 0.559000 0.078 0.559000 9.99 0.559259  0.023 0.559  1.244 0.000   1.742 0.000 99.99 0.559259  11.280 0.000   7.931 0.000   3.349 0.559 0.029 0.559  0.317 0.559
255.25 256.25  18.01 0.559   0.65 0.559000 9.999 0.559259 9.99 0.559259  0.016 0.559  1.209 0.000   1.692 0.000 99.99 0.559259   9.386 0.000   5.831 0.000   3.554 0.559 0.025 0.559  0.338 0.559
258.25 259.25   0.94 0.559   0.47 0.559000 9.999 0.559259 0.15 0.559000  0.003 0.559  0.493 0.000   0.690 0.000 99.99 0.559259   3.006 0.000   1.983 0.000   1.024 0.559 0.005 0.559  0.125 0.559
261.25 262.25  48.43 0.559   1.42 0.559000 9.999 0.559259 0.13 0.559000  0.063 0.559  1.392 0.000   1.949 0.000 99.99 0.559259  10.901 0.000   6.188 0.000   4.712 0.559 0.043 0.559  0.447 0.559
264.25 265.25   7.02 0.559 999.99 0.559259 9.999 0.559259 9.99 0.559259  0.015 0.559  0.899 0.000   1.259 0.000 99.99 0.559259   7.088 0.000   4.763 0.000   2.325 0.559 0.023 0.559  0.257 0.559
267.25 268.25   6.06 0.000   0.44 0.000000 9.999 0.259000 0.28 0.000000  0.018 0.000  0.787 0.000   1.102 0.000 99.99 0.259000   5.572 0.000   3.722 0.000   1.850 0.000 0.012 0.000  0.161 0.000
270.25 271.25   5.53 0.000   0.39 0.000000 0.120 0.000000 9.99 0.259000  0.006 0.000  0.807 0.000   1.130 0.000 99.99 0.259000   5.406 0.000   3.820 0.000   1.586 0.000 0.011 0.000  0.089 0.000
273.25 274.25  65.77 0.000   1.05 0.000000 9.999 0.259000 9.99 0.259000  0.061 0.000  1.187 0.000   1.661 0.000 99.99 0.259000  14.970 0.000   9.884 0.000   5.087 0.000 0.037 0.000  0.383 0.000
276.25 277.25  13.08 0.000   0.51 0.000000 0.085 0.000000 9.99 0.259000  0.008 0.000  0.332 0.000   0.465 0.000 99.99 0.259000   4.419 0.000   3.042 0.000   1.377 0.000 0.016 0.000  0.105 0.000
279.25 280.25  59.17 0.000   1.01 0.000000 9.999 0.259000 9.99 0.259000  0.043 0.000  1.624 0.000   2.274 0.000 99.99 0.259000  18.047 0.000  12.245 0.000   5.802 0.000 0.054 0.000  0.388 0.000
282.25 283.25   7.20 0.000   0.52 0.000000 9.999 0.259000 0.23 0.000000  0.011 0.000  0.713 0.000   0.998 0.000 99.99 0.259000   3.138 0.000   1.647 0.000   1.490 0.000 0.014 0.000  0.068 0.000
285.25 286.25  57.41 0.000   2.77 0.000000 9.999 0.259000 9.99 0.259000  0.084 0.000  1.755 0.000   2.457 0.000 99.99 0.259000  18.831 0.000  11.238 0.000   7.593 0.000 0.045 0.000  0.663 0.000
288.25 289.25   8.49 0.000 999.99 0.259000 0.136 0.000000 0.20 0.000000  0.021 0.000  1.367 0.000   1.914 0.000 99.99 0.259000   3.932 0.000   0.917 0.000   3.015 0.000 0.028 0.000  0.123 0.000
291.25 292.25   2.46 0.000   0.19 0.000000 0.103 0.000000 9.99 0.259000  0.037 0.000  2.552 0.000   3.573 0.000 99.99 0.259000   5.547 0.000   0.725 0.000   4.822 0.000 0.031 0.000  0.119 0.000
294.25 295.25  26.30 0.000   2.16 0.000000 9.999 0.259000 0.22 0.000000  0.258 0.000  1.028 0.000   1.439 0.000 99.99 0.259000   8.628 0.000   1.984 0.000   6.644 0.000 0.027 0.000  0.995 0.000
297.25 298.25   1.10 0.000 999.99 0.259000 0.156 0.000000 0.14 0.000000  0.014 0.000  0.329 0.000   0.461 0.000 99.99 0.259000   2.050 0.000   1.002 0.000   1.048 0.000 0.010 0.000  0.083 0.000
300.25 301.25  10.34 0.000 999.99 0.259000 9.999 0.259000 9.99 0.259000  0.014 0.000  0.902 0.000   1.263 0.000 99.99 0.259000   3.556 0.000   0.922 0.000   2.634 0.000 0.027 0.000  0.211 0.000
303.25 304.25   0.46 0.000 999.99 0.259000 9.999 0.259000 9.99 0.259000  0.003 0.000  0.163 0.000   0.228 0.000  1.79 0.000000   0.832 0.000   0.468 0.000   0.364 0.000 9.999 0.259  0.021 0.000
306.25 307.25   5.36 0.000   0.83 0.000000 9.999 0.259000 9.99 0.259000  0.053 0.000  0.857 0.000   1.200 0.000 99.99 0.259000   4.251 0.000   0.883 0.000   3.368 0.000 0.028 0.000  0.357 0.000
309.25 310.25  19.05 0.000   1.29 0.000000 0.116 0.000000 9.99 0.259000  0.040 0.000  0.832 0.000   1.165 0.000 99.99 0.259000   5.976 0.000   2.762 0.000   3.215 0.000 0.048 0.000  0.244 0.000
312.25 313.25   3.03 0.000 999.99 0.259000 9.999 0.259000 9.99 0.259000  0.014 0.000  0.225 0.000   0.314 0.000 99.99 0.259000   1.473 0.000   0.321 0.000   1.153 0.000 0.012 0.000  0.122 0.000
315.25 316.25  10.35 0.000 999.99 0.259000 9.999 0.259000 9.99 0.259000  0.045 0.000  0.442 0.000   0.619 0.000 99.99 0.259000   4.601 0.000   2.672 0.000   1.929 0.000 0.061 0.000  0.156 0.000
318.25 319.25  46.49 0.000   2.93 0.000000 9.999 0.259000 9.99 0.259000  0.756 0.000  0.925 0.000   1.295 0.000 99.99 0.259000  16.232 0.000   8.509 0.000   7.723 0.000 0.041 0.000  0.252 0.000
321.25 322.25   8.49 0.000   0.95 0.000000 9.999 0.259000 0.27 0.000000  1.024 0.000  0.753 0.000   1.055 0.000 99.99 0.259000  11.195 0.000   1.154 0.000  10.041 0.000 0.023 0.000  0.700 0.000
324.25 325.25   3.57 0.000 999.99 0.259000 9.999 0.259000 9.99 0.259000  0.086 0.000  0.595 0.000   0.833 0.000 99.99 0.259000   3.769 0.000   0.508 0.000   3.261 0.000 0.069 0.000  0.423 0.000
327.25 328.25   2.31 0.000 999.99 0.259000 9.999 0.259000 0.14 0.000000  0.021 0.000  0.164 0.000   0.230 0.000 99.99 0.259000   1.924 0.000   1.040 0.000   0.884 0.000 0.009 0.000  0.111 0.000
330.25 331.25  58.18 0.000   2.17 0.000000 9.999 0.259000 0.20 0.000000  0.478 0.000  0.651 0.000   0.911 0.000 99.99 0.259000   8.765 0.000   3.587 0.000   5.178 0.000 0.041 0.000  0.266 0.000
333.25 334.25   3.81 0.000   0.90 0.000000 9.999 0.259000 9.99 0.259000  0.154 0.000  1.492 0.000   2.089 0.000 99.99 0.259000   5.538 0.000   0.999 0.000   4.539 0.000 0.040 0.000  0.289 0.000
336.25 337.25   3.06 0.000   0.38 0.000000 9.999 0.259000 9.99 0.259000  0.041 0.000  0.396 0.000   0.554 0.000 99.99 0.259000   2.002 0.000   0.559 0.000   1.443 0.000 0.013 0.000  0.153 0.000
339.25 340.25   5.08 0.000   0.58 0.000000 9.999 0.259000 0.15 0.000000  0.014 0.000  0.280 0.000   0.391 0.000 99.99 0.259000   1.440 0.000   0.371 0.000   1.068 0.000 0.009 0.000  0.126 0.000
342.25 343.25  29.03 0.000   1.09 0.000000 9.999 0.259000 9.99 0.259000  0.262 0.000  1.177 0.000   1.647 0.000 99.99 0.259000   7.241 0.000   0.629 0.000   6.612 0.000 0.038 0.000  0.723 0.000
345.25 346.25  27.88 0.000   0.72 0.000000 9.999 0.259000 0.19 0.000000  0.069 0.000  0.440 0.000   0.616 0.000 99.99 0.259000   2.694 0.000   0.409 0.000   2.285 0.000 0.030 0.000  0.285 0.000
348.25 349.25   7.44 0.000   0.95 0.000000 0.099 0.000000 0.25 0.000000  0.296 0.000  0.757 0.000   1.060 0.000 99.99 0.259000   5.069 0.000   0.819 0.000   4.251 0.000 0.028 0.000  0.298 0.000
351.25 352.25   7.44 0.000   0.54 0.000000 9.999 0.259000 9.99 0.259000  0.155 0.000  0.813 0.000   1.138 0.000 99.99 0.259000   5.293 0.000   1.247 0.000   4.046 0.000 0.030 0.000  0.494 0.000
354.25 355.25  29.39 0.000   1.17 0.000000 0.076 0.000000 0.14 0.000000  0.210 0.000  0.864 0.000   1.210 0.000 99.99 0.259000   9.485 0.000   5.725 0.000   3.760 0.000 0.031 0.000  0.184 0.000
357.25 358.25   8.69 0.000   2.30 0.000000 9.999 0.259000 0.37 0.000000 99.999 0.456  0.738 0.000   1.033 0.000 99.99 0.259000   3.321 0.000   0.788 0.000   2.533 0.000 0.037 0.000 99.999 0.456
360.25 361.25  19.02 0.000   1.35 0.000000 0.074 0.000000 9.99 0.259000 99.999 0.456  0.294 0.000   0.411 0.000 99.99 0.259000   2.157 0.000   0.803 0.000   1.354 0.000 0.019 0.000 99.999 0.456
363.25 364.25 999.99 0.999 999.99 0.999000 9.999 0.999000 9.99 0.999000 99.999 0.999 99.999 0.999 999.999 0.999 99.99 0.999000 999.999 0.999 999.999 0.999 999.999 0.999 9.999 0.999 99.999 0.999
