scripts/IMPROVE-2019_partial/data/US9027R.20050101080000.20191216000000.filterpack..pm25.52w.1w.US03L_filterpack_US9027.US03L_IMPROVE_Davis.lev2.nas
64 1001
MISSING INFORMATION
US03L, IMPROVE, , , , , , , 
MISSING INFORMATION
IMPROVE sel_HTAP
1 1
2005 01 01 2019 12 16
3.000000
days from file reference point
25
1 1 1 1 1 1 1 1 1 1 1 1 1 1 1 1 1 1 1 1 1 1 1 1 1
999.999999 999.99 9.999 99.99 9.999 9.999 9.999 9.99 9.999 9.999 9.999 99.999 9.999 99.999 9.999 999.999 9.999 99.999 9.999 99.999 9.999 9.999 9.999 9.999 9.999
end_time of measurement, days from the file reference point
iron, ng/m3, Revision date=20181210133000
numflag iron, no unit, Revision date=20181210133000
lead, ng/m3, Revision date=20181210133000
numflag lead, no unit, Revision date=20181210133000
magnesium, ug/m3, Revision date=20181210133000
numflag magnesium, no unit, Revision date=20181210133000
nickel, ng/m3, Revision date=20181210133000
numflag nickel, no unit, Revision date=20181210133000
nitrate, ug N/m3, Revision date=20181210133000
numflag nitrate, no unit, Revision date=20181210133000
organic_carbon, ug C/m3, Revision date=20181210133000
numflag organic_carbon, no unit, Revision date=20181210133000
organic_mass, ug/m3, Revision date=20181210133000
numflag organic_mass, no unit, Revision date=20181210133000
pm10_mass, ug/m3, Version=2, Version description=Data extracted from http://views.cira.colostate.edu/fed/DataWizard 2019-12-16, Sample duration=1d, Orig. time res.=3d, Matrix=pm10, Blank correction=Blank corrected, Volume std. temperature=ambient, Volume std. pressure=ambient
numflag pm10_mass, no unit, Version=2, Version description=Data extracted from http://views.cira.colostate.edu/fed/DataWizard 2019-12-16, Sample duration=1d, Orig. time res.=3d, Matrix=pm10, Blank correction=Blank corrected, Volume std. temperature=ambient, Volume std. pressure=ambient
pm10_pm25_mass, ug/m3, Revision date=20181210133000, Matrix=pm10_pm25
numflag pm10_pm25_mass, no unit, Revision date=20181210133000, Matrix=pm10_pm25
pm25_mass, ug/m3, Version=2, Version description=Data extracted from http://views.cira.colostate.edu/fed/DataWizard 2019-12-16, Sample duration=1d, Orig. time res.=3d, Blank correction=Blank corrected, Volume std. temperature=ambient, Volume std. pressure=ambient
numflag pm25_mass, no unit, Version=2, Version description=Data extracted from http://views.cira.colostate.edu/fed/DataWizard 2019-12-16, Sample duration=1d, Orig. time res.=3d, Blank correction=Blank corrected, Volume std. temperature=ambient, Volume std. pressure=ambient
potassium, ug/m3, Revision date=20181210133000
numflag potassium, no unit, Revision date=20181210133000
sulphate_total, ug S/m3, Revision date=20181210133000
numflag sulphate_total, no unit, Revision date=20181210133000
0
25
Data definition:              EBAS_1.1
Set type code:                TU
Timezone:                     UTC
File name:                    US9027R.20050101080000.20191216000000.filterpack..pm25.52w.1w.US03L_filterpack_US9027.US03L_IMPROVE_Davis.lev2.nas
File creation:                20191218120701
Startdate:                    20050101080000
Revision date:                20191216000000
Statistics:                   arithmetic mean
Data level:                   2
Period code:                  52w
Resolution code:              1w
Station code:                 US9027R
Platform code:                US9027S
Station name:                 North Cascades
Station latitude:             48.7316
Station longitude:            -121.0646
Station altitude:             568.0 m
Regime:                       IMG
Component:                    
Matrix:                       pm25
Laboratory code:              US03L
Instrument type:              filterpack
Instrument name:              filterpack_US9027
Method ref:                   US03L_IMPROVE_Davis
starttime endtime Fe flag_Fe Pb flag_Pb Mg++ flag_Mg++ Ni flag_Ni NO3- flag_NO3- OC flag_OC OM flag_OM PM10 flag_PM10 PM10-PM2.5 flag_PM10-PM2.5 PM2.5 flag_PM2.5 K+ flag_K+ SO4-- flag_SO4--
[from data line 94]
282.333333 283.333333   1.51 0.000  0.17 0.000 9.999 0.259 0.12 0.000 0.005 0.000  0.496 0.000  0.892 0.000   2.888 0.000  1.725 0.000  1.163 0.000 0.007 0.000 0.048 0.000
285.333333 286.333333   1.95 0.000  0.18 0.000 9.999 0.259 9.99 0.259 0.010 0.000  0.155 0.000  0.278 0.000   2.722 0.000  1.769 0.000  0.954 0.000 0.007 0.000 0.061 0.000
288.333333 289.333333   1.01 0.000  0.24 0.000 9.999 0.259 9.99 0.259 0.009 0.000  0.172 0.000  0.310 0.000   1.562 0.000  0.668 0.000  0.893 0.000 0.006 0.000 0.063 0.000
291.333333 292.333333   2.41 0.000  0.37 0.000 0.006 0.000 0.14 0.000 0.003 0.000  0.359 0.000  0.647 0.000   2.882 0.000  1.575 0.000  1.306 0.000 0.009 0.000 0.078 0.000
294.333333 295.333333   4.41 0.000  0.46 0.000 9.999 0.259 9.99 0.259 0.004 0.000  1.123 0.000  2.021 0.000   6.781 0.000  3.834 0.000  2.947 0.000 0.018 0.000 0.082 0.000
297.333333 298.333333  19.70 0.000  0.60 0.000 0.004 0.000 9.99 0.259 0.005 0.000  1.484 0.000  2.671 0.000   6.353 0.000  2.596 0.000  3.766 0.000 0.023 0.000 0.101 0.000
300.333333 301.333333   2.21 0.000  0.20 0.000 9.999 0.259 9.99 0.259 0.008 0.000  0.377 0.000  0.679 0.000   2.233 0.000  0.999 0.000  1.234 0.000 0.010 0.000 0.049 0.000
303.333333 304.333333   0.34 0.000  0.13 0.000 9.999 0.259 9.99 0.259 0.004 0.000 99.999 0.259 99.999 0.259   0.773 0.000  0.488 0.000  0.285 0.000 0.003 0.000 0.013 0.000
306.333333 307.333333   0.24 0.000  0.13 0.000 9.999 0.259 9.99 0.259 0.002 0.000  0.167 0.000  0.300 0.000   1.074 0.000  0.532 0.000  0.542 0.000 0.004 0.000 0.024 0.000
309.333333 310.333333   0.23 0.000  0.12 0.000 9.999 0.259 9.99 0.259 0.004 0.000 99.999 0.259 99.999 0.259   0.732 0.000  0.379 0.000  0.354 0.000 0.002 0.000 0.034 0.000
312.333333 313.333333   1.98 0.000  0.26 0.000 9.999 0.259 9.99 0.259 0.000 0.000  0.083 0.000  0.150 0.000   0.735 0.000  0.348 0.000  0.387 0.000 0.006 0.000 0.057 0.000
315.333333 316.333333   0.07 0.000  0.17 0.000 9.999 0.259 9.99 0.259 0.009 0.000  0.030 0.000  0.055 0.000   1.000 0.000  0.586 0.000  0.413 0.000 0.005 0.000 0.033 0.000
318.333333 319.333333   1.67 0.000  0.16 0.000 9.999 0.259 9.99 0.259 0.002 0.000  0.280 0.000  0.505 0.000 999.999 0.456  0.622 0.000  0.853 0.000 0.007 0.000 0.068 0.000
321.333333 322.333333   3.02 0.000  0.68 0.000 9.999 0.259 9.99 0.259 0.001 0.000  0.344 0.000  0.619 0.000 999.999 0.456  0.622 0.000  1.056 0.000 0.008 0.000 0.100 0.000
324.333333 325.333333   2.24 0.000  0.15 0.000 9.999 0.259 9.99 0.259 9.999 0.259  0.243 0.000  0.438 0.000 999.999 0.456  0.622 0.000  0.473 0.000 0.004 0.000 0.034 0.000
327.333333 328.333333   1.48 0.000  0.17 0.000 0.012 0.000 9.99 0.259 0.001 0.000  0.363 0.000  0.654 0.000   1.574 0.000  0.684 0.000  0.889 0.000 0.006 0.000 0.041 0.000
330.333333 331.333333   0.38 0.000  0.19 0.000 0.007 0.000 0.16 0.000 0.020 0.000  0.092 0.000  0.165 0.000   1.355 0.000  0.521 0.000  0.834 0.000 0.005 0.000 0.082 0.000
333.333333 334.333333   0.79 0.000  0.17 0.000 9.999 0.259 9.99 0.259 0.010 0.000  0.250 0.000  0.450 0.000   1.470 0.000  0.283 0.000  1.187 0.000 0.010 0.000 0.091 0.000
336.333333 337.333333   2.67 0.000  3.15 0.000 9.999 0.259 0.10 0.000 0.013 0.000  0.715 0.000  1.287 0.000   2.378 0.000  0.276 0.000  2.101 0.000 0.016 0.000 0.169 0.000
339.333333 340.333333   0.77 0.000  0.12 0.000 0.007 0.000 9.99 0.259 0.003 0.000  0.304 0.000  0.548 0.000   0.908 0.000  0.206 0.000  0.704 0.000 0.006 0.000 0.042 0.000
342.333333 343.333333   1.00 0.000  0.19 0.000 9.999 0.259 9.99 0.259 0.002 0.000  0.257 0.000  0.463 0.000   0.648 0.000  0.103 0.000  0.544 0.000 0.003 0.000 0.034 0.000
345.333333 346.333333   3.51 0.000  0.60 0.000 0.004 0.000 0.20 0.000 0.025 0.000  0.652 0.000  1.174 0.000   2.587 0.000  0.504 0.000  2.083 0.000 0.012 0.000 0.127 0.000
348.333333 349.333333   1.51 0.000  0.13 0.000 9.999 0.259 9.99 0.259 0.002 0.000  0.142 0.000  0.256 0.000   0.867 0.000  0.196 0.000  0.670 0.000 0.003 0.000 0.042 0.000
351.333333 352.333333   2.28 0.000  0.25 0.000 9.999 0.259 9.99 0.259 0.008 0.000  0.376 0.000  0.677 0.000   1.391 0.000  0.168 0.000  1.223 0.000 0.007 0.000 0.113 0.000
354.333333 355.333333   0.16 0.000  0.10 0.000 9.999 0.259 9.99 0.259 0.000 0.000  0.082 0.000  0.147 0.000   0.388 0.000  0.197 0.000  0.191 0.000 0.002 0.000 0.004 0.000
357.333333 358.333333   0.20 0.000 99.99 0.259 9.999 0.259 9.99 0.259 9.999 0.259  0.056 0.000  0.101 0.000   0.517 0.000  0.359 0.000  0.158 0.000 0.002 0.000 0.001 0.000
360.333333 361.333333   0.21 0.000  0.09 0.000 0.003 0.000 9.99 0.259 0.005 0.000  0.065 0.000  0.117 0.000   0.519 0.000  0.202 0.000  0.317 0.000 0.002 0.000 0.009 0.000
363.333333 364.333333   0.16 0.000  0.07 0.000 9.999 0.259 9.99 0.259 0.001 0.000  0.004 0.000  0.008 0.000   0.259 0.000  0.162 0.000  0.097 0.000 0.001 0.000 0.002 0.000
