scripts/IMPROVE-2019_partial/data/US9049R.20050101070000.20191216000000.filterpack..pm25.52w.1w.US03L_filterpack_US9049.US03L_IMPROVE_Davis.lev2.nas
66 1001
MISSING INFORMATION
US03L, IMPROVE, , , , , , , 
MISSING INFORMATION
IMPROVE sel_HTAP
1 1
2005 01 01 2019 12 16
3.000000
days from file reference point
27
1 1 1 1 1 1 1 1 1 1 1 1 1 1 1 1 1 1 1 1 1 1 1 1 1 1 1
999.999999 9999.99 9.999 99.99 9.999 9.999 9.999999 9.99 9.999999 9.999 9.999 999.999 9.999 999.999 9.999 99.99 9.999999 999.999 9.999 999.999 9.999 999.999 9.999 9.999 9.999 9.999 9.999
end_time of measurement, days from the file reference point
iron, ng/m3, Revision date=20181210133000
numflag iron, no unit, Revision date=20181210133000
lead, ng/m3, Revision date=20181210133000
numflag lead, no unit, Revision date=20181210133000
magnesium, ug/m3, Revision date=20181210133000
numflag magnesium, no unit, Revision date=20181210133000
nickel, ng/m3, Revision date=20181210133000
numflag nickel, no unit, Revision date=20181210133000
nitrate, ug N/m3, Revision date=20181210133000
numflag nitrate, no unit, Revision date=20181210133000
organic_carbon, ug C/m3, Revision date=20181210133000
numflag organic_carbon, no unit, Revision date=20181210133000
organic_mass, ug/m3, Revision date=20181210133000
numflag organic_mass, no unit, Revision date=20181210133000
phosphorus, ng/m3, Revision date=20181210133000
numflag phosphorus, no unit, Revision date=20181210133000
pm10_mass, ug/m3, Version=2, Version description=Data extracted from http://views.cira.colostate.edu/fed/DataWizard 2019-12-16, Sample duration=1d, Orig. time res.=3d, Matrix=pm10, Blank correction=Blank corrected, Volume std. temperature=ambient, Volume std. pressure=ambient
numflag pm10_mass, no unit, Version=2, Version description=Data extracted from http://views.cira.colostate.edu/fed/DataWizard 2019-12-16, Sample duration=1d, Orig. time res.=3d, Matrix=pm10, Blank correction=Blank corrected, Volume std. temperature=ambient, Volume std. pressure=ambient
pm10_pm25_mass, ug/m3, Revision date=20181210133000, Matrix=pm10_pm25
numflag pm10_pm25_mass, no unit, Revision date=20181210133000, Matrix=pm10_pm25
pm25_mass, ug/m3, Version=2, Version description=Data extracted from http://views.cira.colostate.edu/fed/DataWizard 2019-12-16, Sample duration=1d, Orig. time res.=3d, Blank correction=Blank corrected, Volume std. temperature=ambient, Volume std. pressure=ambient
numflag pm25_mass, no unit, Version=2, Version description=Data extracted from http://views.cira.colostate.edu/fed/DataWizard 2019-12-16, Sample duration=1d, Orig. time res.=3d, Blank correction=Blank corrected, Volume std. temperature=ambient, Volume std. pressure=ambient
potassium, ug/m3, Revision date=20181210133000
numflag potassium, no unit, Revision date=20181210133000
sulphate_total, ug S/m3, Revision date=20181210133000
numflag sulphate_total, no unit, Revision date=20181210133000
0
25
Data definition:              EBAS_1.1
Set type code:                TU
Timezone:                     UTC
File name:                    US9049R.20050101070000.20191216000000.filterpack..pm25.52w.1w.US03L_filterpack_US9049.US03L_IMPROVE_Davis.lev2.nas
File creation:                20191218120849
Startdate:                    20050101070000
Revision date:                20191216000000
Statistics:                   arithmetic mean
Data level:                   2
Period code:                  52w
Resolution code:              1w
Station code:                 US9049R
Platform code:                US9049S
Station name:                 Weminuche Wilderness
Station latitude:             37.6594
Station longitude:            -107.7999
Station altitude:             2750.0 m
Regime:                       IMG
Component:                    
Matrix:                       pm25
Laboratory code:              US03L
Instrument type:              filterpack
Instrument name:              filterpack_US9049
Method ref:                   US03L_IMPROVE_Davis
starttime endtime Fe flag_Fe Pb flag_Pb Mg++ flag_Mg++ Ni flag_Ni NO3- flag_NO3- OC flag_OC OM flag_OM P flag_P PM10 flag_PM10 PM10-PM2.5 flag_PM10-PM2.5 PM2.5 flag_PM2.5 K+ flag_K+ SO4-- flag_SO4--
[from data line 81]
243.291667 244.291667   55.67 0.000  0.35 0.000 0.027 0.000000 9.99 0.259000 0.026 0.000   0.522 0.000   0.939 0.000 99.99 0.259000   7.427 0.000   4.217 0.000   3.208 0.000 0.042 0.000 0.154 0.000
246.291667 247.291667    8.08 0.000  0.33 0.000 9.999 0.259000 9.99 0.259000 0.006 0.000   0.604 0.000   1.088 0.000 99.99 0.259000   3.244 0.000   1.285 0.000   1.959 0.000 0.008 0.000 0.170 0.000
249.291667 250.291667    9.81 0.000  0.28 0.000 0.003 0.000000 0.06 0.000000 0.009 0.000   0.755 0.000   1.359 0.000 99.99 0.259000   4.902 0.000   2.055 0.000   2.846 0.000 0.010 0.000 0.294 0.000
252.291667 253.291667   21.42 0.000  0.47 0.000 9.999 0.259000 0.07 0.000000 0.034 0.000   0.502 0.000   0.904 0.000 99.99 0.259000   5.991 0.000   3.037 0.000   2.953 0.000 0.018 0.000 0.297 0.000
255.291667 256.291667   18.48 0.000  0.30 0.000 9.999 0.259000 9.99 0.259000 0.023 0.000   0.378 0.000   0.680 0.000 99.99 0.259000   4.083 0.000   2.115 0.000   2.001 0.000 0.014 0.000 0.171 0.000
258.291667 259.291667   22.19 0.000  0.52 0.000 9.999 0.259000 9.99 0.259000 0.017 0.000   0.471 0.000   0.847 0.000 99.99 0.259000   5.740 0.000   3.282 0.000   2.455 0.000 0.017 0.000 0.190 0.000
261.291667 262.291667   21.88 0.000  0.55 0.000 9.999 0.259000 0.07 0.000000 0.007 0.000   0.431 0.000   0.776 0.000 99.99 0.259000   3.666 0.000   1.857 0.000   1.808 0.000 0.013 0.000 0.152 0.000
264.291667 265.291667   13.29 0.000  0.38 0.000 9.999 0.259000 0.10 0.000000 0.012 0.000   0.566 0.000   1.018 0.000 99.99 0.259000   4.738 0.000   2.185 0.000   2.575 0.000 0.012 0.000 0.289 0.000
267.291667 268.291667   24.08 0.000  2.41 0.000 9.999 0.259000 9.99 0.259000 0.008 0.000   0.528 0.000   0.950 0.000 99.99 0.259000   4.420 0.000   2.531 0.000   1.888 0.000 0.018 0.000 0.140 0.000
270.291667 271.291667   11.86 0.000  0.69 0.000 9.999 0.259000 0.16 0.000000 0.017 0.000   0.642 0.000   1.156 0.000 99.99 0.259000   4.217 0.000   1.136 0.000   3.079 0.000 0.012 0.000 0.353 0.000
273.291667 274.291667   12.69 0.000  0.19 0.000 9.999 0.259000 9.99 0.259000 0.007 0.000   0.821 0.000   1.478 0.000 99.99 0.259000   3.742 0.000   1.344 0.000   2.397 0.000 0.010 0.000 0.111 0.000
276.291667 277.291667   27.57 0.000  0.68 0.000 9.999 0.259000 0.17 0.000000 0.039 0.000   0.712 0.000   1.282 0.000 99.99 0.259000   7.873 0.000   4.185 0.000   3.756 0.000 0.023 0.000 0.369 0.000
279.291667 280.291667   18.86 0.000  0.19 0.000 0.008 0.000000 9.99 0.259000 0.020 0.000   0.973 0.000   1.751 0.000 99.99 0.259000   6.252 0.000   2.679 0.000   3.571 0.000 0.015 0.000 0.253 0.000
282.291667 283.291667    1.95 0.000  0.10 0.000 0.010 0.000000 9.99 0.259000 0.002 0.000   0.221 0.000   0.397 0.000 99.99 0.259000   0.622 0.000   0.097 0.000   0.525 0.000 0.002 0.000 0.009 0.000
285.291667 286.291667    9.56 0.000  0.20 0.000 9.999 0.259000 9.99 0.259000 0.008 0.000   0.791 0.000   1.424 0.000 99.99 0.259000   3.178 0.000   1.128 0.000   2.049 0.000 0.006 0.000 0.097 0.000
288.291667 289.291667    7.17 0.000  0.26 0.000 9.999 0.259000 9.99 0.259000 0.011 0.000   0.787 0.000   1.416 0.000 99.99 0.259000   3.022 0.000   0.915 0.000   2.106 0.000 0.006 0.000 0.164 0.000
291.291667 292.291667    2.04 0.000  0.12 0.000 9.999 0.259000 9.99 0.259000 0.007 0.000   0.476 0.000   0.856 0.000 99.99 0.259000   0.875 0.000   0.226 0.000   0.648 0.000 0.004 0.000 0.029 0.000
294.291667 295.291667    9.37 0.000  0.29 0.000 9.999 0.259000 9.99 0.259000 0.012 0.000   1.002 0.000   1.803 0.000 99.99 0.259000   3.471 0.000   1.050 0.000   2.419 0.000 0.007 0.000 0.167 0.000
297.291667 298.291667   15.53 0.000  0.25 0.000 9.999 0.259000 9.99 0.259000 0.012 0.000   0.809 0.000   1.456 0.000 99.99 0.259000   4.312 0.000   1.850 0.000   2.492 0.000 0.011 0.000 0.169 0.000
300.291667 301.291667   19.42 0.000  0.61 0.000 0.008 0.000000 0.21 0.000000 0.038 0.000   0.683 0.000   1.229 0.000 99.99 0.259000   6.106 0.000   2.629 0.000   3.475 0.000 0.018 0.000 0.399 0.000
303.291667 304.291667   41.38 0.000  1.69 0.000 0.018 0.000000 9.99 0.259000 0.016 0.000   0.449 0.000   0.809 0.000 99.99 0.259000   4.216 0.000   1.220 0.000   2.996 0.000 0.037 0.000 0.389 0.000
306.291667 307.291667   30.60 0.000  0.83 0.000 9.999 0.259000 0.16 0.000000 0.019 0.000   0.994 0.000   1.789 0.000 99.99 0.259000   7.680 0.000   3.894 0.000   3.785 0.000 0.028 0.000 0.384 0.000
309.291667 310.291667   15.46 0.000  1.85 0.000 9.999 0.259000 9.99 0.259000 0.005 0.000   0.203 0.000   0.366 0.000 99.99 0.259000   3.695 0.000   2.902 0.000   0.792 0.000 0.011 0.000 0.052 0.000
312.291667 313.291667   29.38 0.000  0.81 0.000 9.999 0.259000 0.29 0.000000 0.013 0.000   0.803 0.000   1.445 0.000 99.99 0.259000   9.091 0.000   4.562 0.000   4.526 0.000 0.029 0.000 0.511 0.000
315.291667 316.291667    3.85 0.000  0.23 0.000 0.003 0.000000 9.99 0.259000 0.005 0.000   0.251 0.000   0.452 0.000 99.99 0.259000   1.665 0.000   0.454 0.000   1.211 0.000 0.004 0.000 0.145 0.000
318.291667 319.291667    4.98 0.000  0.21 0.000 9.999 0.259000 9.99 0.259000 0.006 0.000   0.117 0.000   0.211 0.000 99.99 0.259000   1.377 0.000   0.730 0.000   0.657 0.000 0.004 0.000 0.059 0.000
321.291667 322.291667    8.08 0.000  0.33 0.000 9.999 0.259000 9.99 0.259000 0.007 0.000   0.281 0.000   0.507 0.000 99.99 0.259000   2.291 0.000   1.261 0.000   1.029 0.000 0.007 0.000 0.083 0.000
324.291667 325.291667   11.63 0.000  0.22 0.000 9.999 0.259000 9.99 0.259000 0.005 0.000   0.302 0.000   0.544 0.000 99.99 0.259000   1.996 0.000   0.932 0.000   1.063 0.000 0.007 0.000 0.071 0.000
327.291667 328.291667   11.87 0.000  0.25 0.000 9.999 0.259000 9.99 0.259000 0.009 0.000   0.375 0.000   0.675 0.000 99.99 0.259000   2.158 0.000   0.900 0.000   1.257 0.000 0.008 0.000 0.063 0.000
330.291667 331.291667    3.89 0.000  0.12 0.000 9.999 0.259000 9.99 0.259000 0.013 0.000   0.285 0.000   0.513 0.000 99.99 0.259000   1.595 0.000   0.960 0.000   0.634 0.000 0.003 0.000 0.049 0.000
333.291667 334.291667    5.12 0.000  0.14 0.000 9.999 0.259000 9.99 0.259000 0.009 0.000   0.249 0.000   0.448 0.000 99.99 0.259000   2.006 0.000   1.240 0.000   0.766 0.000 0.005 0.000 0.063 0.000
336.291667 337.291667    6.37 0.000  0.39 0.000 0.003 0.000000 9.99 0.259000 0.007 0.000   0.182 0.000   0.328 0.000 99.99 0.259000   1.887 0.000   0.814 0.000   1.073 0.000 0.006 0.000 0.102 0.000
339.291667 340.291667    4.46 0.000  0.15 0.000 9.999 0.259000 9.99 0.259000 0.002 0.000   0.152 0.000   0.273 0.000 99.99 0.259000   1.431 0.000   0.739 0.000   0.697 0.000 0.003 0.000 0.050 0.000
342.291667 343.291667   13.48 0.000  0.22 0.000 0.002 0.000000 9.99 0.259000 0.021 0.000   0.420 0.000   0.756 0.000 99.99 0.259000   3.476 0.000   2.192 0.000   1.283 0.000 0.010 0.000 0.047 0.000
345.291667 346.291667   13.28 0.000  0.20 0.000 9.999 0.259000 9.99 0.259000 0.004 0.000   0.316 0.000   0.568 0.000 99.99 0.259000   2.631 0.000   1.758 0.000   0.873 0.000 0.008 0.000 0.027 0.000
348.291667 349.291667   10.70 0.000  0.21 0.000 9.999 0.259000 9.99 0.259000 0.017 0.000   0.329 0.000   0.593 0.000 99.99 0.259000   2.856 0.000   1.620 0.000   1.235 0.000 0.008 0.000 0.023 0.000
351.291667 352.291667   15.52 0.000  0.55 0.000 9.999 0.259000 9.99 0.259000 0.075 0.000   0.517 0.000   0.931 0.000 99.99 0.259000   3.490 0.000   1.773 0.000   1.717 0.000 0.011 0.000 0.055 0.000
354.291667 355.291667    4.42 0.000  0.06 0.000 9.999 0.259000 9.99 0.259000 0.002 0.000   0.232 0.000   0.417 0.000 99.99 0.259000   0.915 0.000   0.591 0.000   0.324 0.000 0.002 0.000 0.023 0.000
357.291667 358.291667    4.40 0.000  0.12 0.000 9.999 0.259000 9.99 0.259000 0.003 0.000   0.188 0.000   0.339 0.000 99.99 0.259000   0.829 0.000   0.556 0.000   0.273 0.000 0.003 0.000 0.023 0.000
360.291667 361.291667    5.18 0.000  0.08 0.000 9.999 0.259000 9.99 0.259000 0.004 0.000   0.211 0.000   0.381 0.000  1.47 0.000000   1.456 0.000   1.136 0.000   0.327 0.000 0.003 0.000 0.029 0.000
363.291667 364.291667   11.47 0.000  0.29 0.000 9.999 0.259000 9.99 0.259000 0.008 0.000   0.308 0.000   0.555 0.000 99.99 0.259000   2.961 0.000   2.014 0.000   0.947 0.000 0.008 0.000 0.026 0.000
