scripts/IMPROVE-2019_partial/data/US9019R.20120101050000.20191216000000.filterpack...52w.3d.US03L_filterpack_US9019.US03L_IMPROVE_Davis.lev2.nas
52 1001
MISSING INFORMATION
US03L, IMPROVE, , , , , , , 
MISSING INFORMATION
IMPROVE sel_HTAP
1 1
2012 01 01 2019 12 16
3.000000
days from file reference point
5
1 1 1 1 1
999.999999 999.999 9.999 999.999 9.999
end_time of measurement, days from the file reference point
pm10_mass, ug/m3, Matrix=pm10
numflag pm10_mass, no unit, Matrix=pm10
pm25_mass, ug/m3, Matrix=pm25
numflag pm25_mass, no unit, Matrix=pm25
0
33
Data definition:              EBAS_1.1
Set type code:                TU
Timezone:                     UTC
File name:                    US9019R.20120101050000.20191216000000.filterpack...52w.3d.US03L_filterpack_US9019.US03L_IMPROVE_Davis.lev2.nas
File creation:                20191218120623
Startdate:                    20120101050000
Revision date:                20191216000000
Version:                      2
Version description:          "Data extracted from http://views.cira.colostate.edu/fed/DataWizard 2019-12-16"
Statistics:                   arithmetic mean
Data level:                   2
Period code:                  52w
Resolution code:              3d
Sample duration:              1d
Orig. time res.:              3d
Station code:                 US9019R
Platform code:                US9019S
Station name:                 Quaker City
Station latitude:             39.9428
Station longitude:            -81.3378
Station altitude:             366.0 m
Regime:                       IMG
Component:                    
Unit:                         ug/m3
Matrix:                       
Laboratory code:              US03L
Instrument type:              filterpack
Instrument name:              filterpack_US9019
Method ref:                   US03L_IMPROVE_Davis
Blank correction:             Blank corrected
Volume std. temperature:      ambient
Volume std. pressure:         ambient
starttime endtime PM10 flag_PM10 PM2.5 flag_PM2.5
  0.208333   1.208333   6.670 0.000   3.980 0.000
  3.208333   4.208333  10.144 0.000   4.792 0.000
  6.208333   7.208333 999.999 0.999   5.390 0.000
  9.208333  10.208333 999.999 0.999   6.282 0.000
 12.208333  13.208333 999.999 0.999   4.957 0.000
 15.208333  16.208333 999.999 0.999   4.793 0.000
 18.208333  19.208333 999.999 0.999   5.295 0.000
 21.208333  22.208333 999.999 0.999   8.405 0.000
 24.208333  25.208333   1.297 0.000  10.997 0.000
 27.208333  28.208333   7.655 0.000   5.760 0.000
 30.208333  31.208333 999.999 0.456   4.652 0.000
 33.208333  34.208333  19.081 0.000   6.341 0.000
 36.208333  37.208333 999.999 0.456   4.814 0.000
 39.208333  40.208333   7.585 0.000   6.619 0.000
 42.208333  43.208333   8.428 0.000   5.879 0.000
 45.208333  46.208333  10.549 0.000   7.921 0.000
 48.208333  49.208333   7.552 0.000   5.748 0.000
 51.208333  52.208333   9.437 0.000   5.796 0.000
 54.208333  55.208333   8.747 0.000   4.743 0.000
 57.208333  58.208333  10.194 0.000   5.902 0.000
 60.208333  61.208333  17.895 0.000   4.838 0.000
 63.208333  64.208333  14.937 0.000   4.599 0.000
 66.208333  67.208333  13.839 0.000   6.510 0.000
 69.208333  70.208333   6.758 0.000   3.659 0.000
 72.208333  73.208333  14.498 0.000   6.051 0.000
 75.208333  76.208333   7.945 0.000   5.330 0.000
 78.208333  79.208333   8.657 0.000   5.311 0.000
 81.208333  82.208333  17.594 0.000  11.247 0.000
 84.208333  85.208333  10.965 0.000   8.835 0.000
 87.208333  88.208333 999.999 0.999 999.999 0.999
 90.208333  91.208333  46.085 0.000   9.414 0.000
 93.208333  94.208333  41.026 0.000   5.297 0.000
 96.208333  97.208333   9.597 0.000   2.839 0.000
 99.208333 100.208333  10.444 0.000   3.325 0.000
102.208333 103.208333  12.219 0.000   5.112 0.000
105.208333 106.208333  20.252 0.000  11.443 0.000
108.208333 109.208333  13.905 0.000   5.835 0.000
111.208333 112.208333   6.690 0.000   3.506 0.000
114.208333 115.208333  14.766 0.000   3.556 0.000
117.208333 118.208333   7.401 0.000   3.984 0.000
120.208333 121.208333  15.284 0.000   7.610 0.000
123.208333 124.208333  25.587 0.000  11.290 0.000
126.208333 127.208333  11.801 0.000   5.301 0.000
129.208333 130.208333  12.706 0.000   5.029 0.000
132.208333 133.208333  12.325 0.000   6.273 0.000
135.208333 136.208333  16.578 0.000  10.281 0.000
138.208333 139.208333  19.265 0.000   7.720 0.000
141.208333 142.208333  16.727 0.000   6.646 0.000
144.208333 145.208333  16.613 0.000   7.789 0.000
147.208333 148.208333  35.125 0.000  20.555 0.000
150.208333 151.208333  79.398 0.000   6.631 0.659
153.208333 154.208333  65.293 0.000   5.083 0.659
156.208333 157.208333  74.461 0.000   3.975 0.659
159.208333 160.208333  13.729 0.000   6.221 0.659
162.208333 163.208333  15.911 0.000   9.566 0.659
165.208333 166.208333  19.076 0.000   6.003 0.659
168.208333 169.208333  21.880 0.000   9.107 0.659
171.208333 172.208333  40.296 0.000  14.800 0.659
174.208333 175.208333 999.999 0.456   6.746 0.659
177.208333 178.208333  44.412 0.000   4.400 0.000
180.208333 181.208333  55.781 0.000  20.484 0.000
183.208333 184.208333 999.999 0.999 999.999 0.999
186.208333 187.208333 999.999 0.999 999.999 0.999
189.208333 190.208333 999.999 0.999 999.999 0.999
192.208333 193.208333 999.999 0.999 999.999 0.999
195.208333 196.208333 999.999 0.999 999.999 0.999
198.208333 199.208333 999.999 0.999 999.999 0.999
201.208333 202.208333  23.795 0.000  12.246 0.000
204.208333 205.208333  29.888 0.000  14.510 0.659
207.208333 208.208333  28.527 0.000  13.128 0.000
210.208333 211.208333  19.838 0.000   7.928 0.000
213.208333 214.208333  22.881 0.000  14.610 0.000
216.208333 217.208333  20.841 0.000  12.889 0.000
219.208333 220.208333  16.525 0.000   6.452 0.000
222.208333 223.208333  12.551 0.000   6.980 0.000
225.208333 226.208333  18.282 0.000   9.109 0.000
228.208333 229.208333  20.311 0.000  13.062 0.000
231.208333 232.208333  16.872 0.000   9.410 0.000
234.208333 235.208333  15.861 0.000  11.326 0.000
237.208333 238.208333  20.249 0.000  13.670 0.000
240.208333 241.208333  16.831 0.000  11.284 0.000
243.208333 244.208333  15.488 0.000   8.750 0.659
246.208333 247.208333  10.587 0.000   5.622 0.659
249.208333 250.208333  14.232 0.000   8.688 0.659
252.208333 253.208333  11.608 0.000   3.859 0.659
255.208333 256.208333  12.430 0.000   7.250 0.659
258.208333 259.208333   9.799 0.000   4.103 0.659
261.208333 262.208333  11.457 0.000   3.349 0.000
264.208333 265.208333  18.771 0.000   6.492 0.000
267.208333 268.208333   6.960 0.000   2.654 0.000
270.208333 271.208333   7.501 0.000 999.999 0.456
273.208333 274.208333  19.797 0.000  10.178 0.000
276.208333 277.208333   7.920 0.000   4.524 0.659
279.208333 280.208333   9.588 0.000   2.925 0.659
282.208333 283.208333   6.594 0.000   4.160 0.659
285.208333 286.208333   9.663 0.000   3.730 0.659
288.208333 289.208333   5.965 0.000   3.085 0.000
291.208333 292.208333  11.114 0.000   5.195 0.000
294.208333 295.208333   7.199 0.000   4.049 0.659
297.208333 298.208333  16.232 0.000   8.556 0.659
300.208333 301.208333   2.452 0.000   1.636 0.000
303.208333 304.208333   1.110 0.000   0.639 0.000
306.208333 307.208333   5.230 0.000   2.477 0.000
309.208333 310.208333   9.360 0.000   6.366 0.659
312.208333 313.208333  21.536 0.000  11.828 0.659
315.208333 316.208333  12.843 0.000   6.891 0.659
318.208333 319.208333  12.640 0.000   8.652 0.000
321.208333 322.208333  14.203 0.000   8.198 0.659
324.208333 325.208333  19.477 0.000   9.954 0.000
327.208333 328.208333  11.581 0.000   6.171 0.000
330.208333 331.208333  18.849 0.000  10.743 0.000
333.208333 334.208333  20.446 0.000  12.731 0.659
336.208333 337.208333  10.095 0.000   6.721 0.659
339.208333 340.208333   4.889 0.000   3.269 0.659
342.208333 343.208333   7.858 0.000   6.377 0.659
345.208333 346.208333   9.577 0.000   7.552 0.659
348.208333 349.208333   9.319 0.000   6.476 0.659
351.208333 352.208333   4.641 0.000   2.863 0.659
354.208333 355.208333   8.578 0.000   6.997 0.659
357.208333 358.208333   8.686 0.000   6.771 0.659
360.208333 361.208333   6.997 0.000   6.456 0.659
363.208333 364.208333  13.924 0.000  13.843 0.659
