scripts/IMPROVE-2019_partial/data/US9045R.20060102080000.20191216000000.filterpack..pm25.52w.1w.US03L_filterpack_US9045.US03L_IMPROVE_Davis.lev2.nas
66 1001
MISSING INFORMATION
US03L, IMPROVE, , , , , , , 
MISSING INFORMATION
IMPROVE sel_HTAP
1 1
2006 01 01 2019 12 16
3.000000
days from file reference point
27
1 1 1 1 1 1 1 1 1 1 1 1 1 1 1 1 1 1 1 1 1 1 1 1 1 1 1
999.999999 9999.99 9.999 99.99 9.999 9.999 9.999999 9.99 9.999 99.999 9.999 99.999 9.999 99.999 9.999 9999.99 9.999999 999.999 9.999 999.999 9.999 999.999 9.999 9.999 9.999 99.999 9.999
end_time of measurement, days from the file reference point
iron, ng/m3, Revision date=20181210133000
numflag iron, no unit, Revision date=20181210133000
lead, ng/m3, Revision date=20181210133000
numflag lead, no unit, Revision date=20181210133000
magnesium, ug/m3, Revision date=20181210133000
numflag magnesium, no unit, Revision date=20181210133000
nickel, ng/m3, Revision date=20181210133000
numflag nickel, no unit, Revision date=20181210133000
nitrate, ug N/m3, Revision date=20181210133000
numflag nitrate, no unit, Revision date=20181210133000
organic_carbon, ug C/m3, Revision date=20181210133000
numflag organic_carbon, no unit, Revision date=20181210133000
organic_mass, ug/m3, Revision date=20181210133000
numflag organic_mass, no unit, Revision date=20181210133000
phosphorus, ng/m3, Revision date=20181210133000
numflag phosphorus, no unit, Revision date=20181210133000
pm10_mass, ug/m3, Version=2, Version description=Data extracted from http://views.cira.colostate.edu/fed/DataWizard 2019-12-16, Sample duration=1d, Orig. time res.=3d, Matrix=pm10, Blank correction=Blank corrected, Volume std. temperature=ambient, Volume std. pressure=ambient
numflag pm10_mass, no unit, Version=2, Version description=Data extracted from http://views.cira.colostate.edu/fed/DataWizard 2019-12-16, Sample duration=1d, Orig. time res.=3d, Matrix=pm10, Blank correction=Blank corrected, Volume std. temperature=ambient, Volume std. pressure=ambient
pm10_pm25_mass, ug/m3, Revision date=20181210133000, Matrix=pm10_pm25
numflag pm10_pm25_mass, no unit, Revision date=20181210133000, Matrix=pm10_pm25
pm25_mass, ug/m3, Version=2, Version description=Data extracted from http://views.cira.colostate.edu/fed/DataWizard 2019-12-16, Sample duration=1d, Orig. time res.=3d, Blank correction=Blank corrected, Volume std. temperature=ambient, Volume std. pressure=ambient
numflag pm25_mass, no unit, Version=2, Version description=Data extracted from http://views.cira.colostate.edu/fed/DataWizard 2019-12-16, Sample duration=1d, Orig. time res.=3d, Blank correction=Blank corrected, Volume std. temperature=ambient, Volume std. pressure=ambient
potassium, ug/m3, Revision date=20181210133000
numflag potassium, no unit, Revision date=20181210133000
sulphate_total, ug S/m3, Revision date=20181210133000
numflag sulphate_total, no unit, Revision date=20181210133000
0
25
Data definition:              EBAS_1.1
Set type code:                TU
Timezone:                     UTC
File name:                    US9045R.20060102080000.20191216000000.filterpack..pm25.52w.1w.US03L_filterpack_US9045.US03L_IMPROVE_Davis.lev2.nas
File creation:                20191218120830
Startdate:                    20060102080000
Revision date:                20191216000000
Statistics:                   arithmetic mean
Data level:                   2
Period code:                  52w
Resolution code:              1w
Station code:                 US9045R
Platform code:                US9045S
Station name:                 Sequoia NP
Station latitude:             36.4894
Station longitude:            -118.8291
Station altitude:             519.0 m
Regime:                       IMG
Component:                    
Matrix:                       pm25
Laboratory code:              US03L
Instrument type:              filterpack
Instrument name:              filterpack_US9045
Method ref:                   US03L_IMPROVE_Davis
starttime endtime Fe flag_Fe Pb flag_Pb Mg++ flag_Mg++ Ni flag_Ni NO3- flag_NO3- OC flag_OC OM flag_OM P flag_P PM10 flag_PM10 PM10-PM2.5 flag_PM10-PM2.5 PM2.5 flag_PM2.5 K+ flag_K+ SO4-- flag_SO4--
[from data line 82]
247.333333 248.333333  139.46 0.000  1.29 0.000 0.012 0.000000 0.30 0.000  0.095 0.000  1.825 0.559  3.284 0.559 9999.99 0.259000  27.814 0.000  19.316 0.000   8.498 0.000 0.079 0.000  0.577 0.000
250.333333 251.333333  178.66 0.000  1.36 0.000 0.030 0.000000 0.26 0.000  0.129 0.000  2.532 0.559  4.557 0.559 9999.99 0.259000  33.092 0.000  22.116 0.000  10.976 0.000 0.095 0.000  0.454 0.000
253.333333 254.333333   87.21 0.000  0.99 0.000 9.999 0.259000 0.20 0.000  0.098 0.000  2.337 0.559  4.206 0.559 9999.99 0.259000  22.342 0.000  13.394 0.000   8.949 0.000 0.088 0.000  0.426 0.000
256.333333 257.333333  255.64 0.000  1.25 0.000 0.036 0.000000 0.27 0.000  0.141 0.000  3.559 0.559  6.405 0.559 9999.99 0.259000  46.322 0.000  31.397 0.000  14.925 0.000 0.143 0.000  0.490 0.000
259.333333 260.333333   66.96 0.000  1.05 0.000 0.020 0.000000 9.99 0.259  0.253 0.000  1.856 0.559  3.340 0.559 9999.99 0.259000  19.301 0.000  11.679 0.000   7.622 0.000 0.277 0.000  0.254 0.000
262.333333 263.333333  181.24 0.000  1.33 0.000 0.045 0.000000 0.27 0.000  0.328 0.000  2.511 0.559  4.520 0.559 9999.99 0.259000  38.747 0.000  28.611 0.000  10.136 0.000 0.150 0.000  0.290 0.000
265.333333 266.333333  204.47 0.000  1.26 0.000 0.035 0.000000 0.21 0.000  0.121 0.000  2.269 0.559  4.084 0.559 9999.99 0.259000  38.360 0.000  28.296 0.000  10.064 0.000 0.177 0.000  0.280 0.000
268.333333 269.333333   90.23 0.000  0.77 0.000 9.999 0.259000 0.16 0.000  0.072 0.000  1.068 0.559  1.922 0.559 9999.99 0.259000  16.675 0.000  11.906 0.000   4.769 0.000 0.060 0.000  0.213 0.000
271.333333 272.333333  249.48 0.000  1.53 0.000 0.021 0.000000 0.38 0.000  0.346 0.000  2.556 0.559  4.602 0.559   59.33 0.000000  40.465 0.000  28.599 0.000  11.866 0.000 0.127 0.000  0.550 0.000
274.333333 275.333333   47.10 0.000  1.75 0.000 9.999 0.259000 0.42 0.000  3.151 0.000  2.733 0.000  4.920 0.000 9999.99 0.259000 999.999 0.456 999.999 0.999  30.205 0.000 0.102 0.000  0.970 0.000
277.333333 278.333333 9999.99 0.999 99.99 0.999 9.999 0.999000 9.99 0.999 99.999 0.999 99.999 0.999 99.999 0.999 9999.99 0.999000 999.999 0.999 999.999 0.999 999.999 0.999 9.999 0.999 99.999 0.999
280.333333 281.333333   28.69 0.000  1.01 0.000 9.999 0.259000 0.25 0.000  0.223 0.000  2.023 0.000  3.642 0.000 9999.99 0.259000  13.292 0.000   6.464 0.000   6.828 0.000 0.042 0.000  0.342 0.000
283.333333 284.333333   57.64 0.000  0.80 0.000 0.018 0.000000 0.39 0.000  0.200 0.000  1.670 0.000  3.006 0.000 9999.99 0.259000  19.447 0.000  13.303 0.000   6.144 0.000 0.061 0.000  0.355 0.000
286.333333 287.333333   22.35 0.000  0.97 0.000 9.999 0.259000 0.30 0.000  0.154 0.000  1.369 0.000  2.463 0.000 9999.99 0.259000  10.373 0.000   5.341 0.000   5.032 0.000 0.043 0.000  0.307 0.000
289.333333 290.333333   29.37 0.000  1.14 0.000 0.010 0.000000 0.21 0.000  0.578 0.000  0.967 0.000  1.741 0.000 9999.99 0.259000  10.492 0.000   4.987 0.000   5.505 0.000 0.040 0.000  0.398 0.000
292.333333 293.333333   50.36 0.000  1.45 0.000 0.014 0.000000 0.10 0.000  0.155 0.000  1.655 0.000  2.978 0.000 9999.99 0.259000   9.879 0.000   5.485 0.000   4.394 0.000 0.040 0.000  0.171 0.000
295.333333 296.333333   53.46 0.000  1.08 0.000 0.015 0.000000 9.99 0.259  0.139 0.000  1.677 0.000  3.018 0.000 9999.99 0.259000  11.680 0.000   6.534 0.000   5.146 0.000 0.052 0.000  0.235 0.000
298.333333 299.333333  247.82 0.000  1.59 0.000 0.072 0.000000 0.17 0.000  0.331 0.000  3.188 0.000  5.739 0.000 9999.99 0.259000  41.561 0.000  30.119 0.000  11.443 0.000 0.137 0.000  0.306 0.000
301.333333 302.333333  112.47 0.000  2.60 0.000 9.999 0.259000 0.15 0.000  0.784 0.000  2.239 0.000  4.031 0.000 9999.99 0.259000  22.248 0.000  13.007 0.000   9.241 0.000 0.075 0.000  0.325 0.000
304.333333 305.333333  145.89 0.000  2.71 0.000 9.999 0.259000 0.22 0.000  1.692 0.000  2.805 0.000  5.049 0.000 9999.99 0.259000  29.593 0.000  12.634 0.000  16.959 0.000 0.092 0.000  0.516 0.000
307.333333 308.333333   27.09 0.000  1.45 0.000 9.999 0.259000 0.13 0.000  0.512 0.000  1.758 0.000  3.164 0.000 9999.99 0.259000   9.678 0.000   3.078 0.000   6.600 0.000 0.036 0.000  0.335 0.000
310.333333 311.333333   39.24 0.000  1.82 0.000 9.999 0.259000 0.17 0.000  0.696 0.000  2.237 0.000  4.027 0.000 9999.99 0.259000  14.745 0.000   5.923 0.000   8.822 0.000 0.051 0.000  0.481 0.000
313.333333 314.333333   39.83 0.000  0.94 0.000 9.999 0.259000 9.99 0.259  0.436 0.000  4.552 0.000  8.193 0.000 9999.99 0.259000  18.125 0.000   7.458 0.000  10.667 0.000 0.096 0.000  0.337 0.000
316.333333 317.333333   29.15 0.000  1.25 0.000 9.999 0.259000 9.99 0.259  0.820 0.000  2.461 0.000  4.429 0.000 9999.99 0.259000  14.289 0.000   4.327 0.000   9.963 0.000 0.184 0.000  0.308 0.000
319.333333 320.333333   16.82 0.000  0.78 0.000 9.999 0.259000 9.99 0.259  0.491 0.000  1.597 0.000  2.875 0.000 9999.99 0.259000   9.749 0.000   4.431 0.000   5.318 0.000 0.039 0.000  0.173 0.000
322.333333 323.333333   23.59 0.000  0.75 0.000 9.999 0.259000 9.99 0.259  0.662 0.000  1.753 0.000  3.155 0.000 9999.99 0.259000  11.933 0.000   6.608 0.000   5.326 0.000 0.037 0.000  0.247 0.000
325.333333 326.333333   44.32 0.000  1.51 0.000 9.999 0.259000 0.17 0.000  3.964 0.000  1.956 0.000  3.521 0.000 9999.99 0.259000  39.278 0.000   6.891 0.000  32.386 0.000 0.042 0.000  0.890 0.000
328.333333 329.333333   30.00 0.000  1.33 0.000 9.999 0.259000 9.99 0.259  1.648 0.000  2.645 0.000  4.760 0.000 9999.99 0.259000  24.048 0.000   7.799 0.000  16.249 0.000 0.086 0.000  0.377 0.000
331.333333 332.333333    8.42 0.000 99.99 0.259 9.999 0.259000 9.99 0.259  0.222 0.000  0.841 0.000  1.513 0.000 9999.99 0.259000   5.029 0.000   2.402 0.000   2.627 0.000 0.027 0.000  0.114 0.000
334.333333 335.333333   33.63 0.000  0.58 0.000 9.999 0.259000 0.10 0.000  0.930 0.000  1.607 0.000  2.893 0.000 9999.99 0.259000  14.248 0.000   5.617 0.000   8.631 0.000 0.056 0.000  0.095 0.000
337.333333 338.333333   23.93 0.000  0.55 0.000 9.999 0.259000 9.99 0.259  0.641 0.000  0.946 0.000  1.702 0.000 9999.99 0.259000   8.686 0.000   4.175 0.000   4.511 0.000 0.027 0.000  0.083 0.000
340.333333 341.333333   25.38 0.000  0.15 0.000 9.999 0.259000 9.99 0.259  0.274 0.000  0.745 0.000  1.340 0.000 9999.99 0.259000   8.054 0.000   5.846 0.000   2.208 0.000 0.020 0.000  0.037 0.000
343.333333 344.333333    1.15 0.000  0.16 0.000 9.999 0.259000 9.99 0.259  0.018 0.000  0.364 0.000  0.656 0.000 9999.99 0.259000   2.994 0.000   2.251 0.000   0.744 0.000 0.009 0.000  0.017 0.000
346.333333 347.333333    7.80 0.000  0.36 0.000 9.999 0.259000 9.99 0.259  0.188 0.000  0.718 0.000  1.293 0.000 9999.99 0.259000   6.047 0.000   4.271 0.000   1.776 0.000 0.014 0.000  0.062 0.000
349.333333 350.333333 9999.99 0.456 99.99 0.456 9.999 0.456000 9.99 0.456  0.842 0.000  1.180 0.000  2.125 0.000 9999.99 0.456000   9.180 0.000 999.999 0.456 999.999 0.456 9.999 0.456  0.207 0.000
352.333333 353.333333    3.82 0.000  0.58 0.000 9.999 0.259000 9.99 0.259  0.116 0.000  0.541 0.000  0.974 0.000 9999.99 0.259000   2.381 0.000   0.752 0.000   1.628 0.000 0.017 0.000  0.069 0.000
355.333333 356.333333    4.71 0.000  0.98 0.000 9.999 0.259000 9.99 0.259  0.773 0.000  0.797 0.000  1.435 0.000 9999.99 0.259000   6.380 0.000   0.318 0.000   6.062 0.000 0.025 0.000  0.089 0.000
358.333333 359.333333    2.80 0.000  0.12 0.000 9.999 0.259000 9.99 0.259  0.009 0.000  0.310 0.000  0.558 0.000 9999.99 0.259000   3.136 0.000   1.573 0.000   1.563 0.000 0.009 0.000  0.158 0.000
361.333333 362.333333    9.34 0.000  0.21 0.000 9.999 0.259000 9.99 0.259  0.240 0.000  0.750 0.000  1.350 0.000 9999.99 0.259000   6.142 0.000   3.518 0.000   2.623 0.000 0.016 0.000  0.065 0.000
364.333333 365.333333    9.28 0.000  1.11 0.000 9.999 0.259000 9.99 0.259  0.806 0.000  1.449 0.000  2.607 0.000 9999.99 0.259000   9.957 0.000   2.487 0.000   7.470 0.000 0.046 0.000  0.106 0.000
