scripts/IMPROVE-2019_partial/data/US9006R.20080101050000.20191216000000.filterpack...52w.3d.US03L_filterpack_US9006.US03L_IMPROVE_Davis.lev2.nas
51 1001
MISSING INFORMATION
US03L, IMPROVE, , , , , , , 
MISSING INFORMATION
IMPROVE sel_HTAP
1 1
2008 01 01 2019 12 16
3.000000
days from file reference point
4
1 1 1 1
999.999999 999.999 999.999 9.999
end_time of measurement, days from the file reference point
pm10_mass, ug/m3, Matrix=pm10
pm25_mass, ug/m3, Matrix=pm25
numflag, no unit
0
33
Data definition:              EBAS_1.1
Set type code:                TU
Timezone:                     UTC
File name:                    US9006R.20080101050000.20191216000000.filterpack...52w.3d.US03L_filterpack_US9006.US03L_IMPROVE_Davis.lev2.nas
File creation:                20191218120530
Startdate:                    20080101050000
Revision date:                20191216000000
Version:                      2
Version description:          "Data extracted from http://views.cira.colostate.edu/fed/DataWizard 2019-12-16"
Statistics:                   arithmetic mean
Data level:                   2
Period code:                  52w
Resolution code:              3d
Sample duration:              1d
Orig. time res.:              3d
Station code:                 US9006R
Platform code:                US9006S
Station name:                 Martha's Vineyard
Station latitude:             41.3309
Station longitude:            -70.7846
Station altitude:             2.0 m
Regime:                       IMG
Component:                    
Unit:                         ug/m3
Matrix:                       
Laboratory code:              US03L
Instrument type:              filterpack
Instrument name:              filterpack_US9006
Method ref:                   US03L_IMPROVE_Davis
Blank correction:             Blank corrected
Volume std. temperature:      ambient
Volume std. pressure:         ambient
starttime endtime PM10 PM2.5 flag
  0.208333   1.208333  13.302   6.751 0.000
  3.208333   4.208333  13.822   6.904 0.000
  6.208333   7.208333  21.793  14.300 0.000
  9.208333  10.208333  14.438   5.215 0.000
 12.208333  13.208333   9.229   4.100 0.000
 15.208333  16.208333   5.421   2.486 0.000
 18.208333  19.208333 999.999 999.999 0.999
 21.208333  22.208333 999.999 999.999 0.999
 24.208333  25.208333   9.978   4.163 0.000
 27.208333  28.208333   9.430   4.218 0.000
 30.208333  31.208333  14.867   5.761 0.000
 33.208333  34.208333  16.124  11.800 0.000
 36.208333  37.208333  23.160  16.404 0.000
 39.208333  40.208333   7.852   4.914 0.000
 42.208333  43.208333   5.413   3.126 0.000
 45.208333  46.208333  20.001   9.833 0.000
 48.208333  49.208333  13.898   6.591 0.000
 51.208333  52.208333   5.841   3.336 0.000
 54.208333  55.208333  11.714   7.564 0.000
 57.208333  58.208333  12.679   9.485 0.000
 60.208333  61.208333  12.031   6.576 0.000
 63.208333  64.208333  27.963  12.079 0.000
 66.208333  67.208333  11.017   5.368 0.000
 69.208333  70.208333   8.735   4.978 0.000
 72.208333  73.208333   6.812   4.153 0.000
 75.208333  76.208333  10.955   6.359 0.000
 78.208333  79.208333   9.783   4.080 0.000
 81.208333  82.208333   8.566   3.156 0.000
 84.208333  85.208333  12.910   4.878 0.000
 87.208333  88.208333  10.729   5.856 0.000
 90.208333  91.208333  15.135   5.200 0.000
 93.208333  94.208333   9.619   4.637 0.000
 96.208333  97.208333   6.616   3.067 0.000
 99.208333 100.208333  14.100   4.854 0.000
102.208333 103.208333  11.029   6.021 0.000
105.208333 106.208333   7.097   3.243 0.000
108.208333 109.208333  12.336   5.232 0.000
111.208333 112.208333  21.328   7.406 0.000
114.208333 115.208333  18.474   9.917 0.000
117.208333 118.208333  10.380   5.043 0.000
120.208333 121.208333  10.352   5.169 0.000
123.208333 124.208333  13.431   5.352 0.000
126.208333 127.208333   9.822   6.291 0.000
129.208333 130.208333  11.300   3.622 0.000
132.208333 133.208333  11.151   3.558 0.000
135.208333 136.208333   8.889   3.930 0.000
138.208333 139.208333  24.421  13.975 0.000
141.208333 142.208333  16.003  10.174 0.000
144.208333 145.208333   5.535   2.067 0.000
147.208333 148.208333  25.393  13.547 0.000
150.208333 151.208333  16.727   8.328 0.000
153.208333 154.208333  12.924   6.137 0.000
156.208333 157.208333  10.460   7.713 0.000
159.208333 160.208333  31.430  27.059 0.000
162.208333 163.208333  32.552  22.841 0.000
165.208333 166.208333  11.489   6.893 0.000
168.208333 169.208333  11.697   6.766 0.000
171.208333 172.208333  12.643   9.308 0.000
174.208333 175.208333  13.166   7.437 0.000
177.208333 178.208333  21.480  16.780 0.000
180.208333 181.208333  37.912  26.288 0.000
183.208333 184.208333  16.543  11.235 0.000
186.208333 187.208333  15.856  14.083 0.000
189.208333 190.208333  19.843  13.623 0.000
192.208333 193.208333   8.062   3.783 0.000
195.208333 196.208333  12.417   6.724 0.000
198.208333 199.208333  20.642  13.420 0.000
201.208333 202.208333  22.785   9.731 0.000
204.208333 205.208333  19.709  13.089 0.000
207.208333 208.208333  15.013  10.330 0.000
210.208333 211.208333  32.404  25.624 0.000
213.208333 214.208333  13.795  10.015 0.000
216.208333 217.208333   9.243   3.923 0.000
219.208333 220.208333   5.232   2.478 0.000
222.208333 223.208333   7.449   3.810 0.000
225.208333 226.208333  10.281   5.304 0.000
228.208333 229.208333  13.759   9.145 0.000
231.208333 232.208333  21.238  14.947 0.000
234.208333 235.208333   8.519   4.132 0.000
237.208333 238.208333  15.380   6.452 0.000
240.208333 241.208333  10.612   4.768 0.000
243.208333 244.208333   8.579   5.316 0.000
246.208333 247.208333 999.999 999.999 0.999
249.208333 250.208333  19.909   9.676 0.000
252.208333 253.208333  13.732   7.811 0.000
255.208333 256.208333   5.915   2.688 0.000
258.208333 259.208333  16.855   7.813 0.000
261.208333 262.208333   9.776   3.563 0.000
264.208333 265.208333  14.137   7.170 0.000
267.208333 268.208333   7.194   2.628 0.000
270.208333 271.208333   8.466   5.010 0.000
273.208333 274.208333   6.612   3.464 0.000
276.208333 277.208333  12.123   4.551 0.000
279.208333 280.208333   7.300   4.444 0.000
282.208333 283.208333  21.654   9.169 0.000
285.208333 286.208333   8.117   3.705 0.000
288.208333 289.208333  16.045  10.983 0.000
291.208333 292.208333   6.843   2.195 0.000
294.208333 295.208333  13.556   6.307 0.000
297.208333 298.208333   7.173   3.046 0.000
300.208333 301.208333  17.945  10.145 0.000
303.208333 304.208333   3.271   1.377 0.000
306.208333 307.208333   6.864   3.185 0.000
309.208333 310.208333  10.378   4.314 0.000
312.208333 313.208333   5.229   4.020 0.000
315.208333 316.208333   3.761   1.860 0.000
318.208333 319.208333  10.917   5.428 0.000
321.208333 322.208333   7.127   2.939 0.000
324.208333 325.208333   5.770   2.620 0.000
327.208333 328.208333   4.271   1.768 0.000
330.208333 331.208333  11.894   5.530 0.000
333.208333 334.208333   5.987   3.775 0.000
336.208333 337.208333  11.331   4.516 0.000
339.208333 340.208333   6.602   2.991 0.000
342.208333 343.208333   5.579   2.104 0.000
345.208333 346.208333   5.448   2.439 0.000
348.208333 349.208333  10.434   4.284 0.000
351.208333 352.208333   4.871   3.157 0.000
354.208333 355.208333   5.315   2.551 0.000
357.208333 358.208333   4.909   2.498 0.000
360.208333 361.208333   9.227   4.713 0.000
363.208333 364.208333   7.540   4.714 0.000
