scripts/IMPROVE-2019_partial/data/US9030R.20070103090000.20191216000000.filterpack...1y.3d.US03L_filterpack_US9030.US03L_IMPROVE_Davis.lev2.nas
52 1001
MISSING INFORMATION
US03L, IMPROVE, , , , , , , 
MISSING INFORMATION
IMPROVE sel_HTAP
1 1
2007 01 01 2019 12 16
3.000
days from file reference point
5
1 1 1 1 1
999.999 999.999 9.999 999.999 9.999
end_time of measurement, days from the file reference point
pm10_mass, ug/m3, Matrix=pm10
numflag pm10_mass, no unit, Matrix=pm10
pm25_mass, ug/m3, Matrix=pm25
numflag pm25_mass, no unit, Matrix=pm25
0
33
Data definition:              EBAS_1.1
Set type code:                TU
Timezone:                     UTC
File name:                    US9030R.20070103090000.20191216000000.filterpack...1y.3d.US03L_filterpack_US9030.US03L_IMPROVE_Davis.lev2.nas
File creation:                20191218120713
Startdate:                    20070103090000
Revision date:                20191216000000
Version:                      2
Version description:          "Data extracted from http://views.cira.colostate.edu/fed/DataWizard 2019-12-16"
Statistics:                   arithmetic mean
Data level:                   2
Period code:                  1y
Resolution code:              3d
Sample duration:              1d
Orig. time res.:              3d
Station code:                 US9030R
Platform code:                US9030S
Station name:                 Simeonof
Station latitude:             55.3255
Station longitude:            -160.5063
Station altitude:             57.0 m
Regime:                       IMG
Component:                    
Unit:                         ug/m3
Matrix:                       
Laboratory code:              US03L
Instrument type:              filterpack
Instrument name:              filterpack_US9030
Method ref:                   US03L_IMPROVE_Davis
Blank correction:             Blank corrected
Volume std. temperature:      ambient
Volume std. pressure:         ambient
starttime endtime PM10 flag_PM10 PM2.5 flag_PM2.5
  2.375   3.375   4.656 0.000   1.626 0.000
  5.375   6.375   3.252 0.000   1.274 0.000
  8.375   9.375  16.753 0.000   6.478 0.000
 11.375  12.375   5.877 0.000   2.300 0.000
 14.375  15.375   4.852 0.000   2.035 0.000
 17.375  18.375  12.015 0.000   4.520 0.000
 20.375  21.375   3.260 0.000   1.014 0.000
 23.375  24.375   2.888 0.000   1.205 0.000
 26.375  27.375  14.159 0.000   6.462 0.000
 29.375  30.375  29.758 0.000  14.481 0.000
 32.375  33.375  14.316 0.000   6.457 0.000
 35.375  36.375   7.661 0.000   3.638 0.000
 38.375  39.375   1.140 0.000   0.859 0.000
 41.375  42.375   5.561 0.000   2.293 0.000
 44.375  45.375   8.940 0.000   3.228 0.000
 47.375  48.375  13.326 0.000   5.980 0.000
 50.375  51.375  11.199 0.000   3.809 0.000
 53.375  54.375  11.668 0.000   2.417 0.000
 56.375  57.375  19.698 0.000  14.261 0.000
 59.375  60.375 999.999 0.999 999.999 0.999
 62.375  63.375   7.192 0.000   3.319 0.000
 65.375  66.375  23.310 0.000   4.794 0.000
 68.375  69.375   7.347 0.000   3.999 0.000
 71.375  72.375   7.082 0.000   2.954 0.000
 74.375  75.375  24.679 0.000   2.822 0.000
 77.375  78.375   5.405 0.000   1.403 0.000
 80.375  81.375   6.852 0.000   3.833 0.000
 83.375  84.375   7.239 0.000   3.098 0.000
 86.375  87.375   7.565 0.000   2.141 0.000
 89.375  90.375  13.635 0.000   5.131 0.000
 92.375  93.375  10.204 0.000   3.801 0.000
 95.375  96.375   4.610 0.000   2.308 0.000
 98.375  99.375   5.404 0.000   2.314 0.000
101.375 102.375   6.303 0.000   2.474 0.000
104.375 105.375   3.889 0.000   1.914 0.000
107.375 108.375  12.826 0.000   5.659 0.000
110.375 111.375   2.153 0.000   1.109 0.000
113.375 114.375   4.098 0.000   2.254 0.000
116.375 117.375   2.752 0.000   1.179 0.000
119.375 120.375   5.651 0.000   2.559 0.000
122.375 123.375   6.155 0.000   1.103 0.000
125.375 126.375   2.870 0.000   1.350 0.000
128.375 129.375   3.762 0.000   1.495 0.000
131.375 132.375   3.417 0.000   1.217 0.000
134.375 135.375   3.973 0.000   1.799 0.000
137.375 138.375  12.739 0.000   5.670 0.000
140.375 141.375  28.675 0.000   6.370 0.000
143.375 144.375   3.260 0.000   1.098 0.000
146.375 147.375   7.470 0.000   3.374 0.000
149.375 150.375   4.469 0.000   2.274 0.000
152.375 153.375   5.347 0.000   2.217 0.000
155.375 156.375   2.841 0.000   1.687 0.000
158.375 159.375   4.008 0.000   2.149 0.000
161.375 162.375   3.379 0.000   1.816 0.000
164.375 165.375 999.999 0.999 999.999 0.999
167.375 168.375 999.999 0.999 999.999 0.999
170.375 171.375   5.897 0.000   1.738 0.000
173.375 174.375   1.857 0.000   0.640 0.000
176.375 177.375   8.313 0.000   2.737 0.000
179.375 180.375   9.094 0.000   1.454 0.000
182.375 183.375   8.327 0.000   2.243 0.000
185.375 186.375   9.233 0.000   3.651 0.000
188.375 189.375   6.599 0.000   2.579 0.000
191.375 192.375 999.999 0.999 999.999 0.999
194.375 195.375   3.112 0.000   2.361 0.000
197.375 198.375   4.259 0.000   2.207 0.000
200.375 201.375   2.954 0.000   0.926 0.000
203.375 204.375   4.711 0.000   2.304 0.000
206.375 207.375  12.403 0.000   2.488 0.000
209.375 210.375   3.440 0.000   1.106 0.000
212.375 213.375   3.202 0.000   1.198 0.000
215.375 216.375   2.615 0.000   1.617 0.000
218.375 219.375   4.603 0.000   1.863 0.000
221.375 222.375   2.184 0.000   1.316 0.000
224.375 225.375   3.451 0.000   1.493 0.000
227.375 228.375 999.999 0.456   2.077 0.000
230.375 231.375 999.999 0.456   2.915 0.000
233.375 234.375 999.999 0.999 999.999 0.999
236.375 237.375   3.122 0.000   1.690 0.000
239.375 240.375   5.643 0.000   2.297 0.000
242.375 243.375   3.970 0.000   1.579 0.000
245.375 246.375  10.081 0.000   4.151 0.000
248.375 249.375  16.426 0.000   3.712 0.000
251.375 252.375  16.152 0.000   4.882 0.000
254.375 255.375 999.999 0.999 999.999 0.999
257.375 258.375 999.999 0.999 999.999 0.999
260.375 261.375 999.999 0.999 999.999 0.999
263.375 264.375  11.534 0.000   3.799 0.000
266.375 267.375  16.157 0.000   7.296 0.000
269.375 270.375  16.258 0.000   3.094 0.000
272.375 273.375  10.091 0.000   4.675 0.000
275.375 276.375   8.767 0.000   2.830 0.000
278.375 279.375   7.567 0.000   2.465 0.000
281.375 282.375   8.063 0.000   2.109 0.000
284.375 285.375  11.483 0.000   2.795 0.000
287.375 288.375   3.291 0.000   1.315 0.000
290.375 291.375   2.730 0.000   1.046 0.000
293.375 294.375   2.722 0.000   1.856 0.000
296.375 297.375  11.282 0.000   3.831 0.000
299.375 300.375   3.512 0.000   1.610 0.000
302.375 303.375   7.682 0.000   2.765 0.000
305.375 306.375   6.609 0.000   2.359 0.000
308.375 309.375  11.344 0.000   4.226 0.000
311.375 312.375  15.862 0.000   5.880 0.000
314.375 315.375   4.274 0.000   1.670 0.000
317.375 318.375   4.309 0.000   1.519 0.000
320.375 321.375  12.374 0.000   4.056 0.000
323.375 324.375   3.678 0.000   1.189 0.000
326.375 327.375   5.482 0.000   1.788 0.000
329.375 330.375  14.501 0.000   5.373 0.000
332.375 333.375  14.179 0.000   6.363 0.000
335.375 336.375   8.218 0.000   2.936 0.000
338.375 339.375  23.185 0.000   6.366 0.000
341.375 342.375  13.886 0.000   4.810 0.000
344.375 345.375   6.010 0.000   1.852 0.000
347.375 348.375  10.445 0.000   2.265 0.000
350.375 351.375   7.986 0.000   2.309 0.000
353.375 354.375  28.006 0.000   5.330 0.000
356.375 357.375   4.083 0.000   1.097 0.000
359.375 360.375   4.864 0.000   1.105 0.000
362.375 363.375   2.768 0.000   1.029 0.000
