scripts/IMPROVE-2019_partial/data/US9029R.20040101070000.20191216000000.filterpack..pm25.52w.1w.US03L_filterpack_US9029.US03L_IMPROVE_Davis.lev2.nas
66 1001
MISSING INFORMATION
US03L, IMPROVE, , , , , , , 
MISSING INFORMATION
IMPROVE sel_HTAP
1 1
2004 01 01 2019 12 16
3.000000
days from file reference point
27
1 1 1 1 1 1 1 1 1 1 1 1 1 1 1 1 1 1 1 1 1 1 1 1 1 1 1
999.999999 9999.99 9.999 99.99 9.999999 9.999 9.999999 9.99 9.999999 9.999 9.999 99.999 9.999 99.999 9.999 999.99 9.999999 999.999 9.999 999.999 9.999 99.999 9.999 9.999 9.999 9.999 9.999
end_time of measurement, days from the file reference point
iron, ng/m3, Revision date=20181210133000
numflag iron, no unit, Revision date=20181210133000
lead, ng/m3, Revision date=20181210133000
numflag lead, no unit, Revision date=20181210133000
magnesium, ug/m3, Revision date=20181210133000
numflag magnesium, no unit, Revision date=20181210133000
nickel, ng/m3, Revision date=20181210133000
numflag nickel, no unit, Revision date=20181210133000
nitrate, ug N/m3, Revision date=20181210133000
numflag nitrate, no unit, Revision date=20181210133000
organic_carbon, ug C/m3, Revision date=20181210133000
numflag organic_carbon, no unit, Revision date=20181210133000
organic_mass, ug/m3, Revision date=20181210133000
numflag organic_mass, no unit, Revision date=20181210133000
phosphorus, ng/m3, Revision date=20181210133000
numflag phosphorus, no unit, Revision date=20181210133000
pm10_mass, ug/m3, Version=2, Version description=Data extracted from http://views.cira.colostate.edu/fed/DataWizard 2019-12-16, Sample duration=1d, Orig. time res.=3d, Matrix=pm10, Blank correction=Blank corrected, Volume std. temperature=ambient, Volume std. pressure=ambient
numflag pm10_mass, no unit, Version=2, Version description=Data extracted from http://views.cira.colostate.edu/fed/DataWizard 2019-12-16, Sample duration=1d, Orig. time res.=3d, Matrix=pm10, Blank correction=Blank corrected, Volume std. temperature=ambient, Volume std. pressure=ambient
pm10_pm25_mass, ug/m3, Revision date=20181210133000, Matrix=pm10_pm25
numflag pm10_pm25_mass, no unit, Revision date=20181210133000, Matrix=pm10_pm25
pm25_mass, ug/m3, Version=2, Version description=Data extracted from http://views.cira.colostate.edu/fed/DataWizard 2019-12-16, Sample duration=1d, Orig. time res.=3d, Blank correction=Blank corrected, Volume std. temperature=ambient, Volume std. pressure=ambient
numflag pm25_mass, no unit, Version=2, Version description=Data extracted from http://views.cira.colostate.edu/fed/DataWizard 2019-12-16, Sample duration=1d, Orig. time res.=3d, Blank correction=Blank corrected, Volume std. temperature=ambient, Volume std. pressure=ambient
potassium, ug/m3, Revision date=20181210133000
numflag potassium, no unit, Revision date=20181210133000
sulphate_total, ug S/m3, Revision date=20181210133000
numflag sulphate_total, no unit, Revision date=20181210133000
0
25
Data definition:              EBAS_1.1
Set type code:                TU
Timezone:                     UTC
File name:                    US9029R.20040101070000.20191216000000.filterpack..pm25.52w.1w.US03L_filterpack_US9029.US03L_IMPROVE_Davis.lev2.nas
File creation:                20191218120707
Startdate:                    20040101070000
Revision date:                20191216000000
Statistics:                   arithmetic mean
Data level:                   2
Period code:                  52w
Resolution code:              1w
Station code:                 US9029R
Platform code:                US9029S
Station name:                 North Absaroka
Station latitude:             44.7448
Station longitude:            -109.3816
Station altitude:             2482.0 m
Regime:                       IMG
Component:                    
Matrix:                       pm25
Laboratory code:              US03L
Instrument type:              filterpack
Instrument name:              filterpack_US9029
Method ref:                   US03L_IMPROVE_Davis
starttime endtime Fe flag_Fe Pb flag_Pb Mg++ flag_Mg++ Ni flag_Ni NO3- flag_NO3- OC flag_OC OM flag_OM P flag_P PM10 flag_PM10 PM10-PM2.5 flag_PM10-PM2.5 PM2.5 flag_PM2.5 K+ flag_K+ SO4-- flag_SO4--
  0.291667   1.291667    3.57 0.000 99.99 0.259000 0.022 0.000000 0.08 0.000000 0.002 0.000  0.171 0.000  0.240 0.000 999.99 0.259000   2.260 0.000   2.011 0.000  0.249 0.000 0.003 0.000 0.030 0.000
  3.291667   4.291667    2.98 0.000  0.26 0.000000 0.017 0.000000 9.99 0.259000 0.077 0.000  0.509 0.000  0.713 0.000 999.99 0.259000   3.849 0.000   1.860 0.000  1.989 0.000 0.010 0.000 0.161 0.000
  6.291667   7.291667    2.03 0.000  0.34 0.000000 9.999 0.259000 9.99 0.259000 0.003 0.559  0.293 0.000  0.411 0.000   7.64 0.000000   2.191 0.000   1.944 0.000  0.247 0.000 0.003 0.000 0.070 0.559
  9.291667  10.291667    9.95 0.000  0.17 0.000000 9.999 0.259000 0.06 0.000000 0.007 0.000  0.271 0.000  0.379 0.000 999.99 0.259000   1.438 0.000   0.826 0.000  0.612 0.000 0.011 0.000 0.045 0.000
 12.291667  13.291667    6.11 0.000  0.24 0.000000 9.999 0.259000 9.99 0.259000 0.004 0.000  0.176 0.000  0.247 0.000 999.99 0.259000   1.412 0.000   0.827 0.000  0.585 0.000 0.007 0.000 0.039 0.000
 15.291667  16.291667    4.45 0.000  0.18 0.000000 9.999 0.259000 9.99 0.259000 0.002 0.000  0.232 0.000  0.324 0.000 999.99 0.259000   5.219 0.000   4.879 0.000  0.340 0.000 0.005 0.000 0.033 0.000
 18.291667  19.291667    3.95 0.000  0.25 0.000000 9.999 0.259000 0.07 0.000000 0.005 0.000  0.271 0.000  0.379 0.000 999.99 0.259000   2.026 0.000   0.955 0.000  1.071 0.000 0.006 0.000 0.165 0.000
 21.291667  22.291667    5.15 0.000  0.20 0.000000 0.023 0.000000 0.06 0.000000 0.009 0.000  0.235 0.000  0.328 0.000 999.99 0.259000   2.108 0.000   1.423 0.000  0.685 0.000 0.011 0.000 0.043 0.000
 24.291667  25.291667    2.70 0.000  0.13 0.000000 0.022 0.000000 0.06 0.000000 0.027 0.000  0.354 0.000  0.495 0.000 999.99 0.259000   0.868 0.000   0.008 0.000  0.860 0.000 0.005 0.000 0.093 0.000
 27.291667  28.291667 9999.99 0.999 99.99 0.999000 9.999 0.999000 9.99 0.999000 9.999 0.999 99.999 0.999 99.999 0.999 999.99 0.999000 999.999 0.999 999.999 0.999 99.999 0.999 9.999 0.999 9.999 0.999
 30.291667  31.291667    1.72 0.000  0.14 0.000000 9.999 0.259000 9.99 0.259000 0.021 0.000  0.147 0.000  0.206 0.000 999.99 0.259000   1.289 0.000   0.915 0.000  0.374 0.000 0.002 0.000 0.031 0.000
 33.291667  34.291667    4.46 0.000  0.18 0.000000 9.999 0.259000 9.99 0.259000 0.039 0.559  0.215 0.000  0.301 0.000 999.99 0.259000   1.374 0.000   0.500 0.000  0.874 0.000 0.004 0.000 0.060 0.559
 36.291667  37.291667    4.07 0.000  0.23 0.000000 0.025 0.000000 9.99 0.259000 0.096 0.000  0.217 0.000  0.304 0.000 999.99 0.259000   4.258 0.000   2.978 0.000  1.279 0.000 0.005 0.000 0.097 0.000
 39.291667  40.291667    1.53 0.000  0.15 0.000000 9.999 0.259000 0.09 0.000000 0.019 0.000  0.164 0.000  0.229 0.000 999.99 0.259000   1.157 0.000   0.576 0.000  0.581 0.000 0.003 0.000 0.069 0.000
 42.291667  43.291667    4.13 0.000  0.35 0.000000 9.999 0.259000 9.99 0.259000 0.005 0.000  0.144 0.000  0.202 0.000 999.99 0.259000   3.575 0.000   2.865 0.000  0.710 0.000 0.006 0.000 0.065 0.000
 45.291667  46.291667    4.42 0.000  0.34 0.000000 9.999 0.259000 9.99 0.259000 0.007 0.000  0.218 0.000  0.306 0.000 999.99 0.259000   1.984 0.000   0.904 0.000  1.080 0.000 0.003 0.000 0.113 0.000
 48.291667  49.291667   17.35 0.000  0.39 0.000000 0.027 0.000000 9.99 0.259000 0.019 0.000  0.278 0.000  0.389 0.000 999.99 0.259000   3.287 0.000   1.829 0.000  1.459 0.000 0.014 0.000 0.132 0.000
 51.291667  52.291667    3.38 0.000 99.99 0.259000 0.051 0.000000 9.99 0.259000 0.027 0.000  0.341 0.000  0.478 0.000 999.99 0.259000   1.653 0.000   1.085 0.000  0.568 0.000 0.003 0.000 0.040 0.000
 54.291667  55.291667    2.65 0.000  0.31 0.000000 0.023 0.000000 9.99 0.259000 0.007 0.000  0.251 0.000  0.351 0.000 999.99 0.259000   1.453 0.000   0.331 0.000  1.123 0.000 0.004 0.000 0.152 0.000
 57.291667  58.291667    3.52 0.000  0.41 0.000000 9.999 0.259000 9.99 0.259000 0.018 0.000  0.149 0.000  0.209 0.000 999.99 0.259000   2.753 0.000   2.253 0.000  0.500 0.000 0.004 0.000 0.058 0.000
 60.291667  61.291667    1.16 0.000  0.34 0.000000 9.999 0.259000 0.02 0.000000 0.023 0.000  0.229 0.000  0.321 0.000 999.99 0.259000   0.579 0.000 999.999 0.259  0.744 0.000 0.002 0.000 0.082 0.000
 63.291667  64.291667    8.20 0.559  0.37 0.559000 9.999 0.559259 9.99 0.559259 0.073 0.000  0.233 0.000  0.326 0.000  11.98 0.559000   4.754 0.000   3.214 0.000  1.540 0.559 0.008 0.559 0.172 0.000
 66.291667  67.291667   25.44 0.000  1.65 0.000000 9.999 0.259000 9.99 0.259000 0.032 0.000  0.121 0.000  0.169 0.000 999.99 0.259000   6.205 0.000   3.900 0.000  2.304 0.000 0.024 0.000 0.268 0.000
 69.291667  70.291667    9.14 0.000  0.36 0.000000 9.999 0.259000 9.99 0.259000 0.024 0.000  0.211 0.000  0.296 0.000 999.99 0.259000   4.027 0.000   3.116 0.000  0.911 0.000 0.008 0.000 0.070 0.000
 72.291667  73.291667   12.04 0.000  0.38 0.000000 0.019 0.000000 0.06 0.000000 0.124 0.000  0.289 0.000  0.404 0.000 999.99 0.259000   3.265 0.000   1.784 0.000  1.482 0.000 0.011 0.000 0.139 0.000
 75.291667  76.291667   13.23 0.000  0.58 0.000000 9.999 0.259000 9.99 0.259000 0.033 0.000  0.292 0.000  0.409 0.000 999.99 0.259000   2.367 0.000   1.285 0.000  1.082 0.000 0.010 0.000 0.070 0.000
 78.291667  79.291667   71.97 0.000  1.09 0.000000 0.036 0.000000 9.99 0.259000 0.031 0.000  0.390 0.000  0.546 0.000 999.99 0.259000  10.560 0.000   7.467 0.000  3.093 0.000 0.051 0.000 0.131 0.000
 81.291667  82.291667   33.38 0.000  1.27 0.000000 9.999 0.259000 9.99 0.259000 0.091 0.000  0.725 0.000  1.015 0.000 999.99 0.259000   6.082 0.000   3.092 0.000  2.990 0.000 0.036 0.000 0.169 0.000
 84.291667  85.291667   62.39 0.000  1.23 0.000000 0.056 0.000000 9.99 0.259000 0.034 0.000  0.452 0.000  0.632 0.000 999.99 0.259000   9.069 0.000   5.533 0.000  3.536 0.000 0.042 0.000 0.203 0.000
 87.291667  88.291667    9.05 0.000  0.25 0.000000 9.999 0.259000 9.99 0.259000 0.015 0.000  0.151 0.000  0.211 0.000 999.99 0.259000   1.860 0.000   0.916 0.000  0.944 0.000 0.006 0.000 0.050 0.000
 90.291667  91.291667   70.34 0.559  1.18 0.559000 0.061 0.559000 9.99 0.559259 0.051 0.000  0.478 0.000  0.670 0.000 999.99 0.559259  10.146 0.000   6.510 0.000  3.636 0.559 0.048 0.559 0.199 0.000
 93.291667  94.291667   13.80 0.000  0.57 0.000000 9.999 0.259000 9.99 0.259000 0.143 0.000  0.904 0.000  1.265 0.000 999.99 0.259000   4.616 0.000   0.796 0.000  3.819 0.000 0.021 0.000 0.373 0.000
 96.291667  97.291667   67.46 0.000  0.81 0.000000 9.999 0.259000 9.99 0.259000 0.050 0.000  1.057 0.000  1.480 0.000 999.99 0.259000   6.892 0.000   2.256 0.000  4.636 0.000 0.063 0.000 0.260 0.000
 99.291667 100.291667   31.11 0.000  1.10 0.000000 9.999 0.259000 9.99 0.259000 0.090 0.000  0.378 0.000  0.529 0.000 999.99 0.259000   4.754 0.000   1.764 0.000  2.990 0.000 0.026 0.000 0.327 0.000
102.291667 103.291667   42.31 0.000  0.91 0.000000 9.999 0.259000 9.99 0.259000 0.045 0.000  0.664 0.000  0.929 0.000 999.99 0.259000   5.415 0.000   1.927 0.000  3.488 0.000 0.031 0.000 0.292 0.000
105.291667 106.291667  104.57 0.000  3.05 0.000000 9.999 0.259000 9.99 0.259000 0.068 0.000 99.999 0.999 99.999 0.999 999.99 0.259000  15.253 0.000   9.466 0.000  5.787 0.000 0.086 0.000 0.462 0.000
108.291667 109.291667   20.10 0.000  0.72 0.000000 9.999 0.259000 9.99 0.259000 9.999 0.456 99.999 0.999 99.999 0.999 999.99 0.259000   2.191 0.000   0.455 0.000  1.736 0.000 0.016 0.000 9.999 0.456
111.291667 112.291667   11.66 0.000  0.55 0.000000 0.019 0.000000 9.99 0.259000 0.022 0.000 99.999 0.999 99.999 0.999 999.99 0.259000   2.671 0.000   1.819 0.000  0.852 0.000 0.010 0.000 0.074 0.000
114.291667 115.291667   22.88 0.000  1.18 0.000000 9.999 0.259000 9.99 0.259000 0.141 0.000 99.999 0.999 99.999 0.999 999.99 0.259000   4.423 0.000   2.200 0.000  2.223 0.000 0.022 0.000 0.201 0.000
117.291667 118.291667  126.74 0.000  5.08 0.000000 0.052 0.000000 0.04 0.000000 0.103 0.000 99.999 0.999 99.999 0.999 999.99 0.259000  14.035 0.000   7.338 0.000  6.697 0.000 0.095 0.000 0.580 0.000
120.291667 121.291667   21.51 0.000  0.92 0.000000 9.999 0.259000 9.99 0.259000 0.157 0.000  0.381 0.000  0.533 0.000 999.99 0.259000   6.780 0.000   4.026 0.000  2.754 0.000 0.018 0.000 0.313 0.000
123.291667 124.291667   48.39 0.000  0.60 0.000000 9.999 0.259000 9.99 0.259000 0.023 0.000  1.181 0.000  1.653 0.000 999.99 0.259000   6.082 0.000   2.686 0.000  3.395 0.000 0.030 0.000 0.106 0.000
126.291667 127.291667   94.58 0.000  0.65 0.000000 0.059 0.000000 9.99 0.259000 0.053 0.000  0.835 0.000  1.168 0.000 999.99 0.259000  11.315 0.000   6.853 0.000  4.462 0.000 0.060 0.000 0.177 0.000
129.291667 130.291667   88.94 0.000  1.40 0.000000 9.999 0.259000 0.09 0.000000 0.056 0.000  0.391 0.000  0.547 0.000 999.99 0.259000   6.739 0.000   2.943 0.000  3.796 0.000 0.055 0.000 0.238 0.000
132.291667 133.291667    2.28 0.000  0.25 0.000000 9.999 0.259000 9.99 0.259000 0.016 0.000  0.015 0.000  0.022 0.000 999.99 0.259000 999.999 0.259 999.999 0.259  0.257 0.000 0.002 0.000 0.020 0.000
135.291667 136.291667   40.95 0.000  1.57 0.000000 9.999 0.259000 0.08 0.000000 0.033 0.000  0.622 0.000  0.871 0.000 999.99 0.259000   4.878 0.000   1.327 0.000  3.551 0.000 0.037 0.000 0.303 0.000
138.291667 139.291667   33.73 0.000  0.64 0.000000 9.999 0.259000 0.09 0.000000 0.079 0.000  0.499 0.000  0.698 0.000 999.99 0.259000   4.028 0.000   1.259 0.000  2.769 0.000 0.023 0.000 0.234 0.000
141.291667 142.291667   24.21 0.000  0.67 0.000000 9.999 0.259000 0.10 0.000000 0.036 0.000  0.222 0.000  0.311 0.000 999.99 0.259000   3.452 0.000   1.661 0.000  1.791 0.000 0.016 0.000 0.134 0.000
144.291667 145.291667    2.01 0.000 99.99 0.259000 9.999 0.259000 0.11 0.000000 0.012 0.000  0.186 0.000  0.260 0.000 999.99 0.259000   0.785 0.000   0.481 0.000  0.305 0.000 0.002 0.000 0.034 0.000
147.291667 148.291667   12.81 0.000  0.44 0.000000 9.999 0.259000 0.11 0.000000 0.012 0.000  0.193 0.000  0.270 0.000 999.99 0.259000   2.835 0.000   1.578 0.000  1.257 0.000 0.010 0.000 0.090 0.000
150.291667 151.291667    5.98 0.000  0.27 0.000000 9.999 0.259000 0.05 0.000000 0.008 0.000  0.130 0.000  0.183 0.000 999.99 0.259000   1.644 0.000   0.823 0.000  0.821 0.000 0.005 0.000 0.061 0.000
153.291667 154.291667   30.41 0.000  0.55 0.000000 9.999 0.259000 0.09 0.000000 0.017 0.000  0.641 0.000  0.897 0.000 999.99 0.259000   7.026 0.000   4.577 0.000  2.449 0.000 0.025 0.000 0.186 0.000
156.291667 157.291667   43.14 0.000  0.59 0.000000 9.999 0.259000 0.11 0.000000 0.018 0.000  0.982 0.000  1.374 0.000 999.99 0.259000   9.828 0.000   6.864 0.000  2.963 0.000 0.029 0.000 0.147 0.000
159.291667 160.291667   11.02 0.000  0.28 0.000000 9.999 0.259000 9.99 0.259000 0.035 0.000  0.540 0.000  0.756 0.000 999.99 0.259000   4.386 0.000   1.828 0.000  2.558 0.000 0.007 0.000 0.266 0.000
162.291667 163.291667    8.15 0.000  0.43 0.000000 9.999 0.259000 0.13 0.000000 0.007 0.000  0.202 0.000  0.283 0.000 999.99 0.259000   3.005 0.000   2.183 0.000  0.822 0.000 0.008 0.000 0.060 0.000
165.291667 166.291667   22.64 0.000  0.90 0.000000 9.999 0.259000 0.19 0.000000 0.015 0.000  0.556 0.000  0.778 0.000 999.99 0.259000   2.924 0.000   1.033 0.000  1.891 0.000 0.021 0.000 0.136 0.000
168.291667 169.291667 9999.99 0.999 99.99 0.999000 9.999 0.999000 9.99 0.999000 0.003 0.000 99.999 0.259 99.999 0.259 999.99 0.999000 999.999 0.999 999.999 0.999 99.999 0.999 9.999 0.999 9.999 0.259
171.291667 172.291667 9999.99 0.999 99.99 0.999000 9.999 0.999000 9.99 0.999000 9.999 0.259 99.999 0.259 99.999 0.259 999.99 0.999000 999.999 0.999 999.999 0.999 99.999 0.999 9.999 0.999 9.999 0.259
174.291667 175.291667   15.08 0.000  0.47 0.000000 9.999 0.259000 0.10 0.000000 0.010 0.000  1.075 0.000  1.505 0.000 999.99 0.259000   6.321 0.000   3.130 0.000  3.191 0.000 0.020 0.000 0.125 0.000
177.291667 178.291667   11.74 0.000  0.56 0.000000 9.999 0.259000 0.11 0.000000 0.049 0.000  2.124 0.000  2.974 0.000 999.99 0.259000   7.578 0.000   2.348 0.000  5.230 0.000 0.039 0.000 0.187 0.000
180.291667 181.291667   24.61 0.000  0.57 0.000000 0.036 0.000000 0.15 0.000000 0.023 0.000  1.039 0.000  1.455 0.000 999.99 0.259000  11.252 0.000   7.678 0.000  3.574 0.000 0.035 0.000 0.210 0.000
183.291667 184.291667   21.17 0.559  0.18 0.559000 9.999 0.559259 9.99 0.559259 0.017 0.000  0.428 0.000  0.600 0.000 999.99 0.559259   4.037 0.000   1.977 0.000  2.060 0.559 0.023 0.559 0.158 0.000
186.291667 187.291667    3.29 0.000  0.23 0.000000 9.999 0.259000 9.99 0.259000 0.022 0.000  0.521 0.000  0.729 0.000 999.99 0.259000   1.131 0.000   0.327 0.000  0.804 0.000 0.007 0.000 0.036 0.000
189.291667 190.291667   17.21 0.559  0.20 0.559000 9.999 0.559259 9.99 0.559259 0.016 0.000  0.952 0.000  1.333 0.000 999.99 0.559259   4.817 0.000   2.378 0.000  2.439 0.559 0.024 0.559 0.057 0.000
192.291667 193.291667   30.92 0.559  0.35 0.559000 9.999 0.559259 0.07 0.559000 0.022 0.000  0.628 0.000  0.879 0.000 999.99 0.559259   5.827 0.000   3.177 0.000  2.650 0.559 0.029 0.559 0.132 0.000
195.291667 196.291667   28.92 0.559  0.36 0.559000 9.999 0.559259 9.99 0.559259 0.016 0.000  0.982 0.000  1.375 0.000 999.99 0.559259   9.020 0.000   5.860 0.000  3.160 0.559 0.028 0.559 0.207 0.000
198.291667 199.291667   19.70 0.000  0.20 0.000000 9.999 0.259000 9.99 0.259000 0.012 0.559  1.637 0.000  2.292 0.000 999.99 0.259000   6.985 0.000   2.721 0.000  4.264 0.000 0.035 0.000 0.184 0.559
201.291667 202.291667    8.34 0.559  0.33 0.559000 9.999 0.559259 9.99 0.559259 0.007 0.000  0.651 0.000  0.911 0.000 999.99 0.559259   3.367 0.000   1.654 0.000  1.713 0.559 0.010 0.559 0.073 0.000
204.291667 205.291667   15.81 0.000 99.99 0.259000 9.999 0.259000 9.99 0.259000 0.035 0.000  0.777 0.000  1.089 0.000 999.99 0.259000   4.697 0.000   1.568 0.000  3.128 0.000 0.011 0.000 0.156 0.000
207.291667 208.291667   17.70 0.000  0.27 0.000000 9.999 0.259000 0.05 0.000000 0.009 0.000  1.146 0.000  1.604 0.000 999.99 0.259000   4.522 0.000   0.596 0.000  3.926 0.000 0.019 0.000 0.125 0.000
210.291667 211.291667   26.85 0.559  0.21 0.559000 9.999 0.559259 9.99 0.559259 0.025 0.000  3.379 0.000  4.730 0.000 999.99 0.559259  12.102 0.000   4.508 0.000  7.594 0.559 0.058 0.559 0.193 0.000
213.291667 214.291667   40.53 0.559  0.24 0.559000 0.023 0.559000 9.99 0.559259 0.022 0.000  1.909 0.000  2.672 0.000 999.99 0.559259   8.269 0.000   3.185 0.000  5.084 0.559 0.052 0.559 0.163 0.000
216.291667 217.291667   33.34 0.559  0.34 0.559000 9.999 0.559259 0.08 0.559000 0.021 0.000  0.552 0.000  0.773 0.000 999.99 0.559259   7.391 0.000   4.824 0.000  2.567 0.559 0.027 0.559 0.182 0.000
219.291667 220.291667   43.42 0.559  0.46 0.559000 9.999 0.559259 0.05 0.559000 0.019 0.000  0.704 0.000  0.985 0.000 999.99 0.559259   7.792 0.000   5.333 0.000  2.459 0.559 0.034 0.559 0.098 0.000
222.291667 223.291667   16.11 0.559  0.14 0.559000 9.999 0.559259 9.99 0.559259 0.045 0.000  0.994 0.000  1.392 0.000 999.99 0.559259   7.671 0.000   4.117 0.000  3.554 0.559 0.015 0.559 0.312 0.000
225.291667 226.291667   37.39 0.559  0.51 0.559000 9.999 0.559259 9.99 0.559259 0.014 0.000  1.728 0.000  2.420 0.000 999.99 0.559259  11.452 0.000   6.389 0.000  5.063 0.559 0.038 0.559 0.265 0.000
228.291667 229.291667   46.36 0.559  0.46 0.559000 9.999 0.559259 9.99 0.559259 0.019 0.000  3.077 0.000  4.308 0.000 999.99 0.559259  12.597 0.000   4.847 0.000  7.750 0.559 0.061 0.559 0.247 0.000
231.291667 232.291667   30.29 0.559  0.16 0.559000 9.999 0.559259 9.99 0.559259 0.023 0.000  3.395 0.000  4.753 0.000 999.99 0.559259  12.711 0.000   4.031 0.000  8.681 0.559 0.056 0.559 0.276 0.000
234.291667 235.291667   26.70 0.559  0.22 0.559000 9.999 0.559259 9.99 0.559259 0.014 0.000  1.081 0.000  1.513 0.000 999.99 0.559259   5.289 0.000   2.102 0.000  3.187 0.559 0.031 0.559 0.123 0.000
237.291667 238.291667    2.51 0.559 99.99 0.559259 0.025 0.559000 9.99 0.559259 0.006 0.000  0.117 0.000  0.163 0.000 999.99 0.559259   2.680 0.000   2.115 0.000  0.565 0.559 0.005 0.559 0.033 0.000
