scripts/IMPROVE-2019_partial/data/US9070R.20010101070000.20191216000000.filterpack..pm25.52w.1w.US03L_filterpack_US9070.US03L_IMPROVE_Davis.lev2.nas
66 1001
MISSING INFORMATION
US03L, IMPROVE, , , , , , , 
MISSING INFORMATION
IMPROVE sel_HTAP
1 1
2001 01 01 2019 12 16
3.000000
days from file reference point
27
1 1 1 1 1 1 1 1 1 1 1 1 1 1 1 1 1 1 1 1 1 1 1 1 1 1 1
999.999999 9999.99 9.999 99.99 9.999 9.999 9.999999 99.99 9.999999 9.999 9.999 99.999 9.999 99.999 9.999 99.99 9.999999 999.999 9.999 99.999 9.999 999.999 9.999 9.999 9.999999 9.999 9.999
end_time of measurement, days from the file reference point
iron, ng/m3, Revision date=20181210133000
numflag iron, no unit, Revision date=20181210133000
lead, ng/m3, Revision date=20181210133000
numflag lead, no unit, Revision date=20181210133000
magnesium, ug/m3, Revision date=20181210133000
numflag magnesium, no unit, Revision date=20181210133000
nickel, ng/m3, Revision date=20181210133000
numflag nickel, no unit, Revision date=20181210133000
nitrate, ug N/m3, Revision date=20181210133000
numflag nitrate, no unit, Revision date=20181210133000
organic_carbon, ug C/m3, Revision date=20181210133000
numflag organic_carbon, no unit, Revision date=20181210133000
organic_mass, ug/m3, Revision date=20181210133000
numflag organic_mass, no unit, Revision date=20181210133000
phosphorus, ng/m3, Revision date=20181210133000
numflag phosphorus, no unit, Revision date=20181210133000
pm10_mass, ug/m3, Version=2, Version description=Data extracted from http://views.cira.colostate.edu/fed/DataWizard 2019-12-16, Sample duration=1d, Orig. time res.=3d, Matrix=pm10, Blank correction=Blank corrected, Volume std. temperature=ambient, Volume std. pressure=ambient
numflag pm10_mass, no unit, Version=2, Version description=Data extracted from http://views.cira.colostate.edu/fed/DataWizard 2019-12-16, Sample duration=1d, Orig. time res.=3d, Matrix=pm10, Blank correction=Blank corrected, Volume std. temperature=ambient, Volume std. pressure=ambient
pm10_pm25_mass, ug/m3, Revision date=20181210133000, Matrix=pm10_pm25
numflag pm10_pm25_mass, no unit, Revision date=20181210133000, Matrix=pm10_pm25
pm25_mass, ug/m3, Version=2, Version description=Data extracted from http://views.cira.colostate.edu/fed/DataWizard 2019-12-16, Sample duration=1d, Orig. time res.=3d, Blank correction=Blank corrected, Volume std. temperature=ambient, Volume std. pressure=ambient
numflag pm25_mass, no unit, Version=2, Version description=Data extracted from http://views.cira.colostate.edu/fed/DataWizard 2019-12-16, Sample duration=1d, Orig. time res.=3d, Blank correction=Blank corrected, Volume std. temperature=ambient, Volume std. pressure=ambient
potassium, ug/m3, Revision date=20181210133000
numflag potassium, no unit, Revision date=20181210133000
sulphate_total, ug S/m3, Revision date=20181210133000
numflag sulphate_total, no unit, Revision date=20181210133000
0
25
Data definition:              EBAS_1.1
Set type code:                TU
Timezone:                     UTC
File name:                    US9070R.20010101070000.20191216000000.filterpack..pm25.52w.1w.US03L_filterpack_US9070.US03L_IMPROVE_Davis.lev2.nas
File creation:                20191218121019
Startdate:                    20010101070000
Revision date:                20191216000000
Statistics:                   arithmetic mean
Data level:                   2
Period code:                  52w
Resolution code:              1w
Station code:                 US9070R
Platform code:                US9070S
Station name:                 San Pedro Parks
Station latitude:             36.0139
Station longitude:            -106.8447
Station altitude:             2935.0 m
Regime:                       IMG
Component:                    
Matrix:                       pm25
Laboratory code:              US03L
Instrument type:              filterpack
Instrument name:              filterpack_US9070
Method ref:                   US03L_IMPROVE_Davis
starttime endtime Fe flag_Fe Pb flag_Pb Mg++ flag_Mg++ Ni flag_Ni NO3- flag_NO3- OC flag_OC OM flag_OM P flag_P PM10 flag_PM10 PM10-PM2.5 flag_PM10-PM2.5 PM2.5 flag_PM2.5 K+ flag_K+ SO4-- flag_SO4--
  0.291667   1.291667    5.66 0.559  0.21 0.559 9.999 0.559259 99.99 0.559259 0.023 0.000  0.183 0.000  0.256 0.000 99.99 0.559259   1.213 0.000  0.552 0.000   0.661 0.559 0.007 0.559000 0.092 0.000
  3.291667   4.291667 9999.99 0.999 99.99 0.999 9.999 0.999000 99.99 0.999000 9.999 0.999 99.999 0.999 99.999 0.999 99.99 0.999000 999.999 0.999 99.999 0.999 999.999 0.999 9.999 0.999000 9.999 0.999
  6.291667   7.291667   10.34 0.000  0.41 0.000 9.999 0.259000 99.99 0.259000 0.191 0.000  0.434 0.000  0.607 0.000 99.99 0.259000   2.845 0.000  1.132 0.000   1.712 0.000 0.011 0.000000 0.123 0.000
  9.291667  10.291667    3.34 0.559  0.22 0.559 0.017 0.559000 99.99 0.559259 0.012 0.000  0.315 0.000  0.441 0.000 99.99 0.559259   1.978 0.000  0.383 0.000   1.595 0.559 0.007 0.559000 0.248 0.000
 12.291667  13.291667    2.81 0.000 99.99 0.259 9.999 0.259000 99.99 0.259000 0.027 0.000  0.104 0.000  0.146 0.000 99.99 0.259000   0.381 0.000 99.999 0.259   0.512 0.000 0.006 0.000000 0.072 0.000
 15.291667  16.291667    3.04 0.000  0.36 0.000 9.999 0.259000  0.09 0.000000 0.100 0.000  0.220 0.000  0.308 0.000 99.99 0.259000   1.914 0.000  0.530 0.000   1.384 0.000 0.006 0.000000 0.286 0.000
 18.291667  19.291667    4.25 0.000  0.43 0.000 9.999 0.259000 99.99 0.259000 0.044 0.000  0.668 0.000  0.936 0.000 99.99 0.259000   1.852 0.000  0.195 0.000   1.656 0.000 0.004 0.000000 0.229 0.000
 21.291667  22.291667    2.00 0.000  0.12 0.000 0.018 0.000000 99.99 0.259000 0.004 0.000  0.096 0.000  0.135 0.000 99.99 0.259000   0.586 0.000  0.252 0.000   0.334 0.000 0.002 0.000000 0.055 0.000
 24.291667  25.291667    4.72 0.000  0.36 0.000 9.999 0.259000 99.99 0.259000 0.056 0.000  0.227 0.000  0.318 0.000 99.99 0.259000   1.978 0.000  0.608 0.000   1.370 0.000 0.006 0.000000 0.191 0.000
 27.291667  28.291667    1.07 0.000  0.16 0.000 9.999 0.259000 99.99 0.259000 0.011 0.000  0.113 0.000  0.158 0.000 99.99 0.259000   0.932 0.000  0.132 0.000   0.800 0.000 0.004 0.000000 0.134 0.000
 30.291667  31.291667 9999.99 0.999 99.99 0.999 9.999 0.999000 99.99 0.999000 9.999 0.999 99.999 0.999 99.999 0.999 99.99 0.999000 999.999 0.999 99.999 0.999 999.999 0.999 9.999 0.999000 9.999 0.999
 33.291667  34.291667    9.97 0.000  0.46 0.000 9.999 0.259000 99.99 0.259000 0.011 0.000  0.169 0.000  0.237 0.000 99.99 0.259000   2.495 0.000  1.829 0.000   0.666 0.000 0.010 0.000000 0.101 0.000
 36.291667  37.291667   17.84 0.000  0.22 0.000 9.999 0.259000 99.99 0.259000 0.020 0.000  0.438 0.000  0.613 0.000 99.99 0.259000   2.731 0.000  1.679 0.000   1.053 0.000 0.013 0.000000 0.079 0.000
 39.291667  40.291667   15.35 0.559  0.26 0.559 9.999 0.559259 99.99 0.559259 0.110 0.000  0.319 0.000  0.447 0.000 99.99 0.559259   3.157 0.000  1.135 0.000   2.021 0.559 0.012 0.559000 0.227 0.000
 42.291667  43.291667   34.00 0.559  1.14 0.559 9.999 0.559259 99.99 0.559259 0.046 0.000  0.465 0.000  0.650 0.000 99.99 0.559259   3.451 0.000  1.389 0.000   2.063 0.559 0.031 0.559000 0.166 0.000
 45.291667  46.291667    3.45 0.000 99.99 0.259 9.999 0.259000 99.99 0.259000 0.029 0.000  0.080 0.000  0.113 0.000 99.99 0.259000   1.255 0.000  0.483 0.000   0.772 0.000 0.006 0.000000 0.118 0.000
 48.291667  49.291667   10.72 0.000  0.36 0.000 9.999 0.259000 99.99 0.259000 0.048 0.000  0.265 0.000  0.371 0.000 99.99 0.259000   1.488 0.000  0.283 0.000   1.205 0.000 0.012 0.000000 0.160 0.000
 51.291667  52.291667   15.47 0.000  1.42 0.000 9.999 0.259000 99.99 0.259000 0.037 0.000  0.233 0.000  0.326 0.000 99.99 0.259000   1.799 0.000  0.530 0.000   1.268 0.000 0.015 0.000000 0.120 0.000
 54.291667  55.291667    9.22 0.000  0.19 0.000 0.021 0.000000 99.99 0.259000 0.029 0.000  0.250 0.000  0.350 0.000 99.99 0.259000   1.506 0.000  0.646 0.000   0.860 0.000 0.008 0.000000 0.096 0.000
 57.291667  58.291667    6.50 0.000  0.72 0.000 9.999 0.259000 99.99 0.259000 0.026 0.000  0.226 0.000  0.317 0.000 99.99 0.259000   1.521 0.000  0.334 0.000   1.187 0.000 0.009 0.000000 0.178 0.000
 60.291667  61.291667    8.64 0.559  0.67 0.559 9.999 0.559259  0.67 0.559000 0.011 0.559  0.052 0.000  0.073 0.000 99.99 0.559259   1.548 0.000  0.342 0.000   1.206 0.559 0.008 0.559000 0.208 0.559
 63.291667  64.291667   10.37 0.000  0.80 0.000 9.999 0.259000 99.99 0.259000 0.050 0.000  0.245 0.000  0.344 0.000 99.99 0.259000   1.695 0.000  0.362 0.000   1.333 0.000 0.011 0.000000 0.172 0.000
 66.291667  67.291667    3.88 0.559  0.47 0.559 9.999 0.559259  1.08 0.559000 0.020 0.559  0.266 0.000  0.373 0.000 99.99 0.559259   0.416 0.000 99.999 0.259   0.554 0.559 0.004 0.559000 0.074 0.559
 69.291667  70.291667    5.92 0.000  0.42 0.000 9.999 0.259000 99.99 0.259000 0.031 0.559  0.087 0.000  0.122 0.000 99.99 0.259000   0.502 0.000  0.145 0.000   0.357 0.000 0.006 0.000000 0.050 0.559
 72.291667  73.291667   46.28 0.559  0.95 0.559 9.999 0.559259  0.23 0.559000 0.046 0.000  0.246 0.000  0.344 0.000 99.99 0.559259   7.070 0.000  4.633 0.000   2.437 0.559 0.030 0.559000 0.160 0.000
 75.291667  76.291667   10.94 0.559  0.43 0.559 9.999 0.559259  0.42 0.559000 0.023 0.000  0.190 0.000  0.266 0.000 99.99 0.559259   2.315 0.000  0.653 0.000   1.661 0.559 0.008 0.559000 0.218 0.000
 78.291667  79.291667   11.58 0.000  0.63 0.000 9.999 0.259000 99.99 0.259000 0.010 0.000  0.287 0.000  0.403 0.000 99.99 0.259000   1.422 0.000  0.348 0.000   1.073 0.000 0.012 0.000000 0.093 0.000
 81.291667  82.291667   18.45 0.559  0.61 0.559 9.999 0.559259  0.38 0.559000 0.016 0.000  0.495 0.000  0.693 0.000 99.99 0.559259   3.472 0.000  1.450 0.000   2.023 0.559 0.016 0.559000 0.176 0.000
 84.291667  85.291667   34.02 0.559  1.56 0.559 9.999 0.559259 99.99 0.559259 0.039 0.000  0.565 0.000  0.791 0.000 99.99 0.559259   5.364 0.000  2.121 0.000   3.243 0.559 0.025 0.559000 0.276 0.000
 87.291667  88.291667   19.48 0.000  0.58 0.000 9.999 0.259000  0.26 0.000000 0.018 0.000  0.344 0.000  0.482 0.000 99.99 0.259000   2.495 0.000  1.165 0.000   1.331 0.000 0.017 0.000000 0.121 0.000
 90.291667  91.291667   45.41 0.559  0.71 0.559 9.999 0.559259 99.99 0.559259 0.020 0.000  0.272 0.000  0.381 0.000 99.99 0.559259   3.390 0.000  1.629 0.000   1.761 0.559 0.030 0.559000 0.093 0.000
 93.291667  94.291667   33.24 0.559  1.66 0.559 9.999 0.559259 99.99 0.559259 0.042 0.000  0.389 0.000  0.545 0.000 99.99 0.559259   4.878 0.000  2.311 0.000   2.567 0.559 0.030 0.559000 0.282 0.000
 96.291667  97.291667   26.63 0.559  0.99 0.559 9.999 0.559259  0.45 0.559000 0.155 0.000  0.458 0.000  0.642 0.000 99.99 0.559259   3.493 0.000  1.010 0.000   2.483 0.559 0.019 0.559000 0.281 0.000
 99.291667 100.291667   46.69 0.559  1.22 0.559 9.999 0.559259 99.99 0.559259 0.026 0.559  0.295 0.000  0.414 0.000 99.99 0.559259   5.043 0.000  2.847 0.000   2.195 0.559 0.033 0.559000 0.173 0.559
102.291667 103.291667  206.42 0.000  1.22 0.000 9.999 0.259000 99.99 0.259000 0.062 0.559  0.400 0.000  0.560 0.000 99.99 0.259000   9.024 0.000  3.655 0.000   5.369 0.000 0.108 0.000000 0.196 0.559
105.291667 106.291667  531.06 0.559  2.44 0.559 9.999 0.559259 99.99 0.559259 0.113 0.000  0.659 0.000  0.923 0.000 99.99 0.559259  21.041 0.000  8.201 0.000  12.841 0.559 0.306 0.559000 0.339 0.000
108.291667 109.291667  219.59 0.559  1.15 0.559 9.999 0.559259 99.99 0.559259 0.043 0.559  0.532 0.000  0.745 0.000 99.99 0.559259  16.717 0.000  8.061 0.000   8.656 0.559 0.136 0.559000 0.177 0.559
111.291667 112.291667   14.49 0.000  0.67 0.000 9.999 0.259000 99.99 0.259000 0.011 0.559  0.196 0.000  0.275 0.000 99.99 0.259000   1.129 0.000  0.197 0.000   0.932 0.000 0.009 0.000000 0.107 0.559
114.291667 115.291667   99.76 0.559  1.48 0.559 9.999 0.559259 99.99 0.559259 0.037 0.000  0.589 0.000  0.824 0.000 99.99 0.559259   8.143 0.000  4.200 0.000   3.943 0.559 0.060 0.559000 0.214 0.000
117.291667 118.291667   99.93 0.559  1.08 0.559 9.999 0.559259  0.21 0.559000 0.021 0.000  0.484 0.000  0.678 0.000 99.99 0.559259   4.092 0.000  1.275 0.000   2.817 0.559 0.030 0.559000 0.274 0.000
120.291667 121.291667  255.55 0.559  1.10 0.559 9.999 0.559259 99.99 0.559259 0.061 0.000  0.741 0.000  1.037 0.000 99.99 0.559259  11.170 0.000  4.185 0.000   6.985 0.559 0.132 0.559000 0.243 0.000
123.291667 124.291667   71.35 0.559  0.88 0.559 9.999 0.559259  0.13 0.559000 0.073 0.559  0.515 0.000  0.721 0.000 99.99 0.559259   5.863 0.000  2.625 0.000   3.239 0.559 0.045 0.559000 0.204 0.559
126.291667 127.291667  153.99 0.559  1.13 0.559 9.999 0.559259 99.99 0.559259 0.037 0.000  0.638 0.000  0.893 0.000 99.99 0.559259   6.903 0.000  2.181 0.000   4.722 0.559 0.086 0.559000 0.173 0.000
129.291667 130.291667  114.61 0.559  1.30 0.559 9.999 0.559259  0.17 0.559000 0.058 0.000  1.108 0.000  1.552 0.000 99.99 0.559259   8.465 0.000  3.571 0.000   4.894 0.559 0.063 0.559000 0.298 0.000
132.291667 133.291667   66.19 0.000  0.67 0.000 9.999 0.259000 99.99 0.259000 0.053 0.000  0.742 0.000  1.039 0.000 99.99 0.259000   4.754 0.000  1.297 0.000   3.456 0.000 0.038 0.000000 0.269 0.000
135.291667 136.291667   49.05 0.559  0.61 0.559 9.999 0.559259  0.26 0.559000 0.028 0.000  0.574 0.000  0.804 0.000 99.99 0.559259   4.356 0.000  1.743 0.000   2.612 0.559 0.029 0.559000 0.205 0.000
138.291667 139.291667   17.68 0.559  0.74 0.559 9.999 0.559259  0.49 0.559000 0.022 0.000  0.527 0.000  0.738 0.000 99.99 0.559259   2.356 0.000  0.283 0.000   2.074 0.559 0.020 0.559000 0.202 0.000
141.291667 142.291667   32.45 0.000  0.69 0.000 9.999 0.259000 99.99 0.259000 0.013 0.000  0.382 0.000  0.535 0.000 99.99 0.259000   2.491 0.000  1.011 0.000   1.481 0.000 0.020 0.000000 0.100 0.000
144.291667 145.291667   62.48 0.000  0.66 0.000 9.999 0.259000 99.99 0.259000 0.031 0.000  0.836 0.000  1.170 0.000 99.99 0.259000   7.355 0.000  3.818 0.000   3.537 0.000 0.040 0.000000 0.196 0.000
147.291667 148.291667   76.68 0.000  0.91 0.000 9.999 0.259000 99.99 0.259000 0.030 0.000  1.011 0.000  1.416 0.000 99.99 0.259000   9.287 0.000  4.689 0.000   4.598 0.000 0.062 0.000000 0.310 0.000
150.291667 151.291667   71.38 0.000  1.03 0.000 9.999 0.259000  0.26 0.000000 0.027 0.000  0.720 0.000  1.009 0.000 99.99 0.259000   4.972 0.000  2.051 0.000   2.921 0.000 0.046 0.000000 0.192 0.000
153.291667 154.291667   83.02 0.000  0.78 0.000 9.999 0.259000 99.99 0.259000 0.038 0.000  0.389 0.000  0.545 0.000 99.99 0.259000   9.698 0.000  5.544 0.000   4.154 0.000 0.076 0.000000 0.275 0.000
156.291667 157.291667   56.61 0.559  0.43 0.559 9.999 0.559259  0.17 0.559000 0.025 0.000  0.646 0.000  0.904 0.000 99.99 0.559259   5.760 0.000  2.929 0.000   2.830 0.559 0.040 0.559000 0.139 0.000
159.291667 160.291667   36.49 0.559  0.37 0.559 9.999 0.559259 99.99 0.559259 0.030 0.000  0.716 0.000  1.002 0.000 99.99 0.559259   6.168 0.000  3.104 0.000   3.065 0.559 0.037 0.559000 0.232 0.000
162.291667 163.291667   41.88 0.559  0.46 0.559 9.999 0.559259  0.13 0.559000 0.042 0.000  0.556 0.000  0.779 0.000 99.99 0.559259   7.183 0.000  4.152 0.000   3.031 0.559 0.049 0.559000 0.220 0.000
165.291667 166.291667   17.36 0.000  0.24 0.000 9.999 0.259000 99.99 0.259000 0.009 0.000  0.349 0.000  0.488 0.000 99.99 0.259000   2.655 0.000  1.273 0.000   1.383 0.000 0.017 0.000000 0.093 0.000
168.291667 169.291667   38.15 0.559  0.41 0.559 9.999 0.559259  0.11 0.559000 0.034 0.000  0.728 0.000  1.019 0.000 99.99 0.559259   6.168 0.000  2.866 0.000   3.302 0.559 0.046 0.559000 0.249 0.000
171.291667 172.291667   63.27 0.559  0.38 0.559 9.999 0.559259  0.21 0.559000 0.044 0.000  1.023 0.000  1.433 0.000 99.99 0.559259   9.763 0.000  4.612 0.000   5.151 0.559 0.055 0.559000 0.370 0.000
174.291667 175.291667   35.23 0.000  0.31 0.000 9.999 0.259000 99.99 0.259000 0.024 0.000  0.862 0.000  1.207 0.000 99.99 0.259000   6.250 0.000  2.342 0.000   3.908 0.000 0.044 0.000000 0.352 0.000
177.291667 178.291667   15.91 0.000  0.42 0.000 9.999 0.259000  0.17 0.000000 0.022 0.000  0.498 0.000  0.697 0.000 99.99 0.259000   3.038 0.000  0.787 0.000   2.251 0.000 0.023 0.000000 0.186 0.000
180.291667 181.291667   21.38 0.000  0.18 0.000 9.999 0.259000 99.99 0.259000 0.015 0.000  0.648 0.000  0.908 0.000 99.99 0.259000   3.906 0.000  1.528 0.000   2.378 0.000 0.020 0.000000 0.183 0.000
183.291667 184.291667   27.18 0.000  0.29 0.000 9.999 0.259000  0.07 0.000000 0.019 0.000  0.768 0.000  1.076 0.000 99.99 0.259000   4.064 0.000  1.337 0.000   2.727 0.000 0.021 0.000000 0.204 0.000
186.291667 187.291667  140.27 0.559  0.29 0.559 9.999 0.559259  0.11 0.559000 0.042 0.000  0.833 0.000  1.166 0.000 99.99 0.559259  14.639 0.000  8.492 0.000   6.147 0.559 0.098 0.559000 0.275 0.000
189.291667 190.291667   54.91 0.000  0.30 0.000 9.999 0.259000 99.99 0.259000 0.028 0.000  0.647 0.000  0.906 0.000 99.99 0.259000   5.682 0.000  2.112 0.000   3.570 0.000 0.034 0.000000 0.270 0.000
192.291667 193.291667   26.16 0.000  0.28 0.000 9.999 0.259000  0.16 0.000000 0.014 0.000  0.431 0.000  0.603 0.000 99.99 0.259000   3.472 0.000  0.904 0.000   2.569 0.000 0.018 0.000000 0.274 0.000
195.291667 196.291667   17.19 0.000  0.26 0.000 9.999 0.259000 99.99 0.259000 0.016 0.000  0.321 0.000  0.449 0.000 99.99 0.259000   3.157 0.000  0.651 0.000   2.505 0.000 0.017 0.000000 0.299 0.000
198.291667 199.291667   31.28 0.559  0.40 0.559 9.999 0.559259  0.14 0.559000 0.027 0.000  0.501 0.000  0.702 0.000 99.99 0.559259   4.931 0.000  1.358 0.000   3.573 0.559 0.026 0.559000 0.429 0.000
201.291667 202.291667   23.42 0.559  0.39 0.559 9.999 0.559259  0.16 0.559000 0.029 0.000  0.574 0.000  0.803 0.000 99.99 0.559259   5.637 0.000  1.529 0.000   4.108 0.559 0.023 0.559000 0.521 0.000
204.291667 205.291667   13.75 0.000  0.33 0.000 9.999 0.259000  0.10 0.000000 0.018 0.000  0.565 0.000  0.791 0.000 99.99 0.259000   4.161 0.000  1.456 0.000   2.705 0.000 0.019 0.000000 0.274 0.000
207.291667 208.291667   15.26 0.559  0.44 0.559 9.999 0.559259  0.14 0.559000 0.013 0.000  0.745 0.000  1.043 0.000 99.99 0.559259   3.591 0.000  0.700 0.000   2.891 0.559 0.018 0.559000 0.262 0.000
210.291667 211.291667   22.49 0.559  0.29 0.559 9.999 0.559259 99.99 0.559259 0.016 0.000  0.657 0.000  0.919 0.000 99.99 0.559259   4.143 0.000  1.264 0.000   2.879 0.559 0.021 0.559000 0.262 0.000
213.291667 214.291667   15.77 0.000  0.32 0.000 9.999 0.259000 99.99 0.259000 0.021 0.000  0.499 0.000  0.699 0.000 99.99 0.259000   3.531 0.000  1.088 0.000   2.443 0.000 0.021 0.000000 0.215 0.000
216.291667 217.291667    8.52 0.000  0.21 0.000 9.999 0.259000 99.99 0.259000 0.010 0.000  0.661 0.000  0.925 0.000 99.99 0.259000   3.178 0.000  0.696 0.000   2.482 0.000 0.009 0.000000 0.213 0.000
219.291667 220.291667 9999.99 0.999 99.99 0.999 9.999 0.999000 99.99 0.999000 9.999 0.999 99.999 0.999 99.999 0.999 99.99 0.999000 999.999 0.999 99.999 0.999 999.999 0.999 9.999 0.999000 9.999 0.999
222.291667 223.291667 9999.99 0.999 99.99 0.999 9.999 0.999000 99.99 0.999000 9.999 0.999 99.999 0.999 99.999 0.999 99.99 0.999000 999.999 0.999 99.999 0.999 999.999 0.999 9.999 0.999000 9.999 0.999
225.291667 226.291667 9999.99 0.999 99.99 0.999 9.999 0.999000 99.99 0.999000 9.999 0.999 99.999 0.999 99.999 0.999 99.99 0.999000 999.999 0.999 99.999 0.999 999.999 0.999 9.999 0.999000 9.999 0.999
228.291667 229.291667 9999.99 0.999 99.99 0.999 9.999 0.999000 99.99 0.999000 9.999 0.999 99.999 0.999 99.999 0.999 99.99 0.999000 999.999 0.999 99.999 0.999 999.999 0.999 9.999 0.999000 9.999 0.999
231.291667 232.291667 9999.99 0.999 99.99 0.999 9.999 0.999000 99.99 0.999000 9.999 0.999 99.999 0.999 99.999 0.999 99.99 0.999000 999.999 0.999 99.999 0.999 999.999 0.999 9.999 0.999000 9.999 0.999
234.291667 235.291667   51.57 0.000  0.42 0.000 9.999 0.259000  3.31 0.000000 0.035 0.000  1.095 0.000  1.533 0.000 99.99 0.259000   5.013 0.000  0.549 0.000   4.464 0.000 0.059 0.000000 0.332 0.000
237.291667 238.291667   52.44 0.000  0.34 0.000 9.999 0.259000  1.31 0.000000 0.024 0.000  0.826 0.000  1.157 0.000 99.99 0.259000   4.191 0.000  0.533 0.000   3.658 0.000 0.046 0.000000 0.258 0.000
