scripts/IMPROVE-2019_partial/data/US9036R.20080101070000.20191216000000.filterpack...52w.3d.US03L_filterpack_US9036.US03L_IMPROVE_Davis.lev2.nas
52 1001
MISSING INFORMATION
US03L, IMPROVE, , , , , , , 
MISSING INFORMATION
IMPROVE sel_HTAP
1 1
2008 01 01 2019 12 16
3.000000
days from file reference point
5
1 1 1 1 1
999.999999 999.999 9.999 999.999 9.999
end_time of measurement, days from the file reference point
pm10_mass, ug/m3, Matrix=pm10
numflag pm10_mass, no unit, Matrix=pm10
pm25_mass, ug/m3, Matrix=pm25
numflag pm25_mass, no unit, Matrix=pm25
0
33
Data definition:              EBAS_1.1
Set type code:                TU
Timezone:                     UTC
File name:                    US9036R.20080101070000.20191216000000.filterpack...52w.3d.US03L_filterpack_US9036.US03L_IMPROVE_Davis.lev2.nas
File creation:                20191218120746
Startdate:                    20080101070000
Revision date:                20191216000000
Version:                      2
Version description:          "Data extracted from http://views.cira.colostate.edu/fed/DataWizard 2019-12-16"
Statistics:                   arithmetic mean
Data level:                   2
Period code:                  52w
Resolution code:              3d
Sample duration:              1d
Orig. time res.:              3d
Station code:                 US9036R
Platform code:                US9036S
Station name:                 Tonto NM
Station latitude:             33.6548
Station longitude:            -111.1068
Station altitude:             775.0 m
Regime:                       IMG
Component:                    
Unit:                         ug/m3
Matrix:                       
Laboratory code:              US03L
Instrument type:              filterpack
Instrument name:              filterpack_US9036
Method ref:                   US03L_IMPROVE_Davis
Blank correction:             Blank corrected
Volume std. temperature:      ambient
Volume std. pressure:         ambient
starttime endtime PM10 flag_PM10 PM2.5 flag_PM2.5
  0.291667   1.291667   2.628 0.000   0.762 0.000
  3.291667   4.291667   9.238 0.000   8.562 0.000
  6.291667   7.291667   1.435 0.000   0.861 0.000
  9.291667  10.291667   4.126 0.000   3.147 0.000
 12.291667  13.291667   1.931 0.000   2.147 0.000
 15.291667  16.291667   3.535 0.000   2.171 0.000
 18.291667  19.291667   1.849 0.000   1.235 0.000
 21.291667  22.291667   6.475 0.000   3.163 0.000
 24.291667  25.291667   4.324 0.000   2.529 0.000
 27.291667  28.291667   2.046 0.000   1.153 0.000
 30.291667  31.291667   1.106 0.000   0.793 0.000
 33.291667  34.291667   6.117 0.000   2.484 0.000
 36.291667  37.291667   1.853 0.000   1.353 0.000
 39.291667  40.291667   2.295 0.000   1.913 0.000
 42.291667  43.291667   3.065 0.000   2.116 0.000
 45.291667  46.291667   2.716 0.000   1.571 0.000
 48.291667  49.291667   4.506 0.000   2.684 0.000
 51.291667  52.291667   6.331 0.000   2.246 0.000
 54.291667  55.291667   4.593 0.000   2.308 0.000
 57.291667  58.291667   3.551 0.000   1.791 0.000
 60.291667  61.291667   9.170 0.000   4.532 0.000
 63.291667  64.291667   6.545 0.000   3.054 0.000
 66.291667  67.291667   4.052 0.000   2.220 0.000
 69.291667  70.291667   3.312 0.000   2.484 0.000
 72.291667  73.291667  18.019 0.000   7.455 0.000
 75.291667  76.291667  17.148 0.000   5.589 0.000
 78.291667  79.291667   9.229 0.000   5.218 0.000
 81.291667  82.291667   8.424 0.000   4.176 0.000
 84.291667  85.291667  15.232 0.000   7.008 0.000
 87.291667  88.291667  14.107 0.000   6.152 0.000
 90.291667  91.291667  15.502 0.000   5.558 0.000
 93.291667  94.291667  11.988 0.000   4.987 0.000
 96.291667  97.291667  11.320 0.000   5.578 0.000
 99.291667 100.291667  28.510 0.000  10.110 0.000
102.291667 103.291667   6.440 0.000   3.676 0.000
105.291667 106.291667   8.908 0.000   4.782 0.000
108.291667 109.291667  11.827 0.000   6.606 0.000
111.291667 112.291667  14.034 0.000   8.625 0.000
114.291667 115.291667  20.399 0.000   9.370 0.000
117.291667 118.291667  16.728 0.000   8.281 0.000
120.291667 121.291667  24.398 0.000  10.190 0.000
123.291667 124.291667   8.430 0.000   3.460 0.000
126.291667 127.291667  13.015 0.000   5.377 0.000
129.291667 130.291667  23.831 0.000  11.064 0.000
132.291667 133.291667  23.699 0.000  12.969 0.000
135.291667 136.291667   8.486 0.000   6.737 0.000
138.291667 139.291667   8.804 0.000   4.483 0.000
141.291667 142.291667  42.139 0.000  10.383 0.000
144.291667 145.291667  15.181 0.000   8.065 0.000
147.291667 148.291667   7.893 0.000   4.181 0.000
150.291667 151.291667   6.684 0.000   3.866 0.000
153.291667 154.291667  13.507 0.000   5.216 0.000
156.291667 157.291667  46.619 0.000  11.571 0.000
159.291667 160.291667  24.604 0.000   8.955 0.000
162.291667 163.291667  15.952 0.000   6.342 0.000
165.291667 166.291667  14.799 0.000   6.142 0.000
168.291667 169.291667  14.649 0.000   6.769 0.000
171.291667 172.291667  13.049 0.000   5.751 0.000
174.291667 175.291667  16.013 0.000   6.895 0.000
177.291667 178.291667  17.265 0.000   6.391 0.000
180.291667 181.291667  25.605 0.000   7.225 0.000
183.291667 184.291667  15.303 0.000   6.343 0.000
186.291667 187.291667   8.376 0.000   5.116 0.000
189.291667 190.291667   6.981 0.000   3.428 0.000
192.291667 193.291667   8.558 0.000   4.369 0.000
195.291667 196.291667   5.804 0.000   3.145 0.000
198.291667 199.291667 999.999 0.999 999.999 0.999
201.291667 202.291667   6.134 0.000   3.523 0.000
204.291667 205.291667   8.516 0.000   5.117 0.000
207.291667 208.291667   7.528 0.000   4.561 0.000
210.291667 211.291667  12.224 0.000   4.572 0.000
213.291667 214.291667  14.375 0.000   5.661 0.000
216.291667 217.291667   9.732 0.000   4.495 0.000
219.291667 220.291667   9.503 0.000   4.275 0.000
222.291667 223.291667   9.509 0.000   4.299 0.000
225.291667 226.291667  15.707 0.000   5.364 0.000
228.291667 229.291667   7.850 0.000   3.729 0.000
231.291667 232.291667   7.590 0.000   3.282 0.000
234.291667 235.291667   9.413 0.000   4.292 0.000
237.291667 238.291667   5.680 0.000   3.700 0.000
240.291667 241.291667 999.999 0.456   5.117 0.000
243.291667 244.291667 999.999 0.456   1.574 0.000
246.291667 247.291667   5.005 0.000   2.876 0.000
249.291667 250.291667   7.715 0.000   4.125 0.000
252.291667 253.291667   7.299 0.000   3.640 0.000
255.291667 256.291667  20.050 0.000   4.696 0.000
258.291667 259.291667   9.041 0.000   3.304 0.000
261.291667 262.291667   8.081 0.000   3.989 0.000
264.291667 265.291667   9.184 0.000   3.639 0.000
267.291667 268.291667   8.322 0.000   3.762 0.000
270.291667 271.291667   8.597 0.000   4.685 0.000
273.291667 274.291667  14.983 0.000   9.365 0.000
276.291667 277.291667  14.164 0.000   5.917 0.000
279.291667 280.291667  14.089 0.000   4.287 0.000
282.291667 283.291667   9.469 0.000   5.296 0.000
285.291667 286.291667   5.985 0.000   2.595 0.000
288.291667 289.291667   8.237 0.000   4.652 0.000
291.291667 292.291667   7.706 0.000   4.412 0.000
294.291667 295.291667   8.746 0.000   3.571 0.000
297.291667 298.291667   9.396 0.000   4.872 0.000
300.291667 301.291667  31.570 0.000   7.477 0.000
303.291667 304.291667  13.296 0.000   7.100 0.000
306.291667 307.291667  11.485 0.000   4.623 0.000
309.291667 310.291667 999.999 0.999 999.999 0.999
312.291667 313.291667 999.999 0.999 999.999 0.999
315.291667 316.291667 999.999 0.999 999.999 0.999
318.291667 319.291667   6.817 0.000   2.401 0.000
321.291667 322.291667   5.870 0.000   3.199 0.000
324.291667 325.291667  11.353 0.000   6.227 0.000
327.291667 328.291667  15.756 0.000   5.981 0.000
330.291667 331.291667  10.553 0.000   5.211 0.000
333.291667 334.291667   5.424 0.000   4.174 0.000
336.291667 337.291667   5.617 0.000   4.539 0.000
339.291667 340.291667   7.462 0.000   3.655 0.000
342.291667 343.291667   5.212 0.000   2.685 0.000
345.291667 346.291667   3.388 0.000   2.278 0.000
348.291667 349.291667  12.352 0.000   2.695 0.000
351.291667 352.291667   1.498 0.000 999.999 0.456
354.291667 355.291667   2.953 0.000 999.999 0.456
357.291667 358.291667   5.716 0.000   2.171 0.000
360.291667 361.291667   2.366 0.000 999.999 0.456
363.291667 364.291667   2.146 0.000 999.999 0.456
