scripts/IMPROVE-2019_partial/data/US9045R.20130101080000.20191216000000.filterpack...52w.3d.US03L_filterpack_US9045.US03L_IMPROVE_Davis.lev2.nas
52 1001
MISSING INFORMATION
US03L, IMPROVE, , , , , , , 
MISSING INFORMATION
IMPROVE sel_HTAP
1 1
2013 01 01 2019 12 16
3.000000
days from file reference point
5
1 1 1 1 1
999.999999 999.999 9.999 999.999 9.999
end_time of measurement, days from the file reference point
pm10_mass, ug/m3, Matrix=pm10
numflag pm10_mass, no unit, Matrix=pm10
pm25_mass, ug/m3, Matrix=pm25
numflag pm25_mass, no unit, Matrix=pm25
0
33
Data definition:              EBAS_1.1
Set type code:                TU
Timezone:                     UTC
File name:                    US9045R.20130101080000.20191216000000.filterpack...52w.3d.US03L_filterpack_US9045.US03L_IMPROVE_Davis.lev2.nas
File creation:                20191218120830
Startdate:                    20130101080000
Revision date:                20191216000000
Version:                      2
Version description:          "Data extracted from http://views.cira.colostate.edu/fed/DataWizard 2019-12-16"
Statistics:                   arithmetic mean
Data level:                   2
Period code:                  52w
Resolution code:              3d
Sample duration:              1d
Orig. time res.:              3d
Station code:                 US9045R
Platform code:                US9045S
Station name:                 Sequoia NP
Station latitude:             36.4894
Station longitude:            -118.8291
Station altitude:             519.0 m
Regime:                       IMG
Component:                    
Unit:                         ug/m3
Matrix:                       
Laboratory code:              US03L
Instrument type:              filterpack
Instrument name:              filterpack_US9045
Method ref:                   US03L_IMPROVE_Davis
Blank correction:             Blank corrected
Volume std. temperature:      ambient
Volume std. pressure:         ambient
starttime endtime PM10 flag_PM10 PM2.5 flag_PM2.5
  0.333333   1.333333   2.898 0.000   1.744 0.000
  3.333333   4.333333   2.425 0.000   1.205 0.000
  6.333333   7.333333   1.847 0.000   0.999 0.000
  9.333333  10.333333   2.579 0.000   1.442 0.000
 12.333333  13.333333   9.185 0.000   7.890 0.000
 15.333333  16.333333   2.807 0.000   1.226 0.000
 18.333333  19.333333   2.247 0.000   1.065 0.000
 21.333333  22.333333   2.486 0.000   0.930 0.000
 24.333333  25.333333  10.211 0.000   6.968 0.000
 27.333333  28.333333   4.032 0.000   2.655 0.000
 30.333333  31.333333   4.277 0.000   1.675 0.000
 33.333333  34.333333  19.606 0.000  16.612 0.000
 36.333333  37.333333  17.115 0.000  13.636 0.000
 39.333333  40.333333   3.436 0.000   2.579 0.000
 42.333333  43.333333   6.188 0.000   2.469 0.000
 45.333333  46.333333   4.908 0.000   2.561 0.000
 48.333333  49.333333  14.201 0.000   9.926 0.000
 51.333333  52.333333   2.386 0.000   1.634 0.000
 54.333333  55.333333   5.372 0.000   3.045 0.000
 57.333333  58.333333   6.799 0.000   3.533 0.000
 60.333333  61.333333   3.732 0.000   1.898 0.000
 63.333333  64.333333   8.590 0.000   3.099 0.000
 66.333333  67.333333   1.627 0.000   0.851 0.000
 69.333333  70.333333   6.723 0.000   3.222 0.000
 72.333333  73.333333 999.999 0.456   4.380 0.000
 75.333333  76.333333 999.999 0.456   6.758 0.000
 78.333333  79.333333  19.557 0.000   4.882 0.000
 81.333333  82.333333  17.952 0.000   8.505 0.000
 84.333333  85.333333  21.673 0.000  10.809 0.000
 87.333333  88.333333   7.777 0.000   2.898 0.000
 90.333333  91.333333   4.584 0.000   2.114 0.000
 93.333333  94.333333   8.771 0.000   4.799 0.000
 96.333333  97.333333   8.899 0.000   5.559 0.000
 99.333333 100.333333  11.294 0.000   4.375 0.000
102.333333 103.333333  15.650 0.000   8.630 0.000
105.333333 106.333333   9.208 0.000   2.403 0.000
108.333333 109.333333  16.365 0.000   6.408 0.000
111.333333 112.333333  22.051 0.000  11.172 0.000
114.333333 115.333333  39.220 0.000  10.178 0.000
117.333333 118.333333  26.901 0.000  12.966 0.000
120.333333 121.333333  34.874 0.000   8.848 0.000
123.333333 124.333333  27.744 0.000  11.886 0.000
126.333333 127.333333   6.139 0.000   2.912 0.000
129.333333 130.333333  15.755 0.000   7.624 0.000
132.333333 133.333333  22.958 0.000   9.815 0.000
135.333333 136.333333  26.401 0.000   7.701 0.000
138.333333 139.333333  15.597 0.000   6.116 0.000
141.333333 142.333333  28.625 0.000   6.182 0.000
144.333333 145.333333  23.500 0.000   7.530 0.000
147.333333 148.333333   9.802 0.000   3.173 0.000
150.333333 151.333333  25.971 0.000   7.917 0.000
153.333333 154.333333  23.002 0.000   9.032 0.000
156.333333 157.333333  35.386 0.000  13.889 0.000
159.333333 160.333333  34.057 0.000  13.749 0.000
162.333333 163.333333  27.246 0.000   9.373 0.000
165.333333 166.333333  22.272 0.000   7.299 0.000
168.333333 169.333333  21.458 0.000   5.765 0.000
171.333333 172.333333  24.850 0.000   6.516 0.000
174.333333 175.333333  16.367 0.000   4.767 0.000
177.333333 178.333333  30.714 0.000  10.893 0.000
180.333333 181.333333  26.200 0.000  11.877 0.000
183.333333 184.333333  33.024 0.000  11.235 0.000
186.333333 187.333333  25.258 0.000   8.842 0.000
189.333333 190.333333  13.619 0.000   4.138 0.000
192.333333 193.333333  30.268 0.000   9.212 0.000
195.333333 196.333333  12.491 0.000   4.346 0.000
198.333333 199.333333  26.338 0.000   9.040 0.000
201.333333 202.333333  24.719 0.000   9.997 0.000
204.333333 205.333333  23.745 0.000   9.954 0.000
207.333333 208.333333  21.007 0.000  10.912 0.000
210.333333 211.333333  30.120 0.000  15.515 0.000
213.333333 214.333333  22.238 0.000   6.030 0.000
216.333333 217.333333  25.726 0.000  11.284 0.000
219.333333 220.333333  27.306 0.000   8.135 0.000
222.333333 223.333333  22.081 0.000  11.377 0.000
225.333333 226.333333  27.069 0.000   8.203 0.000
228.333333 229.333333  26.312 0.000   7.462 0.000
231.333333 232.333333  19.522 0.000   6.259 0.000
234.333333 235.333333  30.494 0.000   7.934 0.000
237.333333 238.333333  19.535 0.000   6.118 0.000
240.333333 241.333333  35.333 0.000   8.229 0.000
243.333333 244.333333  24.816 0.000   7.259 0.000
246.333333 247.333333  37.736 0.000  10.079 0.000
249.333333 250.333333  21.110 0.000   6.133 0.000
252.333333 253.333333  27.390 0.000  10.100 0.000
255.333333 256.333333  44.761 0.000  12.328 0.000
258.333333 259.333333  32.529 0.000   8.229 0.000
261.333333 262.333333  30.427 0.000   6.798 0.000
264.333333 265.333333   6.784 0.000   2.519 0.000
267.333333 268.333333  20.213 0.000   4.227 0.000
270.333333 271.333333  19.100 0.000   3.872 0.000
273.333333 274.333333  21.722 0.000   5.861 0.000
276.333333 277.333333  48.423 0.000 999.999 0.456
279.333333 280.333333  16.732 0.000   4.571 0.000
282.333333 283.333333 999.999 0.999 999.999 0.999
285.333333 286.333333 999.999 0.999 999.999 0.999
288.333333 289.333333 999.999 0.999 999.999 0.999
291.333333 292.333333  18.800 0.000   6.723 0.000
294.333333 295.333333  17.585 0.000   6.711 0.000
297.333333 298.333333  31.040 0.000   9.837 0.000
300.333333 301.333333  42.959 0.000   5.019 0.000
303.333333 304.333333 999.999 0.456   4.138 0.000
306.333333 307.333333 999.999 0.456   8.541 0.000
309.333333 310.333333   9.653 0.000   3.415 0.000
312.333333 313.333333   7.960 0.000   3.216 0.000
315.333333 316.333333  24.269 0.000  11.529 0.000
318.333333 319.333333  30.483 0.000  14.166 0.000
321.333333 322.333333  15.619 0.000   5.822 0.000
324.333333 325.333333   6.956 0.000   3.781 0.000
327.333333 328.333333   6.135 0.000   3.461 0.000
330.333333 331.333333   3.108 0.000   1.868 0.000
333.333333 334.333333   3.895 0.000   2.623 0.000
336.333333 337.333333  14.233 0.000  13.785 0.000
339.333333 340.333333  16.023 0.000  13.785 0.000
342.333333 343.333333   2.856 0.000   2.590 0.000
345.333333 346.333333   1.527 0.000   0.765 0.000
348.333333 349.333333   3.543 0.000   2.621 0.000
351.333333 352.333333  11.976 0.000   6.588 0.000
354.333333 355.333333  11.316 0.000   8.164 0.000
357.333333 358.333333   5.084 0.000   3.070 0.000
360.333333 361.333333   3.124 0.000   1.226 0.000
363.333333 364.333333   3.407 0.000   1.376 0.000
