scripts/IMPROVE-2019_partial/data/US9025U.20000101080000.20191216000000.filterpack..pm25.3mo.1w.US03L_filterpack_US9025.US03L_IMPROVE_Davis.lev2.nas
60 1001
MISSING INFORMATION
US03L, IMPROVE, , , , , , , 
MISSING INFORMATION
IMPROVE sel_HTAP
1 1
2000 01 01 2019 12 16
0
days from file reference point
21
1 1 1 1 1 1 1 1 1 1 1 1 1 1 1 1 1 1 1 1 1
99.999999 9999.99 9.999 999.99 9.999 9.999 9.999 99.99 9.999 9.999 9.999 99.999 9.999 99.999 9.999 999.999 9.999 9.999 9.999 9.999 9.999
end_time of measurement, days from the file reference point
iron, ng/m3, Revision date=20181210133000
numflag iron, no unit, Revision date=20181210133000
lead, ng/m3, Revision date=20181210133000
numflag lead, no unit, Revision date=20181210133000
magnesium, ug/m3, Revision date=20181210133000
numflag magnesium, no unit, Revision date=20181210133000
nickel, ng/m3, Revision date=20181210133000
numflag nickel, no unit, Revision date=20181210133000
nitrate, ug N/m3, Revision date=20181210133000
numflag nitrate, no unit, Revision date=20181210133000
organic_carbon, ug C/m3, Revision date=20181210133000
numflag organic_carbon, no unit, Revision date=20181210133000
organic_mass, ug/m3, Revision date=20181210133000
numflag organic_mass, no unit, Revision date=20181210133000
pm25_mass, ug/m3, Version=2, Version description=Data extracted from http://views.cira.colostate.edu/fed/DataWizard 2019-12-16, Sample duration=1d, Orig. time res.=3d, Blank correction=Blank corrected, Volume std. temperature=ambient, Volume std. pressure=ambient
numflag pm25_mass, no unit, Version=2, Version description=Data extracted from http://views.cira.colostate.edu/fed/DataWizard 2019-12-16, Sample duration=1d, Orig. time res.=3d, Blank correction=Blank corrected, Volume std. temperature=ambient, Volume std. pressure=ambient
potassium, ug/m3, Revision date=20181210133000
numflag potassium, no unit, Revision date=20181210133000
sulphate_total, ug S/m3, Revision date=20181210133000
numflag sulphate_total, no unit, Revision date=20181210133000
0
25
Data definition:              EBAS_1.1
Set type code:                TI
Timezone:                     UTC
File name:                    US9025U.20000101080000.20191216000000.filterpack..pm25.3mo.1w.US03L_filterpack_US9025.US03L_IMPROVE_Davis.lev2.nas
File creation:                20191218120652
Startdate:                    20000101080000
Revision date:                20191216000000
Statistics:                   arithmetic mean
Data level:                   2
Period code:                  3mo
Resolution code:              1w
Station code:                 US9025U
Platform code:                US9025S
Station name:                 Puget Sound
Station latitude:             47.5696
Station longitude:            -122.3119
Station altitude:             97.0 m
Regime:                       IMG
Component:                    
Matrix:                       pm25
Laboratory code:              US03L
Instrument type:              filterpack
Instrument name:              filterpack_US9025
Method ref:                   US03L_IMPROVE_Davis
starttime endtime Fe flag_Fe Pb flag_Pb Mg++ flag_Mg++ Ni flag_Ni NO3- flag_NO3- OC flag_OC OM flag_OM PM2.5 flag_PM2.5 K+ flag_K+ SO4-- flag_SO4--
 0.333333  1.333333   19.97 0.000   4.94 0.000 9.999 0.259 99.99 0.259 9.999 0.699  1.021 0.000  1.429 0.000   4.197 0.000 0.082 0.000 9.999 0.699
 4.333333  5.333333   47.12 0.000   4.20 0.000 9.999 0.259 99.99 0.259 0.158 0.699  2.080 0.000  2.912 0.000   7.723 0.000 0.049 0.000 0.335 0.699
 7.333333  8.333333   24.14 0.000   1.62 0.000 9.999 0.259  0.12 0.000 0.046 0.699  0.865 0.000  1.210 0.000   4.444 0.000 0.032 0.000 0.162 0.699
11.333333 12.333333   47.71 0.000   3.96 0.000 9.999 0.259 99.99 0.259 0.043 0.699  1.344 0.000  1.881 0.000   4.391 0.000 0.029 0.000 0.118 0.699
14.333333 15.333333   53.65 0.000   5.39 0.000 9.999 0.259  0.43 0.000 0.075 0.699  1.837 0.000  2.572 0.000   5.099 0.000 0.044 0.000 0.152 0.699
18.333333 19.333333  138.55 0.000  11.75 0.000 9.999 0.259  1.06 0.000 9.999 0.699  3.990 0.000  5.585 0.000  10.157 0.000 0.104 0.000 9.999 0.699
21.333333 22.333333   72.02 0.000   3.87 0.000 9.999 0.259 99.99 0.259 9.999 0.699  3.445 0.000  4.822 0.000   7.548 0.000 0.067 0.000 9.999 0.699
25.333333 26.333333  115.47 0.000   7.24 0.000 9.999 0.259 99.99 0.259 9.999 0.699  2.645 0.000  3.703 0.000   6.457 0.000 0.065 0.000 9.999 0.699
28.333333 29.333333   86.91 0.000   5.12 0.000 9.999 0.259 99.99 0.259 9.999 0.699  3.681 0.000  5.154 0.000   9.422 0.000 0.080 0.000 9.999 0.699
32.333333 33.333333   84.94 0.000   3.23 0.000 9.999 0.259 99.99 0.259 9.999 0.699  1.652 0.000  2.313 0.000   6.229 0.000 0.037 0.000 9.999 0.699
35.333333 36.333333  142.33 0.000   6.64 0.000 9.999 0.259  0.58 0.000 9.999 0.699  5.325 0.000  7.455 0.000  14.195 0.000 0.096 0.000 9.999 0.699
39.333333 40.333333   97.07 0.000   3.58 0.000 9.999 0.259  0.84 0.000 0.175 0.699 99.999 0.999 99.999 0.999   7.600 0.000 0.049 0.000 0.303 0.699
42.333333 43.333333   53.62 0.000   7.40 0.000 9.999 0.259 99.99 0.259 0.204 0.699  3.906 0.000  5.468 0.000  10.209 0.000 0.086 0.000 0.586 0.699
46.333333 47.333333   47.90 0.000   1.66 0.000 9.999 0.259 99.99 0.259 9.999 0.699  2.415 0.000  3.381 0.000   6.361 0.000 0.044 0.000 9.999 0.699
49.333333 50.333333   53.73 0.000   5.94 0.000 9.999 0.259 99.99 0.259 0.123 0.699  3.312 0.000  4.636 0.000   8.066 0.000 0.047 0.000 0.397 0.699
53.333333 54.333333   78.24 0.000   4.19 0.000 9.999 0.259 99.99 0.259 9.999 0.699  2.460 0.000  3.444 0.000   6.376 0.000 0.040 0.000 9.999 0.699
56.333333 57.333333   38.38 0.000   1.63 0.000 9.999 0.259  1.01 0.000 9.999 0.699  2.029 0.000  2.840 0.000   4.359 0.000 0.028 0.000 9.999 0.699
60.333333 61.333333   99.21 0.000   3.67 0.000 9.999 0.259 99.99 0.259 9.999 0.699  1.901 0.000  2.662 0.000   6.975 0.000 0.052 0.000 9.999 0.699
63.333333 64.333333   32.87 0.000   1.73 0.000 0.050 0.000 99.99 0.259 9.999 0.699  1.692 0.000  2.368 0.000   4.870 0.000 0.042 0.000 9.999 0.699
67.333333 68.333333  131.37 0.000   4.15 0.000 0.015 0.000 99.99 0.259 9.999 0.699  3.759 0.000  5.263 0.000   9.331 0.000 0.049 0.000 9.999 0.699
70.333333 71.333333  121.50 0.000   6.12 0.000 9.999 0.259 99.99 0.259 9.999 0.699  3.369 0.000  4.716 0.000   7.220 0.000 0.056 0.000 9.999 0.699
74.333333 75.333333   39.62 0.000   2.65 0.000 9.999 0.259  1.15 0.000 0.075 0.699  1.009 0.000  1.413 0.000   4.184 0.000 0.033 0.000 0.206 0.699
77.333333 78.333333   29.03 0.000   1.65 0.000 9.999 0.259 99.99 0.259 0.073 0.699  1.321 0.000  1.850 0.000   4.143 0.000 0.028 0.000 0.219 0.699
81.333333 82.333333   55.79 0.000   3.33 0.000 9.999 0.259 99.99 0.259 9.999 0.699  1.712 0.000  2.397 0.000   5.897 0.000 0.038 0.000 9.999 0.699
84.333333 85.333333   41.60 0.000   2.18 0.000 9.999 0.259 99.99 0.259 0.070 0.559  1.341 0.000  1.878 0.000   3.943 0.000 0.025 0.000 0.166 0.559
88.333333 89.333333  188.36 0.000   3.98 0.000 9.999 0.259  6.08 0.000 9.999 0.699  5.098 0.000  7.138 0.000  16.030 0.000 0.120 0.000 9.999 0.699
91.333333 92.333333   44.50 0.000   3.17 0.000 9.999 0.259 99.99 0.259 0.233 0.699  1.973 0.000  2.763 0.000   7.988 0.000 0.072 0.000 0.906 0.699
