scripts/IMPROVE-2019_partial/data/US9038R.19920101070000.20191216000000.filterpack...1y.3d.US03L_filterpack_US9038.US03L_IMPROVE_Davis.lev2.nas
52 1001
MISSING INFORMATION
US03L, IMPROVE, , , , , , , 
MISSING INFORMATION
IMPROVE sel_HTAP
1 1
1992 01 01 2019 12 16
0
days from file reference point
5
1 1 1 1 1
999.999999 999.999 9.999 999.999 9.999
end_time of measurement, days from the file reference point
pm10_mass, ug/m3, Matrix=pm10
numflag pm10_mass, no unit, Matrix=pm10
pm25_mass, ug/m3, Matrix=pm25
numflag pm25_mass, no unit, Matrix=pm25
0
33
Data definition:              EBAS_1.1
Set type code:                TI
Timezone:                     UTC
File name:                    US9038R.19920101070000.20191216000000.filterpack...1y.3d.US03L_filterpack_US9038.US03L_IMPROVE_Davis.lev2.nas
File creation:                20191218120755
Startdate:                    19920101070000
Revision date:                20191216000000
Version:                      2
Version description:          "Data extracted from http://views.cira.colostate.edu/fed/DataWizard 2019-12-16"
Statistics:                   arithmetic mean
Data level:                   2
Period code:                  1y
Resolution code:              3d
Sample duration:              1d
Orig. time res.:              3d
Station code:                 US9038R
Platform code:                US9038S
Station name:                 Saguaro NM
Station latitude:             32.1746
Station longitude:            -110.7371
Station altitude:             941.0 m
Regime:                       IMG
Component:                    
Unit:                         ug/m3
Matrix:                       
Laboratory code:              US03L
Instrument type:              filterpack
Instrument name:              filterpack_US9038
Method ref:                   US03L_IMPROVE_Davis
Blank correction:             Blank corrected
Volume std. temperature:      ambient
Volume std. pressure:         ambient
starttime endtime PM10 flag_PM10 PM2.5 flag_PM2.5
  0.291667   1.291667   8.571 0.000   2.922 0.559
  3.291667   4.291667   8.000 0.000   3.799 0.559
  7.291667   8.291667   4.769 0.000   2.576 0.559
 10.291667  11.291667   3.820 0.000   2.678 0.559
 14.291667  15.291667   7.642 0.000   4.341 0.559
 17.291667  18.291667   6.731 0.000   3.698 0.559
 21.291667  22.291667  12.538 0.000   7.823 0.559
 24.291667  25.291667  12.299 0.000   2.783 0.559
 28.291667  29.291667   9.478 0.000   3.060 0.559
 31.291667  32.291667   7.735 0.000   3.817 0.559
 35.291667  36.291667  10.282 0.000   1.922 0.559
 38.291667  39.291667   4.783 0.000   1.715 0.559
 42.291667  43.291667  17.033 0.000   1.835 0.559
 45.291667  46.291667   7.004 0.000   2.120 0.559
 49.291667  50.291667  12.727 0.000   5.918 0.559
 52.291667  53.291667  10.502 0.000   5.063 0.559
 56.291667  57.291667   6.051 0.000   2.318 0.559
 59.291667  60.291667  12.950 0.000   2.550 0.000
 63.291667  64.291667   7.814 0.000   1.783 0.000
 66.291667  67.291667   6.985 0.000   2.452 0.000
 70.291667  71.291667  16.797 0.000   4.505 0.000
 73.291667  74.291667  10.958 0.000   5.372 0.000
 77.291667  78.291667  20.000 0.000   5.854 0.000
 80.291667  81.291667  11.613 0.000   3.513 0.000
 84.291667  85.291667  10.840 0.000   5.096 0.000
 87.291667  88.291667   1.979 0.000   0.696 0.000
 91.291667  92.291667   5.598 0.000 999.999 0.999
 94.291667  95.291667  11.707 0.000   3.616 0.000
 98.291667  99.291667  13.636 0.000   5.755 0.000
101.291667 102.291667  10.777 0.000   5.252 0.000
105.291667 106.291667  16.426 0.000   6.667 0.000
108.291667 109.291667  16.336 0.000   7.500 0.000
112.291667 113.291667  10.575 0.000   5.900 0.000
115.291667 116.291667  11.193 0.000   8.200 0.000
119.291667 120.291667  15.698 0.000 999.999 0.999
122.291667 123.291667  16.063 0.000   6.219 0.000
126.291667 127.291667   7.607 0.000   4.321 0.000
129.291667 130.291667  13.834 0.000   5.356 0.000
133.291667 134.291667 999.999 0.999 999.999 0.999
136.291667 137.291667 999.999 0.999 999.999 0.999
140.291667 141.291667 999.999 0.999 999.999 0.999
143.291667 144.291667 999.999 0.999 999.999 0.999
147.291667 148.291667  21.703 0.000   6.087 0.000
150.291667 151.291667  14.633 0.000   5.594 0.000
154.291667 155.291667  18.769 0.000 999.999 0.999
157.291667 158.291667  13.072 0.000 999.999 0.999
161.291667 162.291667  10.588 0.000   6.113 0.000
164.291667 165.291667  13.633 0.000   5.862 0.000
168.291667 169.291667  26.692 0.000   7.643 0.000
171.291667 172.291667  16.680 0.000   5.615 0.000
175.291667 176.291667  20.195 0.000   6.832 0.000
178.291667 179.291667  19.713 0.000   6.969 0.000
182.291667 183.291667  16.078 0.000   4.406 0.000
185.291667 186.291667  16.894 0.000   7.057 0.000
189.291667 190.291667  13.745 0.000   5.502 0.000
192.291667 193.291667   9.102 0.000   5.890 0.000
196.291667 197.291667  12.928 0.000   3.692 0.000
199.291667 200.291667  17.148 0.000   5.107 0.000
203.291667 204.291667  12.713 0.000   5.657 0.000
206.291667 207.291667   8.114 0.000   3.700 0.000
210.291667 211.291667  15.458 0.000   7.785 0.000
213.291667 214.291667  10.622 0.000   5.535 0.000
217.291667 218.291667  10.380 0.000   4.465 0.000
220.291667 221.291667 999.999 0.999   5.854 0.000
224.291667 225.291667   6.721 0.000   3.485 0.000
227.291667 228.291667 999.999 0.999   7.394 0.000
231.291667 232.291667  15.305 0.000   5.078 0.000
234.291667 235.291667   6.548 0.000   3.508 0.000
238.291667 239.291667  13.626 0.000   6.825 0.000
241.291667 242.291667   6.939 0.000   4.603 0.000
245.291667 246.291667   9.266 0.000   3.917 0.000
248.291667 249.291667  10.128 0.000   3.472 0.000
252.291667 253.291667  10.645 0.000   3.761 0.000
255.291667 256.291667  15.473 0.000   6.448 0.000
259.291667 260.291667  13.802 0.000   6.997 0.000
262.291667 263.291667   9.236 0.000   4.688 0.000
266.291667 267.291667   9.652 0.000   3.922 0.000
269.291667 270.291667  13.993 0.000   5.958 0.000
273.291667 274.291667   8.979 0.000   3.598 0.000
276.291667 277.291667  14.660 0.000   6.091 0.000
280.291667 281.291667  13.344 0.000   5.015 0.000
283.291667 284.291667  18.841 0.000   6.586 0.000
287.291667 288.291667  10.390 0.000   3.067 0.000
290.291667 291.291667  10.099 0.000   3.228 0.000
294.291667 295.291667  10.514 0.000   4.923 0.000
297.291667 298.291667  11.623 0.000   4.985 0.000
301.291667 302.291667   6.389 0.000   2.226 0.000
304.291667 305.291667   9.046 0.000   3.250 0.000
308.291667 309.291667   6.831 0.000   2.602 0.000
311.291667 312.291667  12.982 0.000   6.274 0.000
315.291667 316.291667 999.999 0.999 999.999 0.999
318.291667 319.291667 999.999 0.999 999.999 0.999
322.291667 323.291667 999.999 0.999 999.999 0.999
325.291667 326.291667 999.999 0.999 999.999 0.999
329.291667 330.291667   8.176 0.000   3.834 0.000
332.291667 333.291667  12.979 0.000   5.858 0.000
336.291667 337.291667  18.956 0.000   6.741 0.000
339.291667 340.291667   1.818 0.000   1.597 0.000
343.291667 344.291667   9.818 0.000   4.222 0.000
346.291667 347.291667   6.053 0.000   3.565 0.000
350.291667 351.291667  11.254 0.000   5.373 0.000
353.291667 354.291667  10.141 0.000   6.087 0.000
357.291667 358.291667  16.608 0.000  10.588 0.000
360.291667 361.291667  13.964 0.000   6.062 0.000
364.291667 365.291667   5.732 0.000   3.099 0.000
