scripts/IMPROVE-2019_partial/data/US9023R.20060102050000.20191216000000.filterpack..pm25.52w.1w.US03L_filterpack_US9023.US03L_IMPROVE_Davis.lev2.nas
64 1001
MISSING INFORMATION
US03L, IMPROVE, , , , , , , 
MISSING INFORMATION
IMPROVE sel_HTAP
1 1
2006 01 01 2019 12 16
3.000000
days from file reference point
25
1 1 1 1 1 1 1 1 1 1 1 1 1 1 1 1 1 1 1 1 1 1 1 1 1
999.999999 999.99 9.999 999.99 9.999 9.999 9.999999 99.99 9.999999 9.999 9.999 99.999 9.999 99.999 9.999 999.999 9.999 99.999 9.999 999.999 9.999 9.999 9.999 99.999 9.999
end_time of measurement, days from the file reference point
iron, ng/m3, Revision date=20181210133000
numflag iron, no unit, Revision date=20181210133000
lead, ng/m3, Revision date=20181210133000
numflag lead, no unit, Revision date=20181210133000
magnesium, ug/m3, Revision date=20181210133000
numflag magnesium, no unit, Revision date=20181210133000
nickel, ng/m3, Revision date=20181210133000
numflag nickel, no unit, Revision date=20181210133000
nitrate, ug N/m3, Revision date=20181210133000
numflag nitrate, no unit, Revision date=20181210133000
organic_carbon, ug C/m3, Revision date=20181210133000
numflag organic_carbon, no unit, Revision date=20181210133000
organic_mass, ug/m3, Revision date=20181210133000
numflag organic_mass, no unit, Revision date=20181210133000
pm10_mass, ug/m3, Version=2, Version description=Data extracted from http://views.cira.colostate.edu/fed/DataWizard 2019-12-16, Sample duration=1d, Orig. time res.=3d, Matrix=pm10, Blank correction=Blank corrected, Volume std. temperature=ambient, Volume std. pressure=ambient
numflag pm10_mass, no unit, Version=2, Version description=Data extracted from http://views.cira.colostate.edu/fed/DataWizard 2019-12-16, Sample duration=1d, Orig. time res.=3d, Matrix=pm10, Blank correction=Blank corrected, Volume std. temperature=ambient, Volume std. pressure=ambient
pm10_pm25_mass, ug/m3, Revision date=20181210133000, Matrix=pm10_pm25
numflag pm10_pm25_mass, no unit, Revision date=20181210133000, Matrix=pm10_pm25
pm25_mass, ug/m3, Version=2, Version description=Data extracted from http://views.cira.colostate.edu/fed/DataWizard 2019-12-16, Sample duration=1d, Orig. time res.=3d, Blank correction=Blank corrected, Volume std. temperature=ambient, Volume std. pressure=ambient
numflag pm25_mass, no unit, Version=2, Version description=Data extracted from http://views.cira.colostate.edu/fed/DataWizard 2019-12-16, Sample duration=1d, Orig. time res.=3d, Blank correction=Blank corrected, Volume std. temperature=ambient, Volume std. pressure=ambient
potassium, ug/m3, Revision date=20181210133000
numflag potassium, no unit, Revision date=20181210133000
sulphate_total, ug S/m3, Revision date=20181210133000
numflag sulphate_total, no unit, Revision date=20181210133000
0
25
Data definition:              EBAS_1.1
Set type code:                TU
Timezone:                     UTC
File name:                    US9023R.20060102050000.20191216000000.filterpack..pm25.52w.1w.US03L_filterpack_US9023.US03L_IMPROVE_Davis.lev2.nas
File creation:                20191218120638
Startdate:                    20060102050000
Revision date:                20191216000000
Statistics:                   arithmetic mean
Data level:                   2
Period code:                  52w
Resolution code:              1w
Station code:                 US9023R
Platform code:                US9023S
Station name:                 Proctor Maple R. F.
Station latitude:             44.5284
Station longitude:            -72.8688
Station altitude:             401.0 m
Regime:                       IMG
Component:                    
Matrix:                       pm25
Laboratory code:              US03L
Instrument type:              filterpack
Instrument name:              filterpack_US9023
Method ref:                   US03L_IMPROVE_Davis
starttime endtime Fe flag_Fe Pb flag_Pb Mg++ flag_Mg++ Ni flag_Ni NO3- flag_NO3- OC flag_OC OM flag_OM PM10 flag_PM10 PM10-PM2.5 flag_PM10-PM2.5 PM2.5 flag_PM2.5 K+ flag_K+ SO4-- flag_SO4--
[from data line 88]
265.208333 266.208333  23.28 0.000   2.98 0.000 9.999 0.259000  0.37 0.000000 0.005 0.000  1.261 0.000  2.270 0.000  13.847 0.000  3.308 0.000  10.539 0.000 0.034 0.000  0.033 0.000
268.208333 269.208333   3.86 0.000   0.52 0.000 9.999 0.259000 99.99 0.259000 0.005 0.000  0.347 0.000  0.625 0.000   3.857 0.000  1.809 0.000   2.048 0.000 0.011 0.000  0.221 0.000
271.208333 272.208333   6.14 0.000   0.60 0.000 9.999 0.259000 99.99 0.259000 0.012 0.000  0.250 0.000  0.451 0.000   3.652 0.000  1.060 0.000   2.592 0.000 0.010 0.000  0.378 0.000
274.208333 275.208333   5.87 0.000   1.06 0.000 0.016 0.000000 99.99 0.259000 0.029 0.000  0.645 0.000  1.162 0.000   5.369 0.000  1.740 0.000   3.629 0.000 0.013 0.000  0.504 0.000
277.208333 278.208333  11.14 0.000   0.49 0.000 0.008 0.000000 99.99 0.259000 0.017 0.000  0.480 0.000  0.863 0.000   3.705 0.000  1.295 0.000   2.410 0.000 0.010 0.000  0.190 0.000
280.208333 281.208333   9.82 0.000   2.24 0.000 0.007 0.000000  0.22 0.000000 0.008 0.000  0.805 0.000  1.450 0.000 999.999 0.456 99.999 0.999   2.692 0.000 0.032 0.000  0.157 0.000
283.208333 284.208333  17.26 0.000   1.06 0.000 0.007 0.000000  0.32 0.000000 0.040 0.000  0.906 0.559  1.631 0.559   9.344 0.000  5.282 0.000   4.062 0.000 0.026 0.000  0.313 0.000
286.208333 287.208333  17.36 0.000   1.35 0.000 9.999 0.259000  0.22 0.000000 0.093 0.000  0.541 0.000  0.974 0.000   8.970 0.000  5.004 0.000   3.966 0.000 0.021 0.000  0.444 0.000
289.208333 290.208333  23.55 0.000   2.90 0.000 9.999 0.259000  0.47 0.000000 0.063 0.000  0.701 0.000  1.263 0.000   7.754 0.000  2.496 0.000   5.258 0.000 0.028 0.000  0.571 0.000
292.208333 293.208333   1.68 0.394   0.37 0.394 9.999 0.394259 99.99 0.394259 0.016 0.394  0.134 0.394  0.240 0.394   1.936 0.000  0.576 0.394   1.361 0.000 0.005 0.394  0.151 0.394
295.208333 296.208333  11.44 0.000   2.14 0.000 0.009 0.000000  0.39 0.000000 0.104 0.000  1.021 0.000  1.839 0.000   5.778 0.000  0.414 0.000   5.364 0.000 0.024 0.000  0.703 0.000
298.208333 299.208333   3.03 0.000   0.27 0.000 9.999 0.259000 99.99 0.259000 0.016 0.000  0.289 0.559  0.521 0.559   2.342 0.000  0.957 0.000   1.385 0.000 0.009 0.000  0.120 0.000
301.208333 302.208333   1.86 0.000   0.33 0.000 9.999 0.259000 99.99 0.259000 0.004 0.000 99.999 0.999 99.999 0.999 999.999 0.999 99.999 0.999   1.042 0.000 0.007 0.000  0.112 0.000
304.208333 305.208333  16.31 0.000   1.03 0.000 0.010 0.000000 99.99 0.259000 0.072 0.000  0.982 0.000  1.768 0.000   7.694 0.000  2.764 0.000   4.930 0.000 0.037 0.000  0.532 0.000
307.208333 308.208333   3.17 0.000   1.02 0.000 9.999 0.259000  0.22 0.000000 0.029 0.559  0.626 0.000  1.127 0.000   2.772 0.000  0.623 0.000   2.149 0.000 0.013 0.000  0.150 0.559
310.208333 311.208333 999.99 0.456 999.99 0.456 9.999 0.456000 99.99 0.456000 0.219 0.000  1.629 0.000  2.932 0.000  11.373 0.000 99.999 0.456 999.999 0.456 9.999 0.456  0.856 0.000
313.208333 314.208333   6.38 0.000   1.10 0.000 9.999 0.259000 99.99 0.259000 0.105 0.000  0.500 0.000  0.900 0.000   4.455 0.000  1.675 0.000   2.780 0.000 0.012 0.000  0.346 0.000
316.208333 317.208333   1.26 0.000   0.63 0.000 9.999 0.259000 99.99 0.259000 0.031 0.000  1.240 0.000  2.231 0.000   2.674 0.000  0.920 0.000   1.754 0.000 0.015 0.000  0.094 0.000
319.208333 320.208333   4.70 0.000   0.73 0.000 9.999 0.259000  0.42 0.000000 0.027 0.000  0.444 0.000  0.799 0.000   7.045 0.000  2.352 0.000   4.692 0.000 0.013 0.000  0.775 0.000
322.208333 323.208333   7.38 0.000   1.65 0.000 0.009 0.000000  0.18 0.000000 0.078 0.000  0.532 0.000  0.957 0.000   4.662 0.000  0.815 0.000   3.847 0.000 0.013 0.000  0.503 0.000
325.208333 326.208333   9.84 0.000   1.24 0.000 9.999 0.259000 99.99 0.259000 0.023 0.000  1.192 0.000  2.145 0.000   6.709 0.000  3.562 0.000   3.147 0.000 0.030 0.000  0.202 0.000
328.208333 329.208333  10.17 0.000   1.51 0.000 9.999 0.259000  0.32 0.000000 0.040 0.000  0.872 0.000  1.569 0.000   4.114 0.000  1.144 0.000   2.970 0.000 0.030 0.000  0.205 0.000
331.208333 332.208333   7.33 0.000   2.04 0.000 9.999 0.259000  0.51 0.000000 0.132 0.000  1.111 0.000  2.000 0.000   5.047 0.000  0.298 0.000   4.748 0.000 0.031 0.000  0.506 0.000
334.208333 335.208333   1.37 0.000   0.54 0.000 0.008 0.000000 99.99 0.259000 0.012 0.000  0.189 0.000  0.341 0.000   0.924 0.000  0.434 0.000   0.490 0.000 0.005 0.000  0.049 0.000
337.208333 338.208333  10.73 0.000   1.46 0.000 9.999 0.259000  0.25 0.000000 0.160 0.000  0.704 0.000  1.267 0.000   4.587 0.000  0.747 0.000   3.840 0.000 0.027 0.000  0.507 0.000
340.208333 341.208333  20.71 0.000   2.10 0.000 9.999 0.259000  0.36 0.000000 0.400 0.000  1.049 0.000  1.887 0.000   7.665 0.000  1.051 0.000   6.613 0.000 0.036 0.000  0.532 0.000
343.208333 344.208333  29.61 0.000   3.13 0.000 9.999 0.259000  0.42 0.000000 0.502 0.000  1.329 0.000  2.392 0.000  10.750 0.000  3.586 0.000   7.164 0.000 0.051 0.000  0.543 0.000
346.208333 347.208333   7.96 0.000   0.97 0.000 9.999 0.259000  0.57 0.000000 0.027 0.000  0.583 0.000  1.049 0.000   5.373 0.000  0.737 0.000   4.636 0.000 0.019 0.000  0.765 0.000
349.208333 350.208333   4.44 0.000   0.75 0.000 0.008 0.000000 99.99 0.259000 0.111 0.000  0.423 0.000  0.762 0.000   2.386 0.000  0.443 0.000   1.943 0.000 0.011 0.000  0.250 0.000
352.208333 353.208333   4.32 0.000   0.47 0.000 9.999 0.259000  0.19 0.000000 0.056 0.000  0.321 0.000  0.577 0.000   2.508 0.000  0.695 0.000   1.812 0.000 0.014 0.000  0.281 0.000
355.208333 356.208333  15.18 0.000   1.76 0.000 9.999 0.259000  0.23 0.000000 0.050 0.000  0.599 0.000  1.079 0.000   4.177 0.000  2.186 0.000   1.991 0.000 0.022 0.000  0.115 0.000
358.208333 359.208333   6.07 0.000   0.84 0.000 9.999 0.259000  0.35 0.000000 0.051 0.000  0.541 0.000  0.973 0.000   3.082 0.000  0.524 0.000   2.558 0.000 0.020 0.000  0.266 0.000
361.208333 362.208333   4.78 0.000   2.23 0.000 0.015 0.000000  0.34 0.000000 0.154 0.000  0.635 0.000  1.143 0.000   4.308 0.000  0.522 0.000   3.786 0.000 0.030 0.000  0.451 0.000
364.208333 365.208333   4.94 0.000   1.66 0.000 9.999 0.259000  0.26 0.000000 0.079 0.000  0.889 0.559  1.600 0.559   3.736 0.000  0.403 0.000   3.334 0.000 0.028 0.000  0.318 0.000
