scripts/IMPROVE-2019_partial/data/US9070R.20050101070000.20191216000000.filterpack..pm25.52w.1w.US03L_filterpack_US9070.US03L_IMPROVE_Davis.lev2.nas
66 1001
MISSING INFORMATION
US03L, IMPROVE, , , , , , , 
MISSING INFORMATION
IMPROVE sel_HTAP
1 1
2005 01 01 2019 12 16
3.000000
days from file reference point
27
1 1 1 1 1 1 1 1 1 1 1 1 1 1 1 1 1 1 1 1 1 1 1 1 1 1 1
999.999999 9999.99 9.999 99.99 9.999 9.999 9.999999 9.99 9.999999 9.999 9.999999 99.999 9.999 99.999 9.999 99.99 9.999999 999.999 9.999 999.999 9.999 999.999 9.999 9.999 9.999999 9.999 9.999999
end_time of measurement, days from the file reference point
iron, ng/m3, Revision date=20181210133000
numflag iron, no unit, Revision date=20181210133000
lead, ng/m3, Revision date=20181210133000
numflag lead, no unit, Revision date=20181210133000
magnesium, ug/m3, Revision date=20181210133000
numflag magnesium, no unit, Revision date=20181210133000
nickel, ng/m3, Revision date=20181210133000
numflag nickel, no unit, Revision date=20181210133000
nitrate, ug N/m3, Revision date=20181210133000
numflag nitrate, no unit, Revision date=20181210133000
organic_carbon, ug C/m3, Revision date=20181210133000
numflag organic_carbon, no unit, Revision date=20181210133000
organic_mass, ug/m3, Revision date=20181210133000
numflag organic_mass, no unit, Revision date=20181210133000
phosphorus, ng/m3, Revision date=20181210133000
numflag phosphorus, no unit, Revision date=20181210133000
pm10_mass, ug/m3, Version=2, Version description=Data extracted from http://views.cira.colostate.edu/fed/DataWizard 2019-12-16, Sample duration=1d, Orig. time res.=3d, Matrix=pm10, Blank correction=Blank corrected, Volume std. temperature=ambient, Volume std. pressure=ambient
numflag pm10_mass, no unit, Version=2, Version description=Data extracted from http://views.cira.colostate.edu/fed/DataWizard 2019-12-16, Sample duration=1d, Orig. time res.=3d, Matrix=pm10, Blank correction=Blank corrected, Volume std. temperature=ambient, Volume std. pressure=ambient
pm10_pm25_mass, ug/m3, Revision date=20181210133000, Matrix=pm10_pm25
numflag pm10_pm25_mass, no unit, Revision date=20181210133000, Matrix=pm10_pm25
pm25_mass, ug/m3, Version=2, Version description=Data extracted from http://views.cira.colostate.edu/fed/DataWizard 2019-12-16, Sample duration=1d, Orig. time res.=3d, Blank correction=Blank corrected, Volume std. temperature=ambient, Volume std. pressure=ambient
numflag pm25_mass, no unit, Version=2, Version description=Data extracted from http://views.cira.colostate.edu/fed/DataWizard 2019-12-16, Sample duration=1d, Orig. time res.=3d, Blank correction=Blank corrected, Volume std. temperature=ambient, Volume std. pressure=ambient
potassium, ug/m3, Revision date=20181210133000
numflag potassium, no unit, Revision date=20181210133000
sulphate_total, ug S/m3, Revision date=20181210133000
numflag sulphate_total, no unit, Revision date=20181210133000
0
25
Data definition:              EBAS_1.1
Set type code:                TU
Timezone:                     UTC
File name:                    US9070R.20050101070000.20191216000000.filterpack..pm25.52w.1w.US03L_filterpack_US9070.US03L_IMPROVE_Davis.lev2.nas
File creation:                20191218121020
Startdate:                    20050101070000
Revision date:                20191216000000
Statistics:                   arithmetic mean
Data level:                   2
Period code:                  52w
Resolution code:              1w
Station code:                 US9070R
Platform code:                US9070S
Station name:                 San Pedro Parks
Station latitude:             36.0139
Station longitude:            -106.8447
Station altitude:             2935.0 m
Regime:                       IMG
Component:                    
Matrix:                       pm25
Laboratory code:              US03L
Instrument type:              filterpack
Instrument name:              filterpack_US9070
Method ref:                   US03L_IMPROVE_Davis
starttime endtime Fe flag_Fe Pb flag_Pb Mg++ flag_Mg++ Ni flag_Ni NO3- flag_NO3- OC flag_OC OM flag_OM P flag_P PM10 flag_PM10 PM10-PM2.5 flag_PM10-PM2.5 PM2.5 flag_PM2.5 K+ flag_K+ SO4-- flag_SO4--
[from data line 79]
237.291667 238.291667   14.09 0.000  0.38 0.000 0.006 0.000000 0.12 0.000000 0.024 0.000000  0.233 0.000  0.420 0.000 99.99 0.259000   4.407 0.000   1.791 0.000   2.615 0.000 0.012 0.000000 0.354 0.000000
240.291667 241.291667   16.11 0.000  0.34 0.000 9.999 0.259000 9.99 0.259000 0.011 0.000000  0.581 0.000  1.046 0.000 99.99 0.259000   5.274 0.000   2.180 0.000   3.093 0.000 0.025 0.000000 0.235 0.000000
243.291667 244.291667   61.05 0.000  0.57 0.000 9.999 0.259000 9.99 0.259000 0.052 0.000000  1.153 0.000  2.076 0.000 99.99 0.259000  11.995 0.000   7.197 0.000   4.798 0.000 0.048 0.000000 0.295 0.000000
246.291667 247.291667   12.15 0.000  0.46 0.000 9.999 0.259000 0.19 0.000000 0.013 0.000000  0.473 0.000  0.852 0.000 99.99 0.259000   6.598 0.000   3.074 0.000   3.524 0.000 0.014 0.000000 0.449 0.000000
249.291667 250.291667    6.84 0.000  0.50 0.000 0.007 0.000000 9.99 0.259000 0.029 0.000000  0.508 0.000  0.914 0.000 99.99 0.259000   2.785 0.000   0.914 0.000   1.871 0.000 0.012 0.000000 0.204 0.000000
252.291667 253.291667   10.98 0.000  0.55 0.000 9.999 0.259000 0.24 0.000000 0.028 0.000000  0.453 0.000  0.815 0.000 99.99 0.259000   3.920 0.000   1.377 0.000   2.543 0.000 0.012 0.000000 0.397 0.000000
255.291667 256.291667   18.58 0.000  0.68 0.000 0.008 0.000000 9.99 0.259000 0.022 0.000000  0.233 0.000  0.418 0.000 99.99 0.259000   3.695 0.000   2.192 0.000   1.527 0.000 0.013 0.000000 0.160 0.000000
258.291667 259.291667   24.88 0.000  0.69 0.000 9.999 0.259000 9.99 0.259000 0.017 0.000000  0.502 0.000  0.904 0.000 99.99 0.259000   4.661 0.000   2.593 0.000   2.067 0.000 0.018 0.000000 0.202 0.000000
261.291667 262.291667   12.41 0.000  0.69 0.000 9.999 0.259000 9.99 0.259000 0.007 0.000000  0.230 0.000  0.414 0.000 99.99 0.259000   2.618 0.000   1.363 0.000   1.255 0.000 0.008 0.000000 0.166 0.000000
264.291667 265.291667 9999.99 0.999 99.99 0.999 9.999 0.999000 9.99 0.999000 9.999 0.999000 99.999 0.999 99.999 0.999 99.99 0.999000 999.999 0.999 999.999 0.999 999.999 0.999 9.999 0.999000 9.999 0.999000
267.291667 268.291667 9999.99 0.999 99.99 0.999 9.999 0.999000 9.99 0.999000 9.999 0.999000 99.999 0.999 99.999 0.999 99.99 0.999000 999.999 0.999 999.999 0.999 999.999 0.999 9.999 0.999000 9.999 0.999000
270.291667 271.291667   14.55 0.000  1.00 0.000 9.999 0.259000 9.99 0.259000 0.020 0.000000  0.675 0.000  1.215 0.000 99.99 0.259000   5.005 0.000   0.823 0.000   4.182 0.000 0.019 0.000000 0.514 0.000000
273.291667 274.291667 9999.99 0.999 99.99 0.999 9.999 0.999000 9.99 0.999000 9.999 0.999000 99.999 0.999 99.999 0.999 99.99 0.999000 999.999 0.999 999.999 0.999 999.999 0.999 9.999 0.999000 9.999 0.999000
276.291667 277.291667 9999.99 0.999 99.99 0.999 9.999 0.999000 9.99 0.999000 9.999 0.999000 99.999 0.999 99.999 0.999 99.99 0.999000 999.999 0.999 999.999 0.999 999.999 0.999 9.999 0.999000 9.999 0.999000
279.291667 280.291667   15.62 0.000  0.35 0.000 9.999 0.259000 9.99 0.259000 0.021 0.000000  0.999 0.000  1.797 0.000 99.99 0.259000   4.959 0.000   1.689 0.000   3.269 0.000 0.018 0.000000 0.219 0.000000
282.291667 283.291667    0.59 0.000  0.25 0.000 9.999 0.259000 9.99 0.259000 0.016 0.000000  1.787 0.000  3.217 0.000 99.99 0.259000   0.412 0.000 999.999 0.259   0.432 0.000 0.002 0.000000 0.053 0.000000
285.291667 286.291667    8.29 0.000  0.39 0.000 9.999 0.259000 9.99 0.259000 0.065 0.000000  0.709 0.000  1.276 0.000 99.99 0.259000 999.999 0.456   0.803 0.000   2.677 0.000 0.008 0.000000 0.226 0.000000
288.291667 289.291667    7.13 0.000  0.33 0.000 9.999 0.259000 9.99 0.259000 0.014 0.000000  0.459 0.000  0.826 0.000 99.99 0.259000 999.999 0.456   0.803 0.000   1.873 0.000 0.008 0.000000 0.216 0.000000
291.291667 292.291667    2.52 0.000  0.23 0.000 9.999 0.259000 9.99 0.259000 0.023 0.000000  0.250 0.000  0.450 0.000 99.99 0.259000   1.441 0.000   0.494 0.000   0.947 0.000 0.004 0.000000 0.092 0.000000
294.291667 295.291667    6.16 0.000  0.26 0.000 9.999 0.259000 9.99 0.259000 0.011 0.000000  0.434 0.000  0.782 0.000 99.99 0.259000   2.827 0.000   0.889 0.000   1.937 0.000 0.006 0.000000 0.162 0.000000
297.291667 298.291667   18.13 0.000  0.40 0.000 9.999 0.259000 9.99 0.259000 0.017 0.000000  0.580 0.000  1.043 0.000 99.99 0.259000   3.879 0.000   1.407 0.000   2.490 0.000 0.019 0.000000 0.206 0.000000
300.291667 301.291667   22.70 0.000  0.52 0.000 9.999 0.259000 9.99 0.259000 0.055 0.000000  0.587 0.000  1.056 0.000 99.99 0.259000   7.084 0.000   2.739 0.000   4.344 0.000 0.022 0.000000 0.542 0.000000
303.291667 304.291667   36.90 0.000  2.07 0.000 0.017 0.000000 9.99 0.259000 0.017 0.000000  0.258 0.000  0.464 0.000 99.99 0.259000   4.412 0.000   1.148 0.000   3.264 0.000 0.033 0.000000 0.406 0.000000
306.291667 307.291667   28.55 0.000  0.79 0.000 9.999 0.259000 0.40 0.000000 0.013 0.000000  0.552 0.000  0.995 0.000 99.99 0.259000   8.389 0.000   3.613 0.000   4.775 0.000 0.024 0.000000 0.647 0.000000
309.291667 310.291667   13.84 0.000  0.14 0.000 9.999 0.259000 9.99 0.259000 0.011 0.000000  0.898 0.000  1.617 0.000 99.99 0.259000   2.893 0.000   1.187 0.000   1.706 0.000 0.012 0.000000 0.080 0.000000
312.291667 313.291667   31.17 0.000  1.20 0.000 9.999 0.259000 0.41 0.000000 0.016 0.000000  0.977 0.000  1.759 0.000 99.99 0.259000   7.933 0.000   3.296 0.000   4.636 0.000 0.033 0.000000 0.546 0.000000
315.291667 316.291667    4.87 0.000  0.25 0.000 9.999 0.259000 9.99 0.259000 0.029 0.000000  0.259 0.000  0.466 0.000 99.99 0.259000   1.970 0.000   0.683 0.000   1.287 0.000 0.006 0.000000 0.172 0.000000
318.291667 319.291667    7.53 0.000  0.26 0.000 9.999 0.259000 9.99 0.259000 0.009 0.000000  0.079 0.000  0.142 0.000 99.99 0.259000   2.610 0.000   1.997 0.000   0.628 0.000 0.006 0.000000 0.068 0.000000
321.291667 322.291667   11.67 0.000  0.34 0.000 9.999 0.259000 9.99 0.259000 0.069 0.000000  1.491 0.000  2.683 0.000 99.99 0.259000   4.661 0.000   1.819 0.000   2.842 0.000 0.011 0.000000 0.102 0.000000
324.291667 325.291667    6.74 0.000  0.27 0.000 9.999 0.259000 9.99 0.259000 0.009 0.000000  0.514 0.000  0.925 0.000 99.99 0.259000   1.837 0.000   0.587 0.000   1.250 0.000 0.006 0.000000 0.059 0.000000
327.291667 328.291667   10.11 0.000  0.34 0.000 9.999 0.259000 9.99 0.259000 0.007 0.000000  0.047 0.000  0.084 0.000 99.99 0.259000   1.796 0.000   0.778 0.000   1.053 0.000 0.007 0.000000 0.101 0.000000
330.291667 331.291667   13.50 0.000  0.33 0.000 9.999 0.259000 9.99 0.259000 0.015 0.000000  0.230 0.000  0.414 0.000 99.99 0.259000   4.772 0.000   3.910 0.000   0.862 0.000 0.010 0.000000 0.049 0.000000
333.291667 334.291667    9.73 0.000  0.27 0.000 9.999 0.259000 9.99 0.259000 0.012 0.000000  0.195 0.000  0.351 0.000 99.99 0.259000   2.185 0.000   1.111 0.000   1.074 0.000 0.007 0.000000 0.053 0.000000
336.291667 337.291667    6.91 0.000  0.27 0.000 9.999 0.259000 9.99 0.259000 0.016 0.000000  0.225 0.000  0.405 0.000 99.99 0.259000   1.931 0.000   1.085 0.000   0.846 0.000 0.006 0.000000 0.079 0.000000
339.291667 340.291667    4.09 0.000  0.17 0.000 9.999 0.259000 9.99 0.259000 0.003 0.000000  0.011 0.000  0.020 0.000 99.99 0.259000 999.999 0.456   0.803 0.000   0.691 0.000 0.003 0.000000 0.044 0.000000
342.291667 343.291667    7.04 0.000  0.27 0.000 9.999 0.259000 9.99 0.259000 0.006 0.000000  0.129 0.000  0.231 0.000 99.99 0.259000   1.592 0.000   0.786 0.000   0.806 0.000 0.008 0.000000 0.059 0.000000
345.291667 346.291667    6.80 0.000  0.37 0.000 9.999 0.259000 9.99 0.259000 0.003 0.000000  0.017 0.000  0.031 0.000 99.99 0.259000   1.089 0.000   0.698 0.000   0.390 0.000 0.005 0.000000 0.035 0.000000
348.291667 349.291667    3.65 0.000  0.25 0.000 9.999 0.259000 9.99 0.259000 0.003 0.000000  0.017 0.000  0.030 0.000 99.99 0.259000   0.042 0.000 999.999 0.259   0.241 0.000 0.003 0.000000 0.024 0.000000
351.291667 352.291667   16.75 0.000  0.98 0.000 0.005 0.000000 0.30 0.000000 0.065 0.000000  0.379 0.000  0.682 0.000 99.99 0.259000   3.325 0.000   1.882 0.000   1.443 0.000 0.027 0.000000 0.127 0.000000
354.291667 355.291667    3.60 0.000 99.99 0.259 9.999 0.259000 9.99 0.259000 0.006 0.000000  0.212 0.000  0.381 0.000 99.99 0.259000   0.627 0.000   0.151 0.000   0.476 0.000 0.004 0.000000 0.030 0.000000
357.291667 358.291667    5.95 0.000  0.38 0.000 9.999 0.259000 9.99 0.259000 0.005 0.000000  0.105 0.000  0.189 0.000 99.99 0.259000   1.175 0.000   0.635 0.000   0.540 0.000 0.006 0.000000 0.041 0.000000
360.291667 361.291667    5.80 0.000 99.99 0.259 9.999 0.259000 0.10 0.000000 0.009 0.000000  0.235 0.000  0.423 0.000 99.99 0.259000   2.136 0.000   1.661 0.000   0.484 0.000 0.004 0.000000 0.026 0.000000
363.291667 364.291667    2.85 0.000  0.15 0.000 9.999 0.259000 9.99 0.259000 0.005 0.000000  0.016 0.000  0.028 0.000 99.99 0.259000   0.628 0.000   0.265 0.000   0.363 0.000 0.003 0.000000 0.036 0.000000
