scripts/IMPROVE-2019_partial/data/US9012R.20020102070000.20191216000000.filterpack..pm25.52w.1w.US03L_filterpack_US9012.US03L_IMPROVE_Davis.lev2.nas
66 1001
MISSING INFORMATION
US03L, IMPROVE, , , , , , , 
MISSING INFORMATION
IMPROVE sel_HTAP
1 1
2002 01 01 2019 12 16
3.000000
days from file reference point
27
1 1 1 1 1 1 1 1 1 1 1 1 1 1 1 1 1 1 1 1 1 1 1 1 1 1 1
999.999999 9999.99 9.999999 99.99 9.999999 9.999 9.999999999 9.99 9.999999999 9.999 9.999999 999.999 9.999 999.999 9.999 99.99 9.999999999 999.999 9.999 999.999 9.999 999.999 9.999 9.999 9.999999 9.999 9.999999
end_time of measurement, days from the file reference point
iron, ng/m3, Revision date=20181210133000
numflag iron, no unit, Revision date=20181210133000
lead, ng/m3, Revision date=20181210133000
numflag lead, no unit, Revision date=20181210133000
magnesium, ug/m3, Revision date=20181210133000
numflag magnesium, no unit, Revision date=20181210133000
nickel, ng/m3, Revision date=20181210133000
numflag nickel, no unit, Revision date=20181210133000
nitrate, ug N/m3, Revision date=20181210133000
numflag nitrate, no unit, Revision date=20181210133000
organic_carbon, ug C/m3, Revision date=20181210133000
numflag organic_carbon, no unit, Revision date=20181210133000
organic_mass, ug/m3, Revision date=20181210133000
numflag organic_mass, no unit, Revision date=20181210133000
phosphorus, ng/m3, Revision date=20181210133000
numflag phosphorus, no unit, Revision date=20181210133000
pm10_mass, ug/m3, Version=2, Version description=Data extracted from http://views.cira.colostate.edu/fed/DataWizard 2019-12-16, Sample duration=1d, Orig. time res.=3d, Matrix=pm10, Blank correction=Blank corrected, Volume std. temperature=ambient, Volume std. pressure=ambient
numflag pm10_mass, no unit, Version=2, Version description=Data extracted from http://views.cira.colostate.edu/fed/DataWizard 2019-12-16, Sample duration=1d, Orig. time res.=3d, Matrix=pm10, Blank correction=Blank corrected, Volume std. temperature=ambient, Volume std. pressure=ambient
pm10_pm25_mass, ug/m3, Revision date=20181210133000, Matrix=pm10_pm25
numflag pm10_pm25_mass, no unit, Revision date=20181210133000, Matrix=pm10_pm25
pm25_mass, ug/m3, Version=2, Version description=Data extracted from http://views.cira.colostate.edu/fed/DataWizard 2019-12-16, Sample duration=1d, Orig. time res.=3d, Blank correction=Blank corrected, Volume std. temperature=ambient, Volume std. pressure=ambient
numflag pm25_mass, no unit, Version=2, Version description=Data extracted from http://views.cira.colostate.edu/fed/DataWizard 2019-12-16, Sample duration=1d, Orig. time res.=3d, Blank correction=Blank corrected, Volume std. temperature=ambient, Volume std. pressure=ambient
potassium, ug/m3, Revision date=20181210133000
numflag potassium, no unit, Revision date=20181210133000
sulphate_total, ug S/m3, Revision date=20181210133000
numflag sulphate_total, no unit, Revision date=20181210133000
0
25
Data definition:              EBAS_1.1
Set type code:                TU
Timezone:                     UTC
File name:                    US9012R.20020102070000.20191216000000.filterpack..pm25.52w.1w.US03L_filterpack_US9012.US03L_IMPROVE_Davis.lev2.nas
File creation:                20191218120557
Startdate:                    20020102070000
Revision date:                20191216000000
Statistics:                   arithmetic mean
Data level:                   2
Period code:                  52w
Resolution code:              1w
Station code:                 US9012R
Platform code:                US9012S
Station name:                 Monture
Station latitude:             47.1222
Station longitude:            -113.1544
Station altitude:             1282.0 m
Regime:                       IMG
Component:                    
Matrix:                       pm25
Laboratory code:              US03L
Instrument type:              filterpack
Instrument name:              filterpack_US9012
Method ref:                   US03L_IMPROVE_Davis
starttime endtime Fe flag_Fe Pb flag_Pb Mg++ flag_Mg++ Ni flag_Ni NO3- flag_NO3- OC flag_OC OM flag_OM P flag_P PM10 flag_PM10 PM10-PM2.5 flag_PM10-PM2.5 PM2.5 flag_PM2.5 K+ flag_K+ SO4-- flag_SO4--
[from data line 73]
220.291667 221.291667   36.65 0.000000  0.24 0.000000 0.033 0.000000000 0.33 0.000000000 0.016 0.000000   1.489 0.000   2.085 0.000 99.99 0.259000000   6.778 0.000   2.547 0.000   4.231 0.000 0.053 0.000000 0.100 0.000000
223.291667 224.291667   53.00 0.000000  0.24 0.000000 9.999 0.259000000 0.31 0.000000000 0.009 0.000000   1.174 0.000   1.644 0.000 99.99 0.259000000   8.857 0.000   4.785 0.000   4.072 0.000 0.062 0.000000 0.134 0.000000
226.291667 227.291667   95.84 0.000000  0.23 0.000000 0.079 0.000000000 0.59 0.000000000 0.008 0.000000   0.937 0.000   1.312 0.000 99.99 0.259000000   6.442 0.000   1.436 0.000   5.006 0.000 0.110 0.000000 0.059 0.000000
229.291667 230.291667  163.54 0.000000  0.28 0.000000 9.999 0.259000000 0.39 0.000000000 0.020 0.000000   1.618 0.000   2.266 0.000 99.99 0.259000000  19.004 0.000  11.807 0.000   7.197 0.000 0.146 0.000000 0.084 0.000000
232.291667 233.291667   26.53 0.559000  0.21 0.559000 9.999 0.559259000 0.34 0.559000000 0.011 0.559000   2.080 0.000   2.913 0.000 99.99 0.559259000   6.355 0.000   1.295 0.000   5.060 0.559 0.039 0.559000 0.082 0.559000
235.291667 236.291667   27.48 0.559000  0.35 0.559000 9.999 0.559259000 0.25 0.559000000 0.012 0.000000   2.139 0.000   2.995 0.000 99.99 0.559259000   9.120 0.000   3.379 0.000   5.741 0.559 0.044 0.559000 0.160 0.000000
238.291667 239.291667   11.54 0.559000  0.20 0.559000 0.015 0.559000000 0.25 0.559000000 0.008 0.000000   1.297 0.000   1.816 0.000 99.99 0.559259000   5.085 0.000   0.835 0.000   4.250 0.559 0.018 0.559000 0.183 0.000000
241.291667 242.291667   30.88 0.000000  0.19 0.000000 9.999 0.259000000 0.24 0.000000000 0.012 0.000000   1.342 0.000   1.878 0.000 99.99 0.259000000   6.445 0.000   2.085 0.000   4.361 0.000 0.038 0.000000 0.130 0.000000
244.291667 245.291667   86.25 0.559000  0.59 0.559000 9.999 0.559259000 0.24 0.559000000 0.012 0.000000   0.765 0.000   1.072 0.000 99.99 0.559259000  11.027 0.000   7.505 0.000   3.522 0.559 0.057 0.559000 0.110 0.000000
247.291667 248.291667   96.15 0.559000  0.44 0.559000 9.999 0.559259000 0.23 0.559000000 0.025 0.000000   1.537 0.000   2.152 0.000 99.99 0.559259000  13.399 0.000   6.664 0.000   6.735 0.559 0.089 0.559000 0.312 0.000000
250.291667 251.291667  124.76 0.559000  0.68 0.559000 0.081 0.559000000 0.91 0.559000000 0.013 0.000000   0.744 0.000   1.042 0.000 99.99 0.559259000   5.539 0.000 999.999 0.259   5.765 0.559 0.146 0.559000 0.165 0.000000
253.291667 254.291667   38.62 0.000000  0.43 0.000000 9.999 0.259000000 0.27 0.000000000 0.006 0.559000   1.036 0.000   1.450 0.000  6.60 0.000000000   5.822 0.000   2.577 0.000   3.245 0.000 0.045 0.000000 0.058 0.559000
256.291667 257.291667   98.99 0.559000  1.22 0.559000 9.999 0.559259000 0.16 0.559000000 0.016 0.559000   2.875 0.000   4.024 0.000 99.99 0.559259000  21.128 0.000  12.714 0.000   8.413 0.559 0.119 0.559000 0.232 0.559000
259.291667 260.291667   22.68 0.000000  0.51 0.000000 0.020 0.000000000 0.23 0.000000000 0.009 0.000000   1.055 0.000   1.477 0.000 99.99 0.259000000   5.217 0.000   2.472 0.000   2.745 0.000 0.032 0.000000 0.094 0.000000
262.291667 263.291667   59.53 0.559000  0.37 0.559000 9.999 0.559259000 0.18 0.559000000 0.009 0.000000   0.417 0.000   0.583 0.000 99.99 0.559259000   8.233 0.000   5.854 0.000   2.380 0.559 0.034 0.559000 0.077 0.000000
265.291667 266.291667   44.11 0.000000  0.44 0.000000 0.059 0.000000000 0.22 0.000000000 0.007 0.000000   0.596 0.000   0.835 0.000 99.99 0.259000000   7.823 0.000   4.969 0.000   2.854 0.000 0.052 0.000000 0.125 0.000000
268.291667 269.291667   44.90 0.559394  0.70 0.559394 9.999 0.559394259 0.55 0.559394000 0.018 0.394000   3.081 0.000   4.314 0.000 99.99 0.559394259  11.188 0.000   3.730 0.000   7.458 0.559 0.075 0.559394 0.146 0.394000
271.291667 272.291667   21.52 0.000000  0.50 0.000000 9.999 0.259000000 0.38 0.000000000 0.009 0.000000   1.256 0.000   1.759 0.000 99.99 0.259000000   5.682 0.000   2.354 0.000   3.328 0.000 0.031 0.000000 0.086 0.000000
274.291667 275.291667   28.13 0.559000  0.46 0.559000 9.999 0.559259000 0.34 0.559000000 0.007 0.000000   0.502 0.000   0.702 0.000 99.99 0.559259000   2.441 0.000   0.026 0.000   2.415 0.559 0.033 0.559000 0.104 0.000000
277.291667 278.291667    7.85 0.559000 99.99 0.559259 9.999 0.559259000 0.22 0.559000000 0.011 0.000000   1.232 0.000   1.725 0.000 99.99 0.559259000   3.389 0.000   0.291 0.000   3.098 0.559 0.025 0.559000 0.132 0.000000
280.291667 281.291667   16.75 0.559000  0.43 0.559000 9.999 0.559259000 0.21 0.559000000 0.012 0.000000   1.154 0.000   1.615 0.000 99.99 0.559259000   4.058 0.000   1.298 0.000   2.760 0.559 0.027 0.559000 0.114 0.000000
283.291667 284.291667   58.35 0.000000  0.36 0.000000 0.020 0.000000000 0.36 0.000000000 0.016 0.000000   0.936 0.000   1.310 0.000 99.99 0.259000000   4.978 0.000   1.602 0.000   3.376 0.000 0.062 0.000000 0.116 0.000000
286.291667 287.291667   27.66 0.559000  0.68 0.559000 9.999 0.559259000 0.32 0.559000000 0.016 0.000000   1.613 0.000   2.259 0.000 99.99 0.559259000   5.843 0.000   1.924 0.000   3.919 0.559 0.038 0.559000 0.095 0.000000
289.291667 290.291667   32.08 0.699000  0.79 0.699000 9.999 0.699259000 0.22 0.699000000 0.015 0.000000   2.074 0.000   2.904 0.000 99.99 0.699259000   6.365 0.000   1.895 0.000   4.470 0.699 0.048 0.699000 0.115 0.000000
292.291667 293.291667   60.20 0.559000  0.98 0.559000 0.015 0.559000000 0.16 0.559000000 0.014 0.000000   1.696 0.000   2.374 0.000 99.99 0.559259000   7.651 0.000   3.214 0.000   4.438 0.559 0.047 0.559000 0.104 0.000000
295.291667 296.291667   12.72 0.559000  0.53 0.559000 9.999 0.559259000 0.17 0.559000000 0.006 0.000000   0.264 0.000   0.370 0.000 99.99 0.559259000 999.999 0.456 999.999 0.999   2.083 0.559 0.014 0.559000 0.301 0.000000
298.291667 299.291667   36.91 0.559000  0.75 0.559000 9.999 0.559259000 0.79 0.559000000 0.017 0.000000   2.071 0.000   2.900 0.000 99.99 0.559259000 999.999 0.456 999.999 0.999   5.133 0.559 0.050 0.559000 0.190 0.000000
301.291667 302.291667   15.83 0.000000  0.41 0.000000 9.999 0.259000000 0.33 0.000000000 0.033 0.559000   0.161 0.000   0.225 0.000 99.99 0.259000000   2.432 0.000   0.284 0.000   2.148 0.000 0.011 0.000000 0.345 0.559000
304.291667 305.291667   39.84 0.559000  0.19 0.559000 9.999 0.559259000 0.83 0.559000000 0.038 0.000000   1.515 0.000   2.122 0.000 99.99 0.559259000  10.588 0.000   5.676 0.000   4.912 0.559 0.054 0.559000 0.191 0.000000
307.291667 308.291667   48.95 0.559000  0.53 0.559000 9.999 0.559259000 0.55 0.559000000 0.046 0.000000   1.418 0.000   1.986 0.000 99.99 0.559259000   9.431 0.000   4.801 0.000   4.630 0.559 0.070 0.559000 0.121 0.000000
310.291667 311.291667   61.79 0.559000  0.43 0.559000 0.032 0.559000000 0.21 0.559000000 0.014 0.559000   1.242 0.000   1.738 0.000 99.99 0.559259000   9.075 0.000   5.007 0.000   4.067 0.559 0.065 0.559000 0.081 0.559000
313.291667 314.291667    7.61 0.000000  0.23 0.000000 9.999 0.259000000 0.19 0.000000000 0.010 0.000000   0.661 0.000   0.926 0.000 99.99 0.259000000   1.347 0.000   0.041 0.000   1.306 0.000 0.022 0.000000 0.031 0.000000
316.291667 317.291667    1.67 0.559000  0.37 0.559000 9.999 0.559259000 0.12 0.559000000 0.010 0.559000   1.081 0.000   1.513 0.000 99.99 0.559259000   2.609 0.000   0.404 0.000   2.205 0.559 0.026 0.559000 0.047 0.559000
319.291667 320.291667    6.58 0.559000  0.65 0.559000 9.999 0.559259000 0.20 0.559000000 0.026 0.000000   3.115 0.000   4.360 0.000 99.99 0.559259000   6.479 0.000   0.442 0.000   6.037 0.559 0.071 0.559000 0.187 0.000000
322.291667 323.291667    2.17 0.000000  1.02 0.000000 9.999 0.259000000 0.11 0.000000000 0.011 0.000000   1.689 0.000   2.364 0.000 99.99 0.259000000   3.096 0.000   0.512 0.000   2.584 0.000 0.022 0.000000 0.044 0.000000
325.291667 326.291667    3.06 0.000000  1.56 0.000000 9.999 0.259000000 0.12 0.000000000 0.012 0.000000   1.209 0.000   1.693 0.000 99.99 0.259000000   3.389 0.000   0.808 0.000   2.580 0.000 0.020 0.000000 0.077 0.000000
328.291667 329.291667    5.52 0.559000  0.32 0.559000 9.999 0.559259000 0.14 0.559000000 0.124 0.000000   3.085 0.000   4.319 0.000 99.99 0.559259000   7.243 0.000   1.262 0.000   5.981 0.559 0.035 0.559000 0.124 0.000000
331.291667 332.291667    9.89 0.699000  0.78 0.699000 9.999 0.699259000 9.99 0.699259000 0.143 0.559000   7.550 0.000  10.570 0.000 99.99 0.699259000  16.625 0.000   3.631 0.000  12.994 0.699 0.081 0.699000 0.134 0.559000
334.291667 335.291667    8.12 0.699000  0.85 0.699000 9.999 0.699259000 0.17 0.699000000 0.111 0.000000  10.320 0.000  14.448 0.000 99.99 0.699259000  18.603 0.000   2.968 0.000  15.635 0.699 0.061 0.699000 0.104 0.000000
337.291667 338.291667    2.18 0.000000  0.13 0.000000 9.999 0.259000000 0.09 0.000000000 0.011 0.559000   0.519 0.000   0.727 0.000 99.99 0.259000000   3.115 0.000   0.650 0.000   2.464 0.000 0.006 0.000000 0.332 0.559000
340.291667 341.291667    1.65 0.000000  0.17 0.000000 9.999 0.259000000 0.11 0.000000000 0.034 0.559000   0.703 0.000   0.985 0.000 99.99 0.259000000   1.852 0.000   0.252 0.000   1.600 0.000 0.015 0.000000 0.044 0.559000
343.291667 344.291667    4.28 0.000000  0.20 0.000000 0.013 0.000000000 0.18 0.000000000 0.080 0.000000   0.868 0.000   1.215 0.000 99.99 0.259000000   2.739 0.000   0.888 0.000   1.850 0.000 0.011 0.000000 0.034 0.000000
346.291667 347.291667    8.54 0.559000  0.10 0.559000 9.999 0.559259000 0.11 0.559000000 0.010 0.000000   0.710 0.000   0.993 0.000  0.79 0.559000000   2.092 0.000   0.396 0.000   1.695 0.559 0.018 0.559000 0.031 0.000000
349.291667 350.291667    5.17 0.000000  0.11 0.000000 9.999 0.259000000 9.99 0.259000000 0.011 0.000000   0.085 0.000   0.119 0.000 99.99 0.259000000   1.506 0.000   0.354 0.000   1.152 0.000 0.007 0.000000 0.026 0.000000
352.291667 353.291667    1.84 0.559000  0.21 0.559000 0.024 0.559000000 0.07 0.559000000 0.017 0.559000   0.346 0.000   0.484 0.000 99.99 0.559259000   1.576 0.000   0.272 0.000   1.304 0.559 0.017 0.559000 0.031 0.559000
355.291667 356.291667    5.31 0.000000  0.25 0.000000 9.999 0.259000000 0.12 0.000000000 0.039 0.000000   0.775 0.000   1.085 0.000 99.99 0.259000000   2.625 0.000   0.488 0.000   2.137 0.000 0.021 0.000000 0.074 0.000000
358.291667 359.291667    4.97 0.559000  0.20 0.559000 0.015 0.559000000 0.11 0.559000000 0.020 0.000000   0.432 0.000   0.605 0.000  1.40 0.559000000   1.305 0.000   0.147 0.000   1.157 0.559 0.015 0.559000 0.053 0.000000
361.291667 362.291667    7.92 0.559000  0.33 0.559000 9.999 0.559259000 0.14 0.559000000 0.004 0.000000   0.155 0.000   0.216 0.000 99.99 0.559259000   1.129 0.000   0.212 0.000   0.917 0.559 0.010 0.559000 0.066 0.000000
364.291667 365.291667   10.17 0.000000  0.44 0.000000 9.999 0.259000000 0.16 0.000000000 0.013 0.000000   0.603 0.000   0.844 0.000 99.99 0.259000000   2.339 0.000   0.503 0.000   1.836 0.000 0.015 0.000000 0.103 0.000000
