scripts/IMPROVE-2019_partial/data/US9033R.19980103060000.20191216000000.filterpack...1y.3d.US03L_filterpack_US9033.US03L_IMPROVE_Davis.lev2.nas
51 1001
MISSING INFORMATION
US03L, IMPROVE, , , , , , , 
MISSING INFORMATION
IMPROVE sel_HTAP
1 1
1998 01 01 2019 12 16
0
days from file reference point
4
1 1 1 1
999.99 999.999 999.999 9.999
end_time of measurement, days from the file reference point
pm10_mass, ug/m3, Matrix=pm10
pm25_mass, ug/m3, Matrix=pm25
numflag, no unit
0
33
Data definition:              EBAS_1.1
Set type code:                TI
Timezone:                     UTC
File name:                    US9033R.19980103060000.20191216000000.filterpack...1y.3d.US03L_filterpack_US9033.US03L_IMPROVE_Davis.lev2.nas
File creation:                20191218120726
Startdate:                    19980103060000
Revision date:                20191216000000
Version:                      2
Version description:          "Data extracted from http://views.cira.colostate.edu/fed/DataWizard 2019-12-16"
Statistics:                   arithmetic mean
Data level:                   2
Period code:                  1y
Resolution code:              3d
Sample duration:              1d
Orig. time res.:              3d
Station code:                 US9033R
Platform code:                US9033S
Station name:                 Sipsy Wilderness
Station latitude:             34.3433
Station longitude:            -87.3388
Station altitude:             286.0 m
Regime:                       IMG
Component:                    
Unit:                         ug/m3
Matrix:                       
Laboratory code:              US03L
Instrument type:              filterpack
Instrument name:              filterpack_US9033
Method ref:                   US03L_IMPROVE_Davis
Blank correction:             Blank corrected
Volume std. temperature:      ambient
Volume std. pressure:         ambient
starttime endtime PM10 PM2.5 flag
  2.25   3.25  16.260  10.129 0.000
  6.25   7.25   5.506   4.386 0.000
  9.25  10.25 999.999   6.247 0.000
 13.25  14.25  13.032  12.092 0.000
 16.25  17.25  17.495  14.236 0.000
 20.25  21.25  20.202  18.826 0.000
 23.25  24.25  24.906  18.900 0.000
 27.25  28.25  13.088  10.553 0.000
 30.25  31.25  18.468  11.846 0.000
 34.25  35.25   6.375   4.787 0.000
 37.25  38.25  22.330  18.360 0.000
 41.25  42.25  13.509  12.828 0.000
 44.25  45.25  19.951  16.078 0.000
 48.25  49.25  12.594   9.921 0.000
 51.25  52.25  10.829   8.188 0.000
 55.25  56.25  16.962  12.720 0.000
 58.25  59.25  10.377   6.119 0.000
 62.25  63.25  15.896  15.513 0.000
 65.25  66.25  11.560   9.688 0.000
 69.25  70.25  10.550   7.716 0.000
 72.25  73.25  20.795  14.672 0.000
 76.25  77.25 999.999 999.999 0.999
 79.25  80.25  19.044  14.256 0.000
 83.25  84.25 999.999 999.999 0.999
 86.25  87.25  21.893  12.569 0.000
 90.25  91.25 999.999 999.999 0.999
 93.25  94.25  17.380   8.621 0.000
 97.25  98.25  24.027  17.018 0.000
100.25 101.25  26.572  19.097 0.000
104.25 105.25 999.999 999.999 0.999
107.25 108.25  11.498   9.025 0.000
111.25 112.25  14.547   9.470 0.000
114.25 115.25  32.164  19.626 0.000
118.25 119.25  21.930  14.383 0.000
121.25 122.25  13.723   6.886 0.000
125.25 126.25 999.999 999.999 0.999
128.25 129.25  26.042  17.717 0.000
132.25 133.25  40.835  28.586 0.000
135.25 136.25  46.622  29.694 0.000
139.25 140.25  36.033  25.226 0.000
142.25 143.25  40.108  27.926 0.000
146.25 147.25  23.869  24.247 0.000
149.25 150.25  18.255  12.435 0.000
153.25 154.25  16.570   9.925 0.000
156.25 157.25  14.910   8.983 0.000
160.25 161.25  19.054  11.415 0.000
163.25 164.25  24.081  12.637 0.000
167.25 168.25  25.789  16.949 0.000
170.25 171.25  13.689   8.629 0.000
174.25 175.25 999.999 999.999 0.999
177.25 178.25  36.568  20.350 0.000
181.25 182.25  32.310  29.838 0.000
184.25 185.25  29.102  28.142 0.000
188.25 189.25  19.768  16.115 0.000
191.25 192.25  31.800  26.290 0.000
195.25 196.25  22.243  17.427 0.000
198.25 199.25  15.023  10.001 0.000
202.25 203.25  29.669  11.515 0.000
205.25 206.25  37.854  22.436 0.000
209.25 210.25 999.999 999.999 0.999
212.25 213.25 999.999 999.999 0.999
216.25 217.25  29.321  25.646 0.000
219.25 220.25  15.625  12.041 0.000
223.25 224.25  12.342  11.755 0.000
226.25 227.25  13.110 999.999 0.000
230.25 231.25  45.994  44.330 0.000
233.25 234.25  37.786  37.584 0.000
237.25 238.25  36.647  31.616 0.000
240.25 241.25  31.731  24.463 0.000
244.25 245.25 999.999 999.999 0.999
247.25 248.25  26.643  20.526 0.000
251.25 252.25  20.524   8.253 0.000
254.25 255.25  38.882 999.999 0.000
258.25 259.25  19.536  12.869 0.000
261.25 262.25  21.921  18.266 0.000
265.25 266.25  11.104   6.912 0.000
268.25 269.25  22.174  17.586 0.000
272.25 273.25  17.413  13.310 0.000
275.25 276.25  27.603  23.405 0.000
279.25 280.25  10.992   8.102 0.000
282.25 283.25  15.878  12.791 0.000
286.25 287.25  16.301   7.139 0.000
289.25 290.25  26.535  18.627 0.000
293.25 294.25 999.999 999.999 0.999
296.25 297.25  16.629  12.119 0.000
300.25 301.25  26.155  21.143 0.000
303.25 304.25  19.173   9.544 0.000
307.25 308.25  13.629  12.001 0.000
310.25 311.25  16.776  12.195 0.000
314.25 315.25   8.663   7.690 0.000
317.25 318.25  11.347 999.999 0.000
321.25 322.25 999.999 999.999 0.999
324.25 325.25 999.999 999.999 0.999
328.25 329.25  22.057  16.816 0.000
331.25 332.25  21.589  16.816 0.000
335.25 336.25  15.536  13.383 0.000
338.25 339.25  14.211  10.450 0.000
342.25 343.25  12.908  12.678 0.000
345.25 346.25  15.059  10.700 0.000
349.25 350.25  11.328   8.770 0.000
352.25 353.25  14.044  12.314 0.000
356.25 357.25 999.999 999.999 0.999
359.25 360.25 999.999 999.999 0.999
363.25 364.25  15.469   8.303 0.000
