scripts/IMPROVE-2019_partial/data/US9032R.20020102090000.20191216000000.filterpack..pm25.52w.1w.US03L_filterpack_US9032.US03L_IMPROVE_Davis.lev2.nas
66 1001
MISSING INFORMATION
US03L, IMPROVE, , , , , , , 
MISSING INFORMATION
IMPROVE sel_HTAP
1 1
2002 01 01 2019 12 16
3.000
days from file reference point
27
1 1 1 1 1 1 1 1 1 1 1 1 1 1 1 1 1 1 1 1 1 1 1 1 1 1 1
999.999 9999.99 9.999 99.99 9.999999 9.999 9.999999 99.99 9.999999 9.999 9.999999 99.999 9.999 99.999 9.999 99.99 9.999999 999.999 9.999 99.999 9.999 999.999 9.999 9.999 9.999 9.999 9.999
end_time of measurement, days from the file reference point
iron, ng/m3, Revision date=20181210133000
numflag iron, no unit, Revision date=20181210133000
lead, ng/m3, Revision date=20181210133000
numflag lead, no unit, Revision date=20181210133000
magnesium, ug/m3, Revision date=20181210133000
numflag magnesium, no unit, Revision date=20181210133000
nickel, ng/m3, Revision date=20181210133000
numflag nickel, no unit, Revision date=20181210133000
nitrate, ug N/m3, Revision date=20181210133000
numflag nitrate, no unit, Revision date=20181210133000
organic_carbon, ug C/m3, Revision date=20181210133000
numflag organic_carbon, no unit, Revision date=20181210133000
organic_mass, ug/m3, Revision date=20181210133000
numflag organic_mass, no unit, Revision date=20181210133000
phosphorus, ng/m3, Revision date=20181210133000
numflag phosphorus, no unit, Revision date=20181210133000
pm10_mass, ug/m3, Version=2, Version description=Data extracted from http://views.cira.colostate.edu/fed/DataWizard 2019-12-16, Sample duration=1d, Orig. time res.=3d, Matrix=pm10, Blank correction=Blank corrected, Volume std. temperature=ambient, Volume std. pressure=ambient
numflag pm10_mass, no unit, Version=2, Version description=Data extracted from http://views.cira.colostate.edu/fed/DataWizard 2019-12-16, Sample duration=1d, Orig. time res.=3d, Matrix=pm10, Blank correction=Blank corrected, Volume std. temperature=ambient, Volume std. pressure=ambient
pm10_pm25_mass, ug/m3, Revision date=20181210133000, Matrix=pm10_pm25
numflag pm10_pm25_mass, no unit, Revision date=20181210133000, Matrix=pm10_pm25
pm25_mass, ug/m3, Version=2, Version description=Data extracted from http://views.cira.colostate.edu/fed/DataWizard 2019-12-16, Sample duration=1d, Orig. time res.=3d, Blank correction=Blank corrected, Volume std. temperature=ambient, Volume std. pressure=ambient
numflag pm25_mass, no unit, Version=2, Version description=Data extracted from http://views.cira.colostate.edu/fed/DataWizard 2019-12-16, Sample duration=1d, Orig. time res.=3d, Blank correction=Blank corrected, Volume std. temperature=ambient, Volume std. pressure=ambient
potassium, ug/m3, Revision date=20181210133000
numflag potassium, no unit, Revision date=20181210133000
sulphate_total, ug S/m3, Revision date=20181210133000
numflag sulphate_total, no unit, Revision date=20181210133000
0
25
Data definition:              EBAS_1.1
Set type code:                TU
Timezone:                     UTC
File name:                    US9032R.20020102090000.20191216000000.filterpack..pm25.52w.1w.US03L_filterpack_US9032.US03L_IMPROVE_Davis.lev2.nas
File creation:                20191218120721
Startdate:                    20020102090000
Revision date:                20191216000000
Statistics:                   arithmetic mean
Data level:                   2
Period code:                  52w
Resolution code:              1w
Station code:                 US9032R
Platform code:                US9032S
Station name:                 Trapper Creek
Station latitude:             62.3153
Station longitude:            -150.3156
Station altitude:             155.0 m
Regime:                       IMG
Component:                    
Matrix:                       pm25
Laboratory code:              US03L
Instrument type:              filterpack
Instrument name:              filterpack_US9032
Method ref:                   US03L_IMPROVE_Davis
starttime endtime Fe flag_Fe Pb flag_Pb Mg++ flag_Mg++ Ni flag_Ni NO3- flag_NO3- OC flag_OC OM flag_OM P flag_P PM10 flag_PM10 PM10-PM2.5 flag_PM10-PM2.5 PM2.5 flag_PM2.5 K+ flag_K+ SO4-- flag_SO4--
[from data line 82]
247.375 248.375    5.77 0.559  1.13 0.559000 9.999 0.559259 99.99 0.559259 0.012 0.000000  0.956 0.000  1.338 0.000  6.29 0.559000   5.675 0.000  2.843 0.000   2.832 0.559 0.012 0.559 0.088 0.000
250.375 251.375    1.52 0.559  0.41 0.559000 9.999 0.559259 99.99 0.559259 0.006 0.000000  0.232 0.000  0.325 0.000  5.14 0.559000   3.862 0.000  2.837 0.000   1.025 0.559 0.008 0.559 0.057 0.000
253.375 254.375    3.43 0.000  0.74 0.000000 9.999 0.259000 99.99 0.259000 9.999 0.259000  0.232 0.000  0.324 0.000  3.03 0.000000   2.590 0.000  1.603 0.000   0.988 0.000 0.008 0.000 0.024 0.000
256.375 257.375    2.03 0.559  0.35 0.559000 0.033 0.559000 99.99 0.559259 9.999 0.259000  0.141 0.000  0.197 0.000  3.41 0.559000   3.157 0.000  2.363 0.000   0.794 0.559 0.007 0.559 0.018 0.000
259.375 260.375    2.50 0.000  0.55 0.000000 9.999 0.259000 99.99 0.259000 9.999 0.259000  0.225 0.000  0.315 0.000 99.99 0.259000   4.188 0.000  3.018 0.000   1.170 0.000 0.008 0.000 0.059 0.000
262.375 263.375    3.16 0.000  0.23 0.000000 9.999 0.259000 99.99 0.259000 9.999 0.559259  0.173 0.000  0.242 0.000 99.99 0.259000   2.875 0.000  2.345 0.000   0.529 0.000 0.006 0.000 0.021 0.559
265.375 266.375    3.00 0.000  0.35 0.000000 0.032 0.000000 99.99 0.259000 9.999 0.559259  0.432 0.000  0.605 0.000  7.37 0.000000   3.510 0.000  2.095 0.000   1.415 0.000 0.011 0.000 0.042 0.559
268.375 269.375    1.40 0.000  0.33 0.000000 0.032 0.000000 99.99 0.259000 9.999 0.259000  0.365 0.000  0.511 0.000 99.99 0.259000   3.676 0.000  2.200 0.000   1.477 0.000 0.011 0.000 0.057 0.000
271.375 272.375    3.19 0.000  1.25 0.000000 9.999 0.259000 99.99 0.259000 0.023 0.559000  0.645 0.000  0.903 0.000  2.84 0.000000   4.107 0.000  2.030 0.000   2.077 0.000 0.022 0.000 0.097 0.559
274.375 275.375    2.22 0.000  0.26 0.000000 9.999 0.259000 99.99 0.259000 9.999 0.559259  0.224 0.000  0.313 0.000  5.05 0.000000   2.427 0.000  1.608 0.000   0.819 0.000 0.009 0.000 0.012 0.559
277.375 278.375    3.78 0.000  0.22 0.000000 0.009 0.000000  0.10 0.000000 0.004 0.000000  0.067 0.000  0.093 0.000 99.99 0.259000   3.303 0.000  2.342 0.000   0.961 0.000 0.008 0.000 0.060 0.000
280.375 281.375    3.18 0.000  0.24 0.000000 9.999 0.259000 99.99 0.259000 9.999 0.259000  0.515 0.000  0.720 0.000 99.99 0.259000   2.617 0.000  1.201 0.000   1.416 0.000 0.011 0.000 0.007 0.000
283.375 284.375    5.41 0.000  0.22 0.000000 9.999 0.259000 99.99 0.259000 9.999 0.259000 99.999 0.259 99.999 0.259 99.99 0.259000   1.839 0.000  1.225 0.000   0.615 0.000 0.006 0.000 0.032 0.000
286.375 287.375    1.80 0.559  0.24 0.559000 0.009 0.559000 99.99 0.559259 9.999 0.259000  0.155 0.000  0.217 0.000  4.84 0.559000   2.389 0.000  1.178 0.000   1.212 0.559 0.009 0.559 0.050 0.000
289.375 290.375    1.51 0.559  0.17 0.559000 9.999 0.559259 99.99 0.559259 0.023 0.000000  0.188 0.000  0.264 0.000  4.54 0.559000   2.128 0.000  1.268 0.000   0.860 0.559 0.007 0.559 0.035 0.000
292.375 293.375    1.31 0.559 99.99 0.559259 9.999 0.559259 99.99 0.559259 0.005 0.000000  0.215 0.000  0.300 0.000  5.44 0.559000   1.605 0.000  0.708 0.000   0.897 0.559 0.008 0.559 0.020 0.000
295.375 296.375    9.44 0.000  0.41 0.000000 9.999 0.259000 99.99 0.259000 0.012 0.000000 99.999 0.259 99.999 0.259 99.99 0.259000   1.563 0.000  0.633 0.000   0.930 0.000 0.011 0.000 0.066 0.000
298.375 299.375    2.82 0.559  0.22 0.559000 9.999 0.559259 99.99 0.559259 0.009 0.000000  0.044 0.000  0.062 0.000 99.99 0.559259   1.419 0.000  0.793 0.000   0.625 0.559 0.006 0.559 0.052 0.000
301.375 302.375    1.89 0.000  0.22 0.000000 9.999 0.259000 99.99 0.259000 9.999 0.559259  0.047 0.000  0.066 0.000 99.99 0.259000   0.832 0.000  0.394 0.000   0.438 0.000 0.004 0.000 0.033 0.559
304.375 305.375    2.43 0.000  0.14 0.000000 9.999 0.259000 99.99 0.259000 0.013 0.000000  0.098 0.000  0.138 0.000 99.99 0.259000   0.713 0.000  0.466 0.000   0.247 0.000 0.004 0.000 0.026 0.000
307.375 308.375    3.94 0.000  0.17 0.000000 9.999 0.259000  0.03 0.000000 0.003 0.000000 99.999 0.259 99.999 0.259 99.99 0.259000   0.784 0.000  0.235 0.000   0.549 0.000 0.004 0.000 0.037 0.000
310.375 311.375    2.31 0.000  0.16 0.000000 9.999 0.259000 99.99 0.259000 9.999 0.259000  0.060 0.000  0.084 0.000 99.99 0.259000   0.563 0.000  0.375 0.000   0.189 0.000 0.003 0.000 0.013 0.000
313.375 314.375   17.98 0.000 99.99 0.259000 9.999 0.259000 99.99 0.259000 0.003 0.000000  0.036 0.000  0.050 0.000 99.99 0.259000   9.209 0.000  8.486 0.000   0.723 0.000 0.007 0.000 0.086 0.000
316.375 317.375    1.75 0.000  0.14 0.000000 9.999 0.259000 99.99 0.259000 0.002 0.000000 99.999 0.259 99.999 0.259 99.99 0.259000   0.491 0.000  0.303 0.000   0.188 0.000 0.002 0.000 0.022 0.000
319.375 320.375    1.72 0.000  0.33 0.000000 9.999 0.259000 99.99 0.259000 0.007 0.000000  0.136 0.000  0.190 0.000 99.99 0.259000   0.784 0.000  0.161 0.000   0.623 0.000 0.003 0.000 0.033 0.000
322.375 323.375    2.83 0.000  0.16 0.000000 9.999 0.259000 99.99 0.259000 0.005 0.559000  0.064 0.000  0.090 0.000 99.99 0.259000   0.910 0.000  0.492 0.000   0.418 0.000 0.003 0.000 0.039 0.559
325.375 326.375    2.13 0.000  0.11 0.000000 9.999 0.259000 99.99 0.259000 0.001 0.000000 99.999 0.259 99.999 0.259 99.99 0.259000   0.446 0.000  0.230 0.000   0.216 0.000 0.002 0.000 0.020 0.000
328.375 329.375    3.08 0.000  0.12 0.000000 9.999 0.259000  0.07 0.000000 0.003 0.000000 99.999 0.259 99.999 0.259 99.99 0.259000   0.560 0.000  0.401 0.000   0.159 0.000 0.004 0.000 0.040 0.000
331.375 332.375    1.34 0.000  0.38 0.000000 9.999 0.259000 99.99 0.259000 0.020 0.000000  0.142 0.000  0.199 0.000 99.99 0.259000   1.051 0.000  0.370 0.000   0.681 0.000 0.004 0.000 0.055 0.000
334.375 335.375    1.14 0.000  0.20 0.000000 9.999 0.259000 99.99 0.259000 0.003 0.000000  0.061 0.000  0.085 0.000  1.89 0.000000   0.784 0.000  0.564 0.000   0.220 0.000 0.006 0.000 0.008 0.000
337.375 338.375    3.27 0.000  0.15 0.000000 9.999 0.259000 99.99 0.259000 0.005 0.000000  0.061 0.000  0.086 0.000 99.99 0.259000   1.239 0.000  0.488 0.000   0.751 0.000 0.005 0.000 0.084 0.000
340.375 341.375    0.92 0.000  0.28 0.000000 0.021 0.000000 99.99 0.259000 0.001 0.000000  0.366 0.000  0.513 0.000 99.99 0.259000   0.261 0.000  0.230 0.000   0.032 0.000 0.004 0.000 0.013 0.000
343.375 344.375   12.46 0.000  0.20 0.000000 9.999 0.259000 99.99 0.259000 0.004 0.000000  0.043 0.000  0.060 0.000 99.99 0.259000   5.659 0.000  5.151 0.000   0.508 0.000 0.005 0.000 0.030 0.000
346.375 347.375    6.08 0.000  0.20 0.000000 0.018 0.000000  0.07 0.000000 0.005 0.000000 99.999 0.259 99.999 0.259 99.99 0.259000   1.614 0.000  1.333 0.000   0.281 0.000 0.004 0.000 0.023 0.000
349.375 350.375   10.96 0.000  0.76 0.000000 9.999 0.259000 99.99 0.259000 0.004 0.000000  0.205 0.000  0.287 0.000 99.99 0.259000   2.944 0.000  2.204 0.000   0.740 0.000 0.006 0.000 0.026 0.000
352.375 353.375    6.80 0.000  0.18 0.000000 9.999 0.259000  0.02 0.000000 0.012 0.559000  0.021 0.000  0.029 0.000 99.99 0.259000   1.887 0.000  1.301 0.000   0.586 0.000 0.005 0.000 0.034 0.559
355.375 356.375   10.45 0.000  0.17 0.000000 0.024 0.000000  0.05 0.000000 0.002 0.000000 99.999 0.259 99.999 0.259 99.99 0.259000   3.136 0.000  2.640 0.000   0.496 0.000 0.005 0.000 0.036 0.000
358.375 359.375    1.80 0.000  0.21 0.000000 9.999 0.259000 99.99 0.259000 0.013 0.000000  0.103 0.000  0.144 0.000  0.51 0.000000   1.014 0.000  0.391 0.000   0.623 0.000 0.005 0.000 0.040 0.000
361.375 362.375    2.36 0.000  0.09 0.000000 0.036 0.000000 99.99 0.259000 0.003 0.000000  0.129 0.000  0.180 0.000 99.99 0.259000   0.878 0.000  0.329 0.000   0.548 0.000 0.005 0.000 0.054 0.000
364.375 365.375    5.60 0.000  0.31 0.000000 0.025 0.000000 99.99 0.259000 0.006 0.000000  0.465 0.000  0.651 0.000 99.99 0.259000   2.684 0.000  1.332 0.000   1.352 0.000 0.007 0.000 0.046 0.000
