scripts/IMPROVE-2019_partial/data/US9034R.20000101060000.20191216000000.filterpack..pm25.52w.1w.US03L_filterpack_US9034.US03L_IMPROVE_Davis.lev2.nas
64 1001
MISSING INFORMATION
US03L, IMPROVE, , , , , , , 
MISSING INFORMATION
IMPROVE sel_HTAP
1 1
2000 01 01 2019 12 16
0
days from file reference point
25
1 1 1 1 1 1 1 1 1 1 1 1 1 1 1 1 1 1 1 1 1 1 1 1 1
999.99 9999.99 9.999999 99.99 9.999999 9.999 9.999999999 9.99 9.999999 9.999 9.999999 999.999 9.999 999.999 9.999 999.999 9.999 999.999 9.999 999.999 9.999 9.999 9.999999 99.999 9.999999
end_time of measurement, days from the file reference point
iron, ng/m3, Revision date=20181210133000
numflag iron, no unit, Revision date=20181210133000
lead, ng/m3, Revision date=20181210133000
numflag lead, no unit, Revision date=20181210133000
magnesium, ug/m3, Revision date=20181210133000
numflag magnesium, no unit, Revision date=20181210133000
nickel, ng/m3, Revision date=20181210133000
numflag nickel, no unit, Revision date=20181210133000
nitrate, ug N/m3, Revision date=20181210133000
numflag nitrate, no unit, Revision date=20181210133000
organic_carbon, ug C/m3, Revision date=20181210133000
numflag organic_carbon, no unit, Revision date=20181210133000
organic_mass, ug/m3, Revision date=20181210133000
numflag organic_mass, no unit, Revision date=20181210133000
pm10_mass, ug/m3, Version=2, Version description=Data extracted from http://views.cira.colostate.edu/fed/DataWizard 2019-12-16, Sample duration=1d, Orig. time res.=3d, Matrix=pm10, Blank correction=Blank corrected, Volume std. temperature=ambient, Volume std. pressure=ambient
numflag pm10_mass, no unit, Version=2, Version description=Data extracted from http://views.cira.colostate.edu/fed/DataWizard 2019-12-16, Sample duration=1d, Orig. time res.=3d, Matrix=pm10, Blank correction=Blank corrected, Volume std. temperature=ambient, Volume std. pressure=ambient
pm10_pm25_mass, ug/m3, Revision date=20181210133000, Matrix=pm10_pm25
numflag pm10_pm25_mass, no unit, Revision date=20181210133000, Matrix=pm10_pm25
pm25_mass, ug/m3, Version=2, Version description=Data extracted from http://views.cira.colostate.edu/fed/DataWizard 2019-12-16, Sample duration=1d, Orig. time res.=3d, Blank correction=Blank corrected, Volume std. temperature=ambient, Volume std. pressure=ambient
numflag pm25_mass, no unit, Version=2, Version description=Data extracted from http://views.cira.colostate.edu/fed/DataWizard 2019-12-16, Sample duration=1d, Orig. time res.=3d, Blank correction=Blank corrected, Volume std. temperature=ambient, Volume std. pressure=ambient
potassium, ug/m3, Revision date=20181210133000
numflag potassium, no unit, Revision date=20181210133000
sulphate_total, ug S/m3, Revision date=20181210133000
numflag sulphate_total, no unit, Revision date=20181210133000
0
25
Data definition:              EBAS_1.1
Set type code:                TI
Timezone:                     UTC
File name:                    US9034R.20000101060000.20191216000000.filterpack..pm25.52w.1w.US03L_filterpack_US9034.US03L_IMPROVE_Davis.lev2.nas
File creation:                20191218120732
Startdate:                    20000101060000
Revision date:                20191216000000
Statistics:                   arithmetic mean
Data level:                   2
Period code:                  52w
Resolution code:              1w
Station code:                 US9034R
Platform code:                US9034S
Station name:                 Upper Buffalo Wilderness
Station latitude:             35.8258
Station longitude:            -93.203
Station altitude:             722.0 m
Regime:                       IMG
Component:                    
Matrix:                       pm25
Laboratory code:              US03L
Instrument type:              filterpack
Instrument name:              filterpack_US9034
Method ref:                   US03L_IMPROVE_Davis
starttime endtime Fe flag_Fe Pb flag_Pb Mg++ flag_Mg++ Ni flag_Ni NO3- flag_NO3- OC flag_OC OM flag_OM PM10 flag_PM10 PM10-PM2.5 flag_PM10-PM2.5 PM2.5 flag_PM2.5 K+ flag_K+ SO4-- flag_SO4--
[from data line 83]
285.25 286.25   59.67 0.000000  1.19 0.000000 9.999 0.259000000 9.99 0.259000 9.999 0.456000   4.231 0.000   5.924 0.000  23.247 0.000  11.634 0.000  11.614 0.000 0.101 0.000000 99.999 0.456000
288.25 289.25   27.21 0.000000  0.40 0.000000 9.999 0.259000000 0.26 0.000000 9.999 0.456000   2.888 0.000   4.043 0.000  15.236 0.000   4.996 0.000  10.240 0.000 0.088 0.000000 99.999 0.456000
291.25 292.25   18.79 0.559000  1.05 0.559000 9.999 0.559259000 9.99 0.559259 9.999 0.456000   1.729 0.000   2.420 0.000   9.191 0.000   4.040 0.000   5.151 0.559 0.028 0.559000 99.999 0.456000
294.25 295.25   27.43 0.559000  0.97 0.559000 9.999 0.559259000 9.99 0.559259 9.999 0.456000   3.909 0.000   5.472 0.000  18.080 0.000   4.763 0.000  13.317 0.559 0.096 0.559000 99.999 0.456000
297.25 298.25   38.78 0.559000  0.98 0.559000 9.999 0.559259000 9.99 0.559259 0.111 0.000000   3.921 0.000   5.489 0.000  19.879 0.000   3.081 0.000  16.797 0.559 0.055 0.559000  2.561 0.000000
300.25 301.25   14.58 0.559000  0.40 0.559000 9.999 0.559259000 9.99 0.559259 9.999 0.456000   2.255 0.000   3.157 0.000   7.725 0.000   1.267 0.000   6.459 0.559 0.060 0.559000 99.999 0.456000
303.25 304.25   19.32 0.559000  0.91 0.559000 9.999 0.559259000 9.99 0.559259 9.999 0.456000   3.098 0.000   4.337 0.000  15.779 0.000   1.490 0.000  14.289 0.559 0.062 0.559000 99.999 0.456000
306.25 307.25   15.33 0.000000  0.36 0.000000 9.999 0.259000000 9.99 0.259000 0.047 0.000000   1.542 0.000   2.159 0.000   8.469 0.000   2.825 0.000   5.644 0.000 0.022 0.000000  0.828 0.000000
309.25 310.25    3.85 0.000000  0.61 0.000000 0.012 0.000000000 9.99 0.259000 0.035 0.000000   0.609 0.000   0.853 0.000   3.348 0.000   0.321 0.000   3.027 0.000 0.016 0.000000  0.495 0.000000
312.25 313.25 9999.99 0.999000 99.99 0.999000 9.999 0.999000000 9.99 0.999000 9.999 0.999000 999.999 0.999 999.999 0.999 999.999 0.999 999.999 0.999 999.999 0.999 9.999 0.999000 99.999 0.999000
315.25 316.25 9999.99 0.999000 99.99 0.999000 9.999 0.999000000 9.99 0.999000 9.999 0.999000 999.999 0.999 999.999 0.999 999.999 0.999 999.999 0.999 999.999 0.999 9.999 0.999000 99.999 0.999000
318.25 319.25 9999.99 0.999000 99.99 0.999000 9.999 0.999000000 9.99 0.999000 9.999 0.999000 999.999 0.999 999.999 0.999 999.999 0.999 999.999 0.999 999.999 0.999 9.999 0.999000 99.999 0.999000
321.25 322.25    8.28 0.559000  0.68 0.559000 9.999 0.559259000 9.99 0.559259 0.244 0.000000   0.508 0.000   0.712 0.000   6.819 0.000   3.318 0.000   3.500 0.559 0.023 0.559000  0.523 0.000000
324.25 325.25   15.28 0.559000 99.99 0.559259 9.999 0.559259000 9.99 0.559259 0.060 0.000000   0.397 0.000   0.556 0.000   7.781 0.000   6.313 0.000   1.468 0.559 0.021 0.559000  0.190 0.000000
327.25 328.25   10.67 0.000000 99.99 0.259000 9.999 0.259000000 0.34 0.000000 0.154 0.000000   0.859 0.000   1.202 0.000   5.870 0.000   2.383 0.000   3.487 0.000 0.023 0.000000  0.335 0.000000
330.25 331.25   20.95 0.000000  1.77 0.000000 9.999 0.259000000 9.99 0.259000 0.836 0.000000   1.483 0.000   2.076 0.000  14.845 0.000   8.451 0.000   6.395 0.000 0.048 0.000000  0.448 0.000000
333.25 334.25   12.01 0.559000  0.53 0.559000 9.999 0.559259000 9.99 0.559259 0.127 0.000000   0.607 0.000   0.849 0.000   6.612 0.000   4.848 0.000   1.764 0.559 0.025 0.559000  0.166 0.000000
336.25 337.25   10.87 0.559000  1.21 0.559000 9.999 0.559259000 9.99 0.559259 0.563 0.000000   0.602 0.000   0.843 0.000   9.789 0.000   2.675 0.000   7.114 0.559 0.024 0.559000  0.860 0.000000
339.25 340.25   13.47 0.559000  1.59 0.559000 9.999 0.559259000 9.99 0.559259 0.497 0.000000   0.851 0.000   1.191 0.000   7.732 0.000   3.091 0.000   4.641 0.559 0.029 0.559000  0.392 0.000000
342.25 343.25   11.13 0.559000  1.37 0.559000 9.999 0.559259000 9.99 0.559259 0.529 0.000000   0.853 0.000   1.195 0.000   8.400 0.000   4.032 0.000   4.368 0.559 0.024 0.559000  0.343 0.000000
345.25 346.25   10.94 0.000000  1.27 0.000000 9.999 0.259000000 0.68 0.000000 0.342 0.000000   1.426 0.000   1.996 0.000   9.287 0.000   1.730 0.000   7.557 0.000 0.055 0.000000  0.875 0.000000
348.25 349.25    3.74 0.559000  1.02 0.559000 9.999 0.559259000 0.22 0.559000 0.486 0.000000   0.961 0.000   1.345 0.000   8.492 0.000   1.717 0.000   6.775 0.559 0.026 0.559000  0.699 0.000000
351.25 352.25   25.15 0.559000  1.03 0.559000 9.999 0.559259000 9.99 0.559259 0.233 0.000000   0.838 0.000   1.174 0.000   9.133 0.000   4.807 0.000   4.326 0.559 0.038 0.559000  0.301 0.000000
354.25 355.25   30.23 0.559000  1.75 0.559000 9.999 0.559259000 0.22 0.559000 0.404 0.000000   1.611 0.000   2.255 0.000  14.184 0.000   7.182 0.000   7.001 0.559 0.059 0.559000  0.564 0.000000
357.25 358.25   15.59 0.559000  1.40 0.559000 9.999 0.559259000 0.32 0.559000 0.454 0.000000   1.217 0.000   1.703 0.000  10.751 0.000   5.152 0.000   5.599 0.559 0.045 0.559000  0.362 0.000000
360.25 361.25    7.22 0.559394  1.25 0.559394 9.999 0.559394259 0.27 0.559394 9.999 0.699000 999.999 0.999 999.999 0.999   5.027 0.000   0.656 0.000   4.371 0.559 0.031 0.559394 99.999 0.699000
363.25 364.25 9999.99 0.999000 99.99 0.999000 9.999 0.999000000 9.99 0.999000 9.999 0.999000 999.999 0.999 999.999 0.999 999.999 0.999 999.999 0.999 999.999 0.999 9.999 0.999000 99.999 0.999000
