scripts/IMPROVE-2019_partial/data/US9076R.20100102070000.20191216000000.filterpack...52w.3d.US03L_filterpack_US9076.US03L_IMPROVE_Davis.lev2.nas
52 1001
MISSING INFORMATION
US03L, IMPROVE, , , , , , , 
MISSING INFORMATION
IMPROVE sel_HTAP
1 1
2010 01 01 2019 12 16
3.000000
days from file reference point
5
1 1 1 1 1
999.999999 999.999 9.999 999.999 9.999
end_time of measurement, days from the file reference point
pm10_mass, ug/m3, Matrix=pm10
numflag pm10_mass, no unit, Matrix=pm10
pm25_mass, ug/m3, Matrix=pm25
numflag pm25_mass, no unit, Matrix=pm25
0
33
Data definition:              EBAS_1.1
Set type code:                TU
Timezone:                     UTC
File name:                    US9076R.20100102070000.20191216000000.filterpack...52w.3d.US03L_filterpack_US9076.US03L_IMPROVE_Davis.lev2.nas
File creation:                20191218121044
Startdate:                    20100102070000
Revision date:                20191216000000
Version:                      2
Version description:          "Data extracted from http://views.cira.colostate.edu/fed/DataWizard 2019-12-16"
Statistics:                   arithmetic mean
Data level:                   2
Period code:                  52w
Resolution code:              3d
Sample duration:              1d
Orig. time res.:              3d
Station code:                 US9076R
Platform code:                US9076S
Station name:                 Zion Canyon
Station latitude:             37.1983
Station longitude:            -113.1508
Station altitude:             1215.0 m
Regime:                       IMG
Component:                    
Unit:                         ug/m3
Matrix:                       
Laboratory code:              US03L
Instrument type:              filterpack
Instrument name:              filterpack_US9076
Method ref:                   US03L_IMPROVE_Davis
Blank correction:             Blank corrected
Volume std. temperature:      ambient
Volume std. pressure:         ambient
starttime endtime PM10 flag_PM10 PM2.5 flag_PM2.5
  1.291667   2.291667   1.996 0.000   1.454 0.000
  4.291667   5.291667   2.225 0.000   1.051 0.000
  7.291667   8.291667   3.648 0.000   1.451 0.000
 10.291667  11.291667   2.441 0.000   0.941 0.000
 13.291667  14.291667   3.340 0.000   1.165 0.000
 16.291667  17.291667   1.933 0.000   2.015 0.000
 19.291667  20.291667   1.184 0.000   0.353 0.000
 22.291667  23.291667   0.763 0.000   0.415 0.000
 25.291667  26.291667   1.893 0.000   1.168 0.000
 28.291667  29.291667   3.263 0.000   2.573 0.000
 31.291667  32.291667   1.866 0.000   1.298 0.000
 34.291667  35.291667   3.965 0.000   2.716 0.000
 37.291667  38.291667   0.591 0.000   0.255 0.000
 40.291667  41.291667   2.168 0.000   1.544 0.000
 43.291667  44.291667   1.762 0.000   1.500 0.000
 46.291667  47.291667   4.277 0.000   2.121 0.000
 49.291667  50.291667   6.026 0.000   2.776 0.000
 52.291667  53.291667   5.878 0.000   3.572 0.000
 55.291667  56.291667   1.790 0.000   1.209 0.000
 58.291667  59.291667   1.169 0.000   1.288 0.000
 61.291667  62.291667   4.690 0.000   2.230 0.000
 64.291667  65.291667   2.813 0.000   0.819 0.000
 67.291667  68.291667   0.799 0.000   0.883 0.000
 70.291667  71.291667   4.484 0.000   2.256 0.000
 73.291667  74.291667   3.822 0.000   2.778 0.000
 76.291667  77.291667 999.999 0.999 999.999 0.999
 79.291667  80.291667 999.999 0.999 999.999 0.999
 82.291667  83.291667   7.267 0.000   3.219 0.000
 85.291667  86.291667   5.089 0.000   1.937 0.000
 88.291667  89.291667  12.923 0.000   3.769 0.000
 91.291667  92.291667   3.480 0.000   1.107 0.000
 94.291667  95.291667   9.606 0.000   3.015 0.000
 97.291667  98.291667   9.416 0.000   1.543 0.000
100.291667 101.291667  13.177 0.000   2.561 0.000
103.291667 104.291667   7.646 0.000   3.528 0.000
106.291667 107.291667   9.714 0.000   3.968 0.000
109.291667 110.291667   9.932 0.000   3.675 0.000
112.291667 113.291667   2.868 0.000   1.675 0.000
115.291667 116.291667   7.501 0.000   4.036 0.000
118.291667 119.291667   2.619 0.000   1.024 0.000
121.291667 122.291667   5.286 0.000   1.304 0.000
124.291667 125.291667  11.251 0.000   3.466 0.000
127.291667 128.291667   7.368 0.000   3.546 0.000
130.291667 131.291667   5.810 0.000   2.161 0.000
133.291667 134.291667   3.646 0.000   1.810 0.000
136.291667 137.291667   8.620 0.000   3.506 0.000
139.291667 140.291667   8.185 0.000   3.175 0.000
142.291667 143.291667   9.922 0.000   3.256 0.000
145.291667 146.291667  10.330 0.000   3.919 0.000
148.291667 149.291667   6.028 0.000   1.867 0.000
151.291667 152.291667   9.816 0.000   3.576 0.000
154.291667 155.291667  12.964 0.000   5.107 0.000
157.291667 158.291667   9.915 0.000   3.971 0.000
160.291667 161.291667  18.266 0.000   5.043 0.000
163.291667 164.291667   3.177 0.000   1.733 0.000
166.291667 167.291667  26.090 0.000   4.764 0.000
169.291667 170.291667   8.482 0.000   3.565 0.000
172.291667 173.291667   8.457 0.000   3.321 0.000
175.291667 176.291667  13.370 0.000   5.169 0.000
178.291667 179.291667  10.026 0.000   3.559 0.000
181.291667 182.291667   8.973 0.000   4.224 0.000
184.291667 185.291667   9.532 0.000   3.177 0.000
187.291667 188.291667  10.718 0.000   4.714 0.000
190.291667 191.291667   8.433 0.000   3.805 0.000
193.291667 194.291667  15.392 0.000   3.897 0.000
196.291667 197.291667  19.456 0.000   5.062 0.000
199.291667 200.291667  15.216 0.000   5.499 0.000
202.291667 203.291667 999.999 0.999   5.491 0.000
205.291667 206.291667 999.999 0.999   3.468 0.000
208.291667 209.291667 999.999 0.999   3.293 0.000
211.291667 212.291667 999.999 0.999   3.079 0.000
214.291667 215.291667 999.999 0.999   4.337 0.000
217.291667 218.291667 999.999 0.999   2.000 0.000
220.291667 221.291667 999.999 0.999 999.999 0.999
223.291667 224.291667 999.999 0.999 999.999 0.999
226.291667 227.291667 999.999 0.999 999.999 0.999
229.291667 230.291667 999.999 0.999 999.999 0.999
232.291667 233.291667 999.999 0.999 999.999 0.999
235.291667 236.291667 999.999 0.999 999.999 0.999
238.291667 239.291667 999.999 0.999 999.999 0.999
241.291667 242.291667 999.999 0.999 999.999 0.999
244.291667 245.291667 999.999 0.999 999.999 0.999
247.291667 248.291667 999.999 0.999 999.999 0.999
250.291667 251.291667 999.999 0.999 999.999 0.999
253.291667 254.291667   5.894 0.000   2.026 0.000
256.291667 257.291667   6.014 0.000   2.145 0.000
259.291667 260.291667   8.586 0.000   2.429 0.000
262.291667 263.291667   4.598 0.000   2.069 0.000
265.291667 266.291667   9.285 0.000   3.353 0.000
268.291667 269.291667   7.196 0.000   2.754 0.000
271.291667 272.291667  23.028 0.000  11.291 0.000
274.291667 275.291667  20.920 0.000   4.152 0.000
277.291667 278.291667   3.040 0.000   1.972 0.000
280.291667 281.291667   5.462 0.000   2.704 0.000
283.291667 284.291667   3.994 0.000   2.283 0.000
286.291667 287.291667   7.536 0.000   3.401 0.659
289.291667 290.291667   8.278 0.000   2.816 0.659
292.291667 293.291667   3.704 0.000   1.831 0.659
295.291667 296.291667   3.870 0.000   2.535 0.659
298.291667 299.291667   1.365 0.000   0.852 0.659
301.291667 302.291667   6.175 0.000   1.631 0.000
304.291667 305.291667   3.952 0.000   1.485 0.000
307.291667 308.291667   5.423 0.000   1.521 0.000
310.291667 311.291667   8.504 0.000   2.655 0.000
313.291667 314.291667   2.606 0.000   1.183 0.000
316.291667 317.291667   3.706 0.000   1.804 0.000
319.291667 320.291667   5.990 0.000   2.473 0.000
322.291667 323.291667   5.730 0.000   2.020 0.000
325.291667 326.291667   6.835 0.000   1.236 0.000
328.291667 329.291667   2.309 0.000   1.159 0.000
331.291667 332.291667   2.477 0.000   0.949 0.000
334.291667 335.291667   2.385 0.000   1.608 0.000
337.291667 338.291667   3.597 0.000   1.708 0.000
340.291667 341.291667   1.281 0.000   0.933 0.000
343.291667 344.291667   3.691 0.000   2.144 0.000
346.291667 347.291667   2.080 0.000   1.143 0.000
349.291667 350.291667   2.566 0.000   1.702 0.000
352.291667 353.291667   1.171 0.000   0.878 0.000
355.291667 356.291667 999.999 0.999 999.999 0.999
358.291667 359.291667 999.999 0.999 999.999 0.999
361.291667 362.291667 999.999 0.999 999.999 0.999
364.291667 365.291667   1.881 0.000   0.921 0.000
