scripts/IMPROVE-2019_partial/data/US9038R.20110103070000.20191216000000.filterpack...1y.3d.US03L_filterpack_US9038.US03L_IMPROVE_Davis.lev2.nas
51 1001
MISSING INFORMATION
US03L, IMPROVE, , , , , , , 
MISSING INFORMATION
IMPROVE sel_HTAP
1 1
2011 01 01 2019 12 16
3.000000
days from file reference point
4
1 1 1 1
999.999999 999.999 999.999 9.999
end_time of measurement, days from the file reference point
pm10_mass, ug/m3, Matrix=pm10
pm25_mass, ug/m3, Matrix=pm25
numflag, no unit
0
33
Data definition:              EBAS_1.1
Set type code:                TU
Timezone:                     UTC
File name:                    US9038R.20110103070000.20191216000000.filterpack...1y.3d.US03L_filterpack_US9038.US03L_IMPROVE_Davis.lev2.nas
File creation:                20191218120757
Startdate:                    20110103070000
Revision date:                20191216000000
Version:                      2
Version description:          "Data extracted from http://views.cira.colostate.edu/fed/DataWizard 2019-12-16"
Statistics:                   arithmetic mean
Data level:                   2
Period code:                  1y
Resolution code:              3d
Sample duration:              1d
Orig. time res.:              3d
Station code:                 US9038R
Platform code:                US9038S
Station name:                 Saguaro NM
Station latitude:             32.1746
Station longitude:            -110.7371
Station altitude:             941.0 m
Regime:                       IMG
Component:                    
Unit:                         ug/m3
Matrix:                       
Laboratory code:              US03L
Instrument type:              filterpack
Instrument name:              filterpack_US9038
Method ref:                   US03L_IMPROVE_Davis
Blank correction:             Blank corrected
Volume std. temperature:      ambient
Volume std. pressure:         ambient
starttime endtime PM10 PM2.5 flag
  2.291667   3.291667   5.741   2.837 0.000
  5.291667   6.291667   9.444   3.423 0.000
  8.291667   9.291667   4.528   2.283 0.000
 11.291667  12.291667  12.209   3.978 0.000
 14.291667  15.291667   8.257   3.240 0.000
 17.291667  18.291667   9.430   3.373 0.000
 20.291667  21.291667   9.555   3.519 0.000
 23.291667  24.291667   8.255   2.297 0.000
 26.291667  27.291667   7.360   2.741 0.000
 29.291667  30.291667   9.986   3.194 0.000
 32.291667  33.291667  15.213   3.224 0.000
 35.291667  36.291667   8.408   3.192 0.000
 38.291667  39.291667  24.094   6.089 0.000
 41.291667  42.291667  15.337   4.423 0.000
 44.291667  45.291667 999.999 999.999 0.999
 47.291667  48.291667 999.999 999.999 0.999
 50.291667  51.291667   3.808   1.459 0.000
 53.291667  54.291667   8.837   2.584 0.000
 56.291667  57.291667 999.999 999.999 0.999
 59.291667  60.291667 999.999 999.999 0.999
 62.291667  63.291667 999.999 999.999 0.999
 65.291667  66.291667 999.999 999.999 0.999
 68.291667  69.291667 999.999 999.999 0.999
 71.291667  72.291667 999.999 999.999 0.999
 74.291667  75.291667 999.999 999.999 0.999
 77.291667  78.291667 999.999 999.999 0.999
 80.291667  81.291667 999.999 999.999 0.999
 83.291667  84.291667 999.999 999.999 0.999
 86.291667  87.291667 999.999 999.999 0.999
 89.291667  90.291667 999.999 999.999 0.999
 92.291667  93.291667 999.999 999.999 0.999
 95.291667  96.291667 999.999 999.999 0.999
 98.291667  99.291667   5.519   2.737 0.000
101.291667 102.291667   7.521   2.852 0.000
104.291667 105.291667  35.109  15.566 0.000
107.291667 108.291667  28.925  10.264 0.000
110.291667 111.291667 999.999 999.999 0.999
113.291667 114.291667  11.906   4.489 0.000
116.291667 117.291667   9.192   4.596 0.000
119.291667 120.291667  15.825   4.731 0.000
122.291667 123.291667  10.614   3.759 0.000
125.291667 126.291667  18.731   6.900 0.000
128.291667 129.291667  17.525   5.187 0.000
131.291667 132.291667  12.166   3.795 0.000
134.291667 135.291667   9.951   4.050 0.000
137.291667 138.291667  13.138   3.105 0.000
140.291667 141.291667  12.350   4.353 0.000
143.291667 144.291667  11.229   4.826 0.000
146.291667 147.291667  12.294   5.520 0.000
149.291667 150.291667  27.420   7.663 0.000
152.291667 153.291667  27.421   8.405 0.000
155.291667 156.291667  14.598   6.973 0.000
158.291667 159.291667  15.782   4.316 0.000
161.291667 162.291667  13.265   4.915 0.000
164.291667 165.291667   6.819   3.990 0.000
167.291667 168.291667  26.631   8.826 0.000
170.291667 171.291667  35.683   9.716 0.000
173.291667 174.291667  27.081   8.621 0.000
176.291667 177.291667  19.898   7.017 0.000
179.291667 180.291667  33.873  11.827 0.000
182.291667 183.291667  23.088   6.063 0.000
185.291667 186.291667  15.259   5.778 0.000
188.291667 189.291667  15.834   6.142 0.000
191.291667 192.291667  10.819   4.682 0.000
194.291667 195.291667  14.608   3.012 0.000
197.291667 198.291667  13.243   4.543 0.000
200.291667 201.291667  10.242   4.093 0.000
203.291667 204.291667   9.927   4.306 0.000
206.291667 207.291667   9.106   3.885 0.000
209.291667 210.291667   3.893   2.016 0.000
212.291667 213.291667   4.521   2.379 0.000
215.291667 216.291667  15.324   4.973 0.000
218.291667 219.291667  16.219   5.633 0.000
221.291667 222.291667  10.293   4.475 0.000
224.291667 225.291667   5.640   2.925 0.000
227.291667 228.291667   7.466   3.772 0.000
230.291667 231.291667 999.999 999.999 0.999
233.291667 234.291667 999.999 999.999 0.999
236.291667 237.291667   7.027   4.298 0.000
239.291667 240.291667  69.592  16.067 0.000
242.291667 243.291667  20.157   7.224 0.000
245.291667 246.291667  23.751   6.702 0.000
248.291667 249.291667  14.843   6.573 0.000
251.291667 252.291667  14.111   6.429 0.000
254.291667 255.291667 999.999 999.999 0.999
257.291667 258.291667   8.701   4.717 0.000
260.291667 261.291667   6.062   2.797 0.000
263.291667 264.291667   9.439   3.471 0.000
266.291667 267.291667  12.714   3.662 0.000
269.291667 270.291667 999.999 999.999 0.999
272.291667 273.291667 999.999 999.999 0.999
275.291667 276.291667 999.999 999.999 0.999
278.291667 279.291667 999.999 999.999 0.999
281.291667 282.291667   7.409   3.388 0.000
284.291667 285.291667 999.999 999.999 0.999
287.291667 288.291667  12.112   4.186 0.000
290.291667 291.291667  10.921   3.564 0.000
293.291667 294.291667  21.347   6.559 0.000
296.291667 297.291667  18.264   6.942 0.000
299.291667 300.291667  41.853   9.116 0.000
302.291667 303.291667  11.712   3.555 0.000
305.291667 306.291667 999.999 999.999 0.999
308.291667 309.291667   7.429   2.160 0.000
311.291667 312.291667   5.142   2.976 0.000
314.291667 315.291667   7.947   7.107 0.000
317.291667 318.291667 999.999 999.999 0.999
320.291667 321.291667 999.999 999.999 0.999
323.291667 324.291667 999.999 999.999 0.999
326.291667 327.291667   5.215   2.052 0.000
329.291667 330.291667   7.905   2.778 0.000
332.291667 333.291667  11.265   3.402 0.000
335.291667 336.291667  12.571   5.444 0.000
338.291667 339.291667   8.451   3.486 0.000
341.291667 342.291667 999.999 999.999 0.999
344.291667 345.291667   8.804   4.164 0.000
347.291667 348.291667 999.999 999.999 0.999
350.291667 351.291667   7.631   4.333 0.000
353.291667 354.291667   6.035   3.803 0.000
356.291667 357.291667   5.888   1.910 0.000
359.291667 360.291667   2.828   1.335 0.000
362.291667 363.291667   8.366   3.062 0.000
