scripts/IMPROVE-2019_partial/data/US9036R.20170101070000.20191216000000.filterpack...52w.3d.US03L_filterpack_US9036.US03L_IMPROVE_Davis.lev2.nas
52 1001
MISSING INFORMATION
US03L, IMPROVE, , , , , , , 
MISSING INFORMATION
IMPROVE sel_HTAP
1 1
2017 01 01 2019 12 16
3.000000
days from file reference point
5
1 1 1 1 1
999.999999 999.999 9.999 999.999 9.999
end_time of measurement, days from the file reference point
pm10_mass, ug/m3, Matrix=pm10
numflag pm10_mass, no unit, Matrix=pm10
pm25_mass, ug/m3, Matrix=pm25
numflag pm25_mass, no unit, Matrix=pm25
0
33
Data definition:              EBAS_1.1
Set type code:                TU
Timezone:                     UTC
File name:                    US9036R.20170101070000.20191216000000.filterpack...52w.3d.US03L_filterpack_US9036.US03L_IMPROVE_Davis.lev2.nas
File creation:                20191218120747
Startdate:                    20170101070000
Revision date:                20191216000000
Version:                      2
Version description:          "Data extracted from http://views.cira.colostate.edu/fed/DataWizard 2019-12-16"
Statistics:                   arithmetic mean
Data level:                   2
Period code:                  52w
Resolution code:              3d
Sample duration:              1d
Orig. time res.:              3d
Station code:                 US9036R
Platform code:                US9036S
Station name:                 Tonto NM
Station latitude:             33.6548
Station longitude:            -111.1068
Station altitude:             775.0 m
Regime:                       IMG
Component:                    
Unit:                         ug/m3
Matrix:                       
Laboratory code:              US03L
Instrument type:              filterpack
Instrument name:              filterpack_US9036
Method ref:                   US03L_IMPROVE_Davis
Blank correction:             Blank corrected
Volume std. temperature:      ambient
Volume std. pressure:         ambient
starttime endtime PM10 flag_PM10 PM2.5 flag_PM2.5
  0.291667   1.291667   2.372 0.000   1.086 0.000
  3.291667   4.291667   3.319 0.000   2.298 0.000
  6.291667   7.291667   2.414 0.000   1.269 0.000
  9.291667  10.291667   3.065 0.000   1.907 0.000
 12.291667  13.291667   4.433 0.000   3.010 0.000
 15.291667  16.291667   3.270 0.000   2.094 0.000
 18.291667  19.291667   5.697 0.000   3.907 0.000
 21.291667  22.291667   4.826 0.000   1.761 0.000
 24.291667  25.291667   1.465 0.000   0.884 0.000
 27.291667  28.291667   0.999 0.000   0.573 0.000
 30.291667  31.291667   3.585 0.000   1.853 0.000
 33.291667  34.291667   4.613 0.000   2.632 0.000
 36.291667  37.291667   4.930 0.000   2.083 0.000
 39.291667  40.291667   5.311 0.000   2.189 0.000
 42.291667  43.291667   7.699 0.000   3.307 0.000
 45.291667  46.291667   1.901 0.000   1.304 0.000
 48.291667  49.291667   9.543 0.000   3.723 0.000
 51.291667  52.291667   1.932 0.000   1.407 0.000
 54.291667  55.291667   5.694 0.000   1.619 0.000
 57.291667  58.291667   3.643 0.000   1.314 0.000
 60.291667  61.291667   0.745 0.000   0.756 0.000
 63.291667  64.291667   8.343 0.000   2.227 0.000
 66.291667  67.291667   5.641 0.000   2.269 0.000
 69.291667  70.291667   6.144 0.000   2.845 0.000
 72.291667  73.291667   5.390 0.000   2.325 0.000
 75.291667  76.291667   8.755 0.000   3.993 0.000
 78.291667  79.291667   8.953 0.000   4.163 0.000
 81.291667  82.291667   6.917 0.000   2.417 0.000
 84.291667  85.291667   6.442 0.000   2.711 0.000
 87.291667  88.291667   5.361 0.000   1.577 0.000
 90.291667  91.291667  12.243 0.000   5.909 0.000
 93.291667  94.291667   3.102 0.000   1.698 0.000
 96.291667  97.291667  10.038 0.000   3.269 0.000
 99.291667 100.291667  14.308 0.000   6.453 0.000
102.291667 103.291667  14.255 0.000   4.999 0.000
105.291667 106.291667  15.308 0.000   5.607 0.000
108.291667 109.291667  14.086 0.000   4.857 0.000
111.291667 112.291667  11.394 0.000   3.603 0.000
114.291667 115.291667  32.313 0.000   8.627 0.000
117.291667 118.291667  21.655 0.000   5.649 0.000
120.291667 121.291667   8.975 0.000   2.830 0.000
123.291667 124.291667  11.663 0.000   5.593 0.000
126.291667 127.291667  39.683 0.000   8.442 0.000
129.291667 130.291667   8.508 0.000   3.013 0.000
132.291667 133.291667  13.225 0.000   4.982 0.000
135.291667 136.291667  21.105 0.000   6.764 0.000
138.291667 139.291667 999.999 0.999 999.999 0.999
141.291667 142.291667 999.999 0.999 999.999 0.999
144.291667 145.291667   9.359 0.000   3.430 0.000
147.291667 148.291667   8.864 0.000   3.502 0.000
150.291667 151.291667  12.466 0.000   4.562 0.000
153.291667 154.291667  13.222 0.000   5.089 0.000
156.291667 157.291667  16.243 0.000   5.487 0.000
159.291667 160.291667  16.283 0.000   7.140 0.000
162.291667 163.291667  10.605 0.000   2.942 0.000
165.291667 166.291667  12.910 0.000   3.534 0.000
168.291667 169.291667  17.102 0.000   5.760 0.000
171.291667 172.291667  18.546 0.000   6.709 0.000
174.291667 175.291667  22.940 0.000   9.403 0.000
177.291667 178.291667  18.415 0.000   6.377 0.000
180.291667 181.291667  16.744 0.000   5.010 0.000
183.291667 184.291667  29.420 0.000   8.199 0.000
186.291667 187.291667 999.999 0.999 999.999 0.999
189.291667 190.291667  37.959 0.000   9.378 0.000
192.291667 193.291667  12.974 0.000   5.596 0.000
195.291667 196.291667  12.814 0.000   5.508 0.000
198.291667 199.291667   9.420 0.000   3.237 0.000
201.291667 202.291667   6.915 0.000   3.564 0.000
204.291667 205.291667   8.123 0.000   3.536 0.000
207.291667 208.291667   9.087 0.000   4.421 0.000
210.291667 211.291667   8.278 0.000   2.595 0.000
213.291667 214.291667   8.518 0.000   1.774 0.000
216.291667 217.291667   8.741 0.000   3.470 0.000
219.291667 220.291667   8.338 0.000   3.266 0.000
222.291667 223.291667   8.991 0.000   7.042 0.000
225.291667 226.291667   8.399 0.000   6.182 0.000
228.291667 229.291667   7.540 0.000   3.775 0.000
231.291667 232.291667 999.999 0.456   3.902 0.000
234.291667 235.291667   9.359 0.000   4.495 0.000
237.291667 238.291667   6.469 0.000   2.316 0.000
240.291667 241.291667   6.778 0.000   3.230 0.000
243.291667 244.291667  13.294 0.000   7.049 0.000
246.291667 247.291667  13.907 0.000   6.616 0.000
249.291667 250.291667  40.518 0.000  14.282 0.000
252.291667 253.291667  10.347 0.000   6.690 0.000
255.291667 256.291667  12.317 0.000   5.590 0.000
258.291667 259.291667   9.480 0.000   3.030 0.000
261.291667 262.291667  10.819 0.000   2.652 0.000
264.291667 265.291667  12.455 0.000   3.622 0.000
267.291667 268.291667   5.971 0.000   1.938 0.000
270.291667 271.291667  10.095 0.000   2.466 0.000
273.291667 274.291667  11.697 0.000   2.831 0.000
276.291667 277.291667  12.000 0.000   5.243 0.000
279.291667 280.291667   7.508 0.000   3.680 0.000
282.291667 283.291667   9.012 0.000   2.133 0.000
285.291667 286.291667  10.722 0.000   3.892 0.000
288.291667 289.291667  11.688 0.000   3.337 0.000
291.291667 292.291667  13.607 0.000   4.543 0.000
294.291667 295.291667  12.509 0.000   3.458 0.000
297.291667 298.291667  18.261 0.000   3.605 0.000
300.291667 301.291667  18.846 0.000   4.402 0.000
303.291667 304.291667  12.367 0.000   3.653 0.000
306.291667 307.291667  11.997 0.000   3.414 0.000
309.291667 310.291667   6.512 0.000   1.595 0.000
312.291667 313.291667  10.190 0.000   6.572 0.000
315.291667 316.291667   9.054 0.000   4.204 0.000
318.291667 319.291667  12.694 0.000   7.876 0.000
321.291667 322.291667   5.844 0.000   1.436 0.000
324.291667 325.291667   9.838 0.000   5.304 0.000
327.291667 328.291667   8.964 0.000   3.088 0.000
330.291667 331.291667  12.219 0.000   5.096 0.000
333.291667 334.291667  18.642 0.000   4.885 0.000
336.291667 337.291667  12.786 0.000   6.669 0.000
339.291667 340.291667   5.406 0.000   1.656 0.000
342.291667 343.291667   5.092 0.000   1.436 0.000
345.291667 346.291667   6.580 0.000   1.946 0.000
348.291667 349.291667  10.816 0.000   4.598 0.000
351.291667 352.291667   4.717 0.000   3.014 0.000
354.291667 355.291667  22.487 0.000   3.812 0.000
357.291667 358.291667   5.145 0.000   2.302 0.000
360.291667 361.291667 999.999 0.999 999.999 0.999
363.291667 364.291667   6.476 0.000   2.528 0.000
