scripts/IMPROVE-2019_partial/data/US9076R.20060102070000.20191216000000.filterpack..pm25.52w.1w.US03L_filterpack_US9076.US03L_IMPROVE_Davis.lev2.nas
66 1001
MISSING INFORMATION
US03L, IMPROVE, , , , , , , 
MISSING INFORMATION
IMPROVE sel_HTAP
1 1
2006 01 01 2019 12 16
3.000000
days from file reference point
27
1 1 1 1 1 1 1 1 1 1 1 1 1 1 1 1 1 1 1 1 1 1 1 1 1 1 1
999.999999 9999.99 9.999 99.99 9.999 9.999 9.999999 9.99 9.999999 9.999 9.999 99.999 9.999 99.999 9.999 999.99 9.999999 999.999 9.999 999.999 9.999 999.999 9.999 9.999 9.999 9.999 9.999
end_time of measurement, days from the file reference point
iron, ng/m3, Revision date=20181210133000
numflag iron, no unit, Revision date=20181210133000
lead, ng/m3, Revision date=20181210133000
numflag lead, no unit, Revision date=20181210133000
magnesium, ug/m3, Revision date=20181210133000
numflag magnesium, no unit, Revision date=20181210133000
nickel, ng/m3, Revision date=20181210133000
numflag nickel, no unit, Revision date=20181210133000
nitrate, ug N/m3, Revision date=20181210133000
numflag nitrate, no unit, Revision date=20181210133000
organic_carbon, ug C/m3, Revision date=20181210133000
numflag organic_carbon, no unit, Revision date=20181210133000
organic_mass, ug/m3, Revision date=20181210133000
numflag organic_mass, no unit, Revision date=20181210133000
phosphorus, ng/m3, Revision date=20181210133000
numflag phosphorus, no unit, Revision date=20181210133000
pm10_mass, ug/m3, Version=2, Version description=Data extracted from http://views.cira.colostate.edu/fed/DataWizard 2019-12-16, Sample duration=1d, Orig. time res.=3d, Matrix=pm10, Blank correction=Blank corrected, Volume std. temperature=ambient, Volume std. pressure=ambient
numflag pm10_mass, no unit, Version=2, Version description=Data extracted from http://views.cira.colostate.edu/fed/DataWizard 2019-12-16, Sample duration=1d, Orig. time res.=3d, Matrix=pm10, Blank correction=Blank corrected, Volume std. temperature=ambient, Volume std. pressure=ambient
pm10_pm25_mass, ug/m3, Revision date=20181210133000, Matrix=pm10_pm25
numflag pm10_pm25_mass, no unit, Revision date=20181210133000, Matrix=pm10_pm25
pm25_mass, ug/m3, Version=2, Version description=Data extracted from http://views.cira.colostate.edu/fed/DataWizard 2019-12-16, Sample duration=1d, Orig. time res.=3d, Blank correction=Blank corrected, Volume std. temperature=ambient, Volume std. pressure=ambient
numflag pm25_mass, no unit, Version=2, Version description=Data extracted from http://views.cira.colostate.edu/fed/DataWizard 2019-12-16, Sample duration=1d, Orig. time res.=3d, Blank correction=Blank corrected, Volume std. temperature=ambient, Volume std. pressure=ambient
potassium, ug/m3, Revision date=20181210133000
numflag potassium, no unit, Revision date=20181210133000
sulphate_total, ug S/m3, Revision date=20181210133000
numflag sulphate_total, no unit, Revision date=20181210133000
0
25
Data definition:              EBAS_1.1
Set type code:                TU
Timezone:                     UTC
File name:                    US9076R.20060102070000.20191216000000.filterpack..pm25.52w.1w.US03L_filterpack_US9076.US03L_IMPROVE_Davis.lev2.nas
File creation:                20191218121044
Startdate:                    20060102070000
Revision date:                20191216000000
Statistics:                   arithmetic mean
Data level:                   2
Period code:                  52w
Resolution code:              1w
Station code:                 US9076R
Platform code:                US9076S
Station name:                 Zion Canyon
Station latitude:             37.1983
Station longitude:            -113.1508
Station altitude:             1215.0 m
Regime:                       IMG
Component:                    
Matrix:                       pm25
Laboratory code:              US03L
Instrument type:              filterpack
Instrument name:              filterpack_US9076
Method ref:                   US03L_IMPROVE_Davis
starttime endtime Fe flag_Fe Pb flag_Pb Mg++ flag_Mg++ Ni flag_Ni NO3- flag_NO3- OC flag_OC OM flag_OM P flag_P PM10 flag_PM10 PM10-PM2.5 flag_PM10-PM2.5 PM2.5 flag_PM2.5 K+ flag_K+ SO4-- flag_SO4--
  1.291667   2.291667    8.51 0.000  1.72 0.000 0.007 0.000000 9.99 0.259000 0.016 0.559  0.415 0.000  0.581 0.000 999.99 0.259000   2.452 0.000   1.380 0.000   1.071 0.000 0.019 0.000 0.066 0.559
  4.291667   5.291667    7.76 0.000  0.71 0.000 9.999 0.259000 9.99 0.259000 0.007 0.559  0.401 0.000  0.562 0.000 999.99 0.259000   2.336 0.000   1.217 0.000   1.119 0.000 0.010 0.000 0.057 0.559
  7.291667   8.291667   18.88 0.000  0.86 0.000 0.009 0.000000 9.99 0.259000 0.020 0.000  0.337 0.000  0.472 0.000 999.99 0.259000   4.754 0.000   3.310 0.000   1.444 0.000 0.017 0.000 0.058 0.000
 10.291667  11.291667   47.79 0.000  0.42 0.000 0.023 0.000000 9.99 0.259000 0.060 0.000  1.121 0.000  1.570 0.000 999.99 0.259000  10.321 0.000   6.561 0.000   3.760 0.000 0.079 0.000 0.055 0.000
 13.291667  14.291667   48.61 0.000  0.86 0.000 0.026 0.000000 9.99 0.259000 0.028 0.000  0.469 0.000  0.657 0.000 999.99 0.259000   5.300 0.000   3.078 0.000   2.223 0.000 0.036 0.000 0.072 0.000
 16.291667  17.291667   11.50 0.000  0.21 0.000 0.008 0.000000 9.99 0.259000 0.018 0.000  0.308 0.000  0.431 0.000 999.99 0.259000   3.094 0.000   1.844 0.000   1.250 0.000 0.013 0.000 0.055 0.000
 19.291667  20.291667    8.04 0.000  0.22 0.000 0.008 0.000000 9.99 0.259000 0.010 0.000  0.184 0.000  0.258 0.000 999.99 0.259000   2.302 0.000   1.487 0.000   0.815 0.000 0.015 0.000 0.026 0.000
 22.291667  23.291667    7.77 0.000  1.20 0.000 9.999 0.259000 9.99 0.259000 0.075 0.000  0.199 0.000  0.279 0.000 999.99 0.259000   2.099 0.000   0.753 0.000   1.345 0.000 0.010 0.000 0.102 0.000
 25.291667  26.291667   26.90 0.000  0.87 0.000 0.011 0.000000 9.99 0.259000 0.047 0.559  0.608 0.000  0.851 0.000 999.99 0.259000   5.117 0.000   2.559 0.000   2.558 0.000 0.031 0.000 0.199 0.559
 28.291667  29.291667   12.95 0.000  1.08 0.000 9.999 0.259000 9.99 0.259000 0.056 0.559  0.555 0.000  0.777 0.000 999.99 0.259000   2.965 0.000   1.416 0.000   1.550 0.000 0.016 0.000 0.090 0.559
 31.291667  32.291667   10.22 0.000  0.30 0.000 9.999 0.259000 9.99 0.259000 0.011 0.559  0.302 0.000  0.423 0.000 999.99 0.259000   3.574 0.000   2.619 0.000   0.955 0.000 0.007 0.000 0.021 0.559
 34.291667  35.291667   24.26 0.000  2.00 0.000 9.999 0.259000 9.99 0.259000 0.014 0.559  0.428 0.000  0.600 0.000 999.99 0.259000   4.601 0.000   1.950 0.000   2.651 0.000 0.034 0.000 0.252 0.559
 37.291667  38.291667   14.70 0.000  0.36 0.000 9.999 0.259000 9.99 0.259000 0.015 0.559  0.281 0.000  0.394 0.000 999.99 0.259000   3.877 0.000   2.839 0.000   1.038 0.000 0.022 0.000 0.054 0.559
 40.291667  41.291667   19.18 0.000  0.78 0.000 9.999 0.259000 9.99 0.259000 0.158 0.559 99.999 0.456 99.999 0.456 999.99 0.259000 999.999 0.456 999.999 0.999   1.986 0.000 0.016 0.000 0.121 0.559
 43.291667  44.291667   22.65 0.000  0.60 0.000 0.011 0.000000 9.99 0.259000 0.047 0.559 99.999 0.456 99.999 0.456 999.99 0.259000 999.999 0.456 999.999 0.999   1.474 0.000 0.019 0.000 0.083 0.559
 46.291667  47.291667   11.11 0.000  0.22 0.000 9.999 0.259000 9.99 0.259000 0.018 0.559  0.241 0.000  0.337 0.000 999.99 0.259000   2.882 0.000   1.859 0.000   1.023 0.000 0.009 0.000 0.110 0.559
 49.291667  50.291667    6.79 0.000  0.29 0.000 9.999 0.259000 9.99 0.259000 0.080 0.000  0.284 0.000  0.398 0.000 999.99 0.259000   2.041 0.000   1.072 0.000   0.969 0.000 0.007 0.000 0.073 0.000
 52.291667  53.291667   19.13 0.000  0.97 0.000 9.999 0.259000 9.99 0.259000 0.044 0.559  0.328 0.000  0.459 0.000 999.99 0.259000   4.936 0.000   3.329 0.000   1.607 0.000 0.017 0.000 0.137 0.559
 55.291667  56.291667   25.30 0.000  0.91 0.000 0.013 0.000000 9.99 0.259000 0.014 0.559  0.359 0.000  0.502 0.000 999.99 0.259000   4.470 0.000   2.807 0.000   1.663 0.000 0.027 0.000 0.113 0.559
 58.291667  59.291667   16.03 0.000  0.69 0.000 9.999 0.259000 9.99 0.259000 0.024 0.000  0.677 0.000  0.948 0.000 999.99 0.259000   3.041 0.000   1.423 0.000   1.617 0.000 0.021 0.000 0.111 0.000
 61.291667  62.291667   33.34 0.000  0.68 0.000 9.999 0.259000 0.14 0.000000 0.039 0.559  0.310 0.000  0.434 0.000 999.99 0.259000   5.671 0.000   3.815 0.000   1.856 0.000 0.023 0.000 0.101 0.559
 64.291667  65.291667   35.68 0.000  1.26 0.000 0.010 0.000000 9.99 0.259000 0.020 0.000  0.320 0.000  0.448 0.000 999.99 0.259000   4.070 0.000   2.221 0.000   1.849 0.000 0.027 0.000 0.140 0.000
 67.291667  68.291667   30.07 0.000  0.24 0.000 9.999 0.259000 9.99 0.259000 0.032 0.559  0.241 0.000  0.338 0.000 999.99 0.259000   5.546 0.000   4.051 0.000   1.496 0.000 0.020 0.000 0.066 0.559
 70.291667  71.291667    2.93 0.000 99.99 0.259 9.999 0.259000 9.99 0.259000 0.032 0.559  0.270 0.000  0.379 0.000 999.99 0.259000   0.874 0.000   0.083 0.000   0.791 0.000 0.004 0.000 0.080 0.559
 73.291667  74.291667   23.46 0.000  0.48 0.000 9.999 0.259000 0.07 0.000000 0.021 0.559  0.288 0.000  0.404 0.000 999.99 0.259000   2.810 0.000   1.567 0.000   1.243 0.000 0.016 0.000 0.080 0.559
 76.291667  77.291667   34.89 0.000  1.30 0.000 9.999 0.259000 9.99 0.259000 0.060 0.559  0.429 0.000  0.600 0.000 999.99 0.259000   3.935 0.000   1.674 0.000   2.261 0.000 0.027 0.000 0.194 0.559
 79.291667  80.291667   19.29 0.000  0.57 0.000 9.999 0.259000 9.99 0.259000 0.076 0.559  0.436 0.000  0.610 0.000 999.99 0.259000   3.287 0.000   1.468 0.000   1.818 0.000 0.016 0.000 0.136 0.559
 82.291667  83.291667   56.94 0.000  0.72 0.000 0.013 0.000000 9.99 0.259000 0.030 0.559  0.496 0.000  0.694 0.000 999.99 0.259000   5.065 0.000   1.983 0.000   3.082 0.000 0.032 0.000 0.208 0.559
 85.291667  86.291667   86.90 0.000  0.58 0.000 0.050 0.000000 0.07 0.000000 0.048 0.559  0.290 0.000  0.405 0.000 999.99 0.259000   8.551 0.000   5.090 0.000   3.461 0.000 0.066 0.000 0.112 0.559
 88.291667  89.291667   14.01 0.000  0.40 0.000 0.006 0.000000 0.07 0.000000 0.012 0.559  0.268 0.000  0.376 0.000 999.99 0.259000   1.539 0.000   0.658 0.000   0.881 0.000 0.010 0.000 0.074 0.559
 91.291667  92.291667   28.66 0.000  0.60 0.000 0.012 0.000000 9.99 0.259000 0.022 0.559  0.201 0.000  0.282 0.000 999.99 0.259000   3.089 0.000   1.119 0.000   1.970 0.000 0.021 0.000 0.199 0.559
 94.291667  95.291667   19.04 0.000  0.32 0.000 9.999 0.259000 9.99 0.259000 0.013 0.000  0.162 0.000  0.226 0.000 999.99 0.259000   2.358 0.000   1.222 0.000   1.136 0.000 0.014 0.000 0.088 0.000
 97.291667  98.291667   26.81 0.000  0.48 0.000 0.014 0.000000 9.99 0.259000 0.029 0.559  0.279 0.000  0.390 0.000 999.99 0.259000   4.357 0.000   2.461 0.000   1.897 0.000 0.021 0.000 0.135 0.559
100.291667 101.291667   38.19 0.000  0.62 0.000 0.018 0.000000 0.10 0.000000 0.043 0.559  0.191 0.000  0.267 0.000 999.99 0.259000   5.999 0.000   3.896 0.000   2.103 0.000 0.026 0.000 0.185 0.559
103.291667 104.291667   32.51 0.000  0.26 0.000 0.016 0.000000 9.99 0.259000 0.015 0.559  0.483 0.000  0.676 0.000 999.99 0.259000   5.739 0.000   3.167 0.000   2.573 0.000 0.034 0.000 0.252 0.559
106.291667 107.291667   80.75 0.000  1.70 0.000 0.034 0.000000 9.99 0.259000 0.021 0.000  0.132 0.000  0.185 0.000 999.99 0.259000   7.136 0.000   3.489 0.000   3.647 0.000 0.057 0.000 0.323 0.000
109.291667 110.291667  122.94 0.000  0.51 0.000 0.084 0.000000 0.06 0.000000 0.029 0.559  0.366 0.000  0.513 0.000 999.99 0.259000   8.127 0.000   4.004 0.000   4.123 0.000 0.069 0.000 0.131 0.559
112.291667 113.291667  199.48 0.000  1.77 0.000 0.109 0.000000 0.11 0.000000 0.067 0.559  0.463 0.000  0.648 0.000 999.99 0.259000  12.296 0.000   5.777 0.000   6.519 0.000 0.120 0.000 0.321 0.559
115.291667 116.291667  114.10 0.000  1.53 0.000 0.046 0.000000 9.99 0.259000 0.085 0.559  0.551 0.000  0.771 0.000 999.99 0.259000   9.831 0.000   4.289 0.000   5.542 0.000 0.115 0.000 0.344 0.559
118.291667 119.291667  227.81 0.699  1.39 0.699 0.198 0.699000 9.99 0.699259 0.053 0.559  1.940 0.000  2.717 0.000 999.99 0.699259  20.943 0.000   9.413 0.699  11.530 0.659 0.157 0.699 0.303 0.559
121.291667 122.291667 9999.99 0.999 99.99 0.999 9.999 0.999000 9.99 0.999000 9.999 0.999 99.999 0.999 99.999 0.999 999.99 0.999000 999.999 0.999 999.999 0.999 999.999 0.999 9.999 0.999 9.999 0.999
124.291667 125.291667   75.79 0.000  1.17 0.000 0.030 0.000000 9.99 0.259000 0.037 0.559  0.364 0.000  0.509 0.000 999.99 0.259000   8.757 0.000   4.497 0.000   4.261 0.000 0.050 0.000 0.311 0.559
127.291667 128.291667  109.29 0.000  1.40 0.000 0.027 0.000000 0.12 0.000000 0.060 0.559  0.848 0.000  1.187 0.000 999.99 0.259000  12.243 0.000   5.984 0.000   6.259 0.000 0.068 0.000 0.424 0.559
130.291667 131.291667  117.42 0.000  1.50 0.000 0.054 0.000000 9.99 0.259000 0.043 0.559  0.818 0.000  1.145 0.000 999.99 0.259000  10.842 0.000   5.514 0.000   5.328 0.000 0.077 0.000 0.300 0.559
133.291667 134.291667  118.31 0.699  1.29 0.699 0.019 0.699000 0.15 0.699000 0.055 0.559  1.154 0.000  1.615 0.000 999.99 0.699259  12.662 0.000   5.848 0.699   6.814 0.659 0.076 0.699 0.459 0.559
136.291667 137.291667   52.01 0.000  0.50 0.000 9.999 0.259000 9.99 0.259000 0.017 0.559  0.673 0.000  0.942 0.000 999.99 0.259000   8.840 0.000   5.444 0.000   3.396 0.000 0.034 0.000 0.205 0.559
139.291667 140.291667   70.70 0.000  0.81 0.000 0.025 0.000000 0.14 0.000000 0.032 0.559  0.540 0.000  0.756 0.000 999.99 0.259000   9.276 0.000   5.051 0.000   4.225 0.000 0.058 0.000 0.314 0.559
142.291667 143.291667   39.24 0.000  0.52 0.000 0.010 0.000000 0.07 0.000000 0.024 0.559  0.386 0.000  0.541 0.000 999.99 0.259000   7.493 0.000   4.884 0.000   2.609 0.000 0.026 0.000 0.174 0.559
145.291667 146.291667   68.63 0.000  0.62 0.000 0.016 0.000000 0.10 0.000000 0.039 0.559  0.734 0.000  1.027 0.000 999.99 0.259000  12.404 0.000   8.637 0.000   3.768 0.000 0.048 0.000 0.169 0.559
148.291667 149.291667   34.08 0.000  0.42 0.000 9.999 0.259000 9.99 0.259000 0.008 0.559  0.352 0.000  0.493 0.000 999.99 0.259000   3.625 0.000   1.640 0.000   1.986 0.000 0.026 0.000 0.113 0.559
151.291667 152.291667   62.21 0.000  0.74 0.000 0.033 0.000000 9.99 0.259000 0.019 0.559  0.552 0.000  0.773 0.000 999.99 0.259000  10.936 0.000   7.369 0.000   3.566 0.000 0.042 0.000 0.194 0.559
154.291667 155.291667   55.77 0.000  0.73 0.000 0.020 0.000000 0.08 0.000000 0.024 0.559  0.802 0.000  1.123 0.000 999.99 0.259000   7.218 0.000   2.714 0.000   4.504 0.000 0.046 0.000 0.300 0.559
157.291667 158.291667   87.53 0.000  0.64 0.000 0.043 0.000000 9.99 0.259000 0.033 0.559  0.953 0.000  1.334 0.000 999.99 0.259000  14.262 0.000   8.413 0.000   5.849 0.000 0.084 0.000 0.337 0.559
160.291667 161.291667   93.87 0.699  0.87 0.699 0.049 0.699000 0.18 0.699000 0.092 0.559  1.468 0.000  2.055 0.000 999.99 0.699259  11.340 0.000   3.636 0.699   7.705 0.659 0.165 0.699 0.390 0.559
163.291667 164.291667   51.58 0.000  0.60 0.000 0.026 0.000000 0.17 0.000000 0.026 0.559  0.434 0.000  0.608 0.000 999.99 0.259000   9.651 0.000   5.048 0.000   4.603 0.000 0.055 0.000 0.518 0.559
166.291667 167.291667   27.53 0.000  0.42 0.000 0.019 0.000000 9.99 0.259000 0.011 0.559  0.324 0.000  0.453 0.000 999.99 0.259000   4.848 0.000   2.619 0.000   2.230 0.000 0.027 0.000 0.141 0.559
169.291667 170.291667   50.50 0.000  0.80 0.000 0.025 0.000000 0.11 0.000000 0.040 0.559  0.781 0.000  1.093 0.000 999.99 0.259000   8.203 0.000   3.732 0.000   4.470 0.000 0.058 0.000 0.349 0.559
172.291667 173.291667   88.00 0.000  0.77 0.000 0.043 0.000000 9.99 0.259000 0.039 0.559  1.146 0.000  1.605 0.000 999.99 0.259000  12.386 0.000   6.789 0.000   5.597 0.000 0.086 0.000 0.302 0.559
175.291667 176.291667   42.58 0.000  0.95 0.000 0.020 0.000000 9.99 0.259000 0.040 0.000  6.802 0.000  9.523 0.000 999.99 0.259000  22.126 0.000   9.204 0.000  12.923 0.000 0.220 0.000 0.206 0.000
178.291667 179.291667 9999.99 0.999 99.99 0.999 9.999 0.999000 9.99 0.999000 9.999 0.999 99.999 0.999 99.999 0.999 999.99 0.999000 999.999 0.999 999.999 0.999 999.999 0.999 9.999 0.999 9.999 0.999
181.291667 182.291667 9999.99 0.999 99.99 0.999 9.999 0.999000 9.99 0.999000 9.999 0.999 99.999 0.999 99.999 0.999 999.99 0.999000 999.999 0.999 999.999 0.999 999.999 0.999 9.999 0.999 9.999 0.999
184.291667 185.291667 9999.99 0.999 99.99 0.999 9.999 0.999000 9.99 0.999000 9.999 0.999 99.999 0.999 99.999 0.999 999.99 0.999000 999.999 0.999 999.999 0.999 999.999 0.999 9.999 0.999 9.999 0.999
187.291667 188.291667   38.41 0.000  0.43 0.000 0.013 0.000000 0.06 0.000000 0.028 0.559  0.620 0.000  1.117 0.000 999.99 0.259000  12.307 0.000   8.342 0.000   3.966 0.000 0.058 0.000 0.258 0.559
190.291667 191.291667   20.88 0.000  0.54 0.000 9.999 0.259000 9.99 0.259000 0.023 0.000  0.794 0.000  1.429 0.000 999.99 0.259000   8.023 0.000   4.759 0.000   3.264 0.000 0.050 0.000 0.226 0.000
193.291667 194.291667   39.67 0.699  0.65 0.699 0.016 0.699000 9.99 0.699259 0.073 0.559  4.428 0.000  7.971 0.000  17.79 0.699000  14.601 0.000   4.897 0.699   9.705 0.659 0.142 0.699 0.202 0.559
196.291667 197.291667   79.19 0.699  0.73 0.699 0.026 0.699000 9.99 0.699259 0.034 0.559  2.861 0.000  5.149 0.000 999.99 0.699259  16.980 0.000   8.455 0.699   8.525 0.659 0.121 0.699 0.329 0.559
199.291667 200.291667   52.61 0.000  0.59 0.000 9.999 0.259000 9.99 0.259000 0.040 0.559  1.611 0.000  2.900 0.000 999.99 0.259000  14.027 0.000   8.024 0.000   6.003 0.000 0.086 0.000 0.333 0.559
202.291667 203.291667 9999.99 0.456 99.99 0.456 9.999 0.456000 9.99 0.456000 0.009 0.559  1.071 0.000  1.928 0.000 999.99 0.456000   7.486 0.000 999.999 0.456 999.999 0.456 9.999 0.456 0.204 0.559
205.291667 206.291667   44.67 0.000  0.58 0.000 0.024 0.000000 9.99 0.259000 0.018 0.559  2.605 0.000  4.690 0.000 999.99 0.259000  17.278 0.000   9.343 0.000   7.936 0.000 0.146 0.000 0.198 0.559
208.291667 209.291667  104.65 0.699  0.97 0.699 0.045 0.699000 0.21 0.699000 0.139 0.559  2.573 0.000  4.632 0.000 999.99 0.699259  32.296 0.000  22.124 0.699  10.172 0.659 0.173 0.699 0.591 0.559
211.291667 212.291667   41.99 0.000  0.75 0.000 9.999 0.259000 9.99 0.259000 0.031 0.559  0.996 0.000  1.793 0.000 999.99 0.259000   9.854 0.000   3.849 0.000   6.005 0.000 0.047 0.000 0.553 0.559
214.291667 215.291667   27.26 0.000  0.36 0.000 0.013 0.000000 0.09 0.000000 0.029 0.559  0.216 0.000  0.389 0.000 999.99 0.259000   7.549 0.000   4.815 0.000   2.733 0.000 0.032 0.000 0.250 0.559
217.291667 218.291667   30.14 0.000  0.49 0.000 0.008 0.000000 0.12 0.000000 0.025 0.559  0.294 0.000  0.530 0.000 999.99 0.259000   5.809 0.000   3.126 0.000   2.683 0.000 0.030 0.000 0.211 0.559
220.291667 221.291667   28.51 0.000  0.96 0.000 9.999 0.259000 0.13 0.000000 0.026 0.559  0.250 0.000  0.449 0.000 999.99 0.259000   7.596 0.000   4.309 0.000   3.287 0.000 0.028 0.000 0.366 0.559
223.291667 224.291667   28.93 0.000  0.62 0.000 9.999 0.259000 0.17 0.000000 0.031 0.559  0.451 0.000  0.812 0.000 999.99 0.259000   6.933 0.000   3.480 0.000   3.452 0.000 0.042 0.000 0.297 0.559
226.291667 227.291667   33.20 0.000  0.42 0.000 0.012 0.000000 0.16 0.000000 0.064 0.559  0.314 0.000  0.565 0.000 999.99 0.259000  10.326 0.000   7.260 0.000   3.066 0.000 0.037 0.000 0.291 0.559
229.291667 230.291667   49.14 0.000  0.42 0.000 0.018 0.000000 0.13 0.000000 0.034 0.000  0.308 0.000  0.554 0.000 999.99 0.259000  12.733 0.000   9.480 0.000   3.252 0.000 0.042 0.000 0.173 0.000
232.291667 233.291667   39.03 0.000  0.63 0.000 0.014 0.000000 0.09 0.000000 0.025 0.000  0.299 0.000  0.538 0.000 999.99 0.259000   9.582 0.000   5.696 0.000   3.886 0.000 0.034 0.000 0.371 0.000
235.291667 236.291667  103.18 0.000  0.84 0.000 0.041 0.000000 0.20 0.000000 0.033 0.000  0.644 0.000  1.159 0.000 999.99 0.259000  18.585 0.000  12.558 0.000   6.027 0.000 0.077 0.000 0.481 0.000
238.291667 239.291667   54.26 0.699  0.33 0.699 9.999 0.699259 9.99 0.699259 0.020 0.000  2.563 0.000  4.613 0.000 999.99 0.699259  11.362 0.000   4.357 0.699   7.005 0.000 0.059 0.699 0.137 0.000
241.291667 242.291667   62.70 0.000  1.00 0.000 0.022 0.000000 0.11 0.000000 0.062 0.000  0.905 0.000  1.628 0.000 999.99 0.259000  17.804 0.000  12.616 0.000   5.188 0.000 0.077 0.000 0.351 0.000
