scripts/IMPROVE-2019_partial/data/US9047R.20100102070000.20191216000000.filterpack...52w.3d.US03L_filterpack_US9047.US03L_IMPROVE_Davis.lev2.nas
52 1001
MISSING INFORMATION
US03L, IMPROVE, , , , , , , 
MISSING INFORMATION
IMPROVE sel_HTAP
1 1
2010 01 01 2019 12 16
3.000000
days from file reference point
5
1 1 1 1 1
999.999999 9999.999 9.999 999.999 9.999
end_time of measurement, days from the file reference point
pm10_mass, ug/m3, Matrix=pm10
numflag pm10_mass, no unit, Matrix=pm10
pm25_mass, ug/m3, Matrix=pm25
numflag pm25_mass, no unit, Matrix=pm25
0
33
Data definition:              EBAS_1.1
Set type code:                TU
Timezone:                     UTC
File name:                    US9047R.20100102070000.20191216000000.filterpack...52w.3d.US03L_filterpack_US9047.US03L_IMPROVE_Davis.lev2.nas
File creation:                20191218120838
Startdate:                    20100102070000
Revision date:                20191216000000
Version:                      2
Version description:          "Data extracted from http://views.cira.colostate.edu/fed/DataWizard 2019-12-16"
Statistics:                   arithmetic mean
Data level:                   2
Period code:                  52w
Resolution code:              3d
Sample duration:              1d
Orig. time res.:              3d
Station code:                 US9047R
Platform code:                US9047S
Station name:                 Shamrock Mine
Station latitude:             37.3038
Station longitude:            -107.4842
Station altitude:             2351.0 m
Regime:                       IMG
Component:                    
Unit:                         ug/m3
Matrix:                       
Laboratory code:              US03L
Instrument type:              filterpack
Instrument name:              filterpack_US9047
Method ref:                   US03L_IMPROVE_Davis
Blank correction:             Blank corrected
Volume std. temperature:      ambient
Volume std. pressure:         ambient
starttime endtime PM10 flag_PM10 PM2.5 flag_PM2.5
  1.291667   2.291667 9999.999 0.999 999.999 0.999
  4.291667   5.291667 9999.999 0.999 999.999 0.999
  7.291667   8.291667    3.958 0.000   3.123 0.000
 10.291667  11.291667    0.594 0.000   0.519 0.000
 13.291667  14.291667    2.499 0.000   1.383 0.000
 16.291667  17.291667    3.252 0.000   1.675 0.000
 19.291667  20.291667    1.060 0.000   0.661 0.000
 22.291667  23.291667    0.976 0.000   0.471 0.000
 25.291667  26.291667    0.636 0.000   0.654 0.000
 28.291667  29.291667    2.019 0.000   2.212 0.000
 31.291667  32.291667    2.334 0.000   1.915 0.000
 34.291667  35.291667    2.617 0.000   2.430 0.000
 37.291667  38.291667    1.565 0.000   1.439 0.000
 40.291667  41.291667    2.289 0.000   1.882 0.000
 43.291667  44.291667    1.943 0.000   1.236 0.000
 46.291667  47.291667    2.250 0.000   1.523 0.000
 49.291667  50.291667    3.679 0.000   2.059 0.000
 52.291667  53.291667    2.035 0.000   1.178 0.000
 55.291667  56.291667    3.207 0.000   1.987 0.000
 58.291667  59.291667    1.901 0.000   1.389 0.000
 61.291667  62.291667    2.954 0.000   2.268 0.000
 64.291667  65.291667    1.641 0.000   1.266 0.000
 67.291667  68.291667    1.312 0.000   1.202 0.000
 70.291667  71.291667    3.506 0.000   2.196 0.000
 73.291667  74.291667    2.008 0.000   1.470 0.000
 76.291667  77.291667    4.127 0.000   2.594 0.000
 79.291667  80.291667    7.195 0.000   4.089 0.000
 82.291667  83.291667    3.737 0.000   1.727 0.000
 85.291667  86.291667    2.346 0.000   1.408 0.000
 88.291667  89.291667   11.426 0.000   4.459 0.000
 91.291667  92.291667    1.520 0.000   0.935 0.000
 94.291667  95.291667   92.879 0.000  31.603 0.000
 97.291667  98.291667    5.458 0.000   4.057 0.000
100.291667 101.291667    5.941 0.000   3.017 0.000
103.291667 104.291667    6.663 0.000   3.215 0.000
106.291667 107.291667    2.894 0.000   2.745 0.000
109.291667 110.291667    8.679 0.000   4.476 0.000
112.291667 113.291667    3.264 0.000   2.483 0.000
115.291667 116.291667    7.112 0.000 999.999 0.456
118.291667 119.291667  103.718 0.000  21.692 0.000
121.291667 122.291667    2.638 0.000   1.447 0.000
124.291667 125.291667   17.258 0.000   7.868 0.000
127.291667 128.291667   11.958 0.000   3.777 0.000
130.291667 131.291667   72.901 0.000  23.972 0.000
133.291667 134.291667   11.581 0.000   3.615 0.000
136.291667 137.291667    7.161 0.000   3.014 0.000
139.291667 140.291667    6.646 0.000   5.577 0.000
142.291667 143.291667   32.846 0.000  13.501 0.000
145.291667 146.291667    7.372 0.000   4.080 0.000
148.291667 149.291667   11.104 0.000   3.784 0.000
151.291667 152.291667   12.399 0.000   4.281 0.000
154.291667 155.291667   10.694 0.000   4.110 0.000
157.291667 158.291667   10.001 0.000   4.644 0.000
160.291667 161.291667   25.414 0.000   8.521 0.000
163.291667 164.291667   12.985 0.000   4.268 0.000
166.291667 167.291667   17.614 0.000   6.352 0.000
169.291667 170.291667   11.602 0.000   3.707 0.000
172.291667 173.291667   14.216 0.000   5.384 0.000
175.291667 176.291667   14.920 0.000   5.900 0.000
178.291667 179.291667    6.521 0.000   3.266 0.000
181.291667 182.291667   10.926 0.000   4.429 0.000
184.291667 185.291667   12.820 0.000   4.541 0.000
187.291667 188.291667    9.613 0.000   4.405 0.000
190.291667 191.291667    8.018 0.000   3.217 0.000
193.291667 194.291667   10.953 0.000   4.026 0.000
196.291667 197.291667   10.195 0.000   4.476 0.000
199.291667 200.291667    8.906 0.000   4.536 0.000
202.291667 203.291667    7.626 0.000   4.504 0.000
205.291667 206.291667    5.348 0.000   2.494 0.000
208.291667 209.291667    5.012 0.000   2.716 0.000
211.291667 212.291667 9999.999 0.999 999.999 0.999
214.291667 215.291667 9999.999 0.999 999.999 0.999
217.291667 218.291667    6.603 0.000   2.491 0.000
220.291667 221.291667    8.460 0.000   2.262 0.000
223.291667 224.291667    8.081 0.000   2.651 0.000
226.291667 227.291667    9.790 0.000   3.521 0.000
229.291667 230.291667    8.270 0.000 999.999 0.456
232.291667 233.291667   10.599 0.000   3.014 0.000
235.291667 236.291667    8.012 0.000   3.117 0.000
238.291667 239.291667    9.018 0.000   2.850 0.000
241.291667 242.291667    5.626 0.000   2.889 0.000
244.291667 245.291667   10.738 0.000   3.208 0.000
247.291667 248.291667   15.313 0.000   5.078 0.000
250.291667 251.291667    3.472 0.000   2.916 0.000
253.291667 254.291667    8.030 0.000   2.284 0.000
256.291667 257.291667   12.146 0.000   4.201 0.000
259.291667 260.291667   13.044 0.000   5.245 0.000
262.291667 263.291667    9.719 0.000   3.276 0.000
265.291667 266.291667    9.582 0.000 999.999 0.456
268.291667 269.291667   11.493 0.000   4.301 0.000
271.291667 272.291667   10.768 0.000   4.565 0.000
274.291667 275.291667   10.759 0.000   4.521 0.000
277.291667 278.291667    3.467 0.000   2.237 0.000
280.291667 281.291667    3.837 0.000   2.489 0.000
283.291667 284.291667    6.494 0.000   2.488 0.000
286.291667 287.291667   12.295 0.000   5.175 0.000
289.291667 290.291667   19.018 0.000   6.163 0.000
292.291667 293.291667    7.232 0.000   3.228 0.000
295.291667 296.291667    2.049 0.000   1.588 0.000
298.291667 299.291667    2.117 0.000   0.859 0.000
301.291667 302.291667    6.489 0.000   2.061 0.000
304.291667 305.291667    6.824 0.000   1.420 0.000
307.291667 308.291667    9.986 0.000   2.898 0.000
310.291667 311.291667   21.010 0.000   4.164 0.000
313.291667 314.291667    2.120 0.000   1.624 0.000
316.291667 317.291667    3.514 0.000   2.164 0.000
319.291667 320.291667    3.855 0.000   1.010 0.000
322.291667 323.291667    9.191 0.000   3.121 0.000
325.291667 326.291667    2.209 0.000   0.922 0.000
328.291667 329.291667    1.670 0.000   0.994 0.000
331.291667 332.291667    3.568 0.000   1.364 0.000
334.291667 335.291667    2.643 0.000   1.902 0.000
337.291667 338.291667    1.420 0.000   0.869 0.000
340.291667 341.291667    1.432 0.000   0.847 0.000
343.291667 344.291667    2.213 0.000   1.328 0.000
346.291667 347.291667    2.286 0.000   1.265 0.000
349.291667 350.291667    2.300 0.000   1.679 0.000
352.291667 353.291667    1.296 0.000   1.317 0.000
355.291667 356.291667    0.877 0.000   0.522 0.000
358.291667 359.291667    0.960 0.000   0.745 0.000
361.291667 362.291667    3.392 0.000   2.418 0.000
364.291667 365.291667    1.723 0.000   0.907 0.000
