scripts/IMPROVE-2019_partial/data/US9064R.20050101070000.20191216000000.filterpack..pm25.52w.1w.US03L_filterpack_US9064.US03L_IMPROVE_Davis.lev2.nas
66 1001
MISSING INFORMATION
US03L, IMPROVE, , , , , , , 
MISSING INFORMATION
IMPROVE sel_HTAP
1 1
2005 01 01 2019 12 16
3.000000
days from file reference point
27
1 1 1 1 1 1 1 1 1 1 1 1 1 1 1 1 1 1 1 1 1 1 1 1 1 1 1
999.999999 999.99 9.999 99.99 9.999999 9.999 9.999999 9.99 9.999999 9.999 9.999 999.999 9.999 999.999 9.999 999.99 9.999999 999.999 9.999 99.999 9.999 999.999 9.999 9.999 9.999 9.999 9.999
end_time of measurement, days from the file reference point
iron, ng/m3, Revision date=20181210133000
numflag iron, no unit, Revision date=20181210133000
lead, ng/m3, Revision date=20181210133000
numflag lead, no unit, Revision date=20181210133000
magnesium, ug/m3, Revision date=20181210133000
numflag magnesium, no unit, Revision date=20181210133000
nickel, ng/m3, Revision date=20181210133000
numflag nickel, no unit, Revision date=20181210133000
nitrate, ug N/m3, Revision date=20181210133000
numflag nitrate, no unit, Revision date=20181210133000
organic_carbon, ug C/m3, Revision date=20181210133000
numflag organic_carbon, no unit, Revision date=20181210133000
organic_mass, ug/m3, Revision date=20181210133000
numflag organic_mass, no unit, Revision date=20181210133000
phosphorus, ng/m3, Revision date=20181210133000
numflag phosphorus, no unit, Revision date=20181210133000
pm10_mass, ug/m3, Version=2, Version description=Data extracted from http://views.cira.colostate.edu/fed/DataWizard 2019-12-16, Sample duration=1d, Orig. time res.=3d, Matrix=pm10, Blank correction=Blank corrected, Volume std. temperature=ambient, Volume std. pressure=ambient
numflag pm10_mass, no unit, Version=2, Version description=Data extracted from http://views.cira.colostate.edu/fed/DataWizard 2019-12-16, Sample duration=1d, Orig. time res.=3d, Matrix=pm10, Blank correction=Blank corrected, Volume std. temperature=ambient, Volume std. pressure=ambient
pm10_pm25_mass, ug/m3, Revision date=20181210133000, Matrix=pm10_pm25
numflag pm10_pm25_mass, no unit, Revision date=20181210133000, Matrix=pm10_pm25
pm25_mass, ug/m3, Version=2, Version description=Data extracted from http://views.cira.colostate.edu/fed/DataWizard 2019-12-16, Sample duration=1d, Orig. time res.=3d, Blank correction=Blank corrected, Volume std. temperature=ambient, Volume std. pressure=ambient
numflag pm25_mass, no unit, Version=2, Version description=Data extracted from http://views.cira.colostate.edu/fed/DataWizard 2019-12-16, Sample duration=1d, Orig. time res.=3d, Blank correction=Blank corrected, Volume std. temperature=ambient, Volume std. pressure=ambient
potassium, ug/m3, Revision date=20181210133000
numflag potassium, no unit, Revision date=20181210133000
sulphate_total, ug S/m3, Revision date=20181210133000
numflag sulphate_total, no unit, Revision date=20181210133000
0
25
Data definition:              EBAS_1.1
Set type code:                TU
Timezone:                     UTC
File name:                    US9064R.20050101070000.20191216000000.filterpack..pm25.52w.1w.US03L_filterpack_US9064.US03L_IMPROVE_Davis.lev2.nas
File creation:                20191218120949
Startdate:                    20050101070000
Revision date:                20191216000000
Statistics:                   arithmetic mean
Data level:                   2
Period code:                  52w
Resolution code:              1w
Station code:                 US9064R
Platform code:                US9064S
Station name:                 Sula Peak
Station latitude:             45.8598
Station longitude:            -114.0001
Station altitude:             1895.0 m
Regime:                       IMG
Component:                    
Matrix:                       pm25
Laboratory code:              US03L
Instrument type:              filterpack
Instrument name:              filterpack_US9064
Method ref:                   US03L_IMPROVE_Davis
starttime endtime Fe flag_Fe Pb flag_Pb Mg++ flag_Mg++ Ni flag_Ni NO3- flag_NO3- OC flag_OC OM flag_OM P flag_P PM10 flag_PM10 PM10-PM2.5 flag_PM10-PM2.5 PM2.5 flag_PM2.5 K+ flag_K+ SO4-- flag_SO4--
  0.291667   1.291667   1.51 0.000 99.99 0.259000 9.999 0.259000 9.99 0.259000 0.046 0.000   0.208 0.000   0.374 0.000 999.99 0.259000   0.963 0.000  0.005 0.000   0.958 0.000 0.008 0.000 0.081 0.000
  3.291667   4.291667   2.68 0.000  0.26 0.000000 0.017 0.000000 0.19 0.000000 0.188 0.000   0.790 0.000   1.422 0.000 999.99 0.259000   2.986 0.000  0.139 0.000   2.849 0.000 0.021 0.000 0.147 0.000
  6.291667   7.291667   4.60 0.000  0.52 0.000000 9.999 0.259000 9.99 0.259000 0.058 0.000   0.335 0.000   0.602 0.000 999.99 0.259000   2.852 0.000  1.515 0.000   1.336 0.000 0.008 0.000 0.127 0.000
  9.291667  10.291667   3.40 0.000 99.99 0.259000 9.999 0.259000 0.18 0.000000 0.007 0.000 999.999 0.259 999.999 0.259   2.25 0.000000   0.416 0.000  0.201 0.000   0.215 0.000 0.004 0.000 0.022 0.000
 12.291667  13.291667   4.05 0.000  0.38 0.000000 9.999 0.259000 0.10 0.000000 0.006 0.000   0.087 0.000   0.157 0.000 999.99 0.259000   1.416 0.000  0.834 0.000   0.581 0.000 0.004 0.000 0.077 0.000
 15.291667  16.291667  10.27 0.000  0.57 0.000000 9.999 0.259000 0.23 0.000000 0.004 0.000 999.999 0.259 999.999 0.259 999.99 0.259000   1.365 0.000  0.701 0.000   0.664 0.000 0.008 0.000 0.046 0.000
 18.291667  19.291667   1.99 0.000  0.19 0.000000 9.999 0.259000 0.13 0.000000 0.004 0.000   0.088 0.000   0.158 0.000 999.99 0.259000   0.575 0.000  0.095 0.000   0.481 0.000 0.006 0.000 0.043 0.000
 21.291667  22.291667   2.73 0.000  0.29 0.000000 9.999 0.259000 0.16 0.000000 0.005 0.000   0.132 0.000   0.238 0.000 999.99 0.259000   0.826 0.000  0.130 0.000   0.696 0.000 0.009 0.000 0.044 0.000
 24.291667  25.291667   3.92 0.000  0.40 0.000000 9.999 0.259000 0.32 0.000000 0.006 0.000   0.312 0.000   0.562 0.000 999.99 0.259000   1.116 0.000  0.272 0.000   0.848 0.000 0.009 0.000 0.038 0.000
 27.291667  28.291667   2.59 0.000  0.24 0.000000 9.999 0.259000 9.99 0.259000 0.018 0.000   0.270 0.000   0.486 0.000 999.99 0.259000   1.452 0.000  0.261 0.000   1.191 0.000 0.005 0.000 0.105 0.000
 30.291667  31.291667   6.23 0.000  0.62 0.000000 9.999 0.259000 9.99 0.259000 0.006 0.000   0.111 0.000   0.200 0.000 999.99 0.259000   1.289 0.000  0.470 0.000   0.819 0.000 0.007 0.000 0.070 0.000
 33.291667  34.291667   7.55 0.000  0.57 0.000000 9.999 0.259000 9.99 0.259000 0.003 0.000   0.179 0.000   0.322 0.000 999.99 0.259000   1.399 0.000  0.612 0.000   0.786 0.000 0.009 0.000 0.062 0.000
 36.291667  37.291667   2.66 0.000 99.99 0.259000 9.999 0.259000 0.04 0.000000 0.011 0.000   0.118 0.000   0.213 0.000   2.07 0.000000   1.120 0.000  0.567 0.000   0.553 0.000 0.004 0.000 0.039 0.000
 39.291667  40.291667  21.95 0.000  0.31 0.000000 9.999 0.259000 0.18 0.000000 0.018 0.000   0.141 0.000   0.254 0.000 999.99 0.259000   1.877 0.000  0.408 0.000   1.469 0.000 0.012 0.000 0.090 0.000
 42.291667  43.291667  22.50 0.000  0.20 0.000000 9.999 0.259000 9.99 0.259000 0.013 0.000   0.224 0.000   0.403 0.000 999.99 0.259000   2.191 0.000  0.474 0.000   1.717 0.000 0.012 0.000 0.135 0.000
 45.291667  46.291667   5.15 0.000 99.99 0.259000 9.999 0.259000 0.08 0.000000 0.038 0.000   0.087 0.000   0.158 0.000 999.99 0.259000   1.462 0.000  0.479 0.000   0.983 0.000 0.007 0.000 0.104 0.000
 48.291667  49.291667   9.27 0.000  0.42 0.000000 9.999 0.259000 0.07 0.000000 0.007 0.000   0.160 0.000   0.288 0.000 999.99 0.259000   1.329 0.000  0.444 0.000   0.884 0.000 0.007 0.000 0.067 0.000
 51.291667  52.291667   7.39 0.000  0.54 0.000000 9.999 0.259000 0.09 0.000000 0.064 0.000   0.388 0.000   0.699 0.000 999.99 0.259000   1.946 0.000  0.209 0.000   1.737 0.000 0.020 0.000 0.109 0.000
 54.291667  55.291667  41.59 0.000  0.52 0.000000 9.999 0.259000 9.99 0.259000 0.013 0.000   0.384 0.000   0.692 0.000 999.99 0.259000   2.676 0.000  1.676 0.000   0.999 0.000 0.019 0.000 0.055 0.000
 57.291667  58.291667  35.97 0.000  0.84 0.000000 9.999 0.259000 9.99 0.259000 0.040 0.000   0.594 0.000   1.068 0.000 999.99 0.259000   4.787 0.000  2.735 0.000   2.051 0.000 0.033 0.000 0.068 0.000
 60.291667  61.291667  13.37 0.000  0.85 0.000000 9.999 0.259000 0.25 0.000000 0.035 0.000   0.794 0.000   1.430 0.000 999.99 0.259000   3.175 0.000  1.413 0.000   1.761 0.000 0.032 0.000 0.059 0.000
 63.291667  64.291667  20.19 0.000  0.72 0.000000 9.999 0.259000 0.30 0.000000 0.016 0.000   0.525 0.000   0.946 0.000 999.99 0.259000   2.602 0.000  1.088 0.000   1.514 0.000 0.020 0.000 0.089 0.000
 66.291667  67.291667  39.21 0.000  1.40 0.000000 9.999 0.259000 9.99 0.259000 0.031 0.000   0.403 0.000   0.726 0.000 999.99 0.259000   5.378 0.000  3.401 0.000   2.025 0.000 0.033 0.000 0.163 0.000
 69.291667  70.291667  40.65 0.000  0.79 0.000000 9.999 0.259000 9.99 0.259000 0.010 0.000   0.274 0.000   0.492 0.000 999.99 0.259000   2.381 0.000  0.900 0.000   1.481 0.000 0.022 0.000 0.039 0.000
 72.291667  73.291667  21.22 0.000  1.06 0.000000 9.999 0.259000 9.99 0.259000 0.012 0.000   0.330 0.000   0.595 0.000 999.99 0.259000   2.664 0.000  1.259 0.000   1.405 0.000 0.017 0.000 0.125 0.000
 75.291667  76.291667  17.41 0.000  0.85 0.000000 9.999 0.259000 0.44 0.000000 0.010 0.000   0.255 0.000   0.458 0.000 999.99 0.259000   2.236 0.000  1.247 0.000   0.989 0.000 0.011 0.000 0.104 0.000
 78.291667  79.291667  13.89 0.000  0.70 0.000000 9.999 0.259000 9.99 0.259000 0.010 0.000   0.262 0.000   0.472 0.000 999.99 0.259000   1.532 0.000  0.729 0.000   0.804 0.000 0.012 0.000 0.056 0.000
 81.291667  82.291667   1.23 0.000  0.93 0.000000 9.999 0.259000 9.99 0.259000 0.060 0.000   0.517 0.000   0.931 0.000 999.99 0.259000   2.760 0.000  0.977 0.000   1.784 0.000 0.023 0.000 0.198 0.000
 84.291667  85.291667   4.01 0.000  0.60 0.000000 9.999 0.259000 0.30 0.000000 0.006 0.000   0.306 0.000   0.551 0.000 999.99 0.259000   1.359 0.000  0.341 0.000   1.018 0.000 0.006 0.000 0.135 0.000
 87.291667  88.291667   3.54 0.000 99.99 0.259000 9.999 0.259000 0.35 0.000000 0.004 0.000   0.109 0.000   0.195 0.000 999.99 0.259000   0.976 0.000  0.612 0.000   0.364 0.000 0.004 0.000 0.054 0.000
 90.291667  91.291667   8.26 0.000  0.38 0.000000 9.999 0.259000 9.99 0.259000 0.014 0.000   0.268 0.000   0.483 0.000 999.99 0.259000   2.049 0.000  0.774 0.000   1.275 0.000 0.010 0.000 0.165 0.000
 93.291667  94.291667   6.98 0.000  1.08 0.000000 9.999 0.259000 9.99 0.259000 0.014 0.000   0.380 0.000   0.684 0.000 999.99 0.259000   1.434 0.000  0.470 0.000   0.964 0.000 0.007 0.000 0.087 0.000
 96.291667  97.291667  37.15 0.000  1.38 0.000000 0.017 0.000000 9.99 0.259000 0.035 0.000   0.373 0.000   0.671 0.000 999.99 0.259000   4.223 0.000  1.940 0.000   2.283 0.000 0.036 0.000 0.201 0.000
 99.291667 100.291667  24.36 0.000  0.65 0.000000 9.999 0.259000 9.99 0.259000 0.045 0.000   0.341 0.000   0.613 0.000 999.99 0.259000   3.923 0.000  1.818 0.000   2.106 0.000 0.022 0.000 0.230 0.000
102.291667 103.291667   0.94 0.000  0.21 0.000000 9.999 0.259000 9.99 0.259000 0.005 0.000   0.087 0.000   0.157 0.000 999.99 0.259000   0.416 0.000  0.201 0.000   0.215 0.000 0.003 0.000 0.007 0.000
105.291667 106.291667  80.16 0.000  2.12 0.000000 0.028 0.000000 9.99 0.259000 0.021 0.000   0.282 0.000   0.508 0.000 999.99 0.259000   5.186 0.000  2.426 0.000   2.759 0.000 0.056 0.000 0.234 0.000
108.291667 109.291667   1.70 0.000  0.41 0.000000 9.999 0.259000 9.99 0.259000 0.009 0.000   0.034 0.000   0.061 0.000 999.99 0.259000   1.736 0.000  1.315 0.000   0.426 0.000 0.004 0.000 0.040 0.000
111.291667 112.291667  15.15 0.000  0.29 0.000000 9.999 0.259000 9.99 0.259000 0.018 0.000   0.227 0.000   0.408 0.000 999.99 0.259000   4.577 0.000  3.433 0.000   1.143 0.000 0.011 0.000 0.108 0.000
114.291667 115.291667  47.29 0.000  0.71 0.000000 9.999 0.259000 9.99 0.259000 0.035 0.000   0.615 0.000   1.107 0.000 999.99 0.259000   8.567 0.000  4.891 0.000   3.675 0.000 0.037 0.000 0.305 0.000
117.291667 118.291667  11.99 0.000  0.59 0.000000 9.999 0.259000 0.18 0.000000 0.060 0.000   0.352 0.000   0.633 0.000 999.99 0.259000   3.318 0.000  1.143 0.000   2.175 0.000 0.016 0.000 0.292 0.000
120.291667 121.291667  28.82 0.000  1.01 0.000000 9.999 0.259000 9.99 0.259000 0.035 0.000   0.692 0.000   1.245 0.000 999.99 0.259000   6.630 0.000  2.566 0.000   4.063 0.000 0.029 0.000 0.475 0.000
123.291667 124.291667  17.64 0.000  0.85 0.000000 9.999 0.259000 0.15 0.000000 0.019 0.000   0.417 0.559   0.750 0.559 999.99 0.259000   2.957 0.000  1.101 0.000   1.856 0.000 0.015 0.000 0.130 0.000
126.291667 127.291667   8.76 0.000  0.30 0.000000 9.999 0.259000 9.99 0.259000 0.005 0.000   0.285 0.559   0.514 0.559 999.99 0.259000   1.624 0.000  0.587 0.000   1.037 0.000 0.007 0.000 0.096 0.000
129.291667 130.291667   2.44 0.000  0.15 0.000000 9.999 0.259000 9.99 0.259000 0.008 0.000   0.164 0.559   0.296 0.559 999.99 0.259000   1.017 0.000  0.382 0.000   0.641 0.000 0.006 0.000 0.057 0.000
132.291667 133.291667  45.09 0.000  1.29 0.000000 9.999 0.259000 0.11 0.000000 0.019 0.000   0.671 0.559   1.209 0.559 999.99 0.259000   6.011 0.000  2.091 0.000   3.919 0.000 0.040 0.000 0.366 0.000
135.291667 136.291667   7.82 0.000  0.47 0.000000 0.006 0.000000 9.99 0.259000 0.022 0.000   0.486 0.559   0.875 0.559 999.99 0.259000   1.714 0.000  0.672 0.000   1.041 0.000 0.010 0.000 0.066 0.000
138.291667 139.291667  12.35 0.000  0.64 0.000000 9.999 0.259000 9.99 0.259000 0.007 0.000   0.187 0.000   0.337 0.000 999.99 0.259000   1.725 0.000  0.908 0.000   0.817 0.000 0.010 0.000 0.087 0.000
141.291667 142.291667   9.98 0.000  1.03 0.000000 9.999 0.259000 9.99 0.259000 0.017 0.000   0.605 0.000   1.089 0.000 999.99 0.259000   2.599 0.000  1.134 0.000   1.465 0.000 0.014 0.000 0.100 0.000
144.291667 145.291667   7.43 0.000 99.99 0.259000 9.999 0.259000 9.99 0.259000 0.009 0.000   0.281 0.000   0.505 0.000 999.99 0.259000   1.973 0.000  0.889 0.000   1.083 0.000 0.008 0.000 0.080 0.000
147.291667 148.291667  28.15 0.000  0.89 0.000000 9.999 0.259000 9.99 0.259000 0.012 0.000   1.136 0.000   2.044 0.000 999.99 0.259000   7.603 0.000  3.538 0.000   4.064 0.000 0.028 0.000 0.297 0.000
150.291667 151.291667  25.83 0.000  0.44 0.000000 9.999 0.259000 0.09 0.000000 0.012 0.000   0.832 0.000   1.498 0.000 999.99 0.259000   5.533 0.000  2.993 0.000   2.584 0.000 0.017 0.000 0.204 0.000
153.291667 154.291667   4.96 0.000  0.55 0.000000 9.999 0.259000 9.99 0.259000 0.005 0.000   0.258 0.000   0.464 0.000 999.99 0.259000   1.891 0.000  0.917 0.000   0.974 0.000 0.005 0.000 0.068 0.000
156.291667 157.291667   3.60 0.000  0.29 0.000000 9.999 0.259000 9.99 0.259000 0.010 0.000   0.215 0.000   0.386 0.000 999.99 0.259000   1.357 0.000  0.438 0.000   0.918 0.000 0.006 0.000 0.073 0.000
159.291667 160.291667   5.76 0.000  0.26 0.000000 0.006 0.000000 9.99 0.259000 0.004 0.000   0.324 0.000   0.582 0.000 999.99 0.259000   2.016 0.000  0.859 0.000   1.157 0.000 0.010 0.000 0.081 0.000
162.291667 163.291667   7.58 0.000  0.37 0.000000 9.999 0.259000 9.99 0.259000 0.005 0.000   0.199 0.000   0.359 0.000 999.99 0.259000   1.320 0.000  0.469 0.000   0.851 0.000 0.006 0.000 0.076 0.000
165.291667 166.291667  23.84 0.000  0.67 0.000000 9.999 0.259000 9.99 0.259000 0.017 0.000   1.027 0.000   1.848 0.000 999.99 0.259000   5.187 0.000  2.580 0.000   2.607 0.000 0.019 0.000 0.131 0.000
168.291667 169.291667   2.99 0.000  0.53 0.000000 9.999 0.259000 9.99 0.259000 0.003 0.000   0.273 0.000   0.492 0.000 999.99 0.259000   1.902 0.000  0.899 0.000   1.003 0.000 0.005 0.000 0.049 0.000
171.291667 172.291667  22.38 0.394  0.68 0.394000 9.999 0.394259 0.12 0.394000 0.017 0.394   1.004 0.000   1.807 0.000 999.99 0.394259   9.707 0.000  5.457 0.000   4.374 0.000 0.039 0.394 0.426 0.394
174.291667 175.291667  22.67 0.000  0.47 0.000000 9.999 0.259000 0.10 0.000000 0.008 0.000   0.834 0.000   1.501 0.000 999.99 0.259000   7.948 0.000  5.709 0.000   2.238 0.000 0.022 0.000 0.090 0.000
177.291667 178.291667   4.89 0.000  0.27 0.000000 9.999 0.259000 9.99 0.259000 0.003 0.000   0.479 0.000   0.863 0.000 999.99 0.259000   2.382 0.000  0.830 0.000   1.552 0.000 0.008 0.000 0.098 0.000
180.291667 181.291667  11.51 0.000  0.48 0.000000 0.008 0.000000 0.70 0.000000 0.005 0.000   0.934 0.000   1.682 0.000 999.99 0.259000   6.956 0.000  4.504 0.000   2.403 0.000 0.012 0.000 0.097 0.000
183.291667 184.291667  22.43 0.000  0.58 0.000000 9.999 0.259000 0.11 0.000000 0.007 0.000   1.063 0.000   1.914 0.000 999.99 0.259000   6.647 0.000  3.668 0.000   2.939 0.000 0.022 0.000 0.131 0.000
186.291667 187.291667  33.73 0.000  0.60 0.000000 9.999 0.259000 0.29 0.000000 0.008 0.000   1.115 0.000   2.007 0.000 999.99 0.259000   8.965 0.000  5.527 0.000   3.379 0.000 0.032 0.000 0.140 0.000
189.291667 190.291667  37.94 0.000  0.40 0.000000 9.999 0.259000 9.99 0.259000 0.006 0.000   0.584 0.000   1.052 0.000 999.99 0.259000   6.868 0.000  4.922 0.000   1.893 0.000 0.016 0.000 0.083 0.000
192.291667 193.291667  17.48 0.000  0.32 0.000000 0.009 0.000000 9.99 0.259000 0.006 0.000   1.085 0.000   1.952 0.000 999.99 0.259000   6.722 0.000  4.123 0.000   2.608 0.000 0.016 0.000 0.085 0.000
195.291667 196.291667  24.88 0.000  0.34 0.000000 9.999 0.259000 9.99 0.259000 0.007 0.000   1.304 0.000   2.346 0.000  11.97 0.000000   7.338 0.000  4.338 0.000   2.953 0.000 0.019 0.000 0.107 0.000
198.291667 199.291667  11.33 0.000  0.33 0.000000 9.999 0.259000 9.99 0.259000 0.004 0.000   0.820 0.000   1.476 0.000 999.99 0.259000   5.298 0.000  3.539 0.000   1.721 0.000 0.009 0.000 0.029 0.000
201.291667 202.291667  35.29 0.000  0.44 0.000000 9.999 0.259000 9.99 0.259000 0.007 0.000   1.261 0.000   2.270 0.000 999.99 0.259000  11.246 0.000  7.957 0.000   3.204 0.000 0.029 0.000 0.109 0.000
204.291667 205.291667  19.93 0.000  0.54 0.000000 9.999 0.259000 9.99 0.259000 0.006 0.000   0.804 0.000   1.448 0.000 999.99 0.259000   5.567 0.000  3.289 0.000   2.242 0.000 0.022 0.000 0.123 0.000
207.291667 208.291667  22.06 0.000  0.23 0.000000 9.999 0.259000 0.08 0.000000 0.004 0.559   0.983 0.000   1.770 0.000 999.99 0.259000   7.668 0.000  5.549 0.000   2.060 0.000 0.021 0.000 0.047 0.559
210.291667 211.291667 999.99 0.999 99.99 0.999000 9.999 0.999000 9.99 0.999000 9.999 0.999 999.999 0.999 999.999 0.999 999.99 0.999000 999.999 0.999 99.999 0.999 999.999 0.999 9.999 0.999 9.999 0.999
213.291667 214.291667 999.99 0.999 99.99 0.999000 9.999 0.999000 9.99 0.999000 9.999 0.999 999.999 0.999 999.999 0.999 999.99 0.999000 999.999 0.999 99.999 0.999 999.999 0.999 9.999 0.999 9.999 0.999
216.291667 217.291667 999.99 0.999 99.99 0.999000 9.999 0.999000 9.99 0.999000 9.999 0.999 999.999 0.999 999.999 0.999 999.99 0.999000 999.999 0.999 99.999 0.999 999.999 0.999 9.999 0.999 9.999 0.999
219.291667 220.291667 999.99 0.999 99.99 0.999000 9.999 0.999000 9.99 0.999000 9.999 0.999 999.999 0.999 999.999 0.999 999.99 0.999000 999.999 0.999 99.999 0.999 999.999 0.999 9.999 0.999 9.999 0.999
222.291667 223.291667  60.50 0.699  0.76 0.699000 9.999 0.699259 9.99 0.699259 0.071 0.000  12.712 0.000  22.882 0.000 999.99 0.699259  32.251 0.659  8.601 0.699  23.658 0.659 0.174 0.699 0.168 0.000
225.291667 226.291667  13.40 0.000  0.77 0.000000 9.999 0.259000 9.99 0.259000 0.011 0.000   2.409 0.000   4.335 0.000 999.99 0.259000   8.007 0.000  2.782 0.000   5.225 0.000 0.027 0.000 0.098 0.000
228.291667 229.291667  68.11 0.000  0.34 0.000000 0.009 0.000000 9.99 0.259000 0.033 0.000   6.977 0.000  12.559 0.000 999.99 0.259000  22.919 0.000  8.859 0.000  14.061 0.000 0.131 0.000 0.123 0.000
231.291667 232.291667  23.86 0.394 99.99 0.394259 9.999 0.394259 9.99 0.394259 0.015 0.394   4.893 0.000   8.806 0.000 999.99 0.394259  13.067 0.000  3.865 0.000   9.201 0.000 0.073 0.394 0.087 0.394
234.291667 235.291667 999.99 0.999 99.99 0.999000 9.999 0.999000 9.99 0.999000 9.999 0.999 999.999 0.999 999.999 0.999 999.99 0.999000 999.999 0.999 99.999 0.999 999.999 0.999 9.999 0.999 9.999 0.999
237.291667 238.291667  32.11 0.000  0.52 0.000000 9.999 0.259000 9.99 0.259000 0.049 0.000   9.835 0.000  17.703 0.000 999.99 0.259000  21.999 0.000  4.143 0.000  17.858 0.000 0.123 0.000 0.109 0.000
