scripts/IMPROVE-2019_partial/data/US9039R.20150103070000.20191216000000.filterpack...1y.3d.US03L_filterpack_US9039.US03L_IMPROVE_Davis.lev2.nas
52 1001
MISSING INFORMATION
US03L, IMPROVE, , , , , , , 
MISSING INFORMATION
IMPROVE sel_HTAP
1 1
2015 01 01 2019 12 16
3.000000
days from file reference point
5
1 1 1 1 1
999.999999 999.999 9.999 99.999 9.999
end_time of measurement, days from the file reference point
pm10_mass, ug/m3, Matrix=pm10
numflag pm10_mass, no unit, Matrix=pm10
pm25_mass, ug/m3, Matrix=pm25
numflag pm25_mass, no unit, Matrix=pm25
0
33
Data definition:              EBAS_1.1
Set type code:                TU
Timezone:                     UTC
File name:                    US9039R.20150103070000.20191216000000.filterpack...1y.3d.US03L_filterpack_US9039.US03L_IMPROVE_Davis.lev2.nas
File creation:                20191218120802
Startdate:                    20150103070000
Revision date:                20191216000000
Version:                      2
Version description:          "Data extracted from http://views.cira.colostate.edu/fed/DataWizard 2019-12-16"
Statistics:                   arithmetic mean
Data level:                   2
Period code:                  1y
Resolution code:              3d
Sample duration:              1d
Orig. time res.:              3d
Station code:                 US9039R
Platform code:                US9039S
Station name:                 Saguaro West
Station latitude:             32.2486
Station longitude:            -111.2178
Station altitude:             714.0 m
Regime:                       IMG
Component:                    
Unit:                         ug/m3
Matrix:                       
Laboratory code:              US03L
Instrument type:              filterpack
Instrument name:              filterpack_US9039
Method ref:                   US03L_IMPROVE_Davis
Blank correction:             Blank corrected
Volume std. temperature:      ambient
Volume std. pressure:         ambient
starttime endtime PM10 flag_PM10 PM2.5 flag_PM2.5
  2.291667   3.291667   5.096 0.000  3.295 0.000
  5.291667   6.291667   9.018 0.000  2.538 0.000
  8.291667   9.291667   6.631 0.000  4.115 0.000
 11.291667  12.291667   5.006 0.000  2.963 0.000
 14.291667  15.291667   8.592 0.000  3.010 0.000
 17.291667  18.291667  10.509 0.000  3.931 0.000
 20.291667  21.291667  10.673 0.000  2.612 0.000
 23.291667  24.291667   6.640 0.000  1.606 0.000
 26.291667  27.291667   6.888 0.000  3.316 0.000
 29.291667  30.291667 999.999 0.999 99.999 0.999
 32.291667  33.291667 999.999 0.999 99.999 0.999
 35.291667  36.291667   9.057 0.000  3.409 0.000
 38.291667  39.291667  10.237 0.000  3.748 0.000
 41.291667  42.291667   9.172 0.000  2.794 0.000
 44.291667  45.291667  11.416 0.000  3.869 0.000
 47.291667  48.291667  10.386 0.000  4.005 0.000
 50.291667  51.291667  14.066 0.000  4.098 0.000
 53.291667  54.291667   7.129 0.000  2.650 0.000
 56.291667  57.291667   8.279 0.000  2.439 0.000
 59.291667  60.291667  11.462 0.000  4.567 0.000
 62.291667  63.291667   4.168 0.000  1.636 0.000
 65.291667  66.291667  10.171 0.000  2.591 0.000
 68.291667  69.291667  15.158 0.000  4.693 0.000
 71.291667  72.291667  13.665 0.000  5.036 0.000
 74.291667  75.291667  11.724 0.000  3.190 0.000
 77.291667  78.291667   6.221 0.000  4.749 0.000
 80.291667  81.291667   7.739 0.000  3.293 0.000
 83.291667  84.291667  18.096 0.000  4.159 0.000
 86.291667  87.291667  19.271 0.000  4.534 0.000
 89.291667  90.291667  19.795 0.000  6.083 0.000
 92.291667  93.291667  27.756 0.000  7.372 0.000
 95.291667  96.291667  16.064 0.000  4.020 0.000
 98.291667  99.291667  26.874 0.000  7.738 0.000
101.291667 102.291667  10.896 0.000  3.334 0.000
104.291667 105.291667  34.856 0.000  8.194 0.000
107.291667 108.291667  18.592 0.000  4.461 0.000
110.291667 111.291667  18.730 0.000  4.776 0.000
113.291667 114.291667  17.901 0.000  5.132 0.000
116.291667 117.291667   8.133 0.000  2.279 0.000
119.291667 120.291667  13.636 0.000  3.837 0.000
122.291667 123.291667  15.894 0.000  4.570 0.000
125.291667 126.291667  17.485 0.000  4.690 0.000
128.291667 129.291667  14.497 0.000  3.251 0.000
131.291667 132.291667  18.836 0.000  4.258 0.000
134.291667 135.291667  19.627 0.000  4.573 0.000
137.291667 138.291667  16.058 0.000  3.444 0.000
140.291667 141.291667  25.787 0.000  5.174 0.000
143.291667 144.291667  16.574 0.000  4.345 0.000
146.291667 147.291667  20.289 0.000  4.837 0.000
149.291667 150.291667  19.172 0.000  4.704 0.000
152.291667 153.291667  16.986 0.000  4.920 0.000
155.291667 156.291667  15.426 0.000  5.222 0.000
158.291667 159.291667  15.385 0.000  3.710 0.000
161.291667 162.291667  13.700 0.000  4.102 0.000
164.291667 165.291667  14.184 0.000  3.945 0.000
167.291667 168.291667  26.541 0.000  6.579 0.000
170.291667 171.291667  17.574 0.000  4.850 0.000
173.291667 174.291667  22.915 0.000  6.841 0.000
176.291667 177.291667  20.935 0.000  5.795 0.000
179.291667 180.291667  17.123 0.000  4.840 0.000
182.291667 183.291667  12.339 0.000  3.797 0.000
185.291667 186.291667  10.672 0.000  3.765 0.000
188.291667 189.291667  19.010 0.000  4.701 0.000
191.291667 192.291667  18.005 0.000  4.535 0.000
194.291667 195.291667  10.688 0.000  3.432 0.000
197.291667 198.291667 999.999 0.999 99.999 0.999
200.291667 201.291667 999.999 0.999 99.999 0.999
203.291667 204.291667   8.676 0.000  3.584 0.000
206.291667 207.291667   9.570 0.000  3.114 0.000
209.291667 210.291667   6.037 0.000  2.164 0.000
212.291667 213.291667   6.074 0.000  2.872 0.000
215.291667 216.291667  13.581 0.000  4.313 0.000
218.291667 219.291667  14.818 0.000 99.999 0.456
221.291667 222.291667   9.297 0.000  4.361 0.000
224.291667 225.291667  16.305 0.000  4.894 0.000
227.291667 228.291667  18.830 0.000  5.329 0.000
230.291667 231.291667  16.972 0.000  5.106 0.000
233.291667 234.291667  18.847 0.000  5.053 0.000
236.291667 237.291667  10.893 0.000  4.702 0.000
239.291667 240.291667  11.517 0.000  3.288 0.000
242.291667 243.291667  23.467 0.000  4.955 0.000
245.291667 246.291667  11.537 0.000  5.500 0.000
248.291667 249.291667   5.641 0.000  2.672 0.000
251.291667 252.291667  10.187 0.000  3.394 0.000
254.291667 255.291667  10.195 0.000  3.663 0.000
257.291667 258.291667  43.499 0.000  6.017 0.000
260.291667 261.291667  11.927 0.000  2.722 0.000
263.291667 264.291667   4.278 0.000  1.816 0.000
266.291667 267.291667   8.930 0.000  3.538 0.000
269.291667 270.291667  12.503 0.000  4.392 0.000
272.291667 273.291667  15.021 0.000  4.163 0.000
275.291667 276.291667  12.711 0.000  3.203 0.000
278.291667 279.291667   9.151 0.000  3.804 0.000
281.291667 282.291667   8.160 0.000  2.525 0.000
284.291667 285.291667  11.171 0.000  4.186 0.000
287.291667 288.291667  18.328 0.000  4.248 0.000
290.291667 291.291667   7.368 0.000  4.109 0.000
293.291667 294.291667   4.289 0.000  2.017 0.000
296.291667 297.291667   8.306 0.000  3.083 0.000
299.291667 300.291667  13.810 0.000  4.464 0.000
302.291667 303.291667   4.586 0.000  2.488 0.000
305.291667 306.291667   4.961 0.000  1.895 0.000
308.291667 309.291667   6.855 0.000  3.249 0.000
311.291667 312.291667  13.666 0.000  3.457 0.000
314.291667 315.291667  33.672 0.000  7.294 0.000
317.291667 318.291667  17.164 0.000  4.130 0.000
320.291667 321.291667  30.613 0.000  7.198 0.000
323.291667 324.291667  19.501 0.000  4.496 0.000
326.291667 327.291667  15.937 0.000  3.722 0.000
329.291667 330.291667  47.570 0.000  9.673 0.000
332.291667 333.291667  13.949 0.000  3.777 0.000
335.291667 336.291667  23.306 0.000  5.600 0.000
338.291667 339.291667  20.898 0.000  5.001 0.000
341.291667 342.291667  27.066 0.000  5.684 0.000
344.291667 345.291667  16.790 0.000  3.807 0.000
347.291667 348.291667  18.055 0.000  4.470 0.000
350.291667 351.291667   7.473 0.000  2.907 0.000
353.291667 354.291667   6.637 0.000  2.550 0.000
356.291667 357.291667   6.585 0.000  1.633 0.000
359.291667 360.291667   7.842 0.000  1.372 0.000
362.291667 363.291667   7.608 0.000  2.587 0.000
