scripts/IMPROVE-2019_partial/data/US9080R.20030103070000.20191216000000.filterpack..pm25.1y.1w.US03L_filterpack_US9080.US03L_IMPROVE_Davis.lev2.nas
66 1001
MISSING INFORMATION
US03L, IMPROVE, , , , , , , 
MISSING INFORMATION
IMPROVE sel_HTAP
1 1
2003 01 01 2019 12 16
3.000000
days from file reference point
27
1 1 1 1 1 1 1 1 1 1 1 1 1 1 1 1 1 1 1 1 1 1 1 1 1 1 1
999.999999 9999.99 9.999999 99.99 9.999999 9.999 9.999999999 9.99 9.999999 9.999 9.999 999.999 9.999 999.999 9.999 99.99 9.999999999 999.999 9.999 999.999 9.999 999.999 9.999 9.999 9.999999 9.999 9.999
end_time of measurement, days from the file reference point
iron, ng/m3, Revision date=20181210133000
numflag iron, no unit, Revision date=20181210133000
lead, ng/m3, Revision date=20181210133000
numflag lead, no unit, Revision date=20181210133000
magnesium, ug/m3, Revision date=20181210133000
numflag magnesium, no unit, Revision date=20181210133000
nickel, ng/m3, Revision date=20181210133000
numflag nickel, no unit, Revision date=20181210133000
nitrate, ug N/m3, Revision date=20181210133000
numflag nitrate, no unit, Revision date=20181210133000
organic_carbon, ug C/m3, Revision date=20181210133000
numflag organic_carbon, no unit, Revision date=20181210133000
organic_mass, ug/m3, Revision date=20181210133000
numflag organic_mass, no unit, Revision date=20181210133000
phosphorus, ng/m3, Revision date=20181210133000
numflag phosphorus, no unit, Revision date=20181210133000
pm10_mass, ug/m3, Version=2, Version description=Data extracted from http://views.cira.colostate.edu/fed/DataWizard 2019-12-16, Sample duration=1d, Orig. time res.=3d, Matrix=pm10, Blank correction=Blank corrected, Volume std. temperature=ambient, Volume std. pressure=ambient
numflag pm10_mass, no unit, Version=2, Version description=Data extracted from http://views.cira.colostate.edu/fed/DataWizard 2019-12-16, Sample duration=1d, Orig. time res.=3d, Matrix=pm10, Blank correction=Blank corrected, Volume std. temperature=ambient, Volume std. pressure=ambient
pm10_pm25_mass, ug/m3, Revision date=20181210133000, Matrix=pm10_pm25
numflag pm10_pm25_mass, no unit, Revision date=20181210133000, Matrix=pm10_pm25
pm25_mass, ug/m3, Version=2, Version description=Data extracted from http://views.cira.colostate.edu/fed/DataWizard 2019-12-16, Sample duration=1d, Orig. time res.=3d, Blank correction=Blank corrected, Volume std. temperature=ambient, Volume std. pressure=ambient
numflag pm25_mass, no unit, Version=2, Version description=Data extracted from http://views.cira.colostate.edu/fed/DataWizard 2019-12-16, Sample duration=1d, Orig. time res.=3d, Blank correction=Blank corrected, Volume std. temperature=ambient, Volume std. pressure=ambient
potassium, ug/m3, Revision date=20181210133000
numflag potassium, no unit, Revision date=20181210133000
sulphate_total, ug S/m3, Revision date=20181210133000
numflag sulphate_total, no unit, Revision date=20181210133000
0
25
Data definition:              EBAS_1.1
Set type code:                TU
Timezone:                     UTC
File name:                    US9080R.20030103070000.20191216000000.filterpack..pm25.1y.1w.US03L_filterpack_US9080.US03L_IMPROVE_Davis.lev2.nas
File creation:                20191218121101
Startdate:                    20030103070000
Revision date:                20191216000000
Statistics:                   arithmetic mean
Data level:                   2
Period code:                  1y
Resolution code:              1w
Station code:                 US9080R
Platform code:                US9080S
Station name:                 Thunder Basin
Station latitude:             44.6634
Station longitude:            -105.2874
Station altitude:             1195.0 m
Regime:                       IMG
Component:                    
Matrix:                       pm25
Laboratory code:              US03L
Instrument type:              filterpack
Instrument name:              filterpack_US9080
Method ref:                   US03L_IMPROVE_Davis
starttime endtime Fe flag_Fe Pb flag_Pb Mg++ flag_Mg++ Ni flag_Ni NO3- flag_NO3- OC flag_OC OM flag_OM P flag_P PM10 flag_PM10 PM10-PM2.5 flag_PM10-PM2.5 PM2.5 flag_PM2.5 K+ flag_K+ SO4-- flag_SO4--
[from data line 76]
230.291667 231.291667 9999.99 0.999000 99.99 0.999000 9.999 0.999000000 9.99 0.999000 9.999 0.999 999.999 0.999 999.999 0.999 99.99 0.999000000 999.999 0.999 999.999 0.999 999.999 0.999 9.999 0.999000 9.999 0.999
233.291667 234.291667   88.58 0.000000  0.72 0.000000 9.999 0.259000000 9.99 0.259000 0.019 0.000   2.912 0.000   4.077 0.000 99.99 0.259000000  21.367 0.000  13.070 0.000   8.297 0.000 0.069 0.000000 0.244 0.000
236.291667 237.291667   74.61 0.000000  0.19 0.000000 9.999 0.259000000 9.99 0.259000 0.015 0.000   2.272 0.000   3.181 0.000 99.99 0.259000000  13.686 0.000   7.397 0.000   6.289 0.000 0.038 0.000000 0.207 0.000
239.291667 240.291667  123.75 0.000000  0.69 0.000000 9.999 0.259000000 9.99 0.259000 0.058 0.000  12.221 0.000  17.110 0.000 99.99 0.259000000  39.973 0.000  15.934 0.000  24.038 0.000 0.218 0.000000 0.279 0.000
242.291667 243.291667   14.01 0.000000  0.77 0.000000 9.999 0.259000000 9.99 0.259000 0.091 0.000   2.069 0.000   2.896 0.000 99.99 0.259000000   8.975 0.000   3.133 0.000   5.842 0.000 0.016 0.000000 0.388 0.000
245.291667 246.291667  107.49 0.000000  0.43 0.000000 9.999 0.259000000 9.99 0.259000 0.025 0.000   3.055 0.000   4.277 0.000 99.99 0.259000000  19.097 0.000  10.852 0.000   8.245 0.000 0.055 0.000000 0.327 0.000
248.291667 249.291667  157.68 0.000000  0.39 0.000000 0.076 0.000000000 9.99 0.259000 0.056 0.000   6.409 0.000   8.973 0.000 99.99 0.259000000  26.893 0.000  11.536 0.000  15.357 0.000 0.338 0.000000 0.412 0.000
251.291667 252.291667   38.48 0.000000  0.42 0.000000 9.999 0.259000000 9.99 0.259000 0.030 0.000   1.263 0.000   1.769 0.000 99.99 0.259000000   7.838 0.000   4.495 0.000   3.343 0.000 0.024 0.000000 0.147 0.000
254.291667 255.291667   32.44 0.000000  0.26 0.000000 9.999 0.259000000 0.12 0.000000 0.011 0.000   0.693 0.000   0.970 0.000 99.99 0.259000000   3.390 0.000   1.453 0.000   1.937 0.000 0.014 0.000000 0.074 0.000
257.291667 258.291667   17.62 0.000000  0.25 0.000000 9.999 0.259000000 9.99 0.259000 0.010 0.000   0.533 0.000   0.746 0.000 99.99 0.259000000   4.670 0.000   2.866 0.000   1.804 0.000 0.011 0.000000 0.078 0.000
260.291667 261.291667   11.25 0.000000  0.27 0.000000 0.097 0.000000000 9.99 0.259000 0.032 0.000   0.257 0.000   0.360 0.000 99.99 0.259000000   1.984 0.000   1.047 0.000   0.938 0.000 0.005 0.000000 0.066 0.000
263.291667 264.291667   17.26 0.000000  0.09 0.000000 9.999 0.259000000 9.99 0.259000 0.015 0.000   0.572 0.000   0.801 0.000 99.99 0.259000000   4.861 0.000   2.685 0.000   2.176 0.000 0.011 0.000000 0.188 0.000
266.291667 267.291667 9999.99 0.999000 99.99 0.999000 9.999 0.999000000 9.99 0.999000 9.999 0.999 999.999 0.999 999.999 0.999 99.99 0.999000000 999.999 0.999 999.999 0.999 999.999 0.999 9.999 0.999000 9.999 0.999
269.291667 270.291667   16.12 0.000000  0.22 0.000000 0.043 0.000000000 9.99 0.259000 0.013 0.000   0.520 0.000   0.728 0.000 99.99 0.259000000   5.970 0.000   3.990 0.000   1.980 0.000 0.010 0.000000 0.121 0.000
272.291667 273.291667  185.45 0.000000  0.21 0.000000 9.999 0.259000000 9.99 0.259000 0.011 0.000   0.444 0.000   0.622 0.000 99.99 0.259000000  13.399 0.000   9.971 0.000   3.428 0.000 0.041 0.000000 0.177 0.000
275.291667 276.291667  306.79 0.000000  0.63 0.000000 9.999 0.259000000 0.11 0.000000 0.024 0.000   0.884 0.000   1.238 0.000 99.99 0.259000000  21.080 0.000  14.136 0.000   6.944 0.000 0.076 0.000000 0.324 0.000
278.291667 279.291667  308.53 0.000000  0.78 0.000000 9.999 0.259000000 9.99 0.259000 0.021 0.000   1.682 0.000   2.355 0.000 99.99 0.259000000  22.025 0.000  14.250 0.000   7.775 0.000 0.090 0.000000 0.227 0.000
281.291667 282.291667  270.34 0.000000  0.48 0.000000 9.999 0.259000000 9.99 0.259000 0.013 0.000   1.099 0.000   1.538 0.000 99.99 0.259000000  20.299 0.000  13.834 0.000   6.466 0.000 0.080 0.000000 0.158 0.000
284.291667 285.291667  111.14 0.000000  0.40 0.000000 9.999 0.259000000 9.99 0.259000 0.012 0.000   0.298 0.000   0.417 0.000 99.99 0.259000000  10.971 0.000   8.587 0.000   2.384 0.000 0.027 0.000000 0.079 0.000
287.291667 288.291667 9999.99 0.999000 99.99 0.999000 9.999 0.999000000 9.99 0.999000 9.999 0.999 999.999 0.999 999.999 0.999 99.99 0.999000000 999.999 0.999 999.999 0.999 999.999 0.999 9.999 0.999000 9.999 0.999
290.291667 291.291667  219.21 0.000000  0.60 0.000000 9.999 0.259000000 9.99 0.259000 0.013 0.000   0.475 0.000   0.665 0.000 99.99 0.259000000  14.964 0.000  10.791 0.000   4.173 0.000 0.054 0.000000 0.120 0.000
293.291667 294.291667  135.27 0.000000  0.40 0.000000 0.039 0.000000000 9.99 0.259000 0.013 0.559   0.583 0.000   0.816 0.000 99.99 0.259000000  12.722 0.000   9.537 0.000   3.186 0.000 0.036 0.000000 0.089 0.559
296.291667 297.291667   81.07 0.000000 99.99 0.259000 9.999 0.259000000 9.99 0.259000 0.010 0.000   0.344 0.000   0.482 0.000 99.99 0.259000000   8.794 0.000   6.362 0.000   2.432 0.000 0.029 0.000000 0.045 0.000
299.291667 300.291667   74.18 0.000000  0.49 0.000000 0.036 0.000000000 9.99 0.259000 0.005 0.000   0.534 0.000   0.748 0.000 99.99 0.259000000   9.477 0.000   7.172 0.000   2.305 0.000 0.027 0.000000 0.048 0.000
302.291667 303.291667   27.56 0.000000  0.34 0.000000 0.035 0.000000000 0.13 0.000000 0.013 0.559   0.306 0.000   0.428 0.000 99.99 0.259000000   8.639 0.000   6.442 0.000   2.198 0.000 0.012 0.000000 0.295 0.559
305.291667 306.291667   10.99 0.000000  0.85 0.000000 0.030 0.000000000 9.99 0.259000 0.205 0.000   0.927 0.000   1.298 0.000 99.99 0.259000000   7.936 0.000   3.376 0.000   4.561 0.000 0.015 0.000000 0.385 0.000
308.291667 309.291667   35.83 0.000000  0.62 0.000000 9.999 0.259000000 0.22 0.000000 0.136 0.000   1.178 0.000   1.649 0.000 99.99 0.259000000   6.150 0.000   0.848 0.000   5.302 0.000 0.039 0.000000 0.531 0.000
311.291667 312.291667   63.58 0.000000  0.75 0.000000 9.999 0.259000000 0.18 0.000000 0.218 0.000   0.949 0.000   1.329 0.000 99.99 0.259000000 999.999 0.456 999.999 0.999   4.969 0.000 0.022 0.000000 0.290 0.000
314.291667 315.291667   46.31 0.000000  0.20 0.000000 0.035 0.000000000 0.08 0.000000 0.013 0.000   0.316 0.000   0.442 0.000 99.99 0.259000000   1.494 0.000 999.999 0.259   1.677 0.000 0.023 0.000000 0.062 0.000
317.291667 318.291667   46.41 0.000000  0.62 0.000000 9.999 0.259000000 0.11 0.000000 0.026 0.000   0.813 0.000   1.138 0.000 99.99 0.259000000   4.603 0.000   1.961 0.000   2.641 0.000 0.023 0.000000 0.089 0.000
320.291667 321.291667   32.29 0.000000  0.34 0.000000 0.048 0.000000000 9.99 0.259000 0.008 0.000   0.239 0.000   0.335 0.000 99.99 0.259000000   4.320 0.000   2.866 0.000   1.454 0.000 0.010 0.000000 0.099 0.000
323.291667 324.291667   22.06 0.000000  0.13 0.000000 9.999 0.259000000 9.99 0.259000 0.009 0.000   0.231 0.000   0.323 0.000 99.99 0.259000000   2.705 0.000   1.750 0.000   0.955 0.000 0.009 0.000000 0.036 0.000
326.291667 327.291667   18.91 0.000000  0.62 0.000000 9.999 0.259000000 9.99 0.259000 0.104 0.000   0.960 0.000   1.343 0.000 99.99 0.259000000   5.774 0.000   2.539 0.000   3.235 0.000 0.024 0.000000 0.208 0.000
329.291667 330.291667   41.78 0.000000  0.41 0.000000 9.999 0.259000000 9.99 0.259000 0.041 0.000   0.321 0.000   0.449 0.000 99.99 0.259000000   4.423 0.000   2.958 0.000   1.465 0.000 0.014 0.000000 0.056 0.000
332.291667 333.291667   79.47 0.000000  1.60 0.000000 0.062 0.000000000 0.11 0.000000 0.014 0.000   0.438 0.000   0.613 0.000 99.99 0.259000000   9.689 0.000   7.404 0.000   2.285 0.000 0.025 0.000000 0.102 0.000
335.291667 336.291667   42.84 0.000000  0.64 0.000000 0.091 0.000000000 9.99 0.259000 0.122 0.000   0.691 0.000   0.968 0.000 99.99 0.259000000   6.683 0.000   4.344 0.000   2.339 0.000 0.017 0.000000 0.138 0.000
338.291667 339.291667   44.64 0.000000  0.74 0.000000 9.999 0.259000000 0.09 0.000000 0.049 0.559   0.320 0.000   0.448 0.000 99.99 0.259000000   4.449 0.000   2.951 0.000   1.498 0.000 0.019 0.000000 0.059 0.559
341.291667 342.291667    6.86 0.000000  0.29 0.000000 9.999 0.259000000 9.99 0.259000 0.051 0.000   0.374 0.000   0.523 0.000 99.99 0.259000000   1.323 0.000   0.259 0.000   1.064 0.000 0.012 0.000000 0.105 0.000
344.291667 345.291667   19.74 0.000000  0.49 0.000000 9.999 0.259000000 9.99 0.259000 0.308 0.000   0.808 0.000   1.131 0.000 99.99 0.259000000   5.146 0.000   0.750 0.000   4.395 0.000 0.012 0.000000 0.320 0.000
347.291667 348.291667   15.16 0.000000  0.38 0.000000 9.999 0.259000000 9.99 0.259000 0.007 0.000   0.257 0.000   0.359 0.000  5.17 0.000000000   3.224 0.000   2.300 0.000   0.924 0.000 0.006 0.000000 0.060 0.000
350.291667 351.291667   54.85 0.000000  0.23 0.000000 9.999 0.259000000 9.99 0.259000 0.008 0.000   0.263 0.000   0.369 0.000 99.99 0.259000000   7.192 0.000   5.543 0.000   1.649 0.000 0.023 0.000000 0.057 0.000
353.291667 354.291667   65.45 0.000000  0.29 0.000000 9.999 0.259000000 0.08 0.000000 0.014 0.000   0.426 0.000   0.596 0.000 99.99 0.259000000   8.218 0.000   6.150 0.000   2.069 0.000 0.019 0.000000 0.045 0.000
356.291667 357.291667 9999.99 0.456000 99.99 0.456000 9.999 0.456000000 9.99 0.456000 0.021 0.000   0.423 0.000   0.592 0.000 99.99 0.456000000   9.190 0.000 999.999 0.999 999.999 0.456 9.999 0.456000 0.061 0.000
359.291667 360.291667   37.37 0.000000  0.23 0.000000 0.081 0.000000000 9.99 0.259000 0.099 0.000   0.406 0.000   0.568 0.000 99.99 0.259000000   4.588 0.000   2.264 0.000   2.325 0.000 0.014 0.000000 0.166 0.000
362.291667 363.291667   40.07 0.000000  0.16 0.000000 9.999 0.259000000 9.99 0.259000 0.056 0.000   0.427 0.000   0.597 0.000 99.99 0.259000000   5.104 0.000   3.150 0.000   1.954 0.000 0.013 0.000000 0.077 0.000
