scripts/IMPROVE-2019_partial/data/US9016R.20060102060000.20191216000000.filterpack..pm25.52w.1w.US03L_filterpack_US9016.US03L_IMPROVE_Davis.lev2.nas
66 1001
MISSING INFORMATION
US03L, IMPROVE, , , , , , , 
MISSING INFORMATION
IMPROVE sel_HTAP
1 1
2006 01 01 2019 12 16
3.00
days from file reference point
27
1 1 1 1 1 1 1 1 1 1 1 1 1 1 1 1 1 1 1 1 1 1 1 1 1 1 1
999.99 9999.99 9.999 99.99 9.999 9.999 9.999 99.99 9.999 99.999 9.999 99.999 9.999 999.999 9.999 999.99 9.999 999.999 9.999 999.999 9.999 999.999 9.999 9.999 9.999 99.999 9.999
end_time of measurement, days from the file reference point
iron, ng/m3, Revision date=20181210133000
numflag iron, no unit, Revision date=20181210133000
lead, ng/m3, Revision date=20181210133000
numflag lead, no unit, Revision date=20181210133000
magnesium, ug/m3, Revision date=20181210133000
numflag magnesium, no unit, Revision date=20181210133000
nickel, ng/m3, Revision date=20181210133000
numflag nickel, no unit, Revision date=20181210133000
nitrate, ug N/m3, Revision date=20181210133000
numflag nitrate, no unit, Revision date=20181210133000
organic_carbon, ug C/m3, Revision date=20181210133000
numflag organic_carbon, no unit, Revision date=20181210133000
organic_mass, ug/m3, Revision date=20181210133000
numflag organic_mass, no unit, Revision date=20181210133000
phosphorus, ng/m3, Revision date=20181210133000
numflag phosphorus, no unit, Revision date=20181210133000
pm10_mass, ug/m3, Version=2, Version description=Data extracted from http://views.cira.colostate.edu/fed/DataWizard 2019-12-16, Sample duration=1d, Orig. time res.=3d, Matrix=pm10, Blank correction=Blank corrected, Volume std. temperature=ambient, Volume std. pressure=ambient
numflag pm10_mass, no unit, Version=2, Version description=Data extracted from http://views.cira.colostate.edu/fed/DataWizard 2019-12-16, Sample duration=1d, Orig. time res.=3d, Matrix=pm10, Blank correction=Blank corrected, Volume std. temperature=ambient, Volume std. pressure=ambient
pm10_pm25_mass, ug/m3, Revision date=20181210133000, Matrix=pm10_pm25
numflag pm10_pm25_mass, no unit, Revision date=20181210133000, Matrix=pm10_pm25
pm25_mass, ug/m3, Version=2, Version description=Data extracted from http://views.cira.colostate.edu/fed/DataWizard 2019-12-16, Sample duration=1d, Orig. time res.=3d, Blank correction=Blank corrected, Volume std. temperature=ambient, Volume std. pressure=ambient
numflag pm25_mass, no unit, Version=2, Version description=Data extracted from http://views.cira.colostate.edu/fed/DataWizard 2019-12-16, Sample duration=1d, Orig. time res.=3d, Blank correction=Blank corrected, Volume std. temperature=ambient, Volume std. pressure=ambient
potassium, ug/m3, Revision date=20181210133000
numflag potassium, no unit, Revision date=20181210133000
sulphate_total, ug S/m3, Revision date=20181210133000
numflag sulphate_total, no unit, Revision date=20181210133000
0
25
Data definition:              EBAS_1.1
Set type code:                TU
Timezone:                     UTC
File name:                    US9016R.20060102060000.20191216000000.filterpack..pm25.52w.1w.US03L_filterpack_US9016.US03L_IMPROVE_Davis.lev2.nas
File creation:                20191218120615
Startdate:                    20060102060000
Revision date:                20191216000000
Statistics:                   arithmetic mean
Data level:                   2
Period code:                  52w
Resolution code:              1w
Station code:                 US9016R
Platform code:                US9016S
Station name:                 Omaha
Station latitude:             42.1487
Station longitude:            -96.4318
Station altitude:             429.0 m
Regime:                       IMG
Component:                    
Matrix:                       pm25
Laboratory code:              US03L
Instrument type:              filterpack
Instrument name:              filterpack_US9016
Method ref:                   US03L_IMPROVE_Davis
starttime endtime Fe flag_Fe Pb flag_Pb Mg++ flag_Mg++ Ni flag_Ni NO3- flag_NO3- OC flag_OC OM flag_OM P flag_P PM10 flag_PM10 PM10-PM2.5 flag_PM10-PM2.5 PM2.5 flag_PM2.5 K+ flag_K+ SO4-- flag_SO4--
  1.25   2.25   11.01 0.000  1.22 0.000 9.999 0.259 99.99 0.259  1.226 0.000  0.957 0.559   1.340 0.559 999.99 0.259  17.041 0.000 999.999 0.259  17.230 0.000 0.026 0.000  1.749 0.000
  4.25   5.25    4.35 0.000  0.91 0.000 9.999 0.259 99.99 0.259  1.196 0.559  0.353 0.559   0.495 0.559 999.99 0.259  11.995 0.000 999.999 0.259  12.019 0.000 0.013 0.000  0.944 0.559
  7.25   8.25   13.52 0.000  4.13 0.000 0.020 0.000 99.99 0.259  1.457 0.000  0.909 0.000   1.273 0.000 999.99 0.259  16.467 0.000   0.450 0.000  16.017 0.000 0.029 0.000  1.058 0.000
 10.25  11.25   51.34 0.000  2.01 0.000 0.013 0.000 99.99 0.259  0.441 0.000  0.953 0.000   1.334 0.000 999.99 0.259  14.902 0.000   8.638 0.000   6.264 0.000 0.070 0.000  0.238 0.000
 13.25  14.25   26.24 0.000  1.26 0.000 9.999 0.259 99.99 0.259  0.792 0.000  0.725 0.000   1.015 0.000 999.99 0.259  13.945 0.000   5.716 0.000   8.229 0.000 0.032 0.000  0.445 0.000
 16.25  17.25    4.69 0.000  1.87 0.000 9.999 0.259 99.99 0.259  0.427 0.559  0.473 0.559   0.662 0.559 999.99 0.259   6.212 0.000 999.999 0.259   6.224 0.000 0.016 0.000  0.632 0.559
 19.25  20.25   10.33 0.000  0.46 0.000 9.999 0.259  0.15 0.000  0.848 0.000  0.505 0.000   0.707 0.000 999.99 0.259  15.394 0.000   0.943 0.000  14.450 0.000 0.013 0.000  1.881 0.000
 22.25  23.25 9999.99 0.999 99.99 0.999 9.999 0.999 99.99 0.999 99.999 0.999 99.999 0.999 999.999 0.999 999.99 0.999 999.999 0.999 999.999 0.999 999.999 0.999 9.999 0.999 99.999 0.999
 25.25  26.25 9999.99 0.999 99.99 0.999 9.999 0.999 99.99 0.999 99.999 0.999 99.999 0.999 999.999 0.999 999.99 0.999 999.999 0.999 999.999 0.999 999.999 0.999 9.999 0.999 99.999 0.999
 28.25  29.25   11.56 0.000  1.34 0.000 9.999 0.259  0.21 0.000  1.179 0.000  0.668 0.000   0.936 0.000 999.99 0.259  12.491 0.000   0.744 0.000  11.747 0.000 0.019 0.000  0.770 0.000
 31.25  32.25    9.21 0.000  0.53 0.000 9.999 0.259 99.99 0.259  0.260 0.000  0.321 0.559   0.449 0.559 999.99 0.259   4.156 0.000   1.385 0.000   2.771 0.000 0.011 0.000  0.193 0.000
 34.25  35.25    8.13 0.000  0.55 0.000 9.999 0.259 99.99 0.259  0.141 0.000  0.338 0.559   0.472 0.559 999.99 0.259   5.012 0.000   1.721 0.000   3.291 0.000 0.011 0.000  0.396 0.000
 37.25  38.25    7.08 0.000  0.44 0.000 9.999 0.259 99.99 0.259  0.481 0.000  0.498 0.559   0.698 0.559 999.99 0.259   8.272 0.000   1.774 0.000   6.498 0.000 0.021 0.000  0.576 0.000
 40.25  41.25    7.80 0.000  0.18 0.000 9.999 0.259  0.19 0.000  0.062 0.000  0.238 0.559   0.333 0.559 999.99 0.259   4.319 0.000   2.327 0.000   1.992 0.000 0.012 0.000  0.255 0.000
 43.25  44.25   19.46 0.000  0.94 0.000 9.999 0.259 99.99 0.259  0.222 0.000  0.399 0.559   0.559 0.559 999.99 0.259   6.316 0.000   3.025 0.000   3.291 0.000 0.028 0.000  0.224 0.000
 46.25  47.25   17.90 0.000  1.03 0.000 9.999 0.259  0.22 0.000  0.359 0.559  0.403 0.559   0.564 0.559 999.99 0.259   9.426 0.000   4.478 0.000   4.948 0.000 0.016 0.000  0.408 0.559
 49.25  50.25   25.56 0.000  1.90 0.000 9.999 0.259  0.12 0.000  0.412 0.559  0.963 0.559   1.349 0.559 999.99 0.259  14.823 0.000   8.345 0.000   6.478 0.000 0.053 0.000  0.319 0.559
 52.25  53.25   31.16 0.000  2.67 0.000 9.999 0.259 99.99 0.259  0.246 0.000  0.628 0.000   0.880 0.000 999.99 0.259  10.258 0.000   6.109 0.000   4.149 0.000 0.030 0.000  0.232 0.000
 55.25  56.25   27.43 0.000  1.39 0.000 9.999 0.259 99.99 0.259  0.452 0.559  0.452 0.559   0.633 0.559 999.99 0.259  14.681 0.000   8.617 0.000   6.063 0.000 0.025 0.000  0.466 0.559
 58.25  59.25   75.48 0.000  5.82 0.000 0.017 0.000  0.57 0.000  2.183 0.000  2.538 0.000   3.554 0.000 999.99 0.259  48.111 0.000  28.727 0.000  19.384 0.000 0.080 0.000  0.753 0.000
 61.25  62.25   42.82 0.000  1.04 0.000 9.999 0.259  0.11 0.000  0.329 0.559  0.491 0.559   0.687 0.559 999.99 0.259  18.605 0.000  14.025 0.000   4.580 0.000 0.031 0.000  0.241 0.559
 64.25  65.25   15.11 0.000  2.86 0.000 9.999 0.259 99.99 0.259  0.493 0.559  0.504 0.559   0.705 0.559 999.99 0.259  10.020 0.000   3.068 0.000   6.951 0.000 0.018 0.000  0.661 0.559
 67.25  68.25 9999.99 0.999 99.99 0.999 9.999 0.999 99.99 0.999 99.999 0.999 99.999 0.999 999.999 0.999 999.99 0.999 999.999 0.999 999.999 0.999 999.999 0.999 9.999 0.999 99.999 0.999
 70.25  71.25    9.08 0.000  1.52 0.000 9.999 0.259 99.99 0.259  0.241 0.000  0.329 0.559   0.461 0.559 999.99 0.259   4.872 0.000   1.303 0.000   3.568 0.000 0.014 0.000  0.319 0.000
 73.25  74.25   20.79 0.000  1.92 0.000 9.999 0.259 99.99 0.259  0.860 0.000  0.778 0.559   1.089 0.559 999.99 0.259  15.850 0.000   5.595 0.000  10.255 0.000 0.028 0.000  0.866 0.000
 76.25  77.25   18.08 0.000  2.23 0.000 9.999 0.259  0.11 0.000  0.575 0.000  0.758 0.559   1.061 0.559 999.99 0.259   9.567 0.000   2.955 0.000   6.611 0.000 0.031 0.000  0.361 0.000
 79.25  80.25   11.72 0.000  0.59 0.000 9.999 0.259 99.99 0.259  0.496 0.559  0.455 0.559   0.636 0.559 999.99 0.259   9.851 0.000   0.301 0.000   9.550 0.000 0.017 0.000  1.314 0.559
 82.25  83.25 9999.99 0.999 99.99 0.999 9.999 0.999 99.99 0.999 99.999 0.999 99.999 0.999 999.999 0.999 999.99 0.999 999.999 0.999 999.999 0.999 999.999 0.999 9.999 0.999 99.999 0.999
 85.25  86.25   15.54 0.000  2.54 0.000 9.999 0.259 99.99 0.259  0.888 0.000  2.343 0.559   3.280 0.559 999.99 0.259  15.259 0.000   0.672 0.000  14.586 0.000 0.060 0.000  0.709 0.000
 88.25  89.25   33.76 0.000  1.22 0.000 9.999 0.259  0.20 0.000  0.363 0.000  2.079 0.000   2.911 0.000 999.99 0.259  11.721 0.000   1.194 0.000  10.528 0.000 0.052 0.000  0.855 0.000
 91.25  92.25    9.87 0.000  3.20 0.000 9.999 0.259 99.99 0.259  0.392 0.000  0.908 0.000   1.271 0.000 999.99 0.259   6.554 0.000 999.999 0.259   6.756 0.000 0.027 0.000  0.615 0.000
 94.25  95.25   73.45 0.000  4.19 0.000 0.019 0.000  0.18 0.000  0.367 0.000  4.546 0.000   6.365 0.000 999.99 0.259  27.285 0.000  11.857 0.000  15.428 0.000 0.167 0.000  0.926 0.000
 97.25  98.25   37.56 0.000  3.21 0.000 0.017 0.000  0.19 0.000  0.156 0.000  0.305 0.000   0.427 0.000 999.99 0.259   6.427 0.000   3.303 0.000   3.124 0.000 0.034 0.000  0.319 0.000
100.25 101.25   69.48 0.000  2.25 0.000 0.020 0.000  0.17 0.000  0.138 0.000  3.563 0.000   4.988 0.000 999.99 0.259  24.056 0.000  10.234 0.000  13.823 0.000 0.110 0.000  1.176 0.000
103.25 104.25 9999.99 0.999 99.99 0.999 9.999 0.999 99.99 0.999 99.999 0.999 99.999 0.999 999.999 0.999 999.99 0.999 999.999 0.999 999.999 0.999 999.999 0.999 9.999 0.999 99.999 0.999
106.25 107.25   16.89 0.000  2.55 0.000 9.999 0.259  0.22 0.000  0.735 0.000  0.835 0.559   1.169 0.559 999.99 0.259  14.048 0.000   2.884 0.000  11.164 0.000 0.023 0.000  1.237 0.000
109.25 110.25   19.89 0.000 99.99 0.259 9.999 0.259 99.99 0.259  0.075 0.000  0.167 0.000   0.233 0.000 999.99 0.259   6.468 0.000   4.778 0.000   1.689 0.000 0.012 0.000  0.211 0.000
112.25 113.25 9999.99 0.999 99.99 0.999 9.999 0.999 99.99 0.999 99.999 0.999 99.999 0.999 999.999 0.999 999.99 0.999 999.999 0.999 999.999 0.999 999.999 0.999 9.999 0.999 99.999 0.999
115.25 116.25 9999.99 0.999 99.99 0.999 9.999 0.999 99.99 0.999 99.999 0.999 99.999 0.999 999.999 0.999 999.99 0.999 999.999 0.999 999.999 0.999 999.999 0.999 9.999 0.999 99.999 0.999
118.25 119.25    6.35 0.000  0.72 0.000 9.999 0.259 99.99 0.259  0.156 0.559  0.455 0.000   0.637 0.000 999.99 0.259   3.280 0.000   0.187 0.000   3.094 0.000 0.010 0.000  0.397 0.559
121.25 122.25 9999.99 0.999 99.99 0.999 9.999 0.999 99.99 0.999 99.999 0.999 99.999 0.999 999.999 0.999 999.99 0.999 999.999 0.999 999.999 0.999 999.999 0.999 9.999 0.999 99.999 0.999
124.25 125.25   21.98 0.000  0.60 0.000 9.999 0.259 99.99 0.259  0.130 0.559  0.467 0.000   0.654 0.000 999.99 0.259  10.061 0.000   6.660 0.000   3.401 0.000 0.018 0.000  0.377 0.559
127.25 128.25   30.68 0.000  2.12 0.000 9.999 0.259  0.18 0.000  0.317 0.000  1.034 0.000   1.447 0.000 999.99 0.259  14.434 0.000   7.771 0.000   6.663 0.000 0.033 0.000  0.752 0.000
130.25 131.25   26.74 0.000  0.54 0.000 9.999 0.259 99.99 0.259  0.109 0.559  0.287 0.000   0.402 0.000 999.99 0.259   5.741 0.000   3.348 0.000   2.393 0.000 0.019 0.000  0.209 0.559
133.25 134.25    9.02 0.000  0.49 0.000 9.999 0.259 99.99 0.259  0.177 0.559  0.327 0.000   0.457 0.000 999.99 0.259   5.943 0.000   1.851 0.000   4.092 0.000 0.006 0.000  0.593 0.559
136.25 137.25   60.05 0.000  1.33 0.000 9.999 0.259 99.99 0.259  0.082 0.559  0.773 0.000   1.082 0.000 999.99 0.259  15.917 0.000  12.088 0.000   3.829 0.000 0.039 0.000  0.261 0.559
139.25 140.25   70.59 0.000  2.30 0.000 9.999 0.259 99.99 0.259  0.088 0.559  1.240 0.000   1.736 0.000 999.99 0.259  16.375 0.000  10.411 0.000   5.964 0.000 0.049 0.000  0.382 0.559
142.25 143.25   75.42 0.000  2.97 0.000 9.999 0.259  0.18 0.000  0.131 0.559  1.705 0.000   2.387 0.000 999.99 0.259  33.582 0.000  19.695 0.000  13.887 0.000 0.074 0.000  1.694 0.559
145.25 146.25   39.75 0.000  2.12 0.000 9.999 0.259 99.99 0.259  0.289 0.559  1.023 0.000   1.433 0.000 999.99 0.259  17.639 0.000  11.373 0.000   6.266 0.000 0.034 0.000  0.556 0.559
148.25 149.25   65.76 0.000  0.79 0.000 9.999 0.259  0.17 0.000  0.073 0.559  1.072 0.000   1.501 0.000 999.99 0.259  14.987 0.000   8.735 0.000   6.252 0.000 0.055 0.000  0.589 0.559
151.25 152.25   93.27 0.000  1.06 0.000 9.999 0.259 99.99 0.259  0.039 0.000  0.657 0.000   0.920 0.000 999.99 0.259  20.663 0.000  15.582 0.000   5.081 0.000 0.047 0.000  0.368 0.000
154.25 155.25   36.00 0.000  2.94 0.000 0.018 0.000 99.99 0.259  0.043 0.000  1.074 0.000   1.503 0.000 999.99 0.259   9.546 0.000   2.896 0.000   6.650 0.000 0.034 0.000  0.704 0.000
157.25 158.25   74.87 0.000  0.72 0.000 0.028 0.000 99.99 0.259  0.035 0.000  1.066 0.000   1.492 0.000 999.99 0.259  14.975 0.000   9.340 0.000   5.634 0.000 0.047 0.000  0.409 0.000
160.25 161.25   34.26 0.000  1.67 0.000 0.014 0.000 99.99 0.259  0.151 0.000  1.251 0.000   1.751 0.000 999.99 0.259  15.765 0.000   9.632 0.000   6.133 0.000 0.032 0.000  0.551 0.000
163.25 164.25   46.95 0.000  2.09 0.000 9.999 0.259 99.99 0.259  0.175 0.000  0.993 0.000   1.390 0.000 999.99 0.259  16.875 0.000  10.059 0.000   6.817 0.000 0.047 0.000  0.812 0.000
166.25 167.25   70.35 0.000  1.60 0.000 0.032 0.000 99.99 0.259  0.074 0.000  2.951 0.000   4.132 0.000 999.99 0.259  25.511 0.000   6.476 0.000  19.035 0.000 0.082 0.000  2.119 0.000
169.25 170.25   20.43 0.000  0.96 0.000 0.011 0.000 99.99 0.259  0.065 0.000  0.679 0.000   0.951 0.000 999.99 0.259   8.240 0.000   4.455 0.000   3.785 0.000 0.147 0.000  0.386 0.000
172.25 173.25   49.79 0.000  0.92 0.000 0.020 0.000  0.13 0.000  0.045 0.559  1.060 0.000   1.484 0.000 999.99 0.259  10.232 0.000   5.040 0.000   5.192 0.000 0.042 0.000  0.276 0.559
175.25 176.25   20.66 0.000  1.06 0.000 0.011 0.000 99.99 0.259  0.057 0.559  1.816 0.000   2.542 0.000 999.99 0.259   9.790 0.000   3.551 0.000   6.239 0.000 0.042 0.000  0.292 0.559
178.25 179.25   79.79 0.000  2.52 0.000 0.031 0.000 99.99 0.259  0.053 0.559  7.099 0.000   9.938 0.000 999.99 0.259  30.257 0.000  12.116 0.000  18.141 0.000 0.174 0.000  0.326 0.559
181.25 182.25   77.31 0.000  1.47 0.000 9.999 0.259 99.99 0.259  0.050 0.559  2.516 0.000   4.529 0.000 999.99 0.259  26.590 0.000  15.020 0.000  11.569 0.000 0.197 0.000  0.861 0.559
184.25 185.25   31.43 0.000  2.33 0.000 0.017 0.000 99.99 0.259  0.046 0.559  6.174 0.000  11.114 0.000 999.99 0.259  21.938 0.000   4.699 0.000  17.239 0.000 0.667 0.000  0.462 0.559
187.25 188.25   63.48 0.000  2.82 0.000 9.999 0.259 99.99 0.259  0.042 0.559  2.119 0.559   3.813 0.559 999.99 0.259  22.154 0.000  10.388 0.000  11.766 0.000 0.150 0.000  0.882 0.559
190.25 191.25   37.27 0.000  1.78 0.000 9.999 0.259 99.99 0.259  0.028 0.559  0.963 0.000   1.734 0.000 999.99 0.259  14.662 0.000   9.404 0.000   5.258 0.000 0.038 0.000  0.342 0.559
193.25 194.25 9999.99 0.456 99.99 0.456 9.999 0.456 99.99 0.456 99.999 0.456 99.999 0.456 999.999 0.456 999.99 0.456 999.999 0.456 999.999 0.456 999.999 0.456 9.999 0.456 99.999 0.456
196.25 197.25 9999.99 0.456 99.99 0.456 9.999 0.456 99.99 0.456 99.999 0.456 99.999 0.456 999.999 0.456 999.99 0.456 999.999 0.456 999.999 0.456 999.999 0.456 9.999 0.456 99.999 0.456
199.25 200.25 9999.99 0.999 99.99 0.999 9.999 0.999 99.99 0.999 99.999 0.999 99.999 0.999 999.999 0.999 999.99 0.999 999.999 0.999 999.999 0.999 999.999 0.999 9.999 0.999 99.999 0.999
202.25 203.25 9999.99 0.999 99.99 0.999 9.999 0.999 99.99 0.999 99.999 0.999 99.999 0.999 999.999 0.999 999.99 0.999 999.999 0.999 999.999 0.999 999.999 0.999 9.999 0.999 99.999 0.999
205.25 206.25   60.57 0.000  2.36 0.000 0.010 0.000 99.99 0.259  0.051 0.559  1.715 0.000   3.088 0.000 999.99 0.259  22.648 0.000  12.216 0.000  10.432 0.000 0.071 0.000  0.856 0.559
208.25 209.25   65.61 0.000  1.17 0.000 9.999 0.259 99.99 0.259  0.082 0.559  1.384 0.000   2.491 0.000 999.99 0.259  18.390 0.000  10.251 0.000   8.139 0.000 0.061 0.000  0.705 0.559
211.25 212.25  124.57 0.000  2.26 0.000 9.999 0.259  0.22 0.000  0.091 0.000  1.756 0.000   3.160 0.000 999.99 0.259  34.910 0.000  24.273 0.000  10.637 0.000 0.091 0.000  0.883 0.000
214.25 215.25   42.36 0.000  1.24 0.000 9.999 0.259 99.99 0.259  0.046 0.559  1.482 0.000   2.667 0.000 999.99 0.259  11.797 0.000   6.181 0.000   5.616 0.000 0.046 0.000  0.226 0.559
217.25 218.25   31.70 0.000  1.31 0.000 9.999 0.259 99.99 0.259  0.027 0.559  0.978 0.000   1.761 0.000 999.99 0.259  10.823 0.000   4.978 0.000   5.846 0.000 0.031 0.000  0.552 0.559
220.25 221.25   93.23 0.000  1.84 0.000 0.023 0.000  0.15 0.000  0.085 0.559  1.296 0.000   2.332 0.000 999.99 0.259  17.591 0.000   6.527 0.000  11.064 0.000 0.057 0.000  1.320 0.559
223.25 224.25   42.87 0.000  3.06 0.000 9.999 0.259  0.12 0.000  0.060 0.559  1.285 0.000   2.313 0.000 999.99 0.259  23.147 0.000   2.610 0.000  20.537 0.000 0.034 0.000  3.713 0.559
226.25 227.25   20.30 0.000  1.45 0.000 9.999 0.259 99.99 0.259  0.045 0.559  0.672 0.000   1.210 0.000 999.99 0.259  10.279 0.000   6.258 0.000   4.021 0.000 0.024 0.000  0.329 0.559
229.25 230.25   16.02 0.000  1.17 0.000 9.999 0.259  0.10 0.000  0.079 0.559  0.519 0.000   0.935 0.000 999.99 0.259   8.123 0.000   2.942 0.000   5.181 0.000 0.023 0.000  0.637 0.559
232.25 233.25   23.54 0.000  2.16 0.000 9.999 0.259 99.99 0.259  0.066 0.559  1.089 0.000   1.960 0.000 999.99 0.259  13.170 0.000   6.272 0.000   6.898 0.000 0.058 0.000  0.697 0.559
235.25 236.25   53.53 0.000  2.19 0.000 9.999 0.259 99.99 0.259  0.048 0.000  1.375 0.000   2.476 0.000 999.99 0.259  19.671 0.000   8.915 0.000  10.756 0.000 0.054 0.000  1.297 0.000
238.25 239.25   35.85 0.000  3.05 0.000 0.015 0.000 99.99 0.259  0.034 0.559  1.433 0.000   2.579 0.000 999.99 0.259  16.165 0.000   9.747 0.000   6.418 0.000 0.056 0.000  0.405 0.559
241.25 242.25   22.84 0.000  1.19 0.000 9.999 0.259 99.99 0.259  0.017 0.559  0.671 0.000   1.207 0.000 999.99 0.259   9.849 0.000   6.065 0.000   3.784 0.000 0.023 0.000  0.221 0.559
244.25 245.25    6.39 0.000  0.24 0.000 0.010 0.000 99.99 0.259  0.011 0.559  0.249 0.000   0.448 0.000 999.99 0.259   4.316 0.000   3.056 0.000   1.260 0.000 0.012 0.000  0.079 0.559
247.25 248.25   23.43 0.000  1.47 0.000 0.008 0.000 99.99 0.259  0.035 0.559  1.009 0.000   1.817 0.000 999.99 0.259   8.948 0.000   3.910 0.000   5.038 0.000 0.028 0.000  0.376 0.559
250.25 251.25   52.74 0.000  1.40 0.000 9.999 0.259 99.99 0.259  0.069 0.559  1.486 0.000   2.674 0.000 999.99 0.259  19.248 0.000  11.177 0.000   8.071 0.000 0.067 0.000  0.730 0.559
253.25 254.25    9.31 0.000  1.36 0.000 0.011 0.000 99.99 0.259  0.088 0.559  0.385 0.000   0.693 0.000 999.99 0.259   8.229 0.000   1.788 0.000   6.442 0.000 0.007 0.000  1.146 0.559
256.25 257.25   41.86 0.000  3.41 0.000 9.999 0.259 99.99 0.259  0.059 0.559  1.736 0.000   3.125 0.000 999.99 0.259  21.249 0.000  13.346 0.000   7.904 0.000 0.051 0.000  0.549 0.559
