scripts/IMPROVE-2019_partial/data/US9061R.19900103060000.20191216000000.filterpack...1y.3d.US03L_filterpack_US9061.US03L_IMPROVE_Davis.lev2.nas
52 1001
MISSING INFORMATION
US03L, IMPROVE, , , , , , , 
MISSING INFORMATION
IMPROVE sel_HTAP
1 1
1990 01 01 2019 12 16
0
days from file reference point
5
1 1 1 1 1
999.99 999.999 9.999 999.999 9.999999
end_time of measurement, days from the file reference point
pm10_mass, ug/m3, Matrix=pm10
numflag pm10_mass, no unit, Matrix=pm10
pm25_mass, ug/m3, Matrix=pm25
numflag pm25_mass, no unit, Matrix=pm25
0
33
Data definition:              EBAS_1.1
Set type code:                TI
Timezone:                     UTC
File name:                    US9061R.19900103060000.20191216000000.filterpack...1y.3d.US03L_filterpack_US9061.US03L_IMPROVE_Davis.lev2.nas
File creation:                20191218120934
Startdate:                    19900103060000
Revision date:                20191216000000
Version:                      2
Version description:          "Data extracted from http://views.cira.colostate.edu/fed/DataWizard 2019-12-16"
Statistics:                   arithmetic mean
Data level:                   2
Period code:                  1y
Resolution code:              3d
Sample duration:              1d
Orig. time res.:              3d
Station code:                 US9061R
Platform code:                US9061S
Station name:                 Voyageurs NP #1
Station latitude:             48.4132
Station longitude:            -92.8303
Station altitude:             425.0 m
Regime:                       IMG
Component:                    
Unit:                         ug/m3
Matrix:                       
Laboratory code:              US03L
Instrument type:              filterpack
Instrument name:              filterpack_US9061
Method ref:                   US03L_IMPROVE_Davis
Blank correction:             Blank corrected
Volume std. temperature:      ambient
Volume std. pressure:         ambient
starttime endtime PM10 flag_PM10 PM2.5 flag_PM2.5
  2.25   3.25  11.312 0.000 999.999 0.999000
  5.25   6.25   6.119 0.000   4.379 0.000000
  9.25  10.25   7.266 0.000   3.853 0.000000
 12.25  13.25   7.500 0.000   4.404 0.000000
 16.25  17.25   7.723 0.000   5.644 0.000000
 19.25  20.25  12.279 0.000   5.031 0.000000
 23.25  24.25   5.833 0.000   4.236 0.000000
 26.25  27.25   7.476 0.000   5.095 0.000000
 30.25  31.25   6.667 0.000   4.565 0.000000
 33.25  34.25   9.161 0.000   3.789 0.000000
 37.25  38.25  12.827 0.000 999.999 0.999000
 40.25  41.25   7.963 0.000   7.267 0.000000
 44.25  45.25   8.006 0.000   5.788 0.000000
 47.25  48.25   9.880 0.000   4.455 0.000000
 51.25  52.25   9.694 0.000   5.000 0.000000
 54.25  55.25   5.602 0.000   5.289 0.000000
 58.25  59.25   4.792 0.000   2.878 0.000000
 61.25  62.25   8.333 0.000   5.433 0.000000
 65.25  66.25 999.999 0.259   4.611 0.000000
 68.25  69.25   7.308 0.000   1.970 0.000000
 72.25  73.25   7.389 0.000   3.672 0.000000
 75.25  76.25   4.448 0.000   2.878 0.000000
 79.25  80.25   7.438 0.000   5.619 0.000000
 82.25  83.25  13.186 0.000   3.988 0.000000
 86.25  87.25   6.228 0.000   3.601 0.000000
 89.25  90.25  12.353 0.000   7.718 0.000000
 93.25  94.25  12.246 0.000   3.000 0.000000
 96.25  97.25   8.013 0.000   6.133 0.000000
100.25 101.25   6.687 0.000   4.474 0.000000
103.25 104.25   9.042 0.000   5.710 0.000000
107.25 108.25  13.920 0.000   6.899 0.000000
110.25 111.25  10.769 0.000   5.937 0.000000
114.25 115.25  12.333 0.000   5.805 0.000000
117.25 118.25   4.592 0.000   0.486 0.000000
121.25 122.25 999.999 0.999   2.819 0.000000
124.25 125.25   8.953 0.000   5.697 0.000000
128.25 129.25   1.383 0.000   1.071 0.000000
131.25 132.25   8.158 0.000   3.892 0.000000
135.25 136.25  10.233 0.000   8.087 0.000000
138.25 139.25   5.232 0.000   3.573 0.000000
142.25 143.25  16.316 0.000   4.841 0.000000
145.25 146.25 999.999 0.999   4.636 0.000000
149.25 150.25   8.401 0.000   5.959 0.000000
152.25 153.25  13.171 0.000   8.732 0.000000
156.25 157.25  11.073 0.000   4.152 0.000000
159.25 160.25   8.978 0.000   3.547 0.000000
163.25 164.25  14.742 0.000   3.383 0.000000
166.25 167.25   6.806 0.000   5.778 0.000000
170.25 171.25   8.416 0.000   2.829 0.000000
173.25 174.25  23.490 0.000   3.218 0.000000
177.25 178.25  13.186 0.000   7.398 0.000000
180.25 181.25  10.891 0.000   7.339 0.000000
184.25 185.25  20.544 0.000   2.471 0.000000
187.25 188.25  15.776 0.000   8.396 0.000000
191.25 192.25  23.130 0.000   3.631 0.000000
194.25 195.25  34.763 0.000   6.513 0.000000
198.25 199.25  13.911 0.000   5.418 0.000000
201.25 202.25   7.477 0.000   7.152 0.000000
205.25 206.25  21.832 0.000   9.123 0.000000
208.25 209.25  34.492 0.000  16.491 0.000000
212.25 213.25  20.637 0.000   7.695 0.000000
215.25 216.25  13.297 0.000   8.732 0.000000
219.25 220.25  24.465 0.000   7.088 0.000000
222.25 223.25  16.312 0.000   3.618 0.000000
226.25 227.25  23.820 0.000   4.500 0.000000
229.25 230.25  15.504 0.000   4.911 0.000000
233.25 234.25  12.482 0.000   6.059 0.000000
236.25 237.25  18.667 0.000   7.690 0.000000
240.25 241.25  12.884 0.000   4.386 0.000000
243.25 244.25  24.318 0.000   5.468 0.559000
247.25 248.25  10.185 0.000   4.866 0.559000
250.25 251.25  10.463 0.000   5.401 0.559000
254.25 255.25   8.598 0.000   5.225 0.559000
257.25 258.25  15.417 0.000 999.999 0.559259
261.25 262.25  18.175 0.000   7.440 0.559000
264.25 265.25 999.999 0.999 999.999 0.999000
268.25 269.25  22.588 0.000   5.315 0.559000
271.25 272.25   8.566 0.000   1.522 0.559000
275.25 276.25  17.744 0.000   6.677 0.559000
278.25 279.25 999.999 0.999   2.006 0.559000
282.25 283.25  19.574 0.000   6.847 0.559000
285.25 286.25  32.171 0.000   5.676 0.559000
289.25 290.25  13.520 0.000   3.689 0.559000
292.25 293.25  10.042 0.000   6.564 0.559000
296.25 297.25   5.604 0.000   4.024 0.559000
299.25 300.25  71.313 0.000 999.999 0.559259
303.25 304.25  22.015 0.000   9.938 0.559000
306.25 307.25   7.636 0.000   6.718 0.559000
310.25 311.25   8.926 0.000   4.228 0.559000
313.25 314.25   9.578 0.000   3.210 0.559000
317.25 318.25  22.032 0.000  14.660 0.559000
320.25 321.25   9.084 0.000   2.875 0.559000
324.25 325.25  25.378 0.000  14.462 0.559000
327.25 328.25  14.095 0.000   3.585 0.559000
331.25 332.25  12.447 0.000   7.102 0.559000
334.25 335.25   8.922 0.000   6.688 0.559000
338.25 339.25  11.240 0.000   7.037 0.559000
341.25 342.25   7.479 0.000 999.999 0.559259
345.25 346.25   8.625 0.000   6.358 0.559000
348.25 349.25  16.776 0.000 999.999 0.559259
352.25 353.25 999.999 0.999 999.999 0.999000
355.25 356.25   7.029 0.000   2.880 0.559000
359.25 360.25 999.999 0.999 999.999 0.999000
362.25 363.25 999.999 0.999 999.999 0.999000
