scripts/IMPROVE-2019_partial/data/US9025U.19980103080000.20191216000000.filterpack.pm25_mass.pm25.1y.3d.US03L_filterpack_US9025.US03L_IMPROVE_Davis.lev2.nas
50 1001
MISSING INFORMATION
US03L, IMPROVE, , , , , , , 
MISSING INFORMATION
IMPROVE sel_HTAP
1 1
1998 01 01 2019 12 16
0
days from file reference point
3
1 1 1
999.999999 999.999 9.999
end_time of measurement, days from the file reference point
pm25_mass, ug/m3
numflag pm25_mass, no unit
0
33
Data definition:              EBAS_1.1
Set type code:                TI
Timezone:                     UTC
File name:                    US9025U.19980103080000.20191216000000.filterpack.pm25_mass.pm25.1y.3d.US03L_filterpack_US9025.US03L_IMPROVE_Davis.lev2.nas
File creation:                20191218120652
Startdate:                    19980103080000
Revision date:                20191216000000
Version:                      2
Version description:          "Data extracted from http://views.cira.colostate.edu/fed/DataWizard 2019-12-16"
Statistics:                   arithmetic mean
Data level:                   2
Period code:                  1y
Resolution code:              3d
Sample duration:              1d
Orig. time res.:              3d
Station code:                 US9025U
Platform code:                US9025S
Station name:                 Puget Sound
Station latitude:             47.5696
Station longitude:            -122.3119
Station altitude:             97.0 m
Regime:                       IMG
Component:                    pm25_mass
Unit:                         ug/m3
Matrix:                       pm25
Laboratory code:              US03L
Instrument type:              filterpack
Instrument name:              filterpack_US9025
Method ref:                   US03L_IMPROVE_Davis
Blank correction:             Blank corrected
Volume std. temperature:      ambient
Volume std. pressure:         ambient
starttime endtime PM2.5 flag_PM2.5
  2.333333   3.333333   7.039 0.000
  6.333333   7.333333   4.096 0.000
  9.333333  10.333333   6.176 0.000
 13.333333  14.333333   3.645 0.000
 16.333333  17.333333   5.084 0.000
 20.333333  21.333333   3.977 0.000
 23.333333  24.333333   3.090 0.000
 27.333333  28.333333   5.337 0.000
 30.333333  31.333333   6.272 0.000
 34.333333  35.333333  10.150 0.000
 37.333333  38.333333   4.399 0.000
 41.333333  42.333333 999.999 0.999
 44.333333  45.333333   7.593 0.000
 48.333333  49.333333   1.957 0.000
 51.333333  52.333333   2.399 0.000
 55.333333  56.333333   4.951 0.000
 58.333333  59.333333   3.893 0.000
 62.333333  63.333333  10.495 0.000
 65.333333  66.333333  10.835 0.000
 69.333333  70.333333   9.217 0.000
 72.333333  73.333333   8.358 0.000
 76.333333  77.333333  10.034 0.000
 79.333333  80.333333  17.166 0.000
 83.333333  84.333333   6.128 0.000
 86.333333  87.333333   4.745 0.000
 90.333333  91.333333   7.039 0.000
 93.333333  94.333333  11.458 0.000
 97.333333  98.333333   5.607 0.000
100.333333 101.333333   3.551 0.000
104.333333 105.333333   6.600 0.000
107.333333 108.333333   9.804 0.000
111.333333 112.333333   9.784 0.000
114.333333 115.333333   3.593 0.000
118.333333 119.333333  16.660 0.000
121.333333 122.333333  10.048 0.000
125.333333 126.333333   8.712 0.000
128.333333 129.333333   7.593 0.000
132.333333 133.333333   5.859 0.000
135.333333 136.333333   5.380 0.000
139.333333 140.333333   6.420 0.000
142.333333 143.333333   4.671 0.000
146.333333 147.333333   4.266 0.000
149.333333 150.333333   5.513 0.000
153.333333 154.333333   9.067 0.000
156.333333 157.333333   9.825 0.000
160.333333 161.333333   3.955 0.000
163.333333 164.333333   7.278 0.000
167.333333 168.333333   9.219 0.000
170.333333 171.333333   9.637 0.000
174.333333 175.333333   3.006 0.000
177.333333 178.333333   8.912 0.000
181.333333 182.333333 999.999 0.999
184.333333 185.333333   6.180 0.000
188.333333 189.333333  12.500 0.000
191.333333 192.333333 999.999 0.999
195.333333 196.333333   8.458 0.000
198.333333 199.333333   5.126 0.000
202.333333 203.333333  14.156 0.000
205.333333 206.333333   9.397 0.000
209.333333 210.333333  12.565 0.000
212.333333 213.333333   6.390 0.000
216.333333 217.333333   5.831 0.000
219.333333 220.333333   7.472 0.000
223.333333 224.333333  10.626 0.000
226.333333 227.333333   6.825 0.000
230.333333 231.333333  12.470 0.000
233.333333 234.333333  13.091 0.000
237.333333 238.333333  13.303 0.000
240.333333 241.333333  13.505 0.000
244.333333 245.333333   9.061 0.000
247.333333 248.333333   9.835 0.000
251.333333 252.333333   5.104 0.000
254.333333 255.333333   5.231 0.000
258.333333 259.333333 999.999 0.999
261.333333 262.333333   7.828 0.000
265.333333 266.333333  17.963 0.000
268.333333 269.333333  12.396 0.000
272.333333 273.333333  14.072 0.000
275.333333 276.333333   9.448 0.000
279.333333 280.333333  14.803 0.000
282.333333 283.333333   7.309 0.000
286.333333 287.333333   6.403 0.000
289.333333 290.333333   8.514 0.000
293.333333 294.333333  28.125 0.000
296.333333 297.333333  25.710 0.000
300.333333 301.333333   5.056 0.000
303.333333 304.333333  14.012 0.000
307.333333 308.333333   6.668 0.000
310.333333 311.333333   9.107 0.000
314.333333 315.333333  16.028 0.000
317.333333 318.333333   7.495 0.000
321.333333 322.333333   7.685 0.000
324.333333 325.333333   4.222 0.000
328.333333 329.333333   2.919 0.000
331.333333 332.333333   9.996 0.000
335.333333 336.333333   5.623 0.000
338.333333 339.333333   3.349 0.000
342.333333 343.333333   7.253 0.000
345.333333 346.333333   3.882 0.000
349.333333 350.333333  12.041 0.000
352.333333 353.333333   6.037 0.000
356.333333 357.333333  20.523 0.000
359.333333 360.333333   9.370 0.000
363.333333 364.333333   9.332 0.000
