scripts/IMPROVE-2019_partial/data/US9021R.20020102050000.20191216000000.filterpack..pm25.52w.1w.US03L_filterpack_US9021.US03L_IMPROVE_Davis.lev2.nas
66 1001
MISSING INFORMATION
US03L, IMPROVE, , , , , , , 
MISSING INFORMATION
IMPROVE sel_HTAP
1 1
2002 01 01 2019 12 16
3.000000
days from file reference point
27
1 1 1 1 1 1 1 1 1 1 1 1 1 1 1 1 1 1 1 1 1 1 1 1 1 1 1
999.999999 9999.99 9.999 999.99 9.999 9.999 9.999999 99.99 9.999999 99.999 9.999 99.999 9.999 99.999 9.999 999.99 9.999999 999.999 9.999 999.999 9.999 999.999 9.999 9.999 9.999 99.999 9.999
end_time of measurement, days from the file reference point
iron, ng/m3, Revision date=20181210133000
numflag iron, no unit, Revision date=20181210133000
lead, ng/m3, Revision date=20181210133000
numflag lead, no unit, Revision date=20181210133000
magnesium, ug/m3, Revision date=20181210133000
numflag magnesium, no unit, Revision date=20181210133000
nickel, ng/m3, Revision date=20181210133000
numflag nickel, no unit, Revision date=20181210133000
nitrate, ug N/m3, Revision date=20181210133000
numflag nitrate, no unit, Revision date=20181210133000
organic_carbon, ug C/m3, Revision date=20181210133000
numflag organic_carbon, no unit, Revision date=20181210133000
organic_mass, ug/m3, Revision date=20181210133000
numflag organic_mass, no unit, Revision date=20181210133000
phosphorus, ng/m3, Revision date=20181210133000
numflag phosphorus, no unit, Revision date=20181210133000
pm10_mass, ug/m3, Version=2, Version description=Data extracted from http://views.cira.colostate.edu/fed/DataWizard 2019-12-16, Sample duration=1d, Orig. time res.=3d, Matrix=pm10, Blank correction=Blank corrected, Volume std. temperature=ambient, Volume std. pressure=ambient
numflag pm10_mass, no unit, Version=2, Version description=Data extracted from http://views.cira.colostate.edu/fed/DataWizard 2019-12-16, Sample duration=1d, Orig. time res.=3d, Matrix=pm10, Blank correction=Blank corrected, Volume std. temperature=ambient, Volume std. pressure=ambient
pm10_pm25_mass, ug/m3, Revision date=20181210133000, Matrix=pm10_pm25
numflag pm10_pm25_mass, no unit, Revision date=20181210133000, Matrix=pm10_pm25
pm25_mass, ug/m3, Version=2, Version description=Data extracted from http://views.cira.colostate.edu/fed/DataWizard 2019-12-16, Sample duration=1d, Orig. time res.=3d, Blank correction=Blank corrected, Volume std. temperature=ambient, Volume std. pressure=ambient
numflag pm25_mass, no unit, Version=2, Version description=Data extracted from http://views.cira.colostate.edu/fed/DataWizard 2019-12-16, Sample duration=1d, Orig. time res.=3d, Blank correction=Blank corrected, Volume std. temperature=ambient, Volume std. pressure=ambient
potassium, ug/m3, Revision date=20181210133000
numflag potassium, no unit, Revision date=20181210133000
sulphate_total, ug S/m3, Revision date=20181210133000
numflag sulphate_total, no unit, Revision date=20181210133000
0
25
Data definition:              EBAS_1.1
Set type code:                TU
Timezone:                     UTC
File name:                    US9021R.20020102050000.20191216000000.filterpack..pm25.52w.1w.US03L_filterpack_US9021.US03L_IMPROVE_Davis.lev2.nas
File creation:                20191218120631
Startdate:                    20020102050000
Revision date:                20191216000000
Statistics:                   arithmetic mean
Data level:                   2
Period code:                  52w
Resolution code:              1w
Station code:                 US9021R
Platform code:                US9021S
Station name:                 M.K. Goddard
Station latitude:             41.4269
Station longitude:            -80.1453
Station altitude:             379.0 m
Regime:                       IMG
Component:                    
Matrix:                       pm25
Laboratory code:              US03L
Instrument type:              filterpack
Instrument name:              filterpack_US9021
Method ref:                   US03L_IMPROVE_Davis
starttime endtime Fe flag_Fe Pb flag_Pb Mg++ flag_Mg++ Ni flag_Ni NO3- flag_NO3- OC flag_OC OM flag_OM P flag_P PM10 flag_PM10 PM10-PM2.5 flag_PM10-PM2.5 PM2.5 flag_PM2.5 K+ flag_K+ SO4-- flag_SO4--
[from data line 80]
241.208333 242.208333   28.60 0.000   2.47 0.000 9.999 0.259000  0.20 0.000000  0.062 0.000  2.319 0.000  3.246 0.000 999.99 0.259000  12.697 0.000   4.216 0.000   8.481 0.000 0.053 0.000  0.721 0.000
244.208333 245.208333   16.19 0.000   3.45 0.000 9.999 0.259000 99.99 0.259000  0.059 0.000  1.000 0.000  1.400 0.000 999.99 0.259000  13.031 0.000   3.030 0.000  10.001 0.000 0.027 0.000  2.111 0.000
247.208333 248.208333   32.48 0.000   3.09 0.000 9.999 0.259000 99.99 0.259000  0.091 0.000  1.462 0.000  2.046 0.000 999.99 0.259000  11.958 0.000   3.890 0.000   8.067 0.000 0.027 0.000  1.219 0.000
250.208333 251.208333   41.46 0.000   4.72 0.000 9.999 0.259000  0.37 0.000000  0.065 0.000  2.349 0.000  3.289 0.000 999.99 0.259000  18.902 0.000   4.895 0.000  14.007 0.000 0.060 0.000  1.914 0.000
253.208333 254.208333   16.94 0.000   1.30 0.000 0.033 0.000000 99.99 0.259000  0.031 0.000  0.631 0.000  0.883 0.000 999.99 0.259000   9.177 0.000   5.437 0.000   3.739 0.000 0.015 0.000  0.616 0.000
256.208333 257.208333   80.89 0.000   7.21 0.000 0.024 0.000000  0.83 0.000000  0.125 0.000  2.654 0.000  3.715 0.000 999.99 0.259000  24.760 0.000   4.434 0.000  20.327 0.000 0.072 0.000  3.150 0.000
259.208333 260.208333   26.71 0.000   4.82 0.000 0.035 0.000000  0.42 0.000000  0.140 0.559  1.400 0.000  1.961 0.000 999.99 0.259000  11.153 0.000   3.449 0.000   7.704 0.000 0.024 0.000  1.031 0.559
262.208333 263.208333   53.86 0.000   5.35 0.000 9.999 0.259000  0.81 0.000000  0.104 0.000  2.603 0.000  3.644 0.000 999.99 0.259000  28.230 0.000   4.152 0.000  24.078 0.000 0.040 0.000  4.316 0.000
265.208333 266.208333   27.32 0.000   2.75 0.000 9.999 0.259000 99.99 0.259000  0.103 0.000  1.063 0.000  1.488 0.000 999.99 0.259000   8.515 0.000   3.277 0.000   5.238 0.000 0.034 0.000  0.659 0.000
268.208333 269.208333   25.59 0.000   4.71 0.000 9.999 0.259000  0.35 0.000000  0.103 0.000  1.289 0.000  1.804 0.000 999.99 0.259000  10.313 0.000   2.231 0.000   8.082 0.000 0.035 0.000  1.157 0.000
271.208333 272.208333   44.27 0.000  10.03 0.000 0.065 0.000000  0.24 0.000000  0.142 0.559  2.418 0.000  3.386 0.000 999.99 0.259000  26.613 0.000   3.685 0.000  22.929 0.000 0.067 0.000  4.077 0.559
274.208333 275.208333   99.92 0.000   6.21 0.000 9.999 0.259000  1.56 0.000000  0.195 0.000  3.361 0.000  4.705 0.000 999.99 0.259000  42.322 0.000  13.574 0.000  28.748 0.000 0.069 0.000  4.660 0.000
277.208333 278.208333   16.89 0.000   2.32 0.000 9.999 0.259000 99.99 0.259000  0.045 0.559  2.515 0.000  3.521 0.000 999.99 0.259000   6.420 0.000   2.047 0.000   4.373 0.000 0.062 0.000  0.365 0.559
280.208333 281.208333   17.24 0.000   1.31 0.000 9.999 0.259000  0.17 0.000000  0.078 0.000  1.230 0.000  1.721 0.000 999.99 0.259000   6.295 0.000   2.268 0.000   4.027 0.000 0.033 0.000  0.336 0.000
283.208333 284.208333   21.46 0.000   2.44 0.000 9.999 0.259000  0.24 0.000000  0.112 0.000  1.617 0.000  2.264 0.000 999.99 0.259000  11.519 0.000   2.220 0.000   9.299 0.000 0.035 0.000  1.408 0.000
286.208333 287.208333   16.74 0.000   2.22 0.000 0.017 0.000000  0.13 0.000000  0.093 0.000  1.398 0.000  1.957 0.000 999.99 0.259000   6.986 0.000   2.513 0.000   4.473 0.000 0.031 0.000  0.421 0.000
289.208333 290.208333   11.78 0.000   1.64 0.000 0.016 0.000000  0.32 0.000000  0.106 0.559  0.600 0.000  0.840 0.000 999.99 0.259000   5.689 0.000   2.232 0.000   3.457 0.000 0.017 0.000  0.533 0.559
292.208333 293.208333   31.56 0.000   5.00 0.000 9.999 0.259000  0.11 0.000000  0.195 0.000  1.455 0.000  2.038 0.000 999.99 0.259000   7.527 0.000   1.655 0.000   5.872 0.000 0.039 0.000  0.627 0.000
295.208333 296.208333   18.18 0.000   2.66 0.000 9.999 0.259000 99.99 0.259000  0.314 0.000  1.130 0.000  1.583 0.000 999.99 0.259000   7.111 0.000   1.549 0.000   5.561 0.000 0.026 0.000  0.615 0.000
298.208333 299.208333   35.77 0.000   5.71 0.000 9.999 0.259000  0.32 0.000000  0.128 0.000  1.129 0.000  1.581 0.000 999.99 0.259000   9.689 0.000   1.439 0.000   8.250 0.000 0.026 0.000  1.489 0.000
301.208333 302.208333   10.40 0.000   3.01 0.000 9.999 0.259000 99.99 0.259000  0.093 0.559  1.230 0.000  1.723 0.000 999.99 0.259000   6.210 0.000   1.521 0.000   4.688 0.000 0.028 0.000  0.571 0.559
304.208333 305.208333   34.53 0.000   2.92 0.000 9.999 0.259000  0.24 0.000000  0.983 0.000  1.237 0.000  1.732 0.000 999.99 0.259000  12.341 0.000   2.208 0.000  10.133 0.000 0.032 0.000  0.706 0.000
307.208333 308.208333   43.23 0.000   7.50 0.000 9.999 0.259000  0.33 0.000000  1.028 0.000  3.621 0.000  5.069 0.000 999.99 0.259000  19.620 0.000   3.168 0.000  16.452 0.000 0.052 0.000  1.260 0.000
310.208333 311.208333   22.62 0.000   3.55 0.000 9.999 0.259000  0.35 0.000000  0.538 0.559  0.888 0.000  1.243 0.000 999.99 0.259000  10.626 0.000   2.475 0.000   8.151 0.000 0.028 0.000  0.991 0.559
313.208333 314.208333   18.42 0.000   2.15 0.000 9.999 0.259000  0.23 0.000000  0.071 0.000  1.029 0.000  1.441 0.000 999.99 0.259000   9.315 0.000   2.971 0.000   6.343 0.000 0.027 0.000  0.949 0.000
316.208333 317.208333   54.08 0.000   4.03 0.000 9.999 0.259000  0.38 0.000000  0.913 0.559  1.700 0.000  2.379 0.000 999.99 0.259000  14.928 0.000   3.285 0.000  11.643 0.000 0.038 0.000  1.116 0.559
319.208333 320.208333    2.44 0.000   1.53 0.000 0.017 0.000000  0.08 0.000000  0.053 0.000  0.588 0.000  0.824 0.000 999.99 0.259000   2.412 0.000   0.284 0.000   2.128 0.000 0.015 0.000  0.299 0.000
322.208333 323.208333   47.95 0.000   4.90 0.000 9.999 0.259000  0.41 0.000000  0.512 0.000  1.475 0.000  2.065 0.000 999.99 0.259000  11.508 0.000   1.974 0.000   9.534 0.000 0.046 0.000  1.004 0.000
325.208333 326.208333   15.91 0.000   2.47 0.000 9.999 0.259000  0.21 0.000000  0.223 0.000  0.881 0.000  1.233 0.000 999.99 0.259000   4.853 0.000   0.632 0.000   4.221 0.000 0.021 0.000  0.511 0.000
328.208333 329.208333   21.32 0.000   3.26 0.000 9.999 0.259000  0.15 0.000000  0.794 0.559  2.101 0.000  2.942 0.000 999.99 0.259000  12.843 0.000   2.162 0.000  10.681 0.000 0.045 0.000  0.824 0.559
331.208333 332.208333   33.94 0.000   2.69 0.000 9.999 0.259000  0.08 0.000000  1.181 0.000  1.303 0.000  1.824 0.000 999.99 0.259000  14.922 0.000   3.805 0.000  11.117 0.000 0.038 0.000  0.787 0.000
334.208333 335.208333    9.69 0.559   2.28 0.559 9.999 0.559259 99.99 0.559259  0.177 0.559  0.381 0.000  0.533 0.000 999.99 0.559259   4.382 0.000   1.838 0.000   2.543 0.559 0.016 0.559  0.296 0.559
337.208333 338.208333   44.79 0.000  13.48 0.000 9.999 0.259000  0.26 0.000000  0.621 0.000  3.108 0.000  4.352 0.000 999.99 0.259000  13.381 0.000   2.417 0.000  10.963 0.000 0.077 0.000  0.657 0.000
340.208333 341.208333   34.40 0.000  11.53 0.000 9.999 0.259000  0.19 0.000000  1.312 0.000  1.854 0.000  2.595 0.000 999.99 0.259000  19.655 0.000   4.023 0.000  15.632 0.000 0.059 0.000  1.385 0.000
343.208333 344.208333   65.36 0.000   9.20 0.000 0.026 0.000000  0.37 0.000000  0.728 0.000  5.311 0.000  7.435 0.000 999.99 0.259000  21.566 0.000   5.860 0.000  15.706 0.000 0.090 0.000  0.955 0.000
346.208333 347.208333   52.26 0.000   7.02 0.000 0.046 0.000000  0.49 0.000000  0.809 0.000  2.455 0.000  3.437 0.000 999.99 0.259000  14.851 0.000   1.558 0.000  13.293 0.000 0.062 0.000  1.531 0.000
349.208333 350.208333    4.41 0.000   1.05 0.000 0.031 0.000000 99.99 0.259000  0.173 0.000  0.314 0.000  0.439 0.000 999.99 0.259000   3.681 0.000   0.798 0.000   2.884 0.000 0.011 0.000  0.406 0.000
352.208333 353.208333   51.70 0.000   3.46 0.000 0.034 0.000000  0.63 0.000000  0.370 0.000  2.228 0.000  3.119 0.000 999.99 0.259000  13.764 0.000   3.746 0.000  10.018 0.000 0.055 0.000  1.285 0.000
355.208333 356.208333   17.90 0.000   2.37 0.000 9.999 0.259000 99.99 0.259000  0.376 0.000  0.767 0.000  1.074 0.000 999.99 0.259000   8.158 0.000   2.291 0.000   5.867 0.000 0.027 0.000  0.705 0.000
358.208333 359.208333    4.49 0.000   0.90 0.000 9.999 0.259000  0.15 0.000000  0.201 0.000  0.600 0.000  0.840 0.000 999.99 0.259000   4.560 0.000   0.429 0.000   4.131 0.000 0.014 0.000  0.607 0.000
361.208333 362.208333   29.88 0.000   5.18 0.000 9.999 0.259000  0.13 0.000000  0.709 0.000  2.293 0.000  3.211 0.000 999.99 0.259000  18.392 0.000   1.803 0.000  16.590 0.000 0.066 0.000  2.347 0.000
364.208333 365.208333   29.22 0.000   3.70 0.000 9.999 0.259000  0.41 0.000000  0.344 0.000  1.402 0.000  1.963 0.000 999.99 0.259000   9.930 0.000   2.092 0.000   7.837 0.000 0.038 0.000  0.922 0.000
