scripts/IMPROVE-2019_partial/data/US9057R.20090101060000.20191216000000.filterpack...52w.3d.US03L_filterpack_US9057.US03L_IMPROVE_Davis.lev2.nas
51 1001
MISSING INFORMATION
US03L, IMPROVE, , , , , , , 
MISSING INFORMATION
IMPROVE sel_HTAP
1 1
2009 01 01 2019 12 16
3.00
days from file reference point
4
1 1 1 1
999.99 999.999 999.999 9.999
end_time of measurement, days from the file reference point
pm10_mass, ug/m3, Matrix=pm10
pm25_mass, ug/m3, Matrix=pm25
numflag, no unit
0
33
Data definition:              EBAS_1.1
Set type code:                TU
Timezone:                     UTC
File name:                    US9057R.20090101060000.20191216000000.filterpack...52w.3d.US03L_filterpack_US9057.US03L_IMPROVE_Davis.lev2.nas
File creation:                20191218120919
Startdate:                    20090101060000
Revision date:                20191216000000
Version:                      2
Version description:          "Data extracted from http://views.cira.colostate.edu/fed/DataWizard 2019-12-16"
Statistics:                   arithmetic mean
Data level:                   2
Period code:                  52w
Resolution code:              3d
Sample duration:              1d
Orig. time res.:              3d
Station code:                 US9057R
Platform code:                US9057S
Station name:                 Sac and Fox
Station latitude:             39.9791
Station longitude:            -95.5682
Station altitude:             293.0 m
Regime:                       IMG
Component:                    
Unit:                         ug/m3
Matrix:                       
Laboratory code:              US03L
Instrument type:              filterpack
Instrument name:              filterpack_US9057
Method ref:                   US03L_IMPROVE_Davis
Blank correction:             Blank corrected
Volume std. temperature:      ambient
Volume std. pressure:         ambient
starttime endtime PM10 PM2.5 flag
  0.25   1.25  10.066   5.418 0.000
  3.25   4.25   8.858   5.343 0.000
  6.25   7.25   9.544   4.516 0.000
  9.25  10.25  15.855  10.677 0.000
 12.25  13.25   9.467   2.222 0.000
 15.25  16.25  13.677   6.134 0.000
 18.25  19.25   9.521   6.191 0.000
 21.25  22.25  24.206   7.621 0.000
 24.25  25.25   9.702   6.960 0.000
 27.25  28.25  16.250  10.941 0.000
 30.25  31.25  10.023   2.314 0.000
 33.25  34.25  13.437   4.479 0.000
 36.25  37.25  23.069   7.678 0.000
 39.25  40.25  10.442   5.178 0.000
 42.25  43.25   6.761   4.508 0.000
 45.25  46.25   8.224   6.841 0.000
 48.25  49.25  17.560  12.928 0.000
 51.25  52.25  11.906   6.664 0.000
 54.25  55.25  22.649  12.256 0.000
 57.25  58.25  11.232   7.413 0.000
 60.25  61.25  17.139  14.717 0.000
 63.25  64.25  21.554   9.361 0.000
 66.25  67.25   6.049   5.808 0.000
 69.25  70.25   7.353   4.601 0.000
 72.25  73.25  20.086  14.478 0.000
 75.25  76.25  20.129  10.928 0.000
 78.25  79.25  18.055   6.143 0.000
 81.25  82.25  22.387  12.423 0.000
 84.25  85.25  11.034   5.545 0.000
 87.25  88.25  12.325   9.073 0.000
 90.25  91.25 999.999 999.999 0.999
 93.25  94.25   8.574   5.055 0.000
 96.25  97.25  14.428  10.508 0.000
 99.25 100.25  11.572   6.972 0.000
102.25 103.25   8.064   7.168 0.000
105.25 106.25  12.183   6.800 0.000
108.25 109.25  13.366  10.436 0.000
111.25 112.25  19.919   8.082 0.000
114.25 115.25  17.241   6.601 0.000
117.25 118.25   3.891   2.273 0.000
120.25 121.25   7.356   4.281 0.000
123.25 124.25  10.464   5.788 0.000
126.25 127.25  15.540   4.936 0.000
129.25 130.25  15.110   5.191 0.000
132.25 133.25  13.331   8.089 0.000
135.25 136.25   7.727   3.488 0.000
138.25 139.25  15.126   6.140 0.000
141.25 142.25  24.952  11.455 0.000
144.25 145.25  19.543  12.458 0.000
147.25 148.25  11.364   5.628 0.000
150.25 151.25  20.433   6.436 0.000
153.25 154.25  12.836   4.382 0.000
156.25 157.25  22.910  10.823 0.000
159.25 160.25   5.900   2.979 0.000
162.25 163.25  12.721   7.138 0.000
165.25 166.25   7.376   5.404 0.000
168.25 169.25  17.462   8.409 0.000
171.25 172.25  11.805   6.728 0.000
174.25 175.25  10.374   5.520 0.000
177.25 178.25  17.460   8.903 0.000
180.25 181.25  18.648   4.426 0.000
183.25 184.25  15.453   8.169 0.000
186.25 187.25  11.852   6.999 0.000
189.25 190.25  20.598  13.637 0.000
192.25 193.25   7.864   4.018 0.000
195.25 196.25  15.628   7.190 0.000
198.25 199.25  11.551   3.772 0.000
201.25 202.25   8.677   5.601 0.000
204.25 205.25  15.450   6.155 0.000
207.25 208.25  13.345   6.152 0.000
210.25 211.25  11.349   4.860 0.000
213.25 214.25   9.938   4.588 0.000
216.25 217.25  16.711   6.321 0.000
219.25 220.25  21.413   9.528 0.000
222.25 223.25   9.192   5.443 0.000
225.25 226.25  20.388  11.408 0.000
228.25 229.25   5.832   3.348 0.000
231.25 232.25   7.376   2.794 0.000
234.25 235.25  10.694   5.358 0.000
237.25 238.25   8.229   5.020 0.000
240.25 241.25  11.188   4.032 0.000
243.25 244.25  13.011   7.195 0.000
246.25 247.25  19.968  16.995 0.000
249.25 250.25  14.897  12.343 0.000
252.25 253.25  20.645  16.788 0.000
255.25 256.25  19.754  14.713 0.000
258.25 259.25  24.002  11.921 0.000
261.25 262.25  18.035   6.965 0.000
264.25 265.25   5.184   1.966 0.000
267.25 268.25  10.776   4.743 0.000
270.25 271.25  19.138   3.265 0.000
273.25 274.25  15.046   6.096 0.000
276.25 277.25  10.134   2.904 0.000
279.25 280.25 999.999 999.999 0.999
282.25 283.25   5.548   1.798 0.000
285.25 286.25   8.165   3.463 0.000
288.25 289.25   5.797   2.987 0.000
291.25 292.25  15.476   6.893 0.000
294.25 295.25 999.999 999.999 0.999
297.25 298.25 999.999 999.999 0.999
300.25 301.25 999.999 999.999 0.999
303.25 304.25   4.632   0.121 0.000
306.25 307.25  16.733   3.902 0.000
309.25 310.25  21.361   8.917 0.000
312.25 313.25  43.563   7.426 0.000
315.25 316.25  22.090  13.154 0.000
318.25 319.25  20.118   5.875 0.000
321.25 322.25  34.346  13.330 0.000
324.25 325.25 999.999 999.999 0.999
327.25 328.25 999.999 999.999 0.999
330.25 331.25   9.381   2.579 0.000
333.25 334.25  13.374   4.763 0.000
336.25 337.25  10.131   4.268 0.000
339.25 340.25  27.380  12.127 0.000
342.25 343.25 999.999 999.999 0.999
345.25 346.25  15.319   9.097 0.000
348.25 349.25  14.454   9.126 0.000
351.25 352.25  48.115  37.870 0.000
354.25 355.25  17.105  14.158 0.000
357.25 358.25  10.612   7.129 0.000
360.25 361.25   3.920   4.070 0.000
363.25 364.25 999.999 999.999 0.999
