scripts/IMPROVE-2019_partial/data/US9039R.20110103070000.20191216000000.filterpack...1y.3d.US03L_filterpack_US9039.US03L_IMPROVE_Davis.lev2.nas
52 1001
MISSING INFORMATION
US03L, IMPROVE, , , , , , , 
MISSING INFORMATION
IMPROVE sel_HTAP
1 1
2011 01 01 2019 12 16
3.000000
days from file reference point
5
1 1 1 1 1
999.999999 999.999 9.999 999.999 9.999
end_time of measurement, days from the file reference point
pm10_mass, ug/m3, Matrix=pm10
numflag pm10_mass, no unit, Matrix=pm10
pm25_mass, ug/m3, Matrix=pm25
numflag pm25_mass, no unit, Matrix=pm25
0
33
Data definition:              EBAS_1.1
Set type code:                TU
Timezone:                     UTC
File name:                    US9039R.20110103070000.20191216000000.filterpack...1y.3d.US03L_filterpack_US9039.US03L_IMPROVE_Davis.lev2.nas
File creation:                20191218120802
Startdate:                    20110103070000
Revision date:                20191216000000
Version:                      2
Version description:          "Data extracted from http://views.cira.colostate.edu/fed/DataWizard 2019-12-16"
Statistics:                   arithmetic mean
Data level:                   2
Period code:                  1y
Resolution code:              3d
Sample duration:              1d
Orig. time res.:              3d
Station code:                 US9039R
Platform code:                US9039S
Station name:                 Saguaro West
Station latitude:             32.2486
Station longitude:            -111.2178
Station altitude:             714.0 m
Regime:                       IMG
Component:                    
Unit:                         ug/m3
Matrix:                       
Laboratory code:              US03L
Instrument type:              filterpack
Instrument name:              filterpack_US9039
Method ref:                   US03L_IMPROVE_Davis
Blank correction:             Blank corrected
Volume std. temperature:      ambient
Volume std. pressure:         ambient
starttime endtime PM10 flag_PM10 PM2.5 flag_PM2.5
  2.291667   3.291667   7.932 0.000   3.718 0.000
  5.291667   6.291667  16.973 0.000   6.699 0.000
  8.291667   9.291667   7.249 0.000   2.776 0.000
 11.291667  12.291667  18.196 0.000   6.213 0.000
 14.291667  15.291667   9.083 0.000   2.681 0.000
 17.291667  18.291667  15.481 0.000   4.816 0.000
 20.291667  21.291667 999.999 0.999   4.994 0.000
 23.291667  24.291667 999.999 0.999   3.212 0.000
 26.291667  27.291667  12.726 0.000   3.432 0.000
 29.291667  30.291667  14.019 0.000   4.208 0.000
 32.291667  33.291667  14.279 0.000   3.645 0.000
 35.291667  36.291667  16.941 0.000   4.746 0.000
 38.291667  39.291667  20.416 0.000   4.233 0.000
 41.291667  42.291667  22.431 0.000   6.611 0.000
 44.291667  45.291667  15.684 0.000   4.356 0.000
 47.291667  48.291667  12.414 0.000   3.283 0.000
 50.291667  51.291667   3.805 0.000   1.560 0.000
 53.291667  54.291667  11.788 0.000   4.005 0.000
 56.291667  57.291667  18.875 0.000   4.285 0.000
 59.291667  60.291667   8.981 0.000   3.811 0.000
 62.291667  63.291667   8.827 0.000   3.972 0.000
 65.291667  66.291667  14.390 0.000   4.980 0.000
 68.291667  69.291667  18.664 0.000   6.980 0.000
 71.291667  72.291667  15.004 0.000   6.649 0.000
 74.291667  75.291667  14.514 0.000   4.145 0.000
 77.291667  78.291667  30.447 0.000  14.111 0.000
 80.291667  81.291667   5.880 0.000   2.320 0.000
 83.291667  84.291667  16.146 0.000   7.497 0.000
 86.291667  87.291667 999.999 0.999 999.999 0.999
 89.291667  90.291667 999.999 0.999 999.999 0.999
 92.291667  93.291667   8.130 0.000   3.032 0.000
 95.291667  96.291667 999.999 0.999 999.999 0.999
 98.291667  99.291667 999.999 0.999 999.999 0.999
101.291667 102.291667 999.999 0.999 999.999 0.999
104.291667 105.291667 999.999 0.999 999.999 0.999
107.291667 108.291667 999.999 0.999 999.999 0.999
110.291667 111.291667 999.999 0.999 999.999 0.999
113.291667 114.291667 999.999 0.999 999.999 0.999
116.291667 117.291667 999.999 0.999 999.999 0.999
119.291667 120.291667  13.588 0.000   5.464 0.000
122.291667 123.291667  16.029 0.000   4.579 0.000
125.291667 126.291667  22.001 0.000   7.837 0.000
128.291667 129.291667  23.028 0.000   6.096 0.000
131.291667 132.291667  11.098 0.000   4.936 0.000
134.291667 135.291667  16.488 0.000   5.513 0.000
137.291667 138.291667  24.828 0.000   4.228 0.000
140.291667 141.291667  15.229 0.000   4.514 0.000
143.291667 144.291667  16.155 0.000   5.702 0.000
146.291667 147.291667  14.175 0.000   5.160 0.000
149.291667 150.291667  19.985 0.000   7.752 0.000
152.291667 153.291667  18.154 0.000   6.180 0.000
155.291667 156.291667  15.350 0.000   6.244 0.000
158.291667 159.291667  17.318 0.000   4.670 0.000
161.291667 162.291667  19.097 0.000   6.822 0.000
164.291667 165.291667  18.321 0.000   5.011 0.000
167.291667 168.291667  29.033 0.000   9.836 0.000
170.291667 171.291667  30.207 0.000   8.572 0.000
173.291667 174.291667  22.692 0.000   8.480 0.000
176.291667 177.291667  23.539 0.000   8.751 0.000
179.291667 180.291667  41.755 0.000  11.393 0.000
182.291667 183.291667  29.797 0.000  11.233 0.000
185.291667 186.291667  50.386 0.000  10.236 0.000
188.291667 189.291667  14.764 0.000   6.800 0.000
191.291667 192.291667   9.317 0.000   4.484 0.000
194.291667 195.291667  13.697 0.000   3.560 0.000
197.291667 198.291667  15.323 0.000   4.298 0.000
200.291667 201.291667  15.758 0.000   5.148 0.000
203.291667 204.291667  12.008 0.000   4.784 0.000
206.291667 207.291667  11.554 0.000   4.966 0.000
209.291667 210.291667 999.999 0.456 999.999 0.456
212.291667 213.291667 999.999 0.456 999.999 0.456
215.291667 216.291667 999.999 0.999 999.999 0.999
218.291667 219.291667 999.999 0.999 999.999 0.999
221.291667 222.291667  14.232 0.000   5.224 0.000
224.291667 225.291667   9.621 0.000   4.319 0.000
227.291667 228.291667  10.978 0.000   5.673 0.000
230.291667 231.291667  26.381 0.000   7.481 0.000
233.291667 234.291667  11.713 0.000   5.244 0.000
236.291667 237.291667  21.978 0.000   6.384 0.000
239.291667 240.291667  80.740 0.000  24.069 0.000
242.291667 243.291667  31.282 0.000  10.676 0.000
245.291667 246.291667  25.412 0.000   8.236 0.000
248.291667 249.291667  24.733 0.000   9.428 0.000
251.291667 252.291667  17.212 0.000   6.778 0.000
254.291667 255.291667   8.542 0.000   4.280 0.000
257.291667 258.291667   8.752 0.000   5.370 0.000
260.291667 261.291667   8.837 0.000   3.654 0.000
263.291667 264.291667  22.307 0.000   5.695 0.000
266.291667 267.291667  16.556 0.000   5.845 0.000
269.291667 270.291667  31.417 0.000   7.402 0.000
272.291667 273.291667  28.262 0.000   7.657 0.000
275.291667 276.291667  12.775 0.000   3.959 0.000
278.291667 279.291667   8.286 0.000   3.113 0.000
281.291667 282.291667  10.721 0.000   3.111 0.000
284.291667 285.291667  17.606 0.000   5.529 0.000
287.291667 288.291667  18.652 0.000   5.980 0.000
290.291667 291.291667  14.609 0.000   5.318 0.000
293.291667 294.291667  28.916 0.000   9.357 0.000
296.291667 297.291667  24.518 0.000   8.259 0.000
299.291667 300.291667  27.267 0.000   7.190 0.000
302.291667 303.291667  21.491 0.000   7.385 0.000
305.291667 306.291667  20.725 0.000   5.554 0.000
308.291667 309.291667   5.379 0.000   2.308 0.000
311.291667 312.291667   4.725 0.000   2.984 0.000
314.291667 315.291667   9.575 0.000   3.397 0.000
317.291667 318.291667   3.104 0.000   1.507 0.000
320.291667 321.291667   9.927 0.000   4.136 0.000
323.291667 324.291667   8.796 0.000   3.496 0.000
326.291667 327.291667  11.065 0.000   3.087 0.000
329.291667 330.291667   7.220 0.000   2.682 0.000
332.291667 333.291667  17.509 0.000   4.814 0.000
335.291667 336.291667  13.709 0.000   7.160 0.659
338.291667 339.291667   6.410 0.000   4.096 0.659
341.291667 342.291667  10.229 0.000 999.999 0.999
344.291667 345.291667  11.575 0.000   6.005 0.000
347.291667 348.291667   2.233 0.000   2.914 0.000
350.291667 351.291667   6.022 0.000   4.390 0.000
353.291667 354.291667   5.276 0.000   4.553 0.000
356.291667 357.291667   4.275 0.000   2.438 0.000
359.291667 360.291667   3.928 0.000   2.604 0.000
362.291667 363.291667  11.389 0.000   6.974 0.000
