scripts/IMPROVE-2019_partial/data/US9046R.20020102080000.20191216000000.filterpack..pm25.52w.1w.US03L_filterpack_US9046.US03L_IMPROVE_Davis.lev2.nas
64 1001
MISSING INFORMATION
US03L, IMPROVE, , , , , , , 
MISSING INFORMATION
IMPROVE sel_HTAP
1 1
2002 01 01 2019 12 16
3.000000
days from file reference point
25
1 1 1 1 1 1 1 1 1 1 1 1 1 1 1 1 1 1 1 1 1 1 1 1 1
999.999999 9999.99 9.999 99.99 9.999 9.999 9.999999 9.99 9.999999 9.999 9.999 999.999 9.999 999.999 9.999 999.999 9.999 999.999 9.999 999.999 9.999 9.999 9.999 99.999 9.999
end_time of measurement, days from the file reference point
iron, ng/m3, Revision date=20181210133000
numflag iron, no unit, Revision date=20181210133000
lead, ng/m3, Revision date=20181210133000
numflag lead, no unit, Revision date=20181210133000
magnesium, ug/m3, Revision date=20181210133000
numflag magnesium, no unit, Revision date=20181210133000
nickel, ng/m3, Revision date=20181210133000
numflag nickel, no unit, Revision date=20181210133000
nitrate, ug N/m3, Revision date=20181210133000
numflag nitrate, no unit, Revision date=20181210133000
organic_carbon, ug C/m3, Revision date=20181210133000
numflag organic_carbon, no unit, Revision date=20181210133000
organic_mass, ug/m3, Revision date=20181210133000
numflag organic_mass, no unit, Revision date=20181210133000
pm10_mass, ug/m3, Version=2, Version description=Data extracted from http://views.cira.colostate.edu/fed/DataWizard 2019-12-16, Sample duration=1d, Orig. time res.=3d, Matrix=pm10, Blank correction=Blank corrected, Volume std. temperature=ambient, Volume std. pressure=ambient
numflag pm10_mass, no unit, Version=2, Version description=Data extracted from http://views.cira.colostate.edu/fed/DataWizard 2019-12-16, Sample duration=1d, Orig. time res.=3d, Matrix=pm10, Blank correction=Blank corrected, Volume std. temperature=ambient, Volume std. pressure=ambient
pm10_pm25_mass, ug/m3, Revision date=20181210133000, Matrix=pm10_pm25
numflag pm10_pm25_mass, no unit, Revision date=20181210133000, Matrix=pm10_pm25
pm25_mass, ug/m3, Version=2, Version description=Data extracted from http://views.cira.colostate.edu/fed/DataWizard 2019-12-16, Sample duration=1d, Orig. time res.=3d, Blank correction=Blank corrected, Volume std. temperature=ambient, Volume std. pressure=ambient
numflag pm25_mass, no unit, Version=2, Version description=Data extracted from http://views.cira.colostate.edu/fed/DataWizard 2019-12-16, Sample duration=1d, Orig. time res.=3d, Blank correction=Blank corrected, Volume std. temperature=ambient, Volume std. pressure=ambient
potassium, ug/m3, Revision date=20181210133000
numflag potassium, no unit, Revision date=20181210133000
sulphate_total, ug S/m3, Revision date=20181210133000
numflag sulphate_total, no unit, Revision date=20181210133000
0
25
Data definition:              EBAS_1.1
Set type code:                TU
Timezone:                     UTC
File name:                    US9046R.20020102080000.20191216000000.filterpack..pm25.52w.1w.US03L_filterpack_US9046.US03L_IMPROVE_Davis.lev2.nas
File creation:                20191218120833
Startdate:                    20020102080000
Revision date:                20191216000000
Statistics:                   arithmetic mean
Data level:                   2
Period code:                  52w
Resolution code:              1w
Station code:                 US9046R
Platform code:                US9046S
Station name:                 San Rafael
Station latitude:             34.7339
Station longitude:            -120.0074
Station altitude:             956.0 m
Regime:                       IMG
Component:                    
Matrix:                       pm25
Laboratory code:              US03L
Instrument type:              filterpack
Instrument name:              filterpack_US9046
Method ref:                   US03L_IMPROVE_Davis
starttime endtime Fe flag_Fe Pb flag_Pb Mg++ flag_Mg++ Ni flag_Ni NO3- flag_NO3- OC flag_OC OM flag_OM PM10 flag_PM10 PM10-PM2.5 flag_PM10-PM2.5 PM2.5 flag_PM2.5 K+ flag_K+ SO4-- flag_SO4--
[from data line 87]
262.333333 263.333333   81.60 0.000  1.07 0.000 9.999 0.259000 0.25 0.000000 0.077 0.559   0.998 0.000   1.397 0.000  19.788 0.000  14.175 0.000   5.613 0.000 0.051 0.000  0.426 0.559
265.333333 266.333333   63.07 0.559  1.01 0.559 9.999 0.559259 9.99 0.559259 0.034 0.000   1.073 0.000   1.502 0.000  12.418 0.000   8.124 0.000   4.294 0.559 0.041 0.559  0.259 0.000
268.333333 269.333333   67.41 0.000  1.00 0.000 9.999 0.259000 0.46 0.000000 0.059 0.000   1.076 0.000   1.507 0.000  15.088 0.000   8.911 0.000   6.176 0.000 0.049 0.000  0.671 0.000
271.333333 272.333333   12.88 0.000  0.56 0.000 9.999 0.259000 0.20 0.000000 0.120 0.559   0.591 0.000   0.828 0.000   5.697 0.000   3.251 0.000   2.446 0.000 0.018 0.000  0.256 0.559
274.333333 275.333333  130.81 0.559  0.54 0.559 9.999 0.559259 0.16 0.559000 0.115 0.000   0.665 0.000   0.931 0.000  27.989 0.000  23.128 0.000   4.861 0.559 0.071 0.559  0.128 0.000
277.333333 278.333333  144.20 0.699  1.27 0.699 9.999 0.699259 0.16 0.699000 0.174 0.000   1.297 0.000   1.816 0.000  21.638 0.000  15.017 0.000   6.621 0.699 0.081 0.699  0.259 0.000
280.333333 281.333333   61.79 0.559  0.89 0.559 0.014 0.559000 9.99 0.559259 0.063 0.000   1.940 0.000   2.716 0.000  14.870 0.000   8.700 0.000   6.170 0.559 0.045 0.559  0.267 0.000
283.333333 284.333333   46.95 0.000  0.99 0.000 0.041 0.000000 0.33 0.000000 0.226 0.000   1.165 0.000   1.631 0.000  14.970 0.000   8.663 0.000   6.307 0.000 0.042 0.000  0.591 0.000
286.333333 287.333333   63.17 0.559  1.06 0.559 9.999 0.559259 0.30 0.559000 0.126 0.559   1.448 0.000   2.027 0.000 999.999 0.456 999.999 0.999   7.403 0.559 0.049 0.559  0.674 0.559
289.333333 290.333333   37.80 0.000  0.96 0.000 0.016 0.000000 0.30 0.000000 0.397 0.000   1.319 0.000   1.846 0.000  19.835 0.000  11.240 0.000   8.595 0.000 0.047 0.000  0.891 0.000
292.333333 293.333333   81.19 0.699  1.58 0.699 9.999 0.699259 0.21 0.699000 0.315 0.000   2.003 0.000   2.804 0.000  19.829 0.000  10.469 0.000   9.360 0.699 0.077 0.699  0.701 0.000
295.333333 296.333333   29.85 0.000  1.47 0.000 0.019 0.000000 0.33 0.000000 0.309 0.000   1.251 0.000   1.752 0.000  13.722 0.000   5.625 0.000   8.097 0.000 0.040 0.000  0.994 0.000
298.333333 299.333333   52.92 0.000  1.62 0.000 0.013 0.000000 0.23 0.000000 0.920 0.000   1.794 0.000   2.512 0.000  20.541 0.000   9.416 0.000  11.124 0.000 0.077 0.000  0.720 0.000
301.333333 302.333333   41.86 0.559  1.48 0.559 9.999 0.559259 0.28 0.559000 0.203 0.000   1.335 0.000   1.868 0.000  13.153 0.000   6.770 0.000   6.383 0.559 0.057 0.559  0.497 0.000
304.333333 305.333333   58.61 0.000  0.97 0.000 0.021 0.000000 0.42 0.000000 0.395 0.559   1.620 0.000   2.269 0.000  20.492 0.000  13.143 0.000   7.349 0.000 0.090 0.000  0.518 0.559
307.333333 308.333333   65.68 0.559  0.91 0.559 9.999 0.559259 0.11 0.559000 0.200 0.000   1.105 0.000   1.546 0.000  12.683 0.000   8.065 0.000   4.618 0.559 0.053 0.559  0.184 0.000
310.333333 311.333333    8.21 0.456  0.16 0.456 0.007 0.456000 0.09 0.456000 0.010 0.000   0.101 0.000   0.142 0.000   1.529 0.000 999.999 0.999 999.999 0.456 0.005 0.456  0.037 0.000
313.333333 314.333333    4.43 0.000  0.42 0.000 0.014 0.000000 9.99 0.259000 0.106 0.559   0.365 0.000   0.511 0.000   4.919 0.000   2.805 0.000   2.114 0.000 0.017 0.000  0.120 0.559
316.333333 317.333333   14.30 0.000  0.38 0.000 9.999 0.259000 0.11 0.000000 0.285 0.559   0.677 0.000   0.947 0.000   7.485 0.000   4.599 0.000   2.886 0.000 0.014 0.000  0.437 0.559
319.333333 320.333333   55.59 0.559  1.29 0.559 0.017 0.559000 0.05 0.559000 0.070 0.559   0.478 0.000   0.669 0.000   8.233 0.000   6.147 0.000   2.087 0.559 0.029 0.559  0.161 0.559
322.333333 323.333333   12.13 0.000  0.49 0.000 0.019 0.000000 9.99 0.259000 0.015 0.559   0.226 0.000   0.316 0.000   2.575 0.000   1.436 0.000   1.139 0.000 0.010 0.000  0.109 0.559
325.333333 326.333333   39.91 0.000  1.16 0.000 9.999 0.259000 0.43 0.000000 0.173 0.000   1.166 0.000   1.633 0.000   9.797 0.000   5.963 0.000   3.834 0.000 0.027 0.000  0.308 0.000
328.333333 329.333333   20.41 0.000  0.70 0.000 9.999 0.259000 0.12 0.000000 0.157 0.559   1.585 0.000   2.219 0.000   8.226 0.000   3.920 0.000   4.306 0.000 0.038 0.000  0.248 0.559
331.333333 332.333333   26.05 0.000  0.75 0.000 9.999 0.259000 0.11 0.000000 0.091 0.000   0.480 0.000   0.671 0.000   8.588 0.000   5.621 0.000   2.967 0.000 0.026 0.000  0.315 0.000
334.333333 335.333333    8.37 0.000  0.57 0.000 9.999 0.259000 0.11 0.000000 0.166 0.000   0.615 0.000   0.861 0.000   4.183 0.000   1.442 0.000   2.741 0.000 0.010 0.000  0.255 0.000
337.333333 338.333333    5.16 0.000  0.41 0.000 9.999 0.259000 9.99 0.259000 0.022 0.559   0.518 0.000   0.725 0.000   3.119 0.000   1.436 0.000   1.683 0.000 0.014 0.000  0.107 0.559
340.333333 341.333333    5.41 0.000  0.26 0.000 9.999 0.259000 9.99 0.259000 0.137 0.000   0.504 0.000   0.705 0.000   2.769 0.000   1.110 0.000   1.659 0.000 0.016 0.000  0.101 0.000
343.333333 344.333333   71.88 0.000  0.37 0.000 9.999 0.259000 9.99 0.259000 0.691 0.559   0.607 0.000   0.849 0.000   6.765 0.000   2.599 0.000   4.167 0.000 0.043 0.000  0.218 0.559
346.333333 347.333333   51.19 0.000  1.97 0.000 0.012 0.000000 0.22 0.000000 0.524 0.559   1.099 0.000   1.539 0.000  11.616 0.000   6.987 0.000   4.630 0.000 0.049 0.000  0.231 0.559
349.333333 350.333333    2.38 0.000 99.99 0.259 0.029 0.000000 0.16 0.000000 0.028 0.000   0.171 0.000   0.239 0.000   7.399 0.000   4.658 0.000   2.741 0.000 0.019 0.000  0.100 0.000
352.333333 353.333333    8.65 0.000  0.54 0.000 0.025 0.000000 0.19 0.000000 0.126 0.000   0.299 0.000   0.418 0.000   4.616 0.000   2.909 0.000   1.707 0.000 0.007 0.000  0.132 0.000
355.333333 356.333333    1.81 0.000  0.26 0.000 0.028 0.000000 9.99 0.259000 0.205 0.559   0.346 0.000   0.484 0.000   3.826 0.000   1.521 0.000   2.305 0.000 0.015 0.000  0.167 0.559
358.333333 359.333333    3.94 0.000  0.33 0.000 0.016 0.000000 0.13 0.000000 0.023 0.559   0.255 0.000   0.357 0.000   2.661 0.000   1.727 0.000   0.934 0.000 0.006 0.000  0.052 0.559
361.333333 362.333333   25.05 0.000  1.01 0.000 9.999 0.259000 0.08 0.000000 0.556 0.559   0.583 0.000   0.817 0.000   7.084 0.000   3.172 0.000   3.912 0.000 0.012 0.000  0.062 0.559
364.333333 365.333333    4.98 0.000  0.12 0.000 0.022 0.000000 9.99 0.259000 0.081 0.559   0.207 0.000   0.290 0.000   5.589 0.000   3.322 0.000   2.267 0.000 0.019 0.000  0.133 0.559
