scripts/IMPROVE-2019_partial/data/US9065R.20030103050000.20191216000000.filterpack..pm25.1y.1w.US03L_filterpack_US9065.US03L_IMPROVE_Davis.lev2.nas
66 1001
MISSING INFORMATION
US03L, IMPROVE, , , , , , , 
MISSING INFORMATION
IMPROVE sel_HTAP
1 1
2003 01 01 2019 12 16
3.000000
days from file reference point
27
1 1 1 1 1 1 1 1 1 1 1 1 1 1 1 1 1 1 1 1 1 1 1 1 1 1 1
999.999999 99.999 9.999 9999.99 9.999 99.99 9.999 9.999 9.999 9.99 9.999 9.999 9.999 99.999 9.999 99.999 9.999 999.999 9.999 999.999 9.999 999.999 9.999 9.999 9.999 99.999 9.999
end_time of measurement, days from the file reference point
ammonium, ug N/m3, Revision date=20181210133000
numflag ammonium, no unit, Revision date=20181210133000
iron, ng/m3, Revision date=20181210133000
numflag iron, no unit, Revision date=20181210133000
lead, ng/m3, Revision date=20181210133000
numflag lead, no unit, Revision date=20181210133000
magnesium, ug/m3, Revision date=20181210133000
numflag magnesium, no unit, Revision date=20181210133000
nickel, ng/m3, Revision date=20181210133000
numflag nickel, no unit, Revision date=20181210133000
nitrate, ug N/m3, Revision date=20181210133000
numflag nitrate, no unit, Revision date=20181210133000
organic_carbon, ug C/m3, Revision date=20181210133000
numflag organic_carbon, no unit, Revision date=20181210133000
organic_mass, ug/m3, Revision date=20181210133000
numflag organic_mass, no unit, Revision date=20181210133000
pm10_mass, ug/m3, Version=2, Version description=Data extracted from http://views.cira.colostate.edu/fed/DataWizard 2019-12-16, Sample duration=1d, Orig. time res.=3d, Matrix=pm10, Blank correction=Blank corrected, Volume std. temperature=ambient, Volume std. pressure=ambient
numflag pm10_mass, no unit, Version=2, Version description=Data extracted from http://views.cira.colostate.edu/fed/DataWizard 2019-12-16, Sample duration=1d, Orig. time res.=3d, Matrix=pm10, Blank correction=Blank corrected, Volume std. temperature=ambient, Volume std. pressure=ambient
pm10_pm25_mass, ug/m3, Revision date=20181210133000, Matrix=pm10_pm25
numflag pm10_pm25_mass, no unit, Revision date=20181210133000, Matrix=pm10_pm25
pm25_mass, ug/m3, Version=2, Version description=Data extracted from http://views.cira.colostate.edu/fed/DataWizard 2019-12-16, Sample duration=1d, Orig. time res.=3d, Blank correction=Blank corrected, Volume std. temperature=ambient, Volume std. pressure=ambient
numflag pm25_mass, no unit, Version=2, Version description=Data extracted from http://views.cira.colostate.edu/fed/DataWizard 2019-12-16, Sample duration=1d, Orig. time res.=3d, Blank correction=Blank corrected, Volume std. temperature=ambient, Volume std. pressure=ambient
potassium, ug/m3, Revision date=20181210133000
numflag potassium, no unit, Revision date=20181210133000
sulphate_total, ug S/m3, Revision date=20181210133000
numflag sulphate_total, no unit, Revision date=20181210133000
0
25
Data definition:              EBAS_1.1
Set type code:                TU
Timezone:                     UTC
File name:                    US9065R.20030103050000.20191216000000.filterpack..pm25.1y.1w.US03L_filterpack_US9065.US03L_IMPROVE_Davis.lev2.nas
File creation:                20191218120954
Startdate:                    20030103050000
Revision date:                20191216000000
Statistics:                   arithmetic mean
Data level:                   2
Period code:                  1y
Resolution code:              1w
Station code:                 US9065R
Platform code:                US9065S
Station name:                 Shining Rock Wilderness
Station latitude:             35.3937
Station longitude:            -82.7744
Station altitude:             1617.0 m
Regime:                       IMG
Component:                    
Matrix:                       pm25
Laboratory code:              US03L
Instrument type:              filterpack
Instrument name:              filterpack_US9065
Method ref:                   US03L_IMPROVE_Davis
starttime endtime NH4+ flag_NH4+ Fe flag_Fe Pb flag_Pb Mg++ flag_Mg++ Ni flag_Ni NO3- flag_NO3- OC flag_OC OM flag_OM PM10 flag_PM10 PM10-PM2.5 flag_PM10-PM2.5 PM2.5 flag_PM2.5 K+ flag_K+ SO4-- flag_SO4--
[from data line 85]
257.208333 258.208333  0.706 0.000    9.92 0.000  0.56 0.000 9.999 0.259 0.12 0.000 0.047 0.000  1.490 0.000  2.085 0.000  10.193 0.000   0.330 0.000   9.864 0.000 0.022 0.000  1.466 0.000
260.208333 261.208333  0.611 0.000   20.29 0.000  0.99 0.000 0.065 0.000 0.14 0.000 0.029 0.000  1.271 0.000  1.780 0.000   9.395 0.000   2.879 0.000   6.516 0.000 0.024 0.000  0.854 0.000
263.208333 264.208333  1.658 0.000   41.19 0.000  1.17 0.000 9.999 0.259 0.21 0.000 0.040 0.000  3.890 0.000  5.446 0.000  18.832 0.000   1.747 0.000  17.085 0.000 0.049 0.000  1.996 0.000
266.208333 267.208333  0.915 0.000   25.36 0.000  1.44 0.000 9.999 0.259 0.19 0.000 0.021 0.000  1.660 0.000  2.323 0.000  10.376 0.000   1.117 0.000   9.259 0.000 0.032 0.000  1.315 0.000
269.208333 270.208333  0.795 0.000   16.22 0.000  1.08 0.000 9.999 0.259 0.14 0.000 0.028 0.000  1.681 0.000  2.353 0.000  12.132 0.000   0.960 0.000  11.173 0.000 0.028 0.000  1.725 0.000
272.208333 273.208333  0.525 0.000   22.85 0.000  0.78 0.000 9.999 0.259 0.21 0.000 0.042 0.000  0.981 0.000  1.373 0.000   6.433 0.000   0.992 0.000   5.441 0.000 0.026 0.000  0.743 0.000
275.208333 276.208333  0.442 0.000   26.73 0.000  0.89 0.000 9.999 0.259 0.25 0.000 0.042 0.000  0.691 0.000  0.968 0.000   5.794 0.000   1.400 0.000   4.394 0.000 0.025 0.000  0.515 0.000
278.208333 279.208333  0.274 0.000   22.84 0.000  0.70 0.000 0.019 0.000 0.18 0.000 0.030 0.000  0.882 0.000  1.234 0.000   5.392 0.000   1.582 0.000   3.810 0.000 0.030 0.000  0.329 0.000
281.208333 282.208333  0.086 0.000    3.60 0.000  0.63 0.000 0.023 0.000 9.99 0.259 0.008 0.000  0.353 0.000  0.495 0.000   0.986 0.000 999.999 0.259   1.600 0.000 0.006 0.000  0.160 0.000
284.208333 285.208333  0.506 0.000    9.00 0.000  0.43 0.000 9.999 0.259 0.16 0.000 0.030 0.000  0.810 0.000  1.133 0.000   6.209 0.000   0.555 0.000   5.654 0.000 0.019 0.000  0.857 0.000
287.208333 288.208333  0.409 0.000   22.91 0.000  0.54 0.000 9.999 0.259 0.19 0.000 0.099 0.000  0.741 0.000  1.037 0.000   5.999 0.000   1.882 0.000   4.117 0.000 0.032 0.000  0.403 0.000
290.208333 291.208333  0.582 0.000   22.58 0.000  1.11 0.000 9.999 0.259 0.22 0.000 0.023 0.000  1.784 0.000  2.498 0.000   6.531 0.000   0.455 0.000   6.076 0.000 0.033 0.000  0.674 0.000
293.208333 294.208333  0.495 0.000   55.33 0.000  1.18 0.000 9.999 0.259 0.27 0.000 0.049 0.000  1.727 0.000  2.418 0.000  12.213 0.000   4.786 0.000   7.427 0.000 0.066 0.000  0.522 0.000
296.208333 297.208333  0.982 0.000   49.83 0.000  1.33 0.000 0.023 0.000 0.23 0.000 0.213 0.000  2.152 0.000  3.013 0.000  15.122 0.000   5.015 0.000  10.107 0.000 0.076 0.000  1.019 0.000
299.208333 300.208333  0.214 0.000   19.32 0.000  0.32 0.000 9.999 0.259 0.26 0.000 0.016 0.000  0.595 0.000  0.833 0.000   3.452 0.000 999.999 0.259   3.457 0.000 0.024 0.000  0.349 0.000
302.208333 303.208333  0.291 0.000   50.95 0.000  0.82 0.000 9.999 0.259 0.50 0.000 0.025 0.000  1.124 0.000  1.574 0.000   7.189 0.000   1.768 0.000   5.421 0.000 0.043 0.000  0.336 0.000
305.208333 306.208333  0.773 0.000   52.48 0.000  1.14 0.000 9.999 0.259 0.47 0.000 0.026 0.000  2.272 0.000  3.180 0.000  10.049 0.000   0.739 0.000   9.310 0.000 0.052 0.000  0.863 0.000
308.208333 309.208333  0.089 0.000    4.98 0.000  0.26 0.000 9.999 0.259 0.34 0.000 0.021 0.000  0.506 0.000  0.708 0.000   2.042 0.000   0.011 0.000   2.032 0.000 0.010 0.000  0.237 0.000
311.208333 312.208333  0.488 0.000   19.69 0.000  1.11 0.000 9.999 0.259 0.23 0.000 0.054 0.000  1.101 0.000  1.542 0.000   5.671 0.000   0.293 0.000   5.377 0.000 0.036 0.000  0.636 0.000
314.208333 315.208333  0.143 0.000   13.84 0.000  0.48 0.000 0.038 0.000 0.35 0.000 0.007 0.000  0.315 0.000  0.441 0.000   2.076 0.000 999.999 0.259   2.298 0.000 0.014 0.000  0.233 0.000
317.208333 318.208333  0.129 0.000   21.79 0.000  0.48 0.000 9.999 0.259 0.43 0.000 0.085 0.000  0.183 0.000  0.257 0.000   1.767 0.000 999.999 0.259   2.099 0.000 0.019 0.000  0.148 0.000
320.208333 321.208333  0.376 0.000   21.60 0.000  0.47 0.000 0.022 0.000 0.39 0.000 0.021 0.000  0.847 0.000  1.185 0.000   5.311 0.000 999.999 0.259   5.592 0.000 0.025 0.000  0.794 0.000
323.208333 324.208333  0.064 0.000   20.76 0.000  0.87 0.000 9.999 0.259 0.34 0.000 0.035 0.000  0.397 0.000  0.556 0.000   1.356 0.000 999.999 0.259   1.499 0.000 0.014 0.000  0.047 0.000
326.208333 327.208333  0.511 0.000    8.02 0.000  0.77 0.000 0.030 0.000 0.19 0.000 0.107 0.000  1.549 0.000  2.168 0.000   5.433 0.000   0.186 0.000   5.247 0.000 0.024 0.000  0.507 0.000
329.208333 330.208333  0.263 0.000   22.90 0.000  1.22 0.000 9.999 0.259 0.19 0.000 0.016 0.000  0.452 0.000  0.633 0.000   3.881 0.000   1.189 0.000   2.692 0.000 0.026 0.000  0.271 0.000
332.208333 333.208333  0.431 0.000    4.05 0.000  0.47 0.000 9.999 0.259 9.99 0.259 0.062 0.000  0.356 0.000  0.499 0.000   3.202 0.000   0.342 0.000   2.860 0.000 0.010 0.000  0.420 0.000
335.208333 336.208333  0.043 0.000   14.84 0.000  0.55 0.000 0.065 0.000 0.17 0.000 0.039 0.000  0.327 0.000  0.457 0.000   2.465 0.000   1.475 0.000   0.989 0.000 0.012 0.000  0.053 0.000
338.208333 339.208333  0.261 0.000   19.99 0.000  0.25 0.000 0.054 0.000 0.41 0.000 0.021 0.000  0.520 0.000  0.728 0.000   3.472 0.000 999.999 0.259   4.043 0.000 0.022 0.000  0.489 0.000
341.208333 342.208333  0.098 0.000   19.70 0.000  0.31 0.000 9.999 0.259 0.32 0.000 0.008 0.000  0.343 0.000  0.480 0.000   1.767 0.000   0.008 0.000   1.759 0.000 0.017 0.000  0.112 0.000
344.208333 345.208333  0.124 0.000   21.82 0.000  0.31 0.000 0.137 0.000 0.42 0.000 0.009 0.000  0.261 0.000  0.365 0.000   1.497 0.000 999.999 0.259   2.211 0.000 0.017 0.000  0.140 0.000
347.208333 348.208333  0.069 0.000   21.53 0.000  0.48 0.000 0.086 0.000 0.36 0.000 0.005 0.000  0.238 0.000  0.334 0.000   1.281 0.000 999.999 0.259   1.939 0.000 0.019 0.000  0.114 0.000
350.208333 351.208333  0.098 0.000   34.87 0.000  0.27 0.000 0.094 0.000 0.40 0.000 0.017 0.000  0.451 0.000  0.631 0.000   1.860 0.000 999.999 0.259   2.065 0.000 0.023 0.000  0.110 0.000
353.208333 354.208333  0.190 0.000   39.88 0.000  0.43 0.000 0.124 0.000 0.80 0.000 0.034 0.000  0.330 0.000  0.462 0.000   2.191 0.000 999.999 0.259   3.017 0.000 0.030 0.000  0.212 0.000
356.208333 357.208333  0.206 0.000   19.55 0.000  0.35 0.000 9.999 0.259 0.56 0.000 0.020 0.000  0.656 0.000  0.918 0.000   3.018 0.000 999.999 0.259   3.534 0.000 0.022 0.000  0.333 0.000
359.208333 360.208333  0.026 0.000   10.42 0.000  0.24 0.000 9.999 0.259 0.29 0.000 0.003 0.000  0.276 0.000  0.386 0.000   1.027 0.000   0.201 0.000   0.826 0.000 0.010 0.000  0.040 0.000
362.208333 363.208333  0.252 0.000   30.36 0.000  0.77 0.000 9.999 0.259 0.75 0.000 0.030 0.000  0.951 0.000  1.331 0.000   3.886 0.000 999.999 0.259   4.526 0.000 0.033 0.000  0.400 0.000
