scripts/IMPROVE-2019_partial/data/US9080R.20050101070000.20191216000000.filterpack..pm25.52w.1w.US03L_filterpack_US9080.US03L_IMPROVE_Davis.lev2.nas
64 1001
MISSING INFORMATION
US03L, IMPROVE, , , , , , , 
MISSING INFORMATION
IMPROVE sel_HTAP
1 1
2005 01 01 2019 12 16
3.000000
days from file reference point
25
1 1 1 1 1 1 1 1 1 1 1 1 1 1 1 1 1 1 1 1 1 1 1 1 1
999.999999 9999.99 9.999 99.99 9.999 9.999 9.999999 9.99 9.999999 9.999 9.999 99.999 9.999 99.999 9.999 999.999 9.999 999.999 9.999 99.999 9.999 9.999 9.999 9.999 9.999
end_time of measurement, days from the file reference point
iron, ng/m3, Revision date=20181210133000
numflag iron, no unit, Revision date=20181210133000
lead, ng/m3, Revision date=20181210133000
numflag lead, no unit, Revision date=20181210133000
magnesium, ug/m3, Revision date=20181210133000
numflag magnesium, no unit, Revision date=20181210133000
nickel, ng/m3, Revision date=20181210133000
numflag nickel, no unit, Revision date=20181210133000
nitrate, ug N/m3, Revision date=20181210133000
numflag nitrate, no unit, Revision date=20181210133000
organic_carbon, ug C/m3, Revision date=20181210133000
numflag organic_carbon, no unit, Revision date=20181210133000
organic_mass, ug/m3, Revision date=20181210133000
numflag organic_mass, no unit, Revision date=20181210133000
pm10_mass, ug/m3, Version=2, Version description=Data extracted from http://views.cira.colostate.edu/fed/DataWizard 2019-12-16, Sample duration=1d, Orig. time res.=3d, Matrix=pm10, Blank correction=Blank corrected, Volume std. temperature=ambient, Volume std. pressure=ambient
numflag pm10_mass, no unit, Version=2, Version description=Data extracted from http://views.cira.colostate.edu/fed/DataWizard 2019-12-16, Sample duration=1d, Orig. time res.=3d, Matrix=pm10, Blank correction=Blank corrected, Volume std. temperature=ambient, Volume std. pressure=ambient
pm10_pm25_mass, ug/m3, Revision date=20181210133000, Matrix=pm10_pm25
numflag pm10_pm25_mass, no unit, Revision date=20181210133000, Matrix=pm10_pm25
pm25_mass, ug/m3, Version=2, Version description=Data extracted from http://views.cira.colostate.edu/fed/DataWizard 2019-12-16, Sample duration=1d, Orig. time res.=3d, Blank correction=Blank corrected, Volume std. temperature=ambient, Volume std. pressure=ambient
numflag pm25_mass, no unit, Version=2, Version description=Data extracted from http://views.cira.colostate.edu/fed/DataWizard 2019-12-16, Sample duration=1d, Orig. time res.=3d, Blank correction=Blank corrected, Volume std. temperature=ambient, Volume std. pressure=ambient
potassium, ug/m3, Revision date=20181210133000
numflag potassium, no unit, Revision date=20181210133000
sulphate_total, ug S/m3, Revision date=20181210133000
numflag sulphate_total, no unit, Revision date=20181210133000
0
25
Data definition:              EBAS_1.1
Set type code:                TU
Timezone:                     UTC
File name:                    US9080R.20050101070000.20191216000000.filterpack..pm25.52w.1w.US03L_filterpack_US9080.US03L_IMPROVE_Davis.lev2.nas
File creation:                20191218121101
Startdate:                    20050101070000
Revision date:                20191216000000
Statistics:                   arithmetic mean
Data level:                   2
Period code:                  52w
Resolution code:              1w
Station code:                 US9080R
Platform code:                US9080S
Station name:                 Thunder Basin
Station latitude:             44.6634
Station longitude:            -105.2874
Station altitude:             1195.0 m
Regime:                       IMG
Component:                    
Matrix:                       pm25
Laboratory code:              US03L
Instrument type:              filterpack
Instrument name:              filterpack_US9080
Method ref:                   US03L_IMPROVE_Davis
starttime endtime Fe flag_Fe Pb flag_Pb Mg++ flag_Mg++ Ni flag_Ni NO3- flag_NO3- OC flag_OC OM flag_OM PM10 flag_PM10 PM10-PM2.5 flag_PM10-PM2.5 PM2.5 flag_PM2.5 K+ flag_K+ SO4-- flag_SO4--
[from data line 89]
267.291667 268.291667   11.41 0.000  0.47 0.000 9.999 0.259000 9.99 0.259000 0.064 0.000  0.573 0.000  1.032 0.000   3.884 0.000   1.410 0.000  2.445 0.000 0.011 0.000 0.206 0.000
270.291667 271.291667   48.25 0.000  0.63 0.000 9.999 0.259000 9.99 0.259000 0.006 0.000  0.493 0.000  0.888 0.000   4.734 0.000   3.177 0.000  1.553 0.000 0.010 0.000 0.113 0.000
273.291667 274.291667  542.24 0.000  0.73 0.000 0.087 0.000000 9.99 0.259000 0.011 0.000  1.085 0.000  1.952 0.000  29.201 0.000  22.301 0.000  6.620 0.000 0.133 0.000 0.107 0.000
276.291667 277.291667 9999.99 0.699 99.99 0.699 9.999 0.699000 9.99 0.699000 9.999 0.699 99.999 0.699 99.999 0.699   2.455 0.000 999.999 0.699  1.313 0.000 9.999 0.699 9.999 0.699
279.291667 280.291667   34.92 0.000  0.41 0.000 0.012 0.000000 9.99 0.259000 0.032 0.000  0.961 0.000  1.729 0.000   6.283 0.000   3.147 0.000  3.084 0.000 0.012 0.000 0.157 0.000
282.291667 283.291667    6.72 0.000  0.22 0.000 9.999 0.259000 0.17 0.000000 0.045 0.000  0.714 0.000  1.285 0.000   3.627 0.000   1.084 0.000  2.516 0.000 0.043 0.000 0.190 0.000
285.291667 286.291667   86.97 0.000  0.29 0.000 9.999 0.259000 9.99 0.259000 0.019 0.000  0.528 0.000  0.951 0.000 999.999 0.456 999.999 0.999  2.672 0.000 0.019 0.000 0.094 0.000
288.291667 289.291667   63.90 0.000  0.40 0.000 9.999 0.259000 9.99 0.259000 0.014 0.000  0.913 0.000  1.644 0.000 999.999 0.456 999.999 0.999  3.789 0.000 0.025 0.000 0.232 0.000
291.291667 292.291667   89.24 0.000  0.30 0.000 0.012 0.000000 9.99 0.259000 0.025 0.000 99.999 0.259 99.999 0.259   8.491 0.000   5.658 0.000  2.857 0.000 0.062 0.000 0.239 0.000
294.291667 295.291667   27.48 0.000  0.39 0.000 9.999 0.259000 9.99 0.259000 0.078 0.000  0.670 0.000  1.206 0.000   4.540 0.000   1.816 0.000  2.688 0.000 0.019 0.000 0.246 0.000
297.291667 298.291667  158.59 0.000  0.35 0.000 9.999 0.259000 9.99 0.259000 0.013 0.000  0.796 0.000  1.432 0.000  12.037 0.000   8.882 0.000  3.194 0.000 0.031 0.000 0.085 0.000
300.291667 301.291667  215.76 0.000  0.74 0.000 0.044 0.000000 9.99 0.259000 0.048 0.000  1.125 0.000  2.026 0.000  18.799 0.000  12.548 0.000  6.078 0.000 0.057 0.000 0.337 0.000
303.291667 304.291667 9999.99 0.999 99.99 0.999 9.999 0.999000 9.99 0.999000 9.999 0.999 99.999 0.999 99.999 0.999 999.999 0.999 999.999 0.999 99.999 0.999 9.999 0.999 9.999 0.999
306.291667 307.291667  141.81 0.000  0.29 0.000 9.999 0.259000 9.99 0.259000 0.007 0.000  0.346 0.000  0.623 0.000   6.713 0.000   4.121 0.000  2.532 0.000 0.035 0.000 0.128 0.000
309.291667 310.291667   44.26 0.000  0.36 0.000 0.008 0.000000 9.99 0.259000 0.009 0.000  0.225 0.000  0.405 0.000   4.471 0.000   3.350 0.000  1.078 0.000 0.012 0.000 0.072 0.000
312.291667 313.291667   67.39 0.000  0.78 0.000 9.999 0.259000 9.99 0.259000 0.021 0.000  0.485 0.000  0.874 0.000   4.886 0.000   2.633 0.000  2.258 0.000 0.026 0.000 0.171 0.000
315.291667 316.291667   39.86 0.000  0.21 0.000 9.999 0.259000 9.99 0.259000 0.009 0.000  0.525 0.000  0.945 0.000   4.070 0.000   2.210 0.000  1.825 0.000 0.016 0.000 0.132 0.000
318.291667 319.291667   49.54 0.000  0.31 0.000 9.999 0.259000 9.99 0.259000 0.055 0.000  0.329 0.000  0.592 0.000   5.824 0.000   3.197 0.000  2.642 0.000 0.020 0.000 0.345 0.000
321.291667 322.291667   31.11 0.000  0.47 0.000 9.999 0.259000 9.99 0.259000 0.008 0.000  0.428 0.000  0.771 0.000   3.484 0.000   2.045 0.000  1.409 0.000 0.010 0.000 0.098 0.000
324.291667 325.291667   50.98 0.000  0.35 0.000 9.999 0.259000 9.99 0.259000 0.014 0.000  0.406 0.000  0.731 0.000   3.983 0.000   1.987 0.000  1.963 0.000 0.019 0.000 0.119 0.000
327.291667 328.291667   74.67 0.000  0.31 0.000 0.008 0.000000 9.99 0.259000 0.011 0.000  0.517 0.000  0.930 0.000   5.685 0.000   3.623 0.000  2.048 0.000 0.024 0.000 0.084 0.000
330.291667 331.291667   19.04 0.000  0.32 0.000 0.015 0.000000 9.99 0.259000 0.017 0.000  0.234 0.000  0.422 0.000   2.605 0.000   1.595 0.000  0.987 0.000 0.010 0.000 0.103 0.000
333.291667 334.291667   37.42 0.000  0.23 0.000 0.013 0.000000 9.99 0.259000 0.112 0.000  0.305 0.000  0.549 0.000   3.226 0.000   1.244 0.000  1.957 0.000 0.016 0.000 0.154 0.000
336.291667 337.291667   52.67 0.000  0.69 0.000 0.007 0.000000 9.99 0.259000 0.184 0.000  0.889 0.000  1.600 0.000   6.590 0.000   1.951 0.000  4.591 0.000 0.027 0.000 0.375 0.000
339.291667 340.291667   48.58 0.000  0.78 0.000 0.021 0.000000 9.99 0.259000 0.246 0.000  1.549 0.000  2.789 0.000   7.569 0.000   0.794 0.000  6.744 0.000 0.050 0.000 0.634 0.000
342.291667 343.291667   47.93 0.000  0.31 0.000 9.999 0.259000 9.99 0.259000 0.034 0.000  0.344 0.000  0.620 0.000   4.838 0.000   2.997 0.000  1.797 0.000 0.017 0.000 0.101 0.000
345.291667 346.291667   31.23 0.000  0.77 0.000 9.999 0.259000 9.99 0.259000 0.028 0.000  0.388 0.000  0.698 0.000   3.705 0.000   1.709 0.000  1.966 0.000 0.013 0.000 0.129 0.000
348.291667 349.291667 9999.99 0.999 99.99 0.999 9.999 0.999000 9.99 0.999000 9.999 0.999 99.999 0.999 99.999 0.999 999.999 0.999 999.999 0.999 99.999 0.999 9.999 0.999 9.999 0.999
351.291667 352.291667 9999.99 0.999 99.99 0.999 9.999 0.999000 9.99 0.999000 9.999 0.999 99.999 0.999 99.999 0.999 999.999 0.999 999.999 0.999 99.999 0.999 9.999 0.999 9.999 0.999
354.291667 355.291667   74.53 0.000  0.18 0.000 0.013 0.000000 9.99 0.259000 0.017 0.000  0.431 0.000  0.775 0.000   7.850 0.000   5.814 0.000  2.083 0.000 0.016 0.000 0.043 0.000
357.291667 358.291667   24.24 0.000  0.38 0.000 9.999 0.259000 9.99 0.259000 0.019 0.000  0.546 0.000  0.983 0.000   4.240 0.000   2.857 0.000  1.344 0.000 0.010 0.000 0.026 0.000
360.291667 361.291667    7.57 0.000  0.48 0.000 9.999 0.259000 9.99 0.259000 0.025 0.000  0.472 0.000  0.849 0.000   1.524 0.000   0.371 0.000  1.147 0.000 0.005 0.000 0.042 0.000
363.291667 364.291667    9.62 0.000 99.99 0.259 9.999 0.259000 0.10 0.000000 0.024 0.000  0.446 0.000  0.802 0.000   1.606 0.000   0.615 0.000  0.979 0.000 0.004 0.000 0.039 0.000
