scripts/IMPROVE-2019_partial/data/US9040R.19950104080000.20191216000000.filterpack...1y.3d.US03L_filterpack_US9040.US03L_IMPROVE_Davis.lev2.nas
51 1001
MISSING INFORMATION
US03L, IMPROVE, , , , , , , 
MISSING INFORMATION
IMPROVE sel_HTAP
1 1
1995 01 01 2019 12 16
0
days from file reference point
4
1 1 1 1
999.999999 999.999 999.999 9.999
end_time of measurement, days from the file reference point
pm10_mass, ug/m3, Matrix=pm10
pm25_mass, ug/m3, Matrix=pm25
numflag, no unit
0
33
Data definition:              EBAS_1.1
Set type code:                TI
Timezone:                     UTC
File name:                    US9040R.19950104080000.20191216000000.filterpack...1y.3d.US03L_filterpack_US9040.US03L_IMPROVE_Davis.lev2.nas
File creation:                20191218120803
Startdate:                    19950104080000
Revision date:                20191216000000
Version:                      2
Version description:          "Data extracted from http://views.cira.colostate.edu/fed/DataWizard 2019-12-16"
Statistics:                   arithmetic mean
Data level:                   2
Period code:                  1y
Resolution code:              3d
Sample duration:              1d
Orig. time res.:              3d
Station code:                 US9040R
Platform code:                US9040S
Station name:                 South Lake Tahoe
Station latitude:             38.9333
Station longitude:            -119.9667
Station altitude:             1900.0 m
Regime:                       IMG
Component:                    
Unit:                         ug/m3
Matrix:                       
Laboratory code:              US03L
Instrument type:              filterpack
Instrument name:              filterpack_US9040
Method ref:                   US03L_IMPROVE_Davis
Blank correction:             Blank corrected
Volume std. temperature:      ambient
Volume std. pressure:         ambient
starttime endtime PM10 PM2.5 flag
  3.333333   4.333333  32.377  15.252 0.000
  6.333333   7.333333   3.629   2.987 0.000
 10.333333  11.333333 999.999 999.999 0.999
 13.333333  14.333333 999.999 999.999 0.999
 17.333333  18.333333 999.999 999.999 0.999
 20.333333  21.333333 999.999 999.999 0.999
 24.333333  25.333333 999.999 999.999 0.999
 27.333333  28.333333 999.999 999.999 0.999
 31.333333  32.333333 999.999 999.999 0.999
 34.333333  35.333333 999.999 999.999 0.999
 38.333333  39.333333 999.999 999.999 0.999
 41.333333  42.333333  48.100  11.391 0.000
 45.333333  46.333333  26.364  11.239 0.000
 48.333333  49.333333  46.917  14.685 0.000
 52.333333  53.333333  37.390  14.681 0.000
 55.333333  56.333333  36.877  14.277 0.000
 59.333333  60.333333  11.820   6.226 0.000
 62.333333  63.333333  12.561   3.353 0.000
 66.333333  67.333333  45.212   9.416 0.000
 69.333333  70.333333   4.917   3.266 0.000
 73.333333  74.333333  21.734   5.767 0.000
 76.333333  77.333333   7.562   4.197 0.000
 80.333333  81.333333   7.665   1.856 0.000
 83.333333  84.333333  23.187  11.046 0.000
 87.333333  88.333333 999.999 999.999 0.999
 90.333333  91.333333  23.433   7.726 0.000
 94.333333  95.333333 999.999 999.999 0.999
 97.333333  98.333333   8.377   3.162 0.000
101.333333 102.333333  24.050   5.501 0.000
104.333333 105.333333  21.147   7.095 0.000
108.333333 109.333333  13.328   4.244 0.000
111.333333 112.333333  15.894   6.677 0.000
115.333333 116.333333  18.034   6.319 0.000
118.333333 119.333333   7.094   4.888 0.000
122.333333 123.333333  23.618   5.252 0.000
125.333333 126.333333   3.979   2.060 0.000
129.333333 130.333333  20.654   5.842 0.000
132.333333 133.333333   7.242   3.785 0.000
136.333333 137.333333   9.829   5.193 0.000
139.333333 140.333333  14.489   7.546 0.000
143.333333 144.333333   9.618   5.274 0.000
146.333333 147.333333  13.021   6.827 0.000
150.333333 151.333333  13.749   7.064 0.000
153.333333 154.333333  13.245   6.944 0.000
157.333333 158.333333   4.180   3.029 0.000
160.333333 161.333333  12.361   7.087 0.000
164.333333 165.333333  15.958   3.547 0.000
167.333333 168.333333   4.929   2.891 0.000
171.333333 172.333333   6.979   2.901 0.000
174.333333 175.333333  14.459   6.651 0.000
178.333333 179.333333  13.408   7.775 0.000
181.333333 182.333333  14.952   6.388 0.000
185.333333 186.333333  17.934   6.797 0.000
188.333333 189.333333  12.118   5.915 0.000
192.333333 193.333333  11.816   4.149 0.000
195.333333 196.333333  16.297   8.097 0.000
199.333333 200.333333  13.685   7.805 0.000
202.333333 203.333333  10.136   4.036 0.000
206.333333 207.333333  10.984   5.179 0.000
209.333333 210.333333  21.962   7.033 0.000
213.333333 214.333333  16.908   9.016 0.000
216.333333 217.333333  15.617   7.353 0.000
220.333333 221.333333  16.408   6.099 0.000
223.333333 224.333333  11.446   4.861 0.000
227.333333 228.333333  19.267   6.463 0.000
230.333333 231.333333  13.365   5.097 0.000
234.333333 235.333333  14.600   8.435 0.000
237.333333 238.333333  11.875   5.901 0.000
241.333333 242.333333   9.708   5.059 0.000
244.333333 245.333333  18.854   7.606 0.000
248.333333 249.333333  16.714   5.489 0.000
251.333333 252.333333  19.983   9.734 0.000
255.333333 256.333333  15.271   6.641 0.000
258.333333 259.333333  21.259  11.887 0.000
262.333333 263.333333  16.905   8.137 0.000
265.333333 266.333333  11.766   4.925 0.000
269.333333 270.333333   9.549   4.142 0.000
272.333333 273.333333  27.127 999.999 0.000
276.333333 277.333333  25.663   7.373 0.000
279.333333 280.333333  21.841  11.747 0.000
283.333333 284.333333  19.187   6.391 0.000
286.333333 287.333333  20.110  12.475 0.000
290.333333 291.333333  13.280   6.142 0.000
293.333333 294.333333  12.411   6.149 0.000
297.333333 298.333333  23.438  13.858 0.000
300.333333 301.333333  23.111  11.809 0.000
304.333333 305.333333  23.560  15.463 0.000
307.333333 308.333333  21.953  16.642 0.000
311.333333 312.333333  14.725   5.957 0.000
314.333333 315.333333  19.125  13.920 0.000
318.333333 319.333333 999.999   9.467 0.000
321.333333 322.333333   9.604   5.746 0.000
325.333333 326.333333  20.285  12.525 0.000
328.333333 329.333333  19.107   5.890 0.000
332.333333 333.333333  14.289   6.477 0.000
335.333333 336.333333  15.015   9.747 0.000
339.333333 340.333333  17.207   6.913 0.000
342.333333 343.333333  22.143  13.457 0.000
346.333333 347.333333   6.173   5.881 0.000
349.333333 350.333333  10.357   9.722 0.000
353.333333 354.333333  40.648  20.446 0.000
356.333333 357.333333  21.098  19.354 0.000
360.333333 361.333333  20.062   8.461 0.000
363.333333 364.333333  13.964   3.763 0.000
