scripts/IMPROVE-2019_partial/data/US9053R.20040101060000.20191216000000.filterpack..pm25.52w.1w.US03L_filterpack_US9053.US03L_IMPROVE_Davis.lev2.nas
66 1001
MISSING INFORMATION
US03L, IMPROVE, , , , , , , 
MISSING INFORMATION
IMPROVE sel_HTAP
1 1
2004 01 01 2019 12 16
3.00
days from file reference point
27
1 1 1 1 1 1 1 1 1 1 1 1 1 1 1 1 1 1 1 1 1 1 1 1 1 1 1
999.99 9999.99 9.999 999.99 9.999 9.999 9.999 9.99 9.999 99.999 9.999 99.999 9.999 99.999 9.999 999.99 9.999 999.999 9.999 999.999 9.999 999.999 9.999 9.999 9.999 99.999 9.999
end_time of measurement, days from the file reference point
iron, ng/m3, Revision date=20181210133000
numflag iron, no unit, Revision date=20181210133000
lead, ng/m3, Revision date=20181210133000
numflag lead, no unit, Revision date=20181210133000
magnesium, ug/m3, Revision date=20181210133000
numflag magnesium, no unit, Revision date=20181210133000
nickel, ng/m3, Revision date=20181210133000
numflag nickel, no unit, Revision date=20181210133000
nitrate, ug N/m3, Revision date=20181210133000
numflag nitrate, no unit, Revision date=20181210133000
organic_carbon, ug C/m3, Revision date=20181210133000
numflag organic_carbon, no unit, Revision date=20181210133000
organic_mass, ug/m3, Revision date=20181210133000
numflag organic_mass, no unit, Revision date=20181210133000
phosphorus, ng/m3, Revision date=20181210133000
numflag phosphorus, no unit, Revision date=20181210133000
pm10_mass, ug/m3, Version=2, Version description=Data extracted from http://views.cira.colostate.edu/fed/DataWizard 2019-12-16, Sample duration=1d, Orig. time res.=3d, Matrix=pm10, Blank correction=Blank corrected, Volume std. temperature=ambient, Volume std. pressure=ambient
numflag pm10_mass, no unit, Version=2, Version description=Data extracted from http://views.cira.colostate.edu/fed/DataWizard 2019-12-16, Sample duration=1d, Orig. time res.=3d, Matrix=pm10, Blank correction=Blank corrected, Volume std. temperature=ambient, Volume std. pressure=ambient
pm10_pm25_mass, ug/m3, Revision date=20181210133000, Matrix=pm10_pm25
numflag pm10_pm25_mass, no unit, Revision date=20181210133000, Matrix=pm10_pm25
pm25_mass, ug/m3, Version=2, Version description=Data extracted from http://views.cira.colostate.edu/fed/DataWizard 2019-12-16, Sample duration=1d, Orig. time res.=3d, Blank correction=Blank corrected, Volume std. temperature=ambient, Volume std. pressure=ambient
numflag pm25_mass, no unit, Version=2, Version description=Data extracted from http://views.cira.colostate.edu/fed/DataWizard 2019-12-16, Sample duration=1d, Orig. time res.=3d, Blank correction=Blank corrected, Volume std. temperature=ambient, Volume std. pressure=ambient
potassium, ug/m3, Revision date=20181210133000
numflag potassium, no unit, Revision date=20181210133000
sulphate_total, ug S/m3, Revision date=20181210133000
numflag sulphate_total, no unit, Revision date=20181210133000
0
25
Data definition:              EBAS_1.1
Set type code:                TU
Timezone:                     UTC
File name:                    US9053R.20040101060000.20191216000000.filterpack..pm25.52w.1w.US03L_filterpack_US9053.US03L_IMPROVE_Davis.lev2.nas
File creation:                20191218120907
Startdate:                    20040101060000
Revision date:                20191216000000
Statistics:                   arithmetic mean
Data level:                   2
Period code:                  52w
Resolution code:              1w
Station code:                 US9053R
Platform code:                US9053S
Station name:                 Viking Lake
Station latitude:             40.969
Station longitude:            -95.045
Station altitude:             371.0 m
Regime:                       IMG
Component:                    
Matrix:                       pm25
Laboratory code:              US03L
Instrument type:              filterpack
Instrument name:              filterpack_US9053
Method ref:                   US03L_IMPROVE_Davis
starttime endtime Fe flag_Fe Pb flag_Pb Mg++ flag_Mg++ Ni flag_Ni NO3- flag_NO3- OC flag_OC OM flag_OM P flag_P PM10 flag_PM10 PM10-PM2.5 flag_PM10-PM2.5 PM2.5 flag_PM2.5 K+ flag_K+ SO4-- flag_SO4--
  0.25   1.25   34.58 0.000   2.12 0.000 9.999 0.259 9.99 0.259  0.710 0.000  1.708 0.000  2.391 0.000 999.99 0.259  18.993 0.000   9.823 0.000   9.169 0.000 0.052 0.000  0.382 0.000
  3.25   4.25   16.08 0.000   1.75 0.000 9.999 0.259 9.99 0.259  0.253 0.000  0.966 0.000  1.352 0.000 999.99 0.259   9.781 0.000   4.476 0.000   5.305 0.000 0.029 0.000  0.266 0.000
  6.25   7.25 9999.99 0.999 999.99 0.999 9.999 0.999 9.99 0.999  0.523 0.000  1.252 0.000  1.753 0.000 999.99 0.999  16.387 0.000 999.999 0.999 999.999 0.999 9.999 0.999  0.332 0.000
  9.25  10.25   39.56 0.000   4.88 0.000 9.999 0.259 9.99 0.259  3.120 0.559  2.316 0.000  3.242 0.000 999.99 0.259  40.381 0.000  12.813 0.000  27.568 0.000 0.068 0.000  1.071 0.559
 12.25  13.25   12.85 0.000   1.56 0.000 9.999 0.259 9.99 0.259  0.826 0.000  0.734 0.000  1.028 0.000 999.99 0.259  14.971 0.000   7.288 0.000   7.683 0.000 0.020 0.000  0.314 0.000
 15.25  16.25   32.60 0.000   5.82 0.000 9.999 0.259 9.99 0.259  0.517 0.000  1.455 0.000  2.037 0.000 999.99 0.259  14.349 0.000   6.222 0.000   8.127 0.000 0.044 0.000  0.445 0.000
 18.25  19.25   22.22 0.000   0.74 0.000 9.999 0.259 9.99 0.259  0.155 0.000  0.456 0.000  0.639 0.000 999.99 0.259  12.576 0.000   9.207 0.000   3.369 0.000 0.023 0.000  0.167 0.000
 21.25  22.25   15.92 0.000   0.72 0.000 9.999 0.259 0.15 0.000  0.071 0.000  0.344 0.000  0.482 0.000 999.99 0.259   5.156 0.000   2.990 0.000   2.166 0.000 0.015 0.000  0.166 0.000
 24.25  25.25   18.13 0.000   1.84 0.000 9.999 0.259 9.99 0.259  0.914 0.000  0.768 0.000  1.076 0.000 999.99 0.259   8.681 0.000 999.999 0.259   9.088 0.000 0.025 0.000  0.373 0.000
 27.25  28.25   20.59 0.000   3.21 0.000 9.999 0.259 9.99 0.259  0.663 0.000  0.845 0.000  1.183 0.000 999.99 0.259  11.674 0.000   3.779 0.000   7.894 0.000 0.039 0.000  0.377 0.000
 30.25  31.25   31.97 0.000   2.58 0.000 9.999 0.259 0.18 0.000  1.087 0.000  1.104 0.000  1.546 0.000 999.99 0.259  14.017 0.000   3.435 0.000  10.582 0.000 0.036 0.000  0.439 0.000
 33.25  34.25   15.79 0.000   3.57 0.000 9.999 0.259 9.99 0.259  1.324 0.000 99.999 0.999 99.999 0.999 999.99 0.259  21.469 0.000   3.496 0.000  17.973 0.000 0.066 0.000  1.223 0.000
 36.25  37.25   15.17 0.000   1.67 0.000 9.999 0.259 0.12 0.000  1.523 0.000  1.556 0.000  2.178 0.000 999.99 0.259  24.369 0.000   8.076 0.000  16.294 0.000 0.037 0.000  1.060 0.000
 39.25  40.25    8.98 0.000   0.48 0.000 9.999 0.259 9.99 0.259  0.803 0.000  0.772 0.000  1.081 0.000 999.99 0.259   8.935 0.000   2.139 0.000   6.796 0.000 0.013 0.000  0.195 0.000
 42.25  43.25   22.82 0.000   0.42 0.000 9.999 0.259 0.16 0.000  0.451 0.000 99.999 0.999 99.999 0.999 999.99 0.259  11.348 0.000   5.527 0.000   5.822 0.000 0.018 0.000  0.394 0.000
 45.25  46.25   17.59 0.000   1.96 0.000 9.999 0.259 9.99 0.259  0.893 0.559  1.234 0.000  1.727 0.000 999.99 0.259  19.986 0.000  11.299 0.000   8.688 0.000 0.028 0.000  0.309 0.559
 48.25  49.25   43.72 0.000   2.94 0.000 9.999 0.259 0.15 0.000  3.518 0.000  1.601 0.000  2.242 0.000 999.99 0.259  34.764 0.000   4.481 0.000  30.284 0.000 0.035 0.000  1.220 0.000
 51.25  52.25   11.27 0.000   0.80 0.000 9.999 0.259 0.10 0.000  0.737 0.000  0.640 0.000  0.896 0.000 999.99 0.259   8.911 0.000   1.876 0.000   7.034 0.000 0.015 0.000  0.440 0.000
 54.25  55.25    6.27 0.000   1.37 0.000 9.999 0.259 9.99 0.259  1.104 0.000  0.632 0.000  0.885 0.000 999.99 0.259  14.843 0.000   0.868 0.000  13.975 0.000 0.014 0.000  1.517 0.000
 57.25  58.25   58.72 0.000   5.69 0.000 9.999 0.259 0.17 0.000  1.628 0.000  2.094 0.000  2.931 0.000 999.99 0.259  24.832 0.000   7.742 0.000  17.089 0.000 0.046 0.000  0.841 0.000
 60.25  61.25   11.39 0.000   0.78 0.000 9.999 0.259 9.99 0.259  0.272 0.000  0.478 0.000  0.669 0.000 999.99 0.259   5.323 0.000   0.956 0.000   4.367 0.000 0.009 0.000  0.408 0.000
 63.25  64.25   11.23 0.000   1.18 0.000 0.082 0.000 9.99 0.259  1.062 0.559  0.561 0.000  0.785 0.000 999.99 0.259  12.079 0.000   0.434 0.000  11.645 0.000 0.015 0.000  0.993 0.559
 66.25  67.25   10.37 0.000   2.93 0.000 9.999 0.259 9.99 0.259  0.043 0.000  0.270 0.000  0.378 0.000 999.99 0.259   5.208 0.000   4.061 0.000   1.148 0.000 0.008 0.000  0.088 0.000
 69.25  70.25   26.48 0.000   1.99 0.000 9.999 0.259 9.99 0.259  0.739 0.000  0.768 0.000  1.075 0.000 999.99 0.259  14.349 0.000   6.511 0.000   7.839 0.000 0.029 0.000  0.471 0.000
 72.25  73.25   40.00 0.000   2.66 0.000 9.999 0.259 9.99 0.259  0.843 0.000  5.810 0.000  8.134 0.000 999.99 0.259  24.389 0.000   7.333 0.000  17.056 0.000 0.082 0.000  0.446 0.000
 75.25  76.25   17.74 0.000   2.25 0.000 0.123 0.000 0.12 0.000  1.227 0.000  0.630 0.000  0.883 0.000 999.99 0.259  13.739 0.000   0.099 0.000  13.640 0.000 0.025 0.000  1.157 0.000
 78.25  79.25   30.71 0.000   1.67 0.000 9.999 0.259 0.12 0.000  0.595 0.000  1.820 0.000  2.547 0.000 999.99 0.259  15.136 0.000   5.688 0.000   9.448 0.000 0.040 0.000  1.072 0.000
 81.25  82.25   35.12 0.000   2.37 0.000 0.083 0.000 9.99 0.259  0.530 0.000  0.985 0.000  1.379 0.000 999.99 0.259  16.342 0.000   9.695 0.000   6.648 0.000 0.042 0.000  0.390 0.000
 84.25  85.25   28.76 0.000   2.11 0.000 9.999 0.259 9.99 0.259  0.684 0.000  1.020 0.000  1.428 0.000 999.99 0.259  18.808 0.000   3.716 0.000  15.091 0.000 0.040 0.000  1.712 0.000
 87.25  88.25    7.50 0.000   0.61 0.000 9.999 0.259 0.10 0.000  0.085 0.000  0.274 0.000  0.383 0.000 999.99 0.259   2.728 0.000   1.511 0.000   1.217 0.000 0.005 0.000  0.150 0.000
 90.25  91.25   16.80 0.000   3.04 0.000 9.999 0.259 9.99 0.259  0.364 0.000  0.496 0.000  0.694 0.000 999.99 0.259   9.549 0.000   4.430 0.000   5.119 0.000 0.018 0.000  0.534 0.000
 93.25  94.25   37.13 0.000   3.17 0.000 9.999 0.259 0.07 0.000  0.462 0.559  0.883 0.000  1.237 0.000 999.99 0.259  19.004 0.000  13.013 0.000   5.991 0.000 0.041 0.000  0.342 0.559
 96.25  97.25   79.26 0.000   3.45 0.000 9.999 0.259 0.06 0.000  0.594 0.000  5.714 0.000  7.999 0.000 999.99 0.259  39.891 0.000  23.256 0.000  16.635 0.000 0.145 0.000  0.624 0.000
 99.25 100.25   49.10 0.000   3.63 0.000 9.999 0.259 9.99 0.259  0.244 0.000  0.946 0.000  1.324 0.000  23.61 0.000  25.107 0.000  19.275 0.000   5.832 0.000 0.057 0.000  0.367 0.000
102.25 103.25   36.01 0.000   2.69 0.000 9.999 0.259 9.99 0.259  0.685 0.000  1.023 0.000  1.432 0.000 999.99 0.259  29.803 0.000  19.582 0.000  10.221 0.000 0.039 0.000  0.844 0.000
105.25 106.25   63.68 0.000   2.59 0.000 9.999 0.259 9.99 0.259  0.174 0.000  2.113 0.000  2.958 0.000 999.99 0.259  30.671 0.000  21.513 0.000   9.158 0.000 0.071 0.000  0.787 0.000
108.25 109.25   54.28 0.000   2.14 0.000 9.999 0.259 0.25 0.000  0.135 0.000  1.522 0.000  2.131 0.000 999.99 0.259  33.292 0.000  22.054 0.000  11.239 0.000 0.096 0.000  1.475 0.000
111.25 112.25   19.68 0.000   1.79 0.000 0.044 0.000 0.07 0.000  0.343 0.000  0.422 0.000  0.591 0.000 999.99 0.259  10.766 0.000   7.686 0.000   3.080 0.000 0.018 0.000  0.312 0.000
114.25 115.25   21.95 0.000   3.59 0.000 9.999 0.259 9.99 0.259  1.154 0.000  0.916 0.000  1.282 0.000 999.99 0.259  18.546 0.000   6.493 0.000  12.053 0.000 0.025 0.000  0.835 0.000
117.25 118.25   36.90 0.000   2.24 0.000 9.999 0.259 9.99 0.259  0.104 0.000  1.015 0.000  1.421 0.000 999.99 0.259  17.398 0.000  12.974 0.000   4.424 0.000 0.059 0.000  0.380 0.000
120.25 121.25   28.67 0.000   5.04 0.000 9.999 0.259 9.99 0.259  0.285 0.000  0.692 0.000  0.968 0.000 999.99 0.259  14.471 0.000  10.335 0.000   4.136 0.000 0.026 0.000  0.221 0.000
123.25 124.25   30.17 0.000   2.00 0.000 0.060 0.000 9.99 0.259  0.340 0.000  0.901 0.000  1.262 0.000 999.99 0.259  12.690 0.000   7.542 0.000   5.149 0.000 0.023 0.000  0.552 0.000
126.25 127.25   73.21 0.000   2.20 0.000 9.999 0.259 0.12 0.000  0.084 0.000  1.676 0.000  2.347 0.000 999.99 0.259  35.051 0.000  26.924 0.000   8.127 0.000 0.056 0.000  0.563 0.000
129.25 130.25   38.24 0.000   1.20 0.000 9.999 0.259 0.18 0.000  0.092 0.000  0.997 0.000  1.395 0.000 999.99 0.259  12.204 0.000   6.204 0.000   6.000 0.000 0.035 0.000  0.761 0.000
132.25 133.25 9999.99 0.999 999.99 0.999 9.999 0.999 9.99 0.999 99.999 0.999 99.999 0.999 99.999 0.999 999.99 0.999 999.999 0.999 999.999 0.999 999.999 0.999 9.999 0.999 99.999 0.999
135.25 136.25   26.06 0.000  67.26 0.000 9.999 0.259 9.99 0.259  0.680 0.000  1.862 0.000  2.606 0.000 999.99 0.259  12.891 0.000   4.809 0.000   8.082 0.000 0.055 0.000  0.483 0.000
138.25 139.25   18.34 0.000   2.23 0.000 9.999 0.259 0.17 0.000  0.676 0.000  0.839 0.000  1.175 0.000 999.99 0.259   7.554 0.000   3.088 0.000   4.466 0.000 0.016 0.000  0.451 0.000
141.25 142.25   35.06 0.000   1.49 0.000 9.999 0.259 0.31 0.000  0.159 0.000  1.350 0.000  1.890 0.000 999.99 0.259  20.143 0.000  11.645 0.000   8.498 0.000 0.047 0.000  1.051 0.000
144.25 145.25   22.54 0.000   0.71 0.000 0.056 0.000 9.99 0.259  0.232 0.000  0.709 0.000  0.993 0.000 999.99 0.259  11.029 0.000   6.369 0.000   4.660 0.000 0.021 0.000  0.582 0.000
147.25 148.25   24.39 0.000   1.35 0.000 9.999 0.259 0.08 0.000  0.336 0.000  0.884 0.000  1.238 0.000 999.99 0.259  13.235 0.000   7.083 0.000   6.152 0.000 0.026 0.000  1.308 0.000
150.25 151.25   37.41 0.000   1.51 0.000 9.999 0.259 9.99 0.259  0.039 0.000  0.733 0.000  1.026 0.000 999.99 0.259   8.701 0.000   5.168 0.000   3.533 0.000 0.031 0.000  0.346 0.000
153.25 154.25   12.23 0.000   0.67 0.000 9.999 0.259 9.99 0.259  0.036 0.000  0.293 0.000  0.411 0.000 999.99 0.259  10.766 0.000   8.060 0.000   2.706 0.000 0.010 0.000  0.319 0.000
156.25 157.25   54.84 0.000   3.23 0.000 9.999 0.259 0.12 0.000  0.128 0.000  2.672 0.000  3.741 0.000 999.99 0.259  20.217 0.000   9.816 0.000  10.401 0.000 0.123 0.000  0.831 0.000
159.25 160.25   81.42 0.000   1.04 0.000 9.999 0.259 0.32 0.000  0.094 0.000  0.992 0.000  1.388 0.000 999.99 0.259  18.906 0.000  11.581 0.000   7.325 0.000 0.072 0.000  0.875 0.000
162.25 163.25  105.84 0.000   1.24 0.000 9.999 0.259 0.23 0.000  0.220 0.000  1.558 0.000  2.181 0.000 999.99 0.259  20.874 0.000  11.677 0.000   9.197 0.000 0.080 0.000  1.066 0.000
165.25 166.25   35.58 0.000   1.42 0.000 9.999 0.259 9.99 0.259  0.047 0.000  1.048 0.000  1.467 0.000 999.99 0.259   9.990 0.000   6.136 0.000   3.855 0.000 0.037 0.000  0.344 0.000
168.25 169.25   16.54 0.000   1.30 0.000 9.999 0.259 0.15 0.000  0.039 0.000  0.921 0.000  1.289 0.000 999.99 0.259  12.122 0.000   9.271 0.000   2.851 0.000 0.019 0.000  0.170 0.000
171.25 172.25   30.39 0.000   2.26 0.000 9.999 0.259 9.99 0.259  0.074 0.000  1.917 0.000  2.684 0.000 999.99 0.259  15.196 0.000   9.470 0.000   5.726 0.000 0.040 0.000  0.550 0.000
174.25 175.25   42.65 0.000   6.56 0.000 9.999 0.259 9.99 0.259  0.050 0.000  1.206 0.000  1.688 0.000 999.99 0.259  21.405 0.000  16.143 0.000   5.262 0.000 0.038 0.000  0.384 0.000
177.25 178.25   35.39 0.000   1.51 0.000 9.999 0.259 0.09 0.000  0.061 0.000  1.194 0.000  1.672 0.000 999.99 0.259  18.614 0.000  13.723 0.000   4.891 0.000 0.044 0.000  0.383 0.000
180.25 181.25   51.69 0.000   1.43 0.000 9.999 0.259 9.99 0.259  0.075 0.000  0.996 0.000  1.395 0.000 999.99 0.259  21.259 0.000  16.550 0.000   4.709 0.000 0.044 0.000  0.291 0.000
183.25 184.25   34.03 0.000   0.82 0.000 9.999 0.259 0.11 0.000  0.064 0.000  0.634 0.000  0.887 0.000 999.99 0.259  11.111 0.000   6.094 0.000   5.017 0.000 0.030 0.000  0.614 0.000
186.25 187.25   43.39 0.000   1.81 0.000 9.999 0.259 9.99 0.259  0.120 0.000  1.300 0.000  1.820 0.000 999.99 0.259   8.946 0.000   3.607 0.000   5.340 0.000 0.146 0.000  0.465 0.000
189.25 190.25   14.45 0.000   3.95 0.000 9.999 0.259 9.99 0.259  0.191 0.000  0.884 0.000  1.238 0.000 999.99 0.259  12.377 0.000   6.473 0.000   5.904 0.000 0.024 0.000  0.814 0.000
192.25 193.25   65.84 0.000   0.70 0.000 9.999 0.259 0.14 0.000  0.064 0.000  1.141 0.000  1.598 0.000 999.99 0.259  15.319 0.000   7.757 0.000   7.562 0.000 0.066 0.000  0.780 0.000
195.25 196.25   24.84 0.000   1.24 0.000 9.999 0.259 9.99 0.259  0.053 0.000  1.214 0.000  1.699 0.000 999.99 0.259  16.830 0.000  12.639 0.000   4.191 0.000 0.033 0.000  0.221 0.000
198.25 199.25   20.00 0.000   0.82 0.000 0.033 0.000 9.99 0.259  0.074 0.000  2.259 0.000  3.162 0.000 999.99 0.259  15.779 0.000   9.884 0.000   5.895 0.000 0.034 0.000  0.184 0.000
201.25 202.25   54.57 0.000   1.55 0.000 9.999 0.259 9.99 0.259  0.197 0.000  2.412 0.000  3.377 0.000 999.99 0.259  24.892 0.000  13.133 0.000  11.758 0.000 0.069 0.000  1.637 0.000
204.25 205.25   32.53 0.000   3.01 0.000 9.999 0.259 9.99 0.259  0.098 0.000  2.209 0.000  3.092 0.000 999.99 0.259  17.940 0.000   9.981 0.000   7.958 0.000 0.055 0.000  0.547 0.000
207.25 208.25   25.55 0.000   2.26 0.000 9.999 0.259 0.10 0.000  0.089 0.000  1.702 0.000  2.383 0.000 999.99 0.259  14.052 0.000   6.072 0.000   7.980 0.000 0.035 0.000  0.783 0.000
210.25 211.25   27.81 0.000   2.16 0.000 9.999 0.259 9.99 0.259  0.137 0.000  1.872 0.000  2.621 0.000 999.99 0.259  17.341 0.000   5.449 0.000  11.892 0.000 0.053 0.000  1.390 0.000
213.25 214.25   24.24 0.000   1.10 0.000 9.999 0.259 9.99 0.259  0.088 0.000  2.044 0.000  2.862 0.000 999.99 0.259  14.834 0.000   5.554 0.000   9.280 0.000 0.042 0.000  0.914 0.000
216.25 217.25   11.69 0.000   1.15 0.000 9.999 0.259 9.99 0.259  0.108 0.000  0.944 0.000  1.322 0.000 999.99 0.259   8.244 0.000   3.358 0.000   4.886 0.000 0.024 0.000  0.509 0.000
219.25 220.25   62.22 0.000   2.29 0.000 9.999 0.259 9.99 0.259  0.089 0.559  4.532 0.000  6.345 0.000 999.99 0.259  23.809 0.000  11.970 0.000  11.839 0.000 0.146 0.000  0.556 0.559
222.25 223.25   25.72 0.000   1.21 0.000 9.999 0.259 0.10 0.000  0.079 0.000  0.627 0.000  0.878 0.000 999.99 0.259  12.748 0.000   9.147 0.000   3.601 0.000 0.019 0.000  0.310 0.000
225.25 226.25   27.25 0.000   2.63 0.000 9.999 0.259 9.99 0.259  0.059 0.000  1.065 0.000  1.490 0.000  27.97 0.000  20.710 0.000  15.959 0.000   4.752 0.000 0.030 0.000  0.269 0.000
228.25 229.25   44.52 0.000   1.99 0.000 9.999 0.259 0.09 0.000  0.050 0.000  1.635 0.000  2.288 0.000 999.99 0.259  23.121 0.000  14.044 0.000   9.076 0.000 0.043 0.000  0.859 0.000
231.25 232.25   35.56 0.000   0.96 0.000 0.042 0.000 9.99 0.259  0.041 0.000  1.023 0.000  1.432 0.000  23.13 0.000  27.778 0.000  23.526 0.000   4.252 0.000 0.051 0.000  0.139 0.000
234.25 235.25   40.22 0.000   2.09 0.000 9.999 0.259 0.15 0.000  0.161 0.000  1.694 0.000  2.372 0.000 999.99 0.259  18.121 0.000   9.118 0.000   9.003 0.000 0.051 0.000  1.014 0.000
237.25 238.25   22.42 0.000   0.59 0.000 0.069 0.000 0.20 0.000  0.122 0.000  0.903 0.000  1.264 0.000 999.99 0.259   7.314 0.000   3.098 0.000   4.216 0.000 0.023 0.000  0.493 0.000
240.25 241.25    9.34 0.000   1.57 0.000 9.999 0.259 9.99 0.259  0.141 0.000  0.798 0.000  1.118 0.000 999.99 0.259  10.191 0.000   6.841 0.000   3.349 0.000 0.019 0.000  0.330 0.000
243.25 244.25   95.84 0.000   2.59 0.000 9.999 0.259 9.99 0.259  0.105 0.000  1.325 0.000  1.855 0.000 999.99 0.259  20.200 0.000  13.086 0.000   7.114 0.000 0.039 0.000  0.717 0.000
246.25 247.25   70.48 0.000   3.03 0.000 9.999 0.259 9.99 0.259  0.181 0.000  2.778 0.000  3.889 0.000 999.99 0.259  33.441 0.000  10.314 0.000  23.127 0.000 0.053 0.000  3.375 0.000
249.25 250.25    9.73 0.000   2.59 0.000 9.999 0.259 9.99 0.259  0.018 0.000  1.362 0.000  1.907 0.000 999.99 0.259   9.150 0.000   6.639 0.000   2.511 0.000 0.015 0.000  0.181 0.000
252.25 253.25   83.73 0.000   1.33 0.000 9.999 0.259 0.13 0.000  0.079 0.000  1.144 0.000  1.602 0.000 999.99 0.259  21.121 0.000  14.758 0.000   6.363 0.000 0.022 0.000  0.610 0.000
255.25 256.25   80.36 0.000   3.24 0.000 9.999 0.259 9.99 0.259  0.150 0.000  3.817 0.000  5.343 0.000 999.99 0.259  34.188 0.000  16.251 0.000  17.937 0.000 0.120 0.000  1.678 0.000
258.25 259.25   18.96 0.000   0.61 0.000 9.999 0.259 9.99 0.259  0.032 0.000  1.157 0.000  1.620 0.000 999.99 0.259  12.337 0.000   7.634 0.000   4.702 0.000 0.044 0.000  0.427 0.000
