scripts/IMPROVE-2019_partial/data/US9036R.20000101070000.20191216000000.filterpack..pm25.52w.1w.US03L_filterpack_US9036.US03L_IMPROVE_Davis.lev2.nas
64 1001
MISSING INFORMATION
US03L, IMPROVE, , , , , , , 
MISSING INFORMATION
IMPROVE sel_HTAP
1 1
2000 01 01 2019 12 16
0
days from file reference point
25
1 1 1 1 1 1 1 1 1 1 1 1 1 1 1 1 1 1 1 1 1 1 1 1 1
999.999999 9999.99 9.999 999.99 9.999 9.999 9.999999 99.99 9.999999 9.999 9.999999 99.999 9.999 99.999 9.999 999.999 9.999 999.999 9.999 999.999 9.999 9.999 9.999 9.999 9.999999
end_time of measurement, days from the file reference point
iron, ng/m3, Revision date=20181210133000
numflag iron, no unit, Revision date=20181210133000
lead, ng/m3, Revision date=20181210133000
numflag lead, no unit, Revision date=20181210133000
magnesium, ug/m3, Revision date=20181210133000
numflag magnesium, no unit, Revision date=20181210133000
nickel, ng/m3, Revision date=20181210133000
numflag nickel, no unit, Revision date=20181210133000
nitrate, ug N/m3, Revision date=20181210133000
numflag nitrate, no unit, Revision date=20181210133000
organic_carbon, ug C/m3, Revision date=20181210133000
numflag organic_carbon, no unit, Revision date=20181210133000
organic_mass, ug/m3, Revision date=20181210133000
numflag organic_mass, no unit, Revision date=20181210133000
pm10_mass, ug/m3, Version=2, Version description=Data extracted from http://views.cira.colostate.edu/fed/DataWizard 2019-12-16, Sample duration=1d, Orig. time res.=3d, Matrix=pm10, Blank correction=Blank corrected, Volume std. temperature=ambient, Volume std. pressure=ambient
numflag pm10_mass, no unit, Version=2, Version description=Data extracted from http://views.cira.colostate.edu/fed/DataWizard 2019-12-16, Sample duration=1d, Orig. time res.=3d, Matrix=pm10, Blank correction=Blank corrected, Volume std. temperature=ambient, Volume std. pressure=ambient
pm10_pm25_mass, ug/m3, Revision date=20181210133000, Matrix=pm10_pm25
numflag pm10_pm25_mass, no unit, Revision date=20181210133000, Matrix=pm10_pm25
pm25_mass, ug/m3, Version=2, Version description=Data extracted from http://views.cira.colostate.edu/fed/DataWizard 2019-12-16, Sample duration=1d, Orig. time res.=3d, Blank correction=Blank corrected, Volume std. temperature=ambient, Volume std. pressure=ambient
numflag pm25_mass, no unit, Version=2, Version description=Data extracted from http://views.cira.colostate.edu/fed/DataWizard 2019-12-16, Sample duration=1d, Orig. time res.=3d, Blank correction=Blank corrected, Volume std. temperature=ambient, Volume std. pressure=ambient
potassium, ug/m3, Revision date=20181210133000
numflag potassium, no unit, Revision date=20181210133000
sulphate_total, ug S/m3, Revision date=20181210133000
numflag sulphate_total, no unit, Revision date=20181210133000
0
25
Data definition:              EBAS_1.1
Set type code:                TI
Timezone:                     UTC
File name:                    US9036R.20000101070000.20191216000000.filterpack..pm25.52w.1w.US03L_filterpack_US9036.US03L_IMPROVE_Davis.lev2.nas
File creation:                20191218120744
Startdate:                    20000101070000
Revision date:                20191216000000
Statistics:                   arithmetic mean
Data level:                   2
Period code:                  52w
Resolution code:              1w
Station code:                 US9036R
Platform code:                US9036S
Station name:                 Tonto NM
Station latitude:             33.6548
Station longitude:            -111.1068
Station altitude:             775.0 m
Regime:                       IMG
Component:                    
Matrix:                       pm25
Laboratory code:              US03L
Instrument type:              filterpack
Instrument name:              filterpack_US9036
Method ref:                   US03L_IMPROVE_Davis
starttime endtime Fe flag_Fe Pb flag_Pb Mg++ flag_Mg++ Ni flag_Ni NO3- flag_NO3- OC flag_OC OM flag_OM PM10 flag_PM10 PM10-PM2.5 flag_PM10-PM2.5 PM2.5 flag_PM2.5 K+ flag_K+ SO4-- flag_SO4--
  0.291667   1.291667 9999.99 0.999 999.99 0.999 9.999 0.999000 99.99 0.999000 9.999 0.999000 99.999 0.999 99.999 0.999 999.999 0.999 999.999 0.999 999.999 0.999 9.999 0.999 9.999 0.999000
  4.291667   5.291667 9999.99 0.999 999.99 0.999 9.999 0.999000 99.99 0.999000 9.999 0.999000 99.999 0.999 99.999 0.999 999.999 0.999 999.999 0.999 999.999 0.999 9.999 0.999 9.999 0.999000
  7.291667   8.291667 9999.99 0.999 999.99 0.999 9.999 0.999000 99.99 0.999000 9.999 0.999000 99.999 0.999 99.999 0.999 999.999 0.999 999.999 0.999 999.999 0.999 9.999 0.999 9.999 0.999000
 11.291667  12.291667 9999.99 0.999 999.99 0.999 9.999 0.999000 99.99 0.999000 9.999 0.999000 99.999 0.999 99.999 0.999 999.999 0.999 999.999 0.999 999.999 0.999 9.999 0.999 9.999 0.999000
 14.291667  15.291667 9999.99 0.999 999.99 0.999 9.999 0.999000 99.99 0.999000 9.999 0.999000 99.999 0.999 99.999 0.999 999.999 0.999 999.999 0.999 999.999 0.999 9.999 0.999 9.999 0.999000
 18.291667  19.291667 9999.99 0.999 999.99 0.999 9.999 0.999000 99.99 0.999000 9.999 0.999000 99.999 0.999 99.999 0.999 999.999 0.999 999.999 0.999 999.999 0.999 9.999 0.999 9.999 0.999000
 21.291667  22.291667 9999.99 0.999 999.99 0.999 9.999 0.999000 99.99 0.999000 9.999 0.999000 99.999 0.999 99.999 0.999 999.999 0.999 999.999 0.999 999.999 0.999 9.999 0.999 9.999 0.999000
 25.291667  26.291667 9999.99 0.999 999.99 0.999 9.999 0.999000 99.99 0.999000 9.999 0.999000 99.999 0.999 99.999 0.999 999.999 0.999 999.999 0.999 999.999 0.999 9.999 0.999 9.999 0.999000
 28.291667  29.291667 9999.99 0.999 999.99 0.999 9.999 0.999000 99.99 0.999000 9.999 0.999000 99.999 0.999 99.999 0.999 999.999 0.999 999.999 0.999 999.999 0.999 9.999 0.999 9.999 0.999000
 32.291667  33.291667 9999.99 0.999 999.99 0.999 9.999 0.999000 99.99 0.999000 9.999 0.999000 99.999 0.999 99.999 0.999 999.999 0.999 999.999 0.999 999.999 0.999 9.999 0.999 9.999 0.999000
 35.291667  36.291667 9999.99 0.999 999.99 0.999 9.999 0.999000 99.99 0.999000 9.999 0.999000 99.999 0.999 99.999 0.999 999.999 0.999 999.999 0.999 999.999 0.999 9.999 0.999 9.999 0.999000
 39.291667  40.291667 9999.99 0.999 999.99 0.999 9.999 0.999000 99.99 0.999000 9.999 0.999000 99.999 0.999 99.999 0.999 999.999 0.999 999.999 0.999 999.999 0.999 9.999 0.999 9.999 0.999000
 42.291667  43.291667 9999.99 0.999 999.99 0.999 9.999 0.999000 99.99 0.999000 9.999 0.999000 99.999 0.999 99.999 0.999 999.999 0.999 999.999 0.999 999.999 0.999 9.999 0.999 9.999 0.999000
 46.291667  47.291667   35.31 0.559   3.72 0.559 9.999 0.559259 99.99 0.559259 0.028 0.559000  1.007 0.000  1.410 0.000   7.920 0.000   5.165 0.000   2.755 0.559 0.030 0.559 0.096 0.559000
 49.291667  50.291667   27.44 0.559   4.24 0.559 9.999 0.559259 99.99 0.559259 0.028 0.699000  0.773 0.000  1.082 0.000   7.132 0.000   4.836 0.000   2.296 0.559 0.030 0.559 0.077 0.699000
 53.291667  54.291667   13.67 0.559   9.12 0.559 9.999 0.559259 99.99 0.559259 0.178 0.559000  1.316 0.000  1.842 0.000   6.454 0.000   2.968 0.000   3.486 0.559 0.014 0.559 0.173 0.559000
 56.291667  57.291667   20.01 0.559   0.85 0.559 9.999 0.559259 99.99 0.559259 0.079 0.559000  0.884 0.000  1.238 0.000   5.661 0.000   3.570 0.000   2.092 0.559 0.018 0.559 0.108 0.559000
 60.291667  61.291667   30.82 0.559   3.64 0.559 9.999 0.559259 99.99 0.559259 0.089 0.699000  0.595 0.000  0.833 0.000  12.447 0.000   9.596 0.000   2.851 0.559 0.037 0.559 0.148 0.699000
 63.291667  64.291667   46.98 0.559   2.54 0.559 9.999 0.559259 99.99 0.559259 0.086 0.559000  0.887 0.000  1.242 0.000  17.570 0.000  13.898 0.000   3.671 0.559 0.049 0.559 0.274 0.559000
 67.291667  68.291667    8.48 0.559   2.38 0.559 9.999 0.559259 99.99 0.559259 0.185 0.559000  0.646 0.000  0.904 0.000   4.715 0.559   0.048 0.000   4.667 0.559 0.009 0.559 0.249 0.559000
 70.291667  71.291667   14.33 0.559   1.16 0.559 9.999 0.559259 99.99 0.559259 0.014 0.559000  0.787 0.000  1.102 0.000   3.911 0.559   2.154 0.000   1.757 0.559 0.012 0.559 0.164 0.559000
 74.291667  75.291667   54.57 0.000   2.66 0.000 9.999 0.259000 99.99 0.259000 0.058 0.699000  0.791 0.000  1.108 0.000  10.929 0.000   6.861 0.000   4.068 0.000 0.038 0.000 0.272 0.699000
 77.291667  78.291667   30.62 0.000   0.68 0.000 9.999 0.259000 99.99 0.259000 0.021 0.559000  0.378 0.000  0.529 0.000   7.248 0.000   4.885 0.000   2.363 0.000 0.022 0.000 0.147 0.559000
 81.291667  82.291667   44.40 0.559   0.75 0.559 9.999 0.559259 99.99 0.559259 0.051 0.559000  0.718 0.000  1.005 0.000  11.472 0.000   7.743 0.000   3.728 0.559 0.035 0.559 0.268 0.559000
 84.291667  85.291667   51.45 0.000   2.74 0.000 9.999 0.259000 99.99 0.259000 0.089 0.559000  0.840 0.000  1.176 0.000  15.521 0.000   9.954 0.000   5.567 0.000 0.038 0.000 0.429 0.559000
 88.291667  89.291667   23.94 0.559   1.53 0.559 9.999 0.559259 99.99 0.559259 0.192 0.000000  1.509 0.000  2.113 0.000  11.149 0.000   6.132 0.000   5.017 0.559 0.022 0.559 0.411 0.000000
 91.291667  92.291667   22.53 0.559   0.69 0.559 9.999 0.559259 99.99 0.559259 0.021 0.000000  0.478 0.000  0.669 0.000   5.481 0.000   2.816 0.000   2.664 0.559 0.019 0.559 0.281 0.000000
 95.291667  96.291667   56.49 0.559   1.80 0.559 9.999 0.559259 99.99 0.559259 0.039 0.000000  1.463 0.000  2.049 0.000   7.966 0.000   4.576 0.000   3.390 0.559 0.040 0.559 0.224 0.000000
 98.291667  99.291667  751.13 0.559   1.18 0.559 9.999 0.559259 99.99 0.559259 0.088 0.000000  2.236 0.000  3.131 0.000  75.654 0.000  53.339 0.000  22.314 0.559 0.232 0.559 0.260 0.000000
102.291667 103.291667   87.93 0.559   1.38 0.559 9.999 0.559259 99.99 0.559259 0.040 0.000000  1.453 0.000  2.035 0.000   8.864 0.000   3.796 0.000   5.069 0.559 0.062 0.559 0.362 0.000000
105.291667 106.291667  181.40 0.000   0.74 0.000 0.102 0.000000 99.99 0.259000 0.120 0.000000  1.334 0.000  1.867 0.000  23.203 0.000  16.665 0.000   6.538 0.000 0.105 0.000 0.159 0.000000
109.291667 110.291667   74.83 0.000   0.51 0.000 9.999 0.259000  5.68 0.000000 0.089 0.000000  1.182 0.000  1.654 0.000   9.381 0.000   4.668 0.000   4.713 0.000 0.058 0.000 0.146 0.000000
112.291667 113.291667  105.82 0.000   0.87 0.000 9.999 0.259000 99.99 0.259000 0.186 0.000000  1.406 0.000  1.969 0.000  19.696 0.000  12.191 0.000   7.505 0.000 0.076 0.000 0.463 0.000000
116.291667 117.291667  205.88 0.000   3.02 0.000 9.999 0.259000 99.99 0.259000 0.066 0.000000  1.752 0.000  2.453 0.000  15.310 0.000   7.072 0.000   8.239 0.000 0.122 0.000 0.336 0.000000
119.291667 120.291667  350.58 0.559   1.80 0.559 9.999 0.559259 99.99 0.559259 0.137 0.000000  1.374 0.000  1.924 0.000  28.346 0.000  16.717 0.000  11.630 0.559 0.215 0.559 0.389 0.000000
123.291667 124.291667 9999.99 0.999 999.99 0.999 9.999 0.999000 99.99 0.999000 9.999 0.999000 99.999 0.999 99.999 0.999 999.999 0.999 999.999 0.999 999.999 0.999 9.999 0.999 9.999 0.999000
126.291667 127.291667 9999.99 0.999 999.99 0.999 9.999 0.999000 99.99 0.999000 9.999 0.999000 99.999 0.999 99.999 0.999 999.999 0.999 999.999 0.999 999.999 0.999 9.999 0.999 9.999 0.999000
130.291667 131.291667  199.28 0.000   1.48 0.000 9.999 0.259000 99.99 0.259000 0.078 0.000000  1.670 0.000  2.337 0.000  19.534 0.000  11.752 0.000   7.782 0.000 0.121 0.000 0.304 0.000000
133.291667 134.291667  150.80 0.559   1.92 0.559 9.999 0.559259 99.99 0.559259 0.064 0.000000  1.535 0.000  2.149 0.000  13.320 0.000   7.061 0.000   6.260 0.559 0.093 0.559 0.265 0.000000
137.291667 138.291667  323.83 0.000   0.61 0.000 9.999 0.259000 99.99 0.259000 0.159 0.000000  2.256 0.000  3.159 0.000  16.456 0.000   6.165 0.000  10.291 0.000 0.183 0.000 0.182 0.000000
140.291667 141.291667   96.33 0.000   0.67 0.000 9.999 0.259000 99.99 0.259000 0.029 0.000000  1.428 0.000  1.999 0.000   5.892 0.000   0.522 0.000   5.370 0.000 0.061 0.000 0.246 0.000000
144.291667 145.291667  209.95 0.559   0.84 0.559 9.999 0.559259 99.99 0.559259 0.106 0.000000  2.637 0.000  3.692 0.000  27.128 0.000  14.582 0.000  12.546 0.559 0.211 0.559 0.712 0.000000
147.291667 148.291667  126.80 0.000   1.02 0.000 9.999 0.259000 99.99 0.259000 0.124 0.000000  3.346 0.000  4.685 0.000  19.870 0.000   9.437 0.000  10.433 0.000 0.101 0.000 0.491 0.000000
151.291667 152.291667  173.28 0.559   1.18 0.559 9.999 0.559259 99.99 0.559259 0.099 0.000000  1.753 0.000  2.455 0.000  20.712 0.000  11.576 0.000   9.136 0.559 0.165 0.559 0.523 0.000000
154.291667 155.291667   72.37 0.000   1.72 0.000 9.999 0.259000 99.99 0.259000 0.059 0.000000  0.897 0.000  1.256 0.000  14.290 0.000   9.776 0.000   4.514 0.000 0.074 0.000 0.307 0.000000
158.291667 159.291667  139.39 0.000   4.08 0.000 9.999 0.259000 99.99 0.259000 0.089 0.000000  1.237 0.000  1.732 0.000  17.640 0.000   9.704 0.000   7.936 0.000 0.072 0.000 0.283 0.000000
161.291667 162.291667  112.26 0.000   1.00 0.000 9.999 0.259000 99.99 0.259000 0.067 0.000000  0.632 0.000  0.885 0.000  17.640 0.000  12.184 0.000   5.456 0.000 0.130 0.000 0.518 0.000000
165.291667 166.291667  101.75 0.000   0.44 0.000 9.999 0.259000 99.99 0.259000 0.063 0.000000  1.657 0.000  2.319 0.000  15.585 0.000   9.306 0.000   6.279 0.000 0.093 0.000 0.262 0.000000
168.291667 169.291667  270.19 0.000   0.55 0.000 9.999 0.259000 99.99 0.259000 0.032 0.000000  1.777 0.000  2.488 0.000  36.983 0.000  25.221 0.000  11.762 0.000 0.144 0.000 0.277 0.000000
172.291667 173.291667   60.93 0.000   2.13 0.000 9.999 0.259000 99.99 0.259000 0.131 0.000000  1.293 0.000  1.811 0.000   6.704 0.000   1.983 0.000   4.721 0.000 0.209 0.000 0.479 0.000000
175.291667 176.291667 9999.99 0.456 999.99 0.456 9.999 0.456000 99.99 0.456000 0.041 0.000000  0.946 0.000  1.325 0.000   7.747 0.000 999.999 0.999 999.999 0.456 9.999 0.456 0.470 0.000000
179.291667 180.291667   42.44 0.000   5.00 0.000 0.012 0.000000 99.99 0.259000 0.026 0.559000  0.964 0.000  1.349 0.000   6.662 0.000   3.371 0.000   3.291 0.000 0.051 0.000 0.298 0.559000
182.291667 183.291667   49.44 0.000 999.99 0.259 9.999 0.259000 99.99 0.259000 0.098 0.559000  0.885 0.000  1.240 0.000  10.619 0.000   5.718 0.000   4.900 0.000 0.102 0.000 0.579 0.559000
186.291667 187.291667   43.76 0.000 999.99 0.259 9.999 0.259000 99.99 0.259000 0.053 0.559000  0.695 0.000  0.972 0.000   8.559 0.000   5.645 0.000   2.914 0.000 0.089 0.000 0.238 0.559000
189.291667 190.291667   53.10 0.000   1.26 0.000 9.999 0.259000 99.99 0.259000 0.048 0.559000  0.660 0.000  0.923 0.000   8.479 0.000   4.756 0.000   3.723 0.000 0.036 0.000 0.414 0.559000
193.291667 194.291667   59.16 0.000 999.99 0.259 9.999 0.259000 99.99 0.259000 0.051 0.559000  1.143 0.000  1.600 0.000  10.134 0.000   6.102 0.000   4.032 0.000 0.038 0.000 0.389 0.559000
196.291667 197.291667   53.73 0.000   0.94 0.000 9.999 0.259000 99.99 0.259000 0.079 0.559000  1.024 0.000  1.434 0.000  12.032 0.000   7.199 0.000   4.832 0.000 0.060 0.000 0.498 0.559000
200.291667 201.291667   81.93 0.000   0.83 0.000 9.999 0.259000 99.99 0.259000 0.026 0.559000  1.075 0.000  1.505 0.000   9.514 0.000   5.996 0.000   3.518 0.000 0.049 0.000 0.158 0.559000
203.291667 204.291667  114.95 0.000   1.43 0.000 9.999 0.259000 99.99 0.259000 0.130 0.559000  1.196 0.000  1.674 0.000  18.987 0.000  12.042 0.000   6.944 0.000 0.099 0.000 0.553 0.559000
207.291667 208.291667  144.78 0.394   0.30 0.394 9.999 0.394259 99.99 0.394259 0.083 0.559394  2.045 0.000  2.863 0.000  17.797 0.000   9.163 0.000   8.633 0.000 0.122 0.394 0.591 0.559394
210.291667 211.291667  199.93 0.559   2.52 0.559 9.999 0.559259 99.99 0.559259 0.147 0.559000  1.557 0.000  2.180 0.000  26.445 0.000  16.529 0.000   9.916 0.559 0.159 0.559 0.664 0.559000
214.291667 215.291667  414.46 0.000   0.42 0.000 9.999 0.259000 99.99 0.259000 0.065 0.559000  2.574 0.000  3.603 0.000  30.499 0.000  15.227 0.000  15.271 0.000 0.287 0.000 0.480 0.559000
217.291667 218.291667   43.68 0.559   1.73 0.559 9.999 0.559259 99.99 0.559259 0.024 0.559000  2.340 0.000  3.276 0.000  10.112 0.000   4.226 0.000   5.886 0.559 0.070 0.559 0.433 0.559000
221.291667 222.291667   68.04 0.000   0.39 0.000 9.999 0.259000 99.99 0.259000 0.027 0.559000  1.472 0.000  2.060 0.000   6.016 0.000   1.417 0.000   4.599 0.000 0.056 0.000 0.294 0.559000
224.291667 225.291667   52.27 0.000   0.43 0.000 9.999 0.259000  0.35 0.000000 0.033 0.000000  1.200 0.000  1.680 0.000   7.267 0.000   2.984 0.000   4.284 0.000 0.040 0.000 0.296 0.000000
228.291667 229.291667  235.74 0.000   0.63 0.000 9.999 0.259000 99.99 0.259000 0.049 0.559000  1.964 0.000  2.749 0.000  22.823 0.000  11.474 0.000  11.349 0.000 0.168 0.000 0.612 0.559000
231.291667 232.291667   54.87 0.000   0.70 0.000 9.999 0.259000 99.99 0.259000 0.027 0.559000  1.295 0.000  1.814 0.000   7.026 0.000   1.778 0.000   5.248 0.000 0.052 0.000 0.472 0.559000
235.291667 236.291667  107.85 0.000   1.68 0.000 9.999 0.259000  1.59 0.000000 0.048 0.559000  1.030 0.000  1.442 0.000  10.072 0.000   3.035 0.000   7.037 0.000 0.077 0.000 0.547 0.559000
238.291667 239.291667   35.10 0.000   1.38 0.000 9.999 0.259000 99.99 0.259000 0.022 0.559000  0.753 0.000  1.054 0.000   7.432 0.000   2.732 0.000   4.700 0.000 0.027 0.000 0.598 0.559000
242.291667 243.291667 9999.99 0.999 999.99 0.999 9.999 0.999000 99.99 0.999000 9.999 0.999000 99.999 0.999 99.999 0.999 999.999 0.999 999.999 0.999 999.999 0.999 9.999 0.999 9.999 0.999000
245.291667 246.291667 9999.99 0.999 999.99 0.999 9.999 0.999000 99.99 0.999000 9.999 0.999000 99.999 0.999 99.999 0.999 999.999 0.999 999.999 0.999 999.999 0.999 9.999 0.999 9.999 0.999000
249.291667 250.291667 9999.99 0.999 999.99 0.999 9.999 0.999000 99.99 0.999000 9.999 0.999000 99.999 0.999 99.999 0.999 999.999 0.999 999.999 0.999 999.999 0.999 9.999 0.999 9.999 0.999000
252.291667 253.291667   97.40 0.000   3.45 0.000 9.999 0.259000  0.37 0.000000 0.032 0.000000  0.788 0.000  1.104 0.000   9.944 0.000   4.414 0.000   5.530 0.000 0.081 0.000 0.564 0.000000
255.291667 256.291667  148.31 0.000   0.51 0.000 9.999 0.259000 99.99 0.259000 0.090 0.559000  0.901 0.000  1.262 0.000  14.118 0.000   6.466 0.000   7.653 0.000 0.106 0.000 0.608 0.559000
258.291667 259.291667  128.97 0.000   3.86 0.000 9.999 0.259000 99.99 0.259000 0.037 0.000000  0.975 0.000  1.365 0.000  14.910 0.000   7.903 0.000   7.007 0.000 0.092 0.000 0.509 0.000000
261.291667 262.291667   96.58 0.000   0.89 0.000 9.999 0.259000 99.99 0.259000 0.042 0.000000  0.794 0.000  1.112 0.000  14.607 0.000   9.009 0.000   5.598 0.000 0.066 0.000 0.515 0.000000
264.291667 265.291667  126.40 0.000   0.62 0.000 9.999 0.259000 99.99 0.259000 0.072 0.000000  0.735 0.000  1.028 0.000  21.113 0.000  13.985 0.000   7.128 0.000 0.089 0.000 0.692 0.000000
267.291667 268.291667   21.90 0.000 999.99 0.259 9.999 0.259000 99.99 0.259000 0.023 0.000000  0.445 0.000  0.622 0.000   5.374 0.000   3.591 0.000   1.782 0.000 0.024 0.000 0.160 0.000000
270.291667 271.291667   66.52 0.000   0.92 0.000 9.999 0.259000 99.99 0.259000 0.036 0.000000  0.857 0.000  1.200 0.000  12.492 0.000   6.863 0.000   5.629 0.000 0.052 0.000 0.680 0.000000
273.291667 274.291667   25.62 0.000   1.18 0.000 9.999 0.259000 99.99 0.259000 0.021 0.000000  0.887 0.000  1.241 0.000   7.304 0.000   3.051 0.000   4.252 0.000 0.023 0.000 0.604 0.000000
276.291667 277.291667   44.94 0.000   1.02 0.000 9.999 0.259000 99.99 0.259000 0.055 0.000000  0.781 0.000  1.094 0.000   6.655 0.000   0.243 0.000   6.412 0.000 0.043 0.000 0.954 0.000000
279.291667 280.291667   36.53 0.000   0.98 0.000 9.999 0.259000 99.99 0.259000 0.031 0.000000  0.735 0.000  1.029 0.000   8.068 0.000   3.523 0.000   4.545 0.000 0.029 0.000 0.678 0.000000
282.291667 283.291667   12.27 0.000   0.40 0.000 9.999 0.259000 99.99 0.259000 0.016 0.559000  0.457 0.000  0.640 0.000   8.041 0.000   6.380 0.000   1.661 0.000 0.015 0.000 0.235 0.559000
285.291667 286.291667   94.29 0.000   1.18 0.000 9.999 0.259000 99.99 0.259000 0.320 0.000000  0.399 0.000  0.558 0.000   9.137 0.000   4.186 0.000   4.952 0.000 0.066 0.000 0.417 0.000000
