scripts/IMPROVE-2019_partial/data/US9003R.20060102050000.20191216000000.filterpack..pm25.52w.1w.US03L_filterpack_US9003.US03L_IMPROVE_Davis.lev2.nas
66 1001
MISSING INFORMATION
US03L, IMPROVE, , , , , , , 
MISSING INFORMATION
IMPROVE sel_HTAP
1 1
2006 01 01 2019 12 16
3.000000
days from file reference point
27
1 1 1 1 1 1 1 1 1 1 1 1 1 1 1 1 1 1 1 1 1 1 1 1 1 1 1
999.999999 9999.99 9.999 99.99 9.999 9.999 9.999 99.99 9.999 9.999 9.999 99.999 9.999 99.999 9.999 999.99 9.999 999.999 9.999 999.999 9.999 999.999 9.999 9.999 9.999 99.999 9.999
end_time of measurement, days from the file reference point
iron, ng/m3, Revision date=20181210133000
numflag iron, no unit, Revision date=20181210133000
lead, ng/m3, Revision date=20181210133000
numflag lead, no unit, Revision date=20181210133000
magnesium, ug/m3, Revision date=20181210133000
numflag magnesium, no unit, Revision date=20181210133000
nickel, ng/m3, Revision date=20181210133000
numflag nickel, no unit, Revision date=20181210133000
nitrate, ug N/m3, Revision date=20181210133000
numflag nitrate, no unit, Revision date=20181210133000
organic_carbon, ug C/m3, Revision date=20181210133000
numflag organic_carbon, no unit, Revision date=20181210133000
organic_mass, ug/m3, Revision date=20181210133000
numflag organic_mass, no unit, Revision date=20181210133000
phosphorus, ng/m3, Revision date=20181210133000
numflag phosphorus, no unit, Revision date=20181210133000
pm10_mass, ug/m3, Version=2, Version description=Data extracted from http://views.cira.colostate.edu/fed/DataWizard 2019-12-16, Sample duration=1d, Orig. time res.=3d, Matrix=pm10, Blank correction=Blank corrected, Volume std. temperature=ambient, Volume std. pressure=ambient
numflag pm10_mass, no unit, Version=2, Version description=Data extracted from http://views.cira.colostate.edu/fed/DataWizard 2019-12-16, Sample duration=1d, Orig. time res.=3d, Matrix=pm10, Blank correction=Blank corrected, Volume std. temperature=ambient, Volume std. pressure=ambient
pm10_pm25_mass, ug/m3, Revision date=20181210133000, Matrix=pm10_pm25
numflag pm10_pm25_mass, no unit, Revision date=20181210133000, Matrix=pm10_pm25
pm25_mass, ug/m3, Version=2, Version description=Data extracted from http://views.cira.colostate.edu/fed/DataWizard 2019-12-16, Sample duration=1d, Orig. time res.=3d, Blank correction=Blank corrected, Volume std. temperature=ambient, Volume std. pressure=ambient
numflag pm25_mass, no unit, Version=2, Version description=Data extracted from http://views.cira.colostate.edu/fed/DataWizard 2019-12-16, Sample duration=1d, Orig. time res.=3d, Blank correction=Blank corrected, Volume std. temperature=ambient, Volume std. pressure=ambient
potassium, ug/m3, Revision date=20181210133000
numflag potassium, no unit, Revision date=20181210133000
sulphate_total, ug S/m3, Revision date=20181210133000
numflag sulphate_total, no unit, Revision date=20181210133000
0
25
Data definition:              EBAS_1.1
Set type code:                TU
Timezone:                     UTC
File name:                    US9003R.20060102050000.20191216000000.filterpack..pm25.52w.1w.US03L_filterpack_US9003.US03L_IMPROVE_Davis.lev2.nas
File creation:                20191218120526
Startdate:                    20060102050000
Revision date:                20191216000000
Statistics:                   arithmetic mean
Data level:                   2
Period code:                  52w
Resolution code:              1w
Station code:                 US9003R
Platform code:                US9003S
Station name:                 Mohawk Mt.
Station latitude:             41.8214
Station longitude:            -73.2973
Station altitude:             521.0 m
Regime:                       IMG
Component:                    
Matrix:                       pm25
Laboratory code:              US03L
Instrument type:              filterpack
Instrument name:              filterpack_US9003
Method ref:                   US03L_IMPROVE_Davis
starttime endtime Fe flag_Fe Pb flag_Pb Mg++ flag_Mg++ Ni flag_Ni NO3- flag_NO3- OC flag_OC OM flag_OM P flag_P PM10 flag_PM10 PM10-PM2.5 flag_PM10-PM2.5 PM2.5 flag_PM2.5 K+ flag_K+ SO4-- flag_SO4--
  1.208333   2.208333    9.30 0.000  3.09 0.000 9.999 0.259  1.11 0.000 0.175 0.559  1.695 0.000  2.373 0.000 999.99 0.259   6.117 0.000   0.264 0.000   5.852 0.000 0.048 0.000  0.552 0.559
  4.208333   5.208333    6.50 0.000  1.47 0.000 0.013 0.000  1.53 0.000 0.036 0.559  0.742 0.000  1.039 0.000 999.99 0.259   4.093 0.000   0.580 0.000   3.513 0.000 0.020 0.000  0.416 0.559
  7.208333   8.208333   37.92 0.000  5.00 0.000 9.999 0.259  2.70 0.000 0.437 0.559  1.925 0.000  2.695 0.000 999.99 0.259  11.848 0.000   1.717 0.000  10.131 0.000 0.052 0.000  1.156 0.559
 10.208333  11.208333   29.54 0.000  3.91 0.000 0.021 0.000  4.50 0.000 0.153 0.559  1.156 0.000  1.618 0.000 999.99 0.259   8.598 0.000   1.052 0.000   7.546 0.000 0.026 0.000  1.126 0.559
 13.208333  14.208333    3.39 0.000  0.33 0.000 9.999 0.259  0.42 0.000 0.009 0.559  0.207 0.000  0.290 0.000 999.99 0.259   1.477 0.000   0.547 0.000   0.931 0.000 0.007 0.000  0.099 0.559
 16.208333  17.208333   20.47 0.000  0.86 0.000 0.007 0.000  1.54 0.000 0.097 0.559  0.760 0.000  1.064 0.000 999.99 0.259   5.989 0.000   3.374 0.000   2.615 0.000 0.026 0.000  0.155 0.559
 19.208333  20.208333   43.72 0.000  3.91 0.000 0.007 0.000  1.79 0.000 0.182 0.559  1.501 0.000  2.101 0.000 999.99 0.259  11.418 0.000   5.314 0.000   6.104 0.000 0.046 0.000  0.487 0.559
 22.208333  23.208333    5.05 0.000  1.44 0.000 9.999 0.259  0.95 0.000 0.047 0.559  0.737 0.000  1.031 0.000 999.99 0.259   3.203 0.000   0.483 0.000   2.720 0.000 0.020 0.000  0.247 0.559
 25.208333  26.208333    5.09 0.000  1.76 0.000 0.015 0.000  0.18 0.000 0.062 0.000  0.495 0.000  0.692 0.000 999.99 0.259   3.896 0.000   1.027 0.000   2.869 0.000 0.019 0.000  0.388 0.000
 28.208333  29.208333   35.58 0.000  5.46 0.000 9.999 0.259  1.88 0.000 0.312 0.000  2.265 0.000  3.171 0.000 999.99 0.259  12.140 0.000   2.698 0.000   9.442 0.000 0.071 0.000  0.967 0.000
 31.208333  32.208333   10.51 0.000  0.68 0.000 9.999 0.259 99.99 0.259 0.028 0.000  0.371 0.000  0.519 0.000 999.99 0.259   3.803 0.000   0.929 0.000   2.874 0.000 0.013 0.000  0.484 0.000
 34.208333  35.208333   12.38 0.000  2.16 0.000 9.999 0.259  0.67 0.000 0.037 0.000  0.988 0.000  1.383 0.000 999.99 0.259   7.783 0.000   0.797 0.000   6.986 0.000 0.023 0.000  1.228 0.000
 37.208333  38.208333   12.71 0.000  0.88 0.000 9.999 0.259  0.33 0.000 0.060 0.000  0.411 0.000  0.575 0.000 999.99 0.259   4.103 0.000   1.158 0.000   2.945 0.000 0.018 0.000  0.465 0.000
 40.208333  41.208333   13.97 0.000  1.33 0.000 9.999 0.259  0.26 0.000 0.139 0.000  0.582 0.000  0.815 0.000 999.99 0.259   6.163 0.000   2.345 0.000   3.818 0.000 0.021 0.000  0.515 0.000
 43.208333  44.208333   20.34 0.000  2.03 0.000 9.999 0.259  0.33 0.000 0.164 0.000  0.982 0.000  1.375 0.000 999.99 0.259   6.422 0.000   1.109 0.000   5.313 0.000 0.033 0.000  0.657 0.000
 46.208333  47.208333   87.30 0.000  6.20 0.000 9.999 0.259  3.93 0.000 0.551 0.559  4.510 0.000  6.314 0.000 999.99 0.259  23.937 0.000   7.149 0.000  16.788 0.000 0.100 0.000  1.376 0.559
 49.208333  50.208333   10.20 0.000  0.73 0.000 0.017 0.000  0.24 0.000 0.095 0.000  0.521 0.000  0.729 0.000 999.99 0.259   5.041 0.000   1.759 0.000   3.281 0.000 0.027 0.000  0.385 0.000
 52.208333  53.208333   60.35 0.000  4.03 0.000 9.999 0.259  3.37 0.000 0.777 0.000  1.560 0.000  2.184 0.000 999.99 0.259  17.947 0.000   4.899 0.000  13.047 0.000 0.057 0.000  1.391 0.000
 55.208333  56.208333   18.18 0.000  1.84 0.000 9.999 0.259  1.01 0.000 0.122 0.559  0.601 0.000  0.841 0.000 999.99 0.259   6.379 0.000   3.018 0.000   3.361 0.000 0.028 0.000  0.346 0.559
 58.208333  59.208333   15.12 0.000  1.49 0.000 9.999 0.259  1.05 0.000 0.084 0.559  0.567 0.000  0.794 0.000 999.99 0.259   4.790 0.000   1.476 0.000   3.314 0.000 0.027 0.000  0.406 0.559
 61.208333  62.208333    8.96 0.000  0.76 0.000 0.053 0.000 99.99 0.259 0.135 0.559  0.407 0.000  0.570 0.000 999.99 0.259   5.510 0.000   1.990 0.000   3.520 0.000 0.032 0.000  0.187 0.559
 64.208333  65.208333    9.86 0.000  1.35 0.000 9.999 0.259  0.25 0.000 0.089 0.559  0.459 0.000  0.643 0.000 999.99 0.259   3.824 0.000   1.761 0.000   2.063 0.000 0.021 0.000  0.116 0.559
 67.208333  68.208333   49.34 0.000  2.23 0.000 9.999 0.259  3.40 0.000 0.562 0.559  1.703 0.000  2.384 0.000 999.99 0.259  14.566 0.000   6.487 0.000   8.079 0.000 0.053 0.000  0.724 0.559
 70.208333  71.208333   26.49 0.000  3.39 0.000 9.999 0.259  1.65 0.000 0.187 0.559  1.146 0.000  1.604 0.000 999.99 0.259   9.413 0.000   1.618 0.000   7.795 0.000 0.027 0.000  1.113 0.559
 73.208333  74.208333   13.46 0.000  0.68 0.000 9.999 0.259  0.16 0.000 0.016 0.559  0.165 0.000  0.231 0.000 999.99 0.259   4.437 0.000   2.041 0.000   2.395 0.000 0.013 0.000  0.419 0.559
 76.208333  77.208333   17.54 0.000  2.16 0.000 0.009 0.000 99.99 0.259 0.048 0.559  0.319 0.000  0.447 0.000 999.99 0.259   5.051 0.000   1.918 0.000   3.133 0.000 0.028 0.000  0.476 0.559
 79.208333  80.208333   10.75 0.000  1.23 0.000 0.046 0.000 99.99 0.259 0.113 0.559  0.352 0.000  0.493 0.000 999.99 0.259   5.301 0.000   1.599 0.000   3.702 0.000 0.037 0.000  0.309 0.559
 82.208333  83.208333   15.99 0.000  1.14 0.000 9.999 0.259  0.67 0.000 0.086 0.559  0.835 0.000  1.169 0.000 999.99 0.259   4.843 0.000   2.176 0.000   2.667 0.000 0.021 0.000  0.240 0.559
 85.208333  86.208333   20.37 0.000  1.30 0.000 9.999 0.259  0.14 0.000 0.035 0.559  0.441 0.000  0.617 0.000 999.99 0.259   3.782 0.000   1.508 0.000   2.274 0.000 0.024 0.000  0.225 0.559
 88.208333  89.208333   54.68 0.000  2.81 0.000 9.999 0.259  0.47 0.000 0.204 0.559  1.162 0.000  1.627 0.000 999.99 0.259  15.135 0.000   5.385 0.000   9.750 0.000 0.044 0.000  1.435 0.559
 91.208333  92.208333   21.09 0.000  1.33 0.000 9.999 0.259 99.99 0.259 0.024 0.559  0.439 0.000  0.615 0.000 999.99 0.259   3.629 0.000   0.901 0.000   2.728 0.000 0.021 0.000  0.348 0.559
 94.208333  95.208333   16.14 0.000  1.00 0.000 9.999 0.259 99.99 0.259 0.076 0.559  0.313 0.000  0.438 0.000 999.99 0.259   4.845 0.000   1.439 0.000   3.406 0.000 0.018 0.000  0.559 0.559
 97.208333  98.208333   27.42 0.000  2.80 0.000 9.999 0.259  0.27 0.000 0.170 0.559  0.811 0.000  1.135 0.000 999.99 0.259   6.391 0.000   1.536 0.000   4.854 0.000 0.037 0.000  0.624 0.559
100.208333 101.208333   51.92 0.000  3.22 0.000 0.017 0.000  0.63 0.000 0.163 0.559  0.932 0.000  1.305 0.000 999.99 0.259  10.854 0.000   3.749 0.000   7.105 0.000 0.044 0.000  0.951 0.559
103.208333 104.208333   23.72 0.000  1.81 0.000 9.999 0.259  0.30 0.000 0.092 0.559  0.736 0.000  1.030 0.000 999.99 0.259   6.384 0.000   1.595 0.000   4.790 0.000 0.022 0.000  0.586 0.559
106.208333 107.208333    7.96 0.000  0.53 0.000 0.009 0.000  0.31 0.000 0.018 0.559  0.335 0.000  0.469 0.000 999.99 0.259   3.416 0.000   1.176 0.000   2.240 0.000 0.011 0.000  0.290 0.559
109.208333 110.208333   47.01 0.000  0.95 0.000 0.020 0.000  0.28 0.000 0.031 0.559  0.933 0.000  1.306 0.000 999.99 0.259   8.676 0.000   5.766 0.000   2.910 0.000 0.032 0.000  0.208 0.559
112.208333 113.208333    7.87 0.000  1.27 0.000 9.999 0.259 99.99 0.259 0.046 0.559  0.503 0.000  0.704 0.000 999.99 0.259   2.162 0.000   0.514 0.000   1.647 0.000 0.016 0.000  0.120 0.559
115.208333 116.208333   38.98 0.000  1.40 0.000 0.009 0.000  0.63 0.000 0.064 0.559  0.614 0.000  0.860 0.000 999.99 0.259   5.463 0.000   2.945 0.000   2.517 0.000 0.025 0.000  0.211 0.559
118.208333 119.208333   26.10 0.000  1.31 0.000 9.999 0.259  0.25 0.000 0.046 0.559  0.615 0.000  0.860 0.000 999.99 0.259   4.721 0.000   2.745 0.000   1.976 0.000 0.021 0.000  0.144 0.559
121.208333 122.208333   29.83 0.000  0.83 0.000 0.008 0.000 99.99 0.259 0.027 0.559  0.344 0.000  0.481 0.000 999.99 0.259   4.348 0.000   2.083 0.000   2.265 0.000 0.022 0.000  0.191 0.559
124.208333 125.208333   50.32 0.000  1.40 0.000 9.999 0.259  0.43 0.000 0.063 0.559  1.005 0.000  1.408 0.000 999.99 0.259  13.464 0.000   7.325 0.000   6.139 0.000 0.031 0.000  0.669 0.559
127.208333 128.208333   49.03 0.000  2.16 0.000 9.999 0.259  0.53 0.000 0.089 0.559  1.070 0.000  1.498 0.000 999.99 0.259   8.139 0.000   3.761 0.000   4.379 0.000 0.031 0.000  0.325 0.559
130.208333 131.208333    4.04 0.000  0.64 0.000 9.999 0.259  0.15 0.000 0.045 0.559  0.207 0.000  0.290 0.000 999.99 0.259   3.016 0.000   1.775 0.000   1.241 0.000 0.004 0.000  0.153 0.559
133.208333 134.208333    0.22 0.000  0.34 0.000 9.999 0.259 99.99 0.259 0.007 0.559  0.142 0.000  0.199 0.000   2.92 0.000   0.766 0.000   0.427 0.000   0.339 0.000 0.005 0.000  0.019 0.559
136.208333 137.208333   19.91 0.000  1.79 0.000 9.999 0.259  0.25 0.000 0.019 0.559  0.780 0.000  1.092 0.000 999.99 0.259  12.957 0.000   3.583 0.000   9.374 0.000 0.017 0.000  1.823 0.559
139.208333 140.208333   12.72 0.000  2.08 0.000 9.999 0.259  0.14 0.000 0.014 0.559  0.487 0.000  0.682 0.000 999.99 0.259   6.964 0.000   2.884 0.000   4.080 0.000 0.016 0.000  0.609 0.559
142.208333 143.208333   13.90 0.000  1.00 0.000 9.999 0.259  0.17 0.000 0.015 0.559  0.356 0.000  0.499 0.000 999.99 0.259   6.037 0.000   2.839 0.000   3.198 0.000 0.024 0.000  0.449 0.559
145.208333 146.208333   66.87 0.000  2.93 0.000 9.999 0.259  1.35 0.000 0.193 0.559  2.799 0.000  3.918 0.000 999.99 0.259  23.733 0.000   6.527 0.000  17.206 0.000 0.056 0.000  2.049 0.559
148.208333 149.208333   51.20 0.000  3.97 0.000 9.999 0.259  0.89 0.000 0.068 0.559  3.327 0.000  4.657 0.000 999.99 0.259  23.434 0.000   4.465 0.000  18.969 0.000 0.068 0.000  2.413 0.559
151.208333 152.208333   54.34 0.000  2.28 0.000 9.999 0.259  1.71 0.000 0.093 0.559  2.246 0.000  3.144 0.000 999.99 0.259  27.298 0.000   6.289 0.000  21.009 0.000 0.036 0.000  3.453 0.559
154.208333 155.208333    2.91 0.000  0.52 0.000 9.999 0.259 99.99 0.259 0.025 0.559  0.502 0.000  0.703 0.000  15.89 0.000   3.215 0.000   1.955 0.000   1.260 0.000 0.011 0.000  0.214 0.559
157.208333 158.208333    8.07 0.000  0.70 0.000 9.999 0.259  0.31 0.000 0.021 0.559  0.627 0.000  0.878 0.000 999.99 0.259   6.380 0.000   2.071 0.000   4.308 0.000 0.015 0.000  0.640 0.559
160.208333 161.208333    2.09 0.000  0.43 0.000 0.004 0.000 99.99 0.259 0.011 0.559  0.262 0.000  0.366 0.000   9.62 0.000   3.186 0.000   2.303 0.000   0.883 0.000 0.010 0.000  0.059 0.559
163.208333 164.208333    8.58 0.000  1.08 0.000 0.010 0.000 99.99 0.259 0.017 0.559  1.252 0.000  1.752 0.000 999.99 0.259   7.110 0.000   3.577 0.000   3.533 0.000 0.018 0.000  0.187 0.559
166.208333 167.208333   21.52 0.000  1.23 0.000 0.008 0.000  0.17 0.000 0.011 0.559  1.887 0.000  2.641 0.000 999.99 0.259  10.257 0.000   4.991 0.000   5.266 0.000 0.023 0.000  0.181 0.559
169.208333 170.208333   60.60 0.000  3.79 0.000 9.999 0.259  1.66 0.000 0.047 0.559  6.000 0.000  8.399 0.000 999.99 0.259  35.905 0.000 999.999 0.259  38.105 0.000 0.058 0.000  4.797 0.559
172.208333 173.208333   65.47 0.000  3.05 0.000 9.999 0.259  3.01 0.000 0.106 0.559  3.034 0.000  4.247 0.000 999.99 0.259  26.551 0.000   5.582 0.000  20.969 0.000 0.038 0.000  2.844 0.559
175.208333 176.208333    4.21 0.000  0.85 0.000 9.999 0.259  0.30 0.000 0.047 0.559  0.581 0.000  0.813 0.000 999.99 0.259   5.394 0.000   1.639 0.000   3.755 0.000 0.012 0.000  0.493 0.559
178.208333 179.208333   10.49 0.000  0.74 0.000 0.025 0.000  0.60 0.000 0.057 0.559  0.696 0.000  0.975 0.000 999.99 0.259   8.431 0.000   4.213 0.000   4.218 0.000 0.017 0.000  0.447 0.559
181.208333 182.208333   21.20 0.000  2.26 0.000 9.999 0.259  0.20 0.000 0.026 0.559  4.967 0.000  8.940 0.000 999.99 0.259  21.055 0.000   3.700 0.000  17.356 0.000 0.099 0.000  1.370 0.559
184.208333 185.208333   34.81 0.000  5.03 0.000 9.999 0.259  1.19 0.000 0.049 0.559  3.128 0.000  5.630 0.000 999.99 0.259  27.418 0.000   3.179 0.000  24.239 0.000 0.231 0.000  3.585 0.559
187.208333 188.208333   11.46 0.000  1.27 0.000 9.999 0.259  0.10 0.000 0.019 0.559  1.426 0.000  2.567 0.000 999.99 0.259   6.699 0.000   2.830 0.000   3.869 0.000 0.021 0.000  0.115 0.559
190.208333 191.208333   32.70 0.000  2.51 0.000 0.014 0.000  1.64 0.000 0.064 0.559  3.159 0.000  5.687 0.000 999.99 0.259  23.659 0.000   2.839 0.000  20.820 0.000 0.044 0.000  2.637 0.559
193.208333 194.208333   71.61 0.000  0.72 0.000 9.999 0.259  1.26 0.000 0.040 0.559  0.979 0.000  1.762 0.000 999.99 0.259  11.456 0.000   2.544 0.000   8.911 0.000 0.053 0.000  1.208 0.559
196.208333 197.208333   53.55 0.000  1.52 0.000 9.999 0.259  0.54 0.000 0.023 0.559  1.986 0.000  3.574 0.000 999.99 0.259  12.620 0.000   2.329 0.000  10.291 0.000 0.054 0.000  1.143 0.559
199.208333 200.208333   22.88 0.000  1.54 0.000 9.999 0.259  0.42 0.000 0.031 0.559  2.744 0.000  4.938 0.000 999.99 0.259  13.604 0.000   3.741 0.000   9.864 0.000 0.033 0.000  0.891 0.559
202.208333 203.208333   24.51 0.000  1.50 0.000 0.024 0.000  1.69 0.000 0.066 0.559  1.807 0.000  3.253 0.000 999.99 0.259  20.796 0.000   2.954 0.000  17.843 0.000 0.034 0.000  2.918 0.559
205.208333 206.208333   41.46 0.000  3.24 0.000 0.021 0.000  1.70 0.000 0.043 0.559  2.472 0.000  4.449 0.000 999.99 0.259  22.749 0.000   5.836 0.000  16.914 0.000 0.025 0.000  2.614 0.559
208.208333 209.208333  101.85 0.000  1.30 0.000 0.011 0.000  3.17 0.000 0.029 0.559  1.451 0.000  2.611 0.000 999.99 0.259  18.324 0.000   5.378 0.000  12.945 0.000 0.056 0.000  1.756 0.559
211.208333 212.208333   20.96 0.000  2.13 0.000 9.999 0.259  0.80 0.000 0.020 0.559  2.071 0.000  3.728 0.000 999.99 0.259  11.122 0.000   3.802 0.000   7.320 0.000 0.036 0.000  0.573 0.559
214.208333 215.208333   55.01 0.000  1.95 0.000 0.047 0.000  4.43 0.000 0.020 0.559  1.980 0.000  3.563 0.000 999.99 0.259  23.615 0.000   5.134 0.000  18.481 0.000 0.040 0.000  2.952 0.559
217.208333 218.208333   10.36 0.000  1.38 0.000 0.009 0.000  0.21 0.000 0.017 0.559  1.161 0.559  2.089 0.559 999.99 0.259   7.395 0.000   2.816 0.000   4.579 0.000 0.023 0.000  0.271 0.559
220.208333 221.208333   12.68 0.000  0.75 0.000 0.007 0.000  0.70 0.000 0.020 0.559  1.066 0.000  1.919 0.000 999.99 0.259   6.803 0.000   3.521 0.000   3.282 0.000 0.018 0.000  0.153 0.559
223.208333 224.208333    7.92 0.000  1.67 0.000 9.999 0.259  0.23 0.000 0.019 0.559  0.442 0.000  0.795 0.000 999.99 0.259   4.515 0.000   2.496 0.000   2.019 0.000 0.033 0.000  0.077 0.559
226.208333 227.208333   21.77 0.000  1.97 0.000 0.036 0.000  0.47 0.000 0.048 0.559  1.943 0.000  3.497 0.000 999.99 0.259  14.965 0.000   3.370 0.000  11.595 0.000 0.027 0.000  1.419 0.559
229.208333 230.208333   30.77 0.000  1.60 0.000 9.999 0.259  1.70 0.000 0.046 0.559  1.993 0.000  3.588 0.000 999.99 0.259  11.280 0.000   3.823 0.000   7.457 0.000 0.014 0.000  0.600 0.559
232.208333 233.208333    4.96 0.000  0.73 0.000 9.999 0.259 99.99 0.259 0.008 0.559  0.689 0.000  1.241 0.000 999.99 0.259   5.007 0.000   2.230 0.000   2.776 0.000 0.015 0.000  0.247 0.559
235.208333 236.208333   17.25 0.000  1.43 0.000 0.008 0.000  0.31 0.000 0.027 0.559  1.216 0.000  2.189 0.000 999.99 0.259 999.999 0.999 999.999 0.999   5.064 0.000 0.023 0.000  0.394 0.559
238.208333 239.208333    6.51 0.000  0.57 0.000 9.999 0.259  0.19 0.000 0.026 0.559  0.735 0.000  1.323 0.000 999.99 0.259 999.999 0.999 999.999 0.999   2.163 0.000 0.018 0.000  0.098 0.559
241.208333 242.208333    7.34 0.000  1.20 0.000 9.999 0.259  0.27 0.000 0.030 0.559  0.879 0.000  1.582 0.000 999.99 0.259 999.999 0.999 999.999 0.999   3.736 0.000 0.018 0.000  0.393 0.559
244.208333 245.208333   13.27 0.000  0.81 0.000 0.018 0.000  0.91 0.000 0.048 0.559  0.917 0.000  1.651 0.000 999.99 0.259  14.175 0.000  11.111 0.000   3.065 0.000 0.021 0.000  0.141 0.559
247.208333 248.208333    7.05 0.000  1.72 0.000 9.999 0.259  0.23 0.000 0.013 0.559  1.034 0.000  1.861 0.000 999.99 0.259  10.807 0.000   4.243 0.000   6.563 0.000 0.020 0.000  1.074 0.559
250.208333 251.208333   26.72 0.000  1.84 0.000 9.999 0.259  0.28 0.000 0.024 0.559  2.899 0.000  5.219 0.000 999.99 0.259  15.529 0.000   4.495 0.000  11.034 0.000 0.035 0.000  1.094 0.559
