scripts/IMPROVE-2019_partial/data/US9029R.20000126070000.20191216000000.filterpack..pm25.11mo.1w.US03L_filterpack_US9029.US03L_IMPROVE_Davis.lev2.nas
64 1001
MISSING INFORMATION
US03L, IMPROVE, , , , , , , 
MISSING INFORMATION
IMPROVE sel_HTAP
1 1
2000 01 01 2019 12 16
0
days from file reference point
25
1 1 1 1 1 1 1 1 1 1 1 1 1 1 1 1 1 1 1 1 1 1 1 1 1
999.999999 9999.99 9.999999 99.99 9.999999999 9.999 9.999999 99.99 9.999999999 9.999 9.999999 999.999 9.999 999.999 9.999 999.999 9.999 999.999 9.999 999.999 9.999999 9.999 9.999999 9.999 9.999999
end_time of measurement, days from the file reference point
iron, ng/m3, Revision date=20181210133000
numflag iron, no unit, Revision date=20181210133000
lead, ng/m3, Revision date=20181210133000
numflag lead, no unit, Revision date=20181210133000
magnesium, ug/m3, Revision date=20181210133000
numflag magnesium, no unit, Revision date=20181210133000
nickel, ng/m3, Revision date=20181210133000
numflag nickel, no unit, Revision date=20181210133000
nitrate, ug N/m3, Revision date=20181210133000
numflag nitrate, no unit, Revision date=20181210133000
organic_carbon, ug C/m3, Revision date=20181210133000
numflag organic_carbon, no unit, Revision date=20181210133000
organic_mass, ug/m3, Revision date=20181210133000
numflag organic_mass, no unit, Revision date=20181210133000
pm10_mass, ug/m3, Version=2, Version description=Data extracted from http://views.cira.colostate.edu/fed/DataWizard 2019-12-16, Sample duration=1d, Orig. time res.=3d, Matrix=pm10, Blank correction=Blank corrected, Volume std. temperature=ambient, Volume std. pressure=ambient
numflag pm10_mass, no unit, Version=2, Version description=Data extracted from http://views.cira.colostate.edu/fed/DataWizard 2019-12-16, Sample duration=1d, Orig. time res.=3d, Matrix=pm10, Blank correction=Blank corrected, Volume std. temperature=ambient, Volume std. pressure=ambient
pm10_pm25_mass, ug/m3, Revision date=20181210133000, Matrix=pm10_pm25
numflag pm10_pm25_mass, no unit, Revision date=20181210133000, Matrix=pm10_pm25
pm25_mass, ug/m3, Version=2, Version description=Data extracted from http://views.cira.colostate.edu/fed/DataWizard 2019-12-16, Sample duration=1d, Orig. time res.=3d, Blank correction=Blank corrected, Volume std. temperature=ambient, Volume std. pressure=ambient
numflag pm25_mass, no unit, Version=2, Version description=Data extracted from http://views.cira.colostate.edu/fed/DataWizard 2019-12-16, Sample duration=1d, Orig. time res.=3d, Blank correction=Blank corrected, Volume std. temperature=ambient, Volume std. pressure=ambient
potassium, ug/m3, Revision date=20181210133000
numflag potassium, no unit, Revision date=20181210133000
sulphate_total, ug S/m3, Revision date=20181210133000
numflag sulphate_total, no unit, Revision date=20181210133000
0
25
Data definition:              EBAS_1.1
Set type code:                TI
Timezone:                     UTC
File name:                    US9029R.20000126070000.20191216000000.filterpack..pm25.11mo.1w.US03L_filterpack_US9029.US03L_IMPROVE_Davis.lev2.nas
File creation:                20191218120706
Startdate:                    20000126070000
Revision date:                20191216000000
Statistics:                   arithmetic mean
Data level:                   2
Period code:                  11mo
Resolution code:              1w
Station code:                 US9029R
Platform code:                US9029S
Station name:                 North Absaroka
Station latitude:             44.7448
Station longitude:            -109.3816
Station altitude:             2482.0 m
Regime:                       IMG
Component:                    
Matrix:                       pm25
Laboratory code:              US03L
Instrument type:              filterpack
Instrument name:              filterpack_US9029
Method ref:                   US03L_IMPROVE_Davis
starttime endtime Fe flag_Fe Pb flag_Pb Mg++ flag_Mg++ Ni flag_Ni NO3- flag_NO3- OC flag_OC OM flag_OM PM10 flag_PM10 PM10-PM2.5 flag_PM10-PM2.5 PM2.5 flag_PM2.5 K+ flag_K+ SO4-- flag_SO4--
 25.291667  26.291667 9999.99 0.999000 99.99 0.999000000 9.999 0.999000 99.99 0.999000000 9.999 0.999000 999.999 0.999 999.999 0.999 999.999 0.999 999.999 0.999 999.999 0.999000 9.999 0.999000 9.999 0.999000
 28.291667  29.291667    6.03 0.000000  0.26 0.000000000 9.999 0.259000  5.63 0.000000000 0.025 0.559000   0.379 0.000   0.531 0.000   1.756 0.000   0.857 0.000   0.899 0.000000 9.999 0.259000 0.091 0.559000
 32.291667  33.291667    4.02 0.000000  0.37 0.000000000 9.999 0.259000  4.36 0.000000000 0.008 0.000000   0.208 0.000   0.291 0.000   1.421 0.000   0.332 0.000   1.090 0.000000 9.999 0.259000 0.055 0.000000
 35.291667  36.291667   12.43 0.000000  0.74 0.000000000 9.999 0.259000 99.99 0.259000000 0.075 0.559000   0.450 0.000   0.629 0.000   2.518 0.000   0.705 0.000   1.813 0.000000 0.007 0.000000 0.199 0.559000
 39.291667  40.291667    4.84 0.000000  0.28 0.000000000 9.999 0.259000  1.00 0.000000000 0.030 0.559000   0.432 0.000   0.605 0.000   1.421 0.000   0.671 0.000   0.751 0.000000 0.007 0.000000 0.090 0.559000
 42.291667  43.291667    1.96 0.000000  0.29 0.000000000 9.999 0.259000  0.54 0.000000000 0.023 0.559000   0.350 0.000   0.491 0.000   0.975 0.000   0.130 0.000   0.845 0.000000 0.005 0.000000 0.117 0.559000
 46.291667  47.291667    2.99 0.000000 99.99 0.259000000 9.999 0.259000  0.31 0.000000000 0.022 0.000000   0.226 0.000   0.317 0.000   3.634 0.000   2.170 0.000   1.464 0.000000 0.004 0.000000 0.072 0.000000
 49.291667  50.291667    6.23 0.000000  0.37 0.000000000 9.999 0.259000 99.99 0.259000000 0.083 0.000000   0.349 0.000   0.488 0.000   3.715 0.000   1.753 0.000   1.962 0.000000 0.007 0.000000 0.114 0.000000
 53.291667  54.291667    5.27 0.000000  0.17 0.000000000 9.999 0.259000 99.99 0.259000000 0.008 0.559000   0.350 0.000   0.491 0.000   5.370 0.000   4.006 0.000   1.364 0.000000 0.007 0.000000 0.055 0.559000
 56.291667  57.291667    3.63 0.000000 99.99 0.259000000 0.010 0.000000  0.21 0.000000000 0.022 0.699000   0.213 0.000   0.299 0.000   3.190 0.000   2.290 0.000   0.899 0.000000 0.004 0.000000 0.117 0.699000
 60.291667  61.291667   15.33 0.000000  0.38 0.000000000 9.999 0.259000 99.99 0.259000000 0.019 0.000000   0.380 0.000   0.532 0.000   3.472 0.000   1.822 0.000   1.651 0.000000 0.013 0.000000 0.116 0.000000
 63.291667  64.291667    7.29 0.000000  0.37 0.000000000 9.999 0.259000 99.99 0.259000000 0.008 0.699000   0.361 0.000   0.506 0.000   2.463 0.000   1.435 0.000   1.028 0.000000 0.007 0.000000 0.075 0.699000
 67.291667  68.291667    3.12 0.000000 99.99 0.259000000 9.999 0.259000 99.99 0.259000000 0.007 0.559000   0.279 0.000   0.391 0.000   1.706 0.000   0.616 0.000   1.090 0.000000 0.008 0.000000 0.133 0.559000
 70.291667  71.291667    5.25 0.000000  0.19 0.000000000 9.999 0.259000  0.10 0.000000000 0.027 0.000000   0.164 0.000   0.230 0.000   2.071 0.000   1.106 0.000   0.965 0.000000 0.005 0.000000 0.076 0.000000
 74.291667  75.291667    5.24 0.000000  0.21 0.000000000 9.999 0.259000 99.99 0.259000000 0.083 0.000000   0.225 0.000   0.315 0.000   3.105 0.000   0.729 0.000   2.376 0.000000 0.011 0.000000 0.283 0.000000
 77.291667  78.291667    5.22 0.000000  0.22 0.000000000 9.999 0.259000 99.99 0.259000000 0.031 0.000000   0.068 0.000   0.095 0.000   1.552 0.000   0.212 0.000   1.340 0.000000 0.008 0.000000 0.068 0.000000
 81.291667  82.291667    9.04 0.000000  0.44 0.000000000 9.999 0.259000 99.99 0.259000000 0.015 0.559000   0.508 0.000   0.712 0.000   3.432 0.000   1.963 0.000   1.468 0.000000 0.015 0.000000 0.112 0.559000
 84.291667  85.291667   24.84 0.000000  0.81 0.000000000 9.999 0.259000 99.99 0.259000000 0.050 0.000000   0.654 0.000   0.915 0.000   3.634 0.000   1.370 0.000   2.264 0.000000 0.027 0.000000 0.165 0.000000
 88.291667  89.291667   17.86 0.000000  0.24 0.000000000 9.999 0.259000 99.99 0.259000000 0.021 0.559000   0.291 0.000   0.408 0.000   4.264 0.000   2.820 0.000   1.444 0.000000 0.016 0.000000 0.076 0.559000
 91.291667  92.291667   39.06 0.000000  1.01 0.000000000 9.999 0.259000 99.99 0.259000000 0.036 0.000000   0.471 0.000   0.660 0.000   6.823 0.000   3.381 0.000   3.442 0.000000 0.041 0.000000 0.174 0.000000
 95.291667  96.291667  109.58 0.000000  0.81 0.000000000 9.999 0.259000 99.99 0.259000000 0.051 0.000000   0.886 0.000   1.240 0.000  23.538 0.000  18.857 0.000   4.681 0.000000 0.066 0.000000 0.205 0.000000
 98.291667  99.291667   53.24 0.000000  0.78 0.000000000 9.999 0.259000 99.99 0.259000000 0.046 0.000000   0.615 0.000   0.862 0.000   6.298 0.000   3.136 0.000   3.162 0.000000 0.033 0.000000 0.199 0.000000
102.291667 103.291667   72.25 0.000000  1.24 0.000000000 9.999 0.259000 99.99 0.259000000 0.062 0.000000   1.255 0.000   1.757 0.000  11.280 0.000   6.472 0.000   4.808 0.000000 0.050 0.000000 0.232 0.000000
105.291667 106.291667   18.17 0.000000 99.99 0.259000000 9.999 0.259000 99.99 0.259000000 0.019 0.000000   0.358 0.000   0.501 0.000   2.328 0.000   0.970 0.000   1.358 0.000000 0.012 0.000000 0.098 0.000000
109.291667 110.291667   17.65 0.000000  0.35 0.000000000 0.008 0.000000 99.99 0.259000000 0.052 0.000000   0.510 0.000   0.715 0.000   2.409 0.000   0.680 0.000   1.728 0.000000 0.015 0.000000 0.149 0.000000
112.291667 113.291667   68.34 0.000000  0.67 0.000000000 9.999 0.259000 99.99 0.259000000 0.051 0.000000   0.799 0.000   1.119 0.000   6.543 0.000   2.963 0.000   3.580 0.000000 0.050 0.000000 0.220 0.000000
116.291667 117.291667   39.36 0.000000  0.84 0.000000000 0.015 0.000000 99.99 0.259000000 0.034 0.000000   0.776 0.000   1.086 0.000   4.048 0.000   0.636 0.000   3.411 0.000000 0.039 0.000000 0.178 0.000000
119.291667 120.291667   10.03 0.000000  0.25 0.000000000 9.999 0.259000 99.99 0.259000000 0.022 0.000000   0.369 0.000   0.517 0.000   1.508 0.000   0.503 0.000   1.005 0.000000 0.008 0.000000 0.042 0.000000
123.291667 124.291667  171.48 0.000000  1.55 0.000000000 9.999 0.259000 99.99 0.259000000 0.066 0.000000   1.105 0.000   1.546 0.000  15.655 0.000   9.486 0.000   6.169 0.000000 0.113 0.000000 0.283 0.000000
126.291667 127.291667   70.95 0.000000  1.59 0.000000000 0.031 0.000000 99.99 0.259000000 0.038 0.000000   0.827 0.000   1.158 0.000   5.861 0.000   1.901 0.000   3.959 0.000000 0.060 0.000000 0.284 0.000000
130.291667 131.291667   52.26 0.000000  0.88 0.000000000 9.999 0.259000 99.99 0.259000000 0.040 0.000000   0.866 0.000   1.212 0.000   7.828 0.000   4.245 0.000   3.582 0.000000 0.043 0.000000 0.230 0.000000
133.291667 134.291667   11.59 0.000000  0.44 0.000000000 9.999 0.259000 99.99 0.259000000 0.079 0.000000   0.476 0.000   0.666 0.000   3.131 0.000   1.341 0.000   1.790 0.000000 0.011 0.000000 0.132 0.000000
137.291667 138.291667 9999.99 0.999000 99.99 0.999000000 9.999 0.999000 99.99 0.999000000 9.999 0.999000 999.999 0.999 999.999 0.999 999.999 0.999 999.999 0.999 999.999 0.999000 9.999 0.999000 9.999 0.999000
140.291667 141.291667 9999.99 0.999000 99.99 0.999000000 9.999 0.999000 99.99 0.999000000 9.999 0.999000 999.999 0.999 999.999 0.999 999.999 0.999 999.999 0.999 999.999 0.999000 9.999 0.999000 9.999 0.999000
144.291667 145.291667 9999.99 0.999000 99.99 0.999000000 9.999 0.999000 99.99 0.999000000 9.999 0.999000 999.999 0.999 999.999 0.999 999.999 0.999 999.999 0.999 999.999 0.999000 9.999 0.999000 9.999 0.999000
147.291667 148.291667 9999.99 0.999000 99.99 0.999000000 9.999 0.999000 99.99 0.999000000 9.999 0.999000 999.999 0.999 999.999 0.999 999.999 0.999 999.999 0.999 999.999 0.999000 9.999 0.999000 9.999 0.999000
151.291667 152.291667 9999.99 0.999000 99.99 0.999000000 9.999 0.999000 99.99 0.999000000 9.999 0.999000 999.999 0.999 999.999 0.999 999.999 0.999 999.999 0.999 999.999 0.999000 9.999 0.999000 9.999 0.999000
154.291667 155.291667 9999.99 0.999000 99.99 0.999000000 9.999 0.999000 99.99 0.999000000 9.999 0.999000 999.999 0.999 999.999 0.999 999.999 0.999 999.999 0.999 999.999 0.999000 9.999 0.999000 9.999 0.999000
158.291667 159.291667   58.26 0.000000 99.99 0.259000000 9.999 0.259000 99.99 0.259000000 0.036 0.000000   1.081 0.000   1.513 0.000   8.878 0.000   4.248 0.000   4.630 0.000000 0.045 0.000000 0.254 0.000000
161.291667 162.291667 9999.99 0.999000 99.99 0.999000000 9.999 0.999000 99.99 0.999000000 9.999 0.999000 999.999 0.999 999.999 0.999 999.999 0.999 999.999 0.999 999.999 0.999000 9.999 0.999000 9.999 0.999000
165.291667 166.291667 9999.99 0.999000 99.99 0.999000000 9.999 0.999000 99.99 0.999000000 9.999 0.999000 999.999 0.999 999.999 0.999 999.999 0.999 999.999 0.999 999.999 0.999000 9.999 0.999000 9.999 0.999000
168.291667 169.291667 9999.99 0.999000 99.99 0.999000000 9.999 0.999000 99.99 0.999000000 9.999 0.999000 999.999 0.999 999.999 0.999 999.999 0.999 999.999 0.999 999.999 0.999000 9.999 0.999000 9.999 0.999000
172.291667 173.291667 9999.99 0.999000 99.99 0.999000000 9.999 0.999000 99.99 0.999000000 9.999 0.999000 999.999 0.999 999.999 0.999 999.999 0.999 999.999 0.999 999.999 0.999000 9.999 0.999000 9.999 0.999000
175.291667 176.291667 9999.99 0.999000 99.99 0.999000000 9.999 0.999000 99.99 0.999000000 9.999 0.999000 999.999 0.999 999.999 0.999 999.999 0.999 999.999 0.999 999.999 0.999000 9.999 0.999000 9.999 0.999000
179.291667 180.291667 9999.99 0.999000 99.99 0.999000000 9.999 0.999000 99.99 0.999000000 9.999 0.999000 999.999 0.999 999.999 0.999 999.999 0.999 999.999 0.999 999.999 0.999000 9.999 0.999000 9.999 0.999000
182.291667 183.291667 9999.99 0.999000 99.99 0.999000000 9.999 0.999000 99.99 0.999000000 9.999 0.999000 999.999 0.999 999.999 0.999 999.999 0.999 999.999 0.999 999.999 0.999000 9.999 0.999000 9.999 0.999000
186.291667 187.291667   22.72 0.000000 99.99 0.259000000 9.999 0.259000 99.99 0.259000000 0.020 0.000000   1.222 0.000   1.710 0.000   5.958 0.000   2.153 0.000   3.805 0.000000 0.036 0.000000 0.173 0.000000
189.291667 190.291667   36.62 0.000000  0.28 0.000000000 9.999 0.259000 99.99 0.259000000 0.039 0.000000   1.228 0.000   1.719 0.000   8.457 0.000   4.234 0.000   4.223 0.000000 0.042 0.000000 0.201 0.000000
193.291667 194.291667   23.67 0.000000 99.99 0.259000000 9.999 0.259000 99.99 0.259000000 0.024 0.000000   1.562 0.000   2.187 0.000   6.708 0.000   2.099 0.000   4.609 0.000000 0.062 0.000000 0.182 0.000000
196.291667 197.291667   38.71 0.000000 99.99 0.259000000 9.999 0.259000 99.99 0.259000000 0.029 0.000000   1.850 0.000   2.590 0.000   9.233 0.000   3.978 0.000   5.255 0.000000 0.068 0.000000 0.183 0.000000
200.291667 201.291667   11.37 0.000000 99.99 0.259000000 9.999 0.259000 99.99 0.259000000 0.014 0.559000   1.021 0.000   1.430 0.000   3.913 0.000   0.807 0.000   3.107 0.000000 0.025 0.000000 0.080 0.559000
203.291667 204.291667   12.90 0.000000  0.12 0.000000000 9.999 0.259000 99.99 0.259000000 0.012 0.000000   2.320 0.000   3.248 0.000   6.139 0.000   0.984 0.000   5.154 0.000000 0.025 0.000000 0.094 0.000000
207.291667 208.291667   21.05 0.559000 99.99 0.559259000 9.999 0.559259 99.99 0.559259000 0.025 0.559000   2.033 0.000   2.847 0.000   7.369 0.000   2.217 0.000   5.151 0.559000 0.072 0.559000 0.164 0.559000
210.291667 211.291667   44.37 0.559000  0.17 0.559000000 9.999 0.559259 99.99 0.559259000 0.075 0.699000   4.292 0.000   6.009 0.000  13.850 0.000   0.507 0.000  13.344 0.559000 0.275 0.559000 0.352 0.699000
214.291667 215.291667   64.81 0.559000  0.29 0.559000000 9.999 0.559259 99.99 0.559259000 0.031 0.559000   4.698 0.000   6.578 0.000  15.347 0.000   3.858 0.000  11.489 0.559000 0.106 0.559000 0.235 0.559000
217.291667 218.291667   44.28 0.559000 99.99 0.559259000 9.999 0.559259 99.99 0.559259000 0.037 0.559000   5.421 0.000   7.590 0.000  12.623 0.000   0.188 0.000  12.435 0.559000 0.127 0.559000 0.205 0.559000
221.291667 222.291667   44.65 0.559394 99.99 0.559394259 0.026 0.559394 99.99 0.559394259 0.061 0.559394   9.957 0.000  13.940 0.000  22.091 0.000   0.079 0.000  22.012 0.559000 0.196 0.559394 0.217 0.559394
224.291667 225.291667 9999.99 0.999000 99.99 0.999000000 9.999 0.999000 99.99 0.999000000 9.999 0.999000 999.999 0.999 999.999 0.999 999.999 0.999 999.999 0.999 999.999 0.999000 9.999 0.999000 9.999 0.999000
228.291667 229.291667   87.16 0.559000 99.99 0.559259000 9.999 0.559259 99.99 0.559259000 0.125 0.699000  13.244 0.000  18.542 0.000  32.967 0.000   4.833 0.000  28.134 0.559000 0.236 0.559000 0.268 0.699000
231.291667 232.291667 9999.99 0.999000 99.99 0.999000000 9.999 0.999000 99.99 0.999000000 9.999 0.999000 999.999 0.999 999.999 0.999 999.999 0.999 999.999 0.999 999.999 0.999000 9.999 0.999000 9.999 0.999000
234.291667 235.291667 9999.99 0.999000 99.99 0.999000000 9.999 0.999000 99.99 0.999000000 9.999 0.999000 999.999 0.999 999.999 0.999 999.999 0.999 999.999 0.999 999.999 0.999000 9.999 0.999000 9.999 0.999000
237.291667 238.291667 9999.99 0.999000 99.99 0.999000000 9.999 0.999000 99.99 0.999000000 9.999 0.999000 999.999 0.999 999.999 0.999 999.999 0.999 999.999 0.999 999.999 0.999000 9.999 0.999000 9.999 0.999000
240.291667 241.291667 9999.99 0.999000 99.99 0.999000000 9.999 0.999000 99.99 0.999000000 9.999 0.999000 999.999 0.999 999.999 0.999 999.999 0.999 999.999 0.999 999.999 0.999000 9.999 0.999000 9.999 0.999000
243.291667 244.291667   29.86 0.559000 99.99 0.559259000 9.999 0.559259 99.99 0.559259000 0.091 0.000000   6.414 0.000   8.980 0.000  14.572 0.000   1.593 0.000  12.979 0.559000 0.079 0.559000 0.204 0.000000
246.291667 247.291667   20.58 0.000000  0.40 0.000000000 9.999 0.259000 99.99 0.259000000 0.040 0.000000   0.477 0.000   0.667 0.000   5.540 0.000   2.743 0.000   2.797 0.000000 0.019 0.000000 0.323 0.000000
249.291667 250.291667   11.30 0.000000 99.99 0.259000000 9.999 0.259000 99.99 0.259000000 0.020 0.000000   0.631 0.000   0.883 0.000   3.892 0.000   1.970 0.000   1.922 0.000000 0.014 0.000000 0.146 0.000000
252.291667 253.291667   26.68 0.000000  0.23 0.000000000 9.999 0.259000 99.99 0.259000000 0.015 0.000000   0.411 0.000   0.575 0.000   7.212 0.000   5.661 0.000   1.550 0.000000 0.024 0.000000 0.085 0.000000
255.291667 256.291667   21.03 0.000000  0.24 0.000000000 9.999 0.259000 99.99 0.259000000 0.013 0.000000   0.513 0.000   0.718 0.000   4.348 0.000   2.547 0.000   1.801 0.000000 0.031 0.000000 0.157 0.000000
258.291667 259.291667   27.33 0.000000  0.62 0.000000000 9.999 0.259000 99.99 0.259000000 0.021 0.000000   0.944 0.000   1.321 0.000   6.306 0.000   2.898 0.000   3.409 0.000000 0.030 0.000000 0.188 0.000000
261.291667 262.291667   12.97 0.000000 99.99 0.259000000 9.999 0.259000 99.99 0.259000000 0.014 0.000000   0.758 0.000   1.061 0.000   5.237 0.000   2.656 0.000   2.581 0.000000 0.018 0.000000 0.238 0.000000
264.291667 265.291667 9999.99 0.999000 99.99 0.999000000 9.999 0.999000 99.99 0.999000000 9.999 0.999000 999.999 0.999 999.999 0.999 999.999 0.999 999.999 0.999 999.999 0.999000 9.999 0.999000 9.999 0.999000
267.291667 268.291667 9999.99 0.999000 99.99 0.999000000 9.999 0.999000 99.99 0.999000000 9.999 0.999000 999.999 0.999 999.999 0.999 999.999 0.999 999.999 0.999 999.999 0.999000 9.999 0.999000 9.999 0.999000
270.291667 271.291667 9999.99 0.999000 99.99 0.999000000 9.999 0.999000 99.99 0.999000000 9.999 0.999000 999.999 0.999 999.999 0.999 999.999 0.999 999.999 0.999 999.999 0.999000 9.999 0.999000 9.999 0.999000
273.291667 274.291667 9999.99 0.999000 99.99 0.999000000 9.999 0.999000 99.99 0.999000000 9.999 0.999000 999.999 0.999 999.999 0.999 999.999 0.999 999.999 0.999 999.999 0.999000 9.999 0.999000 9.999 0.999000
276.291667 277.291667 9999.99 0.999000 99.99 0.999000000 9.999 0.999000 99.99 0.999000000 9.999 0.999000 999.999 0.999 999.999 0.999 999.999 0.999 999.999 0.999 999.999 0.999000 9.999 0.999000 9.999 0.999000
279.291667 280.291667 9999.99 0.999000 99.99 0.999000000 9.999 0.999000 99.99 0.999000000 9.999 0.999000 999.999 0.999 999.999 0.999 999.999 0.999 999.999 0.999 999.999 0.999000 9.999 0.999000 9.999 0.999000
