scripts/IMPROVE-2019_partial/data/US9052R.20170101050000.20191216000000.filterpack...52w.3d.US03L_filterpack_US9052.US03L_IMPROVE_Davis.lev2.nas
52 1001
MISSING INFORMATION
US03L, IMPROVE, , , , , , , 
MISSING INFORMATION
IMPROVE sel_HTAP
1 1
2017 01 01 2019 12 16
3.000000
days from file reference point
5
1 1 1 1 1
999.999999 999.999 9.999 999.999 9.999
end_time of measurement, days from the file reference point
pm10_mass, ug/m3, Matrix=pm10
numflag pm10_mass, no unit, Matrix=pm10
pm25_mass, ug/m3, Matrix=pm25
numflag pm25_mass, no unit, Matrix=pm25
0
33
Data definition:              EBAS_1.1
Set type code:                TU
Timezone:                     UTC
File name:                    US9052R.20170101050000.20191216000000.filterpack...52w.3d.US03L_filterpack_US9052.US03L_IMPROVE_Davis.lev2.nas
File creation:                20191218120903
Startdate:                    20170101050000
Revision date:                20191216000000
Version:                      2
Version description:          "Data extracted from http://views.cira.colostate.edu/fed/DataWizard 2019-12-16"
Statistics:                   arithmetic mean
Data level:                   2
Period code:                  52w
Resolution code:              3d
Sample duration:              1d
Orig. time res.:              3d
Station code:                 US9052R
Platform code:                US9052S
Station name:                 St. Marks
Station latitude:             30.0926
Station longitude:            -84.1614
Station altitude:             7.0 m
Regime:                       IMG
Component:                    
Unit:                         ug/m3
Matrix:                       
Laboratory code:              US03L
Instrument type:              filterpack
Instrument name:              filterpack_US9052
Method ref:                   US03L_IMPROVE_Davis
Blank correction:             Blank corrected
Volume std. temperature:      ambient
Volume std. pressure:         ambient
starttime endtime PM10 flag_PM10 PM2.5 flag_PM2.5
  0.208333   1.208333  18.125 0.000   8.851 0.000
  3.208333   4.208333   8.194 0.000   5.994 0.000
  6.208333   7.208333   4.644 0.000   3.228 0.000
  9.208333  10.208333   7.291 0.000   4.774 0.000
 12.208333  13.208333   5.561 0.000   3.284 0.000
 15.208333  16.208333   4.820 0.000   2.413 0.000
 18.208333  19.208333   2.753 0.000   1.875 0.000
 21.208333  22.208333  23.576 0.000  11.704 0.000
 24.208333  25.208333   7.222 0.000 999.999 0.999
 27.208333  28.208333   4.188 0.000 999.999 0.999
 30.208333  31.208333  11.680 0.000 999.999 0.999
 33.208333  34.208333   5.813 0.000 999.999 0.999
 36.208333  37.208333  13.118 0.000 999.999 0.999
 39.208333  40.208333  10.450 0.000 999.999 0.999
 42.208333  43.208333  11.930 0.000 999.999 0.999
 45.208333  46.208333  14.569 0.000 999.999 0.999
 48.208333  49.208333  15.547 0.000 999.999 0.999
 51.208333  52.208333  12.358 0.000 999.999 0.999
 54.208333  55.208333  11.435 0.000   6.295 0.659
 57.208333  58.208333  10.183 0.000   4.656 0.659
 60.208333  61.208333  11.358 0.000   6.755 0.659
 63.208333  64.208333  15.110 0.000   6.409 0.000
 66.208333  67.208333  15.697 0.000   8.883 0.000
 69.208333  70.208333   8.914 0.000   5.687 0.000
 72.208333  73.208333   3.698 0.000   2.376 0.000
 75.208333  76.208333  15.067 0.000  13.083 0.000
 78.208333  79.208333  11.166 0.000   6.658 0.000
 81.208333  82.208333  18.223 0.000   7.831 0.000
 84.208333  85.208333  13.991 0.000   6.176 0.000
 87.208333  88.208333   6.948 0.000   3.831 0.000
 90.208333  91.208333   7.293 0.000   4.370 0.000
 93.208333  94.208333 999.999 0.999 999.999 0.999
 96.208333  97.208333   4.140 0.000   2.594 0.000
 99.208333 100.208333   5.391 0.000   4.180 0.000
102.208333 103.208333   5.539 0.000   3.172 0.000
105.208333 106.208333  10.961 0.000   7.745 0.000
108.208333 109.208333   8.320 0.000   5.506 0.000
111.208333 112.208333   8.325 0.000   5.625 0.000
114.208333 115.208333   4.841 0.000   3.052 0.000
117.208333 118.208333  11.974 0.000  10.414 0.000
120.208333 121.208333  11.709 0.000   6.736 0.000
123.208333 124.208333   7.921 0.000   4.813 0.000
126.208333 127.208333   8.275 0.000   5.199 0.000
129.208333 130.208333  11.848 0.000   9.222 0.000
132.208333 133.208333   9.309 0.000   6.381 0.000
135.208333 136.208333   8.548 0.000   5.520 0.000
138.208333 139.208333  16.655 0.000   9.687 0.000
141.208333 142.208333 999.999 0.999 999.999 0.999
144.208333 145.208333   5.148 0.000   2.653 0.000
147.208333 148.208333  17.122 0.000  10.912 0.000
150.208333 151.208333  24.843 0.000  15.790 0.000
153.208333 154.208333   6.009 0.000   4.061 0.000
156.208333 157.208333   5.300 0.000   3.110 0.000
159.208333 160.208333   7.808 0.000   4.941 0.000
162.208333 163.208333   7.257 0.000   3.168 0.000
165.208333 166.208333   7.560 0.000   3.362 0.000
168.208333 169.208333   6.592 0.000   3.442 0.000
171.208333 172.208333  18.408 0.000   8.420 0.000
174.208333 175.208333  10.349 0.000   4.744 0.000
177.208333 178.208333  10.805 0.000   4.996 0.000
180.208333 181.208333   9.244 0.000   4.090 0.000
183.208333 184.208333  38.842 0.000  20.117 0.000
186.208333 187.208333  11.019 0.000   5.863 0.000
189.208333 190.208333   7.045 0.000   4.104 0.000
192.208333 193.208333   7.475 0.000   4.042 0.000
195.208333 196.208333   9.010 0.000   4.022 0.000
198.208333 199.208333 999.999 0.999 999.999 0.456
201.208333 202.208333   5.488 0.000   3.336 0.000
204.208333 205.208333  16.578 0.000   7.579 0.000
207.208333 208.208333   8.819 0.000   4.704 0.000
210.208333 211.208333  10.567 0.000   6.263 0.000
213.208333 214.208333   5.124 0.000   4.053 0.000
216.208333 217.208333  16.144 0.000   7.498 0.000
219.208333 220.208333  10.008 0.000   4.559 0.000
222.208333 223.208333   6.863 0.000   3.949 0.000
225.208333 226.208333   8.447 0.000   5.734 0.000
228.208333 229.208333   7.942 0.000   4.759 0.000
231.208333 232.208333  11.151 0.000   7.497 0.000
234.208333 235.208333  17.956 0.000   9.130 0.000
237.208333 238.208333   7.357 0.000   3.824 0.000
240.208333 241.208333   9.443 0.000   5.382 0.000
243.208333 244.208333  11.495 0.000   5.480 0.000
246.208333 247.208333   6.054 0.000   3.501 0.000
249.208333 250.208333  13.915 0.000   8.806 0.000
252.208333 253.208333   7.884 0.000   4.434 0.000
255.208333 256.208333   7.120 0.000   3.759 0.000
258.208333 259.208333   7.153 0.000   4.414 0.000
261.208333 262.208333  14.446 0.000   9.038 0.000
264.208333 265.208333  12.974 0.000   6.814 0.000
267.208333 268.208333  11.356 0.000   5.183 0.000
270.208333 271.208333  15.069 0.000  10.192 0.000
273.208333 274.208333  10.425 0.000   4.964 0.000
276.208333 277.208333  12.637 0.000   4.588 0.000
279.208333 280.208333  10.329 0.000   5.620 0.000
282.208333 283.208333   9.960 0.000   5.172 0.000
285.208333 286.208333   8.232 0.000   3.422 0.000
288.208333 289.208333   9.330 0.000   5.399 0.000
291.208333 292.208333  10.034 0.000   4.508 0.000
294.208333 295.208333  10.566 0.000   4.615 0.000
297.208333 298.208333   6.455 0.000   2.910 0.000
300.208333 301.208333   8.814 0.000   3.908 0.000
303.208333 304.208333   9.696 0.000   6.124 0.000
306.208333 307.208333   8.379 0.000   5.745 0.000
309.208333 310.208333   7.790 0.000   6.224 0.000
312.208333 313.208333   9.845 0.000   7.563 0.000
315.208333 316.208333  11.277 0.000   5.792 0.000
318.208333 319.208333   9.263 0.000   6.445 0.000
321.208333 322.208333  10.812 0.000   8.197 0.000
324.208333 325.208333   6.629 0.000   3.518 0.000
327.208333 328.208333   7.818 0.000   5.898 0.000
330.208333 331.208333   6.403 0.000   4.511 0.000
333.208333 334.208333   6.138 0.000   4.257 0.000
336.208333 337.208333  13.274 0.000   9.884 0.000
339.208333 340.208333   5.785 0.000   2.902 0.000
342.208333 343.208333   2.828 0.000   2.184 0.000
345.208333 346.208333   8.904 0.000   5.481 0.000
348.208333 349.208333  13.991 0.000  10.785 0.000
351.208333 352.208333   5.910 0.000   5.107 0.000
354.208333 355.208333   6.180 0.000   4.065 0.000
357.208333 358.208333  11.172 0.000   6.688 0.000
360.208333 361.208333   7.321 0.000   4.496 0.000
363.208333 364.208333   5.456 0.000   4.583 0.000
