scripts/IMPROVE-2019_partial/data/US9033R.20000101060000.20191216000000.filterpack..pm25.52w.1w.US03L_filterpack_US9033.US03L_IMPROVE_Davis.lev2.nas
64 1001
MISSING INFORMATION
US03L, IMPROVE, , , , , , , 
MISSING INFORMATION
IMPROVE sel_HTAP
1 1
2000 01 01 2019 12 16
0
days from file reference point
25
1 1 1 1 1 1 1 1 1 1 1 1 1 1 1 1 1 1 1 1 1 1 1 1 1
999.99 9999.99 9.999999 999.99 9.999999 9.999 9.999999999 99.99 9.999999999 9.999 9.999999 99.999 9.999 99.999 9.999 999.999 9.999 999.999 9.999 999.999 9.999 9.999 9.999999 99.999 9.999999
end_time of measurement, days from the file reference point
iron, ng/m3, Revision date=20181210133000
numflag iron, no unit, Revision date=20181210133000
lead, ng/m3, Revision date=20181210133000
numflag lead, no unit, Revision date=20181210133000
magnesium, ug/m3, Revision date=20181210133000
numflag magnesium, no unit, Revision date=20181210133000
nickel, ng/m3, Revision date=20181210133000
numflag nickel, no unit, Revision date=20181210133000
nitrate, ug N/m3, Revision date=20181210133000
numflag nitrate, no unit, Revision date=20181210133000
organic_carbon, ug C/m3, Revision date=20181210133000
numflag organic_carbon, no unit, Revision date=20181210133000
organic_mass, ug/m3, Revision date=20181210133000
numflag organic_mass, no unit, Revision date=20181210133000
pm10_mass, ug/m3, Version=2, Version description=Data extracted from http://views.cira.colostate.edu/fed/DataWizard 2019-12-16, Sample duration=1d, Orig. time res.=3d, Matrix=pm10, Blank correction=Blank corrected, Volume std. temperature=ambient, Volume std. pressure=ambient
numflag pm10_mass, no unit, Version=2, Version description=Data extracted from http://views.cira.colostate.edu/fed/DataWizard 2019-12-16, Sample duration=1d, Orig. time res.=3d, Matrix=pm10, Blank correction=Blank corrected, Volume std. temperature=ambient, Volume std. pressure=ambient
pm10_pm25_mass, ug/m3, Revision date=20181210133000, Matrix=pm10_pm25
numflag pm10_pm25_mass, no unit, Revision date=20181210133000, Matrix=pm10_pm25
pm25_mass, ug/m3, Version=2, Version description=Data extracted from http://views.cira.colostate.edu/fed/DataWizard 2019-12-16, Sample duration=1d, Orig. time res.=3d, Blank correction=Blank corrected, Volume std. temperature=ambient, Volume std. pressure=ambient
numflag pm25_mass, no unit, Version=2, Version description=Data extracted from http://views.cira.colostate.edu/fed/DataWizard 2019-12-16, Sample duration=1d, Orig. time res.=3d, Blank correction=Blank corrected, Volume std. temperature=ambient, Volume std. pressure=ambient
potassium, ug/m3, Revision date=20181210133000
numflag potassium, no unit, Revision date=20181210133000
sulphate_total, ug S/m3, Revision date=20181210133000
numflag sulphate_total, no unit, Revision date=20181210133000
0
25
Data definition:              EBAS_1.1
Set type code:                TI
Timezone:                     UTC
File name:                    US9033R.20000101060000.20191216000000.filterpack..pm25.52w.1w.US03L_filterpack_US9033.US03L_IMPROVE_Davis.lev2.nas
File creation:                20191218120726
Startdate:                    20000101060000
Revision date:                20191216000000
Statistics:                   arithmetic mean
Data level:                   2
Period code:                  52w
Resolution code:              1w
Station code:                 US9033R
Platform code:                US9033S
Station name:                 Sipsy Wilderness
Station latitude:             34.3433
Station longitude:            -87.3388
Station altitude:             286.0 m
Regime:                       IMG
Component:                    
Matrix:                       pm25
Laboratory code:              US03L
Instrument type:              filterpack
Instrument name:              filterpack_US9033
Method ref:                   US03L_IMPROVE_Davis
starttime endtime Fe flag_Fe Pb flag_Pb Mg++ flag_Mg++ Ni flag_Ni NO3- flag_NO3- OC flag_OC OM flag_OM PM10 flag_PM10 PM10-PM2.5 flag_PM10-PM2.5 PM2.5 flag_PM2.5 K+ flag_K+ SO4-- flag_SO4--
  0.25   1.25   21.35 0.000000  10.78 0.000000 9.999 0.259000000 99.99 0.259000000 0.190 0.559000  3.381 0.000  4.734 0.000  18.729 0.000   4.516 0.000  14.213 0.000 0.278 0.000000  1.608 0.559000
  4.25   5.25 9999.99 0.999000 999.99 0.999000 9.999 0.999000000 99.99 0.999000000 9.999 0.999000 99.999 0.999 99.999 0.999 999.999 0.999 999.999 0.999 999.999 0.999 9.999 0.999000 99.999 0.999000
  7.25   8.25 9999.99 0.999000 999.99 0.999000 9.999 0.999000000 99.99 0.999000000 9.999 0.999000 99.999 0.999 99.999 0.999 999.999 0.999 999.999 0.999 999.999 0.999 9.999 0.999000 99.999 0.999000
 11.25  12.25   69.49 0.000000   4.90 0.000000 9.999 0.259000000 99.99 0.259000000 0.129 0.559000  2.055 0.000  2.877 0.000  19.468 0.000   7.214 0.000  12.255 0.000 0.102 0.000000  1.218 0.559000
 14.25  15.25   49.50 0.000000   2.20 0.000000 9.999 0.259000000 99.99 0.259000000 0.123 0.559000  1.799 0.000  2.519 0.000  13.006 0.000   6.509 0.000   6.496 0.000 0.074 0.000000  0.434 0.559000
 18.25  19.25   75.00 0.559000   7.40 0.559000 9.999 0.559259000 99.99 0.559259000 9.999 0.456000  1.985 0.000  2.779 0.000  26.992 0.000   5.650 0.000  21.341 0.559 0.101 0.559000 99.999 0.456000
 21.25  22.25   87.51 0.559000   6.76 0.559000 9.999 0.559259000 99.99 0.559259000 9.999 0.456000  2.476 0.000  3.467 0.000  27.909 0.000  12.885 0.000  15.023 0.559 0.110 0.559000 99.999 0.456000
 25.25  26.25   25.70 0.559000   2.85 0.559000 9.999 0.559259000 99.99 0.559259000 9.999 0.456000  0.892 0.000  1.249 0.000  21.595 0.000  12.472 0.000   9.123 0.559 0.046 0.559000 99.999 0.456000
 28.25  29.25   35.87 0.559000   2.10 0.559000 9.999 0.559259000 99.99 0.559259000 9.999 0.456000  1.126 0.000  1.577 0.000  19.534 0.000  11.622 0.000   7.912 0.559 0.045 0.559000 99.999 0.456000
 32.25  33.25 9999.99 0.999000 999.99 0.999000 9.999 0.999000000 99.99 0.999000000 9.999 0.999000 99.999 0.999 99.999 0.999 999.999 0.999 999.999 0.999 999.999 0.999 9.999 0.999000 99.999 0.999000
 35.25  36.25   22.99 0.456000   3.37 0.456000 9.999 0.456259000 99.99 0.456259000 0.651 0.699000  1.287 0.000  1.802 0.000  15.218 0.000 999.999 0.999 999.999 0.456 0.050 0.456000  1.186 0.699000
 39.25  40.25   58.53 0.559000   4.54 0.559000 9.999 0.559259000 99.99 0.559259000 0.298 0.699000  4.489 0.000  6.285 0.000  22.127 0.000   6.198 0.000  15.929 0.559 0.125 0.559000  1.378 0.699000
 42.25  43.25   40.01 0.559000   4.15 0.559000 9.999 0.559259000 99.99 0.559259000 0.989 0.699000  3.056 0.000  4.278 0.000  27.950 0.000   6.753 0.000  21.197 0.559 0.081 0.559000  2.943 0.699000
 46.25  47.25   65.60 0.000000   2.38 0.000000 9.999 0.259000000 99.99 0.259000000 0.260 0.699000  4.487 0.000  6.282 0.000  32.248 0.000  12.843 0.000  19.405 0.000 0.122 0.000000  1.369 0.699000
 49.25  50.25   19.15 0.559000   2.60 0.559000 9.999 0.559259000  0.20 0.559000000 0.116 0.699000  1.792 0.000  2.509 0.000  15.929 0.000   5.887 0.000  10.042 0.559 0.037 0.559000  1.772 0.699000
 53.25  54.25   53.09 0.559000   3.71 0.559000 9.999 0.559259000 99.99 0.559259000 9.999 0.699000  6.024 0.000  8.434 0.000  27.692 0.000   8.830 0.000  18.861 0.559 0.119 0.559000 99.999 0.699000
 56.25  57.25   25.33 0.559394   0.62 0.559394 9.999 0.559394259 99.99 0.559394259 0.172 0.699394  1.965 0.000  2.751 0.000  12.367 0.000   6.434 0.000   5.934 0.559 0.063 0.559394  0.521 0.699394
 60.25  61.25   39.02 0.000000   2.24 0.000000 9.999 0.259000000 99.99 0.259000000 0.127 0.699000  3.017 0.000  4.224 0.000  19.768 0.000   9.384 0.000  10.384 0.000 0.068 0.000000  0.944 0.699000
 63.25  64.25   35.29 0.000000   3.06 0.000000 9.999 0.259000000  0.05 0.000000000 9.999 0.699000  1.556 0.000  2.178 0.000  14.315 0.000   4.528 0.000   9.787 0.000 0.053 0.000000 99.999 0.699000
 67.25  68.25   48.40 0.000000   2.38 0.000000 9.999 0.259000000 99.99 0.259000000 9.999 0.699000  6.554 0.000  9.176 0.000  32.322 0.000   9.130 0.000  23.191 0.000 0.092 0.000000 99.999 0.699000
 70.25  71.25   12.59 0.000000   1.63 0.000000 9.999 0.259000000 99.99 0.259000000 0.074 0.699000  0.989 0.000  1.384 0.000   7.845 0.000   0.610 0.000   7.235 0.000 0.021 0.000000  0.940 0.699000
 74.25  75.25   64.68 0.559000   3.49 0.559000 9.999 0.559259000  0.07 0.559000000 9.999 0.699000  6.124 0.000  8.573 0.000  27.604 0.000   8.557 0.000  19.048 0.559 0.103 0.559000 99.999 0.699000
 77.25  78.25   31.86 0.000000   1.28 0.000000 9.999 0.259000000 99.99 0.259000000 0.114 0.699000  1.771 0.000  2.480 0.000  13.342 0.000   4.288 0.000   9.054 0.000 0.041 0.000000  1.253 0.699000
 81.25  82.25   30.30 0.000000   1.79 0.000000 9.999 0.259000000 99.99 0.259000000 9.999 0.699000  1.533 0.000  2.146 0.000  18.801 0.000   6.405 0.000  12.396 0.000 0.036 0.000000 99.999 0.699000
 84.25  85.25   48.78 0.000000   1.14 0.000000 9.999 0.259000000 99.99 0.259000000 0.118 0.699000  4.034 0.000  5.648 0.000  23.713 0.000   7.715 0.000  15.998 0.000 0.091 0.000000  1.712 0.699000
 88.25  89.25   33.71 0.000000   3.29 0.000000 9.999 0.259000000 99.99 0.259000000 0.199 0.000000  1.406 0.000  1.968 0.000  10.101 0.000   4.025 0.000   6.076 0.000 0.041 0.000000  0.751 0.000000
 91.25  92.25   67.58 0.559000   4.27 0.559000 9.999 0.559259000 99.99 0.559259000 0.095 0.559000  3.596 0.000  5.035 0.000  24.874 0.000   7.087 0.000  17.787 0.559 0.083 0.559000  2.513 0.559000
 95.25  96.25   31.52 0.000000   1.32 0.000000 9.999 0.259000000 99.99 0.259000000 0.062 0.000000  1.223 0.000  1.712 0.000   9.204 0.000   3.892 0.000   5.312 0.000 0.054 0.000000  0.505 0.000000
 98.25  99.25   24.18 0.000000   2.18 0.000000 0.016 0.000000000  0.09 0.000000000 0.107 0.000000  1.092 0.000  1.529 0.000  12.021 0.000   5.916 0.000   6.105 0.000 0.030 0.000000  0.813 0.000000
102.25 103.25   43.31 0.000000   3.42 0.000000 9.999 0.259000000 99.99 0.259000000 0.229 0.000000  1.685 0.000  2.359 0.000  17.382 0.000   4.908 0.000  12.474 0.000 0.046 0.000000  2.016 0.000000
105.25 106.25   26.24 0.000000   1.74 0.000000 9.999 0.259000000 99.99 0.259000000 0.072 0.000000  1.356 0.000  1.899 0.000  21.249 0.000   4.679 0.000  16.570 0.000 0.034 0.000000  3.392 0.000000
109.25 110.25   45.39 0.000000   1.63 0.000000 9.999 0.259000000 99.99 0.259000000 0.046 0.000000  1.412 0.000  1.976 0.000  18.198 0.000   6.188 0.000  12.009 0.000 0.040 0.000000  2.133 0.000000
112.25 113.25   56.63 0.000000   2.86 0.000000 9.999 0.259000000 99.99 0.259000000 0.148 0.000000  1.123 0.000  1.572 0.000  12.969 0.000   5.833 0.000   7.136 0.000 0.060 0.000000  0.860 0.000000
116.25 117.25   68.46 0.000000   3.20 0.000000 9.999 0.259000000 99.99 0.259000000 0.125 0.000000  2.778 0.000  3.889 0.000  18.297 0.000   6.554 0.000  11.742 0.000 0.079 0.000000  1.285 0.000000
119.25 120.25   74.95 0.000000   4.82 0.000000 9.999 0.259000000 99.99 0.259000000 0.106 0.000000  2.324 0.000  3.253 0.000  23.108 0.000  10.671 0.000  12.437 0.000 0.099 0.000000  1.553 0.000000
123.25 124.25   78.03 0.559000   2.33 0.559000 9.999 0.559259000  4.60 0.559000000 0.106 0.000000  3.531 0.000  4.943 0.000  24.226 0.000   3.935 0.000  20.291 0.559 0.085 0.559000  2.692 0.000000
126.25 127.25   67.44 0.000000   3.66 0.000000 9.999 0.259000000  1.94 0.000000000 0.119 0.000000  3.764 0.000  5.270 0.000  25.303 0.000   8.252 0.000  17.051 0.000 0.074 0.000000  2.086 0.000000
130.25 131.25   30.27 0.000000   0.89 0.000000 9.999 0.259000000  0.41 0.000000000 0.065 0.000000  2.203 0.000  3.085 0.000  12.421 0.000   6.188 0.000   6.232 0.000 0.035 0.000000  0.590 0.000000
133.25 134.25   42.25 0.000000   0.91 0.000000 9.999 0.259000000  3.42 0.000000000 0.057 0.000000  2.526 0.000  3.536 0.000  18.095 0.000   8.896 0.000   9.199 0.000 0.063 0.000000  0.963 0.000000
137.25 138.25   78.53 0.000000   1.26 0.000000 9.999 0.259000000 99.99 0.259000000 0.066 0.000000  5.246 0.000  7.344 0.000  29.504 0.000  11.014 0.000  18.490 0.000 0.082 0.000000  1.844 0.000000
140.25 141.25   32.53 0.000000   1.23 0.000000 9.999 0.259000000 99.99 0.259000000 0.163 0.000000  2.187 0.000  3.062 0.000  11.601 0.000   3.991 0.000   7.610 0.000 0.059 0.000000  0.703 0.000000
144.25 145.25   61.38 0.559000   0.72 0.559000 9.999 0.559259000 99.99 0.559259000 0.116 0.000000  2.679 0.000  3.751 0.000  17.846 0.000   6.376 0.000  11.470 0.559 0.091 0.559000  1.307 0.000000
147.25 148.25   89.95 0.559000   1.31 0.559000 9.999 0.559259000 99.99 0.559259000 0.144 0.000000  2.047 0.000  2.865 0.000  20.914 0.000  10.327 0.000  10.587 0.559 0.102 0.559000  1.281 0.000000
151.25 152.25 9999.99 0.999000 999.99 0.999000 9.999 0.999000000 99.99 0.999000000 9.999 0.999000 99.999 0.999 99.999 0.999 999.999 0.999 999.999 0.999 999.999 0.999 9.999 0.999000 99.999 0.999000
154.25 155.25   33.72 0.000000   0.61 0.000000 9.999 0.259000000 99.99 0.259000000 0.040 0.000000  3.714 0.000  5.200 0.000  23.628 0.000   6.441 0.000  17.186 0.000 0.107 0.000000  1.782 0.000000
158.25 159.25   39.83 0.559000   2.94 0.559000 9.999 0.559259000 99.99 0.559259000 0.072 0.000000  1.637 0.000  2.292 0.000  13.376 0.000   4.126 0.000   9.250 0.559 0.036 0.559000  1.144 0.000000
161.25 162.25   76.65 0.559000   1.44 0.559000 9.999 0.559259000 99.99 0.559259000 0.071 0.000000  4.895 0.000  6.853 0.000  32.328 0.000   5.404 0.000  26.924 0.559 0.077 0.559000  3.826 0.000000
165.25 166.25   68.80 0.000000 999.99 0.259000 9.999 0.259000000 99.99 0.259000000 0.085 0.000000  2.314 0.000  3.239 0.000  16.056 0.000   5.377 0.000  10.679 0.000 0.070 0.000000  1.174 0.000000
168.25 169.25   51.84 0.000000   0.14 0.000000 9.999 0.259000000 99.99 0.259000000 0.062 0.000000  1.799 0.000  2.519 0.000  13.211 0.000   6.596 0.000   6.616 0.000 0.041 0.000000  0.623 0.000000
172.25 173.25 9999.99 0.999000 999.99 0.999000 9.999 0.999000000 99.99 0.999000000 9.999 0.999000 99.999 0.999 99.999 0.999 999.999 0.999 999.999 0.999 999.999 0.999 9.999 0.999000 99.999 0.999000
175.25 176.25   38.08 0.000000 999.99 0.259000 9.999 0.259000000 99.99 0.259000000 0.029 0.559000  4.236 0.000  5.930 0.000  20.508 0.000   5.726 0.000  14.782 0.000 0.075 0.000000  1.345 0.559000
179.25 180.25   42.57 0.000000 999.99 0.259000 9.999 0.259000000 99.99 0.259000000 0.049 0.559000  3.051 0.000  4.271 0.000  16.137 0.000   4.795 0.000  11.342 0.000 0.049 0.000000  1.363 0.559000
182.25 183.25   40.32 0.000000   4.44 0.000000 0.019 0.000000000  0.37 0.000000000 0.048 0.000000  2.991 0.000  4.188 0.000  20.305 0.000   4.597 0.000  15.708 0.000 0.048 0.000000  2.208 0.000000
186.25 187.25 9999.99 0.999000 999.99 0.999000 9.999 0.999000000 99.99 0.999000000 9.999 0.999000 99.999 0.999 99.999 0.999 999.999 0.999 999.999 0.999 999.999 0.999 9.999 0.999000 99.999 0.999000
189.25 190.25 9999.99 0.999000 999.99 0.999000 9.999 0.999000000 99.99 0.999000000 9.999 0.999000 99.999 0.999 99.999 0.999 999.999 0.999 999.999 0.999 999.999 0.999 9.999 0.999000 99.999 0.999000
193.25 194.25  264.57 0.000000   0.84 0.000000 9.999 0.259000000 99.99 0.259000000 0.171 0.000000  2.905 0.000  4.066 0.000  23.884 0.000   8.828 0.000  15.056 0.000 0.108 0.000000  1.169 0.000000
196.25 197.25   43.40 0.000000   1.92 0.000000 9.999 0.259000000 99.99 0.259000000 0.051 0.000000  2.572 0.000  3.600 0.000  21.275 0.000   6.188 0.000  15.087 0.000 0.053 0.000000  1.822 0.000000
200.25 201.25 9999.99 0.999000 999.99 0.999000 9.999 0.999000000 99.99 0.999000000 9.999 0.999000 99.999 0.999 99.999 0.999 999.999 0.999 999.999 0.999 999.999 0.999 9.999 0.999000 99.999 0.999000
203.25 204.25 9999.99 0.999000 999.99 0.999000 9.999 0.999000000 99.99 0.999000000 9.999 0.999000 99.999 0.999 99.999 0.999 999.999 0.999 999.999 0.999 999.999 0.999 9.999 0.999000 99.999 0.999000
207.25 208.25 9999.99 0.456000 999.99 0.456000 9.999 0.456000000 99.99 0.456000000 0.003 0.000000 99.999 0.259 99.999 0.259   0.321 0.000 999.999 0.999 999.999 0.456 9.999 0.456000  0.002 0.000000
210.25 211.25   39.69 0.000000   0.98 0.000000 9.999 0.259000000 99.99 0.259000000 0.041 0.000000  4.563 0.000  6.388 0.000  24.042 0.000   3.554 0.000  20.488 0.000 0.057 0.000000  2.302 0.000000
214.25 215.25   22.58 0.000000   0.37 0.000000 9.999 0.259000000 99.99 0.259000000 0.034 0.000000  2.000 0.000  2.799 0.000  12.364 0.000   3.316 0.000   9.048 0.000 0.044 0.000000  1.143 0.000000
217.25 218.25   31.79 0.000000 999.99 0.259000 9.999 0.259000000 99.99 0.259000000 0.026 0.000000  3.916 0.000  5.482 0.000  20.151 0.000   5.419 0.000  14.732 0.000 0.058 0.000000  1.431 0.000000
221.25 222.25 9999.99 0.999000 999.99 0.999000 9.999 0.999000000 99.99 0.999000000 9.999 0.999000 99.999 0.999 99.999 0.999 999.999 0.999 999.999 0.999 999.999 0.999 9.999 0.999000 99.999 0.999000
224.25 225.25   37.60 0.000000   1.16 0.000000 9.999 0.259000000 99.99 0.259000000 0.029 0.000000  2.055 0.000  2.877 0.000  14.701 0.000   3.821 0.000  10.880 0.000 0.032 0.000000  1.457 0.000000
228.25 229.25   57.11 0.000000   4.16 0.000000 9.999 0.259000000 99.99 0.259000000 0.041 0.559000  4.030 0.000  5.642 0.000  23.270 0.000   6.979 0.000  16.291 0.000 0.088 0.000000  1.592 0.559000
231.25 232.25   60.31 0.000000   4.24 0.000000 9.999 0.259000000 99.99 0.259000000 0.068 0.559000  2.182 0.000  3.055 0.000  21.118 0.000   5.203 0.000  15.914 0.000 0.057 0.000000  2.473 0.559000
235.25 236.25   95.87 0.000000   1.36 0.000000 9.999 0.259000000 99.99 0.259000000 0.045 0.000000  4.571 0.000  6.399 0.000  41.982 0.000  18.082 0.000  23.901 0.000 0.084 0.000000  3.540 0.000000
238.25 239.25   41.19 0.000000 999.99 0.259000 9.999 0.259000000 99.99 0.259000000 0.046 0.000000  3.460 0.000  4.844 0.000  17.835 0.000   2.788 0.000  15.046 0.000 0.084 0.000000  1.645 0.000000
243.25 244.25 9999.99 0.999000 999.99 0.999000 9.999 0.999000000 99.99 0.999000000 9.999 0.999000 99.999 0.999 99.999 0.999 999.999 0.999 999.999 0.999 999.999 0.999 9.999 0.999000 99.999 0.999000
246.25 247.25 9999.99 0.999000 999.99 0.999000 9.999 0.999000000 99.99 0.999000000 9.999 0.999000 99.999 0.999 99.999 0.999 999.999 0.999 999.999 0.999 999.999 0.999 9.999 0.999000 99.999 0.999000
249.25 250.25 9999.99 0.999000 999.99 0.999000 9.999 0.999000000 99.99 0.999000000 9.999 0.999000 99.999 0.999 99.999 0.999 999.999 0.999 999.999 0.999 999.999 0.999 9.999 0.999000 99.999 0.999000
252.25 253.25 9999.99 0.999000 999.99 0.999000 9.999 0.999000000 99.99 0.999000000 9.999 0.999000 99.999 0.999 99.999 0.999 999.999 0.999 999.999 0.999 999.999 0.999 9.999 0.999000 99.999 0.999000
255.25 256.25 9999.99 0.999000 999.99 0.999000 9.999 0.999000000 99.99 0.999000000 9.999 0.999000 99.999 0.999 99.999 0.999 999.999 0.999 999.999 0.999 999.999 0.999 9.999 0.999000 99.999 0.999000
258.25 259.25   33.25 0.000000   1.42 0.000000 9.999 0.259000000 99.99 0.259000000 0.058 0.000000  2.032 0.000  2.845 0.000  18.114 0.000   7.032 0.000  11.082 0.000 0.046 0.000000  1.467 0.000000
261.25 262.25   40.59 0.000000   2.05 0.000000 9.999 0.259000000 99.99 0.259000000 0.064 0.000000  2.734 0.000  3.827 0.000  20.164 0.000   7.634 0.000  12.530 0.000 0.039 0.000000  1.513 0.000000
264.25 265.25   19.08 0.000000   0.63 0.000000 9.999 0.259000000 99.99 0.259000000 0.079 0.000000  1.397 0.000  1.955 0.000   7.865 0.000   2.782 0.000   5.083 0.000 0.035 0.000000  0.670 0.000000
267.25 268.25   25.92 0.000000   1.05 0.000000 9.999 0.259000000 99.99 0.259000000 0.131 0.000000  2.252 0.000  3.153 0.000  12.508 0.000   5.387 0.000   7.121 0.000 0.072 0.000000  0.805 0.000000
270.25 271.25   52.85 0.000000   2.31 0.000000 9.999 0.259000000 99.99 0.259000000 0.193 0.000000  2.112 0.000  2.957 0.000  13.426 0.000   2.950 0.000  10.476 0.000 0.041 0.000000  1.397 0.000000
273.25 274.25   39.46 0.000000   2.52 0.000000 0.068 0.000000000 99.99 0.259000000 0.222 0.000000  2.182 0.000  3.055 0.000  20.918 0.000   4.862 0.000  16.055 0.000 0.041 0.000000  2.497 0.000000
276.25 277.25 9999.99 0.456000 999.99 0.456000 9.999 0.456000000 99.99 0.456000000 0.098 0.000000  4.065 0.000  5.692 0.000  20.563 0.000 999.999 0.999 999.999 0.456 9.999 0.456000  1.568 0.000000
