scripts/IMPROVE-2019_partial/data/US9055R.20010101070000.20191216000000.filterpack..pm25.52w.1w.US03L_filterpack_US9055.US03L_IMPROVE_Davis.lev2.nas
64 1001
MISSING INFORMATION
US03L, IMPROVE, , , , , , , 
MISSING INFORMATION
IMPROVE sel_HTAP
1 1
2001 01 01 2019 12 16
3.000000
days from file reference point
25
1 1 1 1 1 1 1 1 1 1 1 1 1 1 1 1 1 1 1 1 1 1 1 1 1
999.999999 9999.99 9.999999 99.99 9.999999 9.999 9.999999999 9.99 9.999999999 9.999 9.999 999.999 9.999 999.999 9.999 999.999 9.999 999.999 9.999 999.999 9.999 9.999 9.999999 9.999 9.999
end_time of measurement, days from the file reference point
iron, ng/m3, Revision date=20181210133000
numflag iron, no unit, Revision date=20181210133000
lead, ng/m3, Revision date=20181210133000
numflag lead, no unit, Revision date=20181210133000
magnesium, ug/m3, Revision date=20181210133000
numflag magnesium, no unit, Revision date=20181210133000
nickel, ng/m3, Revision date=20181210133000
numflag nickel, no unit, Revision date=20181210133000
nitrate, ug N/m3, Revision date=20181210133000
numflag nitrate, no unit, Revision date=20181210133000
organic_carbon, ug C/m3, Revision date=20181210133000
numflag organic_carbon, no unit, Revision date=20181210133000
organic_mass, ug/m3, Revision date=20181210133000
numflag organic_mass, no unit, Revision date=20181210133000
pm10_mass, ug/m3, Version=2, Version description=Data extracted from http://views.cira.colostate.edu/fed/DataWizard 2019-12-16, Sample duration=1d, Orig. time res.=3d, Matrix=pm10, Blank correction=Blank corrected, Volume std. temperature=ambient, Volume std. pressure=ambient
numflag pm10_mass, no unit, Version=2, Version description=Data extracted from http://views.cira.colostate.edu/fed/DataWizard 2019-12-16, Sample duration=1d, Orig. time res.=3d, Matrix=pm10, Blank correction=Blank corrected, Volume std. temperature=ambient, Volume std. pressure=ambient
pm10_pm25_mass, ug/m3, Revision date=20181210133000, Matrix=pm10_pm25
numflag pm10_pm25_mass, no unit, Revision date=20181210133000, Matrix=pm10_pm25
pm25_mass, ug/m3, Version=2, Version description=Data extracted from http://views.cira.colostate.edu/fed/DataWizard 2019-12-16, Sample duration=1d, Orig. time res.=3d, Blank correction=Blank corrected, Volume std. temperature=ambient, Volume std. pressure=ambient
numflag pm25_mass, no unit, Version=2, Version description=Data extracted from http://views.cira.colostate.edu/fed/DataWizard 2019-12-16, Sample duration=1d, Orig. time res.=3d, Blank correction=Blank corrected, Volume std. temperature=ambient, Volume std. pressure=ambient
potassium, ug/m3, Revision date=20181210133000
numflag potassium, no unit, Revision date=20181210133000
sulphate_total, ug S/m3, Revision date=20181210133000
numflag sulphate_total, no unit, Revision date=20181210133000
0
25
Data definition:              EBAS_1.1
Set type code:                TU
Timezone:                     UTC
File name:                    US9055R.20010101070000.20191216000000.filterpack..pm25.52w.1w.US03L_filterpack_US9055.US03L_IMPROVE_Davis.lev2.nas
File creation:                20191218120912
Startdate:                    20010101070000
Revision date:                20191216000000
Statistics:                   arithmetic mean
Data level:                   2
Period code:                  52w
Resolution code:              1w
Station code:                 US9055R
Platform code:                US9055S
Station name:                 Sawtooth NF
Station latitude:             44.1705
Station longitude:            -114.9271
Station altitude:             1990.0 m
Regime:                       IMG
Component:                    
Matrix:                       pm25
Laboratory code:              US03L
Instrument type:              filterpack
Instrument name:              filterpack_US9055
Method ref:                   US03L_IMPROVE_Davis
starttime endtime Fe flag_Fe Pb flag_Pb Mg++ flag_Mg++ Ni flag_Ni NO3- flag_NO3- OC flag_OC OM flag_OM PM10 flag_PM10 PM10-PM2.5 flag_PM10-PM2.5 PM2.5 flag_PM2.5 K+ flag_K+ SO4-- flag_SO4--
[from data line 81]
243.291667 244.291667   50.02 0.000000  0.79 0.000000 9.999 0.259000000 9.99 0.259000000 0.022 0.000   2.063 0.000   2.889 0.000   9.998 0.000   4.487 0.000   5.511 0.000 0.045 0.000000 0.219 0.000
246.291667 247.291667   40.68 0.000000  0.62 0.000000 9.999 0.259000000 0.08 0.000000000 0.023 0.000   1.871 0.000   2.619 0.000   9.459 0.000   4.514 0.000   4.945 0.000 0.048 0.000000 0.218 0.000
249.291667 250.291667   28.92 0.000000  0.28 0.000000 9.999 0.259000000 0.25 0.000000000 0.013 0.559   0.846 0.000   1.184 0.000  16.817 0.000  13.905 0.000   2.912 0.000 0.019 0.000000 0.115 0.559
252.291667 253.291667   26.83 0.000000 99.99 0.259000 9.999 0.259000000 9.99 0.259000000 0.017 0.000   1.893 0.000   2.650 0.000   8.639 0.000   5.566 0.000   3.073 0.000 0.024 0.000000 0.075 0.000
255.291667 256.291667   11.34 0.000000 99.99 0.259000 9.999 0.259000000 9.99 0.259000000 0.012 0.000   1.049 0.000   1.469 0.000   4.061 0.000   1.431 0.000   2.630 0.000 0.009 0.000000 0.155 0.000
258.291667 259.291667    6.93 0.000000 99.99 0.259000 9.999 0.259000000 9.99 0.259000000 0.007 0.000   0.913 0.000   1.279 0.000   3.005 0.000   0.811 0.000   2.195 0.000 0.012 0.000000 0.068 0.000
261.291667 262.291667 9999.99 0.999000 99.99 0.999000 9.999 0.999000000 9.99 0.999000000 9.999 0.999 999.999 0.999 999.999 0.999 999.999 0.999 999.999 0.999 999.999 0.999 9.999 0.999000 9.999 0.999
264.291667 265.291667   29.21 0.000000  0.77 0.000000 9.999 0.259000000 9.99 0.259000000 0.014 0.000   0.886 0.000   1.240 0.000   4.264 0.000   1.378 0.000   2.886 0.000 0.018 0.000000 0.130 0.000
267.291667 268.291667   46.27 0.000000  0.42 0.000000 9.999 0.259000000 9.99 0.259000000 0.018 0.559   0.917 0.000   1.284 0.000  11.259 0.000   7.731 0.000   3.528 0.000 0.021 0.000000 0.184 0.559
270.291667 271.291667   22.28 0.000000  0.31 0.000000 9.999 0.259000000 9.99 0.259000000 0.012 0.000   0.658 0.000   0.921 0.000   4.589 0.000   2.386 0.000   2.203 0.000 0.036 0.000000 0.107 0.000
273.291667 274.291667   58.98 0.000000  0.71 0.000000 9.999 0.259000000 9.99 0.259000000 0.011 0.000   0.595 0.000   0.833 0.000   5.523 0.000   3.238 0.000   2.285 0.000 0.032 0.000000 0.110 0.000
276.291667 277.291667 9999.99 0.999000 99.99 0.999000 9.999 0.999000000 9.99 0.999000000 9.999 0.999 999.999 0.999 999.999 0.999 999.999 0.999 999.999 0.999 999.999 0.999 9.999 0.999000 9.999 0.999
279.291667 280.291667 9999.99 0.999000 99.99 0.999000 9.999 0.999000000 9.99 0.999000000 9.999 0.999 999.999 0.999 999.999 0.999 999.999 0.999 999.999 0.999 999.999 0.999 9.999 0.999000 9.999 0.999
282.291667 283.291667   14.74 0.000000 99.99 0.259000 9.999 0.259000000 0.15 0.000000000 0.022 0.000   0.970 0.000   1.358 0.000   3.614 0.000   1.087 0.000   2.528 0.000 0.015 0.000000 0.094 0.000
285.291667 286.291667    9.28 0.000000 99.99 0.259000 9.999 0.259000000 0.23 0.000000000 0.010 0.000   0.311 0.000   0.435 0.000   1.584 0.000   0.501 0.000   1.082 0.000 0.009 0.000000 0.063 0.000
288.291667 289.291667   33.02 0.000000  0.63 0.000000 9.999 0.259000000 9.99 0.259000000 0.013 0.000   0.995 0.000   1.393 0.000   3.273 0.000   1.048 0.000   2.225 0.000 0.025 0.000000 0.062 0.000
291.291667 292.291667    8.74 0.000000  0.28 0.000000 9.999 0.259000000 9.99 0.259000000 0.007 0.000   1.265 0.000   1.771 0.000   3.330 0.000   0.654 0.000   2.676 0.000 0.014 0.000000 0.054 0.000
294.291667 295.291667   19.95 0.000000 99.99 0.259000 9.999 0.259000000 9.99 0.259000000 0.011 0.559   0.880 0.000   1.232 0.000   3.127 0.000   0.911 0.000   2.216 0.000 0.017 0.000000 0.053 0.559
297.291667 298.291667   16.79 0.000000  1.18 0.000000 9.999 0.259000000 9.99 0.259000000 0.013 0.000   0.611 0.000   0.856 0.000   2.112 0.000   0.339 0.000   1.773 0.000 9.999 0.259000 0.082 0.000
300.291667 301.291667   14.56 0.000000  0.54 0.000000 9.999 0.259000000 9.99 0.259000000 0.013 0.000   0.617 0.000   0.864 0.000   3.472 0.000   0.857 0.000   2.615 0.000 0.017 0.000000 0.261 0.000
303.291667 304.291667    7.50 0.000000 99.99 0.259000 9.999 0.259000000 0.13 0.000000000 0.006 0.000   0.394 0.000   0.552 0.000   1.144 0.000   0.258 0.000   0.886 0.000 0.006 0.000000 0.030 0.000
306.291667 307.291667    3.22 0.000000  0.39 0.000000 9.999 0.259000000 9.99 0.259000000 0.006 0.000   0.675 0.000   0.945 0.000   2.131 0.000   0.628 0.000   1.503 0.000 0.010 0.000000 0.073 0.000
309.291667 310.291667   13.35 0.000000  0.65 0.000000 9.999 0.259000000 0.16 0.000000000 0.014 0.000   1.087 0.000   1.522 0.000   3.586 0.000   0.672 0.000   2.914 0.000 0.020 0.000000 0.163 0.000
312.291667 313.291667    5.79 0.000000  0.68 0.000000 9.999 0.259000000 9.99 0.259000000 0.007 0.000   0.569 0.000   0.797 0.000   2.030 0.000   0.578 0.000   1.453 0.000 9.999 0.259000 0.086 0.000
315.291667 316.291667   12.82 0.000000  0.83 0.000000 9.999 0.259000000 9.99 0.259000000 0.018 0.000   0.805 0.000   1.126 0.000   4.670 0.000   1.590 0.000   3.080 0.000 0.015 0.000000 0.327 0.000
318.291667 319.291667    3.72 0.559000 99.99 0.559259 9.999 0.559259000 9.99 0.559259000 0.007 0.000   0.521 0.000   0.729 0.000   1.341 0.000   0.313 0.000   1.029 0.559 0.004 0.559000 0.023 0.000
321.291667 322.291667    1.42 0.559000 99.99 0.559259 9.999 0.559259000 9.99 0.559259000 0.004 0.000   0.474 0.000   0.664 0.000   0.986 0.000   0.043 0.000   0.943 0.559 0.003 0.559000 0.032 0.000
324.291667 325.291667    3.46 0.000000  0.14 0.000000 9.999 0.259000000 9.99 0.259000000 0.011 0.000   0.200 0.000   0.280 0.000   1.097 0.000   0.283 0.000   0.814 0.000 0.003 0.000000 0.032 0.000
327.291667 328.291667    2.85 0.000000  0.32 0.000000 9.999 0.259000000 9.99 0.259000000 0.006 0.000   0.235 0.000   0.329 0.000   2.274 0.000   1.548 0.000   0.726 0.000 9.999 0.259000 0.041 0.000
330.291667 331.291667    4.51 0.000000  0.35 0.000000 9.999 0.259000000 9.99 0.259000000 0.017 0.000   2.263 0.000   3.168 0.000   4.102 0.000   0.586 0.000   3.516 0.000 0.017 0.000000 0.035 0.000
333.291667 334.291667    7.92 0.000000  2.82 0.000000 0.010 0.000000000 0.04 0.000000000 0.019 0.000   3.462 0.000   4.847 0.000   6.498 0.000   0.876 0.000   5.622 0.000 0.016 0.000000 0.063 0.000
336.291667 337.291667    1.56 0.000000 99.99 0.259000 9.999 0.259000000 9.99 0.259000000 0.010 0.000   0.814 0.000   1.139 0.000   1.984 0.000   0.812 0.000   1.172 0.000 0.004 0.000000 0.024 0.000
339.291667 340.291667   34.80 0.000000 99.99 0.259000 9.999 0.259000000 9.99 0.259000000 0.004 0.000   3.852 0.000   5.393 0.000   6.076 0.000   1.212 0.000   4.864 0.000 0.002 0.000000 0.014 0.000
342.291667 343.291667    6.36 0.000000  0.84 0.000000 9.999 0.259000000 9.99 0.259000000 0.022 0.000   3.009 0.000   4.212 0.000   4.010 0.000   0.196 0.000   3.813 0.000 0.009 0.000000 0.067 0.000
345.291667 346.291667    1.33 0.000000  0.24 0.000000 9.999 0.259000000 9.99 0.259000000 0.009 0.000   0.699 0.000   0.979 0.000   1.244 0.000   0.476 0.000   0.768 0.000 0.006 0.000000 0.031 0.000
348.291667 349.291667    0.77 0.000000  0.30 0.000000 9.999 0.259000000 9.99 0.259000000 0.016 0.000   2.948 0.000   4.128 0.000   3.412 0.000   0.436 0.000   2.976 0.000 0.007 0.000000 0.032 0.000
351.291667 352.291667  157.30 0.000000  1.84 0.000000 9.999 0.259000000 9.99 0.259000000 0.012 0.000   4.717 0.000   6.603 0.000   6.188 0.000   0.098 0.000   6.090 0.000 0.099 0.000000 0.038 0.000
354.291667 355.291667    5.38 0.000000  0.32 0.000000 9.999 0.259000000 0.08 0.000000000 0.050 0.000   0.877 0.000   1.228 0.000   1.323 0.000   0.120 0.000   1.203 0.000 0.007 0.000000 0.077 0.000
357.291667 358.291667    1.02 0.000000  0.43 0.000000 9.999 0.259000000 9.99 0.259000000 0.017 0.000   1.097 0.000   1.535 0.000   1.281 0.000   0.019 0.000   1.263 0.000 0.005 0.000000 0.019 0.000
360.291667 361.291667    2.54 0.000000  0.77 0.000000 9.999 0.259000000 0.04 0.000000000 0.020 0.000   1.275 0.000   1.784 0.000   1.653 0.000 999.999 0.259   1.862 0.000 0.009 0.000000 0.036 0.000
363.291667 364.291667    0.61 0.000000 99.99 0.259000 9.999 0.259000000 9.99 0.259000000 9.999 0.259   0.640 0.000   0.895 0.000   0.951 0.000   0.419 0.000   0.532 0.000 0.002 0.000000 0.016 0.000
