scripts/IMPROVE-2019_partial/data/US9018U.20090101050000.20191216000000.filterpack...52w.3d.US03L_filterpack_US9018.US03L_IMPROVE_Davis.lev2.nas
52 1001
MISSING INFORMATION
US03L, IMPROVE, , , , , , , 
MISSING INFORMATION
IMPROVE sel_HTAP
1 1
2009 01 01 2019 12 16
3.000000
days from file reference point
5
1 1 1 1 1
999.999999 999.999 9.999 999.999 9.999
end_time of measurement, days from the file reference point
pm10_mass, ug/m3, Matrix=pm10
numflag pm10_mass, no unit, Matrix=pm10
pm25_mass, ug/m3, Matrix=pm25
numflag pm25_mass, no unit, Matrix=pm25
0
33
Data definition:              EBAS_1.1
Set type code:                TU
Timezone:                     UTC
File name:                    US9018U.20090101050000.20191216000000.filterpack...52w.3d.US03L_filterpack_US9018.US03L_IMPROVE_Davis.lev2.nas
File creation:                20191218120619
Startdate:                    20090101050000
Revision date:                20191216000000
Version:                      2
Version description:          "Data extracted from http://views.cira.colostate.edu/fed/DataWizard 2019-12-16"
Statistics:                   arithmetic mean
Data level:                   2
Period code:                  52w
Resolution code:              3d
Sample duration:              1d
Orig. time res.:              3d
Station code:                 US9018U
Platform code:                US9018S
Station name:                 New York City
Station latitude:             40.8161
Station longitude:            -73.9019
Station altitude:             45.0 m
Regime:                       IMG
Component:                    
Unit:                         ug/m3
Matrix:                       
Laboratory code:              US03L
Instrument type:              filterpack
Instrument name:              filterpack_US9018
Method ref:                   US03L_IMPROVE_Davis
Blank correction:             Blank corrected
Volume std. temperature:      ambient
Volume std. pressure:         ambient
starttime endtime PM10 flag_PM10 PM2.5 flag_PM2.5
  0.208333   1.208333 999.999 0.999 999.999 0.999
  3.208333   4.208333 999.999 0.999 999.999 0.999
  6.208333   7.208333  12.362 0.000   8.207 0.000
  9.208333  10.208333  14.500 0.000  10.824 0.000
 12.208333  13.208333  29.232 0.000  18.845 0.000
 15.208333  16.208333  24.676 0.000  11.405 0.000
 18.208333  19.208333  35.745 0.659  30.660 0.659
 21.208333  22.208333  36.411 0.659  24.189 0.000
 24.208333  25.208333  12.863 0.000   8.072 0.000
 27.208333  28.208333  15.549 0.000  11.673 0.000
 30.208333  31.208333  18.383 0.000  11.212 0.000
 33.208333  34.208333  13.884 0.000  11.322 0.000
 36.208333  37.208333  39.359 0.000  20.509 0.000
 39.208333  40.208333  15.944 0.000   7.882 0.000
 42.208333  43.208333 999.999 0.999 999.999 0.999
 45.208333  46.208333 999.999 0.999 999.999 0.999
 48.208333  49.208333  24.784 0.000  14.334 0.000
 51.208333  52.208333  13.710 0.000   9.491 0.000
 54.208333  55.208333   9.252 0.000   4.607 0.000
 57.208333  58.208333  27.318 0.000  13.861 0.000
 60.208333  61.208333  12.458 0.000   8.629 0.000
 63.208333  64.208333 999.999 0.999 999.999 0.999
 66.208333  67.208333 999.999 0.999 999.999 0.999
 69.208333  70.208333  24.735 0.000  14.929 0.000
 72.208333  73.208333  37.753 0.000  26.117 0.000
 75.208333  76.208333  24.207 0.000  10.924 0.000
 78.208333  79.208333  12.130 0.000   7.938 0.000
 81.208333  82.208333  10.032 0.000   4.280 0.000
 84.208333  85.208333  21.439 0.000  10.226 0.000
 87.208333  88.208333   9.113 0.000   7.390 0.000
 90.208333  91.208333  20.157 0.000   8.795 0.000
 93.208333  94.208333   7.546 0.000   4.721 0.000
 96.208333  97.208333   5.983 0.000   4.018 0.000
 99.208333 100.208333  38.749 0.000  25.514 0.000
102.208333 103.208333   9.001 0.000   5.853 0.000
105.208333 106.208333  16.638 0.000   7.499 0.000
108.208333 109.208333  12.447 0.000   6.570 0.000
111.208333 112.208333  16.653 0.000  11.010 0.000
114.208333 115.208333  30.828 0.000  15.857 0.000
117.208333 118.208333  33.823 0.000  11.719 0.000
120.208333 121.208333  35.360 0.000  21.924 0.000
123.208333 124.208333  15.731 0.000  12.783 0.000
126.208333 127.208333  17.379 0.000   9.112 0.000
129.208333 130.208333   8.981 0.000   3.807 0.000
132.208333 133.208333  25.716 0.000  12.183 0.000
135.208333 136.208333  13.063 0.000   8.465 0.000
138.208333 139.208333  15.995 0.000   6.062 0.000
141.208333 142.208333  30.981 0.000  14.021 0.000
144.208333 145.208333  20.699 0.000  12.361 0.000
147.208333 148.208333  17.009 0.000   6.841 0.000
150.208333 151.208333  20.166 0.000   8.492 0.000
153.208333 154.208333  23.657 0.000   9.514 0.000
156.208333 157.208333  14.318 0.000   7.832 0.000
159.208333 160.208333  17.293 0.000   9.105 0.000
162.208333 163.208333  20.350 0.000  13.359 0.000
165.208333 166.208333  12.788 0.000   6.321 0.000
168.208333 169.208333  15.755 0.000   6.808 0.000
171.208333 172.208333   7.259 0.000   4.920 0.000
174.208333 175.208333  26.471 0.000   8.691 0.000
177.208333 178.208333  14.324 0.000   7.203 0.000
180.208333 181.208333  34.375 0.000  18.272 0.000
183.208333 184.208333  21.808 0.000   8.115 0.000
186.208333 187.208333  18.183 0.000  11.085 0.000
189.208333 190.208333  35.752 0.000   5.315 0.000
192.208333 193.208333  11.862 0.000   5.483 0.000
195.208333 196.208333  19.381 0.000   7.652 0.000
198.208333 199.208333  14.612 0.000  10.962 0.000
201.208333 202.208333  10.816 0.000   7.819 0.000
204.208333 205.208333  12.320 0.000   7.492 0.000
207.208333 208.208333  21.526 0.000  14.739 0.000
210.208333 211.208333  26.260 0.000  11.682 0.000
213.208333 214.208333  11.413 0.000   6.794 0.000
216.208333 217.208333  27.026 0.000  19.545 0.000
219.208333 220.208333   8.431 0.000   4.125 0.000
222.208333 223.208333  13.862 0.000   8.622 0.000
225.208333 226.208333  19.496 0.000  10.318 0.000
228.208333 229.208333  35.009 0.000  25.566 0.000
231.208333 232.208333 999.999 0.456  19.140 0.000
234.208333 235.208333  30.193 0.000   9.472 0.000
237.208333 238.208333  27.392 0.000 999.999 0.999
240.208333 241.208333  10.346 0.000 999.999 0.999
243.208333 244.208333   9.726 0.000 999.999 0.999
246.208333 247.208333  20.259 0.000  10.514 0.000
249.208333 250.208333  13.199 0.000   5.168 0.000
252.208333 253.208333 999.999 0.999 999.999 0.999
255.208333 256.208333 999.999 0.999 999.999 0.999
258.208333 259.208333  12.770 0.000   5.260 0.000
261.208333 262.208333   7.462 0.000   3.122 0.000
264.208333 265.208333  17.241 0.000   5.071 0.000
267.208333 268.208333  12.014 0.000   3.550 0.000
270.208333 271.208333  18.075 0.000   9.643 0.000
273.208333 274.208333   8.766 0.000   3.873 0.000
276.208333 277.208333  18.861 0.000  11.552 0.000
279.208333 280.208333  14.765 0.000   5.160 0.000
282.208333 283.208333  10.885 0.000   7.114 0.000
285.208333 286.208333  17.176 0.000   9.158 0.000
288.208333 289.208333   8.008 0.000   4.868 0.000
291.208333 292.208333  13.417 0.000   8.593 0.000
294.208333 295.208333  37.228 0.000  19.768 0.000
297.208333 298.208333   6.677 0.000   4.173 0.000
300.208333 301.208333   5.354 0.000   3.196 0.000
303.208333 304.208333  15.938 0.000   5.495 0.000
306.208333 307.208333  16.478 0.000   8.262 0.000
309.208333 310.208333   7.012 0.000   4.027 0.000
312.208333 313.208333  59.924 0.659 999.999 0.699
315.208333 316.208333  10.011 0.000   3.527 0.000
318.208333 319.208333  10.484 0.000   7.140 0.000
321.208333 322.208333  15.470 0.000   7.100 0.000
324.208333 325.208333  11.725 0.000   8.281 0.000
327.208333 328.208333   9.353 0.000   5.907 0.000
330.208333 331.208333  10.569 0.000   6.965 0.000
333.208333 334.208333  13.230 0.000   8.664 0.000
336.208333 337.208333 999.999 0.999 999.999 0.999
339.208333 340.208333 999.999 0.999 999.999 0.999
342.208333 343.208333  14.873 0.000  10.202 0.000
345.208333 346.208333  15.771 0.000  10.203 0.000
348.208333 349.208333  16.986 0.000  12.867 0.000
351.208333 352.208333  15.471 0.000   8.610 0.000
354.208333 355.208333 999.999 0.999 999.999 0.999
357.208333 358.208333  14.574 0.000   9.673 0.000
360.208333 361.208333   9.563 0.000   5.033 0.000
363.208333 364.208333  15.146 0.000   8.777 0.000
