scripts/IMPROVE-2019_partial/data/US9061R.19920101060000.20191216000000.filterpack...1y.3d.US03L_filterpack_US9061.US03L_IMPROVE_Davis.lev2.nas
52 1001
MISSING INFORMATION
US03L, IMPROVE, , , , , , , 
MISSING INFORMATION
IMPROVE sel_HTAP
1 1
1992 01 01 2019 12 16
0
days from file reference point
5
1 1 1 1 1
999.99 999.999 9.999 999.999 9.999
end_time of measurement, days from the file reference point
pm10_mass, ug/m3, Matrix=pm10
numflag pm10_mass, no unit, Matrix=pm10
pm25_mass, ug/m3, Matrix=pm25
numflag pm25_mass, no unit, Matrix=pm25
0
33
Data definition:              EBAS_1.1
Set type code:                TI
Timezone:                     UTC
File name:                    US9061R.19920101060000.20191216000000.filterpack...1y.3d.US03L_filterpack_US9061.US03L_IMPROVE_Davis.lev2.nas
File creation:                20191218120934
Startdate:                    19920101060000
Revision date:                20191216000000
Version:                      2
Version description:          "Data extracted from http://views.cira.colostate.edu/fed/DataWizard 2019-12-16"
Statistics:                   arithmetic mean
Data level:                   2
Period code:                  1y
Resolution code:              3d
Sample duration:              1d
Orig. time res.:              3d
Station code:                 US9061R
Platform code:                US9061S
Station name:                 Voyageurs NP #1
Station latitude:             48.4132
Station longitude:            -92.8303
Station altitude:             425.0 m
Regime:                       IMG
Component:                    
Unit:                         ug/m3
Matrix:                       
Laboratory code:              US03L
Instrument type:              filterpack
Instrument name:              filterpack_US9061
Method ref:                   US03L_IMPROVE_Davis
Blank correction:             Blank corrected
Volume std. temperature:      ambient
Volume std. pressure:         ambient
starttime endtime PM10 flag_PM10 PM2.5 flag_PM2.5
  0.25   1.25  13.158 0.000  10.681 0.559
  3.25   4.25   6.345 0.000   4.396 0.559
  7.25   8.25   4.534 0.000   3.596 0.559
 10.25  11.25   9.912 0.000   6.952 0.559
 14.25  15.25   4.786 0.000   3.648 0.559
 17.25  18.25   4.177 0.000   2.943 0.559
 21.25  22.25  22.851 0.000  19.720 0.559
 24.25  25.25   4.351 0.000   3.467 0.559
 28.25  29.25 999.999 0.999  14.237 0.559
 31.25  32.25   8.672 0.000   6.625 0.559
 35.25  36.25  15.583 0.000  10.635 0.559
 38.25  39.25  15.776 0.000   3.810 0.559
 42.25  43.25 999.999 0.999   6.109 0.559
 45.25  46.25  20.492 0.000  11.564 0.559
 49.25  50.25   5.304 0.000   3.789 0.559
 52.25  53.25   7.368 0.000   4.688 0.559
 56.25  57.25   6.235 0.000   4.116 0.559
 59.25  60.25   6.780 0.000   3.009 0.000
 63.25  64.25  14.025 0.000  11.348 0.000
 66.25  67.25   4.978 0.000   4.922 0.000
 70.25  71.25   5.214 0.000   3.656 0.000
 73.25  74.25   8.448 0.000   4.830 0.000
 77.25  78.25   8.821 0.000   4.428 0.000
 80.25  81.25  11.860 0.000   6.928 0.000
 84.25  85.25   6.353 0.000   4.043 0.000
 87.25  88.25  19.320 0.000   6.018 0.000
 91.25  92.25   4.406 0.000   1.970 0.000
 94.25  95.25   6.447 0.000   3.049 0.000
 98.25  99.25   8.307 0.000   5.805 0.000
101.25 102.25  13.347 0.000   3.686 0.000
105.25 106.25  17.284 0.000  10.741 0.000
108.25 109.25  15.232 0.000  11.957 0.000
112.25 113.25   2.767 0.000   1.587 0.000
115.25 116.25   3.720 0.000   2.036 0.000
119.25 120.25  10.588 0.000   6.336 0.000
122.25 123.25   6.720 0.000   2.432 0.000
126.25 127.25  14.885 0.000   4.718 0.000
129.25 130.25  24.048 0.000   9.611 0.000
133.25 134.25   6.324 0.000   2.529 0.000
136.25 137.25  12.218 0.000   8.550 0.000
140.25 141.25  21.808 0.000  12.006 0.000
143.25 144.25   3.462 0.000   0.968 0.000
147.25 148.25   4.656 0.000   2.954 0.000
150.25 151.25  13.926 0.000   7.419 0.000
154.25 155.25  25.375 0.000  17.918 0.000
157.25 158.25   5.410 0.000   2.485 0.000
161.25 162.25  14.338 0.000   8.964 0.000
164.25 165.25  23.194 0.000   8.952 0.000
168.25 169.25  23.629 0.000  14.350 0.000
171.25 172.25   4.303 0.000   1.571 0.000
175.25 176.25   6.617 0.000   4.149 0.000
178.25 179.25  10.349 0.000   4.955 0.000
182.25 183.25   5.114 0.000   2.793 0.000
185.25 186.25   8.327 0.000   1.652 0.000
189.25 190.25  10.781 0.000   4.260 0.000
192.25 193.25   9.416 0.000   3.698 0.000
196.25 197.25   9.675 0.000   5.341 0.000
199.25 200.25  11.606 0.000   2.285 0.000
203.25 204.25   8.918 0.000   3.761 0.000
206.25 207.25  11.751 0.000   7.508 0.000
210.25 211.25   8.664 0.000   6.283 0.000
213.25 214.25   8.435 0.000   3.798 0.000
217.25 218.25   7.519 0.000   3.776 0.000
220.25 221.25  10.225 0.000   5.359 0.000
224.25 225.25   4.579 0.000   1.686 0.000
227.25 228.25  10.795 0.000   4.704 0.000
231.25 232.25  11.842 0.000   7.801 0.000
234.25 235.25  23.384 0.000  13.636 0.000
238.25 239.25   9.213 0.000   2.866 0.000
241.25 242.25  12.886 0.000   5.767 0.000
245.25 246.25  10.120 0.000   4.434 0.000
248.25 249.25  14.561 0.000   8.593 0.000
252.25 253.25   7.610 0.000   4.471 0.000
255.25 256.25  19.637 0.000   6.717 0.000
259.25 260.25   9.921 0.000   5.257 0.000
262.25 263.25  12.265 0.000   3.526 0.000
266.25 267.25 999.999 0.999 999.999 0.999
269.25 270.25 999.999 0.999 999.999 0.999
273.25 274.25  17.538 0.000   5.767 0.000
276.25 277.25   5.078 0.000   3.121 0.000
280.25 281.25   6.126 0.000   0.769 0.000
283.25 284.25   5.917 0.000   3.200 0.000
287.25 288.25   2.548 0.000 999.999 0.999
290.25 291.25   6.759 0.000   4.922 0.000
294.25 295.25  11.080 0.000   8.050 0.000
297.25 298.25  15.755 0.000  13.240 0.000
301.25 302.25   9.745 0.000   6.938 0.000
304.25 305.25  14.538 0.000   4.000 0.000
308.25 309.25   3.222 0.000   0.748 0.000
311.25 312.25   6.446 0.000   4.357 0.000
315.25 316.25   6.215 0.000   3.665 0.000
318.25 319.25   3.625 0.000   2.391 0.000
322.25 323.25  11.429 0.000  10.031 0.000
325.25 326.25   4.718 0.000   3.820 0.000
329.25 330.25   3.943 0.000   2.750 0.000
332.25 333.25   9.431 0.000   7.704 0.000
336.25 337.25   3.911 0.000   2.461 0.000
339.25 340.25  10.444 0.000   2.555 0.000
343.25 344.25  23.843 0.000  18.734 0.000
346.25 347.25  11.093 0.000   8.621 0.000
350.25 351.25   7.759 0.000   3.866 0.000
353.25 354.25   9.430 0.000   7.170 0.000
357.25 358.25   5.000 0.000   4.502 0.000
360.25 361.25   5.695 0.000   3.042 0.000
364.25 365.25   3.249 0.000   1.778 0.000
