scripts/IMPROVE-2019_partial/data/US9045R.19980103080000.20191216000000.filterpack...1y.3d.US03L_filterpack_US9045.US03L_IMPROVE_Davis.lev2.nas
52 1001
MISSING INFORMATION
US03L, IMPROVE, , , , , , , 
MISSING INFORMATION
IMPROVE sel_HTAP
1 1
1998 01 01 2019 12 16
0
days from file reference point
5
1 1 1 1 1
999.999999 999.999 9.999 999.999 9.999
end_time of measurement, days from the file reference point
pm10_mass, ug/m3, Matrix=pm10
numflag pm10_mass, no unit, Matrix=pm10
pm25_mass, ug/m3, Matrix=pm25
numflag pm25_mass, no unit, Matrix=pm25
0
33
Data definition:              EBAS_1.1
Set type code:                TI
Timezone:                     UTC
File name:                    US9045R.19980103080000.20191216000000.filterpack...1y.3d.US03L_filterpack_US9045.US03L_IMPROVE_Davis.lev2.nas
File creation:                20191218120828
Startdate:                    19980103080000
Revision date:                20191216000000
Version:                      2
Version description:          "Data extracted from http://views.cira.colostate.edu/fed/DataWizard 2019-12-16"
Statistics:                   arithmetic mean
Data level:                   2
Period code:                  1y
Resolution code:              3d
Sample duration:              1d
Orig. time res.:              3d
Station code:                 US9045R
Platform code:                US9045S
Station name:                 Sequoia NP
Station latitude:             36.4894
Station longitude:            -118.8291
Station altitude:             519.0 m
Regime:                       IMG
Component:                    
Unit:                         ug/m3
Matrix:                       
Laboratory code:              US03L
Instrument type:              filterpack
Instrument name:              filterpack_US9045
Method ref:                   US03L_IMPROVE_Davis
Blank correction:             Blank corrected
Volume std. temperature:      ambient
Volume std. pressure:         ambient
starttime endtime PM10 flag_PM10 PM2.5 flag_PM2.5
  2.333333   3.333333   3.328 0.000   1.429 0.000
  6.333333   7.333333 999.999 0.999 999.999 0.999
  9.333333  10.333333   8.834 0.000   1.554 0.000
 13.333333  14.333333   5.747 0.000   1.554 0.000
 16.333333  17.333333   9.962 0.000   1.802 0.000
 20.333333  21.333333  10.300 0.000   7.738 0.000
 23.333333  24.333333  14.821 0.000   7.738 0.000
 27.333333  28.333333   3.161 0.000   1.965 0.000
 30.333333  31.333333  10.057 0.000   3.187 0.000
 34.333333  35.333333   2.969 0.000   1.212 0.000
 37.333333  38.333333  10.780 0.000   2.950 0.000
 41.333333  42.333333   8.860 0.000   3.127 0.000
 44.333333  45.333333   8.220 0.000   1.218 0.000
 48.333333  49.333333   5.439 0.000   3.288 0.000
 51.333333  52.333333   3.065 0.000   1.229 0.000
 55.333333  56.333333   2.688 0.000   1.998 0.000
 58.333333  59.333333   9.229 0.000   5.798 0.000
 62.333333  63.333333  17.383 0.000   6.151 0.000
 65.333333  66.333333  11.058 0.000   3.208 0.000
 69.333333  70.333333   9.425 0.000   5.200 0.000
 72.333333  73.333333  11.677 0.000   2.552 0.000
 76.333333  77.333333  10.654 0.000   7.550 0.000
 79.333333  80.333333  20.279 0.000  12.296 0.000
 83.333333  84.333333   1.371 0.000 999.999 0.999
 86.333333  87.333333   2.147 0.000   0.524 0.000
 90.333333  91.333333   5.246 0.000 999.999 0.259
 93.333333  94.333333   8.110 0.000   2.037 0.000
 97.333333  98.333333   6.992 0.000   3.587 0.000
100.333333 101.333333  12.387 0.000   7.274 0.000
104.333333 105.333333   5.609 0.000   4.281 0.000
107.333333 108.333333   9.230 0.000   6.849 0.000
111.333333 112.333333  16.667 0.000  10.274 0.000
114.333333 115.333333   8.586 0.000   5.492 0.000
118.333333 119.333333  35.989 0.000  18.149 0.000
121.333333 122.333333   8.102 0.000   4.542 0.000
125.333333 126.333333   4.974 0.000   1.565 0.000
128.333333 129.333333  13.472 0.000   7.303 0.000
132.333333 133.333333   2.751 0.000   1.575 0.000
135.333333 136.333333  12.954 0.000   8.865 0.000
139.333333 140.333333  18.714 0.000  11.203 0.000
142.333333 143.333333  14.385 0.000   9.722 0.000
146.333333 147.333333  14.106 0.000   5.619 0.000
149.333333 150.333333  13.629 0.000   5.524 0.000
153.333333 154.333333  12.753 0.000   5.177 0.000
156.333333 157.333333  23.017 0.000  11.563 0.000
160.333333 161.333333 999.999 0.999 999.999 0.999
163.333333 164.333333   8.514 0.000   5.568 0.000
167.333333 168.333333  17.568 0.000  10.495 0.000
170.333333 171.333333  20.629 0.000  13.422 0.000
174.333333 175.333333 999.999 0.999 999.999 0.999
177.333333 178.333333  17.466 0.000  10.761 0.000
181.333333 182.333333  21.560 0.000  13.213 0.000
184.333333 185.333333  24.588 0.000  17.607 0.000
188.333333 189.333333  24.085 0.000  22.339 0.000
191.333333 192.333333  23.571 0.000  14.568 0.000
195.333333 196.333333  24.345 0.000  15.877 0.000
198.333333 199.333333  26.139 0.000  18.723 0.000
202.333333 203.333333 999.999 0.999 999.999 0.999
205.333333 206.333333  25.450 0.000  15.016 0.000
209.333333 210.333333  26.646 0.000  14.637 0.000
212.333333 213.333333  27.276 0.000  17.481 0.000
216.333333 217.333333 999.999 0.999 999.999 0.999
219.333333 220.333333  21.405 0.000  12.346 0.000
223.333333 224.333333  17.821 0.000   9.710 0.000
226.333333 227.333333  16.906 0.000   9.464 0.000
230.333333 231.333333 999.999 0.999 999.999 0.999
233.333333 234.333333  26.093 0.000  14.072 0.000
237.333333 238.333333  23.938 0.000  12.440 0.000
240.333333 241.333333  31.090 0.000  14.803 0.000
244.333333 245.333333  19.190 0.000  11.953 0.000
247.333333 248.333333  14.620 0.000   6.822 0.000
251.333333 252.333333  16.772 0.000   9.363 0.000
254.333333 255.333333  16.610 0.000   9.394 0.000
258.333333 259.333333  23.210 0.000  14.011 0.000
261.333333 262.333333  21.418 0.000  11.013 0.000
265.333333 266.333333  24.268 0.000  10.250 0.000
268.333333 269.333333  22.140 0.000  10.735 0.000
272.333333 273.333333 999.999 0.999 999.999 0.999
275.333333 276.333333 999.999 0.999 999.999 0.999
279.333333 280.333333  11.036 0.000   5.838 0.000
282.333333 283.333333  19.670 0.000  10.538 0.000
286.333333 287.333333 999.999 0.999 999.999 0.999
289.333333 290.333333 999.999 0.999 999.999 0.999
293.333333 294.333333  14.468 0.000   8.641 0.000
296.333333 297.333333  12.268 0.000   5.161 0.000
300.333333 301.333333  27.216 0.000  19.508 0.000
303.333333 304.333333  11.962 0.000   6.662 0.000
307.333333 308.333333  27.694 0.000  19.018 0.000
310.333333 311.333333   8.887 0.000   7.008 0.000
314.333333 315.333333   8.880 0.000   5.632 0.000
317.333333 318.333333   7.771 0.000   2.632 0.000
321.333333 322.333333  10.026 0.000   7.789 0.000
324.333333 325.333333  22.190 0.000  17.157 0.000
328.333333 329.333333  10.580 0.000   2.476 0.000
331.333333 332.333333   9.110 0.000   5.459 0.000
335.333333 336.333333  17.488 0.000   9.800 0.000
338.333333 339.333333  21.765 0.000  17.904 0.000
342.333333 343.333333  29.107 0.000  23.202 0.000
345.333333 346.333333   6.267 0.000   3.136 0.000
349.333333 350.333333   5.859 0.000   2.837 0.000
352.333333 353.333333  17.101 0.000  11.289 0.000
356.333333 357.333333   8.573 0.000   7.529 0.000
359.333333 360.333333  27.349 0.000  25.020 0.000
363.333333 364.333333  38.562 0.000  28.962 0.000
