scripts/IMPROVE-2019_partial/data/US9053R.20110103060000.20191216000000.filterpack...1y.3d.US03L_filterpack_US9053.US03L_IMPROVE_Davis.lev2.nas
51 1001
MISSING INFORMATION
US03L, IMPROVE, , , , , , , 
MISSING INFORMATION
IMPROVE sel_HTAP
1 1
2011 01 01 2019 12 16
3.00
days from file reference point
4
1 1 1 1
999.99 999.999 999.999 9.999
end_time of measurement, days from the file reference point
pm10_mass, ug/m3, Matrix=pm10
pm25_mass, ug/m3, Matrix=pm25
numflag, no unit
0
33
Data definition:              EBAS_1.1
Set type code:                TU
Timezone:                     UTC
File name:                    US9053R.20110103060000.20191216000000.filterpack...1y.3d.US03L_filterpack_US9053.US03L_IMPROVE_Davis.lev2.nas
File creation:                20191218120908
Startdate:                    20110103060000
Revision date:                20191216000000
Version:                      2
Version description:          "Data extracted from http://views.cira.colostate.edu/fed/DataWizard 2019-12-16"
Statistics:                   arithmetic mean
Data level:                   2
Period code:                  1y
Resolution code:              3d
Sample duration:              1d
Orig. time res.:              3d
Station code:                 US9053R
Platform code:                US9053S
Station name:                 Viking Lake
Station latitude:             40.969
Station longitude:            -95.045
Station altitude:             371.0 m
Regime:                       IMG
Component:                    
Unit:                         ug/m3
Matrix:                       
Laboratory code:              US03L
Instrument type:              filterpack
Instrument name:              filterpack_US9053
Method ref:                   US03L_IMPROVE_Davis
Blank correction:             Blank corrected
Volume std. temperature:      ambient
Volume std. pressure:         ambient
starttime endtime PM10 PM2.5 flag
  2.25   3.25  14.219   5.982 0.000
  5.25   6.25  11.173   8.468 0.000
  8.25   9.25   7.596   3.783 0.000
 11.25  12.25  10.160   7.958 0.000
 14.25  15.25  13.429  11.157 0.000
 17.25  18.25  12.002   8.925 0.000
 20.25  21.25  10.105   8.138 0.000
 23.25  24.25  15.451  12.597 0.000
 26.25  27.25  15.587  12.931 0.000
 29.25  30.25  11.220   8.352 0.000
 32.25  33.25   5.560   3.474 0.000
 35.25  36.25  18.010  12.398 0.000
 38.25  39.25   6.630   4.963 0.000
 41.25  42.25  11.149   7.560 0.000
 44.25  45.25   5.381   3.676 0.000
 47.25  48.25  11.111   6.692 0.000
 50.25  51.25  12.363   9.655 0.000
 53.25  54.25  16.439  11.263 0.000
 56.25  57.25  14.925  12.191 0.000
 59.25  60.25  13.978   9.213 0.000
 62.25  63.25  31.005  26.086 0.000
 65.25  66.25  16.206  13.635 0.000
 68.25  69.25  15.451  11.255 0.000
 71.25  72.25  12.651   9.475 0.000
 74.25  75.25  19.550   9.400 0.000
 77.25  78.25  12.058   6.661 0.000
 80.25  81.25  19.714   9.531 0.000
 83.25  84.25   8.579   7.680 0.000
 86.25  87.25  10.327   7.656 0.000
 89.25  90.25  24.126  19.964 0.000
 92.25  93.25  22.533  12.053 0.000
 95.25  96.25  23.723   5.543 0.000
 98.25  99.25  21.384  13.473 0.000
101.25 102.25  19.543   6.696 0.000
104.25 105.25  10.119   7.540 0.000
107.25 108.25   7.184   5.758 0.000
110.25 111.25   5.667   3.813 0.000
113.25 114.25   4.907   3.658 0.000
116.25 117.25   5.579   2.982 0.000
119.25 120.25  10.553   2.969 0.000
122.25 123.25  14.971   3.878 0.000
125.25 126.25  16.580   3.952 0.000
128.25 129.25  30.667  14.228 0.000
131.25 132.25  16.323   6.795 0.000
134.25 135.25   3.752   2.060 0.000
137.25 138.25  13.442   4.525 0.000
140.25 141.25  12.303   6.198 0.000
143.25 144.25  13.714   4.509 0.000
146.25 147.25  17.201   7.639 0.000
149.25 150.25  24.147  11.468 0.000
152.25 153.25  19.516   9.309 0.000
155.25 156.25  26.430  10.325 0.000
158.25 159.25  39.148  17.716 0.000
161.25 162.25   7.826   3.316 0.000
164.25 165.25  21.996  12.284 0.000
167.25 168.25 999.999 999.999 0.999
170.25 171.25 999.999 999.999 0.999
173.25 174.25   8.463   3.531 0.000
176.25 177.25  12.600   7.576 0.000
179.25 180.25  18.034   9.637 0.000
182.25 183.25  15.358   4.242 0.000
185.25 186.25  17.300   9.861 0.000
188.25 189.25  18.372   9.905 0.000
191.25 192.25  18.926   7.338 0.000
194.25 195.25  17.764  10.950 0.000
197.25 198.25  24.079  15.444 0.000
200.25 201.25  27.422  10.767 0.000
203.25 204.25  22.717  10.052 0.000
206.25 207.25  21.558  10.931 0.000
209.25 210.25  17.018   8.429 0.000
212.25 213.25  21.861  11.704 0.000
215.25 216.25  19.265   7.586 0.000
218.25 219.25  11.215   4.673 0.000
221.25 222.25  13.592   3.682 0.000
224.25 225.25   9.573   4.487 0.000
227.25 228.25  10.437   6.260 0.000
230.25 231.25   7.548   2.938 0.000
233.25 234.25   9.428   4.450 0.000
236.25 237.25  23.365   4.722 0.000
239.25 240.25  14.316   4.016 0.000
242.25 243.25  27.622  16.091 0.000
245.25 246.25  18.114  10.911 0.000
248.25 249.25  10.296   2.803 0.000
251.25 252.25  26.853   7.505 0.000
254.25 255.25  28.290   7.717 0.000
257.25 258.25  14.932   2.487 0.000
260.25 261.25   9.142   6.362 0.000
263.25 264.25  14.918   3.655 0.000
266.25 267.25  17.797   5.290 0.000
269.25 270.25  23.433   7.079 0.000
272.25 273.25  24.703   4.994 0.000
275.25 276.25  29.707   7.075 0.000
278.25 279.25  38.510  12.574 0.000
281.25 282.25  28.409   9.341 0.000
284.25 285.25  14.157   6.300 0.000
287.25 288.25  20.640   4.320 0.000
290.25 291.25  14.515   3.367 0.000
293.25 294.25  39.141   6.869 0.000
296.25 297.25  19.625   4.085 0.000
299.25 300.25  31.545   5.960 0.000
302.25 303.25  27.696   4.537 0.000
305.25 306.25  14.513   4.615 0.000
308.25 309.25  15.112  11.551 0.000
311.25 312.25   4.375   3.241 0.000
314.25 315.25  11.652   4.035 0.000
317.25 318.25  16.885   3.513 0.000
320.25 321.25  17.675   3.140 0.000
323.25 324.25  12.925   4.266 0.000
326.25 327.25  25.954  20.948 0.000
329.25 330.25  15.463   7.858 0.000
332.25 333.25  16.665   4.220 0.000
335.25 336.25  19.746   9.995 0.000
338.25 339.25  12.327   9.109 0.000
341.25 342.25  20.196  13.826 0.000
344.25 345.25  21.821  17.953 0.000
347.25 348.25   4.798   4.054 0.000
350.25 351.25   9.985   7.187 0.000
353.25 354.25   9.876   7.153 0.000
356.25 357.25   9.509   4.182 0.000
359.25 360.25   7.778   4.052 0.000
362.25 363.25 999.999 999.999 0.999
