scripts/IMPROVE-2019_partial/data/US9068R.20050101070000.20191216000000.filterpack..pm25.52w.1w.US03L_filterpack_US9068.US03L_IMPROVE_Davis.lev2.nas
64 1001
MISSING INFORMATION
US03L, IMPROVE, , , , , , , 
MISSING INFORMATION
IMPROVE sel_HTAP
1 1
2005 01 01 2019 12 16
3.000000
days from file reference point
25
1 1 1 1 1 1 1 1 1 1 1 1 1 1 1 1 1 1 1 1 1 1 1 1 1
999.999999 9999.99 9.999 999.99 9.999 9.999 9.999 9.99 9.999 99.999 9.999 99.999 9.999 99.999 9.999 999.999 9.999 999.999 9.999 999.999 9.999 99.999 9.999 99.999 9.999
end_time of measurement, days from the file reference point
iron, ng/m3, Revision date=20181210133000
numflag iron, no unit, Revision date=20181210133000
lead, ng/m3, Revision date=20181210133000
numflag lead, no unit, Revision date=20181210133000
magnesium, ug/m3, Revision date=20181210133000
numflag magnesium, no unit, Revision date=20181210133000
nickel, ng/m3, Revision date=20181210133000
numflag nickel, no unit, Revision date=20181210133000
nitrate, ug N/m3, Revision date=20181210133000
numflag nitrate, no unit, Revision date=20181210133000
organic_carbon, ug C/m3, Revision date=20181210133000
numflag organic_carbon, no unit, Revision date=20181210133000
organic_mass, ug/m3, Revision date=20181210133000
numflag organic_mass, no unit, Revision date=20181210133000
pm10_mass, ug/m3, Version=2, Version description=Data extracted from http://views.cira.colostate.edu/fed/DataWizard 2019-12-16, Sample duration=1d, Orig. time res.=3d, Matrix=pm10, Blank correction=Blank corrected, Volume std. temperature=ambient, Volume std. pressure=ambient
numflag pm10_mass, no unit, Version=2, Version description=Data extracted from http://views.cira.colostate.edu/fed/DataWizard 2019-12-16, Sample duration=1d, Orig. time res.=3d, Matrix=pm10, Blank correction=Blank corrected, Volume std. temperature=ambient, Volume std. pressure=ambient
pm10_pm25_mass, ug/m3, Revision date=20181210133000, Matrix=pm10_pm25
numflag pm10_pm25_mass, no unit, Revision date=20181210133000, Matrix=pm10_pm25
pm25_mass, ug/m3, Version=2, Version description=Data extracted from http://views.cira.colostate.edu/fed/DataWizard 2019-12-16, Sample duration=1d, Orig. time res.=3d, Blank correction=Blank corrected, Volume std. temperature=ambient, Volume std. pressure=ambient
numflag pm25_mass, no unit, Version=2, Version description=Data extracted from http://views.cira.colostate.edu/fed/DataWizard 2019-12-16, Sample duration=1d, Orig. time res.=3d, Blank correction=Blank corrected, Volume std. temperature=ambient, Volume std. pressure=ambient
potassium, ug/m3, Revision date=20181210133000
numflag potassium, no unit, Revision date=20181210133000
sulphate_total, ug S/m3, Revision date=20181210133000
numflag sulphate_total, no unit, Revision date=20181210133000
0
25
Data definition:              EBAS_1.1
Set type code:                TU
Timezone:                     UTC
File name:                    US9068R.20050101070000.20191216000000.filterpack..pm25.52w.1w.US03L_filterpack_US9068.US03L_IMPROVE_Davis.lev2.nas
File creation:                20191218121012
Startdate:                    20050101070000
Revision date:                20191216000000
Statistics:                   arithmetic mean
Data level:                   2
Period code:                  52w
Resolution code:              1w
Station code:                 US9068R
Platform code:                US9068S
Station name:                 Salt Creek
Station latitude:             33.4598
Station longitude:            -104.4042
Station altitude:             1072.0 m
Regime:                       IMG
Component:                    
Matrix:                       pm25
Laboratory code:              US03L
Instrument type:              filterpack
Instrument name:              filterpack_US9068
Method ref:                   US03L_IMPROVE_Davis
starttime endtime Fe flag_Fe Pb flag_Pb Mg++ flag_Mg++ Ni flag_Ni NO3- flag_NO3- OC flag_OC OM flag_OM PM10 flag_PM10 PM10-PM2.5 flag_PM10-PM2.5 PM2.5 flag_PM2.5 K+ flag_K+ SO4-- flag_SO4--
  0.291667   1.291667   17.41 0.000   1.57 0.000 9.999 0.259 0.42 0.000  0.353 0.000  0.927 0.000  1.669 0.000  10.616 0.000   1.169 0.000   9.446 0.000  0.090 0.000  1.150 0.000
  3.291667   4.291667   18.37 0.000   0.71 0.000 9.999 0.259 0.33 0.000  0.257 0.000  0.576 0.000  1.036 0.000   4.617 0.000   0.553 0.000   4.070 0.000  0.027 0.000  0.402 0.000
  6.291667   7.291667   11.35 0.000   0.88 0.000 9.999 0.259 9.99 0.259  0.147 0.000  0.404 0.000  0.727 0.000   3.224 0.000   1.516 0.000   1.708 0.000  0.013 0.000  0.133 0.000
  9.291667  10.291667   27.47 0.000   1.06 0.000 9.999 0.259 0.20 0.000  0.125 0.000  0.612 0.000  1.101 0.000   5.714 0.000   3.112 0.000   2.601 0.000  0.037 0.000  0.189 0.000
 12.291667  13.291667   13.18 0.000   0.69 0.000 9.999 0.259 9.99 0.259  0.136 0.000  0.247 0.000  0.444 0.000   6.355 0.000   4.207 0.000   2.147 0.000  0.015 0.000  0.097 0.000
 15.291667  16.291667   30.84 0.000  12.74 0.000 9.999 0.259 0.20 0.000  1.458 0.000  0.980 0.000  1.763 0.000  21.456 0.000   5.588 0.000  15.864 0.000  0.072 0.000  0.701 0.000
 18.291667  19.291667   32.23 0.000   1.16 0.000 9.999 0.259 9.99 0.259  0.457 0.559  0.900 0.000  1.619 0.000  12.699 0.000   5.180 0.000   7.516 0.000  0.061 0.000  0.494 0.559
 21.291667  22.291667   13.62 0.000   0.57 0.000 9.999 0.259 0.18 0.000  0.069 0.559  0.194 0.000  0.349 0.000   6.508 0.000   4.994 0.000   1.515 0.000  0.014 0.000  0.126 0.559
 24.291667  25.291667    8.32 0.000   0.76 0.000 9.999 0.259 9.99 0.259  0.039 0.559  0.290 0.000  0.522 0.000   5.303 0.000   3.093 0.000   2.209 0.000  0.012 0.000  0.279 0.559
 27.291667  28.291667    4.38 0.000   0.88 0.000 0.011 0.000 9.99 0.259  0.066 0.559  0.254 0.000  0.458 0.000   2.465 0.000   1.173 0.000   1.292 0.000  0.004 0.000  0.146 0.559
 30.291667  31.291667    1.67 0.000   0.42 0.000 9.999 0.259 9.99 0.259  0.123 0.559  0.129 0.000  0.231 0.000   1.531 0.000   0.237 0.000   1.294 0.000  0.002 0.000  0.149 0.559
 33.291667  34.291667   15.83 0.000   0.63 0.000 9.999 0.259 0.12 0.000  0.491 0.559  0.294 0.000  0.528 0.000   5.414 0.000   0.150 0.000   5.263 0.000  0.009 0.000  0.288 0.559
 36.291667  37.291667    4.84 0.000 999.99 0.259 9.999 0.259 0.19 0.000  0.198 0.000  0.459 0.000  0.826 0.000   3.293 0.000 999.999 0.259   3.295 0.000  0.010 0.000  0.234 0.000
 39.291667  40.291667 9999.99 0.999 999.99 0.999 9.999 0.999 9.99 0.999 99.999 0.999 99.999 0.999 99.999 0.999 999.999 0.999 999.999 0.999 999.999 0.999 99.999 0.999 99.999 0.999
 42.291667  43.291667    8.62 0.000   0.69 0.000 9.999 0.259 0.26 0.000  0.527 0.000  0.637 0.000  1.147 0.000  10.366 0.000   1.437 0.000   8.925 0.000  0.039 0.000  0.986 0.000
 45.291667  46.291667   16.02 0.000   1.11 0.000 9.999 0.259 0.13 0.000  0.075 0.000  0.303 0.000  0.545 0.000   3.037 0.000   1.610 0.000   1.449 0.000  0.011 0.000  0.117 0.000
 48.291667  49.291667   18.23 0.000   1.59 0.000 9.999 0.259 0.21 0.000  0.442 0.000  0.631 0.000  1.136 0.000  10.958 0.000   3.879 0.000   7.077 0.000  0.047 0.000  0.562 0.000
 51.291667  52.291667   15.87 0.000   1.62 0.000 0.007 0.000 0.23 0.000  0.039 0.000  0.272 0.000  0.489 0.000   3.435 0.000   1.965 0.000   1.470 0.000  0.013 0.000  0.126 0.000
 54.291667  55.291667    8.86 0.000   0.33 0.000 9.999 0.259 0.23 0.000  0.488 0.000  0.193 0.000  0.347 0.000   5.244 0.000   0.695 0.000   4.548 0.000  0.009 0.000  0.290 0.000
 57.291667  58.291667    9.61 0.000   0.23 0.000 9.999 0.259 0.16 0.000  0.100 0.000  0.202 0.000  0.364 0.000   2.984 0.000   0.689 0.000   2.294 0.000  0.010 0.000  0.263 0.000
 60.291667  61.291667   27.49 0.000   0.61 0.000 9.999 0.259 9.99 0.259  0.033 0.000  0.228 0.000  0.411 0.000   4.245 0.000   2.625 0.000   1.619 0.000  0.011 0.000  0.169 0.000
 63.291667  64.291667   20.19 0.000   1.05 0.000 9.999 0.259 0.32 0.000  0.111 0.000  0.748 0.000  1.346 0.000   6.937 0.000   2.630 0.000   4.306 0.000  0.023 0.000  0.551 0.000
 66.291667  67.291667 9999.99 0.456 999.99 0.456 9.999 0.456 9.99 0.456  0.117 0.000  0.492 0.000  0.886 0.000  14.894 0.000 999.999 0.456 999.999 0.456 99.999 0.456  0.180 0.000
 69.291667  70.291667  126.30 0.000   1.27 0.000 9.999 0.259 9.99 0.259  0.068 0.000  2.134 0.000  3.840 0.000  44.049 0.000  36.362 0.000   7.688 0.000  0.148 0.000  0.182 0.000
 72.291667  73.291667   19.54 0.000   1.07 0.000 9.999 0.259 0.19 0.000  0.091 0.000  0.521 0.000  0.939 0.000   8.726 0.000   6.457 0.000   2.268 0.000  0.021 0.000  0.197 0.000
 75.291667  76.291667   38.48 0.000   1.38 0.000 9.999 0.259 9.99 0.259  0.143 0.000  0.416 0.000  0.749 0.000   5.950 0.000   3.289 0.000   2.660 0.000  0.027 0.000  0.224 0.000
 78.291667  79.291667   27.32 0.000   1.46 0.000 9.999 0.259 0.29 0.000  0.141 0.000  0.432 0.000  0.778 0.000   5.931 0.000   3.352 0.000   2.578 0.000  0.024 0.000  0.272 0.000
 81.291667  82.291667   63.19 0.000   0.97 0.000 9.999 0.259 9.99 0.259  0.087 0.000  0.462 0.000  0.831 0.000  15.065 0.000  11.852 0.000   3.212 0.000  0.062 0.000  0.176 0.000
 84.291667  85.291667    8.27 0.000   0.82 0.000 9.999 0.259 9.99 0.259  0.227 0.000  0.228 0.000  0.410 0.000   4.225 0.000   1.508 0.000   2.717 0.000  0.007 0.000  0.322 0.000
 87.291667  88.291667   48.48 0.000   1.38 0.000 0.033 0.000 0.16 0.000  0.093 0.000  0.519 0.000  0.934 0.000  13.337 0.000   8.412 0.000   5.085 0.000  1.009 0.000  0.364 0.000
 90.291667  91.291667   14.23 0.000   0.17 0.000 9.999 0.259 9.99 0.259  0.071 0.000  0.269 0.000  0.484 0.000   4.779 0.000   2.964 0.000   1.814 0.000  0.012 0.000  0.179 0.000
 93.291667  94.291667   67.63 0.000   1.37 0.000 0.027 0.000 9.99 0.259  0.071 0.000  0.642 0.000  1.156 0.000   3.013 0.000 999.999 0.259   4.118 0.000  0.077 0.000  0.265 0.000
 96.291667  97.291667   79.85 0.000   2.75 0.000 0.027 0.000 9.99 0.259  0.145 0.000  2.192 0.000  3.946 0.000  20.728 0.000  11.922 0.000   8.804 0.000  0.191 0.000  0.514 0.000
 99.291667 100.291667   47.97 0.000   1.11 0.000 0.016 0.000 9.99 0.259  0.034 0.000  0.458 0.000  0.825 0.000   9.211 0.000   6.332 0.000   2.879 0.000  0.046 0.000  0.222 0.000
102.291667 103.291667   77.50 0.000   1.09 0.000 0.027 0.000 9.99 0.259  0.042 0.000  0.764 0.000  1.376 0.000  15.581 0.000  10.816 0.000   4.764 0.000  0.062 0.000  0.363 0.000
105.291667 106.291667   54.71 0.000   1.12 0.000 9.999 0.259 0.18 0.000  0.180 0.000  1.808 0.000  3.255 0.000  20.026 0.000   6.848 0.000  13.176 0.000  0.071 0.000  1.820 0.000
108.291667 109.291667  143.69 0.000   1.81 0.000 0.038 0.000 0.23 0.000  0.103 0.000 99.999 0.456 99.999 0.456 999.999 0.456 999.999 0.999   8.235 0.000  0.114 0.000  1.002 0.000
111.291667 112.291667   72.47 0.000   0.65 0.000 9.999 0.259 9.99 0.259  0.039 0.000  1.096 0.559  1.972 0.559   5.718 0.000   1.913 0.000   3.804 0.000  0.052 0.000  0.239 0.000
114.291667 115.291667   28.03 0.000   0.53 0.000 9.999 0.259 0.12 0.000  0.101 0.000  0.442 0.559  0.795 0.559   4.473 0.000   1.441 0.000   3.032 0.000  0.024 0.000  0.313 0.000
117.291667 118.291667  115.40 0.000   1.82 0.000 0.033 0.000 0.12 0.000  0.054 0.000  0.453 0.000  0.815 0.000  17.701 0.000  13.038 0.000   4.662 0.000  0.065 0.000  0.328 0.000
120.291667 121.291667   18.76 0.000   0.50 0.000 9.999 0.259 9.99 0.259  0.131 0.000  0.691 0.000  1.243 0.000   8.015 0.000   4.175 0.000   3.839 0.000  0.022 0.000  0.463 0.000
123.291667 124.291667   14.84 0.000   0.94 0.000 9.999 0.259 9.99 0.259  0.308 0.000  0.580 0.000  1.043 0.000   6.901 0.000   1.673 0.000   5.227 0.000  0.019 0.000  0.774 0.000
126.291667 127.291667   64.02 0.000   1.62 0.000 9.999 0.259 9.99 0.259  0.143 0.000  0.645 0.000  1.161 0.000  16.768 0.000   5.297 0.000  11.470 0.000  0.057 0.000  1.994 0.000
129.291667 130.291667  127.08 0.000   2.02 0.000 0.018 0.000 9.99 0.259  0.070 0.000  0.922 0.000  1.660 0.000  18.489 0.000  12.028 0.000   6.647 0.000  0.097 0.000  0.609 0.000
132.291667 133.291667   52.76 0.000   0.82 0.000 0.013 0.000 9.99 0.259  0.017 0.000  0.525 0.000  0.946 0.000   8.692 0.000   6.045 0.000   2.646 0.000  0.035 0.000  0.180 0.000
135.291667 136.291667   34.23 0.000   0.74 0.000 0.008 0.000 9.99 0.259  0.198 0.000  0.878 0.000  1.580 0.000   7.249 0.000   2.879 0.000   4.370 0.000  0.042 0.000  0.437 0.000
138.291667 139.291667   65.78 0.000   0.97 0.000 0.018 0.000 9.99 0.259  0.050 0.000  1.071 0.559  1.928 0.559   5.478 0.000   1.461 0.000   4.016 0.000  0.046 0.000  0.296 0.000
141.291667 142.291667   51.07 0.000   0.89 0.000 9.999 0.259 0.19 0.000  0.080 0.000  1.553 0.559  2.795 0.559  10.555 0.000   3.325 0.000   7.228 0.000  0.072 0.000  0.782 0.000
144.291667 145.291667   70.70 0.000   1.03 0.000 9.999 0.259 0.15 0.000  0.068 0.000  2.076 0.000  3.737 0.000  28.205 0.000  18.246 0.000   9.958 0.000  0.092 0.000  1.106 0.000
147.291667 148.291667   15.10 0.000   0.20 0.000 9.999 0.259 9.99 0.259  0.014 0.000  0.682 0.000  1.228 0.000   4.338 0.000   1.599 0.000   2.738 0.000  0.018 0.000  0.296 0.000
150.291667 151.291667   30.96 0.000   1.26 0.000 9.999 0.259 0.18 0.000  0.110 0.000  1.537 0.000  2.767 0.000  14.201 0.000   8.747 0.000   5.506 0.000  0.039 0.000  0.631 0.000
153.291667 154.291667   39.65 0.000   0.55 0.000 0.012 0.000 9.99 0.259  0.040 0.000  0.417 0.000  0.750 0.000  11.640 0.000   8.151 0.000   3.401 0.000  0.049 0.000  0.337 0.000
156.291667 157.291667   66.74 0.000   0.55 0.000 0.035 0.000 0.24 0.000  0.118 0.000  1.671 0.000  3.009 0.000  28.843 0.000  17.984 0.000  10.666 0.000  0.126 0.000  1.221 0.000
159.291667 160.291667   47.94 0.000   0.60 0.000 0.010 0.000 0.15 0.000  0.080 0.000  0.683 0.000  1.228 0.000  19.929 0.000  12.384 0.000   7.413 0.000  0.062 0.000  1.032 0.000
162.291667 163.291667   46.04 0.000   0.84 0.000 0.013 0.000 0.20 0.000  0.044 0.000  0.803 0.000  1.445 0.000  13.541 0.000   7.312 0.000   6.151 0.000  0.056 0.000  0.899 0.000
165.291667 166.291667   34.52 0.000   0.69 0.000 9.999 0.259 0.17 0.000  0.090 0.000  1.752 0.000  3.154 0.000  18.983 0.000   9.023 0.000   9.862 0.000  0.125 0.000  1.197 0.000
168.291667 169.291667   43.93 0.000   0.29 0.000 0.023 0.000 0.14 0.000  0.017 0.000  0.868 0.000  1.562 0.000  17.710 0.000  12.954 0.000   4.619 0.000  0.044 0.000  0.491 0.000
171.291667 172.291667   32.48 0.000   0.31 0.000 9.999 0.259 0.18 0.000  0.044 0.000  1.285 0.000  2.313 0.000  20.707 0.000  12.435 0.000   8.304 0.000  0.055 0.000  1.150 0.000
174.291667 175.291667   44.68 0.000   0.76 0.000 0.015 0.000 0.22 0.000  0.053 0.000  1.416 0.000  2.550 0.000  26.747 0.000  16.544 0.000  10.026 0.000  0.074 0.000  1.386 0.000
177.291667 178.291667   52.30 0.000   0.62 0.000 0.012 0.000 0.14 0.000  0.050 0.000  0.816 0.000  1.468 0.000  18.569 0.000  12.415 0.000   6.022 0.000  0.049 0.000  0.703 0.000
180.291667 181.291667   80.45 0.000   0.54 0.000 0.020 0.000 0.27 0.000  0.046 0.000  1.197 0.000  2.155 0.000  27.068 0.000  17.353 0.000   9.529 0.000  0.100 0.000  1.056 0.000
183.291667 184.291667   67.55 0.000   1.41 0.000 0.025 0.000 9.99 0.259  0.062 0.000  1.518 0.000  2.732 0.000  24.790 0.000  17.297 0.000   7.309 0.000  0.159 0.000  0.535 0.000
186.291667 187.291667   64.21 0.000   0.44 0.000 9.999 0.259 9.99 0.259  0.032 0.559  1.176 0.559  2.118 0.559  21.875 0.000  15.096 0.000   6.617 0.000  0.077 0.000  0.524 0.559
189.291667 190.291667   41.04 0.000   0.32 0.000 9.999 0.259 0.10 0.000  0.028 0.000  1.141 0.559  2.054 0.559  15.322 0.000   9.276 0.000   5.947 0.000  0.069 0.000  0.541 0.000
192.291667 193.291667   53.30 0.000   0.68 0.000 9.999 0.259 0.11 0.000  0.032 0.000  1.363 0.559  2.453 0.559  20.056 0.000  11.560 0.000   8.526 0.000  0.056 0.000  1.008 0.000
195.291667 196.291667   64.96 0.000   0.50 0.000 9.999 0.259 9.99 0.259  0.035 0.559  1.191 0.559  2.144 0.559  23.648 0.000  15.264 0.000   8.221 0.000  0.084 0.000  0.903 0.559
198.291667 199.291667   23.78 0.000   0.23 0.000 9.999 0.259 0.09 0.000  0.044 0.559  0.842 0.000  1.516 0.000  12.852 0.000   6.659 0.000   6.120 0.000  0.035 0.000  0.882 0.559
201.291667 202.291667   83.40 0.000   0.30 0.000 0.021 0.000 9.99 0.259  0.092 0.000  0.625 0.000  1.126 0.000  17.995 0.000  13.027 0.000   4.829 0.000  0.071 0.000  0.360 0.000
204.291667 205.291667   31.15 0.000   2.04 0.000 9.999 0.259 9.99 0.259  0.080 0.559  1.346 0.000  2.423 0.000  16.627 0.000  10.962 0.000   5.547 0.000  0.061 0.000  0.629 0.559
207.291667 208.291667   21.13 0.000   0.50 0.000 0.009 0.000 9.99 0.259  0.101 0.559  0.787 0.559  1.416 0.559   9.710 0.000   5.474 0.000   4.177 0.000  0.025 0.000  0.423 0.559
210.291667 211.291667  700.60 0.000   1.36 0.000 9.999 0.259 0.20 0.000  0.159 0.559  0.924 0.559  1.664 0.559  37.779 0.000  20.127 0.000  17.434 0.000  0.279 0.000  0.779 0.559
213.291667 214.291667   79.95 0.000   0.83 0.000 9.999 0.259 0.13 0.000  0.055 0.559  1.523 0.559  2.740 0.559  22.383 0.000  10.314 0.000  12.073 0.000  0.062 0.000  1.462 0.559
216.291667 217.291667   34.71 0.000   0.72 0.000 0.004 0.000 0.07 0.000  0.087 0.559  1.162 0.559  2.091 0.559   9.887 0.000   3.571 0.000   6.276 0.000  0.032 0.000  0.651 0.559
219.291667 220.291667   77.35 0.000   0.60 0.000 0.012 0.000 0.09 0.000  0.076 0.559  0.693 0.559  1.248 0.559  11.236 0.000   5.676 0.000   5.498 0.000  0.065 0.000  0.570 0.559
222.291667 223.291667  160.53 0.000   0.81 0.000 9.999 0.259 0.09 0.000  0.054 0.000  0.660 0.559  1.189 0.559  19.474 0.000  10.921 0.000   8.435 0.000  0.080 0.000  0.855 0.000
225.291667 226.291667   13.08 0.000   0.29 0.000 9.999 0.259 9.99 0.259  0.036 0.559  0.621 0.559  1.117 0.559   4.055 0.000   1.834 0.000   2.201 0.000  0.010 0.000  0.194 0.559
228.291667 229.291667   10.15 0.000   0.59 0.000 9.999 0.259 0.13 0.000  0.094 0.000  0.842 0.000  1.515 0.000   9.608 0.000   4.530 0.000   5.029 0.000  0.025 0.000  0.637 0.000
231.291667 232.291667   14.11 0.000   0.42 0.000 9.999 0.259 9.99 0.259  0.052 0.000  0.527 0.559  0.948 0.559   5.134 0.000   2.470 0.000   2.637 0.000  0.012 0.000  0.265 0.000
234.291667 235.291667   42.41 0.000   0.11 0.000 9.999 0.259 0.12 0.000  0.051 0.559  0.642 0.559  1.155 0.559   9.225 0.000   5.623 0.000   3.625 0.000  0.025 0.000  0.356 0.559
237.291667 238.291667   23.68 0.000   1.26 0.000 9.999 0.259 0.16 0.000  0.078 0.000  0.607 0.559  1.092 0.559  13.274 0.000   8.733 0.000   4.447 0.000  0.025 0.000  0.455 0.000
240.291667 241.291667   16.30 0.000   0.52 0.000 9.999 0.259 9.99 0.259  0.032 0.000  0.681 0.559  1.226 0.559   6.471 0.000   2.918 0.000   3.521 0.000  0.017 0.000  0.394 0.000
243.291667 244.291667   25.82 0.000   1.05 0.000 9.999 0.259 0.18 0.000  0.041 0.000  1.671 0.000  3.007 0.000  18.293 0.000   9.448 0.000   8.743 0.000  0.122 0.000  0.982 0.000
246.291667 247.291667   13.69 0.000   1.01 0.000 9.999 0.259 9.99 0.259  0.114 0.000  0.932 0.559  1.677 0.559  12.796 0.000   4.441 0.000   8.306 0.000  0.033 0.000  1.273 0.000
249.291667 250.291667   24.01 0.000   1.55 0.000 9.999 0.259 0.20 0.000  0.090 0.000  1.788 0.000  3.218 0.000  21.995 0.000   7.815 0.000  14.093 0.000  0.049 0.000  2.056 0.000
252.291667 253.291667   20.50 0.000   2.84 0.000 9.999 0.259 0.20 0.000  0.111 0.000  1.282 0.000  2.308 0.000  19.347 0.000   9.722 0.000   9.520 0.000  0.052 0.000  1.387 0.000
255.291667 256.291667   15.89 0.000   0.58 0.000 9.999 0.259 0.19 0.000  0.101 0.000  0.656 0.000  1.181 0.000  11.267 0.000   7.669 0.000   3.648 0.000  0.019 0.000  0.480 0.000
258.291667 259.291667   39.07 0.000   1.34 0.000 9.999 0.259 0.22 0.000  0.077 0.000  1.505 0.000  2.710 0.000  17.927 0.000   8.395 0.000   9.440 0.000  0.034 0.000  1.244 0.000
261.291667 262.291667   42.36 0.000   0.94 0.000 9.999 0.259 0.23 0.000  0.061 0.000  0.798 0.000  1.436 0.000  13.610 0.000   8.185 0.000   5.337 0.000  0.045 0.000  0.619 0.000
264.291667 265.291667   41.59 0.000   0.94 0.000 9.999 0.259 0.19 0.000  0.070 0.000  0.837 0.000  1.507 0.000  21.956 0.000  14.982 0.000   6.814 0.000  0.087 0.000  0.835 0.000
