scripts/IMPROVE-2019_partial/data/US9070R.20130101070000.20191216000000.filterpack...52w.3d.US03L_filterpack_US9070.US03L_IMPROVE_Davis.lev2.nas
52 1001
MISSING INFORMATION
US03L, IMPROVE, , , , , , , 
MISSING INFORMATION
IMPROVE sel_HTAP
1 1
2013 01 01 2019 12 16
3.000000
days from file reference point
5
1 1 1 1 1
999.999999 999.999 9.999 99.999 9.999
end_time of measurement, days from the file reference point
pm10_mass, ug/m3, Matrix=pm10
numflag pm10_mass, no unit, Matrix=pm10
pm25_mass, ug/m3, Matrix=pm25
numflag pm25_mass, no unit, Matrix=pm25
0
33
Data definition:              EBAS_1.1
Set type code:                TU
Timezone:                     UTC
File name:                    US9070R.20130101070000.20191216000000.filterpack...52w.3d.US03L_filterpack_US9070.US03L_IMPROVE_Davis.lev2.nas
File creation:                20191218121020
Startdate:                    20130101070000
Revision date:                20191216000000
Version:                      2
Version description:          "Data extracted from http://views.cira.colostate.edu/fed/DataWizard 2019-12-16"
Statistics:                   arithmetic mean
Data level:                   2
Period code:                  52w
Resolution code:              3d
Sample duration:              1d
Orig. time res.:              3d
Station code:                 US9070R
Platform code:                US9070S
Station name:                 San Pedro Parks
Station latitude:             36.0139
Station longitude:            -106.8447
Station altitude:             2935.0 m
Regime:                       IMG
Component:                    
Unit:                         ug/m3
Matrix:                       
Laboratory code:              US03L
Instrument type:              filterpack
Instrument name:              filterpack_US9070
Method ref:                   US03L_IMPROVE_Davis
Blank correction:             Blank corrected
Volume std. temperature:      ambient
Volume std. pressure:         ambient
starttime endtime PM10 flag_PM10 PM2.5 flag_PM2.5
  0.291667   1.291667   1.806 0.000  1.530 0.000
  3.291667   4.291667   0.678 0.000  0.502 0.000
  6.291667   7.291667   1.531 0.000  1.167 0.000
  9.291667  10.291667   1.199 0.000  0.679 0.000
 12.291667  13.291667   0.889 0.000  0.730 0.000
 15.291667  16.291667 999.999 0.999 99.999 0.999
 18.291667  19.291667 999.999 0.999 99.999 0.999
 21.291667  22.291667 999.999 0.999 99.999 0.999
 24.291667  25.291667   1.076 0.000  0.729 0.000
 27.291667  28.291667   0.874 0.000  0.495 0.000
 30.291667  31.291667   0.879 0.000  0.430 0.000
 33.291667  34.291667   0.580 0.000  0.396 0.000
 36.291667  37.291667   1.443 0.000  0.883 0.000
 39.291667  40.291667   5.109 0.000  1.551 0.000
 42.291667  43.291667   1.748 0.000  1.259 0.000
 45.291667  46.291667   1.788 0.000  0.949 0.000
 48.291667  49.291667   1.950 0.000  0.859 0.000
 51.291667  52.291667   1.502 0.000  1.056 0.000
 54.291667  55.291667   2.081 0.000  0.840 0.000
 57.291667  58.291667   1.502 0.000  1.040 0.000
 60.291667  61.291667   1.721 0.000  1.020 0.000
 63.291667  64.291667   4.683 0.000  2.083 0.000
 66.291667  67.291667 999.999 0.999 99.999 0.999
 69.291667  70.291667 999.999 0.999 99.999 0.999
 72.291667  73.291667   3.091 0.000  1.820 0.000
 75.291667  76.291667  13.627 0.000  4.459 0.000
 78.291667  79.291667 999.999 0.999 99.999 0.999
 81.291667  82.291667   9.990 0.000  3.841 0.000
 84.291667  85.291667   7.840 0.000  3.472 0.000
 87.291667  88.291667   4.480 0.000  2.261 0.000
 90.291667  91.291667   4.430 0.000  2.298 0.000
 93.291667  94.291667   3.058 0.000  1.744 0.000
 96.291667  97.291667   6.597 0.000  3.850 0.000
 99.291667 100.291667 999.999 0.999 99.999 0.999
102.291667 103.291667   5.996 0.000  2.640 0.000
105.291667 106.291667   9.538 0.000  3.146 0.000
108.291667 109.291667   2.840 0.000  2.281 0.000
111.291667 112.291667  13.625 0.000  7.466 0.000
114.291667 115.291667  22.181 0.000  7.521 0.000
117.291667 118.291667   8.187 0.000  5.281 0.000
120.291667 121.291667  20.583 0.000  7.458 0.000
123.291667 124.291667  13.428 0.000  4.308 0.000
126.291667 127.291667   5.036 0.000  2.794 0.000
129.291667 130.291667   2.289 0.000  4.590 0.000
132.291667 133.291667   4.626 0.000  2.925 0.000
135.291667 136.291667   8.409 0.000  3.755 0.000
138.291667 139.291667  13.650 0.000  5.817 0.000
141.291667 142.291667   5.362 0.000  2.333 0.000
144.291667 145.291667   6.654 0.000  3.048 0.000
147.291667 148.291667   8.053 0.000  3.374 0.000
150.291667 151.291667 999.999 0.999 99.999 0.999
153.291667 154.291667  17.547 0.000  7.020 0.000
156.291667 157.291667   8.407 0.000  4.211 0.000
159.291667 160.291667  12.995 0.000  4.195 0.000
162.291667 163.291667   7.687 0.000  4.105 0.000
165.291667 166.291667  16.714 0.000  5.778 0.000
168.291667 169.291667 999.999 0.456  5.621 0.000
171.291667 172.291667 999.999 0.456  3.879 0.000
174.291667 175.291667 999.999 0.456  2.496 0.000
177.291667 178.291667   7.551 0.000 99.999 0.456
180.291667 181.291667   8.940 0.000 99.999 0.456
183.291667 184.291667 999.999 0.999 99.999 0.999
186.291667 187.291667 999.999 0.999 99.999 0.999
189.291667 190.291667 999.999 0.999 99.999 0.999
192.291667 193.291667   4.257 0.000 99.999 0.456
195.291667 196.291667   1.845 0.000 99.999 0.456
198.291667 199.291667   1.914 0.000  1.127 0.000
201.291667 202.291667   2.633 0.000  2.003 0.000
204.291667 205.291667   3.786 0.000  2.344 0.000
207.291667 208.291667   2.833 0.000  1.753 0.000
210.291667 211.291667   5.412 0.000  2.850 0.000
213.291667 214.291667   3.639 0.000  2.402 0.000
216.291667 217.291667   2.818 0.000  1.688 0.000
219.291667 220.291667   3.383 0.000  2.401 0.000
222.291667 223.291667   2.865 0.000  1.814 0.000
225.291667 226.291667 999.999 0.456  2.340 0.000
228.291667 229.291667 999.999 0.456  2.996 0.000
231.291667 232.291667 999.999 0.456  1.878 0.000
234.291667 235.291667   7.602 0.000  4.918 0.000
237.291667 238.291667   6.547 0.000  4.722 0.000
240.291667 241.291667   3.093 0.000  1.778 0.000
243.291667 244.291667   3.759 0.000  1.723 0.000
246.291667 247.291667 999.999 0.999 99.999 0.999
249.291667 250.291667 999.999 0.999 99.999 0.999
252.291667 253.291667 999.999 0.999 99.999 0.999
255.291667 256.291667   0.828 0.000  0.418 0.000
258.291667 259.291667   3.305 0.000  2.210 0.000
261.291667 262.291667   2.920 0.000  1.496 0.000
264.291667 265.291667   5.070 0.000  2.469 0.000
267.291667 268.291667   4.423 0.000  1.707 0.000
270.291667 271.291667   1.081 0.000  0.664 0.000
273.291667 274.291667   2.386 0.000  1.079 0.000
276.291667 277.291667 999.999 0.999 99.999 0.999
279.291667 280.291667 999.999 0.999 99.999 0.999
282.291667 283.291667   3.869 0.000  1.775 0.000
285.291667 286.291667   3.644 0.000  2.199 0.000
288.291667 289.291667   2.099 0.000  1.220 0.000
291.291667 292.291667   3.051 0.000  1.794 0.000
294.291667 295.291667   2.872 0.000  1.312 0.000
297.291667 298.291667 999.999 0.999 99.999 0.999
300.291667 301.291667 999.999 0.999 99.999 0.999
303.291667 304.291667 999.999 0.456 99.999 0.456
306.291667 307.291667 999.999 0.456 99.999 0.456
309.291667 310.291667   1.056 0.000  0.669 0.000
312.291667 313.291667   2.083 0.000  1.085 0.000
315.291667 316.291667   4.128 0.000  2.852 0.000
318.291667 319.291667   3.028 0.000  1.775 0.000
321.291667 322.291667   3.519 0.000  1.943 0.000
324.291667 325.291667   0.633 0.000  0.426 0.000
327.291667 328.291667   1.084 0.000  0.778 0.000
330.291667 331.291667   1.060 0.000  0.696 0.000
333.291667 334.291667   2.012 0.000  1.234 0.000
336.291667 337.291667   2.266 0.000  0.794 0.000
339.291667 340.291667   1.718 0.000  0.836 0.000
342.291667 343.291667   2.066 0.000  1.021 0.000
345.291667 346.291667   1.179 0.000  0.753 0.000
348.291667 349.291667   0.759 0.000  0.482 0.000
351.291667 352.291667   0.418 0.000  0.301 0.000
354.291667 355.291667   1.150 0.000  1.029 0.000
357.291667 358.291667 999.999 0.456  0.308 0.000
360.291667 361.291667 999.999 0.456  0.392 0.000
363.291667 364.291667 999.999 0.456  0.579 0.000
