scripts/IMPROVE-2019_partial/data/US9038R.20010419070000.20191216000000.filterpack..pm25.8mo.1w.US03L_filterpack_US9038.US03L_IMPROVE_Davis.lev2.nas
66 1001
MISSING INFORMATION
US03L, IMPROVE, , , , , , , 
MISSING INFORMATION
IMPROVE sel_HTAP
1 1
2001 01 01 2019 12 16
3.000000
days from file reference point
27
1 1 1 1 1 1 1 1 1 1 1 1 1 1 1 1 1 1 1 1 1 1 1 1 1 1 1
999.999999 99999.99 9.999 99.99 9.999 9.999 9.999999 999.99 9.999999 9.999 9.999 99.999 9.999 99.999 9.999 999.99 9.999999 999.999 9.999 999.999 9.999 999.999 9.999 9.999 9.999 9.999 9.999
end_time of measurement, days from the file reference point
iron, ng/m3, Revision date=20181210133000
numflag iron, no unit, Revision date=20181210133000
lead, ng/m3, Revision date=20181210133000
numflag lead, no unit, Revision date=20181210133000
magnesium, ug/m3, Revision date=20181210133000
numflag magnesium, no unit, Revision date=20181210133000
nickel, ng/m3, Revision date=20181210133000
numflag nickel, no unit, Revision date=20181210133000
nitrate, ug N/m3, Revision date=20181210133000
numflag nitrate, no unit, Revision date=20181210133000
organic_carbon, ug C/m3, Revision date=20181210133000
numflag organic_carbon, no unit, Revision date=20181210133000
organic_mass, ug/m3, Revision date=20181210133000
numflag organic_mass, no unit, Revision date=20181210133000
phosphorus, ng/m3, Revision date=20181210133000
numflag phosphorus, no unit, Revision date=20181210133000
pm10_mass, ug/m3, Version=2, Version description=Data extracted from http://views.cira.colostate.edu/fed/DataWizard 2019-12-16, Sample duration=1d, Orig. time res.=3d, Matrix=pm10, Blank correction=Blank corrected, Volume std. temperature=ambient, Volume std. pressure=ambient
numflag pm10_mass, no unit, Version=2, Version description=Data extracted from http://views.cira.colostate.edu/fed/DataWizard 2019-12-16, Sample duration=1d, Orig. time res.=3d, Matrix=pm10, Blank correction=Blank corrected, Volume std. temperature=ambient, Volume std. pressure=ambient
pm10_pm25_mass, ug/m3, Revision date=20181210133000, Matrix=pm10_pm25
numflag pm10_pm25_mass, no unit, Revision date=20181210133000, Matrix=pm10_pm25
pm25_mass, ug/m3, Version=2, Version description=Data extracted from http://views.cira.colostate.edu/fed/DataWizard 2019-12-16, Sample duration=1d, Orig. time res.=3d, Blank correction=Blank corrected, Volume std. temperature=ambient, Volume std. pressure=ambient
numflag pm25_mass, no unit, Version=2, Version description=Data extracted from http://views.cira.colostate.edu/fed/DataWizard 2019-12-16, Sample duration=1d, Orig. time res.=3d, Blank correction=Blank corrected, Volume std. temperature=ambient, Volume std. pressure=ambient
potassium, ug/m3, Revision date=20181210133000
numflag potassium, no unit, Revision date=20181210133000
sulphate_total, ug S/m3, Revision date=20181210133000
numflag sulphate_total, no unit, Revision date=20181210133000
0
25
Data definition:              EBAS_1.1
Set type code:                TU
Timezone:                     UTC
File name:                    US9038R.20010419070000.20191216000000.filterpack..pm25.8mo.1w.US03L_filterpack_US9038.US03L_IMPROVE_Davis.lev2.nas
File creation:                20191218120755
Startdate:                    20010419070000
Revision date:                20191216000000
Statistics:                   arithmetic mean
Data level:                   2
Period code:                  8mo
Resolution code:              1w
Station code:                 US9038R
Platform code:                US9038S
Station name:                 Saguaro NM
Station latitude:             32.1746
Station longitude:            -110.7371
Station altitude:             941.0 m
Regime:                       IMG
Component:                    
Matrix:                       pm25
Laboratory code:              US03L
Instrument type:              filterpack
Instrument name:              filterpack_US9038
Method ref:                   US03L_IMPROVE_Davis
starttime endtime Fe flag_Fe Pb flag_Pb Mg++ flag_Mg++ Ni flag_Ni NO3- flag_NO3- OC flag_OC OM flag_OM P flag_P PM10 flag_PM10 PM10-PM2.5 flag_PM10-PM2.5 PM2.5 flag_PM2.5 K+ flag_K+ SO4-- flag_SO4--
108.291667 109.291667   306.65 0.559  1.65 0.559 9.999 0.559259   2.94 0.559000 0.066 0.000  1.164 0.000  1.630 0.000 999.99 0.559259  21.162 0.000  11.892 0.000   9.271 0.559 0.181 0.559 0.327 0.000
111.291667 112.291667    81.25 0.559  1.30 0.559 9.999 0.559259   3.28 0.559000 0.063 0.000  0.705 0.000  0.987 0.000 999.99 0.559259  10.971 0.000   7.418 0.000   3.554 0.559 0.048 0.559 0.110 0.000
114.291667 115.291667   249.00 0.559  1.06 0.559 9.999 0.559259   0.26 0.559000 0.037 0.000  0.813 0.000  1.138 0.000 999.99 0.559259  20.176 0.000  11.610 0.000   8.566 0.559 0.158 0.559 0.286 0.000
117.291667 118.291667   110.02 0.559  1.83 0.559 9.999 0.559259   1.41 0.559000 0.033 0.000  0.585 0.000  0.819 0.000 999.99 0.559259   8.752 0.000   4.134 0.000   4.619 0.559 0.070 0.559 0.274 0.000
120.291667 121.291667   225.59 0.559  2.02 0.559 9.999 0.559259   0.20 0.559000 0.055 0.000  1.085 0.000  1.518 0.000 999.99 0.559259  16.557 0.000   8.317 0.000   8.239 0.559 0.139 0.559 0.390 0.000
123.291667 124.291667   129.20 0.000  0.89 0.000 9.999 0.259000   0.64 0.000000 0.049 0.000  0.607 0.000  0.850 0.000 999.99 0.259000  14.053 0.000   8.105 0.000   5.948 0.000 0.086 0.000 0.225 0.000
126.291667 127.291667   198.19 0.559  1.74 0.559 9.999 0.559259 999.99 0.559259 0.065 0.000  1.323 0.000  1.852 0.000 999.99 0.559259  15.395 0.000   7.694 0.000   7.701 0.559 0.112 0.559 0.331 0.000
129.291667 130.291667   178.54 0.699  1.25 0.699 9.999 0.699259   0.12 0.699000 0.055 0.000  1.390 0.000  1.947 0.000 999.99 0.699259  15.861 0.000   7.824 0.000   8.037 0.699 0.118 0.699 0.407 0.000
132.291667 133.291667   170.36 0.559  1.00 0.559 9.999 0.559259  13.14 0.559000 0.041 0.000  1.467 0.000  2.053 0.000 999.99 0.559259   9.425 0.000   0.583 0.000   8.841 0.559 0.137 0.559 0.539 0.000
135.291667 136.291667   159.46 0.000  0.75 0.000 9.999 0.259000   9.39 0.000000 0.040 0.000  0.668 0.000  0.935 0.000 999.99 0.259000  10.582 0.000   5.039 0.000   5.543 0.000 0.099 0.000 0.226 0.000
138.291667 139.291667    58.88 0.559  0.73 0.559 9.999 0.559259   3.36 0.559000 0.031 0.000  0.806 0.000  1.128 0.000 999.99 0.559259   6.118 0.000   1.747 0.000   4.371 0.559 0.065 0.559 0.368 0.000
141.291667 142.291667 99999.99 0.999 99.99 0.999 9.999 0.999000 999.99 0.999000 9.999 0.999 99.999 0.999 99.999 0.999 999.99 0.999000 999.999 0.999 999.999 0.999 999.999 0.999 9.999 0.999 9.999 0.999
144.291667 145.291667 99999.99 0.456 99.99 0.456 9.999 0.456000 999.99 0.456000 9.999 0.456 99.999 0.999 99.999 0.999 999.99 0.456000 999.999 0.456 999.999 0.999 999.999 0.456 9.999 0.456 9.999 0.456
147.291667 148.291667 99999.99 0.456 99.99 0.456 9.999 0.456000 999.99 0.456000 9.999 0.456 99.999 0.999 99.999 0.999 999.99 0.456000 999.999 0.456 999.999 0.999 999.999 0.456 9.999 0.456 9.999 0.456
150.291667 151.291667   212.23 0.699  1.64 0.699 9.999 0.699259   2.37 0.699000 0.066 0.000  1.381 0.000  1.934 0.000 999.99 0.699259  17.487 0.000   8.083 0.000   9.404 0.699 0.159 0.699 0.520 0.000
153.291667 154.291667    69.21 0.559  0.90 0.559 9.999 0.559259   0.22 0.559000 0.036 0.000  0.685 0.000  0.959 0.000 999.99 0.559259  13.345 0.000   7.835 0.000   5.510 0.559 0.068 0.559 0.539 0.000
156.291667 157.291667   137.70 0.699  0.90 0.699 9.999 0.699259   0.42 0.699000 0.061 0.000  0.916 0.000  1.282 0.000 999.99 0.699259  14.224 0.000   6.962 0.000   7.262 0.699 0.116 0.699 0.444 0.000
159.291667 160.291667   112.94 0.559  0.98 0.559 9.999 0.559259   0.19 0.559000 0.055 0.000  0.964 0.000  1.349 0.000 999.99 0.559259  13.473 0.000   7.401 0.000   6.072 0.559 0.103 0.559 0.433 0.000
162.291667 163.291667    68.90 0.559  0.44 0.559 9.999 0.559259   0.26 0.559000 0.071 0.000  0.429 0.000  0.601 0.000 999.99 0.559259  12.265 0.000   7.222 0.000   5.043 0.559 0.076 0.559 0.408 0.000
165.291667 166.291667   155.94 0.559  1.15 0.559 9.999 0.559259   0.25 0.559000 0.051 0.000  0.701 0.000  0.981 0.000 999.99 0.559259  16.483 0.000  10.095 0.000   6.388 0.559 0.118 0.559 0.189 0.000
168.291667 169.291667   132.68 0.699  0.96 0.699 9.999 0.699259   0.25 0.699000 0.081 0.000  0.966 0.000  1.352 0.000 999.99 0.699259  20.448 0.000  12.443 0.000   8.005 0.699 0.166 0.699 0.588 0.000
171.291667 172.291667   164.75 0.559  0.88 0.559 9.999 0.559259   2.56 0.559000 0.043 0.000  1.107 0.000  1.550 0.000 999.99 0.559259  11.152 0.000   3.314 0.000   7.838 0.559 0.132 0.559 0.372 0.000
174.291667 175.291667    61.75 0.559  0.87 0.559 9.999 0.559259   0.21 0.559000 0.053 0.000  0.689 0.000  0.964 0.000 999.99 0.559259   8.987 0.000   4.012 0.000   4.975 0.559 0.058 0.559 0.582 0.000
177.291667 178.291667    75.57 0.000  0.49 0.000 9.999 0.259000   0.88 0.000000 0.049 0.000  0.694 0.000  0.972 0.000 999.99 0.259000  18.245 0.000  12.378 0.000   5.866 0.000 0.064 0.000 0.548 0.000
180.291667 181.291667   228.93 0.699  1.32 0.699 9.999 0.699259   1.31 0.699000 0.065 0.000  0.707 0.000  0.989 0.000 999.99 0.699259  14.587 0.000   3.111 0.000  11.477 0.699 0.264 0.699 0.652 0.000
183.291667 184.291667   364.32 0.559  0.89 0.559 9.999 0.559259   5.99 0.559000 0.056 0.000  0.772 0.000  1.081 0.000 999.99 0.559259  14.654 0.000   0.688 0.000  13.967 0.559 0.232 0.559 0.521 0.000
186.291667 187.291667    44.90 0.000  0.76 0.000 9.999 0.259000   0.97 0.000000 0.027 0.559  0.958 0.000  1.341 0.000 999.99 0.259000   7.109 0.000   3.071 0.000   4.037 0.000 0.041 0.000 0.230 0.559
189.291667 190.291667    56.82 0.559  0.50 0.559 9.999 0.559259 999.99 0.559259 0.051 0.000  0.390 0.000  0.545 0.000 999.99 0.559259   8.711 0.000   4.680 0.000   4.031 0.559 0.047 0.559 0.367 0.000
192.291667 193.291667    62.38 0.000  0.77 0.000 9.999 0.259000   0.55 0.000000 0.036 0.000  0.633 0.000  0.887 0.000 999.99 0.259000   9.315 0.000   3.434 0.000   5.881 0.000 0.068 0.000 0.571 0.000
195.291667 196.291667    51.34 0.000  0.54 0.000 9.999 0.259000   1.07 0.000000 0.065 0.000  0.658 0.000  0.921 0.000 999.99 0.259000   8.576 0.000   2.531 0.000   6.045 0.000 0.063 0.000 0.708 0.000
198.291667 199.291667    71.51 0.000  0.45 0.000 9.999 0.259000   1.91 0.000000 0.101 0.000  0.633 0.000  0.886 0.000 999.99 0.259000   9.933 0.000   3.200 0.000   6.732 0.000 0.081 0.000 0.796 0.000
201.291667 202.291667    38.84 0.000  1.40 0.000 9.999 0.259000   0.41 0.000000 0.066 0.000  0.612 0.000  0.856 0.000 999.99 0.259000   8.732 0.000   3.094 0.000   5.638 0.000 0.053 0.000 0.748 0.000
204.291667 205.291667    45.21 0.000  0.71 0.000 9.999 0.259000   0.46 0.000000 0.052 0.000  0.343 0.000  0.480 0.000 999.99 0.259000   9.550 0.000   4.608 0.000   4.943 0.000 0.044 0.000 0.601 0.000
207.291667 208.291667    61.12 0.000  1.08 0.000 9.999 0.259000   0.45 0.000000 0.110 0.000  0.658 0.000  0.921 0.000 999.99 0.259000  11.602 0.000   5.668 0.000   5.934 0.000 0.057 0.000 0.603 0.000
210.291667 211.291667    26.04 0.000  0.90 0.000 9.999 0.259000   0.54 0.000000 0.045 0.000  0.572 0.000  0.801 0.000 999.99 0.259000   6.442 0.000   2.770 0.000   3.673 0.000 0.032 0.000 0.396 0.000
213.291667 214.291667    33.49 0.000  1.77 0.000 9.999 0.259000   0.24 0.000000 0.022 0.000  0.807 0.000  1.129 0.000 999.99 0.259000   6.448 0.000   2.434 0.000   4.014 0.000 0.030 0.000 0.438 0.000
216.291667 217.291667    28.09 0.000  0.69 0.000 9.999 0.259000 999.99 0.259000 0.033 0.000  0.697 0.000  0.976 0.000 999.99 0.259000   5.622 0.000   1.695 0.000   3.926 0.000 0.023 0.000 0.430 0.000
219.291667 220.291667    61.03 0.000  0.87 0.000 9.999 0.259000 999.99 0.259000 0.027 0.000  0.873 0.000  1.222 0.000 999.99 0.259000  11.382 0.000   4.110 0.000   7.272 0.000 0.042 0.000 0.921 0.000
222.291667 223.291667    20.24 0.000  0.66 0.000 9.999 0.259000 999.99 0.259000 0.020 0.000  0.622 0.000  0.871 0.000 999.99 0.259000   5.712 0.000   1.349 0.000   4.362 0.000 0.019 0.000 0.530 0.000
225.291667 226.291667    35.77 0.000  0.47 0.000 9.999 0.259000   0.72 0.000000 0.014 0.000  0.488 0.000  0.683 0.000 999.99 0.259000   3.779 0.000   0.656 0.000   3.122 0.000 0.025 0.000 0.215 0.000
228.291667 229.291667 99999.99 0.999 99.99 0.999 9.999 0.999000 999.99 0.999000 9.999 0.999 99.999 0.999 99.999 0.999 999.99 0.999000 999.999 0.999 999.999 0.999 999.999 0.999 9.999 0.999 9.999 0.999
231.291667 232.291667 99999.99 0.999 99.99 0.999 9.999 0.999000 999.99 0.999000 9.999 0.999 99.999 0.999 99.999 0.999 999.99 0.999000 999.999 0.999 999.999 0.999 999.999 0.999 9.999 0.999 9.999 0.999
234.291667 235.291667    52.98 0.000  0.52 0.000 9.999 0.259000   0.50 0.000000 0.048 0.000  0.499 0.000  0.699 0.000 999.99 0.259000   9.204 0.000   4.662 0.000   4.542 0.000 0.063 0.000 0.496 0.000
237.291667 238.291667    42.78 0.000  0.97 0.000 9.999 0.259000 999.99 0.259000 0.025 0.000  0.485 0.000  0.679 0.000 999.99 0.259000   8.032 0.000   4.396 0.000   3.636 0.000 0.044 0.000 0.344 0.000
240.291667 241.291667   120.38 0.559  0.90 0.559 9.999 0.559259   0.40 0.559000 0.062 0.000  1.218 0.000  1.705 0.000 999.99 0.559259  11.755 0.000   3.959 0.000   7.796 0.559 0.104 0.559 0.560 0.000
243.291667 244.291667    28.52 0.000  0.72 0.000 9.999 0.259000 999.99 0.259000 0.051 0.000  0.622 0.000  0.871 0.000 999.99 0.259000   7.028 0.000   3.446 0.000   3.582 0.000 0.036 0.000 0.392 0.000
246.291667 247.291667    31.07 0.000  0.81 0.000 9.999 0.259000 999.99 0.259000 0.025 0.000  0.416 0.000  0.582 0.000 999.99 0.259000   7.059 0.000   4.088 0.000   2.971 0.000 9.999 0.259 0.260 0.000
249.291667 250.291667   150.72 0.000  0.72 0.000 9.999 0.259000   0.47 0.000000 0.030 0.000  0.347 0.000  0.486 0.000 999.99 0.259000   9.007 0.000   3.588 0.000   5.418 0.000 9.999 0.259 0.241 0.000
252.291667 253.291667   171.37 0.000  0.49 0.000 9.999 0.259000 999.99 0.259000 0.042 0.000  0.626 0.000  0.876 0.000 999.99 0.259000  24.870 0.000  16.695 0.000   8.175 0.000 0.116 0.000 0.415 0.000
255.291667 256.291667    72.73 0.000 99.99 0.259 9.999 0.259000   0.40 0.000000 0.012 0.000  0.614 0.000  0.859 0.000 999.99 0.259000   5.383 0.000   1.101 0.000   4.282 0.000 0.057 0.000 0.221 0.000
258.291667 259.291667    26.32 0.000  0.47 0.000 0.048 0.000000   0.26 0.000000 0.051 0.000  0.669 0.000  0.936 0.000 999.99 0.259000   6.903 0.000   2.412 0.000   4.492 0.000 0.017 0.000 0.489 0.000
261.291667 262.291667    59.57 0.000  0.50 0.000 9.999 0.259000   0.16 0.000000 0.047 0.000  0.544 0.000  0.762 0.000 999.99 0.259000  10.866 0.000   7.124 0.000   3.742 0.000 0.057 0.000 0.322 0.000
264.291667 265.291667    59.07 0.000  0.36 0.000 9.999 0.259000 999.99 0.259000 0.027 0.000  0.375 0.000  0.524 0.000 999.99 0.259000   9.395 0.000   6.220 0.000   3.175 0.000 0.035 0.000 0.243 0.000
267.291667 268.291667    46.30 0.000  0.41 0.000 0.018 0.000000 999.99 0.259000 0.015 0.000  0.519 0.000  0.727 0.000 999.99 0.259000   7.973 0.000   4.434 0.000   3.538 0.000 0.024 0.000 0.293 0.000
270.291667 271.291667    55.86 0.000  0.75 0.000 9.999 0.259000   0.40 0.000000 0.013 0.000  0.578 0.000  0.809 0.000 999.99 0.259000   8.876 0.000   4.878 0.000   3.997 0.000 0.044 0.000 0.271 0.000
273.291667 274.291667    39.57 0.000  0.99 0.000 9.999 0.259000 999.99 0.259000 0.026 0.000  1.218 0.000  1.705 0.000 999.99 0.259000   9.301 0.000   3.323 0.000   5.978 0.000 0.045 0.000 0.633 0.000
276.291667 277.291667    90.05 0.000  0.82 0.000 9.999 0.259000   3.22 0.000000 0.045 0.000  0.623 0.000  0.872 0.000 999.99 0.259000   9.679 0.000   4.810 0.000   4.870 0.000 0.058 0.000 0.330 0.000
279.291667 280.291667    33.26 0.000  0.79 0.000 9.999 0.259000   2.05 0.000000 0.039 0.000  0.717 0.000  1.004 0.000 999.99 0.259000   5.471 0.000   1.448 0.000   4.024 0.000 0.031 0.000 0.430 0.000
282.291667 283.291667    92.37 0.000  1.22 0.000 9.999 0.259000   3.20 0.000000 0.088 0.000  0.612 0.000  0.857 0.000 999.99 0.259000  10.606 0.000   4.922 0.000   5.684 0.000 0.059 0.000 0.456 0.000
285.291667 286.291667    82.00 0.000  0.76 0.000 9.999 0.259000   1.51 0.000000 0.022 0.000  0.347 0.000  0.486 0.000 999.99 0.259000   7.990 0.000   4.303 0.000   3.687 0.000 9.999 0.259 0.111 0.000
288.291667 289.291667  1086.37 0.559  2.65 0.559 9.999 0.559259 999.99 0.559259 0.084 0.000  1.556 0.000  2.179 0.000 999.99 0.559259  83.162 0.000  46.071 0.000  37.092 0.559 0.721 0.559 0.231 0.000
291.291667 292.291667   236.12 0.000  2.53 0.000 9.999 0.259000 999.99 0.259000 0.067 0.000  1.241 0.000  1.738 0.000 999.99 0.259000  33.544 0.000  23.353 0.000  10.191 0.000 0.222 0.000 0.341 0.000
294.291667 295.291667   194.97 0.000  1.29 0.000 9.999 0.259000   2.54 0.000000 0.041 0.000  0.568 0.000  0.795 0.000 999.99 0.259000  17.657 0.000   9.085 0.000   8.573 0.000 0.150 0.000 0.328 0.000
297.291667 298.291667   232.80 0.000  1.49 0.000 9.999 0.259000   2.30 0.000000 0.043 0.000  0.668 0.000  0.936 0.000 999.99 0.259000  15.790 0.000   7.044 0.000   8.746 0.000 0.181 0.000 0.264 0.000
300.291667 301.291667    94.84 0.000  1.55 0.000 9.999 0.259000   1.71 0.000000 0.036 0.000  0.708 0.000  0.991 0.000 999.99 0.259000  12.820 0.000   6.470 0.000   6.351 0.000 0.079 0.000 0.534 0.000
303.291667 304.291667   159.66 0.000  1.25 0.000 9.999 0.259000   0.81 0.000000 0.046 0.000  0.668 0.000  0.936 0.000 999.99 0.259000  17.444 0.000   9.658 0.000   7.786 0.000 0.112 0.000 0.483 0.000
306.291667 307.291667   220.23 0.000  2.97 0.000 9.999 0.259000   4.37 0.000000 0.043 0.000  0.650 0.000  0.910 0.000 999.99 0.259000  15.843 0.000   5.995 0.000   9.848 0.000 0.179 0.000 0.449 0.000
309.291667 310.291667    45.19 0.000  1.09 0.000 9.999 0.259000   0.29 0.000000 0.048 0.000  0.443 0.000  0.620 0.000 999.99 0.259000   7.108 0.000   2.104 0.000   5.004 0.000 0.045 0.000 0.609 0.000
312.291667 313.291667   464.33 0.000  1.93 0.000 9.999 0.259000 999.99 0.259000 0.090 0.000  1.106 0.000  1.548 0.000 999.99 0.259000  56.803 0.000  36.090 0.000  20.714 0.000 0.365 0.000 0.728 0.000
315.291667 316.291667   142.21 0.000  0.72 0.000 9.999 0.259000   0.80 0.000000 0.054 0.000  0.478 0.000  0.669 0.000 999.99 0.259000  15.832 0.000   9.483 0.000   6.348 0.000 0.100 0.000 0.341 0.000
318.291667 319.291667   125.08 0.000  1.63 0.000 9.999 0.259000 999.99 0.259000 0.054 0.559  0.650 0.000  0.910 0.000 999.99 0.259000  12.500 0.000   7.471 0.000   5.029 0.000 0.084 0.000 0.216 0.559
321.291667 322.291667    55.45 0.000  1.80 0.000 9.999 0.259000 999.99 0.259000 0.036 0.000  0.550 0.000  0.770 0.000 999.99 0.259000  10.480 0.000   6.784 0.000   3.696 0.000 0.047 0.000 0.284 0.000
324.291667 325.291667    79.57 0.000  1.55 0.000 9.999 0.259000 999.99 0.259000 0.034 0.000  0.988 0.000  1.383 0.000 999.99 0.259000  13.847 0.000   8.142 0.000   5.704 0.000 9.999 0.259 0.435 0.000
327.291667 328.291667    60.31 0.000  0.63 0.000 9.999 0.259000 999.99 0.259000 0.025 0.000  0.324 0.000  0.454 0.000 999.99 0.259000  10.648 0.000   7.877 0.000   2.772 0.000 0.048 0.000 0.091 0.000
330.291667 331.291667    75.84 0.000  1.33 0.000 9.999 0.259000 999.99 0.259000 0.158 0.000  0.616 0.000  0.863 0.000 999.99 0.259000  13.343 0.000   9.581 0.000   3.761 0.000 0.070 0.000 0.108 0.000
333.291667 334.291667   105.42 0.000  1.67 0.000 9.999 0.259000 999.99 0.259000 0.052 0.000  0.696 0.000  0.974 0.000 999.99 0.259000  12.322 0.000   7.021 0.000   5.301 0.000 0.094 0.000 0.248 0.000
336.291667 337.291667    67.33 0.000  1.91 0.000 9.999 0.259000   0.07 0.000000 0.030 0.000  0.467 0.000  0.653 0.000 999.99 0.259000  11.687 0.000   8.680 0.000   3.007 0.000 0.053 0.000 0.123 0.000
339.291667 340.291667   137.56 0.000  2.36 0.000 9.999 0.259000   0.66 0.000000 0.401 0.000  1.176 0.000  1.647 0.000 999.99 0.259000  10.082 0.000   3.763 0.000   6.319 0.000 0.075 0.000 0.142 0.000
342.291667 343.291667   366.86 0.000  1.54 0.000 0.145 0.000000   8.00 0.000000 0.025 0.000  0.321 0.000  0.449 0.000 999.99 0.259000  13.429 0.000   0.498 0.000  12.931 0.000 0.226 0.000 0.083 0.000
345.291667 346.291667    76.68 0.000  0.99 0.000 9.999 0.259000   5.05 0.000000 0.318 0.000  0.886 0.000  1.241 0.000 999.99 0.259000   5.471 0.000   0.892 0.000   4.580 0.000 0.055 0.000 0.184 0.000
