scripts/IMPROVE-2019_partial/data/US9048R.20020102070000.20191216000000.filterpack..pm25.52w.1w.US03L_filterpack_US9048.US03L_IMPROVE_Davis.lev2.nas
66 1001
MISSING INFORMATION
US03L, IMPROVE, , , , , , , 
MISSING INFORMATION
IMPROVE sel_HTAP
1 1
2002 01 01 2019 12 16
3.000000
days from file reference point
27
1 1 1 1 1 1 1 1 1 1 1 1 1 1 1 1 1 1 1 1 1 1 1 1 1 1 1
999.999999 9999.99 9.999999 99.99 9.999999 9.999 9.999999 9.99 9.999999999 9.999 9.999 99.999 9.999 999.999 9.999 99.99 9.999999999 999.999 9.999 999.999 9.999 999.999 9.999 9.999 9.999999 9.999 9.999
end_time of measurement, days from the file reference point
iron, ng/m3, Revision date=20181210133000
numflag iron, no unit, Revision date=20181210133000
lead, ng/m3, Revision date=20181210133000
numflag lead, no unit, Revision date=20181210133000
magnesium, ug/m3, Revision date=20181210133000
numflag magnesium, no unit, Revision date=20181210133000
nickel, ng/m3, Revision date=20181210133000
numflag nickel, no unit, Revision date=20181210133000
nitrate, ug N/m3, Revision date=20181210133000
numflag nitrate, no unit, Revision date=20181210133000
organic_carbon, ug C/m3, Revision date=20181210133000
numflag organic_carbon, no unit, Revision date=20181210133000
organic_mass, ug/m3, Revision date=20181210133000
numflag organic_mass, no unit, Revision date=20181210133000
phosphorus, ng/m3, Revision date=20181210133000
numflag phosphorus, no unit, Revision date=20181210133000
pm10_mass, ug/m3, Version=2, Version description=Data extracted from http://views.cira.colostate.edu/fed/DataWizard 2019-12-16, Sample duration=1d, Orig. time res.=3d, Matrix=pm10, Blank correction=Blank corrected, Volume std. temperature=ambient, Volume std. pressure=ambient
numflag pm10_mass, no unit, Version=2, Version description=Data extracted from http://views.cira.colostate.edu/fed/DataWizard 2019-12-16, Sample duration=1d, Orig. time res.=3d, Matrix=pm10, Blank correction=Blank corrected, Volume std. temperature=ambient, Volume std. pressure=ambient
pm10_pm25_mass, ug/m3, Revision date=20181210133000, Matrix=pm10_pm25
numflag pm10_pm25_mass, no unit, Revision date=20181210133000, Matrix=pm10_pm25
pm25_mass, ug/m3, Version=2, Version description=Data extracted from http://views.cira.colostate.edu/fed/DataWizard 2019-12-16, Sample duration=1d, Orig. time res.=3d, Blank correction=Blank corrected, Volume std. temperature=ambient, Volume std. pressure=ambient
numflag pm25_mass, no unit, Version=2, Version description=Data extracted from http://views.cira.colostate.edu/fed/DataWizard 2019-12-16, Sample duration=1d, Orig. time res.=3d, Blank correction=Blank corrected, Volume std. temperature=ambient, Volume std. pressure=ambient
potassium, ug/m3, Revision date=20181210133000
numflag potassium, no unit, Revision date=20181210133000
sulphate_total, ug S/m3, Revision date=20181210133000
numflag sulphate_total, no unit, Revision date=20181210133000
0
25
Data definition:              EBAS_1.1
Set type code:                TU
Timezone:                     UTC
File name:                    US9048R.20020102070000.20191216000000.filterpack..pm25.52w.1w.US03L_filterpack_US9048.US03L_IMPROVE_Davis.lev2.nas
File creation:                20191218120842
Startdate:                    20020102070000
Revision date:                20191216000000
Statistics:                   arithmetic mean
Data level:                   2
Period code:                  52w
Resolution code:              1w
Station code:                 US9048R
Platform code:                US9048S
Station name:                 White River NF
Station latitude:             39.1536
Station longitude:            -106.8209
Station altitude:             3413.0 m
Regime:                       IMG
Component:                    
Matrix:                       pm25
Laboratory code:              US03L
Instrument type:              filterpack
Instrument name:              filterpack_US9048
Method ref:                   US03L_IMPROVE_Davis
starttime endtime Fe flag_Fe Pb flag_Pb Mg++ flag_Mg++ Ni flag_Ni NO3- flag_NO3- OC flag_OC OM flag_OM P flag_P PM10 flag_PM10 PM10-PM2.5 flag_PM10-PM2.5 PM2.5 flag_PM2.5 K+ flag_K+ SO4-- flag_SO4--
  1.291667   2.291667 9999.99 0.999000 99.99 0.999000 9.999 0.999000 9.99 0.999000000 9.999 0.999 99.999 0.999 999.999 0.999 99.99 0.999000000 999.999 0.999 999.999 0.999 999.999 0.999 9.999 0.999000 9.999 0.999
  4.291667   5.291667    1.07 0.559000 99.99 0.559259 9.999 0.559259 9.99 0.559259000 0.011 0.559  0.075 0.000   0.105 0.000 99.99 0.559259000   0.665 0.000   0.207 0.000   0.459 0.559 9.999 0.559259 0.047 0.559
  7.291667   8.291667    0.67 0.000000  0.11 0.000000 9.999 0.259000 9.99 0.259000000 0.003 0.559  0.063 0.000   0.088 0.000 99.99 0.259000000   0.378 0.000   0.155 0.000   0.223 0.000 0.002 0.000000 0.017 0.559
 10.291667  11.291667    1.44 0.000000  0.21 0.000000 9.999 0.259000 9.99 0.259000000 0.008 0.559  0.079 0.000   0.110 0.000 99.99 0.259000000   2.008 0.000   1.155 0.000   0.853 0.000 0.004 0.000000 0.021 0.559
 13.291667  14.291667    1.85 0.000000 99.99 0.259000 9.999 0.259000 9.99 0.259000000 0.014 0.559  0.199 0.000   0.278 0.000 99.99 0.259000000   0.631 0.000   0.281 0.000   0.350 0.000 0.005 0.000000 0.020 0.559
 16.291667  17.291667    6.07 0.559000  0.52 0.559000 9.999 0.559259 0.05 0.559000000 0.058 0.000  0.254 0.000   0.356 0.000 99.99 0.559259000   1.683 0.000   0.504 0.000   1.179 0.559 0.009 0.559000 0.117 0.000
 19.291667  20.291667    3.71 0.000000 99.99 0.259000 9.999 0.259000 9.99 0.259000000 0.085 0.559  0.239 0.000   0.335 0.000 99.99 0.259000000   2.498 0.000   1.630 0.000   0.868 0.000 0.005 0.000000 0.066 0.559
 22.291667  23.291667 9999.99 0.999000 99.99 0.999000 9.999 0.999000 9.99 0.999000000 9.999 0.999 99.999 0.999 999.999 0.999 99.99 0.999000000 999.999 0.999 999.999 0.999 999.999 0.999 9.999 0.999000 9.999 0.999
 25.291667  26.291667    5.30 0.000000 99.99 0.259000 9.999 0.259000 9.99 0.259000000 0.007 0.559  0.135 0.000   0.189 0.000 99.99 0.259000000   0.873 0.000   0.342 0.000   0.532 0.000 0.010 0.000000 0.027 0.559
 28.291667  29.291667    8.34 0.559000  0.36 0.559000 9.999 0.559259 9.99 0.559259000 0.032 0.000  0.209 0.000   0.293 0.000 99.99 0.559259000   3.190 0.000   2.131 0.000   1.059 0.559 0.008 0.559000 0.091 0.000
 31.291667  32.291667    5.35 0.000000  0.44 0.000000 9.999 0.259000 0.04 0.000000000 0.009 0.559  0.197 0.000   0.276 0.000 99.99 0.259000000   1.263 0.000   0.550 0.000   0.713 0.000 0.006 0.000000 0.043 0.559
 34.291667  35.291667    3.40 0.000000  0.43 0.000000 9.999 0.259000 9.99 0.259000000 0.022 0.000  0.232 0.000   0.325 0.000 99.99 0.259000000   1.651 0.000   0.760 0.000   0.891 0.000 0.006 0.000000 0.056 0.000
 37.291667  38.291667    3.21 0.000000 99.99 0.259000 9.999 0.259000 9.99 0.259000000 0.006 0.559  0.017 0.000   0.024 0.000  2.10 0.000000000   0.795 0.000   0.479 0.000   0.316 0.000 0.003 0.000000 0.018 0.559
 40.291667  41.291667    9.24 0.000000  0.37 0.000000 9.999 0.259000 9.99 0.259000000 0.009 0.559  0.070 0.000   0.098 0.000 99.99 0.259000000   1.179 0.000   0.575 0.000   0.604 0.000 0.008 0.000000 0.042 0.559
 43.291667  44.291667   11.90 0.000000  0.80 0.000000 9.999 0.259000 9.99 0.259000000 0.022 0.559  0.252 0.000   0.352 0.000 99.99 0.259000000   1.631 0.000   0.779 0.000   0.852 0.000 0.012 0.000000 0.081 0.559
 46.291667  47.291667   39.39 0.000000  0.60 0.000000 9.999 0.259000 9.99 0.259000000 0.011 0.559  0.187 0.000   0.262 0.000 99.99 0.259000000   3.036 0.000   1.424 0.000   1.612 0.000 0.027 0.000000 0.059 0.559
 49.291667  50.291667    5.59 0.000000  0.31 0.000000 9.999 0.259000 9.99 0.259000000 0.088 0.000  0.188 0.000   0.263 0.000 99.99 0.259000000   2.006 0.000   0.277 0.000   1.728 0.000 0.009 0.000000 0.172 0.000
 52.291667  53.291667    7.09 0.000000  0.41 0.000000 9.999 0.259000 9.99 0.259000000 0.009 0.000  0.223 0.000   0.312 0.000 99.99 0.259000000   1.129 0.000   0.444 0.000   0.685 0.000 0.007 0.000000 0.043 0.000
 55.291667  56.291667    5.70 0.394000  0.33 0.394000 9.999 0.394259 0.10 0.394000000 0.038 0.394  0.261 0.000   0.366 0.000 99.99 0.394259000   3.007 0.000   2.002 0.000   1.005 0.000 0.006 0.394000 0.100 0.394
 58.291667  59.291667   14.54 0.559000  0.37 0.559000 9.999 0.559259 9.99 0.559259000 0.036 0.000  0.234 0.000   0.328 0.000 99.99 0.559259000   2.104 0.000   1.245 0.000   0.860 0.559 0.014 0.559000 0.066 0.000
 61.291667  62.291667   15.34 0.559000  0.92 0.559000 9.999 0.559259 0.16 0.559000000 0.025 0.000  0.283 0.000   0.397 0.000 99.99 0.559259000   2.498 0.000   0.481 0.000   2.017 0.559 0.017 0.559000 0.241 0.000
 64.291667  65.291667 9999.99 0.999000 99.99 0.999000 9.999 0.999000 9.99 0.999000000 0.030 0.000 99.999 0.999 999.999 0.999 99.99 0.999000000   1.954 0.000 999.999 0.999 999.999 0.999 9.999 0.999000 0.066 0.000
 67.291667  68.291667 9999.99 0.999000 99.99 0.999000 9.999 0.999000 9.99 0.999000000 0.021 0.000 99.999 0.999 999.999 0.999 99.99 0.999000000   1.548 0.000 999.999 0.999 999.999 0.999 9.999 0.999000 0.095 0.000
 70.291667  71.291667 9999.99 0.999000 99.99 0.999000 9.999 0.999000 9.99 0.999000000 0.022 0.000 99.999 0.999 999.999 0.999 99.99 0.999000000   1.644 0.000 999.999 0.999 999.999 0.999 9.999 0.999000 0.077 0.000
 73.291667  74.291667 9999.99 0.999000 99.99 0.999000 9.999 0.999000 9.99 0.999000000 0.051 0.000 99.999 0.999 999.999 0.999 99.99 0.999000000   2.946 0.000 999.999 0.999 999.999 0.999 9.999 0.999000 0.180 0.000
 76.291667  77.291667 9999.99 0.999000 99.99 0.999000 9.999 0.999000 9.99 0.999000000 0.052 0.000 99.999 0.999 999.999 0.999 99.99 0.999000000   3.681 0.000 999.999 0.999 999.999 0.999 9.999 0.999000 0.182 0.000
 79.291667  80.291667 9999.99 0.999000 99.99 0.999000 9.999 0.999000 9.99 0.999000000 0.013 0.000 99.999 0.999 999.999 0.999 99.99 0.999000000   1.414 0.000 999.999 0.999 999.999 0.999 9.999 0.999000 0.059 0.000
 82.291667  83.291667 9999.99 0.999000 99.99 0.999000 9.999 0.999000 9.99 0.999000000 0.038 0.000 99.999 0.999 999.999 0.999 99.99 0.999000000   5.104 0.000 999.999 0.999 999.999 0.999 9.999 0.999000 0.075 0.000
 85.291667  86.291667 9999.99 0.999000 99.99 0.999000 9.999 0.999000 9.99 0.999000000 0.044 0.000 99.999 0.999 999.999 0.999 99.99 0.999000000   3.514 0.000 999.999 0.999 999.999 0.999 9.999 0.999000 0.152 0.000
 88.291667  89.291667 9999.99 0.999000 99.99 0.999000 9.999 0.999000 9.99 0.999000000 0.048 0.000 99.999 0.999 999.999 0.999 99.99 0.999000000   3.992 0.000 999.999 0.999 999.999 0.999 9.999 0.999000 0.113 0.000
 91.291667  92.291667 9999.99 0.999000 99.99 0.999000 9.999 0.999000 9.99 0.999000000 0.040 0.559 99.999 0.999 999.999 0.999 99.99 0.999000000   7.600 0.000 999.999 0.999 999.999 0.999 9.999 0.999000 0.138 0.559
 94.291667  95.291667   40.22 0.000000  0.77 0.000000 9.999 0.259000 0.13 0.000000000 0.045 0.000  0.378 0.000   0.529 0.000 99.99 0.259000000   5.093 0.000   2.674 0.000   2.418 0.000 0.031 0.000000 0.158 0.000
 97.291667  98.291667   37.35 0.000000  0.56 0.000000 9.999 0.259000 9.99 0.259000000 0.040 0.559  0.336 0.000   0.471 0.000 99.99 0.259000000   4.756 0.000   2.644 0.000   2.112 0.000 0.022 0.000000 0.145 0.559
100.291667 101.291667   25.14 0.559000  0.35 0.559000 9.999 0.559259 9.99 0.559259000 0.043 0.000  0.206 0.000   0.288 0.000 99.99 0.559259000   2.594 0.000   1.191 0.000   1.403 0.559 0.015 0.559000 0.091 0.000
103.291667 104.291667   84.63 0.559000  0.61 0.559000 9.999 0.559259 9.99 0.559259000 0.052 0.000  0.367 0.000   0.514 0.000 99.99 0.559259000   5.531 0.000   2.297 0.000   3.234 0.559 0.042 0.559000 0.115 0.000
106.291667 107.291667  115.04 0.000000  0.50 0.000000 9.999 0.259000 9.99 0.259000000 0.051 0.000  0.308 0.000   0.431 0.000 99.99 0.259000000  13.931 0.000   9.559 0.000   4.371 0.000 0.067 0.000000 0.227 0.000
109.291667 110.291667   57.44 0.000000  0.48 0.000000 0.042 0.000000 9.99 0.259000000 0.044 0.000  0.368 0.000   0.515 0.000 99.99 0.259000000   9.078 0.000   6.598 0.000   2.480 0.000 0.036 0.000000 0.135 0.000
112.291667 113.291667   98.41 0.000000  1.75 0.000000 9.999 0.259000 0.14 0.000000000 0.057 0.000  0.499 0.000   0.699 0.000 99.99 0.259000000   7.195 0.000   3.285 0.000   3.910 0.000 0.060 0.000000 0.204 0.000
115.291667 116.291667   66.99 0.000000  0.44 0.000000 9.999 0.259000 9.99 0.259000000 0.017 0.000  0.404 0.000   0.565 0.000 99.99 0.259000000  10.626 0.000   7.971 0.000   2.654 0.000 0.044 0.000000 0.116 0.000
118.291667 119.291667   61.11 0.000000  0.62 0.000000 9.999 0.259000 0.10 0.000000000 0.036 0.000  0.305 0.000   0.426 0.000 99.99 0.259000000   4.727 0.000   2.342 0.000   2.385 0.000 0.036 0.000000 0.108 0.000
121.291667 122.291667   49.75 0.559000  0.78 0.559000 9.999 0.559259 0.10 0.559000000 0.055 0.000  0.346 0.000   0.484 0.000 99.99 0.559259000   6.481 0.000   3.902 0.000   2.579 0.559 0.031 0.559000 0.141 0.000
124.291667 125.291667  166.75 0.000000  0.54 0.000000 9.999 0.259000 0.13 0.000000000 0.101 0.000  0.395 0.000   0.553 0.000 99.99 0.259000000  11.103 0.000   6.012 0.000   5.090 0.000 0.090 0.000000 0.175 0.000
127.291667 128.291667   86.50 0.559000  0.58 0.559000 9.999 0.559259 9.99 0.559259000 0.061 0.559  0.518 0.000   0.726 0.000 99.99 0.559259000   8.994 0.000   5.324 0.000   3.671 0.559 0.052 0.559000 0.149 0.559
130.291667 131.291667  175.36 0.000000  0.80 0.000000 9.999 0.259000 0.14 0.000000000 0.089 0.559  0.578 0.000   0.809 0.000 99.99 0.259000000  21.000 0.000  14.695 0.000   6.304 0.000 0.104 0.000000 0.186 0.559
133.291667 134.291667 9999.99 0.456000 99.99 0.456000 9.999 0.456000 9.99 0.456000000 0.041 0.559  0.507 0.000   0.710 0.000 99.99 0.456000000   9.917 0.000 999.999 0.999 999.999 0.456 9.999 0.456000 0.204 0.559
136.291667 137.291667   37.52 0.000000  0.55 0.000000 9.999 0.259000 9.99 0.259000000 0.034 0.559  0.446 0.000   0.625 0.000 99.99 0.259000000   4.811 0.000   2.424 0.000   2.387 0.000 0.023 0.000000 0.151 0.559
139.291667 140.291667   58.39 0.559000  0.63 0.559000 9.999 0.559259 9.99 0.559259000 0.029 0.559  0.781 0.000   1.093 0.000 99.99 0.559259000   8.283 0.000   4.367 0.000   3.917 0.559 0.038 0.559000 0.273 0.559
142.291667 143.291667   15.97 0.559000  0.27 0.559000 0.083 0.559000 0.14 0.559000000 0.037 0.559  0.457 0.000   0.639 0.000 99.99 0.559259000   3.872 0.000   2.510 0.000   1.362 0.559 0.010 0.559000 0.069 0.559
145.291667 146.291667   19.47 0.559000  0.29 0.559000 9.999 0.559259 9.99 0.559259000 0.015 0.559  0.577 0.000   0.807 0.000 99.99 0.559259000   3.618 0.000   2.007 0.000   1.610 0.559 0.012 0.559000 0.109 0.559
148.291667 149.291667   45.06 0.000000  0.47 0.000000 9.999 0.259000 0.17 0.000000000 0.041 0.000  0.587 0.000   0.822 0.000 99.99 0.259000000   7.610 0.000   4.185 0.000   3.425 0.000 0.029 0.000000 0.260 0.000
151.291667 152.291667   83.95 0.000000  0.74 0.000000 9.999 0.259000 9.99 0.259000000 0.054 0.000  1.262 0.000   1.767 0.000 99.99 0.259000000  15.666 0.000   9.665 0.000   6.002 0.000 0.069 0.000000 0.328 0.000
154.291667 155.291667   25.07 0.000000  0.55 0.000000 9.999 0.259000 9.99 0.259000000 0.046 0.559  0.507 0.000   0.710 0.000 99.99 0.259000000   5.031 0.000   2.249 0.000   2.782 0.000 0.020 0.000000 0.208 0.559
157.291667 158.291667   23.82 0.000000  0.26 0.000000 9.999 0.259000 9.99 0.259000000 0.031 0.000  0.861 0.000   1.205 0.000 99.99 0.259000000   4.878 0.000   2.024 0.000   2.854 0.000 0.018 0.000000 0.167 0.000
160.291667 161.291667  176.66 0.559000  0.62 0.559000 9.999 0.559259 0.14 0.559000000 0.054 0.000  1.446 0.000   2.024 0.000 99.99 0.559259000  17.382 0.000   9.516 0.000   7.866 0.559 0.134 0.559000 0.160 0.000
163.291667 164.291667   36.73 0.559000  0.60 0.559000 9.999 0.559259 9.99 0.559259000 0.025 0.000  0.988 0.000   1.383 0.000 99.99 0.559259000   8.060 0.000   4.889 0.000   3.172 0.559 0.029 0.559000 0.105 0.000
166.291667 167.291667   50.28 0.000000  0.67 0.000000 0.034 0.000000 9.99 0.259000000 0.036 0.000  0.717 0.000   1.004 0.000 99.99 0.259000000   8.970 0.000   5.325 0.000   3.645 0.000 0.041 0.000000 0.224 0.000
169.291667 170.291667   86.90 0.699000  0.74 0.699000 0.037 0.699000 9.99 0.699259000 0.061 0.559  1.384 0.000   1.938 0.000 99.99 0.699259000  12.174 0.000   6.947 0.000   5.227 0.699 0.080 0.699000 0.185 0.559
172.291667 173.291667   82.61 0.699000  0.54 0.699000 9.999 0.699259 0.11 0.699000000 0.102 0.559  7.569 0.000  10.596 0.000 99.99 0.699259000  24.411 0.000   7.983 0.000  16.428 0.699 0.097 0.699000 0.279 0.559
175.291667 176.291667   69.90 0.699000  0.82 0.699000 9.999 0.699259 9.99 0.699259000 0.090 0.000  5.115 0.000   7.161 0.000 99.99 0.699259000  19.283 0.000   7.020 0.000  12.263 0.699 0.089 0.699000 0.253 0.000
178.291667 179.291667   55.83 0.559000  0.58 0.559000 9.999 0.559259 9.99 0.559259000 0.056 0.559  4.089 0.000   5.725 0.000 99.99 0.559259000  16.162 0.000   6.570 0.000   9.592 0.559 0.090 0.559000 0.263 0.559
181.291667 182.291667   67.58 0.699000  0.55 0.699000 0.048 0.699000 9.99 0.699259000 0.124 0.559  6.240 0.000   8.737 0.000 99.99 0.699259000  19.076 0.000   5.692 0.000  13.384 0.699 0.128 0.699000 0.292 0.559
184.291667 185.291667   28.20 0.559000  0.31 0.559000 0.034 0.559000 9.99 0.559259000 0.034 0.000  1.561 0.000   2.185 0.000 99.99 0.559259000   7.901 0.000   3.106 0.000   4.795 0.559 0.040 0.559000 0.223 0.000
187.291667 188.291667   22.59 0.559000  0.24 0.559000 9.999 0.559259 9.99 0.559259000 0.016 0.559  0.983 0.000   1.376 0.000 99.99 0.559259000   6.696 0.000   2.914 0.000   3.782 0.559 0.026 0.559000 0.231 0.559
190.291667 191.291667   17.17 0.000000  0.26 0.000000 9.999 0.259000 9.99 0.259000000 0.014 0.559  0.462 0.000   0.647 0.000 99.99 0.259000000   5.291 0.000   3.214 0.000   2.077 0.000 0.017 0.000000 0.157 0.559
193.291667 194.291667   15.31 0.000000  0.23 0.000000 9.999 0.259000 0.12 0.000000000 0.011 0.559  0.980 0.000   1.371 0.000 99.99 0.259000000   5.663 0.000   3.009 0.000   2.654 0.000 0.014 0.000000 0.082 0.559
196.291667 197.291667   38.53 0.699000  0.40 0.699000 9.999 0.699259 9.99 0.699259000 0.023 0.559  2.593 0.000   3.630 0.000 99.99 0.699259000  11.879 0.000   5.207 0.000   6.672 0.699 0.048 0.699000 0.227 0.559
199.291667 200.291667   30.25 0.559000  0.23 0.559000 9.999 0.559259 9.99 0.559259000 0.017 0.559  1.724 0.000   2.413 0.000 99.99 0.559259000   8.317 0.000   3.562 0.000   4.755 0.559 0.034 0.559000 0.184 0.559
202.291667 203.291667   22.75 0.000000  0.46 0.000000 9.999 0.259000 9.99 0.259000000 0.016 0.559  0.873 0.000   1.222 0.000 99.99 0.259000000   6.445 0.000   3.166 0.000   3.279 0.000 0.020 0.000000 0.198 0.559
205.291667 206.291667   19.94 0.559000  0.14 0.559000 9.999 0.559259 9.99 0.559259000 0.028 0.559  0.581 0.000   0.813 0.000 99.99 0.559259000   4.698 0.000   2.304 0.000   2.393 0.559 0.019 0.559000 0.143 0.559
208.291667 209.291667   22.68 0.559000  0.27 0.559000 9.999 0.559259 0.12 0.559000000 0.030 0.000  1.040 0.000   1.456 0.000 99.99 0.559259000   5.952 0.000   2.382 0.000   3.571 0.559 0.028 0.559000 0.178 0.000
211.291667 212.291667   21.02 0.559000  0.23 0.559000 9.999 0.559259 9.99 0.559259000 0.022 0.000  1.544 0.000   2.162 0.000 99.99 0.559259000   6.657 0.000   2.872 0.000   3.785 0.559 0.031 0.559000 0.089 0.000
214.291667 215.291667   20.52 0.000000  0.28 0.000000 0.018 0.000000 0.11 0.000000000 0.028 0.559  0.618 0.000   0.865 0.000 99.99 0.259000000   3.430 0.000   1.000 0.000   2.431 0.000 0.020 0.000000 0.151 0.559
217.291667 218.291667    8.90 0.000000  0.14 0.000000 9.999 0.259000 9.99 0.259000000 0.013 0.000  0.316 0.000   0.442 0.000 99.99 0.259000000   2.311 0.000   0.652 0.000   1.659 0.000 0.010 0.000000 0.110 0.000
220.291667 221.291667   43.56 0.000000  0.53 0.000000 9.999 0.259000 0.14 0.000000000 0.032 0.559  1.101 0.000   1.541 0.000 99.99 0.259000000   6.487 0.000   2.385 0.000   4.102 0.000 0.049 0.000000 0.159 0.559
223.291667 224.291667   31.56 0.000000  0.09 0.000000 0.017 0.000000 9.99 0.259000000 0.032 0.559  1.392 0.000   1.949 0.000 99.99 0.259000000   7.771 0.000   4.330 0.000   3.441 0.000 0.038 0.000000 0.079 0.559
