scripts/IMPROVE-2019_partial/data/US9053R.20070103060000.20191216000000.filterpack...1y.3d.US03L_filterpack_US9053.US03L_IMPROVE_Davis.lev2.nas
52 1001
MISSING INFORMATION
US03L, IMPROVE, , , , , , , 
MISSING INFORMATION
IMPROVE sel_HTAP
1 1
2007 01 01 2019 12 16
3.00
days from file reference point
5
1 1 1 1 1
999.99 999.999 9.999 999.999 9.999
end_time of measurement, days from the file reference point
pm10_mass, ug/m3, Matrix=pm10
numflag pm10_mass, no unit, Matrix=pm10
pm25_mass, ug/m3, Matrix=pm25
numflag pm25_mass, no unit, Matrix=pm25
0
33
Data definition:              EBAS_1.1
Set type code:                TU
Timezone:                     UTC
File name:                    US9053R.20070103060000.20191216000000.filterpack...1y.3d.US03L_filterpack_US9053.US03L_IMPROVE_Davis.lev2.nas
File creation:                20191218120908
Startdate:                    20070103060000
Revision date:                20191216000000
Version:                      2
Version description:          "Data extracted from http://views.cira.colostate.edu/fed/DataWizard 2019-12-16"
Statistics:                   arithmetic mean
Data level:                   2
Period code:                  1y
Resolution code:              3d
Sample duration:              1d
Orig. time res.:              3d
Station code:                 US9053R
Platform code:                US9053S
Station name:                 Viking Lake
Station latitude:             40.969
Station longitude:            -95.045
Station altitude:             371.0 m
Regime:                       IMG
Component:                    
Unit:                         ug/m3
Matrix:                       
Laboratory code:              US03L
Instrument type:              filterpack
Instrument name:              filterpack_US9053
Method ref:                   US03L_IMPROVE_Davis
Blank correction:             Blank corrected
Volume std. temperature:      ambient
Volume std. pressure:         ambient
starttime endtime PM10 flag_PM10 PM2.5 flag_PM2.5
  2.25   3.25   5.093 0.000   4.366 0.000
  5.25   6.25   1.728 0.000   3.420 0.000
  8.25   9.25 999.999 0.456 999.999 0.456
 11.25  12.25 999.999 0.456 999.999 0.456
 14.25  15.25 999.999 0.456 999.999 0.456
 17.25  18.25  13.497 0.000 999.999 0.999
 20.25  21.25  13.605 0.000  13.549 0.000
 23.25  24.25 999.999 0.456 999.999 0.456
 26.25  27.25 999.999 0.456 999.999 0.456
 29.25  30.25 999.999 0.456 999.999 0.456
 32.25  33.25   6.805 0.000   2.479 0.000
 35.25  36.25 999.999 0.999   5.550 0.000
 38.25  39.25 999.999 0.999   9.490 0.000
 41.25  42.25  20.551 0.000  14.745 0.000
 44.25  45.25  20.985 0.000  13.391 0.000
 47.25  48.25  13.161 0.000   8.846 0.000
 50.25  51.25   8.172 0.000   6.842 0.000
 53.25  54.25  12.055 0.000   7.910 0.000
 56.25  57.25   7.559 0.000   6.945 0.000
 59.25  60.25  16.701 0.000  15.992 0.000
 62.25  63.25  10.174 0.000   8.352 0.000
 65.25  66.25  35.959 0.000  30.480 0.000
 68.25  69.25  13.475 0.000  11.217 0.000
 71.25  72.25  13.812 0.000   8.386 0.000
 74.25  75.25  11.341 0.000   5.811 0.000
 77.25  78.25  19.129 0.000  11.830 0.000
 80.25  81.25   8.148 0.000   3.262 0.000
 83.25  84.25  19.246 0.000   6.076 0.000
 86.25  87.25  21.053 0.000  10.903 0.000
 89.25  90.25   6.796 0.000   3.542 0.000
 92.25  93.25  10.094 0.000   6.091 0.000
 95.25  96.25  11.057 0.000   4.440 0.000
 98.25  99.25  20.096 0.000  10.282 0.000
101.25 102.25  10.411 0.000   8.607 0.000
104.25 105.25  13.998 0.000   8.369 0.000
107.25 108.25  26.659 0.000   8.587 0.000
110.25 111.25  29.223 0.000  14.315 0.000
113.25 114.25   9.664 0.000   7.035 0.000
116.25 117.25  10.455 0.000   4.770 0.000
119.25 120.25  21.489 0.000   8.894 0.000
122.25 123.25  24.818 0.000  15.265 0.000
125.25 126.25  11.972 0.000   7.139 0.000
128.25 129.25  11.509 0.000  12.145 0.000
131.25 132.25  40.416 0.000  12.781 0.000
134.25 135.25  14.890 0.000   5.921 0.000
137.25 138.25  22.941 0.000   6.168 0.000
140.25 141.25  33.379 0.000  15.198 0.000
143.25 144.25   7.423 0.000   3.345 0.000
146.25 147.25  10.341 0.000   4.292 0.000
149.25 150.25  13.650 0.000   7.344 0.000
152.25 153.25   7.338 0.000   2.333 0.000
155.25 156.25  19.656 0.000   5.083 0.000
158.25 159.25  22.660 0.000   5.933 0.000
161.25 162.25  12.923 0.000   6.489 0.000
164.25 165.25  41.251 0.000  27.601 0.000
167.25 168.25  27.372 0.000  14.781 0.000
170.25 171.25  25.225 0.000   8.289 0.000
173.25 174.25   8.900 0.000   4.648 0.000
176.25 177.25 999.999 0.456 999.999 0.456
179.25 180.25  25.505 0.000   6.896 0.000
182.25 183.25  28.477 0.000  17.257 0.000
185.25 186.25  29.217 0.000  10.794 0.000
188.25 189.25  25.460 0.000  11.578 0.000
191.25 192.25  25.055 0.000   5.142 0.000
194.25 195.25  21.270 0.000   6.549 0.000
197.25 198.25  24.681 0.000   7.906 0.000
200.25 201.25  20.421 0.000  11.237 0.000
203.25 204.25  14.825 0.000  10.120 0.000
206.25 207.25  31.533 0.000  19.804 0.000
209.25 210.25  20.092 0.000  11.691 0.000
212.25 213.25  32.110 0.000  20.798 0.000
215.25 216.25  26.686 0.000  15.577 0.000
218.25 219.25 999.999 0.456   9.193 0.000
221.25 222.25  15.917 0.000   6.986 0.000
224.25 225.25  17.564 0.000   7.030 0.000
227.25 228.25  17.510 0.000  11.397 0.000
230.25 231.25  13.122 0.000   7.895 0.000
233.25 234.25 999.999 0.999 999.999 0.999
236.25 237.25  15.915 0.000   7.931 0.000
239.25 240.25  21.678 0.000  11.580 0.000
242.25 243.25  21.300 0.000   8.190 0.000
245.25 246.25  25.714 0.000  10.758 0.000
248.25 249.25  16.987 0.000   8.459 0.000
251.25 252.25  15.724 0.000   5.240 0.000
254.25 255.25  16.758 0.000   2.888 0.000
257.25 258.25  16.924 0.000   3.337 0.000
260.25 261.25  17.640 0.000  10.773 0.000
263.25 264.25  31.284 0.000  15.740 0.000
266.25 267.25  25.890 0.000  14.792 0.000
269.25 270.25  20.863 0.000   4.000 0.000
272.25 273.25  26.452 0.000  10.169 0.000
275.25 276.25 999.999 0.999 999.999 0.999
278.25 279.25  19.691 0.000   9.595 0.000
281.25 282.25  10.671 0.000   2.860 0.000
284.25 285.25  25.900 0.000   4.507 0.000
287.25 288.25   9.772 0.000   7.114 0.000
290.25 291.25   4.461 0.000   2.045 0.000
293.25 294.25  17.671 0.000   4.583 0.000
296.25 297.25  19.716 0.000   3.184 0.000
299.25 300.25  22.257 0.000   4.603 0.000
302.25 303.25  28.460 0.000   9.932 0.000
305.25 306.25  34.761 0.000   5.224 0.000
308.25 309.25  29.493 0.000   4.248 0.000
311.25 312.25  48.778 0.000   7.619 0.000
314.25 315.25  33.654 0.000  18.022 0.000
317.25 318.25  32.622 0.000   2.832 0.000
320.25 321.25  57.286 0.000  12.185 0.000
323.25 324.25  29.844 0.000  20.855 0.000
326.25 327.25  11.130 0.000   7.175 0.000
329.25 330.25  22.696 0.000   8.829 0.000
332.25 333.25  23.166 0.000   5.669 0.000
335.25 336.25  12.011 0.000   9.613 0.000
338.25 339.25  10.501 0.000   7.768 0.000
341.25 342.25  15.211 0.000  13.745 0.000
344.25 345.25  12.394 0.000  11.742 0.000
347.25 348.25  13.165 0.000  10.928 0.000
350.25 351.25  22.946 0.000  21.458 0.000
353.25 354.25  26.494 0.000  22.704 0.000
356.25 357.25   7.671 0.000   5.116 0.000
359.25 360.25  18.440 0.000  17.456 0.000
362.25 363.25  14.730 0.000  12.129 0.000
