scripts/IMPROVE-2019_partial/data/US9009R.20060102050000.20191216000000.filterpack..pm25.5mo.1w.US03L_filterpack_US9009.US03L_IMPROVE_Davis.lev2.nas
64 1001
MISSING INFORMATION
US03L, IMPROVE, , , , , , , 
MISSING INFORMATION
IMPROVE sel_HTAP
1 1
2006 01 01 2019 12 16
3.000000
days from file reference point
25
1 1 1 1 1 1 1 1 1 1 1 1 1 1 1 1 1 1 1 1 1 1 1 1 1
999.999999 9999.99 9.999 999.99 9.999 9.999 9.999 99.99 9.999 9.999 9.999 99.999 9.999 99.999 9.999 999.999 9.999 999.999 9.999 999.999 9.999 9.999 9.999 99.999 9.999
end_time of measurement, days from the file reference point
iron, ng/m3, Revision date=20181210133000
numflag iron, no unit, Revision date=20181210133000
lead, ng/m3, Revision date=20181210133000
numflag lead, no unit, Revision date=20181210133000
magnesium, ug/m3, Revision date=20181210133000
numflag magnesium, no unit, Revision date=20181210133000
nickel, ng/m3, Revision date=20181210133000
numflag nickel, no unit, Revision date=20181210133000
nitrate, ug N/m3, Revision date=20181210133000
numflag nitrate, no unit, Revision date=20181210133000
organic_carbon, ug C/m3, Revision date=20181210133000
numflag organic_carbon, no unit, Revision date=20181210133000
organic_mass, ug/m3, Revision date=20181210133000
numflag organic_mass, no unit, Revision date=20181210133000
pm10_mass, ug/m3, Version=2, Version description=Data extracted from http://views.cira.colostate.edu/fed/DataWizard 2019-12-16, Sample duration=1d, Orig. time res.=3d, Matrix=pm10, Blank correction=Blank corrected, Volume std. temperature=ambient, Volume std. pressure=ambient
numflag pm10_mass, no unit, Version=2, Version description=Data extracted from http://views.cira.colostate.edu/fed/DataWizard 2019-12-16, Sample duration=1d, Orig. time res.=3d, Matrix=pm10, Blank correction=Blank corrected, Volume std. temperature=ambient, Volume std. pressure=ambient
pm10_pm25_mass, ug/m3, Revision date=20181210133000, Matrix=pm10_pm25
numflag pm10_pm25_mass, no unit, Revision date=20181210133000, Matrix=pm10_pm25
pm25_mass, ug/m3, Version=2, Version description=Data extracted from http://views.cira.colostate.edu/fed/DataWizard 2019-12-16, Sample duration=1d, Orig. time res.=3d, Blank correction=Blank corrected, Volume std. temperature=ambient, Volume std. pressure=ambient
numflag pm25_mass, no unit, Version=2, Version description=Data extracted from http://views.cira.colostate.edu/fed/DataWizard 2019-12-16, Sample duration=1d, Orig. time res.=3d, Blank correction=Blank corrected, Volume std. temperature=ambient, Volume std. pressure=ambient
potassium, ug/m3, Revision date=20181210133000
numflag potassium, no unit, Revision date=20181210133000
sulphate_total, ug S/m3, Revision date=20181210133000
numflag sulphate_total, no unit, Revision date=20181210133000
0
25
Data definition:              EBAS_1.1
Set type code:                TU
Timezone:                     UTC
File name:                    US9009R.20060102050000.20191216000000.filterpack..pm25.5mo.1w.US03L_filterpack_US9009.US03L_IMPROVE_Davis.lev2.nas
File creation:                20191218120543
Startdate:                    20060102050000
Revision date:                20191216000000
Statistics:                   arithmetic mean
Data level:                   2
Period code:                  5mo
Resolution code:              1w
Station code:                 US9009R
Platform code:                US9009S
Station name:                 Old Town
Station latitude:             44.9334
Station longitude:            -68.6457
Station altitude:             51.0 m
Regime:                       IMG
Component:                    
Matrix:                       pm25
Laboratory code:              US03L
Instrument type:              filterpack
Instrument name:              filterpack_US9009
Method ref:                   US03L_IMPROVE_Davis
starttime endtime Fe flag_Fe Pb flag_Pb Mg++ flag_Mg++ Ni flag_Ni NO3- flag_NO3- OC flag_OC OM flag_OM PM10 flag_PM10 PM10-PM2.5 flag_PM10-PM2.5 PM2.5 flag_PM2.5 K+ flag_K+ SO4-- flag_SO4--
  1.208333   2.208333   12.28 0.000   2.12 0.000 0.005 0.000  2.37 0.000 0.156 0.000  2.851 0.000  3.992 0.000  10.651 0.000   1.518 0.000   9.133 0.000 0.077 0.000  0.751 0.000
  4.208333   5.208333   12.44 0.000   1.14 0.000 9.999 0.259  2.31 0.000 0.122 0.000  1.731 0.000  2.424 0.000  12.663 0.000   1.668 0.000  10.995 0.000 0.054 0.000  1.600 0.000
  7.208333   8.208333   28.15 0.000   3.45 0.000 9.999 0.259  4.19 0.000 0.226 0.000  4.537 0.000  6.352 0.000  24.801 0.000   9.798 0.000  15.003 0.000 0.115 0.000  0.968 0.000
 10.208333  11.208333   39.89 0.000   2.74 0.000 9.999 0.259  6.14 0.000 0.316 0.000  3.350 0.000  4.690 0.000  19.092 0.000   2.814 0.000  16.278 0.000 0.086 0.000  1.649 0.000
 13.208333  14.208333   10.95 0.000   0.96 0.000 9.999 0.259  2.43 0.000 0.050 0.000  0.652 0.000  0.913 0.000   6.369 0.000   0.723 0.000   5.646 0.000 0.029 0.000  0.933 0.000
 16.208333  17.208333   20.18 0.000   1.45 0.000 9.999 0.259  1.71 0.000 0.051 0.000  1.888 0.000  2.643 0.000   7.461 0.000   2.739 0.000   4.722 0.000 0.047 0.000  0.314 0.000
 19.208333  20.208333  118.84 0.000   3.67 0.000 9.999 0.259  3.35 0.000 0.205 0.000  6.953 0.000  9.734 0.000  48.871 0.000  32.980 0.000  15.891 0.000 0.125 0.000  1.254 0.000
 22.208333  23.208333   56.68 0.000   2.84 0.000 9.999 0.259  1.63 0.000 0.086 0.000  2.405 0.000  3.367 0.000  21.582 0.000  14.057 0.000   7.526 0.000 0.070 0.000  0.514 0.000
 25.208333  26.208333   17.02 0.000   1.01 0.000 9.999 0.259  4.81 0.000 0.015 0.000  0.825 0.000  1.155 0.000   8.648 0.000   4.032 0.000   4.616 0.000 0.023 0.000  0.736 0.000
 28.208333  29.208333   48.89 0.000   5.26 0.000 0.008 0.000  1.35 0.000 0.048 0.000  1.210 0.000  1.693 0.000  20.567 0.000  15.855 0.000   4.712 0.000 0.042 0.000  0.504 0.000
 31.208333  32.208333   26.71 0.000   0.31 0.000 0.011 0.000  0.84 0.000 0.071 0.000  0.995 0.000  1.394 0.000  11.908 0.000   7.452 0.000   4.456 0.000 0.044 0.000  0.506 0.000
 34.208333  35.208333   18.34 0.000  12.35 0.000 9.999 0.259  2.73 0.000 0.105 0.000  1.321 0.000  1.850 0.000  10.953 0.000   3.373 0.000   7.580 0.000 0.039 0.000  1.100 0.000
 37.208333  38.208333   31.42 0.000   2.09 0.000 0.027 0.000  0.73 0.000 0.118 0.000  0.757 0.000  1.060 0.000  15.559 0.000  11.014 0.000   4.545 0.000 0.044 0.000  0.434 0.000
 40.208333  41.208333   66.31 0.000   2.34 0.000 0.009 0.000  1.61 0.000 0.074 0.000  1.189 0.000  1.665 0.000  22.238 0.000  16.824 0.000   5.414 0.000 0.060 0.000  0.579 0.000
 43.208333  44.208333   21.77 0.000   2.32 0.000 9.999 0.259  2.64 0.000 0.054 0.000  1.425 0.000  1.995 0.000   7.713 0.000   2.611 0.000   5.102 0.000 0.048 0.000  0.525 0.000
 46.208333  47.208333  106.07 0.000   3.45 0.000 9.999 0.259  3.27 0.000 0.509 0.000  3.213 0.000  4.498 0.000  34.106 0.659  16.279 0.000  17.828 0.000 0.124 0.000  1.498 0.000
 49.208333  50.208333   32.75 0.000   2.13 0.000 0.018 0.000  0.29 0.000 0.074 0.000  1.169 0.000  1.637 0.000  12.600 0.000   7.500 0.000   5.101 0.000 0.061 0.000  0.497 0.000
 52.208333  53.208333   74.89 0.000   3.57 0.000 9.999 0.259  2.30 0.000 0.614 0.000  3.021 0.000  4.230 0.000  30.629 0.000  11.867 0.000  18.762 0.000 0.117 0.000  1.778 0.000
 55.208333  56.208333   16.60 0.000   0.72 0.000 9.999 0.259  2.28 0.000 0.057 0.559  0.636 0.000  0.890 0.000   6.898 0.000   3.997 0.000   2.902 0.000 0.029 0.000  0.311 0.559
 58.208333  59.208333   37.63 0.000   1.53 0.000 0.013 0.000  0.34 0.000 0.051 0.000  1.095 0.000  1.533 0.000  12.742 0.000   8.827 0.000   3.915 0.000 0.050 0.000  0.268 0.000
 61.208333  62.208333   19.84 0.000   1.15 0.000 0.033 0.000  1.45 0.000 0.171 0.000  1.028 0.000  1.439 0.000   9.060 0.000   3.755 0.000   5.306 0.000 0.050 0.000  0.394 0.000
 64.208333  65.208333   93.62 0.000   0.73 0.000 9.999 0.259  1.68 0.000 0.056 0.559  1.537 0.000  2.152 0.000  24.724 0.000  18.739 0.000   5.985 0.000 0.076 0.000  0.305 0.559
 67.208333  68.208333   88.11 0.000   1.34 0.000 9.999 0.259  1.32 0.000 0.095 0.000  1.453 0.000  2.035 0.000  22.099 0.000  14.771 0.000   7.329 0.000 0.085 0.000  0.683 0.000
 70.208333  71.208333   34.31 0.000   4.47 0.000 9.999 0.259  2.38 0.000 0.242 0.000  2.095 0.000  2.932 0.000  15.739 0.000   5.100 0.000  10.639 0.000 0.069 0.000  1.051 0.000
 73.208333  74.208333   23.55 0.000   1.27 0.000 9.999 0.259  0.21 0.000 0.026 0.000  0.461 0.000  0.646 0.000   8.901 0.000   6.387 0.000   2.513 0.000 0.026 0.000  0.337 0.000
 76.208333  77.208333   30.11 0.000   1.52 0.000 0.011 0.000  1.67 0.000 0.052 0.000  0.701 0.000  0.982 0.000   8.588 0.000   4.715 0.000   3.873 0.000 0.049 0.000  0.540 0.000
 79.208333  80.208333   33.13 0.000   0.78 0.000 9.999 0.259  0.58 0.000 0.046 0.000  0.567 0.000  0.794 0.000   8.936 0.000   5.552 0.000   3.384 0.000 0.035 0.000  0.416 0.000
 82.208333  83.208333   68.07 0.000   0.93 0.000 9.999 0.259  1.20 0.000 0.045 0.000  1.176 0.000  1.646 0.000  15.345 0.000  10.935 0.000   4.410 0.000 0.056 0.000  0.277 0.000
 85.208333  86.208333   73.38 0.000   1.02 0.000 9.999 0.259  1.69 0.000 0.037 0.000  1.124 0.000  1.573 0.000  15.053 0.000   9.503 0.000   5.550 0.000 0.064 0.000  0.576 0.000
 88.208333  89.208333  123.63 0.000   4.18 0.000 9.999 0.259  0.91 0.000 0.105 0.000  2.152 0.000  3.013 0.000  25.776 0.000  14.903 0.000  10.873 0.000 0.107 0.000  0.890 0.000
 91.208333  92.208333   24.39 0.000   0.67 0.000 0.011 0.000  0.19 0.000 0.012 0.000  0.481 0.000  0.673 0.000   6.209 0.000   3.892 0.000   2.317 0.000 0.025 0.000  0.319 0.000
 94.208333  95.208333   16.60 0.000   0.66 0.000 0.011 0.000  0.54 0.000 0.032 0.000  0.367 0.000  0.514 0.000   5.140 0.000   2.744 0.000   2.396 0.000 0.016 0.000  0.324 0.000
 97.208333  98.208333   19.34 0.000   1.25 0.000 0.009 0.000  0.74 0.000 0.063 0.000  0.659 0.000  0.923 0.000   6.892 0.000   2.553 0.000   4.338 0.000 0.032 0.000  0.638 0.000
100.208333 101.208333   69.30 0.000   2.89 0.000 0.024 0.000  1.61 0.000 0.070 0.000  1.707 0.000  2.390 0.000  18.329 0.000  10.009 0.000   8.320 0.000 0.071 0.000  0.877 0.000
103.208333 104.208333   29.45 0.000   1.70 0.000 9.999 0.259  0.64 0.000 0.065 0.000  1.092 0.000  1.529 0.000  11.302 0.000   4.723 0.000   6.580 0.000 0.041 0.000  0.899 0.000
106.208333 107.208333    5.53 0.000   0.22 0.000 0.009 0.000  0.24 0.000 0.003 0.000  0.270 0.000  0.378 0.000   2.309 0.000   1.448 0.000   0.862 0.000 0.008 0.000  0.083 0.000
109.208333 110.208333   34.22 0.000   0.67 0.000 0.016 0.000 99.99 0.259 0.013 0.000  0.572 0.000  0.801 0.000   7.695 0.000   5.478 0.000   2.218 0.000 0.024 0.000  0.193 0.000
112.208333 113.208333   37.14 0.000   3.48 0.000 0.011 0.000  0.87 0.000 0.022 0.000  0.971 0.000  1.359 0.000   7.865 0.000   3.811 0.000   4.054 0.000 0.038 0.000  0.363 0.000
115.208333 116.208333   20.01 0.000   1.27 0.000 0.017 0.000  0.47 0.000 0.040 0.559  0.399 0.000  0.558 0.000   7.595 0.000   4.310 0.000   3.285 0.000 0.024 0.000  0.343 0.559
118.208333 119.208333   34.60 0.000   3.51 0.000 9.999 0.259  0.15 0.000 0.025 0.559  0.918 0.000  1.285 0.000   9.945 0.000   6.386 0.000   3.559 0.000 0.040 0.000  0.200 0.559
121.208333 122.208333   29.77 0.000   0.94 0.000 9.999 0.259  0.21 0.000 0.024 0.559  0.634 0.000  0.888 0.000   5.548 0.000   2.167 0.000   3.380 0.000 0.026 0.000  0.348 0.559
124.208333 125.208333   73.43 0.000   2.84 0.000 9.999 0.259  0.92 0.000 0.077 0.559  2.052 0.000  2.873 0.000  18.116 0.000   8.233 0.000   9.884 0.000 0.060 0.000  1.015 0.559
127.208333 128.208333   45.74 0.000   1.25 0.000 9.999 0.259  0.31 0.000 0.027 0.559  1.078 0.000  1.509 0.000   9.866 0.000   5.115 0.000   4.751 0.000 0.043 0.000  0.392 0.559
130.208333 131.208333    9.84 0.000   0.38 0.000 9.999 0.259 99.99 0.259 0.004 0.559  0.410 0.000  0.574 0.000   3.625 0.000   2.419 0.000   1.205 0.000 0.007 0.000  0.102 0.559
133.208333 134.208333   24.01 0.000   1.57 0.000 9.999 0.259  0.32 0.000 0.033 0.559  1.029 0.000  1.440 0.000   8.634 0.000   3.519 0.000   5.115 0.000 0.043 0.000  0.484 0.559
136.208333 137.208333   15.65 0.000   1.64 0.000 9.999 0.259  1.41 0.000 0.059 0.559  1.080 0.000  1.512 0.000  11.771 0.000   3.833 0.000   7.938 0.000 0.024 0.000  1.215 0.559
139.208333 140.208333   18.81 0.000   1.96 0.000 0.028 0.000  0.76 0.000 0.167 0.559  1.150 0.000  1.610 0.000  13.656 0.000   5.290 0.000   8.366 0.000 0.036 0.000  1.156 0.559
142.208333 143.208333   10.43 0.000   0.80 0.000 9.999 0.259  0.43 0.000 0.006 0.559  0.437 0.000  0.611 0.000   4.461 0.000   2.432 0.000   2.029 0.000 0.013 0.000  0.217 0.559
145.208333 146.208333   40.73 0.000   1.86 0.000 9.999 0.259  1.01 0.000 0.139 0.559  1.461 0.000  2.046 0.000  18.661 0.000   6.393 0.000  12.268 0.000 0.043 0.000  1.653 0.559
148.208333 149.208333   37.52 0.000   2.33 0.000 9.999 0.259  1.14 0.000 0.021 0.559  2.539 0.000  3.554 0.000  12.955 0.000   5.223 0.000   7.732 0.000 0.045 0.000  0.482 0.559
