scripts/IMPROVE-2019_partial/data/US9044R.20120101080000.20191216000000.filterpack...52w.3d.US03L_filterpack_US9044.US03L_IMPROVE_Davis.lev2.nas
52 1001
MISSING INFORMATION
US03L, IMPROVE, , , , , , , 
MISSING INFORMATION
IMPROVE sel_HTAP
1 1
2012 01 01 2019 12 16
3.000000
days from file reference point
5
1 1 1 1 1
999.999999 999.999 9.999 999.999 9.999
end_time of measurement, days from the file reference point
pm10_mass, ug/m3, Matrix=pm10
numflag pm10_mass, no unit, Matrix=pm10
pm25_mass, ug/m3, Matrix=pm25
numflag pm25_mass, no unit, Matrix=pm25
0
33
Data definition:              EBAS_1.1
Set type code:                TU
Timezone:                     UTC
File name:                    US9044R.20120101080000.20191216000000.filterpack...52w.3d.US03L_filterpack_US9044.US03L_IMPROVE_Davis.lev2.nas
File creation:                20191218120823
Startdate:                    20120101080000
Revision date:                20191216000000
Version:                      2
Version description:          "Data extracted from http://views.cira.colostate.edu/fed/DataWizard 2019-12-16"
Statistics:                   arithmetic mean
Data level:                   2
Period code:                  52w
Resolution code:              3d
Sample duration:              1d
Orig. time res.:              3d
Station code:                 US9044R
Platform code:                US9044S
Station name:                 Trinity
Station latitude:             40.7864
Station longitude:            -122.8046
Station altitude:             1014.0 m
Regime:                       IMG
Component:                    
Unit:                         ug/m3
Matrix:                       
Laboratory code:              US03L
Instrument type:              filterpack
Instrument name:              filterpack_US9044
Method ref:                   US03L_IMPROVE_Davis
Blank correction:             Blank corrected
Volume std. temperature:      ambient
Volume std. pressure:         ambient
starttime endtime PM10 flag_PM10 PM2.5 flag_PM2.5
  0.333333   1.333333   1.677 0.000   1.144 0.000
  3.333333   4.333333   3.482 0.000   3.217 0.000
  6.333333   7.333333   1.396 0.000   1.014 0.000
  9.333333  10.333333   2.169 0.000   2.309 0.000
 12.333333  13.333333   1.347 0.000   0.989 0.000
 15.333333  16.333333   8.351 0.000   8.721 0.000
 18.333333  19.333333 999.999 0.999 999.999 0.999
 21.333333  22.333333   0.620 0.000   0.468 0.000
 24.333333  25.333333   0.205 0.000   0.122 0.000
 27.333333  28.333333   1.644 0.000   1.442 0.000
 30.333333  31.333333   1.030 0.000   0.961 0.000
 33.333333  34.333333   1.113 0.000   0.832 0.000
 36.333333  37.333333   2.507 0.000   1.894 0.000
 39.333333  40.333333   1.431 0.000   0.965 0.000
 42.333333  43.333333   0.661 0.000   0.345 0.000
 45.333333  46.333333   0.946 0.000   0.740 0.000
 48.333333  49.333333   1.975 0.000   1.358 0.000
 51.333333  52.333333   1.388 0.000   1.388 0.000
 54.333333  55.333333   1.509 0.000   1.202 0.000
 57.333333  58.333333   2.075 0.000   1.622 0.000
 60.333333  61.333333   0.536 0.000   0.432 0.000
 63.333333  64.333333   2.433 0.000   1.539 0.000
 66.333333  67.333333   1.107 0.000   1.018 0.000
 69.333333  70.333333   6.715 0.000   4.056 0.000
 72.333333  73.333333   1.811 0.000   1.213 0.000
 75.333333  76.333333   0.701 0.000   0.375 0.000
 78.333333  79.333333   1.737 0.000   1.027 0.000
 81.333333  82.333333   1.316 0.000   0.844 0.000
 84.333333  85.333333 999.999 0.259   0.219 0.000
 87.333333  88.333333   2.921 0.000   2.126 0.000
 90.333333  91.333333   1.646 0.000   1.026 0.000
 93.333333  94.333333 999.999 0.456   2.370 0.000
 96.333333  97.333333 999.999 0.456   0.708 0.000
 99.333333 100.333333 999.999 0.456  10.311 0.000
102.333333 103.333333   0.945 0.000   0.623 0.000
105.333333 106.333333   2.759 0.000   1.997 0.000
108.333333 109.333333   2.163 0.000   1.877 0.000
111.333333 112.333333   4.333 0.000   3.318 0.000
114.333333 115.333333   5.839 0.000   4.417 0.000
117.333333 118.333333   2.256 0.000   1.562 0.000
120.333333 121.333333   4.782 0.000   2.940 0.000
123.333333 124.333333   2.915 0.000   1.953 0.000
126.333333 127.333333   8.939 0.000   6.110 0.000
129.333333 130.333333 999.999 0.999 999.999 0.999
132.333333 133.333333 999.999 0.999 999.999 0.999
135.333333 136.333333 999.999 0.999 999.999 0.999
138.333333 139.333333 999.999 0.999 999.999 0.999
141.333333 142.333333 999.999 0.999 999.999 0.999
144.333333 145.333333   3.920 0.000   1.369 0.000
147.333333 148.333333   4.906 0.000   3.060 0.000
150.333333 151.333333 999.999 0.999 999.999 0.999
153.333333 154.333333 999.999 0.999 999.999 0.999
156.333333 157.333333 999.999 0.999 999.999 0.999
159.333333 160.333333   3.705 0.000   1.882 0.000
162.333333 163.333333   4.249 0.000   1.719 0.000
165.333333 166.333333   5.450 0.000   2.528 0.000
168.333333 169.333333   4.286 0.000   2.832 0.000
171.333333 172.333333 999.999 0.999 999.999 0.999
174.333333 175.333333 999.999 0.999 999.999 0.999
177.333333 178.333333 999.999 0.999 999.999 0.999
180.333333 181.333333   3.971 0.000   2.008 0.000
183.333333 184.333333   2.446 0.000   1.834 0.000
186.333333 187.333333  14.285 0.000  11.323 0.000
189.333333 190.333333   7.241 0.000   4.095 0.000
192.333333 193.333333  17.891 0.000  16.218 0.000
195.333333 196.333333  11.037 0.000   6.370 0.000
198.333333 199.333333   5.594 0.000   2.550 0.000
201.333333 202.333333   5.043 0.000   3.190 0.000
204.333333 205.333333   9.004 0.000   6.109 0.000
207.333333 208.333333  12.167 0.000   5.508 0.000
210.333333 211.333333   6.120 0.000   3.905 0.000
213.333333 214.333333   6.765 0.000   3.242 0.000
216.333333 217.333333  16.486 0.000  10.494 0.000
219.333333 220.333333   5.651 0.000   2.519 0.000
222.333333 223.333333   8.895 0.000   3.630 0.000
225.333333 226.333333  15.127 0.000   9.817 0.000
228.333333 229.333333  17.264 0.000  10.030 0.000
231.333333 232.333333   6.207 0.000   3.476 0.000
234.333333 235.333333 999.999 0.999 999.999 0.999
237.333333 238.333333 999.999 0.999 999.999 0.999
240.333333 241.333333 999.999 0.999 999.999 0.999
243.333333 244.333333  19.498 0.000  13.257 0.000
246.333333 247.333333  23.882 0.000  18.942 0.000
249.333333 250.333333  20.531 0.000   8.090 0.000
252.333333 253.333333  33.408 0.000  29.049 0.000
255.333333 256.333333  12.573 0.000   8.089 0.000
258.333333 259.333333  12.976 0.000   5.363 0.000
261.333333 262.333333  10.928 0.000   3.711 0.000
264.333333 265.333333   8.323 0.000   3.114 0.000
267.333333 268.333333   5.577 0.000   3.330 0.000
270.333333 271.333333  21.178 0.000  11.656 0.000
273.333333 274.333333   7.106 0.000   3.595 0.000
276.333333 277.333333   9.347 0.000   4.014 0.000
279.333333 280.333333  10.218 0.000   3.452 0.000
282.333333 283.333333   8.247 0.000   3.311 0.000
285.333333 286.333333  16.583 0.000   6.031 0.000
288.333333 289.333333   4.961 0.000   1.244 0.000
291.333333 292.333333   6.231 0.000   2.229 0.000
294.333333 295.333333   9.066 0.000   4.065 0.000
297.333333 298.333333   1.212 0.000   0.754 0.000
300.333333 301.333333   1.403 0.000   0.810 0.000
303.333333 304.333333   5.940 0.000   3.376 0.000
306.333333 307.333333   2.893 0.000   1.656 0.000
309.333333 310.333333   2.453 0.000   1.349 0.000
312.333333 313.333333   2.558 0.000   1.369 0.000
315.333333 316.333333   8.900 0.000   6.426 0.000
318.333333 319.333333  43.075 0.000 999.999 0.699
321.333333 322.333333   1.674 0.000   1.106 0.000
324.333333 325.333333   1.747 0.000   0.785 0.000
327.333333 328.333333 999.999 0.999 999.999 0.999
330.333333 331.333333 999.999 0.999 999.999 0.999
333.333333 334.333333   1.420 0.000   0.542 0.000
336.333333 337.333333   1.592 0.000   0.547 0.000
339.333333 340.333333   0.499 0.000   0.239 0.000
342.333333 343.333333   1.764 0.000   1.082 0.000
345.333333 346.333333   0.808 0.000   0.828 0.000
348.333333 349.333333   1.047 0.000   0.698 0.000
351.333333 352.333333   1.426 0.000   0.723 0.000
354.333333 355.333333   5.615 0.000   4.651 0.000
357.333333 358.333333   0.210 0.000   0.061 0.000
360.333333 361.333333 999.999 0.999 999.999 0.999
363.333333 364.333333   0.336 0.000   0.241 0.000
