scripts/IMPROVE-2019_partial/data/US9055R.20050101070000.20191216000000.filterpack..pm25.52w.1w.US03L_filterpack_US9055.US03L_IMPROVE_Davis.lev2.nas
66 1001
MISSING INFORMATION
US03L, IMPROVE, , , , , , , 
MISSING INFORMATION
IMPROVE sel_HTAP
1 1
2005 01 01 2019 12 16
3.000000
days from file reference point
27
1 1 1 1 1 1 1 1 1 1 1 1 1 1 1 1 1 1 1 1 1 1 1 1 1 1 1
999.999999 9999.99 9.999 99.99 9.999 9.999 9.999999 9.99 9.999999 9.999 9.999 999.999 9.999 999.999 9.999 99.99 9.999999 999.999 9.999 999.999 9.999 999.999 9.999 9.999 9.999 9.999 9.999
end_time of measurement, days from the file reference point
iron, ng/m3, Revision date=20181210133000
numflag iron, no unit, Revision date=20181210133000
lead, ng/m3, Revision date=20181210133000
numflag lead, no unit, Revision date=20181210133000
magnesium, ug/m3, Revision date=20181210133000
numflag magnesium, no unit, Revision date=20181210133000
nickel, ng/m3, Revision date=20181210133000
numflag nickel, no unit, Revision date=20181210133000
nitrate, ug N/m3, Revision date=20181210133000
numflag nitrate, no unit, Revision date=20181210133000
organic_carbon, ug C/m3, Revision date=20181210133000
numflag organic_carbon, no unit, Revision date=20181210133000
organic_mass, ug/m3, Revision date=20181210133000
numflag organic_mass, no unit, Revision date=20181210133000
phosphorus, ng/m3, Revision date=20181210133000
numflag phosphorus, no unit, Revision date=20181210133000
pm10_mass, ug/m3, Version=2, Version description=Data extracted from http://views.cira.colostate.edu/fed/DataWizard 2019-12-16, Sample duration=1d, Orig. time res.=3d, Matrix=pm10, Blank correction=Blank corrected, Volume std. temperature=ambient, Volume std. pressure=ambient
numflag pm10_mass, no unit, Version=2, Version description=Data extracted from http://views.cira.colostate.edu/fed/DataWizard 2019-12-16, Sample duration=1d, Orig. time res.=3d, Matrix=pm10, Blank correction=Blank corrected, Volume std. temperature=ambient, Volume std. pressure=ambient
pm10_pm25_mass, ug/m3, Revision date=20181210133000, Matrix=pm10_pm25
numflag pm10_pm25_mass, no unit, Revision date=20181210133000, Matrix=pm10_pm25
pm25_mass, ug/m3, Version=2, Version description=Data extracted from http://views.cira.colostate.edu/fed/DataWizard 2019-12-16, Sample duration=1d, Orig. time res.=3d, Blank correction=Blank corrected, Volume std. temperature=ambient, Volume std. pressure=ambient
numflag pm25_mass, no unit, Version=2, Version description=Data extracted from http://views.cira.colostate.edu/fed/DataWizard 2019-12-16, Sample duration=1d, Orig. time res.=3d, Blank correction=Blank corrected, Volume std. temperature=ambient, Volume std. pressure=ambient
potassium, ug/m3, Revision date=20181210133000
numflag potassium, no unit, Revision date=20181210133000
sulphate_total, ug S/m3, Revision date=20181210133000
numflag sulphate_total, no unit, Revision date=20181210133000
0
25
Data definition:              EBAS_1.1
Set type code:                TU
Timezone:                     UTC
File name:                    US9055R.20050101070000.20191216000000.filterpack..pm25.52w.1w.US03L_filterpack_US9055.US03L_IMPROVE_Davis.lev2.nas
File creation:                20191218120913
Startdate:                    20050101070000
Revision date:                20191216000000
Statistics:                   arithmetic mean
Data level:                   2
Period code:                  52w
Resolution code:              1w
Station code:                 US9055R
Platform code:                US9055S
Station name:                 Sawtooth NF
Station latitude:             44.1705
Station longitude:            -114.9271
Station altitude:             1990.0 m
Regime:                       IMG
Component:                    
Matrix:                       pm25
Laboratory code:              US03L
Instrument type:              filterpack
Instrument name:              filterpack_US9055
Method ref:                   US03L_IMPROVE_Davis
starttime endtime Fe flag_Fe Pb flag_Pb Mg++ flag_Mg++ Ni flag_Ni NO3- flag_NO3- OC flag_OC OM flag_OM P flag_P PM10 flag_PM10 PM10-PM2.5 flag_PM10-PM2.5 PM2.5 flag_PM2.5 K+ flag_K+ SO4-- flag_SO4--
[from data line 81]
243.291667 244.291667   40.11 0.000  0.57 0.000 9.999 0.259000 9.99 0.259000 0.007 0.000   1.007 0.000   1.812 0.000 99.99 0.259000   4.566 0.000   1.641 0.000   2.907 0.000 0.024 0.000 0.114 0.000
246.291667 247.291667   73.13 0.699  0.94 0.699 9.999 0.699259 9.99 0.699259 0.093 0.699  10.001 0.699  18.002 0.699 99.99 0.699259  26.080 0.659   6.102 0.699  19.906 0.659 0.139 0.699 0.243 0.699
249.291667 250.291667 9999.99 0.999 99.99 0.999 9.999 0.999000 9.99 0.999000 9.999 0.999 999.999 0.999 999.999 0.999 99.99 0.999000 999.999 0.999 999.999 0.999 999.999 0.999 9.999 0.999 9.999 0.999
252.291667 253.291667 9999.99 0.999 99.99 0.999 9.999 0.999000 9.99 0.999000 9.999 0.999 999.999 0.999 999.999 0.999 99.99 0.999000 999.999 0.999 999.999 0.999 999.999 0.999 9.999 0.999 9.999 0.999
255.291667 256.291667 9999.99 0.999 99.99 0.999 9.999 0.999000 9.99 0.999000 9.999 0.999 999.999 0.999 999.999 0.999 99.99 0.999000 999.999 0.999 999.999 0.999 999.999 0.999 9.999 0.999 9.999 0.999
258.291667 259.291667   58.67 0.394  1.14 0.394 0.019 0.394000 0.22 0.394000 0.021 0.394   1.943 0.000   3.498 0.000 99.99 0.394259   9.070 0.000   4.147 0.000   4.920 0.000 0.053 0.394 0.108 0.394
261.291667 262.291667   11.00 0.000  0.76 0.000 9.999 0.259000 9.99 0.259000 0.011 0.000   1.225 0.000   2.204 0.000 99.99 0.259000   3.074 0.000   0.442 0.000   2.626 0.000 0.012 0.000 0.114 0.000
264.291667 265.291667   35.65 0.000  1.06 0.000 9.999 0.259000 0.09 0.000000 0.021 0.000   2.626 0.000   4.726 0.000 99.99 0.259000   9.142 0.000   3.596 0.000   5.505 0.000 0.036 0.000 0.175 0.000
267.291667 268.291667    2.27 0.000  0.39 0.000 9.999 0.259000 9.99 0.259000 0.005 0.000   1.629 0.000   2.932 0.000 99.99 0.259000   3.219 0.000   1.148 0.000   2.058 0.000 0.011 0.000 0.026 0.000
270.291667 271.291667   27.75 0.394  0.77 0.394 9.999 0.394259 9.99 0.394259 0.010 0.394   1.343 0.000   2.417 0.000 99.99 0.394259   4.638 0.000   1.060 0.000   3.576 0.000 0.026 0.394 0.115 0.394
273.291667 274.291667   28.76 0.000  0.35 0.000 9.999 0.259000 9.99 0.259000 0.029 0.000   2.102 0.000   3.783 0.000 99.99 0.259000   9.142 0.000   4.049 0.000   5.048 0.000 0.063 0.000 0.114 0.000
276.291667 277.291667 9999.99 0.999 99.99 0.999 9.999 0.999000 9.99 0.999000 9.999 0.999 999.999 0.999 999.999 0.999 99.99 0.999000 999.999 0.999 999.999 0.999 999.999 0.999 9.999 0.999 9.999 0.999
279.291667 280.291667   13.51 0.000  0.35 0.000 9.999 0.259000 9.99 0.259000 0.005 0.000   0.832 0.000   1.497 0.000 99.99 0.259000   3.586 0.000   1.563 0.000   2.006 0.000 0.010 0.000 0.062 0.000
282.291667 283.291667    2.69 0.000  0.25 0.000 9.999 0.259000 9.99 0.259000 0.008 0.000   0.954 0.000   1.716 0.000 99.99 0.259000   2.123 0.000   0.259 0.000   1.861 0.000 0.008 0.000 0.089 0.000
285.291667 286.291667  162.63 0.000  0.32 0.000 9.999 0.259000 9.99 0.259000 0.009 0.000   1.521 0.000   2.738 0.000 99.99 0.259000   4.161 0.000   0.449 0.000   3.707 0.000 0.029 0.000 0.110 0.000
288.291667 289.291667   25.30 0.000  0.43 0.000 9.999 0.259000 9.99 0.259000 0.016 0.559   1.340 0.000   2.411 0.000 99.99 0.259000   5.761 0.000   2.463 0.000   3.271 0.000 0.023 0.000 0.123 0.559
291.291667 292.291667 9999.99 0.999 99.99 0.999 9.999 0.999000 9.99 0.999000 9.999 0.999 999.999 0.999 999.999 0.999 99.99 0.999000 999.999 0.999 999.999 0.999 999.999 0.999 9.999 0.999 9.999 0.999
294.291667 295.291667 9999.99 0.999 99.99 0.999 9.999 0.999000 9.99 0.999000 9.999 0.999 999.999 0.999 999.999 0.999 99.99 0.999000 999.999 0.999 999.999 0.999 999.999 0.999 9.999 0.999 9.999 0.999
297.291667 298.291667 9999.99 0.999 99.99 0.999 9.999 0.999000 9.99 0.999000 9.999 0.999 999.999 0.999 999.999 0.999 99.99 0.999000 999.999 0.999 999.999 0.999 999.999 0.999 9.999 0.999 9.999 0.999
300.291667 301.291667    5.88 0.000  0.28 0.000 9.999 0.259000 9.99 0.259000 0.010 0.559   1.195 0.000   2.150 0.000 99.99 0.259000   2.192 0.000   0.099 0.000   2.091 0.000 0.007 0.000 0.067 0.559
303.291667 304.291667    9.66 0.000  0.33 0.000 9.999 0.259000 9.99 0.259000 9.999 0.999   0.683 0.000   1.229 0.000 99.99 0.259000   2.454 0.000   0.786 0.000   1.659 0.000 0.011 0.000 9.999 0.999
306.291667 307.291667    6.07 0.000  0.47 0.000 9.999 0.259000 9.99 0.259000 0.014 0.559   0.778 0.000   1.401 0.000 99.99 0.259000   2.748 0.000   0.891 0.000   1.848 0.000 0.016 0.000 0.126 0.559
309.291667 310.291667    2.24 0.000  0.23 0.000 9.999 0.259000 9.99 0.259000 0.002 0.559   0.569 0.000   1.024 0.000  1.41 0.000000   0.380 0.000 999.999 0.259   0.749 0.000 0.002 0.000 0.008 0.559
312.291667 313.291667    6.68 0.000  0.59 0.000 9.999 0.259000 9.99 0.259000 0.012 0.559   1.205 0.000   2.169 0.000 99.99 0.259000   3.588 0.000   1.007 0.000   2.570 0.000 0.010 0.000 0.098 0.559
315.291667 316.291667    2.73 0.000  0.24 0.000 9.999 0.259000 9.99 0.259000 0.009 0.559   0.440 0.000   0.793 0.000 99.99 0.259000   1.916 0.000   1.068 0.000   0.837 0.000 0.006 0.000 0.043 0.559
318.291667 319.291667    5.81 0.000  2.03 0.000 0.025 0.000000 9.99 0.259000 0.011 0.000   0.906 0.000   1.631 0.000 99.99 0.259000   2.524 0.000   0.682 0.000   1.849 0.000 0.012 0.000 0.041 0.000
321.291667 322.291667   10.47 0.000 99.99 0.259 9.999 0.259000 9.99 0.259000 0.007 0.000   1.120 0.000   2.017 0.000 99.99 0.259000   3.929 0.000   1.828 0.000   2.090 0.000 0.007 0.000 0.052 0.000
324.291667 325.291667   12.51 0.000  0.35 0.000 9.999 0.259000 9.99 0.259000 0.008 0.000   1.523 0.000   2.742 0.000 99.99 0.259000   3.801 0.000   0.595 0.000   3.204 0.000 0.013 0.000 0.092 0.000
327.291667 328.291667    6.03 0.000  0.35 0.000 0.016 0.000000 9.99 0.259000 0.006 0.000   0.939 0.000   1.690 0.000 99.99 0.259000   1.857 0.000   0.068 0.000   1.789 0.000 0.005 0.000 0.066 0.000
330.291667 331.291667    5.76 0.000  0.26 0.000 9.999 0.259000 9.99 0.259000 0.015 0.000   0.633 0.000   1.140 0.000 99.99 0.259000   1.090 0.000 999.999 0.259   1.327 0.000 0.006 0.000 0.048 0.000
333.291667 334.291667    8.20 0.000  0.22 0.000 9.999 0.259000 9.99 0.259000 9.999 0.456   0.312 0.000   0.561 0.000 99.99 0.259000   0.589 0.000   0.158 0.000   0.431 0.000 0.005 0.000 9.999 0.456
336.291667 337.291667    3.54 0.000 99.99 0.259 9.999 0.259000 9.99 0.259000 0.003 0.000   0.316 0.000   0.569 0.000 99.99 0.259000   0.503 0.000   0.287 0.000   0.215 0.000 0.002 0.000 0.019 0.000
339.291667 340.291667    2.80 0.000 99.99 0.259 9.999 0.259000 9.99 0.259000 0.004 0.000   0.431 0.000   0.776 0.000 99.99 0.259000   0.632 0.000   0.142 0.000   0.492 0.000 0.003 0.000 0.041 0.000
342.291667 343.291667    7.40 0.000  0.20 0.000 9.999 0.259000 9.99 0.259000 0.026 0.000   1.110 0.000   1.997 0.000 99.99 0.259000   2.254 0.000   0.173 0.000   2.081 0.000 0.009 0.000 0.042 0.000
345.291667 346.291667   11.69 0.000  0.26 0.000 9.999 0.259000 0.11 0.000000 0.009 0.000   1.072 0.000   1.929 0.000 99.99 0.259000   1.859 0.000   0.044 0.000   1.814 0.000 0.008 0.000 0.055 0.000
348.291667 349.291667    5.64 0.000 99.99 0.259 9.999 0.259000 9.99 0.259000 0.008 0.000   0.835 0.000   1.504 0.000 99.99 0.259000   1.218 0.000 999.999 0.259   1.266 0.000 0.007 0.000 0.030 0.000
351.291667 352.291667    7.02 0.000 99.99 0.259 9.999 0.259000 0.08 0.000000 0.020 0.000   0.999 0.000   1.798 0.000 99.99 0.259000   1.934 0.000   0.104 0.000   1.830 0.000 0.009 0.000 0.056 0.000
354.291667 355.291667    4.74 0.000  0.21 0.000 9.999 0.259000 9.99 0.259000 0.006 0.559   0.763 0.000   1.374 0.000 99.99 0.259000   1.343 0.000   0.081 0.000   1.262 0.000 0.003 0.000 0.014 0.559
357.291667 358.291667    4.83 0.000 99.99 0.259 9.999 0.259000 9.99 0.259000 0.007 0.559   0.776 0.000   1.396 0.000 99.99 0.259000   1.722 0.000   0.250 0.000   1.472 0.000 0.004 0.000 0.018 0.559
360.291667 361.291667    2.00 0.000 99.99 0.259 9.999 0.259000 9.99 0.259000 0.004 0.559   0.356 0.000   0.641 0.000 99.99 0.259000   0.461 0.000   0.124 0.000   0.338 0.000 0.002 0.000 0.015 0.559
363.291667 364.291667    4.71 0.000 99.99 0.259 9.999 0.259000 9.99 0.259000 0.002 0.559   0.261 0.000   0.469 0.000 99.99 0.259000   1.380 0.000   0.726 0.000   0.654 0.000 0.002 0.000 0.014 0.559
