scripts/IMPROVE-2019_partial/data/US9052R.20110103050000.20191216000000.filterpack...1y.3d.US03L_filterpack_US9052.US03L_IMPROVE_Davis.lev2.nas
51 1001
MISSING INFORMATION
US03L, IMPROVE, , , , , , , 
MISSING INFORMATION
IMPROVE sel_HTAP
1 1
2011 01 01 2019 12 16
3.000000
days from file reference point
4
1 1 1 1
999.999999 999.999 999.999 9.999
end_time of measurement, days from the file reference point
pm10_mass, ug/m3, Matrix=pm10
pm25_mass, ug/m3, Matrix=pm25
numflag, no unit
0
33
Data definition:              EBAS_1.1
Set type code:                TU
Timezone:                     UTC
File name:                    US9052R.20110103050000.20191216000000.filterpack...1y.3d.US03L_filterpack_US9052.US03L_IMPROVE_Davis.lev2.nas
File creation:                20191218120903
Startdate:                    20110103050000
Revision date:                20191216000000
Version:                      2
Version description:          "Data extracted from http://views.cira.colostate.edu/fed/DataWizard 2019-12-16"
Statistics:                   arithmetic mean
Data level:                   2
Period code:                  1y
Resolution code:              3d
Sample duration:              1d
Orig. time res.:              3d
Station code:                 US9052R
Platform code:                US9052S
Station name:                 St. Marks
Station latitude:             30.0926
Station longitude:            -84.1614
Station altitude:             7.0 m
Regime:                       IMG
Component:                    
Unit:                         ug/m3
Matrix:                       
Laboratory code:              US03L
Instrument type:              filterpack
Instrument name:              filterpack_US9052
Method ref:                   US03L_IMPROVE_Davis
Blank correction:             Blank corrected
Volume std. temperature:      ambient
Volume std. pressure:         ambient
starttime endtime PM10 PM2.5 flag
  2.208333   3.208333   4.054   2.905 0.000
  5.208333   6.208333   8.740   7.129 0.000
  8.208333   9.208333   7.499   5.717 0.000
 11.208333  12.208333   7.447   6.209 0.000
 14.208333  15.208333  13.542  12.541 0.000
 17.208333  18.208333   5.314   4.609 0.000
 20.208333  21.208333   5.447   4.741 0.000
 23.208333  24.208333   7.225   5.371 0.000
 26.208333  27.208333   6.660   5.638 0.000
 29.208333  30.208333  11.055   9.989 0.000
 32.208333  33.208333   9.672   6.288 0.000
 35.208333  36.208333   7.800   5.128 0.000
 38.208333  39.208333   8.286   7.473 0.000
 41.208333  42.208333  10.829   8.761 0.000
 44.208333  45.208333  10.246   7.538 0.000
 47.208333  48.208333  10.134   8.985 0.000
 50.208333  51.208333  16.340  14.855 0.000
 53.208333  54.208333  19.700  13.506 0.000
 56.208333  57.208333   8.922   6.726 0.000
 59.208333  60.208333  24.285  14.479 0.000
 62.208333  63.208333  27.197  17.426 0.000
 65.208333  66.208333  18.985  18.128 0.000
 68.208333  69.208333  12.169   5.004 0.000
 71.208333  72.208333   9.428   8.097 0.000
 74.208333  75.208333  10.121   6.409 0.000
 77.208333  78.208333  14.861  12.418 0.000
 80.208333  81.208333  13.728   9.530 0.000
 83.208333  84.208333  36.084  30.533 0.000
 86.208333  87.208333  14.243   7.876 0.000
 89.208333  90.208333   7.661   4.386 0.000
 92.208333  93.208333  10.611   8.404 0.000
 95.208333  96.208333   6.524   4.403 0.000
 98.208333  99.208333  11.528   8.064 0.000
101.208333 102.208333  12.506   6.854 0.000
104.208333 105.208333 999.999 999.999 0.999
107.208333 108.208333 999.999 999.999 0.999
110.208333 111.208333   9.551   6.849 0.000
113.208333 114.208333  12.590   7.735 0.000
116.208333 117.208333  17.137   9.249 0.000
119.208333 120.208333   8.426   5.752 0.000
122.208333 123.208333  17.004   8.397 0.000
125.208333 126.208333  15.905  10.388 0.000
128.208333 129.208333  12.861   8.667 0.000
131.208333 132.208333  14.255   8.739 0.000
134.208333 135.208333   7.301   6.161 0.000
137.208333 138.208333  11.332   8.890 0.000
140.208333 141.208333  10.709   8.224 0.000
143.208333 144.208333  15.708  12.284 0.000
146.208333 147.208333  11.779   7.041 0.000
149.208333 150.208333   8.913   4.410 0.000
152.208333 153.208333  14.373   9.392 0.000
155.208333 156.208333  15.143  11.367 0.000
158.208333 159.208333  20.835  15.775 0.000
161.208333 162.208333  22.139  17.571 0.000
164.208333 165.208333  22.541  18.997 0.000
167.208333 168.208333   8.098   5.282 0.000
170.208333 171.208333  11.251   7.473 0.000
173.208333 174.208333  12.209   6.700 0.000
176.208333 177.208333   6.615   3.804 0.000
179.208333 180.208333  11.828   6.679 0.000
182.208333 183.208333  16.104  12.597 0.000
185.208333 186.208333  14.816  10.537 0.000
188.208333 189.208333   9.956   7.069 0.000
191.208333 192.208333   9.677   5.266 0.000
194.208333 195.208333 999.999 999.999 0.999
197.208333 198.208333 999.999 999.999 0.999
200.208333 201.208333  11.901   7.160 0.000
203.208333 204.208333   5.807   3.046 0.000
206.208333 207.208333   7.448   4.306 0.000
209.208333 210.208333  17.522   9.046 0.000
212.208333 213.208333  11.147   6.859 0.000
215.208333 216.208333  16.494  14.017 0.000
218.208333 219.208333   7.440   5.443 0.000
221.208333 222.208333  13.656   8.355 0.000
224.208333 225.208333  16.837  10.265 0.000
227.208333 228.208333  13.868  10.031 0.000
230.208333 231.208333  11.062   5.828 0.000
233.208333 234.208333   9.131   5.345 0.000
236.208333 237.208333  27.970  14.039 0.000
239.208333 240.208333  24.289  18.376 0.000
242.208333 243.208333 999.999 999.999 0.999
245.208333 246.208333  10.243   4.664 0.000
248.208333 249.208333   5.795   2.305 0.000
251.208333 252.208333   9.780   7.040 0.000
254.208333 255.208333  17.607  11.615 0.000
257.208333 258.208333  21.183  14.110 0.000
260.208333 261.208333  18.311  13.274 0.000
263.208333 264.208333   7.481   3.490 0.000
266.208333 267.208333   7.074   3.817 0.000
269.208333 270.208333   5.940   3.453 0.000
272.208333 273.208333  15.029   8.694 0.000
275.208333 276.208333   6.233   3.851 0.000
278.208333 279.208333  12.061   7.599 0.000
281.208333 282.208333   8.267   4.382 0.000
284.208333 285.208333   5.092   2.554 0.000
287.208333 288.208333   8.853   5.503 0.000
290.208333 291.208333   8.636   5.112 0.000
293.208333 294.208333   7.302   4.270 0.000
296.208333 297.208333  13.846  11.469 0.000
299.208333 300.208333  12.228   6.601 0.000
302.208333 303.208333   9.444   4.549 0.000
305.208333 306.208333  10.856   5.915 0.000
308.208333 309.208333  10.064   7.394 0.000
311.208333 312.208333  10.101   3.726 0.000
314.208333 315.208333   6.872   3.919 0.000
317.208333 318.208333   7.680   3.980 0.000
320.208333 321.208333   8.367   5.118 0.000
323.208333 324.208333  11.843   5.461 0.000
326.208333 327.208333   7.676   3.982 0.000
329.208333 330.208333  10.998   4.921 0.000
332.208333 333.208333   5.323   3.092 0.000
335.208333 336.208333   7.996   6.220 0.000
338.208333 339.208333 999.999 999.999 0.999
341.208333 342.208333   5.094   4.170 0.000
344.208333 345.208333  12.656   9.294 0.000
347.208333 348.208333   8.400   4.582 0.000
350.208333 351.208333 999.999 999.999 0.999
353.208333 354.208333  13.140   5.594 0.000
356.208333 357.208333   8.798   3.841 0.000
359.208333 360.208333 999.999 999.999 0.999
362.208333 363.208333   6.180   4.101 0.000
