scripts/IMPROVE-2019_partial/data/US9040R.19910102080000.20191216000000.filterpack...1y.3d.US03L_filterpack_US9040.US03L_IMPROVE_Davis.lev2.nas
52 1001
MISSING INFORMATION
US03L, IMPROVE, , , , , , , 
MISSING INFORMATION
IMPROVE sel_HTAP
1 1
1991 01 01 2019 12 16
0
days from file reference point
5
1 1 1 1 1
999.999999 999.999 9.999 999.999 9.999999
end_time of measurement, days from the file reference point
pm10_mass, ug/m3, Matrix=pm10
numflag pm10_mass, no unit, Matrix=pm10
pm25_mass, ug/m3, Matrix=pm25
numflag pm25_mass, no unit, Matrix=pm25
0
33
Data definition:              EBAS_1.1
Set type code:                TI
Timezone:                     UTC
File name:                    US9040R.19910102080000.20191216000000.filterpack...1y.3d.US03L_filterpack_US9040.US03L_IMPROVE_Davis.lev2.nas
File creation:                20191218120803
Startdate:                    19910102080000
Revision date:                20191216000000
Version:                      2
Version description:          "Data extracted from http://views.cira.colostate.edu/fed/DataWizard 2019-12-16"
Statistics:                   arithmetic mean
Data level:                   2
Period code:                  1y
Resolution code:              3d
Sample duration:              1d
Orig. time res.:              3d
Station code:                 US9040R
Platform code:                US9040S
Station name:                 South Lake Tahoe
Station latitude:             38.9333
Station longitude:            -119.9667
Station altitude:             1900.0 m
Regime:                       IMG
Component:                    
Unit:                         ug/m3
Matrix:                       
Laboratory code:              US03L
Instrument type:              filterpack
Instrument name:              filterpack_US9040
Method ref:                   US03L_IMPROVE_Davis
Blank correction:             Blank corrected
Volume std. temperature:      ambient
Volume std. pressure:         ambient
starttime endtime PM10 flag_PM10 PM2.5 flag_PM2.5
  1.333333   2.333333 999.999 0.999 999.999 0.999000
  4.333333   5.333333 999.999 0.999 999.999 0.999000
  8.333333   9.333333 999.999 0.999 999.999 0.999000
 11.333333  12.333333 999.999 0.999 999.999 0.999000
 15.333333  16.333333  16.766 0.000   2.516 0.559000
 18.333333  19.333333  30.837 0.000  16.151 0.559000
 22.333333  23.333333  46.226 0.000  22.445 0.559000
 25.333333  26.333333  45.000 0.000  22.755 0.559000
 29.333333  30.333333  50.113 0.000  23.899 0.559000
 32.333333  33.333333  10.895 0.000   3.723 0.559000
 36.333333  37.333333  23.456 0.000  13.079 0.559000
 39.333333  40.333333  38.837 0.000  18.207 0.559000
 43.333333  44.333333  25.109 0.000  14.060 0.559000
 46.333333  47.333333  17.063 0.000   8.896 0.559000
 50.333333  51.333333  33.491 0.000  18.173 0.559000
 53.333333  54.333333  22.368 0.000  11.149 0.559000
 57.333333  58.333333  25.000 0.000  12.260 0.559000
 60.333333  61.333333   6.080 0.000   3.746 0.559000
 64.333333  65.333333  15.601 0.000  10.155 0.559000
 67.333333  68.333333  41.858 0.000  15.216 0.559000
 71.333333  72.333333 999.999 0.999 999.999 0.559259
 74.333333  75.333333  49.524 0.000  15.344 0.559000
 78.333333  79.333333  21.000 0.000   6.435 0.559000
 81.333333  82.333333  17.261 0.000   7.445 0.559000
 85.333333  86.333333  12.097 0.000  10.623 0.559000
 88.333333  89.333333  51.855 0.000  17.227 0.559000
 92.333333  93.333333  35.468 0.000  15.552 0.559000
 95.333333  96.333333   7.731 0.000   3.009 0.559000
 99.333333 100.333333   8.845 0.000   4.517 0.559000
102.333333 103.333333  19.925 0.000   8.793 0.559000
106.333333 107.333333  15.309 0.000  10.212 0.559000
109.333333 110.333333  16.259 0.000   8.818 0.559000
113.333333 114.333333   8.618 0.000   3.567 0.559000
116.333333 117.333333  14.699 0.000   9.663 0.559000
120.333333 121.333333  10.396 0.000   5.633 0.559000
123.333333 124.333333  16.791 0.000   9.578 0.559000
127.333333 128.333333  16.291 0.000   4.543 0.559000
130.333333 131.333333  14.474 0.000   6.159 0.559000
134.333333 135.333333  11.851 0.000   7.744 0.559000
137.333333 138.333333   4.743 0.000   3.293 0.559000
141.333333 142.333333  12.135 0.000   6.942 0.559000
144.333333 145.333333  18.934 0.000   5.815 0.559000
148.333333 149.333333  15.634 0.000   5.424 0.559000
151.333333 152.333333   7.133 0.000   3.533 0.559000
155.333333 156.333333  12.145 0.000   5.693 0.559000
158.333333 159.333333  14.542 0.000   6.596 0.559000
162.333333 163.333333  26.849 0.000   9.881 0.559000
165.333333 166.333333  17.491 0.000   6.786 0.559000
169.333333 170.333333  16.341 0.000   7.988 0.559000
172.333333 173.333333  11.348 0.000   4.848 0.559000
176.333333 177.333333  10.557 0.000   5.988 0.559000
179.333333 180.333333   5.144 0.000   3.084 0.559000
183.333333 184.333333  14.880 0.000   6.985 0.559000
186.333333 187.333333  20.887 0.000   6.657 0.559000
190.333333 191.333333  13.311 0.000  10.326 0.559000
193.333333 194.333333  18.690 0.000   8.190 0.559000
197.333333 198.333333  16.342 0.000   6.845 0.559000
200.333333 201.333333   8.858 0.000   5.149 0.559000
204.333333 205.333333  12.877 0.000   6.976 0.559000
207.333333 208.333333  17.703 0.000   9.379 0.559000
211.333333 212.333333  19.901 0.000  11.858 0.559000
214.333333 215.333333  16.367 0.000 999.999 0.559259
218.333333 219.333333  11.815 0.000   6.946 0.559000
221.333333 222.333333  10.469 0.000   4.521 0.559000
225.333333 226.333333  13.265 0.000   9.912 0.559000
228.333333 229.333333  15.675 0.000   8.185 0.559000
232.333333 233.333333  13.471 0.000   7.738 0.559000
235.333333 236.333333  17.867 0.000   6.140 0.559000
239.333333 240.333333   9.106 0.000   5.254 0.559000
242.333333 243.333333  12.020 0.000   5.433 0.559000
246.333333 247.333333  10.671 0.000   5.848 0.559000
249.333333 250.333333  13.944 0.000   8.645 0.559000
253.333333 254.333333  11.276 0.000   7.018 0.559000
256.333333 257.333333  11.281 0.000   6.145 0.559000
260.333333 261.333333  11.379 0.000   6.817 0.559000
263.333333 264.333333  17.745 0.000   8.649 0.559000
267.333333 268.333333  18.673 0.000  10.695 0.559000
270.333333 271.333333  20.714 0.000  10.937 0.559000
274.333333 275.333333  16.133 0.000  10.602 0.559000
277.333333 278.333333  16.724 0.000   8.024 0.559000
281.333333 282.333333  13.933 0.000   8.524 0.559000
284.333333 285.333333  16.070 0.000  10.633 0.559000
288.333333 289.333333  15.087 0.000  10.369 0.559000
291.333333 292.333333  13.260 0.000   5.566 0.559000
295.333333 296.333333  12.064 0.000   7.221 0.559000
298.333333 299.333333   6.044 0.000   5.245 0.559000
302.333333 303.333333  21.502 0.000  13.982 0.559000
305.333333 306.333333  19.890 0.000  12.934 0.559000
309.333333 310.333333  18.514 0.000  13.303 0.559000
312.333333 313.333333   5.951 0.000   4.226 0.559000
316.333333 317.333333  11.761 0.000   7.100 0.559000
319.333333 320.333333  17.106 0.000   9.154 0.559000
323.333333 324.333333   3.957 0.000   3.093 0.559000
326.333333 327.333333  52.776 0.000  22.178 0.559000
330.333333 331.333333  30.345 0.000   2.432 0.559000
333.333333 334.333333  26.423 0.000   3.333 0.559000
337.333333 338.333333  33.531 0.000  20.061 0.559000
340.333333 341.333333   5.109 0.000   3.091 0.559000
344.333333 345.333333  48.364 0.000  25.046 0.559000
347.333333 348.333333  55.227 0.000  27.516 0.559000
351.333333 352.333333   4.662 0.000   2.939 0.559000
354.333333 355.333333  37.901 0.000  28.892 0.559000
358.333333 359.333333  49.197 0.000  28.598 0.559000
361.333333 362.333333  19.041 0.000   6.159 0.559000
