scripts/IMPROVE-2019_partial/data/US9015R.20030103060000.20191216000000.filterpack..pm25.1y.1w.US03L_filterpack_US9015.US03L_IMPROVE_Davis.lev2.nas
64 1001
MISSING INFORMATION
US03L, IMPROVE, , , , , , , 
MISSING INFORMATION
IMPROVE sel_HTAP
1 1
2003 01 01 2019 12 16
3.00
days from file reference point
25
1 1 1 1 1 1 1 1 1 1 1 1 1 1 1 1 1 1 1 1 1 1 1 1 1
999.99 9999.99 9.999999 99.99 9.999999 9.999 9.999999999 9.99 9.999999 99.999 9.999999 99.999 9.999 99.999 9.999 999.999 9.999 999.999 9.999 999.999 9.999 9.999 9.999999 99.999 9.999999
end_time of measurement, days from the file reference point
iron, ng/m3, Revision date=20181210133000
numflag iron, no unit, Revision date=20181210133000
lead, ng/m3, Revision date=20181210133000
numflag lead, no unit, Revision date=20181210133000
magnesium, ug/m3, Revision date=20181210133000
numflag magnesium, no unit, Revision date=20181210133000
nickel, ng/m3, Revision date=20181210133000
numflag nickel, no unit, Revision date=20181210133000
nitrate, ug N/m3, Revision date=20181210133000
numflag nitrate, no unit, Revision date=20181210133000
organic_carbon, ug C/m3, Revision date=20181210133000
numflag organic_carbon, no unit, Revision date=20181210133000
organic_mass, ug/m3, Revision date=20181210133000
numflag organic_mass, no unit, Revision date=20181210133000
pm10_mass, ug/m3, Version=2, Version description=Data extracted from http://views.cira.colostate.edu/fed/DataWizard 2019-12-16, Sample duration=1d, Orig. time res.=3d, Matrix=pm10, Blank correction=Blank corrected, Volume std. temperature=ambient, Volume std. pressure=ambient
numflag pm10_mass, no unit, Version=2, Version description=Data extracted from http://views.cira.colostate.edu/fed/DataWizard 2019-12-16, Sample duration=1d, Orig. time res.=3d, Matrix=pm10, Blank correction=Blank corrected, Volume std. temperature=ambient, Volume std. pressure=ambient
pm10_pm25_mass, ug/m3, Revision date=20181210133000, Matrix=pm10_pm25
numflag pm10_pm25_mass, no unit, Revision date=20181210133000, Matrix=pm10_pm25
pm25_mass, ug/m3, Version=2, Version description=Data extracted from http://views.cira.colostate.edu/fed/DataWizard 2019-12-16, Sample duration=1d, Orig. time res.=3d, Blank correction=Blank corrected, Volume std. temperature=ambient, Volume std. pressure=ambient
numflag pm25_mass, no unit, Version=2, Version description=Data extracted from http://views.cira.colostate.edu/fed/DataWizard 2019-12-16, Sample duration=1d, Orig. time res.=3d, Blank correction=Blank corrected, Volume std. temperature=ambient, Volume std. pressure=ambient
potassium, ug/m3, Revision date=20181210133000
numflag potassium, no unit, Revision date=20181210133000
sulphate_total, ug S/m3, Revision date=20181210133000
numflag sulphate_total, no unit, Revision date=20181210133000
0
25
Data definition:              EBAS_1.1
Set type code:                TU
Timezone:                     UTC
File name:                    US9015R.20030103060000.20191216000000.filterpack..pm25.1y.1w.US03L_filterpack_US9015.US03L_IMPROVE_Davis.lev2.nas
File creation:                20191218120611
Startdate:                    20030103060000
Revision date:                20191216000000
Statistics:                   arithmetic mean
Data level:                   2
Period code:                  1y
Resolution code:              1w
Station code:                 US9015R
Platform code:                US9015S
Station name:                 Nebraska NF
Station latitude:             41.8888
Station longitude:            -100.3387
Station altitude:             883.0 m
Regime:                       IMG
Component:                    
Matrix:                       pm25
Laboratory code:              US03L
Instrument type:              filterpack
Instrument name:              filterpack_US9015
Method ref:                   US03L_IMPROVE_Davis
starttime endtime Fe flag_Fe Pb flag_Pb Mg++ flag_Mg++ Ni flag_Ni NO3- flag_NO3- OC flag_OC OM flag_OM PM10 flag_PM10 PM10-PM2.5 flag_PM10-PM2.5 PM2.5 flag_PM2.5 K+ flag_K+ SO4-- flag_SO4--
  2.25   3.25   15.05 0.559000 99.99 0.559259 9.999 0.559259000 9.99 0.559259  0.035 0.000000  0.248 0.000  0.347 0.000   2.886 0.000   1.772 0.000   1.115 0.559 0.008 0.559000  0.080 0.000000
  5.25   6.25   11.01 0.559000  0.09 0.559000 9.999 0.559259000 9.99 0.559259  0.110 0.559000  0.139 0.000  0.194 0.000   1.473 0.000   0.236 0.000   1.237 0.559 0.006 0.559000  0.124 0.559000
  8.25   9.25   31.12 0.559000  0.19 0.559000 9.999 0.559259000 9.99 0.559259  0.023 0.559000  0.353 0.000  0.494 0.000   9.386 0.000   7.071 0.000   2.315 0.559 0.020 0.559000  0.066 0.559000
 11.25  12.25   81.48 0.559000  0.36 0.559000 9.999 0.559259000 9.99 0.559259  0.223 0.559000  0.314 0.000  0.439 0.000   6.233 0.000   3.530 0.000   2.704 0.559 0.020 0.559000  0.121 0.559000
 14.25  15.25   35.11 0.559000  0.89 0.559000 9.999 0.559259000 9.99 0.559259  0.687 0.559000  0.403 0.000  0.564 0.000  16.147 0.000   9.231 0.000   6.916 0.559 0.043 0.559000  0.354 0.559000
 17.25  18.25   11.05 0.559000 99.99 0.559259 9.999 0.559259000 9.99 0.559259  0.074 0.559000  0.327 0.000  0.458 0.000   3.642 0.000   2.394 0.000   1.247 0.559 0.011 0.559000  0.112 0.559000
 20.25  21.25   27.17 0.559394  1.16 0.559394 9.999 0.559394259 0.14 0.559394  0.368 0.559394  0.471 0.000  0.660 0.000   7.067 0.000   1.094 0.000   5.973 0.559 0.031 0.559394  0.537 0.559394
 23.25  24.25   30.81 0.559000  0.99 0.559000 9.999 0.559259000 0.21 0.559000  0.527 0.000000  0.571 0.000  0.799 0.000   6.733 0.000   1.801 0.000   4.932 0.559 0.030 0.559000  0.337 0.000000
 26.25  27.25   48.60 0.559000  1.40 0.559000 9.999 0.559259000 0.11 0.559000  0.433 0.000000  0.496 0.000  0.695 0.000   5.850 0.000   1.049 0.000   4.801 0.559 0.040 0.559000  0.527 0.000000
 29.25  30.25   30.58 0.559000  0.31 0.559000 9.999 0.559259000 9.99 0.559259  0.208 0.000000  0.338 0.000  0.474 0.000   5.177 0.000   3.262 0.000   1.915 0.559 0.022 0.559000  0.134 0.000000
 32.25  33.25   13.62 0.000000  1.27 0.000000 9.999 0.259000000 9.99 0.259000  0.380 0.000000  0.510 0.000  0.714 0.000   6.229 0.000   2.641 0.000   3.588 0.000 0.009 0.000000  0.270 0.000000
 35.25  36.25    9.34 0.559000  0.13 0.559000 0.020 0.559000000 9.99 0.559259  0.261 0.559000  0.259 0.000  0.362 0.000   2.441 0.000 999.999 0.259   2.572 0.559 0.014 0.559000  0.260 0.559000
 38.25  39.25   16.51 0.559000 99.99 0.559259 9.999 0.559259000 9.99 0.559259  0.104 0.559000  0.442 0.000  0.618 0.000   2.635 0.000   0.928 0.000   1.708 0.559 0.016 0.559000  0.188 0.559000
 41.25  42.25   21.08 0.559000  0.11 0.559000 9.999 0.559259000 0.06 0.559000  0.055 0.000000  0.353 0.000  0.494 0.000   2.837 0.000   1.136 0.000   1.701 0.559 0.011 0.559000  0.225 0.000000
 44.25  45.25 9999.99 0.999000 99.99 0.999000 9.999 0.999000000 9.99 0.999000 99.999 0.999000 99.999 0.999 99.999 0.999 999.999 0.999 999.999 0.999 999.999 0.999 9.999 0.999000 99.999 0.999000
 47.25  48.25 9999.99 0.999000 99.99 0.999000 9.999 0.999000000 9.99 0.999000 99.999 0.999000 99.999 0.999 99.999 0.999 999.999 0.999 999.999 0.999 999.999 0.999 9.999 0.999000 99.999 0.999000
 50.25  51.25    9.47 0.559000  0.37 0.559000 9.999 0.559259000 9.99 0.559259  0.260 0.559000  0.245 0.000  0.343 0.000   3.784 0.000   1.820 0.000   1.964 0.559 0.008 0.559000  0.315 0.559000
 53.25  54.25    7.99 0.559000  1.21 0.559000 9.999 0.559259000 0.12 0.559000  0.105 0.559000  0.360 0.000  0.504 0.000   9.612 0.000   6.448 0.000   3.164 0.559 0.013 0.559000  0.513 0.559000
 56.25  57.25   19.05 0.559000  1.23 0.559000 9.999 0.559259000 9.99 0.559259  1.199 0.559000  0.726 0.000  1.017 0.000  11.941 0.000   1.453 0.000  10.488 0.559 0.025 0.559000  0.591 0.559000
 59.25  60.25   14.36 0.000000  1.05 0.000000 9.999 0.259000000 9.99 0.259000  1.269 0.559000  0.933 0.000  1.306 0.000  14.604 0.000   1.978 0.000  12.626 0.000 0.027 0.000000  0.880 0.559000
 62.25  63.25   18.44 0.559000  1.40 0.559000 9.999 0.559259000 9.99 0.559259  0.064 0.559000  0.512 0.000  0.716 0.000   9.472 0.000   5.792 0.000   3.680 0.559 0.046 0.559000  0.481 0.559000
 65.25  66.25   32.60 0.559000  1.39 0.559000 9.999 0.559259000 9.99 0.559259  0.390 0.559000  0.612 0.000  0.856 0.000   9.049 0.000   3.762 0.000   5.287 0.559 0.044 0.559000  0.635 0.559000
 68.25  69.25   23.95 0.559000  1.97 0.559000 9.999 0.559259000 0.11 0.559000  0.855 0.559000  0.625 0.000  0.874 0.000  13.089 0.000   5.177 0.000   7.912 0.559 0.035 0.559000  0.593 0.559000
 71.25  72.25   58.49 0.559000  1.22 0.559000 9.999 0.559259000 0.10 0.559000  0.514 0.559000  0.700 0.000  0.980 0.000  13.387 0.000   6.785 0.000   6.601 0.559 0.048 0.559000  0.804 0.559000
 74.25  75.25   71.30 0.000000  0.83 0.000000 9.999 0.259000000 9.99 0.259000  0.106 0.000000  0.606 0.000  0.849 0.000  12.690 0.000   8.466 0.000   4.224 0.000 0.055 0.000000  0.298 0.000000
 77.25  78.25    8.08 0.000000  0.95 0.000000 9.999 0.259000000 9.99 0.259000  0.458 0.000000  0.382 0.000  0.535 0.000   6.019 0.000   1.140 0.000   4.878 0.000 0.011 0.000000  0.622 0.000000
 80.25  81.25   22.82 0.000000  0.33 0.000000 9.999 0.259000000 9.99 0.259000  0.068 0.000000  0.369 0.000  0.517 0.000   3.992 0.000   1.955 0.000   2.037 0.000 0.019 0.000000  0.196 0.000000
 83.25  84.25   40.42 0.559000  0.46 0.559000 0.026 0.559000000 0.07 0.559000  0.078 0.000000  0.104 0.000  0.145 0.000   3.430 0.000   2.402 0.000   1.029 0.559 0.018 0.559000  0.172 0.000000
 86.25  87.25 9999.99 0.999000 99.99 0.999000 9.999 0.999000000 9.99 0.999000 99.999 0.999000 99.999 0.999 99.999 0.999 999.999 0.999 999.999 0.999 999.999 0.999 9.999 0.999000 99.999 0.999000
 89.25  90.25   16.67 0.559000  0.48 0.559000 0.020 0.559000000 9.99 0.559259  0.020 0.559000  0.316 0.000  0.442 0.000   3.849 0.000   2.648 0.000   1.200 0.559 0.012 0.559000  0.105 0.559000
 92.25  93.25   65.71 0.000000  1.22 0.000000 9.999 0.259000000 0.15 0.000000  0.991 0.000000  1.188 0.000  1.663 0.000  20.917 0.000  11.328 0.000   9.589 0.000 0.052 0.000000  0.784 0.000000
 95.25  96.25   11.88 0.559000  1.69 0.559000 9.999 0.559259000 0.07 0.559000  0.982 0.000000  0.644 0.000  0.902 0.000  11.742 0.000   2.066 0.000   9.677 0.559 0.020 0.559000  0.751 0.000000
 98.25  99.25   20.69 0.559000  0.91 0.559000 9.999 0.559259000 0.08 0.559000  0.170 0.000000  0.280 0.000  0.392 0.000   4.351 0.000   2.338 0.000   2.013 0.559 0.016 0.559000  0.216 0.000000
101.25 102.25   54.50 0.000000  1.84 0.000000 9.999 0.259000000 9.99 0.259000  0.832 0.000000  2.259 0.000  3.163 0.000  19.140 0.000  10.590 0.000   8.549 0.000 0.088 0.000000  0.527 0.000000
104.25 105.25   85.07 0.000000  1.22 0.000000 9.999 0.259000000 0.12 0.000000  0.110 0.000000  1.149 0.000  1.608 0.000  19.406 0.000  13.003 0.000   6.404 0.000 0.078 0.000000  0.480 0.000000
107.25 108.25   15.60 0.000000  0.39 0.000000 9.999 0.259000000 9.99 0.259000  0.537 0.000000  0.719 0.000  1.007 0.000   5.899 0.000   1.375 0.000   4.524 0.000 0.025 0.000000  0.271 0.000000
110.25 111.25   38.93 0.559000  0.67 0.559000 9.999 0.559259000 9.99 0.559259  0.040 0.000000  0.459 0.000  0.642 0.000   5.239 0.000   1.881 0.000   3.358 0.559 0.031 0.559000  0.333 0.000000
113.25 114.25   12.92 0.000000  0.88 0.000000 9.999 0.259000000 0.13 0.000000  0.235 0.000000  0.985 0.000  1.379 0.000   3.723 0.000   0.624 0.000   3.099 0.000 0.014 0.000000  0.377 0.000000
116.25 117.25   22.22 0.000000  0.44 0.000000 9.999 0.259000000 0.11 0.000000  0.132 0.000000  0.357 0.000  0.500 0.000   4.200 0.000   2.163 0.000   2.037 0.000 0.015 0.000000  0.265 0.000000
119.25 120.25   12.76 0.000000  0.77 0.000000 9.999 0.259000000 9.99 0.259000  0.567 0.000000  0.693 0.000  0.970 0.000   4.503 0.000   1.363 0.000   3.141 0.000 0.012 0.000000  0.247 0.000000
122.25 123.25   34.02 0.000000  1.13 0.000000 9.999 0.259000000 9.99 0.259000  0.323 0.000000  0.827 0.000  1.157 0.000   9.962 0.000   4.481 0.000   5.481 0.000 0.033 0.000000  0.743 0.000000
125.25 126.25    3.93 0.000000  0.14 0.000000 9.999 0.259000000 0.05 0.000000  0.007 0.000000  0.202 0.000  0.283 0.000   1.987 0.000   0.909 0.000   1.077 0.000 0.002 0.000000  0.131 0.000000
128.25 129.25    4.59 0.559000  0.27 0.559000 9.999 0.559259000 9.99 0.559259  0.004 0.000000  0.101 0.000  0.142 0.000   2.412 0.000   0.869 0.000   1.543 0.559 0.001 0.559000  0.255 0.000000
131.25 132.25   16.97 0.559000  0.92 0.559000 9.999 0.559259000 9.99 0.559259  0.037 0.000000  0.746 0.000  1.044 0.000   7.321 0.000   3.920 0.000   3.401 0.559 0.020 0.559000  0.321 0.000000
134.25 135.25   26.40 0.559000  1.12 0.559000 9.999 0.559259000 9.99 0.559259  0.304 0.559000  0.776 0.000  1.086 0.000   8.816 0.000   4.672 0.000   4.144 0.559 0.018 0.559000  0.460 0.559000
137.25 138.25   33.70 0.000000  1.33 0.000000 9.999 0.259000000 0.08 0.000000  0.359 0.000000  1.226 0.000  1.716 0.000  16.800 0.000   3.666 0.000  13.133 0.000 0.032 0.000000  2.329 0.000000
140.25 141.25   19.74 0.559000  0.43 0.559000 9.999 0.559259000 0.15 0.559000  0.294 0.559000  0.851 0.000  1.191 0.000   9.689 0.000   5.676 0.000   4.013 0.559 0.024 0.559000  0.358 0.559000
143.25 144.25   20.26 0.000000  0.86 0.000000 9.999 0.259000000 9.99 0.259000  0.258 0.559000  0.977 0.000  1.368 0.000   7.818 0.000   3.599 0.000   4.218 0.000 0.016 0.000000  0.425 0.559000
146.25 147.25   26.23 0.000000  1.24 0.000000 0.018 0.000000000 9.99 0.259000  0.134 0.559000  1.313 0.000  1.839 0.000  14.161 0.000   6.245 0.000   7.917 0.000 0.027 0.000000  0.954 0.559000
149.25 150.25   55.58 0.000000  0.41 0.000000 9.999 0.259000000 9.99 0.259000  0.023 0.000000  1.638 0.000  2.293 0.000  20.293 0.000  14.645 0.000   5.648 0.000 0.040 0.000000  0.306 0.000000
152.25 153.25   46.88 0.000000  1.09 0.000000 0.042 0.000000000 0.21 0.000000  0.197 0.000000  0.974 0.000  1.364 0.000   6.944 0.000   2.468 0.000   4.477 0.000 0.024 0.000000  0.291 0.000000
155.25 156.25   20.10 0.559000 99.99 0.559259 9.999 0.559259000 9.99 0.559259  0.022 0.000000  0.606 0.000  0.849 0.000   4.150 0.000   1.778 0.000   2.372 0.559 0.013 0.559000  0.162 0.000000
158.25 159.25    9.10 0.559000 99.99 0.559259 9.999 0.559259000 9.99 0.559259  0.013 0.000000  0.277 0.000  0.387 0.000   2.370 0.000   0.970 0.000   1.400 0.559 0.007 0.559000  0.093 0.000000
161.25 162.25 9999.99 0.999000 99.99 0.999000 9.999 0.999000000 9.99 0.999000 99.999 0.999000 99.999 0.999 99.999 0.999 999.999 0.999 999.999 0.999 999.999 0.999 9.999 0.999000 99.999 0.999000
164.25 165.25   18.08 0.559000  0.89 0.559000 9.999 0.559259000 9.99 0.559259  0.096 0.000000  0.861 0.000  1.205 0.000   8.095 0.000   3.980 0.000   4.115 0.559 0.015 0.559000  0.376 0.000000
167.25 168.25   16.88 0.559000 99.99 0.559259 9.999 0.559259000 9.99 0.559259  0.055 0.000000  0.964 0.000  1.350 0.000   7.480 0.000 999.999 0.259   8.635 0.559 0.017 0.559000  0.483 0.000000
170.25 171.25   37.33 0.000000  1.69 0.000000 9.999 0.259000000 9.99 0.259000  0.227 0.000000  2.098 0.000  2.937 0.000  22.954 0.000   3.240 0.000  19.714 0.000 0.065 0.000000  1.900 0.000000
173.25 174.25   32.67 0.000000  0.86 0.000000 9.999 0.259000000 9.99 0.259000  0.054 0.000000  1.591 0.000  2.228 0.000  15.594 0.000   7.929 0.000   7.665 0.000 0.033 0.000000  0.826 0.000000
176.25 177.25   17.47 0.559000 99.99 0.559259 0.036 0.559000000 9.99 0.559259  0.014 0.000000  0.745 0.000  1.042 0.000   5.580 0.000   2.820 0.000   2.761 0.559 0.013 0.559000  0.223 0.000000
179.25 180.25   15.01 0.559000 99.99 0.559259 9.999 0.559259000 9.99 0.559259  0.021 0.559000  1.068 0.000  1.495 0.000   6.575 0.000   3.558 0.000   3.017 0.559 0.012 0.559000  0.187 0.559000
182.25 183.25   42.03 0.000000  0.58 0.000000 9.999 0.259000000 9.99 0.259000  0.062 0.000000  1.940 0.000  2.716 0.000  20.916 0.000  11.599 0.000   9.317 0.000 0.087 0.000000  0.917 0.000000
185.25 186.25   30.78 0.000000  1.36 0.000000 9.999 0.259000000 9.99 0.259000  0.129 0.000000  1.295 0.000  1.813 0.000  15.939 0.000   9.401 0.000   6.538 0.000 0.072 0.000000  0.606 0.000000
188.25 189.25   33.97 0.000000  0.42 0.000000 0.041 0.000000000 9.99 0.259000  0.082 0.000000  1.048 0.000  1.468 0.000   9.525 0.000   5.191 0.000   4.333 0.000 0.038 0.000000  0.283 0.000000
191.25 192.25   34.14 0.000000  0.18 0.000000 0.042 0.000000000 0.10 0.000000  0.017 0.000000  1.301 0.000  1.821 0.000  10.889 0.000   6.884 0.000   4.005 0.000 0.019 0.000000  0.242 0.000000
194.25 195.25   84.65 0.000000  1.06 0.000000 9.999 0.259000000 0.08 0.000000  0.063 0.559000  2.083 0.000  2.917 0.000  22.330 0.000  12.190 0.000  10.141 0.000 0.083 0.000000  0.871 0.559000
197.25 198.25  189.18 0.000000  0.83 0.000000 9.999 0.259000000 0.16 0.000000  0.157 0.559000  2.716 0.000  3.803 0.000  36.541 0.000  23.611 0.000  12.930 0.000 0.159 0.000000  0.802 0.559000
200.25 201.25   54.75 0.000000  0.61 0.000000 9.999 0.259000000 9.99 0.259000  0.229 0.559000  3.194 0.000  4.472 0.000  19.056 0.000   9.305 0.000   9.751 0.000 0.069 0.000000  0.935 0.559000
203.25 204.25   37.25 0.559000  0.32 0.559000 9.999 0.559259000 0.09 0.559000  0.041 0.000000  1.641 0.000  2.297 0.000  14.587 0.000   9.578 0.000   5.009 0.559 0.035 0.559000  0.198 0.000000
206.25 207.25  105.41 0.000000  0.58 0.000000 9.999 0.259000000 0.09 0.000000  0.050 0.559000  3.376 0.000  4.726 0.000  31.128 0.000  20.022 0.000  11.105 0.000 0.104 0.000000  0.581 0.559000
209.25 210.25   23.66 0.000000  0.56 0.000000 9.999 0.259000000 9.99 0.259000  0.054 0.559000  2.546 0.000  3.565 0.000  14.346 0.000   7.575 0.000   6.772 0.000 0.041 0.000000  0.258 0.559000
212.25 213.25   51.70 0.000000  0.41 0.000000 9.999 0.259000000 9.99 0.259000  0.039 0.559000  2.813 0.000  3.938 0.000  16.617 0.000   8.232 0.000   8.385 0.000 0.042 0.000000  0.332 0.559000
215.25 216.25   82.77 0.000000  0.66 0.000000 9.999 0.259000000 0.08 0.000000  0.106 0.559000  1.648 0.000  2.307 0.000  16.817 0.000   9.001 0.000   7.816 0.000 0.052 0.000000  0.527 0.559000
218.25 219.25   28.81 0.000000  1.10 0.000000 9.999 0.259000000 9.99 0.259000  0.132 0.559000  1.136 0.000  1.591 0.000  12.985 0.000   6.790 0.000   6.195 0.000 0.032 0.000000  0.632 0.559000
221.25 222.25   19.79 0.000000  0.69 0.000000 9.999 0.259000000 0.08 0.000000  0.048 0.559000  1.322 0.000  1.850 0.000   8.588 0.000   3.853 0.000   4.735 0.000 0.026 0.000000  0.397 0.559000
224.25 225.25 9999.99 0.999000 99.99 0.999000 9.999 0.999000000 9.99 0.999000 99.999 0.999000  2.263 0.000  3.169 0.000  20.765 0.000 999.999 0.999 999.999 0.999 9.999 0.999000 99.999 0.999000
227.25 228.25   85.52 0.000000  0.39 0.000000 9.999 0.259000000 0.07 0.000000  0.056 0.000000  0.922 0.000  1.291 0.000  21.765 0.000  13.643 0.000   8.121 0.000 0.051 0.000000  0.949 0.000000
230.25 231.25   53.82 0.000000  0.17 0.000000 9.999 0.259000000 0.20 0.000000  0.033 0.000000  2.458 0.000  3.441 0.000  13.074 0.000   6.175 0.000   6.899 0.000 0.061 0.000000  0.301 0.000000
233.25 234.25   64.63 0.000000  0.70 0.000000 9.999 0.259000000 9.99 0.259000  0.092 0.000000  5.277 0.000  7.388 0.000  31.911 0.000  18.374 0.000  13.537 0.000 0.086 0.000000  0.513 0.000000
236.25 237.25   35.60 0.000000  0.33 0.000000 9.999 0.259000000 9.99 0.259000  0.054 0.000000  2.255 0.000  3.156 0.000  13.972 0.000   6.383 0.000   7.589 0.000 0.039 0.000000  0.581 0.000000
239.25 240.25   57.95 0.000000  0.42 0.000000 9.999 0.259000000 9.99 0.259000  0.041 0.000000  6.564 0.000  9.190 0.000  21.532 0.000   6.992 0.000  14.540 0.000 0.139 0.000000  0.325 0.000000
242.25 243.25   53.36 0.000000  1.22 0.000000 9.999 0.259000000 9.99 0.259000  0.088 0.000000  1.485 0.000  2.078 0.000  13.889 0.000   8.448 0.000   5.441 0.000 0.033 0.000000  0.315 0.000000
245.25 246.25   58.77 0.000000  0.36 0.000000 9.999 0.259000000 9.99 0.259000  0.016 0.000000  2.337 0.000  3.272 0.000  20.792 0.000  14.694 0.000   6.098 0.000 0.038 0.000000  0.236 0.000000
