scripts/IMPROVE-2019_partial/data/US9008R.20010308050000.20191216000000.filterpack..pm25.10mo.1w.US03L_filterpack_US9008.US03L_IMPROVE_Davis.lev2.nas
64 1001
MISSING INFORMATION
US03L, IMPROVE, , , , , , , 
MISSING INFORMATION
IMPROVE sel_HTAP
1 1
2001 01 01 2019 12 16
3.000000
days from file reference point
25
1 1 1 1 1 1 1 1 1 1 1 1 1 1 1 1 1 1 1 1 1 1 1 1 1
999.999999 9999.99 9.999 999.99 9.999 9.999 9.999999 999.99 9.999 9.999 9.999 99.999 9.999 99.999 9.999 999.999 9.999 999.999 9.999 999.999 9.999 9.999 9.999 99.999 9.999
end_time of measurement, days from the file reference point
iron, ng/m3, Revision date=20181210133000
numflag iron, no unit, Revision date=20181210133000
lead, ng/m3, Revision date=20181210133000
numflag lead, no unit, Revision date=20181210133000
magnesium, ug/m3, Revision date=20181210133000
numflag magnesium, no unit, Revision date=20181210133000
nickel, ng/m3, Revision date=20181210133000
numflag nickel, no unit, Revision date=20181210133000
nitrate, ug N/m3, Revision date=20181210133000
numflag nitrate, no unit, Revision date=20181210133000
organic_carbon, ug C/m3, Revision date=20181210133000
numflag organic_carbon, no unit, Revision date=20181210133000
organic_mass, ug/m3, Revision date=20181210133000
numflag organic_mass, no unit, Revision date=20181210133000
pm10_mass, ug/m3, Version=2, Version description=Data extracted from http://views.cira.colostate.edu/fed/DataWizard 2019-12-16, Sample duration=1d, Orig. time res.=3d, Matrix=pm10, Blank correction=Blank corrected, Volume std. temperature=ambient, Volume std. pressure=ambient
numflag pm10_mass, no unit, Version=2, Version description=Data extracted from http://views.cira.colostate.edu/fed/DataWizard 2019-12-16, Sample duration=1d, Orig. time res.=3d, Matrix=pm10, Blank correction=Blank corrected, Volume std. temperature=ambient, Volume std. pressure=ambient
pm10_pm25_mass, ug/m3, Revision date=20181210133000, Matrix=pm10_pm25
numflag pm10_pm25_mass, no unit, Revision date=20181210133000, Matrix=pm10_pm25
pm25_mass, ug/m3, Version=2, Version description=Data extracted from http://views.cira.colostate.edu/fed/DataWizard 2019-12-16, Sample duration=1d, Orig. time res.=3d, Blank correction=Blank corrected, Volume std. temperature=ambient, Volume std. pressure=ambient
numflag pm25_mass, no unit, Version=2, Version description=Data extracted from http://views.cira.colostate.edu/fed/DataWizard 2019-12-16, Sample duration=1d, Orig. time res.=3d, Blank correction=Blank corrected, Volume std. temperature=ambient, Volume std. pressure=ambient
potassium, ug/m3, Revision date=20181210133000
numflag potassium, no unit, Revision date=20181210133000
sulphate_total, ug S/m3, Revision date=20181210133000
numflag sulphate_total, no unit, Revision date=20181210133000
0
25
Data definition:              EBAS_1.1
Set type code:                TU
Timezone:                     UTC
File name:                    US9008R.20010308050000.20191216000000.filterpack..pm25.10mo.1w.US03L_filterpack_US9008.US03L_IMPROVE_Davis.lev2.nas
File creation:                20191218120537
Startdate:                    20010308050000
Revision date:                20191216000000
Statistics:                   arithmetic mean
Data level:                   2
Period code:                  10mo
Resolution code:              1w
Station code:                 US9008R
Platform code:                US9008S
Station name:                 Presque Isle
Station latitude:             46.6964
Station longitude:            -68.0333
Station altitude:             165.0 m
Regime:                       IMG
Component:                    
Matrix:                       pm25
Laboratory code:              US03L
Instrument type:              filterpack
Instrument name:              filterpack_US9008
Method ref:                   US03L_IMPROVE_Davis
starttime endtime Fe flag_Fe Pb flag_Pb Mg++ flag_Mg++ Ni flag_Ni NO3- flag_NO3- OC flag_OC OM flag_OM PM10 flag_PM10 PM10-PM2.5 flag_PM10-PM2.5 PM2.5 flag_PM2.5 K+ flag_K+ SO4-- flag_SO4--
 66.208333  67.208333  177.39 0.000   4.25 0.000 9.999 0.259000   0.76 0.000 0.141 0.000  2.396 0.000  3.354 0.000  30.803 0.000  21.093 0.000   9.710 0.000 0.150 0.000  0.263 0.000
 69.208333  70.208333   17.38 0.000   2.22 0.000 9.999 0.259000   0.86 0.000 0.073 0.000  1.016 0.000  1.422 0.000   9.062 0.000   0.303 0.000   8.759 0.000 0.048 0.000  1.165 0.000
 72.208333  73.208333   28.62 0.000   1.28 0.000 9.999 0.259000  14.78 0.000 0.039 0.000  1.375 0.000  1.925 0.000   9.969 0.000   3.723 0.000   6.247 0.000 0.032 0.000  0.635 0.000
 75.208333  76.208333   42.80 0.000   0.93 0.000 9.999 0.259000   0.49 0.000 0.078 0.000  0.551 0.000  0.771 0.000  12.703 0.000   9.029 0.000   3.675 0.000 0.128 0.000  0.208 0.000
 78.208333  79.208333  157.87 0.000   3.24 0.000 9.999 0.259000   0.84 0.000 0.087 0.000  1.703 0.000  2.384 0.000  30.000 0.000  23.021 0.000   6.979 0.000 0.162 0.000  0.285 0.000
 81.208333  82.208333   19.70 0.000   0.88 0.000 9.999 0.259000   0.34 0.000 0.021 0.000  0.378 0.000  0.529 0.000   5.335 0.000   2.640 0.000   2.695 0.000 0.069 0.000  0.276 0.000
 84.208333  85.208333   72.09 0.000   2.76 0.000 9.999 0.259000   4.20 0.000 0.058 0.000  1.130 0.000  1.581 0.000  23.091 0.000  16.956 0.000   6.135 0.000 0.064 0.000  0.655 0.000
 87.208333  88.208333  153.88 0.000   2.35 0.000 9.999 0.259000   0.62 0.000 0.077 0.000  1.474 0.000  2.064 0.000  26.585 0.000  19.547 0.000   7.037 0.000 0.154 0.000  0.380 0.000
 90.208333  91.208333   29.28 0.000   2.28 0.000 9.999 0.259000   0.62 0.000 0.038 0.559  0.458 0.000  0.641 0.000   8.904 0.000   5.246 0.000   3.658 0.000 0.047 0.000  0.431 0.559
 93.208333  94.208333  235.16 0.000   7.16 0.000 9.999 0.259000   0.58 0.000 0.149 0.000  1.244 0.000  1.741 0.000  48.230 0.000  37.438 0.000  10.792 0.000 0.232 0.000  0.548 0.000
 96.208333  97.208333  123.56 0.000   4.29 0.000 9.999 0.259000   0.43 0.000 0.040 0.000  0.959 0.000  1.343 0.000  23.289 0.000  17.590 0.000   5.699 0.000 0.095 0.000  0.443 0.000
 99.208333 100.208333  116.12 0.000   2.04 0.000 9.999 0.259000   0.42 0.000 0.025 0.000  0.872 0.000  1.221 0.000  25.075 0.000  18.405 0.000   6.670 0.000 0.517 0.000  0.598 0.000
102.208333 103.208333   68.73 0.000   1.70 0.000 9.999 0.259000   0.33 0.000 0.020 0.000  0.373 0.000  0.522 0.000   4.840 0.000   0.800 0.000   4.040 0.000 0.037 0.000  0.279 0.000
105.208333 106.208333   68.42 0.000   2.16 0.000 9.999 0.259000 999.99 0.259 0.049 0.000  0.590 0.000  0.826 0.000  24.200 0.000  19.320 0.000   4.880 0.000 0.414 0.000  0.343 0.000
108.208333 109.208333  163.17 0.000   3.68 0.000 9.999 0.259000 999.99 0.259 0.067 0.000  0.693 0.000  0.970 0.000  25.745 0.000  20.271 0.000   5.474 0.000 0.122 0.000  0.364 0.000
111.208333 112.208333   98.70 0.000   2.74 0.000 9.999 0.259000   1.31 0.000 0.074 0.000  1.269 0.000  1.777 0.000  14.268 0.000   3.615 0.000  10.652 0.000 0.077 0.000  1.440 0.000
114.208333 115.208333  130.39 0.000   1.99 0.000 9.999 0.259000 999.99 0.259 0.021 0.000  0.648 0.000  0.907 0.000  18.518 0.000  13.617 0.000   4.902 0.000 0.228 0.000  0.359 0.000
117.208333 118.208333  377.33 0.000   2.82 0.000 9.999 0.259000   0.73 0.000 0.036 0.000  0.525 0.000  0.735 0.000  25.715 0.000  16.124 0.000   9.591 0.000 0.487 0.000  0.398 0.000
120.208333 121.208333  292.95 0.000   6.05 0.000 9.999 0.259000   1.45 0.000 0.066 0.000  2.301 0.000  3.222 0.000  26.495 0.000  13.313 0.000  13.182 0.000 0.172 0.000  0.977 0.000
123.208333 124.208333  158.60 0.000   2.26 0.000 9.999 0.259000   0.25 0.000 0.034 0.000  1.542 0.000  2.159 0.000  15.939 0.000   7.763 0.000   8.175 0.000 0.238 0.000  0.718 0.000
126.208333 127.208333  194.52 0.000   2.23 0.000 9.999 0.259000   1.21 0.000 0.026 0.000  1.322 0.000  1.851 0.000  15.102 0.000   9.026 0.000   6.076 0.000 0.120 0.000  0.230 0.000
129.208333 130.208333  274.17 0.000   2.15 0.000 9.999 0.259000   0.62 0.000 0.080 0.000  1.341 0.000  1.877 0.000  24.347 0.000  14.835 0.000   9.513 0.000 0.150 0.000  0.647 0.000
132.208333 133.208333   52.70 0.000   1.43 0.000 9.999 0.259000   0.50 0.000 0.019 0.000  0.447 0.000  0.626 0.000   6.735 0.000   4.120 0.000   2.616 0.000 0.301 0.000  0.191 0.000
135.208333 136.208333   44.43 0.000   3.97 0.000 9.999 0.259000   0.29 0.000 0.085 0.000  0.459 0.000  0.642 0.000   9.470 0.000   5.172 0.000   4.298 0.000 0.038 0.000  0.290 0.000
138.208333 139.208333   37.48 0.000   1.45 0.000 9.999 0.259000   0.96 0.000 0.041 0.000  0.793 0.000  1.110 0.000   7.534 0.000   3.166 0.000   4.368 0.000 0.047 0.000  0.544 0.000
141.208333 142.208333  103.76 0.000   1.70 0.000 9.999 0.259000   1.22 0.000 0.041 0.000  2.389 0.000  3.344 0.000  18.573 0.000  12.599 0.000   5.974 0.000 0.103 0.000  0.375 0.000
144.208333 145.208333  200.69 0.000   2.41 0.000 9.999 0.259000   1.27 0.000 0.047 0.000  2.195 0.000  3.072 0.000  15.261 0.000   7.785 0.000   7.476 0.000 0.130 0.000  0.326 0.000
147.208333 148.208333   13.73 0.000   0.83 0.000 9.999 0.259000 999.99 0.259 0.020 0.000  1.000 0.000  1.400 0.000   4.657 0.000   1.578 0.000   3.079 0.000 0.018 0.000  0.318 0.000
150.208333 151.208333   36.50 0.000   1.10 0.000 9.999 0.259000   0.67 0.000 0.004 0.000  0.770 0.000  1.079 0.000   4.225 0.000   1.889 0.000   2.336 0.000 0.197 0.000  0.081 0.000
153.208333 154.208333    4.64 0.000   0.27 0.000 9.999 0.259000 999.99 0.259 0.016 0.000  0.356 0.000  0.499 0.000   3.305 0.000   0.445 0.000   2.860 0.000 0.054 0.000  0.315 0.000
156.208333 157.208333   17.53 0.000   0.35 0.000 9.999 0.259000   0.12 0.000 0.007 0.000  0.618 0.000  0.865 0.000   5.988 0.000   3.936 0.000   2.052 0.000 0.134 0.000  0.100 0.000
159.208333 160.208333   30.49 0.000   0.64 0.000 9.999 0.259000   1.14 0.000 0.011 0.000  1.208 0.000  1.691 0.000  10.645 0.000   6.911 0.000   3.735 0.000 0.070 0.000  0.181 0.000
162.208333 163.208333   43.63 0.000   2.39 0.000 9.999 0.259000   0.62 0.000 0.037 0.000  2.102 0.000  2.942 0.000  18.555 0.000   7.094 0.000  11.461 0.000 0.039 0.000  1.349 0.000
165.208333 166.208333   93.07 0.000   2.30 0.000 9.999 0.259000   1.29 0.000 0.035 0.000  3.968 0.000  5.555 0.000  29.462 0.000  11.284 0.000  18.179 0.000 0.064 0.000  1.942 0.000
168.208333 169.208333   62.77 0.000   0.77 0.000 9.999 0.259000   0.38 0.000 0.019 0.000  1.835 0.000  2.568 0.000  21.577 0.000  15.647 0.000   5.930 0.000 0.122 0.000  0.337 0.000
171.208333 172.208333   61.42 0.000  13.46 0.000 9.999 0.259000 999.99 0.259 0.031 0.000  3.091 0.000  4.328 0.000  17.507 0.000   9.544 0.000   7.963 0.000 0.083 0.000  0.253 0.000
174.208333 175.208333    6.10 0.000   1.00 0.000 9.999 0.259000   0.25 0.000 0.018 0.000  0.970 0.000  1.358 0.000   6.531 0.000   3.137 0.000   3.394 0.000 0.056 0.000  0.346 0.000
177.208333 178.208333   83.39 0.000   2.38 0.000 9.999 0.259000   1.62 0.000 0.057 0.559  4.191 0.000  5.867 0.000  30.382 0.000  12.351 0.000  18.031 0.000 0.138 0.000  1.712 0.559
180.208333 181.208333   35.07 0.000   1.98 0.000 9.999 0.259000   2.68 0.000 0.039 0.000  2.506 0.000  3.508 0.000  21.748 0.000   3.895 0.000  17.853 0.000 0.035 0.000  2.948 0.000
183.208333 184.208333   15.74 0.000   0.80 0.000 9.999 0.259000   0.78 0.000 0.018 0.000  1.810 0.000  2.534 0.000   8.488 0.000   4.739 0.000   3.749 0.000 0.023 0.000  0.160 0.000
186.208333 187.208333   21.59 0.000   1.56 0.000 9.999 0.259000   1.07 0.000 0.028 0.000  2.649 0.000  3.708 0.000   7.527 0.000   2.762 0.000   4.765 0.000 0.025 0.000  0.464 0.000
189.208333 190.208333   25.57 0.000   3.10 0.000 9.999 0.259000   0.99 0.000 0.043 0.559  2.240 0.000  3.136 0.000  21.083 0.000   3.392 0.000  17.691 0.000 0.040 0.000  2.742 0.559
192.208333 193.208333   18.45 0.000   0.46 0.000 9.999 0.259000   1.31 0.000 0.012 0.000  0.946 0.000  1.324 0.000   6.861 0.000   3.327 0.000   3.535 0.000 0.024 0.000  0.191 0.000
195.208333 196.208333    6.48 0.000   3.65 0.000 9.999 0.259000   0.68 0.000 0.024 0.000  1.493 0.000  2.091 0.000   6.362 0.000   2.515 0.000   3.848 0.000 0.035 0.000  0.254 0.000
198.208333 199.208333   13.50 0.000   0.73 0.000 9.999 0.259000   0.20 0.000 0.017 0.000  2.077 0.000  2.908 0.000   8.639 0.000   4.640 0.000   3.999 0.000 0.019 0.000  0.146 0.000
201.208333 202.208333   39.52 0.000   1.60 0.000 9.999 0.259000   2.92 0.000 0.017 0.000  3.835 0.000  5.369 0.000  17.402 0.000   7.830 0.000   9.572 0.000 0.035 0.000  0.610 0.000
204.208333 205.208333   39.31 0.000   2.22 0.000 9.999 0.259000   4.68 0.000 0.022 0.000  3.468 0.000  4.855 0.000  27.402 0.000   3.729 0.000  23.672 0.000 0.034 0.000  3.878 0.000
207.208333 208.208333   26.42 0.000   0.66 0.000 9.999 0.259000 999.99 0.259 0.011 0.000  0.704 0.000  0.985 0.000   9.162 0.000   6.952 0.000   2.210 0.000 0.062 0.000  0.113 0.000
210.208333 211.208333   48.42 0.000   0.81 0.000 9.999 0.259000   0.94 0.000 0.025 0.000  2.954 0.000  4.135 0.000  18.560 0.000  11.896 0.000   6.664 0.000 0.058 0.000  0.205 0.000
213.208333 214.208333  100.32 0.000   1.94 0.000 9.999 0.259000   1.69 0.000 0.021 0.000  3.792 0.000  5.309 0.000  32.986 0.000  15.796 0.000  17.190 0.000 0.058 0.000  2.064 0.000
216.208333 217.208333   27.92 0.000   2.39 0.000 9.999 0.259000 999.99 0.259 0.017 0.000  1.958 0.000  2.741 0.000  10.210 0.000   6.025 0.000   4.185 0.000 0.032 0.000  0.139 0.000
219.208333 220.208333  102.52 0.000   0.54 0.000 9.999 0.259000   1.38 0.000 0.014 0.000  2.059 0.000  2.882 0.000  20.916 0.000  14.911 0.000   6.006 0.000 0.059 0.000  0.177 0.000
222.208333 223.208333   20.92 0.000   0.99 0.000 9.999 0.259000 999.99 0.259 0.006 0.000  0.562 0.000  0.787 0.000   4.836 0.000   3.509 0.000   1.327 0.000 0.025 0.000  0.049 0.000
225.208333 226.208333   44.11 0.000   1.24 0.000 9.999 0.259000 999.99 0.259 0.019 0.000  1.431 0.000  2.003 0.000  12.566 0.000   8.757 0.000   3.809 0.000 0.088 0.000  0.195 0.000
228.208333 229.208333   74.18 0.000   1.73 0.000 9.999 0.259000   1.21 0.000 0.092 0.000  3.264 0.000  4.570 0.000  23.162 0.000   7.958 0.000  15.204 0.000 0.043 0.000  1.564 0.000
231.208333 232.208333   20.56 0.000   0.73 0.000 9.999 0.259000 999.99 0.259 0.029 0.000  1.084 0.000  1.518 0.000   9.232 0.000   5.387 0.000   3.844 0.000 0.049 0.000  0.293 0.000
234.208333 235.208333   53.60 0.000   1.86 0.000 9.999 0.259000   0.15 0.000 0.040 0.000  2.382 0.000  3.335 0.000  16.010 0.000   7.220 0.000   8.790 0.000 0.102 0.000  0.683 0.000
237.208333 238.208333   22.67 0.000   1.43 0.000 9.999 0.259000   0.70 0.000 0.045 0.000  1.556 0.000  2.179 0.000  12.641 0.000   5.852 0.000   6.789 0.000 0.025 0.000  0.643 0.000
240.208333 241.208333   24.35 0.000   0.57 0.000 9.999 0.259000   0.21 0.000 0.025 0.000  1.221 0.000  1.709 0.000  11.602 0.000   7.316 0.000   4.285 0.000 0.286 0.000  0.312 0.000
243.208333 244.208333    3.83 0.000   0.36 0.000 0.023 0.000000 999.99 0.259 0.006 0.000  0.515 0.000  0.721 0.000   4.075 0.000   1.503 0.000   2.572 0.000 0.009 0.000  0.348 0.000
246.208333 247.208333   31.10 0.000   2.13 0.000 9.999 0.259000   0.55 0.000 0.056 0.000  1.999 0.000  2.799 0.000  16.682 0.000   5.311 0.000  11.371 0.000 0.030 0.000  1.490 0.000
249.208333 250.208333   95.94 0.000   2.38 0.000 9.999 0.259000   1.97 0.000 0.037 0.000  2.447 0.000  3.426 0.000  24.493 0.000  16.809 0.000   7.684 0.000 0.066 0.000  0.455 0.000
252.208333 253.208333   49.25 0.000   2.69 0.000 9.999 0.259000   1.86 0.000 0.066 0.000  3.110 0.000  4.354 0.000  28.526 0.000   7.435 0.000  21.092 0.000 0.045 0.000  3.267 0.000
255.208333 256.208333   82.34 0.000   0.93 0.000 9.999 0.259000 999.99 0.259 0.017 0.000  0.860 0.000  1.204 0.000  17.905 0.000  14.210 0.000   3.695 0.000 0.071 0.000  0.253 0.000
258.208333 259.208333   15.84 0.000   1.87 0.000 9.999 0.259000   0.25 0.000 0.022 0.000  0.910 0.000  1.275 0.000   8.317 0.000   3.921 0.000   4.396 0.000 0.024 0.000  0.480 0.000
261.208333 262.208333   95.21 0.000   0.71 0.000 9.999 0.259000   0.12 0.000 0.054 0.000  0.811 0.000  1.135 0.000  16.608 0.000  13.136 0.000   3.472 0.000 0.094 0.000  0.107 0.000
264.208333 265.208333    5.03 0.000   2.64 0.000 9.999 0.259000   0.18 0.000 0.029 0.000  0.540 0.000  0.755 0.000   5.115 0.000   2.139 0.000   2.976 0.000 0.030 0.000  0.470 0.000
267.208333 268.208333   25.64 0.000   1.28 0.000 9.999 0.259000   0.56 0.000 0.071 0.559  1.274 0.000  1.783 0.000  16.233 0.000   4.797 0.000  11.436 0.000 0.065 0.000  1.733 0.559
270.208333 271.208333   30.75 0.000   2.06 0.000 9.999 0.259000   0.14 0.000 0.020 0.000  0.829 0.000  1.160 0.000   8.743 0.000   5.303 0.000   3.440 0.000 0.114 0.000  0.176 0.000
273.208333 274.208333   61.65 0.000   1.66 0.000 9.999 0.259000   0.29 0.000 0.024 0.000  1.853 0.000  2.594 0.000  15.605 0.000  10.759 0.000   4.846 0.000 0.045 0.000  0.174 0.000
276.208333 277.208333  111.48 0.000   3.29 0.000 9.999 0.259000   1.30 0.000 0.101 0.000  3.396 0.000  4.755 0.000  32.447 0.000  15.356 0.000  17.092 0.000 0.069 0.000  1.907 0.000
279.208333 280.208333    2.38 0.000   0.59 0.000 9.999 0.259000   0.21 0.000 0.008 0.000  0.406 0.000  0.568 0.000   2.730 0.000   1.459 0.000   1.271 0.000 0.047 0.000  0.107 0.000
282.208333 283.208333   43.30 0.000   2.65 0.000 9.999 0.259000   0.44 0.000 0.067 0.559  1.789 0.000  2.505 0.000  13.051 0.000   6.282 0.000   6.769 0.000 0.034 0.000  0.669 0.559
285.208333 286.208333   15.53 0.000   0.83 0.000 9.999 0.259000   0.25 0.000 0.051 0.000  1.011 0.000  1.415 0.000   7.982 0.000   4.583 0.000   3.399 0.000 0.034 0.000  0.249 0.000
288.208333 289.208333   22.44 0.000   2.53 0.000 9.999 0.259000   0.37 0.000 0.060 0.000  1.788 0.000  2.502 0.000   8.958 0.000   3.602 0.000   5.357 0.000 0.037 0.000  0.514 0.000
291.208333 292.208333   23.89 0.000   1.19 0.000 9.999 0.259000 999.99 0.259 0.027 0.000  1.185 0.000  1.659 0.000   5.941 0.000   3.011 0.000   2.930 0.000 0.024 0.000  0.163 0.000
294.208333 295.208333   17.56 0.000   1.31 0.000 9.999 0.259000   0.39 0.000 0.024 0.000  1.057 0.000  1.479 0.000   6.342 0.000   2.737 0.000   3.605 0.000 0.143 0.000  0.274 0.000
297.208333 298.208333   14.20 0.559   1.37 0.559 9.999 0.559259   0.46 0.559 0.032 0.000  1.049 0.000  1.469 0.000   7.908 0.000   2.358 0.000   5.550 0.559 0.022 0.559  0.821 0.000
300.208333 301.208333    3.32 0.000   0.55 0.000 0.007 0.000000 999.99 0.259 0.010 0.000  0.349 0.000  0.488 0.000   2.382 0.000   1.332 0.000   1.050 0.000 0.033 0.000  0.083 0.000
303.208333 304.208333   32.48 0.000  11.42 0.000 9.999 0.259000   0.39 0.000 0.031 0.000  1.545 0.000  2.163 0.000   8.842 0.000   5.065 0.000   3.777 0.000 0.041 0.000  0.164 0.000
306.208333 307.208333   17.35 0.000   2.40 0.000 9.999 0.259000   0.84 0.000 0.073 0.000  2.136 0.000  2.990 0.000  10.257 0.000   2.456 0.000   7.801 0.000 0.036 0.000  0.826 0.000
309.208333 310.208333    4.60 0.000   0.83 0.000 9.999 0.259000   0.20 0.000 0.009 0.559  0.491 0.000  0.687 0.000   4.340 0.000   2.271 0.000   2.069 0.000 0.160 0.000  0.189 0.559
312.208333 313.208333    4.95 0.000   1.12 0.000 9.999 0.259000   0.25 0.000 0.021 0.000  0.443 0.000  0.621 0.000   2.826 0.000   0.965 0.000   1.862 0.000 0.015 0.000  0.165 0.000
315.208333 316.208333    5.01 0.000   0.46 0.000 9.999 0.259000   0.34 0.000 0.011 0.000  0.294 0.000  0.412 0.000   3.614 0.000   2.365 0.000   1.249 0.000 0.015 0.000  0.109 0.000
318.208333 319.208333   42.35 0.000   3.80 0.000 9.999 0.259000   1.77 0.000 0.446 0.000  3.543 0.000  4.960 0.000  19.663 0.000   3.419 0.000  16.243 0.000 0.062 0.000  1.790 0.000
321.208333 322.208333   16.95 0.000   3.12 0.000 9.999 0.259000   1.31 0.000 0.062 0.000  1.307 0.000  1.830 0.000   9.205 0.000   5.233 0.000   3.973 0.000 0.032 0.000  0.219 0.000
324.208333 325.208333   17.63 0.000   0.92 0.000 9.999 0.259000   0.36 0.000 0.013 0.000  0.425 0.000  0.595 0.000   5.320 0.000   3.672 0.000   1.648 0.000 0.019 0.000  0.130 0.000
