scripts/IMPROVE-2019_partial/data/US9030R.20130101090000.20191216000000.filterpack...52w.3d.US03L_filterpack_US9030.US03L_IMPROVE_Davis.lev2.nas
52 1001
MISSING INFORMATION
US03L, IMPROVE, , , , , , , 
MISSING INFORMATION
IMPROVE sel_HTAP
1 1
2013 01 01 2019 12 16
3.000
days from file reference point
5
1 1 1 1 1
999.999 999.999 9.999 99.999 9.999
end_time of measurement, days from the file reference point
pm10_mass, ug/m3, Matrix=pm10
numflag pm10_mass, no unit, Matrix=pm10
pm25_mass, ug/m3, Matrix=pm25
numflag pm25_mass, no unit, Matrix=pm25
0
33
Data definition:              EBAS_1.1
Set type code:                TU
Timezone:                     UTC
File name:                    US9030R.20130101090000.20191216000000.filterpack...52w.3d.US03L_filterpack_US9030.US03L_IMPROVE_Davis.lev2.nas
File creation:                20191218120713
Startdate:                    20130101090000
Revision date:                20191216000000
Version:                      2
Version description:          "Data extracted from http://views.cira.colostate.edu/fed/DataWizard 2019-12-16"
Statistics:                   arithmetic mean
Data level:                   2
Period code:                  52w
Resolution code:              3d
Sample duration:              1d
Orig. time res.:              3d
Station code:                 US9030R
Platform code:                US9030S
Station name:                 Simeonof
Station latitude:             55.3255
Station longitude:            -160.5063
Station altitude:             57.0 m
Regime:                       IMG
Component:                    
Unit:                         ug/m3
Matrix:                       
Laboratory code:              US03L
Instrument type:              filterpack
Instrument name:              filterpack_US9030
Method ref:                   US03L_IMPROVE_Davis
Blank correction:             Blank corrected
Volume std. temperature:      ambient
Volume std. pressure:         ambient
starttime endtime PM10 flag_PM10 PM2.5 flag_PM2.5
  0.375   1.375   2.873 0.000  0.800 0.000
  3.375   4.375 999.999 0.999 99.999 0.999
  6.375   7.375 999.999 0.999 99.999 0.999
  9.375  10.375 999.999 0.999 99.999 0.999
 12.375  13.375 999.999 0.999 99.999 0.999
 15.375  16.375   3.912 0.000  1.430 0.000
 18.375  19.375   3.367 0.000  1.498 0.000
 21.375  22.375   0.547 0.000  0.250 0.000
 24.375  25.375   2.244 0.000  1.030 0.000
 27.375  28.375   2.885 0.000  1.550 0.000
 30.375  31.375   3.573 0.000  1.127 0.000
 33.375  34.375   3.737 0.000  1.622 0.000
 36.375  37.375   4.171 0.000  2.144 0.000
 39.375  40.375   4.504 0.000  2.012 0.000
 42.375  43.375   6.390 0.000  2.372 0.000
 45.375  46.375   3.148 0.000  1.344 0.000
 48.375  49.375   3.801 0.000  1.058 0.000
 51.375  52.375   6.965 0.000  2.993 0.000
 54.375  55.375   3.659 0.000  1.447 0.000
 57.375  58.375   2.445 0.000  1.238 0.000
 60.375  61.375  12.606 0.000  4.362 0.000
 63.375  64.375   7.598 0.000  3.554 0.000
 66.375  67.375   8.090 0.000  2.590 0.000
 69.375  70.375   8.138 0.000  3.372 0.000
 72.375  73.375   9.270 0.000  1.720 0.000
 75.375  76.375  10.160 0.000  4.736 0.000
 78.375  79.375   9.243 0.000  2.838 0.000
 81.375  82.375   5.139 0.000  2.543 0.000
 84.375  85.375   7.330 0.000  2.695 0.000
 87.375  88.375   5.567 0.000  2.508 0.000
 90.375  91.375   2.795 0.000  1.377 0.000
 93.375  94.375 999.999 0.456  4.353 0.000
 96.375  97.375 999.999 0.456  4.817 0.000
 99.375 100.375 999.999 0.999 99.999 0.999
102.375 103.375 999.999 0.456  3.381 0.000
105.375 106.375 999.999 0.456  4.424 0.000
108.375 109.375 999.999 0.456  4.040 0.000
111.375 112.375 999.999 0.456  2.104 0.000
114.375 115.375   9.728 0.000  3.038 0.000
117.375 118.375  11.232 0.000  4.536 0.000
120.375 121.375 999.999 0.999 99.999 0.999
123.375 124.375  11.502 0.000  4.195 0.000
126.375 127.375   6.556 0.000  2.529 0.000
129.375 130.375   9.230 0.000  4.475 0.000
132.375 133.375   6.042 0.000  3.284 0.000
135.375 136.375  10.829 0.000  4.121 0.000
138.375 139.375  11.179 0.000  4.205 0.000
141.375 142.375   4.811 0.000  2.972 0.000
144.375 145.375   3.543 0.000  1.303 0.000
147.375 148.375   2.658 0.000  1.802 0.000
150.375 151.375   1.618 0.000  1.143 0.000
153.375 154.375   3.795 0.000  1.558 0.000
156.375 157.375 999.999 0.999 99.999 0.999
159.375 160.375   4.583 0.000  2.393 0.000
162.375 163.375   8.612 0.000  2.724 0.000
165.375 166.375   5.580 0.000  1.466 0.000
168.375 169.375   6.502 0.000  2.316 0.000
171.375 172.375   9.347 0.000  2.374 0.000
174.375 175.375   5.283 0.000  1.715 0.000
177.375 178.375   7.789 0.000  3.221 0.000
180.375 181.375   2.720 0.000  1.153 0.000
183.375 184.375   9.363 0.000  4.581 0.000
186.375 187.375   4.600 0.000  2.055 0.000
189.375 190.375   2.742 0.000  1.078 0.000
192.375 193.375   2.172 0.000  0.690 0.000
195.375 196.375   2.746 0.000  1.790 0.000
198.375 199.375   2.652 0.000  1.391 0.000
201.375 202.375   2.647 0.000  1.821 0.000
204.375 205.375   3.008 0.000  1.769 0.000
207.375 208.375   4.523 0.000  2.573 0.000
210.375 211.375   2.607 0.000  1.185 0.000
213.375 214.375   2.532 0.000  2.181 0.000
216.375 217.375   3.884 0.000  1.384 0.000
219.375 220.375   2.397 0.000  1.231 0.000
222.375 223.375   3.340 0.000  1.488 0.000
225.375 226.375 999.999 0.999 99.999 0.999
228.375 229.375   4.482 0.000  2.611 0.000
231.375 232.375   7.744 0.000  1.673 0.000
234.375 235.375   1.898 0.000  0.845 0.000
237.375 238.375   3.209 0.000  2.074 0.000
240.375 241.375  11.422 0.000  3.917 0.000
243.375 244.375   2.928 0.000  1.738 0.000
246.375 247.375  15.740 0.000  7.566 0.659
249.375 250.375   3.646 0.000  2.285 0.659
252.375 253.375   4.266 0.000  1.549 0.000
255.375 256.375   5.494 0.000  2.264 0.000
258.375 259.375   4.007 0.000  2.224 0.000
261.375 262.375   8.661 0.000  4.404 0.000
264.375 265.375   6.261 0.000  2.119 0.000
267.375 268.375  10.725 0.000  4.799 0.000
270.375 271.375   6.596 0.000  2.515 0.000
273.375 274.375   4.764 0.000 99.999 0.456
276.375 277.375   4.877 0.000  1.746 0.000
279.375 280.375  10.238 0.000  4.908 0.000
282.375 283.375 999.999 0.456 99.999 0.456
285.375 286.375 999.999 0.456 99.999 0.456
288.375 289.375 999.999 0.456 99.999 0.456
291.375 292.375 999.999 0.456 99.999 0.456
294.375 295.375 999.999 0.456 99.999 0.456
297.375 298.375 999.999 0.456 99.999 0.456
300.375 301.375 999.999 0.456 99.999 0.456
303.375 304.375   3.458 0.000  1.105 0.000
306.375 307.375 999.999 0.456  4.941 0.000
309.375 310.375  13.550 0.000  5.606 0.000
312.375 313.375  18.263 0.000  8.327 0.000
315.375 316.375   4.695 0.000  1.624 0.000
318.375 319.375   6.903 0.000  3.194 0.000
321.375 322.375   3.535 0.000  1.251 0.000
324.375 325.375   2.912 0.000  1.020 0.000
327.375 328.375   3.646 0.000  1.970 0.000
330.375 331.375   1.605 0.000  0.701 0.000
333.375 334.375   4.501 0.000  1.664 0.000
336.375 337.375   3.293 0.000  1.404 0.000
339.375 340.375   5.070 0.000  2.490 0.000
342.375 343.375   7.338 0.000  3.366 0.000
345.375 346.375 999.999 0.999 99.999 0.999
348.375 349.375   5.701 0.000  2.509 0.000
351.375 352.375   4.702 0.000  2.094 0.000
354.375 355.375   3.842 0.000  1.724 0.000
357.375 358.375   4.590 0.000  1.922 0.000
360.375 361.375  10.423 0.000  4.863 0.000
363.375 364.375  10.660 0.000  4.266 0.000
