scripts/IMPROVE-2019_partial/data/US9046R.20060102080000.20191216000000.filterpack..pm25.52w.1w.US03L_filterpack_US9046.US03L_IMPROVE_Davis.lev2.nas
66 1001
MISSING INFORMATION
US03L, IMPROVE, , , , , , , 
MISSING INFORMATION
IMPROVE sel_HTAP
1 1
2006 01 01 2019 12 16
3.000000
days from file reference point
27
1 1 1 1 1 1 1 1 1 1 1 1 1 1 1 1 1 1 1 1 1 1 1 1 1 1 1
999.999999 9999.99 9.999 99.99 9.999999 9.999 9.999999 99.99 9.999999 9.999 9.999 999.999 9.999 999.999 9.999 999.99 9.999999 999.999 9.999 999.999 9.999 999.999 9.999 99.999 9.999 99.999 9.999
end_time of measurement, days from the file reference point
iron, ng/m3, Revision date=20181210133000
numflag iron, no unit, Revision date=20181210133000
lead, ng/m3, Revision date=20181210133000
numflag lead, no unit, Revision date=20181210133000
magnesium, ug/m3, Revision date=20181210133000
numflag magnesium, no unit, Revision date=20181210133000
nickel, ng/m3, Revision date=20181210133000
numflag nickel, no unit, Revision date=20181210133000
nitrate, ug N/m3, Revision date=20181210133000
numflag nitrate, no unit, Revision date=20181210133000
organic_carbon, ug C/m3, Revision date=20181210133000
numflag organic_carbon, no unit, Revision date=20181210133000
organic_mass, ug/m3, Revision date=20181210133000
numflag organic_mass, no unit, Revision date=20181210133000
phosphorus, ng/m3, Revision date=20181210133000
numflag phosphorus, no unit, Revision date=20181210133000
pm10_mass, ug/m3, Version=2, Version description=Data extracted from http://views.cira.colostate.edu/fed/DataWizard 2019-12-16, Sample duration=1d, Orig. time res.=3d, Matrix=pm10, Blank correction=Blank corrected, Volume std. temperature=ambient, Volume std. pressure=ambient
numflag pm10_mass, no unit, Version=2, Version description=Data extracted from http://views.cira.colostate.edu/fed/DataWizard 2019-12-16, Sample duration=1d, Orig. time res.=3d, Matrix=pm10, Blank correction=Blank corrected, Volume std. temperature=ambient, Volume std. pressure=ambient
pm10_pm25_mass, ug/m3, Revision date=20181210133000, Matrix=pm10_pm25
numflag pm10_pm25_mass, no unit, Revision date=20181210133000, Matrix=pm10_pm25
pm25_mass, ug/m3, Version=2, Version description=Data extracted from http://views.cira.colostate.edu/fed/DataWizard 2019-12-16, Sample duration=1d, Orig. time res.=3d, Blank correction=Blank corrected, Volume std. temperature=ambient, Volume std. pressure=ambient
numflag pm25_mass, no unit, Version=2, Version description=Data extracted from http://views.cira.colostate.edu/fed/DataWizard 2019-12-16, Sample duration=1d, Orig. time res.=3d, Blank correction=Blank corrected, Volume std. temperature=ambient, Volume std. pressure=ambient
potassium, ug/m3, Revision date=20181210133000
numflag potassium, no unit, Revision date=20181210133000
sulphate_total, ug S/m3, Revision date=20181210133000
numflag sulphate_total, no unit, Revision date=20181210133000
0
25
Data definition:              EBAS_1.1
Set type code:                TU
Timezone:                     UTC
File name:                    US9046R.20060102080000.20191216000000.filterpack..pm25.52w.1w.US03L_filterpack_US9046.US03L_IMPROVE_Davis.lev2.nas
File creation:                20191218120834
Startdate:                    20060102080000
Revision date:                20191216000000
Statistics:                   arithmetic mean
Data level:                   2
Period code:                  52w
Resolution code:              1w
Station code:                 US9046R
Platform code:                US9046S
Station name:                 San Rafael
Station latitude:             34.7339
Station longitude:            -120.0074
Station altitude:             956.0 m
Regime:                       IMG
Component:                    
Matrix:                       pm25
Laboratory code:              US03L
Instrument type:              filterpack
Instrument name:              filterpack_US9046
Method ref:                   US03L_IMPROVE_Davis
starttime endtime Fe flag_Fe Pb flag_Pb Mg++ flag_Mg++ Ni flag_Ni NO3- flag_NO3- OC flag_OC OM flag_OM P flag_P PM10 flag_PM10 PM10-PM2.5 flag_PM10-PM2.5 PM2.5 flag_PM2.5 K+ flag_K+ SO4-- flag_SO4--
[from data line 79]
238.333333 239.333333   25.75 0.000  0.92 0.000000 9.999 0.259000  0.48 0.000000 0.066 0.000   0.614 0.000   1.106 0.000 999.99 0.259000  10.247 0.000   6.154 0.000   4.093 0.000  0.021 0.000  0.327 0.000
241.333333 242.333333   50.82 0.000  0.86 0.000000 0.019 0.000000  0.21 0.000000 0.096 0.000   1.005 0.000   1.809 0.000 999.99 0.259000  16.480 0.000  11.340 0.000   5.140 0.000  0.036 0.000  0.297 0.000
244.333333 245.333333   51.41 0.000  0.59 0.000000 0.012 0.000000  0.20 0.000000 0.079 0.000   0.754 0.000   1.358 0.000 999.99 0.259000  14.163 0.000   9.250 0.000   4.913 0.000  0.037 0.000  0.354 0.000
247.333333 248.333333   22.56 0.000  0.23 0.000000 9.999 0.259000  0.35 0.000000 0.030 0.000   0.448 0.000   0.806 0.000 999.99 0.259000   7.321 0.000   4.169 0.000   3.151 0.000  0.017 0.000  0.326 0.000
250.333333 251.333333   58.63 0.000  1.06 0.000000 0.015 0.000000  1.96 0.000000 0.200 0.000   2.109 0.000   3.795 0.000 999.99 0.259000  19.073 0.000   7.899 0.000  11.174 0.000  0.050 0.000  1.107 0.000
253.333333 254.333333   37.41 0.000  0.74 0.000000 9.999 0.259000  0.34 0.000000 0.079 0.000   2.454 0.000   4.418 0.000 999.99 0.259000  15.383 0.000   7.713 0.000   7.669 0.000  0.088 0.000  0.346 0.000
256.333333 257.333333   36.01 0.000  0.98 0.000000 0.016 0.000000  1.34 0.000000 0.196 0.000   1.512 0.000   2.722 0.000 999.99 0.259000  18.918 0.000  10.542 0.000   8.375 0.000  0.048 0.000  0.869 0.000
259.333333 260.333333   78.03 0.699  4.18 0.699000 9.999 0.699259 99.99 0.699259 0.911 0.000  25.210 0.000  45.379 0.000  82.17 0.699000  98.002 0.000  21.813 0.699  76.189 0.659  2.400 0.699  0.656 0.000
262.333333 263.333333   62.32 0.000  0.82 0.000000 0.033 0.000000  0.27 0.000000 0.130 0.000   1.353 0.000   2.436 0.000 999.99 0.259000  29.483 0.000  22.833 0.000   6.650 0.000  0.088 0.000  0.322 0.000
265.333333 266.333333   70.41 0.000  0.92 0.000000 0.028 0.000000  1.42 0.000000 0.412 0.000   2.368 0.559   4.262 0.559 999.99 0.259000  29.638 0.000  19.455 0.000  10.183 0.000  0.125 0.000  0.771 0.000
268.333333 269.333333   53.51 0.000  0.58 0.000000 0.016 0.000000  0.73 0.000000 0.134 0.000   1.852 0.000   3.334 0.000 999.99 0.259000  16.171 0.000   8.723 0.000   7.448 0.000  0.068 0.000  0.531 0.000
271.333333 272.333333   23.36 0.000  0.37 0.000000 9.999 0.259000  0.45 0.000000 0.035 0.000   0.745 0.000   1.342 0.000 999.99 0.259000   9.508 0.000   4.779 0.000   4.730 0.000  0.021 0.000  0.564 0.000
274.333333 275.333333    5.28 0.000  0.33 0.000000 9.999 0.259000  0.17 0.000000 0.066 0.000   0.702 0.000   1.264 0.000 999.99 0.259000   4.752 0.000   2.519 0.000   2.233 0.000  0.009 0.000  0.187 0.000
277.333333 278.333333    6.16 0.000  0.19 0.000000 0.009 0.000000  0.40 0.000000 0.057 0.000   0.360 0.000   0.649 0.000 999.99 0.259000   3.720 0.000   1.905 0.000   1.814 0.000  0.021 0.000  0.219 0.000
280.333333 281.333333   25.36 0.000  0.64 0.000000 9.999 0.259000 99.99 0.259000 0.051 0.000   0.961 0.000   1.731 0.000 999.99 0.259000   7.296 0.000   3.807 0.000   3.489 0.000  0.027 0.000  0.233 0.000
283.333333 284.333333   25.72 0.000  1.02 0.000000 0.034 0.000000  1.09 0.000000 0.289 0.000   0.718 0.000   1.293 0.000 999.99 0.259000  11.464 0.000   5.401 0.000   6.063 0.000  0.038 0.000  0.762 0.000
286.333333 287.333333   10.88 0.000  0.54 0.000000 9.999 0.259000  0.39 0.000000 0.203 0.000   0.615 0.559   1.107 0.559 999.99 0.259000   5.867 0.000   2.201 0.000   3.665 0.000  0.018 0.000  0.361 0.000
289.333333 290.333333   15.39 0.000  0.35 0.000000 0.007 0.000000 99.99 0.259000 0.110 0.000   0.546 0.000   0.982 0.000 999.99 0.259000   6.084 0.000   3.508 0.000   2.577 0.000  0.020 0.000  0.189 0.000
292.333333 293.333333   19.38 0.000  0.61 0.000000 0.009 0.000000 99.99 0.259000 0.029 0.000   0.430 0.000   0.774 0.000 999.99 0.259000   5.060 0.000   3.071 0.000   1.988 0.000  0.020 0.000  0.172 0.000
295.333333 296.333333   36.89 0.000  0.80 0.000000 9.999 0.259000 99.99 0.259000 0.042 0.000   0.628 0.000   1.130 0.000 999.99 0.259000   8.516 0.000   5.680 0.000   2.835 0.000  0.023 0.000  0.179 0.000
298.333333 299.333333   92.25 0.000  2.02 0.000000 0.032 0.000000  0.32 0.000000 0.078 0.000   0.940 0.000   1.691 0.000 999.99 0.259000  18.154 0.000  12.996 0.000   5.158 0.000  0.076 0.000  0.389 0.000
301.333333 302.333333   68.81 0.654  1.82 0.654000 0.024 0.654000  0.36 0.654000 0.269 0.654   1.447 0.654   2.605 0.654 999.99 0.654259  15.466 0.000   9.483 0.654   5.984 0.000  0.073 0.654  0.379 0.654
304.333333 305.333333 9999.99 0.999 99.99 0.999000 9.999 0.999000 99.99 0.999000 9.999 0.999 999.999 0.999 999.999 0.999 999.99 0.999000 999.999 0.999 999.999 0.999 999.999 0.999 99.999 0.999 99.999 0.999
307.333333 308.333333   15.11 0.000  0.62 0.000000 9.999 0.259000  0.06 0.000000 0.160 0.000   0.444 0.000   0.799 0.000 999.99 0.259000   3.134 0.000   1.564 0.000   1.570 0.000  0.012 0.000  0.152 0.000
310.333333 311.333333 9999.99 0.456 99.99 0.456000 9.999 0.456000 99.99 0.456000 0.011 0.000 999.999 0.456 999.999 0.456 999.99 0.456000   2.925 0.000 999.999 0.456 999.999 0.456 99.999 0.456  0.099 0.000
313.333333 314.333333   24.90 0.000  0.65 0.000000 9.999 0.259000  0.14 0.000000 0.050 0.000 999.999 0.456 999.999 0.456 999.99 0.259000   6.612 0.000   3.901 0.000   2.711 0.000  0.032 0.000  0.205 0.000
316.333333 317.333333   11.54 0.000  0.81 0.000000 9.999 0.259000 99.99 0.259000 0.028 0.000 999.999 0.456 999.999 0.456 999.99 0.259000   3.935 0.000   1.695 0.000   2.239 0.000  0.028 0.000  0.225 0.000
319.333333 320.333333   16.61 0.000  0.66 0.000000 9.999 0.259000 99.99 0.259000 0.034 0.000   0.566 0.000   1.018 0.000 999.99 0.259000 999.999 0.999 999.999 0.999   2.025 0.000  0.015 0.000  0.155 0.000
322.333333 323.333333   19.75 0.000  0.97 0.000000 9.999 0.259000 99.99 0.259000 0.023 0.000   0.735 0.000   1.323 0.000 999.99 0.259000 999.999 0.999 999.999 0.999   2.412 0.000  0.019 0.000  0.137 0.000
325.333333 326.333333   60.01 0.000  2.39 0.000000 9.999 0.259000  1.62 0.000000 0.314 0.000   1.607 0.000   2.893 0.000 999.99 0.259000 999.999 0.999 999.999 0.999   5.743 0.000  0.034 0.000  0.346 0.000
328.333333 329.333333   25.30 0.000  0.94 0.000000 9.999 0.259000 99.99 0.259000 0.172 0.000   0.771 0.000   1.387 0.000 999.99 0.259000 999.999 0.999 999.999 0.999   3.067 0.000  0.033 0.000  0.186 0.000
331.333333 332.333333    5.64 0.000  0.32 0.000000 9.999 0.259000 99.99 0.259000 0.116 0.000   0.301 0.000   0.542 0.000 999.99 0.259000   2.568 0.000   1.288 0.000   1.280 0.000  0.009 0.000  0.072 0.000
334.333333 335.333333    7.01 0.000  0.18 0.000000 9.999 0.259000 99.99 0.259000 0.010 0.000   0.395 0.000   0.711 0.000 999.99 0.259000 999.999 0.456 999.999 0.999   0.638 0.000  0.020 0.000  0.045 0.000
337.333333 338.333333   22.60 0.000  0.46 0.000000 9.999 0.259000 99.99 0.259000 0.035 0.000   0.476 0.000   0.857 0.000 999.99 0.259000   4.820 0.000   3.297 0.000   1.523 0.000  0.020 0.000  0.084 0.000
340.333333 341.333333   21.74 0.000  0.44 0.000000 9.999 0.259000  0.15 0.000000 0.015 0.000   0.395 0.000   0.712 0.000 999.99 0.259000   4.986 0.000   3.941 0.000   1.046 0.000  0.014 0.000  0.056 0.000
343.333333 344.333333    0.76 0.000  0.07 0.000000 9.999 0.259000 99.99 0.259000 0.017 0.000   0.405 0.000   0.730 0.000 999.99 0.259000   6.434 0.000   3.958 0.000   2.476 0.000  0.019 0.000  0.121 0.000
346.333333 347.333333   11.43 0.000  0.97 0.000000 0.007 0.000000  0.22 0.000000 0.010 0.000   0.214 0.000   0.385 0.000 999.99 0.259000   3.669 0.000   2.644 0.000   1.025 0.000  0.011 0.000  0.142 0.000
349.333333 350.333333    5.11 0.000  0.14 0.000000 9.999 0.259000  0.37 0.000000 0.156 0.000   0.532 0.000   0.958 0.000 999.99 0.259000   4.321 0.000   2.692 0.000   1.629 0.000  0.011 0.000  0.109 0.000
352.333333 353.333333    7.74 0.000  0.10 0.000000 9.999 0.259000 99.99 0.259000 0.067 0.000   0.411 0.000   0.740 0.000 999.99 0.259000   3.401 0.000   2.065 0.000   1.336 0.000  0.012 0.000  0.083 0.000
355.333333 356.333333    2.96 0.000  0.54 0.000000 9.999 0.259000 99.99 0.259000 0.160 0.000   0.276 0.000   0.496 0.000 999.99 0.259000   3.073 0.000   1.739 0.000   1.334 0.000  0.013 0.000  0.093 0.000
358.333333 359.333333    6.14 0.000  0.20 0.000000 9.999 0.259000 99.99 0.259000 0.008 0.000   0.289 0.000   0.521 0.000 999.99 0.259000   1.624 0.000   0.736 0.000   0.887 0.000  0.007 0.000  0.089 0.000
361.333333 362.333333   25.08 0.000  0.26 0.000000 9.999 0.259000  0.20 0.000000 0.038 0.000   0.330 0.000   0.595 0.000 999.99 0.259000   7.630 0.000   5.859 0.000   1.770 0.000  0.019 0.000  0.057 0.000
364.333333 365.333333    4.22 0.000  0.69 0.000000 9.999 0.259000  0.16 0.000000 0.107 0.000   0.411 0.000   0.740 0.000 999.99 0.259000   3.576 0.000   1.861 0.000   1.715 0.000  0.012 0.000  0.123 0.000
