scripts/IMPROVE-2019_partial/data/US9060R.20020102050000.20191216000000.filterpack..pm25.52w.1w.US03L_filterpack_US9060.US03L_IMPROVE_Davis.lev2.nas
66 1001
MISSING INFORMATION
US03L, IMPROVE, , , , , , , 
MISSING INFORMATION
IMPROVE sel_HTAP
1 1
2002 01 01 2019 12 16
3.000000
days from file reference point
27
1 1 1 1 1 1 1 1 1 1 1 1 1 1 1 1 1 1 1 1 1 1 1 1 1 1 1
999.999999 9999.99 9.999 99.99 9.999 9.999 9.999999 9.99 9.999999 99.999 9.999999 99.999 9.999 99.999 9.999 999.99 9.999999 999.999 9.999 999.999 9.999 999.999 9.999 9.999 9.999 99.999 9.999999
end_time of measurement, days from the file reference point
iron, ng/m3, Revision date=20181210133000
numflag iron, no unit, Revision date=20181210133000
lead, ng/m3, Revision date=20181210133000
numflag lead, no unit, Revision date=20181210133000
magnesium, ug/m3, Revision date=20181210133000
numflag magnesium, no unit, Revision date=20181210133000
nickel, ng/m3, Revision date=20181210133000
numflag nickel, no unit, Revision date=20181210133000
nitrate, ug N/m3, Revision date=20181210133000
numflag nitrate, no unit, Revision date=20181210133000
organic_carbon, ug C/m3, Revision date=20181210133000
numflag organic_carbon, no unit, Revision date=20181210133000
organic_mass, ug/m3, Revision date=20181210133000
numflag organic_mass, no unit, Revision date=20181210133000
phosphorus, ng/m3, Revision date=20181210133000
numflag phosphorus, no unit, Revision date=20181210133000
pm10_mass, ug/m3, Version=2, Version description=Data extracted from http://views.cira.colostate.edu/fed/DataWizard 2019-12-16, Sample duration=1d, Orig. time res.=3d, Matrix=pm10, Blank correction=Blank corrected, Volume std. temperature=ambient, Volume std. pressure=ambient
numflag pm10_mass, no unit, Version=2, Version description=Data extracted from http://views.cira.colostate.edu/fed/DataWizard 2019-12-16, Sample duration=1d, Orig. time res.=3d, Matrix=pm10, Blank correction=Blank corrected, Volume std. temperature=ambient, Volume std. pressure=ambient
pm10_pm25_mass, ug/m3, Revision date=20181210133000, Matrix=pm10_pm25
numflag pm10_pm25_mass, no unit, Revision date=20181210133000, Matrix=pm10_pm25
pm25_mass, ug/m3, Version=2, Version description=Data extracted from http://views.cira.colostate.edu/fed/DataWizard 2019-12-16, Sample duration=1d, Orig. time res.=3d, Blank correction=Blank corrected, Volume std. temperature=ambient, Volume std. pressure=ambient
numflag pm25_mass, no unit, Version=2, Version description=Data extracted from http://views.cira.colostate.edu/fed/DataWizard 2019-12-16, Sample duration=1d, Orig. time res.=3d, Blank correction=Blank corrected, Volume std. temperature=ambient, Volume std. pressure=ambient
potassium, ug/m3, Revision date=20181210133000
numflag potassium, no unit, Revision date=20181210133000
sulphate_total, ug S/m3, Revision date=20181210133000
numflag sulphate_total, no unit, Revision date=20181210133000
0
25
Data definition:              EBAS_1.1
Set type code:                TU
Timezone:                     UTC
File name:                    US9060R.20020102050000.20191216000000.filterpack..pm25.52w.1w.US03L_filterpack_US9060.US03L_IMPROVE_Davis.lev2.nas
File creation:                20191218120931
Startdate:                    20020102050000
Revision date:                20191216000000
Statistics:                   arithmetic mean
Data level:                   2
Period code:                  52w
Resolution code:              1w
Station code:                 US9060R
Platform code:                US9060S
Station name:                 Seney
Station latitude:             46.2889
Station longitude:            -85.9503
Station altitude:             214.0 m
Regime:                       IMG
Component:                    
Matrix:                       pm25
Laboratory code:              US03L
Instrument type:              filterpack
Instrument name:              filterpack_US9060
Method ref:                   US03L_IMPROVE_Davis
starttime endtime Fe flag_Fe Pb flag_Pb Mg++ flag_Mg++ Ni flag_Ni NO3- flag_NO3- OC flag_OC OM flag_OM P flag_P PM10 flag_PM10 PM10-PM2.5 flag_PM10-PM2.5 PM2.5 flag_PM2.5 K+ flag_K+ SO4-- flag_SO4--
[from data line 79]
238.208333 239.208333   11.76 0.000  1.79 0.000 9.999 0.259000 0.41 0.000000  0.010 0.559000  0.624 0.000  0.874 0.000 999.99 0.259000   5.263 0.000   3.396 0.000   1.867 0.000 0.017 0.000  0.161 0.559000
241.208333 242.208333   11.99 0.000  0.84 0.000 9.999 0.259000 0.18 0.000000  0.016 0.559000  1.865 0.000  2.611 0.000 999.99 0.259000   8.547 0.000   3.116 0.000   5.431 0.000 0.018 0.000  0.482 0.559000
244.208333 245.208333   30.26 0.000  4.15 0.000 0.092 0.000000 0.33 0.000000  0.036 0.000000  1.414 0.000  1.979 0.000 999.99 0.259000  19.765 0.000   2.132 0.000  17.633 0.000 0.039 0.000  3.655 0.000000
247.208333 248.208333    6.20 0.000  0.50 0.000 9.999 0.259000 9.99 0.259000  0.012 0.559000  0.588 0.000  0.823 0.000 999.99 0.259000   2.976 0.000   1.700 0.000   1.276 0.000 0.009 0.000  0.112 0.559000
250.208333 251.208333 9999.99 0.456 99.99 0.456 9.999 0.456000 9.99 0.456000  0.069 0.000000  2.943 0.000  4.120 0.000 999.99 0.456000 999.999 0.456 999.999 0.999 999.999 0.456 9.999 0.456  5.850 0.000000
253.208333 254.208333    3.31 0.000  0.47 0.000 9.999 0.259000 9.99 0.259000  0.009 0.559000  0.918 0.000  1.285 0.000 999.99 0.259000   4.274 0.000   1.710 0.000   2.563 0.000 0.014 0.000  0.205 0.559000
256.208333 257.208333   27.45 0.000  3.37 0.000 9.999 0.259000 9.99 0.259000  0.081 0.000000  1.432 0.000  2.005 0.000 999.99 0.259000  11.698 0.000   3.606 0.000   8.092 0.000 0.037 0.000  1.040 0.000000
259.208333 260.208333   16.07 0.000  2.03 0.000 9.999 0.259000 9.99 0.259000  0.038 0.559000  1.234 0.000  1.727 0.000 999.99 0.259000   8.388 0.000   3.603 0.000   4.785 0.000 0.020 0.000  0.425 0.559000
262.208333 263.208333   28.57 0.000  1.76 0.000 0.050 0.000000 0.21 0.000000  0.122 0.000000  1.048 0.000  1.467 0.000 999.99 0.259000   8.136 0.000   2.003 0.000   6.133 0.000 0.027 0.000  0.919 0.000000
265.208333 266.208333    7.65 0.000  0.52 0.000 9.999 0.259000 9.99 0.259000  0.011 0.559000  0.410 0.000  0.574 0.000 999.99 0.259000   2.744 0.000   1.439 0.000   1.306 0.000 0.012 0.000  0.146 0.559000
268.208333 269.208333   11.12 0.000  0.97 0.000 9.999 0.259000 9.99 0.259000  0.059 0.000000  0.771 0.000  1.079 0.000 999.99 0.259000   3.576 0.000   0.894 0.000   2.682 0.000 0.015 0.000  0.258 0.000000
271.208333 272.208333   27.64 0.000  1.40 0.000 9.999 0.259000 9.99 0.259000  0.027 0.559000  1.477 0.000  2.068 0.000 999.99 0.259000   6.944 0.000   2.027 0.000   4.918 0.000 0.034 0.000  0.438 0.559000
274.208333 275.208333   11.22 0.000  0.58 0.000 0.018 0.000000 9.99 0.259000  0.011 0.000000  0.581 0.000  0.814 0.000 999.99 0.259000   4.034 0.000   2.148 0.000   1.886 0.000 0.017 0.000  0.156 0.000000
277.208333 278.208333    4.95 0.000  0.45 0.000 9.999 0.259000 9.99 0.259000  0.005 0.559000  0.370 0.000  0.518 0.000 999.99 0.259000   2.703 0.000   1.087 0.000   1.616 0.000 0.012 0.000  0.167 0.559000
280.208333 281.208333   18.04 0.000  1.77 0.000 9.999 0.259000 0.14 0.000000  0.121 0.000000  1.179 0.000  1.650 0.000 999.99 0.259000   5.841 0.000   1.383 0.000   4.457 0.000 0.027 0.000  0.422 0.000000
283.208333 284.208333   38.95 0.000  3.08 0.000 9.999 0.259000 0.26 0.000000  0.223 0.559000  2.029 0.000  2.840 0.000 999.99 0.259000  12.808 0.000   3.727 0.000   9.081 0.000 0.046 0.000  1.056 0.559000
286.208333 287.208333   14.74 0.000  0.94 0.000 0.021 0.000000 9.99 0.259000  0.053 0.559000  0.464 0.000  0.649 0.000 999.99 0.259000   4.034 0.000   1.965 0.000   2.069 0.000 0.019 0.000  0.185 0.559000
289.208333 290.208333   13.42 0.000  0.76 0.000 9.999 0.259000 9.99 0.259000  0.046 0.559000  0.622 0.000  0.871 0.000 999.99 0.259000   4.085 0.000   1.389 0.000   2.696 0.000 0.032 0.000  0.238 0.559000
292.208333 293.208333    7.33 0.000  0.84 0.000 9.999 0.259000 9.99 0.259000  0.017 0.559000  0.543 0.000  0.761 0.000 999.99 0.259000   2.778 0.000   0.540 0.000   2.237 0.000 0.021 0.000  0.242 0.559000
295.208333 296.208333    0.96 0.000  0.28 0.000 0.019 0.000000 9.99 0.259000  0.006 0.559000  0.208 0.000  0.292 0.000 999.99 0.259000   1.185 0.000   0.371 0.000   0.814 0.000 0.005 0.000  0.109 0.559000
298.208333 299.208333   11.23 0.000  0.95 0.000 9.999 0.259000 9.99 0.259000  0.051 0.559000  0.670 0.000  0.939 0.000 999.99 0.259000   4.126 0.000   0.842 0.000   3.283 0.000 0.017 0.000  0.424 0.559000
301.208333 302.208333    8.92 0.000  0.72 0.000 9.999 0.259000 9.99 0.259000  0.011 0.559000  0.876 0.000  1.226 0.000 999.99 0.259000   3.145 0.000   0.631 0.000   2.514 0.000 0.015 0.000  0.205 0.559000
304.208333 305.208333    3.30 0.000  0.34 0.000 9.999 0.259000 9.99 0.259000  0.006 0.559000  0.154 0.000  0.216 0.000 999.99 0.259000   1.471 0.000   0.328 0.000   1.143 0.000 0.007 0.000  0.167 0.559000
307.208333 308.208333   10.36 0.000  0.69 0.000 9.999 0.259000 9.99 0.259000  0.052 0.559000  0.571 0.000  0.799 0.000 999.99 0.259000   3.595 0.000   0.518 0.000   3.077 0.000 0.024 0.000  0.481 0.559000
310.208333 311.208333   20.61 0.000  1.34 0.000 9.999 0.259000 0.14 0.000000  0.617 0.000000  0.888 0.000  1.243 0.000 999.99 0.259000   9.078 0.000   2.381 0.000   6.697 0.000 0.036 0.000  0.615 0.000000
313.208333 314.208333   14.24 0.000  1.94 0.000 9.999 0.259000 0.21 0.000000  0.330 0.000000  1.360 0.000  1.905 0.000 999.99 0.259000   8.827 0.000   1.087 0.000   7.740 0.000 0.033 0.000  1.087 0.000000
316.208333 317.208333    6.10 0.000  0.86 0.000 9.999 0.259000 0.10 0.000000  0.030 0.000000  0.444 0.000  0.622 0.000 999.99 0.259000   3.263 0.000   0.180 0.000   3.083 0.000 0.022 0.000  0.449 0.000000
319.208333 320.208333    8.16 0.000  0.59 0.000 9.999 0.259000 9.99 0.259000  0.014 0.559000  0.611 0.000  0.856 0.000 999.99 0.259000   2.609 0.000   0.873 0.000   1.736 0.000 0.013 0.000  0.137 0.559000
322.208333 323.208333   20.99 0.000  2.41 0.000 9.999 0.259000 9.99 0.259000  0.949 0.559000  1.587 0.000  2.223 0.000 999.99 0.259000   9.427 0.000   1.616 0.000   7.811 0.000 0.051 0.000  0.537 0.559000
325.208333 326.208333    1.15 0.000  0.42 0.000 9.999 0.259000 0.07 0.000000  0.010 0.559000  0.114 0.000  0.159 0.000 999.99 0.259000   2.134 0.000   0.323 0.000   1.810 0.000 0.005 0.000  0.322 0.559000
328.208333 329.208333    3.66 0.000  0.41 0.000 0.014 0.000000 9.99 0.259000  0.007 0.000000  0.068 0.000  0.095 0.000 999.99 0.259000   1.297 0.000   0.292 0.000   1.005 0.000 0.010 0.000  0.144 0.000000
331.208333 332.208333   33.51 0.000  1.93 0.000 9.999 0.259000 9.99 0.259000  1.421 0.000000  0.945 0.000  1.322 0.000 999.99 0.259000  18.645 0.000   5.714 0.000  12.931 0.000 0.049 0.000  0.825 0.000000
334.208333 335.208333    9.11 0.000  0.46 0.000 9.999 0.259000 9.99 0.259000  0.044 0.000000  0.327 0.000  0.458 0.000 999.99 0.259000   2.710 0.000   1.087 0.000   1.623 0.000 0.020 0.000  0.191 0.000000
337.208333 338.208333   31.38 0.559  0.36 0.559 9.999 0.559259 9.99 0.559259  0.054 0.559000  0.379 0.000  0.531 0.000 999.99 0.559259   2.879 0.000   1.102 0.000   1.777 0.559 0.021 0.559  0.305 0.559000
340.208333 341.208333   17.38 0.559  0.95 0.559 9.999 0.559259 9.99 0.559259  0.401 0.000000  0.632 0.000  0.885 0.000 999.99 0.559259   6.944 0.000   3.646 0.000   3.298 0.559 0.029 0.559  0.449 0.000000
343.208333 344.208333   35.79 0.559  1.77 0.559 9.999 0.559259 9.99 0.559259  1.042 0.000000  1.410 0.000  1.974 0.000  27.07 0.559000  20.542 0.000  13.048 0.000   7.495 0.559 0.070 0.559  0.313 0.000000
346.208333 347.208333   15.73 0.000  1.21 0.000 0.109 0.000000 9.99 0.259000  1.818 0.559000  0.995 0.000  1.393 0.000 999.99 0.259000  22.391 0.000   3.761 0.000  18.629 0.000 0.032 0.000  1.874 0.559000
349.208333 350.208333   10.24 0.000  0.40 0.000 9.999 0.259000 9.99 0.259000  0.018 0.559000  0.335 0.000  0.469 0.000 999.99 0.259000   1.726 0.000   0.444 0.000   1.282 0.000 0.016 0.000  0.151 0.559000
352.208333 353.208333   16.37 0.000  1.76 0.000 0.036 0.000000 0.13 0.000000  0.757 0.559000  1.218 0.000  1.705 0.000 999.99 0.259000  10.229 0.000   1.481 0.000   8.748 0.000 0.031 0.000  1.022 0.559000
355.208333 356.208333   37.88 0.000  0.44 0.000 9.999 0.259000 9.99 0.259000  0.017 0.559000  0.175 0.000  0.245 0.000 999.99 0.259000   8.785 0.000   6.623 0.000   2.163 0.000 0.009 0.000  0.354 0.559000
358.208333 359.208333    4.40 0.000  0.24 0.000 9.999 0.259000 0.03 0.000000  0.010 0.000000  0.133 0.000  0.187 0.000 999.99 0.259000   1.515 0.000   0.353 0.000   1.162 0.000 0.010 0.000  0.187 0.000000
361.208333 362.208333   11.61 0.000  0.86 0.000 0.039 0.000000 9.99 0.259000  0.847 0.559000  0.787 0.000  1.102 0.000 999.99 0.259000   9.386 0.000   1.676 0.000   7.709 0.000 0.024 0.000  0.661 0.559000
364.208333 365.208333   34.39 0.000  0.85 0.000 9.999 0.259000 9.99 0.259000  0.127 0.559000  0.517 0.000  0.724 0.000 999.99 0.259000   5.742 0.000   2.704 0.000   3.038 0.000 0.024 0.000  0.399 0.559000
