scripts/IMPROVE-2019_partial/data/US9046R.20090101080000.20191216000000.filterpack...52w.3d.US03L_filterpack_US9046.US03L_IMPROVE_Davis.lev2.nas
52 1001
MISSING INFORMATION
US03L, IMPROVE, , , , , , , 
MISSING INFORMATION
IMPROVE sel_HTAP
1 1
2009 01 01 2019 12 16
3.000000
days from file reference point
5
1 1 1 1 1
999.999999 999.999 9.999 999.999 9.999
end_time of measurement, days from the file reference point
pm10_mass, ug/m3, Matrix=pm10
numflag pm10_mass, no unit, Matrix=pm10
pm25_mass, ug/m3, Matrix=pm25
numflag pm25_mass, no unit, Matrix=pm25
0
33
Data definition:              EBAS_1.1
Set type code:                TU
Timezone:                     UTC
File name:                    US9046R.20090101080000.20191216000000.filterpack...52w.3d.US03L_filterpack_US9046.US03L_IMPROVE_Davis.lev2.nas
File creation:                20191218120835
Startdate:                    20090101080000
Revision date:                20191216000000
Version:                      2
Version description:          "Data extracted from http://views.cira.colostate.edu/fed/DataWizard 2019-12-16"
Statistics:                   arithmetic mean
Data level:                   2
Period code:                  52w
Resolution code:              3d
Sample duration:              1d
Orig. time res.:              3d
Station code:                 US9046R
Platform code:                US9046S
Station name:                 San Rafael
Station latitude:             34.7339
Station longitude:            -120.0074
Station altitude:             956.0 m
Regime:                       IMG
Component:                    
Unit:                         ug/m3
Matrix:                       
Laboratory code:              US03L
Instrument type:              filterpack
Instrument name:              filterpack_US9046
Method ref:                   US03L_IMPROVE_Davis
Blank correction:             Blank corrected
Volume std. temperature:      ambient
Volume std. pressure:         ambient
starttime endtime PM10 flag_PM10 PM2.5 flag_PM2.5
  0.333333   1.333333   2.519 0.000   1.123 0.000
  3.333333   4.333333   3.218 0.000   1.451 0.000
  6.333333   7.333333   2.009 0.000   0.779 0.000
  9.333333  10.333333   2.653 0.000   0.886 0.000
 12.333333  13.333333   1.822 0.000   0.793 0.000
 15.333333  16.333333   2.952 0.000   0.760 0.000
 18.333333  19.333333   4.827 0.000   1.813 0.000
 21.333333  22.333333   2.812 0.000   1.101 0.000
 24.333333  25.333333   3.815 0.000   2.023 0.000
 27.333333  28.333333   4.678 0.000   1.910 0.000
 30.333333  31.333333   3.498 0.000   1.724 0.000
 33.333333  34.333333   3.123 0.000   1.575 0.000
 36.333333  37.333333   0.979 0.000   0.387 0.000
 39.333333  40.333333   2.504 0.000   1.162 0.000
 42.333333  43.333333   4.388 0.000   1.762 0.000
 45.333333  46.333333   4.643 0.000   2.317 0.000
 48.333333  49.333333   3.027 0.000   1.448 0.000
 51.333333  52.333333   5.030 0.000   2.301 0.000
 54.333333  55.333333 999.999 0.999   1.422 0.000
 57.333333  58.333333   4.553 0.000   2.436 0.000
 60.333333  61.333333   3.619 0.000   2.264 0.000
 63.333333  64.333333   1.952 0.000 999.999 0.456
 66.333333  67.333333   6.818 0.000 999.999 0.456
 69.333333  70.333333   9.830 0.000   7.150 0.000
 72.333333  73.333333   5.702 0.000   4.857 0.000
 75.333333  76.333333 999.999 0.999 999.999 0.999
 78.333333  79.333333 999.999 0.999 999.999 0.999
 81.333333  82.333333   5.765 0.000   1.837 0.000
 84.333333  85.333333  12.713 0.000   3.873 0.000
 87.333333  88.333333  18.072 0.000   6.682 0.000
 90.333333  91.333333  16.101 0.000   4.811 0.000
 93.333333  94.333333  15.376 0.000   6.848 0.000
 96.333333  97.333333 999.999 0.999   3.648 0.000
 99.333333 100.333333  11.700 0.000   6.491 0.000
102.333333 103.333333  11.775 0.000   5.070 0.000
105.333333 106.333333  10.194 0.000   4.292 0.000
108.333333 109.333333   6.651 0.000   4.633 0.000
111.333333 112.333333  11.384 0.000   6.583 0.000
114.333333 115.333333 999.999 0.999   6.284 0.000
117.333333 118.333333 999.999 0.999   8.762 0.000
120.333333 121.333333   9.739 0.000   3.013 0.000
123.333333 124.333333   5.777 0.000   2.354 0.000
126.333333 127.333333  12.465 0.000   4.090 0.000
129.333333 130.333333  20.149 0.000   9.393 0.000
132.333333 133.333333  20.813 0.000   5.194 0.000
135.333333 136.333333  18.564 0.000   7.453 0.000
138.333333 139.333333  10.223 0.000   4.683 0.000
141.333333 142.333333  17.694 0.000   6.252 0.000
144.333333 145.333333  15.398 0.000   6.729 0.000
147.333333 148.333333  22.708 0.000   8.160 0.000
150.333333 151.333333  13.623 0.000   5.542 0.000
153.333333 154.333333  10.329 0.000   3.772 0.000
156.333333 157.333333   3.947 0.000   1.831 0.000
159.333333 160.333333  11.315 0.000   4.992 0.000
162.333333 163.333333   9.577 0.000   3.873 0.000
165.333333 166.333333   6.706 0.000   2.712 0.000
168.333333 169.333333  19.081 0.000   5.852 0.000
171.333333 172.333333  19.508 0.000   7.342 0.000
174.333333 175.333333  20.245 0.000   8.333 0.000
177.333333 178.333333  17.783 0.000   6.970 0.000
180.333333 181.333333  15.633 0.000   7.154 0.000
183.333333 184.333333  15.121 0.000   5.036 0.000
186.333333 187.333333  19.557 0.000   5.794 0.000
189.333333 190.333333  26.520 0.000   6.984 0.000
192.333333 193.333333  17.880 0.000   6.141 0.000
195.333333 196.333333  20.246 0.000   6.851 0.000
198.333333 199.333333  20.863 0.000   6.634 0.000
201.333333 202.333333  17.059 0.000   6.063 0.000
204.333333 205.333333  15.401 0.000   4.541 0.000
207.333333 208.333333  13.599 0.000   4.717 0.000
210.333333 211.333333  19.798 0.000   4.889 0.000
213.333333 214.333333   6.443 0.000   2.093 0.000
216.333333 217.333333  10.770 0.000   2.343 0.000
219.333333 220.333333  21.619 0.000   6.134 0.000
222.333333 223.333333  44.595 0.000 999.999 0.456
225.333333 226.333333 999.999 0.699  81.293 0.659
228.333333 229.333333  34.126 0.000  17.602 0.000
231.333333 232.333333  28.642 0.000   7.119 0.000
234.333333 235.333333   6.420 0.000   3.385 0.000
237.333333 238.333333 999.999 0.999 999.999 0.999
240.333333 241.333333 999.999 0.999 999.999 0.999
243.333333 244.333333 999.999 0.999 999.999 0.999
246.333333 247.333333  18.384 0.000   3.819 0.000
249.333333 250.333333  18.817 0.000   4.251 0.000
252.333333 253.333333  30.995 0.000   6.596 0.000
255.333333 256.333333   8.899 0.000   2.909 0.000
258.333333 259.333333  15.505 0.000   4.563 0.000
261.333333 262.333333   9.591 0.000   3.125 0.000
264.333333 265.333333  11.381 0.000   3.911 0.000
267.333333 268.333333  17.033 0.000   5.370 0.000
270.333333 271.333333   9.546 0.000   4.080 0.000
273.333333 274.333333  17.383 0.000   4.087 0.000
276.333333 277.333333  18.419 0.000   4.367 0.000
279.333333 280.333333  22.938 0.000   4.558 0.000
282.333333 283.333333  15.930 0.000   6.125 0.000
285.333333 286.333333   1.116 0.000   0.667 0.000
288.333333 289.333333   3.868 0.000   2.097 0.000
291.333333 292.333333   3.829 0.000   1.815 0.000
294.333333 295.333333   7.523 0.000   3.211 0.000
297.333333 298.333333   5.616 0.000   2.777 0.000
300.333333 301.333333  41.656 0.000   5.063 0.000
303.333333 304.333333   5.173 0.000   1.669 0.000
306.333333 307.333333   8.429 0.000   2.538 0.000
309.333333 310.333333  21.177 0.000   3.828 0.000
312.333333 313.333333  10.928 0.000   3.570 0.000
315.333333 316.333333 999.999 0.999 999.999 0.999
318.333333 319.333333   4.801 0.000   1.869 0.000
321.333333 322.333333  13.200 0.000   5.722 0.000
324.333333 325.333333   3.509 0.000   1.224 0.000
327.333333 328.333333   7.934 0.000   2.334 0.000
330.333333 331.333333   8.691 0.000   2.338 0.000
333.333333 334.333333   5.160 0.000   2.025 0.000
336.333333 337.333333 999.999 0.999 999.999 0.999
339.333333 340.333333  13.074 0.000   7.262 0.000
342.333333 343.333333   4.670 0.000   2.067 0.000
345.333333 346.333333   0.488 0.000   0.156 0.000
348.333333 349.333333   2.910 0.000   1.500 0.000
351.333333 352.333333   2.667 0.000   1.131 0.000
354.333333 355.333333   5.849 0.000   2.775 0.000
357.333333 358.333333   3.469 0.000   0.876 0.000
360.333333 361.333333   3.704 0.000   1.822 0.000
363.333333 364.333333   0.672 0.000   0.482 0.000
