scripts/IMPROVE-2019_partial/data/US9068R.20030103070000.20191216000000.filterpack..pm25.1y.1w.US03L_filterpack_US9068.US03L_IMPROVE_Davis.lev2.nas
66 1001
MISSING INFORMATION
US03L, IMPROVE, , , , , , , 
MISSING INFORMATION
IMPROVE sel_HTAP
1 1
2003 01 01 2019 12 16
3.000000
days from file reference point
27
1 1 1 1 1 1 1 1 1 1 1 1 1 1 1 1 1 1 1 1 1 1 1 1 1 1 1
999.999999 9999.99 9.999 99.99 9.999999 9.999 9.999999 99.99 9.999999 9.999 9.999999 99.999 9.999 99.999 9.999 9999.99 9.999999 9999.999 9.999 9999.999 9.999 999.999 9.999 9.999 9.999 99.999 9.999999
end_time of measurement, days from the file reference point
iron, ng/m3, Revision date=20181210133000
numflag iron, no unit, Revision date=20181210133000
lead, ng/m3, Revision date=20181210133000
numflag lead, no unit, Revision date=20181210133000
magnesium, ug/m3, Revision date=20181210133000
numflag magnesium, no unit, Revision date=20181210133000
nickel, ng/m3, Revision date=20181210133000
numflag nickel, no unit, Revision date=20181210133000
nitrate, ug N/m3, Revision date=20181210133000
numflag nitrate, no unit, Revision date=20181210133000
organic_carbon, ug C/m3, Revision date=20181210133000
numflag organic_carbon, no unit, Revision date=20181210133000
organic_mass, ug/m3, Revision date=20181210133000
numflag organic_mass, no unit, Revision date=20181210133000
phosphorus, ng/m3, Revision date=20181210133000
numflag phosphorus, no unit, Revision date=20181210133000
pm10_mass, ug/m3, Version=2, Version description=Data extracted from http://views.cira.colostate.edu/fed/DataWizard 2019-12-16, Sample duration=1d, Orig. time res.=3d, Matrix=pm10, Blank correction=Blank corrected, Volume std. temperature=ambient, Volume std. pressure=ambient
numflag pm10_mass, no unit, Version=2, Version description=Data extracted from http://views.cira.colostate.edu/fed/DataWizard 2019-12-16, Sample duration=1d, Orig. time res.=3d, Matrix=pm10, Blank correction=Blank corrected, Volume std. temperature=ambient, Volume std. pressure=ambient
pm10_pm25_mass, ug/m3, Revision date=20181210133000, Matrix=pm10_pm25
numflag pm10_pm25_mass, no unit, Revision date=20181210133000, Matrix=pm10_pm25
pm25_mass, ug/m3, Version=2, Version description=Data extracted from http://views.cira.colostate.edu/fed/DataWizard 2019-12-16, Sample duration=1d, Orig. time res.=3d, Blank correction=Blank corrected, Volume std. temperature=ambient, Volume std. pressure=ambient
numflag pm25_mass, no unit, Version=2, Version description=Data extracted from http://views.cira.colostate.edu/fed/DataWizard 2019-12-16, Sample duration=1d, Orig. time res.=3d, Blank correction=Blank corrected, Volume std. temperature=ambient, Volume std. pressure=ambient
potassium, ug/m3, Revision date=20181210133000
numflag potassium, no unit, Revision date=20181210133000
sulphate_total, ug S/m3, Revision date=20181210133000
numflag sulphate_total, no unit, Revision date=20181210133000
0
25
Data definition:              EBAS_1.1
Set type code:                TU
Timezone:                     UTC
File name:                    US9068R.20030103070000.20191216000000.filterpack..pm25.1y.1w.US03L_filterpack_US9068.US03L_IMPROVE_Davis.lev2.nas
File creation:                20191218121011
Startdate:                    20030103070000
Revision date:                20191216000000
Statistics:                   arithmetic mean
Data level:                   2
Period code:                  1y
Resolution code:              1w
Station code:                 US9068R
Platform code:                US9068S
Station name:                 Salt Creek
Station latitude:             33.4598
Station longitude:            -104.4042
Station altitude:             1072.0 m
Regime:                       IMG
Component:                    
Matrix:                       pm25
Laboratory code:              US03L
Instrument type:              filterpack
Instrument name:              filterpack_US9068
Method ref:                   US03L_IMPROVE_Davis
starttime endtime Fe flag_Fe Pb flag_Pb Mg++ flag_Mg++ Ni flag_Ni NO3- flag_NO3- OC flag_OC OM flag_OM P flag_P PM10 flag_PM10 PM10-PM2.5 flag_PM10-PM2.5 PM2.5 flag_PM2.5 K+ flag_K+ SO4-- flag_SO4--
  2.291667   3.291667   23.07 0.000  0.30 0.000000 9.999 0.259000  0.03 0.000000 0.213 0.559000  0.600 0.000  0.839 0.000 9999.99 0.259000   11.212 0.000    7.755 0.000   3.457 0.000 0.030 0.000  0.136 0.559000
  5.291667   6.291667   28.00 0.000  0.35 0.000000 9.999 0.259000  0.05 0.000000 0.689 0.559000  0.627 0.000  0.877 0.000 9999.99 0.259000   14.626 0.000    7.953 0.000   6.673 0.000 0.023 0.000  0.369 0.559000
  8.291667   9.291667   12.17 0.000  0.20 0.000000 9.999 0.259000 99.99 0.259000 0.067 0.559000  0.313 0.000  0.438 0.000 9999.99 0.259000    7.523 0.000    5.359 0.000   2.164 0.000 0.019 0.000  0.197 0.559000
 11.291667  12.291667   21.53 0.000  0.81 0.000000 9.999 0.259000 99.99 0.259000 0.695 0.000000  0.833 0.000  1.166 0.000 9999.99 0.259000   12.647 0.000    6.126 0.000   6.522 0.000 0.026 0.000  0.194 0.000000
 14.291667  15.291667   21.97 0.000  0.38 0.000000 9.999 0.259000 99.99 0.259000 0.463 0.000000  0.647 0.000  0.906 0.000 9999.99 0.259000   13.307 0.000    6.921 0.000   6.386 0.000 0.061 0.000  0.530 0.000000
 17.291667  18.291667   29.35 0.000  0.36 0.000000 0.009 0.000000 99.99 0.259000 0.362 0.000000  0.709 0.000  0.993 0.000 9999.99 0.259000   16.217 0.000   11.567 0.000   4.650 0.000 0.037 0.000  0.218 0.000000
 20.291667  21.291667    9.97 0.000  0.42 0.000000 9.999 0.259000 99.99 0.259000 0.100 0.000000  0.356 0.000  0.499 0.000 9999.99 0.259000    5.633 0.000    3.644 0.000   1.988 0.000 0.011 0.000  0.213 0.000000
 23.291667  24.291667   26.78 0.000  1.51 0.000000 9.999 0.259000 99.99 0.259000 0.884 0.000000  1.383 0.000  1.936 0.000 9999.99 0.259000   20.833 0.000   10.762 0.000  10.071 0.000 0.073 0.000  0.623 0.000000
 26.291667  27.291667   30.21 0.000  1.18 0.000000 9.999 0.259000 99.99 0.259000 0.574 0.000000  1.034 0.000  1.448 0.000 9999.99 0.259000   20.332 0.000   12.164 0.000   8.168 0.000 0.053 0.000  0.572 0.000000
 29.291667  30.291667   44.71 0.000  0.80 0.000000 9.999 0.259000 99.99 0.259000 0.048 0.000000  0.626 0.000  0.877 0.000 9999.99 0.259000   16.566 0.000    9.800 0.000   6.766 0.000 0.065 0.000  0.457 0.000000
 32.291667  33.291667  247.42 0.000  0.90 0.000000 9.999 0.259000  0.10 0.000000 0.562 0.000000  0.836 0.000  1.171 0.000 9999.99 0.259000   72.238 0.000   61.503 0.000  10.735 0.000 0.203 0.000  0.443 0.000000
 35.291667  36.291667   48.06 0.000  0.40 0.000000 9.999 0.259000 99.99 0.259000 0.302 0.000000  0.535 0.000  0.749 0.000 9999.99 0.259000   22.004 0.000   17.384 0.000   4.619 0.000 0.063 0.000  0.193 0.000000
 38.291667  39.291667    9.61 0.000  0.48 0.000000 9.999 0.259000 99.99 0.259000 0.948 0.000000  0.914 0.000  1.280 0.000 9999.99 0.259000   14.674 0.000    3.037 0.000  11.637 0.000 0.020 0.000  0.969 0.000000
 41.291667  42.291667   16.96 0.000  0.43 0.000000 9.999 0.259000 99.99 0.259000 0.080 0.000000  0.434 0.000  0.607 0.000 9999.99 0.259000    8.655 0.000    6.938 0.000   1.717 0.000 0.019 0.000  0.096 0.000000
 44.291667  45.291667    7.54 0.000  0.23 0.000000 9.999 0.259000  0.13 0.000000 0.021 0.000000  0.323 0.000  0.452 0.000 9999.99 0.259000    3.781 0.000    2.589 0.000   1.192 0.000 0.012 0.000  0.119 0.000000
 47.291667  48.291667   14.83 0.000  0.45 0.000000 0.015 0.000000 99.99 0.259000 0.319 0.000000  0.479 0.000  0.670 0.000 9999.99 0.259000   10.687 0.000    6.618 0.000   4.069 0.000 0.025 0.000  0.374 0.000000
 50.291667  51.291667    5.68 0.000  0.07 0.000000 9.999 0.259000 99.99 0.259000 0.173 0.000000  0.424 0.000  0.594 0.000 9999.99 0.259000    4.175 0.000    1.336 0.000   2.838 0.000 0.007 0.000  0.297 0.000000
 53.291667  54.291667   44.95 0.000  0.25 0.000000 9.999 0.259000 99.99 0.259000 0.071 0.000000  0.198 0.000  0.278 0.000 9999.99 0.259000   12.732 0.000   10.356 0.000   2.376 0.000 0.036 0.000  0.123 0.000000
 56.291667  57.291667   19.02 0.000  0.45 0.000000 9.999 0.259000  0.16 0.000000 0.448 0.000000  0.526 0.000  0.736 0.000 9999.99 0.259000   10.105 0.000    3.683 0.000   6.422 0.000 0.045 0.000  0.654 0.000000
 59.291667  60.291667    9.66 0.000 99.99 0.259000 9.999 0.259000 99.99 0.259000 0.049 0.000000  0.282 0.000  0.396 0.000 9999.99 0.259000    3.935 0.000    2.589 0.000   1.346 0.000 0.009 0.000  0.157 0.000000
 62.291667  63.291667   34.25 0.000  0.79 0.000000 0.010 0.000000 99.99 0.259000 0.044 0.000000  0.292 0.000  0.409 0.000 9999.99 0.259000   13.415 0.000   11.045 0.000   2.370 0.000 0.022 0.000  0.224 0.000000
 65.291667  66.291667   23.08 0.000  0.63 0.000000 9.999 0.259000 99.99 0.259000 0.061 0.000000  0.241 0.000  0.338 0.000 9999.99 0.259000    8.372 0.000    6.486 0.000   1.886 0.000 0.022 0.000  0.132 0.000000
 68.291667  69.291667   27.38 0.000  0.96 0.000000 0.023 0.000000 99.99 0.259000 0.092 0.000000  0.476 0.000  0.666 0.000 9999.99 0.259000   11.960 0.000    8.984 0.000   2.976 0.000 0.044 0.000  0.268 0.000000
 71.291667  72.291667   70.27 0.000  0.69 0.000000 9.999 0.259000 99.99 0.259000 0.091 0.000000  1.037 0.000  1.452 0.000 9999.99 0.259000   17.361 0.000   12.662 0.000   4.700 0.000 0.065 0.000  0.280 0.000000
 74.291667  75.291667 9999.99 0.999 99.99 0.999000 9.999 0.999000 99.99 0.999000 9.999 0.999000 99.999 0.999 99.999 0.999 9999.99 0.999000 9999.999 0.999 9999.999 0.999 999.999 0.999 9.999 0.999 99.999 0.999000
 77.291667  78.291667 9999.99 0.999 99.99 0.999000 9.999 0.999000 99.99 0.999000 9.999 0.999000 99.999 0.999 99.999 0.999 9999.99 0.999000 9999.999 0.999 9999.999 0.999 999.999 0.999 9.999 0.999 99.999 0.999000
 80.291667  81.291667   29.79 0.000  0.74 0.000000 9.999 0.259000 99.99 0.259000 0.181 0.000000  0.733 0.000  1.026 0.000 9999.99 0.259000    7.294 0.000    3.932 0.000   3.361 0.000 0.025 0.000  0.281 0.000000
 83.291667  84.291667   30.74 0.000  0.68 0.000000 9.999 0.259000 99.99 0.259000 0.285 0.000000  0.568 0.000  0.794 0.000 9999.99 0.259000    9.045 0.000    5.566 0.000   3.478 0.000 0.025 0.000  0.328 0.000000
 86.291667  87.291667   24.97 0.000  0.32 0.000000 9.999 0.259000 99.99 0.259000 0.065 0.000000  0.296 0.000  0.414 0.000 9999.99 0.259000   11.119 0.000    8.317 0.000   2.802 0.000 0.016 0.000  0.375 0.000000
 89.291667  90.291667   40.90 0.000  0.48 0.000000 0.010 0.000000 99.99 0.259000 0.110 0.000000  0.321 0.000  0.449 0.000 9999.99 0.259000   14.354 0.000   11.161 0.000   3.193 0.000 0.044 0.000  0.246 0.000000
 92.291667  93.291667   92.22 0.000  0.57 0.000000 9.999 0.259000  0.11 0.000000 0.048 0.000000  0.376 0.000  0.526 0.000 9999.99 0.259000   29.398 0.000   23.129 0.000   6.269 0.000 0.076 0.000  0.459 0.000000
 95.291667  96.291667   59.37 0.559  0.60 0.559000 9.999 0.559259  0.04 0.559000 0.044 0.000000  0.312 0.000  0.436 0.000 9999.99 0.559259   15.123 0.000   11.193 0.000   3.931 0.559 0.041 0.559  0.254 0.000000
 98.291667  99.291667   40.41 0.000  0.51 0.000000 9.999 0.259000 99.99 0.259000 0.181 0.000000  0.366 0.000  0.513 0.000 9999.99 0.259000   14.197 0.000   10.790 0.000   3.407 0.000 0.043 0.000  0.268 0.000000
101.291667 102.291667   81.38 0.559  1.30 0.559000 9.999 0.559259 99.99 0.559259 0.044 0.000000  0.723 0.000  1.012 0.000 9999.99 0.559259   17.863 0.000   11.979 0.000   5.884 0.559 0.065 0.559  0.489 0.000000
104.291667 105.291667  775.33 0.699  1.18 0.699000 9.999 0.699259  0.15 0.699000 0.045 0.000000  1.468 0.000  2.056 0.000 9999.99 0.699259  139.870 0.000  106.073 0.000  33.797 0.699 0.653 0.699  0.530 0.000000
107.291667 108.291667  207.12 0.000  0.88 0.000000 9.999 0.259000 99.99 0.259000 0.052 0.000000  0.446 0.000  0.624 0.000 9999.99 0.259000   33.410 0.000   24.994 0.000   8.416 0.000 0.149 0.000  0.380 0.000000
110.291667 111.291667   65.78 0.000  0.24 0.000000 9.999 0.259000 99.99 0.259000 0.047 0.000000  0.440 0.000  0.616 0.000 9999.99 0.259000    3.683 0.000    0.334 0.000   3.349 0.000 0.049 0.000  0.218 0.000000
113.291667 114.291667  163.15 0.000  0.81 0.000000 9.999 0.259000  0.10 0.000000 0.042 0.000000  0.347 0.000  0.486 0.000 9999.99 0.259000   12.963 0.000    0.780 0.000  12.183 0.000 0.114 0.000  0.190 0.000000
116.291667 117.291667   79.74 0.000  1.15 0.000000 9.999 0.259000 99.99 0.259000 0.042 0.000000  0.552 0.000  0.772 0.000 9999.99 0.259000   14.352 0.000    5.950 0.000   8.402 0.000 0.090 0.000  0.264 0.000000
119.291667 120.291667  150.97 0.559  0.82 0.559000 9.999 0.559259 99.99 0.559259 0.065 0.000000  0.547 0.000  0.766 0.000 9999.99 0.559259   25.683 0.000   19.669 0.000   6.014 0.559 0.116 0.559  0.291 0.000000
122.291667 123.291667  101.56 0.000  1.02 0.000000 9.999 0.259000  0.06 0.000000 0.189 0.000000  0.909 0.000  1.273 0.000 9999.99 0.259000   23.704 0.000   16.435 0.000   7.269 0.000 0.113 0.000  0.588 0.000000
125.291667 126.291667   56.96 0.000  0.55 0.000000 9.999 0.259000 99.99 0.259000 0.047 0.000000  0.813 0.000  1.138 0.000 9999.99 0.259000   13.684 0.000    9.775 0.000   3.909 0.000 0.058 0.000  0.183 0.000000
128.291667 129.291667  220.07 0.559  3.14 0.559000 9.999 0.559259  0.03 0.559000 0.064 0.000000  0.820 0.000  1.148 0.000 9999.99 0.559259   32.947 0.000   24.489 0.000   8.458 0.559 0.236 0.559  0.475 0.000000
131.291667 132.291667  102.66 0.559  0.67 0.559000 9.999 0.559259 99.99 0.559259 0.094 0.000000  2.293 0.000  3.211 0.000 9999.99 0.559259   27.739 0.000   16.784 0.000  10.955 0.559 0.182 0.559  0.815 0.000000
134.291667 135.291667  335.61 0.559  0.80 0.559000 9.999 0.559259  0.15 0.559000 0.090 0.000000  1.687 0.000  2.362 0.000 9999.99 0.559259   70.255 0.000   53.575 0.000  16.680 0.559 0.416 0.559  0.754 0.000000
137.291667 138.291667   86.87 0.000  0.67 0.000000 9.999 0.259000 99.99 0.259000 0.060 0.000000  1.113 0.000  1.558 0.000 9999.99 0.259000   23.619 0.000   17.485 0.000   6.133 0.000 0.120 0.000  0.329 0.000000
140.291667 141.291667   66.28 0.000  0.62 0.000000 9.999 0.259000 99.99 0.259000 0.386 0.000000  1.247 0.000  1.745 0.000 9999.99 0.259000   31.269 0.000   23.355 0.000   7.913 0.000 0.101 0.000  0.714 0.000000
143.291667 144.291667  135.24 0.559  0.64 0.559000 9.999 0.559259 99.99 0.559259 0.062 0.000000  1.381 0.000  1.934 0.000 9999.99 0.559259   40.353 0.000   28.942 0.000  11.411 0.559 0.149 0.559  1.091 0.000000
146.291667 147.291667 9999.99 0.999 99.99 0.999000 9.999 0.999000 99.99 0.999000 9.999 0.999000 99.999 0.999 99.999 0.999 9999.99 0.999000 9999.999 0.999 9999.999 0.999 999.999 0.999 9.999 0.999 99.999 0.999000
149.291667 150.291667   58.76 0.000  0.40 0.000000 9.999 0.259000 99.99 0.259000 0.069 0.000000  1.035 0.000  1.450 0.000 9999.99 0.259000   20.420 0.000   14.363 0.000   6.057 0.000 0.083 0.000  0.547 0.000000
152.291667 153.291667  380.39 0.000  1.21 0.000000 9.999 0.259000 99.99 0.259000 0.065 0.000000  2.124 0.000  2.973 0.000 9999.99 0.259000   78.576 0.000   64.848 0.000  13.727 0.000 0.283 0.000  0.303 0.000000
155.291667 156.291667  333.97 0.394  0.60 0.394000 9.999 0.394259  0.07 0.394000 0.043 0.559394  1.353 0.000  1.894 0.000 9999.99 0.394259  100.693 0.000   87.916 0.000  12.777 0.000 0.222 0.394  0.351 0.559394
158.291667 159.291667   48.73 0.394  0.38 0.394000 9.999 0.394259  0.04 0.394000 0.047 0.394000  1.165 0.000  1.631 0.000 9999.99 0.394259   17.426 0.000   11.528 0.000   5.899 0.000 0.041 0.394  0.625 0.394000
161.291667 162.291667   71.21 0.559  0.45 0.559000 9.999 0.559259  0.15 0.559000 0.043 0.000000  1.060 0.000  1.484 0.000 9999.99 0.559259   19.337 0.000   13.622 0.000   5.715 0.559 0.086 0.559  0.388 0.000000
164.291667 165.291667   63.36 0.559 99.99 0.559259 9.999 0.559259 99.99 0.559259 0.035 0.000000  1.021 0.000  1.429 0.000 9999.99 0.559259   15.162 0.000    9.920 0.000   5.242 0.559 0.058 0.559  0.437 0.000000
167.291667 168.291667   27.21 0.000  0.72 0.000000 9.999 0.259000 99.99 0.259000 0.071 0.000000  0.902 0.000  1.263 0.000 9999.99 0.259000   10.378 0.000    5.418 0.000   4.960 0.000 0.026 0.000  0.538 0.000000
170.291667 171.291667 9999.99 0.999 99.99 0.999000 9.999 0.999000 99.99 0.999000 9.999 0.999000 99.999 0.999 99.999 0.999 9999.99 0.999000 9999.999 0.999 9999.999 0.999 999.999 0.999 9.999 0.999 99.999 0.999000
173.291667 174.291667  102.22 0.000  0.72 0.000000 9.999 0.259000  0.05 0.000000 0.058 0.000000  1.123 0.000  1.572 0.000 9999.99 0.259000   30.233 0.000   22.186 0.000   8.048 0.000 0.091 0.000  0.678 0.000000
176.291667 177.291667   39.47 0.000  0.25 0.000000 9.999 0.259000 99.99 0.259000 0.041 0.000000  0.727 0.000  1.018 0.000 9999.99 0.259000   15.385 0.000   10.570 0.000   4.815 0.000 0.068 0.000  0.505 0.000000
179.291667 180.291667   98.23 0.000 99.99 0.259000 9.999 0.259000 99.99 0.259000 0.062 0.000000  1.003 0.000  1.404 0.000 9999.99 0.259000   22.099 0.000   14.181 0.000   7.919 0.000 0.059 0.000  0.795 0.000000
182.291667 183.291667   51.77 0.559  1.07 0.559000 0.021 0.559000 99.99 0.559259 0.049 0.000000  1.107 0.000  1.550 0.000 9999.99 0.559259   20.861 0.000   12.897 0.000   7.964 0.559 0.065 0.559  0.918 0.000000
185.291667 186.291667   71.84 0.559  0.51 0.559000 0.052 0.559000 99.99 0.559259 0.072 0.000000  0.886 0.000  1.240 0.000 9999.99 0.559259   19.682 0.000   13.232 0.000   6.451 0.559 0.093 0.559  0.615 0.000000
188.291667 189.291667   68.58 0.000  0.27 0.000000 9.999 0.259000  0.11 0.000000 0.123 0.000000  0.449 0.000  0.629 0.000 9999.99 0.259000   14.082 0.000    7.168 0.000   6.913 0.000 0.040 0.000  0.997 0.000000
191.291667 192.291667   74.64 0.000  0.38 0.000000 9.999 0.259000  0.08 0.000000 0.066 0.000000  0.758 0.000  1.061 0.000 9999.99 0.259000   25.821 0.000   19.710 0.000   6.111 0.000 0.063 0.000  0.418 0.000000
194.291667 195.291667  204.65 0.559  0.43 0.559000 0.045 0.559000  0.09 0.559000 0.073 0.000000  0.891 0.000  1.247 0.000 9999.99 0.559259   25.984 0.000   17.131 0.000   8.853 0.559 0.099 0.559  0.612 0.000000
197.291667 198.291667  135.88 0.000  0.38 0.000000 9.999 0.259000  0.15 0.000000 0.113 0.000000  0.791 0.000  1.107 0.000 9999.99 0.259000   20.680 0.000   12.819 0.000   7.861 0.000 0.084 0.000  0.647 0.000000
200.291667 201.291667  268.48 0.000  0.70 0.000000 9.999 0.259000  0.13 0.000000 0.128 0.000000  0.794 0.000  1.111 0.000 9999.99 0.259000   30.726 0.000   20.388 0.000  10.338 0.000 0.123 0.000  0.636 0.000000
203.291667 204.291667 9999.99 0.999 99.99 0.999000 9.999 0.999000 99.99 0.999000 9.999 0.999000 99.999 0.999 99.999 0.999 9999.99 0.999000 9999.999 0.999 9999.999 0.999 999.999 0.999 9.999 0.999 99.999 0.999000
206.291667 207.291667  363.95 0.699  0.82 0.699000 9.999 0.699259  0.19 0.699000 0.134 0.000000  0.704 0.000  0.985 0.000 9999.99 0.699259   23.843 0.000   10.990 0.000  12.852 0.699 0.153 0.699  0.854 0.000000
209.291667 210.291667  291.98 0.000  0.54 0.000000 9.999 0.259000  0.09 0.000000 0.112 0.000000  0.477 0.000  0.668 0.000 9999.99 0.259000   26.209 0.000   17.111 0.000   9.098 0.000 0.120 0.000  0.543 0.000000
212.291667 213.291667  219.83 0.559  0.44 0.559000 9.999 0.559259  0.21 0.559000 0.108 0.000000  0.655 0.000  0.918 0.000 9999.99 0.559259   24.708 0.000   14.325 0.000  10.384 0.559 0.103 0.559  0.942 0.000000
215.291667 216.291667  181.52 0.559  0.43 0.559000 9.999 0.559259  0.11 0.559000 0.084 0.000000  0.698 0.000  0.977 0.000 9999.99 0.559259   27.317 0.000   18.313 0.000   9.005 0.559 0.096 0.559  0.639 0.000000
218.291667 219.291667  118.46 0.559  0.58 0.559000 9.999 0.559259  0.10 0.559000 0.060 0.000000  1.031 0.000  1.444 0.000 9999.99 0.559259   27.317 0.000   19.645 0.000   7.672 0.559 0.083 0.559  0.603 0.000000
221.291667 222.291667   63.80 0.394  0.30 0.394000 9.999 0.394259  0.08 0.394000 0.103 0.394000  2.123 0.000  2.971 0.000 9999.99 0.394259   18.205 0.000    9.298 0.000   8.907 0.000 0.050 0.394  0.799 0.394000
224.291667 225.291667   25.55 0.000  0.66 0.000000 9.999 0.259000  0.05 0.000000 0.033 0.000000  1.187 0.000  1.662 0.000 9999.99 0.259000   15.654 0.000    8.089 0.000   7.564 0.000 0.028 0.000  0.882 0.000000
