scripts/IMPROVE-2019_partial/data/US9037R.20060102070000.20191216000000.filterpack..pm25.52w.1w.US03L_filterpack_US9037.US03L_IMPROVE_Davis.lev2.nas
64 1001
MISSING INFORMATION
US03L, IMPROVE, , , , , , , 
MISSING INFORMATION
IMPROVE sel_HTAP
1 1
2006 01 01 2019 12 16
3.000000
days from file reference point
25
1 1 1 1 1 1 1 1 1 1 1 1 1 1 1 1 1 1 1 1 1 1 1 1 1
999.999999 9999.99 9.999999 99.99 9.999999 9.999 9.999999 99.99 9.999999 9.999 9.999999 99.999 9.999999 99.999 9.999999 999.999 9.999 999.999 9.999999 99.999 9.999 9.999 9.999999 9.999 9.999999
end_time of measurement, days from the file reference point
iron, ng/m3, Revision date=20181210133000
numflag iron, no unit, Revision date=20181210133000
lead, ng/m3, Revision date=20181210133000
numflag lead, no unit, Revision date=20181210133000
magnesium, ug/m3, Revision date=20181210133000
numflag magnesium, no unit, Revision date=20181210133000
nickel, ng/m3, Revision date=20181210133000
numflag nickel, no unit, Revision date=20181210133000
nitrate, ug N/m3, Revision date=20181210133000
numflag nitrate, no unit, Revision date=20181210133000
organic_carbon, ug C/m3, Revision date=20181210133000
numflag organic_carbon, no unit, Revision date=20181210133000
organic_mass, ug/m3, Revision date=20181210133000
numflag organic_mass, no unit, Revision date=20181210133000
pm10_mass, ug/m3, Version=2, Version description=Data extracted from http://views.cira.colostate.edu/fed/DataWizard 2019-12-16, Sample duration=1d, Orig. time res.=3d, Matrix=pm10, Blank correction=Blank corrected, Volume std. temperature=ambient, Volume std. pressure=ambient
numflag pm10_mass, no unit, Version=2, Version description=Data extracted from http://views.cira.colostate.edu/fed/DataWizard 2019-12-16, Sample duration=1d, Orig. time res.=3d, Matrix=pm10, Blank correction=Blank corrected, Volume std. temperature=ambient, Volume std. pressure=ambient
pm10_pm25_mass, ug/m3, Revision date=20181210133000, Matrix=pm10_pm25
numflag pm10_pm25_mass, no unit, Revision date=20181210133000, Matrix=pm10_pm25
pm25_mass, ug/m3, Version=2, Version description=Data extracted from http://views.cira.colostate.edu/fed/DataWizard 2019-12-16, Sample duration=1d, Orig. time res.=3d, Blank correction=Blank corrected, Volume std. temperature=ambient, Volume std. pressure=ambient
numflag pm25_mass, no unit, Version=2, Version description=Data extracted from http://views.cira.colostate.edu/fed/DataWizard 2019-12-16, Sample duration=1d, Orig. time res.=3d, Blank correction=Blank corrected, Volume std. temperature=ambient, Volume std. pressure=ambient
potassium, ug/m3, Revision date=20181210133000
numflag potassium, no unit, Revision date=20181210133000
sulphate_total, ug S/m3, Revision date=20181210133000
numflag sulphate_total, no unit, Revision date=20181210133000
0
25
Data definition:              EBAS_1.1
Set type code:                TU
Timezone:                     UTC
File name:                    US9037R.20060102070000.20191216000000.filterpack..pm25.52w.1w.US03L_filterpack_US9037.US03L_IMPROVE_Davis.lev2.nas
File creation:                20191218120751
Startdate:                    20060102070000
Revision date:                20191216000000
Statistics:                   arithmetic mean
Data level:                   2
Period code:                  52w
Resolution code:              1w
Station code:                 US9037R
Platform code:                US9037S
Station name:                 Sierra Ancha
Station latitude:             34.0908
Station longitude:            -110.9421
Station altitude:             1600.0 m
Regime:                       IMG
Component:                    
Matrix:                       pm25
Laboratory code:              US03L
Instrument type:              filterpack
Instrument name:              filterpack_US9037
Method ref:                   US03L_IMPROVE_Davis
starttime endtime Fe flag_Fe Pb flag_Pb Mg++ flag_Mg++ Ni flag_Ni NO3- flag_NO3- OC flag_OC OM flag_OM PM10 flag_PM10 PM10-PM2.5 flag_PM10-PM2.5 PM2.5 flag_PM2.5 K+ flag_K+ SO4-- flag_SO4--
[from data line 79]
238.291667 239.291667 9999.99 0.999000 99.99 0.999000 9.999 0.999000 99.99 0.999000 9.999 0.999000 99.999 0.999000 99.999 0.999000 999.999 0.999 999.999 0.999000 99.999 0.999 9.999 0.999000 9.999 0.999000
241.291667 242.291667 9999.99 0.999000 99.99 0.999000 9.999 0.999000 99.99 0.999000 9.999 0.999000 99.999 0.999000 99.999 0.999000 999.999 0.999 999.999 0.999000 99.999 0.999 9.999 0.999000 9.999 0.999000
244.291667 245.291667   37.75 0.559000  0.81 0.559000 9.999 0.559259  0.22 0.559000 0.037 0.559000  1.248 0.000000  2.247 0.000000  11.729 0.000   6.279 0.559000  5.449 0.659 0.037 0.559000 0.547 0.559000
247.291667 248.291667    4.76 0.559000  0.26 0.559000 9.999 0.559259 99.99 0.559259 0.004 0.559000  0.496 0.000000  0.892 0.000000   2.700 0.000   1.416 0.559000  1.284 0.659 0.006 0.559000 0.108 0.559000
250.291667 251.291667   10.42 0.559000  0.76 0.559000 0.010 0.559000 99.99 0.559259 0.017 0.559000  0.700 0.000000  1.259 0.000000   4.024 0.000   2.078 0.559000  1.947 0.659 0.021 0.559000 0.112 0.559000
253.291667 254.291667   13.20 0.559000  0.46 0.559000 0.006 0.559000 99.99 0.559259 0.017 0.559000  0.419 0.000000  0.755 0.000000   4.813 0.000   2.036 0.559000  2.777 0.659 0.017 0.559000 0.285 0.559000
256.291667 257.291667   24.54 0.559000  0.48 0.559000 9.999 0.559259 99.99 0.559259 0.020 0.559000  0.473 0.000000  0.852 0.000000   5.767 0.000   2.904 0.559000  2.863 0.659 0.029 0.559000 0.280 0.559000
259.291667 260.291667   39.36 0.559000  0.62 0.559000 0.016 0.559000 99.99 0.559259 0.030 0.559000  0.866 0.000000  1.559 0.000000   8.512 0.000   5.191 0.559000  3.321 0.659 0.036 0.559000 0.131 0.559000
262.291667 263.291667   47.29 0.000000  0.57 0.000000 9.999 0.259000  0.20 0.000000 0.039 0.559000  0.682 0.000000  1.227 0.000000  11.538 0.000   7.920 0.000000  3.618 0.000 0.040 0.000000 0.238 0.559000
265.291667 266.291667   30.27 0.000000  0.75 0.000000 9.999 0.259000 99.99 0.259000 0.026 0.559000  0.504 0.000000  0.908 0.000000   7.294 0.000   4.654 0.000000  2.639 0.000 0.028 0.000000 0.185 0.559000
268.291667 269.291667 9999.99 0.999000 99.99 0.999000 9.999 0.999000 99.99 0.999000 9.999 0.999000 99.999 0.999000 99.999 0.999000 999.999 0.999 999.999 0.999000 99.999 0.999 9.999 0.999000 9.999 0.999000
271.291667 272.291667 9999.99 0.999000 99.99 0.999000 9.999 0.999000 99.99 0.999000 9.999 0.999000 99.999 0.999000 99.999 0.999000 999.999 0.999 999.999 0.999000 99.999 0.999 9.999 0.999000 9.999 0.999000
274.291667 275.291667 9999.99 0.999000 99.99 0.999000 9.999 0.999000 99.99 0.999000 9.999 0.999000 99.999 0.999000 99.999 0.999000 999.999 0.999 999.999 0.999000 99.999 0.999 9.999 0.999000 9.999 0.999000
277.291667 278.291667 9999.99 0.999000 99.99 0.999000 9.999 0.999000 99.99 0.999000 9.999 0.999000 99.999 0.999000 99.999 0.999000 999.999 0.999 999.999 0.999000 99.999 0.999 9.999 0.999000 9.999 0.999000
280.291667 281.291667 9999.99 0.999000 99.99 0.999000 9.999 0.999000 99.99 0.999000 9.999 0.999000 99.999 0.999000 99.999 0.999000 999.999 0.999 999.999 0.999000 99.999 0.999 9.999 0.999000 9.999 0.999000
283.291667 284.291667 9999.99 0.999000 99.99 0.999000 9.999 0.999000 99.99 0.999000 9.999 0.999000 99.999 0.999000 99.999 0.999000 999.999 0.999 999.999 0.999000 99.999 0.999 9.999 0.999000 9.999 0.999000
286.291667 287.291667 9999.99 0.999000 99.99 0.999000 9.999 0.999000 99.99 0.999000 9.999 0.999000 99.999 0.999000 99.999 0.999000 999.999 0.999 999.999 0.999000 99.999 0.999 9.999 0.999000 9.999 0.999000
289.291667 290.291667 9999.99 0.999000 99.99 0.999000 9.999 0.999000 99.99 0.999000 9.999 0.999000 99.999 0.999000 99.999 0.999000 999.999 0.999 999.999 0.999000 99.999 0.999 9.999 0.999000 9.999 0.999000
292.291667 293.291667   13.40 0.559000  0.94 0.559000 9.999 0.559259 99.99 0.559259 0.008 0.559000  0.816 0.559000  1.469 0.559000   4.033 0.000   1.611 0.559000  2.422 0.659 0.019 0.559000 0.186 0.559000
295.291667 296.291667   20.76 0.559000  0.91 0.559000 9.999 0.559259 99.99 0.559259 0.011 0.559000  0.748 0.559000  1.346 0.559000   6.265 0.000   3.494 0.559000  2.771 0.659 0.022 0.559000 0.202 0.559000
298.291667 299.291667   11.93 0.559000  0.30 0.559000 9.999 0.559259 99.99 0.559259 0.008 0.559000  0.298 0.559000  0.536 0.559000   2.623 0.000   1.464 0.559000  1.160 0.659 0.011 0.559000 0.064 0.559000
301.291667 302.291667   18.63 0.559000  0.73 0.559000 9.999 0.559259  0.16 0.559000 0.009 0.559000  0.730 0.559000  1.314 0.559000   4.571 0.000   2.184 0.559000  2.387 0.659 0.019 0.559000 0.150 0.559000
304.291667 305.291667 9999.99 0.999000 99.99 0.999000 9.999 0.999000 99.99 0.999000 9.999 0.999000 99.999 0.999000 99.999 0.999000 999.999 0.999 999.999 0.999000 99.999 0.999 9.999 0.999000 9.999 0.999000
307.291667 308.291667   35.45 0.559000  1.40 0.559000 0.012 0.559000 99.99 0.559259 0.013 0.559000  0.757 0.000000  1.363 0.000000   6.702 0.000   3.510 0.559000  3.192 0.659 0.033 0.559000 0.190 0.559000
310.291667 311.291667   14.48 0.559000  0.16 0.559000 9.999 0.559259 99.99 0.559259 0.003 0.559000  0.428 0.000000  0.771 0.000000   2.993 0.000   1.783 0.559000  1.210 0.659 0.009 0.559000 0.039 0.559000
313.291667 314.291667   36.40 0.559000  1.04 0.559000 9.999 0.559259 99.99 0.559259 0.016 0.559000  0.516 0.559000  0.929 0.559000   6.431 0.000   3.605 0.559000  2.826 0.659 0.029 0.559000 0.216 0.559000
316.291667 317.291667   35.92 0.559000  1.53 0.559000 9.999 0.559259  0.13 0.559000 0.037 0.559000  0.751 0.000000  1.352 0.000000   8.523 0.000   5.275 0.559000  3.248 0.659 0.033 0.559000 0.224 0.559000
319.291667 320.291667 9999.99 0.999000 99.99 0.999000 9.999 0.999000 99.99 0.999000 9.999 0.999000 99.999 0.999000 99.999 0.999000 999.999 0.999 999.999 0.999000 99.999 0.999 9.999 0.999000 9.999 0.999000
322.291667 323.291667 9999.99 0.999000 99.99 0.999000 9.999 0.999000 99.99 0.999000 9.999 0.999000 99.999 0.999000 99.999 0.999000 999.999 0.999 999.999 0.999000 99.999 0.999 9.999 0.999000 9.999 0.999000
325.291667 326.291667 9999.99 0.456000 99.99 0.456000 9.999 0.456000 99.99 0.456000 9.999 0.456000 99.999 0.456000 99.999 0.456000 999.999 0.456 999.999 0.456000 99.999 0.456 9.999 0.456000 9.999 0.456000
328.291667 329.291667 9999.99 0.456000 99.99 0.456000 9.999 0.456000 99.99 0.456000 9.999 0.456000 99.999 0.456000 99.999 0.456000 999.999 0.456 999.999 0.456000 99.999 0.456 9.999 0.456000 9.999 0.456000
331.291667 332.291667 9999.99 0.456000 99.99 0.456000 9.999 0.456000 99.99 0.456000 9.999 0.456000 99.999 0.456000 99.999 0.456000 999.999 0.456 999.999 0.456000 99.999 0.456 9.999 0.456000 9.999 0.456000
334.291667 335.291667   14.50 0.559000  0.71 0.559000 9.999 0.559259 99.99 0.559259 0.009 0.559000  0.628 0.559000  1.130 0.559000   2.707 0.000   0.773 0.559000  1.935 0.659 0.021 0.559000 0.077 0.559000
337.291667 338.291667   11.72 0.559000  0.62 0.559000 9.999 0.559259 99.99 0.559259 0.015 0.559000  0.347 0.559000  0.625 0.559000   2.850 0.000   1.374 0.559000  1.477 0.659 0.014 0.559000 0.117 0.559000
340.291667 341.291667   20.24 0.559000  0.19 0.559000 9.999 0.559259 99.99 0.559259 0.011 0.559000  0.563 0.559000  1.013 0.559000   3.733 0.000   1.865 0.559000  1.868 0.659 0.014 0.559000 0.093 0.559000
343.291667 344.291667   24.74 0.559000  1.47 0.559000 9.999 0.559259  0.13 0.559000 0.039 0.559000  0.687 0.559000  1.236 0.559000   6.667 0.000   4.147 0.559000  2.520 0.659 0.031 0.559000 0.148 0.559000
346.291667 347.291667 9999.99 0.999000 99.99 0.999000 9.999 0.999000 99.99 0.999000 9.999 0.999000 99.999 0.999000 99.999 0.999000 999.999 0.999 999.999 0.999000 99.999 0.999 9.999 0.999000 9.999 0.999000
349.291667 350.291667   89.55 0.559000  1.23 0.559000 0.023 0.559000  0.15 0.559000 0.017 0.559000  0.771 0.000000  1.388 0.000000  18.354 0.000  15.083 0.559000  3.271 0.659 0.084 0.559000 0.139 0.559000
352.291667 353.291667   17.37 0.559000  0.24 0.559000 0.009 0.559000  0.18 0.559000 0.142 0.559000  0.784 0.000000  1.412 0.000000   5.028 0.000   3.110 0.559000  1.918 0.659 0.023 0.559000 0.077 0.559000
355.291667 356.291667    8.74 0.559000  0.86 0.559000 9.999 0.559259 99.99 0.559259 0.017 0.559000  0.647 0.000000  1.165 0.000000   2.716 0.000   1.058 0.559000  1.658 0.659 0.015 0.559000 0.122 0.559000
358.291667 359.291667    5.69 0.559000  0.35 0.559000 9.999 0.559259 99.99 0.559259 0.006 0.559000  0.344 0.000000  0.619 0.000000   1.816 0.000   1.039 0.559000  0.777 0.659 0.008 0.559000 0.040 0.559000
361.291667 362.291667   40.18 0.559000  0.47 0.559000 9.999 0.559259  0.12 0.559000 0.121 0.559000  0.798 0.000000  1.436 0.000000   4.814 0.000   2.449 0.559000  2.365 0.659 0.050 0.559000 0.098 0.559000
364.291667 365.291667    6.90 0.559000  0.93 0.559000 9.999 0.559259  0.11 0.559000 0.105 0.559000  1.558 0.000000  2.805 0.000000   4.619 0.000   1.112 0.559000  3.507 0.659 0.020 0.559000 0.198 0.559000
