scripts/IMPROVE-2019_partial/data/US9066R.20090101050000.20191216000000.filterpack...52w.3d.US03L_filterpack_US9066.US03L_IMPROVE_Davis.lev2.nas
51 1001
MISSING INFORMATION
US03L, IMPROVE, , , , , , , 
MISSING INFORMATION
IMPROVE sel_HTAP
1 1
2009 01 01 2019 12 16
3.000000
days from file reference point
4
1 1 1 1
999.999999 999.999 999.999 9.999
end_time of measurement, days from the file reference point
pm10_mass, ug/m3, Matrix=pm10
pm25_mass, ug/m3, Matrix=pm25
numflag, no unit
0
33
Data definition:              EBAS_1.1
Set type code:                TU
Timezone:                     UTC
File name:                    US9066R.20090101050000.20191216000000.filterpack...52w.3d.US03L_filterpack_US9066.US03L_IMPROVE_Davis.lev2.nas
File creation:                20191218121001
Startdate:                    20090101050000
Revision date:                20191216000000
Version:                      2
Version description:          "Data extracted from http://views.cira.colostate.edu/fed/DataWizard 2019-12-16"
Statistics:                   arithmetic mean
Data level:                   2
Period code:                  52w
Resolution code:              3d
Sample duration:              1d
Orig. time res.:              3d
Station code:                 US9066R
Platform code:                US9066S
Station name:                 Swanquarter
Station latitude:             35.451
Station longitude:            -76.2075
Station altitude:             -3.0 m
Regime:                       IMG
Component:                    
Unit:                         ug/m3
Matrix:                       
Laboratory code:              US03L
Instrument type:              filterpack
Instrument name:              filterpack_US9066
Method ref:                   US03L_IMPROVE_Davis
Blank correction:             Blank corrected
Volume std. temperature:      ambient
Volume std. pressure:         ambient
starttime endtime PM10 PM2.5 flag
  0.208333   1.208333   5.454   3.317 0.000
  3.208333   4.208333   7.335   6.413 0.000
  6.208333   7.208333  11.005   6.912 0.000
  9.208333  10.208333   6.767   4.296 0.000
 12.208333  13.208333   7.683   9.008 0.000
 15.208333  16.208333   7.758   4.842 0.000
 18.208333  19.208333   9.093   9.888 0.000
 21.208333  22.208333 999.999 999.999 0.999
 24.208333  25.208333   8.000   3.927 0.000
 27.208333  28.208333  10.075   6.938 0.000
 30.208333  31.208333   5.312   4.094 0.000
 33.208333  34.208333   7.896   6.464 0.000
 36.208333  37.208333  10.575   7.798 0.000
 39.208333  40.208333  12.168   6.496 0.000
 42.208333  43.208333  12.823   4.344 0.000
 45.208333  46.208333   9.674   7.590 0.000
 48.208333  49.208333  13.136   8.333 0.000
 51.208333  52.208333   6.691   4.126 0.000
 54.208333  55.208333   5.730   3.594 0.000
 57.208333  58.208333   8.864   4.475 0.000
 60.208333  61.208333   7.231   4.966 0.000
 63.208333  64.208333  11.171   6.018 0.000
 66.208333  67.208333  26.913  20.537 0.000
 69.208333  70.208333  17.975   9.477 0.000
 72.208333  73.208333   8.581   5.326 0.000
 75.208333  76.208333   9.252   6.206 0.000
 78.208333  79.208333   9.050   5.999 0.000
 81.208333  82.208333  13.244   6.454 0.000
 84.208333  85.208333  12.384   6.319 0.000
 87.208333  88.208333  16.312   8.177 0.000
 90.208333  91.208333  13.316   5.695 0.000
 93.208333  94.208333  15.815   7.482 0.000
 96.208333  97.208333   6.006   2.807 0.000
 99.208333 100.208333  20.433   9.342 0.000
102.208333 103.208333   8.576   4.541 0.000
105.208333 106.208333 999.999 999.999 0.999
108.208333 109.208333 999.999 999.999 0.999
111.208333 112.208333  30.024   6.506 0.000
114.208333 115.208333  16.712   8.369 0.000
117.208333 118.208333  15.561   4.975 0.000
120.208333 121.208333  19.520   7.906 0.000
123.208333 124.208333  17.286   7.635 0.000
126.208333 127.208333  30.677   5.154 0.000
129.208333 130.208333  16.719   7.571 0.000
132.208333 133.208333  13.049   8.496 0.000
135.208333 136.208333   7.171   3.249 0.000
138.208333 139.208333  11.005   4.982 0.000
141.208333 142.208333   9.717   3.821 0.000
144.208333 145.208333   9.399   3.932 0.000
147.208333 148.208333  10.906   5.338 0.000
150.208333 151.208333  17.529  12.212 0.000
153.208333 154.208333  10.441   6.913 0.000
156.208333 157.208333   3.992   1.946 0.000
159.208333 160.208333   9.958   6.356 0.000
162.208333 163.208333  15.081  10.512 0.000
165.208333 166.208333  11.451   7.802 0.000
168.208333 169.208333  11.790   5.025 0.000
171.208333 172.208333  14.847  10.779 0.000
174.208333 175.208333  13.162   8.146 0.000
177.208333 178.208333  21.605  17.233 0.000
180.208333 181.208333  19.926  14.598 0.000
183.208333 184.208333  12.183   7.995 0.000
186.208333 187.208333  16.250  13.786 0.000
189.208333 190.208333  13.338   7.348 0.000
192.208333 193.208333  14.411   9.647 0.000
195.208333 196.208333  17.185  13.230 0.000
198.208333 199.208333  13.213   9.024 0.000
201.208333 202.208333  12.836   6.752 0.000
204.208333 205.208333  16.614   8.588 0.000
207.208333 208.208333  17.489   9.579 0.000
210.208333 211.208333  22.093  13.108 0.000
213.208333 214.208333  16.421   8.183 0.000
216.208333 217.208333  23.953  15.445 0.000
219.208333 220.208333  17.669  12.050 0.000
222.208333 223.208333  27.581  20.785 0.000
225.208333 226.208333  16.981  10.322 0.000
228.208333 229.208333  15.039   7.823 0.000
231.208333 232.208333  11.059   5.281 0.000
234.208333 235.208333  10.282   4.848 0.000
237.208333 238.208333  10.386   5.319 0.000
240.208333 241.208333  10.460   5.318 0.000
243.208333 244.208333  11.076   5.167 0.000
246.208333 247.208333   9.726   5.484 0.000
249.208333 250.208333   7.407   3.893 0.000
252.208333 253.208333   7.760   4.379 0.000
255.208333 256.208333   9.077   5.762 0.000
258.208333 259.208333  16.777  11.630 0.000
261.208333 262.208333  12.578   6.701 0.000
264.208333 265.208333   9.556   3.055 0.000
267.208333 268.208333  12.308   5.852 0.000
270.208333 271.208333  15.457   8.270 0.000
273.208333 274.208333  10.993   4.986 0.000
276.208333 277.208333  14.953   7.783 0.000
279.208333 280.208333 999.999 999.999 0.999
282.208333 283.208333  10.314   5.783 0.000
285.208333 286.208333   9.777   5.926 0.000
288.208333 289.208333   4.581   2.775 0.000
291.208333 292.208333   6.941   4.598 0.000
294.208333 295.208333 999.999 999.999 0.999
297.208333 298.208333   9.550   4.426 0.000
300.208333 301.208333   9.270   4.207 0.000
303.208333 304.208333  10.179   2.837 0.000
306.208333 307.208333   8.082   3.814 0.000
309.208333 310.208333   9.833   5.335 0.000
312.208333 313.208333  13.469   7.393 0.000
315.208333 316.208333   6.281   2.176 0.000
318.208333 319.208333   8.056   6.121 0.000
321.208333 322.208333  14.410   4.438 0.000
324.208333 325.208333  10.820   7.283 0.000
327.208333 328.208333   6.060   4.058 0.000
330.208333 331.208333   5.394   3.223 0.000
333.208333 334.208333   8.498   4.894 0.000
336.208333 337.208333  10.108   5.267 0.000
339.208333 340.208333   9.151   6.434 0.000
342.208333 343.208333  15.327   7.241 0.000
345.208333 346.208333   6.271   2.897 0.000
348.208333 349.208333   9.378   7.038 0.000
351.208333 352.208333   7.078   3.814 0.000
354.208333 355.208333   6.970   5.881 0.000
357.208333 358.208333   8.521   5.289 0.000
360.208333 361.208333   6.216   3.923 0.000
363.208333 364.208333 999.999 999.999 0.999
