scripts/IMPROVE-2019_partial/data/US9016R.20080101060000.20191216000000.filterpack...31w.3d.US03L_filterpack_US9016.US03L_IMPROVE_Davis.lev2.nas
51 1001
MISSING INFORMATION
US03L, IMPROVE, , , , , , , 
MISSING INFORMATION
IMPROVE sel_HTAP
1 1
2008 01 01 2019 12 16
3.00
days from file reference point
4
1 1 1 1
999.99 999.999 999.999 9.999
end_time of measurement, days from the file reference point
pm10_mass, ug/m3, Matrix=pm10
pm25_mass, ug/m3, Matrix=pm25
numflag, no unit
0
33
Data definition:              EBAS_1.1
Set type code:                TU
Timezone:                     UTC
File name:                    US9016R.20080101060000.20191216000000.filterpack...31w.3d.US03L_filterpack_US9016.US03L_IMPROVE_Davis.lev2.nas
File creation:                20191218120615
Startdate:                    20080101060000
Revision date:                20191216000000
Version:                      2
Version description:          "Data extracted from http://views.cira.colostate.edu/fed/DataWizard 2019-12-16"
Statistics:                   arithmetic mean
Data level:                   2
Period code:                  31w
Resolution code:              3d
Sample duration:              1d
Orig. time res.:              3d
Station code:                 US9016R
Platform code:                US9016S
Station name:                 Omaha
Station latitude:             42.1487
Station longitude:            -96.4318
Station altitude:             429.0 m
Regime:                       IMG
Component:                    
Unit:                         ug/m3
Matrix:                       
Laboratory code:              US03L
Instrument type:              filterpack
Instrument name:              filterpack_US9016
Method ref:                   US03L_IMPROVE_Davis
Blank correction:             Blank corrected
Volume std. temperature:      ambient
Volume std. pressure:         ambient
starttime endtime PM10 PM2.5 flag
  0.25   1.25   7.012   5.295 0.000
  3.25   4.25  14.863   8.930 0.000
  6.25   7.25  11.659  10.236 0.000
  9.25  10.25  13.855  11.530 0.000
 12.25  13.25  10.019   9.044 0.000
 15.25  16.25  15.806   8.204 0.000
 18.25  19.25 999.999 999.999 0.999
 21.25  22.25 999.999 999.999 0.999
 24.25  25.25 999.999 999.999 0.999
 27.25  28.25 999.999 999.999 0.999
 30.25  31.25 999.999 999.999 0.999
 33.25  34.25 999.999 999.999 0.999
 36.25  37.25 999.999 999.999 0.999
 39.25  40.25   9.779   5.178 0.000
 42.25  43.25  12.065  11.550 0.000
 45.25  46.25 999.999 999.999 0.999
 48.25  49.25   7.521   4.506 0.000
 51.25  52.25 999.999 999.999 0.999
 54.25  55.25 999.999 999.999 0.999
 57.25  58.25 999.999 999.999 0.999
 60.25  61.25  12.378   9.235 0.000
 63.25  64.25  11.616   7.345 0.000
 66.25  67.25  15.551   9.132 0.000
 69.25  70.25  18.223  11.876 0.000
 72.25  73.25 999.999 999.999 0.999
 75.25  76.25 999.999 999.999 0.999
 78.25  79.25  10.166   7.400 0.000
 81.25  82.25   8.898   8.457 0.000
 84.25  85.25  16.213   5.099 0.000
 87.25  88.25  13.937   9.819 0.000
 90.25  91.25   9.279   8.532 0.000
 93.25  94.25  14.325  11.200 0.000
 96.25  97.25  13.473   9.337 0.000
 99.25 100.25 999.999 999.999 0.999
102.25 103.25   4.239   3.075 0.000
105.25 106.25  58.181  23.099 0.000
108.25 109.25   7.212   5.020 0.000
111.25 112.25  17.252   6.859 0.000
114.25 115.25  10.799   6.428 0.000
117.25 118.25   9.417   6.939 0.000
120.25 121.25  36.593   9.637 0.000
123.25 124.25  13.906   5.138 0.000
126.25 127.25  16.033   6.346 0.000
129.25 130.25  13.118   6.793 0.000
132.25 133.25  16.022   4.737 0.000
135.25 136.25  19.418   5.305 0.000
138.25 139.25  42.720   6.322 0.000
141.25 142.25 999.999 999.999 0.999
144.25 145.25   9.448   6.217 0.000
147.25 148.25 999.999 999.999 0.999
150.25 151.25 999.999 999.999 0.999
153.25 154.25 999.999 999.999 0.999
156.25 157.25 999.999 999.999 0.999
159.25 160.25 999.999 999.999 0.999
162.25 163.25  15.227   6.127 0.000
165.25 166.25  15.485   3.679 0.000
168.25 169.25  26.457   7.761 0.000
171.25 172.25  10.794   4.210 0.000
174.25 175.25  16.994   5.093 0.000
177.25 178.25  22.002   7.653 0.000
180.25 181.25  10.008   4.165 0.000
183.25 184.25 999.999 999.999 0.999
186.25 187.25  24.732  14.511 0.000
189.25 190.25  14.662   5.472 0.000
192.25 193.25  23.512   8.051 0.000
195.25 196.25  18.381   4.762 0.000
198.25 199.25 999.999 999.999 0.999
201.25 202.25   9.863   5.595 0.000
204.25 205.25 999.999 999.999 0.999
207.25 208.25 999.999 999.999 0.999
210.25 211.25 999.999 999.999 0.999
213.25 214.25  24.888   6.122 0.000
216.25 217.25 999.999 999.999 0.999
