scripts/IMPROVE-2019_partial/data/US9008R.20040101050000.20191216000000.filterpack..pm25.52w.1w.US03L_filterpack_US9008.US03L_IMPROVE_Davis.lev2.nas
66 1001
MISSING INFORMATION
US03L, IMPROVE, , , , , , , 
MISSING INFORMATION
IMPROVE sel_HTAP
1 1
2004 01 01 2019 12 16
3.000000
days from file reference point
27
1 1 1 1 1 1 1 1 1 1 1 1 1 1 1 1 1 1 1 1 1 1 1 1 1 1 1
999.999999 9999.99 9.999 99.99 9.999 9.999 9.999 99.99 9.999 9.999 9.999 99.999 9.999 99.999 9.999 999.99 9.999 999.999 9.999 999.999 9.999 999.999 9.999 9.999 9.999 99.999 9.999
end_time of measurement, days from the file reference point
iron, ng/m3, Revision date=20181210133000
numflag iron, no unit, Revision date=20181210133000
lead, ng/m3, Revision date=20181210133000
numflag lead, no unit, Revision date=20181210133000
magnesium, ug/m3, Revision date=20181210133000
numflag magnesium, no unit, Revision date=20181210133000
nickel, ng/m3, Revision date=20181210133000
numflag nickel, no unit, Revision date=20181210133000
nitrate, ug N/m3, Revision date=20181210133000
numflag nitrate, no unit, Revision date=20181210133000
organic_carbon, ug C/m3, Revision date=20181210133000
numflag organic_carbon, no unit, Revision date=20181210133000
organic_mass, ug/m3, Revision date=20181210133000
numflag organic_mass, no unit, Revision date=20181210133000
phosphorus, ng/m3, Revision date=20181210133000
numflag phosphorus, no unit, Revision date=20181210133000
pm10_mass, ug/m3, Version=2, Version description=Data extracted from http://views.cira.colostate.edu/fed/DataWizard 2019-12-16, Sample duration=1d, Orig. time res.=3d, Matrix=pm10, Blank correction=Blank corrected, Volume std. temperature=ambient, Volume std. pressure=ambient
numflag pm10_mass, no unit, Version=2, Version description=Data extracted from http://views.cira.colostate.edu/fed/DataWizard 2019-12-16, Sample duration=1d, Orig. time res.=3d, Matrix=pm10, Blank correction=Blank corrected, Volume std. temperature=ambient, Volume std. pressure=ambient
pm10_pm25_mass, ug/m3, Revision date=20181210133000, Matrix=pm10_pm25
numflag pm10_pm25_mass, no unit, Revision date=20181210133000, Matrix=pm10_pm25
pm25_mass, ug/m3, Version=2, Version description=Data extracted from http://views.cira.colostate.edu/fed/DataWizard 2019-12-16, Sample duration=1d, Orig. time res.=3d, Blank correction=Blank corrected, Volume std. temperature=ambient, Volume std. pressure=ambient
numflag pm25_mass, no unit, Version=2, Version description=Data extracted from http://views.cira.colostate.edu/fed/DataWizard 2019-12-16, Sample duration=1d, Orig. time res.=3d, Blank correction=Blank corrected, Volume std. temperature=ambient, Volume std. pressure=ambient
potassium, ug/m3, Revision date=20181210133000
numflag potassium, no unit, Revision date=20181210133000
sulphate_total, ug S/m3, Revision date=20181210133000
numflag sulphate_total, no unit, Revision date=20181210133000
0
25
Data definition:              EBAS_1.1
Set type code:                TU
Timezone:                     UTC
File name:                    US9008R.20040101050000.20191216000000.filterpack..pm25.52w.1w.US03L_filterpack_US9008.US03L_IMPROVE_Davis.lev2.nas
File creation:                20191218120538
Startdate:                    20040101050000
Revision date:                20191216000000
Statistics:                   arithmetic mean
Data level:                   2
Period code:                  52w
Resolution code:              1w
Station code:                 US9008R
Platform code:                US9008S
Station name:                 Presque Isle
Station latitude:             46.6964
Station longitude:            -68.0333
Station altitude:             165.0 m
Regime:                       IMG
Component:                    
Matrix:                       pm25
Laboratory code:              US03L
Instrument type:              filterpack
Instrument name:              filterpack_US9008
Method ref:                   US03L_IMPROVE_Davis
starttime endtime Fe flag_Fe Pb flag_Pb Mg++ flag_Mg++ Ni flag_Ni NO3- flag_NO3- OC flag_OC OM flag_OM P flag_P PM10 flag_PM10 PM10-PM2.5 flag_PM10-PM2.5 PM2.5 flag_PM2.5 K+ flag_K+ SO4-- flag_SO4--
  0.208333   1.208333    9.50 0.000  0.34 0.000 0.032 0.000  0.15 0.000 0.028 0.000  0.658 0.000  0.922 0.000 999.99 0.259   8.026 0.000   5.893 0.000   2.132 0.000 0.077 0.000  0.204 0.000
  3.208333   4.208333    5.08 0.000  1.20 0.000 9.999 0.259  0.33 0.000 0.034 0.000  0.867 0.000  1.213 0.000 999.99 0.259   4.299 0.000   1.009 0.000   3.289 0.000 0.038 0.000  0.463 0.000
  6.208333   7.208333   14.92 0.000  3.94 0.000 9.999 0.259  0.96 0.000 0.054 0.000  0.813 0.000  1.138 0.000 999.99 0.259   6.903 0.000   4.009 0.000   2.893 0.000 0.055 0.000  0.267 0.000
  9.208333  10.208333   13.01 0.000  0.38 0.000 9.999 0.259 99.99 0.259 0.055 0.000  0.674 0.000  0.944 0.000 999.99 0.259   8.544 0.000   6.029 0.000   2.514 0.000 0.046 0.000  0.187 0.000
 12.208333  13.208333   20.41 0.000  1.55 0.000 9.999 0.259  1.40 0.000 0.237 0.000  3.551 0.000  4.972 0.000 999.99 0.259  17.650 0.000   8.001 0.000   9.649 0.000 0.180 0.000  0.624 0.000
 15.208333  16.208333   12.71 0.000  0.72 0.000 9.999 0.259  0.56 0.000 0.055 0.000  1.027 0.000  1.437 0.000 999.99 0.259   8.418 0.000   4.519 0.000   3.899 0.000 0.093 0.000  0.184 0.000
 18.208333  19.208333    3.02 0.000  0.65 0.000 9.999 0.259  0.28 0.000 0.028 0.000  0.461 0.000  0.645 0.000 999.99 0.259   4.960 0.000   2.759 0.000   2.201 0.000 0.103 0.000  0.169 0.000
 21.208333  22.208333   21.18 0.000  1.61 0.000 9.999 0.259  0.66 0.000 0.208 0.000  2.468 0.000  3.455 0.000 999.99 0.259  11.295 0.000   3.204 0.000   8.091 0.000 0.069 0.000  0.433 0.000
 24.208333  25.208333    7.06 0.000  1.74 0.000 9.999 0.259  0.32 0.000 0.033 0.000  0.469 0.000  0.656 0.000 999.99 0.259   4.251 0.000   1.287 0.000   2.963 0.000 0.023 0.000  0.249 0.000
 27.208333  28.208333   10.11 0.000  1.32 0.000 0.031 0.000  0.58 0.000 0.075 0.000  0.788 0.000  1.104 0.000 999.99 0.259   6.196 0.000   2.140 0.000   4.056 0.000 0.120 0.000  0.360 0.000
 30.208333  31.208333   15.68 0.000  3.18 0.000 9.999 0.259  0.62 0.000 0.154 0.000  0.892 0.000  1.249 0.000 999.99 0.259   6.487 0.000   1.540 0.000   4.947 0.000 0.066 0.000  0.438 0.000
 33.208333  34.208333   43.40 0.000  2.80 0.000 0.029 0.000  1.56 0.000 0.201 0.000  3.201 0.000  4.482 0.000 999.99 0.259  18.952 0.000   8.931 0.000  10.021 0.000 0.123 0.000  0.749 0.000
 36.208333  37.208333   44.49 0.000  0.68 0.000 9.999 0.259  1.06 0.000 0.047 0.000  1.521 0.000  2.130 0.000 999.99 0.259  14.922 0.000  10.810 0.000   4.112 0.000 0.056 0.000  0.222 0.000
 39.208333  40.208333   18.90 0.000  2.60 0.000 9.999 0.259  1.31 0.000 0.168 0.000  1.599 0.000  2.239 0.000 999.99 0.259   8.391 0.000   2.178 0.000   6.213 0.000 0.064 0.000  0.548 0.000
 42.208333  43.208333   24.15 0.000  1.23 0.000 0.025 0.000  0.83 0.000 0.055 0.000  0.607 0.000  0.850 0.000 999.99 0.259   9.091 0.000   6.756 0.000   2.335 0.000 0.036 0.000  0.177 0.000
 45.208333  46.208333    9.96 0.000  1.09 0.000 9.999 0.259  0.51 0.000 0.046 0.000  0.586 0.000  0.820 0.000 999.99 0.259   5.808 0.000   3.121 0.000   2.687 0.000 0.067 0.000  0.284 0.000
 48.208333  49.208333   96.29 0.000  2.75 0.000 9.999 0.259  1.51 0.000 0.246 0.000  2.393 0.000  3.350 0.000 999.99 0.259  27.651 0.000  17.235 0.000  10.417 0.000 0.125 0.000  0.666 0.000
 51.208333  52.208333   18.43 0.000  1.30 0.000 9.999 0.259  0.43 0.000 0.044 0.000  0.939 0.000  1.314 0.000 999.99 0.259   9.287 0.000   5.753 0.000   3.534 0.000 0.048 0.000  0.301 0.000
 54.208333  55.208333   36.30 0.000  1.59 0.000 9.999 0.259  0.25 0.000 0.070 0.000  1.031 0.000  1.444 0.000 999.99 0.259  15.219 0.000  10.417 0.000   4.801 0.000 0.382 0.000  0.403 0.000
 57.208333  58.208333   42.49 0.000  1.83 0.000 9.999 0.259  0.08 0.000 0.013 0.000  0.509 0.000  0.713 0.000  17.29 0.000  15.353 0.000  11.820 0.000   3.533 0.000 0.600 0.000  0.270 0.000
 60.208333  61.208333   72.58 0.000  2.96 0.000 9.999 0.259  0.43 0.000 0.230 0.000  3.181 0.000  4.453 0.000 999.99 0.259  22.580 0.000  11.149 0.000  11.431 0.000 0.128 0.000  1.074 0.000
 63.208333  64.208333   24.73 0.000  1.38 0.000 9.999 0.259  0.33 0.000 0.025 0.000  0.869 0.000  1.216 0.000 999.99 0.259  11.987 0.000   6.931 0.000   5.056 0.000 0.098 0.000  0.736 0.000
 66.208333  67.208333   19.03 0.000  3.88 0.000 9.999 0.259 99.99 0.259 0.018 0.000  0.508 0.000  0.712 0.000 999.99 0.259  11.352 0.000   8.385 0.000   2.967 0.000 0.162 0.000  0.349 0.000
 69.208333  70.208333  104.08 0.000  1.85 0.000 9.999 0.259  0.64 0.000 0.100 0.000  1.908 0.000  2.671 0.000 999.99 0.259  25.979 0.000  19.339 0.000   6.640 0.000 0.080 0.000  0.421 0.000
 72.208333  73.208333   13.68 0.000  1.28 0.000 0.082 0.000  0.26 0.000 0.121 0.000  0.730 0.000  1.022 0.000 999.99 0.259   9.135 0.000   4.035 0.000   5.101 0.000 0.251 0.000  0.583 0.000
 75.208333  76.208333   26.95 0.000  0.99 0.000 0.049 0.000 99.99 0.259 0.036 0.000  0.391 0.000  0.548 0.000 999.99 0.259  12.239 0.000   9.223 0.000   3.016 0.000 0.091 0.000  0.367 0.000
 78.208333  79.208333  130.41 0.000  1.45 0.000 0.116 0.000  0.19 0.000 0.101 0.000  1.918 0.000  2.686 0.000  27.62 0.000  30.345 0.000  23.278 0.000   7.067 0.000 0.100 0.000  0.379 0.000
 81.208333  82.208333   35.40 0.000  1.20 0.000 9.999 0.259  0.40 0.000 0.062 0.000  0.656 0.000  0.919 0.000 999.99 0.259  12.475 0.000   8.698 0.000   3.777 0.000 0.056 0.000  0.426 0.000
 84.208333  85.208333   59.81 0.000  4.62 0.000 9.999 0.259  0.66 0.000 0.220 0.000  1.481 0.000  2.073 0.000 999.99 0.259  18.505 0.000   9.296 0.000   9.209 0.000 0.064 0.000  1.049 0.000
 87.208333  88.208333   33.76 0.000  0.96 0.000 0.051 0.000  0.13 0.000 0.034 0.000  0.583 0.000  0.816 0.000 999.99 0.259  11.119 0.000   7.572 0.000   3.547 0.000 0.035 0.000  0.307 0.000
 90.208333  91.208333   77.19 0.000  1.57 0.000 9.999 0.259  0.47 0.000 0.250 0.000  1.216 0.000  1.702 0.000  39.82 0.000  26.447 0.000  17.628 0.000   8.819 0.000 0.077 0.000  0.839 0.000
 93.208333  94.208333    7.78 0.000  1.38 0.000 9.999 0.259  0.23 0.000 0.042 0.000  0.542 0.000  0.759 0.000 999.99 0.259   4.907 0.000   1.869 0.000   3.038 0.000 0.014 0.000  0.304 0.000
 96.208333  97.208333    4.72 0.000 99.99 0.259 9.999 0.259 99.99 0.259 0.018 0.000  0.460 0.000  0.644 0.000 999.99 0.259   2.899 0.000   1.184 0.000   1.715 0.000 0.008 0.000  0.180 0.000
 99.208333 100.208333   57.50 0.000  2.00 0.000 9.999 0.259  0.36 0.000 0.043 0.000  0.929 0.000  1.301 0.000 999.99 0.259  15.129 0.000  10.541 0.000   4.588 0.000 0.123 0.000  0.328 0.000
102.208333 103.208333   57.30 0.000  1.14 0.000 0.043 0.000  0.29 0.000 0.033 0.559  0.776 0.000  1.086 0.000 999.99 0.259  19.263 0.000  15.163 0.000   4.099 0.000 0.079 0.000  0.312 0.559
105.208333 106.208333   29.15 0.000  1.10 0.000 9.999 0.259  0.25 0.000 0.023 0.000  0.632 0.000  0.885 0.000 999.99 0.259  12.607 0.000   8.996 0.000   3.611 0.000 0.170 0.000  0.445 0.000
108.208333 109.208333   31.27 0.000  1.88 0.000 0.033 0.000  0.33 0.000 0.058 0.000  1.046 0.000  1.465 0.000 999.99 0.259  11.450 0.000   6.831 0.000   4.619 0.000 0.069 0.000  0.553 0.000
111.208333 112.208333   62.86 0.000  0.98 0.000 9.999 0.259  0.16 0.000 0.026 0.000  0.677 0.000  0.947 0.000 999.99 0.259  16.425 0.000  12.364 0.000   4.061 0.000 0.054 0.000  0.350 0.000
114.208333 115.208333   19.69 0.000  1.12 0.000 9.999 0.259  0.34 0.000 0.032 0.000  0.947 0.000  1.325 0.000 999.99 0.259   7.399 0.000   4.051 0.000   3.348 0.000 0.080 0.000  0.331 0.000
117.208333 118.208333   15.47 0.000  2.82 0.000 9.999 0.259  0.36 0.000 0.114 0.000  1.008 0.000  1.411 0.000 999.99 0.259   7.391 0.000   2.555 0.000   4.836 0.000 0.118 0.000  0.615 0.000
120.208333 121.208333   89.85 0.000  3.71 0.000 9.999 0.259  1.24 0.000 0.157 0.000  2.584 0.000  3.618 0.000 999.99 0.259  28.318 0.000  15.047 0.000  13.272 0.000 0.077 0.000  1.523 0.000
123.208333 124.208333   14.92 0.000  0.83 0.000 9.999 0.259  0.21 0.000 0.018 0.000  0.571 0.000  0.800 0.000 999.99 0.259   5.013 0.000   3.047 0.000   1.967 0.000 0.027 0.000  0.230 0.000
126.208333 127.208333   38.98 0.000  2.16 0.000 9.999 0.259  1.03 0.000 0.054 0.000  1.297 0.000  1.817 0.000 999.99 0.259  13.476 0.000   4.551 0.000   8.924 0.000 0.035 0.000  1.411 0.000
129.208333 130.208333   24.96 0.000  1.53 0.000 9.999 0.259  0.16 0.000 0.026 0.000  0.794 0.000  1.111 0.000 999.99 0.259   9.714 0.000   6.027 0.000   3.687 0.000 0.117 0.000  0.439 0.000
132.208333 133.208333   42.96 0.000  1.08 0.000 9.999 0.259  0.20 0.000 0.015 0.000  0.628 0.000  0.880 0.000 999.99 0.259  12.820 0.000   9.622 0.000   3.198 0.000 0.061 0.000  0.312 0.000
135.208333 136.208333   19.16 0.000  1.32 0.000 9.999 0.259  0.72 0.000 0.035 0.000  1.389 0.000  1.944 0.000 999.99 0.259  13.889 0.000   4.486 0.000   9.403 0.000 0.119 0.000  1.542 0.000
138.208333 139.208333   16.38 0.000  1.12 0.000 9.999 0.259  0.51 0.000 0.018 0.000  1.074 0.000  1.504 0.000 999.99 0.259   9.315 0.000   4.533 0.000   4.782 0.000 0.014 0.000  0.650 0.000
141.208333 142.208333   29.99 0.000  1.27 0.000 9.999 0.259  0.32 0.000 0.025 0.000  0.853 0.000  1.194 0.000 999.99 0.259  11.218 0.000   7.577 0.000   3.640 0.000 0.094 0.000  0.366 0.000
144.208333 145.208333   31.70 0.000  1.15 0.000 9.999 0.259  0.25 0.000 0.027 0.000  0.993 0.000  1.390 0.000 999.99 0.259   8.835 0.000   5.516 0.000   3.319 0.000 0.031 0.000  0.269 0.000
147.208333 148.208333   15.36 0.000  0.83 0.000 9.999 0.259  0.56 0.000 0.024 0.000  0.954 0.000  1.336 0.000 999.99 0.259   7.561 0.000   3.841 0.000   3.720 0.000 0.028 0.000  0.388 0.000
150.208333 151.208333    3.89 0.000  0.51 0.000 9.999 0.259 99.99 0.259 0.006 0.000  0.234 0.000  0.327 0.000   4.51 0.000   4.191 0.000   3.142 0.000   1.049 0.000 0.136 0.000  0.074 0.000
153.208333 154.208333    5.93 0.000  2.91 0.000 9.999 0.259  0.26 0.000 0.030 0.000  0.709 0.000  0.993 0.000 999.99 0.259   3.555 0.000   1.230 0.000   2.325 0.000 0.016 0.000  0.180 0.000
156.208333 157.208333   24.59 0.000  1.62 0.000 9.999 0.259  0.29 0.000 0.018 0.000  0.898 0.000  1.257 0.000 999.99 0.259   7.516 0.000   4.474 0.000   3.042 0.000 0.047 0.000  0.185 0.000
159.208333 160.208333   37.07 0.000  1.83 0.000 9.999 0.259  0.92 0.000 0.028 0.000  1.925 0.000  2.695 0.000 999.99 0.259  19.567 0.000   6.064 0.000  13.502 0.000 0.052 0.000  2.145 0.000
162.208333 163.208333   36.77 0.000  0.69 0.000 9.999 0.259 99.99 0.259 0.009 0.000  0.355 0.000  0.497 0.000 999.99 0.259  10.830 0.000   8.922 0.000   1.908 0.000 0.132 0.000  0.112 0.000
165.208333 166.208333   44.87 0.000  1.62 0.000 9.999 0.259  0.76 0.000 0.136 0.000  1.661 0.000  2.326 0.000 999.99 0.259  18.368 0.000  10.458 0.000   7.910 0.000 0.039 0.000  0.828 0.000
168.208333 169.208333   49.90 0.000  3.45 0.000 9.999 0.259  0.50 0.000 0.022 0.000  1.617 0.000  2.264 0.000 999.99 0.259  12.704 0.000   8.033 0.000   4.671 0.000 0.042 0.000  0.289 0.000
171.208333 172.208333    6.11 0.000  0.59 0.000 9.999 0.259  0.19 0.000 0.006 0.000  0.393 0.000  0.551 0.000 999.99 0.259   5.301 0.000   4.138 0.000   1.163 0.000 0.032 0.000  0.080 0.000
174.208333 175.208333   11.53 0.000  0.97 0.000 9.999 0.259  0.24 0.000 0.015 0.000  0.958 0.000  1.341 0.000 999.99 0.259   5.465 0.000   2.368 0.000   3.097 0.000 0.025 0.000  0.252 0.000
177.208333 178.208333   23.35 0.000  1.32 0.000 9.999 0.259  0.33 0.000 0.018 0.000  1.127 0.000  1.577 0.000 999.99 0.259   7.479 0.000   3.287 0.000   4.192 0.000 0.028 0.000  0.406 0.000
180.208333 181.208333   37.20 0.000  1.47 0.000 9.999 0.259  0.38 0.000 0.018 0.000  0.960 0.000  1.344 0.000 999.99 0.259   8.050 0.000   4.431 0.000   3.619 0.000 0.029 0.000  0.254 0.000
183.208333 184.208333   22.33 0.000  1.66 0.000 9.999 0.259  0.64 0.000 0.021 0.000  1.888 0.000  2.644 0.000 999.99 0.259  13.476 0.000   3.635 0.000   9.841 0.000 0.042 0.000  1.324 0.000
186.208333 187.208333   10.31 0.000  3.47 0.000 9.999 0.259  0.29 0.000 0.018 0.000  1.456 0.000  2.038 0.000 999.99 0.259   9.927 0.000   3.509 0.000   6.417 0.000 0.056 0.000  0.735 0.000
189.208333 190.208333   13.93 0.000  0.63 0.000 9.999 0.259  0.29 0.000 0.027 0.000  1.795 0.000  2.513 0.000 999.99 0.259   8.876 0.000   3.481 0.000   5.394 0.000 0.033 0.000  0.402 0.000
192.208333 193.208333   11.00 0.000  1.18 0.000 9.999 0.259  0.28 0.000 0.013 0.000  2.554 0.000  3.576 0.000 999.99 0.259   9.886 0.000   4.021 0.000   5.864 0.000 0.048 0.000  0.138 0.000
195.208333 196.208333   21.48 0.000  0.42 0.000 9.999 0.259  0.47 0.000 0.044 0.000  3.302 0.000  4.623 0.000 999.99 0.259  14.385 0.000   4.000 0.000  10.385 0.000 0.075 0.000  0.801 0.000
198.208333 199.208333    8.09 0.000  0.61 0.000 9.999 0.259  0.46 0.000 0.012 0.000  1.410 0.000  1.975 0.000 999.99 0.259   7.516 0.000   2.793 0.000   4.723 0.000 0.046 0.000  0.399 0.000
201.208333 202.208333   37.78 0.000  0.77 0.000 9.999 0.259  0.79 0.000 0.019 0.000  2.054 0.000  2.875 0.000 999.99 0.259  10.980 0.000   3.069 0.000   7.911 0.000 0.052 0.000  0.667 0.000
204.208333 205.208333   54.99 0.000  2.45 0.000 9.999 0.259  1.26 0.000 0.019 0.000  3.577 0.000  5.007 0.000 999.99 0.259  35.001 0.000   9.488 0.000  25.513 0.000 0.104 0.000  3.778 0.000
207.208333 208.208333   45.81 0.000  1.31 0.000 9.999 0.259  0.75 0.000 0.010 0.000  2.077 0.000  2.908 0.000 999.99 0.259  12.704 0.000   6.030 0.000   6.674 0.000 0.050 0.000  0.145 0.000
210.208333 211.208333   45.52 0.000  0.67 0.000 9.999 0.259  0.50 0.000 0.011 0.000  1.976 0.000  2.767 0.000 999.99 0.259  12.204 0.000   6.904 0.000   5.300 0.000 0.042 0.000  0.282 0.000
213.208333 214.208333   14.78 0.000  1.37 0.000 9.999 0.259  0.35 0.000 0.024 0.000  1.742 0.000  2.439 0.000 999.99 0.259  12.467 0.000   3.431 0.000   9.037 0.000 0.034 0.000  1.367 0.000
216.208333 217.208333   37.95 0.000  0.55 0.000 9.999 0.259  0.10 0.000 0.008 0.000  1.127 0.000  1.578 0.000 999.99 0.259  10.766 0.000   7.568 0.000   3.198 0.000 0.112 0.000  0.111 0.000
219.208333 220.208333   10.17 0.000 99.99 0.259 9.999 0.259  0.23 0.000 0.015 0.000  1.030 0.000  1.442 0.000 999.99 0.259   5.828 0.000   2.691 0.000   3.137 0.000 0.020 0.000  0.252 0.000
222.208333 223.208333   38.11 0.000  3.54 0.000 9.999 0.259  1.62 0.000 0.015 0.000  2.498 0.000  3.497 0.000 999.99 0.259  12.208 0.000   6.110 0.000   6.098 0.000 0.044 0.000  0.225 0.000
225.208333 226.208333    9.04 0.000  0.36 0.000 9.999 0.259  0.44 0.000 0.016 0.000  0.821 0.000  1.150 0.000 999.99 0.259   4.289 0.000   1.813 0.000   2.476 0.000 0.020 0.000  0.236 0.000
228.208333 229.208333   25.60 0.000  3.40 0.000 9.999 0.259  0.46 0.000 0.016 0.000  2.098 0.000  2.938 0.000 999.99 0.259  13.194 0.000   7.873 0.000   5.321 0.000 0.037 0.000  0.298 0.000
231.208333 232.208333   32.52 0.000  2.56 0.000 9.999 0.259  1.10 0.000 0.037 0.000  1.687 0.000  2.362 0.000 999.99 0.259  28.265 0.000   5.878 0.000  22.387 0.000 0.031 0.000  4.201 0.000
234.208333 235.208333    4.98 0.000  0.81 0.000 9.999 0.259  0.13 0.000 0.006 0.000  0.624 0.000  0.873 0.000 999.99 0.259   4.467 0.000   2.112 0.000   2.355 0.000 0.037 0.000  0.122 0.000
237.208333 238.208333   27.30 0.000  1.11 0.000 9.999 0.259  1.58 0.000 0.016 0.000  1.025 0.000  1.435 0.000 999.99 0.259   7.994 0.000   5.428 0.000   2.566 0.000 0.048 0.000  0.098 0.000
240.208333 241.208333   26.87 0.000  1.26 0.000 9.999 0.259  0.51 0.000 0.017 0.000  2.101 0.000  2.942 0.000 999.99 0.259  18.088 0.000   4.954 0.000  13.134 0.000 0.071 0.000  2.183 0.000
243.208333 244.208333   22.91 0.000  1.09 0.000 9.999 0.259  1.01 0.000 0.015 0.000  0.888 0.000  1.243 0.000 999.99 0.259   7.889 0.000   5.417 0.000   2.472 0.000 0.040 0.000  0.162 0.000
246.208333 247.208333   38.38 0.000  4.21 0.000 0.126 0.000  3.19 0.000 0.025 0.000  1.489 0.000  2.084 0.000 999.99 0.259  11.002 0.000   5.231 0.000   5.771 0.000 0.035 0.000  0.530 0.000
249.208333 250.208333    6.79 0.000  1.48 0.000 9.999 0.259  0.54 0.000 0.031 0.559  1.224 0.000  1.713 0.000 999.99 0.259   9.371 0.000   5.367 0.000   4.004 0.000 0.022 0.000  0.388 0.559
