scripts/IMPROVE-2019_partial/data/US9052R.20100102050000.20191216000000.filterpack...52w.3d.US03L_filterpack_US9052.US03L_IMPROVE_Davis.lev2.nas
52 1001
MISSING INFORMATION
US03L, IMPROVE, , , , , , , 
MISSING INFORMATION
IMPROVE sel_HTAP
1 1
2010 01 01 2019 12 16
3.000000
days from file reference point
5
1 1 1 1 1
999.999999 999.999 9.999 999.999 9.999
end_time of measurement, days from the file reference point
pm10_mass, ug/m3, Matrix=pm10
numflag pm10_mass, no unit, Matrix=pm10
pm25_mass, ug/m3, Matrix=pm25
numflag pm25_mass, no unit, Matrix=pm25
0
33
Data definition:              EBAS_1.1
Set type code:                TU
Timezone:                     UTC
File name:                    US9052R.20100102050000.20191216000000.filterpack...52w.3d.US03L_filterpack_US9052.US03L_IMPROVE_Davis.lev2.nas
File creation:                20191218120903
Startdate:                    20100102050000
Revision date:                20191216000000
Version:                      2
Version description:          "Data extracted from http://views.cira.colostate.edu/fed/DataWizard 2019-12-16"
Statistics:                   arithmetic mean
Data level:                   2
Period code:                  52w
Resolution code:              3d
Sample duration:              1d
Orig. time res.:              3d
Station code:                 US9052R
Platform code:                US9052S
Station name:                 St. Marks
Station latitude:             30.0926
Station longitude:            -84.1614
Station altitude:             7.0 m
Regime:                       IMG
Component:                    
Unit:                         ug/m3
Matrix:                       
Laboratory code:              US03L
Instrument type:              filterpack
Instrument name:              filterpack_US9052
Method ref:                   US03L_IMPROVE_Davis
Blank correction:             Blank corrected
Volume std. temperature:      ambient
Volume std. pressure:         ambient
starttime endtime PM10 flag_PM10 PM2.5 flag_PM2.5
  1.208333   2.208333   3.690 0.000   3.475 0.000
  4.208333   5.208333   6.113 0.000   5.262 0.000
  7.208333   8.208333   5.589 0.000   4.511 0.000
 10.208333  11.208333   6.069 0.000   5.535 0.000
 13.208333  14.208333  14.345 0.000  13.207 0.000
 16.208333  17.208333   9.052 0.000   5.607 0.000
 19.208333  20.208333   5.130 0.000   4.568 0.000
 22.208333  23.208333  11.437 0.000   8.612 0.000
 25.208333  26.208333   9.348 0.000   3.376 0.000
 28.208333  29.208333  10.402 0.000   7.728 0.000
 31.208333  32.208333   5.944 0.000   4.451 0.000
 34.208333  35.208333   9.962 0.000   6.891 0.000
 37.208333  38.208333   9.852 0.000  10.114 0.000
 40.208333  41.208333 999.999 0.456   5.363 0.000
 43.208333  44.208333   5.661 0.000   5.408 0.000
 46.208333  47.208333   5.824 0.000   5.178 0.000
 49.208333  50.208333   9.589 0.000   7.094 0.000
 52.208333  53.208333   6.861 0.000   3.871 0.000
 55.208333  56.208333   6.983 0.000   5.237 0.000
 58.208333  59.208333  10.273 0.000   7.246 0.000
 61.208333  62.208333   7.490 0.000   6.094 0.000
 64.208333  65.208333  13.549 0.000  11.378 0.000
 67.208333  68.208333  26.195 0.000  23.989 0.000
 70.208333  71.208333   9.786 0.000   5.882 0.000
 73.208333  74.208333   5.885 0.000   4.501 0.000
 76.208333  77.208333   7.227 0.000   6.111 0.000
 79.208333  80.208333  13.425 0.000   8.339 0.000
 82.208333  83.208333 999.999 0.999  13.160 0.000
 85.208333  86.208333 999.999 0.999   7.081 0.000
 88.208333  89.208333 999.999 0.999   7.352 0.000
 91.208333  92.208333  11.719 0.000   9.435 0.000
 94.208333  95.208333  11.147 0.000   6.101 0.000
 97.208333  98.208333 999.999 0.999 999.999 0.999
100.208333 101.208333   8.050 0.000   6.975 0.000
103.208333 104.208333  16.448 0.000   6.605 0.000
106.208333 107.208333  13.310 0.000   6.322 0.000
109.208333 110.208333  15.618 0.000   8.298 0.000
112.208333 113.208333  16.806 0.000  12.102 0.000
115.208333 116.208333  13.278 0.000   7.139 0.000
118.208333 119.208333   9.897 0.000   6.957 0.000
121.208333 122.208333  29.519 0.000  14.861 0.000
124.208333 125.208333  10.719 0.000   7.165 0.000
127.208333 128.208333  15.397 0.000  10.175 0.000
130.208333 131.208333  17.776 0.000   6.792 0.000
133.208333 134.208333  16.028 0.000   7.003 0.000
136.208333 137.208333   8.967 0.000   4.611 0.000
139.208333 140.208333  19.093 0.000  16.009 0.000
142.208333 143.208333  16.963 0.000  11.101 0.000
145.208333 146.208333  12.149 0.000   5.929 0.000
148.208333 149.208333  13.473 0.000   8.728 0.000
151.208333 152.208333   7.346 0.000   4.745 0.000
154.208333 155.208333  10.165 0.000   4.778 0.000
157.208333 158.208333  17.753 0.000  11.645 0.000
160.208333 161.208333  16.143 0.000   8.684 0.000
163.208333 164.208333  17.866 0.000  12.006 0.000
166.208333 167.208333  11.768 0.000   8.831 0.000
169.208333 170.208333  14.897 0.000  10.411 0.000
172.208333 173.208333  10.070 0.000   4.745 0.000
175.208333 176.208333 999.999 0.999 999.999 0.999
178.208333 179.208333 999.999 0.999 999.999 0.999
181.208333 182.208333 999.999 0.999 999.999 0.999
184.208333 185.208333   9.806 0.000   5.226 0.000
187.208333 188.208333   9.664 0.000   4.486 0.000
190.208333 191.208333  13.794 0.000  11.115 0.000
193.208333 194.208333  25.237 0.000  12.441 0.000
196.208333 197.208333  25.438 0.000  10.651 0.000
199.208333 200.208333  18.503 0.000  10.085 0.000
202.208333 203.208333  46.108 0.000  23.575 0.000
205.208333 206.208333   9.117 0.000   5.319 0.000
208.208333 209.208333  15.890 0.000  11.666 0.000
211.208333 212.208333  13.546 0.000  10.573 0.000
214.208333 215.208333  12.609 0.000   9.125 0.000
217.208333 218.208333   8.145 0.000   5.685 0.000
220.208333 221.208333  12.975 0.000   9.489 0.000
223.208333 224.208333  10.325 0.000   4.790 0.000
226.208333 227.208333  11.501 0.000   7.247 0.000
229.208333 230.208333   9.804 0.000   5.872 0.000
232.208333 233.208333  10.884 0.000   6.113 0.000
235.208333 236.208333   9.303 0.000   6.631 0.000
238.208333 239.208333   7.223 0.000   1.897 0.000
241.208333 242.208333  13.544 0.000   6.068 0.000
244.208333 245.208333  17.436 0.000  14.070 0.000
247.208333 248.208333  16.342 0.000  12.986 0.000
250.208333 251.208333  10.125 0.000   6.014 0.000
253.208333 254.208333   7.287 0.000   5.320 0.000
256.208333 257.208333 999.999 0.456  10.819 0.000
259.208333 260.208333  12.671 0.000   7.220 0.000
262.208333 263.208333  15.460 0.000  11.257 0.000
265.208333 266.208333 999.999 0.999 999.999 0.999
268.208333 269.208333 999.999 0.999 999.999 0.999
271.208333 272.208333   9.678 0.000   6.716 0.000
274.208333 275.208333  15.380 0.000  12.488 0.000
277.208333 278.208333   8.376 0.000   5.774 0.000
280.208333 281.208333  17.736 0.000  12.260 0.000
283.208333 284.208333  22.034 0.000  17.279 0.000
286.208333 287.208333  13.096 0.000   9.651 0.000
289.208333 290.208333  13.667 0.000   7.638 0.000
292.208333 293.208333  16.377 0.000  12.522 0.000
295.208333 296.208333  14.760 0.000   8.618 0.000
298.208333 299.208333  13.894 0.000   6.634 0.000
301.208333 302.208333  11.077 0.000   6.126 0.000
304.208333 305.208333   9.509 0.000   6.335 0.000
307.208333 308.208333   8.257 0.000   6.167 0.000
310.208333 311.208333   7.731 0.000   6.255 0.000
313.208333 314.208333  15.975 0.000  14.246 0.000
316.208333 317.208333  14.602 0.000  11.228 0.000
319.208333 320.208333  16.998 0.000   8.107 0.000
322.208333 323.208333  10.859 0.000   9.133 0.000
325.208333 326.208333   7.996 0.000   4.758 0.000
328.208333 329.208333   8.249 0.000   4.788 0.000
331.208333 332.208333   7.698 0.000   5.562 0.000
334.208333 335.208333 999.999 0.999 999.999 0.999
337.208333 338.208333  10.894 0.000   7.603 0.000
340.208333 341.208333   6.020 0.000   4.469 0.000
343.208333 344.208333  14.837 0.000  12.576 0.000
346.208333 347.208333   4.897 0.000   2.601 0.000
349.208333 350.208333  12.259 0.000   5.839 0.000
352.208333 353.208333   8.547 0.000   7.818 0.000
355.208333 356.208333  11.214 0.000   8.355 0.000
358.208333 359.208333  15.289 0.000  13.189 0.000
361.208333 362.208333   6.582 0.000   5.904 0.000
364.208333 365.208333  10.620 0.000   6.353 0.000
