scripts/IMPROVE-2019_partial/data/US9012R.20050101070000.20191216000000.filterpack..pm25.52w.1w.US03L_filterpack_US9012.US03L_IMPROVE_Davis.lev2.nas
66 1001
MISSING INFORMATION
US03L, IMPROVE, , , , , , , 
MISSING INFORMATION
IMPROVE sel_HTAP
1 1
2005 01 01 2019 12 16
3.000000
days from file reference point
27
1 1 1 1 1 1 1 1 1 1 1 1 1 1 1 1 1 1 1 1 1 1 1 1 1 1 1
999.999999 9999.99 9.999 99.99 9.999 9.999 9.999999 9.99 9.999999 9.999 9.999 999.999 9.999 999.999 9.999 999.99 9.999999 999.999 9.999 999.999 9.999999 999.999 9.999 9.999 9.999 9.999 9.999
end_time of measurement, days from the file reference point
iron, ng/m3, Revision date=20181210133000
numflag iron, no unit, Revision date=20181210133000
lead, ng/m3, Revision date=20181210133000
numflag lead, no unit, Revision date=20181210133000
magnesium, ug/m3, Revision date=20181210133000
numflag magnesium, no unit, Revision date=20181210133000
nickel, ng/m3, Revision date=20181210133000
numflag nickel, no unit, Revision date=20181210133000
nitrate, ug N/m3, Revision date=20181210133000
numflag nitrate, no unit, Revision date=20181210133000
organic_carbon, ug C/m3, Revision date=20181210133000
numflag organic_carbon, no unit, Revision date=20181210133000
organic_mass, ug/m3, Revision date=20181210133000
numflag organic_mass, no unit, Revision date=20181210133000
phosphorus, ng/m3, Revision date=20181210133000
numflag phosphorus, no unit, Revision date=20181210133000
pm10_mass, ug/m3, Version=2, Version description=Data extracted from http://views.cira.colostate.edu/fed/DataWizard 2019-12-16, Sample duration=1d, Orig. time res.=3d, Matrix=pm10, Blank correction=Blank corrected, Volume std. temperature=ambient, Volume std. pressure=ambient
numflag pm10_mass, no unit, Version=2, Version description=Data extracted from http://views.cira.colostate.edu/fed/DataWizard 2019-12-16, Sample duration=1d, Orig. time res.=3d, Matrix=pm10, Blank correction=Blank corrected, Volume std. temperature=ambient, Volume std. pressure=ambient
pm10_pm25_mass, ug/m3, Revision date=20181210133000, Matrix=pm10_pm25
numflag pm10_pm25_mass, no unit, Revision date=20181210133000, Matrix=pm10_pm25
pm25_mass, ug/m3, Version=2, Version description=Data extracted from http://views.cira.colostate.edu/fed/DataWizard 2019-12-16, Sample duration=1d, Orig. time res.=3d, Blank correction=Blank corrected, Volume std. temperature=ambient, Volume std. pressure=ambient
numflag pm25_mass, no unit, Version=2, Version description=Data extracted from http://views.cira.colostate.edu/fed/DataWizard 2019-12-16, Sample duration=1d, Orig. time res.=3d, Blank correction=Blank corrected, Volume std. temperature=ambient, Volume std. pressure=ambient
potassium, ug/m3, Revision date=20181210133000
numflag potassium, no unit, Revision date=20181210133000
sulphate_total, ug S/m3, Revision date=20181210133000
numflag sulphate_total, no unit, Revision date=20181210133000
0
25
Data definition:              EBAS_1.1
Set type code:                TU
Timezone:                     UTC
File name:                    US9012R.20050101070000.20191216000000.filterpack..pm25.52w.1w.US03L_filterpack_US9012.US03L_IMPROVE_Davis.lev2.nas
File creation:                20191218120558
Startdate:                    20050101070000
Revision date:                20191216000000
Statistics:                   arithmetic mean
Data level:                   2
Period code:                  52w
Resolution code:              1w
Station code:                 US9012R
Platform code:                US9012S
Station name:                 Monture
Station latitude:             47.1222
Station longitude:            -113.1544
Station altitude:             1282.0 m
Regime:                       IMG
Component:                    
Matrix:                       pm25
Laboratory code:              US03L
Instrument type:              filterpack
Instrument name:              filterpack_US9012
Method ref:                   US03L_IMPROVE_Davis
starttime endtime Fe flag_Fe Pb flag_Pb Mg++ flag_Mg++ Ni flag_Ni NO3- flag_NO3- OC flag_OC OM flag_OM P flag_P PM10 flag_PM10 PM10-PM2.5 flag_PM10-PM2.5 PM2.5 flag_PM2.5 K+ flag_K+ SO4-- flag_SO4--
[from data line 80]
240.291667 241.291667   90.63 0.000  0.55 0.000 0.026 0.000000 9.99 0.259000 0.035 0.000   8.061 0.000  14.509 0.000 999.99 0.259000  22.447 0.000   5.740 0.000000  16.703 0.000 0.157 0.000 0.152 0.000
243.291667 244.291667   54.04 0.000  0.50 0.000 9.999 0.259000 9.99 0.259000 0.016 0.000   3.829 0.000   6.892 0.000 999.99 0.259000  12.638 0.000   3.051 0.000000   9.585 0.000 0.090 0.000 0.124 0.000
246.291667 247.291667  108.07 0.000  0.54 0.000 9.999 0.259000 9.99 0.259000 0.015 0.000   2.736 0.000   4.924 0.000 999.99 0.259000  14.918 0.000   7.095 0.000000   7.823 0.000 0.115 0.000 0.163 0.000
249.291667 250.291667   56.39 0.000  0.64 0.000 9.999 0.259000 9.99 0.259000 0.011 0.000   2.204 0.000   3.967 0.000 999.99 0.259000   8.738 0.000   3.198 0.000000   5.539 0.000 0.057 0.000 0.105 0.000
252.291667 253.291667   24.10 0.000  0.54 0.000 9.999 0.259000 9.99 0.259000 0.012 0.000   0.403 0.000   0.725 0.000 999.99 0.259000   3.447 0.000   2.114 0.000000   1.333 0.000 0.015 0.000 0.070 0.000
255.291667 256.291667   22.94 0.000  0.48 0.000 9.999 0.259000 9.99 0.259000 0.006 0.000   0.662 0.000   1.191 0.000 999.99 0.259000   2.024 0.000 999.999 0.259000   2.050 0.000 0.034 0.000 0.078 0.000
258.291667 259.291667   19.62 0.000  0.83 0.000 9.999 0.259000 9.99 0.259000 0.012 0.000   1.884 0.000   3.391 0.000 999.99 0.259000   7.329 0.000   2.285 0.000000   5.042 0.000 0.137 0.000 0.172 0.000
261.291667 262.291667   10.89 0.000  0.69 0.000 9.999 0.259000 9.99 0.259000 0.010 0.000   1.217 0.000   2.190 0.000 999.99 0.259000   4.375 0.000   1.431 0.000000   2.943 0.000 0.041 0.000 0.112 0.000
264.291667 265.291667   46.38 0.000  0.69 0.000 9.999 0.259000 9.99 0.259000 0.021 0.000   1.258 0.000   2.264 0.000 999.99 0.259000  10.629 0.000   6.576 0.000000   4.052 0.000 0.064 0.000 0.120 0.000
267.291667 268.291667    9.49 0.000  0.47 0.000 9.999 0.259000 9.99 0.259000 0.006 0.000   0.640 0.000   1.152 0.000 999.99 0.259000   2.648 0.000   1.266 0.000000   1.382 0.000 0.014 0.000 0.052 0.000
270.291667 271.291667   28.30 0.000  0.54 0.000 9.999 0.259000 9.99 0.259000 0.006 0.000   0.527 0.000   0.948 0.000 999.99 0.259000   5.555 0.000   3.415 0.000000   2.139 0.000 0.032 0.000 0.080 0.000
273.291667 274.291667    1.65 0.000  0.22 0.000 9.999 0.259000 9.99 0.259000 0.000 0.000   0.355 0.000   0.639 0.000 999.99 0.259000   1.440 0.000   0.757 0.000000   0.682 0.000 0.014 0.000 0.028 0.000
276.291667 277.291667    1.54 0.000  0.19 0.000 9.999 0.259000 9.99 0.259000 0.001 0.000   0.301 0.000   0.542 0.000 999.99 0.259000   0.911 0.000   0.346 0.000000   0.564 0.000 0.007 0.000 0.007 0.000
279.291667 280.291667    4.79 0.000  0.38 0.000 9.999 0.259000 9.99 0.259000 0.005 0.000   0.695 0.000   1.251 0.000 999.99 0.259000   2.531 0.000   0.764 0.000000   1.767 0.000 0.011 0.000 0.080 0.000
282.291667 283.291667    3.40 0.000  0.25 0.000 9.999 0.259000 9.99 0.259000 0.008 0.000   1.063 0.000   1.913 0.000 999.99 0.259000   2.995 0.000   0.599 0.000000   2.396 0.000 0.016 0.000 0.076 0.000
285.291667 286.291667    7.49 0.000  0.46 0.000 9.999 0.259000 9.99 0.259000 0.004 0.000   0.728 0.000   1.310 0.000 999.99 0.259000 999.999 0.456   0.482 0.000000   2.409 0.000 0.020 0.000 0.144 0.000
288.291667 289.291667   12.63 0.000  0.40 0.000 9.999 0.259000 9.99 0.259000 0.006 0.000   1.116 0.000   2.009 0.000 999.99 0.259000 999.999 0.456   0.482 0.000000   2.751 0.000 0.027 0.000 0.120 0.000
291.291667 292.291667   24.34 0.000  0.68 0.000 9.999 0.259000 9.99 0.259000 0.008 0.000   2.316 0.000   4.168 0.000 999.99 0.259000 999.999 0.456   0.482 0.000000   5.401 0.000 0.043 0.000 0.126 0.000
294.291667 295.291667    2.90 0.000  0.43 0.000 9.999 0.259000 9.99 0.259000 0.004 0.000   1.045 0.000   1.880 0.000 999.99 0.259000 999.999 0.456   0.482 0.000000   2.062 0.000 0.014 0.000 0.072 0.000
297.291667 298.291667   11.21 0.000  2.38 0.000 0.009 0.000000 9.99 0.259000 0.004 0.000   1.527 0.000   2.750 0.000 999.99 0.259000 999.999 0.456   0.482 0.000000   3.339 0.000 0.020 0.000 0.069 0.000
300.291667 301.291667    4.91 0.000  1.04 0.000 9.999 0.259000 9.99 0.259000 0.005 0.000   1.271 0.000   2.287 0.000 999.99 0.259000 999.999 0.456   0.482 0.000000   2.267 0.000 0.020 0.000 0.036 0.000
303.291667 304.291667    2.24 0.000  0.32 0.000 9.999 0.259000 0.09 0.000000 0.008 0.559   1.295 0.000   2.332 0.000 999.99 0.259000 999.999 0.456   0.482 0.000000   2.591 0.000 0.015 0.000 0.058 0.559
306.291667 307.291667    3.65 0.000  0.53 0.000 9.999 0.259000 9.99 0.259000 0.012 0.000   1.868 0.000   3.361 0.000 999.99 0.259000   4.789 0.000   0.606 0.000000   4.183 0.000 0.047 0.000 0.181 0.000
309.291667 310.291667    2.03 0.000  0.36 0.000 9.999 0.259000 9.99 0.259000 0.003 0.000   0.319 0.000   0.575 0.000 999.99 0.259000   1.208 0.000   0.240 0.000000   0.968 0.000 0.014 0.000 0.053 0.000
312.291667 313.291667    7.30 0.000  0.92 0.000 0.010 0.000000 9.99 0.259000 0.100 0.000   9.045 0.000  16.281 0.000 999.99 0.259000  16.485 0.000   1.162 0.000000  15.316 0.000 0.092 0.000 0.173 0.000
315.291667 316.291667    0.93 0.000  0.24 0.000 0.011 0.000000 9.99 0.259000 0.014 0.000   0.707 0.000   1.273 0.000 999.99 0.259000   1.665 0.000   0.395 0.000000   1.270 0.000 0.014 0.000 0.031 0.000
318.291667 319.291667    2.65 0.000  0.22 0.000 9.999 0.259000 9.99 0.259000 0.069 0.000   1.765 0.000   3.176 0.000 999.99 0.259000   4.271 0.000   0.328 0.000000   3.945 0.000 0.025 0.000 0.196 0.000
321.291667 322.291667    8.95 0.000  0.68 0.000 0.007 0.000000 0.20 0.000000 0.017 0.000   1.746 0.000   3.143 0.000 999.99 0.259000   3.888 0.000   0.226 0.000000   3.660 0.000 0.038 0.000 0.080 0.000
324.291667 325.291667    2.75 0.000  0.56 0.000 9.999 0.259000 9.99 0.259000 0.030 0.000   2.540 0.000   4.572 0.000 999.99 0.259000   5.444 0.000   0.250 0.000000   5.192 0.000 0.033 0.000 0.064 0.000
327.291667 328.291667    2.13 0.000  0.65 0.000 9.999 0.259000 9.99 0.259000 0.071 0.000   3.515 0.000   6.327 0.000 999.99 0.259000   7.364 0.000   0.225 0.000000   7.136 0.000 0.043 0.000 0.054 0.000
330.291667 331.291667    1.99 0.000  0.39 0.000 0.012 0.000000 9.99 0.259000 0.022 0.000   0.789 0.000   1.420 0.000 999.99 0.259000   1.839 0.000   0.262 0.000000   1.577 0.000 0.025 0.000 0.059 0.000
333.291667 334.291667   11.59 0.000  0.67 0.000 9.999 0.259000 9.99 0.259000 0.164 0.000   2.103 0.000   3.785 0.000 999.99 0.259000   5.800 0.000   0.601 0.000000   5.197 0.000 0.033 0.000 0.236 0.000
336.291667 337.291667    2.73 0.000  0.19 0.000 0.005 0.000000 9.99 0.259000 0.007 0.000   0.413 0.000   0.744 0.000 999.99 0.259000   1.384 0.000   0.269 0.000000   1.115 0.000 0.009 0.000 0.113 0.000
339.291667 340.291667    6.46 0.000  0.17 0.000 9.999 0.259000 9.99 0.259000 0.033 0.000   0.804 0.000   1.447 0.000 999.99 0.259000   2.888 0.000   0.603 0.000000   2.292 0.000 0.028 0.000 0.192 0.000
342.291667 343.291667    2.23 0.000  0.22 0.000 9.999 0.259000 9.99 0.259000 0.021 0.000   0.515 0.000   0.927 0.000 999.99 0.259000   2.014 0.000   0.758 0.000000   1.256 0.000 0.015 0.000 0.068 0.000
345.291667 346.291667    8.65 0.000  0.32 0.000 9.999 0.259000 9.99 0.259000 0.028 0.000   0.656 0.000   1.180 0.000 999.99 0.259000   1.646 0.000   0.045 0.000000   1.600 0.000 0.013 0.000 0.051 0.000
348.291667 349.291667    1.75 0.000  0.31 0.000 9.999 0.259000 9.99 0.259000 0.013 0.000   0.407 0.000   0.734 0.000 999.99 0.259000   1.098 0.000   0.111 0.000000   0.986 0.000 0.010 0.000 0.050 0.000
351.291667 352.291667    1.84 0.000  0.30 0.000 9.999 0.259000 9.99 0.259000 0.015 0.000   0.167 0.000   0.301 0.000 999.99 0.259000   0.983 0.000   0.067 0.000000   0.916 0.000 0.003 0.000 0.151 0.000
354.291667 355.291667    3.33 0.000  0.34 0.000 9.999 0.259000 9.99 0.259000 0.027 0.000   1.074 0.000   1.932 0.000 999.99 0.259000   2.989 0.000   0.272 0.000000   2.716 0.000 0.014 0.000 0.093 0.000
357.291667 358.291667    0.48 0.000  0.33 0.000 9.999 0.259000 9.99 0.259000 0.003 0.000   0.456 0.000   0.822 0.000 999.99 0.259000   0.786 0.000   0.046 0.000000   0.740 0.000 0.004 0.000 0.011 0.000
360.291667 361.291667    0.72 0.000 99.99 0.259 9.999 0.259000 9.99 0.259000 0.005 0.000   0.349 0.000   0.628 0.000 999.99 0.259000   0.582 0.000 999.999 0.259000   0.597 0.000 0.007 0.000 0.019 0.000
363.291667 364.291667    0.80 0.000  0.31 0.000 9.999 0.259000 0.08 0.000000 0.008 0.000   0.364 0.000   0.654 0.000 999.99 0.259000   0.749 0.000   0.033 0.000000   0.716 0.000 0.006 0.000 0.017 0.000
