scripts/IMPROVE-2019_partial/data/US9057R.20070103060000.20191216000000.filterpack.pm25_mass.pm25.1y.3d.US03L_filterpack_US9057_2.US03L_IMPROVE_Davis.lev2.nas
50 1001
MISSING INFORMATION
US03L, IMPROVE, , , , , , , 
MISSING INFORMATION
IMPROVE sel_HTAP
1 1
2007 01 01 2019 12 16
3.00
days from file reference point
3
1 1 1
999.99 999.999 9.999
end_time of measurement, days from the file reference point
pm25_mass, ug/m3
numflag pm25_mass, no unit
0
33
Data definition:              EBAS_1.1
Set type code:                TU
Timezone:                     UTC
File name:                    US9057R.20070103060000.20191216000000.filterpack.pm25_mass.pm25.1y.3d.US03L_filterpack_US9057_2.US03L_IMPROVE_Davis.lev2.nas
File creation:                20191218120920
Startdate:                    20070103060000
Revision date:                20191216000000
Version:                      2
Version description:          "Data extracted from http://views.cira.colostate.edu/fed/DataWizard 2019-12-16"
Statistics:                   arithmetic mean
Data level:                   2
Period code:                  1y
Resolution code:              3d
Sample duration:              1d
Orig. time res.:              3d
Station code:                 US9057R
Platform code:                US9057S
Station name:                 Sac and Fox
Station latitude:             39.9791
Station longitude:            -95.5682
Station altitude:             293.0 m
Regime:                       IMG
Component:                    pm25_mass
Unit:                         ug/m3
Matrix:                       pm25
Laboratory code:              US03L
Instrument type:              filterpack
Instrument name:              filterpack_US9057_2
Method ref:                   US03L_IMPROVE_Davis
Blank correction:             Blank corrected
Volume std. temperature:      ambient
Volume std. pressure:         ambient
starttime endtime PM2.5 flag_PM2.5
  2.25   3.25   2.580 0.000
  5.25   6.25   1.821 0.000
  8.25   9.25   2.855 0.000
 11.25  12.25   4.903 0.000
 14.25  15.25   5.949 0.000
 17.25  18.25   5.178 0.000
 20.25  21.25   9.806 0.000
 23.25  24.25   8.544 0.000
 26.25  27.25   3.817 0.000
 29.25  30.25   3.601 0.000
 32.25  33.25   2.366 0.000
 35.25  36.25   5.508 0.000
 38.25  39.25  10.280 0.000
 41.25  42.25  15.906 0.000
 44.25  45.25 999.999 0.999
 47.25  48.25   7.580 0.000
 50.25  51.25   7.298 0.000
 53.25  54.25   5.119 0.000
 56.25  57.25   8.198 0.000
 59.25  60.25   9.860 0.000
 62.25  63.25   3.724 0.000
 65.25  66.25  27.571 0.000
 68.25  69.25   4.222 0.000
 71.25  72.25   9.639 0.000
 74.25  75.25   5.269 0.000
 77.25  78.25  10.993 0.000
 80.25  81.25   5.186 0.000
 83.25  84.25   6.592 0.000
 86.25  87.25 999.999 0.999
 89.25  90.25   2.823 0.000
 92.25  93.25   5.943 0.000
 95.25  96.25   3.919 0.000
 98.25  99.25  11.026 0.000
101.25 102.25   9.398 0.000
104.25 105.25   6.385 0.000
107.25 108.25  10.514 0.000
110.25 111.25  13.858 0.000
113.25 114.25   6.017 0.000
116.25 117.25   4.288 0.000
119.25 120.25  10.890 0.000
122.25 123.25   8.552 0.000
125.25 126.25   4.370 0.000
128.25 129.25   5.896 0.000
131.25 132.25   8.604 0.000
134.25 135.25   6.205 0.000
137.25 138.25   5.505 0.000
140.25 141.25  15.700 0.000
143.25 144.25   2.887 0.000
146.25 147.25   7.567 0.000
149.25 150.25   5.520 0.000
152.25 153.25   2.350 0.000
155.25 156.25   5.695 0.000
158.25 159.25   4.855 0.000
161.25 162.25   7.286 0.000
164.25 165.25  30.359 0.000
167.25 168.25  12.798 0.000
170.25 171.25   5.167 0.000
173.25 174.25   4.229 0.000
176.25 177.25  10.133 0.000
179.25 180.25   7.494 0.000
182.25 183.25  17.841 0.000
185.25 186.25   8.481 0.000
188.25 189.25  11.594 0.000
191.25 192.25   4.714 0.000
194.25 195.25   5.703 0.000
197.25 198.25   8.428 0.000
200.25 201.25  11.442 0.000
203.25 204.25   9.879 0.000
206.25 207.25  18.388 0.000
209.25 210.25   9.898 0.000
212.25 213.25  16.628 0.000
215.25 216.25  21.325 0.000
218.25 219.25   8.472 0.000
221.25 222.25   9.139 0.000
224.25 225.25   8.597 0.000
227.25 228.25  13.166 0.000
230.25 231.25   7.621 0.000
233.25 234.25 999.999 0.999
236.25 237.25   5.933 0.000
239.25 240.25  13.084 0.000
242.25 243.25   5.635 0.000
245.25 246.25  11.387 0.000
248.25 249.25   7.273 0.000
251.25 252.25   6.759 0.000
254.25 255.25   4.702 0.000
257.25 258.25   3.045 0.000
260.25 261.25  10.877 0.000
263.25 264.25  16.852 0.000
266.25 267.25  14.717 0.000
269.25 270.25 999.999 0.456
272.25 273.25 999.999 0.456
275.25 276.25 999.999 0.456
278.25 279.25 999.999 0.456
281.25 282.25 999.999 0.456
284.25 285.25   5.353 0.000
287.25 288.25   5.798 0.000
290.25 291.25   1.894 0.000
293.25 294.25   7.658 0.000
296.25 297.25   3.314 0.000
299.25 300.25   5.276 0.000
302.25 303.25   9.557 0.000
305.25 306.25   5.965 0.000
308.25 309.25   5.845 0.000
311.25 312.25   7.714 0.000
314.25 315.25  14.539 0.000
317.25 318.25   2.229 0.000
320.25 321.25   9.916 0.000
323.25 324.25  12.593 0.000
326.25 327.25   7.054 0.000
329.25 330.25   8.001 0.000
332.25 333.25   4.524 0.000
335.25 336.25   6.554 0.000
338.25 339.25   8.751 0.000
341.25 342.25  12.150 0.000
344.25 345.25 999.999 0.999
347.25 348.25 999.999 0.999
350.25 351.25 999.999 0.999
353.25 354.25 999.999 0.999
356.25 357.25   3.069 0.000
359.25 360.25 999.999 0.999
362.25 363.25  13.105 0.000
