scripts/IMPROVE-2019_partial/data/US9024R.20070103080000.20191216000000.filterpack...1y.3d.US03L_filterpack_US9024.US03L_IMPROVE_Davis.lev2.nas
52 1001
MISSING INFORMATION
US03L, IMPROVE, , , , , , , 
MISSING INFORMATION
IMPROVE sel_HTAP
1 1
2007 01 01 2019 12 16
3.000000
days from file reference point
5
1 1 1 1 1
999.999999 999.999 9.999 99.999 9.999
end_time of measurement, days from the file reference point
pm10_mass, ug/m3, Matrix=pm10
numflag pm10_mass, no unit, Matrix=pm10
pm25_mass, ug/m3, Matrix=pm25
numflag pm25_mass, no unit, Matrix=pm25
0
33
Data definition:              EBAS_1.1
Set type code:                TU
Timezone:                     UTC
File name:                    US9024R.20070103080000.20191216000000.filterpack...1y.3d.US03L_filterpack_US9024.US03L_IMPROVE_Davis.lev2.nas
File creation:                20191218120645
Startdate:                    20070103080000
Revision date:                20191216000000
Version:                      2
Version description:          "Data extracted from http://views.cira.colostate.edu/fed/DataWizard 2019-12-16"
Statistics:                   arithmetic mean
Data level:                   2
Period code:                  1y
Resolution code:              3d
Sample duration:              1d
Orig. time res.:              3d
Station code:                 US9024R
Platform code:                US9024S
Station name:                 Olympic
Station latitude:             48.0065
Station longitude:            -122.9727
Station altitude:             599.0 m
Regime:                       IMG
Component:                    
Unit:                         ug/m3
Matrix:                       
Laboratory code:              US03L
Instrument type:              filterpack
Instrument name:              filterpack_US9024
Method ref:                   US03L_IMPROVE_Davis
Blank correction:             Blank corrected
Volume std. temperature:      ambient
Volume std. pressure:         ambient
starttime endtime PM10 flag_PM10 PM2.5 flag_PM2.5
  2.333333   3.333333   1.520 0.000  1.241 0.000
  5.333333   6.333333   4.290 0.000  2.000 0.000
  8.333333   9.333333   1.985 0.000  1.209 0.000
 11.333333  12.333333   6.874 0.000  3.293 0.000
 14.333333  15.333333   5.329 0.000  4.706 0.000
 17.333333  18.333333 999.999 0.456  0.399 0.000
 20.333333  21.333333   2.605 0.000  1.773 0.000
 23.333333  24.333333   4.480 0.000  3.203 0.000
 26.333333  27.333333   3.128 0.000  2.502 0.000
 29.333333  30.333333 999.999 0.456  3.403 0.000
 32.333333  33.333333   4.370 0.000  3.345 0.000
 35.333333  36.333333   1.108 0.000  1.027 0.000
 38.333333  39.333333   1.862 0.000  1.706 0.000
 41.333333  42.333333   0.825 0.000  0.620 0.000
 44.333333  45.333333   2.072 0.000  1.541 0.000
 47.333333  48.333333   2.387 0.000  1.777 0.000
 50.333333  51.333333   1.737 0.000  1.270 0.000
 53.333333  54.333333   1.825 0.000  1.039 0.000
 56.333333  57.333333   0.746 0.000  0.597 0.000
 59.333333  60.333333   3.181 0.000  2.024 0.000
 62.333333  63.333333   2.564 0.000  2.465 0.000
 65.333333  66.333333   2.394 0.000  1.817 0.000
 68.333333  69.333333   0.822 0.000  0.623 0.000
 71.333333  72.333333   1.274 0.000  0.966 0.000
 74.333333  75.333333   2.758 0.000  2.041 0.000
 77.333333  78.333333   1.320 0.000  0.859 0.000
 80.333333  81.333333   2.689 0.000  1.875 0.000
 83.333333  84.333333   3.218 0.000  2.425 0.000
 86.333333  87.333333   7.311 0.000  4.032 0.000
 89.333333  90.333333   2.396 0.000  1.682 0.000
 92.333333  93.333333   4.226 0.000  2.317 0.000
 95.333333  96.333333   8.301 0.000  5.180 0.000
 98.333333  99.333333   1.074 0.000  0.597 0.000
101.333333 102.333333   4.634 0.000  3.119 0.000
104.333333 105.333333   3.782 0.000  2.208 0.000
107.333333 108.333333   2.861 0.000  1.801 0.000
110.333333 111.333333   2.637 0.000  2.043 0.000
113.333333 114.333333 999.999 0.456  2.449 0.000
116.333333 117.333333   2.826 0.000  1.947 0.000
119.333333 120.333333   6.740 0.000  3.882 0.000
122.333333 123.333333   1.727 0.000  1.164 0.000
125.333333 126.333333   5.246 0.000  4.234 0.000
128.333333 129.333333   7.275 0.000  3.845 0.000
131.333333 132.333333   6.186 0.000  3.833 0.000
134.333333 135.333333  12.185 0.000  6.687 0.000
137.333333 138.333333   7.464 0.000  4.153 0.000
140.333333 141.333333   4.726 0.000  2.924 0.000
143.333333 144.333333   7.171 0.000  4.771 0.000
146.333333 147.333333   4.367 0.000  2.488 0.000
149.333333 150.333333   9.466 0.000  5.692 0.000
152.333333 153.333333   7.314 0.000  4.426 0.000
155.333333 156.333333 999.999 0.456  1.699 0.000
158.333333 159.333333   4.923 0.000  3.209 0.000
161.333333 162.333333   2.292 0.000  1.552 0.000
164.333333 165.333333   2.917 0.000  1.891 0.000
167.333333 168.333333   1.027 0.000  0.767 0.000
170.333333 171.333333   4.649 0.000  2.563 0.000
173.333333 174.333333   3.858 0.000  2.444 0.000
176.333333 177.333333   5.470 0.000  3.042 0.000
179.333333 180.333333   2.247 0.000  1.327 0.000
182.333333 183.333333   5.620 0.000  3.295 0.000
185.333333 186.333333   5.040 0.000  2.579 0.000
188.333333 189.333333   7.923 0.000  4.866 0.000
191.333333 192.333333   8.542 0.000  4.784 0.000
194.333333 195.333333   6.625 0.000  4.389 0.000
197.333333 198.333333   2.759 0.000  2.711 0.000
200.333333 201.333333   2.110 0.000  1.285 0.000
203.333333 204.333333   1.223 0.000  0.708 0.000
206.333333 207.333333   7.080 0.000  5.408 0.000
209.333333 210.333333   3.806 0.000 99.999 0.999
212.333333 213.333333   4.581 0.000  2.562 0.000
215.333333 216.333333   4.082 0.000  2.691 0.000
218.333333 219.333333   1.928 0.000  1.465 0.000
221.333333 222.333333   4.978 0.000  2.879 0.000
224.333333 225.333333   3.629 0.000  2.216 0.000
227.333333 228.333333   6.103 0.000  4.056 0.000
230.333333 231.333333   1.884 0.000  1.296 0.000
233.333333 234.333333   4.565 0.000  2.803 0.000
236.333333 237.333333   2.823 0.000  1.879 0.000
239.333333 240.333333   4.802 0.000  3.168 0.000
242.333333 243.333333   4.243 0.000  2.695 0.000
245.333333 246.333333   6.789 0.000  5.061 0.000
248.333333 249.333333   4.452 0.000  2.591 0.000
251.333333 252.333333   5.419 0.000  3.080 0.000
254.333333 255.333333   7.478 0.000  5.241 0.000
257.333333 258.333333   4.709 0.000  3.413 0.000
260.333333 261.333333   4.374 0.000  2.703 0.000
263.333333 264.333333   4.859 0.000  3.579 0.000
266.333333 267.333333   5.588 0.000  3.600 0.000
269.333333 270.333333   3.483 0.000  2.256 0.000
272.333333 273.333333   0.784 0.000  0.253 0.000
275.333333 276.333333   3.089 0.000  1.924 0.000
278.333333 279.333333   3.252 0.000  2.385 0.000
281.333333 282.333333   4.696 0.000  2.560 0.000
284.333333 285.333333   9.885 0.000  5.893 0.000
287.333333 288.333333 999.999 0.999  6.974 0.000
290.333333 291.333333   1.744 0.000  1.127 0.000
293.333333 294.333333   2.309 0.000  1.222 0.000
296.333333 297.333333   5.182 0.000  2.562 0.000
299.333333 300.333333   7.470 0.000  5.358 0.000
302.333333 303.333333   6.512 0.000  4.353 0.000
305.333333 306.333333   6.640 0.000  4.694 0.000
308.333333 309.333333   5.529 0.000  4.033 0.000
311.333333 312.333333   3.307 0.000  2.552 0.000
314.333333 315.333333   4.292 0.000  2.553 0.000
317.333333 318.333333   4.218 0.000  2.487 0.000
320.333333 321.333333   3.001 0.000  1.597 0.000
323.333333 324.333333   3.173 0.000  2.720 0.000
326.333333 327.333333   5.328 0.000  4.352 0.000
329.333333 330.333333   5.340 0.000  4.513 0.000
332.333333 333.333333   3.217 0.000  2.551 0.000
335.333333 336.333333   0.250 0.000  0.125 0.000
338.333333 339.333333   1.699 0.000  1.136 0.000
341.333333 342.333333   2.872 0.000  1.811 0.000
344.333333 345.333333   3.509 0.000  3.360 0.000
347.333333 348.333333   0.788 0.000  0.802 0.000
350.333333 351.333333   0.913 0.000  0.778 0.000
353.333333 354.333333   2.660 0.000  1.719 0.000
356.333333 357.333333   0.871 0.000  0.738 0.000
359.333333 360.333333   2.872 0.000  1.704 0.000
362.333333 363.333333   1.163 0.000  0.936 0.000
