scripts/IMPROVE-2019_partial/data/US9041R.20060102080000.20191216000000.filterpack..pm25.52w.1w.US03L_filterpack_US9041.US03L_IMPROVE_Davis.lev2.nas
64 1001
MISSING INFORMATION
US03L, IMPROVE, , , , , , , 
MISSING INFORMATION
IMPROVE sel_HTAP
1 1
2006 01 01 2019 12 16
3.000000
days from file reference point
25
1 1 1 1 1 1 1 1 1 1 1 1 1 1 1 1 1 1 1 1 1 1 1 1 1
999.999999 9999.99 9.999 99.99 9.999999 9.999 9.999999 99.99 9.999999 9.999 9.999 99.999 9.999 99.999 9.999 999.999 9.999 999.999 9.999 999.999 9.999 9.999 9.999 99.999 9.999
end_time of measurement, days from the file reference point
iron, ng/m3, Revision date=20181210133000
numflag iron, no unit, Revision date=20181210133000
lead, ng/m3, Revision date=20181210133000
numflag lead, no unit, Revision date=20181210133000
magnesium, ug/m3, Revision date=20181210133000
numflag magnesium, no unit, Revision date=20181210133000
nickel, ng/m3, Revision date=20181210133000
numflag nickel, no unit, Revision date=20181210133000
nitrate, ug N/m3, Revision date=20181210133000
numflag nitrate, no unit, Revision date=20181210133000
organic_carbon, ug C/m3, Revision date=20181210133000
numflag organic_carbon, no unit, Revision date=20181210133000
organic_mass, ug/m3, Revision date=20181210133000
numflag organic_mass, no unit, Revision date=20181210133000
pm10_mass, ug/m3, Version=2, Version description=Data extracted from http://views.cira.colostate.edu/fed/DataWizard 2019-12-16, Sample duration=1d, Orig. time res.=3d, Matrix=pm10, Blank correction=Blank corrected, Volume std. temperature=ambient, Volume std. pressure=ambient
numflag pm10_mass, no unit, Version=2, Version description=Data extracted from http://views.cira.colostate.edu/fed/DataWizard 2019-12-16, Sample duration=1d, Orig. time res.=3d, Matrix=pm10, Blank correction=Blank corrected, Volume std. temperature=ambient, Volume std. pressure=ambient
pm10_pm25_mass, ug/m3, Revision date=20181210133000, Matrix=pm10_pm25
numflag pm10_pm25_mass, no unit, Revision date=20181210133000, Matrix=pm10_pm25
pm25_mass, ug/m3, Version=2, Version description=Data extracted from http://views.cira.colostate.edu/fed/DataWizard 2019-12-16, Sample duration=1d, Orig. time res.=3d, Blank correction=Blank corrected, Volume std. temperature=ambient, Volume std. pressure=ambient
numflag pm25_mass, no unit, Version=2, Version description=Data extracted from http://views.cira.colostate.edu/fed/DataWizard 2019-12-16, Sample duration=1d, Orig. time res.=3d, Blank correction=Blank corrected, Volume std. temperature=ambient, Volume std. pressure=ambient
potassium, ug/m3, Revision date=20181210133000
numflag potassium, no unit, Revision date=20181210133000
sulphate_total, ug S/m3, Revision date=20181210133000
numflag sulphate_total, no unit, Revision date=20181210133000
0
25
Data definition:              EBAS_1.1
Set type code:                TU
Timezone:                     UTC
File name:                    US9041R.20060102080000.20191216000000.filterpack..pm25.52w.1w.US03L_filterpack_US9041.US03L_IMPROVE_Davis.lev2.nas
File creation:                20191218120807
Startdate:                    20060102080000
Revision date:                20191216000000
Statistics:                   arithmetic mean
Data level:                   2
Period code:                  52w
Resolution code:              1w
Station code:                 US9041R
Platform code:                US9041S
Station name:                 San Gabriel
Station latitude:             34.2969
Station longitude:            -118.0282
Station altitude:             1791.0 m
Regime:                       IMG
Component:                    
Matrix:                       pm25
Laboratory code:              US03L
Instrument type:              filterpack
Instrument name:              filterpack_US9041
Method ref:                   US03L_IMPROVE_Davis
starttime endtime Fe flag_Fe Pb flag_Pb Mg++ flag_Mg++ Ni flag_Ni NO3- flag_NO3- OC flag_OC OM flag_OM PM10 flag_PM10 PM10-PM2.5 flag_PM10-PM2.5 PM2.5 flag_PM2.5 K+ flag_K+ SO4-- flag_SO4--
[from data line 87]
262.333333 263.333333  103.41 0.000  1.76 0.000000 9.999 0.259000  0.84 0.000000 0.311 0.000  1.533 0.000  2.760 0.000  17.717 0.000  10.233 0.000   7.485 0.000 0.071 0.000  0.363 0.000
265.333333 266.333333   78.21 0.559  0.58 0.559000 0.013 0.559000  0.10 0.559000 0.055 0.000  0.333 0.000  0.600 0.000  28.184 0.000  24.853 0.559   3.331 0.659 0.033 0.559  0.131 0.000
268.333333 269.333333   42.82 0.559  1.12 0.559000 0.008 0.559000  0.41 0.559000 0.120 0.000  0.917 0.000  1.650 0.000  11.028 0.000   6.674 0.559   4.354 0.659 0.035 0.559  0.293 0.000
271.333333 272.333333   46.75 0.559  0.88 0.559000 0.010 0.559000  0.28 0.559000 0.056 0.000  0.552 0.000  0.993 0.000   8.026 0.000   5.850 0.559   2.175 0.659 0.017 0.559  0.078 0.000
274.333333 275.333333   20.22 0.559  0.55 0.559000 9.999 0.559259  0.42 0.559000 0.184 0.000  0.575 0.000  1.035 0.000   5.953 0.000   3.450 0.559   2.504 0.659 0.007 0.559  0.215 0.000
277.333333 278.333333   45.51 0.559  1.22 0.559000 9.999 0.559259  0.10 0.559000 0.036 0.000  0.259 0.000  0.465 0.000  15.979 0.000  14.036 0.559   1.942 0.659 0.023 0.559  0.155 0.000
280.333333 281.333333  200.52 0.559  0.53 0.559000 9.999 0.559259  0.12 0.559000 0.066 0.000  0.550 0.000  0.990 0.000  17.465 0.000  13.470 0.559   3.996 0.659 0.093 0.559  0.115 0.000
283.333333 284.333333   36.53 0.559  0.95 0.559000 9.999 0.559259  0.23 0.559000 0.347 0.000  0.665 0.000  1.198 0.000   8.723 0.000   5.179 0.559   3.544 0.659 0.021 0.559  0.215 0.000
286.333333 287.333333   14.64 0.559  0.87 0.559000 9.999 0.559259  0.24 0.559000 0.363 0.000  0.891 0.000  1.604 0.000   4.493 0.000   1.176 0.559   3.317 0.659 0.012 0.559  0.204 0.000
289.333333 290.333333   28.19 0.559  0.93 0.559000 9.999 0.559259  0.42 0.559000 0.533 0.000  0.858 0.000  1.544 0.000  10.064 0.000   5.298 0.559   4.766 0.659 0.017 0.559  0.490 0.000
292.333333 293.333333   22.52 0.559  0.55 0.559000 9.999 0.559259  0.28 0.559000 0.202 0.000  0.676 0.000  1.217 0.000   8.663 0.000   1.926 0.559   6.737 0.659 0.011 0.559  0.141 0.000
295.333333 296.333333   33.00 0.559  0.37 0.559000 0.012 0.559000  0.16 0.559000 0.045 0.000  0.747 0.000  1.345 0.000   9.359 0.000   6.185 0.559   3.175 0.659 0.024 0.559  0.158 0.000
298.333333 299.333333   44.43 0.559  0.48 0.559000 9.999 0.559259 99.99 0.559259 0.029 0.000  0.093 0.000  0.168 0.000   7.124 0.000   5.400 0.559   1.724 0.659 0.022 0.559  0.102 0.000
301.333333 302.333333   60.08 0.559  2.33 0.559000 0.008 0.559000  0.51 0.559000 0.619 0.000  2.565 0.000  4.617 0.000  15.009 0.000   6.084 0.559   8.925 0.659 0.119 0.559  0.306 0.000
304.333333 305.333333   39.97 0.559  1.15 0.559000 9.999 0.559259  0.22 0.559000 0.153 0.000  0.668 0.000  1.203 0.000   6.330 0.000   3.087 0.559   3.243 0.659 0.021 0.559  0.322 0.000
307.333333 308.333333   25.44 0.559  0.76 0.559000 0.011 0.559000 99.99 0.559259 0.056 0.000  0.297 0.000  0.535 0.000   6.455 0.000   4.757 0.559   1.699 0.659 0.015 0.559  0.124 0.000
310.333333 311.333333   40.64 0.559  0.75 0.559000 9.999 0.559259 99.99 0.559259 0.025 0.000  0.515 0.000  0.927 0.000   4.033 0.000   2.480 0.559   1.553 0.659 0.012 0.559  0.043 0.000
313.333333 314.333333   45.33 0.559  1.34 0.559000 9.999 0.559259  0.13 0.559000 0.144 0.000  0.473 0.000  0.851 0.000  11.834 0.000   8.447 0.559   3.387 0.659 0.027 0.559  0.294 0.000
316.333333 317.333333   34.43 0.559  1.19 0.559000 9.999 0.559259  0.15 0.559000 0.108 0.000  0.572 0.000  1.029 0.000   4.785 0.000   2.635 0.559   2.150 0.659 0.020 0.559  0.174 0.000
319.333333 320.333333   14.73 0.559  0.39 0.559000 9.999 0.559259  0.10 0.559000 0.012 0.000  0.137 0.000  0.247 0.000   2.171 0.000   1.337 0.559   0.834 0.659 0.006 0.559  0.063 0.000
322.333333 323.333333   24.07 0.559  1.14 0.559000 9.999 0.559259 99.99 0.559259 0.169 0.000  0.822 0.000  1.480 0.000   5.557 0.000   2.861 0.559   2.696 0.659 0.035 0.559  0.065 0.000
325.333333 326.333333 9999.99 0.456 99.99 0.456000 9.999 0.456000 99.99 0.456000 9.999 0.456 99.999 0.456 99.999 0.456 999.999 0.456 999.999 0.456 999.999 0.456 9.999 0.456 99.999 0.456
328.333333 329.333333 9999.99 0.456 99.99 0.456000 9.999 0.456000 99.99 0.456000 9.999 0.456 99.999 0.456 99.999 0.456 999.999 0.456 999.999 0.456 999.999 0.456 9.999 0.456 99.999 0.456
331.333333 332.333333   10.66 0.559  0.37 0.559000 9.999 0.559259  0.12 0.559000 0.075 0.000  0.187 0.000  0.337 0.000   2.188 0.000   1.204 0.559   0.985 0.659 0.009 0.559  0.081 0.000
334.333333 335.333333    7.86 0.559  0.15 0.559000 9.999 0.559259 99.99 0.559259 0.010 0.000  0.183 0.000  0.330 0.000   1.262 0.000   0.734 0.559   0.528 0.659 0.005 0.559  0.028 0.000
337.333333 338.333333   27.86 0.559  0.92 0.559000 9.999 0.559259  0.18 0.559000 0.024 0.000  0.378 0.559  0.681 0.559   3.860 0.000   2.046 0.559   1.815 0.659 0.029 0.559  0.112 0.000
340.333333 341.333333   28.85 0.559  0.35 0.559000 9.999 0.559259  0.11 0.559000 0.021 0.000  0.431 0.000  0.776 0.000   3.388 0.000   2.469 0.559   0.918 0.659 0.013 0.559  0.038 0.000
343.333333 344.333333    5.15 0.559  0.28 0.559000 9.999 0.559259 99.99 0.559259 0.050 0.000  0.507 0.000  0.912 0.000   2.463 0.000   1.510 0.559   0.953 0.659 0.007 0.559  0.040 0.000
346.333333 347.333333    2.66 0.559  0.16 0.559000 9.999 0.559259 99.99 0.559259 0.008 0.000  0.364 0.000  0.656 0.000   1.419 0.000   0.811 0.559   0.608 0.659 0.010 0.559  0.092 0.000
349.333333 350.333333    8.31 0.559  0.46 0.559000 9.999 0.559259  0.29 0.559000 0.398 0.000  0.613 0.000  1.104 0.000   3.680 0.000   1.222 0.559   2.458 0.659 0.006 0.559  0.059 0.000
352.333333 353.333333    6.00 0.559  0.12 0.559000 9.999 0.559259 99.99 0.559259 0.021 0.000  0.306 0.000  0.551 0.000   2.332 0.000   1.524 0.559   0.808 0.659 0.007 0.559  0.063 0.000
355.333333 356.333333   12.36 0.559  0.21 0.559000 9.999 0.559259 99.99 0.559259 0.136 0.000  0.434 0.000  0.781 0.000   9.661 0.000   8.571 0.559   1.090 0.659 0.010 0.559  0.060 0.000
358.333333 359.333333    9.14 0.559  0.38 0.559000 9.999 0.559259 99.99 0.559259 0.007 0.000  0.339 0.000  0.610 0.000   1.890 0.000   0.511 0.559   1.379 0.659 0.008 0.559  0.223 0.000
361.333333 362.333333 9999.99 0.456 99.99 0.456000 9.999 0.456000 99.99 0.456000 0.044 0.000  0.448 0.000  0.806 0.000  13.921 0.000 999.999 0.456 999.999 0.456 9.999 0.456  0.039 0.000
364.333333 365.333333   22.35 0.559  2.01 0.559000 9.999 0.559259  0.23 0.559000 0.223 0.000  0.655 0.000  1.179 0.000   4.005 0.000   2.055 0.559   1.949 0.659 0.015 0.559  0.102 0.000
