scripts/IMPROVE-2019_partial/data/US9037R.20090101070000.20191216000000.filterpack...52w.3d.US03L_filterpack_US9037.US03L_IMPROVE_Davis.lev2.nas
52 1001
MISSING INFORMATION
US03L, IMPROVE, , , , , , , 
MISSING INFORMATION
IMPROVE sel_HTAP
1 1
2009 01 01 2019 12 16
3.000000
days from file reference point
5
1 1 1 1 1
999.999999 999.999 9.999 99.999 9.999
end_time of measurement, days from the file reference point
pm10_mass, ug/m3, Matrix=pm10
numflag pm10_mass, no unit, Matrix=pm10
pm25_mass, ug/m3, Matrix=pm25
numflag pm25_mass, no unit, Matrix=pm25
0
33
Data definition:              EBAS_1.1
Set type code:                TU
Timezone:                     UTC
File name:                    US9037R.20090101070000.20191216000000.filterpack...52w.3d.US03L_filterpack_US9037.US03L_IMPROVE_Davis.lev2.nas
File creation:                20191218120751
Startdate:                    20090101070000
Revision date:                20191216000000
Version:                      2
Version description:          "Data extracted from http://views.cira.colostate.edu/fed/DataWizard 2019-12-16"
Statistics:                   arithmetic mean
Data level:                   2
Period code:                  52w
Resolution code:              3d
Sample duration:              1d
Orig. time res.:              3d
Station code:                 US9037R
Platform code:                US9037S
Station name:                 Sierra Ancha
Station latitude:             34.0908
Station longitude:            -110.9421
Station altitude:             1600.0 m
Regime:                       IMG
Component:                    
Unit:                         ug/m3
Matrix:                       
Laboratory code:              US03L
Instrument type:              filterpack
Instrument name:              filterpack_US9037
Method ref:                   US03L_IMPROVE_Davis
Blank correction:             Blank corrected
Volume std. temperature:      ambient
Volume std. pressure:         ambient
starttime endtime PM10 flag_PM10 PM2.5 flag_PM2.5
  0.291667   1.291667   3.987 0.000  2.238 0.000
  3.291667   4.291667   1.936 0.000  1.711 0.000
  6.291667   7.291667   2.168 0.000  1.525 0.000
  9.291667  10.291667   0.916 0.000  0.687 0.000
 12.291667  13.291667   2.565 0.000  1.231 0.000
 15.291667  16.291667   3.459 0.000  1.962 0.000
 18.291667  19.291667   2.452 0.000  1.405 0.000
 21.291667  22.291667 999.999 0.999 99.999 0.999
 24.291667  25.291667   3.077 0.000  2.122 0.000
 27.291667  28.291667   3.083 0.000  1.703 0.000
 30.291667  31.291667   3.772 0.000  1.787 0.000
 33.291667  34.291667   2.240 0.000  1.206 0.000
 36.291667  37.291667   7.561 0.000  2.536 0.000
 39.291667  40.291667   1.960 0.000  0.618 0.000
 42.291667  43.291667   3.269 0.000  1.958 0.000
 45.291667  46.291667   3.174 0.000  1.789 0.000
 48.291667  49.291667   1.800 0.000  1.060 0.000
 51.291667  52.291667   8.775 0.000  4.416 0.000
 54.291667  55.291667   4.923 0.000  2.275 0.000
 57.291667  58.291667   7.098 0.000  2.498 0.000
 60.291667  61.291667 999.999 0.456 99.999 0.456
 63.291667  64.291667 999.999 0.456 99.999 0.456
 66.291667  67.291667 999.999 0.456 99.999 0.456
 69.291667  70.291667 999.999 0.999 99.999 0.999
 72.291667  73.291667   4.089 0.000  2.571 0.000
 75.291667  76.291667   6.650 0.000  2.924 0.000
 78.291667  79.291667  10.989 0.000  4.968 0.000
 81.291667  82.291667  23.672 0.000  5.658 0.000
 84.291667  85.291667  27.771 0.000  7.370 0.000
 87.291667  88.291667   9.685 0.000  3.724 0.000
 90.291667  91.291667  29.144 0.000  7.780 0.000
 93.291667  94.291667   7.380 0.000  3.366 0.000
 96.291667  97.291667   9.612 0.000  3.450 0.000
 99.291667 100.291667  18.543 0.000  4.491 0.000
102.291667 103.291667   4.353 0.000  2.887 0.000
105.291667 106.291667  10.327 0.000  3.621 0.000
108.291667 109.291667   5.057 0.000  2.611 0.000
111.291667 112.291667 999.999 0.999 99.999 0.999
114.291667 115.291667   8.858 0.000  4.205 0.000
117.291667 118.291667  14.986 0.000  6.253 0.000
120.291667 121.291667  14.177 0.000  7.549 0.000
123.291667 124.291667  15.248 0.000  6.649 0.000
126.291667 127.291667  13.057 0.000  6.506 0.000
129.291667 130.291667   8.612 0.000  4.208 0.000
132.291667 133.291667 999.999 0.999 99.999 0.999
135.291667 136.291667  14.768 0.000  6.381 0.000
138.291667 139.291667   9.297 0.000  3.580 0.000
141.291667 142.291667   5.077 0.000  2.758 0.000
144.291667 145.291667   6.841 0.000  3.747 0.000
147.291667 148.291667   5.620 0.000  2.875 0.000
150.291667 151.291667   4.494 0.000  2.155 0.000
153.291667 154.291667   4.378 0.000  1.904 0.000
156.291667 157.291667   8.462 0.000  3.509 0.000
159.291667 160.291667   5.073 0.000  1.800 0.000
162.291667 163.291667 999.999 0.999 99.999 0.999
165.291667 166.291667 999.999 0.999 99.999 0.999
168.291667 169.291667   7.811 0.000  3.007 0.000
171.291667 172.291667   9.791 0.000  3.839 0.000
174.291667 175.291667 999.999 0.999 99.999 0.999
177.291667 178.291667   5.365 0.000  2.709 0.000
180.291667 181.291667   9.409 0.000  4.527 0.000
183.291667 184.291667 999.999 0.999 99.999 0.999
186.291667 187.291667   8.011 0.000  3.731 0.000
189.291667 190.291667   7.379 0.000  3.173 0.000
192.291667 193.291667   9.405 0.000  4.602 0.000
195.291667 196.291667  12.327 0.000  5.771 0.000
198.291667 199.291667   7.895 0.000  3.892 0.000
201.291667 202.291667   7.087 0.000  3.893 0.000
204.291667 205.291667   5.218 0.000  3.035 0.000
207.291667 208.291667   8.717 0.000  4.482 0.000
210.291667 211.291667  24.297 0.000  8.161 0.000
213.291667 214.291667   9.832 0.000  5.311 0.000
216.291667 217.291667  14.417 0.000  7.439 0.000
219.291667 220.291667   7.415 0.000  2.358 0.000
222.291667 223.291667  12.047 0.000  5.057 0.000
225.291667 226.291667   9.896 0.000  5.221 0.000
228.291667 229.291667   5.605 0.000  3.547 0.000
231.291667 232.291667  11.611 0.000  5.143 0.000
234.291667 235.291667   4.599 0.000  3.093 0.000
237.291667 238.291667 999.999 0.999 99.999 0.999
240.291667 241.291667   6.770 0.000  2.937 0.000
243.291667 244.291667   7.988 0.000  4.907 0.000
246.291667 247.291667   8.792 0.000  4.562 0.000
249.291667 250.291667   7.674 0.000  3.609 0.000
252.291667 253.291667 999.999 0.999 99.999 0.999
255.291667 256.291667   5.214 0.000  2.933 0.000
258.291667 259.291667 999.999 0.999 99.999 0.999
261.291667 262.291667   4.454 0.000  3.171 0.000
264.291667 265.291667   3.918 0.000  1.493 0.000
267.291667 268.291667   6.408 0.000  3.022 0.000
270.291667 271.291667   7.653 0.000  3.766 0.000
273.291667 274.291667 999.999 0.456  2.606 0.000
276.291667 277.291667 999.999 0.456  4.019 0.000
279.291667 280.291667 999.999 0.999 99.999 0.999
282.291667 283.291667   8.335 0.000  3.258 0.000
285.291667 286.291667   7.399 0.000  4.209 0.000
288.291667 289.291667 999.999 0.999 99.999 0.999
291.291667 292.291667 999.999 0.999 99.999 0.999
294.291667 295.291667 999.999 0.999 99.999 0.999
297.291667 298.291667 999.999 0.999 99.999 0.999
300.291667 301.291667 999.999 0.999 99.999 0.999
303.291667 304.291667 999.999 0.456  1.617 0.000
306.291667 307.291667 999.999 0.456  2.062 0.000
309.291667 310.291667  14.148 0.000  7.851 0.000
312.291667 313.291667   5.968 0.000  3.064 0.000
315.291667 316.291667 999.999 0.999 99.999 0.999
318.291667 319.291667   4.303 0.000  2.408 0.000
321.291667 322.291667 999.999 0.999 99.999 0.999
324.291667 325.291667   7.262 0.000  3.375 0.000
327.291667 328.291667   3.285 0.000  1.207 0.000
330.291667 331.291667  11.060 0.000  4.295 0.000
333.291667 334.291667   2.892 0.000  1.913 0.000
336.291667 337.291667 999.999 0.999 99.999 0.999
339.291667 340.291667 999.999 0.999 99.999 0.999
342.291667 343.291667 999.999 0.999 99.999 0.999
345.291667 346.291667   5.613 0.000  4.789 0.000
348.291667 349.291667   1.762 0.000  0.839 0.000
351.291667 352.291667   2.257 0.000  1.872 0.000
354.291667 355.291667   6.203 0.000  3.592 0.000
357.291667 358.291667   3.753 0.000  1.885 0.000
360.291667 361.291667   1.861 0.000  1.511 0.000
363.291667 364.291667   6.255 0.000  3.087 0.000
