scripts/IMPROVE-2019_partial/data/US9023R.20050101050000.20191216000000.filterpack..pm25.52w.1w.US03L_filterpack_US9023.US03L_IMPROVE_Davis.lev2.nas
66 1001
MISSING INFORMATION
US03L, IMPROVE, , , , , , , 
MISSING INFORMATION
IMPROVE sel_HTAP
1 1
2005 01 01 2019 12 16
3.000000
days from file reference point
27
1 1 1 1 1 1 1 1 1 1 1 1 1 1 1 1 1 1 1 1 1 1 1 1 1 1 1
999.999999 999.99 9.999 99.99 9.999999 9.999 9.999999 99.99 9.999999 9.999 9.999 99.999 9.999 99.999 9.999 99.99 9.999999 999.999 9.999 99.999 9.999 999.999 9.999 9.999 9.999 99.999 9.999
end_time of measurement, days from the file reference point
iron, ng/m3, Revision date=20181210133000
numflag iron, no unit, Revision date=20181210133000
lead, ng/m3, Revision date=20181210133000
numflag lead, no unit, Revision date=20181210133000
magnesium, ug/m3, Revision date=20181210133000
numflag magnesium, no unit, Revision date=20181210133000
nickel, ng/m3, Revision date=20181210133000
numflag nickel, no unit, Revision date=20181210133000
nitrate, ug N/m3, Revision date=20181210133000
numflag nitrate, no unit, Revision date=20181210133000
organic_carbon, ug C/m3, Revision date=20181210133000
numflag organic_carbon, no unit, Revision date=20181210133000
organic_mass, ug/m3, Revision date=20181210133000
numflag organic_mass, no unit, Revision date=20181210133000
phosphorus, ng/m3, Revision date=20181210133000
numflag phosphorus, no unit, Revision date=20181210133000
pm10_mass, ug/m3, Version=2, Version description=Data extracted from http://views.cira.colostate.edu/fed/DataWizard 2019-12-16, Sample duration=1d, Orig. time res.=3d, Matrix=pm10, Blank correction=Blank corrected, Volume std. temperature=ambient, Volume std. pressure=ambient
numflag pm10_mass, no unit, Version=2, Version description=Data extracted from http://views.cira.colostate.edu/fed/DataWizard 2019-12-16, Sample duration=1d, Orig. time res.=3d, Matrix=pm10, Blank correction=Blank corrected, Volume std. temperature=ambient, Volume std. pressure=ambient
pm10_pm25_mass, ug/m3, Revision date=20181210133000, Matrix=pm10_pm25
numflag pm10_pm25_mass, no unit, Revision date=20181210133000, Matrix=pm10_pm25
pm25_mass, ug/m3, Version=2, Version description=Data extracted from http://views.cira.colostate.edu/fed/DataWizard 2019-12-16, Sample duration=1d, Orig. time res.=3d, Blank correction=Blank corrected, Volume std. temperature=ambient, Volume std. pressure=ambient
numflag pm25_mass, no unit, Version=2, Version description=Data extracted from http://views.cira.colostate.edu/fed/DataWizard 2019-12-16, Sample duration=1d, Orig. time res.=3d, Blank correction=Blank corrected, Volume std. temperature=ambient, Volume std. pressure=ambient
potassium, ug/m3, Revision date=20181210133000
numflag potassium, no unit, Revision date=20181210133000
sulphate_total, ug S/m3, Revision date=20181210133000
numflag sulphate_total, no unit, Revision date=20181210133000
0
25
Data definition:              EBAS_1.1
Set type code:                TU
Timezone:                     UTC
File name:                    US9023R.20050101050000.20191216000000.filterpack..pm25.52w.1w.US03L_filterpack_US9023.US03L_IMPROVE_Davis.lev2.nas
File creation:                20191218120638
Startdate:                    20050101050000
Revision date:                20191216000000
Statistics:                   arithmetic mean
Data level:                   2
Period code:                  52w
Resolution code:              1w
Station code:                 US9023R
Platform code:                US9023S
Station name:                 Proctor Maple R. F.
Station latitude:             44.5284
Station longitude:            -72.8688
Station altitude:             401.0 m
Regime:                       IMG
Component:                    
Matrix:                       pm25
Laboratory code:              US03L
Instrument type:              filterpack
Instrument name:              filterpack_US9023
Method ref:                   US03L_IMPROVE_Davis
starttime endtime Fe flag_Fe Pb flag_Pb Mg++ flag_Mg++ Ni flag_Ni NO3- flag_NO3- OC flag_OC OM flag_OM P flag_P PM10 flag_PM10 PM10-PM2.5 flag_PM10-PM2.5 PM2.5 flag_PM2.5 K+ flag_K+ SO4-- flag_SO4--
[from data line 81]
243.208333 244.208333   6.68 0.000  1.42 0.000000 0.008 0.000000 99.99 0.259000 0.011 0.000  1.065 0.000  1.917 0.000 99.99 0.259000   8.458 0.000  3.248 0.000   5.210 0.000 0.015 0.000  0.657 0.000
246.208333 247.208333   8.32 0.000  2.38 0.000000 9.999 0.259000  0.18 0.000000 0.061 0.000  1.274 0.000  2.293 0.000 99.99 0.259000   8.327 0.000  3.151 0.000   5.175 0.000 0.026 0.000  0.488 0.000
249.208333 250.208333  15.66 0.000  3.12 0.000000 9.999 0.259000  0.61 0.000000 0.020 0.000  1.327 0.000  2.388 0.000 99.99 0.259000  13.422 0.000  3.550 0.000   9.870 0.000 0.030 0.000  1.365 0.000
252.208333 253.208333  12.89 0.000  2.35 0.000000 9.999 0.259000  0.20 0.000000 0.027 0.000  0.743 0.000  1.337 0.000 99.99 0.259000   5.006 0.000  2.538 0.000   2.468 0.000 0.018 0.000  0.136 0.000
255.208333 256.208333  56.44 0.000  4.33 0.000000 9.999 0.259000  0.32 0.000000 0.028 0.000  1.979 0.000  3.561 0.000 99.99 0.259000  39.899 0.000  2.925 0.000  36.965 0.000 0.060 0.000  7.129 0.000
258.208333 259.208333  16.33 0.000  1.53 0.000000 9.999 0.259000  0.40 0.000000 0.013 0.000  1.041 0.000  1.874 0.000 99.99 0.259000  15.806 0.000  2.130 0.000  13.675 0.000 0.032 0.000  2.626 0.000
261.208333 262.208333  14.75 0.000  2.19 0.000000 9.999 0.259000  0.73 0.000000 0.013 0.000  1.791 0.000  3.223 0.000 99.99 0.259000  13.305 0.000  5.702 0.000   7.643 0.000 0.030 0.000  0.801 0.000
264.208333 265.208333  34.85 0.000  2.53 0.000000 9.999 0.259000  0.32 0.000000 0.022 0.000  1.739 0.000  3.130 0.000 99.99 0.259000  17.249 0.000  8.273 0.000   8.831 0.000 0.038 0.000  1.011 0.000
267.208333 268.208333  18.26 0.000  2.46 0.000000 0.009 0.000000  1.57 0.000000 0.039 0.000  0.866 0.000  1.558 0.000 99.99 0.259000  13.884 0.000  5.820 0.000   7.947 0.000 0.025 0.000  1.361 0.000
270.208333 271.208333  10.76 0.000  1.91 0.000000 9.999 0.259000  0.31 0.000000 0.013 0.000  0.863 0.000  1.554 0.000 99.99 0.259000   7.882 0.000  4.222 0.000   3.592 0.000 0.019 0.000  0.333 0.000
273.208333 274.208333  19.19 0.000  1.64 0.000000 9.999 0.259000  0.65 0.000000 0.015 0.000  1.132 0.000  2.037 0.000 99.99 0.259000  11.340 0.000  3.768 0.000   7.484 0.000 0.024 0.000  1.126 0.000
276.208333 277.208333  48.83 0.000  4.59 0.000000 9.999 0.259000  5.58 0.000000 0.028 0.000  2.105 0.000  3.790 0.000 99.99 0.259000  26.600 0.000  5.234 0.000  21.177 0.000 0.044 0.000  3.587 0.000
279.208333 280.208333  23.07 0.000  1.40 0.000000 0.020 0.000000  2.86 0.000000 0.079 0.000  0.519 0.000  0.934 0.000 99.99 0.259000  10.735 0.000  3.053 0.000   7.602 0.000 0.019 0.000  1.418 0.000
282.208333 283.208333   1.63 0.000  0.40 0.000000 9.999 0.259000 99.99 0.259000 0.024 0.000  0.570 0.000  1.026 0.000  9.85 0.000000   3.821 0.000  2.553 0.000   1.232 0.000 0.013 0.000  0.059 0.000
285.208333 286.208333   2.20 0.000  0.30 0.000000 0.034 0.000000  0.43 0.000000 0.041 0.000  0.438 0.000  0.789 0.000 99.99 0.259000   7.673 0.000  4.576 0.000   3.028 0.000 0.021 0.000  0.271 0.000
288.208333 289.208333   1.06 0.000  0.38 0.000000 0.005 0.000000 99.99 0.259000 0.001 0.000  0.233 0.000  0.420 0.000 99.99 0.259000   1.790 0.000  0.991 0.000   0.783 0.000 0.007 0.000  0.092 0.000
291.208333 292.208333   5.38 0.000  0.49 0.000000 0.014 0.000000  0.24 0.000000 0.010 0.000  0.318 0.000  0.573 0.000 99.99 0.259000   3.092 0.000  1.607 0.000   1.459 0.000 0.011 0.000  0.181 0.000
294.208333 295.208333   4.50 0.000  0.92 0.000000 9.999 0.259000  0.26 0.000000 0.015 0.000  1.074 0.000  1.933 0.000 99.99 0.259000   3.188 0.000  0.842 0.000   2.322 0.000 0.016 0.000  0.097 0.000
297.208333 298.208333   0.11 0.394 99.99 0.394259 9.999 0.394259 99.99 0.394259 0.004 0.394  0.093 0.000  0.168 0.000 99.99 0.394259 999.999 0.456  1.248 0.000 999.999 0.259 0.003 0.394  0.014 0.394
300.208333 301.208333   2.83 0.000  0.40 0.000000 9.999 0.259000  0.22 0.000000 0.013 0.000  0.845 0.000  1.521 0.000 99.99 0.259000   3.405 0.000  0.803 0.000   2.597 0.000 0.012 0.000  0.291 0.000
303.208333 304.208333  34.41 0.394  4.60 0.394000 9.999 0.394259  0.59 0.394000 0.114 0.394  1.808 0.000  3.254 0.000 99.99 0.394259  13.562 0.000  3.527 0.000   9.963 0.000 0.055 0.394  1.311 0.394
306.208333 307.208333  31.83 0.000  1.71 0.000000 9.999 0.259000  0.38 0.000000 0.119 0.000  1.359 0.000  2.445 0.000 99.99 0.259000  10.510 0.000  4.519 0.000   5.905 0.000 0.046 0.000  0.615 0.000
309.208333 310.208333  27.02 0.000  4.21 0.000000 9.999 0.259000  1.08 0.000000 0.394 0.000  3.223 0.000  5.801 0.000 99.99 0.259000  16.980 0.000  2.226 0.000  14.637 0.000 0.077 0.000  1.647 0.000
312.208333 313.208333   4.90 0.000  1.00 0.000000 9.999 0.259000  0.42 0.000000 0.031 0.000  0.466 0.000  0.839 0.000 99.99 0.259000   2.478 0.000  0.907 0.000   1.551 0.000 0.010 0.000  0.120 0.000
315.208333 316.208333  11.13 0.000  1.30 0.000000 9.999 0.259000  0.36 0.000000 0.157 0.000  0.907 0.000  1.634 0.000 99.99 0.259000   5.846 0.000  2.561 0.000   3.237 0.000 0.023 0.000  0.316 0.000
318.208333 319.208333   2.27 0.000  0.38 0.000000 9.999 0.259000  0.23 0.000000 0.010 0.000  0.270 0.000  0.485 0.000 99.99 0.259000   1.589 0.000  0.620 0.000   0.956 0.000 0.008 0.000  0.106 0.000
321.208333 322.208333   4.84 0.000  1.09 0.000000 0.007 0.000000 99.99 0.259000 0.023 0.000  0.428 0.000  0.770 0.000 99.99 0.259000   2.452 0.000  1.018 0.000   1.413 0.000 0.013 0.000  0.139 0.000
324.208333 325.208333  32.26 0.000  4.05 0.000000 9.999 0.259000  0.44 0.000000 0.152 0.000  2.197 0.000  3.954 0.000 99.99 0.259000  12.381 0.000  4.127 0.000   8.157 0.000 0.058 0.000  0.790 0.000
327.208333 328.208333   4.97 0.000  0.81 0.000000 0.011 0.000000  0.68 0.000000 0.053 0.000  0.501 0.000  0.902 0.000 99.99 0.259000   4.855 0.000  2.667 0.000   2.187 0.000 0.014 0.000  0.261 0.000
330.208333 331.208333  20.78 0.000  3.70 0.000000 9.999 0.259000  1.73 0.000000 0.260 0.000  2.023 0.000  3.642 0.000 99.99 0.259000   9.942 0.000  2.034 0.000   7.836 0.000 0.051 0.000  0.745 0.000
333.208333 334.208333  14.97 0.000  0.47 0.000000 9.999 0.259000  0.23 0.000000 0.078 0.000  0.675 0.000  1.215 0.000 99.99 0.259000   5.999 0.000  1.921 0.000   4.032 0.000 0.020 0.000  0.568 0.000
336.208333 337.208333   2.80 0.000  0.31 0.000000 9.999 0.259000  0.17 0.000000 0.017 0.000  0.224 0.000  0.404 0.000 99.99 0.259000   2.119 0.000  0.982 0.000   1.119 0.000 0.008 0.000  0.119 0.000
339.208333 340.208333  10.90 0.394  1.31 0.394000 9.999 0.394259  0.26 0.394000 0.335 0.394  1.022 0.000  1.840 0.000 99.99 0.394259   7.482 0.000  1.202 0.000   6.236 0.000 0.028 0.394  0.663 0.394
342.208333 343.208333   9.15 0.000  2.28 0.000000 0.007 0.000000  1.23 0.000000 0.124 0.000  0.958 0.000  1.724 0.000 99.99 0.259000   4.281 0.000  1.238 0.000   3.010 0.000 0.023 0.000  0.340 0.000
345.208333 346.208333  14.54 0.000  1.71 0.000000 9.999 0.259000  0.39 0.000000 0.407 0.000  1.013 0.000  1.824 0.000 99.99 0.259000   8.162 0.000  1.387 0.000   6.718 0.000 0.031 0.000  0.719 0.000
348.208333 349.208333  10.04 0.000  1.13 0.000000 9.999 0.259000  0.43 0.000000 0.319 0.000  1.336 0.000  2.405 0.000 99.99 0.259000   7.761 0.000  2.629 0.000   5.153 0.000 0.046 0.000  0.249 0.000
351.208333 352.208333  16.84 0.000  1.69 0.000000 9.999 0.259000  0.43 0.000000 0.144 0.000  1.080 0.000  1.944 0.000 99.99 0.259000   8.699 0.000  0.922 0.000   7.718 0.000 0.034 0.000  1.314 0.000
354.208333 355.208333   5.69 0.000  1.30 0.000000 0.042 0.000000  0.28 0.000000 0.188 0.000  0.776 0.000  1.397 0.000 99.99 0.259000   5.194 0.000  1.090 0.000   4.065 0.000 0.034 0.000  0.306 0.000
357.208333 358.208333  21.46 0.000  2.98 0.000000 9.999 0.259000  0.45 0.000000 0.386 0.000  1.995 0.000  3.591 0.000 99.99 0.259000  12.601 0.000  2.040 0.000  10.474 0.000 0.054 0.000  1.218 0.000
360.208333 361.208333   7.76 0.000  0.54 0.000000 0.007 0.000000  0.43 0.000000 0.071 0.000  0.547 0.000  0.985 0.000 99.99 0.259000   3.101 0.000  0.623 0.000   2.456 0.000 0.017 0.000  0.290 0.000
363.208333 364.208333   9.39 0.000  0.96 0.000000 9.999 0.259000  0.44 0.000000 0.126 0.000  0.557 0.000  1.002 0.000 99.99 0.259000   2.847 0.000  0.380 0.000   2.447 0.000 0.016 0.000  0.285 0.000
