scripts/IMPROVE-2019_partial/data/US9046R.20140102080000.20191216000000.filterpack...52w.3d.US03L_filterpack_US9046.US03L_IMPROVE_Davis.lev2.nas
52 1001
MISSING INFORMATION
US03L, IMPROVE, , , , , , , 
MISSING INFORMATION
IMPROVE sel_HTAP
1 1
2014 01 01 2019 12 16
3.000000
days from file reference point
5
1 1 1 1 1
999.999999 999.999 9.999 999.999 9.999
end_time of measurement, days from the file reference point
pm10_mass, ug/m3, Matrix=pm10
numflag pm10_mass, no unit, Matrix=pm10
pm25_mass, ug/m3, Matrix=pm25
numflag pm25_mass, no unit, Matrix=pm25
0
33
Data definition:              EBAS_1.1
Set type code:                TU
Timezone:                     UTC
File name:                    US9046R.20140102080000.20191216000000.filterpack...52w.3d.US03L_filterpack_US9046.US03L_IMPROVE_Davis.lev2.nas
File creation:                20191218120835
Startdate:                    20140102080000
Revision date:                20191216000000
Version:                      2
Version description:          "Data extracted from http://views.cira.colostate.edu/fed/DataWizard 2019-12-16"
Statistics:                   arithmetic mean
Data level:                   2
Period code:                  52w
Resolution code:              3d
Sample duration:              1d
Orig. time res.:              3d
Station code:                 US9046R
Platform code:                US9046S
Station name:                 San Rafael
Station latitude:             34.7339
Station longitude:            -120.0074
Station altitude:             956.0 m
Regime:                       IMG
Component:                    
Unit:                         ug/m3
Matrix:                       
Laboratory code:              US03L
Instrument type:              filterpack
Instrument name:              filterpack_US9046
Method ref:                   US03L_IMPROVE_Davis
Blank correction:             Blank corrected
Volume std. temperature:      ambient
Volume std. pressure:         ambient
starttime endtime PM10 flag_PM10 PM2.5 flag_PM2.5
  1.333333   2.333333 999.999 0.999 999.999 0.999
  4.333333   5.333333 999.999 0.999 999.999 0.999
  7.333333   8.333333 999.999 0.999 999.999 0.999
 10.333333  11.333333 999.999 0.999 999.999 0.999
 13.333333  14.333333 999.999 0.999 999.999 0.999
 16.333333  17.333333   4.949 0.000   1.605 0.000
 19.333333  20.333333   9.117 0.000   2.971 0.000
 22.333333  23.333333  14.810 0.000   3.515 0.000
 25.333333  26.333333  12.223 0.000   3.858 0.000
 28.333333  29.333333   6.130 0.000   1.675 0.000
 31.333333  32.333333   3.281 0.000   1.412 0.000
 34.333333  35.333333   6.954 0.000   3.236 0.000
 37.333333  38.333333   2.220 0.000   0.897 0.000
 40.333333  41.333333   1.853 0.000   0.851 0.000
 43.333333  44.333333   2.680 0.000   1.183 0.000
 46.333333  47.333333   2.824 0.000   1.700 0.000
 49.333333  50.333333   8.881 0.000   2.971 0.000
 52.333333  53.333333   7.205 0.000   3.023 0.000
 55.333333  56.333333   8.216 0.000   3.918 0.000
 58.333333  59.333333   0.348 0.000   0.161 0.000
 61.333333  62.333333   3.853 0.000   1.947 0.000
 64.333333  65.333333 999.999 0.999 999.999 0.999
 67.333333  68.333333   3.251 0.000   1.043 0.000
 70.333333  71.333333 999.999 0.999 999.999 0.999
 73.333333  74.333333   7.357 0.000   3.345 0.000
 76.333333  77.333333  14.713 0.000   3.561 0.000
 79.333333  80.333333  20.497 0.000   7.154 0.000
 82.333333  83.333333  14.438 0.000   6.354 0.000
 85.333333  86.333333 999.999 0.999 999.999 0.999
 88.333333  89.333333   7.036 0.000   2.521 0.000
 91.333333  92.333333 999.999 0.999 999.999 0.999
 94.333333  95.333333   4.555 0.000   2.401 0.000
 97.333333  98.333333   6.832 0.000   3.302 0.000
100.333333 101.333333   7.283 0.000   2.508 0.000
103.333333 104.333333  14.000 0.000   5.394 0.000
106.333333 107.333333  24.527 0.000  10.697 0.000
109.333333 110.333333  14.944 0.000   7.436 0.000
112.333333 113.333333  12.926 0.000   2.849 0.000
115.333333 116.333333   8.951 0.000   2.571 0.000
118.333333 119.333333  11.348 0.000   4.541 0.000
121.333333 122.333333 999.999 0.999 999.999 0.999
124.333333 125.333333  14.948 0.000   4.240 0.000
127.333333 128.333333 999.999 0.456   5.898 0.000
130.333333 131.333333 999.999 0.456   3.211 0.000
133.333333 134.333333  18.728 0.000   4.525 0.000
136.333333 137.333333  25.602 0.000   7.824 0.000
139.333333 140.333333   8.301 0.000   2.177 0.000
142.333333 143.333333  18.046 0.000   4.857 0.000
145.333333 146.333333  21.910 0.000   7.986 0.000
148.333333 149.333333 999.999 0.999 999.999 0.999
151.333333 152.333333  20.853 0.000   7.898 0.000
154.333333 155.333333 999.999 0.999 999.999 0.999
157.333333 158.333333  16.403 0.000   6.395 0.000
160.333333 161.333333  14.195 0.000   5.317 0.000
163.333333 164.333333  19.004 0.000   5.513 0.000
166.333333 167.333333  14.899 0.000   5.367 0.000
169.333333 170.333333  24.548 0.000   5.958 0.000
172.333333 173.333333  17.391 0.000   6.474 0.000
175.333333 176.333333  14.364 0.000   3.461 0.000
178.333333 179.333333  14.120 0.000   3.660 0.000
181.333333 182.333333  17.056 0.000   5.811 0.000
184.333333 185.333333  21.937 0.000   5.804 0.000
187.333333 188.333333  15.395 0.000   4.187 0.000
190.333333 191.333333  13.369 0.000   2.935 0.000
193.333333 194.333333  18.476 0.000   5.984 0.000
196.333333 197.333333  11.417 0.000   4.233 0.000
199.333333 200.333333  11.598 0.000   3.595 0.000
202.333333 203.333333   9.320 0.000   2.645 0.000
205.333333 206.333333  21.536 0.000   7.474 0.000
208.333333 209.333333  11.655 0.000   4.256 0.000
211.333333 212.333333 999.999 0.999 999.999 0.999
214.333333 215.333333   8.125 0.000   4.493 0.000
217.333333 218.333333  19.737 0.000   8.086 0.000
220.333333 221.333333  20.606 0.000   8.178 0.000
223.333333 224.333333  11.859 0.000   4.323 0.000
226.333333 227.333333   5.402 0.000   1.870 0.000
229.333333 230.333333  13.542 0.000   5.960 0.000
232.333333 233.333333  16.266 0.000   5.759 0.000
235.333333 236.333333   7.828 0.000   3.021 0.000
238.333333 239.333333 999.999 0.999 999.999 0.999
241.333333 242.333333 999.999 0.999 999.999 0.999
244.333333 245.333333 999.999 0.999 999.999 0.999
247.333333 248.333333  11.994 0.000   4.703 0.000
250.333333 251.333333  17.762 0.000   8.145 0.000
253.333333 254.333333  15.831 0.000   5.098 0.000
256.333333 257.333333  13.264 0.000   5.553 0.000
259.333333 260.333333  10.842 0.000   3.381 0.000
262.333333 263.333333  14.438 0.000   5.001 0.000
265.333333 266.333333  14.341 0.000   4.566 0.000
268.333333 269.333333  34.086 0.000   5.093 0.000
271.333333 272.333333  11.885 0.000   3.993 0.000
274.333333 275.333333  18.324 0.000   4.203 0.000
277.333333 278.333333  10.183 0.000   3.212 0.000
280.333333 281.333333  18.817 0.000   4.201 0.000
283.333333 284.333333  14.145 0.000   3.993 0.000
286.333333 287.333333  13.688 0.000   4.012 0.000
289.333333 290.333333  19.415 0.000   4.511 0.000
292.333333 293.333333  16.043 0.000   4.148 0.000
295.333333 296.333333  17.953 0.000   4.949 0.000
298.333333 299.333333  15.155 0.000   3.168 0.000
301.333333 302.333333 999.999 0.999 999.999 0.999
304.333333 305.333333 999.999 0.999 999.999 0.999
307.333333 308.333333 999.999 0.999 999.999 0.999
310.333333 311.333333   3.123 0.000   1.668 0.000
313.333333 314.333333   8.624 0.000   5.415 0.000
316.333333 317.333333   2.019 0.000   1.172 0.000
319.333333 320.333333   8.515 0.000   3.487 0.000
322.333333 323.333333   6.450 0.000   1.683 0.000
325.333333 326.333333   1.346 0.000   0.550 0.000
328.333333 329.333333   4.525 0.000   1.698 0.000
331.333333 332.333333   2.587 0.000   0.977 0.000
334.333333 335.333333   2.995 0.000   1.358 0.000
337.333333 338.333333   5.397 0.000   1.748 0.000
340.333333 341.333333   2.987 0.000   1.403 0.000
343.333333 344.333333   3.751 0.000   1.585 0.000
346.333333 347.333333 999.999 0.456   0.616 0.000
349.333333 350.333333 999.999 0.456   0.989 0.000
352.333333 353.333333   5.184 0.000   1.814 0.000
355.333333 356.333333 999.999 0.456   0.396 0.000
358.333333 359.333333   5.032 0.000   0.994 0.000
361.333333 362.333333   3.605 0.000   1.195 0.000
364.333333 365.333333   7.574 0.000   3.512 0.000
