scripts/IMPROVE-2019_partial/data/US9078R.20000216080000.20191216000000.filterpack..pm25.10mo.1w.US03L_filterpack_US9078.US03L_IMPROVE_Davis.lev2.nas
66 1001
MISSING INFORMATION
US03L, IMPROVE, , , , , , , 
MISSING INFORMATION
IMPROVE sel_HTAP
1 1
2000 01 01 2019 12 16
0
days from file reference point
27
1 1 1 1 1 1 1 1 1 1 1 1 1 1 1 1 1 1 1 1 1 1 1 1 1 1 1
999.999999 999.99 9.999 99.99 9.999999 9.999 9.999999 9.99 9.999999 9.999 9.999999 99.999 9.999 99.999 9.999 99.99 9.999999 999.999 9.999 99.999 9.999 99.999 9.999 9.999 9.999 9.999 9.999999
end_time of measurement, days from the file reference point
iron, ng/m3, Revision date=20181210133000
numflag iron, no unit, Revision date=20181210133000
lead, ng/m3, Revision date=20181210133000
numflag lead, no unit, Revision date=20181210133000
magnesium, ug/m3, Revision date=20181210133000
numflag magnesium, no unit, Revision date=20181210133000
nickel, ng/m3, Revision date=20181210133000
numflag nickel, no unit, Revision date=20181210133000
nitrate, ug N/m3, Revision date=20181210133000
numflag nitrate, no unit, Revision date=20181210133000
organic_carbon, ug C/m3, Revision date=20181210133000
numflag organic_carbon, no unit, Revision date=20181210133000
organic_mass, ug/m3, Revision date=20181210133000
numflag organic_mass, no unit, Revision date=20181210133000
phosphorus, ng/m3, Revision date=20181210133000
numflag phosphorus, no unit, Revision date=20181210133000
pm10_mass, ug/m3, Version=2, Version description=Data extracted from http://views.cira.colostate.edu/fed/DataWizard 2019-12-16, Sample duration=1d, Orig. time res.=3d, Matrix=pm10, Blank correction=Blank corrected, Volume std. temperature=ambient, Volume std. pressure=ambient
numflag pm10_mass, no unit, Version=2, Version description=Data extracted from http://views.cira.colostate.edu/fed/DataWizard 2019-12-16, Sample duration=1d, Orig. time res.=3d, Matrix=pm10, Blank correction=Blank corrected, Volume std. temperature=ambient, Volume std. pressure=ambient
pm10_pm25_mass, ug/m3, Revision date=20181210133000, Matrix=pm10_pm25
numflag pm10_pm25_mass, no unit, Revision date=20181210133000, Matrix=pm10_pm25
pm25_mass, ug/m3, Version=2, Version description=Data extracted from http://views.cira.colostate.edu/fed/DataWizard 2019-12-16, Sample duration=1d, Orig. time res.=3d, Blank correction=Blank corrected, Volume std. temperature=ambient, Volume std. pressure=ambient
numflag pm25_mass, no unit, Version=2, Version description=Data extracted from http://views.cira.colostate.edu/fed/DataWizard 2019-12-16, Sample duration=1d, Orig. time res.=3d, Blank correction=Blank corrected, Volume std. temperature=ambient, Volume std. pressure=ambient
potassium, ug/m3, Revision date=20181210133000
numflag potassium, no unit, Revision date=20181210133000
sulphate_total, ug S/m3, Revision date=20181210133000
numflag sulphate_total, no unit, Revision date=20181210133000
0
25
Data definition:              EBAS_1.1
Set type code:                TI
Timezone:                     UTC
File name:                    US9078R.20000216080000.20191216000000.filterpack..pm25.10mo.1w.US03L_filterpack_US9078.US03L_IMPROVE_Davis.lev2.nas
File creation:                20191218121053
Startdate:                    20000216080000
Revision date:                20191216000000
Statistics:                   arithmetic mean
Data level:                   2
Period code:                  10mo
Resolution code:              1w
Station code:                 US9078R
Platform code:                US9078S
Station name:                 White Pass
Station latitude:             46.6243
Station longitude:            -121.3881
Station altitude:             1827.0 m
Regime:                       IMG
Component:                    
Matrix:                       pm25
Laboratory code:              US03L
Instrument type:              filterpack
Instrument name:              filterpack_US9078
Method ref:                   US03L_IMPROVE_Davis
starttime endtime Fe flag_Fe Pb flag_Pb Mg++ flag_Mg++ Ni flag_Ni NO3- flag_NO3- OC flag_OC OM flag_OM P flag_P PM10 flag_PM10 PM10-PM2.5 flag_PM10-PM2.5 PM2.5 flag_PM2.5 K+ flag_K+ SO4-- flag_SO4--
[from data line 80]
312.333333 313.333333 999.99 0.259  0.42 0.000000 0.013 0.000000 9.99 0.259000 0.007 0.000000 99.999 0.259 99.999 0.259 99.99 0.259000   0.724 0.000  0.212 0.000  0.512 0.000 0.006 0.000 0.095 0.000000
315.333333 316.333333   4.87 0.000  0.30 0.000000 9.999 0.259000 9.99 0.259000 0.050 0.000000  0.458 0.000  0.642 0.000 99.99 0.259000   2.412 0.000 99.999 0.259  2.422 0.000 0.021 0.000 0.224 0.000000
318.333333 319.333333   4.67 0.000  0.26 0.000000 9.999 0.259000 9.99 0.259000 0.042 0.000000  1.238 0.000  1.733 0.000 99.99 0.259000   3.617 0.000  0.136 0.000  3.481 0.000 0.030 0.000 0.198 0.000000
321.333333 322.333333   4.11 0.000  0.46 0.000000 9.999 0.259000 9.99 0.259000 0.045 0.000000  1.023 0.000  1.432 0.000 99.99 0.259000   2.794 0.000 99.999 0.259  2.958 0.000 0.021 0.000 0.131 0.000000
324.333333 325.333333   7.33 0.000  0.61 0.000000 9.999 0.259000 9.99 0.259000 0.118 0.000000  1.366 0.000  1.912 0.000 99.99 0.259000   4.232 0.000 99.999 0.259  4.298 0.000 0.030 0.000 0.212 0.000000
327.333333 328.333333   2.75 0.000  0.20 0.000000 9.999 0.259000 9.99 0.259000 0.006 0.559000 99.999 0.259 99.999 0.259 99.99 0.259000   0.575 0.000 99.999 0.259  0.615 0.000 9.999 0.259 0.059 0.559000
330.333333 331.333333   0.81 0.000  0.16 0.000000 9.999 0.259000 9.99 0.259000 0.013 0.000000 99.999 0.259 99.999 0.259 99.99 0.259000   0.740 0.000  0.125 0.000  0.615 0.000 0.006 0.000 0.071 0.000000
333.333333 334.333333   0.83 0.000  0.27 0.000000 9.999 0.259000 9.99 0.259000 0.009 0.559000 99.999 0.259 99.999 0.259 99.99 0.259000   0.767 0.000  0.214 0.000  0.553 0.000 0.005 0.000 0.049 0.559000
336.333333 337.333333   1.15 0.000  0.07 0.000000 9.999 0.259000 9.99 0.259000 0.009 0.000000  0.147 0.000  0.205 0.000 99.99 0.259000   2.219 0.000  1.646 0.000  0.573 0.000 0.008 0.000 0.055 0.000000
339.333333 340.333333   3.13 0.000 99.99 0.259000 9.999 0.259000 9.99 0.259000 0.005 0.000000  0.070 0.000  0.098 0.000 99.99 0.259000   0.980 0.000  0.457 0.000  0.523 0.000 0.006 0.000 0.071 0.000000
342.333333 343.333333   9.50 0.559  0.44 0.559000 9.999 0.559259 9.99 0.559259 0.051 0.000000  0.653 0.000  0.914 0.000 99.99 0.559259   3.176 0.000  0.750 0.000  2.426 0.559 0.020 0.559 0.183 0.000000
345.333333 346.333333   0.84 0.000 99.99 0.259000 9.999 0.259000 0.05 0.000000 0.037 0.000000  0.222 0.000  0.310 0.000 99.99 0.259000   0.729 0.000  0.083 0.000  0.646 0.000 0.010 0.000 0.091 0.000000
348.333333 349.333333   0.68 0.000 99.99 0.259000 9.999 0.259000 9.99 0.259000 0.004 0.559000  0.085 0.000  0.119 0.000 99.99 0.259000   0.170 0.000 99.999 0.259  0.288 0.000 0.006 0.000 0.045 0.559000
351.333333 352.333333   0.76 0.000 99.99 0.259000 9.999 0.259000 9.99 0.259000 0.013 0.000000  0.251 0.000  0.351 0.000 99.99 0.259000   1.491 0.000  0.012 0.000  1.479 0.000 0.010 0.000 0.112 0.000000
354.333333 355.333333   0.76 0.000  0.10 0.000000 9.999 0.259000 9.99 0.259000 9.999 0.999000  0.005 0.000  0.007 0.000 99.99 0.259000   0.213 0.000 99.999 0.259  0.386 0.000 0.004 0.000 9.999 0.999000
357.333333 358.333333   0.32 0.559 99.99 0.559259 9.999 0.559259 9.99 0.559259 9.999 0.999000  0.029 0.000  0.041 0.000 99.99 0.559259   0.254 0.000  0.121 0.000  0.134 0.559 0.004 0.559 9.999 0.999000
360.333333 361.333333  14.05 0.000  0.13 0.000000 9.999 0.259000 9.99 0.259000 9.999 0.999000  0.045 0.000  0.063 0.000 99.99 0.259000   1.318 0.000  0.613 0.000  0.705 0.000 0.013 0.000 9.999 0.999000
363.333333 364.333333   5.77 0.000  0.17 0.000000 9.999 0.259000 9.99 0.259000 9.999 0.999000  0.143 0.000  0.201 0.000 99.99 0.259000   1.990 0.000  1.293 0.000  0.698 0.000 0.007 0.000 9.999 0.999000
