scripts/IMPROVE-2019_partial/data/US9034R.20100102060000.20191216000000.filterpack...52w.3d.US03L_filterpack_US9034.US03L_IMPROVE_Davis.lev2.nas
52 1001
MISSING INFORMATION
US03L, IMPROVE, , , , , , , 
MISSING INFORMATION
IMPROVE sel_HTAP
1 1
2010 01 01 2019 12 16
3.00
days from file reference point
5
1 1 1 1 1
999.99 999.999 9.999 999.999 9.999
end_time of measurement, days from the file reference point
pm10_mass, ug/m3, Matrix=pm10
numflag pm10_mass, no unit, Matrix=pm10
pm25_mass, ug/m3, Matrix=pm25
numflag pm25_mass, no unit, Matrix=pm25
0
33
Data definition:              EBAS_1.1
Set type code:                TU
Timezone:                     UTC
File name:                    US9034R.20100102060000.20191216000000.filterpack...52w.3d.US03L_filterpack_US9034.US03L_IMPROVE_Davis.lev2.nas
File creation:                20191218120734
Startdate:                    20100102060000
Revision date:                20191216000000
Version:                      2
Version description:          "Data extracted from http://views.cira.colostate.edu/fed/DataWizard 2019-12-16"
Statistics:                   arithmetic mean
Data level:                   2
Period code:                  52w
Resolution code:              3d
Sample duration:              1d
Orig. time res.:              3d
Station code:                 US9034R
Platform code:                US9034S
Station name:                 Upper Buffalo Wilderness
Station latitude:             35.8258
Station longitude:            -93.203
Station altitude:             722.0 m
Regime:                       IMG
Component:                    
Unit:                         ug/m3
Matrix:                       
Laboratory code:              US03L
Instrument type:              filterpack
Instrument name:              filterpack_US9034
Method ref:                   US03L_IMPROVE_Davis
Blank correction:             Blank corrected
Volume std. temperature:      ambient
Volume std. pressure:         ambient
starttime endtime PM10 flag_PM10 PM2.5 flag_PM2.5
  1.25   2.25   6.367 0.000   4.993 0.000
  4.25   5.25   8.364 0.000   6.759 0.000
  7.25   8.25  12.659 0.000   6.214 0.000
 10.25  11.25  10.783 0.000   6.721 0.000
 13.25  14.25  14.273 0.000   7.671 0.000
 16.25  17.25   8.656 0.000   8.763 0.000
 19.25  20.25   8.087 0.000   5.531 0.000
 22.25  23.25   2.399 0.000   0.879 0.000
 25.25  26.25   4.772 0.000   1.380 0.000
 28.25  29.25   4.669 0.000   2.488 0.000
 31.25  32.25  10.302 0.000   7.825 0.000
 34.25  35.25   5.902 0.000   4.520 0.000
 37.25  38.25   7.526 0.000   6.349 0.000
 40.25  41.25   7.857 0.000   6.063 0.000
 43.25  44.25  13.761 0.000  10.773 0.000
 46.25  47.25   9.032 0.000   6.210 0.000
 49.25  50.25   8.162 0.000   4.386 0.000
 52.25  53.25  10.221 0.000   8.856 0.000
 55.25  56.25   6.781 0.000   2.490 0.000
 58.25  59.25   6.285 0.000   3.492 0.000
 61.25  62.25  10.034 0.000   5.756 0.000
 64.25  65.25  20.898 0.000  10.776 0.000
 67.25  68.25   6.415 0.000   2.960 0.000
 70.25  71.25   5.748 0.000   3.615 0.000
 73.25  74.25   8.872 0.000   7.612 0.000
 76.25  77.25  30.480 0.000 999.999 0.456
 79.25  80.25   0.909 0.000 999.999 0.456
 82.25  83.25  15.433 0.000   8.640 0.000
 85.25  86.25   8.445 0.000   4.591 0.000
 88.25  89.25  18.338 0.000  11.207 0.000
 91.25  92.25  14.267 0.000   7.572 0.000
 94.25  95.25  19.313 0.000  12.937 0.000
 97.25  98.25  12.597 0.000   5.984 0.000
100.25 101.25  16.533 0.000   7.987 0.000
103.25 104.25 999.999 0.999 999.999 0.999
106.25 107.25  11.254 0.000   4.815 0.000
109.25 110.25  18.521 0.000   9.393 0.000
112.25 113.25  18.124 0.000   7.189 0.000
115.25 116.25  11.762 0.000   4.301 0.000
118.25 119.25  26.860 0.000   7.726 0.000
121.25 122.25   9.785 0.000   3.909 0.000
124.25 125.25  34.008 0.000   7.376 0.000
127.25 128.25  11.063 0.000   2.398 0.000
130.25 131.25  22.437 0.000  15.369 0.000
133.25 134.25 999.999 0.999 999.999 0.999
136.25 137.25 999.999 0.999 999.999 0.999
139.25 140.25 999.999 0.999 999.999 0.999
142.25 143.25  11.740 0.000   6.476 0.000
145.25 146.25  15.975 0.000  10.032 0.000
148.25 149.25  14.135 0.000   8.835 0.000
151.25 152.25  21.605 0.000  11.582 0.000
154.25 155.25  18.554 0.000   9.870 0.000
157.25 158.25 999.999 0.999 999.999 0.999
160.25 161.25  17.503 0.000   9.871 0.000
163.25 164.25  14.342 0.000   9.149 0.000
166.25 167.25  13.061 0.000   7.778 0.000
169.25 170.25  12.906 0.000   8.078 0.000
172.25 173.25 999.999 0.999 999.999 0.999
175.25 176.25 999.999 0.999 999.999 0.999
178.25 179.25 999.999 0.999 999.999 0.999
181.25 182.25 999.999 0.999 999.999 0.999
184.25 185.25 999.999 0.999 999.999 0.999
187.25 188.25  17.665 0.000  12.180 0.000
190.25 191.25  10.874 0.000   7.559 0.000
193.25 194.25  18.440 0.000   9.946 0.000
196.25 197.25  16.633 0.000   8.155 0.000
199.25 200.25 999.999 0.999 999.999 0.999
202.25 203.25  27.520 0.000  13.076 0.000
205.25 206.25 999.999 0.999 999.999 0.999
208.25 209.25 999.999 0.999 999.999 0.999
211.25 212.25 999.999 0.999 999.999 0.999
214.25 215.25 999.999 0.999 999.999 0.999
217.25 218.25 999.999 0.999 999.999 0.999
220.25 221.25 999.999 0.999 999.999 0.999
223.25 224.25  18.146 0.000  11.002 0.000
226.25 227.25  11.052 0.000   6.215 0.000
229.25 230.25  24.772 0.000  13.107 0.000
232.25 233.25 999.999 0.999 999.999 0.999
235.25 236.25 999.999 0.999 999.999 0.999
238.25 239.25 999.999 0.999 999.999 0.999
241.25 242.25 999.999 0.999 999.999 0.999
244.25 245.25 999.999 0.456   7.673 0.000
247.25 248.25 999.999 0.456   5.961 0.000
250.25 251.25   8.309 0.000   4.990 0.000
253.25 254.25  10.991 0.000   5.652 0.000
256.25 257.25  13.856 0.000   9.223 0.000
259.25 260.25  14.055 0.000   7.975 0.000
262.25 263.25  28.247 0.000  15.665 0.000
265.25 266.25  18.304 0.000   8.582 0.000
268.25 269.25   4.595 0.000   2.829 0.000
271.25 272.25 999.999 0.999 999.999 0.999
274.25 275.25  14.790 0.000   3.706 0.000
277.25 278.25  18.581 0.000  10.712 0.000
280.25 281.25  28.271 0.000  10.282 0.000
283.25 284.25  16.403 0.000   8.740 0.000
286.25 287.25  18.031 0.000   3.112 0.000
289.25 290.25  19.736 0.000   8.195 0.000
292.25 293.25 999.999 0.456   7.424 0.000
295.25 296.25  14.628 0.000   9.002 0.000
298.25 299.25   5.203 0.000   1.643 0.000
301.25 302.25   9.585 0.000   2.745 0.000
304.25 305.25  23.659 0.000  14.776 0.000
307.25 308.25  10.972 0.000   1.963 0.000
310.25 311.25  10.016 0.000   5.204 0.000
313.25 314.25  14.904 0.000   8.626 0.000
316.25 317.25   2.996 0.000   1.730 0.000
319.25 320.25   8.638 0.000   6.045 0.000
322.25 323.25   8.539 0.000   5.806 0.000
325.25 326.25  11.069 0.000   6.938 0.000
328.25 329.25   5.696 0.000   2.511 0.000
331.25 332.25   7.401 0.000   3.751 0.000
334.25 335.25   7.718 0.000   3.575 0.000
337.25 338.25  19.228 0.000  11.223 0.000
340.25 341.25  13.880 0.000   6.831 0.000
343.25 344.25  21.440 0.000  11.053 0.000
346.25 347.25   5.145 0.000   2.737 0.000
349.25 350.25  18.066 0.000  10.851 0.000
352.25 353.25  17.528 0.000  12.297 0.000
355.25 356.25  19.106 0.000  12.847 0.000
358.25 359.25   7.938 0.000   7.114 0.000
361.25 362.25  10.411 0.000   6.591 0.000
364.25 365.25  12.586 0.000   5.588 0.000
