scripts/IMPROVE-2019_partial/data/US9036R.19940101070000.20191216000000.filterpack...1y.3d.US03L_filterpack_US9036.US03L_IMPROVE_Davis.lev2.nas
51 1001
MISSING INFORMATION
US03L, IMPROVE, , , , , , , 
MISSING INFORMATION
IMPROVE sel_HTAP
1 1
1994 01 01 2019 12 16
0
days from file reference point
4
1 1 1 1
999.999999 999.999 999.999 9.999
end_time of measurement, days from the file reference point
pm10_mass, ug/m3, Matrix=pm10
pm25_mass, ug/m3, Matrix=pm25
numflag, no unit
0
33
Data definition:              EBAS_1.1
Set type code:                TI
Timezone:                     UTC
File name:                    US9036R.19940101070000.20191216000000.filterpack...1y.3d.US03L_filterpack_US9036.US03L_IMPROVE_Davis.lev2.nas
File creation:                20191218120744
Startdate:                    19940101070000
Revision date:                20191216000000
Version:                      2
Version description:          "Data extracted from http://views.cira.colostate.edu/fed/DataWizard 2019-12-16"
Statistics:                   arithmetic mean
Data level:                   2
Period code:                  1y
Resolution code:              3d
Sample duration:              1d
Orig. time res.:              3d
Station code:                 US9036R
Platform code:                US9036S
Station name:                 Tonto NM
Station latitude:             33.6548
Station longitude:            -111.1068
Station altitude:             775.0 m
Regime:                       IMG
Component:                    
Unit:                         ug/m3
Matrix:                       
Laboratory code:              US03L
Instrument type:              filterpack
Instrument name:              filterpack_US9036
Method ref:                   US03L_IMPROVE_Davis
Blank correction:             Blank corrected
Volume std. temperature:      ambient
Volume std. pressure:         ambient
starttime endtime PM10 PM2.5 flag
  0.291667   1.291667   4.886   4.067 0.000
  4.291667   5.291667   7.293   3.220 0.000
  7.291667   8.291667   8.534   2.555 0.000
 11.291667  12.291667   5.709   2.652 0.000
 14.291667  15.291667  14.382   9.676 0.000
 18.291667  19.291667   9.498   5.604 0.000
 21.291667  22.291667  18.353  12.226 0.000
 25.291667  26.291667  10.189   4.693 0.000
 28.291667  29.291667   6.742   3.712 0.000
 32.291667  33.291667   4.411   1.963 0.000
 35.291667  36.291667   6.077   3.457 0.000
 39.291667  40.291667   3.629   2.263 0.000
 42.291667  43.291667   5.513   1.385 0.000
 46.291667  47.291667   7.556   3.678 0.000
 49.291667  50.291667   3.797   2.012 0.000
 53.291667  54.291667   3.782   1.138 0.000
 56.291667  57.291667  11.600   4.303 0.000
 60.291667  61.291667  10.383   6.031 0.000
 63.291667  64.291667  17.280   3.653 0.000
 67.291667  68.291667   5.402   3.343 0.000
 70.291667  71.291667   6.075   3.343 0.000
 74.291667  75.291667  13.630   4.801 0.000
 77.291667  78.291667   9.560   6.012 0.000
 81.291667  82.291667  10.189   3.650 0.000
 84.291667  85.291667   1.894   1.364 0.000
 88.291667  89.291667  13.237   5.045 0.000
 91.291667  92.291667  10.504   4.597 0.000
 95.291667  96.291667   8.051   2.793 0.000
 98.291667  99.291667  20.217   5.526 0.000
102.291667 103.291667   8.392   4.235 0.000
105.291667 106.291667  29.468  12.879 0.000
109.291667 110.291667  18.613   7.052 0.000
112.291667 113.291667  26.058   8.154 0.000
116.291667 117.291667   2.826   1.450 0.000
119.291667 120.291667   8.007   4.204 0.000
123.291667 124.291667  16.259   9.083 0.000
126.291667 127.291667   8.582   3.874 0.000
130.291667 131.291667   5.668   3.750 0.000
133.291667 134.291667  10.000   6.101 0.000
137.291667 138.291667  12.555   5.766 0.000
140.291667 141.291667  10.738   4.225 0.000
144.291667 145.291667   7.321   3.512 0.000
147.291667 148.291667  18.786   8.072 0.000
151.291667 152.291667  10.387   5.389 0.000
154.291667 155.291667  11.303   6.607 0.000
158.291667 159.291667  16.290   6.526 0.000
161.291667 162.291667  13.145   6.375 0.000
165.291667 166.291667   9.504   4.500 0.000
168.291667 169.291667   5.745   4.438 0.000
172.291667 173.291667   8.925   5.238 0.000
175.291667 176.291667  17.979 999.999 0.000
179.291667 180.291667  10.799   7.508 0.000
182.291667 183.291667  11.424  11.201 0.000
186.291667 187.291667   9.517   7.012 0.000
189.291667 190.291667  12.284   6.527 0.000
193.291667 194.291667  16.255   7.418 0.000
196.291667 197.291667  20.449   5.953 0.000
200.291667 201.291667 999.999   7.114 0.000
203.291667 204.291667 999.999   5.394 0.000
207.291667 208.291667  14.219   6.188 0.000
210.291667 211.291667  11.390   6.224 0.000
214.291667 215.291667  14.057   5.380 0.000
217.291667 218.291667   9.795   5.766 0.000
221.291667 222.291667   6.235   5.425 0.000
224.291667 225.291667   8.941   5.249 0.000
228.291667 229.291667  18.599   5.959 0.000
231.291667 232.291667  11.115   4.806 0.000
235.291667 236.291667   9.577 999.999 0.000
238.291667 239.291667   7.885   4.461 0.000
242.291667 243.291667  11.920   4.892 0.000
245.291667 246.291667   5.080   2.430 0.000
249.291667 250.291667 999.999   4.206 0.000
252.291667 253.291667 999.999   5.987 0.000
256.291667 257.291667  12.218   5.562 0.000
259.291667 260.291667  14.861   5.625 0.000
263.291667 264.291667   6.640   1.931 0.000
266.291667 267.291667  10.840   6.471 0.000
270.291667 271.291667  10.453   7.066 0.000
273.291667 274.291667   7.764   2.978 0.000
277.291667 278.291667  14.519   3.878 0.000
280.291667 281.291667   6.240   3.133 0.000
284.291667 285.291667  11.667   4.935 0.000
287.291667 288.291667  11.538   4.295 0.000
291.291667 292.291667   8.333   4.327 0.000
294.291667 295.291667   8.866   5.096 0.000
298.291667 299.291667   7.679   4.569 0.000
301.291667 302.291667  12.625   6.486 0.000
305.291667 306.291667  13.982   4.598 0.000
308.291667 309.291667   6.897   4.313 0.000
312.291667 313.291667   9.870   3.819 0.000
315.291667 316.291667   2.641   1.286 0.000
319.291667 320.291667   9.827   4.084 0.000
322.291667 323.291667   5.801   1.810 0.000
326.291667 327.291667   9.039   2.958 0.000
329.291667 330.291667  13.712   3.376 0.000
333.291667 334.291667   4.783   2.320 0.000
336.291667 337.291667  11.087   5.197 0.000
340.291667 341.291667  18.333   2.943 0.000
343.291667 344.291667   2.851   0.836 0.000
347.291667 348.291667  10.191   3.040 0.000
350.291667 351.291667   3.822   2.085 0.000
354.291667 355.291667   7.298   2.546 0.000
357.291667 358.291667   3.904   2.086 0.000
361.291667 362.291667   7.934   5.047 0.000
364.291667 365.291667   4.226   3.072 0.000
