scripts/IMPROVE-2019_partial/data/US9066R.20040101050000.20191216000000.filterpack..pm25.52w.1w.US03L_filterpack_US9066.US03L_IMPROVE_Davis.lev2.nas
52 1001
MISSING INFORMATION
US03L, IMPROVE, , , , , , , 
MISSING INFORMATION
IMPROVE sel_HTAP
1 1
2004 01 01 2019 12 16
3.000000
days from file reference point
13
1 1 1 1 1 1 1 1 1 1 1 1 1
999.999999 99.999 9.999 9.999 9.999 99.999 9.999 99.999 9.999 999.999 9.999 99.999 9.999
end_time of measurement, days from the file reference point
ammonium, ug N/m3, Revision date=20181210133000
numflag ammonium, no unit, Revision date=20181210133000
nitrate, ug N/m3, Revision date=20181210133000
numflag nitrate, no unit, Revision date=20181210133000
organic_carbon, ug C/m3, Revision date=20181210133000
numflag organic_carbon, no unit, Revision date=20181210133000
organic_mass, ug/m3, Revision date=20181210133000
numflag organic_mass, no unit, Revision date=20181210133000
pm10_mass, ug/m3, Version=2, Version description=Data extracted from http://views.cira.colostate.edu/fed/DataWizard 2019-12-16, Sample duration=1d, Orig. time res.=3d, Matrix=pm10, Blank correction=Blank corrected, Volume std. temperature=ambient, Volume std. pressure=ambient
numflag pm10_mass, no unit, Version=2, Version description=Data extracted from http://views.cira.colostate.edu/fed/DataWizard 2019-12-16, Sample duration=1d, Orig. time res.=3d, Matrix=pm10, Blank correction=Blank corrected, Volume std. temperature=ambient, Volume std. pressure=ambient
sulphate_total, ug S/m3, Revision date=20181210133000
numflag sulphate_total, no unit, Revision date=20181210133000
0
25
Data definition:              EBAS_1.1
Set type code:                TU
Timezone:                     UTC
File name:                    US9066R.20040101050000.20191216000000.filterpack..pm25.52w.1w.US03L_filterpack_US9066.US03L_IMPROVE_Davis.lev2.nas
File creation:                20191218121000
Startdate:                    20040101050000
Revision date:                20191216000000
Statistics:                   arithmetic mean
Data level:                   2
Period code:                  52w
Resolution code:              1w
Station code:                 US9066R
Platform code:                US9066S
Station name:                 Swanquarter
Station latitude:             35.451
Station longitude:            -76.2075
Station altitude:             -3.0 m
Regime:                       IMG
Component:                    
Matrix:                       pm25
Laboratory code:              US03L
Instrument type:              filterpack
Instrument name:              filterpack_US9066
Method ref:                   US03L_IMPROVE_Davis
starttime endtime NH4+ flag_NH4+ NO3- flag_NO3- OC flag_OC OM flag_OM PM10 flag_PM10 SO4-- flag_SO4--
  0.208333   1.208333  0.457 0.000 0.122 0.000  1.125 0.000  1.575 0.000  11.133 0.000  0.482 0.000
  3.208333   4.208333  0.771 0.000 0.103 0.000  1.389 0.000  1.944 0.000  13.852 0.000  0.965 0.000
  6.208333   7.208333  0.281 0.000 0.099 0.000  0.424 0.000  0.593 0.000   3.931 0.000  0.275 0.000
  9.208333  10.208333  0.577 0.559 0.259 0.559  0.500 0.000  0.700 0.000   8.616 0.000  0.490 0.559
 12.208333  13.208333  0.587 0.000 0.141 0.000  1.132 0.000  1.584 0.000   9.640 0.000  0.592 0.000
 15.208333  16.208333  0.573 0.000 0.199 0.000  0.573 0.000  0.803 0.000   7.166 0.000  0.527 0.000
 18.208333  19.208333  0.898 0.000 0.150 0.000  0.698 0.000  0.977 0.000   8.414 0.000  0.930 0.000
 21.208333  22.208333  1.235 0.000 0.548 0.000  2.437 0.000  3.411 0.000  16.934 0.000  0.988 0.000
 24.208333  25.208333  0.418 0.000 0.111 0.000  0.313 0.000  0.438 0.000   7.353 0.000  0.467 0.000
 27.208333  28.208333  1.000 0.000 0.077 0.000  0.628 0.000  0.880 0.000   9.024 0.000  1.140 0.000
 30.208333  31.208333  0.652 0.000 0.168 0.000  0.485 0.000  0.679 0.000   6.982 0.000  0.648 0.000
 33.208333  34.208333  0.474 0.000 0.103 0.000  0.302 0.000  0.423 0.000   8.991 0.000  0.552 0.000
 36.208333  37.208333  0.540 0.000 0.045 0.000  0.194 0.000  0.271 0.000  13.380 0.000  0.840 0.000
 39.208333  40.208333  0.231 0.000 0.032 0.000  0.352 0.000  0.492 0.000   5.208 0.000  0.272 0.000
 42.208333  43.208333  0.396 0.000 0.041 0.000  0.263 0.000  0.369 0.000   4.839 0.000  0.561 0.000
 45.208333  46.208333  0.879 0.000 0.276 0.000  0.566 0.000  0.793 0.000  12.603 0.000  0.944 0.000
 48.208333  49.208333  0.732 0.000 0.188 0.000  0.588 0.000  0.823 0.000   8.681 0.000  0.845 0.000
 51.208333  52.208333  1.184 0.000 0.072 0.000  1.111 0.000  1.556 0.000  14.876 0.000  1.493 0.000
 54.208333  55.208333  0.593 0.000 0.057 0.000  0.333 0.000  0.466 0.000   7.203 0.000  0.802 0.000
 57.208333  58.208333  0.118 0.000 0.109 0.000  0.197 0.000  0.276 0.000  13.264 0.000  0.247 0.000
 60.208333  61.208333  0.359 0.000 0.052 0.000  0.613 0.000  0.858 0.000   8.377 0.000  0.482 0.000
 63.208333  64.208333  0.666 0.000 0.095 0.000  0.804 0.000  1.125 0.000  13.560 0.000  0.932 0.000
 66.208333  67.208333  0.953 0.000 0.040 0.000  0.439 0.000  0.615 0.000  10.380 0.000  1.199 0.000
 69.208333  70.208333 99.999 0.999 9.999 0.999 99.999 0.999 99.999 0.999 999.999 0.999 99.999 0.999
 72.208333  73.208333 99.999 0.999 9.999 0.999 99.999 0.999 99.999 0.999 999.999 0.999 99.999 0.999
 75.208333  76.208333 99.999 0.999 9.999 0.999 99.999 0.999 99.999 0.999 999.999 0.999 99.999 0.999
 78.208333  79.208333  1.188 0.000 0.080 0.000  0.659 0.000  0.923 0.000  13.194 0.000  1.627 0.000
 81.208333  82.208333  0.757 0.000 0.023 0.000  0.218 0.000  0.305 0.000   6.907 0.000  0.873 0.000
 84.208333  85.208333  0.464 0.000 0.025 0.000  0.255 0.000  0.357 0.000   6.981 0.000  0.609 0.000
 87.208333  88.208333  0.736 0.000 0.108 0.000  0.513 0.000  0.719 0.000  12.456 0.000  0.946 0.000
 90.208333  91.208333  0.173 0.000 0.088 0.000  0.113 0.000  0.158 0.000   3.636 0.000  0.203 0.000
 93.208333  94.208333  0.790 0.000 0.051 0.000  0.366 0.000  0.513 0.000   6.469 0.000  0.939 0.000
 96.208333  97.208333  0.267 0.559 0.049 0.559  0.348 0.000  0.487 0.000   6.373 0.000  0.349 0.559
 99.208333 100.208333  2.325 0.000 0.242 0.000  1.089 0.000  1.525 0.000  23.830 0.000  2.471 0.000
102.208333 103.208333  0.829 0.000 0.049 0.000  0.207 0.000  0.290 0.000  14.807 0.000  1.204 0.000
105.208333 106.208333  0.543 0.000 0.047 0.000  0.348 0.000  0.487 0.000   7.350 0.000  0.682 0.000
108.208333 109.208333  1.302 0.559 0.037 0.559  0.581 0.000  0.813 0.000  14.834 0.000  1.637 0.559
111.208333 112.208333  0.697 0.000 0.065 0.000  0.570 0.000  0.798 0.000  16.897 0.000  0.938 0.000
114.208333 115.208333  1.086 0.000 0.060 0.000  0.339 0.000  0.475 0.000  14.815 0.000  1.387 0.000
117.208333 118.208333  0.694 0.000 0.019 0.000  0.327 0.000  0.458 0.000   9.989 0.000  0.862 0.000
120.208333 121.208333  0.670 0.559 0.029 0.559  0.057 0.000  0.080 0.000  11.266 0.000  0.903 0.559
123.208333 124.208333  0.250 0.000 0.021 0.000  0.067 0.000  0.094 0.000   7.704 0.000  0.379 0.000
126.208333 127.208333  1.780 0.000 0.065 0.000  0.940 0.000  1.316 0.000  19.379 0.000  2.081 0.000
129.208333 130.208333  1.458 0.000 0.095 0.000  0.653 0.000  0.914 0.000  25.029 0.000  1.966 0.000
132.208333 133.208333  2.099 0.000 0.025 0.000  0.152 0.000  0.213 0.000  18.374 0.000  2.661 0.000
135.208333 136.208333  1.402 0.000 0.052 0.000  0.157 0.000  0.220 0.000  15.364 0.000  1.807 0.000
138.208333 139.208333  1.313 0.559 0.049 0.559  0.136 0.000  0.190 0.000  14.726 0.000  1.728 0.559
141.208333 142.208333  1.764 0.000 0.072 0.000  1.167 0.000  1.634 0.000  23.554 0.000  2.393 0.000
144.208333 145.208333  1.009 0.000 0.092 0.000  0.382 0.000  0.534 0.000  16.084 0.000  1.485 0.000
147.208333 148.208333  0.549 0.000 0.037 0.000  1.267 0.000  1.773 0.000  12.659 0.000  0.746 0.000
150.208333 151.208333  0.912 0.000 0.047 0.000  0.516 0.000  0.722 0.000  12.689 0.000  1.218 0.000
153.208333 154.208333  0.838 0.000 0.050 0.000  1.212 0.000  1.696 0.000  16.023 0.000  1.099 0.000
156.208333 157.208333  1.046 0.000 0.077 0.000  0.706 0.000  0.988 0.000  14.725 0.000  1.404 0.000
159.208333 160.208333  0.791 0.000 0.048 0.000  0.291 0.000  0.407 0.000  10.551 0.000  1.113 0.000
162.208333 163.208333  1.205 0.000 0.051 0.000  0.803 0.000  1.125 0.000  17.595 0.000  1.537 0.000
165.208333 166.208333  0.246 0.000 0.035 0.000  0.146 0.000  0.205 0.000  10.380 0.000  0.427 0.000
168.208333 169.208333  0.211 0.000 0.051 0.000  0.307 0.000  0.430 0.000  11.383 0.000  0.443 0.000
171.208333 172.208333  1.079 0.000 0.058 0.000  0.497 0.000  0.696 0.000  16.959 0.000  1.470 0.000
174.208333 175.208333  1.637 0.000 0.052 0.000  1.368 0.000  1.915 0.000  21.451 0.000  2.091 0.000
177.208333 178.208333  0.843 0.000 0.041 0.000  0.463 0.000  0.648 0.000  14.033 0.000  1.211 0.000
180.208333 181.208333  3.227 0.000 0.054 0.000  0.895 0.000  1.252 0.000  31.230 0.000  4.019 0.000
183.208333 184.208333  0.499 0.000 0.057 0.000  0.550 0.000  0.770 0.000  10.924 0.000  0.830 0.000
186.208333 187.208333  1.262 0.000 0.050 0.000  1.341 0.000  1.877 0.000  19.976 0.000  1.661 0.000
189.208333 190.208333 99.999 0.259 0.058 0.000  1.699 0.000  2.378 0.000  25.641 0.000  2.200 0.000
192.208333 193.208333 99.999 0.259 0.017 0.000  0.892 0.000  1.248 0.000  28.764 0.000  4.748 0.000
195.208333 196.208333 99.999 0.259 0.035 0.000  1.343 0.000  1.880 0.000  25.000 0.000  2.576 0.000
198.208333 199.208333 99.999 0.259 0.050 0.000  1.287 0.000  1.801 0.000  21.288 0.000  2.649 0.000
201.208333 202.208333 99.999 0.999 9.999 0.999 99.999 0.999 99.999 0.999 999.999 0.999 99.999 0.999
204.208333 205.208333 99.999 0.259 0.023 0.000  0.394 0.000  0.551 0.000  30.175 0.000  4.592 0.000
207.208333 208.208333 99.999 0.259 0.028 0.000  0.093 0.000  0.131 0.000  10.396 0.000  0.477 0.000
210.208333 211.208333  0.041 0.000 0.038 0.000 99.999 0.999 99.999 0.999  12.792 0.000  0.193 0.000
213.208333 214.208333  0.208 0.000 0.047 0.000 99.999 0.999 99.999 0.999  15.482 0.000  0.511 0.000
216.208333 217.208333 99.999 0.999 9.999 0.999 99.999 0.999 99.999 0.999 999.999 0.999 99.999 0.999
219.208333 220.208333  0.951 0.000 0.022 0.000  0.787 0.000  1.102 0.000  14.379 0.000  1.148 0.000
222.208333 223.208333  1.644 0.000 0.010 0.000  0.360 0.000  0.504 0.000  14.473 0.000  2.013 0.000
225.208333 226.208333  0.198 0.000 0.024 0.000  0.288 0.000  0.404 0.000   8.905 0.000  0.367 0.000
228.208333 229.208333  0.249 0.000 0.024 0.000  0.234 0.000  0.327 0.000  10.971 0.000  0.408 0.000
231.208333 232.208333  0.381 0.000 0.035 0.000  0.098 0.000  0.138 0.000   9.044 0.000  0.640 0.000
234.208333 235.208333 99.999 0.259 0.004 0.000  0.074 0.000  0.103 0.000 999.999 0.259  0.003 0.000
237.208333 238.208333  1.842 0.000 0.037 0.000 99.999 0.259 99.999 0.259  22.852 0.000  2.258 0.000
240.208333 241.208333  0.291 0.000 0.029 0.000 99.999 0.259 99.999 0.259   7.712 0.000  0.485 0.000
243.208333 244.208333  1.267 0.000 0.031 0.000 99.999 0.259 99.999 0.259  15.746 0.000  1.571 0.000
246.208333 247.208333  0.487 0.559 0.050 0.559  0.267 0.000  0.374 0.000  13.250 0.000  0.782 0.559
249.208333 250.208333  0.036 0.000 0.026 0.000  0.093 0.000  0.130 0.000   8.820 0.000  0.114 0.000
252.208333 253.208333  0.798 0.000 0.046 0.000  0.517 0.000  0.724 0.000  17.260 0.000  1.129 0.000
255.208333 256.208333  0.246 0.000 0.037 0.000  0.122 0.000  0.171 0.000   9.273 0.000  0.435 0.000
258.208333 259.208333  0.051 0.000 0.022 0.000  0.040 0.000  0.056 0.000   8.285 0.000  0.162 0.000
261.208333 262.208333  0.157 0.000 0.013 0.000  1.218 0.000  1.706 0.000   4.698 0.000  0.269 0.000
264.208333 265.208333  0.377 0.000 0.033 0.000  0.548 0.000  0.767 0.000   9.191 0.000  0.524 0.000
267.208333 268.208333  0.718 0.000 0.050 0.000  1.423 0.000  1.992 0.000  16.258 0.000  1.030 0.000
270.208333 271.208333  0.163 0.000 0.031 0.000  0.047 0.000  0.065 0.000   8.999 0.000  0.319 0.000
273.208333 274.208333  0.726 0.000 0.025 0.000  0.253 0.000  0.354 0.000   9.656 0.000  0.963 0.000
276.208333 277.208333  3.447 0.000 0.042 0.000  0.543 0.000  0.760 0.000  27.901 0.000  3.916 0.000
279.208333 280.208333  0.369 0.000 0.038 0.000  0.484 0.000  0.677 0.000   9.507 0.000  0.499 0.000
282.208333 283.208333  0.416 0.000 0.040 0.000  0.493 0.000  0.690 0.000  12.153 0.000  0.643 0.000
285.208333 286.208333  1.246 0.000 0.042 0.000  0.772 0.000  1.081 0.000  16.597 0.000  1.453 0.000
288.208333 289.208333  0.517 0.000 0.023 0.000  0.353 0.000  0.495 0.000   9.177 0.000  0.687 0.000
291.208333 292.208333  0.550 0.000 0.029 0.000  0.787 0.000  1.102 0.000  10.417 0.000  0.701 0.000
294.208333 295.208333  0.177 0.000 0.035 0.000  0.107 0.000  0.150 0.000  10.582 0.000  0.312 0.000
297.208333 298.208333  0.673 0.000 0.089 0.000  0.315 0.000  0.442 0.000   8.639 0.000  0.795 0.000
300.208333 301.208333  1.598 0.000 0.195 0.000  0.469 0.000  0.657 0.000  14.346 0.000  1.628 0.000
303.208333 304.208333  3.127 0.000 0.092 0.000  0.728 0.000  1.019 0.000  27.161 0.000  3.695 0.000
306.208333 307.208333  1.165 0.000 0.041 0.000  0.387 0.000  0.542 0.000  11.899 0.000  1.427 0.000
309.208333 310.208333  0.497 0.000 0.030 0.000  0.600 0.000  0.839 0.000   7.602 0.000  0.561 0.000
312.208333 313.208333  0.543 0.000 0.075 0.000  0.670 0.000  0.939 0.000  10.479 0.000  0.603 0.000
315.208333 316.208333  0.366 0.000 0.033 0.000  0.421 0.000  0.590 0.000   9.851 0.000  0.473 0.000
318.208333 319.208333  0.229 0.000 0.076 0.000  0.378 0.000  0.529 0.000   8.701 0.000  0.292 0.000
321.208333 322.208333  0.815 0.000 0.166 0.000  1.135 0.000  1.589 0.000  12.717 0.000  0.871 0.000
324.208333 325.208333  1.038 0.000 0.095 0.000  0.780 0.000  1.092 0.000  13.084 0.000  1.236 0.000
327.208333 328.208333  0.563 0.000 0.029 0.000  0.131 0.000  0.184 0.000   6.961 0.000  0.763 0.000
330.208333 331.208333  0.339 0.000 0.021 0.000  0.346 0.000  0.484 0.000   6.484 0.000  0.440 0.000
333.208333 334.208333  0.570 0.000 0.036 0.000  0.400 0.000  0.559 0.000   7.199 0.000  0.692 0.000
336.208333 337.208333  0.342 0.000 0.046 0.000  0.834 0.000  1.167 0.000   6.986 0.000  0.423 0.000
339.208333 340.208333  0.995 0.000 0.386 0.000  1.101 0.000  1.541 0.000  11.987 0.000  0.746 0.000
342.208333 343.208333  0.544 0.000 0.043 0.000  0.573 0.000  0.802 0.000   9.845 0.000  0.658 0.000
345.208333 346.208333  0.525 0.000 0.061 0.000  0.407 0.000  0.570 0.000   6.536 0.000  0.561 0.000
348.208333 349.208333  0.519 0.000 0.045 0.000  0.496 0.000  0.694 0.000   5.259 0.000  0.593 0.000
351.208333 352.208333  0.546 0.000 0.151 0.000  0.896 0.000  1.255 0.000  10.807 0.000  0.532 0.000
354.208333 355.208333  0.264 0.000 0.090 0.000  0.227 0.000  0.317 0.000   4.408 0.000  0.269 0.000
357.208333 358.208333  0.133 0.000 0.022 0.000  0.137 0.000  0.192 0.000  11.560 0.000  0.254 0.000
360.208333 361.208333  0.566 0.000 0.200 0.000  0.367 0.000  0.513 0.000   6.903 0.000  0.498 0.000
363.208333 364.208333  0.872 0.000 0.148 0.000  0.637 0.000  0.892 0.000  11.078 0.000  0.879 0.000
