scripts/IMPROVE-2019_partial/data/US9033R.19930102060000.20191216000000.filterpack...1y.3d.US03L_filterpack_US9033.US03L_IMPROVE_Davis.lev2.nas
51 1001
MISSING INFORMATION
US03L, IMPROVE, , , , , , , 
MISSING INFORMATION
IMPROVE sel_HTAP
1 1
1993 01 01 2019 12 16
0
days from file reference point
4
1 1 1 1
999.99 999.999 999.999 9.999
end_time of measurement, days from the file reference point
pm10_mass, ug/m3, Matrix=pm10
pm25_mass, ug/m3, Matrix=pm25
numflag, no unit
0
33
Data definition:              EBAS_1.1
Set type code:                TI
Timezone:                     UTC
File name:                    US9033R.19930102060000.20191216000000.filterpack...1y.3d.US03L_filterpack_US9033.US03L_IMPROVE_Davis.lev2.nas
File creation:                20191218120726
Startdate:                    19930102060000
Revision date:                20191216000000
Version:                      2
Version description:          "Data extracted from http://views.cira.colostate.edu/fed/DataWizard 2019-12-16"
Statistics:                   arithmetic mean
Data level:                   2
Period code:                  1y
Resolution code:              3d
Sample duration:              1d
Orig. time res.:              3d
Station code:                 US9033R
Platform code:                US9033S
Station name:                 Sipsy Wilderness
Station latitude:             34.3433
Station longitude:            -87.3388
Station altitude:             286.0 m
Regime:                       IMG
Component:                    
Unit:                         ug/m3
Matrix:                       
Laboratory code:              US03L
Instrument type:              filterpack
Instrument name:              filterpack_US9033
Method ref:                   US03L_IMPROVE_Davis
Blank correction:             Blank corrected
Volume std. temperature:      ambient
Volume std. pressure:         ambient
starttime endtime PM10 PM2.5 flag
  1.25   2.25  12.520   9.554 0.000
  5.25   6.25  12.800  10.823 0.000
  8.25   9.25  29.209  23.636 0.000
 12.25  13.25   9.231   7.339 0.000
 15.25  16.25  16.122  14.611 0.000
 19.25  20.25  21.706  18.095 0.000
 22.25  23.25  12.101   9.459 0.000
 26.25  27.25  11.903   8.065 0.000
 29.25  30.25  19.960  11.926 0.000
 33.25  34.25  36.403  14.258 0.000
 36.25  37.25 999.999 999.999 0.999
 40.25  41.25  34.981  31.553 0.000
 43.25  44.25  14.176  10.000 0.000
 47.25  48.25  24.202  19.814 0.000
 50.25  51.25  25.385  20.436 0.000
 54.25  55.25  12.358   6.452 0.000
 57.25  58.25  33.279 999.999 0.000
 61.25  62.25  16.000  12.037 0.000
 64.25  65.25  17.922  14.226 0.000
 68.25  69.25  14.016  13.355 0.000
 71.25  72.25  15.097  11.806 0.000
 75.25  76.25  16.206  13.217 0.000
 78.25  79.25  15.508  10.423 0.000
 82.25  83.25  13.400   8.994 0.000
 85.25  86.25  23.686  18.946 0.000
 89.25  90.25   8.764   6.381 0.000
 92.25  93.25  18.764  14.886 0.000
 96.25  97.25  13.701 999.999 0.000
 99.25 100.25  18.231  10.977 0.000
103.25 104.25  24.784  19.484 0.000
106.25 107.25   9.617   6.164 0.000
110.25 111.25   7.077   5.079 0.000
113.25 114.25  18.030  13.028 0.000
117.25 118.25  16.834  12.660 0.000
120.25 121.25  19.618  13.376 0.000
124.25 125.25  15.214  11.285 0.000
127.25 128.25 999.999 999.999 0.999
131.25 132.25  11.355   8.804 0.000
134.25 135.25  27.942  19.103 0.000
138.25 139.25  24.007  19.156 0.000
141.25 142.25  20.289  16.176 0.000
145.25 146.25  21.111  14.419 0.000
148.25 149.25 999.999 999.999 0.999
152.25 153.25  17.316  10.892 0.000
155.25 156.25  28.836  21.317 0.000
159.25 160.25  15.668  11.477 0.000
162.25 163.25  19.107  13.517 0.000
166.25 167.25  34.818  29.182 0.000
169.25 170.25  25.755  19.462 0.000
173.25 174.25  21.516  17.398 0.000
176.25 177.25  13.646   8.495 0.000
180.25 181.25  27.428  13.918 0.000
183.25 184.25  49.783  25.909 0.000
187.25 188.25  30.361  20.940 0.000
190.25 191.25  25.250  22.675 0.000
194.25 195.25  25.623  22.147 0.000
197.25 198.25  16.316  10.491 0.000
201.25 202.25  34.429  28.123 0.000
204.25 205.25  39.036  30.101 0.000
208.25 209.25  24.375  16.593 0.000
211.25 212.25  30.945  21.487 0.000
215.25 216.25  12.800   8.246 0.000
218.25 219.25  25.305  23.043 0.000
222.25 223.25  33.141  28.827 0.000
225.25 226.25  36.071  35.503 0.000
229.25 230.25  52.878  27.906 0.000
232.25 233.25  33.782  25.126 0.000
236.25 237.25  45.906  30.331 0.000
239.25 240.25 999.999 999.999 0.999
243.25 244.25  28.225  23.829 0.000
246.25 247.25  17.464  12.991 0.000
250.25 251.25  20.144  17.908 0.000
253.25 254.25  15.893   7.877 0.000
257.25 258.25   7.786   5.414 0.000
260.25 261.25  28.015  25.519 0.000
264.25 265.25  15.940  11.746 0.000
267.25 268.25  25.338  20.192 0.000
271.25 272.25  15.345   6.625 0.000
274.25 275.25  24.618  14.904 0.000
278.25 279.25  29.659  21.919 0.000
281.25 282.25  23.295  17.468 0.000
285.25 286.25  19.700  14.586 0.000
288.25 289.25  24.644  18.662 0.000
292.25 293.25  19.019  14.437 0.000
295.25 296.25  12.390   8.307 0.000
299.25 300.25  22.972  15.050 0.000
302.25 303.25  11.767   8.788 0.000
306.25 307.25  23.294  17.584 0.000
309.25 310.25  13.532   8.792 0.000
313.25 314.25  30.299  17.299 0.000
316.25 317.25  16.838  12.611 0.000
320.25 321.25 999.999 999.999 0.999
323.25 324.25 999.999 999.999 0.999
327.25 328.25 999.999 999.999 0.999
330.25 331.25 999.999 999.999 0.999
334.25 335.25 999.999 999.999 0.999
337.25 338.25 999.999 999.999 0.999
341.25 342.25  18.661   9.867 0.000
344.25 345.25  10.833   4.867 0.000
348.25 349.25 999.999 999.999 0.999
351.25 352.25 999.999 999.999 0.999
355.25 356.25 999.999 999.999 0.999
358.25 359.25 999.999 999.999 0.999
362.25 363.25  14.486  12.591 0.000
