scripts/IMPROVE-2019_partial/data/US9066R.20060102050000.20191216000000.filterpack..pm25.52w.1w.US03L_filterpack_US9066.US03L_IMPROVE_Davis.lev2.nas
64 1001
MISSING INFORMATION
US03L, IMPROVE, , , , , , , 
MISSING INFORMATION
IMPROVE sel_HTAP
1 1
2006 01 01 2019 12 16
3.000000
days from file reference point
25
1 1 1 1 1 1 1 1 1 1 1 1 1 1 1 1 1 1 1 1 1 1 1 1 1
999.999999 9999.99 9.999 99.99 9.999 9.999 9.999999 99.99 9.999 9.999 9.999999 99.999 9.999 99.999 9.999 999.999 9.999 999.999 9.999 999.999 9.999 9.999 9.999 99.999 9.999999
end_time of measurement, days from the file reference point
iron, ng/m3, Revision date=20181210133000
numflag iron, no unit, Revision date=20181210133000
lead, ng/m3, Revision date=20181210133000
numflag lead, no unit, Revision date=20181210133000
magnesium, ug/m3, Revision date=20181210133000
numflag magnesium, no unit, Revision date=20181210133000
nickel, ng/m3, Revision date=20181210133000
numflag nickel, no unit, Revision date=20181210133000
nitrate, ug N/m3, Revision date=20181210133000
numflag nitrate, no unit, Revision date=20181210133000
organic_carbon, ug C/m3, Revision date=20181210133000
numflag organic_carbon, no unit, Revision date=20181210133000
organic_mass, ug/m3, Revision date=20181210133000
numflag organic_mass, no unit, Revision date=20181210133000
pm10_mass, ug/m3, Version=2, Version description=Data extracted from http://views.cira.colostate.edu/fed/DataWizard 2019-12-16, Sample duration=1d, Orig. time res.=3d, Matrix=pm10, Blank correction=Blank corrected, Volume std. temperature=ambient, Volume std. pressure=ambient
numflag pm10_mass, no unit, Version=2, Version description=Data extracted from http://views.cira.colostate.edu/fed/DataWizard 2019-12-16, Sample duration=1d, Orig. time res.=3d, Matrix=pm10, Blank correction=Blank corrected, Volume std. temperature=ambient, Volume std. pressure=ambient
pm10_pm25_mass, ug/m3, Revision date=20181210133000, Matrix=pm10_pm25
numflag pm10_pm25_mass, no unit, Revision date=20181210133000, Matrix=pm10_pm25
pm25_mass, ug/m3, Version=2, Version description=Data extracted from http://views.cira.colostate.edu/fed/DataWizard 2019-12-16, Sample duration=1d, Orig. time res.=3d, Blank correction=Blank corrected, Volume std. temperature=ambient, Volume std. pressure=ambient
numflag pm25_mass, no unit, Version=2, Version description=Data extracted from http://views.cira.colostate.edu/fed/DataWizard 2019-12-16, Sample duration=1d, Orig. time res.=3d, Blank correction=Blank corrected, Volume std. temperature=ambient, Volume std. pressure=ambient
potassium, ug/m3, Revision date=20181210133000
numflag potassium, no unit, Revision date=20181210133000
sulphate_total, ug S/m3, Revision date=20181210133000
numflag sulphate_total, no unit, Revision date=20181210133000
0
25
Data definition:              EBAS_1.1
Set type code:                TU
Timezone:                     UTC
File name:                    US9066R.20060102050000.20191216000000.filterpack..pm25.52w.1w.US03L_filterpack_US9066.US03L_IMPROVE_Davis.lev2.nas
File creation:                20191218121000
Startdate:                    20060102050000
Revision date:                20191216000000
Statistics:                   arithmetic mean
Data level:                   2
Period code:                  52w
Resolution code:              1w
Station code:                 US9066R
Platform code:                US9066S
Station name:                 Swanquarter
Station latitude:             35.451
Station longitude:            -76.2075
Station altitude:             -3.0 m
Regime:                       IMG
Component:                    
Matrix:                       pm25
Laboratory code:              US03L
Instrument type:              filterpack
Instrument name:              filterpack_US9066
Method ref:                   US03L_IMPROVE_Davis
starttime endtime Fe flag_Fe Pb flag_Pb Mg++ flag_Mg++ Ni flag_Ni NO3- flag_NO3- OC flag_OC OM flag_OM PM10 flag_PM10 PM10-PM2.5 flag_PM10-PM2.5 PM2.5 flag_PM2.5 K+ flag_K+ SO4-- flag_SO4--
  1.208333   2.208333   11.53 0.000  1.49 0.000 0.013 0.000000  0.54 0.000 0.046 0.000000  1.067 0.000  1.493 0.000   7.598 0.000   2.107 0.000   5.491 0.000 0.037 0.000  0.675 0.000000
  4.208333   5.208333 9999.99 0.999 99.99 0.999 9.999 0.999000 99.99 0.999 9.999 0.999000 99.999 0.999 99.999 0.999 999.999 0.999 999.999 0.999 999.999 0.999 9.999 0.999 99.999 0.999000
  7.208333   8.208333   10.77 0.000  1.18 0.000 9.999 0.259000  0.55 0.000 0.122 0.000000  1.351 0.000  1.892 0.000   8.457 0.000   2.648 0.000   5.809 0.000 0.039 0.000  0.709 0.000000
 10.208333  11.208333   36.81 0.000  1.28 0.000 0.022 0.000000  0.67 0.000 0.125 0.000000  0.998 0.000  1.397 0.000  12.626 0.000   5.897 0.000   6.730 0.000 0.049 0.000  0.963 0.000000
 13.208333  14.208333   11.93 0.000  0.57 0.000 0.017 0.000000 99.99 0.259 0.058 0.000000  0.520 0.000  0.728 0.000   6.521 0.000   3.192 0.000   3.329 0.000 0.028 0.000  0.371 0.000000
 16.208333  17.208333   14.24 0.000  1.18 0.000 0.030 0.000000  0.67 0.000 0.107 0.000000  1.784 0.000  2.497 0.000  13.665 0.000   6.197 0.000   7.468 0.000 0.075 0.000  0.676 0.000000
 19.208333  20.208333   13.25 0.000  9.01 0.000 0.011 0.000000  0.61 0.000 0.073 0.000000  0.852 0.000  1.192 0.000   8.648 0.000   3.761 0.000   4.887 0.000 0.028 0.000  0.635 0.000000
 22.208333  23.208333    6.60 0.000  0.37 0.000 0.014 0.000000  0.60 0.000 0.058 0.000000  0.773 0.000  1.083 0.000   7.404 0.000   3.217 0.000   4.187 0.000 0.027 0.000  0.577 0.000000
 25.208333  26.208333    7.74 0.000  0.67 0.000 9.999 0.259000 99.99 0.259 0.022 0.000000  0.396 0.000  0.554 0.000   3.814 0.000   1.393 0.000   2.421 0.000 0.013 0.000  0.399 0.000000
 28.208333  29.208333    8.70 0.000  0.89 0.000 0.029 0.000000  0.32 0.000 0.069 0.000000  0.604 0.000  0.846 0.000   8.068 0.000   4.191 0.000   3.878 0.000 0.031 0.000  0.392 0.000000
 31.208333  32.208333   13.44 0.000  0.87 0.000 9.999 0.259000  0.25 0.000 0.038 0.000000  0.882 0.000  1.235 0.000   9.203 0.000   1.757 0.000   7.446 0.000 0.028 0.000  1.418 0.000000
 34.208333  35.208333    7.01 0.000  0.50 0.000 0.137 0.000000  0.36 0.000 0.078 0.000000  0.572 0.000  0.800 0.000  13.520 0.000   7.886 0.000   5.633 0.000 0.051 0.000  0.463 0.000000
 37.208333  38.208333   19.51 0.000  1.82 0.000 9.999 0.259000  0.40 0.000 0.192 0.000000  1.356 0.000  1.898 0.000   6.815 0.000   2.004 0.000   4.811 0.000 0.038 0.000  0.473 0.000000
 40.208333  41.208333   19.87 0.000  1.26 0.000 9.999 0.259000  0.30 0.000 0.119 0.000000  1.428 0.000  1.999 0.000   8.542 0.000   2.667 0.000   5.875 0.000 0.063 0.000  0.646 0.000000
 43.208333  44.208333   17.59 0.000  1.74 0.000 9.999 0.259000  0.18 0.000 0.167 0.000000  1.256 0.000  1.759 0.000   8.864 0.000   1.400 0.000   7.464 0.000 0.029 0.000  1.170 0.000000
 46.208333  47.208333   12.68 0.000  0.62 0.000 9.999 0.259000  0.66 0.000 0.047 0.000000  0.895 0.000  1.252 0.000   9.081 0.000   3.427 0.000   5.654 0.000 0.034 0.000  0.825 0.000000
 49.208333  50.208333   17.54 0.000  1.31 0.000 9.999 0.259000  0.24 0.000 0.124 0.000000  0.544 0.000  0.762 0.000   7.223 0.000   2.957 0.000   4.266 0.000 0.024 0.000  0.628 0.000000
 52.208333  53.208333   12.65 0.000  1.99 0.000 9.999 0.259000  0.63 0.000 0.548 0.000000  2.006 0.000  2.809 0.000  16.535 0.000   1.874 0.000  14.661 0.000 0.055 0.000  2.347 0.000000
 55.208333  56.208333   14.25 0.000  1.02 0.000 0.008 0.000000  0.35 0.000 0.086 0.000000  0.741 0.000  1.037 0.000   8.117 0.000   4.050 0.000   4.067 0.000 0.052 0.000  0.468 0.000000
 58.208333  59.208333   37.15 0.000  2.58 0.000 9.999 0.259000  0.40 0.000 0.132 0.000000  2.416 0.000  3.382 0.000  13.833 0.000   5.106 0.000   8.726 0.000 0.069 0.000  0.824 0.000000
 61.208333  62.208333   31.74 0.000  2.44 0.000 9.999 0.259000  0.52 0.000 0.153 0.000000  0.944 0.000  1.322 0.000  12.946 0.000   3.821 0.000   9.125 0.000 0.034 0.000  1.669 0.000000
 64.208333  65.208333   16.90 0.000  1.74 0.000 9.999 0.259000  1.06 0.000 0.249 0.000000  1.745 0.000  2.443 0.000  10.848 0.000   2.731 0.000   8.116 0.000 0.047 0.000  1.016 0.000000
 67.208333  68.208333   23.83 0.000  1.78 0.000 0.013 0.000000  0.33 0.000 0.095 0.000000  1.008 0.000  1.411 0.000  14.896 0.000   7.293 0.000   7.604 0.000 0.042 0.000  1.100 0.000000
 70.208333  71.208333    9.51 0.000  1.20 0.000 9.999 0.259000  1.40 0.000 0.098 0.559000  0.776 0.000  1.086 0.000  10.841 0.000   5.068 0.000   5.773 0.000 0.077 0.000  0.788 0.559000
 73.208333  74.208333   28.24 0.000  1.10 0.000 9.999 0.259000  0.17 0.000 0.055 0.000000  0.660 0.000  0.925 0.000   9.837 0.000   5.484 0.000   4.353 0.000 0.024 0.000  0.666 0.000000
 76.208333  77.208333   28.80 0.000  2.09 0.000 0.007 0.000000  0.47 0.000 0.169 0.000000  0.819 0.000  1.147 0.000  10.267 0.000   5.766 0.000   4.501 0.000 0.029 0.000  0.586 0.000000
 79.208333  80.208333   11.64 0.000  1.47 0.000 9.999 0.259000  0.29 0.000 0.054 0.000000  0.403 0.000  0.564 0.000   4.449 0.000   0.990 0.000   3.459 0.000 0.018 0.000  0.542 0.000000
 82.208333  83.208333   20.27 0.000  1.32 0.000 9.999 0.259000  0.46 0.000 0.290 0.000000  0.676 0.000  0.946 0.000   7.763 0.000   2.011 0.000   5.751 0.000 0.017 0.000  0.863 0.000000
 85.208333  86.208333   17.59 0.000  2.07 0.000 9.999 0.259000  0.24 0.000 0.085 0.559000  0.871 0.000  1.219 0.000   9.964 0.000   2.461 0.000   7.502 0.000 0.028 0.000  1.271 0.559000
 88.208333  89.208333   20.49 0.000  2.00 0.000 9.999 0.259000  1.43 0.000 0.043 0.000000  1.751 0.000  2.451 0.000  16.210 0.000   2.993 0.000  13.218 0.000 0.048 0.000  2.086 0.000000
 91.208333  92.208333   20.05 0.000  2.04 0.000 9.999 0.259000  0.39 0.000 0.037 0.000000  0.630 0.000  0.883 0.000  13.699 0.000   3.030 0.000  10.669 0.000 0.019 0.000  2.117 0.000000
 94.208333  95.208333 9999.99 0.999 99.99 0.999 9.999 0.999000 99.99 0.999 9.999 0.999000 99.999 0.999 99.999 0.999 999.999 0.999 999.999 0.999 999.999 0.999 9.999 0.999 99.999 0.999000
 97.208333  98.208333   38.25 0.000  0.74 0.000 0.089 0.000000  1.03 0.000 0.166 0.000000  1.459 0.000  2.042 0.000  18.836 0.000   7.549 0.000  11.288 0.000 0.107 0.000  1.464 0.000000
100.208333 101.208333   23.85 0.000  2.24 0.000 9.999 0.259000  0.62 0.000 0.069 0.000000  0.716 0.000  1.002 0.000   8.220 0.000   3.328 0.000   4.893 0.000 0.068 0.000  0.617 0.000000
103.208333 104.208333   39.75 0.000  0.91 0.000 0.051 0.000000  0.68 0.000 0.198 0.000000  1.689 0.000  2.365 0.000  21.044 0.000   9.920 0.000  11.124 0.000 0.063 0.000  1.369 0.000000
106.208333 107.208333   23.30 0.000  0.99 0.000 0.065 0.000000  0.64 0.000 0.116 0.000000  0.799 0.000  1.119 0.000  14.191 0.000   7.277 0.000   6.913 0.000 0.040 0.000  0.843 0.000000
109.208333 110.208333   48.65 0.000  2.60 0.000 9.999 0.259000  0.35 0.000 0.093 0.559000  2.278 0.000  3.190 0.000  17.913 0.000   6.915 0.000  10.998 0.000 0.048 0.000  1.124 0.559000
112.208333 113.208333   28.12 0.000  0.42 0.000 0.023 0.000000  0.20 0.000 0.053 0.559000  1.359 0.000  1.903 0.000  12.696 0.000   4.783 0.000   7.913 0.000 0.043 0.000  1.010 0.559000
115.208333 116.208333   43.95 0.000  1.25 0.000 0.069 0.000000  0.60 0.000 0.146 0.000000  1.015 0.000  1.421 0.000  16.364 0.000   7.859 0.000   8.505 0.000 0.057 0.000  1.137 0.000000
118.208333 119.208333   22.50 0.000  0.83 0.000 0.037 0.000000  0.40 0.000 0.119 0.559000  0.466 0.000  0.652 0.000  12.845 0.000   8.547 0.000   4.298 0.000 0.036 0.000  0.356 0.559000
121.208333 122.208333   65.48 0.000  1.38 0.000 0.024 0.000000  0.52 0.000 0.142 0.559000  0.993 0.000  1.391 0.000  15.936 0.000   9.950 0.000   5.986 0.000 0.063 0.000  0.427 0.559000
124.208333 125.208333   55.23 0.000  2.15 0.000 9.999 0.259000  0.90 0.000 0.074 0.559000  2.099 0.000  2.938 0.000  24.259 0.000   6.429 0.000  17.829 0.000 0.056 0.000  2.816 0.559000
127.208333 128.208333   24.66 0.000  1.22 0.000 0.068 0.000000  0.45 0.000 0.108 0.559000  0.767 0.000  1.074 0.000  16.960 0.000   7.730 0.000   9.230 0.000 0.056 0.000  1.419 0.559000
130.208333 131.208333   21.26 0.000  0.79 0.000 0.042 0.000000  0.54 0.000 0.094 0.559000  1.100 0.000  1.540 0.000  14.221 0.000   5.125 0.000   9.096 0.000 0.075 0.000  1.343 0.559000
133.208333 134.208333   52.32 0.000  1.54 0.000 9.999 0.259000  0.20 0.000 0.072 0.559000  1.427 0.000  1.998 0.000  14.518 0.000   5.791 0.000   8.726 0.000 0.057 0.000  0.966 0.559000
136.208333 137.208333 9999.99 0.999 99.99 0.999 9.999 0.999000 99.99 0.999 9.999 0.999000 99.999 0.999 99.999 0.999 999.999 0.999 999.999 0.999 999.999 0.999 9.999 0.999 99.999 0.999000
139.208333 140.208333   43.21 0.000  2.00 0.000 9.999 0.259000  0.32 0.000 0.061 0.559000  1.972 0.000  2.761 0.000  14.575 0.000   5.570 0.000   9.005 0.000 0.050 0.000  0.878 0.559000
142.208333 143.208333   41.06 0.000  2.58 0.000 9.999 0.259000  0.42 0.000 0.089 0.559000  1.294 0.000  1.812 0.000  16.099 0.000   6.056 0.000  10.043 0.000 0.039 0.000  1.428 0.559000
145.208333 146.208333   38.31 0.394  1.16 0.394 0.032 0.394000  1.15 0.394 0.174 0.559394  1.980 0.394  2.771 0.394  25.970 0.000   9.342 0.394  16.628 0.000 0.076 0.394  2.417 0.559394
148.208333 149.208333 9999.99 0.999 99.99 0.999 9.999 0.999000 99.99 0.999 9.999 0.999000 99.999 0.999 99.999 0.999 999.999 0.999 999.999 0.999 999.999 0.999 9.999 0.999 99.999 0.999000
151.208333 152.208333 9999.99 0.999 99.99 0.999 9.999 0.999000 99.99 0.999 9.999 0.999000 99.999 0.999 99.999 0.999 999.999 0.999 999.999 0.999 999.999 0.999 9.999 0.999 99.999 0.999000
154.208333 155.208333   12.45 0.000  1.49 0.000 9.999 0.259000  0.25 0.000 0.032 0.559000  1.456 0.000  2.038 0.000  15.221 0.000   4.992 0.000  10.229 0.000 0.024 0.000  1.430 0.559000
157.208333 158.208333   22.51 0.000  1.99 0.000 9.999 0.259000  0.56 0.000 0.052 0.559000  1.841 0.000  2.577 0.000  16.518 0.000   5.121 0.000  11.397 0.000 0.034 0.000  1.559 0.559000
160.208333 161.208333   34.76 0.000  2.20 0.000 9.999 0.259000  0.49 0.000 0.049 0.559000  3.428 0.000  4.800 0.000  23.909 0.000   6.518 0.000  17.390 0.000 0.099 0.000  2.024 0.559000
163.208333 164.208333   17.64 0.000  1.62 0.000 9.999 0.259000  0.78 0.000 0.022 0.559000  0.926 0.000  1.296 0.000  14.498 0.000   3.523 0.000  10.975 0.000 0.024 0.000  1.773 0.559000
166.208333 167.208333   26.46 0.000  2.07 0.000 9.999 0.259000  0.35 0.000 0.036 0.559000  2.412 0.000  3.377 0.000  18.727 0.000   6.824 0.000  11.903 0.000 0.038 0.000  1.325 0.559000
169.208333 170.208333   18.98 0.000  0.55 0.000 0.019 0.000000  0.43 0.000 0.034 0.559000  0.726 0.000  1.016 0.000   9.617 0.000   5.147 0.000   4.470 0.000 0.024 0.000  0.478 0.559000
172.208333 173.208333   43.13 0.000  0.56 0.000 0.023 0.000000  0.73 0.000 0.053 0.559000  0.767 0.000  1.074 0.000  13.798 0.000   5.014 0.000   8.784 0.000 0.046 0.000  1.354 0.559000
175.208333 176.208333    5.26 0.000  0.25 0.000 0.105 0.000000  0.42 0.000 0.048 0.559000  0.174 0.000  0.243 0.000  14.150 0.000   9.575 0.000   4.575 0.000 0.037 0.000  0.436 0.559000
178.208333 179.208333   11.52 0.000  0.35 0.000 9.999 0.259000  0.83 0.000 0.055 0.559000  1.500 0.000  2.100 0.000  18.642 0.000   6.183 0.000  12.460 0.000 0.038 0.000  1.950 0.559000
181.208333 182.208333   20.26 0.000  1.80 0.000 9.999 0.259000  0.68 0.000 0.042 0.559000  2.202 0.000  3.963 0.000  26.265 0.000   5.786 0.000  20.479 0.000 0.052 0.000  3.481 0.559000
184.208333 185.208333   24.78 0.000  1.10 0.000 9.999 0.259000  0.46 0.000 0.036 0.559000  1.870 0.000  3.366 0.000  17.140 0.000   4.837 0.000  12.304 0.000 0.061 0.000  1.764 0.559000
187.208333 188.208333   15.89 0.000  1.12 0.000 0.016 0.000000  0.61 0.000 0.047 0.000000  1.501 0.000  2.701 0.000  11.204 0.000   4.862 0.000   6.342 0.000 0.034 0.000  0.618 0.000000
190.208333 191.208333   42.71 0.000  0.40 0.000 9.999 0.259000  0.76 0.000 0.046 0.559000  0.813 0.000  1.464 0.000   8.002 0.000   3.799 0.000   4.204 0.000 0.038 0.000  0.353 0.559000
193.208333 194.208333 9999.99 0.999 99.99 0.999 9.999 0.999000 99.99 0.999 9.999 0.999000 99.999 0.999 99.999 0.999 999.999 0.999 999.999 0.999 999.999 0.999 9.999 0.999 99.999 0.999000
196.208333 197.208333   47.96 0.000  1.61 0.000 9.999 0.259000  0.55 0.000 0.026 0.559000  1.821 0.000  3.277 0.000  24.097 0.000   5.950 0.000  18.148 0.000 0.044 0.000  3.117 0.559000
199.208333 200.208333 9999.99 0.999 99.99 0.999 9.999 0.999000 99.99 0.999 9.999 0.999000 99.999 0.999 99.999 0.999 999.999 0.999 999.999 0.999 999.999 0.999 9.999 0.999 99.999 0.999000
202.208333 203.208333   20.19 0.000  0.35 0.000 0.012 0.000000  0.39 0.000 0.049 0.559000  0.156 0.000  0.280 0.000   9.090 0.000   6.004 0.000   3.087 0.000 0.024 0.000  0.333 0.559000
205.208333 206.208333    7.02 0.000  0.54 0.000 9.999 0.259000  0.53 0.000 0.024 0.559000  0.778 0.000  1.401 0.000  10.227 0.000   4.016 0.000   6.210 0.000 0.023 0.000  0.992 0.559000
208.208333 209.208333  166.90 0.000  1.18 0.000 9.999 0.259000  0.79 0.000 0.060 0.559000  2.052 0.000  3.693 0.000  25.299 0.000   7.675 0.000  17.625 0.000 0.087 0.000  2.289 0.559000
211.208333 212.208333   86.36 0.000  4.13 0.000 9.999 0.259000  0.32 0.000 0.023 0.559000  3.733 0.000  6.720 0.000  35.556 0.000   6.152 0.000  29.404 0.000 0.060 0.000  4.620 0.559000
214.208333 215.208333  136.81 0.000  1.59 0.000 9.999 0.259000  0.91 0.000 0.041 0.559000  3.448 0.000  6.206 0.000  47.599 0.000  24.272 0.000  23.326 0.000 0.091 0.000  2.996 0.559000
217.208333 218.208333   11.86 0.000  0.69 0.000 9.999 0.259000  1.15 0.000 0.022 0.559000  1.442 0.000  2.596 0.000  13.034 0.000   5.887 0.000   7.147 0.000 0.021 0.000  0.817 0.559000
220.208333 221.208333 9999.99 0.999 99.99 0.999 9.999 0.999000 99.99 0.999 9.999 0.999000 99.999 0.999 99.999 0.999 999.999 0.999 999.999 0.999 999.999 0.999 9.999 0.999 99.999 0.999000
223.208333 224.208333    5.32 0.000  0.35 0.000 0.015 0.000000  0.35 0.000 0.052 0.000000  0.611 0.000  1.101 0.000  10.837 0.000   7.725 0.000   3.112 0.000 0.017 0.000  0.266 0.000000
226.208333 227.208333    8.01 0.000  0.40 0.000 9.999 0.259000  0.54 0.000 0.037 0.559000  0.801 0.000  1.441 0.000   9.214 0.000   4.129 0.000   5.086 0.000 0.124 0.000  0.617 0.559000
229.208333 230.208333   85.19 0.000  0.52 0.000 0.016 0.000000  0.26 0.000 0.045 0.559000  0.469 0.000  0.844 0.000  10.962 0.000   7.097 0.000   3.865 0.000 0.047 0.000  0.277 0.559000
232.208333 233.208333 9999.99 0.456 99.99 0.456 9.999 0.456000 99.99 0.456 9.999 0.456000 99.999 0.456 99.999 0.456 999.999 0.456 999.999 0.456 999.999 0.456 9.999 0.456 99.999 0.456000
235.208333 236.208333 9999.99 0.999 99.99 0.999 9.999 0.999000 99.99 0.999 9.999 0.999000 99.999 0.999 99.999 0.999 999.999 0.999 999.999 0.999 999.999 0.999 9.999 0.999 99.999 0.999000
238.208333 239.208333 9999.99 0.999 99.99 0.999 9.999 0.999000 99.99 0.999 9.999 0.999000 99.999 0.999 99.999 0.999 999.999 0.999 999.999 0.999 999.999 0.999 9.999 0.999 99.999 0.999000
241.208333 242.208333 9999.99 0.999 99.99 0.999 9.999 0.999000 99.99 0.999 9.999 0.999000 99.999 0.999 99.999 0.999 999.999 0.999 999.999 0.999 999.999 0.999 9.999 0.999 99.999 0.999000
244.208333 245.208333    1.91 0.000  0.40 0.000 9.999 0.259000 99.99 0.259 0.011 0.559000  0.797 0.000  1.436 0.000   6.035 0.000   3.240 0.000   2.795 0.000 0.011 0.000  0.143 0.559000
247.208333 248.208333    9.71 0.000  0.32 0.000 9.999 0.259000  0.32 0.000 0.026 0.559000  0.729 0.000  1.313 0.000  10.192 0.000   6.540 0.000   3.652 0.000 0.024 0.000  0.387 0.559000
250.208333 251.208333   21.31 0.000  2.46 0.000 0.014 0.000000  1.15 0.000 0.024 0.559000  1.252 0.000  2.253 0.000  18.801 0.000   4.455 0.000  14.346 0.000 0.027 0.000  2.453 0.559000
253.208333 254.208333   13.60 0.000  1.14 0.000 0.034 0.000000  0.55 0.000 0.070 0.559000  0.813 0.000  1.463 0.000  19.483 0.000  10.724 0.000   8.759 0.000 0.040 0.000  1.293 0.559000
256.208333 257.208333    4.55 0.000  0.11 0.000 0.055 0.000000  0.21 0.000 0.052 0.559000  0.616 0.000  1.109 0.000   9.814 0.000   6.122 0.000   3.692 0.000 0.034 0.000  0.305 0.559000
