scripts/IMPROVE-2019_partial/data/US9064R.19960103070000.20191216000000.filterpack.pm25_mass.pm25.1y.3d.US03L_filterpack_US9064.US03L_IMPROVE_Davis.lev2.nas
50 1001
MISSING INFORMATION
US03L, IMPROVE, , , , , , , 
MISSING INFORMATION
IMPROVE sel_HTAP
1 1
1996 01 01 2019 12 16
0
days from file reference point
3
1 1 1
999.999999 999.999 9.999
end_time of measurement, days from the file reference point
pm25_mass, ug/m3
numflag pm25_mass, no unit
0
33
Data definition:              EBAS_1.1
Set type code:                TI
Timezone:                     UTC
File name:                    US9064R.19960103070000.20191216000000.filterpack.pm25_mass.pm25.1y.3d.US03L_filterpack_US9064.US03L_IMPROVE_Davis.lev2.nas
File creation:                20191218120950
Startdate:                    19960103070000
Revision date:                20191216000000
Version:                      2
Version description:          "Data extracted from http://views.cira.colostate.edu/fed/DataWizard 2019-12-16"
Statistics:                   arithmetic mean
Data level:                   2
Period code:                  1y
Resolution code:              3d
Sample duration:              1d
Orig. time res.:              3d
Station code:                 US9064R
Platform code:                US9064S
Station name:                 Sula Peak
Station latitude:             45.8598
Station longitude:            -114.0001
Station altitude:             1895.0 m
Regime:                       IMG
Component:                    pm25_mass
Unit:                         ug/m3
Matrix:                       pm25
Laboratory code:              US03L
Instrument type:              filterpack
Instrument name:              filterpack_US9064
Method ref:                   US03L_IMPROVE_Davis
Blank correction:             Blank corrected
Volume std. temperature:      ambient
Volume std. pressure:         ambient
starttime endtime PM2.5 flag_PM2.5
  2.291667   3.291667   0.452 0.000
  5.291667   6.291667 999.999 0.259
  9.291667  10.291667   0.420 0.000
 12.291667  13.291667   0.581 0.000
 16.291667  17.291667   0.717 0.000
 19.291667  20.291667 999.999 0.259
 23.291667  24.291667 999.999 0.259
 26.291667  27.291667   1.286 0.000
 30.291667  31.291667 999.999 0.999
 33.291667  34.291667 999.999 0.999
 37.291667  38.291667 999.999 0.999
 40.291667  41.291667 999.999 0.999
 44.291667  45.291667   1.934 0.000
 47.291667  48.291667   1.522 0.000
 51.291667  52.291667   1.147 0.000
 54.291667  55.291667   2.074 0.000
 58.291667  59.291667   3.321 0.000
 61.291667  62.291667   1.415 0.000
 65.291667  66.291667   2.071 0.000
 68.291667  69.291667   1.688 0.000
 72.291667  73.291667   2.156 0.000
 75.291667  76.291667   1.903 0.000
 79.291667  80.291667   3.440 0.000
 82.291667  83.291667   2.624 0.000
 86.291667  87.291667   2.926 0.000
 89.291667  90.291667   2.315 0.000
 93.291667  94.291667   1.557 0.000
 96.291667  97.291667   1.900 0.000
100.291667 101.291667   1.790 0.000
103.291667 104.291667   0.584 0.000
107.291667 108.291667   1.028 0.000
110.291667 111.291667   0.872 0.000
114.291667 115.291667   0.974 0.000
117.291667 118.291667   1.571 0.000
121.291667 122.291667   3.191 0.000
124.291667 125.291667   3.660 0.000
128.291667 129.291667   4.692 0.000
131.291667 132.291667   6.381 0.000
135.291667 136.291667   0.744 0.000
138.291667 139.291667   0.682 0.000
142.291667 143.291667   1.704 0.000
145.291667 146.291667   1.752 0.000
149.291667 150.291667   1.721 0.000
152.291667 153.291667   3.749 0.000
156.291667 157.291667   4.064 0.000
159.291667 160.291667   6.550 0.000
163.291667 164.291667   5.556 0.000
166.291667 167.291667   3.799 0.000
170.291667 171.291667   2.315 0.000
173.291667 174.291667   1.736 0.000
177.291667 178.291667   3.368 0.000
180.291667 181.291667   2.128 0.000
184.291667 185.291667   3.824 0.000
187.291667 188.291667   2.345 0.000
191.291667 192.291667   4.528 0.000
194.291667 195.291667   5.293 0.000
198.291667 199.291667   3.305 0.000
201.291667 202.291667   1.941 0.000
205.291667 206.291667   4.318 0.000
208.291667 209.291667   4.227 0.000
212.291667 213.291667   4.333 0.000
215.291667 216.291667   3.379 0.000
219.291667 220.291667   3.841 0.000
222.291667 223.291667  15.057 0.000
226.291667 227.291667  20.901 0.000
229.291667 230.291667  19.812 0.000
233.291667 234.291667   4.191 0.000
236.291667 237.291667  13.411 0.000
240.291667 241.291667   7.587 0.000
243.291667 244.291667  13.512 0.000
247.291667 248.291667   5.966 0.000
250.291667 251.291667   2.967 0.000
254.291667 255.291667   7.298 0.000
257.291667 258.291667   3.844 0.000
261.291667 262.291667   3.631 0.000
264.291667 265.291667   2.867 0.000
268.291667 269.291667   3.052 0.000
271.291667 272.291667   2.958 0.000
275.291667 276.291667   3.328 0.000
278.291667 279.291667   3.837 0.000
282.291667 283.291667   2.572 0.000
285.291667 286.291667   4.598 0.000
289.291667 290.291667 999.999 0.999
292.291667 293.291667   0.461 0.000
296.291667 297.291667   2.677 0.000
299.291667 300.291667   4.193 0.000
303.291667 304.291667   4.751 0.000
306.291667 307.291667   2.430 0.000
310.291667 311.291667   1.761 0.000
313.291667 314.291667   1.800 0.000
317.291667 318.291667 999.999 0.999
320.291667 321.291667   5.901 0.000
324.291667 325.291667 999.999 0.999
327.291667 328.291667   1.086 0.000
331.291667 332.291667   0.664 0.000
334.291667 335.291667   0.761 0.000
338.291667 339.291667   1.876 0.000
341.291667 342.291667   0.527 0.000
345.291667 346.291667   0.576 0.000
348.291667 349.291667   0.745 0.000
352.291667 353.291667   0.831 0.000
355.291667 356.291667   0.664 0.000
359.291667 360.291667   2.093 0.000
362.291667 363.291667   1.362 0.000
