scripts/IMPROVE-2019_partial/data/US9074R.20060102080000.20191216000000.filterpack..pm25.52w.1w.US03L_filterpack_US9074.US03L_IMPROVE_Davis.lev2.nas
66 1001
MISSING INFORMATION
US03L, IMPROVE, , , , , , , 
MISSING INFORMATION
IMPROVE sel_HTAP
1 1
2006 01 01 2019 12 16
3.000000
days from file reference point
27
1 1 1 1 1 1 1 1 1 1 1 1 1 1 1 1 1 1 1 1 1 1 1 1 1 1 1
999.999999 9999.99 9.999 99.99 9.999999 9.999 9.999999 9.99 9.999999 9.999 9.999 99.999 9.999 999.999 9.999 99.99 9.999999 999.999 9.999 999.999 9.999 999.999 9.999 9.999 9.999 9.999 9.999
end_time of measurement, days from the file reference point
iron, ng/m3, Revision date=20181210133000
numflag iron, no unit, Revision date=20181210133000
lead, ng/m3, Revision date=20181210133000
numflag lead, no unit, Revision date=20181210133000
magnesium, ug/m3, Revision date=20181210133000
numflag magnesium, no unit, Revision date=20181210133000
nickel, ng/m3, Revision date=20181210133000
numflag nickel, no unit, Revision date=20181210133000
nitrate, ug N/m3, Revision date=20181210133000
numflag nitrate, no unit, Revision date=20181210133000
organic_carbon, ug C/m3, Revision date=20181210133000
numflag organic_carbon, no unit, Revision date=20181210133000
organic_mass, ug/m3, Revision date=20181210133000
numflag organic_mass, no unit, Revision date=20181210133000
phosphorus, ng/m3, Revision date=20181210133000
numflag phosphorus, no unit, Revision date=20181210133000
pm10_mass, ug/m3, Version=2, Version description=Data extracted from http://views.cira.colostate.edu/fed/DataWizard 2019-12-16, Sample duration=1d, Orig. time res.=3d, Matrix=pm10, Blank correction=Blank corrected, Volume std. temperature=ambient, Volume std. pressure=ambient
numflag pm10_mass, no unit, Version=2, Version description=Data extracted from http://views.cira.colostate.edu/fed/DataWizard 2019-12-16, Sample duration=1d, Orig. time res.=3d, Matrix=pm10, Blank correction=Blank corrected, Volume std. temperature=ambient, Volume std. pressure=ambient
pm10_pm25_mass, ug/m3, Revision date=20181210133000, Matrix=pm10_pm25
numflag pm10_pm25_mass, no unit, Revision date=20181210133000, Matrix=pm10_pm25
pm25_mass, ug/m3, Version=2, Version description=Data extracted from http://views.cira.colostate.edu/fed/DataWizard 2019-12-16, Sample duration=1d, Orig. time res.=3d, Blank correction=Blank corrected, Volume std. temperature=ambient, Volume std. pressure=ambient
numflag pm25_mass, no unit, Version=2, Version description=Data extracted from http://views.cira.colostate.edu/fed/DataWizard 2019-12-16, Sample duration=1d, Orig. time res.=3d, Blank correction=Blank corrected, Volume std. temperature=ambient, Volume std. pressure=ambient
potassium, ug/m3, Revision date=20181210133000
numflag potassium, no unit, Revision date=20181210133000
sulphate_total, ug S/m3, Revision date=20181210133000
numflag sulphate_total, no unit, Revision date=20181210133000
0
25
Data definition:              EBAS_1.1
Set type code:                TU
Timezone:                     UTC
File name:                    US9074R.20060102080000.20191216000000.filterpack..pm25.52w.1w.US03L_filterpack_US9074.US03L_IMPROVE_Davis.lev2.nas
File creation:                20191218121037
Startdate:                    20060102080000
Revision date:                20191216000000
Statistics:                   arithmetic mean
Data level:                   2
Period code:                  52w
Resolution code:              1w
Station code:                 US9074R
Platform code:                US9074S
Station name:                 Three Sisters Wilderness
Station latitude:             44.291
Station longitude:            -122.0434
Station altitude:             885.0 m
Regime:                       IMG
Component:                    
Matrix:                       pm25
Laboratory code:              US03L
Instrument type:              filterpack
Instrument name:              filterpack_US9074
Method ref:                   US03L_IMPROVE_Davis
starttime endtime Fe flag_Fe Pb flag_Pb Mg++ flag_Mg++ Ni flag_Ni NO3- flag_NO3- OC flag_OC OM flag_OM P flag_P PM10 flag_PM10 PM10-PM2.5 flag_PM10-PM2.5 PM2.5 flag_PM2.5 K+ flag_K+ SO4-- flag_SO4--
  1.333333   2.333333    2.21 0.000  0.11 0.000000 9.999 0.259000 9.99 0.259000 0.001 0.000  0.098 0.000   0.137 0.000 99.99 0.259000   0.125 0.000   0.059 0.000   0.090 0.000 0.001 0.000 0.006 0.000
  4.333333   5.333333    1.98 0.000  0.41 0.000000 9.999 0.259000 9.99 0.259000 0.002 0.000  0.266 0.000   0.372 0.000 99.99 0.259000   1.210 0.000   0.534 0.000   0.676 0.000 0.007 0.000 0.047 0.000
  7.333333   8.333333    0.37 0.000  0.13 0.000000 9.999 0.259000 9.99 0.259000 0.000 0.000 99.999 0.259 999.999 0.259  1.51 0.000000 999.999 0.259   0.061 0.000 999.999 0.259 9.999 0.259 0.000 0.000
 10.333333  11.333333    0.28 0.000  0.10 0.000000 9.999 0.259000 9.99 0.259000 0.005 0.000  0.039 0.000   0.055 0.000 99.99 0.259000   0.876 0.000   0.283 0.000   0.593 0.000 0.004 0.000 0.021 0.000
 13.333333  14.333333    0.43 0.000  0.21 0.000000 0.012 0.000000 9.99 0.259000 0.004 0.000  0.037 0.000   0.051 0.000 99.99 0.259000   0.501 0.000   0.353 0.000   0.238 0.000 0.002 0.000 0.017 0.000
 16.333333  17.333333    0.28 0.000  0.15 0.000000 9.999 0.259000 9.99 0.259000 0.058 0.000 99.999 0.259 999.999 0.259  1.97 0.000000 999.999 0.259   0.062 0.000   0.030 0.000 0.001 0.000 0.044 0.000
 19.333333  20.333333    0.22 0.000  0.19 0.000000 9.999 0.259000 9.99 0.259000 0.002 0.000 99.999 0.259 999.999 0.259 99.99 0.259000   0.083 0.000   0.061 0.000   0.207 0.000 0.001 0.000 0.004 0.000
 22.333333  23.333333    4.81 0.000  0.34 0.000000 9.999 0.259000 9.99 0.259000 0.004 0.000  0.238 0.000   0.333 0.000 99.99 0.259000   0.792 0.000   0.384 0.000   0.408 0.000 0.006 0.000 0.036 0.000
 25.333333  26.333333    0.38 0.000  0.15 0.000000 0.006 0.000000 9.99 0.259000 0.003 0.000  0.029 0.000   0.041 0.000 99.99 0.259000   0.376 0.000   0.061 0.000   0.148 0.000 0.002 0.000 0.024 0.000
 28.333333  29.333333    0.77 0.000  0.14 0.000000 0.004 0.000000 9.99 0.259000 0.001 0.000 99.999 0.259 999.999 0.259 99.99 0.259000 999.999 0.259   0.061 0.000 999.999 0.259 0.002 0.000 0.006 0.000
 31.333333  32.333333    1.78 0.000 99.99 0.259000 9.999 0.259000 9.99 0.259000 0.011 0.000 99.999 0.259 999.999 0.259 99.99 0.259000   1.304 0.000   0.697 0.000   0.607 0.000 0.007 0.000 0.026 0.000
 34.333333  35.333333    1.34 0.000 99.99 0.259000 9.999 0.259000 9.99 0.259000 0.004 0.000 99.999 0.259 999.999 0.259 99.99 0.259000   1.264 0.000   0.424 0.000   0.839 0.000 0.008 0.000 0.041 0.000
 37.333333  38.333333   12.81 0.000  0.43 0.000000 9.999 0.259000 9.99 0.259000 0.013 0.559  0.274 0.000   0.383 0.000 99.99 0.259000   1.736 0.000   0.652 0.000   1.084 0.000 0.012 0.000 0.072 0.559
 40.333333  41.333333    8.71 0.000  0.54 0.000000 0.010 0.000000 9.99 0.259000 0.062 0.559  0.401 0.000   0.561 0.000 99.99 0.259000   2.530 0.000   1.162 0.000   1.369 0.000 0.015 0.000 0.074 0.559
 43.333333  44.333333    5.46 0.000  0.18 0.000000 9.999 0.259000 0.18 0.000000 0.010 0.559  0.335 0.000   0.468 0.000 99.99 0.259000   1.222 0.000   0.242 0.000   0.980 0.000 0.009 0.000 0.056 0.559
 46.333333  47.333333   11.02 0.000  0.67 0.000000 9.999 0.259000 9.99 0.259000 0.044 0.000  0.353 0.000   0.494 0.000 99.99 0.259000   3.062 0.000   1.333 0.000   1.729 0.000 0.016 0.000 0.150 0.000
 49.333333  50.333333    9.58 0.000  0.45 0.000000 0.011 0.000000 9.99 0.259000 0.030 0.559  0.489 0.000   0.684 0.000 99.99 0.259000   2.279 0.000   0.558 0.000   1.722 0.000 0.012 0.000 0.160 0.559
 52.333333  53.333333    7.20 0.000  0.93 0.000000 9.999 0.259000 9.99 0.259000 0.027 0.559  0.527 0.000   0.738 0.000 99.99 0.259000   2.365 0.000   0.817 0.000   1.548 0.000 0.018 0.000 0.091 0.559
 55.333333  56.333333   21.32 0.000  1.16 0.000000 9.999 0.259000 9.99 0.259000 0.013 0.000  0.390 0.000   0.547 0.000 99.99 0.259000   2.277 0.000   0.746 0.000   1.531 0.000 0.024 0.000 0.140 0.000
 58.333333  59.333333    2.00 0.000  0.34 0.000000 9.999 0.259000 9.99 0.259000 0.004 0.000  0.065 0.000   0.091 0.000 99.99 0.259000   0.212 0.000   0.057 0.000 999.999 0.259 0.002 0.000 0.004 0.000
 61.333333  62.333333    8.70 0.000  0.92 0.000000 9.999 0.259000 9.99 0.259000 0.024 0.000  0.365 0.000   0.511 0.000 99.99 0.259000   1.579 0.000 999.999 0.259   1.596 0.000 0.014 0.000 0.079 0.000
 64.333333  65.333333    1.10 0.000 99.99 0.259000 9.999 0.259000 9.99 0.259000 0.003 0.000  0.111 0.000   0.156 0.000 99.99 0.259000   0.415 0.000   0.115 0.000   0.300 0.000 0.003 0.000 0.013 0.000
 67.333333  68.333333    6.97 0.000  0.93 0.000000 9.999 0.259000 0.11 0.000000 0.006 0.000 99.999 0.259 999.999 0.259 99.99 0.259000   1.544 0.000   0.418 0.000   1.126 0.000 0.013 0.000 0.164 0.000
 70.333333  71.333333    3.79 0.000  0.82 0.000000 9.999 0.259000 9.99 0.259000 0.013 0.559  0.287 0.000   0.402 0.000 99.99 0.259000   2.916 0.000   1.824 0.000   1.092 0.000 0.008 0.000 0.086 0.559
 73.333333  74.333333    5.83 0.000  0.20 0.000000 9.999 0.259000 9.99 0.259000 0.001 0.559  0.045 0.000   0.063 0.000 99.99 0.259000   0.169 0.000 999.999 0.259   0.392 0.000 0.004 0.000 0.021 0.559
 76.333333  77.333333   12.23 0.000  0.62 0.000000 9.999 0.259000 9.99 0.259000 0.010 0.559  0.179 0.000   0.251 0.000 99.99 0.259000   1.175 0.000   0.427 0.000   0.749 0.000 0.010 0.000 0.110 0.559
 79.333333  80.333333    0.84 0.000 99.99 0.259000 9.999 0.259000 9.99 0.259000 0.002 0.000  0.032 0.000   0.044 0.000 99.99 0.259000 999.999 0.259   0.061 0.000 999.999 0.259 0.002 0.000 0.008 0.000
 82.333333  83.333333   18.55 0.000  0.57 0.000000 9.999 0.259000 9.99 0.259000 0.012 0.000  0.115 0.000   0.161 0.000 99.99 0.259000   1.680 0.000   0.662 0.000   1.018 0.000 0.018 0.000 0.136 0.000
 85.333333  86.333333   31.64 0.000  0.78 0.000000 9.999 0.259000 9.99 0.259000 0.016 0.559  0.388 0.000   0.543 0.000 99.99 0.259000   3.111 0.000   1.372 0.000   1.739 0.000 0.023 0.000 0.107 0.559
 88.333333  89.333333    3.01 0.000  0.23 0.000000 9.999 0.259000 9.99 0.259000 0.005 0.000  0.065 0.000   0.091 0.000 99.99 0.259000   0.632 0.000   0.179 0.000   0.452 0.000 0.006 0.000 0.040 0.000
 91.333333  92.333333   14.44 0.000  0.35 0.000000 0.009 0.000000 0.11 0.000000 0.004 0.559  0.096 0.000   0.134 0.000 99.99 0.259000   1.154 0.000   0.454 0.000   0.699 0.000 0.012 0.000 0.101 0.559
 94.333333  95.333333    4.13 0.000  0.22 0.000000 9.999 0.259000 9.99 0.259000 0.019 0.000  0.318 0.000   0.446 0.000 99.99 0.259000   1.428 0.000   0.281 0.000   1.147 0.000 0.008 0.000 0.117 0.000
 97.333333  98.333333    7.13 0.000  0.33 0.000000 0.005 0.000000 0.16 0.000000 0.005 0.000  0.149 0.000   0.209 0.000 99.99 0.259000   0.882 0.000   0.251 0.000   0.631 0.000 0.008 0.000 0.067 0.000
100.333333 101.333333    4.19 0.000 99.99 0.259000 9.999 0.259000 9.99 0.259000 0.002 0.000  0.063 0.000   0.088 0.000 99.99 0.259000   0.551 0.000   0.186 0.000   0.366 0.000 0.004 0.000 0.032 0.000
103.333333 104.333333    4.65 0.000  0.16 0.000000 9.999 0.259000 0.14 0.000000 0.009 0.000  0.154 0.000   0.216 0.000 99.99 0.259000   0.839 0.000   0.325 0.000   0.514 0.000 0.007 0.000 0.040 0.000
106.333333 107.333333    2.32 0.000 99.99 0.259000 9.999 0.259000 0.07 0.000000 0.002 0.000 99.999 0.259 999.999 0.259 99.99 0.259000   0.252 0.000   0.061 0.000   0.208 0.000 0.003 0.000 0.024 0.000
109.333333 110.333333   36.53 0.000  0.63 0.000000 9.999 0.259000 9.99 0.259000 0.027 0.000  0.839 0.000   1.175 0.000 99.99 0.259000   5.081 0.000   1.934 0.000   3.147 0.000 0.029 0.000 0.126 0.000
112.333333 113.333333   65.61 0.000  0.39 0.000000 0.030 0.000000 9.99 0.259000 0.015 0.000  0.484 0.000   0.678 0.000 99.99 0.259000  11.332 0.000   9.024 0.000   2.308 0.000 0.032 0.000 0.117 0.000
115.333333 116.333333  117.16 0.000  1.67 0.000000 0.052 0.000000 0.15 0.000000 0.065 0.559  1.095 0.000   1.533 0.000 99.99 0.259000  11.119 0.000   4.998 0.000   6.121 0.000 0.079 0.000 0.331 0.559
118.333333 119.333333   33.07 0.000  1.41 0.000000 0.011 0.000000 9.99 0.259000 0.018 0.559  1.961 0.000   2.746 0.000 99.99 0.259000   6.516 0.000   1.833 0.000   4.683 0.000 0.033 0.000 0.108 0.559
121.333333 122.333333   49.50 0.000  1.17 0.000000 9.999 0.259000 0.10 0.000000 0.049 0.559  0.527 0.000   0.738 0.000 99.99 0.259000   6.428 0.000   3.203 0.000   3.224 0.000 0.039 0.000 0.214 0.559
124.333333 125.333333   88.00 0.000  1.59 0.000000 0.024 0.000000 9.99 0.259000 0.053 0.559  1.808 0.000   2.531 0.000 99.99 0.259000  11.543 0.000   4.927 0.000   6.616 0.000 0.063 0.000 0.421 0.559
127.333333 128.333333   35.04 0.000  1.19 0.000000 0.013 0.000000 9.99 0.259000 0.033 0.559  0.302 0.000   0.423 0.000 99.99 0.259000   3.975 0.000   1.622 0.000   2.353 0.000 0.030 0.000 0.192 0.559
130.333333 131.333333   64.62 0.000  1.77 0.000000 9.999 0.259000 0.20 0.000000 0.067 0.559  2.702 0.000   3.783 0.000 99.99 0.259000  10.980 0.000   3.303 0.000   7.676 0.000 0.062 0.000 0.356 0.559
133.333333 134.333333   57.70 0.000  1.90 0.000000 9.999 0.259000 9.99 0.259000 0.030 0.559  3.341 0.000   4.677 0.000 99.99 0.259000  13.161 0.000   4.649 0.000   8.511 0.000 0.056 0.000 0.337 0.559
136.333333 137.333333   69.76 0.000  1.33 0.000000 9.999 0.259000 0.19 0.000000 0.033 0.559  2.343 0.000   3.280 0.000 99.99 0.259000  11.010 0.000   4.076 0.000   6.934 0.000 0.050 0.000 0.283 0.559
139.333333 140.333333    4.07 0.000  0.42 0.000000 9.999 0.259000 9.99 0.259000 0.002 0.559  0.326 0.000   0.456 0.000 99.99 0.259000   1.082 0.000   0.627 0.000   0.455 0.000 0.006 0.000 0.027 0.559
142.333333 143.333333    3.70 0.000  0.28 0.000000 9.999 0.259000 9.99 0.259000 0.003 0.559  0.228 0.000   0.319 0.000 99.99 0.259000   1.296 0.000   0.542 0.000   0.754 0.000 0.009 0.000 0.060 0.559
145.333333 146.333333    0.76 0.000 99.99 0.259000 9.999 0.259000 9.99 0.259000 0.001 0.559  0.034 0.000   0.048 0.000 99.99 0.259000   0.461 0.000   0.310 0.000   0.242 0.000 0.004 0.000 0.020 0.559
148.333333 149.333333    7.65 0.000 99.99 0.259000 9.999 0.259000 9.99 0.259000 0.006 0.559  0.368 0.000   0.516 0.000 99.99 0.259000   2.295 0.000   1.033 0.000   1.262 0.000 0.012 0.000 0.081 0.559
151.333333 152.333333    9.52 0.000  0.54 0.000000 0.005 0.000000 9.99 0.259000 0.006 0.559  0.827 0.000   1.158 0.000 99.99 0.259000   2.886 0.000   0.706 0.000   2.180 0.000 0.017 0.000 0.069 0.559
154.333333 155.333333    4.26 0.000  0.24 0.000000 0.008 0.000000 0.06 0.000000 0.002 0.559  0.199 0.000   0.278 0.000 99.99 0.259000   0.875 0.000   0.453 0.000   0.422 0.000 0.009 0.000 0.040 0.559
157.333333 158.333333   25.10 0.000  1.31 0.000000 0.014 0.000000 0.23 0.000000 0.025 0.559  1.178 0.000   1.649 0.000 99.99 0.259000   6.504 0.000   2.338 0.000   4.167 0.000 0.028 0.000 0.315 0.559
160.333333 161.333333   30.02 0.000  1.32 0.000000 9.999 0.259000 0.13 0.000000 0.024 0.559  0.963 0.000   1.348 0.000 99.99 0.259000   8.962 0.000   4.853 0.000   4.109 0.000 0.024 0.000 0.337 0.559
163.333333 164.333333    3.56 0.000  0.30 0.000000 9.999 0.259000 9.99 0.259000 0.004 0.559  0.139 0.000   0.194 0.000 99.99 0.259000   1.834 0.000   1.233 0.000   0.601 0.000 0.007 0.000 0.035 0.559
166.333333 167.333333    7.04 0.000  0.28 0.000000 0.006 0.000000 9.99 0.259000 0.003 0.559  0.233 0.000   0.326 0.000 99.99 0.259000   2.756 0.000   1.604 0.000   1.151 0.000 0.013 0.000 0.055 0.559
169.333333 170.333333   20.71 0.000  0.68 0.000000 0.016 0.000000 9.99 0.259000 0.043 0.559  0.585 0.000   0.819 0.000 99.99 0.259000   6.345 0.000   3.117 0.000   3.227 0.000 0.023 0.000 0.303 0.559
172.333333 173.333333   37.28 0.000  1.53 0.000000 9.999 0.259000 0.19 0.000000 0.025 0.559  1.289 0.000   1.804 0.000 99.99 0.259000   8.648 0.000   4.306 0.000   4.341 0.000 0.032 0.000 0.302 0.559
175.333333 176.333333   51.35 0.000  1.15 0.000000 0.015 0.000000 9.99 0.259000 0.009 0.559  1.114 0.000   1.560 0.000 99.99 0.259000   9.279 0.000   5.414 0.000   3.865 0.000 0.029 0.000 0.275 0.559
178.333333 179.333333   57.01 0.000  0.85 0.000000 0.038 0.000000 0.18 0.000000 0.109 0.559  2.150 0.000   3.009 0.000 99.99 0.259000  13.323 0.000   6.473 0.000   6.850 0.000 0.037 0.000 0.281 0.559
181.333333 182.333333   43.87 0.000  1.35 0.000000 0.015 0.000000 0.33 0.000000 0.028 0.559  1.821 0.000   3.278 0.000 99.99 0.259000  12.909 0.000   7.742 0.000   5.167 0.000 0.034 0.000 0.223 0.559
184.333333 185.333333   24.54 0.000  1.05 0.000000 9.999 0.259000 0.29 0.000000 0.043 0.559  1.945 0.000   3.501 0.000 99.99 0.259000   9.152 0.000   2.889 0.000   6.263 0.000 0.066 0.000 0.415 0.559
187.333333 188.333333   14.75 0.000  0.37 0.000000 0.009 0.000000 9.99 0.259000 0.005 0.559  0.448 0.000   0.806 0.000 99.99 0.259000   3.978 0.000   2.332 0.000   1.647 0.000 0.015 0.000 0.106 0.559
190.333333 191.333333   22.76 0.000  0.73 0.000000 9.999 0.259000 9.99 0.259000 0.010 0.559  0.681 0.000   1.226 0.000 99.99 0.259000   4.832 0.000   2.896 0.000   1.936 0.000 0.016 0.000 0.079 0.559
193.333333 194.333333    6.16 0.000  0.21 0.000000 9.999 0.259000 9.99 0.259000 0.004 0.559  0.457 0.000   0.823 0.000 99.99 0.259000   2.619 0.000   1.261 0.000   1.359 0.000 0.010 0.000 0.058 0.559
196.333333 197.333333   19.44 0.000  0.79 0.000000 9.999 0.259000 0.17 0.000000 0.011 0.559  0.995 0.000   1.790 0.000 99.99 0.259000   6.665 0.000   3.552 0.000   3.113 0.000 0.015 0.000 0.166 0.559
199.333333 200.333333   55.91 0.000  0.71 0.000000 9.999 0.259000 0.28 0.000000 0.024 0.559  0.812 0.000   1.461 0.000 99.99 0.259000  12.038 0.000   8.620 0.000   3.417 0.000 0.044 0.000 0.173 0.559
202.333333 203.333333   95.30 0.000  1.16 0.000000 9.999 0.259000 0.23 0.000000 0.012 0.559  2.804 0.000   5.046 0.000 99.99 0.259000  15.874 0.000   8.044 0.000   7.830 0.000 0.042 0.000 0.217 0.559
205.333333 206.333333   53.81 0.000  0.39 0.000000 0.014 0.000000 0.14 0.000000 0.037 0.559  1.100 0.000   1.981 0.000 99.99 0.259000  11.845 0.000   7.813 0.000   4.033 0.000 0.044 0.000 0.187 0.559
208.333333 209.333333   62.71 0.000  0.95 0.000000 0.015 0.000000 0.17 0.000000 0.061 0.559  1.305 0.000   2.350 0.000 99.99 0.259000  11.311 0.000   6.643 0.000   4.669 0.000 0.061 0.000 0.188 0.559
211.333333 212.333333   33.27 0.000  0.48 0.000000 0.008 0.000000 9.99 0.259000 0.024 0.559  4.083 0.000   7.349 0.000 99.99 0.259000  17.499 0.000   8.410 0.000   9.089 0.000 0.043 0.000 0.161 0.559
214.333333 215.333333   60.16 0.000  0.84 0.000000 9.999 0.259000 0.30 0.000000 0.066 0.559  2.411 0.000   4.341 0.000 99.99 0.259000  12.300 0.000   4.475 0.000   7.825 0.000 0.366 0.000 0.250 0.559
217.333333 218.333333   40.83 0.000  0.90 0.000000 0.009 0.000000 0.26 0.000000 0.037 0.559  2.864 0.000   5.155 0.000 99.99 0.259000  11.576 0.000   3.618 0.000   7.958 0.000 0.046 0.000 0.257 0.559
220.333333 221.333333 9999.99 0.456 99.99 0.456000 9.999 0.456000 9.99 0.456000 9.999 0.456 99.999 0.456 999.999 0.456 99.99 0.456000 999.999 0.456 999.999 0.456 999.999 0.456 9.999 0.456 9.999 0.456
223.333333 224.333333 9999.99 0.456 99.99 0.456000 9.999 0.456000 9.99 0.456000 9.999 0.456 99.999 0.456 999.999 0.456 99.99 0.456000 999.999 0.456 999.999 0.456 999.999 0.456 9.999 0.456 9.999 0.456
226.333333 227.333333   69.43 0.000  0.58 0.000000 9.999 0.259000 0.54 0.000000 0.085 0.000  1.653 0.000   2.975 0.000 99.99 0.259000  10.659 0.000   5.128 0.000   5.531 0.000 0.046 0.000 0.265 0.000
229.333333 230.333333  264.91 0.000  0.46 0.000000 9.999 0.259000 0.29 0.000000 0.031 0.000  7.401 0.000  13.321 0.000 99.99 0.259000  65.924 0.000  48.757 0.000  17.168 0.000 0.084 0.000 0.158 0.000
232.333333 233.333333  119.21 0.000  1.12 0.000000 0.023 0.000000 0.42 0.000000 0.076 0.000  3.151 0.000   5.671 0.000 99.99 0.259000  21.012 0.000  12.197 0.000   8.814 0.000 0.050 0.000 0.277 0.000
235.333333 236.333333  206.70 0.000  0.49 0.000000 9.999 0.259000 0.20 0.000000 0.042 0.000 99.999 0.999 999.999 0.999 99.99 0.259000  20.756 0.000  13.496 0.000   7.260 0.000 0.277 0.000 0.156 0.000
238.333333 239.333333  186.94 0.000  0.89 0.000000 9.999 0.259000 9.99 0.259000 0.009 0.000 99.999 0.999 999.999 0.999 99.99 0.259000  51.140 0.000  40.313 0.000  10.827 0.000 0.072 0.000 0.153 0.000
