scripts/IMPROVE-2019_partial/data/US9060R.20040101050000.20191216000000.filterpack..pm25.52w.1w.US03L_filterpack_US9060.US03L_IMPROVE_Davis.lev2.nas
66 1001
MISSING INFORMATION
US03L, IMPROVE, , , , , , , 
MISSING INFORMATION
IMPROVE sel_HTAP
1 1
2004 01 01 2019 12 16
3.000000
days from file reference point
27
1 1 1 1 1 1 1 1 1 1 1 1 1 1 1 1 1 1 1 1 1 1 1 1 1 1 1
999.999999 9999.99 9.999 99.99 9.999 9.999 9.999 9.99 9.999 99.999 9.999 99.999 9.999 99.999 9.999 99.99 9.999 999.999 9.999 999.999 9.999 999.999 9.999 9.999 9.999 99.999 9.999
end_time of measurement, days from the file reference point
iron, ng/m3, Revision date=20181210133000
numflag iron, no unit, Revision date=20181210133000
lead, ng/m3, Revision date=20181210133000
numflag lead, no unit, Revision date=20181210133000
magnesium, ug/m3, Revision date=20181210133000
numflag magnesium, no unit, Revision date=20181210133000
nickel, ng/m3, Revision date=20181210133000
numflag nickel, no unit, Revision date=20181210133000
nitrate, ug N/m3, Revision date=20181210133000
numflag nitrate, no unit, Revision date=20181210133000
organic_carbon, ug C/m3, Revision date=20181210133000
numflag organic_carbon, no unit, Revision date=20181210133000
organic_mass, ug/m3, Revision date=20181210133000
numflag organic_mass, no unit, Revision date=20181210133000
phosphorus, ng/m3, Revision date=20181210133000
numflag phosphorus, no unit, Revision date=20181210133000
pm10_mass, ug/m3, Version=2, Version description=Data extracted from http://views.cira.colostate.edu/fed/DataWizard 2019-12-16, Sample duration=1d, Orig. time res.=3d, Matrix=pm10, Blank correction=Blank corrected, Volume std. temperature=ambient, Volume std. pressure=ambient
numflag pm10_mass, no unit, Version=2, Version description=Data extracted from http://views.cira.colostate.edu/fed/DataWizard 2019-12-16, Sample duration=1d, Orig. time res.=3d, Matrix=pm10, Blank correction=Blank corrected, Volume std. temperature=ambient, Volume std. pressure=ambient
pm10_pm25_mass, ug/m3, Revision date=20181210133000, Matrix=pm10_pm25
numflag pm10_pm25_mass, no unit, Revision date=20181210133000, Matrix=pm10_pm25
pm25_mass, ug/m3, Version=2, Version description=Data extracted from http://views.cira.colostate.edu/fed/DataWizard 2019-12-16, Sample duration=1d, Orig. time res.=3d, Blank correction=Blank corrected, Volume std. temperature=ambient, Volume std. pressure=ambient
numflag pm25_mass, no unit, Version=2, Version description=Data extracted from http://views.cira.colostate.edu/fed/DataWizard 2019-12-16, Sample duration=1d, Orig. time res.=3d, Blank correction=Blank corrected, Volume std. temperature=ambient, Volume std. pressure=ambient
potassium, ug/m3, Revision date=20181210133000
numflag potassium, no unit, Revision date=20181210133000
sulphate_total, ug S/m3, Revision date=20181210133000
numflag sulphate_total, no unit, Revision date=20181210133000
0
25
Data definition:              EBAS_1.1
Set type code:                TU
Timezone:                     UTC
File name:                    US9060R.20040101050000.20191216000000.filterpack..pm25.52w.1w.US03L_filterpack_US9060.US03L_IMPROVE_Davis.lev2.nas
File creation:                20191218120932
Startdate:                    20040101050000
Revision date:                20191216000000
Statistics:                   arithmetic mean
Data level:                   2
Period code:                  52w
Resolution code:              1w
Station code:                 US9060R
Platform code:                US9060S
Station name:                 Seney
Station latitude:             46.2889
Station longitude:            -85.9503
Station altitude:             214.0 m
Regime:                       IMG
Component:                    
Matrix:                       pm25
Laboratory code:              US03L
Instrument type:              filterpack
Instrument name:              filterpack_US9060
Method ref:                   US03L_IMPROVE_Davis
starttime endtime Fe flag_Fe Pb flag_Pb Mg++ flag_Mg++ Ni flag_Ni NO3- flag_NO3- OC flag_OC OM flag_OM P flag_P PM10 flag_PM10 PM10-PM2.5 flag_PM10-PM2.5 PM2.5 flag_PM2.5 K+ flag_K+ SO4-- flag_SO4--
[from data line 85]
255.208333 256.208333   22.86 0.000  1.84 0.000 9.999 0.259 0.17 0.000  0.027 0.000  1.620 0.000  2.269 0.000 99.99 0.259   7.314 0.000   2.220 0.000   5.095 0.000 0.026 0.000  0.509 0.000
258.208333 259.208333   41.47 0.000  2.23 0.000 9.999 0.259 0.14 0.000  0.055 0.000  2.570 0.000  3.598 0.000 99.99 0.259  21.605 0.000   7.012 0.000  14.592 0.000 0.036 0.000  2.200 0.000
261.208333 262.208333    5.96 0.000  0.46 0.000 9.999 0.259 9.99 0.259  0.015 0.000  2.314 0.000  3.239 0.000 99.99 0.259   4.902 0.000   2.447 0.000   2.454 0.000 0.012 0.000  0.186 0.000
264.208333 265.208333   48.87 0.000  4.78 0.000 9.999 0.259 0.26 0.000  0.077 0.000  2.327 0.000  3.258 0.000 99.99 0.259  16.594 0.000   4.798 0.000  11.797 0.000 0.086 0.000  1.484 0.000
267.208333 268.208333   35.13 0.000  2.19 0.000 9.999 0.259 0.18 0.000  0.037 0.000  2.400 0.000  3.360 0.000 99.99 0.259  15.727 0.000   3.469 0.000  12.258 0.000 0.038 0.000  1.827 0.000
270.208333 271.208333   19.00 0.000  1.57 0.000 9.999 0.259 9.99 0.259  0.037 0.000  1.556 0.000  2.178 0.000 99.99 0.259   8.415 0.000   3.785 0.000   4.630 0.000 0.029 0.000  0.368 0.000
273.208333 274.208333   19.04 0.000  4.24 0.000 9.999 0.259 9.99 0.259  0.033 0.000  0.773 0.000  1.082 0.000 99.99 0.259   5.024 0.000   2.181 0.000   2.844 0.000 0.028 0.000  0.219 0.000
276.208333 277.208333   16.27 0.000  1.85 0.000 9.999 0.259 0.13 0.000  0.032 0.000  0.770 0.000  1.078 0.000 99.99 0.259   5.753 0.000   3.528 0.000   2.225 0.000 0.032 0.000  0.125 0.000
279.208333 280.208333   40.78 0.000  2.14 0.000 9.999 0.259 9.99 0.259  0.078 0.000  1.292 0.000  1.809 0.000 99.99 0.259  14.823 0.000  10.333 0.000   4.490 0.000 0.056 0.000  0.287 0.000
282.208333 283.208333    3.73 0.000 99.99 0.259 0.135 0.000 0.11 0.000  0.007 0.000  0.468 0.000  0.655 0.000 99.99 0.259   2.369 0.000   1.296 0.000   1.073 0.000 0.007 0.000  0.108 0.000
285.208333 286.208333    4.21 0.000  0.98 0.000 0.056 0.000 0.28 0.000  0.011 0.000  1.319 0.000  1.847 0.000 99.99 0.259   2.941 0.000   0.547 0.000   2.395 0.000 0.017 0.000  0.197 0.000
288.208333 289.208333   23.76 0.000  2.22 0.000 9.999 0.259 9.99 0.259  0.030 0.000  0.623 0.000  0.872 0.000 99.99 0.259   3.246 0.000   0.646 0.000   2.600 0.000 0.022 0.000  0.363 0.000
291.208333 292.208333    6.18 0.000 99.99 0.259 9.999 0.259 9.99 0.259  0.008 0.000  0.266 0.000  0.372 0.000 99.99 0.259   1.144 0.000   0.302 0.000   0.842 0.000 0.010 0.000  0.118 0.000
294.208333 295.208333    5.22 0.000  1.00 0.000 0.152 0.000 0.75 0.000  0.015 0.000  0.636 0.000  0.891 0.000 99.99 0.259   3.307 0.000   0.703 0.000   2.604 0.000 0.013 0.000  0.283 0.000
297.208333 298.208333    1.98 0.000 99.99 0.259 0.112 0.000 0.12 0.000  0.014 0.000  0.484 0.000  0.677 0.000 99.99 0.259   2.778 0.000   1.485 0.000   1.293 0.000 0.012 0.000  0.132 0.000
300.208333 301.208333   11.30 0.000  0.50 0.000 9.999 0.259 0.12 0.000  0.013 0.000  0.863 0.000  1.208 0.000 99.99 0.259   3.064 0.000   0.829 0.000   2.234 0.000 0.022 0.000  0.130 0.000
303.208333 304.208333   20.36 0.000  1.79 0.000 9.999 0.259 0.25 0.000  0.247 0.000  1.212 0.000  1.697 0.000 99.99 0.259   9.287 0.000   2.497 0.000   6.789 0.000 0.036 0.000  0.968 0.000
306.208333 307.208333    4.52 0.000  0.58 0.000 0.089 0.000 0.22 0.000  0.013 0.559  0.329 0.000  0.461 0.000 99.99 0.259   2.116 0.000   0.431 0.000   1.685 0.000 0.012 0.000  0.240 0.559
309.208333 310.208333   13.00 0.000  1.11 0.000 9.999 0.259 9.99 0.259  0.029 0.000  0.833 0.000  1.166 0.000 99.99 0.259   4.068 0.000   1.302 0.000   2.766 0.000 0.050 0.000  0.228 0.000
312.208333 313.208333    0.94 0.000 99.99 0.259 9.999 0.259 9.99 0.259  0.005 0.000  0.036 0.000  0.051 0.000 99.99 0.259   0.827 0.000   0.233 0.000   0.594 0.000 0.004 0.000  0.086 0.000
315.208333 316.208333    4.53 0.000  0.54 0.000 9.999 0.259 9.99 0.259  0.010 0.000  0.214 0.000  0.300 0.000 99.99 0.259   1.685 0.000   0.473 0.000   1.212 0.000 0.011 0.000  0.171 0.000
318.208333 319.208333   23.72 0.000  4.77 0.000 9.999 0.259 0.15 0.000  0.475 0.000  1.529 0.000  2.140 0.000 99.99 0.259   7.399 0.000   1.671 0.000   5.728 0.000 0.093 0.000  0.335 0.000
321.208333 322.208333   14.60 0.000  3.50 0.000 9.999 0.259 0.18 0.000  0.558 0.000  1.148 0.000  1.607 0.000 99.99 0.259   5.801 0.000   0.054 0.000   5.747 0.000 0.035 0.000  0.770 0.000
324.208333 325.208333    7.93 0.000  0.92 0.000 9.999 0.259 9.99 0.259  0.030 0.000  0.480 0.000  0.672 0.000 99.99 0.259   1.972 0.000   0.117 0.000   1.856 0.000 0.022 0.000  0.225 0.000
327.208333 328.208333   19.57 0.000  1.84 0.000 9.999 0.259 9.99 0.259  0.774 0.000  0.658 0.000  0.921 0.000 99.99 0.259   8.180 0.000   1.414 0.000   6.767 0.000 0.040 0.000  0.684 0.000
330.208333 331.208333    3.15 0.000 99.99 0.259 0.108 0.000 9.99 0.259  0.039 0.000  0.483 0.000  0.676 0.000 99.99 0.259   2.370 0.000   0.416 0.000   1.954 0.000 0.018 0.000  0.218 0.000
333.208333 334.208333   10.04 0.000  1.05 0.000 0.078 0.000 0.21 0.000  0.320 0.000  0.927 0.000  1.298 0.000 99.99 0.259   5.073 0.000   0.583 0.000   4.490 0.000 0.046 0.000  0.375 0.000
336.208333 337.208333   13.54 0.000  0.37 0.000 9.999 0.259 0.13 0.000  0.016 0.000  0.472 0.000  0.661 0.000 99.99 0.259   2.852 0.000   0.787 0.000   2.065 0.000 0.028 0.000  0.244 0.000
339.208333 340.208333    5.01 0.000  0.66 0.000 9.999 0.259 9.99 0.259 99.999 0.456 99.999 0.259 99.999 0.259 99.99 0.259   1.281 0.000   0.124 0.000   1.157 0.000 0.010 0.000 99.999 0.456
342.208333 343.208333    6.09 0.000  0.98 0.000 9.999 0.259 0.25 0.000  0.083 0.000  0.404 0.000  0.566 0.000 99.99 0.259   3.105 0.000   0.243 0.000   2.861 0.000 0.014 0.000  0.407 0.000
345.208333 346.208333    2.36 0.000  0.63 0.000 0.055 0.000 0.14 0.000  0.027 0.000  0.162 0.000  0.226 0.000 99.99 0.259   1.315 0.000   0.058 0.000   1.257 0.000 0.012 0.000  0.139 0.000
348.208333 349.208333    4.40 0.000  0.37 0.000 9.999 0.259 9.99 0.259  0.019 0.559  0.263 0.000  0.369 0.000 99.99 0.259   1.420 0.000   0.285 0.000   1.135 0.000 0.009 0.000  0.127 0.559
351.208333 352.208333    4.39 0.000  0.95 0.000 9.999 0.259 0.12 0.000  0.084 0.559  1.048 0.000  1.467 0.000 99.99 0.259   2.480 0.000   0.521 0.000   1.959 0.000 0.016 0.000  0.279 0.559
354.208333 355.208333   13.19 0.000  0.94 0.000 0.115 0.000 0.13 0.000  0.090 0.000  0.596 0.000  0.835 0.000 99.99 0.259   2.661 0.000   0.337 0.000   2.325 0.000 0.018 0.000  0.197 0.000
357.208333 358.208333    2.49 0.000  0.48 0.000 9.999 0.259 9.99 0.259  0.018 0.000  0.307 0.000  0.430 0.000 99.99 0.259   1.920 0.000   0.966 0.000   0.954 0.000 0.009 0.000  0.123 0.000
360.208333 361.208333    9.11 0.000  3.66 0.000 9.999 0.259 0.33 0.000  0.046 0.000  0.708 0.000  0.991 0.000 99.99 0.259   3.105 0.000   0.422 0.000   2.682 0.000 0.018 0.000  0.384 0.000
363.208333 364.208333    5.81 0.000  1.10 0.000 0.073 0.000 0.14 0.000  0.135 0.000  0.640 0.000  0.896 0.000 99.99 0.259   4.943 0.000   0.383 0.000   4.560 0.000 0.020 0.000  0.762 0.000
