scripts/IMPROVE-2019_partial/data/US9003R.20020102050000.20191216000000.filterpack..pm25.52w.1w.US03L_filterpack_US9003.US03L_IMPROVE_Davis.lev2.nas
66 1001
MISSING INFORMATION
US03L, IMPROVE, , , , , , , 
MISSING INFORMATION
IMPROVE sel_HTAP
1 1
2002 01 01 2019 12 16
3.000000
days from file reference point
27
1 1 1 1 1 1 1 1 1 1 1 1 1 1 1 1 1 1 1 1 1 1 1 1 1 1 1
999.999999 9999.99 9.999 99.99 9.999 9.999 9.999 99.99 9.999 9.999 9.999 999.999 9.999 999.999 9.999 999.99 9.999 999.999 9.999 999.999 9.999 999.999 9.999 9.999 9.999 99.999 9.999
end_time of measurement, days from the file reference point
iron, ng/m3, Revision date=20181210133000
numflag iron, no unit, Revision date=20181210133000
lead, ng/m3, Revision date=20181210133000
numflag lead, no unit, Revision date=20181210133000
magnesium, ug/m3, Revision date=20181210133000
numflag magnesium, no unit, Revision date=20181210133000
nickel, ng/m3, Revision date=20181210133000
numflag nickel, no unit, Revision date=20181210133000
nitrate, ug N/m3, Revision date=20181210133000
numflag nitrate, no unit, Revision date=20181210133000
organic_carbon, ug C/m3, Revision date=20181210133000
numflag organic_carbon, no unit, Revision date=20181210133000
organic_mass, ug/m3, Revision date=20181210133000
numflag organic_mass, no unit, Revision date=20181210133000
phosphorus, ng/m3, Revision date=20181210133000
numflag phosphorus, no unit, Revision date=20181210133000
pm10_mass, ug/m3, Version=2, Version description=Data extracted from http://views.cira.colostate.edu/fed/DataWizard 2019-12-16, Sample duration=1d, Orig. time res.=3d, Matrix=pm10, Blank correction=Blank corrected, Volume std. temperature=ambient, Volume std. pressure=ambient
numflag pm10_mass, no unit, Version=2, Version description=Data extracted from http://views.cira.colostate.edu/fed/DataWizard 2019-12-16, Sample duration=1d, Orig. time res.=3d, Matrix=pm10, Blank correction=Blank corrected, Volume std. temperature=ambient, Volume std. pressure=ambient
pm10_pm25_mass, ug/m3, Revision date=20181210133000, Matrix=pm10_pm25
numflag pm10_pm25_mass, no unit, Revision date=20181210133000, Matrix=pm10_pm25
pm25_mass, ug/m3, Version=2, Version description=Data extracted from http://views.cira.colostate.edu/fed/DataWizard 2019-12-16, Sample duration=1d, Orig. time res.=3d, Blank correction=Blank corrected, Volume std. temperature=ambient, Volume std. pressure=ambient
numflag pm25_mass, no unit, Version=2, Version description=Data extracted from http://views.cira.colostate.edu/fed/DataWizard 2019-12-16, Sample duration=1d, Orig. time res.=3d, Blank correction=Blank corrected, Volume std. temperature=ambient, Volume std. pressure=ambient
potassium, ug/m3, Revision date=20181210133000
numflag potassium, no unit, Revision date=20181210133000
sulphate_total, ug S/m3, Revision date=20181210133000
numflag sulphate_total, no unit, Revision date=20181210133000
0
25
Data definition:              EBAS_1.1
Set type code:                TU
Timezone:                     UTC
File name:                    US9003R.20020102050000.20191216000000.filterpack..pm25.52w.1w.US03L_filterpack_US9003.US03L_IMPROVE_Davis.lev2.nas
File creation:                20191218120525
Startdate:                    20020102050000
Revision date:                20191216000000
Statistics:                   arithmetic mean
Data level:                   2
Period code:                  52w
Resolution code:              1w
Station code:                 US9003R
Platform code:                US9003S
Station name:                 Mohawk Mt.
Station latitude:             41.8214
Station longitude:            -73.2973
Station altitude:             521.0 m
Regime:                       IMG
Component:                    
Matrix:                       pm25
Laboratory code:              US03L
Instrument type:              filterpack
Instrument name:              filterpack_US9003
Method ref:                   US03L_IMPROVE_Davis
starttime endtime Fe flag_Fe Pb flag_Pb Mg++ flag_Mg++ Ni flag_Ni NO3- flag_NO3- OC flag_OC OM flag_OM P flag_P PM10 flag_PM10 PM10-PM2.5 flag_PM10-PM2.5 PM2.5 flag_PM2.5 K+ flag_K+ SO4-- flag_SO4--
  1.208333   2.208333    8.49 0.000  1.13 0.000 9.999 0.259 99.99 0.259 0.107 0.000   0.548 0.000   0.767 0.000 999.99 0.259   5.411 0.000   1.518 0.000   3.893 0.000 0.021 0.000  0.519 0.000
  4.208333   5.208333   49.82 0.000  4.81 0.000 9.999 0.259  0.44 0.000 0.644 0.559   1.764 0.000   2.470 0.000 999.99 0.259  16.019 0.000   5.400 0.000  10.619 0.000 0.061 0.000  0.973 0.559
  7.208333   8.208333   12.31 0.000  2.11 0.000 9.999 0.259  0.33 0.000 0.183 0.000   0.794 0.000   1.112 0.000 999.99 0.259   4.545 0.000   0.872 0.000   3.673 0.000 0.025 0.000  0.445 0.000
 10.208333  11.208333   13.52 0.000  1.53 0.000 9.999 0.259  0.38 0.000 0.131 0.000   0.819 0.000   1.147 0.000 999.99 0.259   4.082 0.000   0.362 0.000   3.720 0.000 0.021 0.000  0.436 0.000
 13.208333  14.208333   18.50 0.000  1.41 0.000 9.999 0.259  0.98 0.000 0.112 0.000   0.649 0.000   0.909 0.000 999.99 0.259   5.513 0.000   2.638 0.000   2.876 0.000 0.018 0.000  0.310 0.000
 16.208333  17.208333   27.40 0.000  2.53 0.000 9.999 0.259  1.92 0.000 0.263 0.559   1.233 0.000   1.727 0.000 999.99 0.259   8.137 0.000   1.006 0.000   7.131 0.000 0.028 0.000  1.025 0.559
 19.208333  20.208333   21.36 0.000  4.04 0.000 9.999 0.259  0.79 0.000 0.256 0.559   1.500 0.000   2.101 0.000 999.99 0.259   7.509 0.000   0.440 0.000   7.069 0.000 0.040 0.000  0.901 0.559
 22.208333  23.208333   48.23 0.000  2.82 0.000 9.999 0.259  1.77 0.000 0.391 0.559   1.368 0.000   1.915 0.000 999.99 0.259   9.045 0.000   3.221 0.000   5.823 0.000 0.042 0.000  0.643 0.559
 25.208333  26.208333   29.93 0.000  3.79 0.000 9.999 0.259  0.16 0.000 0.239 0.559   0.797 0.000   1.115 0.000 999.99 0.259   8.935 0.000   4.367 0.000   4.568 0.000 0.032 0.000  0.520 0.559
 28.208333  29.208333   57.19 0.000  4.52 0.000 9.999 0.259  0.42 0.000 0.406 0.559   2.492 0.000   3.489 0.000 999.99 0.259  19.521 0.000   5.486 0.000  14.035 0.000 0.085 0.000  1.859 0.559
 31.208333  32.208333    6.53 0.000 99.99 0.259 9.999 0.259  0.36 0.000 0.024 0.559   0.207 0.000   0.290 0.000 999.99 0.259   1.757 0.000   0.214 0.000   1.543 0.000 0.008 0.000  0.202 0.559
 34.208333  35.208333   29.46 0.000  2.63 0.000 9.999 0.259  0.47 0.000 0.275 0.559   1.040 0.000   1.456 0.000 999.99 0.259   7.365 0.000   1.470 0.000   5.895 0.000 0.036 0.000  0.626 0.559
 37.208333  38.208333  103.21 0.000  5.19 0.000 9.999 0.259  0.83 0.000 0.877 0.559   2.192 0.000   3.068 0.000 999.99 0.259  19.119 0.000   5.835 0.000  13.284 0.000 0.078 0.000  1.017 0.559
 40.208333  41.208333    8.85 0.000  1.53 0.000 0.066 0.000  0.59 0.000 0.100 0.000   0.733 0.000   1.026 0.000 999.99 0.259   5.850 0.000   2.060 0.000   3.791 0.000 0.026 0.000  0.380 0.000
 43.208333  44.208333 9999.99 0.999 99.99 0.999 9.999 0.999 99.99 0.999 9.999 0.999 999.999 0.999 999.999 0.999 999.99 0.999 999.999 0.999 999.999 0.999 999.999 0.999 9.999 0.999 99.999 0.999
 46.208333  47.208333   45.09 0.000  2.94 0.000 9.999 0.259  0.93 0.000 0.404 0.559   2.113 0.000   2.958 0.000 999.99 0.259  13.804 0.000   4.232 0.000   9.572 0.000 0.052 0.000  0.932 0.559
 49.208333  50.208333   44.55 0.000  1.96 0.000 9.999 0.259  0.52 0.000 0.147 0.000   0.763 0.000   1.068 0.000 999.99 0.259   6.333 0.000   2.948 0.000   3.385 0.000 0.036 0.000  0.189 0.000
 52.208333  53.208333   21.17 0.000  1.08 0.000 9.999 0.259  0.30 0.000 0.044 0.000   0.500 0.000   0.700 0.000 999.99 0.259   4.714 0.000   0.269 0.000   4.444 0.000 0.018 0.000  0.711 0.000
 55.208333  56.208333   68.96 0.000  3.59 0.000 9.999 0.259  7.58 0.000 0.396 0.559   1.566 0.000   2.192 0.000 999.99 0.259  11.460 0.000   3.896 0.000   7.564 0.000 0.045 0.000  0.762 0.559
 58.208333  59.208333    8.76 0.000  0.90 0.000 9.999 0.259 99.99 0.259 0.042 0.559   0.327 0.000   0.458 0.000 999.99 0.259   3.556 0.000   1.169 0.000   2.387 0.000 0.016 0.000  0.378 0.559
 61.208333  62.208333   10.39 0.000  0.93 0.000 9.999 0.259  1.23 0.000 0.046 0.559   0.470 0.000   0.658 0.000 999.99 0.259   4.685 0.000   1.106 0.000   3.579 0.000 0.013 0.000  0.596 0.559
 64.208333  65.208333   70.97 0.000  3.84 0.000 9.999 0.259  2.28 0.000 0.516 0.000   1.821 0.000   2.549 0.000 999.99 0.259  14.983 0.000   4.551 0.000  10.432 0.000 0.058 0.000  1.048 0.000
 67.208333  68.208333   10.67 0.000  0.63 0.000 9.999 0.259  0.81 0.000 0.069 0.000   0.478 0.000   0.669 0.000 999.99 0.259   6.242 0.000   2.218 0.000   4.024 0.000 0.023 0.000  0.533 0.000
 70.208333  71.208333   49.74 0.000  3.01 0.000 9.999 0.259  1.90 0.000 0.374 0.000   1.321 0.000   1.849 0.000 999.99 0.259  13.655 0.000   5.423 0.000   8.232 0.000 0.051 0.000  1.116 0.000
 73.208333  74.208333   44.36 0.000  3.88 0.000 9.999 0.259  2.78 0.000 0.300 0.000   2.434 0.000   3.407 0.000 999.99 0.259  20.750 0.000   1.914 0.000  18.836 0.000 0.041 0.000  3.108 0.000
 76.208333  77.208333   11.31 0.000  2.02 0.000 9.999 0.259  0.64 0.000 0.048 0.000   0.642 0.000   0.899 0.000 999.99 0.259   4.714 0.000   0.614 0.000   4.099 0.000 0.021 0.000  0.605 0.000
 79.208333  80.208333   21.84 0.000  1.94 0.000 9.999 0.259  0.85 0.000 0.088 0.000   0.830 0.000   1.162 0.000 999.99 0.259   7.112 0.000   1.494 0.000   5.617 0.000 0.023 0.000  0.900 0.000
 82.208333  83.208333   33.37 0.000  2.69 0.000 9.999 0.259  0.42 0.000 0.373 0.000   1.048 0.000   1.467 0.000 999.99 0.259  11.044 0.000   4.254 0.000   6.790 0.000 0.040 0.000  0.856 0.000
 85.208333  86.208333   18.87 0.000  1.12 0.000 9.999 0.259  0.37 0.000 0.033 0.000   0.455 0.000   0.637 0.000 999.99 0.259   4.225 0.000   0.226 0.000   3.999 0.000 0.016 0.000  0.678 0.000
 88.208333  89.208333   25.05 0.000  2.10 0.000 9.999 0.259  0.85 0.000 0.090 0.000   0.867 0.000   1.213 0.000 999.99 0.259   9.689 0.000   1.429 0.000   8.260 0.000 0.030 0.000  1.404 0.000
 91.208333  92.208333   29.84 0.000  1.78 0.000 9.999 0.259  0.75 0.000 0.168 0.000   0.758 0.000   1.061 0.000 999.99 0.259   9.077 0.000   2.059 0.000   7.018 0.000 0.025 0.000  1.184 0.000
 94.208333  95.208333   13.21 0.000  1.68 0.000 9.999 0.259  0.36 0.000 0.049 0.000   0.410 0.000   0.575 0.000 999.99 0.259   5.032 0.000   1.297 0.000   3.735 0.000 0.017 0.000  0.640 0.000
 97.208333  98.208333   71.14 0.000  3.73 0.000 9.999 0.259  2.83 0.000 0.314 0.000   1.272 0.000   1.781 0.000 999.99 0.259  15.813 0.000   7.095 0.000   8.719 0.000 0.065 0.000  1.076 0.000
100.208333 101.208333   42.00 0.000  2.59 0.000 9.999 0.259  0.75 0.000 0.088 0.000   0.754 0.000   1.056 0.000 999.99 0.259   8.970 0.000   2.939 0.000   6.031 0.000 0.041 0.000  0.834 0.000
103.208333 104.208333   24.00 0.000  1.29 0.000 9.999 0.259  0.69 0.000 0.072 0.000   0.631 0.000   0.883 0.000 999.99 0.259   5.084 0.000   1.385 0.000   3.700 0.000 0.020 0.000  0.451 0.000
106.208333 107.208333   66.64 0.000  3.02 0.000 9.999 0.259  2.68 0.000 0.054 0.000   1.842 0.000   2.578 0.000 999.99 0.259  21.573 0.000   4.906 0.000  16.667 0.000 0.055 0.000  2.690 0.000
109.208333 110.208333   34.14 0.000  2.36 0.000 9.999 0.259  0.48 0.000 0.040 0.000   0.797 0.000   1.115 0.000 999.99 0.259   7.027 0.000   2.541 0.000   4.486 0.000 0.038 0.000  0.543 0.000
112.208333 113.208333   22.08 0.000  1.41 0.000 9.999 0.259  0.29 0.000 0.072 0.000   0.509 0.000   0.713 0.000 999.99 0.259   4.328 0.000   0.710 0.000   3.618 0.000 0.025 0.000  0.456 0.000
115.208333 116.208333   39.29 0.000  1.28 0.000 9.999 0.259  0.35 0.000 0.175 0.000   0.552 0.000   0.773 0.000 999.99 0.259   6.819 0.000   2.117 0.000   4.702 0.000 0.035 0.000  0.682 0.000
118.208333 119.208333    2.30 0.000  0.40 0.000 9.999 0.259 99.99 0.259 0.013 0.000   0.215 0.000   0.300 0.000 999.99 0.259   1.397 0.000   0.256 0.000   1.142 0.000 0.007 0.000  0.144 0.000
121.208333 122.208333   17.72 0.000  1.30 0.000 9.999 0.259  0.78 0.000 0.104 0.000   0.644 0.000   0.902 0.000 999.99 0.259   5.355 0.000   0.537 0.000   4.817 0.000 0.015 0.000  0.677 0.000
124.208333 125.208333   47.42 0.000  3.60 0.000 9.999 0.259  1.20 0.000 0.152 0.000   1.337 0.000   1.872 0.000 999.99 0.259  10.604 0.000   3.353 0.000   7.250 0.000 0.036 0.000  0.831 0.000
127.208333 128.208333   27.41 0.000  1.38 0.000 9.999 0.259  0.49 0.000 0.111 0.000   0.861 0.000   1.206 0.000 999.99 0.259  32.809 0.000  26.599 0.000   6.210 0.000 0.022 0.000  0.853 0.000
130.208333 131.208333   48.75 0.000  1.98 0.000 9.999 0.259  0.28 0.000 0.033 0.000   0.623 0.000   0.872 0.000 999.99 0.259  14.475 0.000  10.302 0.000   4.173 0.000 0.036 0.000  0.377 0.000
133.208333 134.208333   12.77 0.000  0.82 0.000 9.999 0.259  0.25 0.000 0.009 0.000   0.265 0.000   0.371 0.000 999.99 0.259  17.545 0.000  15.182 0.000   2.363 0.000 0.013 0.000  0.262 0.000
136.208333 137.208333   37.98 0.000  1.91 0.000 9.999 0.259  0.51 0.000 0.029 0.000   1.281 0.000   1.794 0.000 999.99 0.259  10.519 0.000   3.240 0.000   7.279 0.000 0.034 0.000  0.898 0.000
139.208333 140.208333   18.78 0.000  1.70 0.000 9.999 0.259  0.30 0.000 0.019 0.000   0.498 0.000   0.697 0.000 999.99 0.259   5.870 0.000   1.806 0.000   4.064 0.000 0.022 0.000  0.559 0.000
142.208333 143.208333 9999.99 0.999 99.99 0.999 9.999 0.999 99.99 0.999 9.999 0.999 999.999 0.999 999.999 0.999 999.99 0.999 999.999 0.999 999.999 0.999 999.999 0.999 9.999 0.999 99.999 0.999
145.208333 146.208333 9999.99 0.999 99.99 0.999 9.999 0.999 99.99 0.999 9.999 0.999 999.999 0.999 999.999 0.999 999.99 0.999 999.999 0.999 999.999 0.999 999.999 0.999 9.999 0.999 99.999 0.999
148.208333 149.208333   32.03 0.000  1.91 0.000 9.999 0.259  1.80 0.000 0.322 0.000   1.222 0.000   1.711 0.000 999.99 0.259  18.023 0.000   3.709 0.000  14.313 0.000 0.036 0.000  2.821 0.000
151.208333 152.208333   32.61 0.000  1.14 0.000 9.999 0.259  0.34 0.000 0.041 0.000   2.610 0.000   3.654 0.000 999.99 0.259  16.741 0.000   8.624 0.000   8.117 0.000 0.055 0.000  0.591 0.000
154.208333 155.208333   23.30 0.000  1.30 0.000 9.999 0.259  0.72 0.000 0.049 0.000   0.954 0.000   1.336 0.000 999.99 0.259   8.763 0.000   4.457 0.000   4.306 0.000 0.019 0.000  0.406 0.000
157.208333 158.208333   10.83 0.000  0.95 0.000 9.999 0.259 99.99 0.259 0.046 0.559   0.776 0.000   1.086 0.000 999.99 0.259   6.739 0.000   3.236 0.000   3.503 0.000 0.017 0.000  0.355 0.559
160.208333 161.208333   18.47 0.000  1.32 0.000 9.999 0.259  0.29 0.000 0.040 0.000   1.126 0.000   1.576 0.000 999.99 0.259   9.855 0.000   4.318 0.000   5.537 0.000 0.019 0.000  0.587 0.000
163.208333 164.208333    7.76 0.000  1.00 0.000 9.999 0.259  0.25 0.000 0.048 0.559   0.763 0.000   1.068 0.000 999.99 0.259   5.482 0.000   2.025 0.000   3.457 0.000 0.011 0.000  0.471 0.559
166.208333 167.208333    9.56 0.000  1.29 0.000 0.039 0.000  0.38 0.000 0.056 0.000   1.198 0.000   1.677 0.000 999.99 0.259   7.643 0.000   2.118 0.000   5.525 0.000 0.020 0.000  0.848 0.000
169.208333 170.208333   40.80 0.000  2.20 0.000 9.999 0.259  1.35 0.000 0.069 0.000   3.033 0.000   4.246 0.000 999.99 0.259  14.134 0.000   3.295 0.000  10.839 0.000 0.043 0.000  1.101 0.000
172.208333 173.208333   53.13 0.000  3.48 0.000 0.108 0.000  1.58 0.000 0.132 0.000   3.915 0.000   5.481 0.000 999.99 0.259  35.017 0.000   5.782 0.000  29.235 0.000 0.053 0.000  4.584 0.000
175.208333 176.208333   43.33 0.000  1.68 0.000 9.999 0.259  0.83 0.000 0.045 0.000   2.678 0.000   3.750 0.000 999.99 0.259  11.254 0.000   3.952 0.000   7.302 0.000 0.032 0.000  0.527 0.000
178.208333 179.208333   18.34 0.000  1.13 0.000 9.999 0.259  0.34 0.000 0.058 0.000   1.908 0.000   2.671 0.000 999.99 0.259  12.833 0.000   3.190 0.000   9.643 0.000 0.027 0.000  1.407 0.000
181.208333 182.208333   39.07 0.000  3.96 0.000 9.999 0.259  1.70 0.000 0.073 0.000   6.776 0.000   9.487 0.000 999.99 0.259  31.919 0.000   4.392 0.000  27.527 0.000 0.083 0.000  3.043 0.000
184.208333 185.208333  244.04 0.000  1.56 0.000 9.999 0.259  0.20 0.000 0.081 0.000   1.851 0.000   2.591 0.000 999.99 0.259  24.365 0.000   9.612 0.000  14.753 0.000 0.107 0.000  1.532 0.000
187.208333 188.208333 9999.99 0.699 99.99 0.699 9.999 0.699 99.99 0.699 0.175 0.000  34.914 0.000  48.879 0.000 999.99 0.699  73.345 0.000 999.999 0.999 999.999 0.699 9.999 0.699  0.402 0.000
190.208333 191.208333   17.59 0.000  2.11 0.000 9.999 0.259 99.99 0.259 0.136 0.000   3.472 0.000   4.861 0.000 999.99 0.259  16.231 0.000   3.248 0.000  12.983 0.000 0.065 0.000  1.206 0.000
193.208333 194.208333   53.66 0.000  2.96 0.000 9.999 0.259  0.98 0.000 0.094 0.000   2.599 0.000   3.638 0.000 999.99 0.259  18.023 0.000   5.578 0.000  12.445 0.000 0.044 0.000  1.385 0.000
196.208333 197.208333   23.97 0.000  0.89 0.000 9.999 0.259 99.99 0.259 0.032 0.000   2.677 0.000   3.747 0.000 999.99 0.259  11.276 0.000   3.965 0.000   7.312 0.000 0.044 0.000  0.252 0.000
199.208333 200.208333   37.23 0.000  2.27 0.000 0.124 0.000  0.43 0.000 0.193 0.000   2.144 0.000   3.001 0.000 999.99 0.259  21.195 0.000   2.878 0.000  18.316 0.000 0.038 0.000  2.702 0.000
202.208333 203.208333   37.15 0.000  1.76 0.000 9.999 0.259  2.01 0.000 0.155 0.000   4.148 0.000   5.807 0.000 999.99 0.259  23.695 0.000   3.836 0.000  19.859 0.000 0.047 0.000  2.162 0.000
205.208333 206.208333   19.19 0.000  1.13 0.000 9.999 0.259  0.47 0.000 0.111 0.000   1.295 0.000   1.813 0.000 999.99 0.259   7.107 0.000   3.316 0.000   3.791 0.000 0.017 0.000  0.183 0.000
208.208333 209.208333   25.89 0.000  2.08 0.000 0.315 0.000  2.22 0.000 0.080 0.559   1.462 0.000   2.046 0.000 999.99 0.259  19.501 0.000   1.821 0.000  17.680 0.000 0.023 0.000  3.070 0.559
211.208333 212.208333   17.87 0.000  0.64 0.000 9.999 0.259 99.99 0.259 0.056 0.000   2.515 0.000   3.521 0.000 999.99 0.259  12.508 0.000   3.553 0.000   8.955 0.000 0.024 0.000  0.852 0.000
214.208333 215.208333   40.87 0.000  1.12 0.000 9.999 0.259  0.81 0.000 0.048 0.559   1.566 0.000   2.192 0.000 999.99 0.259  10.959 0.000   2.308 0.000   8.651 0.000 0.029 0.000  1.170 0.559
217.208333 218.208333   13.78 0.000  1.14 0.000 0.022 0.000 99.99 0.259 0.024 0.559   0.737 0.000   1.032 0.000 999.99 0.259   6.805 0.000   3.825 0.000   2.980 0.000 0.018 0.000  0.249 0.559
220.208333 221.208333   14.90 0.000  0.93 0.000 9.999 0.259  0.30 0.000 0.024 0.000   1.075 0.000   1.505 0.000 999.99 0.259   6.132 0.000   3.208 0.000   2.924 0.000 0.016 0.000  0.119 0.000
223.208333 224.208333   59.09 0.000  4.01 0.000 9.999 0.259  2.41 0.000 0.070 0.000   4.252 0.000   5.953 0.000 999.99 0.259  36.924 0.000   5.356 0.000  31.569 0.000 0.047 0.000  4.981 0.000
226.208333 227.208333   45.00 0.000  1.27 0.000 0.048 0.000  3.07 0.000 0.150 0.000   2.803 0.000   3.923 0.000 999.99 0.259  22.189 0.000   4.705 0.000  17.484 0.000 0.043 0.000  2.365 0.000
229.208333 230.208333   43.73 0.000  2.50 0.000 9.999 0.259  2.84 0.000 0.056 0.000   2.443 0.000   3.420 0.000 999.99 0.259  23.821 0.000   2.230 0.000  21.591 0.000 0.030 0.000  3.671 0.000
232.208333 233.208333   23.59 0.000  1.28 0.000 9.999 0.259  0.33 0.000 0.031 0.000   1.288 0.000   1.803 0.000 999.99 0.259   8.047 0.000   2.595 0.000   5.452 0.000 0.018 0.000  0.450 0.000
235.208333 236.208333   14.94 0.000  1.74 0.000 9.999 0.259  0.41 0.000 0.067 0.000   0.894 0.000   1.252 0.000  22.77 0.000   4.914 0.000   1.640 0.000   3.273 0.000 0.026 0.000  0.212 0.000
238.208333 239.208333   16.36 0.000  1.68 0.000 9.999 0.259  0.28 0.000 0.035 0.000   1.986 0.000   2.780 0.000 999.99 0.259   8.976 0.000   2.657 0.000   6.319 0.000 0.022 0.000  0.432 0.000
241.208333 242.208333    2.40 0.000  0.78 0.000 9.999 0.259  0.11 0.000 0.029 0.559   0.366 0.000   0.512 0.000   8.21 0.000   2.721 0.000   1.442 0.000   1.279 0.000 0.010 0.000  0.069 0.559
244.208333 245.208333    4.14 0.000  1.33 0.000 0.050 0.000 99.99 0.259 0.066 0.000   0.625 0.000   0.875 0.000 999.99 0.259   3.813 0.000   0.958 0.000   2.856 0.000 0.020 0.000  0.258 0.000
247.208333 248.208333   10.61 0.000  0.92 0.000 9.999 0.259 99.99 0.259 0.043 0.000   0.932 0.000   1.305 0.000 999.99 0.259   6.222 0.000   2.872 0.000   3.350 0.000 0.019 0.000  0.300 0.000
