scripts/IMPROVE-2019_partial/data/US9053R.20080101060000.20191216000000.filterpack...52w.3d.US03L_filterpack_US9053.US03L_IMPROVE_Davis.lev2.nas
52 1001
MISSING INFORMATION
US03L, IMPROVE, , , , , , , 
MISSING INFORMATION
IMPROVE sel_HTAP
1 1
2008 01 01 2019 12 16
3.00
days from file reference point
5
1 1 1 1 1
999.99 999.999 9.999 999.999 9.999
end_time of measurement, days from the file reference point
pm10_mass, ug/m3, Matrix=pm10
numflag pm10_mass, no unit, Matrix=pm10
pm25_mass, ug/m3, Matrix=pm25
numflag pm25_mass, no unit, Matrix=pm25
0
33
Data definition:              EBAS_1.1
Set type code:                TU
Timezone:                     UTC
File name:                    US9053R.20080101060000.20191216000000.filterpack...52w.3d.US03L_filterpack_US9053.US03L_IMPROVE_Davis.lev2.nas
File creation:                20191218120908
Startdate:                    20080101060000
Revision date:                20191216000000
Version:                      2
Version description:          "Data extracted from http://views.cira.colostate.edu/fed/DataWizard 2019-12-16"
Statistics:                   arithmetic mean
Data level:                   2
Period code:                  52w
Resolution code:              3d
Sample duration:              1d
Orig. time res.:              3d
Station code:                 US9053R
Platform code:                US9053S
Station name:                 Viking Lake
Station latitude:             40.969
Station longitude:            -95.045
Station altitude:             371.0 m
Regime:                       IMG
Component:                    
Unit:                         ug/m3
Matrix:                       
Laboratory code:              US03L
Instrument type:              filterpack
Instrument name:              filterpack_US9053
Method ref:                   US03L_IMPROVE_Davis
Blank correction:             Blank corrected
Volume std. temperature:      ambient
Volume std. pressure:         ambient
starttime endtime PM10 flag_PM10 PM2.5 flag_PM2.5
  0.25   1.25   9.715 0.000   6.565 0.000
  3.25   4.25  13.788 0.000   9.294 0.000
  6.25   7.25 999.999 0.456  19.118 0.000
  9.25  10.25  14.654 0.000  12.926 0.000
 12.25  13.25  14.746 0.000  11.416 0.000
 15.25  16.25  17.878 0.000  11.739 0.000
 18.25  19.25   8.298 0.000   6.071 0.000
 21.25  22.25   8.012 0.000   6.271 0.000
 24.25  25.25  18.777 0.000  12.042 0.000
 27.25  28.25  11.469 0.000   5.950 0.000
 30.25  31.25  22.784 0.000  11.489 0.000
 33.25  34.25  23.380 0.000  20.136 0.000
 36.25  37.25  17.332 0.000  15.508 0.000
 39.25  40.25  11.292 0.000   7.486 0.000
 42.25  43.25  19.520 0.000  11.525 0.000
 45.25  46.25  13.967 0.000   6.378 0.000
 48.25  49.25   8.485 0.000   5.000 0.000
 51.25  52.25  19.350 0.000  14.806 0.000
 54.25  55.25  17.841 0.000  17.174 0.000
 57.25  58.25  12.747 0.000  10.712 0.000
 60.25  61.25  10.324 0.000   5.726 0.000
 63.25  64.25  10.371 0.000   8.047 0.000
 66.25  67.25  13.228 0.000   6.553 0.000
 69.25  70.25 999.999 0.456  16.943 0.000
 72.25  73.25   9.149 0.000   2.466 0.000
 75.25  76.25  11.230 0.000   8.463 0.000
 78.25  79.25   9.727 0.000   8.064 0.000
 81.25  82.25  11.129 0.000   9.007 0.000
 84.25  85.25  16.746 0.000   5.178 0.000
 87.25  88.25  15.889 0.000   9.108 0.000
 90.25  91.25  12.701 0.000  11.295 0.000
 93.25  94.25  11.928 0.000  10.168 0.000
 96.25  97.25  11.996 0.000   7.553 0.000
 99.25 100.25  13.678 0.000  11.004 0.000
102.25 103.25   4.168 0.000   3.275 0.000
105.25 106.25  20.206 0.000   7.712 0.000
108.25 109.25   3.939 0.000   2.592 0.000
111.25 112.25  20.884 0.000  10.941 0.000
114.25 115.25  10.563 0.000   6.100 0.000
117.25 118.25   8.662 0.000   6.395 0.000
120.25 121.25  24.003 0.000   9.729 0.000
123.25 124.25  12.340 0.000   4.789 0.000
126.25 127.25  21.623 0.000   8.699 0.000
129.25 130.25  13.768 0.000   7.531 0.000
132.25 133.25  12.058 0.000   4.561 0.000
135.25 136.25  27.830 0.000   6.351 0.000
138.25 139.25  45.414 0.000   6.966 0.000
141.25 142.25  32.949 0.000   5.636 0.000
144.25 145.25   8.549 0.000   5.168 0.000
147.25 148.25   7.205 0.000   3.606 0.000
150.25 151.25  10.633 0.000   5.086 0.000
153.25 154.25  15.482 0.000   7.179 0.000
156.25 157.25  13.619 0.000   4.483 0.000
159.25 160.25  32.498 0.000   6.295 0.000
162.25 163.25  13.761 0.000   6.250 0.000
165.25 166.25  15.376 0.000   4.226 0.000
168.25 169.25  19.243 0.000   5.687 0.000
171.25 172.25  13.637 0.000   5.669 0.000
174.25 175.25  17.583 0.000   5.613 0.000
177.25 178.25  13.983 0.000   5.820 0.000
180.25 181.25   9.738 0.000   4.333 0.000
183.25 184.25  39.916 0.000  17.691 0.000
186.25 187.25  22.869 0.000  10.188 0.000
189.25 190.25  11.926 0.000   5.906 0.000
192.25 193.25  18.435 0.000   6.683 0.000
195.25 196.25  19.350 0.000   5.158 0.000
198.25 199.25  25.714 0.000  13.634 0.000
201.25 202.25  22.309 0.000  10.128 0.000
204.25 205.25  14.885 0.000   8.083 0.000
207.25 208.25  12.442 0.000   6.689 0.000
210.25 211.25  15.761 0.000   6.815 0.000
213.25 214.25  18.919 0.000   9.720 0.000
216.25 217.25  27.587 0.000   4.168 0.000
219.25 220.25  23.687 0.000   7.954 0.000
222.25 223.25  21.581 0.000   8.076 0.000
225.25 226.25  17.921 0.000   6.814 0.000
228.25 229.25  15.468 0.000   5.785 0.000
231.25 232.25  28.553 0.000  13.985 0.000
234.25 235.25  20.311 0.000   8.810 0.000
237.25 238.25  15.991 0.000   3.835 0.000
240.25 241.25  21.429 0.000  12.652 0.000
243.25 244.25  20.709 0.000  12.041 0.000
246.25 247.25  13.806 0.000   2.531 0.000
249.25 250.25  10.377 0.000   5.249 0.000
252.25 253.25   5.894 0.000   3.135 0.000
255.25 256.25   4.267 0.000   1.801 0.000
258.25 259.25   8.887 0.000   2.501 0.000
261.25 262.25  17.205 0.000   8.090 0.000
264.25 265.25  19.478 0.000  14.015 0.000
267.25 268.25  16.080 0.000  10.746 0.000
270.25 271.25  30.773 0.000  16.157 0.000
273.25 274.25  14.140 0.000   3.406 0.000
276.25 277.25  32.457 0.000   6.578 0.000
279.25 280.25  25.370 0.000  16.317 0.000
282.25 283.25  12.294 0.000   2.599 0.000
285.25 286.25  18.636 0.000  10.146 0.000
288.25 289.25   5.222 0.000   2.284 0.000
291.25 292.25   7.311 0.000   4.274 0.000
294.25 295.25  13.266 0.000   4.454 0.000
297.25 298.25   5.611 0.000   3.918 0.000
300.25 301.25   9.866 0.000   1.966 0.000
303.25 304.25  30.510 0.000   8.223 0.000
306.25 307.25  25.989 0.000  13.056 0.000
309.25 310.25  16.143 0.000   9.037 0.000
312.25 313.25   4.960 0.000   3.301 0.000
315.25 316.25   5.276 0.000   4.454 0.000
318.25 319.25   4.242 0.000   2.865 0.000
321.25 322.25  10.334 0.000   4.569 0.000
324.25 325.25  13.681 0.000   3.741 0.000
327.25 328.25  29.761 0.000  14.047 0.000
330.25 331.25  40.966 0.000  11.108 0.000
333.25 334.25  10.354 0.000   6.330 0.000
336.25 337.25   8.511 0.000   3.957 0.000
339.25 340.25  12.554 0.000   4.287 0.000
342.25 343.25  17.779 0.000   9.147 0.000
345.25 346.25  12.245 0.000   6.883 0.000
348.25 349.25  20.287 0.000   6.671 0.000
351.25 352.25  20.170 0.000  11.920 0.000
354.25 355.25  19.923 0.000  14.445 0.000
357.25 358.25  15.961 0.000   9.787 0.000
360.25 361.25  15.697 0.000  10.838 0.000
363.25 364.25   5.684 0.000   2.881 0.000
