scripts/IMPROVE-2019_partial/data/US9059R.20040101060000.20191216000000.filterpack..pm25.52w.1w.US03L_filterpack_US9059.US03L_IMPROVE_Davis.lev2.nas
66 1001
MISSING INFORMATION
US03L, IMPROVE, , , , , , , 
MISSING INFORMATION
IMPROVE sel_HTAP
1 1
2004 01 01 2019 12 16
3.00
days from file reference point
27
1 1 1 1 1 1 1 1 1 1 1 1 1 1 1 1 1 1 1 1 1 1 1 1 1 1 1
999.99 9999.99 9.999 99.99 9.999 9.999 9.999 9.99 9.999 9.999 9.999 999.999 9.999 999.999 9.999 999.99 9.999 999.999 9.999 999.999 9.999 999.999 9.999 9.999 9.999 99.999 9.999
end_time of measurement, days from the file reference point
iron, ng/m3, Revision date=20181210133000
numflag iron, no unit, Revision date=20181210133000
lead, ng/m3, Revision date=20181210133000
numflag lead, no unit, Revision date=20181210133000
magnesium, ug/m3, Revision date=20181210133000
numflag magnesium, no unit, Revision date=20181210133000
nickel, ng/m3, Revision date=20181210133000
numflag nickel, no unit, Revision date=20181210133000
nitrate, ug N/m3, Revision date=20181210133000
numflag nitrate, no unit, Revision date=20181210133000
organic_carbon, ug C/m3, Revision date=20181210133000
numflag organic_carbon, no unit, Revision date=20181210133000
organic_mass, ug/m3, Revision date=20181210133000
numflag organic_mass, no unit, Revision date=20181210133000
phosphorus, ng/m3, Revision date=20181210133000
numflag phosphorus, no unit, Revision date=20181210133000
pm10_mass, ug/m3, Version=2, Version description=Data extracted from http://views.cira.colostate.edu/fed/DataWizard 2019-12-16, Sample duration=1d, Orig. time res.=3d, Matrix=pm10, Blank correction=Blank corrected, Volume std. temperature=ambient, Volume std. pressure=ambient
numflag pm10_mass, no unit, Version=2, Version description=Data extracted from http://views.cira.colostate.edu/fed/DataWizard 2019-12-16, Sample duration=1d, Orig. time res.=3d, Matrix=pm10, Blank correction=Blank corrected, Volume std. temperature=ambient, Volume std. pressure=ambient
pm10_pm25_mass, ug/m3, Revision date=20181210133000, Matrix=pm10_pm25
numflag pm10_pm25_mass, no unit, Revision date=20181210133000, Matrix=pm10_pm25
pm25_mass, ug/m3, Version=2, Version description=Data extracted from http://views.cira.colostate.edu/fed/DataWizard 2019-12-16, Sample duration=1d, Orig. time res.=3d, Blank correction=Blank corrected, Volume std. temperature=ambient, Volume std. pressure=ambient
numflag pm25_mass, no unit, Version=2, Version description=Data extracted from http://views.cira.colostate.edu/fed/DataWizard 2019-12-16, Sample duration=1d, Orig. time res.=3d, Blank correction=Blank corrected, Volume std. temperature=ambient, Volume std. pressure=ambient
potassium, ug/m3, Revision date=20181210133000
numflag potassium, no unit, Revision date=20181210133000
sulphate_total, ug S/m3, Revision date=20181210133000
numflag sulphate_total, no unit, Revision date=20181210133000
0
25
Data definition:              EBAS_1.1
Set type code:                TU
Timezone:                     UTC
File name:                    US9059R.20040101060000.20191216000000.filterpack..pm25.52w.1w.US03L_filterpack_US9059.US03L_IMPROVE_Davis.lev2.nas
File creation:                20191218120927
Startdate:                    20040101060000
Revision date:                20191216000000
Statistics:                   arithmetic mean
Data level:                   2
Period code:                  52w
Resolution code:              1w
Station code:                 US9059R
Platform code:                US9059S
Station name:                 Sikes
Station latitude:             32.0574
Station longitude:            -92.435
Station altitude:             45.0 m
Regime:                       IMG
Component:                    
Matrix:                       pm25
Laboratory code:              US03L
Instrument type:              filterpack
Instrument name:              filterpack_US9059
Method ref:                   US03L_IMPROVE_Davis
starttime endtime Fe flag_Fe Pb flag_Pb Mg++ flag_Mg++ Ni flag_Ni NO3- flag_NO3- OC flag_OC OM flag_OM P flag_P PM10 flag_PM10 PM10-PM2.5 flag_PM10-PM2.5 PM2.5 flag_PM2.5 K+ flag_K+ SO4-- flag_SO4--
  0.25   1.25   19.72 0.000  6.35 0.000 9.999 0.259 0.55 0.000 0.130 0.000   2.601 0.000   3.641 0.000 999.99 0.259  15.760 0.000   4.661 0.000  11.099 0.000 0.302 0.000  1.256 0.000
  3.25   4.25    6.95 0.000  0.35 0.000 0.058 0.000 0.46 0.000 0.049 0.000   0.869 0.000   1.216 0.000 999.99 0.259   9.838 0.000   5.457 0.000   4.381 0.000 0.057 0.000  0.506 0.000
  6.25   7.25    9.29 0.000  2.02 0.000 9.999 0.259 0.11 0.000 0.081 0.559   0.865 0.000   1.211 0.000 999.99 0.259   3.938 0.000   1.702 0.000   2.236 0.000 0.043 0.000  0.141 0.559
  9.25  10.25   28.01 0.000  3.85 0.000 9.999 0.259 0.14 0.000 0.467 0.559   2.731 0.000   3.823 0.000 999.99 0.259  13.719 0.000   3.317 0.000  10.402 0.000 0.092 0.000  0.946 0.559
 12.25  13.25    9.78 0.000  1.11 0.000 9.999 0.259 0.29 0.000 0.031 0.559   1.723 0.000   2.412 0.000 999.99 0.259  11.837 0.000   2.998 0.000   8.839 0.000 0.048 0.000  1.391 0.559
 15.25  16.25   23.46 0.000  2.38 0.000 9.999 0.259 0.13 0.000 0.112 0.000   2.876 0.000   4.026 0.000 999.99 0.259  13.140 0.000   3.484 0.000   9.657 0.000 0.072 0.000  1.035 0.000
 18.25  19.25   11.55 0.000  1.83 0.000 0.033 0.000 9.99 0.259 0.244 0.559   1.306 0.000   1.829 0.000 999.99 0.259   7.997 0.000   2.632 0.000   5.365 0.000 0.046 0.000  0.595 0.559
 21.25  22.25   24.00 0.000  1.99 0.000 9.999 0.259 0.25 0.000 0.157 0.559   3.225 0.000   4.515 0.000 999.99 0.259  12.508 0.000   2.865 0.000   9.643 0.000 0.067 0.000  0.888 0.559
 24.25  25.25    9.04 0.000  0.37 0.000 9.999 0.259 0.20 0.000 0.013 0.559   0.932 0.000   1.305 0.000 999.99 0.259   5.952 0.000   3.375 0.000   2.578 0.000 0.021 0.000  0.247 0.559
 27.25  28.25   10.77 0.000  1.11 0.000 9.999 0.259 0.12 0.000 0.107 0.559   1.341 0.000   1.878 0.000 999.99 0.259   5.146 0.000   1.659 0.000   3.487 0.000 0.035 0.000  0.280 0.559
 30.25  31.25   27.52 0.000  3.33 0.000 9.999 0.259 0.14 0.000 0.382 0.559   1.676 0.000   2.346 0.000 999.99 0.259  10.564 0.000   2.332 0.000   8.232 0.000 0.051 0.000  0.924 0.559
 33.25  34.25    7.40 0.000  1.20 0.000 9.999 0.259 0.11 0.000 0.267 0.559   1.324 0.000   1.854 0.000 999.99 0.259   6.510 0.000   1.142 0.000   5.368 0.000 0.038 0.000  0.549 0.559
 36.25  37.25    7.69 0.000  0.75 0.000 0.054 0.000 0.23 0.000 0.144 0.559   1.236 0.000   1.730 0.000 999.99 0.259   8.275 0.000   1.837 0.000   6.438 0.000 0.026 0.000  1.025 0.559
 39.25  40.25   11.10 0.000  3.87 0.000 0.064 0.000 0.54 0.000 0.084 0.559   1.361 0.000   1.905 0.000 999.99 0.259  10.645 0.000   3.196 0.000   7.449 0.000 0.055 0.000  1.041 0.559
 42.25  43.25    6.41 0.000  0.94 0.000 0.061 0.000 9.99 0.259 0.033 0.559   0.714 0.000   0.999 0.000 999.99 0.259   4.280 0.000   0.897 0.000   3.383 0.000 0.030 0.000  0.539 0.559
 45.25  46.25   11.48 0.000  1.45 0.000 0.045 0.000 9.99 0.259 0.248 0.559   1.177 0.000   1.647 0.000 999.99 0.259   6.237 0.000   1.528 0.000   4.709 0.000 0.033 0.000  0.521 0.559
 48.25  49.25   14.59 0.000  1.57 0.000 9.999 0.259 0.20 0.000 0.076 0.559   1.586 0.000   2.220 0.000 999.99 0.259   9.384 0.559   2.676 0.000   6.708 0.000 0.033 0.000  0.775 0.559
 51.25  52.25   11.09 0.000  1.86 0.000 0.040 0.000 0.08 0.000 0.043 0.559   1.411 0.000   1.976 0.000 999.99 0.259   7.786 0.000   2.153 0.000   5.633 0.000 0.025 0.000  0.667 0.559
 54.25  55.25   16.23 0.000  2.23 0.000 9.999 0.259 0.19 0.000 0.483 0.559   2.814 0.000   3.940 0.000 999.99 0.259  14.119 0.000   2.150 0.000  11.969 0.000 0.050 0.000  1.201 0.559
 57.25  58.25   17.87 0.000  2.07 0.000 0.068 0.000 0.19 0.000 0.027 0.559   1.481 0.000   2.073 0.000 999.99 0.259  10.895 0.000   1.932 0.000   8.963 0.000 0.030 0.000  1.482 0.559
 60.25  61.25   12.21 0.000  0.59 0.000 0.054 0.000 0.38 0.000 0.061 0.559   0.759 0.000   1.063 0.000 999.99 0.259  10.913 0.000   6.233 0.000   4.679 0.000 0.042 0.000  0.666 0.559
 63.25  64.25   15.48 0.000  5.00 0.000 0.145 0.000 0.71 0.000 0.131 0.559   1.752 0.000   2.453 0.000 999.99 0.259  18.518 0.000   8.423 0.000  10.095 0.000 0.136 0.000  1.390 0.559
 66.25  67.25   18.55 0.000  1.10 0.000 9.999 0.259 9.99 0.259 0.019 0.559   1.850 0.000   2.590 0.000 999.99 0.259   7.972 0.000   3.041 0.000   4.930 0.000 0.034 0.000  0.306 0.559
 69.25  70.25   13.79 0.000  1.18 0.000 9.999 0.259 9.99 0.259 0.059 0.000   0.886 0.000   1.241 0.000 999.99 0.259   7.111 0.000   2.125 0.000   4.986 0.000 0.019 0.000  0.766 0.000
 72.25  73.25   30.62 0.000  2.54 0.000 0.043 0.000 0.22 0.000 0.070 0.559   4.070 0.000   5.699 0.000 999.99 0.259  16.452 0.000   5.709 0.000  10.743 0.000 0.062 0.000  0.792 0.559
 75.25  76.25   10.91 0.000  1.51 0.000 9.999 0.259 9.99 0.259 0.106 0.000   2.105 0.000   2.947 0.000 999.99 0.259  10.879 0.000   2.898 0.000   7.981 0.000 0.039 0.000  1.026 0.000
 78.25  79.25   13.87 0.000  1.10 0.000 0.030 0.000 0.67 0.000 0.042 0.000   2.034 0.000   2.847 0.000 999.99 0.259  14.053 0.000   3.324 0.000  10.730 0.000 0.043 0.000  1.885 0.000
 81.25  82.25   21.05 0.000  2.31 0.000 9.999 0.259 9.99 0.259 0.092 0.000   0.901 0.000   1.261 0.000 999.99 0.259   8.816 0.000   3.166 0.000   5.650 0.000 0.031 0.000  0.892 0.000
 84.25  85.25   32.57 0.000  2.83 0.000 9.999 0.259 0.77 0.000 0.163 0.559   1.369 0.000   1.916 0.000 999.99 0.259  19.847 0.000   9.770 0.000  10.077 0.000 0.075 0.000  1.618 0.559
 87.25  88.25   16.91 0.000  1.16 0.000 9.999 0.259 0.42 0.000 0.151 0.559   1.371 0.000   1.920 0.000 999.99 0.259  15.656 0.000   8.682 0.000   6.974 0.000 0.051 0.000  0.826 0.559
 90.25  91.25   15.01 0.000  1.37 0.000 9.999 0.259 9.99 0.259 0.040 0.559   2.071 0.000   2.900 0.000 999.99 0.259   8.941 0.000   2.860 0.000   6.080 0.000 0.035 0.000  0.439 0.559
 93.25  94.25   27.22 0.000  1.97 0.000 9.999 0.259 9.99 0.259 0.029 0.559   3.267 0.000   4.574 0.000 999.99 0.259  15.542 0.000   4.235 0.000  11.307 0.000 0.048 0.000  1.074 0.559
 96.25  97.25   39.11 0.000  2.45 0.000 9.999 0.259 0.20 0.000 0.036 0.559   2.944 0.000   4.122 0.000 999.99 0.259  15.664 0.000   5.635 0.000  10.029 0.000 0.066 0.000  0.960 0.559
 99.25 100.25   38.22 0.000  2.42 0.000 9.999 0.259 9.99 0.259 0.026 0.559   4.537 0.000   6.352 0.000 999.99 0.259  18.023 0.000   4.312 0.000  13.710 0.000 0.082 0.000  1.019 0.559
102.25 103.25   15.30 0.000  2.78 0.000 9.999 0.259 9.99 0.259 0.286 0.559   1.191 0.000   1.667 0.000 999.99 0.259  11.394 0.000   1.189 0.000  10.205 0.000 0.032 0.000  1.522 0.559
105.25 106.25   26.57 0.000  1.73 0.000 9.999 0.259 9.99 0.259 0.040 0.559   2.965 0.000   4.151 0.000 999.99 0.259  16.038 0.000   4.638 0.000  11.400 0.000 0.063 0.000  1.108 0.559
108.25 109.25   35.03 0.000  2.00 0.000 9.999 0.259 0.41 0.000 0.063 0.559   1.492 0.000   2.089 0.000 999.99 0.259  14.957 0.000   5.397 0.000   9.560 0.000 0.053 0.000  1.369 0.559
111.25 112.25   60.37 0.000  1.92 0.000 0.068 0.000 0.49 0.000 0.121 0.559   1.823 0.000   2.552 0.000 999.99 0.259  20.299 0.000  11.190 0.000   9.109 0.000 0.111 0.000  0.957 0.559
114.25 115.25   18.67 0.000  0.50 0.000 9.999 0.259 0.32 0.000 0.063 0.559   1.561 0.000   2.185 0.000 999.99 0.259  13.807 0.000   6.564 0.000   7.242 0.000 0.076 0.000  0.882 0.559
117.25 118.25   28.17 0.000  1.64 0.000 9.999 0.259 9.99 0.259 0.020 0.559   1.383 0.000   1.936 0.000 999.99 0.259  11.876 0.000   7.227 0.000   4.648 0.000 0.036 0.000  0.378 0.559
120.25 121.25   11.83 0.000  1.12 0.000 9.999 0.259 0.36 0.000 0.044 0.559   1.422 0.000   1.990 0.000 999.99 0.259  10.191 0.000   3.667 0.000   6.524 0.000 0.037 0.000  0.812 0.559
123.25 124.25   19.15 0.000  1.39 0.000 9.999 0.259 9.99 0.259 0.023 0.559   1.297 0.000   1.816 0.000 999.99 0.259   8.267 0.000   3.618 0.000   4.649 0.000 0.039 0.000  0.487 0.559
126.25 127.25   31.54 0.000  1.68 0.000 9.999 0.259 0.22 0.000 0.053 0.559   9.970 0.000  13.957 0.000 999.99 0.259  25.812 0.000   2.554 0.000  23.258 0.000 0.198 0.000  0.989 0.559
129.25 130.25   34.40 0.000  1.75 0.000 9.999 0.259 0.40 0.000 0.029 0.559   2.542 0.000   3.559 0.000 999.99 0.259  19.601 0.000   3.257 0.000  16.343 0.000 0.056 0.000  2.260 0.559
132.25 133.25    5.57 0.000  0.38 0.000 0.043 0.000 0.14 0.000 0.011 0.559 999.999 0.999 999.999 0.999 999.99 0.259   3.390 0.000   1.743 0.000   1.646 0.000 0.014 0.000  0.128 0.559
135.25 136.25    8.57 0.000  0.36 0.000 9.999 0.259 0.14 0.000 0.041 0.559 999.999 0.999 999.999 0.999 999.99 0.259   8.192 0.000   3.036 0.000   5.156 0.000 0.027 0.000  0.675 0.559
138.25 139.25    9.49 0.000  0.41 0.000 9.999 0.259 0.46 0.000 0.052 0.559 999.999 0.999 999.999 0.999 999.99 0.259   7.777 0.000   3.721 0.000   4.055 0.000 0.022 0.000  0.533 0.559
141.25 142.25   16.55 0.000  0.71 0.000 0.061 0.000 0.39 0.000 0.068 0.559   1.389 0.000   1.944 0.000 999.99 0.259  11.810 0.000   5.197 0.000   6.612 0.000 0.035 0.000  0.853 0.559
144.25 145.25   11.69 0.000  0.66 0.000 9.999 0.259 0.51 0.000 0.073 0.559   1.309 0.000   1.832 0.000 999.99 0.259  12.483 0.000   4.667 0.000   7.816 0.000 0.052 0.000  1.197 0.559
147.25 148.25   15.22 0.000  0.21 0.000 9.999 0.259 0.67 0.000 0.099 0.559   1.572 0.000   2.201 0.000 999.99 0.259  15.873 0.000   7.641 0.000   8.232 0.000 0.058 0.000  1.057 0.559
150.25 151.25   84.79 0.000  0.41 0.000 9.999 0.259 0.46 0.000 0.128 0.559   2.017 0.000   2.824 0.000 999.99 0.259  20.874 0.000   9.879 0.000  10.995 0.000 0.174 0.000  1.014 0.559
153.25 154.25   17.70 0.000  0.68 0.000 9.999 0.259 0.25 0.000 0.024 0.559   1.672 0.000   2.341 0.000 999.99 0.259   8.970 0.000   4.151 0.000   4.819 0.000 0.040 0.000  0.327 0.559
156.25 157.25   24.59 0.000  1.09 0.000 9.999 0.259 0.18 0.000 0.016 0.559   2.376 0.000   3.327 0.000 999.99 0.259  17.361 0.000   5.186 0.000  12.175 0.000 0.052 0.000  1.410 0.559
159.25 160.25   80.82 0.000  1.50 0.000 9.999 0.259 0.57 0.000 0.044 0.559   1.088 0.000   1.524 0.000 999.99 0.259  14.202 0.000   5.824 0.000   8.379 0.000 0.058 0.000  1.044 0.559
162.25 163.25   68.69 0.000  0.35 0.000 9.999 0.259 0.38 0.000 0.062 0.559   1.250 0.000   1.750 0.000 999.99 0.259  13.930 0.000   6.806 0.000   7.123 0.000 0.071 0.000  0.735 0.559
165.25 166.25   26.02 0.000  0.43 0.000 9.999 0.259 0.14 0.000 0.018 0.000   1.126 0.000   1.577 0.000 999.99 0.259  10.519 0.000   5.820 0.000   4.700 0.000 0.047 0.000  0.363 0.000
168.25 169.25   57.28 0.000  0.58 0.000 9.999 0.259 0.13 0.000 0.035 0.559   1.257 0.000   1.760 0.000 999.99 0.259  10.602 0.000   6.031 0.000   4.570 0.000 0.054 0.000  0.359 0.559
171.25 172.25   43.26 0.000  0.81 0.000 9.999 0.259 0.18 0.000 0.025 0.559   1.902 0.000   2.662 0.000 999.99 0.259  15.944 0.000   8.075 0.000   7.868 0.000 0.088 0.000  0.769 0.559
174.25 175.25   33.13 0.000  0.66 0.000 9.999 0.259 0.14 0.000 0.016 0.559   1.383 0.000   1.936 0.000  22.86 0.000  11.976 0.000   7.935 0.000   4.041 0.000 0.045 0.000  0.223 0.559
177.25 178.25    9.61 0.000  0.24 0.000 9.999 0.259 9.99 0.259 0.014 0.559   0.837 0.000   1.172 0.000 999.99 0.259   6.529 0.000   3.625 0.000   2.904 0.000 0.016 0.000  0.273 0.559
180.25 181.25  159.22 0.000  0.80 0.000 9.999 0.259 0.44 0.000 0.039 0.559   1.475 0.000   2.066 0.000 999.99 0.259  21.347 0.000  11.322 0.000  10.025 0.000 0.075 0.000  1.090 0.559
183.25 184.25   35.42 0.000 99.99 0.259 9.999 0.259 0.20 0.000 0.039 0.559   0.981 0.000   1.373 0.000 999.99 0.259  10.623 0.000   5.279 0.000   5.344 0.000 0.044 0.000  0.634 0.559
186.25 187.25  199.28 0.000  1.80 0.000 9.999 0.259 0.31 0.000 0.048 0.559   1.446 0.000   2.024 0.000 999.99 0.259  20.255 0.000  11.197 0.000   9.058 0.000 0.163 0.000  0.669 0.559
189.25 190.25   53.49 0.000  0.84 0.000 9.999 0.259 0.57 0.000 0.039 0.559   1.217 0.000   1.704 0.000 999.99 0.259  11.987 0.000   4.861 0.000   7.126 0.000 0.054 0.000  0.863 0.559
192.25 193.25  157.76 0.000  0.43 0.000 0.052 0.000 0.39 0.000 0.048 0.559   1.413 0.000   1.978 0.000 999.99 0.259  15.081 0.000   6.332 0.000   8.748 0.000 0.079 0.000  0.773 0.559
195.25 196.25 9999.99 0.999 99.99 0.999 9.999 0.999 9.99 0.999 9.999 0.999 999.999 0.999 999.999 0.999 999.99 0.999 999.999 0.999 999.999 0.999 999.999 0.999 9.999 0.999 99.999 0.999
198.25 199.25   52.76 0.000  4.45 0.000 9.999 0.259 9.99 0.259 0.023 0.559   7.097 0.000   9.936 0.000 999.99 0.259  43.023 0.000  12.725 0.000  30.297 0.000 0.144 0.000  3.600 0.559
201.25 202.25   84.85 0.000  4.62 0.000 9.999 0.259 0.32 0.000 0.025 0.559  11.081 0.000  15.513 0.000 999.99 0.259 999.999 0.456 999.999 0.999  46.359 0.000 0.208 0.000  4.989 0.559
204.25 205.25 9999.99 0.999 99.99 0.999 9.999 0.999 9.99 0.999 9.999 0.999 999.999 0.999 999.999 0.999 999.99 0.999 999.999 0.999 999.999 0.999 999.999 0.999 9.999 0.999 99.999 0.999
207.25 208.25 9999.99 0.999 99.99 0.999 9.999 0.999 9.99 0.999 9.999 0.999 999.999 0.999 999.999 0.999 999.99 0.999 999.999 0.999 999.999 0.999 999.999 0.999 9.999 0.999 99.999 0.999
210.25 211.25 9999.99 0.999 99.99 0.999 9.999 0.999 9.99 0.999 9.999 0.999 999.999 0.999 999.999 0.999 999.99 0.999 999.999 0.999 999.999 0.999 999.999 0.999 9.999 0.999 99.999 0.999
213.25 214.25 9999.99 0.999 99.99 0.999 9.999 0.999 9.99 0.999 9.999 0.999 999.999 0.999 999.999 0.999 999.99 0.999 999.999 0.999 999.999 0.999 999.999 0.999 9.999 0.999 99.999 0.999
216.25 217.25   35.34 0.000  1.45 0.000 9.999 0.259 9.99 0.259 0.014 0.559   6.786 0.000   9.501 0.000 999.99 0.259  32.774 0.000   4.315 0.000  28.460 0.000 0.102 0.000  3.066 0.559
219.25 220.25   27.75 0.000  2.48 0.000 9.999 0.259 0.19 0.000 9.999 0.456   2.548 0.000   3.568 0.000 999.99 0.259  15.741 0.000   3.375 0.000  12.366 0.000 0.061 0.000 99.999 0.456
222.25 223.25   40.40 0.000  2.07 0.000 9.999 0.259 0.19 0.000 0.024 0.559   4.738 0.000   6.633 0.000 999.99 0.259  24.793 0.000   5.479 0.000  19.314 0.000 0.068 0.000  2.064 0.559
225.25 226.25   12.56 0.000  0.88 0.000 9.999 0.259 9.99 0.259 0.025 0.559   1.398 0.000   1.957 0.000 999.99 0.259  10.166 0.000   4.067 0.000   6.099 0.000 0.027 0.000  0.920 0.559
228.25 229.25   24.38 0.000  1.69 0.000 9.999 0.259 9.99 0.259 0.021 0.559   2.692 0.000   3.768 0.000 999.99 0.259  15.552 0.000   3.738 0.000  11.815 0.000 0.055 0.000  1.401 0.559
231.25 232.25   27.94 0.000  0.80 0.000 9.999 0.259 0.18 0.000 0.036 0.000   2.197 0.000   3.075 0.000 999.99 0.259  13.889 0.000   2.397 0.000  11.492 0.000 0.057 0.000  1.391 0.000
234.25 235.25   31.60 0.000  0.36 0.000 9.999 0.259 0.24 0.000 0.021 0.559   1.497 0.000   2.095 0.000 999.99 0.259  12.607 0.000   7.193 0.000   5.415 0.000 0.059 0.000  0.440 0.559
237.25 238.25   39.65 0.000  0.59 0.000 9.999 0.259 0.44 0.000 0.034 0.000   1.081 0.000   1.514 0.000 999.99 0.259  11.202 0.000   4.711 0.000   6.492 0.000 0.055 0.000  0.905 0.000
240.25 241.25   48.84 0.000  0.66 0.000 9.999 0.259 0.26 0.000 0.027 0.000   1.950 0.000   2.730 0.000 999.99 0.259  14.583 0.000   4.420 0.000  10.163 0.000 0.060 0.000  1.497 0.000
243.25 244.25   27.31 0.000  2.10 0.000 9.999 0.259 9.99 0.259 0.021 0.000   2.004 0.000   2.805 0.000 999.99 0.259 999.999 0.456 999.999 0.999   8.492 0.000 0.083 0.000  1.212 0.000
246.25 247.25   22.34 0.000  1.31 0.000 9.999 0.259 0.17 0.000 0.015 0.000   2.745 0.000   3.843 0.000 999.99 0.259  18.546 0.000   2.973 0.000  15.572 0.000 0.048 0.000  2.249 0.000
249.25 250.25   18.01 0.000  1.56 0.000 9.999 0.259 0.38 0.000 0.020 0.000   2.724 0.000   3.814 0.000 999.99 0.259  20.587 0.000   4.917 0.000  15.670 0.000 0.052 0.000  2.103 0.000
252.25 253.25   34.51 0.000  1.48 0.000 9.999 0.259 9.99 0.259 0.032 0.000   3.769 0.000   5.277 0.000 999.99 0.259  26.372 0.000  11.346 0.000  15.026 0.000 0.108 0.000  1.747 0.000
255.25 256.25   24.78 0.000  1.07 0.000 9.999 0.259 0.16 0.000 0.021 0.000   3.629 0.000   5.080 0.000 999.99 0.259  22.712 0.000   6.529 0.000  16.183 0.000 0.057 0.000  1.876 0.000
258.25 259.25   20.30 0.000  0.41 0.000 9.999 0.259 9.99 0.259 0.042 0.000   2.540 0.000   3.556 0.000 999.99 0.259  13.440 0.000   4.744 0.000   8.696 0.000 0.138 0.000  0.734 0.000
