scripts/IMPROVE-2019_partial/data/US9051U.20000101050000.20191216000000.filterpack..pm25.52w.1w.US03L_filterpack_US9051.US03L_IMPROVE_Davis.lev2.nas
64 1001
MISSING INFORMATION
US03L, IMPROVE, , , , , , , 
MISSING INFORMATION
IMPROVE sel_HTAP
1 1
2000 01 01 2019 12 16
0
days from file reference point
25
1 1 1 1 1 1 1 1 1 1 1 1 1 1 1 1 1 1 1 1 1 1 1 1 1
999.999999 9999.99 9.999 999.99 9.999 9.999 9.999999 99.99 9.999999 99.999 9.999 999.999 9.999 999.999 9.999 999.999 9.999 999.999 9.999 999.999 9.999 99.999 9.999 99.999 9.999
end_time of measurement, days from the file reference point
iron, ng/m3, Revision date=20181210133000
numflag iron, no unit, Revision date=20181210133000
lead, ng/m3, Revision date=20181210133000
numflag lead, no unit, Revision date=20181210133000
magnesium, ug/m3, Revision date=20181210133000
numflag magnesium, no unit, Revision date=20181210133000
nickel, ng/m3, Revision date=20181210133000
numflag nickel, no unit, Revision date=20181210133000
nitrate, ug N/m3, Revision date=20181210133000
numflag nitrate, no unit, Revision date=20181210133000
organic_carbon, ug C/m3, Revision date=20181210133000
numflag organic_carbon, no unit, Revision date=20181210133000
organic_mass, ug/m3, Revision date=20181210133000
numflag organic_mass, no unit, Revision date=20181210133000
pm10_mass, ug/m3, Version=2, Version description=Data extracted from http://views.cira.colostate.edu/fed/DataWizard 2019-12-16, Sample duration=1d, Orig. time res.=3d, Matrix=pm10, Blank correction=Blank corrected, Volume std. temperature=ambient, Volume std. pressure=ambient
numflag pm10_mass, no unit, Version=2, Version description=Data extracted from http://views.cira.colostate.edu/fed/DataWizard 2019-12-16, Sample duration=1d, Orig. time res.=3d, Matrix=pm10, Blank correction=Blank corrected, Volume std. temperature=ambient, Volume std. pressure=ambient
pm10_pm25_mass, ug/m3, Revision date=20181210133000, Matrix=pm10_pm25
numflag pm10_pm25_mass, no unit, Revision date=20181210133000, Matrix=pm10_pm25
pm25_mass, ug/m3, Version=2, Version description=Data extracted from http://views.cira.colostate.edu/fed/DataWizard 2019-12-16, Sample duration=1d, Orig. time res.=3d, Blank correction=Blank corrected, Volume std. temperature=ambient, Volume std. pressure=ambient
numflag pm25_mass, no unit, Version=2, Version description=Data extracted from http://views.cira.colostate.edu/fed/DataWizard 2019-12-16, Sample duration=1d, Orig. time res.=3d, Blank correction=Blank corrected, Volume std. temperature=ambient, Volume std. pressure=ambient
potassium, ug/m3, Revision date=20181210133000
numflag potassium, no unit, Revision date=20181210133000
sulphate_total, ug S/m3, Revision date=20181210133000
numflag sulphate_total, no unit, Revision date=20181210133000
0
25
Data definition:              EBAS_1.1
Set type code:                TI
Timezone:                     UTC
File name:                    US9051U.20000101050000.20191216000000.filterpack..pm25.52w.1w.US03L_filterpack_US9051.US03L_IMPROVE_Davis.lev2.nas
File creation:                20191218120855
Startdate:                    20000101050000
Revision date:                20191216000000
Statistics:                   arithmetic mean
Data level:                   2
Period code:                  52w
Resolution code:              1w
Station code:                 US9051U
Platform code:                US9051S
Station name:                 Washington D.C.
Station latitude:             38.8762
Station longitude:            -77.0344
Station altitude:             15.0 m
Regime:                       IMG
Component:                    
Matrix:                       pm25
Laboratory code:              US03L
Instrument type:              filterpack
Instrument name:              filterpack_US9051
Method ref:                   US03L_IMPROVE_Davis
starttime endtime Fe flag_Fe Pb flag_Pb Mg++ flag_Mg++ Ni flag_Ni NO3- flag_NO3- OC flag_OC OM flag_OM PM10 flag_PM10 PM10-PM2.5 flag_PM10-PM2.5 PM2.5 flag_PM2.5 K+ flag_K+ SO4-- flag_SO4--
  0.208333   1.208333  159.32 0.000  19.01 0.000 9.999 0.259000 99.99 0.259000  0.911 0.559   9.458 0.000  13.241 0.000  42.357 0.000  13.936 0.000  28.421 0.000  0.387 0.000  1.318 0.559
  4.208333   5.208333   72.80 0.000   1.70 0.000 9.999 0.259000 99.99 0.259000  0.058 0.699   0.787 0.000   1.101 0.000   8.192 0.000   1.882 0.000   6.310 0.000  0.018 0.000  0.878 0.699
  7.208333   8.208333   78.11 0.000   3.55 0.000 9.999 0.259000 99.99 0.259000 99.999 0.699   2.362 0.000   3.307 0.000  17.003 0.000   3.500 0.000  13.503 0.000  0.060 0.000 99.999 0.699
 11.208333  12.208333  129.85 0.559   1.60 0.559 9.999 0.559259 99.99 0.559259 99.999 0.699   1.892 0.000   2.649 0.000  11.574 0.000   4.141 0.000   7.434 0.559  0.036 0.559 99.999 0.699
 14.208333  15.208333   72.20 0.000   3.33 0.000 9.999 0.259000 99.99 0.259000 99.999 0.699   1.681 0.000   2.353 0.000  11.633 0.000   3.585 0.000   8.048 0.000  0.050 0.000 99.999 0.699
 18.208333  19.208333  145.38 0.559   3.17 0.559 9.999 0.559259 99.99 0.559259 99.999 0.699   3.603 0.000   5.044 0.000  29.807 0.000   9.947 0.000  19.860 0.559  0.085 0.559 99.999 0.699
 21.208333  22.208333   55.76 0.559   2.32 0.559 9.999 0.559259 99.99 0.559259  0.555 0.699   2.066 0.000   2.893 0.000  19.326 0.000   6.141 0.000  13.184 0.559  0.058 0.559  0.803 0.699
 25.208333  26.208333   94.22 0.559   8.01 0.559 9.999 0.559259 99.99 0.559259  0.416 0.699   2.495 0.000   3.493 0.000  20.255 0.000   4.335 0.000  15.920 0.559  0.059 0.559  1.621 0.699
 28.208333  29.208333  211.79 0.559   5.28 0.559 9.999 0.559259 99.99 0.559259  0.966 0.699   3.432 0.000   4.805 0.000  32.185 0.000  13.855 0.000  18.329 0.559  0.090 0.559  0.688 0.699
 32.208333  33.208333  133.66 0.000   2.86 0.000 9.999 0.259000 99.99 0.259000  0.315 0.699   1.561 0.000   2.185 0.000  14.197 0.000   5.992 0.000   8.204 0.000  0.038 0.000  0.579 0.699
 35.208333  36.208333  120.15 0.559   4.55 0.559 9.999 0.559259 99.99 0.559259  0.583 0.699   2.316 0.000   3.242 0.000  20.218 0.000   5.117 0.000  15.101 0.559  0.049 0.559  1.464 0.699
 39.208333  40.208333  177.25 0.000   3.74 0.000 9.999 0.259000 99.99 0.259000 99.999 0.699   4.233 0.000   5.926 0.000  31.510 0.000  10.288 0.000  21.223 0.000  0.071 0.000 99.999 0.699
 42.208333  43.208333  128.44 0.559   6.16 0.559 9.999 0.559259 99.99 0.559259  0.779 0.699   1.871 0.000   2.619 0.000  18.056 0.000   4.035 0.000  14.021 0.559  0.063 0.559  1.144 0.699
 46.208333  47.208333   81.57 0.000   5.28 0.000 9.999 0.259000 99.99 0.259000  0.259 0.699   2.475 0.000   3.465 0.000  20.662 0.000   4.297 0.000  16.364 0.000  0.055 0.000  1.951 0.699
 49.208333  50.208333   60.09 0.000   1.43 0.000 9.999 0.259000 99.99 0.259000  0.319 0.699   1.738 0.000   2.433 0.000  15.046 0.000   2.772 0.000  12.274 0.000  0.047 0.000  1.920 0.699
 53.208333  54.208333   87.49 0.000   3.48 0.000 9.999 0.259000 99.99 0.259000  0.584 0.699   3.408 0.000   4.771 0.000  35.933 0.000  15.985 0.000  19.948 0.000  0.056 0.000  2.096 0.699
 56.208333  57.208333   31.45 0.000   3.73 0.000 9.999 0.259000  1.52 0.000000  0.758 0.559   2.132 0.000   2.984 0.000  29.453 0.000   5.497 0.000  23.955 0.000  0.061 0.000  3.176 0.559
 60.208333  61.208333  346.42 0.000   4.33 0.000 9.999 0.259000 99.99 0.259000  0.210 0.699   6.142 0.000   8.599 0.000  25.215 0.000   8.979 0.000  16.236 0.000  0.093 0.000  0.679 0.699
 63.208333  64.208333  175.96 0.000   3.81 0.000 0.020 0.000000 99.99 0.259000  0.194 0.699   2.318 0.000   3.246 0.000 999.999 0.456 999.999 0.999   7.684 0.000  0.042 0.000  0.400 0.699
 67.208333  68.208333  483.68 0.000   4.41 0.000 9.999 0.259000 99.99 0.259000  0.168 0.699   4.955 0.000   6.937 0.000  32.832 0.000  11.747 0.000  21.085 0.000  0.088 0.000  1.463 0.699
 70.208333  71.208333  114.15 0.000   2.25 0.000 9.999 0.259000 99.99 0.259000  1.440 0.559   3.003 0.000   4.204 0.000  29.627 0.000   6.732 0.000  22.895 0.000  0.047 0.000  1.892 0.559
 74.208333  75.208333   60.42 0.000   2.02 0.000 9.999 0.259000 99.99 0.259000  0.168 0.699   3.288 0.000   4.603 0.000  18.140 0.000   4.856 0.000  13.284 0.000  0.067 0.000  1.053 0.699
 77.208333  78.208333   33.41 0.000   2.26 0.000 0.057 0.000000 99.99 0.259000  0.244 0.559   0.951 0.000   1.332 0.000   8.375 0.000   3.151 0.000   5.224 0.000  0.031 0.000  0.399 0.559
 81.208333  82.208333   90.42 0.000   2.96 0.000 0.028 0.000000 99.99 0.259000  0.555 0.559   1.630 0.000   2.282 0.000  15.053 0.000   2.815 0.000  12.238 0.000  0.022 0.000  1.178 0.559
 84.208333  85.208333   67.43 0.000   5.93 0.000 9.999 0.259000 99.99 0.259000  0.491 0.699   3.257 0.000   4.560 0.000  22.011 0.000   4.681 0.000  17.330 0.000  0.057 0.000  1.966 0.699
 88.208333  89.208333  131.24 0.000   1.83 0.000 9.999 0.259000 99.99 0.259000  0.103 0.000   0.996 0.000   1.394 0.000  24.700 0.000  17.345 0.000   7.355 0.000  0.024 0.000  0.973 0.000
 91.208333  92.208333  179.62 0.000   5.27 0.000 9.999 0.259000 99.99 0.259000  0.225 0.559   2.932 0.000   4.104 0.000  16.922 0.000   3.985 0.000  12.938 0.000  0.070 0.000  1.130 0.559
 95.208333  96.208333   84.60 0.000   0.77 0.000 9.999 0.259000 99.99 0.259000  0.129 0.000   1.081 0.000   1.513 0.000   9.213 0.559   3.626 0.000   5.587 0.000  0.022 0.000  0.693 0.000
 98.208333  99.208333   70.39 0.000   1.67 0.000 9.999 0.259000 99.99 0.259000  0.073 0.000   3.216 0.000   4.502 0.000 999.999 0.456 999.999 0.999  11.199 0.000  0.072 0.000  0.882 0.000
102.208333 103.208333  111.31 0.000   3.71 0.000 9.999 0.259000 99.99 0.259000  0.276 0.000   1.868 0.000   2.615 0.000  17.487 0.000   4.232 0.000  13.255 0.000  0.043 0.000  1.849 0.000
105.208333 106.208333  149.81 0.000   5.52 0.000 9.999 0.259000 99.99 0.259000  0.645 0.000   1.933 0.000   2.706 0.000  19.812 0.000   6.906 0.000  12.906 0.000  0.078 0.000  1.140 0.000
109.208333 110.208333  100.56 0.000   3.48 0.000 0.019 0.000000 99.99 0.259000  0.412 0.000   0.727 0.000   1.018 0.000  11.782 0.000   4.024 0.000   7.758 0.000  0.037 0.000  0.851 0.000
112.208333 113.208333   63.70 0.559   1.99 0.559 0.029 0.559000 99.99 0.559259  0.099 0.000   1.730 0.000   2.421 0.000   6.466 0.000   0.989 0.000   5.477 0.559  0.014 0.559  0.773 0.000
116.208333 117.208333  100.12 0.000   3.29 0.000 9.999 0.259000 99.99 0.259000  0.345 0.559   2.051 0.000   2.871 0.000  13.851 0.000   5.332 0.000   8.518 0.000  0.052 0.000  0.707 0.559
119.208333 120.208333  167.34 0.000   4.83 0.000 9.999 0.259000 99.99 0.259000  0.682 0.559   2.571 0.000   3.600 0.000  21.803 0.000   4.692 0.000  17.111 0.000  0.053 0.000  1.955 0.559
123.208333 124.208333  149.46 0.000   2.13 0.000 0.063 0.000000 99.99 0.259000  0.141 0.000   2.684 0.000   3.758 0.000  15.822 0.559   3.921 0.000  11.900 0.000  0.037 0.000  1.301 0.000
126.208333 127.208333  156.77 0.000   3.25 0.000 0.021 0.000000 99.99 0.259000  0.161 0.000   4.132 0.000   5.785 0.000  36.659 0.559   4.484 0.000  32.175 0.000  0.082 0.000  4.495 0.000
130.208333 131.208333  117.80 0.000   1.40 0.000 9.999 0.259000 99.99 0.259000  0.088 0.000   4.283 0.000   5.997 0.000  31.052 0.559   5.771 0.000  25.280 0.000  0.076 0.000  2.686 0.000
133.208333 134.208333  139.86 0.000   2.78 0.000 9.999 0.259000 99.99 0.259000  0.116 0.559   6.199 0.000   8.679 0.000  34.061 0.000   6.344 0.000  27.717 0.000  0.159 0.000  2.819 0.559
137.208333 138.208333   85.40 0.000   3.14 0.000 9.999 0.259000 99.99 0.259000  0.187 0.000   3.657 0.000   5.120 0.000  27.817 0.000   6.295 0.000  21.521 0.000  0.067 0.000  2.454 0.000
140.208333 141.208333   44.76 0.000   1.20 0.000 9.999 0.259000 99.99 0.259000  0.343 0.000   1.176 0.000   1.646 0.000  13.577 0.000   4.276 0.000   9.301 0.000  0.021 0.000  1.207 0.000
144.208333 145.208333 9999.99 0.999 999.99 0.999 9.999 0.999000 99.99 0.999000 99.999 0.999 999.999 0.999 999.999 0.999 999.999 0.999 999.999 0.999 999.999 0.999 99.999 0.999 99.999 0.999
147.208333 148.208333 9999.99 0.999 999.99 0.999 9.999 0.999000 99.99 0.999000 99.999 0.999 999.999 0.999 999.999 0.999 999.999 0.999 999.999 0.999 999.999 0.999 99.999 0.999 99.999 0.999
151.208333 152.208333 9999.99 0.999 999.99 0.999 9.999 0.999000 99.99 0.999000 99.999 0.999 999.999 0.999 999.999 0.999 999.999 0.999 999.999 0.999 999.999 0.999 99.999 0.999 99.999 0.999
154.208333 155.208333 9999.99 0.999 999.99 0.999 9.999 0.999000 99.99 0.999000 99.999 0.999 999.999 0.999 999.999 0.999 999.999 0.999 999.999 0.999 999.999 0.999 99.999 0.999 99.999 0.999
158.208333 159.208333  253.32 0.000   3.54 0.000 9.999 0.259000 99.99 0.259000  0.056 0.000   2.098 0.000   2.938 0.000  12.672 0.000   2.468 0.000  10.204 0.000  0.052 0.000  1.057 0.000
161.208333 162.208333  161.46 0.000   1.33 0.000 9.999 0.259000 99.99 0.259000  0.170 0.000   6.454 0.000   9.036 0.000  39.519 0.000   3.213 0.000  36.306 0.000  0.132 0.000  3.920 0.000
165.208333 166.208333   34.35 0.000   2.02 0.000 9.999 0.259000  0.75 0.000000  0.425 0.000   1.048 0.000   1.467 0.000  21.805 0.000   3.725 0.000  18.080 0.000  0.022 0.000  3.376 0.000
168.208333 169.208333   93.41 0.000 999.99 0.259 9.999 0.259000 99.99 0.259000  0.109 0.000   2.470 0.000   3.458 0.000  17.271 0.000   3.292 0.000  13.979 0.000  0.046 0.000  1.603 0.000
172.208333 173.208333   48.40 0.000   1.49 0.000 9.999 0.259000 99.99 0.259000  0.076 0.559   3.548 0.000   4.967 0.000  26.990 0.000   4.269 0.000  22.722 0.000  0.030 0.000  3.608 0.559
175.208333 176.208333  128.93 0.000   3.18 0.000 9.999 0.259000 99.99 0.259000  0.131 0.000   4.580 0.000   6.412 0.000  32.646 0.000   7.122 0.000  25.524 0.000  0.052 0.000  3.619 0.000
179.208333 180.208333  143.64 0.000   2.10 0.000 9.999 0.259000 99.99 0.259000  0.593 0.000   2.923 0.000   4.092 0.000  18.972 0.000   4.022 0.000  14.950 0.000  0.041 0.000  1.592 0.000
182.208333 183.208333  131.44 0.000   3.29 0.000 9.999 0.259000 99.99 0.259000  0.094 0.000   2.476 0.000   3.467 0.000  20.291 0.000   2.850 0.000  17.440 0.000  0.081 0.000  2.527 0.000
186.208333 187.208333  200.14 0.000  91.62 0.000 9.999 0.259000 99.99 0.259000  0.274 0.559   2.845 0.000   3.982 0.000  31.553 0.000   4.658 0.000  26.895 0.000  2.582 0.000  3.786 0.559
189.208333 190.208333   57.71 0.000   1.86 0.000 9.999 0.259000 99.99 0.259000  0.048 0.000   1.473 0.000   2.063 0.000  11.703 0.000   5.000 0.000   6.703 0.000  0.032 0.000  0.615 0.000
193.208333 194.208333 9999.99 0.999 999.99 0.999 9.999 0.999000 99.99 0.999000 99.999 0.999 999.999 0.999 999.999 0.999 999.999 0.999 999.999 0.999 999.999 0.999 99.999 0.999 99.999 0.999
196.208333 197.208333   49.96 0.000   0.84 0.000 0.013 0.000000 99.99 0.259000  0.078 0.000   1.213 0.000   1.698 0.000  11.338 0.000   1.525 0.000   9.813 0.000  0.012 0.000  1.585 0.000
200.208333 201.208333  121.87 0.000   1.97 0.000 9.999 0.259000 99.99 0.259000  0.171 0.000   2.004 0.000   2.806 0.000  18.530 0.000   5.162 0.000  13.369 0.000  0.027 0.000  1.629 0.000
203.208333 204.208333  116.24 0.000   2.07 0.000 9.999 0.259000 99.99 0.259000  0.191 0.000   2.811 0.000   3.936 0.000  22.044 0.000   4.607 0.000  17.438 0.000  0.043 0.000  2.346 0.000
207.208333 208.208333   68.59 0.000   1.25 0.000 9.999 0.259000 99.99 0.259000  0.082 0.559   0.733 0.000   1.027 0.000  10.723 0.000   6.562 0.000   4.160 0.000  0.018 0.000  0.364 0.559
210.208333 211.208333   44.79 0.000   0.95 0.000 9.999 0.259000 99.99 0.259000  0.174 0.559   1.457 0.000   2.040 0.000  14.637 0.000 999.999 0.259  15.082 0.000  0.022 0.000  2.197 0.559
214.208333 215.208333  104.06 0.000   0.98 0.000 9.999 0.259000  1.88 0.000000  0.136 0.559   1.902 0.000   2.662 0.000  17.254 0.000   3.906 0.000  13.348 0.000  0.045 0.000  1.754 0.559
217.208333 218.208333  102.12 0.000   3.80 0.000 9.999 0.259000 99.99 0.259000  0.355 0.000   2.182 0.000   3.054 0.000  20.444 0.000   3.067 0.000  17.376 0.000  0.036 0.000  2.798 0.000
221.208333 222.208333 9999.99 0.999 999.99 0.999 9.999 0.999000 99.99 0.999000 99.999 0.999 999.999 0.999 999.999 0.999 999.999 0.999 999.999 0.999 999.999 0.999 99.999 0.999 99.999 0.999
224.208333 225.208333 9999.99 0.999 999.99 0.999 9.999 0.999000 99.99 0.999000 99.999 0.999 999.999 0.999 999.999 0.999 999.999 0.999 999.999 0.999 999.999 0.999 99.999 0.999 99.999 0.999
228.208333 229.208333 9999.99 0.999 999.99 0.999 9.999 0.999000 99.99 0.999000 99.999 0.999 999.999 0.999 999.999 0.999 999.999 0.999 999.999 0.999 999.999 0.999 99.999 0.999 99.999 0.999
231.208333 232.208333 9999.99 0.999 999.99 0.999 9.999 0.999000 99.99 0.999000 99.999 0.999 999.999 0.999 999.999 0.999 999.999 0.999 999.999 0.999 999.999 0.999 99.999 0.999 99.999 0.999
235.208333 236.208333   74.08 0.000   1.93 0.000 9.999 0.259000 99.99 0.259000  0.155 0.559   4.682 0.000   6.555 0.000  28.971 0.000   4.209 0.000  24.762 0.000  0.066 0.000  2.779 0.559
238.208333 239.208333  140.95 0.000   3.23 0.000 9.999 0.259000 99.99 0.259000  0.209 0.000   3.906 0.000   5.468 0.000  30.635 0.000   4.593 0.000  26.042 0.000  0.044 0.000  3.369 0.000
243.208333 244.208333 9999.99 0.999 999.99 0.999 9.999 0.999000 99.99 0.999000 99.999 0.999 999.999 0.999 999.999 0.999 999.999 0.999 999.999 0.999 999.999 0.999 99.999 0.999 99.999 0.999
246.208333 247.208333 9999.99 0.999 999.99 0.999 9.999 0.999000 99.99 0.999000 99.999 0.999 999.999 0.999 999.999 0.999 999.999 0.999 999.999 0.999 999.999 0.999 99.999 0.999 99.999 0.999
249.208333 250.208333 9999.99 0.999 999.99 0.999 9.999 0.999000 99.99 0.999000 99.999 0.999 999.999 0.999 999.999 0.999 999.999 0.999 999.999 0.999 999.999 0.999 99.999 0.999 99.999 0.999
252.208333 253.208333   63.22 0.000   1.87 0.000 9.999 0.259000 99.99 0.259000  0.229 0.000   3.083 0.000   4.317 0.000  24.161 0.000   6.533 0.000  17.628 0.000  0.046 0.000  2.431 0.000
255.208333 256.208333   29.28 0.000   1.27 0.000 9.999 0.259000 99.99 0.259000  0.111 0.000   1.534 0.000   2.148 0.000  19.063 0.000   4.493 0.000  14.570 0.000  0.027 0.000  2.562 0.000
258.208333 259.208333  321.11 0.000   1.22 0.000 9.999 0.259000 99.99 0.259000  0.108 0.000   1.410 0.000   1.975 0.000  16.131 0.000   5.202 0.000  10.929 0.000  0.081 0.000  1.792 0.000
261.208333 262.208333  329.85 0.000   2.71 0.000 9.999 0.259000 99.99 0.259000  0.220 0.000   2.172 0.000   3.041 0.000  18.555 0.000   5.252 0.000  13.303 0.000  0.085 0.000  1.710 0.000
264.208333 265.208333  105.70 0.000   0.80 0.000 9.999 0.259000 99.99 0.259000  0.053 0.000   1.312 0.000   1.837 0.000  14.260 0.000   4.387 0.000   9.873 0.000  0.043 0.000  1.363 0.000
267.208333 268.208333   56.33 0.000   1.26 0.000 9.999 0.259000 99.99 0.259000  0.267 0.000   1.327 0.000   1.858 0.000  17.120 0.000   2.762 0.000  14.358 0.000  0.035 0.000  2.746 0.000
270.208333 271.208333  160.24 0.000   2.41 0.000 9.999 0.259000 99.99 0.259000  0.290 0.000   2.525 0.000   3.534 0.000  14.339 0.000   4.227 0.000  10.112 0.000  0.032 0.000  1.431 0.000
273.208333 274.208333  135.73 0.000   3.31 0.000 9.999 0.259000 99.99 0.259000  0.418 0.000   2.788 0.000   3.904 0.000  17.868 0.000   6.751 0.000  11.117 0.000  0.033 0.000  1.282 0.000
276.208333 277.208333  196.07 0.000   2.20 0.000 9.999 0.259000 99.99 0.259000  0.303 0.000   4.926 0.000   6.896 0.000  29.843 0.000   9.370 0.000  20.473 0.000  0.067 0.000  2.549 0.000
279.208333 280.208333  123.09 0.000   2.54 0.000 9.999 0.259000 99.99 0.259000  0.580 0.000   4.705 0.000   6.587 0.000  35.992 0.000   8.274 0.000  27.717 0.000  0.078 0.000  3.825 0.000
282.208333 283.208333   59.45 0.000   3.31 0.000 9.999 0.259000 99.99 0.259000  0.252 0.000   0.974 0.000   1.364 0.000   9.124 0.000   3.109 0.000   6.015 0.000  0.036 0.000  0.909 0.000
285.208333 286.208333  329.32 0.000   3.48 0.000 9.999 0.259000 99.99 0.259000  0.352 0.559   2.570 0.000   3.598 0.000  24.137 0.000  12.435 0.000  11.702 0.000  0.069 0.000  1.582 0.559
288.208333 289.208333  312.73 0.000   4.05 0.000 9.999 0.259000 99.99 0.259000  0.297 0.559   4.464 0.000   6.250 0.000  30.727 0.000   8.746 0.000  21.981 0.000  0.113 0.000  2.871 0.559
