scripts/IMPROVE-2019_partial/data/US9060R.20060102050000.20191216000000.filterpack..pm25.52w.1w.US03L_filterpack_US9060.US03L_IMPROVE_Davis.lev2.nas
66 1001
MISSING INFORMATION
US03L, IMPROVE, , , , , , , 
MISSING INFORMATION
IMPROVE sel_HTAP
1 1
2006 01 01 2019 12 16
3.000000
days from file reference point
27
1 1 1 1 1 1 1 1 1 1 1 1 1 1 1 1 1 1 1 1 1 1 1 1 1 1 1
999.999999 9999.99 9.999 99.99 9.999 9.999 9.999999 9.99 9.999999 99.999 9.999999 999.999 9.999 999.999 9.999 99.99 9.999999 999.999 9.999 999.999 9.999 999.999 9.999 9.999 9.999 99.999 9.999999
end_time of measurement, days from the file reference point
iron, ng/m3, Revision date=20181210133000
numflag iron, no unit, Revision date=20181210133000
lead, ng/m3, Revision date=20181210133000
numflag lead, no unit, Revision date=20181210133000
magnesium, ug/m3, Revision date=20181210133000
numflag magnesium, no unit, Revision date=20181210133000
nickel, ng/m3, Revision date=20181210133000
numflag nickel, no unit, Revision date=20181210133000
nitrate, ug N/m3, Revision date=20181210133000
numflag nitrate, no unit, Revision date=20181210133000
organic_carbon, ug C/m3, Revision date=20181210133000
numflag organic_carbon, no unit, Revision date=20181210133000
organic_mass, ug/m3, Revision date=20181210133000
numflag organic_mass, no unit, Revision date=20181210133000
phosphorus, ng/m3, Revision date=20181210133000
numflag phosphorus, no unit, Revision date=20181210133000
pm10_mass, ug/m3, Version=2, Version description=Data extracted from http://views.cira.colostate.edu/fed/DataWizard 2019-12-16, Sample duration=1d, Orig. time res.=3d, Matrix=pm10, Blank correction=Blank corrected, Volume std. temperature=ambient, Volume std. pressure=ambient
numflag pm10_mass, no unit, Version=2, Version description=Data extracted from http://views.cira.colostate.edu/fed/DataWizard 2019-12-16, Sample duration=1d, Orig. time res.=3d, Matrix=pm10, Blank correction=Blank corrected, Volume std. temperature=ambient, Volume std. pressure=ambient
pm10_pm25_mass, ug/m3, Revision date=20181210133000, Matrix=pm10_pm25
numflag pm10_pm25_mass, no unit, Revision date=20181210133000, Matrix=pm10_pm25
pm25_mass, ug/m3, Version=2, Version description=Data extracted from http://views.cira.colostate.edu/fed/DataWizard 2019-12-16, Sample duration=1d, Orig. time res.=3d, Blank correction=Blank corrected, Volume std. temperature=ambient, Volume std. pressure=ambient
numflag pm25_mass, no unit, Version=2, Version description=Data extracted from http://views.cira.colostate.edu/fed/DataWizard 2019-12-16, Sample duration=1d, Orig. time res.=3d, Blank correction=Blank corrected, Volume std. temperature=ambient, Volume std. pressure=ambient
potassium, ug/m3, Revision date=20181210133000
numflag potassium, no unit, Revision date=20181210133000
sulphate_total, ug S/m3, Revision date=20181210133000
numflag sulphate_total, no unit, Revision date=20181210133000
0
25
Data definition:              EBAS_1.1
Set type code:                TU
Timezone:                     UTC
File name:                    US9060R.20060102050000.20191216000000.filterpack..pm25.52w.1w.US03L_filterpack_US9060.US03L_IMPROVE_Davis.lev2.nas
File creation:                20191218120932
Startdate:                    20060102050000
Revision date:                20191216000000
Statistics:                   arithmetic mean
Data level:                   2
Period code:                  52w
Resolution code:              1w
Station code:                 US9060R
Platform code:                US9060S
Station name:                 Seney
Station latitude:             46.2889
Station longitude:            -85.9503
Station altitude:             214.0 m
Regime:                       IMG
Component:                    
Matrix:                       pm25
Laboratory code:              US03L
Instrument type:              filterpack
Instrument name:              filterpack_US9060
Method ref:                   US03L_IMPROVE_Davis
starttime endtime Fe flag_Fe Pb flag_Pb Mg++ flag_Mg++ Ni flag_Ni NO3- flag_NO3- OC flag_OC OM flag_OM P flag_P PM10 flag_PM10 PM10-PM2.5 flag_PM10-PM2.5 PM2.5 flag_PM2.5 K+ flag_K+ SO4-- flag_SO4--
  1.208333   2.208333    8.31 0.000  1.28 0.000 9.999 0.259000 0.33 0.000000  0.025 0.000000   0.841 0.559   1.178 0.559 99.99 0.259000   4.044 0.000   0.417 0.000   3.627 0.000 0.017 0.000  0.560 0.000000
  4.208333   5.208333    1.04 0.000  0.69 0.000 9.999 0.259000 9.99 0.259000  0.006 0.000000   0.016 0.000   0.023 0.000 99.99 0.259000   1.667 0.000   0.393 0.000   1.274 0.000 0.003 0.000  0.208 0.000000
  7.208333   8.208333    2.63 0.000  0.87 0.000 9.999 0.259000 9.99 0.259000  0.013 0.000000   0.470 0.000   0.658 0.000 99.99 0.259000   2.086 0.000   0.189 0.000   1.897 0.000 0.011 0.000  0.287 0.000000
 10.208333  11.208333   55.72 0.000  4.64 0.000 9.999 0.259000 0.14 0.000000  1.132 0.000000   1.304 0.000   1.826 0.000 99.99 0.259000  15.271 0.000   1.566 0.000  13.705 0.000 0.048 0.000  1.486 0.000000
 13.208333  14.208333    0.92 0.000  0.51 0.000 9.999 0.259000 9.99 0.259000  0.004 0.000000   0.334 0.000   0.467 0.000 99.99 0.259000   2.077 0.000   0.359 0.000   1.718 0.000 0.006 0.000  0.279 0.000000
 16.208333  17.208333    6.34 0.000  1.30 0.000 0.011 0.000000 9.99 0.259000  0.087 0.000000   0.098 0.000   0.137 0.000 99.99 0.259000   2.195 0.000   0.681 0.000   1.514 0.000 0.013 0.000  0.124 0.000000
 19.208333  20.208333   19.33 0.000  1.01 0.000 0.014 0.000000 9.99 0.259000  0.114 0.000000   0.588 0.000   0.823 0.000 99.99 0.259000   5.216 0.000   0.956 0.000   4.260 0.000 0.025 0.000  0.751 0.000000
 22.208333  23.208333   13.23 0.000  1.35 0.000 0.011 0.000000 9.99 0.259000  0.561 0.000000   0.808 0.000   1.131 0.000 99.99 0.259000   7.965 0.000   0.855 0.000   7.110 0.000 0.032 0.000  0.894 0.000000
 25.208333  26.208333    7.27 0.000  1.36 0.000 9.999 0.259000 9.99 0.259000  0.034 0.000000   0.647 0.000   0.905 0.000 99.99 0.259000   3.521 0.000   0.314 0.000   3.207 0.000 0.024 0.000  0.434 0.000000
 28.208333  29.208333    6.71 0.000  1.52 0.000 9.999 0.259000 9.99 0.259000  0.036 0.000000   0.447 0.000   0.625 0.000 99.99 0.259000   2.446 0.000   0.011 0.000   2.435 0.000 0.013 0.000  0.320 0.000000
 31.208333  32.208333   20.70 0.000  2.04 0.000 9.999 0.259000 0.11 0.000000  0.410 0.000000   0.702 0.000   0.983 0.000 99.99 0.259000   5.410 0.000   0.338 0.000   5.072 0.000 0.028 0.000  0.570 0.000000
 34.208333  35.208333   12.31 0.000  1.52 0.000 0.011 0.000000 9.99 0.259000  0.043 0.000000   0.163 0.000   0.229 0.000 99.99 0.259000   1.903 0.000   0.156 0.000   1.747 0.000 0.011 0.000  0.296 0.000000
 37.208333  38.208333    2.74 0.000  0.28 0.000 9.999 0.259000 0.20 0.000000  0.014 0.000000   0.086 0.000   0.121 0.000 99.99 0.259000   1.252 0.000   0.244 0.000   1.008 0.000 0.006 0.000  0.142 0.000000
 40.208333  41.208333    9.85 0.000  0.73 0.000 9.999 0.259000 9.99 0.259000  0.075 0.000000   0.659 0.000   0.923 0.000 99.99 0.259000   3.887 0.000   0.953 0.000   2.934 0.000 0.019 0.000  0.350 0.000000
 43.208333  44.208333   12.38 0.000 99.99 0.259 9.999 0.259000 9.99 0.259000  0.028 0.000000   0.354 0.000   0.495 0.000 99.99 0.259000   2.568 0.000   0.588 0.000   1.979 0.000 0.017 0.000  0.286 0.000000
 46.208333  47.208333    7.06 0.000  1.18 0.000 9.999 0.259000 9.99 0.259000  0.016 0.000000   0.238 0.000   0.333 0.000 99.99 0.259000   2.438 0.000   0.745 0.000   1.692 0.000 0.011 0.000  0.245 0.000000
 49.208333  50.208333   15.81 0.000  1.45 0.000 9.999 0.259000 0.08 0.000000  0.296 0.000000   0.558 0.000   0.782 0.000 99.99 0.259000   6.060 0.000   1.269 0.000   4.791 0.000 0.069 0.000  0.320 0.000000
 52.208333  53.208333   15.62 0.000  1.29 0.000 0.010 0.000000 9.99 0.259000  0.520 0.000000 999.999 0.699 999.999 0.699 99.99 0.259000   8.218 0.000   1.000 0.000   7.218 0.000 0.036 0.000  0.767 0.000000
 55.208333  56.208333   11.76 0.000  0.94 0.000 9.999 0.259000 9.99 0.259000  0.030 0.000000   0.262 0.000   0.366 0.000 99.99 0.259000   2.594 0.000   0.918 0.000   1.676 0.000 0.014 0.000  0.266 0.000000
 58.208333  59.208333    5.59 0.000  0.92 0.000 0.011 0.000000 9.99 0.259000  0.025 0.000000   0.139 0.000   0.194 0.000 99.99 0.259000   1.812 0.000   0.347 0.000   1.466 0.000 0.012 0.000  0.208 0.000000
 61.208333  62.208333    3.93 0.000  0.35 0.000 0.060 0.000000 9.99 0.259000  0.049 0.000000   0.045 0.000   0.063 0.000 99.99 0.259000   3.007 0.000   0.686 0.000   2.321 0.000 0.026 0.000  0.112 0.000000
 64.208333  65.208333    7.61 0.000  0.48 0.000 9.999 0.259000 9.99 0.259000  0.044 0.000000   0.265 0.000   0.372 0.000 99.99 0.259000   2.156 0.000   0.375 0.000   1.780 0.000 0.015 0.000  0.142 0.000000
 67.208333  68.208333 9999.99 0.999 99.99 0.999 9.999 0.999000 9.99 0.999000 99.999 0.999000 999.999 0.999 999.999 0.999 99.99 0.999000 999.999 0.999 999.999 0.999 999.999 0.999 9.999 0.999 99.999 0.999000
 70.208333  71.208333 9999.99 0.999 99.99 0.999 9.999 0.999000 9.99 0.999000 99.999 0.999000 999.999 0.999 999.999 0.999 99.99 0.999000 999.999 0.999 999.999 0.999 999.999 0.999 9.999 0.999 99.999 0.999000
 73.208333  74.208333   10.83 0.000  1.26 0.000 9.999 0.259000 9.99 0.259000  0.012 0.000000   0.151 0.000   0.211 0.000 99.99 0.259000   2.775 0.000   0.989 0.000   1.786 0.000 0.018 0.000  0.336 0.000000
 76.208333  77.208333   10.37 0.000  1.08 0.000 9.999 0.259000 9.99 0.259000  0.015 0.000000   0.099 0.000   0.138 0.000 99.99 0.259000   3.010 0.000   0.803 0.000   2.207 0.000 0.017 0.000  0.373 0.000000
 79.208333  80.208333    4.55 0.000  0.53 0.000 0.010 0.000000 9.99 0.259000  0.030 0.000000   0.068 0.000   0.095 0.000 99.99 0.259000   2.168 0.000   0.630 0.000   1.538 0.000 0.016 0.000  0.195 0.000000
 82.208333  83.208333    0.53 0.000  0.10 0.000 0.012 0.000000 9.99 0.259000  0.002 0.000000   0.069 0.000   0.097 0.000 99.99 0.259000   0.248 0.000 999.999 0.259   0.308 0.000 0.004 0.000  0.039 0.000000
 85.208333  86.208333   14.34 0.000  0.68 0.000 9.999 0.259000 9.99 0.259000  0.025 0.000000   0.448 0.000   0.628 0.000 99.99 0.259000   2.998 0.000   0.809 0.000   2.189 0.000 0.025 0.000  0.232 0.000000
 88.208333  89.208333   72.84 0.000  5.18 0.000 9.999 0.259000 0.24 0.000000  0.487 0.000000   1.804 0.000   2.526 0.000 99.99 0.259000  20.802 0.000   1.494 0.000  19.307 0.000 0.057 0.000  3.550 0.000000
 91.208333  92.208333   28.02 0.000  1.50 0.000 0.014 0.000000 0.35 0.000000  0.038 0.000000   0.398 0.000   0.558 0.000 99.99 0.259000   3.582 0.000   0.661 0.000   2.921 0.000 0.027 0.000  0.407 0.000000
 94.208333  95.208333   15.62 0.000  0.37 0.000 0.012 0.000000 0.15 0.000000  0.011 0.000000   0.138 0.000   0.193 0.000 99.99 0.259000   2.506 0.000   0.617 0.000   1.889 0.000 0.014 0.000  0.281 0.000000
 97.208333  98.208333   14.48 0.000  0.40 0.000 0.012 0.000000 9.99 0.259000  0.018 0.559000   0.163 0.000   0.228 0.000 99.99 0.259000   2.125 0.000   0.484 0.000   1.641 0.000 0.015 0.000  0.270 0.559000
100.208333 101.208333   82.66 0.000  4.28 0.000 0.025 0.000000 0.28 0.000000  0.171 0.000000   1.806 0.000   2.528 0.000 99.99 0.259000  17.771 0.000   6.829 0.000  10.942 0.000 0.073 0.000  1.352 0.000000
103.208333 104.208333   25.71 0.000  0.99 0.000 0.014 0.000000 0.18 0.000000  0.053 0.000000   0.843 0.000   1.180 0.000 99.99 0.259000   7.484 0.000   3.666 0.000   3.817 0.000 0.036 0.000  0.400 0.000000
106.208333 107.208333   41.94 0.000  1.73 0.000 0.016 0.000000 0.19 0.000000  0.016 0.000000   0.478 0.000   0.669 0.000 99.99 0.259000   5.191 0.000   2.544 0.000   2.647 0.000 0.034 0.000  0.330 0.000000
109.208333 110.208333   22.55 0.000  0.59 0.000 0.017 0.000000 0.20 0.000000  0.049 0.559000   0.936 0.000   1.310 0.000 99.99 0.259000   8.142 0.000   5.444 0.000   2.698 0.000 0.021 0.000  0.175 0.559000
112.208333 113.208333   18.58 0.000  0.87 0.000 9.999 0.259000 0.22 0.000000  0.079 0.559000   0.743 0.000   1.040 0.000 99.99 0.259000   4.542 0.000   0.416 0.000   4.125 0.000 0.019 0.000  0.627 0.559000
115.208333 116.208333 9999.99 0.699 99.99 0.699 9.999 0.699000 9.99 0.699000  0.069 0.559000  43.705 0.000  61.187 0.000 99.99 0.699000 999.999 0.699 999.999 0.699 999.999 0.699 9.999 0.699  0.409 0.559000
118.208333 119.208333   31.90 0.000  0.96 0.000 0.013 0.000000 0.55 0.000000  0.147 0.559000   1.075 0.000   1.504 0.000 99.99 0.259000   9.747 0.000   6.024 0.000   3.724 0.000 0.029 0.000  0.291 0.559000
121.208333 122.208333  134.89 0.000  4.41 0.000 9.999 0.259000 0.57 0.000000  0.102 0.559000   1.539 0.000   2.154 0.000 99.99 0.259000  19.799 0.000   7.267 0.000  12.532 0.000 0.088 0.000  1.453 0.559000
124.208333 125.208333    6.50 0.000  0.25 0.000 9.999 0.259000 9.99 0.259000  0.006 0.559000   0.156 0.000   0.218 0.000 99.99 0.259000   2.551 0.000   1.661 0.000   0.890 0.000 0.005 0.000  0.089 0.559000
127.208333 128.208333   86.73 0.000  5.62 0.000 9.999 0.259000 0.26 0.000000  0.149 0.000000   1.199 0.000   1.678 0.000 99.99 0.259000  18.338 0.000   9.437 0.000   8.902 0.000 0.063 0.000  1.084 0.000000
130.208333 131.208333    9.04 0.000  1.02 0.000 9.999 0.259000 0.37 0.000000  0.028 0.559000   0.234 0.000   0.328 0.000 99.99 0.259000   4.713 0.000   1.660 0.000   3.054 0.000 0.008 0.000  0.459 0.559000
133.208333 134.208333   14.10 0.000  1.58 0.000 9.999 0.259000 0.20 0.000000  0.017 0.559000   0.707 0.000   0.990 0.000 99.99 0.259000   7.977 0.000   1.777 0.000   6.199 0.000 0.017 0.000  1.036 0.559000
136.208333 137.208333   15.49 0.000  0.44 0.000 9.999 0.259000 9.99 0.259000  0.009 0.559000   0.757 0.000   1.060 0.000 99.99 0.259000   4.890 0.000   1.821 0.000   3.069 0.000 0.021 0.000  0.215 0.559000
139.208333 140.208333   20.73 0.000  0.43 0.000 9.999 0.259000 9.99 0.259000  0.006 0.559000   0.383 0.000   0.536 0.000 99.99 0.259000   3.006 0.000   1.396 0.000   1.610 0.000 0.018 0.000  0.113 0.559000
142.208333 143.208333   20.07 0.000  1.89 0.000 0.015 0.000000 9.99 0.259000  0.040 0.559000   1.123 0.000   1.573 0.000 99.99 0.259000   5.133 0.000   2.100 0.000   3.033 0.000 0.027 0.000  0.244 0.559000
145.208333 146.208333   54.04 0.000  1.98 0.000 9.999 0.259000 0.35 0.000000  0.059 0.559000   2.216 0.000   3.103 0.000 99.99 0.259000  15.725 0.000   4.475 0.000  11.250 0.000 0.049 0.000  1.407 0.559000
148.208333 149.208333   72.36 0.000  3.96 0.000 9.999 0.259000 0.71 0.000000  0.104 0.559000   2.602 0.000   3.642 0.000 99.99 0.259000  21.356 0.000   6.295 0.000  15.061 0.000 0.089 0.000  1.755 0.559000
151.208333 152.208333   18.61 0.000  0.37 0.000 9.999 0.259000 9.99 0.259000  0.008 0.559000   0.889 0.000   1.244 0.000 99.99 0.259000   6.123 0.000   3.253 0.000   2.871 0.000 0.022 0.000  0.203 0.559000
154.208333 155.208333   22.58 0.000  1.13 0.000 0.010 0.000000 9.99 0.259000  0.007 0.559000   1.143 0.000   1.600 0.000 99.99 0.259000   5.714 0.000   2.569 0.000   3.146 0.000 0.024 0.000  0.119 0.559000
157.208333 158.208333   62.68 0.000  3.40 0.000 0.029 0.000000 0.29 0.000000  0.070 0.000000   2.234 0.000   3.128 0.000 99.99 0.259000  16.409 0.000   3.396 0.000  13.013 0.000 0.045 0.000  1.727 0.000000
160.208333 161.208333   13.69 0.000  0.42 0.000 9.999 0.259000 0.25 0.000000  0.008 0.559000   0.464 0.000   0.650 0.000 99.99 0.259000   3.382 0.000   1.078 0.000   2.304 0.000 0.016 0.000  0.139 0.559000
163.208333 164.208333 9999.99 0.999 99.99 0.999 9.999 0.999000 9.99 0.999000 99.999 0.999000 999.999 0.999 999.999 0.999 99.99 0.999000 999.999 0.999 999.999 0.999 999.999 0.999 9.999 0.999 99.999 0.999000
166.208333 167.208333 9999.99 0.999 99.99 0.999 9.999 0.999000 9.99 0.999000 99.999 0.999000 999.999 0.999 999.999 0.999 99.99 0.999000 999.999 0.999 999.999 0.999 999.999 0.999 9.999 0.999 99.999 0.999000
169.208333 170.208333 9999.99 0.999 99.99 0.999 9.999 0.999000 9.99 0.999000 99.999 0.999000 999.999 0.999 999.999 0.999 99.99 0.999000 999.999 0.999 999.999 0.999 999.999 0.999 9.999 0.999 99.999 0.999000
172.208333 173.208333   17.90 0.000  0.33 0.000 9.999 0.259000 9.99 0.259000  0.013 0.559000   0.766 0.000   1.073 0.000 99.99 0.259000   6.643 0.000   3.708 0.000   2.935 0.000 0.017 0.000  0.193 0.559000
175.208333 176.208333   10.80 0.000  0.77 0.000 0.015 0.000000 0.21 0.000000  0.016 0.559000   1.447 0.000   2.026 0.000 99.99 0.259000   6.224 0.000   1.949 0.000   4.275 0.000 0.026 0.000  0.270 0.559000
178.208333 179.208333   10.88 0.394  0.52 0.394 0.009 0.394000 0.26 0.394000  0.021 0.559394   2.703 0.394   3.784 0.394 99.99 0.394259   9.946 0.000   2.254 0.394   7.692 0.000 0.032 0.394  0.326 0.559394
181.208333 182.208333   65.32 0.000  3.99 0.000 9.999 0.259000 0.12 0.000000  0.095 0.559000   3.658 0.000   6.585 0.000 99.99 0.259000  20.947 0.000   6.109 0.000  14.838 0.000 0.091 0.000  1.234 0.559000
184.208333 185.208333    6.42 0.000  0.33 0.000 9.999 0.259000 0.08 0.000000  0.012 0.559000   1.558 0.000   2.804 0.000 99.99 0.259000   7.477 0.000   3.807 0.000   3.670 0.000 0.035 0.000  0.125 0.559000
187.208333 188.208333   24.49 0.000  1.24 0.000 0.015 0.000000 9.99 0.259000  0.026 0.559000   3.292 0.000   5.926 0.000 99.99 0.259000  24.151 0.000  14.461 0.000   9.691 0.000 0.098 0.000  0.474 0.559000
190.208333 191.208333    4.45 0.000  0.77 0.000 0.009 0.000000 9.99 0.259000  0.025 0.559000   0.605 0.000   1.089 0.000 99.99 0.259000   4.335 0.000   2.661 0.000   1.674 0.000 0.016 0.000  0.071 0.559000
193.208333 194.208333   25.47 0.000  1.46 0.000 9.999 0.259000 9.99 0.259000  0.019 0.559000   1.916 0.000   3.450 0.000 99.99 0.259000  13.795 0.000   4.744 0.000   9.051 0.000 0.035 0.000  1.013 0.559000
196.208333 197.208333   42.65 0.000  2.82 0.000 9.999 0.259000 9.99 0.259000  0.050 0.559000   2.448 0.000   4.407 0.000 99.99 0.259000  13.991 0.000   4.463 0.000   9.527 0.000 0.094 0.000  0.731 0.559000
199.208333 200.208333   15.81 0.000  0.98 0.000 9.999 0.259000 0.21 0.000000  0.016 0.559000   1.813 0.000   3.263 0.000 99.99 0.259000  12.841 0.000   3.535 0.000   9.306 0.000 0.026 0.000  0.980 0.559000
202.208333 203.208333    8.50 0.000  0.28 0.000 9.999 0.259000 0.07 0.000000  0.010 0.559000   0.958 0.000   1.724 0.000 99.99 0.259000   4.170 0.000   1.840 0.000   2.330 0.000 0.016 0.000  0.041 0.559000
205.208333 206.208333   25.21 0.000  1.83 0.000 9.999 0.259000 0.25 0.000000  0.043 0.559000   2.119 0.000   3.814 0.000 99.99 0.259000  11.354 0.000   2.706 0.000   8.648 0.000 0.033 0.000  0.735 0.559000
208.208333 209.208333   22.47 0.000  1.16 0.000 9.999 0.259000 9.99 0.259000  0.020 0.559000   2.683 0.000   4.829 0.000 99.99 0.259000  10.781 0.000   1.954 0.000   8.827 0.000 0.048 0.000  0.567 0.559000
211.208333 212.208333   62.65 0.000  3.26 0.000 9.999 0.259000 0.34 0.000000  0.052 0.559000   2.499 0.000   4.498 0.000 99.99 0.259000  13.982 0.000   2.726 0.000  11.255 0.000 0.089 0.000  1.042 0.559000
214.208333 215.208333   16.26 0.000  0.50 0.000 9.999 0.259000 0.24 0.000000  0.013 0.559000   2.105 0.000   3.788 0.000 99.99 0.259000   8.011 0.000   2.796 0.000   5.215 0.000 0.032 0.000  0.171 0.559000
217.208333 218.208333 9999.99 0.999 99.99 0.999 9.999 0.999000 9.99 0.999000 99.999 0.999000 999.999 0.999 999.999 0.999 99.99 0.999000 999.999 0.999 999.999 0.999 999.999 0.999 9.999 0.999 99.999 0.999000
220.208333 221.208333 9999.99 0.999 99.99 0.999 9.999 0.999000 9.99 0.999000 99.999 0.999000 999.999 0.999 999.999 0.999 99.99 0.999000 999.999 0.999 999.999 0.999 999.999 0.999 9.999 0.999 99.999 0.999000
223.208333 224.208333 9999.99 0.999 99.99 0.999 9.999 0.999000 9.99 0.999000 99.999 0.999000 999.999 0.999 999.999 0.999 99.99 0.999000 999.999 0.999 999.999 0.999 999.999 0.999 9.999 0.999 99.999 0.999000
226.208333 227.208333    3.67 0.000  0.30 0.000 9.999 0.259000 0.13 0.000000  0.007 0.559000   0.420 0.000   0.756 0.000 99.99 0.259000   2.424 0.000   1.123 0.000   1.301 0.000 0.009 0.000  0.084 0.559000
229.208333 230.208333   33.97 0.000  2.81 0.000 9.999 0.259000 9.99 0.259000  0.035 0.559000   1.570 0.000   2.827 0.000 99.99 0.259000  13.247 0.000   1.583 0.000  11.664 0.000 0.032 0.000  1.467 0.559000
