scripts/IMPROVE-2019_partial/data/US9051U.19940101050000.20191216000000.filterpack...1y.3d.US03L_filterpack_US9051.US03L_IMPROVE_Davis.lev2.nas
51 1001
MISSING INFORMATION
US03L, IMPROVE, , , , , , , 
MISSING INFORMATION
IMPROVE sel_HTAP
1 1
1994 01 01 2019 12 16
0
days from file reference point
4
1 1 1 1
999.999999 999.999 999.999 9.999
end_time of measurement, days from the file reference point
pm10_mass, ug/m3, Matrix=pm10
pm25_mass, ug/m3, Matrix=pm25
numflag, no unit
0
33
Data definition:              EBAS_1.1
Set type code:                TI
Timezone:                     UTC
File name:                    US9051U.19940101050000.20191216000000.filterpack...1y.3d.US03L_filterpack_US9051.US03L_IMPROVE_Davis.lev2.nas
File creation:                20191218120854
Startdate:                    19940101050000
Revision date:                20191216000000
Version:                      2
Version description:          "Data extracted from http://views.cira.colostate.edu/fed/DataWizard 2019-12-16"
Statistics:                   arithmetic mean
Data level:                   2
Period code:                  1y
Resolution code:              3d
Sample duration:              1d
Orig. time res.:              3d
Station code:                 US9051U
Platform code:                US9051S
Station name:                 Washington D.C.
Station latitude:             38.8762
Station longitude:            -77.0344
Station altitude:             15.0 m
Regime:                       IMG
Component:                    
Unit:                         ug/m3
Matrix:                       
Laboratory code:              US03L
Instrument type:              filterpack
Instrument name:              filterpack_US9051
Method ref:                   US03L_IMPROVE_Davis
Blank correction:             Blank corrected
Volume std. temperature:      ambient
Volume std. pressure:         ambient
starttime endtime PM10 PM2.5 flag
  0.208333   1.208333  50.253  42.039 0.000
  4.208333   5.208333  20.330  11.516 0.000
  7.208333   8.208333  16.555  10.680 0.000
 11.208333  12.208333 999.999 999.999 0.999
 14.208333  15.208333  12.010   6.361 0.000
 18.208333  19.208333 999.999 999.999 0.999
 21.208333  22.208333  38.623  31.026 0.000
 25.208333  26.208333  25.743  21.461 0.000
 28.208333  29.208333  20.206  13.929 0.000
 32.208333  33.208333  31.230  19.272 0.000
 35.208333  36.208333 999.999 999.999 0.999
 39.208333  40.208333  29.209  21.369 0.000
 42.208333  43.208333  21.721  15.847 0.000
 46.208333  47.208333  36.422  16.773 0.000
 49.208333  50.208333  44.028  25.350 0.000
 53.208333  54.208333  23.460  15.858 0.000
 56.208333  57.208333  23.317  14.542 0.000
 60.208333  61.208333  13.594  12.548 0.000
 63.208333  64.208333  30.000  25.000 0.000
 67.208333  68.208333  17.273  13.109 0.000
 70.208333  71.208333  17.276  12.476 0.000
 74.208333  75.208333  17.388   7.314 0.000
 77.208333  78.208333  16.531  13.955 0.000
 81.208333  82.208333 999.999  13.546 0.000
 84.208333  85.208333  22.540  10.194 0.000
 88.208333  89.208333  21.347  14.952 0.000
 91.208333  92.208333  29.132  20.814 0.000
 95.208333  96.208333  23.625  20.641 0.000
 98.208333  99.208333  18.664  12.917 0.000
102.208333 103.208333  26.244 999.999 0.000
105.208333 106.208333  12.248   9.185 0.000
109.208333 110.208333  27.080  10.377 0.000
112.208333 113.208333  20.717   9.811 0.000
116.208333 117.208333  29.120  19.968 0.000
119.208333 120.208333  34.737  25.355 0.000
123.208333 124.208333  30.039   8.750 0.000
126.208333 127.208333 999.999  21.188 0.000
130.208333 131.208333  27.331  14.885 0.000
133.208333 134.208333  19.801  11.768 0.000
137.208333 138.208333  16.023  11.553 0.000
140.208333 141.208333 999.999 999.999 0.999
144.208333 145.208333  39.924  28.495 0.000
147.208333 148.208333  12.319   9.279 0.000
151.208333 152.208333  34.749  22.673 0.000
154.208333 155.208333  38.263  23.631 0.000
158.208333 159.208333  37.500  27.956 0.000
161.208333 162.208333  23.633  17.893 0.000
165.208333 166.208333  54.866  38.000 0.000
168.208333 169.208333  41.648  39.371 0.000
172.208333 173.208333  33.636  23.679 0.000
175.208333 176.208333  19.808  16.344 0.000
179.208333 180.208333  31.241  23.625 0.000
182.208333 183.208333  40.188  33.469 0.000
186.208333 187.208333  37.566  29.190 0.000
189.208333 190.208333  25.885  15.139 0.000
193.208333 194.208333  60.720  40.220 0.000
196.208333 197.208333  45.824  39.401 0.000
200.208333 201.208333  22.500  15.944 0.000
203.208333 204.208333  23.931  18.215 0.000
207.208333 208.208333  33.182  26.862 0.000
210.208333 211.208333  24.659  22.954 0.000
214.208333 215.208333  40.564  32.826 0.000
217.208333 218.208333  11.217   6.667 0.000
221.208333 222.208333  45.388  37.571 0.000
224.208333 225.208333  27.608  18.464 0.000
228.208333 229.208333  25.664  22.767 0.000
231.208333 232.208333  33.135  25.472 0.000
235.208333 236.208333  20.855  14.188 0.000
238.208333 239.208333  50.886  45.245 0.000
242.208333 243.208333  33.065  30.095 0.000
245.208333 246.208333  18.506  15.475 0.000
249.208333 250.208333  35.039  26.526 0.000
252.208333 253.208333  34.922  24.510 0.000
256.208333 257.208333  46.015  20.471 0.000
259.208333 260.208333  52.030  32.261 0.000
263.208333 264.208333  28.038  18.797 0.000
266.208333 267.208333  18.769  13.427 0.000
270.208333 271.208333  27.817  17.885 0.000
273.208333 274.208333  29.841  22.115 0.000
277.208333 278.208333  13.619  12.675 0.000
280.208333 281.208333  17.349  13.248 0.000
284.208333 285.208333 999.999  11.516 0.000
287.208333 288.208333  30.244  15.323 0.000
291.208333 292.208333  40.364  29.446 0.000
294.208333 295.208333  28.484  15.635 0.000
298.208333 299.208333  21.498  13.419 0.000
301.208333 302.208333  22.470  17.890 0.000
305.208333 306.208333   9.390   4.739 0.000
308.208333 309.208333  29.431  22.110 0.000
312.208333 313.208333  33.101  24.161 0.000
315.208333 316.208333  18.697  15.719 0.000
319.208333 320.208333  15.323  10.227 0.000
322.208333 323.208333  15.975  11.266 0.000
326.208333 327.208333   8.809   4.536 0.000
329.208333 330.208333  17.574  13.079 0.000
333.208333 334.208333  19.076  11.078 0.000
336.208333 337.208333  39.702  29.663 0.000
340.208333 341.208333  25.236  22.207 0.000
343.208333 344.208333  22.751  16.162 0.000
347.208333 348.208333  30.840  18.278 0.000
350.208333 351.208333  27.564  23.289 0.000
354.208333 355.208333  39.417  31.073 0.000
357.208333 358.208333   9.042   5.802 0.000
361.208333 362.208333  29.344  24.554 0.000
364.208333 365.208333  38.685  30.980 0.000
