scripts/IMPROVE-2019_partial/data/US9062R.20140102060000.20191216000000.filterpack...52w.3d.US03L_filterpack_US9062.US03L_IMPROVE_Davis.lev2.nas
51 1001
MISSING INFORMATION
US03L, IMPROVE, , , , , , , 
MISSING INFORMATION
IMPROVE sel_HTAP
1 1
2014 01 01 2019 12 16
3.00
days from file reference point
4
1 1 1 1
999.99 999.999 999.999 9.999
end_time of measurement, days from the file reference point
pm10_mass, ug/m3, Matrix=pm10
pm25_mass, ug/m3, Matrix=pm25
numflag, no unit
0
33
Data definition:              EBAS_1.1
Set type code:                TU
Timezone:                     UTC
File name:                    US9062R.20140102060000.20191216000000.filterpack...52w.3d.US03L_filterpack_US9062.US03L_IMPROVE_Davis.lev2.nas
File creation:                20191218120939
Startdate:                    20140102060000
Revision date:                20191216000000
Version:                      2
Version description:          "Data extracted from http://views.cira.colostate.edu/fed/DataWizard 2019-12-16"
Statistics:                   arithmetic mean
Data level:                   2
Period code:                  52w
Resolution code:              3d
Sample duration:              1d
Orig. time res.:              3d
Station code:                 US9062R
Platform code:                US9062S
Station name:                 Voyageurs NP #2
Station latitude:             48.4126
Station longitude:            -92.8286
Station altitude:             429.0 m
Regime:                       IMG
Component:                    
Unit:                         ug/m3
Matrix:                       
Laboratory code:              US03L
Instrument type:              filterpack
Instrument name:              filterpack_US9062
Method ref:                   US03L_IMPROVE_Davis
Blank correction:             Blank corrected
Volume std. temperature:      ambient
Volume std. pressure:         ambient
starttime endtime PM10 PM2.5 flag
  1.25   2.25 999.999 999.999 0.999
  4.25   5.25 999.999 999.999 0.999
  7.25   8.25   1.540   1.313 0.000
 10.25  11.25  13.104  12.319 0.000
 13.25  14.25   2.539   2.040 0.000
 16.25  17.25   1.738   1.471 0.000
 19.25  20.25   1.494   0.891 0.000
 22.25  23.25   1.982   0.952 0.000
 25.25  26.25   1.570   0.722 0.000
 28.25  29.25   4.723   3.049 0.000
 31.25  32.25   7.181   5.358 0.000
 34.25  35.25   1.240   0.748 0.000
 37.25  38.25   6.342   3.242 0.000
 40.25  41.25   3.944   2.608 0.000
 43.25  44.25   4.099   2.445 0.000
 46.25  47.25   2.331   1.680 0.000
 49.25  50.25   3.429   2.330 0.000
 52.25  53.25   3.066   1.905 0.000
 55.25  56.25   4.284   2.918 0.000
 58.25  59.25   7.750   4.622 0.000
 61.25  62.25   3.926   2.228 0.000
 64.25  65.25  15.198  11.702 0.000
 67.25  68.25   3.944   3.237 0.000
 70.25  71.25   2.449   1.949 0.000
 73.25  74.25   2.067   1.558 0.000
 76.25  77.25   8.947   6.859 0.000
 79.25  80.25   2.834   2.112 0.000
 82.25  83.25   5.517   3.401 0.000
 85.25  86.25   5.813   4.562 0.000
 88.25  89.25   7.368   5.278 0.000
 91.25  92.25   2.700   1.858 0.000
 94.25  95.25   3.791   2.885 0.000
 97.25  98.25   3.314   2.780 0.000
100.25 101.25   3.496   1.837 0.000
103.25 104.25   3.054   2.182 0.000
106.25 107.25   3.403   2.592 0.000
109.25 110.25   3.222   1.980 0.000
112.25 113.25   3.921   3.118 0.000
115.25 116.25   1.497   1.405 0.000
118.25 119.25   1.739   1.038 0.000
121.25 122.25   2.036   1.181 0.000
124.25 125.25   1.708   1.442 0.000
127.25 128.25   5.110   4.104 0.000
130.25 131.25   6.369   4.080 0.000
133.25 134.25   2.008   1.516 0.000
136.25 137.25   5.696   4.315 0.000
139.25 140.25   4.816   3.003 0.000
142.25 143.25   4.845   2.604 0.000
145.25 146.25   7.555   4.606 0.000
148.25 149.25   8.905   3.867 0.000
151.25 152.25   6.042   2.449 0.000
154.25 155.25   6.738   2.856 0.000
157.25 158.25   7.724   2.739 0.000
160.25 161.25  10.730   4.591 0.000
163.25 164.25   5.643   2.306 0.000
166.25 167.25   6.898   2.128 0.000
169.25 170.25  10.226   4.154 0.000
172.25 173.25   9.307   3.845 0.000
175.25 176.25   5.081   2.110 0.000
178.25 179.25  14.538   7.984 0.000
181.25 182.25   2.741   0.681 0.000
184.25 185.25   7.568   4.279 0.000
187.25 188.25   7.402   4.501 0.000
190.25 191.25   8.225   4.780 0.000
193.25 194.25   7.505   4.862 0.000
196.25 197.25   4.042   2.460 0.000
199.25 200.25  11.359   6.073 0.000
202.25 203.25   7.134   4.441 0.000
205.25 206.25  12.147   6.946 0.000
208.25 209.25   6.264   3.944 0.000
211.25 212.25  16.238  13.770 0.000
214.25 215.25   6.820   5.444 0.000
217.25 218.25  15.652  12.701 0.000
220.25 221.25  16.230  11.534 0.000
223.25 224.25   7.653   4.200 0.000
226.25 227.25  12.009   5.673 0.000
229.25 230.25   3.888   3.215 0.000
232.25 233.25   4.513   2.806 0.000
235.25 236.25  14.435   9.767 0.000
238.25 239.25   4.939   2.789 0.000
241.25 242.25   4.439   2.920 0.000
244.25 245.25   5.620   2.727 0.000
247.25 248.25   3.259   1.417 0.000
250.25 251.25  10.038   4.486 0.000
253.25 254.25   2.055   1.263 0.000
256.25 257.25   4.126   2.108 0.000
259.25 260.25   4.228   1.987 0.000
262.25 263.25   8.072   5.089 0.000
265.25 266.25   9.830   3.568 0.000
268.25 269.25  15.499   9.544 0.000
271.25 272.25   1.506   0.841 0.000
274.25 275.25   5.925   2.990 0.000
277.25 278.25   3.888   2.603 0.000
280.25 281.25   0.969   0.273 0.000
283.25 284.25   8.522   3.340 0.000
286.25 287.25   2.863   1.809 0.000
289.25 290.25   2.378   1.124 0.000
292.25 293.25   2.130   1.062 0.000
295.25 296.25   8.979   4.045 0.000
298.25 299.25   8.812   3.717 0.000
301.25 302.25   0.545   0.151 0.000
304.25 305.25   4.935   1.625 0.000
307.25 308.25   5.362   3.306 0.000
310.25 311.25   4.718   3.716 0.000
313.25 314.25   1.748   0.909 0.000
316.25 317.25   2.312   1.474 0.000
319.25 320.25  13.593   9.726 0.000
322.25 323.25   4.220   2.395 0.000
325.25 326.25  17.223  12.519 0.000
328.25 329.25   3.159   2.078 0.000
331.25 332.25   4.978   3.124 0.000
334.25 335.25  12.698   4.716 0.000
337.25 338.25   8.675   4.455 0.000
340.25 341.25  21.823   8.209 0.000
343.25 344.25   6.296   5.093 0.000
346.25 347.25   7.331   5.694 0.000
349.25 350.25   4.388   3.027 0.000
352.25 353.25   5.399   4.239 0.000
355.25 356.25   2.273   2.067 0.000
358.25 359.25 999.999 999.999 0.999
361.25 362.25 999.999 999.999 0.999
364.25 365.25   4.350   2.047 0.000
