scripts/IMPROVE-2019_partial/data/US9075R.20030103070000.20191216000000.filterpack..pm25.1y.1w.US03L_filterpack_US9075.US03L_IMPROVE_Davis.lev2.nas
66 1001
MISSING INFORMATION
US03L, IMPROVE, , , , , , , 
MISSING INFORMATION
IMPROVE sel_HTAP
1 1
2003 01 01 2019 12 16
3.000000
days from file reference point
27
1 1 1 1 1 1 1 1 1 1 1 1 1 1 1 1 1 1 1 1 1 1 1 1 1 1 1
999.999999 9999.99 9.999 99.99 9.999 9.999 9.999999 9.99 9.999999 9.999 9.999 999.999 9.999 999.999 9.999 999.99 9.999999 999.999 9.999 999.999 9.999 999.999 9.999 9.999 9.999 9.999 9.999
end_time of measurement, days from the file reference point
iron, ng/m3, Revision date=20181210133000
numflag iron, no unit, Revision date=20181210133000
lead, ng/m3, Revision date=20181210133000
numflag lead, no unit, Revision date=20181210133000
magnesium, ug/m3, Revision date=20181210133000
numflag magnesium, no unit, Revision date=20181210133000
nickel, ng/m3, Revision date=20181210133000
numflag nickel, no unit, Revision date=20181210133000
nitrate, ug N/m3, Revision date=20181210133000
numflag nitrate, no unit, Revision date=20181210133000
organic_carbon, ug C/m3, Revision date=20181210133000
numflag organic_carbon, no unit, Revision date=20181210133000
organic_mass, ug/m3, Revision date=20181210133000
numflag organic_mass, no unit, Revision date=20181210133000
phosphorus, ng/m3, Revision date=20181210133000
numflag phosphorus, no unit, Revision date=20181210133000
pm10_mass, ug/m3, Version=2, Version description=Data extracted from http://views.cira.colostate.edu/fed/DataWizard 2019-12-16, Sample duration=1d, Orig. time res.=3d, Matrix=pm10, Blank correction=Blank corrected, Volume std. temperature=ambient, Volume std. pressure=ambient
numflag pm10_mass, no unit, Version=2, Version description=Data extracted from http://views.cira.colostate.edu/fed/DataWizard 2019-12-16, Sample duration=1d, Orig. time res.=3d, Matrix=pm10, Blank correction=Blank corrected, Volume std. temperature=ambient, Volume std. pressure=ambient
pm10_pm25_mass, ug/m3, Revision date=20181210133000, Matrix=pm10_pm25
numflag pm10_pm25_mass, no unit, Revision date=20181210133000, Matrix=pm10_pm25
pm25_mass, ug/m3, Version=2, Version description=Data extracted from http://views.cira.colostate.edu/fed/DataWizard 2019-12-16, Sample duration=1d, Orig. time res.=3d, Blank correction=Blank corrected, Volume std. temperature=ambient, Volume std. pressure=ambient
numflag pm25_mass, no unit, Version=2, Version description=Data extracted from http://views.cira.colostate.edu/fed/DataWizard 2019-12-16, Sample duration=1d, Orig. time res.=3d, Blank correction=Blank corrected, Volume std. temperature=ambient, Volume std. pressure=ambient
potassium, ug/m3, Revision date=20181210133000
numflag potassium, no unit, Revision date=20181210133000
sulphate_total, ug S/m3, Revision date=20181210133000
numflag sulphate_total, no unit, Revision date=20181210133000
0
25
Data definition:              EBAS_1.1
Set type code:                TU
Timezone:                     UTC
File name:                    US9075R.20030103070000.20191216000000.filterpack..pm25.1y.1w.US03L_filterpack_US9075.US03L_IMPROVE_Davis.lev2.nas
File creation:                20191218121040
Startdate:                    20030103070000
Revision date:                20191216000000
Statistics:                   arithmetic mean
Data level:                   2
Period code:                  1y
Resolution code:              1w
Station code:                 US9075R
Platform code:                US9075S
Station name:                 Zion
Station latitude:             37.4591
Station longitude:            -113.2243
Station altitude:             1545.0 m
Regime:                       IMG
Component:                    
Matrix:                       pm25
Laboratory code:              US03L
Instrument type:              filterpack
Instrument name:              filterpack_US9075
Method ref:                   US03L_IMPROVE_Davis
starttime endtime Fe flag_Fe Pb flag_Pb Mg++ flag_Mg++ Ni flag_Ni NO3- flag_NO3- OC flag_OC OM flag_OM P flag_P PM10 flag_PM10 PM10-PM2.5 flag_PM10-PM2.5 PM2.5 flag_PM2.5 K+ flag_K+ SO4-- flag_SO4--
  2.291667   3.291667   10.34 0.000  0.23 0.000 9.999 0.259000 0.13 0.000000 0.013 0.559   0.272 0.000   0.381 0.000 999.99 0.259000   1.797 0.000   0.884 0.000   0.914 0.000 0.005 0.000 0.029 0.559
  5.291667   6.291667    7.03 0.000  0.38 0.000 9.999 0.259000 9.99 0.259000 0.359 0.000   0.402 0.000   0.563 0.000 999.99 0.259000   3.821 0.000   1.361 0.000   2.460 0.000 0.008 0.000 0.159 0.000
  8.291667   9.291667   20.48 0.000  0.36 0.000 9.999 0.259000 9.99 0.259000 0.141 0.000   0.592 0.000   0.829 0.000 999.99 0.259000   6.291 0.000   2.419 0.000   3.872 0.000 0.018 0.000 0.449 0.000
 11.291667  12.291667    8.02 0.000  0.25 0.000 9.999 0.259000 0.11 0.000000 0.043 0.000   0.526 0.000   0.737 0.000 999.99 0.259000   1.397 0.000   0.002 0.000   1.395 0.000 0.005 0.000 0.058 0.000
 14.291667  15.291667   13.69 0.000  0.15 0.000 0.011 0.000000 9.99 0.259000 0.035 0.000   0.253 0.000   0.354 0.000 999.99 0.259000   2.819 0.000   1.606 0.000   1.213 0.000 0.010 0.000 0.072 0.000
 17.291667  18.291667   16.66 0.000  0.30 0.000 9.999 0.259000 9.99 0.259000 0.239 0.000   0.229 0.000   0.320 0.000 999.99 0.259000   2.671 0.000   1.121 0.000   1.550 0.000 0.010 0.000 0.031 0.000
 20.291667  21.291667   21.82 0.000  0.62 0.000 9.999 0.259000 9.99 0.259000 0.062 0.000   0.298 0.000   0.417 0.000 999.99 0.259000   3.903 0.000   1.903 0.000   2.001 0.000 0.015 0.000 0.107 0.000
 23.291667  24.291667   26.66 0.559  0.41 0.559 9.999 0.559259 9.99 0.559259 0.139 0.000   0.314 0.000   0.440 0.000 999.99 0.559259   5.229 0.000   3.591 0.000   1.638 0.559 0.018 0.559 0.041 0.000
 26.291667  27.291667    9.29 0.000  0.54 0.000 9.999 0.259000 0.04 0.000000 0.006 0.000   0.093 0.000   0.130 0.000 999.99 0.259000   2.477 0.000   1.397 0.000   1.080 0.000 0.009 0.000 0.063 0.000
 29.291667  30.291667   18.78 0.000  0.20 0.000 9.999 0.259000 9.99 0.259000 0.010 0.000   0.320 0.000   0.448 0.000 999.99 0.259000   3.595 0.000   2.312 0.000   1.282 0.000 0.013 0.000 0.031 0.000
 32.291667  33.291667   23.41 0.000 99.99 0.259 9.999 0.259000 9.99 0.259000 0.022 0.559   0.173 0.000   0.242 0.000 999.99 0.259000   6.863 0.000   5.537 0.000   1.326 0.000 0.018 0.000 0.048 0.559
 35.291667  36.291667    4.61 0.000  0.12 0.000 9.999 0.259000 9.99 0.259000 0.206 0.000   0.260 0.000   0.364 0.000 999.99 0.259000   3.082 0.000   1.570 0.000   1.512 0.000 0.003 0.000 0.112 0.000
 38.291667  39.291667   10.09 0.559  0.83 0.559 9.999 0.559259 9.99 0.559259 0.906 0.000   0.396 0.000   0.554 0.000 999.99 0.559259   7.110 0.000   1.025 0.000   6.085 0.559 0.009 0.559 0.203 0.000
 41.291667  42.291667   10.85 0.000  0.17 0.000 9.999 0.259000 0.05 0.000000 0.012 0.000   0.257 0.000   0.360 0.000 999.99 0.259000   2.683 0.000   1.950 0.000   0.734 0.000 0.008 0.000 0.040 0.000
 44.291667  45.291667    4.88 0.000 99.99 0.259 9.999 0.259000 0.03 0.000000 0.060 0.000   0.479 0.000   0.671 0.000 999.99 0.259000   1.144 0.000   0.588 0.000   0.556 0.000 0.002 0.000 0.025 0.000
 47.291667  48.291667    8.24 0.000  0.30 0.000 0.022 0.000000 9.99 0.259000 0.314 0.000   0.424 0.000   0.594 0.000 999.99 0.259000   3.534 0.000   1.407 0.000   2.127 0.000 0.006 0.000 0.252 0.000
 50.291667  51.291667    7.55 0.000  0.33 0.000 9.999 0.259000 9.99 0.259000 0.142 0.000   0.202 0.000   0.283 0.000 999.99 0.259000   2.466 0.000   1.359 0.000   1.106 0.000 0.007 0.000 0.121 0.000
 53.291667  54.291667   39.65 0.000  0.11 0.000 0.036 0.000000 9.99 0.259000 0.018 0.000   0.183 0.000   0.256 0.000 999.99 0.259000  10.150 0.000   7.685 0.000   2.464 0.000 0.034 0.000 0.069 0.000
 56.291667  57.291667    6.71 0.000  0.44 0.000 9.999 0.259000 9.99 0.259000 0.242 0.000   0.344 0.000   0.482 0.000 999.99 0.259000   3.452 0.000   1.095 0.000   2.356 0.000 0.006 0.000 0.299 0.000
 59.291667  60.291667   13.86 0.000  0.41 0.000 9.999 0.259000 9.99 0.259000 0.087 0.000   0.422 0.000   0.591 0.000 999.99 0.259000   2.424 0.000   0.920 0.000   1.504 0.000 0.007 0.000 0.130 0.000
 62.291667  63.291667   15.60 0.000  0.46 0.000 9.999 0.259000 9.99 0.259000 0.317 0.000   0.484 0.000   0.677 0.000 999.99 0.259000   4.775 0.000   1.754 0.000   3.021 0.000 0.013 0.000 0.199 0.000
 65.291667  66.291667   18.30 0.000  0.65 0.000 0.011 0.000000 9.99 0.259000 0.138 0.000   0.486 0.000   0.680 0.000 999.99 0.259000   4.412 0.000   2.202 0.000   2.210 0.000 0.014 0.000 0.164 0.000
 68.291667  69.291667   23.04 0.000  0.73 0.000 9.999 0.259000 9.99 0.259000 0.021 0.000   0.407 0.000   0.570 0.000 999.99 0.259000   4.044 0.000   2.015 0.000   2.029 0.000 0.018 0.000 0.164 0.000
 71.291667  72.291667   42.15 0.000  0.80 0.000 9.999 0.259000 9.99 0.259000 0.032 0.000   0.507 0.000   0.709 0.000 999.99 0.259000   7.351 0.000   4.208 0.000   3.142 0.000 0.033 0.000 0.235 0.000
 74.291667  75.291667    7.33 0.000  0.17 0.000 9.999 0.259000 9.99 0.259000 0.013 0.000   0.282 0.000   0.395 0.000 999.99 0.259000   1.068 0.000   0.377 0.000   0.691 0.000 0.008 0.000 0.035 0.000
 77.291667  78.291667   41.04 0.000  0.25 0.000 9.999 0.259000 9.99 0.259000 0.100 0.000   0.337 0.000   0.472 0.000 999.99 0.259000   6.536 0.000   4.295 0.000   2.241 0.000 0.025 0.000 0.168 0.000
 80.291667  81.291667   20.78 0.000  0.51 0.000 9.999 0.259000 0.06 0.000000 0.029 0.000   0.186 0.000   0.260 0.000 999.99 0.259000   2.533 0.000   1.125 0.000   1.408 0.000 0.021 0.000 0.078 0.000
 83.291667  84.291667 9999.99 0.999 99.99 0.999 9.999 0.999000 9.99 0.999000 9.999 0.999 999.999 0.999 999.999 0.999 999.99 0.999000 999.999 0.999 999.999 0.999 999.999 0.999 9.999 0.999 9.999 0.999
 86.291667  87.291667   13.73 0.000  0.25 0.000 9.999 0.259000 9.99 0.259000 0.126 0.000   0.169 0.000   0.236 0.000 999.99 0.259000   4.371 0.000   2.658 0.000   1.713 0.000 0.009 0.000 0.148 0.000
 89.291667  90.291667   21.07 0.000  0.32 0.000 9.999 0.259000 9.99 0.259000 0.025 0.000   0.110 0.000   0.154 0.000 999.99 0.259000   2.574 0.000   1.390 0.000   1.183 0.000 0.015 0.000 0.092 0.000
 92.291667  93.291667   30.39 0.000  0.66 0.000 9.999 0.259000 9.99 0.259000 0.074 0.000   0.355 0.000   0.497 0.000 999.99 0.259000   7.273 0.000   4.401 0.000   2.873 0.000 0.037 0.000 0.305 0.000
 95.291667  96.291667   28.99 0.000  0.33 0.000 9.999 0.259000 9.99 0.259000 0.050 0.000   0.234 0.000   0.327 0.000 999.99 0.259000   2.492 0.000   0.984 0.000   1.508 0.000 0.017 0.000 0.105 0.000
 98.291667  99.291667   46.86 0.000  0.53 0.000 9.999 0.259000 9.99 0.259000 0.018 0.000   0.314 0.000   0.440 0.000 999.99 0.259000   4.820 0.000   2.464 0.000   2.357 0.000 0.027 0.000 0.184 0.000
101.291667 102.291667   90.13 0.559  1.26 0.559 9.999 0.559259 0.09 0.559000 0.065 0.000   0.540 0.000   0.756 0.000 999.99 0.559259  10.112 0.000   5.696 0.000   4.416 0.559 0.047 0.559 0.248 0.000
104.291667 105.291667   17.33 0.000  0.30 0.000 9.999 0.259000 9.99 0.259000 0.013 0.000   0.296 0.000   0.415 0.000 999.99 0.259000   1.981 0.000   1.056 0.000   0.925 0.000 0.012 0.000 0.055 0.000
107.291667 108.291667   46.78 0.559  0.52 0.559 9.999 0.559259 9.99 0.559259 0.100 0.000   0.389 0.000   0.545 0.000 999.99 0.559259   2.794 0.000   0.281 0.000   2.513 0.559 0.028 0.559 0.174 0.000
110.291667 111.291667   85.84 0.000  0.87 0.000 9.999 0.259000 0.09 0.000000 0.045 0.000   0.365 0.000   0.511 0.000 999.99 0.259000   7.635 0.000   4.017 0.000   3.618 0.000 0.055 0.000 0.246 0.000
113.291667 114.291667   51.68 0.000  0.83 0.000 9.999 0.259000 0.05 0.000000 0.073 0.000   0.559 0.000   0.783 0.000 999.99 0.259000   4.984 0.000   2.149 0.000   2.835 0.000 0.039 0.000 0.227 0.000
116.291667 117.291667   75.25 0.559  0.74 0.559 9.999 0.559259 9.99 0.559259 0.047 0.000   0.359 0.000   0.503 0.000 999.99 0.559259   6.051 0.000   3.009 0.000   3.042 0.559 0.051 0.559 0.201 0.000
119.291667 120.291667   33.66 0.000  0.34 0.000 9.999 0.259000 9.99 0.259000 0.042 0.000   0.394 0.000   0.552 0.000 999.99 0.259000   5.678 0.000   3.427 0.000   2.251 0.000 0.022 0.000 0.113 0.000
122.291667 123.291667   61.04 0.000  0.68 0.000 9.999 0.259000 9.99 0.259000 0.066 0.000   0.320 0.000   0.448 0.000 999.99 0.259000   8.660 0.000   5.415 0.000   3.245 0.000 0.047 0.000 0.159 0.000
125.291667 126.291667   31.94 0.559  1.06 0.559 9.999 0.559259 9.99 0.559259 0.039 0.000   0.721 0.000   1.010 0.000 999.99 0.559259   7.715 0.000   4.025 0.000   3.690 0.559 0.027 0.559 0.309 0.000
128.291667 129.291667   24.97 0.000  0.42 0.000 9.999 0.259000 9.99 0.259000 0.038 0.000   0.897 0.000   1.256 0.000 999.99 0.259000   5.923 0.000   2.689 0.000   3.234 0.000 0.028 0.000 0.144 0.000
131.291667 132.291667   41.56 0.559  0.86 0.559 9.999 0.559259 0.04 0.559000 0.037 0.000   0.678 0.000   0.949 0.000 999.99 0.559259   5.970 0.000   2.332 0.000   3.638 0.559 0.035 0.559 0.239 0.000
134.291667 135.291667   93.12 0.000  0.84 0.000 9.999 0.259000 0.09 0.000000 0.052 0.000   0.591 0.000   0.827 0.000 999.99 0.259000   9.137 0.000   3.985 0.000   5.152 0.000 0.086 0.000 0.313 0.000
137.291667 138.291667  143.53 0.559  0.77 0.559 9.999 0.559259 0.09 0.559000 0.036 0.000   1.411 0.000   1.976 0.000 999.99 0.559259  10.396 0.000   2.392 0.000   8.005 0.559 0.154 0.559 0.356 0.000
140.291667 141.291667   97.50 0.000  0.63 0.000 9.999 0.259000 0.06 0.000000 0.039 0.000   0.831 0.000   1.164 0.000 999.99 0.259000   9.084 0.000   3.971 0.000   5.114 0.000 0.093 0.000 0.178 0.000
143.291667 144.291667  135.32 0.559  1.18 0.559 9.999 0.559259 9.99 0.559259 0.083 0.000   1.075 0.000   1.505 0.000 999.99 0.559259  19.218 0.000   9.959 0.000   9.259 0.559 0.150 0.559 0.535 0.000
146.291667 147.291667   95.22 0.559  1.06 0.559 9.999 0.559259 0.10 0.559000 0.052 0.000   1.086 0.000   1.521 0.000 999.99 0.559259  14.562 0.000   7.907 0.000   6.655 0.559 0.104 0.559 0.502 0.000
149.291667 150.291667   88.19 0.559  0.85 0.559 9.999 0.559259 0.14 0.559000 0.058 0.000   1.070 0.000   1.498 0.000 999.99 0.559259  18.169 0.000  10.741 0.000   7.428 0.559 0.098 0.559 0.583 0.000
152.291667 153.291667   59.37 0.559  0.79 0.559 9.999 0.559259 0.08 0.559000 0.038 0.000   1.167 0.000   1.634 0.000 999.99 0.559259  12.112 0.000   6.309 0.000   5.803 0.559 0.051 0.559 0.491 0.000
155.291667 156.291667   71.83 0.559  0.84 0.559 9.999 0.559259 0.08 0.559000 0.037 0.000   1.536 0.000   2.151 0.000 999.99 0.559259  17.463 0.000  10.290 0.000   7.173 0.559 0.058 0.559 0.305 0.000
158.291667 159.291667   53.60 0.559  0.52 0.559 9.999 0.559259 9.99 0.559259 0.020 0.000   1.109 0.000   1.552 0.000 999.99 0.559259  12.112 0.000   6.921 0.000   5.192 0.559 0.043 0.559 0.285 0.000
161.291667 162.291667   49.28 0.559  0.47 0.559 9.999 0.559259 0.07 0.559000 0.047 0.000   0.640 0.000   0.895 0.000 999.99 0.559259  11.749 0.000   6.370 0.000   5.378 0.559 0.081 0.559 0.634 0.000
164.291667 165.291667   42.27 0.559  0.41 0.559 9.999 0.559259 9.99 0.559259 0.031 0.000   0.944 0.000   1.322 0.000 999.99 0.559259   8.447 0.000   3.230 0.000   5.217 0.559 0.070 0.559 0.511 0.000
167.291667 168.291667   59.56 0.699  0.33 0.699 9.999 0.699259 0.14 0.699000 0.044 0.000   1.309 0.000   1.833 0.000 999.99 0.699259  10.078 0.000   4.885 0.000   5.193 0.699 0.079 0.699 0.345 0.000
170.291667 171.291667  157.16 0.699  0.62 0.699 9.999 0.699259 0.19 0.699000 0.096 0.000   0.937 0.000   1.312 0.000 999.99 0.699259  19.006 0.000  11.754 0.000   7.252 0.699 0.145 0.699 0.440 0.000
173.291667 174.291667  328.89 0.699  0.54 0.699 9.999 0.699259 0.19 0.699000 0.081 0.000   1.264 0.000   1.769 0.000 999.99 0.699259  22.408 0.000  14.649 0.000   7.759 0.699 0.236 0.699 0.404 0.000
176.291667 177.291667   40.24 0.000  0.15 0.000 0.037 0.000000 0.07 0.000000 0.022 0.000   0.905 0.000   1.267 0.000 999.99 0.259000   7.994 0.000   4.648 0.000   3.346 0.000 0.025 0.000 0.140 0.000
179.291667 180.291667   48.44 0.699  0.61 0.699 9.999 0.699259 9.99 0.699259 0.115 0.000   5.492 0.000   7.689 0.000 999.99 0.699259  15.809 0.000   5.070 0.000  10.739 0.699 0.190 0.699 0.223 0.000
182.291667 183.291667   39.92 0.559  0.38 0.559 9.999 0.559259 0.07 0.559000 0.019 0.000   0.646 0.000   0.904 0.000 999.99 0.559259   9.690 0.000   6.560 0.000   3.130 0.559 0.032 0.559 0.181 0.000
185.291667 186.291667   41.74 0.699  0.39 0.699 9.999 0.699259 0.09 0.699000 0.022 0.000   0.679 0.000   0.951 0.000 999.99 0.699259   7.386 0.000   3.680 0.000   3.706 0.699 0.052 0.699 0.287 0.000
188.291667 189.291667   44.57 0.559  0.81 0.559 9.999 0.559259 0.08 0.559000 0.069 0.000   0.726 0.000   1.017 0.000 999.99 0.559259   9.017 0.000   3.410 0.000   5.607 0.559 0.090 0.559 0.379 0.000
191.291667 192.291667   68.93 0.699  0.52 0.699 9.999 0.699259 0.09 0.699000 0.057 0.000   2.105 0.000   2.947 0.000 999.99 0.699259  14.254 0.000   5.980 0.000   8.274 0.699 0.077 0.699 0.419 0.000
194.291667 195.291667   74.93 0.559  0.42 0.559 9.999 0.559259 9.99 0.559259 0.046 0.000   1.695 0.000   2.373 0.000 999.99 0.559259  11.547 0.000   4.880 0.000   6.667 0.559 0.072 0.559 0.419 0.000
197.291667 198.291667  290.88 0.559  0.69 0.559 9.999 0.559259 0.22 0.559000 0.029 0.000   2.056 0.000   2.879 0.000 999.99 0.559259  16.732 0.000   1.098 0.000  15.634 0.559 0.216 0.559 0.384 0.000
200.291667 201.291667   58.51 0.559  0.38 0.559 9.999 0.559259 0.10 0.559000 0.034 0.000   1.419 0.000   1.987 0.000 999.99 0.559259   9.851 0.000   3.813 0.000   6.039 0.559 0.052 0.559 0.400 0.000
203.291667 204.291667   61.58 0.559  0.22 0.559 9.999 0.559259 9.99 0.559259 0.031 0.559   1.328 0.000   1.859 0.000 999.99 0.559259  11.882 0.000   6.525 0.000   5.357 0.559 0.054 0.559 0.290 0.559
206.291667 207.291667  140.96 0.000  0.28 0.000 9.999 0.259000 0.24 0.000000 0.037 0.559   0.770 0.000   1.077 0.000 999.99 0.259000   5.733 0.000 999.999 0.259   6.621 0.000 0.090 0.000 0.252 0.559
209.291667 210.291667  178.25 0.699  0.66 0.699 9.999 0.699259 0.24 0.699000 0.035 0.559   1.948 0.000   2.727 0.000 999.99 0.699259  10.417 0.000 999.999 0.259  10.662 0.699 0.123 0.699 0.337 0.559
212.291667 213.291667   65.69 0.000  0.31 0.000 9.999 0.259000 0.11 0.000000 0.036 0.559   0.734 0.000   1.027 0.000 999.99 0.259000   8.108 0.000   3.291 0.000   4.817 0.000 0.046 0.000 0.290 0.559
215.291667 216.291667   32.95 0.559  0.42 0.559 0.024 0.559000 0.08 0.559000 0.021 0.559   0.450 0.000   0.630 0.000 999.99 0.559259   5.459 0.000   1.921 0.000   3.538 0.559 0.022 0.559 0.345 0.559
218.291667 219.291667   52.16 0.000  0.39 0.000 9.999 0.259000 0.12 0.000000 0.028 0.559   0.332 0.000   0.465 0.000 999.99 0.259000   8.751 0.000   4.750 0.000   4.000 0.000 0.039 0.000 0.346 0.559
221.291667 222.291667   41.45 0.559  0.54 0.559 9.999 0.559259 0.17 0.559000 0.034 0.559   0.358 0.000   0.501 0.000 999.99 0.559259   7.426 0.000   3.199 0.000   4.227 0.559 0.041 0.559 0.469 0.559
224.291667 225.291667  102.04 0.000  0.74 0.000 9.999 0.259000 0.18 0.000000 0.031 0.559   0.399 0.000   0.558 0.000 999.99 0.259000  10.557 0.000   4.537 0.000   6.021 0.000 0.080 0.000 0.436 0.559
227.291667 228.291667  110.07 0.000  0.34 0.000 0.026 0.000000 0.15 0.000000 0.028 0.000   0.851 0.000   1.191 0.000 999.99 0.259000   4.361 0.000 999.999 0.259   5.787 0.000 0.069 0.000 0.159 0.000
230.291667 231.291667   97.07 0.559  0.56 0.559 9.999 0.559259 0.17 0.559000 0.042 0.559   0.774 0.000   1.084 0.000 999.99 0.559259  12.403 0.000   5.518 0.000   6.885 0.559 0.084 0.559 0.505 0.559
233.291667 234.291667   46.83 0.000  0.24 0.000 9.999 0.259000 0.18 0.000000 0.014 0.559   0.418 0.000   0.585 0.000 999.99 0.259000   5.330 0.000   1.794 0.000   3.536 0.000 0.032 0.000 0.227 0.559
236.291667 237.291667   61.04 0.000  0.23 0.000 9.999 0.259000 0.13 0.000000 0.011 0.559   0.376 0.000   0.526 0.000 999.99 0.259000   4.697 0.000   1.178 0.000   3.519 0.000 0.039 0.000 0.194 0.559
239.291667 240.291667   83.31 0.000  0.33 0.000 9.999 0.259000 0.18 0.000000 0.017 0.559   0.426 0.000   0.596 0.000 999.99 0.259000   6.660 0.000   0.699 0.000   5.961 0.000 0.054 0.000 0.347 0.559
