scripts/IMPROVE-2019_partial/data/US9057R.20100102060000.20191216000000.filterpack...52w.3d.US03L_filterpack_US9057.US03L_IMPROVE_Davis.lev2.nas
52 1001
MISSING INFORMATION
US03L, IMPROVE, , , , , , , 
MISSING INFORMATION
IMPROVE sel_HTAP
1 1
2010 01 01 2019 12 16
3.00
days from file reference point
5
1 1 1 1 1
999.99 999.999 9.999 999.999 9.999
end_time of measurement, days from the file reference point
pm10_mass, ug/m3, Matrix=pm10
numflag pm10_mass, no unit, Matrix=pm10
pm25_mass, ug/m3, Matrix=pm25
numflag pm25_mass, no unit, Matrix=pm25
0
33
Data definition:              EBAS_1.1
Set type code:                TU
Timezone:                     UTC
File name:                    US9057R.20100102060000.20191216000000.filterpack...52w.3d.US03L_filterpack_US9057.US03L_IMPROVE_Davis.lev2.nas
File creation:                20191218120919
Startdate:                    20100102060000
Revision date:                20191216000000
Version:                      2
Version description:          "Data extracted from http://views.cira.colostate.edu/fed/DataWizard 2019-12-16"
Statistics:                   arithmetic mean
Data level:                   2
Period code:                  52w
Resolution code:              3d
Sample duration:              1d
Orig. time res.:              3d
Station code:                 US9057R
Platform code:                US9057S
Station name:                 Sac and Fox
Station latitude:             39.9791
Station longitude:            -95.5682
Station altitude:             293.0 m
Regime:                       IMG
Component:                    
Unit:                         ug/m3
Matrix:                       
Laboratory code:              US03L
Instrument type:              filterpack
Instrument name:              filterpack_US9057
Method ref:                   US03L_IMPROVE_Davis
Blank correction:             Blank corrected
Volume std. temperature:      ambient
Volume std. pressure:         ambient
starttime endtime PM10 flag_PM10 PM2.5 flag_PM2.5
  1.25   2.25  11.764 0.000   7.680 0.000
  4.25   5.25  31.770 0.000  24.151 0.000
  7.25   8.25   9.591 0.000   5.162 0.000
 10.25  11.25  15.381 0.000  12.606 0.000
 13.25  14.25  17.289 0.000  13.823 0.000
 16.25  17.25   8.171 0.000   6.979 0.000
 19.25  20.25   4.569 0.000   3.665 0.000
 22.25  23.25   7.942 0.000   6.059 0.000
 25.25  26.25   6.764 0.000   3.158 0.000
 28.25  29.25 999.999 0.999 999.999 0.999
 31.25  32.25 999.999 0.999 999.999 0.999
 34.25  35.25  27.707 0.000  23.965 0.000
 37.25  38.25  15.101 0.000  13.470 0.000
 40.25  41.25 999.999 0.456   7.706 0.000
 43.25  44.25  24.710 0.000  21.502 0.000
 46.25  47.25   6.291 0.000   4.056 0.000
 49.25  50.25   7.184 0.000   5.461 0.000
 52.25  53.25   9.537 0.000   8.274 0.000
 55.25  56.25  17.553 0.000  13.763 0.000
 58.25  59.25  27.285 0.000  22.303 0.000
 61.25  62.25  21.076 0.000  15.538 0.000
 64.25  65.25  19.512 0.000  14.053 0.000
 67.25  68.25  14.794 0.000  10.318 0.000
 70.25  71.25   3.850 0.000   2.802 0.000
 73.25  74.25  11.543 0.000   9.043 0.000
 76.25  77.25   8.675 0.000   4.887 0.000
 79.25  80.25   5.397 0.000   2.535 0.000
 82.25  83.25 999.999 0.999 999.999 0.999
 85.25  86.25   8.606 0.000   5.177 0.000
 88.25  89.25  21.549 0.000   9.521 0.000
 91.25  92.25 999.999 0.999 999.999 0.999
 94.25  95.25 999.999 0.999 999.999 0.999
 97.25  98.25  13.437 0.000   4.553 0.000
100.25 101.25  36.001 0.000  17.068 0.000
103.25 104.25  40.649 0.000  15.804 0.000
106.25 107.25  11.797 0.000   4.117 0.000
109.25 110.25  34.712 0.000  14.644 0.000
112.25 113.25  12.446 0.000   7.495 0.000
115.25 116.25   4.637 0.000   2.003 0.000
118.25 119.25  23.459 0.000   7.406 0.000
121.25 122.25   8.549 0.000   2.958 0.000
124.25 125.25  21.742 0.000   3.056 0.000
127.25 128.25   6.542 0.000   2.913 0.000
130.25 131.25   5.341 0.000   3.218 0.000
133.25 134.25 999.999 0.456   2.452 0.000
136.25 137.25 999.999 0.456   5.684 0.000
139.25 140.25   5.389 0.000   3.479 0.000
142.25 143.25  12.499 0.000   6.938 0.000
145.25 146.25  16.537 0.000   6.540 0.000
148.25 149.25  20.622 0.000   7.530 0.000
151.25 152.25  18.490 0.000   6.794 0.000
154.25 155.25  19.904 0.000   7.888 0.000
157.25 158.25  15.951 0.000   3.843 0.000
160.25 161.25  17.854 0.000  10.017 0.000
163.25 164.25  10.129 0.000   4.389 0.000
166.25 167.25  11.514 0.000   4.475 0.000
169.25 170.25  14.151 0.000 999.999 0.456
172.25 173.25  17.514 0.000   7.930 0.000
175.25 176.25  20.167 0.000   8.524 0.000
178.25 179.25  15.865 0.000   4.800 0.000
181.25 182.25  22.983 0.000  10.613 0.000
184.25 185.25   9.750 0.000   5.732 0.000
187.25 188.25  13.270 0.000   5.041 0.000
190.25 191.25  19.442 0.000  10.328 0.000
193.25 194.25  14.383 0.000   6.645 0.000
196.25 197.25  15.546 0.000   5.361 0.000
199.25 200.25  22.934 0.000   9.258 0.000
202.25 203.25  24.893 0.000   9.715 0.000
205.25 206.25   8.065 0.000   3.869 0.000
208.25 209.25  20.861 0.000   8.330 0.000
211.25 212.25   8.522 0.000   4.472 0.000
214.25 215.25  25.543 0.000   8.133 0.000
217.25 218.25  21.573 0.000   9.363 0.000
220.25 221.25  21.369 0.000   8.034 0.000
223.25 224.25  19.360 0.000   7.182 0.000
226.25 227.25  13.531 0.000   4.150 0.000
229.25 230.25  16.523 0.000   7.950 0.000
232.25 233.25  16.736 0.000   9.439 0.000
235.25 236.25  16.467 0.000   5.875 0.000
238.25 239.25  25.961 0.000   8.387 0.000
241.25 242.25  19.817 0.000   7.897 0.000
244.25 245.25  10.046 0.000   2.681 0.000
247.25 248.25  19.737 0.000   6.653 0.000
250.25 251.25 999.999 0.999 999.999 0.999
253.25 254.25  13.061 0.000   4.332 0.000
256.25 257.25   8.659 0.000   4.199 0.000
259.25 260.25  12.526 0.000   5.332 0.000
262.25 263.25  27.506 0.000  12.118 0.000
265.25 266.25  15.621 0.000   6.222 0.000
268.25 269.25   6.041 0.000   2.275 0.000
271.25 272.25  23.513 0.000   5.172 0.000
274.25 275.25  30.930 0.000   3.902 0.000
277.25 278.25  26.693 0.000   6.202 0.000
280.25 281.25  35.166 0.000   8.160 0.000
283.25 284.25  11.168 0.000   4.850 0.000
286.25 287.25  32.401 0.000   5.524 0.000
289.25 290.25  27.298 0.000   7.647 0.000
292.25 293.25  45.735 0.000   9.155 0.000
295.25 296.25  13.246 0.000   7.562 0.000
298.25 299.25   6.839 0.000   1.158 0.000
301.25 302.25  20.055 0.000   4.593 0.000
304.25 305.25  17.422 0.000   3.770 0.000
307.25 308.25  18.215 0.000   3.184 0.000
310.25 311.25  23.079 0.000   8.215 0.000
313.25 314.25  28.931 0.000   8.504 0.000
316.25 317.25   5.032 0.000   5.734 0.000
319.25 320.25   6.965 0.000   3.892 0.000
322.25 323.25  12.435 0.000   7.648 0.000
325.25 326.25  12.013 0.000   7.403 0.000
328.25 329.25  10.497 0.000   5.778 0.659
331.25 332.25  15.085 0.000   6.409 0.659
334.25 335.25  16.358 0.000   6.792 0.000
337.25 338.25  25.234 0.000  13.004 0.000
340.25 341.25  46.863 0.000  16.374 0.000
343.25 344.25  32.920 0.000  16.494 0.000
346.25 347.25  10.838 0.000   4.734 0.000
349.25 350.25  33.008 0.000  20.287 0.000
352.25 353.25  32.770 0.000  24.243 0.000
355.25 356.25  19.121 0.000  12.806 0.000
358.25 359.25  11.488 0.000  10.651 0.000
361.25 362.25  22.115 0.000  15.174 0.000
364.25 365.25   9.881 0.000   4.712 0.000
