scripts/IMPROVE-2019_partial/data/US9039R.20020102070000.20191216000000.filterpack..pm25.52w.1w.US03L_filterpack_US9039.US03L_IMPROVE_Davis.lev2.nas
66 1001
MISSING INFORMATION
US03L, IMPROVE, , , , , , , 
MISSING INFORMATION
IMPROVE sel_HTAP
1 1
2002 01 01 2019 12 16
3.000000
days from file reference point
27
1 1 1 1 1 1 1 1 1 1 1 1 1 1 1 1 1 1 1 1 1 1 1 1 1 1 1
999.999999 99999.99 9.999 99.99 9.999 9.999 9.999 9.99 9.999 99.999 9.999 99.999 9.999 99.999 9.999 999.99 9.999 9999.999 9.999 999.999 9.999 999.999 9.999 99.999 9.999 9.999 9.999
end_time of measurement, days from the file reference point
iron, ng/m3, Revision date=20181210133000
numflag iron, no unit, Revision date=20181210133000
lead, ng/m3, Revision date=20181210133000
numflag lead, no unit, Revision date=20181210133000
magnesium, ug/m3, Revision date=20181210133000
numflag magnesium, no unit, Revision date=20181210133000
nickel, ng/m3, Revision date=20181210133000
numflag nickel, no unit, Revision date=20181210133000
nitrate, ug N/m3, Revision date=20181210133000
numflag nitrate, no unit, Revision date=20181210133000
organic_carbon, ug C/m3, Revision date=20181210133000
numflag organic_carbon, no unit, Revision date=20181210133000
organic_mass, ug/m3, Revision date=20181210133000
numflag organic_mass, no unit, Revision date=20181210133000
phosphorus, ng/m3, Revision date=20181210133000
numflag phosphorus, no unit, Revision date=20181210133000
pm10_mass, ug/m3, Version=2, Version description=Data extracted from http://views.cira.colostate.edu/fed/DataWizard 2019-12-16, Sample duration=1d, Orig. time res.=3d, Matrix=pm10, Blank correction=Blank corrected, Volume std. temperature=ambient, Volume std. pressure=ambient
numflag pm10_mass, no unit, Version=2, Version description=Data extracted from http://views.cira.colostate.edu/fed/DataWizard 2019-12-16, Sample duration=1d, Orig. time res.=3d, Matrix=pm10, Blank correction=Blank corrected, Volume std. temperature=ambient, Volume std. pressure=ambient
pm10_pm25_mass, ug/m3, Revision date=20181210133000, Matrix=pm10_pm25
numflag pm10_pm25_mass, no unit, Revision date=20181210133000, Matrix=pm10_pm25
pm25_mass, ug/m3, Version=2, Version description=Data extracted from http://views.cira.colostate.edu/fed/DataWizard 2019-12-16, Sample duration=1d, Orig. time res.=3d, Blank correction=Blank corrected, Volume std. temperature=ambient, Volume std. pressure=ambient
numflag pm25_mass, no unit, Version=2, Version description=Data extracted from http://views.cira.colostate.edu/fed/DataWizard 2019-12-16, Sample duration=1d, Orig. time res.=3d, Blank correction=Blank corrected, Volume std. temperature=ambient, Volume std. pressure=ambient
potassium, ug/m3, Revision date=20181210133000
numflag potassium, no unit, Revision date=20181210133000
sulphate_total, ug S/m3, Revision date=20181210133000
numflag sulphate_total, no unit, Revision date=20181210133000
0
25
Data definition:              EBAS_1.1
Set type code:                TU
Timezone:                     UTC
File name:                    US9039R.20020102070000.20191216000000.filterpack..pm25.52w.1w.US03L_filterpack_US9039.US03L_IMPROVE_Davis.lev2.nas
File creation:                20191218120800
Startdate:                    20020102070000
Revision date:                20191216000000
Statistics:                   arithmetic mean
Data level:                   2
Period code:                  52w
Resolution code:              1w
Station code:                 US9039R
Platform code:                US9039S
Station name:                 Saguaro West
Station latitude:             32.2486
Station longitude:            -111.2178
Station altitude:             714.0 m
Regime:                       IMG
Component:                    
Matrix:                       pm25
Laboratory code:              US03L
Instrument type:              filterpack
Instrument name:              filterpack_US9039
Method ref:                   US03L_IMPROVE_Davis
starttime endtime Fe flag_Fe Pb flag_Pb Mg++ flag_Mg++ Ni flag_Ni NO3- flag_NO3- OC flag_OC OM flag_OM P flag_P PM10 flag_PM10 PM10-PM2.5 flag_PM10-PM2.5 PM2.5 flag_PM2.5 K+ flag_K+ SO4-- flag_SO4--
  1.291667   2.291667   148.86 0.000  2.47 0.000 9.999 0.259 0.20 0.000  0.105 0.559  1.226 0.000  1.716 0.000 999.99 0.259   12.377 0.000   5.965 0.000   6.412 0.000  0.106 0.000 0.254 0.559
  4.291667   5.291667    94.53 0.000  2.71 0.000 9.999 0.259 9.99 0.259  0.085 0.000  0.715 0.000  1.001 0.000 999.99 0.259   10.848 0.000   6.676 0.000   4.173 0.000  0.082 0.000 0.156 0.000
  7.291667   8.291667   162.14 0.000  4.24 0.000 9.999 0.259 9.99 0.259  0.047 0.559  0.926 0.000  1.296 0.000 999.99 0.259   18.741 0.000  12.616 0.000   6.125 0.000  0.115 0.000 0.142 0.559
 10.291667  11.291667   181.45 0.000  3.94 0.000 9.999 0.259 9.99 0.259  0.055 0.559  0.746 0.000  1.045 0.000 999.99 0.259   20.016 0.000  12.130 0.000   7.886 0.000  0.121 0.000 0.245 0.559
 13.291667  14.291667   196.87 0.000  2.09 0.000 9.999 0.259 9.99 0.259  0.036 0.559  0.843 0.000  1.180 0.000 999.99 0.259   17.524 0.000  10.610 0.000   6.915 0.000  0.150 0.000 0.139 0.559
 16.291667  17.291667   127.67 0.000  1.46 0.000 0.110 0.000 0.30 0.000  0.397 0.559  0.988 0.000  1.383 0.000 999.99 0.259   21.814 0.000  12.594 0.000   9.220 0.000  0.201 0.000 0.412 0.559
 19.291667  20.291667    75.08 0.000  3.11 0.000 9.999 0.259 9.99 0.259  0.320 0.559  0.677 0.000  0.948 0.000 999.99 0.259   14.297 0.000   9.639 0.000   4.659 0.000  0.074 0.000 0.171 0.559
 22.291667  23.291667   165.61 0.000  1.85 0.000 9.999 0.259 9.99 0.259  0.096 0.000  0.642 0.000  0.899 0.000 999.99 0.259   15.890 0.000  10.246 0.000   5.644 0.000  0.131 0.000 0.209 0.000
 25.291667  26.291667   191.95 0.000  1.86 0.000 9.999 0.259 9.99 0.259  0.039 0.000  0.570 0.000  0.798 0.000 999.99 0.259   12.132 0.000   6.340 0.000   5.792 0.000  0.143 0.000 0.204 0.000
 28.291667  29.291667    50.33 0.000  0.92 0.000 9.999 0.259 9.99 0.259  0.078 0.559  0.519 0.000  0.727 0.000 999.99 0.259   10.095 0.000   7.342 0.000   2.754 0.000  0.049 0.000 0.167 0.559
 31.291667  32.291667    63.86 0.000  1.89 0.000 9.999 0.259 0.19 0.000  0.117 0.000  0.699 0.000  0.979 0.000 999.99 0.259    7.972 0.000   4.879 0.000   3.093 0.000  0.050 0.000 0.164 0.000
 34.291667  35.291667    16.87 0.000  0.57 0.000 9.999 0.259 9.99 0.259  0.081 0.000  0.834 0.000  1.167 0.000 999.99 0.259    3.777 0.000   1.902 0.000   1.875 0.000  0.015 0.000 0.089 0.000
 37.291667  38.291667   102.13 0.000  2.31 0.000 9.999 0.259 9.99 0.259  0.106 0.000  0.855 0.000  1.196 0.000 999.99 0.259   13.644 0.000   9.142 0.000   4.502 0.000  0.077 0.000 0.208 0.000
 40.291667  41.291667   103.54 0.000  0.78 0.000 9.999 0.259 9.99 0.259  0.033 0.000  0.463 0.000  0.649 0.000 999.99 0.259   26.471 0.000  22.444 0.000   4.027 0.000  0.065 0.000 0.103 0.000
 43.291667  44.291667   148.37 0.000  2.59 0.000 9.999 0.259 9.99 0.259  0.038 0.000  0.796 0.000  1.115 0.000  30.92 0.000   23.203 0.000  17.653 0.000   5.550 0.000  0.110 0.000 0.154 0.000
 46.291667  47.291667   102.48 0.000  2.97 0.000 9.999 0.259 9.99 0.259  0.037 0.000  0.656 0.000  0.918 0.000 999.99 0.259   14.665 0.000  10.254 0.000   4.411 0.000  0.082 0.000 0.227 0.000
 49.291667  50.291667    90.04 0.000  0.67 0.000 9.999 0.259 9.99 0.259  0.073 0.000  0.529 0.000  0.740 0.000 999.99 0.259   13.829 0.000   9.742 0.000   4.086 0.000  0.071 0.000 0.123 0.000
 52.291667  53.291667   128.96 0.000  1.20 0.000 9.999 0.259 9.99 0.259  0.030 0.000  0.758 0.000  1.061 0.000 999.99 0.259   20.184 0.000  15.181 0.000   5.002 0.000  0.085 0.000 0.144 0.000
 55.291667  56.291667   157.05 0.000  1.49 0.000 9.999 0.259 9.99 0.259  0.088 0.000  0.755 0.000  1.057 0.000 999.99 0.259   23.162 0.000  17.277 0.000   5.885 0.000  0.128 0.000 0.190 0.000
 58.291667  59.291667   339.71 0.000  2.21 0.000 9.999 0.259 9.99 0.259  0.087 0.000  0.778 0.000  1.089 0.000 999.99 0.259   42.606 0.000  31.191 0.000  11.415 0.000  0.234 0.000 0.234 0.000
 61.291667  62.291667    54.53 0.000  0.85 0.000 9.999 0.259 9.99 0.259  0.034 0.000  0.371 0.000  0.519 0.000 999.99 0.259    9.804 0.000   6.682 0.000   3.122 0.000  0.047 0.000 0.234 0.000
 64.291667  65.291667   138.29 0.000  1.58 0.000 9.999 0.259 0.16 0.000  0.053 0.000  0.691 0.000  0.968 0.000 999.99 0.259   15.554 0.000  10.346 0.000   5.208 0.000  0.109 0.000 0.097 0.000
 67.291667  68.291667   238.62 0.000  2.04 0.000 9.999 0.259 0.16 0.000  0.056 0.000  0.601 0.000  0.841 0.000 999.99 0.259   10.294 0.000   2.519 0.000   7.775 0.000  0.152 0.000 0.188 0.000
 70.291667  71.291667    92.76 0.000  1.42 0.000 9.999 0.259 9.99 0.259  0.038 0.000  0.526 0.000  0.736 0.000 999.99 0.259   14.445 0.000  10.892 0.000   3.554 0.000  0.073 0.000 0.097 0.000
 73.291667  74.291667   115.64 0.000  0.65 0.000 9.999 0.259 9.99 0.259  0.047 0.000  0.564 0.000  0.789 0.000 999.99 0.259   16.626 0.000  12.274 0.000   4.351 0.000  0.077 0.000 0.128 0.000
 76.291667  77.291667   171.33 0.000  1.13 0.000 9.999 0.259 0.33 0.000  0.051 0.000  0.487 0.000  0.682 0.000 999.99 0.259   10.539 0.000   4.846 0.000   5.693 0.000  0.101 0.000 0.224 0.000
 79.291667  80.291667   130.41 0.000  1.66 0.000 9.999 0.259 0.27 0.000  0.041 0.000  0.600 0.000  0.840 0.000 999.99 0.259   12.711 0.000   7.885 0.000   4.826 0.000  0.076 0.000 0.234 0.000
 82.291667  83.291667    86.01 0.000  0.77 0.000 9.999 0.259 0.27 0.000  0.038 0.000  0.314 0.000  0.439 0.000 999.99 0.259   13.031 0.000   9.440 0.000   3.591 0.000  0.054 0.000 0.115 0.000
 85.291667  86.291667   135.89 0.000  1.50 0.000 9.999 0.259 0.20 0.000  0.054 0.559  0.522 0.000  0.731 0.000 999.99 0.259   15.107 0.000  10.003 0.000   5.104 0.000  0.095 0.000 0.251 0.559
 88.291667  89.291667    95.34 0.000  1.47 0.000 9.999 0.259 9.99 0.259  0.091 0.559  0.601 0.000  0.841 0.000 999.99 0.259   15.351 0.000  10.652 0.000   4.699 0.000  0.074 0.000 0.214 0.559
 91.291667  92.291667   105.01 0.000  1.45 0.000 9.999 0.259 0.26 0.000  0.053 0.000  0.654 0.000  0.916 0.000 999.99 0.259   14.651 0.000   9.283 0.000   5.368 0.000  0.072 0.000 0.337 0.000
 94.291667  95.291667   112.43 0.000  0.97 0.000 9.999 0.259 0.51 0.000  0.038 0.000  0.511 0.000  0.715 0.000 999.99 0.259   16.407 0.000  10.916 0.000   5.490 0.000  0.089 0.000 0.387 0.000
 97.291667  98.291667    97.58 0.000  1.40 0.000 9.999 0.259 0.23 0.000  0.117 0.000  0.716 0.000  1.003 0.000 999.99 0.259   20.184 0.000  14.604 0.000   5.579 0.000  0.073 0.000 0.344 0.000
100.291667 101.291667   129.82 0.000  0.97 0.000 9.999 0.259 0.44 0.000  0.065 0.000  0.710 0.000  0.994 0.000 999.99 0.259   17.625 0.000  11.304 0.000   6.321 0.000  0.106 0.000 0.480 0.000
103.291667 104.291667   112.67 0.000  1.36 0.000 9.999 0.259 0.45 0.000  0.068 0.559  0.876 0.000  1.226 0.000 999.99 0.259   18.112 0.000  12.211 0.000   5.901 0.000  0.082 0.000 0.490 0.559
106.291667 107.291667   109.43 0.000  0.82 0.000 9.999 0.259 0.42 0.000  0.088 0.559 99.999 0.999 99.999 0.999 999.99 0.259 9999.999 0.456 999.999 0.999   5.104 0.000  0.070 0.000 0.341 0.559
109.291667 110.291667   100.02 0.000  1.01 0.000 9.999 0.259 0.22 0.000  0.112 0.559 99.999 0.999 99.999 0.999 999.99 0.259 9999.999 0.456 999.999 0.999   4.947 0.000  0.073 0.000 0.240 0.559
112.291667 113.291667   193.93 0.000  1.66 0.000 9.999 0.259 9.99 0.259  0.065 0.559 99.999 0.999 99.999 0.999 999.99 0.259 9999.999 0.456 999.999 0.999   6.420 0.000  0.130 0.000 0.201 0.559
115.291667 116.291667   380.27 0.000  1.15 0.000 9.999 0.259 0.30 0.000  0.056 0.000  0.580 0.000  0.812 0.000 999.99 0.259   61.363 0.000  52.144 0.000   9.219 0.000  0.245 0.000 0.201 0.000
118.291667 119.291667   204.86 0.000  1.48 0.000 9.999 0.259 0.32 0.000  0.054 0.000  0.547 0.000  0.765 0.000 999.99 0.259   16.326 0.000  11.043 0.000   5.282 0.000  0.129 0.000 0.230 0.000
121.291667 122.291667   259.88 0.000  1.88 0.000 9.999 0.259 0.38 0.000  0.095 0.559  0.523 0.000  0.732 0.000 999.99 0.259   20.549 0.000  13.156 0.000   7.393 0.000  0.166 0.000 0.270 0.559
124.291667 125.291667   222.39 0.000  1.30 0.000 9.999 0.259 0.21 0.000  0.075 0.559  0.377 0.000  0.528 0.000 999.99 0.259   14.898 0.000   9.086 0.000   5.812 0.000  0.137 0.000 0.216 0.559
127.291667 128.291667   239.76 0.000  0.83 0.000 9.999 0.259 0.29 0.000  0.086 0.000  0.469 0.000  0.657 0.000 999.99 0.259   17.544 0.000  10.719 0.000   6.825 0.000  0.143 0.000 0.245 0.000
130.291667 131.291667   284.86 0.000  1.23 0.000 9.999 0.259 0.32 0.000  0.135 0.000  0.666 0.000  0.932 0.000 999.99 0.259   23.377 0.000  15.086 0.000   8.291 0.000  0.172 0.000 0.327 0.000
133.291667 134.291667   305.18 0.000  0.98 0.000 9.999 0.259 9.99 0.259  0.086 0.000  1.609 0.000  2.252 0.000 999.99 0.259   37.550 0.000  26.444 0.000  11.106 0.000  0.227 0.000 0.386 0.000
136.291667 137.291667   257.53 0.000  1.17 0.000 9.999 0.259 0.61 0.000  0.085 0.000  0.616 0.000  0.862 0.000 999.99 0.259   23.432 0.000  15.560 0.000   7.872 0.000  0.176 0.000 0.413 0.000
139.291667 140.291667   107.34 0.000  0.84 0.000 9.999 0.259 0.28 0.000  0.059 0.000  0.423 0.000  0.592 0.000 999.99 0.259   15.827 0.000  11.058 0.000   4.769 0.000  0.087 0.000 0.355 0.000
142.291667 143.291667   185.39 0.000  0.74 0.000 9.999 0.259 0.39 0.000  0.082 0.000  0.509 0.000  0.713 0.000 999.99 0.259   24.326 0.000  17.948 0.000   6.378 0.000  0.126 0.000 0.207 0.000
145.291667 146.291667    52.29 0.000  0.66 0.000 9.999 0.259 0.29 0.000  0.034 0.000  0.487 0.000  0.682 0.000 999.99 0.259   10.803 0.000   6.911 0.000   3.891 0.000  0.061 0.000 0.362 0.000
148.291667 149.291667   188.36 0.000  1.13 0.000 9.999 0.259 0.29 0.000  0.062 0.000  1.006 0.000  1.408 0.000 999.99 0.259   23.392 0.000  15.666 0.000   7.726 0.000  0.153 0.000 0.400 0.000
151.291667 152.291667   154.47 0.000  0.96 0.000 9.999 0.259 0.18 0.000  0.044 0.000  0.802 0.000  1.123 0.000 999.99 0.259   20.387 0.000  13.291 0.000   7.096 0.000  0.133 0.000 0.514 0.000
154.291667 155.291667   156.79 0.000  1.10 0.000 9.999 0.259 0.09 0.000  0.089 0.000  1.319 0.000  1.846 0.000 999.99 0.259   22.571 0.000  14.821 0.000   7.750 0.000  0.156 0.000 0.340 0.000
157.291667 158.291667   203.42 0.000  1.50 0.000 9.999 0.259 0.52 0.000  0.106 0.559  1.435 0.000  2.009 0.000 999.99 0.259   29.393 0.000  18.641 0.000  10.752 0.000  0.205 0.000 0.590 0.559
160.291667 161.291667   102.51 0.000  0.94 0.000 9.999 0.259 0.38 0.000  0.056 0.000  0.612 0.000  0.856 0.000 999.99 0.259   17.523 0.000  12.412 0.000   5.111 0.000  0.082 0.000 0.295 0.000
163.291667 164.291667   183.78 0.000  0.91 0.000 0.035 0.000 0.28 0.000  0.061 0.000  0.929 0.000  1.301 0.000 999.99 0.259   23.579 0.000  15.677 0.000   7.902 0.000  0.170 0.000 0.333 0.000
166.291667 167.291667    76.73 0.000  0.92 0.000 0.036 0.000 0.65 0.000  0.114 0.000  1.285 0.000  1.798 0.000 999.99 0.259   18.169 0.000   9.661 0.000   8.508 0.000  0.112 0.000 0.693 0.000
169.291667 170.291667   135.45 0.000  0.58 0.000 0.040 0.000 0.33 0.000  0.054 0.000  0.420 0.000  0.588 0.000 999.99 0.259   19.696 0.000  14.056 0.000   5.641 0.000  0.114 0.000 0.281 0.000
172.291667 173.291667    73.13 0.000  0.48 0.000 9.999 0.259 9.99 0.259  0.031 0.000  0.249 0.000  0.348 0.000 999.99 0.259   11.168 0.000   8.028 0.000   3.140 0.000  0.057 0.000 0.184 0.000
175.291667 176.291667   127.32 0.000  0.85 0.000 9.999 0.259 0.62 0.000  0.054 0.000  0.571 0.000  0.799 0.000 999.99 0.259   22.038 0.000  15.478 0.000   6.560 0.000  0.094 0.000 0.446 0.000
178.291667 179.291667   210.19 0.000  0.77 0.000 9.999 0.259 0.36 0.000  0.054 0.000  0.568 0.000  0.795 0.000 999.99 0.259   23.781 0.000  17.200 0.000   6.580 0.000  0.162 0.000 0.335 0.000
181.291667 182.291667   105.08 0.000  0.53 0.000 9.999 0.259 0.14 0.000  0.050 0.000  0.785 0.000  1.099 0.000 999.99 0.259   15.706 0.000  10.120 0.000   5.586 0.000  0.091 0.000 0.365 0.000
184.291667 185.291667   197.93 0.000  0.56 0.000 0.074 0.000 0.26 0.000  0.051 0.000  0.641 0.000  0.897 0.000 999.99 0.259   22.823 0.000  15.513 0.000   7.310 0.000  0.204 0.000 0.435 0.000
187.291667 188.291667   110.18 0.000  0.36 0.000 9.999 0.259 0.43 0.000  0.084 0.000  0.388 0.000  0.543 0.000 999.99 0.259   18.290 0.000  12.043 0.000   6.247 0.000  0.101 0.000 0.493 0.000
190.291667 191.291667  1466.01 0.000  2.06 0.000 0.685 0.000 9.99 0.259  0.167 0.000  2.589 0.000  3.624 0.000 999.99 0.259  114.751 0.000  68.705 0.000  46.046 0.000  1.026 0.000 0.720 0.000
193.291667 194.291667   148.53 0.000  0.57 0.000 9.999 0.259 0.32 0.000  0.114 0.559  0.970 0.000  1.359 0.000 999.99 0.259   32.230 0.000  22.909 0.000   9.321 0.000  0.137 0.000 0.759 0.559
196.291667 197.291667    67.88 0.000  0.45 0.000 9.999 0.259 0.39 0.000  0.117 0.559  0.563 0.000  0.789 0.000 999.99 0.259   12.640 0.000   6.792 0.000   5.848 0.000  0.070 0.000 0.642 0.559
199.291667 200.291667   298.23 0.000  0.90 0.000 9.999 0.259 0.47 0.000  0.070 0.559  0.461 0.000  0.645 0.000 999.99 0.259   16.854 0.000   7.899 0.000   8.955 0.000  0.214 0.000 0.391 0.559
202.291667 203.291667   110.59 0.000  0.33 0.000 9.999 0.259 9.99 0.259  0.075 0.559  0.673 0.000  0.942 0.000 999.99 0.259   18.722 0.000  13.202 0.000   5.519 0.000  0.088 0.000 0.387 0.559
205.291667 206.291667   192.14 0.000  0.78 0.000 9.999 0.259 0.19 0.000  0.069 0.559  0.312 0.000  0.437 0.000 999.99 0.259   18.437 0.000  10.553 0.000   7.885 0.000  0.129 0.000 0.431 0.559
208.291667 209.291667    37.28 0.000  0.76 0.000 9.999 0.259 0.38 0.000  0.062 0.559  0.326 0.000  0.456 0.000 999.99 0.259    8.842 0.000   5.385 0.000   3.457 0.000  0.031 0.000 0.376 0.559
211.291667 212.291667   364.44 0.000  1.19 0.000 0.088 0.000 0.29 0.000  0.084 0.559  0.725 0.000  1.015 0.000 999.99 0.259   21.681 0.000   9.181 0.000  12.500 0.000  0.266 0.000 0.474 0.559
214.291667 215.291667    48.83 0.000  0.48 0.000 9.999 0.259 0.37 0.000  0.079 0.559  0.618 0.000  0.865 0.000 999.99 0.259   14.336 0.000   8.684 0.000   5.652 0.000  0.054 0.000 0.649 0.559
217.291667 218.291667   173.43 0.000  0.57 0.000 0.046 0.000 9.99 0.259  0.023 0.559  0.500 0.000  0.701 0.000 999.99 0.259   11.220 0.000   4.233 0.000   6.987 0.000  0.128 0.000 0.223 0.559
220.291667 221.291667   154.53 0.000  0.67 0.000 9.999 0.259 9.99 0.259  0.048 0.559  0.590 0.000  0.826 0.000 999.99 0.259   19.656 0.000  12.168 0.000   7.488 0.000  0.114 0.000 0.450 0.559
223.291667 224.291667   102.50 0.000  0.62 0.000 0.049 0.000 0.47 0.000  0.092 0.559  0.771 0.000  1.080 0.000 999.99 0.259   25.517 0.000  17.365 0.000   8.152 0.000  0.113 0.000 0.829 0.559
226.291667 227.291667   161.46 0.000  0.73 0.000 9.999 0.259 0.41 0.000  0.105 0.559  0.908 0.000  1.272 0.000 999.99 0.259   31.798 0.000  21.290 0.000  10.508 0.000  0.144 0.000 0.782 0.559
229.291667 230.291667    72.64 0.000  0.53 0.000 9.999 0.259 0.51 0.000  0.088 0.559  0.787 0.000  1.102 0.000 999.99 0.259   19.945 0.000  12.666 0.000   7.279 0.000  0.072 0.000 0.788 0.559
232.291667 233.291667   297.68 0.000  1.17 0.000 0.094 0.000 0.47 0.000  0.090 0.559  1.243 0.000  1.740 0.000 999.99 0.259   25.828 0.000  11.110 0.000  14.719 0.000  0.250 0.000 0.765 0.559
235.291667 236.291667    90.91 0.000  0.78 0.000 9.999 0.259 9.99 0.259  0.024 0.000  0.510 0.000  0.714 0.000 999.99 0.259   14.505 0.000  10.607 0.000   3.899 0.000  0.085 0.000 0.123 0.000
238.291667 239.291667   158.56 0.000  0.52 0.000 9.999 0.259 0.40 0.000  0.058 0.559  0.581 0.000  0.813 0.000 999.99 0.259   28.768 0.000  20.739 0.000   8.029 0.000  0.135 0.000 0.523 0.559
241.291667 242.291667   418.26 0.000  1.29 0.000 9.999 0.259 0.40 0.000  0.086 0.559  0.907 0.000  1.271 0.000 999.99 0.259   18.722 0.000   4.833 0.000  13.889 0.000  0.323 0.000 0.557 0.559
244.291667 245.291667    66.16 0.000  1.40 0.000 9.999 0.259 0.25 0.000  0.041 0.559  0.841 0.000  1.178 0.000 999.99 0.259   13.644 0.000   8.142 0.000   5.501 0.000  0.059 0.000 0.572 0.559
247.291667 248.291667   141.03 0.000  1.63 0.000 9.999 0.259 9.99 0.259  0.043 0.000  1.081 0.000  1.514 0.000 999.99 0.259   23.856 0.000  14.342 0.000   9.514 0.000  0.110 0.000 0.893 0.000
