scripts/IMPROVE-2019_partial/data/US9034R.20080101060000.20191216000000.filterpack...52w.3d.US03L_filterpack_US9034.US03L_IMPROVE_Davis.lev2.nas
52 1001
MISSING INFORMATION
US03L, IMPROVE, , , , , , , 
MISSING INFORMATION
IMPROVE sel_HTAP
1 1
2008 01 01 2019 12 16
3.00
days from file reference point
5
1 1 1 1 1
999.99 999.999 9.999 999.999 9.999
end_time of measurement, days from the file reference point
pm10_mass, ug/m3, Matrix=pm10
numflag pm10_mass, no unit, Matrix=pm10
pm25_mass, ug/m3, Matrix=pm25
numflag pm25_mass, no unit, Matrix=pm25
0
33
Data definition:              EBAS_1.1
Set type code:                TU
Timezone:                     UTC
File name:                    US9034R.20080101060000.20191216000000.filterpack...52w.3d.US03L_filterpack_US9034.US03L_IMPROVE_Davis.lev2.nas
File creation:                20191218120734
Startdate:                    20080101060000
Revision date:                20191216000000
Version:                      2
Version description:          "Data extracted from http://views.cira.colostate.edu/fed/DataWizard 2019-12-16"
Statistics:                   arithmetic mean
Data level:                   2
Period code:                  52w
Resolution code:              3d
Sample duration:              1d
Orig. time res.:              3d
Station code:                 US9034R
Platform code:                US9034S
Station name:                 Upper Buffalo Wilderness
Station latitude:             35.8258
Station longitude:            -93.203
Station altitude:             722.0 m
Regime:                       IMG
Component:                    
Unit:                         ug/m3
Matrix:                       
Laboratory code:              US03L
Instrument type:              filterpack
Instrument name:              filterpack_US9034
Method ref:                   US03L_IMPROVE_Davis
Blank correction:             Blank corrected
Volume std. temperature:      ambient
Volume std. pressure:         ambient
starttime endtime PM10 flag_PM10 PM2.5 flag_PM2.5
  0.25   1.25 999.999 0.456   2.041 0.000
  3.25   4.25 999.999 0.456   6.423 0.000
  6.25   7.25 999.999 0.456   5.274 0.000
  9.25  10.25   9.257 0.000   5.763 0.000
 12.25  13.25   9.630 0.000   7.866 0.000
 15.25  16.25  10.288 0.000   6.425 0.000
 18.25  19.25   7.407 0.000   5.101 0.000
 21.25  22.25  12.080 0.000  10.068 0.000
 24.25  25.25   5.958 0.000   3.462 0.000
 27.25  28.25   6.978 0.000   5.010 0.000
 30.25  31.25   3.428 0.000   2.430 0.000
 33.25  34.25  10.494 0.000   6.397 0.000
 36.25  37.25 999.999 0.999 999.999 0.999
 39.25  40.25   5.198 0.000   1.808 0.000
 42.25  43.25   7.206 0.000   6.071 0.000
 45.25  46.25  26.994 0.000  22.860 0.000
 48.25  49.25   3.833 0.000   2.062 0.000
 51.25  52.25   8.864 0.000   5.269 0.000
 54.25  55.25  12.662 0.000   9.899 0.000
 57.25  58.25   7.009 0.000   4.748 0.000
 60.25  61.25  11.937 0.000   6.642 0.000
 63.25  64.25   8.335 0.000   5.531 0.000
 66.25  67.25   7.241 0.000   4.691 0.000
 69.25  70.25  13.959 0.000   8.455 0.000
 72.25  73.25  11.959 0.000   6.479 0.000
 75.25  76.25   7.091 0.000   5.773 0.000
 78.25  79.25 999.999 0.999 999.999 0.999
 81.25  82.25   9.491 0.000   5.756 0.000
 84.25  85.25  15.926 0.000   9.623 0.000
 87.25  88.25  10.867 0.000   6.520 0.000
 90.25  91.25   4.351 0.000   2.982 0.000
 93.25  94.25   3.120 0.000   2.533 0.000
 96.25  97.25  13.215 0.000  10.122 0.000
 99.25 100.25 999.999 0.456   3.514 0.000
102.25 103.25 999.999 0.456   3.072 0.000
105.25 106.25 999.999 0.456   7.525 0.000
108.25 109.25  10.194 0.000   5.342 0.000
111.25 112.25  20.560 0.000  11.328 0.000
114.25 115.25  16.351 0.000   7.806 0.000
117.25 118.25   8.052 0.000   4.902 0.000
120.25 121.25  33.285 0.000  10.807 0.000
123.25 124.25  17.606 0.000   4.651 0.000
126.25 127.25  22.120 0.000  10.300 0.000
129.25 130.25  24.587 0.000   6.920 0.000
132.25 133.25  13.614 0.000   4.215 0.000
135.25 136.25  20.518 0.000   3.679 0.000
138.25 139.25  22.166 0.000   6.490 0.000
141.25 142.25  28.644 0.000   6.891 0.000
144.25 145.25  13.173 0.000   7.342 0.000
147.25 148.25   5.249 0.000   2.227 0.000
150.25 151.25  18.028 0.000  10.201 0.000
153.25 154.25  13.233 0.000   7.919 0.000
156.25 157.25  16.892 0.000   6.009 0.000
159.25 160.25  12.028 0.000   6.671 0.000
162.25 163.25  12.514 0.000   7.083 0.000
165.25 166.25   5.064 0.000   2.326 0.000
168.25 169.25  10.649 0.000   5.566 0.000
171.25 172.25  16.702 0.000   9.633 0.000
174.25 175.25   8.063 0.000   3.517 0.000
177.25 178.25  27.542 0.000  14.091 0.000
180.25 181.25  14.258 0.000   5.884 0.000
183.25 184.25  24.980 0.000  12.440 0.000
186.25 187.25  11.350 0.000   6.967 0.000
189.25 190.25  33.983 0.000  18.452 0.000
192.25 193.25  18.092 0.000  10.021 0.000
195.25 196.25  10.040 0.000   3.705 0.000
198.25 199.25  23.272 0.000  16.498 0.000
201.25 202.25  23.369 0.000  17.006 0.000
204.25 205.25  13.657 0.000   9.803 0.000
207.25 208.25  35.525 0.000  15.721 0.000
210.25 211.25  46.449 0.000  25.427 0.000
213.25 214.25  24.841 0.000  16.655 0.000
216.25 217.25  25.997 0.000  16.798 0.000
219.25 220.25  13.038 0.000   6.949 0.000
222.25 223.25   6.022 0.000   4.310 0.000
225.25 226.25  15.785 0.000  10.148 0.000
228.25 229.25  17.778 0.000  13.559 0.000
231.25 232.25  20.946 0.000  16.575 0.000
234.25 235.25  12.371 0.000   8.778 0.000
237.25 238.25  18.794 0.000  12.986 0.000
240.25 241.25  23.920 0.000  17.492 0.000
243.25 244.25  23.502 0.000  18.034 0.000
246.25 247.25   3.042 0.000   1.877 0.000
249.25 250.25   6.864 0.000   3.915 0.000
252.25 253.25   5.286 0.000   4.240 0.000
255.25 256.25  13.112 0.000   7.795 0.000
258.25 259.25   6.113 0.000   2.142 0.000
261.25 262.25 999.999 0.999  10.528 0.000
264.25 265.25 999.999 0.999 999.999 0.999
267.25 268.25  22.277 0.000  15.896 0.000
270.25 271.25  16.911 0.000  11.832 0.000
273.25 274.25  10.512 0.000   4.453 0.000
276.25 277.25  12.939 0.000   5.787 0.000
279.25 280.25  24.632 0.000  18.553 0.000
282.25 283.25   5.585 0.000   3.022 0.000
285.25 286.25   9.958 0.000   7.866 0.000
288.25 289.25  11.827 0.000   7.590 0.000
291.25 292.25   8.510 0.000   6.158 0.000
294.25 295.25  23.716 0.000  19.759 0.000
297.25 298.25   4.764 0.000   3.259 0.000
300.25 301.25  10.499 0.000   2.111 0.000
303.25 304.25  18.613 0.000   9.812 0.000
306.25 307.25  16.941 0.000  13.102 0.000
309.25 310.25  13.341 0.000   9.187 0.000
312.25 313.25   5.409 0.000   1.895 0.000
315.25 316.25   6.058 0.000   5.519 0.000
318.25 319.25   8.640 0.000   6.949 0.000
321.25 322.25   5.464 0.000   3.503 0.000
324.25 325.25  12.214 0.000   6.609 0.000
327.25 328.25  16.472 0.000  11.954 0.000
330.25 331.25 999.999 0.456   5.537 0.000
333.25 334.25  14.763 0.000   8.649 0.000
336.25 337.25   5.798 0.000   3.311 0.000
339.25 340.25   8.096 0.000   4.289 0.000
342.25 343.25  11.562 0.000   7.556 0.000
345.25 346.25 999.999 0.999 999.999 0.999
348.25 349.25 999.999 0.999 999.999 0.999
351.25 352.25 999.999 0.999 999.999 0.999
354.25 355.25 999.999 0.999 999.999 0.999
357.25 358.25 999.999 0.999 999.999 0.999
360.25 361.25   2.816 0.000   2.222 0.000
363.25 364.25   4.225 0.000   2.297 0.000
