scripts/IMPROVE-2019_partial/data/US9038R.20070103070000.20191216000000.filterpack...1y.3d.US03L_filterpack_US9038.US03L_IMPROVE_Davis.lev2.nas
51 1001
MISSING INFORMATION
US03L, IMPROVE, , , , , , , 
MISSING INFORMATION
IMPROVE sel_HTAP
1 1
2007 01 01 2019 12 16
3.000000
days from file reference point
4
1 1 1 1
999.999999 999.999 999.999 9.999
end_time of measurement, days from the file reference point
pm10_mass, ug/m3, Matrix=pm10
pm25_mass, ug/m3, Matrix=pm25
numflag, no unit
0
33
Data definition:              EBAS_1.1
Set type code:                TU
Timezone:                     UTC
File name:                    US9038R.20070103070000.20191216000000.filterpack...1y.3d.US03L_filterpack_US9038.US03L_IMPROVE_Davis.lev2.nas
File creation:                20191218120757
Startdate:                    20070103070000
Revision date:                20191216000000
Version:                      2
Version description:          "Data extracted from http://views.cira.colostate.edu/fed/DataWizard 2019-12-16"
Statistics:                   arithmetic mean
Data level:                   2
Period code:                  1y
Resolution code:              3d
Sample duration:              1d
Orig. time res.:              3d
Station code:                 US9038R
Platform code:                US9038S
Station name:                 Saguaro NM
Station latitude:             32.1746
Station longitude:            -110.7371
Station altitude:             941.0 m
Regime:                       IMG
Component:                    
Unit:                         ug/m3
Matrix:                       
Laboratory code:              US03L
Instrument type:              filterpack
Instrument name:              filterpack_US9038
Method ref:                   US03L_IMPROVE_Davis
Blank correction:             Blank corrected
Volume std. temperature:      ambient
Volume std. pressure:         ambient
starttime endtime PM10 PM2.5 flag
  2.291667   3.291667   7.393   3.927 0.000
  5.291667   6.291667   6.489   3.020 0.000
  8.291667   9.291667   6.832   1.864 0.000
 11.291667  12.291667  16.349   4.930 0.000
 14.291667  15.291667  10.690   5.321 0.000
 17.291667  18.291667   6.373   2.555 0.000
 20.291667  21.291667   4.922   2.718 0.000
 23.291667  24.291667   3.084   1.426 0.000
 26.291667  27.291667   3.222   1.669 0.000
 29.291667  30.291667   5.354   3.007 0.000
 32.291667  33.291667   7.050   3.073 0.000
 35.291667  36.291667   2.586   1.004 0.000
 38.291667  39.291667   7.795   2.340 0.000
 41.291667  42.291667  11.283   3.380 0.000
 44.291667  45.291667  12.690   3.530 0.000
 47.291667  48.291667 999.999 999.999 0.999
 50.291667  51.291667 999.999 999.999 0.999
 53.291667  54.291667  13.440   3.372 0.000
 56.291667  57.291667   5.556   2.142 0.000
 59.291667  60.291667  21.418   4.465 0.000
 62.291667  63.291667   8.953   1.869 0.000
 65.291667  66.291667  11.029   4.513 0.000
 68.291667  69.291667  13.809   3.512 0.000
 71.291667  72.291667  12.656   3.459 0.000
 74.291667  75.291667  15.617   4.712 0.000
 77.291667  78.291667   4.863   2.414 0.000
 80.291667  81.291667   5.678   2.683 0.000
 83.291667  84.291667   6.162   3.231 0.000
 86.291667  87.291667  36.031  12.457 0.000
 89.291667  90.291667  10.326   3.202 0.000
 92.291667  93.291667  12.761   4.897 0.000
 95.291667  96.291667  18.967   6.766 0.000
 98.291667  99.291667  24.610   8.481 0.000
101.291667 102.291667  56.027  13.389 0.000
104.291667 105.291667  24.601   7.977 0.000
107.291667 108.291667  13.016   6.187 0.000
110.291667 111.291667   7.967   4.009 0.000
113.291667 114.291667   8.485   2.508 0.000
116.291667 117.291667  29.024   9.264 0.000
119.291667 120.291667  17.523   7.398 0.000
122.291667 123.291667  20.708  11.951 0.000
125.291667 126.291667   5.296   2.297 0.000
128.291667 129.291667 999.999 999.999 0.999
131.291667 132.291667 999.999 999.999 0.999
134.291667 135.291667 999.999 999.999 0.999
137.291667 138.291667  17.891  13.532 0.000
140.291667 141.291667 999.999 999.999 0.999
143.291667 144.291667  20.206   7.728 0.000
146.291667 147.291667  13.971   4.925 0.000
149.291667 150.291667   9.625  11.221 0.000
152.291667 153.291667  16.414   7.928 0.000
155.291667 156.291667  21.927   9.003 0.000
158.291667 159.291667  26.616   7.654 0.000
161.291667 162.291667   9.666   4.831 0.000
164.291667 165.291667  18.712   6.237 0.000
167.291667 168.291667  10.911   7.726 0.000
170.291667 171.291667  20.443   6.916 0.000
173.291667 174.291667  21.884   7.485 0.000
176.291667 177.291667  22.178   6.236 0.000
179.291667 180.291667  20.778   7.491 0.000
182.291667 183.291667  20.543   6.589 0.000
185.291667 186.291667  30.695   8.048 0.000
188.291667 189.291667  18.553  17.354 0.000
191.291667 192.291667  12.056   8.452 0.000
194.291667 195.291667  17.029   9.123 0.000
197.291667 198.291667  10.265   8.171 0.000
200.291667 201.291667  14.872   6.389 0.000
203.291667 204.291667   5.809   3.136 0.000
206.291667 207.291667   6.638   6.465 0.000
209.291667 210.291667   6.678   3.285 0.000
212.291667 213.291667   9.112   5.075 0.000
215.291667 216.291667   7.896   5.383 0.000
218.291667 219.291667   9.019   5.319 0.000
221.291667 222.291667   8.141   5.559 0.000
224.291667 225.291667  10.814  10.720 0.000
227.291667 228.291667 999.999 999.999 0.999
230.291667 231.291667  23.586  11.302 0.000
233.291667 234.291667  16.266  13.143 0.000
236.291667 237.291667   6.632   7.399 0.000
239.291667 240.291667   8.050   6.848 0.000
242.291667 243.291667  10.117   7.430 0.000
245.291667 246.291667   9.247   9.503 0.000
248.291667 249.291667  10.126   8.148 0.000
251.291667 252.291667  11.722   5.550 0.000
254.291667 255.291667   7.466   5.191 0.000
257.291667 258.291667  20.132   9.439 0.000
260.291667 261.291667   8.142   7.829 0.000
263.291667 264.291667   7.733   6.059 0.000
266.291667 267.291667  13.804   6.367 0.000
269.291667 270.291667  16.467  10.681 0.000
272.291667 273.291667  13.555   5.817 0.000
275.291667 276.291667   8.004   7.679 0.000
278.291667 279.291667  31.360   8.941 0.000
281.291667 282.291667  16.162  15.185 0.000
284.291667 285.291667   9.614  10.612 0.000
287.291667 288.291667  10.655  14.639 0.000
290.291667 291.291667  21.543   6.746 0.000
293.291667 294.291667   8.120   6.568 0.000
296.291667 297.291667   6.284   7.028 0.000
299.291667 300.291667  13.880   5.561 0.000
302.291667 303.291667  11.888   5.056 0.000
305.291667 306.291667  20.743   7.050 0.000
308.291667 309.291667  15.430   8.400 0.000
311.291667 312.291667  27.236  11.536 0.000
314.291667 315.291667  18.803   6.337 0.000
317.291667 318.291667  10.889   6.434 0.000
320.291667 321.291667  32.759   8.002 0.000
323.291667 324.291667  14.040  11.486 0.000
326.291667 327.291667  18.088   8.521 0.000
329.291667 330.291667  10.194   4.460 0.000
332.291667 333.291667   9.415   4.189 0.000
335.291667 336.291667  11.757   5.468 0.000
338.291667 339.291667   5.806   2.763 0.000
341.291667 342.291667   4.769   2.493 0.000
344.291667 345.291667   1.217   1.356 0.000
347.291667 348.291667   6.037   4.297 0.000
350.291667 351.291667   5.137   3.200 0.000
353.291667 354.291667   5.862   2.293 0.000
356.291667 357.291667   5.486   2.677 0.000
359.291667 360.291667   5.672   1.373 0.000
362.291667 363.291667   8.219   3.601 0.000
