scripts/IMPROVE-2019_partial/data/US9077R.19980103080000.20191216000000.filterpack...1y.3d.US03L_filterpack_US9077.US03L_IMPROVE_Davis.lev2.nas
52 1001
MISSING INFORMATION
US03L, IMPROVE, , , , , , , 
MISSING INFORMATION
IMPROVE sel_HTAP
1 1
1998 01 01 2019 12 16
0
days from file reference point
5
1 1 1 1 1
999.999999 999.999 9.999 999.999 9.999
end_time of measurement, days from the file reference point
pm10_mass, ug/m3, Matrix=pm10
numflag pm10_mass, no unit, Matrix=pm10
pm25_mass, ug/m3, Matrix=pm25
numflag pm25_mass, no unit, Matrix=pm25
0
33
Data definition:              EBAS_1.1
Set type code:                TI
Timezone:                     UTC
File name:                    US9077R.19980103080000.20191216000000.filterpack...1y.3d.US03L_filterpack_US9077.US03L_IMPROVE_Davis.lev2.nas
File creation:                20191218121048
Startdate:                    19980103080000
Revision date:                20191216000000
Version:                      2
Version description:          "Data extracted from http://views.cira.colostate.edu/fed/DataWizard 2019-12-16"
Statistics:                   arithmetic mean
Data level:                   2
Period code:                  1y
Resolution code:              3d
Sample duration:              1d
Orig. time res.:              3d
Station code:                 US9077R
Platform code:                US9077S
Station name:                 Snoqualmie Pass
Station latitude:             47.422
Station longitude:            -121.4259
Station altitude:             1049.0 m
Regime:                       IMG
Component:                    
Unit:                         ug/m3
Matrix:                       
Laboratory code:              US03L
Instrument type:              filterpack
Instrument name:              filterpack_US9077
Method ref:                   US03L_IMPROVE_Davis
Blank correction:             Blank corrected
Volume std. temperature:      ambient
Volume std. pressure:         ambient
starttime endtime PM10 flag_PM10 PM2.5 flag_PM2.5
  2.333333   3.333333   2.371 0.000   1.020 0.000
  6.333333   7.333333 999.999 0.999 999.999 0.999
  9.333333  10.333333   7.436 0.000   4.208 0.000
 13.333333  14.333333 999.999 0.999 999.999 0.999
 16.333333  17.333333   0.653 0.000 999.999 0.999
 20.333333  21.333333 999.999 0.999   2.381 0.000
 23.333333  24.333333   2.097 0.000   1.025 0.000
 27.333333  28.333333   8.002 0.000   1.778 0.000
 30.333333  31.333333   4.271 0.000   1.356 0.000
 34.333333  35.333333 999.999 0.999 999.999 0.999
 37.333333  38.333333   3.016 0.000   1.608 0.000
 41.333333  42.333333 999.999 0.999   1.396 0.000
 44.333333  45.333333   0.907 0.000   0.728 0.000
 48.333333  49.333333   1.762 0.000   1.430 0.000
 51.333333  52.333333   1.831 0.000 999.999 0.999
 55.333333  56.333333   2.268 0.000   1.794 0.000
 58.333333  59.333333   1.466 0.000   1.595 0.000
 62.333333  63.333333 999.999 0.999   2.865 0.000
 65.333333  66.333333   4.935 0.000   4.425 0.000
 69.333333  70.333333   1.660 0.000   1.603 0.000
 72.333333  73.333333   3.116 0.000   2.691 0.000
 76.333333  77.333333   4.826 0.000   4.099 0.000
 79.333333  80.333333   9.826 0.000   7.428 0.000
 83.333333  84.333333   1.250 0.000   1.566 0.000
 86.333333  87.333333   3.819 0.000   2.066 0.000
 90.333333  91.333333   7.147 0.000   2.191 0.000
 93.333333  94.333333   9.338 0.000   6.408 0.000
 97.333333  98.333333   8.514 0.000   2.370 0.000
100.333333 101.333333   1.903 0.000   2.172 0.000
104.333333 105.333333 999.999 0.999   6.430 0.000
107.333333 108.333333   6.286 0.000   4.304 0.000
111.333333 112.333333  17.715 0.000   7.074 0.000
114.333333 115.333333   5.080 0.000   3.676 0.000
118.333333 119.333333  39.144 0.000  24.355 0.000
121.333333 122.333333  12.317 0.000  11.650 0.000
125.333333 126.333333 999.999 0.999  10.776 0.000
128.333333 129.333333   0.764 0.000   0.735 0.000
132.333333 133.333333   4.808 0.000   1.284 0.000
135.333333 136.333333   6.510 0.000   5.003 0.000
139.333333 140.333333   7.825 0.000   5.776 0.000
142.333333 143.333333   3.286 0.000   3.538 0.000
146.333333 147.333333   0.844 0.000 999.999 0.999
149.333333 150.333333 999.999 0.999   2.096 0.000
153.333333 154.333333   4.672 0.000   4.428 0.000
156.333333 157.333333   5.504 0.000   5.391 0.000
160.333333 161.333333 999.999 0.999 999.999 0.999
163.333333 164.333333   5.952 0.000   5.489 0.000
167.333333 168.333333   5.667 0.000   5.549 0.000
170.333333 171.333333   3.669 0.000   3.779 0.000
174.333333 175.333333   3.964 0.000   1.078 0.000
177.333333 178.333333   5.708 0.000 999.999 0.999
181.333333 182.333333   6.105 0.000   6.205 0.000
184.333333 185.333333   0.904 0.000 999.999 0.999
188.333333 189.333333 999.999 0.999 999.999 0.999
191.333333 192.333333 999.999 0.999 999.999 0.999
195.333333 196.333333   5.383 0.000   2.293 0.000
198.333333 199.333333   8.999 0.000   7.397 0.000
202.333333 203.333333  12.427 0.000   8.751 0.000
205.333333 206.333333  10.803 0.000   7.542 0.000
209.333333 210.333333  15.919 0.000  11.261 0.000
212.333333 213.333333   4.955 0.000   4.092 0.000
216.333333 217.333333 999.999 0.999   6.473 0.000
219.333333 220.333333 999.999 0.999   6.882 0.000
223.333333 224.333333   7.067 0.000   4.244 0.000
226.333333 227.333333   5.147 0.000   3.729 0.000
230.333333 231.333333   8.136 0.000   5.452 0.000
233.333333 234.333333  10.684 0.000   9.031 0.000
237.333333 238.333333   9.379 0.000   7.256 0.000
240.333333 241.333333  13.370 0.000   9.155 0.000
244.333333 245.333333  12.678 0.000   8.390 0.000
247.333333 248.333333  10.497 0.000   5.782 0.000
251.333333 252.333333   8.470 0.000   3.220 0.000
254.333333 255.333333   5.700 0.000   3.188 0.000
258.333333 259.333333  13.122 0.000   6.913 0.000
261.333333 262.333333   3.957 0.000   1.515 0.000
265.333333 266.333333  11.793 0.000   6.848 0.000
268.333333 269.333333   2.671 0.000   1.306 0.000
272.333333 273.333333   6.737 0.000   3.931 0.000
275.333333 276.333333   0.749 0.000   0.848 0.000
279.333333 280.333333  11.519 0.000   6.052 0.000
282.333333 283.333333   2.412 0.000   2.152 0.000
286.333333 287.333333   1.529 0.000   1.342 0.000
289.333333 290.333333   1.405 0.000   0.987 0.000
293.333333 294.333333  10.120 0.000   7.458 0.000
296.333333 297.333333  16.901 0.000  14.134 0.000
300.333333 301.333333   5.759 0.000   1.349 0.000
303.333333 304.333333   9.485 0.000   7.043 0.000
307.333333 308.333333   6.771 0.000   6.644 0.000
310.333333 311.333333   8.724 0.000   8.023 0.000
314.333333 315.333333   5.133 0.000   4.585 0.000
317.333333 318.333333   3.968 0.000   3.472 0.000
321.333333 322.333333   3.062 0.000   1.940 0.000
324.333333 325.333333   2.100 0.000   1.073 0.000
328.333333 329.333333 999.999 0.259   0.403 0.000
331.333333 332.333333   2.752 0.000   1.375 0.000
335.333333 336.333333   4.047 0.000   0.671 0.000
338.333333 339.333333   4.055 0.000   1.756 0.000
342.333333 343.333333   8.265 0.000   2.617 0.000
345.333333 346.333333   2.641 0.000   0.631 0.000
349.333333 350.333333   5.276 0.000 999.999 0.999
352.333333 353.333333   5.772 0.000   1.935 0.000
356.333333 357.333333   6.333 0.000   4.995 0.000
359.333333 360.333333   1.529 0.000   0.843 0.000
363.333333 364.333333 999.999 0.999 999.999 0.999
