scripts/IMPROVE-2019_partial/data/US9073R.20010302060000.20191216000000.filterpack..pm25.10mo.1w.US03L_filterpack_US9073.US03L_IMPROVE_Davis.lev2.nas
64 1001
MISSING INFORMATION
US03L, IMPROVE, , , , , , , 
MISSING INFORMATION
IMPROVE sel_HTAP
1 1
2001 01 01 2019 12 16
3.00
days from file reference point
25
1 1 1 1 1 1 1 1 1 1 1 1 1 1 1 1 1 1 1 1 1 1 1 1 1
999.99 9999.99 9.999999 999.99 9.999999 9.999 9.999999999 9.99 9.999999999 99.999 9.999 99.999 9.999 999.999 9.999 999.999 9.999 999.999 9.999 999.999 9.999 9.999 9.999999 99.999 9.999
end_time of measurement, days from the file reference point
iron, ng/m3, Revision date=20181210133000
numflag iron, no unit, Revision date=20181210133000
lead, ng/m3, Revision date=20181210133000
numflag lead, no unit, Revision date=20181210133000
magnesium, ug/m3, Revision date=20181210133000
numflag magnesium, no unit, Revision date=20181210133000
nickel, ng/m3, Revision date=20181210133000
numflag nickel, no unit, Revision date=20181210133000
nitrate, ug N/m3, Revision date=20181210133000
numflag nitrate, no unit, Revision date=20181210133000
organic_carbon, ug C/m3, Revision date=20181210133000
numflag organic_carbon, no unit, Revision date=20181210133000
organic_mass, ug/m3, Revision date=20181210133000
numflag organic_mass, no unit, Revision date=20181210133000
pm10_mass, ug/m3, Version=2, Version description=Data extracted from http://views.cira.colostate.edu/fed/DataWizard 2019-12-16, Sample duration=1d, Orig. time res.=3d, Matrix=pm10, Blank correction=Blank corrected, Volume std. temperature=ambient, Volume std. pressure=ambient
numflag pm10_mass, no unit, Version=2, Version description=Data extracted from http://views.cira.colostate.edu/fed/DataWizard 2019-12-16, Sample duration=1d, Orig. time res.=3d, Matrix=pm10, Blank correction=Blank corrected, Volume std. temperature=ambient, Volume std. pressure=ambient
pm10_pm25_mass, ug/m3, Revision date=20181210133000, Matrix=pm10_pm25
numflag pm10_pm25_mass, no unit, Revision date=20181210133000, Matrix=pm10_pm25
pm25_mass, ug/m3, Version=2, Version description=Data extracted from http://views.cira.colostate.edu/fed/DataWizard 2019-12-16, Sample duration=1d, Orig. time res.=3d, Blank correction=Blank corrected, Volume std. temperature=ambient, Volume std. pressure=ambient
numflag pm25_mass, no unit, Version=2, Version description=Data extracted from http://views.cira.colostate.edu/fed/DataWizard 2019-12-16, Sample duration=1d, Orig. time res.=3d, Blank correction=Blank corrected, Volume std. temperature=ambient, Volume std. pressure=ambient
potassium, ug/m3, Revision date=20181210133000
numflag potassium, no unit, Revision date=20181210133000
sulphate_total, ug S/m3, Revision date=20181210133000
numflag sulphate_total, no unit, Revision date=20181210133000
0
25
Data definition:              EBAS_1.1
Set type code:                TU
Timezone:                     UTC
File name:                    US9073R.20010302060000.20191216000000.filterpack..pm25.10mo.1w.US03L_filterpack_US9073.US03L_IMPROVE_Davis.lev2.nas
File creation:                20191218121030
Startdate:                    20010302060000
Revision date:                20191216000000
Statistics:                   arithmetic mean
Data level:                   2
Period code:                  10mo
Resolution code:              1w
Station code:                 US9073R
Platform code:                US9073S
Station name:                 Wichita Mountains
Station latitude:             34.7323
Station longitude:            -98.713
Station altitude:             509.0 m
Regime:                       IMG
Component:                    
Matrix:                       pm25
Laboratory code:              US03L
Instrument type:              filterpack
Instrument name:              filterpack_US9073
Method ref:                   US03L_IMPROVE_Davis
starttime endtime Fe flag_Fe Pb flag_Pb Mg++ flag_Mg++ Ni flag_Ni NO3- flag_NO3- OC flag_OC OM flag_OM PM10 flag_PM10 PM10-PM2.5 flag_PM10-PM2.5 PM2.5 flag_PM2.5 K+ flag_K+ SO4-- flag_SO4--
 60.25  61.25 9999.99 0.999000 999.99 0.999000 9.999 0.999000000 9.99 0.999000000 99.999 0.999 99.999 0.999 999.999 0.999 999.999 0.999 999.999 0.999 999.999 0.999 9.999 0.999000 99.999 0.999
 63.25  64.25 9999.99 0.999000 999.99 0.999000 9.999 0.999000000 9.99 0.999000000  1.266 0.000  1.060 0.000   1.483 0.000  16.919 0.000 999.999 0.999 999.999 0.999 9.999 0.999000  1.477 0.000
 66.25  67.25 9999.99 0.999000 999.99 0.999000 9.999 0.999000000 9.99 0.999000000  1.800 0.000  0.896 0.000   1.255 0.000  22.908 0.000 999.999 0.999 999.999 0.999 9.999 0.999000  1.085 0.000
 69.25  70.25 9999.99 0.999000 999.99 0.999000 9.999 0.999000000 9.99 0.999000000  0.476 0.000  1.342 0.000   1.878 0.000  16.456 0.000 999.999 0.999 999.999 0.999 9.999 0.999000  1.556 0.000
 72.25  73.25   48.99 0.000000   0.60 0.000000 9.999 0.259000000 9.99 0.259000000  0.141 0.000  0.724 0.000   1.013 0.000  15.646 0.000  11.467 0.000   4.179 0.000 0.040 0.000000  0.387 0.000
 75.25  76.25   15.91 0.000000   0.58 0.000000 9.999 0.259000000 9.99 0.259000000  0.253 0.000  0.807 0.000   1.130 0.000   7.407 0.000   3.247 0.000   4.160 0.000 0.023 0.000000  0.396 0.000
 78.25  79.25    9.32 0.000000   0.89 0.000000 9.999 0.259000000 9.99 0.259000000  0.271 0.000  0.719 0.000   1.006 0.000   6.214 0.000   1.390 0.000   4.825 0.000 0.015 0.000000  0.553 0.000
 81.25  82.25 9999.99 0.699000 999.99 0.699000 9.999 0.699000000 9.99 0.699000000  0.899 0.000  8.123 0.000  11.372 0.000  37.121 0.000 999.999 0.999 999.999 0.699 9.999 0.699000  1.592 0.000
 84.25  85.25   36.31 0.000000   1.11 0.000000 9.999 0.259000000 9.99 0.259000000  0.714 0.000  1.384 0.000   1.938 0.000  16.091 0.000   4.588 0.000  11.503 0.000 0.041 0.000000  1.027 0.000
 87.25  88.25    6.28 0.000000   0.54 0.000000 9.999 0.259000000 9.99 0.259000000  0.414 0.000  0.610 0.000   0.854 0.000   6.818 0.000   1.206 0.000   5.613 0.000 0.015 0.000000  0.540 0.000
 90.25  91.25   21.76 0.000000   0.94 0.000000 9.999 0.259000000 9.99 0.259000000  0.193 0.000  0.963 0.000   1.349 0.000  11.211 0.000   4.174 0.000   7.038 0.000 0.030 0.000000  0.933 0.000
 93.25  94.25 9999.99 0.699000 999.99 0.699000 9.999 0.699000000 9.99 0.699000000  0.201 0.000  1.169 0.000   1.637 0.000  22.039 0.000 999.999 0.999 999.999 0.699 9.999 0.699000  2.998 0.000
 96.25  97.25  153.92 0.000000   0.35 0.000000 9.999 0.259000000 9.99 0.259000000  0.033 0.000  0.549 0.000   0.769 0.000  30.896 0.000  24.975 0.000   5.921 0.000 0.097 0.000000  0.292 0.000
 99.25 100.25   22.66 0.559000 999.99 0.559259 9.999 0.559259000 9.99 0.559259000  0.194 0.000  1.313 0.000   1.838 0.000 999.999 0.456 999.999 0.999  13.230 0.559 0.106 0.559000  1.523 0.000
102.25 103.25  138.38 0.559000   5.13 0.559000 9.999 0.559259000 9.99 0.559259000  0.169 0.000  1.366 0.000   1.912 0.000 999.999 0.999 999.999 0.999  10.679 0.559 0.124 0.559000  0.974 0.000
105.25 106.25  253.95 0.699000   1.50 0.699000 9.999 0.699259000 9.99 0.699259000  0.143 0.000  1.221 0.000   1.709 0.000  11.629 0.000   2.223 0.000   9.406 0.699 0.158 0.699000  0.492 0.000
108.25 109.25   82.00 0.559000   0.93 0.559000 9.999 0.559259000 9.99 0.559259000  0.150 0.000  1.471 0.000   2.059 0.000  22.996 0.000  13.378 0.000   9.618 0.559 0.076 0.559000  0.956 0.000
111.25 112.25  637.65 0.559000   0.79 0.559000 9.999 0.559259000 9.99 0.559259000  0.115 0.000  1.998 0.000   2.798 0.000  87.991 0.000  66.694 0.000  21.296 0.559 0.393 0.559000  0.809 0.000
114.25 115.25  123.36 0.000000   0.85 0.000000 9.999 0.259000000 9.99 0.259000000  0.043 0.000  1.268 0.000   1.775 0.000  15.344 0.000   9.330 0.000   6.015 0.000 0.111 0.000000  0.367 0.000
117.25 118.25   91.69 0.000000   0.99 0.000000 9.999 0.259000000 9.99 0.259000000  0.119 0.000  2.522 0.000   3.531 0.000  25.519 0.000  10.595 0.000  14.923 0.000 0.087 0.000000  1.848 0.000
120.25 121.25   66.29 0.000000   2.88 0.000000 9.999 0.259000000 0.28 0.000000000  0.150 0.000  0.993 0.000   1.391 0.000  21.475 0.000  11.930 0.000   9.545 0.000 0.064 0.000000  1.332 0.000
123.25 124.25   32.94 0.000000   0.64 0.000000 9.999 0.259000000 9.99 0.259000000  0.172 0.000  0.816 0.000   1.143 0.000  12.257 0.000   5.432 0.000   6.826 0.000 0.032 0.000000  1.018 0.000
126.25 127.25   55.82 0.000000   0.75 0.000000 9.999 0.259000000 9.99 0.259000000  0.113 0.000  0.769 0.000   1.077 0.000   8.869 0.000   4.760 0.000   4.109 0.000 0.043 0.000000  0.407 0.000
129.25 130.25   87.45 0.000000   1.29 0.000000 9.999 0.259000000 9.99 0.259000000  0.126 0.000  1.313 0.000   1.839 0.000  21.166 0.000   8.859 0.000  12.307 0.000 0.075 0.000000  1.812 0.000
132.25 133.25   50.10 0.000000   2.63 0.000000 9.999 0.259000000 9.99 0.259000000  0.075 0.000  1.576 0.000   2.206 0.000  16.010 0.000   5.272 0.000  10.738 0.000 0.051 0.000000  1.540 0.000
135.25 136.25   54.90 0.000000   0.43 0.000000 9.999 0.259000000 0.26 0.000000000  0.099 0.000  1.319 0.000   1.847 0.000  20.258 0.000  11.195 0.000   9.063 0.000 0.058 0.000000  1.110 0.000
138.25 139.25   27.00 0.000000   0.57 0.000000 9.999 0.259000000 9.99 0.259000000  0.056 0.000  1.118 0.000   1.565 0.000   9.985 0.000   4.306 0.000   5.679 0.000 0.033 0.000000  0.606 0.000
141.25 142.25   37.83 0.000000 999.99 0.259000 9.999 0.259000000 9.99 0.259000000  0.011 0.000  0.492 0.000   0.688 0.000  12.619 0.000   9.973 0.000   2.646 0.000 0.025 0.000000  0.262 0.000
144.25 145.25   19.98 0.000000 999.99 0.259000 9.999 0.259000000 9.99 0.259000000  0.017 0.559  0.473 0.000   0.662 0.000   9.273 0.000   7.017 0.000   2.256 0.000 0.019 0.000000  0.246 0.559
147.25 148.25   27.03 0.000000   0.47 0.000000 9.999 0.259000000 9.99 0.259000000  0.031 0.000  1.049 0.000   1.469 0.000   7.859 0.000   3.446 0.000   4.414 0.000 0.026 0.000000  0.384 0.000
150.25 151.25    9.53 0.000000   0.57 0.000000 9.999 0.259000000 9.99 0.259000000  0.020 0.559  0.607 0.000   0.850 0.000   5.988 0.000   3.575 0.000   2.413 0.000 0.011 0.000000  0.272 0.559
153.25 154.25   73.80 0.000000   1.25 0.000000 9.999 0.259000000 0.25 0.000000000  0.127 0.000  1.401 0.000   1.962 0.000  27.323 0.000  17.577 0.000   9.746 0.000 0.078 0.000000  1.129 0.000
156.25 157.25   27.20 0.000000   0.69 0.000000 9.999 0.259000000 0.23 0.000000000  0.068 0.000  0.555 0.000   0.777 0.000  10.210 0.000   6.355 0.000   3.855 0.000 0.025 0.000000  0.273 0.000
159.25 160.25   37.16 0.000000   1.18 0.000000 9.999 0.259000000 9.99 0.259000000  0.046 0.000  1.419 0.000   1.986 0.000  17.372 0.000   7.762 0.000   9.611 0.000 0.047 0.000000  1.120 0.000
162.25 163.25   40.23 0.000000   1.33 0.000000 9.999 0.259000000 9.99 0.259000000  0.052 0.000  1.944 0.000   2.722 0.000  25.319 0.000  13.144 0.000  12.175 0.000 0.035 0.000000  1.226 0.000
165.25 166.25   26.37 0.000000   0.79 0.000000 9.999 0.259000000 9.99 0.259000000  0.037 0.000  0.966 0.000   1.353 0.000  13.558 0.000   9.515 0.000   4.044 0.000 0.045 0.000000  0.225 0.000
168.25 169.25   79.95 0.000000   1.52 0.000000 9.999 0.259000000 9.99 0.259000000  0.070 0.000  2.565 0.000   3.591 0.000  23.703 0.000  11.249 0.000  12.453 0.000 0.074 0.000000  1.084 0.000
171.25 172.25   39.08 0.000000   1.00 0.000000 9.999 0.259000000 0.27 0.000000000  0.035 0.000  1.177 0.000   1.648 0.000  14.180 0.000   6.884 0.000   7.296 0.000 0.048 0.000000  0.799 0.000
174.25 175.25   34.84 0.000000   2.77 0.000000 9.999 0.259000000 9.99 0.259000000  0.037 0.000  2.478 0.000   3.470 0.000  19.015 0.000   8.068 0.000  10.946 0.000 0.041 0.000000  1.050 0.000
177.25 178.25  496.08 0.000000   2.90 0.000000 9.999 0.259000000 0.42 0.000000000  0.195 0.000  2.202 0.000   3.082 0.000  51.940 0.000  28.652 0.000  23.288 0.000 0.216 0.000000  2.111 0.000
180.25 181.25  161.19 0.000000   0.76 0.000000 9.999 0.259000000 9.99 0.259000000  0.109 0.000  1.134 0.000   1.587 0.000  19.847 0.000  12.548 0.000   7.299 0.000 0.079 0.000000  0.360 0.000
183.25 184.25   94.13 0.000000   0.52 0.000000 9.999 0.259000000 9.99 0.259000000  0.056 0.000  0.625 0.000   0.874 0.000  13.663 0.000   7.410 0.000   6.253 0.000 0.054 0.000000  0.628 0.000
186.25 187.25   88.78 0.000000   0.68 0.000000 9.999 0.259000000 0.29 0.000000000  0.052 0.000  0.889 0.000   1.245 0.000  14.177 0.000   8.130 0.000   6.046 0.000 0.060 0.000000  0.474 0.000
189.25 190.25  308.02 0.000000   1.15 0.000000 9.999 0.259000000 0.28 0.000000000  0.123 0.000  0.946 0.000   1.324 0.000  27.079 0.000  15.974 0.000  11.105 0.000 0.131 0.000000  0.681 0.000
192.25 193.25  145.93 0.000000   0.86 0.000000 9.999 0.259000000 0.19 0.000000000 99.999 0.456  1.050 0.000   1.469 0.000  22.107 0.000  13.656 0.000   8.451 0.000 0.077 0.000000 99.999 0.456
195.25 196.25  168.47 0.000000   1.45 0.000000 9.999 0.259000000 9.99 0.259000000  0.111 0.000  2.618 0.000   3.664 0.000  31.065 0.000  11.249 0.000  19.816 0.000 0.103 0.000000  2.157 0.000
198.25 199.25  207.72 0.000000   0.94 0.000000 9.999 0.259000000 0.29 0.000000000  0.093 0.000  1.143 0.000   1.600 0.000  25.091 0.000  13.803 0.000  11.288 0.000 0.111 0.000000  1.119 0.000
201.25 202.25  143.00 0.000000   0.91 0.000000 9.999 0.259000000 9.99 0.259000000  0.120 0.000  1.244 0.000   1.742 0.000  23.258 0.000  14.287 0.000   8.971 0.000 0.069 0.000000  0.773 0.000
204.25 205.25  158.74 0.000000   1.63 0.000000 9.999 0.259000000 9.99 0.259000000  0.084 0.000  2.944 0.000   4.121 0.000  31.161 0.000  12.796 0.000  18.365 0.000 0.093 0.000000  2.073 0.000
207.25 208.25   84.72 0.000000   0.68 0.000000 9.999 0.259000000 9.99 0.259000000  0.082 0.000  1.857 0.000   2.600 0.000  25.752 0.000  11.715 0.000  14.037 0.000 0.063 0.000000  1.874 0.000
210.25 211.25  105.49 0.000000   1.00 0.000000 9.999 0.259000000 9.99 0.259000000  0.117 0.000  1.258 0.000   1.761 0.000  20.094 0.000  11.760 0.000   8.333 0.000 0.064 0.000000  0.695 0.000
213.25 214.25   82.95 0.000000   0.68 0.000000 9.999 0.259000000 0.23 0.000000000  0.075 0.000  2.027 0.000   2.838 0.000  22.107 0.000  10.337 0.000  11.770 0.000 0.046 0.000000  1.177 0.000
216.25 217.25   64.51 0.000000   1.09 0.000000 9.999 0.259000000 9.99 0.259000000  0.049 0.000  2.935 0.000   4.109 0.000  24.181 0.000   8.165 0.000  16.017 0.000 0.073 0.000000  1.804 0.000
219.25 220.25   43.40 0.000000   0.90 0.000000 9.999 0.259000000 0.21 0.000000000  0.049 0.000  1.758 0.000   2.461 0.000  22.239 0.000   8.616 0.000  13.623 0.000 0.040 0.000000  1.910 0.000
222.25 223.25   47.26 0.000000   1.02 0.000000 9.999 0.259000000 9.99 0.259000000  0.070 0.000  1.786 0.000   2.501 0.000  15.336 0.000   7.145 0.000   8.191 0.000 0.042 0.000000  0.753 0.000
225.25 226.25   43.18 0.000000   1.60 0.000000 9.999 0.259000000 9.99 0.259000000  0.044 0.000  1.838 0.000   2.573 0.000  20.632 0.000   6.687 0.000  13.945 0.000 0.040 0.000000  1.775 0.000
228.25 229.25   99.33 0.000000   0.92 0.000000 9.999 0.259000000 0.12 0.000000000  0.093 0.000  2.067 0.000   2.894 0.000  15.061 0.000   6.352 0.000   8.709 0.000 0.109 0.000000  0.568 0.000
231.25 232.25   92.54 0.559394   0.31 0.559394 9.999 0.559394259 9.99 0.559394259  0.059 0.394  1.483 0.000   2.076 0.000  14.791 0.000   8.232 0.000   6.560 0.559 0.062 0.559394  0.567 0.394
234.25 235.25   58.27 0.000000   0.28 0.000000 9.999 0.259000000 9.99 0.259000000  0.092 0.000  0.850 0.000   1.190 0.000  12.346 0.000   7.794 0.000   4.552 0.000 0.036 0.000000  0.450 0.000
237.25 238.25   14.94 0.000000   0.31 0.000000 9.999 0.259000000 9.99 0.259000000  0.026 0.000  1.237 0.000   1.732 0.000   5.188 0.000   1.759 0.000   3.429 0.000 0.021 0.000000  0.281 0.000
240.25 241.25   26.10 0.000000   0.46 0.000000 9.999 0.259000000 0.17 0.000000000  0.091 0.559  0.720 0.000   1.008 0.000   7.557 0.000   4.114 0.000   3.443 0.000 0.025 0.000000  0.298 0.559
243.25 244.25   24.18 0.000000   1.25 0.000000 9.999 0.259000000 9.99 0.259000000  0.036 0.000  1.425 0.000   1.995 0.000  13.889 0.000   6.739 0.000   7.150 0.000 0.023 0.000000  0.851 0.000
246.25 247.25   18.56 0.000000   1.73 0.000000 9.999 0.259000000 9.99 0.259000000  0.024 0.000  1.463 0.000   2.048 0.000  10.072 0.000   2.849 0.000   7.223 0.000 0.016 0.000000  0.805 0.000
249.25 250.25   58.12 0.000000   0.24 0.000000 9.999 0.259000000 0.24 0.000000000  0.056 0.000  1.173 0.000   1.643 0.000  25.613 0.000  19.375 0.000   6.238 0.000 0.049 0.000000  0.684 0.000
252.25 253.25   11.20 0.000000   0.19 0.000000 0.019 0.000000000 0.11 0.000000000  0.016 0.000  0.798 0.000   1.117 0.000   6.739 0.000   3.730 0.000   3.009 0.000 0.016 0.000000  0.277 0.000
255.25 256.25   31.34 0.000000   1.20 0.000000 9.999 0.259000000 9.99 0.259000000  0.036 0.000  2.202 0.000   3.083 0.000  19.976 0.000   8.100 0.000  11.876 0.000 0.036 0.000000  1.259 0.000
258.25 259.25   30.32 0.000000   1.88 0.000000 9.999 0.259000000 0.29 0.000000000  0.202 0.000  2.745 0.000   3.843 0.000  23.652 0.000   2.368 0.000  21.284 0.000 0.042 0.000000  3.062 0.000
261.25 262.25   14.03 0.000000   3.24 0.000000 9.999 0.259000000 9.99 0.259000000  0.089 0.000  1.243 0.000   1.741 0.000   8.629 0.000   3.138 0.000   5.492 0.000 0.021 0.000000  0.627 0.000
264.25 265.25   21.44 0.000000   1.30 0.000000 0.014 0.000000000 9.99 0.259000000  0.193 0.000  1.823 0.000   2.551 0.000  10.253 0.000   4.213 0.000   6.040 0.000 0.027 0.000000  0.474 0.000
267.25 268.25  139.66 0.000000  27.70 0.000000 9.999 0.259000000 9.99 0.259000000  0.049 0.000  0.879 0.000   1.231 0.000  31.454 0.000  25.343 0.000   6.111 0.000 0.127 0.000000  0.362 0.000
270.25 271.25   45.56 0.559000   2.97 0.559000 9.999 0.559259000 9.99 0.559259000  0.086 0.559  3.430 0.000   4.802 0.000  22.888 0.000  10.771 0.000  12.117 0.559 0.075 0.559000  1.157 0.559
273.25 274.25   31.21 0.000000   1.44 0.000000 9.999 0.259000000 9.99 0.259000000  0.053 0.559  2.099 0.000   2.939 0.000  17.752 0.000   8.047 0.000   9.705 0.000 0.051 0.000000  1.186 0.559
276.25 277.25   26.35 0.559000   1.60 0.559000 9.999 0.559259000 0.18 0.559000000  0.075 0.000  1.440 0.000   2.016 0.000  19.322 0.000   8.548 0.000  10.774 0.559 0.031 0.559000  1.812 0.000
279.25 280.25   22.09 0.000000   1.99 0.000000 9.999 0.259000000 9.99 0.259000000  0.050 0.000  1.204 0.000   1.685 0.000  11.095 0.000   6.494 0.000   4.601 0.000 0.028 0.000000  0.404 0.000
282.25 283.25   17.52 0.000000   0.96 0.000000 9.999 0.259000000 9.99 0.259000000  0.055 0.559  0.955 0.000   1.336 0.000   9.410 0.000   4.771 0.000   4.639 0.000 0.017 0.000000  0.551 0.559
285.25 286.25    9.97 0.000000   0.56 0.000000 9.999 0.259000000 9.99 0.259000000  0.018 0.000  0.414 0.000   0.580 0.000   4.438 0.000   2.914 0.000   1.524 0.000 9.999 0.259000  0.157 0.000
288.25 289.25   20.82 0.000000   0.70 0.000000 9.999 0.259000000 9.99 0.259000000  0.020 0.000  0.547 0.000   0.766 0.000   9.315 0.000   6.734 0.000   2.581 0.000 9.999 0.259000  0.224 0.000
291.25 292.25   52.53 0.000000   2.25 0.000000 9.999 0.259000000 0.26 0.000000000  0.215 0.000  2.070 0.000   2.899 0.000  24.244 0.000  15.307 0.000   8.937 0.000 0.044 0.000000  0.727 0.000
294.25 295.25   21.34 0.000000   2.77 0.000000 9.999 0.259000000 0.52 0.000000000  0.063 0.000  1.107 0.000   1.549 0.000  14.379 0.000   7.194 0.000   7.185 0.000 0.024 0.000000  0.953 0.000
297.25 298.25   32.48 0.000000   0.47 0.000000 9.999 0.259000000 0.13 0.000000000  0.018 0.000  0.411 0.000   0.575 0.000  16.038 0.000  14.042 0.000   1.997 0.000 9.999 0.259000  0.085 0.000
300.25 301.25   39.93 0.000000   1.76 0.000000 9.999 0.259000000 9.99 0.259000000  0.115 0.000  2.062 0.000   2.887 0.000  19.970 0.000  12.793 0.000   7.178 0.000 0.038 0.000000  0.442 0.000
303.25 304.25   27.00 0.000000   2.13 0.000000 9.999 0.259000000 0.30 0.000000000  0.122 0.000  1.475 0.000   2.065 0.000  17.382 0.000   8.263 0.000   9.118 0.000 0.043 0.000000  1.118 0.000
306.25 307.25   16.70 0.000000   1.81 0.000000 9.999 0.259000000 0.24 0.000000000  0.175 0.000  1.527 0.000   2.138 0.000  12.245 0.000   6.264 0.000   5.982 0.000 0.015 0.000000  0.607 0.000
