scripts/IMPROVE-2019_partial/data/US9034R.20150103060000.20191216000000.filterpack...1y.3d.US03L_filterpack_US9034.US03L_IMPROVE_Davis.lev2.nas
52 1001
MISSING INFORMATION
US03L, IMPROVE, , , , , , , 
MISSING INFORMATION
IMPROVE sel_HTAP
1 1
2015 01 01 2019 12 16
3.00
days from file reference point
5
1 1 1 1 1
999.99 999.999 9.999 999.999 9.999
end_time of measurement, days from the file reference point
pm10_mass, ug/m3, Matrix=pm10
numflag pm10_mass, no unit, Matrix=pm10
pm25_mass, ug/m3, Matrix=pm25
numflag pm25_mass, no unit, Matrix=pm25
0
33
Data definition:              EBAS_1.1
Set type code:                TU
Timezone:                     UTC
File name:                    US9034R.20150103060000.20191216000000.filterpack...1y.3d.US03L_filterpack_US9034.US03L_IMPROVE_Davis.lev2.nas
File creation:                20191218120735
Startdate:                    20150103060000
Revision date:                20191216000000
Version:                      2
Version description:          "Data extracted from http://views.cira.colostate.edu/fed/DataWizard 2019-12-16"
Statistics:                   arithmetic mean
Data level:                   2
Period code:                  1y
Resolution code:              3d
Sample duration:              1d
Orig. time res.:              3d
Station code:                 US9034R
Platform code:                US9034S
Station name:                 Upper Buffalo Wilderness
Station latitude:             35.8258
Station longitude:            -93.203
Station altitude:             722.0 m
Regime:                       IMG
Component:                    
Unit:                         ug/m3
Matrix:                       
Laboratory code:              US03L
Instrument type:              filterpack
Instrument name:              filterpack_US9034
Method ref:                   US03L_IMPROVE_Davis
Blank correction:             Blank corrected
Volume std. temperature:      ambient
Volume std. pressure:         ambient
starttime endtime PM10 flag_PM10 PM2.5 flag_PM2.5
  2.25   3.25   0.985 0.000   0.562 0.000
  5.25   6.25   6.067 0.000   4.323 0.000
  8.25   9.25   9.427 0.000   4.349 0.000
 11.25  12.25   6.461 0.000   4.604 0.000
 14.25  15.25  12.912 0.000   9.462 0.000
 17.25  18.25   4.364 0.000   1.816 0.000
 20.25  21.25   2.711 0.000   1.526 0.000
 23.25  24.25   4.950 0.000   2.215 0.000
 26.25  27.25   3.623 0.000   1.809 0.000
 29.25  30.25   7.020 0.659   4.838 0.000
 32.25  33.25   7.139 0.659   5.730 0.000
 35.25  36.25   5.796 0.659   4.638 0.000
 38.25  39.25   7.671 0.659   5.726 0.000
 41.25  42.25  13.835 0.659  10.403 0.000
 44.25  45.25   8.479 0.659   4.071 0.000
 47.25  48.25   7.099 0.659   5.501 0.000
 50.25  51.25   8.049 0.000 999.999 0.456
 53.25  54.25   7.565 0.659 999.999 0.456
 56.25  57.25  11.707 0.000   8.941 0.000
 59.25  60.25   5.314 0.000   3.506 0.000
 62.25  63.25   2.276 0.000   1.726 0.000
 65.25  66.25   6.499 0.000   4.208 0.000
 68.25  69.25   1.731 0.000   1.122 0.000
 71.25  72.25   2.090 0.000   1.255 0.000
 74.25  75.25   9.529 0.000   5.578 0.000
 77.25  78.25   3.104 0.000   2.258 0.000
 80.25  81.25   3.837 0.000   2.812 0.000
 83.25  84.25  11.594 0.000   6.175 0.000
 86.25  87.25   6.175 0.000   4.095 0.000
 89.25  90.25  18.871 0.000  10.845 0.000
 92.25  93.25  10.592 0.000   6.852 0.000
 95.25  96.25   5.306 0.000   4.060 0.000
 98.25  99.25  12.890 0.000   7.211 0.000
101.25 102.25  13.361 0.000   6.817 0.000
104.25 105.25 999.999 0.999 999.999 0.999
107.25 108.25   6.693 0.000   3.879 0.000
110.25 111.25   9.418 0.000   3.482 0.000
113.25 114.25 999.999 0.999 999.999 0.999
116.25 117.25  11.494 0.000   4.231 0.000
119.25 120.25  23.133 0.000   5.431 0.000
122.25 123.25  23.057 0.000  10.688 0.000
125.25 126.25  23.330 0.000   7.801 0.000
128.25 129.25   7.624 0.000   2.808 0.000
131.25 132.25 999.999 0.456   2.951 0.000
134.25 135.25 999.999 0.456  10.090 0.000
137.25 138.25  11.894 0.000   5.235 0.000
140.25 141.25   5.690 0.000   1.484 0.000
143.25 144.25   8.349 0.000   5.133 0.000
146.25 147.25  14.322 0.000   8.076 0.000
149.25 150.25   4.694 0.000   2.084 0.000
152.25 153.25  10.405 0.000   5.617 0.000
155.25 156.25  16.590 0.000   9.025 0.000
158.25 159.25  15.139 0.000   9.609 0.000
161.25 162.25  23.241 0.000  16.370 0.000
164.25 165.25   7.866 0.000   4.834 0.000
167.25 168.25 999.999 0.999 999.999 0.999
170.25 171.25  20.941 0.000  10.888 0.000
173.25 174.25  62.553 0.000  24.346 0.000
176.25 177.25  12.712 0.000  10.608 0.000
179.25 180.25  15.769 0.000   8.292 0.000
182.25 183.25  13.690 0.000   6.414 0.000
185.25 186.25  11.193 0.000   7.218 0.000
188.25 189.25  17.557 0.000   8.968 0.000
191.25 192.25  32.695 0.000  16.651 0.000
194.25 195.25  27.561 0.000  13.080 0.000
197.25 198.25  15.811 0.000   8.751 0.000
200.25 201.25  16.363 0.000   8.411 0.000
203.25 204.25 999.999 0.456  11.140 0.000
206.25 207.25 999.999 0.456  10.392 0.000
209.25 210.25  23.537 0.000  12.024 0.000
212.25 213.25  12.128 0.000   4.836 0.000
215.25 216.25  19.211 0.000  11.230 0.000
218.25 219.25  17.368 0.000   9.856 0.000
221.25 222.25  12.552 0.000   7.327 0.000
224.25 225.25  12.793 0.000   6.901 0.000
227.25 228.25  13.537 0.000   8.335 0.000
230.25 231.25   6.259 0.000   2.475 0.000
233.25 234.25   6.700 0.000   4.451 0.000
236.25 237.25  10.932 0.000   3.644 0.000
239.25 240.25  19.174 0.000   9.949 0.000
242.25 243.25  24.891 0.000  17.516 0.000
245.25 246.25  19.803 0.000  12.200 0.000
248.25 249.25  21.673 0.000  13.977 0.000
251.25 252.25   4.436 0.000   1.867 0.000
254.25 255.25   6.301 0.000   2.038 0.000
257.25 258.25  17.622 0.000   8.647 0.000
260.25 261.25  18.478 0.000   9.969 0.000
263.25 264.25   8.857 0.000   4.329 0.000
266.25 267.25  16.109 0.000   8.398 0.000
269.25 270.25   5.936 0.000   4.138 0.000
272.25 273.25   6.754 0.000   5.264 0.000
275.25 276.25   3.932 0.000   3.061 0.000
278.25 279.25   6.992 0.000   6.190 0.000
281.25 282.25  10.374 0.000   6.402 0.000
284.25 285.25  12.917 0.000   7.124 0.000
287.25 288.25  15.437 0.000   6.731 0.000
290.25 291.25  13.040 0.000   7.594 0.000
293.25 294.25  15.328 0.000   7.604 0.000
296.25 297.25   4.108 0.000   2.381 0.000
299.25 300.25   1.750 0.000   0.779 0.000
302.25 303.25   5.259 0.000   3.345 0.000
305.25 306.25   5.540 0.000   4.104 0.000
308.25 309.25   2.835 0.000   2.246 0.000
311.25 312.25   4.595 0.000   3.543 0.000
314.25 315.25   9.555 0.000   4.992 0.000
317.25 318.25   7.075 0.000   3.275 0.000
320.25 321.25 999.999 0.456   1.867 0.000
323.25 324.25 999.999 0.456   2.115 0.000
326.25 327.25 999.999 0.456   2.902 0.000
329.25 330.25   5.102 0.000   3.660 0.000
332.25 333.25   0.487 0.000   0.158 0.000
335.25 336.25   3.954 0.000   2.664 0.000
338.25 339.25   6.057 0.000   4.332 0.000
341.25 342.25   9.603 0.000   7.063 0.000
344.25 345.25  11.507 0.000   8.927 0.000
347.25 348.25   2.108 0.000   1.564 0.000
350.25 351.25   2.695 0.000   1.487 0.000
353.25 354.25   6.308 0.000   4.339 0.000
356.25 357.25   5.652 0.000   2.991 0.000
359.25 360.25   4.874 0.000   3.177 0.000
362.25 363.25   5.292 0.000   4.026 0.000
