scripts/IMPROVE-2019_partial/data/US9025U.20070103080000.20191216000000.filterpack...1y.3d.US03L_filterpack_US9025.US03L_IMPROVE_Davis.lev2.nas
52 1001
MISSING INFORMATION
US03L, IMPROVE, , , , , , , 
MISSING INFORMATION
IMPROVE sel_HTAP
1 1
2007 01 01 2019 12 16
3.000000
days from file reference point
5
1 1 1 1 1
999.999999 999.999 9.999 999.999 9.999
end_time of measurement, days from the file reference point
pm10_mass, ug/m3, Matrix=pm10
numflag pm10_mass, no unit, Matrix=pm10
pm25_mass, ug/m3, Matrix=pm25
numflag pm25_mass, no unit, Matrix=pm25
0
33
Data definition:              EBAS_1.1
Set type code:                TU
Timezone:                     UTC
File name:                    US9025U.20070103080000.20191216000000.filterpack...1y.3d.US03L_filterpack_US9025.US03L_IMPROVE_Davis.lev2.nas
File creation:                20191218120651
Startdate:                    20070103080000
Revision date:                20191216000000
Version:                      2
Version description:          "Data extracted from http://views.cira.colostate.edu/fed/DataWizard 2019-12-16"
Statistics:                   arithmetic mean
Data level:                   2
Period code:                  1y
Resolution code:              3d
Sample duration:              1d
Orig. time res.:              3d
Station code:                 US9025U
Platform code:                US9025S
Station name:                 Puget Sound
Station latitude:             47.5696
Station longitude:            -122.3119
Station altitude:             97.0 m
Regime:                       IMG
Component:                    
Unit:                         ug/m3
Matrix:                       
Laboratory code:              US03L
Instrument type:              filterpack
Instrument name:              filterpack_US9025
Method ref:                   US03L_IMPROVE_Davis
Blank correction:             Blank corrected
Volume std. temperature:      ambient
Volume std. pressure:         ambient
starttime endtime PM10 flag_PM10 PM2.5 flag_PM2.5
  2.333333   3.333333   9.257 0.000   4.049 0.000
  5.333333   6.333333  11.268 0.000   5.281 0.000
  8.333333   9.333333   6.161 0.000   2.698 0.000
 11.333333  12.333333  15.524 0.000  11.172 0.000
 14.333333  15.333333  19.369 0.000  15.146 0.000
 17.333333  18.333333   7.225 0.000   4.953 0.000
 20.333333  21.333333  13.276 0.000   7.487 0.000
 23.333333  24.333333  23.050 0.000  10.165 0.000
 26.333333  27.333333  17.707 0.000  10.709 0.000
 29.333333  30.333333  23.804 0.000  14.904 0.000
 32.333333  33.333333  37.467 0.000  18.291 0.000
 35.333333  36.333333  12.915 0.000  10.321 0.000
 38.333333  39.333333  11.747 0.000   7.757 0.000
 41.333333  42.333333   7.331 0.000   3.132 0.000
 44.333333  45.333333   9.149 0.000   6.998 0.000
 47.333333  48.333333   7.690 0.000   3.977 0.000
 50.333333  51.333333   7.449 0.000   3.519 0.000
 53.333333  54.333333   6.605 0.000   3.540 0.000
 56.333333  57.333333   4.941 0.000   2.653 0.000
 59.333333  60.333333   8.190 0.000   4.153 0.000
 62.333333  63.333333   8.453 0.000   5.203 0.000
 65.333333  66.333333 999.999 0.999 999.999 0.999
 68.333333  69.333333   5.325 0.000   3.907 0.000
 71.333333  72.333333   7.743 0.000   2.992 0.000
 74.333333  75.333333  13.507 0.000   6.672 0.000
 77.333333  78.333333   5.620 0.000   3.300 0.000
 80.333333  81.333333   7.733 0.000   4.062 0.000
 83.333333  84.333333   8.555 0.000   4.384 0.000
 86.333333  87.333333  16.730 0.000   6.593 0.000
 89.333333  90.333333   6.474 0.000   4.183 0.000
 92.333333  93.333333  12.220 0.000   4.638 0.000
 95.333333  96.333333  42.649 0.000  14.248 0.000
 98.333333  99.333333   8.720 0.000   2.993 0.000
101.333333 102.333333   7.848 0.000   2.691 0.000
104.333333 105.333333   5.996 0.000   3.368 0.000
107.333333 108.333333   6.993 0.000   3.538 0.000
110.333333 111.333333  11.571 0.000   7.352 0.000
113.333333 114.333333   6.824 0.000   3.502 0.000
116.333333 117.333333  10.468 0.000   5.516 0.000
119.333333 120.333333  15.208 0.000   5.951 0.000
122.333333 123.333333   5.645 0.000   2.490 0.000
125.333333 126.333333   8.708 0.000   5.422 0.000
128.333333 129.333333  13.606 0.000   5.065 0.000
131.333333 132.333333  13.975 0.000   6.009 0.000
134.333333 135.333333  23.638 0.000  10.024 0.000
137.333333 138.333333  17.747 0.000   6.091 0.000
140.333333 141.333333   8.203 0.000   4.590 0.000
143.333333 144.333333  17.272 0.000   7.806 0.000
146.333333 147.333333 999.999 0.999 999.999 0.999
149.333333 150.333333  23.272 0.000  10.796 0.000
152.333333 153.333333  14.191 0.000   7.324 0.000
155.333333 156.333333   5.848 0.000   3.011 0.000
158.333333 159.333333  11.787 0.000   5.529 0.000
161.333333 162.333333   7.942 0.000   3.544 0.000
164.333333 165.333333   8.610 0.000   3.513 0.000
167.333333 168.333333   4.699 0.000   2.506 0.000
170.333333 171.333333  18.773 0.000   8.173 0.000
173.333333 174.333333   6.853 0.000   3.095 0.000
176.333333 177.333333  17.569 0.000   6.563 0.000
179.333333 180.333333   5.967 0.000   2.385 0.000
182.333333 183.333333   7.342 0.000   3.029 0.000
185.333333 186.333333  17.144 0.000   9.721 0.000
188.333333 189.333333   9.792 0.000   5.551 0.000
191.333333 192.333333  20.187 0.000   8.937 0.000
194.333333 195.333333  16.096 0.000   8.181 0.000
197.333333 198.333333  17.896 0.000   9.100 0.000
200.333333 201.333333   7.588 0.000   4.203 0.000
203.333333 204.333333   6.954 0.000   3.609 0.000
206.333333 207.333333  16.718 0.000   7.627 0.000
209.333333 210.333333   6.018 0.000   2.604 0.000
212.333333 213.333333  14.526 0.000   5.780 0.000
215.333333 216.333333   8.895 0.000   5.468 0.000
218.333333 219.333333   6.166 0.000 999.999 0.456
221.333333 222.333333  12.732 0.000   4.518 0.000
224.333333 225.333333  11.262 0.000   4.147 0.000
227.333333 228.333333  12.630 0.000   3.625 0.000
230.333333 231.333333   4.417 0.000   2.573 0.000
233.333333 234.333333  13.171 0.000   5.275 0.000
236.333333 237.333333   6.357 0.000   3.200 0.000
239.333333 240.333333  22.941 0.000   7.939 0.000
242.333333 243.333333  10.943 0.000   4.645 0.000
245.333333 246.333333   9.597 0.000   5.234 0.000
248.333333 249.333333  14.536 0.000   5.393 0.000
251.333333 252.333333  10.441 0.000   5.145 0.000
254.333333 255.333333  16.877 0.000   8.626 0.000
257.333333 258.333333  13.976 0.000   8.306 0.000
260.333333 261.333333  13.108 0.000   4.862 0.000
263.333333 264.333333  13.752 0.000   6.209 0.000
266.333333 267.333333  16.384 0.000   8.149 0.000
269.333333 270.333333  23.190 0.000  11.246 0.000
272.333333 273.333333   3.994 0.000   2.349 0.000
275.333333 276.333333   6.058 0.000   3.245 0.000
278.333333 279.333333   8.758 0.000   6.277 0.000
281.333333 282.333333  25.971 0.000  13.998 0.000
284.333333 285.333333  19.725 0.000  11.692 0.000
287.333333 288.333333  20.639 0.000  16.440 0.000
290.333333 291.333333  10.503 0.000   4.912 0.000
293.333333 294.333333   9.723 0.000   4.776 0.000
296.333333 297.333333   9.194 0.000   5.245 0.000
299.333333 300.333333  17.240 0.000  12.759 0.000
302.333333 303.333333  15.551 0.000  10.280 0.000
305.333333 306.333333  21.371 0.000  12.687 0.000
308.333333 309.333333  14.175 0.000   9.223 0.000
311.333333 312.333333 999.999 0.999 999.999 0.999
314.333333 315.333333   6.249 0.000   3.260 0.000
317.333333 318.333333  13.445 0.000   6.358 0.000
320.333333 321.333333   8.278 0.000   5.219 0.000
323.333333 324.333333  13.238 0.000  11.057 0.000
326.333333 327.333333  16.349 0.000  13.160 0.000
329.333333 330.333333  12.461 0.000   8.847 0.000
332.333333 333.333333   8.920 0.000   7.221 0.000
335.333333 336.333333   3.284 0.000   2.940 0.000
338.333333 339.333333  13.507 0.000   6.840 0.000
341.333333 342.333333  14.291 0.000   8.479 0.000
344.333333 345.333333  22.140 0.000  15.709 0.000
347.333333 348.333333   8.682 0.000   5.521 0.000
350.333333 351.333333   8.046 0.000   3.857 0.000
353.333333 354.333333   8.392 0.000   4.933 0.000
356.333333 357.333333   5.469 0.000   3.918 0.000
359.333333 360.333333   8.395 0.000   4.863 0.000
362.333333 363.333333   7.009 0.000   3.667 0.000
