scripts/IMPROVE-2019_partial/data/US9051U.19970101050000.20191216000000.filterpack...1y.3d.US03L_filterpack_US9051.US03L_IMPROVE_Davis.lev2.nas
51 1001
MISSING INFORMATION
US03L, IMPROVE, , , , , , , 
MISSING INFORMATION
IMPROVE sel_HTAP
1 1
1997 01 01 2019 12 16
0
days from file reference point
4
1 1 1 1
999.999999 999.999 999.999 9.999
end_time of measurement, days from the file reference point
pm10_mass, ug/m3, Matrix=pm10
pm25_mass, ug/m3, Matrix=pm25
numflag, no unit
0
33
Data definition:              EBAS_1.1
Set type code:                TI
Timezone:                     UTC
File name:                    US9051U.19970101050000.20191216000000.filterpack...1y.3d.US03L_filterpack_US9051.US03L_IMPROVE_Davis.lev2.nas
File creation:                20191218120854
Startdate:                    19970101050000
Revision date:                20191216000000
Version:                      2
Version description:          "Data extracted from http://views.cira.colostate.edu/fed/DataWizard 2019-12-16"
Statistics:                   arithmetic mean
Data level:                   2
Period code:                  1y
Resolution code:              3d
Sample duration:              1d
Orig. time res.:              3d
Station code:                 US9051U
Platform code:                US9051S
Station name:                 Washington D.C.
Station latitude:             38.8762
Station longitude:            -77.0344
Station altitude:             15.0 m
Regime:                       IMG
Component:                    
Unit:                         ug/m3
Matrix:                       
Laboratory code:              US03L
Instrument type:              filterpack
Instrument name:              filterpack_US9051
Method ref:                   US03L_IMPROVE_Davis
Blank correction:             Blank corrected
Volume std. temperature:      ambient
Volume std. pressure:         ambient
starttime endtime PM10 PM2.5 flag
  0.208333   1.208333  16.875  11.596 0.000
  3.208333   4.208333  27.954  24.953 0.000
  7.208333   8.208333  14.242   8.354 0.000
 10.208333  11.208333  15.498   9.911 0.000
 14.208333  15.208333  24.943  22.142 0.000
 17.208333  18.208333  16.809  14.026 0.000
 21.208333  22.208333  20.757  16.324 0.000
 24.208333  25.208333  10.760   8.480 0.000
 28.208333  29.208333  16.431  12.792 0.000
 31.208333  32.208333  23.097  18.096 0.000
 35.208333  36.208333  12.796  11.197 0.000
 38.208333  39.208333  26.529  24.135 0.000
 42.208333  43.208333  31.874  22.993 0.000
 45.208333  46.208333  13.258  12.473 0.000
 49.208333  50.208333  26.062  12.985 0.000
 52.208333  53.208333  14.567   8.053 0.000
 56.208333  57.208333  30.765  20.866 0.000
 59.208333  60.208333  22.806  20.271 0.000
 63.208333  64.208333  19.067  16.468 0.000
 66.208333  67.208333  20.346  12.581 0.000
 70.208333  71.208333  10.721   6.682 0.000
 73.208333  74.208333  11.018   7.742 0.000
 77.208333  78.208333  27.212  23.290 0.000
 80.208333  81.208333  18.820  15.825 0.000
 84.208333  85.208333  13.021  10.565 0.000
 87.208333  88.208333  17.288  14.517 0.000
 91.208333  92.208333  12.587   5.738 0.000
 94.208333  95.208333  22.085  17.279 0.000
 98.208333  99.208333  14.448   7.305 0.000
101.208333 102.208333  17.640  16.567 0.000
105.208333 106.208333  25.184  20.084 0.000
108.208333 109.208333  11.992   6.292 0.000
112.208333 113.208333  24.345  20.471 0.000
115.208333 116.208333  15.908  11.144 0.000
119.208333 120.208333 999.999  17.426 0.000
122.208333 123.208333 999.999   9.650 0.000
126.208333 127.208333  13.937   8.841 0.000
129.208333 130.208333   9.307   4.662 0.000
133.208333 134.208333  18.393  11.399 0.000
136.208333 137.208333  17.409  11.072 0.000
140.208333 141.208333  15.015   8.091 0.000
143.208333 144.208333  28.681  19.399 0.000
147.208333 148.208333  20.172  17.410 0.000
150.208333 151.208333  33.717  22.209 0.000
154.208333 155.208333  13.844 999.999 0.000
157.208333 158.208333  15.636   8.728 0.000
161.208333 162.208333  55.728  18.503 0.000
164.208333 165.208333  31.492  24.987 0.000
168.208333 169.208333  38.176  23.379 0.000
171.208333 172.208333  41.263  38.178 0.000
175.208333 176.208333  41.594  34.786 0.000
178.208333 179.208333  20.070  16.161 0.000
182.208333 183.208333  16.652  11.073 0.000
185.208333 186.208333  18.114  14.628 0.000
189.208333 190.208333  33.413  29.211 0.000
192.208333 193.208333  26.251  21.401 0.000
196.208333 197.208333  41.226  37.080 0.000
199.208333 200.208333  25.015  19.579 0.000
203.208333 204.208333  13.705  10.985 0.000
206.208333 207.208333  41.115  33.200 0.000
210.208333 211.208333  14.598   5.876 0.000
213.208333 214.208333  28.416  22.990 0.000
217.208333 218.208333  13.925   9.625 0.000
220.208333 221.208333  37.973  36.345 0.000
224.208333 225.208333  35.880  28.553 0.000
227.208333 228.208333  32.109  28.682 0.000
231.208333 232.208333  16.104  13.530 0.000
234.208333 235.208333  15.315   9.119 0.000
238.208333 239.208333  23.335  20.576 0.000
241.208333 242.208333  15.868  11.767 0.000
245.208333 246.208333  16.674  12.660 0.000
248.208333 249.208333  20.023  15.056 0.000
252.208333 253.208333  20.696  16.752 0.000
255.208333 256.208333  21.040  17.713 0.000
259.208333 260.208333  37.816  34.352 0.000
262.208333 263.208333  39.071  35.325 0.000
266.208333 267.208333  10.506   7.227 0.000
269.208333 270.208333  15.125  11.846 0.000
273.208333 274.208333   9.186   9.473 0.000
276.208333 277.208333  30.056  28.314 0.000
280.208333 281.208333  21.921  17.870 0.000
283.208333 284.208333 999.999 999.999 0.999
287.208333 288.208333  15.046   9.709 0.000
290.208333 291.208333  27.380  15.496 0.000
294.208333 295.208333 999.999   7.336 0.000
297.208333 298.208333 999.999  11.737 0.000
301.208333 302.208333 999.999  17.824 0.000
304.208333 305.208333 999.999  10.465 0.000
308.208333 309.208333  15.634 999.999 0.000
311.208333 312.208333   9.635 999.999 0.000
315.208333 316.208333  12.448  11.998 0.000
318.208333 319.208333  12.264  10.629 0.000
322.208333 323.208333 999.999 999.999 0.999
325.208333 326.208333  29.325  26.175 0.000
329.208333 330.208333  18.148  14.187 0.000
332.208333 333.208333  27.247  22.487 0.000
336.208333 337.208333  18.506  14.288 0.000
339.208333 340.208333   6.673   5.482 0.000
343.208333 344.208333 999.999 999.999 0.999
346.208333 347.208333 999.999 999.999 0.999
350.208333 351.208333  33.602  18.408 0.000
353.208333 354.208333  37.990 999.999 0.000
357.208333 358.208333  19.993  13.587 0.000
360.208333 361.208333  31.642  22.645 0.000
364.208333 365.208333  12.926  12.897 0.000
