scripts/IMPROVE-2019_partial/data/US9015R.20060102060000.20191216000000.filterpack..pm25.52w.1w.US03L_filterpack_US9015.US03L_IMPROVE_Davis.lev2.nas
64 1001
MISSING INFORMATION
US03L, IMPROVE, , , , , , , 
MISSING INFORMATION
IMPROVE sel_HTAP
1 1
2006 01 01 2019 12 16
3.00
days from file reference point
25
1 1 1 1 1 1 1 1 1 1 1 1 1 1 1 1 1 1 1 1 1 1 1 1 1
999.99 999.99 9.999 99.99 9.999 9.999 9.999999 9.99 9.999999 99.999 9.999 99.999 9.999 99.999 9.999 999.999 9.999 999.999 9.999 999.999 9.999 9.999 9.999 99.999 9.999
end_time of measurement, days from the file reference point
iron, ng/m3, Revision date=20181210133000
numflag iron, no unit, Revision date=20181210133000
lead, ng/m3, Revision date=20181210133000
numflag lead, no unit, Revision date=20181210133000
magnesium, ug/m3, Revision date=20181210133000
numflag magnesium, no unit, Revision date=20181210133000
nickel, ng/m3, Revision date=20181210133000
numflag nickel, no unit, Revision date=20181210133000
nitrate, ug N/m3, Revision date=20181210133000
numflag nitrate, no unit, Revision date=20181210133000
organic_carbon, ug C/m3, Revision date=20181210133000
numflag organic_carbon, no unit, Revision date=20181210133000
organic_mass, ug/m3, Revision date=20181210133000
numflag organic_mass, no unit, Revision date=20181210133000
pm10_mass, ug/m3, Version=2, Version description=Data extracted from http://views.cira.colostate.edu/fed/DataWizard 2019-12-16, Sample duration=1d, Orig. time res.=3d, Matrix=pm10, Blank correction=Blank corrected, Volume std. temperature=ambient, Volume std. pressure=ambient
numflag pm10_mass, no unit, Version=2, Version description=Data extracted from http://views.cira.colostate.edu/fed/DataWizard 2019-12-16, Sample duration=1d, Orig. time res.=3d, Matrix=pm10, Blank correction=Blank corrected, Volume std. temperature=ambient, Volume std. pressure=ambient
pm10_pm25_mass, ug/m3, Revision date=20181210133000, Matrix=pm10_pm25
numflag pm10_pm25_mass, no unit, Revision date=20181210133000, Matrix=pm10_pm25
pm25_mass, ug/m3, Version=2, Version description=Data extracted from http://views.cira.colostate.edu/fed/DataWizard 2019-12-16, Sample duration=1d, Orig. time res.=3d, Blank correction=Blank corrected, Volume std. temperature=ambient, Volume std. pressure=ambient
numflag pm25_mass, no unit, Version=2, Version description=Data extracted from http://views.cira.colostate.edu/fed/DataWizard 2019-12-16, Sample duration=1d, Orig. time res.=3d, Blank correction=Blank corrected, Volume std. temperature=ambient, Volume std. pressure=ambient
potassium, ug/m3, Revision date=20181210133000
numflag potassium, no unit, Revision date=20181210133000
sulphate_total, ug S/m3, Revision date=20181210133000
numflag sulphate_total, no unit, Revision date=20181210133000
0
25
Data definition:              EBAS_1.1
Set type code:                TU
Timezone:                     UTC
File name:                    US9015R.20060102060000.20191216000000.filterpack..pm25.52w.1w.US03L_filterpack_US9015.US03L_IMPROVE_Davis.lev2.nas
File creation:                20191218120612
Startdate:                    20060102060000
Revision date:                20191216000000
Statistics:                   arithmetic mean
Data level:                   2
Period code:                  52w
Resolution code:              1w
Station code:                 US9015R
Platform code:                US9015S
Station name:                 Nebraska NF
Station latitude:             41.8888
Station longitude:            -100.3387
Station altitude:             883.0 m
Regime:                       IMG
Component:                    
Matrix:                       pm25
Laboratory code:              US03L
Instrument type:              filterpack
Instrument name:              filterpack_US9015
Method ref:                   US03L_IMPROVE_Davis
starttime endtime Fe flag_Fe Pb flag_Pb Mg++ flag_Mg++ Ni flag_Ni NO3- flag_NO3- OC flag_OC OM flag_OM PM10 flag_PM10 PM10-PM2.5 flag_PM10-PM2.5 PM2.5 flag_PM2.5 K+ flag_K+ SO4-- flag_SO4--
  1.25   2.25   6.75 0.000  0.24 0.000 9.999 0.259000 9.99 0.259000  0.168 0.000  0.604 0.000  0.845 0.000   1.827 0.000   0.317 0.000   1.511 0.000 0.004 0.000  0.100 0.000
  4.25   5.25   7.47 0.000  0.22 0.000 9.999 0.259000 9.99 0.259000  0.010 0.559  0.185 0.000  0.259 0.000   1.495 0.000   0.940 0.000   0.554 0.000 0.004 0.000  0.035 0.559
  7.25   8.25   7.40 0.000  0.71 0.000 9.999 0.259000 9.99 0.259000  0.089 0.559  0.416 0.000  0.582 0.000   4.023 0.000   1.442 0.000   2.582 0.000 0.009 0.000  0.373 0.559
 10.25  11.25  81.16 0.000  1.17 0.000 0.038 0.000000 9.99 0.259000  0.017 0.000  0.207 0.000  0.290 0.000   9.439 0.000   6.943 0.000   2.495 0.000 0.052 0.000  0.106 0.000
 13.25  14.25  19.07 0.000  0.36 0.000 9.999 0.259000 9.99 0.259000  0.028 0.000  0.250 0.000  0.350 0.000   3.254 0.000   2.391 0.000   0.863 0.000 0.013 0.000  0.039 0.000
 16.25  17.25  15.53 0.000  0.30 0.000 9.999 0.259000 9.99 0.259000  0.011 0.559  0.278 0.000  0.389 0.000   2.210 0.000   1.336 0.000   0.874 0.000 0.007 0.000  0.073 0.559
 19.25  20.25  32.15 0.000  0.23 0.000 9.999 0.259000 0.12 0.000000  0.018 0.559  0.278 0.000  0.389 0.000   1.749 0.000   0.602 0.000   1.147 0.000 0.010 0.000  0.057 0.559
 22.25  23.25  18.41 0.000  0.79 0.000 9.999 0.259000 9.99 0.259000  0.142 0.559  0.190 0.000  0.266 0.000   3.205 0.000   1.738 0.000   1.467 0.000 0.012 0.000  0.158 0.559
 25.25  26.25  46.66 0.000  0.64 0.000 9.999 0.259000 9.99 0.259000  0.088 0.000  0.529 0.000  0.741 0.000  17.958 0.000  14.527 0.000   3.430 0.000 0.035 0.000  0.269 0.000
 28.25  29.25  14.53 0.000  0.09 0.000 9.999 0.259000 9.99 0.259000  0.011 0.000  0.142 0.000  0.200 0.000   2.707 0.000   2.053 0.000   0.653 0.000 0.005 0.000  0.061 0.000
 31.25  32.25  20.04 0.000  0.26 0.000 9.999 0.259000 9.99 0.259000  0.020 0.000  0.194 0.000  0.272 0.000   3.701 0.000   2.836 0.000   0.865 0.000 0.009 0.000  0.053 0.000
 34.25  35.25  12.33 0.000  0.29 0.000 9.999 0.259000 9.99 0.259000  0.333 0.000  0.346 0.000  0.484 0.000   6.716 0.000   2.418 0.000   4.298 0.000 0.011 0.000  0.622 0.000
 37.25  38.25   6.55 0.000  0.46 0.000 9.999 0.259000 9.99 0.259000  0.230 0.000  0.465 0.000  0.651 0.000   3.318 0.000   0.620 0.000   2.698 0.000 0.010 0.000  0.273 0.000
 40.25  41.25  10.03 0.000  0.19 0.000 0.008 0.000000 9.99 0.259000  0.014 0.559  0.207 0.000  0.290 0.000   5.199 0.000   4.150 0.000   1.050 0.000 0.009 0.000  0.120 0.559
 43.25  44.25  18.47 0.000  0.53 0.000 9.999 0.259000 9.99 0.259000  0.015 0.000  0.194 0.000  0.271 0.000   2.396 0.000   1.093 0.000   1.302 0.000 0.013 0.000  0.086 0.000
 46.25  47.25  13.11 0.000  0.70 0.000 9.999 0.259000 9.99 0.259000  0.112 0.000  0.132 0.000  0.185 0.000   5.222 0.000   3.368 0.000   1.854 0.000 0.011 0.000  0.207 0.000
 49.25  50.25  16.42 0.000  0.98 0.000 9.999 0.259000 9.99 0.259000  0.655 0.000  0.478 0.000  0.669 0.000  11.959 0.000   5.333 0.000   6.626 0.000 0.025 0.000  0.382 0.000
 52.25  53.25  23.59 0.000  3.96 0.000 9.999 0.259000 9.99 0.259000  0.241 0.000  0.464 0.000  0.650 0.000   5.361 0.000   2.204 0.000   3.156 0.000 0.018 0.000  0.242 0.000
 55.25  56.25  11.90 0.000  0.61 0.000 9.999 0.259000 9.99 0.259000  0.250 0.000  0.315 0.000  0.441 0.000   5.709 0.000   2.311 0.000   3.397 0.000 0.017 0.000  0.389 0.000
 58.25  59.25  41.77 0.000  1.19 0.000 0.011 0.000000 9.99 0.259000  0.039 0.000  0.570 0.000  0.798 0.000   8.175 0.000   5.346 0.000   2.829 0.000 0.040 0.000  0.187 0.000
 61.25  62.25  48.24 0.000  1.10 0.000 9.999 0.259000 9.99 0.259000  0.523 0.000  0.761 0.000  1.066 0.000  17.581 0.000  10.732 0.000   6.850 0.000 0.044 0.000  0.579 0.000
 64.25  65.25  29.94 0.000  1.10 0.000 9.999 0.259000 9.99 0.259000  0.274 0.000  0.309 0.000  0.433 0.000   9.420 0.000   5.783 0.000   3.637 0.000 0.023 0.000  0.352 0.000
 67.25  68.25 999.99 0.999 99.99 0.999 9.999 0.999000 9.99 0.999000 99.999 0.999 99.999 0.999 99.999 0.999 999.999 0.999 999.999 0.999 999.999 0.999 9.999 0.999 99.999 0.999
 70.25  71.25 999.99 0.999 99.99 0.999 9.999 0.999000 9.99 0.999000 99.999 0.999 99.999 0.999 99.999 0.999 999.999 0.999 999.999 0.999 999.999 0.999 9.999 0.999 99.999 0.999
 73.25  74.25 999.99 0.999 99.99 0.999 9.999 0.999000 9.99 0.999000 99.999 0.999 99.999 0.999 99.999 0.999 999.999 0.999 999.999 0.999 999.999 0.999 9.999 0.999 99.999 0.999
 76.25  77.25  15.38 0.000  1.61 0.000 9.999 0.259000 9.99 0.259000  1.088 0.000  1.034 0.000  1.447 0.000  16.899 0.000   7.500 0.000   9.399 0.000 0.033 0.000  1.317 0.000
 79.25  80.25 999.99 0.999 99.99 0.999 9.999 0.999000 9.99 0.999000 99.999 0.999 99.999 0.999 99.999 0.999 999.999 0.999 999.999 0.999 999.999 0.999 9.999 0.999 99.999 0.999
 82.25  83.25 999.99 0.999 99.99 0.999 9.999 0.999000 9.99 0.999000 99.999 0.999 99.999 0.999 99.999 0.999 999.999 0.999 999.999 0.999 999.999 0.999 9.999 0.999 99.999 0.999
 85.25  86.25 999.99 0.999 99.99 0.999 9.999 0.999000 9.99 0.999000 99.999 0.999 99.999 0.999 99.999 0.999 999.999 0.999 999.999 0.999 999.999 0.999 9.999 0.999 99.999 0.999
 88.25  89.25  19.29 0.000  0.48 0.000 9.999 0.259000 9.99 0.259000  0.025 0.000  0.256 0.000  0.359 0.000   3.762 0.000   2.155 0.000   1.607 0.000 0.009 0.000  0.184 0.000
 91.25  92.25  27.40 0.000  0.93 0.000 0.015 0.000000 9.99 0.259000  0.218 0.559  0.484 0.000  0.678 0.000   9.340 0.000   5.140 0.000   4.200 0.000 0.021 0.000  0.504 0.559
 94.25  95.25  56.95 0.000  1.84 0.000 0.021 0.000000 9.99 0.259000  0.188 0.000  1.450 0.000  2.031 0.000  17.383 0.000  10.602 0.000   6.780 0.000 0.061 0.000  0.590 0.000
 97.25  98.25  33.38 0.000  1.16 0.000 0.010 0.000000 9.99 0.259000  0.108 0.000  0.219 0.000  0.306 0.000   4.115 0.000   2.250 0.000   1.865 0.000 0.024 0.000  0.287 0.000
100.25 101.25  44.53 0.000  0.54 0.000 9.999 0.259000 9.99 0.259000  0.021 0.000  0.483 0.000  0.676 0.000   7.988 0.000   5.422 0.000   2.566 0.000 0.037 0.000  0.233 0.000
103.25 104.25  57.42 0.000  0.84 0.000 0.025 0.000000 0.11 0.000000  0.020 0.000  0.203 0.000  0.285 0.000   8.688 0.000   6.151 0.000   2.537 0.000 0.033 0.000  0.157 0.000
106.25 107.25  30.89 0.000  1.74 0.000 0.015 0.000000 0.16 0.000000  0.778 0.000  0.858 0.000  1.201 0.000  13.194 0.000   5.922 0.000   7.271 0.000 0.034 0.000  0.804 0.000
109.25 110.25  11.39 0.000  0.39 0.000 9.999 0.259000 0.14 0.000000  0.005 0.000  0.056 0.000  0.079 0.000   1.873 0.000   1.009 0.000   0.864 0.000 0.006 0.000  0.111 0.000
112.25 113.25  99.62 0.000  2.48 0.000 0.041 0.000000 0.09 0.000000  0.183 0.000  1.024 0.000  1.433 0.000  20.938 0.000  13.933 0.000   7.005 0.000 0.074 0.000  0.596 0.000
115.25 116.25  79.10 0.000  1.08 0.000 0.037 0.000000 0.10 0.000000  0.068 0.000  0.224 0.000  0.314 0.000   8.003 0.000   4.855 0.000   3.147 0.000 0.046 0.000  0.233 0.000
118.25 119.25  71.83 0.000  1.36 0.000 0.031 0.000000 9.99 0.259000  0.078 0.000  0.592 0.000  0.829 0.000   7.498 0.000   2.850 0.000   4.648 0.000 0.049 0.000  0.488 0.000
121.25 122.25  83.96 0.000  0.97 0.000 0.031 0.000000 9.99 0.259000  0.071 0.000  0.443 0.000  0.620 0.000  10.884 0.000   6.599 0.000   4.285 0.000 0.052 0.000  0.317 0.000
124.25 125.25  43.96 0.000  0.50 0.000 0.009 0.000000 9.99 0.259000  0.041 0.559  0.143 0.000  0.201 0.000   5.269 0.000   1.889 0.000   3.380 0.000 0.023 0.000  0.401 0.559
127.25 128.25  41.54 0.000  0.71 0.000 9.999 0.259000 9.99 0.259000  0.331 0.000  0.721 0.000  1.009 0.000   8.616 0.000   3.461 0.000   5.155 0.000 0.025 0.000  0.600 0.000
130.25 131.25  26.89 0.000  0.41 0.000 9.999 0.259000 9.99 0.259000  0.011 0.559  0.236 0.000  0.330 0.000   3.263 0.000   1.789 0.000   1.474 0.000 0.014 0.000  0.197 0.559
133.25 134.25  25.84 0.000  0.57 0.000 9.999 0.259000 9.99 0.259000  0.040 0.559  0.309 0.000  0.432 0.000   6.242 0.000   3.536 0.000   2.706 0.000 0.015 0.000  0.379 0.559
136.25 137.25  69.58 0.000  0.97 0.000 9.999 0.259000 9.99 0.259000  0.025 0.559  0.599 0.000  0.838 0.000   9.954 0.000   5.968 0.000   3.986 0.000 0.041 0.000  0.365 0.559
139.25 140.25  67.20 0.000  1.80 0.000 9.999 0.259000 9.99 0.259000  0.041 0.559  1.288 0.000  1.803 0.000  17.251 0.000  11.736 0.000   5.515 0.000 0.051 0.000  0.332 0.559
142.25 143.25  54.59 0.000  0.54 0.000 9.999 0.259000 0.14 0.000000  0.045 0.559  0.899 0.000  1.259 0.000  12.600 0.000   7.744 0.000   4.856 0.000 0.049 0.000  0.398 0.559
145.25 146.25  69.04 0.000  1.32 0.000 9.999 0.259000 9.99 0.259000  0.042 0.000  0.938 0.000  1.313 0.000  15.740 0.000  10.631 0.000   5.109 0.000 0.058 0.000  0.414 0.000
148.25 149.25  36.81 0.000  0.49 0.000 9.999 0.259000 0.06 0.000000  0.015 0.000  0.447 0.000  0.626 0.000   5.636 0.000   3.539 0.000   2.097 0.000 0.027 0.000  0.157 0.000
151.25 152.25  39.42 0.000  0.29 0.000 0.016 0.000000 9.99 0.259000  0.017 0.559  0.414 0.000  0.579 0.000   6.717 0.000   4.341 0.000   2.377 0.000 0.021 0.000  0.163 0.559
154.25 155.25  57.47 0.000  0.79 0.000 0.023 0.000000 9.99 0.259000  0.021 0.559  0.943 0.000  1.320 0.000  12.272 0.000   8.131 0.000   4.141 0.000 0.032 0.000  0.283 0.559
157.25 158.25 999.99 0.999 99.99 0.999 9.999 0.999000 9.99 0.999000 99.999 0.999 99.999 0.999 99.999 0.999 999.999 0.999 999.999 0.999 999.999 0.999 9.999 0.999 99.999 0.999
160.25 161.25  32.54 0.000  0.76 0.000 0.017 0.000000 9.99 0.259000  0.175 0.559  1.224 0.000  1.713 0.000   9.921 0.000   4.049 0.000   5.872 0.000 0.026 0.000  0.440 0.559
163.25 164.25  43.58 0.000  1.40 0.000 0.019 0.000000 9.99 0.259000  0.127 0.559  1.332 0.000  1.864 0.000  17.685 0.000   8.773 0.000   8.912 0.000 0.044 0.000  1.198 0.559
166.25 167.25  44.16 0.000  0.72 0.000 0.016 0.000000 9.99 0.259000  0.060 0.559  1.519 0.000  2.126 0.000  12.394 0.000   4.231 0.000   8.163 0.000 0.055 0.000  0.855 0.559
169.25 170.25  26.03 0.000  0.46 0.000 0.011 0.000000 9.99 0.259000  0.027 0.559  0.646 0.000  0.904 0.000  10.875 0.000   7.410 0.000   3.465 0.000 0.022 0.000  0.272 0.559
172.25 173.25  26.66 0.000  0.45 0.000 9.999 0.259000 9.99 0.259000  0.014 0.559  0.761 0.000  1.065 0.000   7.736 0.000   4.508 0.000   3.228 0.000 0.017 0.000  0.204 0.559
175.25 176.25  22.36 0.000  0.56 0.000 0.011 0.000000 9.99 0.259000  0.013 0.559  1.969 0.000  2.757 0.000  12.055 0.000   5.280 0.000   6.775 0.000 0.043 0.000  0.402 0.559
178.25 179.25  57.77 0.000  0.59 0.000 9.999 0.259000 9.99 0.259000  0.110 0.559  1.865 0.000  2.610 0.000  19.779 0.000  11.896 0.000   7.883 0.000 0.062 0.000  0.533 0.559
181.25 182.25  45.27 0.000  0.77 0.000 9.999 0.259000 9.99 0.259000  0.028 0.559  2.049 0.000  3.689 0.000  14.334 0.000   5.448 0.000   8.886 0.000 0.052 0.000  0.555 0.559
184.25 185.25  49.59 0.000  1.16 0.000 9.999 0.259000 9.99 0.259000  0.061 0.559  2.702 0.000  4.864 0.000  16.878 0.000   7.991 0.000   8.887 0.000 0.076 0.000  0.303 0.559
187.25 188.25  41.69 0.000  1.52 0.000 9.999 0.259000 9.99 0.259000  0.043 0.000  3.869 0.000  6.965 0.000  25.716 0.000  11.567 0.000  14.149 0.000 0.128 0.000  0.979 0.000
190.25 191.25  29.59 0.000  1.08 0.000 0.011 0.000000 0.11 0.000000  0.039 0.559  0.844 0.000  1.518 0.000  10.734 0.000   5.753 0.000   4.981 0.000 0.031 0.000  0.375 0.559
193.25 194.25  49.18 0.000  0.85 0.000 9.999 0.259000 9.99 0.259000  0.049 0.559  1.802 0.000  3.244 0.000  12.992 0.000   6.413 0.000   6.579 0.000 0.117 0.000  0.363 0.559
196.25 197.25  48.26 0.000  0.43 0.000 9.999 0.259000 9.99 0.259000  0.025 0.000  1.212 0.000  2.182 0.000  13.388 0.000   8.286 0.000   5.101 0.000 0.069 0.000  0.366 0.000
199.25 200.25  94.35 0.000  1.38 0.000 9.999 0.259000 9.99 0.259000  0.052 0.000  2.033 0.000  3.660 0.000  22.252 0.000  12.828 0.000   9.424 0.000 0.083 0.000  0.712 0.000
202.25 203.25  48.17 0.000  0.61 0.000 0.011 0.000000 9.99 0.259000  0.033 0.559  0.945 0.000  1.701 0.000   9.116 0.000   4.853 0.000   4.263 0.000 0.027 0.000  0.318 0.559
205.25 206.25  52.31 0.000  1.00 0.000 9.999 0.259000 9.99 0.259000  0.048 0.000  1.651 0.000  2.973 0.000  21.492 0.000  12.851 0.000   8.642 0.000 0.049 0.000  0.701 0.000
208.25 209.25  42.34 0.000  0.86 0.000 0.008 0.000000 9.99 0.259000  0.036 0.000  1.424 0.000  2.563 0.000  12.800 0.000   6.708 0.000   6.092 0.000 0.044 0.000  0.402 0.000
211.25 212.25  66.99 0.000  0.65 0.000 9.999 0.259000 9.99 0.259000  0.037 0.000  1.772 0.000  3.189 0.000  22.436 0.000  15.036 0.000   7.400 0.000 0.059 0.000  0.524 0.000
214.25 215.25  33.81 0.000  0.91 0.000 0.011 0.000000 9.99 0.259000  0.136 0.559  1.808 0.000  3.255 0.000  14.184 0.000   8.391 0.000   5.793 0.000 0.045 0.000  0.253 0.559
217.25 218.25  62.96 0.000  1.25 0.000 0.018 0.000000 9.99 0.259000  0.077 0.559  2.248 0.000  4.046 0.000  21.323 0.000  12.174 0.000   9.149 0.000 0.059 0.000  0.640 0.559
220.25 221.25  54.89 0.000  1.26 0.000 0.016 0.000000 0.13 0.000000  0.183 0.000  1.112 0.000  2.001 0.000  11.902 0.000   4.275 0.000   7.627 0.000 0.034 0.000  0.894 0.000
223.25 224.25  57.37 0.000  1.07 0.000 0.015 0.000000 0.12 0.000000  0.073 0.000  0.974 0.000  1.754 0.000  13.476 0.000   6.861 0.000   6.615 0.000 0.048 0.000  0.674 0.000
226.25 227.25  37.13 0.000  0.80 0.000 0.008 0.000000 0.25 0.000000  0.028 0.559  0.714 0.000  1.285 0.000  10.506 0.000   6.437 0.000   4.069 0.000 0.035 0.000  0.355 0.559
229.25 230.25  35.99 0.000  0.90 0.000 9.999 0.259000 0.17 0.000000  0.219 0.000  0.833 0.000  1.500 0.000  11.641 0.000   5.915 0.000   5.727 0.000 0.038 0.000  0.702 0.000
232.25 233.25  14.22 0.000  0.41 0.000 9.999 0.259000 9.99 0.259000  0.015 0.000  0.785 0.000  1.414 0.000   6.967 0.000   3.735 0.000   3.232 0.000 0.029 0.000  0.270 0.000
235.25 236.25  38.20 0.000  0.40 0.000 9.999 0.259000 0.09 0.000000  0.021 0.000  1.578 0.000  2.840 0.000  15.444 0.000   9.557 0.000   5.887 0.000 0.067 0.000  0.379 0.000
238.25 239.25  39.06 0.000  1.13 0.000 9.999 0.259000 0.08 0.000000  0.141 0.000  1.575 0.000  2.834 0.000  10.847 0.000   5.514 0.000   5.333 0.000 0.046 0.000  0.306 0.000
241.25 242.25  19.85 0.000  0.53 0.000 0.007 0.000000 9.99 0.259000  0.047 0.000  0.945 0.000  1.702 0.000  11.366 0.000   6.907 0.000   4.458 0.000 0.027 0.000  0.448 0.000
244.25 245.25  17.64 0.000  0.29 0.000 9.999 0.259000 9.99 0.259000  0.012 0.000  0.699 0.000  1.259 0.000   5.091 0.000   1.906 0.000   3.185 0.000 0.016 0.000  0.292 0.000
247.25 248.25   9.31 0.559  0.46 0.559 9.999 0.559259 9.99 0.559259  0.017 0.000  0.516 0.000  0.929 0.000   5.213 0.000   2.377 0.559   2.836 0.659 0.015 0.559  0.291 0.000
250.25 251.25  16.74 0.559  0.69 0.559 9.999 0.559259 9.99 0.559259  0.029 0.000  2.166 0.000  3.899 0.000   9.197 0.000   2.871 0.559   6.326 0.659 0.046 0.559  0.424 0.000
253.25 254.25   6.30 0.000  0.56 0.000 0.005 0.000000 9.99 0.259000  0.063 0.000  0.461 0.000  0.831 0.000   3.279 0.000   1.020 0.000   2.259 0.000 0.013 0.000  0.211 0.000
256.25 257.25  23.03 0.000  0.94 0.000 9.999 0.259000 9.99 0.259000  0.072 0.559  1.445 0.000  2.601 0.000  16.214 0.000   9.980 0.000   6.234 0.000 0.032 0.000  0.514 0.559
259.25 260.25   5.80 0.000  0.15 0.000 0.006 0.000000 9.99 0.259000  0.005 0.559  0.341 0.000  0.613 0.000   3.711 0.000   2.491 0.000   1.220 0.000 0.009 0.000  0.057 0.559
262.25 263.25  34.96 0.000  1.21 0.000 9.999 0.259000 9.99 0.259000  0.106 0.559  0.780 0.000  1.405 0.000  15.000 0.000  10.199 0.000   4.801 0.000 0.032 0.000  0.449 0.559
265.25 266.25   8.78 0.000  0.46 0.000 0.014 0.000000 9.99 0.259000  0.005 0.559  0.247 0.000  0.444 0.000   2.749 0.000   1.386 0.000   1.363 0.000 0.006 0.000  0.111 0.559
268.25 269.25  28.90 0.000  0.55 0.000 9.999 0.259000 0.42 0.000000  0.009 0.559  0.514 0.000  0.926 0.000   4.221 0.000   1.815 0.000   2.406 0.000 0.026 0.000  0.134 0.559
271.25 272.25  26.49 0.000  0.47 0.000 9.999 0.259000 9.99 0.259000  0.010 0.559  0.964 0.000  1.734 0.000   6.638 0.000   3.719 0.000   2.919 0.000 0.020 0.000  0.120 0.559
