scripts/IMPROVE-2019_partial/data/US9015R.20070103060000.20191216000000.filterpack...1y.3d.US03L_filterpack_US9015.US03L_IMPROVE_Davis.lev2.nas
52 1001
MISSING INFORMATION
US03L, IMPROVE, , , , , , , 
MISSING INFORMATION
IMPROVE sel_HTAP
1 1
2007 01 01 2019 12 16
3.00
days from file reference point
5
1 1 1 1 1
999.99 999.999 9.999 999.999 9.999
end_time of measurement, days from the file reference point
pm10_mass, ug/m3, Matrix=pm10
numflag pm10_mass, no unit, Matrix=pm10
pm25_mass, ug/m3, Matrix=pm25
numflag pm25_mass, no unit, Matrix=pm25
0
33
Data definition:              EBAS_1.1
Set type code:                TU
Timezone:                     UTC
File name:                    US9015R.20070103060000.20191216000000.filterpack...1y.3d.US03L_filterpack_US9015.US03L_IMPROVE_Davis.lev2.nas
File creation:                20191218120612
Startdate:                    20070103060000
Revision date:                20191216000000
Version:                      2
Version description:          "Data extracted from http://views.cira.colostate.edu/fed/DataWizard 2019-12-16"
Statistics:                   arithmetic mean
Data level:                   2
Period code:                  1y
Resolution code:              3d
Sample duration:              1d
Orig. time res.:              3d
Station code:                 US9015R
Platform code:                US9015S
Station name:                 Nebraska NF
Station latitude:             41.8888
Station longitude:            -100.3387
Station altitude:             883.0 m
Regime:                       IMG
Component:                    
Unit:                         ug/m3
Matrix:                       
Laboratory code:              US03L
Instrument type:              filterpack
Instrument name:              filterpack_US9015
Method ref:                   US03L_IMPROVE_Davis
Blank correction:             Blank corrected
Volume std. temperature:      ambient
Volume std. pressure:         ambient
starttime endtime PM10 flag_PM10 PM2.5 flag_PM2.5
  2.25   3.25 999.999 0.999 999.999 0.999
  5.25   6.25 999.999 0.999 999.999 0.999
  8.25   9.25 999.999 0.999 999.999 0.999
 11.25  12.25   3.843 0.000   1.756 0.000
 14.25  15.25   7.528 0.000   5.057 0.000
 17.25  18.25   3.663 0.000   1.954 0.000
 20.25  21.25   7.458 0.000   5.120 0.000
 23.25  24.25   3.422 0.000   1.424 0.000
 26.25  27.25   3.461 0.000   1.230 0.000
 29.25  30.25   3.652 0.000   2.133 0.000
 32.25  33.25   9.646 0.000   1.730 0.000
 35.25  36.25  13.701 0.000  10.332 0.000
 38.25  39.25  21.713 0.000  18.813 0.000
 41.25  42.25  10.456 0.000   9.961 0.000
 44.25  45.25   8.009 0.000   4.835 0.000
 47.25  48.25   3.357 0.000   2.235 0.000
 50.25  51.25   3.609 0.000   1.782 0.000
 53.25  54.25  14.757 0.000  11.423 0.000
 56.25  57.25   5.601 0.000   4.962 0.000
 59.25  60.25   4.553 0.000   3.918 0.000
 62.25  63.25   3.152 0.000   1.586 0.000
 65.25  66.25   6.699 0.000   5.209 0.000
 68.25  69.25   6.310 0.000   2.816 0.000
 71.25  72.25   4.211 0.000   1.988 0.000
 74.25  75.25   6.636 0.000   2.708 0.000
 77.25  78.25   8.367 0.000   3.823 0.000
 80.25  81.25   8.920 0.000   2.261 0.000
 83.25  84.25   3.718 0.000   1.852 0.000
 86.25  87.25  10.351 0.000   5.739 0.000
 89.25  90.25   1.649 0.000   0.944 0.000
 92.25  93.25   4.297 0.000   3.493 0.000
 95.25  96.25   6.313 0.000   4.587 0.000
 98.25  99.25   9.799 0.000   7.308 0.000
101.25 102.25   3.419 0.000   2.951 0.000
104.25 105.25   5.170 0.000   2.627 0.000
107.25 108.25 999.999 0.999 999.999 0.999
110.25 111.25  18.301 0.000   9.053 0.000
113.25 114.25   4.761 0.000   3.609 0.000
116.25 117.25   3.256 0.000   2.253 0.000
119.25 120.25  14.300 0.000   7.189 0.000
122.25 123.25  17.894 0.000   6.825 0.000
125.25 126.25   4.340 0.000   2.308 0.000
128.25 129.25   9.274 0.000   4.572 0.000
131.25 132.25  17.577 0.000   6.003 0.000
134.25 135.25   4.759 0.000   3.221 0.000
137.25 138.25  18.538 0.000   7.777 0.000
140.25 141.25  21.538 0.000  10.739 0.000
143.25 144.25   4.499 0.000   2.512 0.000
146.25 147.25   6.523 0.000   3.865 0.000
149.25 150.25   3.224 0.000   2.479 0.000
152.25 153.25   4.241 0.000   2.687 0.000
155.25 156.25  13.316 0.000   6.758 0.000
158.25 159.25   9.238 0.000   4.483 0.000
161.25 162.25  13.666 0.000   5.174 0.000
164.25 165.25   5.603 0.000   3.529 0.000
167.25 168.25  20.281 0.000   7.127 0.000
170.25 171.25  14.278 0.000   6.968 0.000
173.25 174.25   9.149 0.000   4.809 0.000
176.25 177.25  21.419 0.000   5.933 0.000
179.25 180.25  22.310 0.000   6.413 0.000
182.25 183.25  13.277 0.000   5.794 0.000
185.25 186.25  12.406 0.000   5.239 0.000
188.25 189.25  21.802 0.000   8.447 0.000
191.25 192.25  11.028 0.000   4.171 0.000
194.25 195.25  11.163 0.000   5.957 0.000
197.25 198.25  18.468 0.000   7.828 0.000
200.25 201.25  15.523 0.000  10.098 0.000
203.25 204.25  14.527 0.000   6.915 0.000
206.25 207.25  18.388 0.000   8.533 0.000
209.25 210.25   9.101 0.000   6.119 0.000
212.25 213.25 999.999 0.999 999.999 0.999
215.25 216.25 999.999 0.456   7.412 0.000
218.25 219.25   7.011 0.000   3.727 0.000
221.25 222.25  17.081 0.000   7.009 0.000
224.25 225.25  12.489 0.000   5.863 0.000
227.25 228.25  18.240 0.000  13.157 0.000
230.25 231.25  13.783 0.000   7.752 0.000
233.25 234.25  10.848 0.000   6.625 0.000
236.25 237.25   8.532 0.000   5.395 0.000
239.25 240.25   7.737 0.000   5.103 0.000
242.25 243.25  15.823 0.000   8.209 0.000
245.25 246.25  19.054 0.000   9.027 0.000
248.25 249.25  19.575 0.000   7.353 0.000
251.25 252.25   2.228 0.000   1.123 0.000
254.25 255.25  14.483 0.000   4.495 0.000
257.25 258.25  17.408 0.000   4.567 0.000
260.25 261.25  14.290 0.000   7.488 0.000
263.25 264.25  12.025 0.000   3.819 0.000
266.25 267.25   8.448 0.000   4.527 0.000
269.25 270.25   5.464 0.000   2.533 0.000
272.25 273.25   7.777 0.000   3.980 0.000
275.25 276.25  20.349 0.000   3.951 0.000
278.25 279.25  25.446 0.000   8.786 0.000
281.25 282.25   4.724 0.000   2.174 0.000
284.25 285.25  11.601 0.000   5.270 0.000
287.25 288.25   1.517 0.000   1.195 0.000
290.25 291.25   4.478 0.000   2.480 0.000
293.25 294.25   4.604 0.000   2.293 0.000
296.25 297.25   8.242 0.000   1.995 0.000
299.25 300.25   6.485 0.000   1.766 0.000
302.25 303.25  20.233 0.000   7.388 0.000
305.25 306.25   9.735 0.000   2.977 0.000
308.25 309.25   5.467 0.000   2.067 0.000
311.25 312.25   8.444 0.000   3.424 0.000
314.25 315.25  10.905 0.000   4.237 0.000
317.25 318.25  12.602 0.000   2.050 0.000
320.25 321.25  11.176 0.000   3.328 0.000
323.25 324.25  11.089 0.000 999.999 0.456
326.25 327.25  11.144 0.000   7.792 0.000
329.25 330.25   5.525 0.000   2.309 0.000
332.25 333.25   9.182 0.000   3.199 0.659
335.25 336.25   6.006 0.000 999.999 0.999
338.25 339.25  12.451 0.000 999.999 0.999
341.25 342.25  12.057 0.000 999.999 0.999
344.25 345.25   4.203 0.000 999.999 0.999
347.25 348.25   9.134 0.000 999.999 0.999
350.25 351.25   8.979 0.000 999.999 0.999
353.25 354.25   5.336 0.000 999.999 0.999
356.25 357.25   2.541 0.000 999.999 0.999
359.25 360.25   3.271 0.000 999.999 0.999
362.25 363.25   4.991 0.000 999.999 0.999
