scripts/IMPROVE-2019_partial/data/US9035R.20070103070000.20191216000000.filterpack...1y.3d.US03L_filterpack_US9035.US03L_IMPROVE_Davis.lev2.nas
52 1001
MISSING INFORMATION
US03L, IMPROVE, , , , , , , 
MISSING INFORMATION
IMPROVE sel_HTAP
1 1
2007 01 01 2019 12 16
3.000000
days from file reference point
5
1 1 1 1 1
999.999999 999.999 9.999 999.999 9.999
end_time of measurement, days from the file reference point
pm10_mass, ug/m3, Matrix=pm10
numflag pm10_mass, no unit, Matrix=pm10
pm25_mass, ug/m3, Matrix=pm25
numflag pm25_mass, no unit, Matrix=pm25
0
33
Data definition:              EBAS_1.1
Set type code:                TU
Timezone:                     UTC
File name:                    US9035R.20070103070000.20191216000000.filterpack...1y.3d.US03L_filterpack_US9035.US03L_IMPROVE_Davis.lev2.nas
File creation:                20191218120740
Startdate:                    20070103070000
Revision date:                20191216000000
Version:                      2
Version description:          "Data extracted from http://views.cira.colostate.edu/fed/DataWizard 2019-12-16"
Statistics:                   arithmetic mean
Data level:                   2
Period code:                  1y
Resolution code:              3d
Sample duration:              1d
Orig. time res.:              3d
Station code:                 US9035R
Platform code:                US9035S
Station name:                 Sycamore Canyon
Station latitude:             35.1406
Station longitude:            -111.9692
Station altitude:             2046.0 m
Regime:                       IMG
Component:                    
Unit:                         ug/m3
Matrix:                       
Laboratory code:              US03L
Instrument type:              filterpack
Instrument name:              filterpack_US9035
Method ref:                   US03L_IMPROVE_Davis
Blank correction:             Blank corrected
Volume std. temperature:      ambient
Volume std. pressure:         ambient
starttime endtime PM10 flag_PM10 PM2.5 flag_PM2.5
  2.291667   3.291667   3.499 0.000   2.264 0.659
  5.291667   6.291667   1.689 0.000   0.814 0.659
  8.291667   9.291667   5.339 0.000   2.325 0.659
 11.291667  12.291667   8.355 0.000   2.611 0.659
 14.291667  15.291667   4.590 0.000   2.771 0.659
 17.291667  18.291667   8.156 0.000   4.994 0.659
 20.291667  21.291667   3.508 0.000   1.477 0.659
 23.291667  24.291667   2.977 0.000   1.292 0.659
 26.291667  27.291667   5.124 0.000   2.660 0.659
 29.291667  30.291667   3.549 0.000   2.260 0.659
 32.291667  33.291667   1.826 0.000   1.469 0.659
 35.291667  36.291667   2.304 0.000   0.982 0.659
 38.291667  39.291667   4.197 0.000   2.118 0.659
 41.291667  42.291667   3.804 0.000   2.285 0.659
 44.291667  45.291667   2.387 0.000   1.707 0.659
 47.291667  48.291667   1.569 0.000   0.756 0.659
 50.291667  51.291667   2.022 0.000   1.084 0.659
 53.291667  54.291667   3.556 0.000   0.923 0.659
 56.291667  57.291667   9.566 0.000   2.402 0.659
 59.291667  60.291667   3.842 0.000   1.442 0.659
 62.291667  63.291667   4.109 0.000   1.491 0.659
 65.291667  66.291667   3.092 0.000   1.230 0.659
 68.291667  69.291667 999.999 0.999 999.999 0.999
 71.291667  72.291667 999.999 0.999 999.999 0.999
 74.291667  75.291667 999.999 0.999 999.999 0.999
 77.291667  78.291667 999.999 0.999 999.999 0.999
 80.291667  81.291667   4.444 0.000   2.008 0.659
 83.291667  84.291667   7.614 0.000   3.040 0.659
 86.291667  87.291667   8.540 0.000   3.179 0.000
 89.291667  90.291667   5.260 0.000   2.494 0.000
 92.291667  93.291667  10.771 0.000   4.003 0.000
 95.291667  96.291667  11.563 0.000   7.502 0.000
 98.291667  99.291667  21.123 0.000   7.952 0.000
101.291667 102.291667  35.404 0.000   9.072 0.000
104.291667 105.291667  10.114 0.000   3.733 0.000
107.291667 108.291667  19.787 0.000   4.904 0.000
110.291667 111.291667  18.868 0.000   8.340 0.000
113.291667 114.291667   2.369 0.000   1.014 0.000
116.291667 117.291667  14.724 0.000   7.431 0.000
119.291667 120.291667  12.205 0.000   5.730 0.000
122.291667 123.291667  14.480 0.000   5.387 0.000
125.291667 126.291667   3.585 0.000   1.941 0.000
128.291667 129.291667  11.894 0.000   5.821 0.000
131.291667 132.291667  19.003 0.000   6.606 0.000
134.291667 135.291667  16.687 0.000 999.999 0.456
137.291667 138.291667  20.709 0.000   9.881 0.000
140.291667 141.291667  19.702 0.000   8.572 0.000
143.291667 144.291667  17.852 0.000   5.861 0.000
146.291667 147.291667  22.885 0.000   6.300 0.000
149.291667 150.291667  16.275 0.000   6.729 0.000
152.291667 153.291667  30.217 0.000  10.986 0.000
155.291667 156.291667  34.447 0.000   9.163 0.000
158.291667 159.291667  53.434 0.000  18.020 0.000
161.291667 162.291667  23.811 0.000   7.132 0.000
164.291667 165.291667  35.189 0.000  10.947 0.000
167.291667 168.291667  20.947 0.000  10.269 0.000
170.291667 171.291667  58.630 0.000  20.997 0.000
173.291667 174.291667  41.456 0.000  11.935 0.000
176.291667 177.291667  33.663 0.000  10.183 0.000
179.291667 180.291667  29.463 0.000  17.212 0.000
182.291667 183.291667  18.092 0.000   6.096 0.000
185.291667 186.291667  65.745 0.000  18.296 0.000
188.291667 189.291667  38.883 0.000  13.585 0.000
191.291667 192.291667  18.360 0.000   8.864 0.000
194.291667 195.291667  14.866 0.000   5.447 0.000
197.291667 198.291667  22.411 0.000  13.093 0.000
200.291667 201.291667 999.999 0.999 999.999 0.999
203.291667 204.291667   8.409 0.000   8.559 0.000
206.291667 207.291667 999.999 0.999 999.999 0.999
209.291667 210.291667   6.102 0.000   5.671 0.000
212.291667 213.291667   6.242 0.000   4.755 0.000
215.291667 216.291667   7.309 0.000   5.080 0.000
218.291667 219.291667   7.989 0.000   4.733 0.000
221.291667 222.291667  11.935 0.000   4.597 0.000
224.291667 225.291667  11.010 0.000   4.895 0.000
227.291667 228.291667   7.055 0.000   4.370 0.000
230.291667 231.291667   8.399 0.000   5.243 0.000
233.291667 234.291667  10.854 0.000   5.523 0.000
236.291667 237.291667  37.593 0.000  11.985 0.000
239.291667 240.291667   7.831 0.000   4.096 0.000
242.291667 243.291667   4.439 0.000   3.006 0.000
245.291667 246.291667   3.654 0.000   2.420 0.000
248.291667 249.291667  14.733 0.000   6.066 0.000
251.291667 252.291667  12.722 0.000   5.705 0.000
254.291667 255.291667  14.000 0.000   6.761 0.000
257.291667 258.291667  58.907 0.000  14.255 0.000
260.291667 261.291667  10.383 0.000   4.287 0.000
263.291667 264.291667  13.114 0.000   4.399 0.000
266.291667 267.291667   3.102 0.000   1.603 0.000
269.291667 270.291667   7.105 0.000   3.070 0.000
272.291667 273.291667  10.573 0.000   4.497 0.000
275.291667 276.291667   6.609 0.000   4.070 0.000
278.291667 279.291667  14.945 0.000   4.105 0.000
281.291667 282.291667   8.708 0.000   3.366 0.000
284.291667 285.291667  15.833 0.000 999.999 0.456
287.291667 288.291667   8.777 0.000   4.369 0.000
290.291667 291.291667  20.862 0.000  11.830 0.000
293.291667 294.291667   6.996 0.000   1.639 0.000
296.291667 297.291667   9.586 0.000   4.936 0.000
299.291667 300.291667  29.766 0.000   9.636 0.000
302.291667 303.291667  16.841 0.000   5.593 0.000
305.291667 306.291667  14.079 0.000   7.861 0.000
308.291667 309.291667  17.142 0.000   9.022 0.000
311.291667 312.291667  26.139 0.000  11.302 0.000
314.291667 315.291667  12.468 0.000   5.372 0.000
317.291667 318.291667  10.386 0.000   5.541 0.000
320.291667 321.291667  30.943 0.000  10.594 0.000
323.291667 324.291667  15.095 0.000   6.028 0.000
326.291667 327.291667  23.475 0.000   6.381 0.000
329.291667 330.291667  17.120 0.000   6.094 0.000
332.291667 333.291667  17.526 0.000   8.601 0.000
335.291667 336.291667   4.440 0.000   2.444 0.000
338.291667 339.291667   2.204 0.000   1.960 0.000
341.291667 342.291667   3.075 0.000   1.385 0.000
344.291667 345.291667   2.221 0.000   1.758 0.000
347.291667 348.291667   3.798 0.000   3.183 0.000
350.291667 351.291667   2.691 0.000   1.756 0.000
353.291667 354.291667   3.158 0.000   1.910 0.000
356.291667 357.291667   1.577 0.000   0.998 0.000
359.291667 360.291667   2.240 0.000   0.887 0.000
362.291667 363.291667   2.657 0.000   1.203 0.000
