scripts/IMPROVE-2019_partial/data/US9023R.20040101050000.20191216000000.filterpack..pm25.52w.1w.US03L_filterpack_US9023.US03L_IMPROVE_Davis.lev2.nas
64 1001
MISSING INFORMATION
US03L, IMPROVE, , , , , , , 
MISSING INFORMATION
IMPROVE sel_HTAP
1 1
2004 01 01 2019 12 16
3.000000
days from file reference point
25
1 1 1 1 1 1 1 1 1 1 1 1 1 1 1 1 1 1 1 1 1 1 1 1 1
999.999999 999.99 9.999 99.99 9.999 9.999 9.999999 99.99 9.999 99.999 9.999 99.999 9.999 99.999 9.999 999.999 9.999 99.999 9.999 999.999 9.999 9.999 9.999 99.999 9.999
end_time of measurement, days from the file reference point
iron, ng/m3, Revision date=20181210133000
numflag iron, no unit, Revision date=20181210133000
lead, ng/m3, Revision date=20181210133000
numflag lead, no unit, Revision date=20181210133000
magnesium, ug/m3, Revision date=20181210133000
numflag magnesium, no unit, Revision date=20181210133000
nickel, ng/m3, Revision date=20181210133000
numflag nickel, no unit, Revision date=20181210133000
nitrate, ug N/m3, Revision date=20181210133000
numflag nitrate, no unit, Revision date=20181210133000
organic_carbon, ug C/m3, Revision date=20181210133000
numflag organic_carbon, no unit, Revision date=20181210133000
organic_mass, ug/m3, Revision date=20181210133000
numflag organic_mass, no unit, Revision date=20181210133000
pm10_mass, ug/m3, Version=2, Version description=Data extracted from http://views.cira.colostate.edu/fed/DataWizard 2019-12-16, Sample duration=1d, Orig. time res.=3d, Matrix=pm10, Blank correction=Blank corrected, Volume std. temperature=ambient, Volume std. pressure=ambient
numflag pm10_mass, no unit, Version=2, Version description=Data extracted from http://views.cira.colostate.edu/fed/DataWizard 2019-12-16, Sample duration=1d, Orig. time res.=3d, Matrix=pm10, Blank correction=Blank corrected, Volume std. temperature=ambient, Volume std. pressure=ambient
pm10_pm25_mass, ug/m3, Revision date=20181210133000, Matrix=pm10_pm25
numflag pm10_pm25_mass, no unit, Revision date=20181210133000, Matrix=pm10_pm25
pm25_mass, ug/m3, Version=2, Version description=Data extracted from http://views.cira.colostate.edu/fed/DataWizard 2019-12-16, Sample duration=1d, Orig. time res.=3d, Blank correction=Blank corrected, Volume std. temperature=ambient, Volume std. pressure=ambient
numflag pm25_mass, no unit, Version=2, Version description=Data extracted from http://views.cira.colostate.edu/fed/DataWizard 2019-12-16, Sample duration=1d, Orig. time res.=3d, Blank correction=Blank corrected, Volume std. temperature=ambient, Volume std. pressure=ambient
potassium, ug/m3, Revision date=20181210133000
numflag potassium, no unit, Revision date=20181210133000
sulphate_total, ug S/m3, Revision date=20181210133000
numflag sulphate_total, no unit, Revision date=20181210133000
0
25
Data definition:              EBAS_1.1
Set type code:                TU
Timezone:                     UTC
File name:                    US9023R.20040101050000.20191216000000.filterpack..pm25.52w.1w.US03L_filterpack_US9023.US03L_IMPROVE_Davis.lev2.nas
File creation:                20191218120637
Startdate:                    20040101050000
Revision date:                20191216000000
Statistics:                   arithmetic mean
Data level:                   2
Period code:                  52w
Resolution code:              1w
Station code:                 US9023R
Platform code:                US9023S
Station name:                 Proctor Maple R. F.
Station latitude:             44.5284
Station longitude:            -72.8688
Station altitude:             401.0 m
Regime:                       IMG
Component:                    
Matrix:                       pm25
Laboratory code:              US03L
Instrument type:              filterpack
Instrument name:              filterpack_US9023
Method ref:                   US03L_IMPROVE_Davis
starttime endtime Fe flag_Fe Pb flag_Pb Mg++ flag_Mg++ Ni flag_Ni NO3- flag_NO3- OC flag_OC OM flag_OM PM10 flag_PM10 PM10-PM2.5 flag_PM10-PM2.5 PM2.5 flag_PM2.5 K+ flag_K+ SO4-- flag_SO4--
[from data line 90]
270.208333 271.208333  11.72 0.000  1.49 0.000 9.999 0.259000  0.35 0.000  0.013 0.000  0.886 0.000  1.240 0.000   7.108 0.000  3.412 0.000   3.696 0.000 0.019 0.000  0.307 0.000
273.208333 274.208333  15.64 0.000  0.65 0.000 9.999 0.259000  0.35 0.000  0.046 0.000  1.214 0.000  1.699 0.000   7.394 0.000  3.907 0.000   3.487 0.000 0.023 0.000  0.180 0.000
276.208333 277.208333   4.30 0.000  0.35 0.000 9.999 0.259000  0.42 0.000  0.011 0.000  0.525 0.000  0.736 0.000   3.657 0.000  1.966 0.000   1.692 0.000 0.013 0.000  0.133 0.000
279.208333 280.208333  12.37 0.000  1.88 0.000 0.139 0.000000  0.35 0.000  0.034 0.000  0.572 0.000  0.801 0.000   5.043 0.000  2.164 0.000   2.879 0.000 0.016 0.000  0.331 0.000
282.208333 283.208333  48.81 0.000  4.04 0.000 0.109 0.000000  0.50 0.000  0.181 0.000  1.943 0.000  2.720 0.000  18.779 0.000  5.222 0.000  13.557 0.000 0.039 0.000  1.871 0.000
285.208333 286.208333  14.34 0.000  2.31 0.000 0.127 0.000000  0.35 0.000  0.101 0.000  0.907 0.000  1.270 0.000   6.944 0.000  2.916 0.000   4.028 0.000 0.017 0.000  0.435 0.000
288.208333 289.208333   3.95 0.000  0.81 0.000 9.999 0.259000 99.99 0.259  0.022 0.000  0.625 0.000  0.875 0.000   2.548 0.000  0.577 0.000   1.971 0.000 0.010 0.000  0.186 0.000
291.208333 292.208333   1.70 0.000  0.40 0.000 9.999 0.259000 99.99 0.259  0.010 0.000  0.280 0.000  0.391 0.000   1.520 0.000  0.477 0.000   1.043 0.000 0.011 0.000  0.138 0.000
294.208333 295.208333   8.02 0.000  1.81 0.000 9.999 0.259000  0.47 0.000  0.089 0.000  1.204 0.000  1.686 0.000   5.095 0.000  1.414 0.000   3.682 0.000 0.030 0.000  0.135 0.000
297.208333 298.208333   2.81 0.000  0.80 0.000 9.999 0.259000  0.55 0.000  0.031 0.000  0.644 0.000  0.902 0.000   4.479 0.000  1.216 0.000   3.263 0.000 0.018 0.000  0.417 0.000
300.208333 301.208333  35.11 0.000  2.77 0.000 0.065 0.000000  0.83 0.000  0.713 0.000  1.463 0.000  2.049 0.000  11.657 0.000  2.856 0.000   8.800 0.000 0.039 0.000  0.621 0.000
303.208333 304.208333  14.67 0.000  2.60 0.000 9.999 0.259000  1.04 0.000  0.037 0.000  0.950 0.000  1.330 0.000   8.835 0.000  0.718 0.000   8.117 0.000 0.030 0.000  1.316 0.000
306.208333 307.208333   7.63 0.000  1.83 0.000 9.999 0.259000  0.80 0.000  0.070 0.000  0.653 0.000  0.914 0.000   3.589 0.000  0.627 0.000   2.962 0.000 0.014 0.000  0.375 0.000
309.208333 310.208333   1.97 0.000 99.99 0.259 0.131 0.000000  0.21 0.000  0.011 0.000  0.261 0.000  0.365 0.000   1.199 0.000  0.414 0.000   0.785 0.000 0.007 0.000  0.099 0.000
312.208333 313.208333   3.01 0.000  0.73 0.000 9.999 0.259000 99.99 0.259  0.021 0.000  0.381 0.000  0.534 0.000   1.966 0.000  0.440 0.000   1.527 0.000 0.014 0.000  0.180 0.000
315.208333 316.208333  27.82 0.000  2.93 0.000 9.999 0.259000  0.61 0.000  0.379 0.000  1.015 0.000  1.421 0.000   7.984 0.000  2.351 0.000   5.633 0.000 0.040 0.000  0.493 0.000
318.208333 319.208333  15.76 0.000  1.68 0.000 9.999 0.259000  0.25 0.000  0.121 0.000  0.969 0.000  1.357 0.000   4.393 0.000  1.260 0.000   3.132 0.000 0.032 0.000  0.240 0.000
321.208333 322.208333  33.24 0.000  5.26 0.000 9.999 0.259000  0.72 0.000  0.386 0.000  1.810 0.000  2.534 0.000   8.929 0.000  1.600 0.000   7.329 0.000 0.067 0.000  0.520 0.000
324.208333 325.208333  12.32 0.000  2.36 0.000 9.999 0.259000  0.22 0.000  0.068 0.000  1.127 0.000  1.578 0.000   3.803 0.000  0.954 0.000   2.849 0.000 0.035 0.000  0.192 0.000
327.208333 328.208333  10.93 0.000  1.25 0.000 0.167 0.000000  0.45 0.000  0.130 0.000  1.047 0.000  1.466 0.000   5.424 0.000  1.013 0.000   4.411 0.000 0.040 0.000  0.554 0.000
330.208333 331.208333   5.06 0.000  2.12 0.000 0.118 0.000000  0.14 0.000  0.029 0.000  0.315 0.000  0.440 0.000   2.329 0.000  0.623 0.000   1.706 0.000 0.015 0.000  0.213 0.000
333.208333 334.208333   3.86 0.000  1.59 0.000 9.999 0.259000  0.32 0.000  0.032 0.000  1.031 0.000  1.444 0.000   3.431 0.000  0.210 0.000   3.221 0.000 0.014 0.000  0.437 0.000
336.208333 337.208333   5.59 0.000  1.69 0.000 9.999 0.259000  0.32 0.000  0.043 0.000  0.421 0.000  0.590 0.000   2.522 0.000  0.474 0.000   2.048 0.000 0.016 0.000  0.238 0.000
339.208333 340.208333  10.38 0.000  1.64 0.000 9.999 0.259000  0.23 0.000  0.166 0.000  0.555 0.000  0.777 0.000   3.886 0.000  0.918 0.000   2.968 0.000 0.020 0.000  0.306 0.000
342.208333 343.208333   2.55 0.000  1.32 0.000 0.055 0.000000  0.57 0.000  0.031 0.000  0.353 0.000  0.495 0.000   2.876 0.000  0.482 0.000   2.395 0.000 0.010 0.000  0.380 0.000
345.208333 346.208333   1.47 0.000  0.87 0.000 9.999 0.259000  0.27 0.000  0.050 0.000  0.554 0.000  0.776 0.000   1.931 0.000  0.548 0.000   1.383 0.000 0.015 0.000  0.102 0.000
348.208333 349.208333   4.76 0.000  1.26 0.000 0.066 0.000000  0.19 0.000  0.112 0.000  0.411 0.000  0.575 0.000   3.214 0.000  0.547 0.000   2.667 0.000 0.023 0.000  0.218 0.000
351.208333 352.208333  11.77 0.000  1.57 0.000 9.999 0.259000  0.34 0.000  0.155 0.000  0.596 0.000  0.834 0.000   4.907 0.000  1.420 0.000   3.487 0.000 0.030 0.000  0.339 0.000
354.208333 355.208333   4.52 0.000  0.89 0.000 0.110 0.000000  0.30 0.000  0.108 0.000  0.632 0.000  0.885 0.000   4.446 0.000  1.125 0.000   3.321 0.000 0.041 0.000  0.165 0.000
357.208333 358.208333  17.45 0.000  1.31 0.000 9.999 0.259000  1.32 0.000  0.148 0.000  1.161 0.000  1.626 0.000   6.448 0.000  1.428 0.000   5.020 0.000 0.031 0.000  0.527 0.000
360.208333 361.208333  11.75 0.000  1.71 0.000 9.999 0.259000  0.23 0.000  0.274 0.000  1.309 0.000  1.832 0.000   7.488 0.000  1.329 0.000   6.159 0.000 0.050 0.000  0.344 0.000
363.208333 364.208333  25.96 0.000  3.46 0.000 9.999 0.259000  0.94 0.000  0.473 0.000  1.203 0.000  1.685 0.000  10.584 0.000  1.295 0.000   9.289 0.000 0.047 0.000  0.922 0.000
