scripts/IMPROVE-2019_partial/data/US9055R.20010101070000.20191216000000.filterpack..pm25.52w.1w.US03L_filterpack_US9055.US03L_IMPROVE_Davis.lev2.nas
64 1001
MISSING INFORMATION
US03L, IMPROVE, , , , , , , 
MISSING INFORMATION
IMPROVE sel_HTAP
1 1
2001 01 01 2019 12 16
3.000000
days from file reference point
25
1 1 1 1 1 1 1 1 1 1 1 1 1 1 1 1 1 1 1 1 1 1 1 1 1
999.999999 9999.99 9.999999 99.99 9.999999 9.999 9.999999999 9.99 9.999999999 9.999 9.999 999.999 9.999 999.999 9.999 999.999 9.999 999.999 9.999 999.999 9.999 9.999 9.999999 9.999 9.999
end_time of measurement, days from the file reference point
iron, ng/m3, Revision date=20181210133000
numflag iron, no unit, Revision date=20181210133000
lead, ng/m3, Revision date=20181210133000
numflag lead, no unit, Revision date=20181210133000
magnesium, ug/m3, Revision date=20181210133000
numflag magnesium, no unit, Revision date=20181210133000
nickel, ng/m3, Revision date=20181210133000
numflag nickel, no unit, Revision date=20181210133000
nitrate, ug N/m3, Revision date=20181210133000
numflag nitrate, no unit, Revision date=20181210133000
organic_carbon, ug C/m3, Revision date=20181210133000
numflag organic_carbon, no unit, Revision date=20181210133000
organic_mass, ug/m3, Revision date=20181210133000
numflag organic_mass, no unit, Revision date=20181210133000
pm10_mass, ug/m3, Version=2, Version description=Data extracted from http://views.cira.colostate.edu/fed/DataWizard 2019-12-16, Sample duration=1d, Orig. time res.=3d, Matrix=pm10, Blank correction=Blank corrected, Volume std. temperature=ambient, Volume std. pressure=ambient
numflag pm10_mass, no unit, Version=2, Version description=Data extracted from http://views.cira.colostate.edu/fed/DataWizard 2019-12-16, Sample duration=1d, Orig. time res.=3d, Matrix=pm10, Blank correction=Blank corrected, Volume std. temperature=ambient, Volume std. pressure=ambient
pm10_pm25_mass, ug/m3, Revision date=20181210133000, Matrix=pm10_pm25
numflag pm10_pm25_mass, no unit, Revision date=20181210133000, Matrix=pm10_pm25
pm25_mass, ug/m3, Version=2, Version description=Data extracted from http://views.cira.colostate.edu/fed/DataWizard 2019-12-16, Sample duration=1d, Orig. time res.=3d, Blank correction=Blank corrected, Volume std. temperature=ambient, Volume std. pressure=ambient
numflag pm25_mass, no unit, Version=2, Version description=Data extracted from http://views.cira.colostate.edu/fed/DataWizard 2019-12-16, Sample duration=1d, Orig. time res.=3d, Blank correction=Blank corrected, Volume std. temperature=ambient, Volume std. pressure=ambient
potassium, ug/m3, Revision date=20181210133000
numflag potassium, no unit, Revision date=20181210133000
sulphate_total, ug S/m3, Revision date=20181210133000
numflag sulphate_total, no unit, Revision date=20181210133000
0
25
Data definition:              EBAS_1.1
Set type code:                TU
Timezone:                     UTC
File name:                    US9055R.20010101070000.20191216000000.filterpack..pm25.52w.1w.US03L_filterpack_US9055.US03L_IMPROVE_Davis.lev2.nas
File creation:                20191218120912
Startdate:                    20010101070000
Revision date:                20191216000000
Statistics:                   arithmetic mean
Data level:                   2
Period code:                  52w
Resolution code:              1w
Station code:                 US9055R
Platform code:                US9055S
Station name:                 Sawtooth NF
Station latitude:             44.1705
Station longitude:            -114.9271
Station altitude:             1990.0 m
Regime:                       IMG
Component:                    
Matrix:                       pm25
Laboratory code:              US03L
Instrument type:              filterpack
Instrument name:              filterpack_US9055
Method ref:                   US03L_IMPROVE_Davis
starttime endtime Fe flag_Fe Pb flag_Pb Mg++ flag_Mg++ Ni flag_Ni NO3- flag_NO3- OC flag_OC OM flag_OM PM10 flag_PM10 PM10-PM2.5 flag_PM10-PM2.5 PM2.5 flag_PM2.5 K+ flag_K+ SO4-- flag_SO4--
  0.291667   1.291667    1.97 0.559000  0.26 0.559000 0.017 0.559000000 9.99 0.559259000 0.016 0.000   1.119 0.000   1.567 0.000   2.038 0.000   0.044 0.000   1.994 0.559 0.009 0.559000 0.066 0.000
  3.291667   4.291667    4.31 0.559000  0.29 0.559000 9.999 0.559259000 9.99 0.559259000 0.012 0.000   2.441 0.000   3.418 0.000   2.744 0.000   0.496 0.000   2.249 0.559 0.009 0.559000 0.075 0.000
  6.291667   7.291667    4.43 0.559000 99.99 0.559259 0.011 0.559000000 9.99 0.559259000 0.012 0.559   1.260 0.000   1.763 0.000   1.715 0.000   0.021 0.000   1.695 0.559 0.007 0.559000 0.076 0.559
  9.291667  10.291667    6.07 0.559000  0.45 0.559000 9.999 0.559259000 9.99 0.559259000 0.014 0.000   1.824 0.000   2.554 0.000   2.786 0.000 999.999 0.259   3.009 0.559 0.009 0.559000 0.146 0.000
 12.291667  13.291667    0.60 0.559000  0.24 0.559000 9.999 0.559259000 9.99 0.559259000 0.005 0.559   0.581 0.000   0.814 0.000   1.040 0.000   0.043 0.000   0.997 0.559 0.006 0.559000 0.039 0.559
 15.291667  16.291667    2.02 0.559000  0.13 0.559000 9.999 0.559259000 9.99 0.559259000 0.008 0.559   0.914 0.000   1.280 0.000   1.681 0.000 999.999 0.259   1.712 0.559 0.005 0.559000 0.102 0.559
 18.291667  19.291667  567.50 0.559000 99.99 0.559259 9.999 0.559259000 9.99 0.559259000 0.012 0.559   1.539 0.000   2.155 0.000   3.826 0.000   0.336 0.000   3.489 0.559 0.009 0.559000 0.110 0.559
 21.291667  22.291667    1.96 0.559000  0.17 0.559000 0.006 0.559000000 9.99 0.559259000 0.006 0.559   0.922 0.000   1.291 0.000   1.622 0.000 999.999 0.259   1.653 0.559 0.009 0.559000 0.073 0.559
 24.291667  25.291667    6.76 0.559000  0.82 0.559000 0.018 0.559000000 9.99 0.559259000 0.018 0.000   1.387 0.000   1.942 0.000   5.032 0.000   1.269 0.000   3.763 0.559 0.008 0.559000 0.266 0.000
 27.291667  28.291667    3.41 0.559000  0.27 0.559000 9.999 0.559259000 9.99 0.559259000 0.008 0.000   0.840 0.000   1.176 0.000   1.841 0.000   0.071 0.000   1.769 0.559 0.012 0.559000 0.098 0.000
 30.291667  31.291667    4.83 0.559000  0.27 0.559000 0.016 0.559000000 9.99 0.559259000 0.012 0.559   0.551 0.000   0.771 0.000   1.663 0.000   0.255 0.000   1.409 0.559 0.005 0.559000 0.110 0.559
 33.291667  34.291667    5.47 0.559000  0.27 0.559000 9.999 0.559259000 9.99 0.559259000 0.016 0.559   0.395 0.000   0.553 0.000   1.788 0.000   0.531 0.000   1.257 0.559 0.006 0.559000 0.129 0.559
 36.291667  37.291667    9.21 0.559000 99.99 0.559259 9.999 0.559259000 9.99 0.559259000 0.014 0.559   0.484 0.000   0.678 0.000   1.991 0.000   0.869 0.000   1.123 0.559 0.008 0.559000 0.076 0.559
 39.291667  40.291667    6.21 0.559000  0.18 0.559000 0.010 0.559000000 9.99 0.559259000 0.011 0.559   0.530 0.000   0.742 0.000   1.852 0.000   0.450 0.000   1.402 0.559 0.008 0.559000 0.126 0.559
 42.291667  43.291667   15.54 0.559000  0.15 0.559000 9.999 0.559259000 9.99 0.559259000 0.015 0.559   0.668 0.000   0.935 0.000   1.590 0.000   0.281 0.000   1.308 0.559 0.006 0.559000 0.072 0.559
 45.291667  46.291667   35.81 0.559000  0.54 0.559000 9.999 0.559259000 9.99 0.559259000 0.018 0.000   0.652 0.000   0.913 0.000   4.393 0.000   2.089 0.000   2.304 0.559 0.022 0.559000 0.116 0.000
 48.291667  49.291667   28.54 0.559000  0.33 0.559000 9.999 0.559259000 9.99 0.559259000 0.023 0.000   0.702 0.000   0.983 0.000   2.994 0.000   0.883 0.000   2.111 0.559 0.016 0.559000 0.116 0.000
 51.291667  52.291667 9999.99 0.999000 99.99 0.999000 9.999 0.999000000 9.99 0.999000000 9.999 0.999 999.999 0.999 999.999 0.999 999.999 0.999 999.999 0.999 999.999 0.999 9.999 0.999000 9.999 0.999
 54.291667  55.291667 9999.99 0.999000 99.99 0.999000 9.999 0.999000000 9.99 0.999000000 9.999 0.999 999.999 0.999 999.999 0.999 999.999 0.999 999.999 0.999 999.999 0.999 9.999 0.999000 9.999 0.999
 57.291667  58.291667 9999.99 0.999000 99.99 0.999000 9.999 0.999000000 9.99 0.999000000 9.999 0.999 999.999 0.999 999.999 0.999 999.999 0.999 999.999 0.999 999.999 0.999 9.999 0.999000 9.999 0.999
 60.291667  61.291667    9.45 0.559000 99.99 0.559259 0.026 0.559000000 9.99 0.559259000 0.058 0.000   0.477 0.000   0.668 0.000   1.924 0.000   0.462 0.000   1.462 0.559 0.015 0.559000 0.116 0.000
 63.291667  64.291667   13.89 0.559000 99.99 0.559259 9.999 0.559259000 9.99 0.559259000 0.016 0.000   0.438 0.000   0.614 0.000   1.966 0.000   0.471 0.000   1.495 0.559 0.010 0.559000 0.134 0.000
 66.291667  67.291667    7.84 0.559000  0.33 0.559000 9.999 0.559259000 9.99 0.559259000 0.012 0.000   0.778 0.000   1.089 0.000   2.217 0.000   0.137 0.000   2.080 0.559 0.013 0.559000 0.133 0.000
 69.291667  70.291667   15.44 0.559000  0.50 0.559000 9.999 0.559259000 9.99 0.559259000 0.019 0.000   0.506 0.000   0.708 0.000   1.954 0.000   0.352 0.000   1.603 0.559 0.015 0.559000 0.095 0.000
 72.291667  73.291667   11.24 0.559000  0.39 0.559000 9.999 0.559259000 0.17 0.559000000 0.007 0.000   0.435 0.000   0.609 0.000   1.799 0.000   0.636 0.000   1.163 0.559 0.008 0.559000 0.099 0.000
 75.291667  76.291667    6.56 0.559000  0.46 0.559000 9.999 0.559259000 0.18 0.559000000 0.008 0.000   0.472 0.000   0.661 0.000   0.920 0.000 999.999 0.259   0.992 0.559 0.006 0.559000 0.085 0.000
 78.291667  79.291667   13.37 0.559000  0.64 0.559000 9.999 0.559259000 9.99 0.559259000 0.008 0.000   0.674 0.000   0.944 0.000   1.663 0.000   0.380 0.000   1.284 0.559 0.019 0.559000 0.098 0.000
 81.291667  82.291667   25.59 0.559000  0.80 0.559000 9.999 0.559259000 9.99 0.559259000 0.010 0.000   0.762 0.000   1.066 0.000   3.119 0.000   0.666 0.000   2.453 0.559 0.032 0.559000 0.156 0.000
 84.291667  85.291667   25.33 0.559000  0.87 0.559000 9.999 0.559259000 9.99 0.559259000 0.014 0.000   0.474 0.000   0.664 0.000   2.635 0.000   0.647 0.000   1.989 0.559 0.022 0.559000 0.196 0.000
 87.291667  88.291667   28.68 0.559000  0.48 0.559000 9.999 0.559259000 9.99 0.559259000 0.009 0.000   0.456 0.000   0.639 0.000   2.079 0.000   0.623 0.000   1.457 0.559 0.022 0.559000 0.109 0.000
 90.291667  91.291667   60.60 0.559000  0.77 0.559000 9.999 0.559259000 9.99 0.559259000 0.014 0.000   0.365 0.000   0.511 0.000   3.263 0.000   0.891 0.000   2.372 0.559 0.043 0.559000 0.161 0.000
 93.291667  94.291667   27.93 0.559000  0.44 0.559000 9.999 0.559259000 9.99 0.559259000 0.019 0.000   0.753 0.000   1.054 0.000   2.952 0.000   0.749 0.000   2.204 0.559 0.023 0.559000 0.149 0.000
 96.291667  97.291667   11.93 0.559000 99.99 0.559259 9.999 0.559259000 0.18 0.559000000 0.005 0.000   0.660 0.000   0.925 0.000   2.175 0.000   0.312 0.000   1.863 0.559 0.010 0.559000 0.064 0.000
 99.291667 100.291667   49.49 0.559000  0.59 0.559000 9.999 0.559259000 9.99 0.559259000 0.008 0.000   0.518 0.000   0.726 0.000   1.933 0.000 999.999 0.259   1.951 0.559 0.014 0.559000 0.175 0.000
102.291667 103.291667  127.13 0.559000  0.50 0.559000 9.999 0.559259000 9.99 0.559259000 0.018 0.000   0.587 0.000   0.821 0.000  11.002 0.000   7.312 0.000   3.690 0.559 0.064 0.559000 0.209 0.000
105.291667 106.291667  526.72 0.559000  1.21 0.559000 9.999 0.559259000 9.99 0.559259000 0.068 0.000   0.809 0.000   1.132 0.000  25.644 0.000  12.579 0.000  13.066 0.559 0.233 0.559000 0.303 0.000
108.291667 109.291667   74.30 0.559000  0.55 0.559000 9.999 0.559259000 9.99 0.559259000 0.014 0.000   0.627 0.000   0.877 0.000   3.327 0.000   0.932 0.000   2.395 0.559 0.045 0.559000 0.077 0.000
111.291667 112.291667   34.16 0.559000  0.40 0.559000 9.999 0.559259000 9.99 0.559259000 0.013 0.000   0.578 0.000   0.809 0.000   3.018 0.000   1.148 0.000   1.870 0.559 0.022 0.559000 0.162 0.000
114.291667 115.291667  142.75 0.559000  1.61 0.559000 9.999 0.559259000 9.99 0.559259000 0.032 0.000   0.653 0.000   0.914 0.000   9.315 0.000   4.064 0.000   5.251 0.559 0.071 0.559000 0.258 0.000
117.291667 118.291667 9999.99 0.999000 99.99 0.999000 9.999 0.999000000 9.99 0.999000000 9.999 0.999 999.999 0.999 999.999 0.999 999.999 0.999 999.999 0.999 999.999 0.999 9.999 0.999000 9.999 0.999
120.291667 121.291667 9999.99 0.999000 99.99 0.999000 9.999 0.999000000 9.99 0.999000000 9.999 0.999 999.999 0.999 999.999 0.999 999.999 0.999 999.999 0.999 999.999 0.999 9.999 0.999000 9.999 0.999
123.291667 124.291667 9999.99 0.999000 99.99 0.999000 9.999 0.999000000 9.99 0.999000000 9.999 0.999 999.999 0.999 999.999 0.999 999.999 0.999 999.999 0.999 999.999 0.999 9.999 0.999000 9.999 0.999
126.291667 127.291667  160.70 0.559000  1.25 0.559000 9.999 0.559259000 9.99 0.559259000 0.028 0.000   1.221 0.000   1.710 0.000   9.301 0.000   3.013 0.000   6.288 0.559 0.099 0.559000 0.253 0.000
129.291667 130.291667  172.15 0.559000  1.05 0.559000 9.999 0.559259000 9.99 0.559259000 0.036 0.000   1.077 0.000   1.508 0.000  11.195 0.000   4.861 0.000   6.335 0.559 0.102 0.559000 0.273 0.000
132.291667 133.291667  137.07 0.559000  1.31 0.559000 9.999 0.559259000 9.99 0.559259000 0.051 0.000   1.703 0.000   2.384 0.000  15.194 0.000   7.804 0.000   7.389 0.559 0.091 0.559000 0.380 0.000
135.291667 136.291667  102.00 0.559000  0.47 0.559000 9.999 0.559259000 9.99 0.559259000 0.008 0.000   1.775 0.000   2.484 0.000   3.619 0.000   0.327 0.000   3.293 0.559 0.024 0.559000 0.059 0.000
138.291667 139.291667   48.17 0.559000  1.21 0.559000 9.999 0.559259000 9.99 0.559259000 0.018 0.000   1.071 0.000   1.499 0.000   5.556 0.000   1.563 0.000   3.992 0.559 0.041 0.559000 0.237 0.000
141.291667 142.291667   39.13 0.559000  0.37 0.559000 9.999 0.559259000 9.99 0.559259000 0.009 0.559   0.658 0.000   0.922 0.000   3.275 0.000   1.537 0.000   1.738 0.559 0.023 0.559000 0.055 0.559
144.291667 145.291667   58.96 0.559000  0.54 0.559000 9.999 0.559259000 9.99 0.559259000 0.015 0.000   1.730 0.000   2.422 0.000   8.283 0.000   3.864 0.000   4.419 0.559 0.036 0.559000 0.118 0.000
147.291667 148.291667   87.51 0.559000  0.46 0.559000 9.999 0.559259000 9.99 0.559259000 0.038 0.000   2.471 0.000   3.459 0.000  10.438 0.000   3.292 0.000   7.146 0.559 0.080 0.559000 0.232 0.000
150.291667 151.291667   47.59 0.559394  0.56 0.559394 9.999 0.559394259 9.99 0.559394259 0.013 0.394   0.982 0.000   1.375 0.000   4.122 0.000   1.514 0.000   2.608 0.559 0.029 0.559394 0.110 0.394
153.291667 154.291667 9999.99 0.999000 99.99 0.999000 9.999 0.999000000 9.99 0.999000000 9.999 0.999 999.999 0.999 999.999 0.999 999.999 0.999 999.999 0.999 999.999 0.999 9.999 0.999000 9.999 0.999
156.291667 157.291667    7.55 0.000000  0.34 0.000000 9.999 0.259000000 9.99 0.259000000 0.002 0.000   2.681 0.000   3.754 0.000   5.773 0.000   0.386 0.000   5.387 0.000 0.049 0.000000 0.048 0.000
159.291667 160.291667   45.62 0.559000  0.83 0.559000 9.999 0.559259000 9.99 0.559259000 0.011 0.000   0.970 0.000   1.358 0.000   6.237 0.000   4.815 0.000   1.423 0.559 0.034 0.559000 0.162 0.000
162.291667 163.291667    6.52 0.000000  0.32 0.000000 9.999 0.259000000 9.99 0.259000000 0.003 0.000   0.471 0.000   0.660 0.000  12.608 0.000   9.895 0.000   2.714 0.000 0.011 0.000000 0.042 0.000
165.291667 166.291667   19.26 0.559000  0.48 0.559000 9.999 0.559259000 9.99 0.559259000 0.008 0.000   0.607 0.000   0.850 0.000   8.982 0.000   6.270 0.000   2.712 0.559 0.015 0.559000 0.123 0.000
168.291667 169.291667   49.74 0.559000  0.62 0.559000 9.999 0.559259000 9.99 0.559259000 0.009 0.000   4.025 0.000   5.635 0.000  11.379 0.000   3.677 0.000   7.701 0.559 0.048 0.559000 0.144 0.000
171.291667 172.291667   51.80 0.559000  0.58 0.559000 9.999 0.559259000 0.13 0.559000000 0.007 0.000   1.735 0.000   2.428 0.000   9.481 0.000   4.497 0.000   4.984 0.559 0.042 0.559000 0.104 0.000
174.291667 175.291667  143.26 0.559000  0.35 0.559000 9.999 0.559259000 0.16 0.559000000 0.033 0.000   1.142 0.000   1.599 0.000  17.568 0.000  11.264 0.000   6.304 0.559 0.085 0.559000 0.130 0.000
177.291667 178.291667   44.25 0.559000  0.41 0.559000 9.999 0.559259000 0.23 0.559000000 0.030 0.000   0.813 0.000   1.138 0.000   7.527 0.000   3.792 0.000   3.734 0.559 0.047 0.559000 0.223 0.000
180.291667 181.291667   27.30 0.559000  0.58 0.559000 9.999 0.559259000 0.08 0.559000000 0.008 0.000   1.344 0.000   1.881 0.000   6.861 0.000   2.903 0.000   3.959 0.559 0.024 0.559000 0.118 0.000
183.291667 184.291667   38.10 0.559000  0.64 0.559000 9.999 0.559259000 9.99 0.559259000 0.006 0.000   1.494 0.000   2.092 0.000   7.291 0.000   2.940 0.000   4.351 0.559 0.031 0.559000 0.142 0.000
186.291667 187.291667   41.05 0.559000  0.55 0.559000 9.999 0.559259000 0.13 0.559000000 0.011 0.000   1.453 0.000   2.034 0.000   7.523 0.000   2.794 0.000   4.729 0.559 0.049 0.559000 0.209 0.000
189.291667 190.291667 9999.99 0.999000 99.99 0.999000 9.999 0.999000000 9.99 0.999000000 9.999 0.999 999.999 0.999 999.999 0.999 999.999 0.999 999.999 0.999 999.999 0.999 9.999 0.999000 9.999 0.999
192.291667 193.291667   28.36 0.559000  0.35 0.559000 9.999 0.559259000 9.99 0.559259000 0.011 0.000   1.120 0.000   1.568 0.000   4.936 0.000   1.612 0.000   3.324 0.559 0.027 0.559000 0.109 0.000
195.291667 196.291667   33.03 0.559000  0.58 0.559000 9.999 0.559259000 9.99 0.559259000 0.011 0.000   0.977 0.000   1.367 0.000   4.518 0.000   1.392 0.000   3.127 0.559 0.029 0.559000 0.105 0.000
198.291667 199.291667 9999.99 0.999000 99.99 0.999000 9.999 0.999000000 9.99 0.999000000 9.999 0.999 999.999 0.999 999.999 0.999 999.999 0.999 999.999 0.999 999.999 0.999 9.999 0.999000 9.999 0.999
201.291667 202.291667   42.13 0.559000  0.44 0.559000 9.999 0.559259000 0.07 0.559000000 0.021 0.000   1.467 0.000   2.053 0.000  12.048 0.000   5.344 0.000   6.704 0.559 0.040 0.559000 0.117 0.000
204.291667 205.291667   21.93 0.000000  0.62 0.000000 9.999 0.259000000 9.99 0.259000000 0.008 0.000   1.565 0.000   2.191 0.000  10.146 0.000   3.811 0.000   6.335 0.000 0.023 0.000000 0.113 0.000
207.291667 208.291667   36.01 0.559000  0.47 0.559000 9.999 0.559259000 9.99 0.559259000 0.012 0.000   1.764 0.000   2.470 0.000   7.697 0.000   3.858 0.000   3.840 0.559 0.024 0.559000 0.093 0.000
210.291667 211.291667   12.95 0.559000  0.19 0.559000 9.999 0.559259000 9.99 0.559259000 0.007 0.000   0.800 0.000   1.120 0.000   3.535 0.000   1.508 0.000   2.027 0.559 0.017 0.559000 0.040 0.000
213.291667 214.291667   33.69 0.559000  0.56 0.559000 9.999 0.559259000 0.10 0.559000000 0.024 0.000   2.031 0.000   2.843 0.000   8.618 0.000   3.494 0.000   5.124 0.559 0.031 0.559000 0.116 0.000
216.291667 217.291667   39.19 0.559000  0.50 0.559000 9.999 0.559259000 9.99 0.559259000 0.016 0.000   1.070 0.000   1.497 0.000   7.949 0.000   4.743 0.000   3.205 0.559 0.037 0.559000 0.065 0.000
219.291667 220.291667   36.65 0.559000  0.57 0.559000 9.999 0.559259000 0.25 0.559000000 0.013 0.000   2.123 0.000   2.972 0.000   8.241 0.000   2.260 0.000   5.981 0.559 0.032 0.559000 0.168 0.000
222.291667 223.291667   44.73 0.699000  1.00 0.699000 9.999 0.699259000 9.99 0.699259000 0.062 0.000   4.497 0.000   6.296 0.000  15.362 0.000   4.855 0.000  10.507 0.699 0.131 0.699000 0.255 0.000
225.291667 226.291667   25.18 0.699000  0.66 0.699000 9.999 0.699259000 9.99 0.699259000 0.045 0.000   5.612 0.000   7.857 0.000  19.852 0.000   6.656 0.000  13.196 0.699 0.208 0.699000 0.320 0.000
228.291667 229.291667   56.65 0.699000  0.72 0.699000 9.999 0.699259000 0.21 0.699000000 0.039 0.000   4.977 0.000   6.968 0.000  15.879 0.000   3.917 0.000  11.962 0.699 0.171 0.699000 0.256 0.000
231.291667 232.291667   31.76 0.559000  0.63 0.559000 9.999 0.559259000 9.99 0.559259000 0.020 0.000   1.683 0.000   2.356 0.000   8.953 0.000   4.301 0.000   4.652 0.559 0.045 0.559000 0.099 0.000
234.291667 235.291667   69.70 0.559000  0.46 0.559000 9.999 0.559259000 9.99 0.559259000 0.031 0.000   1.654 0.000   2.315 0.000  10.124 0.000   4.924 0.000   5.200 0.559 0.051 0.559000 0.129 0.000
237.291667 238.291667   58.52 0.559000  0.49 0.559000 9.999 0.559259000 9.99 0.559259000 0.012 0.000   1.580 0.000   2.212 0.000   6.695 0.000   2.789 0.000   3.906 0.559 0.031 0.559000 0.075 0.000
