scripts/IMPROVE-2019_partial/data/US9042R.19980103080000.20191216000000.filterpack...1y.3d.US03L_filterpack_US9042_YOSE1.US03L_IMPROVE_Davis.lev2.nas
60 1001
MISSING INFORMATION
US03L, IMPROVE, , , , , , , 
MISSING INFORMATION
IMPROVE sel_HTAP
1 1
1998 01 01 2019 12 16
0
days from file reference point
5
1 1 1 1 1
999.999999 999.999 9.999 999.999 9.999
end_time of measurement, days from the file reference point
pm10_mass, ug/m3, Matrix=pm10
numflag pm10_mass, no unit, Matrix=pm10
pm25_mass, ug/m3, Matrix=pm25
numflag pm25_mass, no unit, Matrix=pm25
0
41
Data definition:              EBAS_1.1
Set type code:                TI
Timezone:                     UTC
File name:                    US9042R.19980103080000.20191216000000.filterpack...1y.3d.US03L_filterpack_US9042_YOSE1.US03L_IMPROVE_Davis.lev2.nas
File creation:                20191218120811
Startdate:                    19980103080000
Revision date:                20191216000000
Version:                      2
Version description:          "Data extracted from http://views.cira.colostate.edu/fed/DataWizard 2019-12-16"
Statistics:                   arithmetic mean
Data level:                   2
Period code:                  1y
Resolution code:              3d
Sample duration:              1d
Orig. time res.:              3d
Station code:                 US9042R
Platform code:                US9042S
Station name:                 Yosemite NP
Station WDCA-ID:              GAWAUSCAYOS
Station GAW-ID:               YOS
Station GAW-Name:             Yosemite NP - Turtleback Dome
Station state/province:       CA
Station land use:             Remote park
Station setting:              Mountain
Station GAW type:             C
Station WMO region:           4
Station latitude:             37.7133
Station longitude:            -119.7061
Station altitude:             1605.0 m
Regime:                       IMG
Component:                    
Unit:                         ug/m3
Matrix:                       
Laboratory code:              US03L
Instrument type:              filterpack
Instrument name:              filterpack_US9042_YOSE1
Method ref:                   US03L_IMPROVE_Davis
Blank correction:             Blank corrected
Volume std. temperature:      ambient
Volume std. pressure:         ambient
starttime endtime PM10 flag_PM10 PM2.5 flag_PM2.5
  2.333333   3.333333   3.116 0.000   1.152 0.000
  6.333333   7.333333   0.644 0.000   0.735 0.000
  9.333333  10.333333   3.035 0.000 999.999 0.259
 13.333333  14.333333   0.958 0.000   0.749 0.000
 16.333333  17.333333   8.046 0.000   0.718 0.000
 20.333333  21.333333  10.464 0.000   1.130 0.000
 23.333333  24.333333   8.261 0.000   1.356 0.000
 27.333333  28.333333   5.220 0.000   3.420 0.000
 30.333333  31.333333 999.999 0.999   2.281 0.000
 34.333333  35.333333   7.464 0.000   1.342 0.000
 37.333333  38.333333   6.000 0.000   1.224 0.000
 41.333333  42.333333   1.978 0.000   0.939 0.000
 44.333333  45.333333   0.812 0.000 999.999 0.259
 48.333333  49.333333   1.173 0.000   1.169 0.000
 51.333333  52.333333   0.610 0.000 999.999 0.999
 55.333333  56.333333   1.690 0.000   1.275 0.000
 58.333333  59.333333   3.061 0.000   2.060 0.000
 62.333333  63.333333   2.717 0.000   1.744 0.000
 65.333333  66.333333   2.502 0.000   1.460 0.000
 69.333333  70.333333   3.235 0.000   2.259 0.000
 72.333333  73.333333   3.364 0.000   2.087 0.000
 76.333333  77.333333   6.362 0.000   5.084 0.000
 79.333333  80.333333  10.197 0.000   7.405 0.000
 83.333333  84.333333   2.220 0.000   0.511 0.000
 86.333333  87.333333   3.118 0.000 999.999 0.999
 90.333333  91.333333   0.699 0.000 999.999 0.259
 93.333333  94.333333   4.567 0.000   1.950 0.000
 97.333333  98.333333   2.111 0.000   1.694 0.000
100.333333 101.333333   4.974 0.000   2.818 0.000
104.333333 105.333333   7.333 0.000   1.817 0.000
107.333333 108.333333   6.901 0.000   4.288 0.000
111.333333 112.333333  11.830 0.000   8.333 0.000
114.333333 115.333333   5.168 0.000   2.994 0.000
118.333333 119.333333  24.617 0.000  14.496 0.000
121.333333 122.333333   2.760 0.000   1.422 0.000
125.333333 126.333333   2.750 0.000   0.797 0.000
128.333333 129.333333   4.521 0.000   2.924 0.000
132.333333 133.333333   1.353 0.000   0.815 0.000
135.333333 136.333333   7.801 0.000   3.818 0.000
139.333333 140.333333   7.621 0.000   4.048 0.000
142.333333 143.333333   9.560 0.000   5.891 0.000
146.333333 147.333333  11.102 0.000   3.145 0.000
149.333333 150.333333   5.295 0.000   3.008 0.000
153.333333 154.333333   4.486 0.000   2.976 0.000
156.333333 157.333333 999.999 0.999   4.974 0.000
160.333333 161.333333   5.666 0.000   3.665 0.000
163.333333 164.333333   5.879 0.000   4.308 0.000
167.333333 168.333333  11.917 0.000   3.904 0.000
170.333333 171.333333  14.226 0.000   7.590 0.000
174.333333 175.333333  13.099 0.000   9.505 0.000
177.333333 178.333333   6.154 0.000   3.584 0.000
181.333333 182.333333   6.904 0.000   4.396 0.000
184.333333 185.333333  15.441 0.000   9.249 0.000
188.333333 189.333333  15.845 0.000   8.484 0.000
191.333333 192.333333  11.295 0.000   7.288 0.000
195.333333 196.333333   5.620 0.000   3.188 0.000
198.333333 199.333333  11.615 0.000   7.318 0.000
202.333333 203.333333  13.770 0.000   8.358 0.000
205.333333 206.333333  15.059 0.000   8.898 0.000
209.333333 210.333333  20.526 0.000  10.993 0.000
212.333333 213.333333  12.250 0.000   7.661 0.000
216.333333 217.333333  13.065 0.000  10.640 0.000
219.333333 220.333333  11.574 0.000   5.934 0.000
223.333333 224.333333  12.112 0.000   7.900 0.000
226.333333 227.333333  11.588 0.000   6.080 0.000
230.333333 231.333333  17.798 0.000   7.523 0.000
233.333333 234.333333  16.425 0.000   5.504 0.000
237.333333 238.333333  10.794 0.000   5.993 0.000
240.333333 241.333333  13.452 0.000   6.882 0.000
244.333333 245.333333  18.423 0.000   8.086 0.000
247.333333 248.333333   8.538 0.000   6.247 0.000
251.333333 252.333333  10.729 0.000   6.566 0.000
254.333333 255.333333   5.712 0.000   4.514 0.000
258.333333 259.333333  13.173 0.000   8.809 0.000
261.333333 262.333333  10.311 0.000   6.366 0.000
265.333333 266.333333  21.880 0.000  11.151 0.000
268.333333 269.333333   6.393 0.000   3.840 0.000
272.333333 273.333333   6.900 0.000   4.226 0.000
275.333333 276.333333   8.512 0.000   4.413 0.000
279.333333 280.333333   9.819 0.000   4.913 0.000
282.333333 283.333333   6.816 0.000   4.199 0.000
286.333333 287.333333  11.058 0.000   7.110 0.000
289.333333 290.333333  10.572 0.000   5.445 0.000
293.333333 294.333333  11.441 0.000   4.652 0.000
296.333333 297.333333   6.989 0.000   3.112 0.000
300.333333 301.333333   9.590 0.000   6.540 0.000
303.333333 304.333333   6.735 0.000   4.090 0.000
307.333333 308.333333   5.711 0.000   4.244 0.000
310.333333 311.333333   2.153 0.000   1.005 0.000
314.333333 315.333333   3.135 0.000   0.736 0.000
317.333333 318.333333   2.738 0.000   1.191 0.000
321.333333 322.333333   1.935 0.000   1.618 0.000
324.333333 325.333333   5.079 0.000   3.357 0.000
328.333333 329.333333   2.188 0.000   1.098 0.000
331.333333 332.333333   2.292 0.000   0.850 0.000
335.333333 336.333333   4.896 0.000   1.573 0.000
338.333333 339.333333   1.944 0.000   0.647 0.000
342.333333 343.333333 999.999 0.999 999.999 0.999
345.333333 346.333333   2.929 0.000 999.999 0.999
349.333333 350.333333 999.999 0.999 999.999 0.999
352.333333 353.333333   6.698 0.000   4.053 0.000
356.333333 357.333333   4.447 0.000   0.730 0.000
359.333333 360.333333   2.090 0.000   0.516 0.000
363.333333 364.333333   2.445 0.000   0.647 0.000
