scripts/IMPROVE-2019_partial/data/US9066R.20110103050000.20191216000000.filterpack...1y.3d.US03L_filterpack_US9066.US03L_IMPROVE_Davis.lev2.nas
51 1001
MISSING INFORMATION
US03L, IMPROVE, , , , , , , 
MISSING INFORMATION
IMPROVE sel_HTAP
1 1
2011 01 01 2019 12 16
3.000000
days from file reference point
4
1 1 1 1
999.999999 999.999 999.999 9.999
end_time of measurement, days from the file reference point
pm10_mass, ug/m3, Matrix=pm10
pm25_mass, ug/m3, Matrix=pm25
numflag, no unit
0
33
Data definition:              EBAS_1.1
Set type code:                TU
Timezone:                     UTC
File name:                    US9066R.20110103050000.20191216000000.filterpack...1y.3d.US03L_filterpack_US9066.US03L_IMPROVE_Davis.lev2.nas
File creation:                20191218121001
Startdate:                    20110103050000
Revision date:                20191216000000
Version:                      2
Version description:          "Data extracted from http://views.cira.colostate.edu/fed/DataWizard 2019-12-16"
Statistics:                   arithmetic mean
Data level:                   2
Period code:                  1y
Resolution code:              3d
Sample duration:              1d
Orig. time res.:              3d
Station code:                 US9066R
Platform code:                US9066S
Station name:                 Swanquarter
Station latitude:             35.451
Station longitude:            -76.2075
Station altitude:             -3.0 m
Regime:                       IMG
Component:                    
Unit:                         ug/m3
Matrix:                       
Laboratory code:              US03L
Instrument type:              filterpack
Instrument name:              filterpack_US9066
Method ref:                   US03L_IMPROVE_Davis
Blank correction:             Blank corrected
Volume std. temperature:      ambient
Volume std. pressure:         ambient
starttime endtime PM10 PM2.5 flag
  2.208333   3.208333   4.669   2.557 0.000
  5.208333   6.208333  13.167   8.931 0.000
  8.208333   9.208333   5.169   3.352 0.000
 11.208333  12.208333   9.996   7.607 0.000
 14.208333  15.208333   8.689   6.267 0.000
 17.208333  18.208333   6.495   5.353 0.000
 20.208333  21.208333   6.263   4.281 0.000
 23.208333  24.208333  11.102   7.182 0.000
 26.208333  27.208333   7.721   6.083 0.000
 29.208333  30.208333  11.707   8.385 0.000
 32.208333  33.208333 999.999 999.999 0.999
 35.208333  36.208333   3.616   2.319 0.000
 38.208333  39.208333   5.735   4.263 0.000
 41.208333  42.208333   7.116   4.088 0.000
 44.208333  45.208333  13.139   8.055 0.000
 47.208333  48.208333  10.814   3.308 0.000
 50.208333  51.208333   5.842   2.875 0.000
 53.208333  54.208333 999.999 999.999 0.999
 56.208333  57.208333  12.627   4.519 0.000
 59.208333  60.208333  11.161   4.776 0.000
 62.208333  63.208333  22.050   4.064 0.000
 65.208333  66.208333   5.700   2.866 0.000
 68.208333  69.208333  17.786   5.526 0.000
 71.208333  72.208333  18.401  13.161 0.000
 74.208333  75.208333 999.999 999.999 0.999
 77.208333  78.208333  15.884  10.335 0.000
 80.208333  81.208333  19.618  11.329 0.000
 83.208333  84.208333   9.513   4.903 0.000
 86.208333  87.208333   8.925   6.849 0.000
 89.208333  90.208333   8.611   5.458 0.000
 92.208333  93.208333   8.939   4.281 0.000
 95.208333  96.208333   7.934   4.248 0.000
 98.208333  99.208333   9.706   5.616 0.000
101.208333 102.208333  18.333   9.852 0.000
104.208333 105.208333  12.452   4.187 0.000
107.208333 108.208333  11.460   6.165 0.000
110.208333 111.208333  15.325   8.254 0.000
113.208333 114.208333  17.253   8.191 0.000
116.208333 117.208333  18.262   6.494 0.000
119.208333 120.208333  11.374   6.650 0.000
122.208333 123.208333  10.207   4.022 0.000
125.208333 126.208333  11.450   6.283 0.000
128.208333 129.208333  23.531  18.421 0.000
131.208333 132.208333 999.999 999.999 0.999
134.208333 135.208333  14.430   6.974 0.000
137.208333 138.208333  12.401   5.935 0.000
140.208333 141.208333  15.540  11.661 0.000
143.208333 144.208333  25.001  15.618 0.000
146.208333 147.208333  15.559   5.071 0.000
149.208333 150.208333  11.677   4.935 0.000
152.208333 153.208333  20.711  11.693 0.000
155.208333 156.208333  38.044  31.482 0.000
158.208333 159.208333  24.832  14.115 0.000
161.208333 162.208333  10.074   3.886 0.000
164.208333 165.208333  32.912  22.817 0.000
167.208333 168.208333  23.303  11.365 0.000
170.208333 171.208333  20.648  11.863 0.000
173.208333 174.208333  43.601  46.297 0.659
176.208333 177.208333  18.271  12.032 0.000
179.208333 180.208333  29.635  22.041 0.000
182.208333 183.208333  31.819  26.442 0.000
185.208333 186.208333  34.349  25.456 0.000
188.208333 189.208333  11.307   3.612 0.000
191.208333 192.208333  12.525   7.063 0.000
194.208333 195.208333 999.999 999.999 0.999
197.208333 198.208333 999.999 999.999 0.999
200.208333 201.208333  16.289   9.481 0.000
203.208333 204.208333  20.391  14.683 0.000
206.208333 207.208333  11.235   7.010 0.000
209.208333 210.208333  18.759  13.696 0.000
212.208333 213.208333   9.227   5.529 0.000
215.208333 216.208333  22.846  17.462 0.000
218.208333 219.208333  16.742   9.785 0.000
221.208333 222.208333  31.946  26.531 0.000
224.208333 225.208333  14.831   8.774 0.000
227.208333 228.208333  17.216  13.136 0.000
230.208333 231.208333   7.234   2.581 0.000
233.208333 234.208333  14.321   9.666 0.000
236.208333 237.208333  32.181  11.474 0.000
239.208333 240.208333 999.999 999.999 0.999
242.208333 243.208333 999.999 999.999 0.999
245.208333 246.208333  12.384   5.064 0.000
248.208333 249.208333  15.710   5.769 0.000
251.208333 252.208333  18.023  11.772 0.000
254.208333 255.208333  16.288  11.030 0.000
257.208333 258.208333  18.608  11.169 0.000
260.208333 261.208333   7.493   2.022 0.000
263.208333 264.208333   8.388   1.910 0.000
266.208333 267.208333   6.349   0.990 0.000
269.208333 270.208333  10.922   1.912 0.000
272.208333 273.208333 999.999 999.999 0.999
275.208333 276.208333 999.999 999.999 0.999
278.208333 279.208333 999.999 999.999 0.999
281.208333 282.208333   9.274   2.263 0.000
284.208333 285.208333  10.545   2.141 0.000
287.208333 288.208333  11.869   5.280 0.000
290.208333 291.208333   9.987   5.004 0.000
293.208333 294.208333   7.854   4.672 0.000
296.208333 297.208333  10.162   5.694 0.000
299.208333 300.208333  16.121   8.483 0.000
302.208333 303.208333   3.872   1.800 0.000
305.208333 306.208333  12.810   4.574 0.000
308.208333 309.208333  15.905   3.188 0.000
311.208333 312.208333   9.034   3.220 0.000
314.208333 315.208333   8.494   4.321 0.000
317.208333 318.208333   7.889   3.286 0.000
320.208333 321.208333   5.271   2.380 0.000
323.208333 324.208333   8.758   2.446 0.000
326.208333 327.208333   6.937   2.278 0.000
329.208333 330.208333   9.021   5.226 0.000
332.208333 333.208333   7.268   2.065 0.000
335.208333 336.208333   5.653   3.391 0.000
338.208333 339.208333   5.230   1.250 0.000
341.208333 342.208333   3.760   2.055 0.000
344.208333 345.208333   7.447   2.968 0.000
347.208333 348.208333  14.179   8.164 0.000
350.208333 351.208333   7.285   5.086 0.000
353.208333 354.208333   9.384   5.228 0.000
356.208333 357.208333   7.167   2.328 0.000
359.208333 360.208333   6.010   3.467 0.000
362.208333 363.208333   6.437   2.905 0.000
