scripts/IMPROVE-2019_partial/data/US9063R.20030103070000.20191216000000.filterpack..pm25.1y.1w.US03L_filterpack_US9063.US03L_IMPROVE_Davis.lev2.nas
66 1001
MISSING INFORMATION
US03L, IMPROVE, , , , , , , 
MISSING INFORMATION
IMPROVE sel_HTAP
1 1
2003 01 01 2019 12 16
3.000000
days from file reference point
27
1 1 1 1 1 1 1 1 1 1 1 1 1 1 1 1 1 1 1 1 1 1 1 1 1 1 1
999.999999 9999.99 9.999 99.99 9.999999 9.999 9.999999 9.99 9.999999 99.999 9.999 999.999 9.999 999.999 9.999 999.99 9.999999 999.999 9.999 999.999 9.999 999.999 9.999 9.999 9.999 9.999 9.999
end_time of measurement, days from the file reference point
iron, ng/m3, Revision date=20181210133000
numflag iron, no unit, Revision date=20181210133000
lead, ng/m3, Revision date=20181210133000
numflag lead, no unit, Revision date=20181210133000
magnesium, ug/m3, Revision date=20181210133000
numflag magnesium, no unit, Revision date=20181210133000
nickel, ng/m3, Revision date=20181210133000
numflag nickel, no unit, Revision date=20181210133000
nitrate, ug N/m3, Revision date=20181210133000
numflag nitrate, no unit, Revision date=20181210133000
organic_carbon, ug C/m3, Revision date=20181210133000
numflag organic_carbon, no unit, Revision date=20181210133000
organic_mass, ug/m3, Revision date=20181210133000
numflag organic_mass, no unit, Revision date=20181210133000
phosphorus, ng/m3, Revision date=20181210133000
numflag phosphorus, no unit, Revision date=20181210133000
pm10_mass, ug/m3, Version=2, Version description=Data extracted from http://views.cira.colostate.edu/fed/DataWizard 2019-12-16, Sample duration=1d, Orig. time res.=3d, Matrix=pm10, Blank correction=Blank corrected, Volume std. temperature=ambient, Volume std. pressure=ambient
numflag pm10_mass, no unit, Version=2, Version description=Data extracted from http://views.cira.colostate.edu/fed/DataWizard 2019-12-16, Sample duration=1d, Orig. time res.=3d, Matrix=pm10, Blank correction=Blank corrected, Volume std. temperature=ambient, Volume std. pressure=ambient
pm10_pm25_mass, ug/m3, Revision date=20181210133000, Matrix=pm10_pm25
numflag pm10_pm25_mass, no unit, Revision date=20181210133000, Matrix=pm10_pm25
pm25_mass, ug/m3, Version=2, Version description=Data extracted from http://views.cira.colostate.edu/fed/DataWizard 2019-12-16, Sample duration=1d, Orig. time res.=3d, Blank correction=Blank corrected, Volume std. temperature=ambient, Volume std. pressure=ambient
numflag pm25_mass, no unit, Version=2, Version description=Data extracted from http://views.cira.colostate.edu/fed/DataWizard 2019-12-16, Sample duration=1d, Orig. time res.=3d, Blank correction=Blank corrected, Volume std. temperature=ambient, Volume std. pressure=ambient
potassium, ug/m3, Revision date=20181210133000
numflag potassium, no unit, Revision date=20181210133000
sulphate_total, ug S/m3, Revision date=20181210133000
numflag sulphate_total, no unit, Revision date=20181210133000
0
25
Data definition:              EBAS_1.1
Set type code:                TU
Timezone:                     UTC
File name:                    US9063R.20030103070000.20191216000000.filterpack..pm25.1y.1w.US03L_filterpack_US9063.US03L_IMPROVE_Davis.lev2.nas
File creation:                20191218120943
Startdate:                    20030103070000
Revision date:                20191216000000
Statistics:                   arithmetic mean
Data level:                   2
Period code:                  1y
Resolution code:              1w
Station code:                 US9063R
Platform code:                US9063S
Station name:                 UL Bend
Station latitude:             47.5823
Station longitude:            -108.7196
Station altitude:             891.0 m
Regime:                       IMG
Component:                    
Matrix:                       pm25
Laboratory code:              US03L
Instrument type:              filterpack
Instrument name:              filterpack_US9063
Method ref:                   US03L_IMPROVE_Davis
starttime endtime Fe flag_Fe Pb flag_Pb Mg++ flag_Mg++ Ni flag_Ni NO3- flag_NO3- OC flag_OC OM flag_OM P flag_P PM10 flag_PM10 PM10-PM2.5 flag_PM10-PM2.5 PM2.5 flag_PM2.5 K+ flag_K+ SO4-- flag_SO4--
  2.291667   3.291667   15.35 0.000  0.07 0.000000 9.999 0.259000 9.99 0.259000  0.007 0.559   0.123 0.000   0.172 0.000 999.99 0.259000  11.519 0.000  10.393 0.000   1.126 0.000 0.013 0.000 0.083 0.559
  5.291667   6.291667    4.85 0.000  0.05 0.000000 9.999 0.259000 9.99 0.259000  0.006 0.559   0.162 0.000   0.226 0.000 999.99 0.259000   1.571 0.000   1.141 0.000   0.430 0.000 0.004 0.000 0.031 0.559
  8.291667   9.291667    7.23 0.000  0.14 0.000000 9.999 0.259000 9.99 0.259000  0.071 0.559   0.160 0.000   0.224 0.000 999.99 0.259000   2.820 0.000   2.080 0.000   0.740 0.000 0.008 0.000 0.083 0.559
 11.291667  12.291667   20.81 0.000  0.39 0.000000 0.012 0.000000 0.09 0.000000  1.036 0.559   0.888 0.000   1.243 0.000 999.99 0.259000  11.348 0.000   3.144 0.000   8.204 0.000 0.031 0.000 0.260 0.559
 14.291667  15.291667   13.54 0.000  0.69 0.000000 9.999 0.259000 9.99 0.259000  0.361 0.559   0.415 0.000   0.581 0.000 999.99 0.259000   5.801 0.000   2.010 0.000   3.791 0.000 0.023 0.000 0.269 0.559
 17.291667  18.291667    3.03 0.000  0.11 0.000000 9.999 0.259000 9.99 0.259000  0.085 0.559   0.305 0.000   0.427 0.000 999.99 0.259000   1.473 0.000   0.026 0.000   1.447 0.000 0.006 0.000 0.213 0.559
 20.291667  21.291667    5.81 0.000  0.63 0.000000 0.014 0.000000 9.99 0.259000  0.074 0.559   0.160 0.000   0.224 0.000 999.99 0.259000   3.057 0.000   1.515 0.000   1.542 0.000 0.021 0.000 0.224 0.559
 23.291667  24.291667   16.03 0.559  0.85 0.559000 9.999 0.559259 9.99 0.559259  0.125 0.559   0.565 0.000   0.791 0.000 999.99 0.559259   4.100 0.000   1.545 0.000   2.555 0.559 0.018 0.559 0.219 0.559
 26.291667  27.291667    1.99 0.559 99.99 0.559259 9.999 0.559259 9.99 0.559259  0.007 0.000   0.246 0.000   0.344 0.000 999.99 0.559259   0.744 0.000   0.547 0.000   0.197 0.559 0.003 0.559 0.031 0.000
 29.291667  30.291667    3.03 0.559 99.99 0.559259 0.016 0.559000 0.04 0.559000  0.013 0.559   0.085 0.000   0.119 0.000 999.99 0.559259   1.414 0.000   0.857 0.000   0.557 0.559 0.005 0.559 0.066 0.559
 32.291667  33.291667    2.56 0.559 99.99 0.559259 9.999 0.559259 9.99 0.559259  0.205 0.559   0.678 0.000   0.949 0.000 999.99 0.559259   3.263 0.000   0.053 0.000   3.210 0.559 0.018 0.559 0.365 0.559
 35.291667  36.291667    2.25 0.000  0.15 0.000000 9.999 0.259000 9.99 0.259000  0.072 0.559   0.362 0.000   0.507 0.000 999.99 0.259000   2.719 0.000   1.425 0.000   1.294 0.000 0.013 0.000 0.168 0.559
 38.291667  39.291667    4.22 0.000  0.14 0.000000 9.999 0.259000 9.99 0.259000  0.079 0.559   0.292 0.000   0.409 0.000 999.99 0.259000   2.147 0.000   0.738 0.000   1.408 0.000 0.012 0.000 0.218 0.559
 41.291667  42.291667    7.22 0.000  0.30 0.000000 9.999 0.259000 9.99 0.259000  0.063 0.559   0.466 0.000   0.652 0.000 999.99 0.259000 999.999 0.456 999.999 0.999   1.416 0.000 0.013 0.000 0.119 0.559
 44.291667  45.291667    4.52 0.000  0.34 0.000000 9.999 0.259000 9.99 0.259000  0.481 0.559   0.526 0.000   0.736 0.000 999.99 0.259000   6.608 0.000   0.619 0.000   5.989 0.000 0.010 0.000 0.831 0.559
 47.291667  48.291667    3.91 0.000  0.23 0.000000 0.023 0.000000 9.99 0.259000  0.617 0.559   0.295 0.000   0.413 0.000 999.99 0.259000   6.150 0.000   0.225 0.000   5.925 0.000 0.006 0.000 0.676 0.559
 50.291667  51.291667    4.63 0.000  0.28 0.000000 0.027 0.000000 9.99 0.259000  0.104 0.559   0.362 0.000   0.507 0.000 999.99 0.259000   2.079 0.000   0.658 0.000   1.421 0.000 0.010 0.000 0.170 0.559
 53.291667  54.291667    7.28 0.000  0.91 0.000000 9.999 0.259000 0.08 0.000000  0.309 0.559   0.522 0.000   0.730 0.000 999.99 0.259000   4.658 0.000   0.447 0.000   4.211 0.000 0.032 0.000 0.512 0.559
 56.291667  57.291667    7.84 0.000  0.34 0.000000 9.999 0.259000 9.99 0.259000  0.051 0.559   0.372 0.000   0.520 0.000 999.99 0.259000   2.594 0.000   1.363 0.000   1.231 0.000 0.011 0.000 0.132 0.559
 59.291667  60.291667   17.32 0.559  1.22 0.559000 9.999 0.559259 9.99 0.559259  0.313 0.559   0.935 0.000   1.308 0.000 999.99 0.559259   7.534 0.000   2.252 0.000   5.282 0.559 0.065 0.559 0.680 0.559
 62.291667  63.291667   11.20 0.000  1.02 0.000000 0.010 0.000000 9.99 0.259000  0.053 0.559   0.626 0.000   0.877 0.000 999.99 0.259000   4.253 0.000   1.187 0.000   3.066 0.000 0.025 0.000 0.455 0.559
 65.291667  66.291667   15.08 0.000  2.75 0.000000 9.999 0.259000 0.13 0.000000  0.066 0.559   0.672 0.000   0.940 0.000 999.99 0.259000   8.045 0.000   4.670 0.000   3.376 0.000 0.030 0.000 0.474 0.559
 68.291667  69.291667   12.78 0.559  1.74 0.559000 9.999 0.559259 0.10 0.559000  0.056 0.559   0.493 0.000   0.690 0.000 999.99 0.559259   3.765 0.000   0.803 0.000   2.962 0.559 0.023 0.559 0.420 0.559
 71.291667  72.291667   41.17 0.559  0.52 0.559000 0.013 0.559000 0.05 0.559000  0.039 0.559   0.415 0.000   0.582 0.000 999.99 0.559259   5.146 0.000   2.996 0.000   2.150 0.559 0.033 0.559 0.161 0.559
 74.291667  75.291667   46.28 0.000  0.24 0.000000 9.999 0.259000 9.99 0.259000  0.038 0.559   0.357 0.000   0.500 0.000 999.99 0.259000   4.506 0.000   2.818 0.000   1.687 0.000 0.033 0.000 0.057 0.559
 77.291667  78.291667   13.69 0.000  0.21 0.000000 9.999 0.259000 9.99 0.259000  0.047 0.559   0.266 0.000   0.373 0.000 999.99 0.259000   2.397 0.000   1.166 0.000   1.231 0.000 0.014 0.000 0.103 0.559
 80.291667  81.291667    7.74 0.000  0.14 0.000000 9.999 0.259000 9.99 0.259000  0.014 0.559   0.138 0.000   0.193 0.000 999.99 0.259000   1.405 0.000   0.896 0.000   0.510 0.000 0.007 0.000 0.033 0.559
 83.291667  84.291667   12.17 0.000  0.38 0.000000 9.999 0.259000 9.99 0.259000  0.023 0.559   0.091 0.000   0.127 0.000 999.99 0.259000   2.828 0.000   1.831 0.000   0.997 0.000 0.011 0.000 0.091 0.559
 86.291667  87.291667   11.94 0.000  0.27 0.000000 9.999 0.259000 9.99 0.259000  0.100 0.559   0.285 0.000   0.399 0.000 999.99 0.259000   3.493 0.000   1.477 0.000   2.016 0.000 0.012 0.000 0.335 0.559
 89.291667  90.291667   24.76 0.000  0.21 0.000000 9.999 0.259000 9.99 0.259000  0.017 0.559   0.256 0.000   0.358 0.000 999.99 0.259000   7.520 0.000   6.277 0.000   1.242 0.000 0.020 0.000 0.063 0.559
 92.291667  93.291667    5.27 0.559  0.49 0.559000 9.999 0.559259 9.99 0.559259  0.067 0.559   0.273 0.000   0.382 0.000 999.99 0.559259   2.426 0.000   0.419 0.000   2.008 0.559 0.009 0.559 0.341 0.559
 95.291667  96.291667    9.79 0.000  0.59 0.000000 9.999 0.259000 0.03 0.000000  0.034 0.559   0.182 0.000   0.255 0.000 999.99 0.259000   1.830 0.000   0.541 0.000   1.288 0.000 0.011 0.000 0.184 0.559
 98.291667  99.291667   49.73 0.000  0.54 0.000000 9.999 0.259000 0.06 0.000000  0.013 0.559   0.319 0.000   0.447 0.000 999.99 0.259000   7.561 0.000   5.424 0.000   2.137 0.000 0.030 0.000 0.085 0.559
101.291667 102.291667   67.97 0.559  0.88 0.559000 9.999 0.559259 9.99 0.559259  0.030 0.559   0.719 0.000   1.007 0.000 999.99 0.559259   9.259 0.000   5.571 0.000   3.688 0.559 0.049 0.559 0.224 0.559
104.291667 105.291667   18.23 0.000  0.22 0.000000 9.999 0.259000 9.99 0.259000  0.065 0.559   0.713 0.000   0.999 0.000 999.99 0.259000   4.227 0.000   1.465 0.000   2.763 0.000 0.035 0.000 0.262 0.559
107.291667 108.291667   19.90 0.000  0.42 0.000000 9.999 0.259000 9.99 0.259000  0.013 0.559   0.318 0.000   0.445 0.000 999.99 0.259000   2.604 0.000   1.399 0.000   1.205 0.000 0.014 0.000 0.101 0.559
110.291667 111.291667   30.15 0.000  0.35 0.000000 9.999 0.259000 0.05 0.000000  0.021 0.559   0.410 0.000   0.575 0.000 999.99 0.259000   5.952 0.000   3.162 0.000   2.791 0.000 0.020 0.000 0.322 0.559
113.291667 114.291667   40.80 0.559  0.90 0.559000 9.999 0.559259 0.06 0.559000  0.031 0.559   1.079 0.000   1.511 0.000 999.99 0.559259   7.152 0.000   3.250 0.000   3.902 0.559 0.034 0.559 0.283 0.559
116.291667 117.291667    8.91 0.000  0.31 0.000000 9.999 0.259000 9.99 0.259000  0.011 0.559   0.250 0.000   0.350 0.000 999.99 0.259000   2.162 0.000   0.676 0.000   1.486 0.000 0.007 0.000 0.230 0.559
119.291667 120.291667   30.18 0.559  0.67 0.559000 9.999 0.559259 0.08 0.559000  0.071 0.559   0.612 0.000   0.857 0.000 999.99 0.559259   6.779 0.000   2.488 0.000   4.291 0.559 0.029 0.559 0.604 0.559
122.291667 123.291667   17.85 0.000  0.24 0.000000 9.999 0.259000 9.99 0.259000  0.013 0.559   0.742 0.000   1.038 0.000 999.99 0.259000   3.431 0.000   1.614 0.000   1.817 0.000 0.017 0.000 0.084 0.559
125.291667 126.291667    6.95 0.000  0.30 0.000000 9.999 0.259000 9.99 0.259000  0.070 0.559   0.396 0.000   0.555 0.000 999.99 0.259000   3.931 0.000   1.053 0.000   2.878 0.000 0.007 0.000 0.411 0.559
128.291667 129.291667    3.62 0.000  0.35 0.000000 9.999 0.259000 9.99 0.259000  0.032 0.559   0.355 0.000   0.497 0.000 999.99 0.259000   3.036 0.000   0.592 0.000   2.443 0.000 0.007 0.000 0.368 0.559
131.291667 132.291667   14.78 0.000  0.50 0.000000 9.999 0.259000 0.05 0.000000  0.015 0.559   0.540 0.000   0.756 0.000 999.99 0.259000   5.397 0.000   3.240 0.000   2.156 0.000 0.013 0.000 0.208 0.559
134.291667 135.291667   54.97 0.000  1.03 0.000000 9.999 0.259000 0.05 0.000000  0.029 0.559   0.869 0.000   1.216 0.000 999.99 0.259000   7.564 0.000   3.638 0.000   3.926 0.000 0.041 0.000 0.217 0.559
137.291667 138.291667   10.02 0.000  0.27 0.000000 9.999 0.259000 9.99 0.259000  0.028 0.559   0.836 0.000   1.171 0.000 999.99 0.259000   4.061 0.000   1.287 0.000   2.774 0.000 0.010 0.000 0.268 0.559
140.291667 141.291667    8.18 0.000  0.27 0.000000 9.999 0.259000 9.99 0.259000  0.009 0.559   0.631 0.000   0.883 0.000 999.99 0.259000   3.638 0.000   1.663 0.000   1.975 0.000 0.008 0.000 0.115 0.559
143.291667 144.291667   28.05 0.559  0.51 0.559000 9.999 0.559259 9.99 0.559259  0.017 0.559   0.696 0.000   0.974 0.000 999.99 0.559259   7.441 0.000   5.016 0.000   2.424 0.559 0.019 0.559 0.133 0.559
146.291667 147.291667   18.63 0.000  0.45 0.000000 9.999 0.259000 9.99 0.259000  0.016 0.559   1.629 0.000   2.281 0.000 999.99 0.259000   5.957 0.000   2.152 0.000   3.805 0.000 0.020 0.000 0.130 0.559
149.291667 150.291667   33.29 0.559  0.24 0.559000 0.022 0.559000 9.99 0.559259  0.014 0.559   1.354 0.000   1.895 0.000 999.99 0.559259  13.396 0.000   9.656 0.000   3.739 0.559 0.025 0.559 0.141 0.559
152.291667 153.291667   17.40 0.559  0.47 0.559000 9.999 0.559259 9.99 0.559259  0.016 0.000   1.266 0.000   1.772 0.000 999.99 0.559259   6.572 0.000   2.666 0.000   3.906 0.559 0.021 0.559 0.179 0.000
155.291667 156.291667   19.26 0.000  0.55 0.000000 0.025 0.000000 0.08 0.000000  0.019 0.559   0.901 0.000   1.262 0.000 999.99 0.259000   5.780 0.000   2.533 0.000   3.247 0.000 0.017 0.000 0.235 0.559
158.291667 159.291667   20.37 0.559  0.15 0.559000 9.999 0.559259 9.99 0.559259  0.011 0.559   0.892 0.000   1.249 0.000 999.99 0.559259   5.002 0.000   2.011 0.000   2.990 0.559 0.016 0.559 0.194 0.559
161.291667 162.291667    8.70 0.559 99.99 0.559259 9.999 0.559259 9.99 0.559259  0.012 0.559   0.577 0.000   0.807 0.000 999.99 0.559259   4.274 0.000   2.220 0.000   2.054 0.559 0.008 0.559 0.163 0.559
164.291667 165.291667   30.04 0.559  0.46 0.559000 9.999 0.559259 9.99 0.559259  0.020 0.559   1.604 0.000   2.246 0.000 999.99 0.559259   8.958 0.000   4.601 0.000   4.357 0.559 0.027 0.559 0.179 0.559
167.291667 168.291667 9999.99 0.456 99.99 0.456000 9.999 0.456000 9.99 0.456000 99.999 0.456 999.999 0.999 999.999 0.999 999.99 0.456000 999.999 0.456 999.999 0.999 999.999 0.456 9.999 0.456 9.999 0.456
170.291667 171.291667 9999.99 0.456 99.99 0.456000 9.999 0.456000 9.99 0.456000 99.999 0.456 999.999 0.999 999.999 0.999 999.99 0.456000 999.999 0.456 999.999 0.999 999.999 0.456 9.999 0.456 9.999 0.456
173.291667 174.291667    7.78 0.000 99.99 0.259000 9.999 0.259000 9.99 0.259000  0.004 0.559   0.277 0.000   0.387 0.000 999.99 0.259000   2.315 0.000   1.305 0.000   1.010 0.000 0.005 0.000 0.093 0.559
176.291667 177.291667   11.40 0.559  0.23 0.559000 0.026 0.559000 9.99 0.559259  0.006 0.559   1.118 0.000   1.565 0.000 999.99 0.559259   7.037 0.000   3.677 0.000   3.360 0.559 0.013 0.559 0.206 0.559
179.291667 180.291667   18.67 0.000 99.99 0.259000 0.038 0.000000 9.99 0.259000  0.011 0.559   1.526 0.000   2.136 0.000 999.99 0.259000   8.899 0.000   4.821 0.000   4.077 0.000 0.019 0.000 0.240 0.559
182.291667 183.291667 9999.99 0.999 99.99 0.999000 9.999 0.999000 9.99 0.999000 99.999 0.999 999.999 0.999 999.999 0.999 999.99 0.999000 999.999 0.999 999.999 0.999 999.999 0.999 9.999 0.999 9.999 0.999
185.291667 186.291667   34.97 0.559  0.48 0.559000 0.025 0.559000 0.07 0.559000  0.015 0.559   1.660 0.000   2.324 0.000 999.99 0.559259  11.078 0.000   6.495 0.000   4.583 0.559 0.040 0.559 0.164 0.559
188.291667 189.291667   40.64 0.000  0.32 0.000000 9.999 0.259000 9.99 0.259000  0.018 0.559   0.806 0.000   1.128 0.000 999.99 0.259000   8.122 0.000   4.245 0.000   3.876 0.000 0.019 0.000 0.350 0.559
191.291667 192.291667   55.87 0.000  0.13 0.000000 9.999 0.259000 9.99 0.259000  0.007 0.559   1.069 0.000   1.496 0.000 999.99 0.259000  14.053 0.000  10.307 0.000   3.747 0.000 0.023 0.000 0.155 0.559
194.291667 195.291667   29.05 0.559  0.36 0.559000 9.999 0.559259 0.04 0.559000  0.008 0.000   0.653 0.000   0.914 0.000 999.99 0.559259   7.234 0.000   4.830 0.000   2.404 0.559 0.017 0.559 0.092 0.000
197.291667 198.291667   69.27 0.699  0.27 0.699000 9.999 0.699259 9.99 0.699259  0.032 0.000   3.460 0.000   4.844 0.000 999.99 0.699259  16.943 0.000   8.195 0.000   8.748 0.699 0.084 0.699 0.300 0.000
200.291667 201.291667 9999.99 0.699 99.99 0.699000 9.999 0.699000 9.99 0.699000  0.064 0.559   8.503 0.000  11.904 0.000 999.99 0.699000  21.638 0.000 999.999 0.999 999.999 0.699 9.999 0.699 0.214 0.559
203.291667 204.291667   71.89 0.559  0.28 0.559000 9.999 0.559259 0.05 0.559000  0.017 0.559   2.187 0.000   3.062 0.000 999.99 0.559259  13.766 0.000   7.593 0.000   6.173 0.559 0.052 0.559 0.230 0.559
206.291667 207.291667   55.59 0.559  0.40 0.559000 0.014 0.559000 0.07 0.559000  0.020 0.559   2.631 0.000   3.684 0.000 999.99 0.559259  16.617 0.000   9.509 0.000   7.108 0.559 0.041 0.559 0.219 0.559
209.291667 210.291667   43.79 0.559  0.18 0.559000 0.025 0.559000 9.99 0.559259  0.018 0.559   3.093 0.000   4.330 0.000 999.99 0.559259  16.983 0.000   9.505 0.000   7.479 0.559 0.037 0.559 0.239 0.559
212.291667 213.291667  105.18 0.000  0.20 0.000000 9.999 0.259000 9.99 0.259000  0.011 0.559   2.314 0.000   3.239 0.000 999.99 0.259000  30.572 0.000  22.654 0.000   7.918 0.000 0.064 0.000 0.284 0.559
215.291667 216.291667   41.16 0.699  0.27 0.699000 0.034 0.699000 9.99 0.699259  0.014 0.559   4.408 0.000   6.172 0.000 999.99 0.699259  16.330 0.000   6.790 0.000   9.540 0.699 0.069 0.699 0.165 0.559
218.291667 219.291667   83.18 0.559  0.63 0.559000 9.999 0.559259 9.99 0.559259  0.033 0.559   2.601 0.000   3.641 0.000 999.99 0.559259  24.819 0.000  17.204 0.000   7.615 0.559 0.084 0.559 0.254 0.559
221.291667 222.291667   43.94 0.000  0.35 0.000000 9.999 0.259000 9.99 0.259000  0.023 0.000   1.999 0.000   2.798 0.000 999.99 0.259000  15.779 0.000   9.750 0.000   6.029 0.000 0.066 0.000 0.324 0.000
224.291667 225.291667   77.77 0.699  0.16 0.699000 9.999 0.699259 9.99 0.699259  0.020 0.559   3.745 0.000   5.243 0.000 999.99 0.699259  20.053 0.000  10.351 0.000   9.701 0.699 0.111 0.699 0.295 0.559
227.291667 228.291667  167.88 0.699  0.71 0.699000 9.999 0.699259 0.08 0.699000  0.034 0.559   6.438 0.000   9.013 0.000 999.99 0.699259  41.543 0.000  23.950 0.000  17.593 0.699 0.134 0.699 0.843 0.559
230.291667 231.291667   69.34 0.699  0.65 0.699000 9.999 0.699259 0.05 0.699000  0.033 0.559   8.211 0.000  11.495 0.000 999.99 0.699259  27.521 0.000   8.704 0.000  18.817 0.699 0.110 0.699 0.446 0.559
233.291667 234.291667 9999.99 0.699 99.99 0.699000 9.999 0.699000 9.99 0.699000  0.048 0.559  15.580 0.000  21.812 0.000 999.99 0.699000  50.535 0.000 999.999 0.999 999.999 0.699 9.999 0.699 0.294 0.559
