scripts/IMPROVE-2019_partial/data/US9039R.20011031070000.20191216000000.filterpack..pm25.2mo.1w.US03L_filterpack_US9039.US03L_IMPROVE_Davis.lev2.nas
62 1001
MISSING INFORMATION
US03L, IMPROVE, , , , , , , 
MISSING INFORMATION
IMPROVE sel_HTAP
1 1
2001 01 01 2019 12 16
3.000000
days from file reference point
23
1 1 1 1 1 1 1 1 1 1 1 1 1 1 1 1 1 1 1 1 1 1 1
999.999999 9999.99 9.999 99.99 9.999 9.99 9.999 9.999 9.999 99.999 9.999 99.999 9.999 999.999 9.999 999.999 9.999 999.999 9.999 9.999 9.999 9.999 9.999
end_time of measurement, days from the file reference point
iron, ng/m3, Revision date=20181210133000
numflag iron, no unit, Revision date=20181210133000
lead, ng/m3, Revision date=20181210133000
numflag lead, no unit, Revision date=20181210133000
nickel, ng/m3, Revision date=20181210133000
numflag nickel, no unit, Revision date=20181210133000
nitrate, ug N/m3, Revision date=20181210133000
numflag nitrate, no unit, Revision date=20181210133000
organic_carbon, ug C/m3, Revision date=20181210133000
numflag organic_carbon, no unit, Revision date=20181210133000
organic_mass, ug/m3, Revision date=20181210133000
numflag organic_mass, no unit, Revision date=20181210133000
pm10_mass, ug/m3, Version=2, Version description=Data extracted from http://views.cira.colostate.edu/fed/DataWizard 2019-12-16, Sample duration=1d, Orig. time res.=3d, Matrix=pm10, Blank correction=Blank corrected, Volume std. temperature=ambient, Volume std. pressure=ambient
numflag pm10_mass, no unit, Version=2, Version description=Data extracted from http://views.cira.colostate.edu/fed/DataWizard 2019-12-16, Sample duration=1d, Orig. time res.=3d, Matrix=pm10, Blank correction=Blank corrected, Volume std. temperature=ambient, Volume std. pressure=ambient
pm10_pm25_mass, ug/m3, Revision date=20181210133000, Matrix=pm10_pm25
numflag pm10_pm25_mass, no unit, Revision date=20181210133000, Matrix=pm10_pm25
pm25_mass, ug/m3, Version=2, Version description=Data extracted from http://views.cira.colostate.edu/fed/DataWizard 2019-12-16, Sample duration=1d, Orig. time res.=3d, Blank correction=Blank corrected, Volume std. temperature=ambient, Volume std. pressure=ambient
numflag pm25_mass, no unit, Version=2, Version description=Data extracted from http://views.cira.colostate.edu/fed/DataWizard 2019-12-16, Sample duration=1d, Orig. time res.=3d, Blank correction=Blank corrected, Volume std. temperature=ambient, Volume std. pressure=ambient
potassium, ug/m3, Revision date=20181210133000
numflag potassium, no unit, Revision date=20181210133000
sulphate_total, ug S/m3, Revision date=20181210133000
numflag sulphate_total, no unit, Revision date=20181210133000
0
25
Data definition:              EBAS_1.1
Set type code:                TU
Timezone:                     UTC
File name:                    US9039R.20011031070000.20191216000000.filterpack..pm25.2mo.1w.US03L_filterpack_US9039.US03L_IMPROVE_Davis.lev2.nas
File creation:                20191218120800
Startdate:                    20011031070000
Revision date:                20191216000000
Statistics:                   arithmetic mean
Data level:                   2
Period code:                  2mo
Resolution code:              1w
Station code:                 US9039R
Platform code:                US9039S
Station name:                 Saguaro West
Station latitude:             32.2486
Station longitude:            -111.2178
Station altitude:             714.0 m
Regime:                       IMG
Component:                    
Matrix:                       pm25
Laboratory code:              US03L
Instrument type:              filterpack
Instrument name:              filterpack_US9039
Method ref:                   US03L_IMPROVE_Davis
starttime endtime Fe flag_Fe Pb flag_Pb Ni flag_Ni NO3- flag_NO3- OC flag_OC OM flag_OM PM10 flag_PM10 PM10-PM2.5 flag_PM10-PM2.5 PM2.5 flag_PM2.5 K+ flag_K+ SO4-- flag_SO4--
303.291667 304.291667  111.90 0.000  1.21 0.000 0.54 0.000 0.062 0.000  1.149 0.000  1.608 0.000  21.483 0.000  15.271 0.000   6.212 0.000 0.092 0.000 0.538 0.000
306.291667 307.291667  118.42 0.000  2.34 0.000 9.99 0.259 0.053 0.000  1.032 0.000  1.445 0.000  24.551 0.000  17.987 0.000   6.564 0.000 0.107 0.000 0.507 0.000
309.291667 310.291667   53.08 0.000  1.08 0.000 0.24 0.000 0.055 0.000  0.876 0.000  1.227 0.000   9.283 0.000   4.236 0.000   5.046 0.000 0.035 0.000 0.630 0.000
312.291667 313.291667  494.83 0.559  2.22 0.559 0.14 0.559 0.105 0.000  1.704 0.000  2.385 0.000  86.111 0.000  65.564 0.000  20.548 0.559 0.353 0.559 0.752 0.000
315.291667 316.291667  202.42 0.000  1.46 0.000 0.23 0.000 0.069 0.000  0.948 0.000  1.328 0.000  21.280 0.000  10.922 0.000  10.358 0.000 0.179 0.000 0.472 0.000
318.291667 319.291667  258.58 0.000  2.33 0.000 9.99 0.259 0.061 0.000  0.880 0.000  1.232 0.000  20.915 0.000  11.028 0.000   9.887 0.000 0.163 0.000 0.223 0.000
321.291667 322.291667  242.90 0.000  3.78 0.000 9.99 0.259 0.048 0.000  0.929 0.000  1.301 0.000  22.222 0.000  11.088 0.000  11.135 0.000 0.198 0.000 0.386 0.000
324.291667 325.291667  187.40 0.000  2.88 0.000 9.99 0.259 0.044 0.000  1.081 0.000  1.513 0.000  23.529 0.000  15.428 0.000   8.102 0.000 0.144 0.000 0.458 0.000
327.291667 328.291667   73.12 0.000  0.68 0.000 9.99 0.259 0.025 0.000  0.489 0.000  0.685 0.000  11.520 0.000   8.502 0.000   3.018 0.000 0.089 0.000 0.086 0.000
330.291667 331.291667  119.20 0.000  1.13 0.000 9.99 0.259 0.120 0.000  0.753 0.000  1.054 0.000  30.697 0.000  25.955 0.000   4.742 0.000 0.132 0.000 0.112 0.000
333.291667 334.291667  146.41 0.000  1.86 0.000 9.99 0.259 0.050 0.000  0.741 0.000  1.037 0.000  19.771 0.000  13.857 0.000   5.915 0.000 0.128 0.000 0.241 0.000
336.291667 337.291667   89.32 0.000  1.58 0.000 9.99 0.259 0.034 0.000  0.690 0.000  0.966 0.000  17.647 0.000  13.721 0.000   3.926 0.000 0.094 0.000 0.156 0.000
339.291667 340.291667  120.12 0.000  3.92 0.000 9.99 0.259 0.779 0.000  1.775 0.000  2.485 0.000  12.541 0.000   4.079 0.000   8.462 0.000 0.097 0.000 0.212 0.000
342.291667 343.291667   44.14 0.000  0.45 0.000 9.99 0.259 0.028 0.000  0.347 0.000  0.486 0.000  10.396 0.000   8.433 0.000   1.963 0.000 0.029 0.000 0.091 0.000
345.291667 346.291667   23.41 0.000  0.57 0.000 9.99 0.259 0.255 0.000  0.889 0.000  1.244 0.000   3.676 0.000   0.408 0.000   3.268 0.000 0.025 0.000 0.176 0.000
348.291667 349.291667   17.86 0.000  1.66 0.000 9.99 0.259 0.590 0.000  0.876 0.000  1.227 0.000   5.424 0.000   0.628 0.000   4.796 0.000 0.044 0.000 0.177 0.000
351.291667 352.291667  112.57 0.000  7.08 0.000 9.99 0.259 0.708 0.000  1.548 0.000  2.167 0.000  11.393 0.000   3.576 0.000   7.817 0.000 0.086 0.000 0.249 0.000
354.291667 355.291667   74.71 0.000  1.27 0.000 9.99 0.259 0.063 0.559  0.616 0.000  0.863 0.000   8.987 0.000   6.280 0.000   2.707 0.000 0.081 0.000 0.122 0.559
357.291667 358.291667   66.74 0.000  7.10 0.000 9.99 0.259 0.476 0.000  0.964 0.000  1.350 0.000   9.518 0.000   5.474 0.000   4.044 0.000 0.082 0.000 0.244 0.000
360.291667 361.291667  114.19 0.000  6.66 0.000 9.99 0.259 0.235 0.559  1.170 0.000  1.637 0.000  15.237 0.000  10.597 0.000   4.639 0.000 0.117 0.000 0.154 0.559
363.291667 364.291667   67.29 0.000  2.55 0.000 9.99 0.259 0.138 0.559  0.880 0.000  1.232 0.000  11.615 0.000   8.335 0.000   3.280 0.000 0.149 0.000 0.129 0.559
