scripts/IMPROVE-2019_partial/data/US9033R.20020102060000.20191216000000.filterpack..pm25.52w.1w.US03L_filterpack_US9033.US03L_IMPROVE_Davis.lev2.nas
66 1001
MISSING INFORMATION
US03L, IMPROVE, , , , , , , 
MISSING INFORMATION
IMPROVE sel_HTAP
1 1
2002 01 01 2019 12 16
3.00
days from file reference point
27
1 1 1 1 1 1 1 1 1 1 1 1 1 1 1 1 1 1 1 1 1 1 1 1 1 1 1
999.99 99.999 9.999999 9999.99 9.999 99.99 9.999 9.999 9.999 9.99 9.999 99.999 9.999 99.999 9.999 99.999 9.999 999.999 9.999 999.999 9.999 999.999 9.999 9.999 9.999 99.999 9.999
end_time of measurement, days from the file reference point
ammonium, ug N/m3, Revision date=20181210133000
numflag ammonium, no unit, Revision date=20181210133000
iron, ng/m3, Revision date=20181210133000
numflag iron, no unit, Revision date=20181210133000
lead, ng/m3, Revision date=20181210133000
numflag lead, no unit, Revision date=20181210133000
magnesium, ug/m3, Revision date=20181210133000
numflag magnesium, no unit, Revision date=20181210133000
nickel, ng/m3, Revision date=20181210133000
numflag nickel, no unit, Revision date=20181210133000
nitrate, ug N/m3, Revision date=20181210133000
numflag nitrate, no unit, Revision date=20181210133000
organic_carbon, ug C/m3, Revision date=20181210133000
numflag organic_carbon, no unit, Revision date=20181210133000
organic_mass, ug/m3, Revision date=20181210133000
numflag organic_mass, no unit, Revision date=20181210133000
pm10_mass, ug/m3, Version=2, Version description=Data extracted from http://views.cira.colostate.edu/fed/DataWizard 2019-12-16, Sample duration=1d, Orig. time res.=3d, Matrix=pm10, Blank correction=Blank corrected, Volume std. temperature=ambient, Volume std. pressure=ambient
numflag pm10_mass, no unit, Version=2, Version description=Data extracted from http://views.cira.colostate.edu/fed/DataWizard 2019-12-16, Sample duration=1d, Orig. time res.=3d, Matrix=pm10, Blank correction=Blank corrected, Volume std. temperature=ambient, Volume std. pressure=ambient
pm10_pm25_mass, ug/m3, Revision date=20181210133000, Matrix=pm10_pm25
numflag pm10_pm25_mass, no unit, Revision date=20181210133000, Matrix=pm10_pm25
pm25_mass, ug/m3, Version=2, Version description=Data extracted from http://views.cira.colostate.edu/fed/DataWizard 2019-12-16, Sample duration=1d, Orig. time res.=3d, Blank correction=Blank corrected, Volume std. temperature=ambient, Volume std. pressure=ambient
numflag pm25_mass, no unit, Version=2, Version description=Data extracted from http://views.cira.colostate.edu/fed/DataWizard 2019-12-16, Sample duration=1d, Orig. time res.=3d, Blank correction=Blank corrected, Volume std. temperature=ambient, Volume std. pressure=ambient
potassium, ug/m3, Revision date=20181210133000
numflag potassium, no unit, Revision date=20181210133000
sulphate_total, ug S/m3, Revision date=20181210133000
numflag sulphate_total, no unit, Revision date=20181210133000
0
25
Data definition:              EBAS_1.1
Set type code:                TU
Timezone:                     UTC
File name:                    US9033R.20020102060000.20191216000000.filterpack..pm25.52w.1w.US03L_filterpack_US9033.US03L_IMPROVE_Davis.lev2.nas
File creation:                20191218120727
Startdate:                    20020102060000
Revision date:                20191216000000
Statistics:                   arithmetic mean
Data level:                   2
Period code:                  52w
Resolution code:              1w
Station code:                 US9033R
Platform code:                US9033S
Station name:                 Sipsy Wilderness
Station latitude:             34.3433
Station longitude:            -87.3388
Station altitude:             286.0 m
Regime:                       IMG
Component:                    
Matrix:                       pm25
Laboratory code:              US03L
Instrument type:              filterpack
Instrument name:              filterpack_US9033
Method ref:                   US03L_IMPROVE_Davis
starttime endtime NH4+ flag_NH4+ Fe flag_Fe Pb flag_Pb Mg++ flag_Mg++ Ni flag_Ni NO3- flag_NO3- OC flag_OC OM flag_OM PM10 flag_PM10 PM10-PM2.5 flag_PM10-PM2.5 PM2.5 flag_PM2.5 K+ flag_K+ SO4-- flag_SO4--
[from data line 87]
262.25 263.25  0.964 0.000000   40.41 0.000  1.63 0.000 9.999 0.259 0.68 0.000  0.047 0.000  2.032 0.000  2.845 0.000  16.619 0.000   2.581 0.000  14.037 0.000 0.055 0.000  2.223 0.000
265.25 266.25  0.863 0.000000   27.89 0.000  2.75 0.000 9.999 0.259 9.99 0.259  0.038 0.000  1.528 0.000  2.139 0.000  16.675 0.000   7.327 0.000   9.347 0.000 0.038 0.000  1.323 0.000
268.25 269.25 99.999 0.999000 9999.99 0.999 99.99 0.999 9.999 0.999 9.99 0.999 99.999 0.999 99.999 0.999 99.999 0.999 999.999 0.999 999.999 0.999 999.999 0.999 9.999 0.999 99.999 0.999
271.25 272.25 99.999 0.999000 9999.99 0.999 99.99 0.999 9.999 0.999 9.99 0.999 99.999 0.999 99.999 0.999 99.999 0.999 999.999 0.999 999.999 0.999 999.999 0.999 9.999 0.999 99.999 0.999
274.25 275.25  0.804 0.000000   17.58 0.000  1.83 0.000 0.036 0.000 9.99 0.259  0.109 0.000  2.553 0.000  3.575 0.000  18.184 0.000   6.807 0.000  11.377 0.000 0.034 0.000  1.454 0.000
277.25 278.25  0.891 0.000000   25.00 0.000  1.72 0.000 0.039 0.000 0.25 0.000  0.075 0.000  2.857 0.000  3.999 0.000  23.498 0.000  10.939 0.000  12.559 0.000 0.062 0.000  1.479 0.000
280.25 281.25  0.759 0.000000   20.22 0.000  2.74 0.000 0.029 0.000 9.99 0.259  0.065 0.000  2.539 0.000  3.555 0.000  16.867 0.000   6.400 0.000  10.466 0.000 0.039 0.000  1.246 0.000
283.25 284.25  1.218 0.000000   30.12 0.000  1.66 0.000 0.039 0.000 0.18 0.000  0.116 0.000  2.611 0.000  3.655 0.000  22.945 0.000   8.460 0.000  14.485 0.000 0.066 0.000  2.062 0.000
286.25 287.25  0.936 0.000000   28.83 0.000  2.25 0.000 9.999 0.259 9.99 0.259  0.109 0.000  1.668 0.000  2.335 0.000  13.889 0.000   4.787 0.000   9.102 0.000 0.036 0.000  1.253 0.000
289.25 290.25  0.536 0.000000   27.85 0.000  8.96 0.000 9.999 0.259 9.99 0.259  0.142 0.000  1.368 0.000  1.915 0.000  10.989 0.000   4.255 0.000   6.734 0.000 0.041 0.000  0.656 0.000
292.25 293.25  0.979 0.000000   18.91 0.000  1.80 0.000 9.999 0.259 9.99 0.259  0.173 0.000  2.559 0.000  3.583 0.000  14.214 0.000   3.603 0.000  10.610 0.000 0.046 0.000  1.266 0.000
295.25 296.25  2.297 0.000000   33.22 0.000  3.07 0.000 9.999 0.259 0.09 0.000  0.342 0.000  2.854 0.000  3.996 0.000  21.227 0.000   4.293 0.000  16.933 0.000 0.043 0.000  2.517 0.000
298.25 299.25  0.957 0.000000   40.89 0.000  3.09 0.000 9.999 0.259 9.99 0.259  0.121 0.000  1.992 0.000  2.789 0.000  12.880 0.000   2.878 0.000  10.001 0.000 0.055 0.000  1.690 0.000
301.25 302.25  0.260 0.000000    9.17 0.000  0.31 0.000 9.999 0.259 0.27 0.000  0.058 0.000  1.470 0.000  2.058 0.000 999.999 0.456 999.999 0.999   4.924 0.000 0.032 0.000  0.650 0.000
304.25 305.25  1.438 0.559000   19.78 0.000  2.19 0.000 9.999 0.259 0.09 0.000  0.363 0.559  1.371 0.000  1.919 0.000  12.214 0.000   2.492 0.000   9.722 0.000 0.034 0.000  1.512 0.559
307.25 308.25  0.523 0.000000   16.45 0.000  0.58 0.000 9.999 0.259 0.11 0.000  0.182 0.000  1.066 0.000  1.492 0.000   7.229 0.000   2.311 0.000   4.918 0.000 0.018 0.000  0.691 0.000
310.25 311.25 99.999 0.999000 9999.99 0.999 99.99 0.999 9.999 0.999 9.99 0.999 99.999 0.999 99.999 0.999 99.999 0.999 999.999 0.999 999.999 0.999 999.999 0.999 9.999 0.999 99.999 0.999
313.25 314.25  0.496 0.000000   13.28 0.000  0.91 0.000 9.999 0.259 0.29 0.000  0.086 0.000  1.090 0.000  1.526 0.000  11.480 0.000   4.388 0.000   7.093 0.000 0.040 0.000  1.138 0.000
316.25 317.25  1.013 0.000000   15.00 0.000  1.31 0.000 9.999 0.259 9.99 0.259  0.326 0.000  1.337 0.000  1.871 0.000   9.219 0.000   2.333 0.000   6.886 0.000 0.041 0.000  0.998 0.000
319.25 320.25  1.074 0.559000   18.12 0.000  0.95 0.000 9.999 0.259 0.13 0.000  0.185 0.559  1.140 0.000  1.596 0.000   9.191 0.000   1.360 0.000   7.831 0.000 0.033 0.000  1.329 0.559
322.25 323.25  0.852 0.000000   16.97 0.000  0.96 0.000 9.999 0.259 0.29 0.000  0.185 0.000  2.436 0.000  3.411 0.000  13.382 0.000   4.105 0.000   9.277 0.000 0.039 0.000  0.987 0.000
325.25 326.25  0.981 0.000000   14.48 0.000  1.05 0.000 0.037 0.000 9.99 0.259  0.405 0.000  0.737 0.000  1.032 0.000   8.211 0.000   2.685 0.000   5.526 0.000 0.029 0.000  0.861 0.000
328.25 329.25  0.953 0.000000   33.12 0.000  2.30 0.000 9.999 0.259 0.15 0.000  0.320 0.000  3.521 0.000  4.929 0.000  15.676 0.000   4.594 0.000  11.082 0.000 0.084 0.000  0.985 0.000
331.25 332.25  1.682 0.000000   26.46 0.000  1.60 0.000 9.999 0.259 0.12 0.000  0.885 0.000  1.811 0.000  2.536 0.000  14.670 0.000   3.185 0.000  11.485 0.000 0.045 0.000  1.114 0.000
334.25 335.25  0.291 0.000000   15.89 0.000  0.71 0.000 0.046 0.000 9.99 0.259  0.337 0.000  1.184 0.000  1.657 0.000  12.779 0.000   5.864 0.000   6.915 0.000 0.076 0.000  0.383 0.000
337.25 338.25  1.874 0.000000   27.24 0.000  2.18 0.000 0.021 0.000 0.15 0.000  0.919 0.000  3.598 0.000  5.037 0.000  19.199 0.000   4.476 0.000  14.723 0.000 0.069 0.000  1.217 0.000
340.25 341.25  1.481 0.559000   36.74 0.000  4.79 0.000 0.025 0.000 9.99 0.259  1.033 0.559  2.429 0.000  3.401 0.000  15.039 0.000   3.198 0.000  11.841 0.000 0.059 0.000  0.756 0.559
343.25 344.25  0.835 0.000000    9.96 0.000  1.67 0.000 9.999 0.259 0.10 0.000  0.503 0.000  1.600 0.000  2.240 0.000   7.018 0.000   1.105 0.000   5.913 0.000 0.032 0.000  0.609 0.000
346.25 347.25  0.546 0.000000    6.82 0.000  0.53 0.000 9.999 0.259 9.99 0.259  0.193 0.000  0.735 0.000  1.029 0.000   5.036 0.000   1.029 0.000   4.006 0.000 0.012 0.000  0.635 0.000
349.25 350.25  0.601 0.000000   20.56 0.000  1.41 0.000 9.999 0.259 0.24 0.000  0.081 0.000  2.292 0.000  3.209 0.000  11.330 0.000   3.470 0.000   7.861 0.000 0.073 0.000  0.789 0.000
352.25 353.25  0.659 0.000000   19.71 0.000  1.45 0.000 0.019 0.000 0.39 0.000  0.063 0.000  1.346 0.000  1.884 0.000  10.518 0.000   3.155 0.000   7.364 0.000 0.044 0.000  1.031 0.000
355.25 356.25  0.298 0.559000   13.92 0.000  1.39 0.000 9.999 0.259 0.11 0.000  0.125 0.559  1.318 0.000  1.845 0.000   8.691 0.000   4.417 0.000   4.274 0.000 0.041 0.000  0.318 0.559
358.25 359.25  0.567 0.000000    7.15 0.000  0.69 0.000 9.999 0.259 9.99 0.259  0.271 0.000  0.448 0.000  0.626 0.000   5.392 0.000   1.861 0.000   3.532 0.000 0.017 0.000  0.413 0.000
361.25 362.25  0.434 0.559000    9.99 0.000  1.66 0.000 0.021 0.000 9.99 0.259  0.180 0.559  1.833 0.000  2.567 0.000   7.189 0.000   1.693 0.000   5.497 0.000 0.049 0.000  0.386 0.559
364.25 365.25 99.999 0.456000 9999.99 0.456 99.99 0.456 9.999 0.456 9.99 0.456 99.999 0.456 99.999 0.999 99.999 0.999 999.999 0.456 999.999 0.999 999.999 0.456 9.999 0.456 99.999 0.456
