scripts/IMPROVE-2019_partial/data/US9025U.20040101080000.20191216000000.filterpack..pm25.52w.1w.US03L_filterpack_US9025.US03L_IMPROVE_Davis.lev2.nas
66 1001
MISSING INFORMATION
US03L, IMPROVE, , , , , , , 
MISSING INFORMATION
IMPROVE sel_HTAP
1 1
2004 01 01 2019 12 16
3.000000
days from file reference point
27
1 1 1 1 1 1 1 1 1 1 1 1 1 1 1 1 1 1 1 1 1 1 1 1 1 1 1
999.999999 9999.99 9.999 999.99 9.999 9.999 9.999 999.99 9.999 9.999 9.999 999.999 9.999 999.999 9.999 999.99 9.999999 999.999 9.999 999.999 9.999 999.999 9.999 99.999 9.999 99.999 9.999
end_time of measurement, days from the file reference point
iron, ng/m3, Revision date=20181210133000
numflag iron, no unit, Revision date=20181210133000
lead, ng/m3, Revision date=20181210133000
numflag lead, no unit, Revision date=20181210133000
magnesium, ug/m3, Revision date=20181210133000
numflag magnesium, no unit, Revision date=20181210133000
nickel, ng/m3, Revision date=20181210133000
numflag nickel, no unit, Revision date=20181210133000
nitrate, ug N/m3, Revision date=20181210133000
numflag nitrate, no unit, Revision date=20181210133000
organic_carbon, ug C/m3, Revision date=20181210133000
numflag organic_carbon, no unit, Revision date=20181210133000
organic_mass, ug/m3, Revision date=20181210133000
numflag organic_mass, no unit, Revision date=20181210133000
phosphorus, ng/m3, Revision date=20181210133000
numflag phosphorus, no unit, Revision date=20181210133000
pm10_mass, ug/m3, Version=2, Version description=Data extracted from http://views.cira.colostate.edu/fed/DataWizard 2019-12-16, Sample duration=1d, Orig. time res.=3d, Matrix=pm10, Blank correction=Blank corrected, Volume std. temperature=ambient, Volume std. pressure=ambient
numflag pm10_mass, no unit, Version=2, Version description=Data extracted from http://views.cira.colostate.edu/fed/DataWizard 2019-12-16, Sample duration=1d, Orig. time res.=3d, Matrix=pm10, Blank correction=Blank corrected, Volume std. temperature=ambient, Volume std. pressure=ambient
pm10_pm25_mass, ug/m3, Revision date=20181210133000, Matrix=pm10_pm25
numflag pm10_pm25_mass, no unit, Revision date=20181210133000, Matrix=pm10_pm25
pm25_mass, ug/m3, Version=2, Version description=Data extracted from http://views.cira.colostate.edu/fed/DataWizard 2019-12-16, Sample duration=1d, Orig. time res.=3d, Blank correction=Blank corrected, Volume std. temperature=ambient, Volume std. pressure=ambient
numflag pm25_mass, no unit, Version=2, Version description=Data extracted from http://views.cira.colostate.edu/fed/DataWizard 2019-12-16, Sample duration=1d, Orig. time res.=3d, Blank correction=Blank corrected, Volume std. temperature=ambient, Volume std. pressure=ambient
potassium, ug/m3, Revision date=20181210133000
numflag potassium, no unit, Revision date=20181210133000
sulphate_total, ug S/m3, Revision date=20181210133000
numflag sulphate_total, no unit, Revision date=20181210133000
0
25
Data definition:              EBAS_1.1
Set type code:                TU
Timezone:                     UTC
File name:                    US9025U.20040101080000.20191216000000.filterpack..pm25.52w.1w.US03L_filterpack_US9025.US03L_IMPROVE_Davis.lev2.nas
File creation:                20191218120650
Startdate:                    20040101080000
Revision date:                20191216000000
Statistics:                   arithmetic mean
Data level:                   2
Period code:                  52w
Resolution code:              1w
Station code:                 US9025U
Platform code:                US9025S
Station name:                 Puget Sound
Station latitude:             47.5696
Station longitude:            -122.3119
Station altitude:             97.0 m
Regime:                       IMG
Component:                    
Matrix:                       pm25
Laboratory code:              US03L
Instrument type:              filterpack
Instrument name:              filterpack_US9025
Method ref:                   US03L_IMPROVE_Davis
starttime endtime Fe flag_Fe Pb flag_Pb Mg++ flag_Mg++ Ni flag_Ni NO3- flag_NO3- OC flag_OC OM flag_OM P flag_P PM10 flag_PM10 PM10-PM2.5 flag_PM10-PM2.5 PM2.5 flag_PM2.5 K+ flag_K+ SO4-- flag_SO4--
[from data line 81]
243.333333 244.333333   98.18 0.000   3.46 0.000 9.999 0.259   7.54 0.000 0.170 0.000   2.893 0.000   4.050 0.000 999.99 0.259000  16.551 0.000   8.893 0.000   7.657 0.000  0.046 0.000  0.530 0.000
246.333333 247.333333   75.27 0.000   3.20 0.000 0.099 0.000   0.84 0.000 0.230 0.000   7.894 0.000  11.052 0.000 999.99 0.259000  26.169 0.000   8.188 0.000  17.981 0.000  0.093 0.000  0.543 0.000
249.333333 250.333333   33.09 0.000   1.93 0.000 9.999 0.259   2.10 0.000 0.219 0.000   2.003 0.000   2.804 0.000 999.99 0.259000  13.348 0.000   5.846 0.000   7.502 0.000  0.045 0.000  0.620 0.000
252.333333 253.333333   52.29 0.000   2.19 0.000 0.105 0.000   1.19 0.000 0.097 0.000   0.870 0.000   1.219 0.000 999.99 0.259000   8.835 0.000   5.183 0.000   3.652 0.000  0.030 0.000  0.257 0.000
255.333333 256.333333   23.55 0.000   2.10 0.000 0.164 0.000   0.71 0.000 0.211 0.000   1.175 0.000   1.646 0.000 999.99 0.259000  10.789 0.000   5.498 0.000   5.291 0.000  0.039 0.000  0.276 0.000
258.333333 259.333333   41.51 0.000   2.53 0.000 9.999 0.259   0.58 0.000 0.050 0.000   0.801 0.000   1.121 0.000 999.99 0.259000   7.192 0.000   4.294 0.000   2.899 0.000  0.020 0.000  0.142 0.000
261.333333 262.333333   27.25 0.000   2.60 0.000 0.205 0.000   0.32 0.000 0.069 0.000   1.151 0.000   1.612 0.000 999.99 0.259000   4.878 0.000   2.070 0.000   2.808 0.000  0.023 0.000  0.095 0.000
264.333333 265.333333   93.27 0.000   4.59 0.000 9.999 0.259   0.84 0.000 0.170 0.000   3.794 0.000   5.312 0.000 999.99 0.259000  16.144 0.000   7.904 0.000   8.240 0.000  0.057 0.000  0.285 0.000
267.333333 268.333333   77.56 0.000   2.43 0.000 0.110 0.000   2.63 0.000 0.581 0.000   3.920 0.000   5.488 0.000 999.99 0.259000  18.172 0.000   6.388 0.000  11.784 0.000  0.042 0.000  0.733 0.000
270.333333 271.333333   54.11 0.000   4.00 0.000 9.999 0.259   2.02 0.000 0.692 0.000   4.079 0.000   5.711 0.000 999.99 0.259000  20.122 0.000   3.949 0.000  16.173 0.000  0.055 0.000  1.033 0.000
273.333333 274.333333   49.70 0.000   1.92 0.000 0.060 0.000   1.60 0.000 0.531 0.000   2.732 0.000   3.825 0.000 999.99 0.259000  17.507 0.000   6.620 0.000  10.887 0.000  0.037 0.000  0.895 0.000
276.333333 277.333333  241.47 0.000  11.79 0.000 9.999 0.259   9.73 0.000 0.954 0.000  10.179 0.000  14.251 0.000 999.99 0.259000  40.997 0.000  12.263 0.000  28.735 0.000  0.211 0.000  1.717 0.000
279.333333 280.333333   74.93 0.000   3.96 0.000 0.142 0.000   0.72 0.000 0.191 0.000   2.262 0.000   3.166 0.000 999.99 0.259000  13.639 0.000   7.174 0.000   6.466 0.000  0.060 0.000  0.314 0.000
282.333333 283.333333   23.53 0.000   2.64 0.000 0.086 0.000   0.29 0.000 0.079 0.000   1.028 0.000   1.439 0.000 999.99 0.259000   6.861 0.000   3.600 0.000   3.261 0.000  0.031 0.000  0.159 0.000
285.333333 286.333333  109.23 0.000   4.81 0.000 0.122 0.000   3.30 0.000 0.336 0.000   4.775 0.000   6.684 0.000 999.99 0.259000  21.497 0.000  10.037 0.000  11.460 0.000  0.071 0.000  0.541 0.000
288.333333 289.333333  188.86 0.000   5.27 0.000 9.999 0.259   6.17 0.000 0.306 0.000   5.788 0.000   8.103 0.000 999.99 0.259000  29.660 0.000  14.757 0.000  14.903 0.000  0.088 0.000  0.779 0.000
291.333333 292.333333   46.59 0.000   2.85 0.000 9.999 0.259   0.74 0.000 0.070 0.000   1.310 0.000   1.834 0.000   3.71 0.000000   7.527 0.000   3.947 0.000   3.579 0.000  0.029 0.000  0.131 0.000
294.333333 295.333333   62.74 0.000   3.85 0.000 0.183 0.000   0.44 0.000 0.222 0.000   2.202 0.000   3.082 0.000 999.99 0.259000  16.022 0.000   7.585 0.000   8.437 0.000  0.061 0.000  0.460 0.000
297.333333 298.333333   28.34 0.000   4.64 0.000 0.101 0.000   0.17 0.000 0.163 0.000   2.238 0.000   3.133 0.000 999.99 0.259000  12.006 0.000   5.426 0.000   6.580 0.000  0.065 0.000  0.275 0.000
300.333333 301.333333   95.37 0.000   2.57 0.000 0.104 0.000   0.98 0.000 0.551 0.559   4.843 0.000   6.779 0.000 999.99 0.259000  20.582 0.000   6.875 0.000  13.708 0.000  0.083 0.000  0.576 0.559
303.333333 304.333333   19.61 0.000   1.98 0.000 9.999 0.259 999.99 0.259 0.036 0.559   0.831 0.000   1.163 0.000 999.99 0.259000  10.584 0.000   6.146 0.000   4.438 0.000  0.044 0.000  0.274 0.559
306.333333 307.333333   92.95 0.000   7.19 0.000 0.162 0.000   0.32 0.000 0.158 0.559   2.975 0.000   4.165 0.000 999.99 0.259000  11.052 0.000   3.620 0.000   7.432 0.000  0.039 0.000  0.229 0.559
309.333333 310.333333  208.23 0.699  26.79 0.699 0.077 0.699   4.28 0.699 0.861 0.559  11.427 0.000  15.998 0.000 999.99 0.699259  37.698 0.000   7.681 0.000  30.018 0.699  0.120 0.699  1.171 0.559
312.333333 313.333333   97.00 0.000   9.66 0.000 9.999 0.259   2.63 0.000 0.543 0.559   7.253 0.000  10.154 0.000 999.99 0.259000  23.317 0.000   3.162 0.000  20.154 0.000  0.102 0.000  0.935 0.559
315.333333 316.333333  127.48 0.000   7.67 0.000 9.999 0.259   4.16 0.000 0.619 0.000   5.455 0.000   7.636 0.000 999.99 0.259000  25.842 0.000   6.171 0.000  19.671 0.000  0.152 0.000  0.821 0.000
318.333333 319.333333   60.21 0.000   6.43 0.000 0.101 0.000   0.27 0.000 0.132 0.000   3.332 0.000   4.664 0.000 999.99 0.259000  12.592 0.000   3.322 0.000   9.270 0.000  0.073 0.000  0.320 0.000
321.333333 322.333333  111.66 0.000   7.52 0.000 9.999 0.259   1.17 0.000 0.363 0.000   2.881 0.000   4.034 0.000 999.99 0.259000  16.330 0.000   5.375 0.000  10.956 0.000  0.056 0.000  0.515 0.000
324.333333 325.333333   61.54 0.000   2.87 0.000 0.142 0.000   0.87 0.000 0.357 0.000   4.085 0.000   5.720 0.000 999.99 0.259000  15.783 0.000   3.162 0.000  12.621 0.000  0.084 0.000  0.374 0.000
327.333333 328.333333   87.58 0.000   6.50 0.000 9.999 0.259   0.71 0.000 0.315 0.000   4.170 0.000   5.838 0.000 999.99 0.259000  14.319 0.000   2.541 0.000  11.778 0.000  0.072 0.000  0.193 0.000
330.333333 331.333333   28.68 0.000   3.92 0.000 9.999 0.259   0.25 0.000 0.191 0.000   1.804 0.000   2.526 0.000  10.87 0.000000  11.953 0.000   4.918 0.000   7.035 0.000  0.048 0.000  0.192 0.000
333.333333 334.333333   97.44 0.000   6.37 0.000 9.999 0.259   1.00 0.000 0.319 0.000   4.473 0.000   6.262 0.000 999.99 0.259000  17.149 0.000   3.651 0.000  13.498 0.000  0.081 0.000  0.388 0.000
336.333333 337.333333  109.11 0.000   5.03 0.000 9.999 0.259   0.88 0.000 0.633 0.000   4.540 0.000   6.357 0.000 999.99 0.259000  18.729 0.000   6.313 0.000  12.416 0.000  0.063 0.000  0.310 0.000
339.333333 340.333333   18.10 0.000   2.38 0.000 9.999 0.259   0.29 0.000 0.087 0.000   1.064 0.000   1.490 0.000 999.99 0.259000   5.406 0.000   1.918 0.000   3.487 0.000  0.035 0.000  0.130 0.000
342.333333 343.333333   29.68 0.000   1.75 0.000 0.090 0.000   0.24 0.000 0.045 0.000   0.870 0.000   1.218 0.000   7.20 0.000000   6.903 0.000   3.370 0.000   3.533 0.000  0.030 0.000  0.087 0.000
345.333333 346.333333   15.38 0.000   1.13 0.000 9.999 0.259   0.39 0.000 0.078 0.000   0.824 0.000   1.153 0.000 999.99 0.259000   6.570 0.000   3.278 0.000   3.293 0.000  0.025 0.000  0.109 0.000
348.333333 349.333333   34.74 0.000   1.59 0.000 0.094 0.000   0.37 0.000 0.053 0.000   0.767 0.000   1.074 0.000 999.99 0.259000   4.807 0.000   2.068 0.000   2.738 0.000  0.020 0.000  0.074 0.000
351.333333 352.333333  147.23 0.000   9.36 0.000 0.047 0.000   1.73 0.000 0.674 0.000   5.109 0.000   7.153 0.000 999.99 0.259000  31.334 0.000   6.231 0.000  25.102 0.000  0.076 0.000  1.590 0.000
354.333333 355.333333  175.83 0.000   7.24 0.000 0.070 0.000   4.26 0.000 0.326 0.000   4.817 0.000   6.744 0.000  21.61 0.000000  23.695 0.000  10.438 0.000  13.258 0.000  0.086 0.000  0.371 0.000
357.333333 358.333333   64.54 0.000   2.87 0.000 0.043 0.000   0.27 0.000 0.674 0.000   3.598 0.000   5.037 0.000 999.99 0.259000  18.729 0.000   3.006 0.000  15.723 0.000  0.071 0.000  0.694 0.000
360.333333 361.333333   38.31 0.000   1.85 0.000 0.074 0.000   1.10 0.000 0.213 0.000   2.725 0.000   3.815 0.000 999.99 0.259000   8.233 0.000   1.533 0.000   6.701 0.000  0.038 0.000  0.211 0.000
363.333333 364.333333  130.37 0.000  15.71 0.000 9.999 0.259   1.42 0.000 0.347 0.000   8.008 0.000  11.211 0.000 999.99 0.259000 999.999 0.999 999.999 0.999  21.521 0.000  0.138 0.000  0.539 0.000
