scripts/IMPROVE-2019_partial/data/US9034R.19940101060000.20191216000000.filterpack...1y.3d.US03L_filterpack_US9034.US03L_IMPROVE_Davis.lev2.nas
51 1001
MISSING INFORMATION
US03L, IMPROVE, , , , , , , 
MISSING INFORMATION
IMPROVE sel_HTAP
1 1
1994 01 01 2019 12 16
0
days from file reference point
4
1 1 1 1
999.99 999.999 999.999 9.999
end_time of measurement, days from the file reference point
pm10_mass, ug/m3, Matrix=pm10
pm25_mass, ug/m3, Matrix=pm25
numflag, no unit
0
33
Data definition:              EBAS_1.1
Set type code:                TI
Timezone:                     UTC
File name:                    US9034R.19940101060000.20191216000000.filterpack...1y.3d.US03L_filterpack_US9034.US03L_IMPROVE_Davis.lev2.nas
File creation:                20191218120732
Startdate:                    19940101060000
Revision date:                20191216000000
Version:                      2
Version description:          "Data extracted from http://views.cira.colostate.edu/fed/DataWizard 2019-12-16"
Statistics:                   arithmetic mean
Data level:                   2
Period code:                  1y
Resolution code:              3d
Sample duration:              1d
Orig. time res.:              3d
Station code:                 US9034R
Platform code:                US9034S
Station name:                 Upper Buffalo Wilderness
Station latitude:             35.8258
Station longitude:            -93.203
Station altitude:             722.0 m
Regime:                       IMG
Component:                    
Unit:                         ug/m3
Matrix:                       
Laboratory code:              US03L
Instrument type:              filterpack
Instrument name:              filterpack_US9034
Method ref:                   US03L_IMPROVE_Davis
Blank correction:             Blank corrected
Volume std. temperature:      ambient
Volume std. pressure:         ambient
starttime endtime PM10 PM2.5 flag
  0.25   1.25  10.975   6.561 0.000
  4.25   5.25  17.958  12.642 0.000
  7.25   8.25   9.625   5.987 0.000
 11.25  12.25  11.224   9.031 0.000
 14.25  15.25  15.726   7.750 0.000
 18.25  19.25   8.963   5.710 0.000
 21.25  22.25  19.212  12.808 0.000
 25.25  26.25   8.967   2.975 0.000
 28.25  29.25  12.851   6.930 0.000
 32.25  33.25   8.167   4.154 0.000
 35.25  36.25  18.526  14.006 0.000
 39.25  40.25  19.451 999.999 0.000
 42.25  43.25  16.471  10.554 0.000
 46.25  47.25  14.884   8.246 0.000
 49.25  50.25  20.992  12.590 0.000
 53.25  54.25 999.999   9.308 0.000
 56.25  57.25  15.870 999.999 0.000
 60.25  61.25  14.960  11.215 0.000
 63.25  64.25  13.770   5.892 0.000
 67.25  68.25   9.453   8.862 0.000
 70.25  71.25  11.875   8.675 0.000
 74.25  75.25  10.775   4.644 0.000
 77.25  78.25  25.709  12.673 0.000
 81.25  82.25  29.510  18.540 0.000
 84.25  85.25  11.224   5.899 0.000
 88.25  89.25  15.311  10.883 0.000
 91.25  92.25  22.697  12.684 0.000
 95.25  96.25  13.480  10.139 0.000
 98.25  99.25  13.282   9.631 0.000
102.25 103.25  10.524   6.615 0.000
105.25 106.25  21.081  11.732 0.000
109.25 110.25  27.918  15.426 0.000
112.25 113.25  19.472  11.178 0.000
116.25 117.25  25.323  13.956 0.000
119.25 120.25  10.887   2.816 0.000
123.25 124.25  19.881  12.586 0.000
126.25 127.25  17.668  12.601 0.000
130.25 131.25  26.130  16.791 0.000
133.25 134.25  18.132   8.785 0.000
137.25 138.25  19.621   9.381 0.000
140.25 141.25  34.848  19.393 0.000
144.25 145.25 999.999 999.999 0.999
147.25 148.25 999.999 999.999 0.999
151.25 152.25 999.999 999.999 0.999
154.25 155.25 999.999 999.999 0.999
158.25 159.25 999.999 999.999 0.999
161.25 162.25 999.999 999.999 0.999
165.25 166.25 999.999 999.999 0.999
168.25 169.25  42.113  31.062 0.000
172.25 173.25  38.141 999.999 0.000
175.25 176.25  22.677  12.099 0.000
179.25 180.25  21.476   6.921 0.000
182.25 183.25  16.421   9.664 0.000
186.25 187.25  26.119  15.862 0.000
189.25 190.25   8.097   5.123 0.000
193.25 194.25  12.724   6.037 0.000
196.25 197.25  16.604  10.153 0.000
200.25 201.25  32.778  20.307 0.000
203.25 204.25  15.074   8.620 0.000
207.25 208.25  23.220   8.659 0.000
210.25 211.25  22.235  17.205 0.000
214.25 215.25  27.072  19.412 0.000
217.25 218.25  28.764  19.248 0.000
221.25 222.25  29.739  20.991 0.000
224.25 225.25  54.692  29.177 0.000
228.25 229.25  25.448  14.312 0.000
231.25 232.25   9.813   6.988 0.000
235.25 236.25  36.107  20.725 0.000
238.25 239.25  25.616  21.468 0.000
242.25 243.25   5.993   4.417 0.000
245.25 246.25  20.144  14.847 0.000
249.25 250.25  21.018  16.199 0.000
252.25 253.25  29.709  25.143 0.000
256.25 257.25  23.236  17.586 0.000
259.25 260.25  13.745   4.984 0.000
263.25 264.25  33.473  27.110 0.000
266.25 267.25  11.145   3.871 0.000
270.25 271.25  19.767  10.163 0.000
273.25 274.25  36.357  22.541 0.000
277.25 278.25  41.024  23.514 0.000
280.25 281.25   8.858   6.352 0.000
284.25 285.25  12.431   7.574 0.000
287.25 288.25  14.325  11.344 0.000
291.25 292.25   7.689   4.871 0.000
294.25 295.25  10.876   5.487 0.000
298.25 299.25   9.884   3.885 0.000
301.25 302.25  25.255  13.851 0.000
305.25 306.25 999.999  12.028 0.000
308.25 309.25 999.999 999.999 0.999
312.25 313.25   7.331   3.062 0.000
315.25 316.25   7.148   5.375 0.000
319.25 320.25   7.590   4.651 0.000
322.25 323.25  12.122   7.893 0.000
326.25 327.25   6.975   3.787 0.000
329.25 330.25 999.999   3.289 0.000
333.25 334.25   7.920   3.082 0.000
336.25 337.25  27.712  10.264 0.000
340.25 341.25   6.790   4.933 0.000
343.25 344.25   7.778   2.967 0.000
347.25 348.25  13.983   9.433 0.000
350.25 351.25  14.590   3.300 0.000
354.25 355.25   9.350   5.784 0.000
357.25 358.25  13.984   8.791 0.000
361.25 362.25  10.736   7.930 0.000
364.25 365.25  24.941  19.679 0.000
