scripts/IMPROVE-2019_partial/data/US9010R.20050101050000.20191216000000.filterpack..pm25.52w.1w.US03L_filterpack_US9010.US03L_IMPROVE_Davis.lev2.nas
66 1001
MISSING INFORMATION
US03L, IMPROVE, , , , , , , 
MISSING INFORMATION
IMPROVE sel_HTAP
1 1
2005 01 01 2019 12 16
3.000000
days from file reference point
27
1 1 1 1 1 1 1 1 1 1 1 1 1 1 1 1 1 1 1 1 1 1 1 1 1 1 1
999.999999 999.99 9.999 99.99 9.999 9.999 9.999999 99.99 9.999 9.999 9.999 999.999 9.999 999.999 9.999 999.99 9.999999 999.999 9.999 99.999 9.999 999.999 9.999 9.999 9.999 99.999 9.999
end_time of measurement, days from the file reference point
iron, ng/m3, Revision date=20181210133000
numflag iron, no unit, Revision date=20181210133000
lead, ng/m3, Revision date=20181210133000
numflag lead, no unit, Revision date=20181210133000
magnesium, ug/m3, Revision date=20181210133000
numflag magnesium, no unit, Revision date=20181210133000
nickel, ng/m3, Revision date=20181210133000
numflag nickel, no unit, Revision date=20181210133000
nitrate, ug N/m3, Revision date=20181210133000
numflag nitrate, no unit, Revision date=20181210133000
organic_carbon, ug C/m3, Revision date=20181210133000
numflag organic_carbon, no unit, Revision date=20181210133000
organic_mass, ug/m3, Revision date=20181210133000
numflag organic_mass, no unit, Revision date=20181210133000
phosphorus, ng/m3, Revision date=20181210133000
numflag phosphorus, no unit, Revision date=20181210133000
pm10_mass, ug/m3, Version=2, Version description=Data extracted from http://views.cira.colostate.edu/fed/DataWizard 2019-12-16, Sample duration=1d, Orig. time res.=3d, Matrix=pm10, Blank correction=Blank corrected, Volume std. temperature=ambient, Volume std. pressure=ambient
numflag pm10_mass, no unit, Version=2, Version description=Data extracted from http://views.cira.colostate.edu/fed/DataWizard 2019-12-16, Sample duration=1d, Orig. time res.=3d, Matrix=pm10, Blank correction=Blank corrected, Volume std. temperature=ambient, Volume std. pressure=ambient
pm10_pm25_mass, ug/m3, Revision date=20181210133000, Matrix=pm10_pm25
numflag pm10_pm25_mass, no unit, Revision date=20181210133000, Matrix=pm10_pm25
pm25_mass, ug/m3, Version=2, Version description=Data extracted from http://views.cira.colostate.edu/fed/DataWizard 2019-12-16, Sample duration=1d, Orig. time res.=3d, Blank correction=Blank corrected, Volume std. temperature=ambient, Volume std. pressure=ambient
numflag pm25_mass, no unit, Version=2, Version description=Data extracted from http://views.cira.colostate.edu/fed/DataWizard 2019-12-16, Sample duration=1d, Orig. time res.=3d, Blank correction=Blank corrected, Volume std. temperature=ambient, Volume std. pressure=ambient
potassium, ug/m3, Revision date=20181210133000
numflag potassium, no unit, Revision date=20181210133000
sulphate_total, ug S/m3, Revision date=20181210133000
numflag sulphate_total, no unit, Revision date=20181210133000
0
25
Data definition:              EBAS_1.1
Set type code:                TU
Timezone:                     UTC
File name:                    US9010R.20050101050000.20191216000000.filterpack..pm25.52w.1w.US03L_filterpack_US9010.US03L_IMPROVE_Davis.lev2.nas
File creation:                20191218120548
Startdate:                    20050101050000
Revision date:                20191216000000
Statistics:                   arithmetic mean
Data level:                   2
Period code:                  52w
Resolution code:              1w
Station code:                 US9010R
Platform code:                US9010S
Station name:                 Moosehorn NWR
Station latitude:             45.1259
Station longitude:            -67.2661
Station altitude:             77.0 m
Regime:                       IMG
Component:                    
Matrix:                       pm25
Laboratory code:              US03L
Instrument type:              filterpack
Instrument name:              filterpack_US9010
Method ref:                   US03L_IMPROVE_Davis
starttime endtime Fe flag_Fe Pb flag_Pb Mg++ flag_Mg++ Ni flag_Ni NO3- flag_NO3- OC flag_OC OM flag_OM P flag_P PM10 flag_PM10 PM10-PM2.5 flag_PM10-PM2.5 PM2.5 flag_PM2.5 K+ flag_K+ SO4-- flag_SO4--
[from data line 82]
246.208333 247.208333   5.82 0.000  1.25 0.000 9.999 0.259000  0.16 0.000 0.023 0.000   1.403 0.000   2.526 0.000 999.99 0.259000   6.383 0.000  2.070 0.000   4.311 0.000 0.069 0.000  0.342 0.000
249.208333 250.208333  12.52 0.000  1.51 0.000 9.999 0.259000  0.59 0.000 0.050 0.000   1.488 0.000   2.678 0.000 999.99 0.259000   8.082 0.000  2.972 0.000   5.108 0.000 0.041 0.000  0.397 0.000
252.208333 253.208333   3.50 0.000  0.57 0.000 9.999 0.259000  0.12 0.000 0.009 0.000   0.514 0.000   0.925 0.000 999.99 0.259000   3.494 0.000  2.133 0.000   1.361 0.000 0.018 0.000  0.086 0.000
255.208333 256.208333   8.17 0.000  0.73 0.000 9.999 0.259000  0.16 0.000 0.020 0.000   0.873 0.000   1.572 0.000 999.99 0.259000   4.186 0.000  1.965 0.000   2.250 0.000 0.015 0.000  0.132 0.000
258.208333 259.208333  11.69 0.000  1.31 0.000 9.999 0.259000  0.63 0.000 0.017 0.000   1.591 0.000   2.865 0.000 999.99 0.259000   9.596 0.000  2.687 0.000   6.907 0.000 0.027 0.000  0.803 0.000
261.208333 262.208333   5.16 0.000  1.29 0.000 9.999 0.259000  0.25 0.000 0.013 0.000   1.267 0.000   2.281 0.000 999.99 0.259000   7.932 0.000  3.746 0.000   4.185 0.000 0.067 0.000  0.336 0.000
264.208333 265.208333 999.99 0.699 99.99 0.699 9.999 0.699000 99.99 0.699 9.999 0.699 999.999 0.699 999.999 0.699 999.99 0.699000  13.677 0.000 99.999 0.699   7.403 0.000 9.999 0.699 99.999 0.699
267.208333 268.208333   3.54 0.000  2.87 0.000 0.008 0.000000  0.36 0.000 0.041 0.000   0.796 0.000   1.432 0.000 999.99 0.259000   5.653 0.000  3.109 0.000   2.494 0.000 0.082 0.000  0.131 0.000
270.208333 271.208333   9.35 0.000  2.29 0.000 9.999 0.259000  0.57 0.000 0.030 0.000   1.111 0.000   2.001 0.000 999.99 0.259000   7.516 0.000  3.478 0.000   4.062 0.000 0.174 0.000  0.373 0.000
273.208333 274.208333   7.53 0.000  0.61 0.000 0.010 0.000000  0.78 0.000 0.029 0.000   0.692 0.000   1.246 0.000 999.99 0.259000   5.223 0.000  2.234 0.000   2.946 0.000 0.011 0.000  0.302 0.000
276.208333 277.208333  14.46 0.000  2.72 0.000 9.999 0.259000  2.40 0.000 0.030 0.000   0.965 0.000   1.738 0.000 999.99 0.259000  15.942 0.000  2.531 0.000  13.325 0.000 0.015 0.000  2.398 0.000
279.208333 280.208333   9.42 0.000  0.24 0.000 0.025 0.000000  1.38 0.000 0.035 0.000   0.562 0.000   1.011 0.000 999.99 0.259000   8.094 0.000  3.520 0.000   4.508 0.000 0.014 0.000  0.834 0.000
282.208333 283.208333   1.04 0.000  0.15 0.000 9.999 0.259000 99.99 0.259 0.001 0.000   0.228 0.000   0.409 0.000   7.52 0.000000   2.228 0.000  1.662 0.000   0.545 0.000 0.008 0.000  0.035 0.000
285.208333 286.208333   2.84 0.000  0.19 0.000 0.029 0.000000  0.65 0.000 0.050 0.000   0.579 0.000   1.041 0.000 999.99 0.259000   7.837 0.000  4.661 0.000   3.104 0.000 0.019 0.000  0.267 0.000
288.208333 289.208333   0.28 0.000  0.31 0.000 9.999 0.259000 99.99 0.259 9.999 0.259   0.176 0.000   0.317 0.000   4.59 0.000000   1.455 0.000  0.912 0.000   0.530 0.000 0.009 0.000  0.015 0.000
291.208333 292.208333  10.85 0.000  0.98 0.000 0.011 0.000000  0.56 0.000 0.028 0.000   0.748 0.000   1.347 0.000 999.99 0.259000   6.476 0.000  2.672 0.000   3.804 0.000 0.050 0.000  0.510 0.000
294.208333 295.208333  18.91 0.000  0.67 0.000 0.006 0.000000  0.42 0.000 0.012 0.000   0.678 0.000   1.220 0.000 999.99 0.259000   3.296 0.000  1.311 0.000   1.958 0.000 0.073 0.000  0.125 0.000
297.208333 298.208333   0.77 0.000  0.20 0.000 9.999 0.259000 99.99 0.259 0.011 0.000   0.093 0.000   0.168 0.000 999.99 0.259000   2.744 0.000  1.695 0.000   1.053 0.000 0.008 0.000  0.053 0.000
300.208333 301.208333   7.17 0.000  2.51 0.000 9.999 0.259000  0.72 0.000 0.018 0.000   0.682 0.000   1.228 0.000 999.99 0.259000   4.009 0.000  1.140 0.000   2.840 0.000 0.030 0.000  0.345 0.000
303.208333 304.208333  35.98 0.000  5.17 0.000 9.999 0.259000  0.58 0.000 0.080 0.000   2.530 0.000   4.555 0.000 999.99 0.259000  15.473 0.000  3.284 0.000  12.078 0.000 0.111 0.000  1.388 0.000
306.208333 307.208333  23.52 0.000  1.03 0.000 0.019 0.000000  0.61 0.000 0.099 0.000   0.918 0.000   1.653 0.000 999.99 0.259000   7.501 0.000  2.939 0.000   4.502 0.000 0.121 0.000  0.486 0.000
309.208333 310.208333  10.77 0.000  1.46 0.000 9.999 0.259000  1.07 0.000 0.052 0.000   1.219 0.000   2.195 0.000 999.99 0.259000  12.048 0.000  1.521 0.000  10.446 0.000 0.035 0.000  1.701 0.000
312.208333 313.208333   3.82 0.000  1.33 0.000 9.999 0.259000  0.33 0.000 0.010 0.000   0.316 0.000   0.569 0.000 999.99 0.259000   1.832 0.000  0.820 0.000   0.997 0.000 0.040 0.000  0.077 0.000
315.208333 316.208333   3.24 0.000  0.50 0.000 9.999 0.259000  0.50 0.000 0.013 0.000   0.521 0.000   0.938 0.000 999.99 0.259000   2.014 0.000  0.384 0.000   1.615 0.000 0.027 0.000  0.125 0.000
318.208333 319.208333   6.02 0.000  0.62 0.000 9.999 0.259000  0.42 0.000 0.014 0.000   0.736 0.000   1.324 0.000 999.99 0.259000   2.291 0.000  1.015 0.000   1.276 0.000 0.033 0.000  0.068 0.000
321.208333 322.208333   4.98 0.000  0.76 0.000 9.999 0.259000  0.44 0.000 0.017 0.000   0.342 0.000   0.615 0.000 999.99 0.259000   2.513 0.000  0.860 0.000   1.633 0.000 0.049 0.000  0.186 0.000
324.208333 325.208333  39.44 0.000  5.22 0.000 9.999 0.259000  1.92 0.000 0.215 0.000   2.594 0.000   4.668 0.000 999.99 0.259000  15.909 0.000  4.878 0.000  10.908 0.000 0.079 0.000  1.000 0.000
327.208333 328.208333 999.99 0.999 99.99 0.999 9.999 0.999000 99.99 0.999 9.999 0.999 999.999 0.999 999.999 0.999 999.99 0.999000 999.999 0.999 99.999 0.999 999.999 0.999 9.999 0.999 99.999 0.999
330.208333 331.208333 999.99 0.999 99.99 0.999 9.999 0.999000 99.99 0.999 9.999 0.999 999.999 0.999 999.999 0.999 999.99 0.999000 999.999 0.999 99.999 0.999 999.999 0.999 9.999 0.999 99.999 0.999
333.208333 334.208333   0.81 0.000  0.27 0.000 0.198 0.000000  0.57 0.000 0.103 0.000   0.266 0.000   0.479 0.000 999.99 0.259000  14.499 0.000  7.346 0.000   7.190 0.000 0.055 0.000  0.579 0.000
336.208333 337.208333   3.91 0.000  0.88 0.000 9.999 0.259000  0.18 0.000 0.017 0.000   0.263 0.000   0.474 0.000 999.99 0.259000   2.101 0.000  0.744 0.000   1.341 0.000 0.012 0.000  0.171 0.000
339.208333 340.208333  13.23 0.000  0.84 0.000 0.007 0.000000  0.23 0.000 0.069 0.000   0.896 0.000   1.614 0.000 999.99 0.259000   5.235 0.000  1.956 0.000   3.257 0.000 0.062 0.000  0.347 0.000
342.208333 343.208333  13.51 0.000  2.96 0.000 0.006 0.000000  0.58 0.000 0.086 0.000   1.092 0.000   1.965 0.000 999.99 0.259000   4.668 0.000  1.388 0.000   3.244 0.000 0.052 0.000  0.180 0.000
345.208333 346.208333  31.29 0.000  4.67 0.000 9.999 0.259000  3.00 0.000 0.369 0.000   3.496 0.000   6.293 0.000 999.99 0.259000  16.080 0.000  1.245 0.000  14.728 0.000 0.132 0.000  1.622 0.000
348.208333 349.208333   8.21 0.000  0.53 0.000 0.008 0.000000  0.66 0.000 0.034 0.000   0.500 0.000   0.900 0.000 999.99 0.259000   3.635 0.000  1.680 0.000   1.942 0.000 0.067 0.000  0.181 0.000
351.208333 352.208333  10.12 0.000  1.01 0.000 9.999 0.259000  0.69 0.000 0.060 0.000   0.939 0.000   1.690 0.000 999.99 0.259000   6.888 0.000  0.838 0.000   6.002 0.000 0.061 0.000  0.972 0.000
354.208333 355.208333   8.24 0.000  0.35 0.000 0.025 0.000000  0.45 0.000 0.099 0.000   0.546 0.000   0.984 0.000 999.99 0.259000   4.278 0.000  1.114 0.000   3.163 0.000 0.040 0.000  0.193 0.000
357.208333 358.208333  11.03 0.000  2.17 0.000 9.999 0.259000  1.03 0.000 0.129 0.000   1.591 0.000   2.864 0.000 999.99 0.259000   9.153 0.000  0.365 0.000   8.729 0.000 0.053 0.000  1.223 0.000
360.208333 361.208333   2.57 0.000  0.14 0.000 9.999 0.259000  0.19 0.000 0.018 0.000   0.426 0.000   0.767 0.000 999.99 0.259000   2.380 0.000  0.639 0.000   1.730 0.000 0.024 0.000  0.108 0.000
363.208333 364.208333   2.37 0.000  0.18 0.000 9.999 0.259000 99.99 0.259 0.019 0.000   0.384 0.000   0.691 0.000 999.99 0.259000 999.999 0.456  1.532 0.000   1.379 0.000 0.021 0.000  0.119 0.000
