scripts/IMPROVE-2019_partial/data/US9010R.20040101050000.20191216000000.filterpack..pm25.52w.1w.US03L_filterpack_US9010.US03L_IMPROVE_Davis.lev2.nas
64 1001
MISSING INFORMATION
US03L, IMPROVE, , , , , , , 
MISSING INFORMATION
IMPROVE sel_HTAP
1 1
2004 01 01 2019 12 16
3.000000
days from file reference point
25
1 1 1 1 1 1 1 1 1 1 1 1 1 1 1 1 1 1 1 1 1 1 1 1 1
999.999999 999.99 9.999 99.99 9.999 9.999 9.999999 99.99 9.999 9.999 9.999 99.999 9.999 99.999 9.999 999.999 9.999 99.999 9.999 999.999 9.999 9.999 9.999 99.999 9.999
end_time of measurement, days from the file reference point
iron, ng/m3, Revision date=20181210133000
numflag iron, no unit, Revision date=20181210133000
lead, ng/m3, Revision date=20181210133000
numflag lead, no unit, Revision date=20181210133000
magnesium, ug/m3, Revision date=20181210133000
numflag magnesium, no unit, Revision date=20181210133000
nickel, ng/m3, Revision date=20181210133000
numflag nickel, no unit, Revision date=20181210133000
nitrate, ug N/m3, Revision date=20181210133000
numflag nitrate, no unit, Revision date=20181210133000
organic_carbon, ug C/m3, Revision date=20181210133000
numflag organic_carbon, no unit, Revision date=20181210133000
organic_mass, ug/m3, Revision date=20181210133000
numflag organic_mass, no unit, Revision date=20181210133000
pm10_mass, ug/m3, Version=2, Version description=Data extracted from http://views.cira.colostate.edu/fed/DataWizard 2019-12-16, Sample duration=1d, Orig. time res.=3d, Matrix=pm10, Blank correction=Blank corrected, Volume std. temperature=ambient, Volume std. pressure=ambient
numflag pm10_mass, no unit, Version=2, Version description=Data extracted from http://views.cira.colostate.edu/fed/DataWizard 2019-12-16, Sample duration=1d, Orig. time res.=3d, Matrix=pm10, Blank correction=Blank corrected, Volume std. temperature=ambient, Volume std. pressure=ambient
pm10_pm25_mass, ug/m3, Revision date=20181210133000, Matrix=pm10_pm25
numflag pm10_pm25_mass, no unit, Revision date=20181210133000, Matrix=pm10_pm25
pm25_mass, ug/m3, Version=2, Version description=Data extracted from http://views.cira.colostate.edu/fed/DataWizard 2019-12-16, Sample duration=1d, Orig. time res.=3d, Blank correction=Blank corrected, Volume std. temperature=ambient, Volume std. pressure=ambient
numflag pm25_mass, no unit, Version=2, Version description=Data extracted from http://views.cira.colostate.edu/fed/DataWizard 2019-12-16, Sample duration=1d, Orig. time res.=3d, Blank correction=Blank corrected, Volume std. temperature=ambient, Volume std. pressure=ambient
potassium, ug/m3, Revision date=20181210133000
numflag potassium, no unit, Revision date=20181210133000
sulphate_total, ug S/m3, Revision date=20181210133000
numflag sulphate_total, no unit, Revision date=20181210133000
0
25
Data definition:              EBAS_1.1
Set type code:                TU
Timezone:                     UTC
File name:                    US9010R.20040101050000.20191216000000.filterpack..pm25.52w.1w.US03L_filterpack_US9010.US03L_IMPROVE_Davis.lev2.nas
File creation:                20191218120547
Startdate:                    20040101050000
Revision date:                20191216000000
Statistics:                   arithmetic mean
Data level:                   2
Period code:                  52w
Resolution code:              1w
Station code:                 US9010R
Platform code:                US9010S
Station name:                 Moosehorn NWR
Station latitude:             45.1259
Station longitude:            -67.2661
Station altitude:             77.0 m
Regime:                       IMG
Component:                    
Matrix:                       pm25
Laboratory code:              US03L
Instrument type:              filterpack
Instrument name:              filterpack_US9010
Method ref:                   US03L_IMPROVE_Davis
starttime endtime Fe flag_Fe Pb flag_Pb Mg++ flag_Mg++ Ni flag_Ni NO3- flag_NO3- OC flag_OC OM flag_OM PM10 flag_PM10 PM10-PM2.5 flag_PM10-PM2.5 PM2.5 flag_PM2.5 K+ flag_K+ SO4-- flag_SO4--
  0.208333   1.208333   3.12 0.000  0.54 0.000 9.999 0.259000  0.33 0.000 0.025 0.559  0.470 0.000  0.658 0.000   2.594 0.000  0.782 0.000   1.812 0.000 0.024 0.000  0.236 0.559
  3.208333   4.208333   3.94 0.000  1.25 0.000 9.999 0.259000  0.75 0.000 0.049 0.000  0.861 0.000  1.206 0.000   4.699 0.000  0.618 0.000   4.081 0.000 0.107 0.000  0.630 0.000
  6.208333   7.208333   9.00 0.000  7.96 0.000 9.999 0.259000  0.33 0.000 0.092 0.559  0.676 0.000  0.947 0.000   5.429 0.000  2.803 0.000   2.627 0.000 0.082 0.000  0.264 0.559
  9.208333  10.208333   4.90 0.000  0.47 0.000 9.999 0.259000  0.33 0.000 0.069 0.559  0.682 0.000  0.955 0.000   3.195 0.000  1.061 0.000   2.134 0.000 0.026 0.000  0.151 0.559
 12.208333  13.208333   8.67 0.000  1.43 0.000 9.999 0.259000  0.88 0.000 0.153 0.000  1.477 0.000  2.068 0.000   6.761 0.000  1.929 0.000   4.832 0.000 0.049 0.000  0.371 0.000
 15.208333  16.208333   5.81 0.000  0.99 0.000 9.999 0.259000  0.75 0.000 0.088 0.000  0.695 0.000  0.972 0.000   6.731 0.000  2.224 0.000   4.508 0.000 0.250 0.000  0.350 0.000
 18.208333  19.208333   7.97 0.000  2.10 0.000 9.999 0.259000  1.25 0.000 0.124 0.000  1.155 0.000  1.617 0.000   5.397 0.000  0.972 0.000   4.425 0.000 0.116 0.000  0.461 0.000
 21.208333  22.208333  12.39 0.000  1.35 0.000 9.999 0.259000  1.01 0.000 0.181 0.000  1.654 0.000  2.315 0.000   7.882 0.000  2.186 0.000   5.696 0.000 0.073 0.000  0.417 0.000
 24.208333  25.208333   8.56 0.000  2.44 0.000 9.999 0.259000  0.67 0.000 0.046 0.000  0.533 0.000  0.747 0.000   3.258 0.000  0.823 0.000   2.435 0.000 0.059 0.000  0.252 0.000
 27.208333  28.208333  14.81 0.000  1.07 0.000 9.999 0.259000  0.32 0.000 0.067 0.000  0.976 0.000  1.366 0.000   5.971 0.000  2.712 0.000   3.259 0.000 0.042 0.000  0.283 0.000
 30.208333  31.208333  15.20 0.000  2.73 0.000 0.057 0.000000  0.79 0.000 0.176 0.000  1.496 0.000  2.094 0.000   7.498 0.000  1.224 0.000   6.274 0.000 0.103 0.000  0.501 0.000
 33.208333  34.208333  21.79 0.000  0.91 0.000 9.999 0.259000  0.66 0.000 0.145 0.000  1.212 0.000  1.697 0.000   6.940 0.000  1.506 0.000   5.434 0.000 0.070 0.000  0.571 0.000
 36.208333  37.208333  12.98 0.000  1.87 0.000 9.999 0.259000  1.11 0.000 0.060 0.000  0.620 0.000  0.869 0.000   4.936 0.000  2.263 0.000   2.673 0.000 0.159 0.000  0.273 0.000
 39.208333  40.208333   8.77 0.000  1.45 0.000 0.043 0.000000  0.59 0.000 0.067 0.000  0.736 0.000  1.030 0.000   4.767 0.000  1.566 0.000   3.200 0.000 0.020 0.000  0.327 0.000
 42.208333  43.208333   8.88 0.000  1.18 0.000 0.027 0.000000  0.69 0.000 0.066 0.000  0.647 0.000  0.906 0.000   4.756 0.000  2.351 0.000   2.405 0.000 0.076 0.000  0.249 0.000
 45.208333  46.208333   5.23 0.000  0.75 0.000 0.021 0.000000  0.31 0.000 0.030 0.000  0.557 0.000  0.780 0.000   2.940 0.000  0.865 0.000   2.074 0.000 0.029 0.000  0.218 0.000
 48.208333  49.208333  15.70 0.000  1.95 0.000 9.999 0.259000  0.69 0.000 0.079 0.000  1.430 0.000  2.002 0.000   8.039 0.000  3.070 0.000   4.969 0.000 0.054 0.000  0.579 0.000
 51.208333  52.208333   7.24 0.000  1.55 0.000 9.999 0.259000  0.54 0.000 0.055 0.000  0.801 0.000  1.121 0.000   5.093 0.000  2.060 0.000   3.033 0.000 0.033 0.000  0.293 0.000
 54.208333  55.208333  12.22 0.000  1.30 0.000 9.999 0.259000  0.42 0.000 0.060 0.000  0.669 0.000  0.937 0.000   4.143 0.000  1.105 0.000   3.038 0.000 0.112 0.000  0.365 0.000
 57.208333  58.208333  10.16 0.000  0.30 0.000 9.999 0.259000 99.99 0.259 0.010 0.000  0.353 0.000  0.495 0.000   3.556 0.000  2.359 0.000   1.197 0.000 0.018 0.000  0.125 0.000
 60.208333  61.208333  17.76 0.000  2.01 0.000 0.050 0.000000  0.37 0.000 0.125 0.000  1.347 0.000  1.885 0.000   7.363 0.000  2.079 0.000   5.284 0.000 0.074 0.000  0.571 0.000
 63.208333  64.208333  11.51 0.000  1.53 0.000 9.999 0.259000  0.37 0.000 0.017 0.000  0.578 0.000  0.809 0.000   5.146 0.000  1.224 0.000   3.921 0.000 0.067 0.000  0.674 0.000
 66.208333  67.208333   7.53 0.000  0.79 0.000 0.094 0.000000  0.22 0.000 0.023 0.000  0.377 0.000  0.528 0.000   3.409 0.000  1.044 0.000   2.365 0.000 0.071 0.000  0.359 0.000
 69.208333  70.208333  10.75 0.000  0.81 0.000 0.062 0.000000  0.24 0.000 0.052 0.559  0.623 0.000  0.872 0.000   4.882 0.000  2.147 0.000   2.736 0.000 0.025 0.000  0.317 0.559
 72.208333  73.208333  10.75 0.000  1.41 0.000 0.056 0.000000  0.28 0.000 0.105 0.000  0.616 0.000  0.863 0.000   5.051 0.000  1.290 0.000   3.760 0.000 0.071 0.000  0.506 0.000
 75.208333  76.208333  13.00 0.000  1.08 0.000 9.999 0.259000 99.99 0.259 0.029 0.559  0.401 0.000  0.561 0.000   3.743 0.000  1.273 0.000   2.470 0.000 0.040 0.000  0.374 0.559
 78.208333  79.208333  15.85 0.000  1.25 0.000 9.999 0.259000  0.24 0.000 0.051 0.559  0.724 0.000  1.014 0.000   5.640 0.000  2.437 0.000   3.203 0.000 0.028 0.000  0.338 0.559
 81.208333  82.208333  13.18 0.000  1.61 0.000 9.999 0.259000  0.50 0.000 0.077 0.559  0.491 0.000  0.687 0.000   5.513 0.000  1.875 0.000   3.639 0.000 0.058 0.000  0.495 0.559
 84.208333  85.208333  17.23 0.000  2.04 0.000 9.999 0.259000  0.55 0.000 0.193 0.559  0.810 0.000  1.134 0.000  12.500 0.000  5.166 0.000   7.334 0.000 0.048 0.000  0.918 0.559
 87.208333  88.208333   9.50 0.000  0.70 0.000 9.999 0.259000 99.99 0.259 0.030 0.559  0.355 0.000  0.497 0.000   3.662 0.000  1.117 0.000   2.544 0.000 0.026 0.000  0.270 0.559
 90.208333  91.208333  17.42 0.000  1.01 0.000 0.061 0.000000  0.25 0.000 0.092 0.559  0.323 0.000  0.452 0.000  12.142 0.000  6.798 0.000   5.344 0.000 0.052 0.000  0.475 0.559
 93.208333  94.208333   3.51 0.000  0.30 0.000 9.999 0.259000 99.99 0.259 0.008 0.000  0.263 0.000  0.368 0.000   3.389 0.000  0.008 0.000   3.381 0.000 0.008 0.000  0.502 0.000
 96.208333  97.208333   7.00 0.000  0.46 0.000 9.999 0.259000  0.46 0.000 0.027 0.000  0.999 0.000  1.399 0.000   3.573 0.000  0.679 0.000   2.893 0.000 0.128 0.000  0.231 0.000
 99.208333 100.208333  28.91 0.000  3.29 0.000 0.034 0.000000  0.62 0.000 0.081 0.000  1.011 0.000  1.416 0.000   9.065 0.000  3.895 0.000   5.170 0.000 0.046 0.000  0.522 0.000
102.208333 103.208333  12.38 0.000  1.81 0.000 9.999 0.259000  0.32 0.000 0.038 0.559  0.968 0.000  1.355 0.000   5.187 0.000  1.279 0.000   3.908 0.000 0.079 0.000  0.432 0.559
105.208333 106.208333   6.59 0.000  0.88 0.000 9.999 0.259000  0.11 0.000 0.008 0.000  0.457 0.000  0.640 0.000   2.928 0.000  0.785 0.000   2.144 0.000 0.018 0.000  0.322 0.000
108.208333 109.208333  25.10 0.000  2.31 0.000 0.048 0.000000  0.54 0.000 0.064 0.000  1.501 0.000  2.101 0.000   6.652 0.000  1.368 0.000   5.284 0.000 0.134 0.000  0.646 0.000
111.208333 112.208333  18.21 0.000  1.10 0.000 9.999 0.259000  0.35 0.000 0.042 0.000  0.757 0.000  1.060 0.000   6.275 0.000  2.924 0.000   3.351 0.000 0.031 0.000  0.365 0.000
114.208333 115.208333  12.57 0.000  1.71 0.000 9.999 0.259000 99.99 0.259 0.036 0.000  0.694 0.000  0.972 0.000   4.588 0.000  1.603 0.000   2.985 0.000 0.031 0.000  0.372 0.000
117.208333 118.208333   3.25 0.000  0.94 0.000 0.035 0.000000  0.33 0.000 0.013 0.000  0.638 0.000  0.893 0.000   3.278 0.000  0.576 0.000   2.701 0.000 0.053 0.000  0.366 0.000
120.208333 121.208333  71.44 0.000  3.01 0.000 0.096 0.000000  0.78 0.000 0.281 0.000  2.002 0.000  2.804 0.000  22.538 0.000  7.789 0.000  14.749 0.000 0.073 0.000  1.739 0.000
123.208333 124.208333   3.10 0.000  0.64 0.000 9.999 0.259000  0.43 0.000 0.009 0.000  0.335 0.000  0.469 0.000   2.769 0.000  0.526 0.000   2.243 0.000 0.006 0.000  0.384 0.000
126.208333 127.208333  32.18 0.000  2.54 0.000 9.999 0.259000  1.04 0.000 0.155 0.000  1.567 0.000  2.194 0.000  14.180 0.000  3.794 0.000  10.386 0.000 0.040 0.000  1.417 0.000
129.208333 130.208333  24.33 0.000  2.28 0.000 9.999 0.259000  0.35 0.000 0.058 0.559  0.876 0.000  1.226 0.000   7.028 0.000  2.561 0.000   4.466 0.000 0.043 0.000  0.439 0.559
132.208333 133.208333  23.45 0.000  1.75 0.000 9.999 0.259000  0.16 0.000 0.016 0.000  0.913 0.000  1.278 0.000   6.986 0.000  3.134 0.000   3.851 0.000 0.065 0.000  0.410 0.000
135.208333 136.208333  15.65 0.000  1.32 0.000 0.204 0.000000  1.27 0.000 0.021 0.000  1.709 0.000  2.393 0.000  11.460 0.000  1.392 0.000  10.068 0.000 0.024 0.000  1.619 0.000
138.208333 139.208333   3.06 0.000  0.55 0.000 9.999 0.259000  0.50 0.000 0.017 0.000  0.498 0.000  0.697 0.000   3.133 0.000  0.661 0.000   2.471 0.000 0.009 0.000  0.348 0.000
141.208333 142.208333  15.74 0.000  0.96 0.000 9.999 0.259000  0.45 0.000 0.047 0.000  0.807 0.000  1.130 0.000   7.191 0.000  2.939 0.000   4.252 0.000 0.045 0.000  0.513 0.000
144.208333 145.208333  12.00 0.000  1.83 0.000 9.999 0.259000  0.56 0.000 0.016 0.559  1.428 0.000  1.999 0.000   6.071 0.000  0.993 0.000   5.078 0.000 0.034 0.000  0.569 0.559
147.208333 148.208333   3.57 0.000 99.99 0.259 9.999 0.259000  0.43 0.000 0.009 0.559  0.765 0.000  1.072 0.000   5.431 0.000  2.148 0.000   3.283 0.000 0.039 0.000  0.385 0.559
150.208333 151.208333   3.27 0.000  0.29 0.000 9.999 0.259000  0.35 0.000 0.010 0.559  0.299 0.000  0.419 0.000   3.867 0.000  2.368 0.000   1.499 0.000 0.161 0.000  0.147 0.559
153.208333 154.208333   3.09 0.000  0.67 0.000 0.099 0.000000  0.35 0.000 0.020 0.000  0.368 0.000  0.516 0.000   5.156 0.000  3.816 0.000   1.340 0.000 0.008 0.000  0.124 0.000
156.208333 157.208333  12.25 0.000  1.03 0.000 9.999 0.259000  0.21 0.000 0.030 0.559  0.927 0.000  1.298 0.000   5.374 0.000  2.754 0.000   2.619 0.000 0.169 0.000  0.209 0.559
159.208333 160.208333  17.44 0.000  1.90 0.000 9.999 0.259000  0.64 0.000 0.035 0.559  1.525 0.000  2.135 0.000  13.039 0.000  4.282 0.000   8.756 0.000 0.121 0.000  1.262 0.559
162.208333 163.208333  24.15 0.000  0.79 0.000 9.999 0.259000  0.22 0.000 0.010 0.000  0.421 0.000  0.589 0.000   5.697 0.000  4.167 0.000   1.530 0.000 0.043 0.000  0.123 0.000
165.208333 166.208333  11.73 0.000  0.37 0.000 9.999 0.259000  0.58 0.000 0.124 0.559  0.497 0.000  0.696 0.000  11.161 0.000  5.568 0.000   5.592 0.000 0.040 0.000  0.314 0.559
168.208333 169.208333  40.60 0.000  1.65 0.000 9.999 0.259000  0.23 0.000 0.045 0.000  1.456 0.000  2.038 0.000   9.204 0.000  4.833 0.000   4.371 0.000 0.223 0.000  0.256 0.000
171.208333 172.208333   5.72 0.000  0.53 0.000 9.999 0.259000  0.39 0.000 0.011 0.000  0.572 0.000  0.801 0.000   4.754 0.000  3.087 0.000   1.667 0.000 0.102 0.000  0.148 0.000
174.208333 175.208333   9.03 0.000  4.32 0.000 9.999 0.259000  0.48 0.000 0.013 0.000  1.002 0.000  1.403 0.000  10.150 0.000  3.701 0.000   6.448 0.000 0.019 0.000  0.969 0.000
177.208333 178.208333   1.15 0.000  1.48 0.000 0.058 0.000000  1.05 0.000 0.012 0.000  0.561 0.000  0.786 0.000   3.844 0.000  1.468 0.000   2.377 0.000 0.035 0.000  0.248 0.000
180.208333 181.208333  10.71 0.000  1.23 0.000 0.104 0.000000  0.28 0.000 0.018 0.000  1.253 0.000  1.754 0.000   5.647 0.000  1.752 0.000   3.895 0.000 0.086 0.000  0.382 0.000
183.208333 184.208333  10.84 0.000  1.43 0.000 9.999 0.259000  0.82 0.000 0.041 0.000  1.168 0.000  1.636 0.000  14.300 0.000  2.866 0.000  11.434 0.000 0.030 0.000  1.927 0.000
186.208333 187.208333   3.59 0.000  1.03 0.000 9.999 0.259000  0.57 0.000 0.016 0.000  0.810 0.000  1.134 0.000   5.332 0.000  0.969 0.000   4.363 0.000 0.024 0.000  0.612 0.000
189.208333 190.208333   6.28 0.000  1.16 0.000 9.999 0.259000  0.49 0.000 0.021 0.000  1.437 0.000  2.012 0.000   7.978 0.000  3.328 0.000   4.650 0.000 0.022 0.000  0.514 0.000
192.208333 193.208333   3.43 0.000  0.21 0.000 9.999 0.259000 99.99 0.259 0.007 0.000  2.584 0.000  3.618 0.000   7.606 0.000  2.228 0.000   5.377 0.000 0.050 0.000  0.108 0.000
195.208333 196.208333   3.35 0.000  0.83 0.000 0.048 0.000000  0.62 0.000 0.069 0.000  1.849 0.000  2.588 0.000  11.822 0.000  4.753 0.000   7.069 0.000 0.051 0.000  0.622 0.000
198.208333 199.208333  19.69 0.000  4.06 0.000 9.999 0.259000  0.88 0.000 0.040 0.000  3.038 0.000  4.253 0.000  15.294 0.000  1.686 0.000  13.609 0.000 0.042 0.000  1.740 0.000
201.208333 202.208333   5.35 0.000  0.77 0.000 0.053 0.000000  0.37 0.000 0.014 0.000  1.324 0.000  1.853 0.000   6.851 0.000  2.566 0.000   4.285 0.000 0.025 0.000  0.490 0.000
204.208333 205.208333  13.38 0.000  1.20 0.000 9.999 0.259000  1.24 0.000 0.009 0.000  1.448 0.000  2.027 0.000  14.779 0.000  1.483 0.000  13.296 0.000 0.026 0.000  2.421 0.000
207.208333 208.208333   8.71 0.000  0.48 0.000 9.999 0.259000  0.30 0.000 0.019 0.000  1.906 0.000  2.668 0.000   9.081 0.000  4.320 0.000   4.761 0.000 0.069 0.000  0.197 0.000
210.208333 211.208333   6.06 0.000  2.52 0.000 9.999 0.259000  0.32 0.000 0.014 0.559  2.263 0.000  3.168 0.000   8.670 0.000  2.423 0.000   6.247 0.000 0.033 0.000  0.616 0.559
213.208333 214.208333   7.51 0.000  0.74 0.000 0.056 0.000000  0.64 0.000 0.071 0.000  1.451 0.000  2.031 0.000   9.177 0.000  2.353 0.000   6.823 0.000 0.032 0.000  1.019 0.000
216.208333 217.208333  15.37 0.000  0.80 0.000 9.999 0.259000  0.37 0.000 0.019 0.000  2.012 0.000  2.817 0.000   7.966 0.000  2.643 0.000   5.323 0.000 0.126 0.000  0.467 0.000
219.208333 220.208333  14.67 0.456  0.56 0.456 9.999 0.456259  0.23 0.456 0.013 0.000  1.420 0.000  1.988 0.000   5.580 0.000 99.999 0.999 999.999 0.456 0.028 0.456  0.245 0.000
222.208333 223.208333  19.80 0.456  1.69 0.456 9.999 0.456259  0.41 0.456 0.022 0.000  2.489 0.000  3.484 0.000  10.589 0.000 99.999 0.999 999.999 0.456 0.076 0.456  0.714 0.000
225.208333 226.208333   3.39 0.000 99.99 0.259 9.999 0.259000  0.43 0.000 0.027 0.000  0.983 0.000  1.377 0.000   5.506 0.000  2.276 0.000   3.231 0.000 0.018 0.000  0.258 0.000
228.208333 229.208333  15.33 0.000  2.69 0.000 9.999 0.259000  0.13 0.000 0.017 0.559  2.172 0.000  3.040 0.000   8.109 0.000  3.200 0.000   4.909 0.000 0.054 0.000  0.164 0.559
231.208333 232.208333  12.47 0.000  1.06 0.000 9.999 0.259000  0.91 0.000 0.046 0.000  0.789 0.000  1.104 0.000  12.153 0.000 99.999 0.259  12.585 0.000 0.023 0.000  2.074 0.000
234.208333 235.208333   7.78 0.000  1.37 0.000 9.999 0.259000  0.27 0.000 0.017 0.559  1.506 0.000  2.109 0.000   6.237 0.000  2.420 0.000   3.818 0.000 0.111 0.000  0.272 0.559
237.208333 238.208333  14.07 0.000  0.32 0.000 9.999 0.259000  0.23 0.000 0.011 0.559  1.234 0.000  1.727 0.000   4.340 0.000  2.254 0.000   2.086 0.000 0.032 0.000  0.063 0.559
240.208333 241.208333  22.61 0.000  1.27 0.000 9.999 0.259000  0.67 0.000 0.021 0.000  2.083 0.000  2.917 0.000  15.327 0.000  2.108 0.000  13.219 0.000 0.070 0.000  2.236 0.000
243.208333 244.208333   3.83 0.000 99.99 0.259 9.999 0.259000  0.35 0.000 0.012 0.559  0.787 0.000  1.102 0.000   4.436 0.000  2.496 0.000   1.940 0.000 0.054 0.000  0.144 0.559
246.208333 247.208333  15.30 0.000  1.07 0.000 9.999 0.259000  0.49 0.000 0.039 0.559  1.794 0.000  2.512 0.000   8.805 0.000  3.823 0.000   4.982 0.000 0.021 0.000  0.382 0.559
249.208333 250.208333   3.34 0.000  0.34 0.000 0.075 0.000000  0.17 0.000 0.031 0.000  0.414 0.000  0.579 0.000   4.423 0.000  2.605 0.000   1.818 0.000 0.010 0.000  0.095 0.000
252.208333 253.208333   9.06 0.000  0.54 0.000 9.999 0.259000  0.31 0.000 0.012 0.000  0.809 0.000  1.133 0.000   4.506 0.000  2.251 0.000   2.255 0.000 0.015 0.000  0.165 0.000
255.208333 256.208333   4.59 0.000  0.94 0.000 9.999 0.259000  0.42 0.000 0.030 0.000  1.310 0.000  1.834 0.000   5.746 0.000  2.619 0.000   3.127 0.000 0.017 0.000  0.116 0.000
258.208333 259.208333  15.45 0.000  0.52 0.000 9.999 0.259000  0.42 0.000 0.042 0.000  0.971 0.000  1.359 0.000   6.616 0.000  3.963 0.000   2.653 0.000 0.015 0.000  0.176 0.000
261.208333 262.208333   7.42 0.000  0.63 0.000 9.999 0.259000  0.28 0.000 0.010 0.000  1.180 0.000  1.652 0.000   5.614 0.000  3.028 0.000   2.585 0.000 0.031 0.000  0.176 0.000
264.208333 265.208333  17.89 0.000  0.61 0.000 9.999 0.259000  0.15 0.000 0.018 0.000  1.130 0.000  1.582 0.000   5.870 0.000  3.495 0.000   2.374 0.000 0.073 0.000  0.083 0.000
