scripts/IMPROVE-2019_partial/data/US9078R.20020102080000.20191216000000.filterpack..pm25.52w.1w.US03L_filterpack_US9078.US03L_IMPROVE_Davis.lev2.nas
66 1001
MISSING INFORMATION
US03L, IMPROVE, , , , , , , 
MISSING INFORMATION
IMPROVE sel_HTAP
1 1
2002 01 01 2019 12 16
3.000000
days from file reference point
27
1 1 1 1 1 1 1 1 1 1 1 1 1 1 1 1 1 1 1 1 1 1 1 1 1 1 1
999.999999 999.99 9.999999 99.99 9.999999 9.999 9.999999999 9.99 9.999999 9.999 9.999999 99.999 9.999 99.999 9.999 99.99 9.999999999 999.999 9.999 99.999 9.999 99.999 9.999 9.999 9.999999 9.999 9.999999
end_time of measurement, days from the file reference point
iron, ng/m3, Revision date=20181210133000
numflag iron, no unit, Revision date=20181210133000
lead, ng/m3, Revision date=20181210133000
numflag lead, no unit, Revision date=20181210133000
magnesium, ug/m3, Revision date=20181210133000
numflag magnesium, no unit, Revision date=20181210133000
nickel, ng/m3, Revision date=20181210133000
numflag nickel, no unit, Revision date=20181210133000
nitrate, ug N/m3, Revision date=20181210133000
numflag nitrate, no unit, Revision date=20181210133000
organic_carbon, ug C/m3, Revision date=20181210133000
numflag organic_carbon, no unit, Revision date=20181210133000
organic_mass, ug/m3, Revision date=20181210133000
numflag organic_mass, no unit, Revision date=20181210133000
phosphorus, ng/m3, Revision date=20181210133000
numflag phosphorus, no unit, Revision date=20181210133000
pm10_mass, ug/m3, Version=2, Version description=Data extracted from http://views.cira.colostate.edu/fed/DataWizard 2019-12-16, Sample duration=1d, Orig. time res.=3d, Matrix=pm10, Blank correction=Blank corrected, Volume std. temperature=ambient, Volume std. pressure=ambient
numflag pm10_mass, no unit, Version=2, Version description=Data extracted from http://views.cira.colostate.edu/fed/DataWizard 2019-12-16, Sample duration=1d, Orig. time res.=3d, Matrix=pm10, Blank correction=Blank corrected, Volume std. temperature=ambient, Volume std. pressure=ambient
pm10_pm25_mass, ug/m3, Revision date=20181210133000, Matrix=pm10_pm25
numflag pm10_pm25_mass, no unit, Revision date=20181210133000, Matrix=pm10_pm25
pm25_mass, ug/m3, Version=2, Version description=Data extracted from http://views.cira.colostate.edu/fed/DataWizard 2019-12-16, Sample duration=1d, Orig. time res.=3d, Blank correction=Blank corrected, Volume std. temperature=ambient, Volume std. pressure=ambient
numflag pm25_mass, no unit, Version=2, Version description=Data extracted from http://views.cira.colostate.edu/fed/DataWizard 2019-12-16, Sample duration=1d, Orig. time res.=3d, Blank correction=Blank corrected, Volume std. temperature=ambient, Volume std. pressure=ambient
potassium, ug/m3, Revision date=20181210133000
numflag potassium, no unit, Revision date=20181210133000
sulphate_total, ug S/m3, Revision date=20181210133000
numflag sulphate_total, no unit, Revision date=20181210133000
0
25
Data definition:              EBAS_1.1
Set type code:                TU
Timezone:                     UTC
File name:                    US9078R.20020102080000.20191216000000.filterpack..pm25.52w.1w.US03L_filterpack_US9078.US03L_IMPROVE_Davis.lev2.nas
File creation:                20191218121054
Startdate:                    20020102080000
Revision date:                20191216000000
Statistics:                   arithmetic mean
Data level:                   2
Period code:                  52w
Resolution code:              1w
Station code:                 US9078R
Platform code:                US9078S
Station name:                 White Pass
Station latitude:             46.6243
Station longitude:            -121.3881
Station altitude:             1827.0 m
Regime:                       IMG
Component:                    
Matrix:                       pm25
Laboratory code:              US03L
Instrument type:              filterpack
Instrument name:              filterpack_US9078
Method ref:                   US03L_IMPROVE_Davis
starttime endtime Fe flag_Fe Pb flag_Pb Mg++ flag_Mg++ Ni flag_Ni NO3- flag_NO3- OC flag_OC OM flag_OM P flag_P PM10 flag_PM10 PM10-PM2.5 flag_PM10-PM2.5 PM2.5 flag_PM2.5 K+ flag_K+ SO4-- flag_SO4--
[from data line 75]
226.333333 227.333333  29.48 0.000000  0.29 0.000000 9.999 0.259000000 0.18 0.000000 0.071 0.559000  1.227 0.000  1.717 0.000 99.99 0.259000000   6.701 0.000  2.832 0.000  3.869 0.000 0.025 0.000000 0.162 0.559000
229.333333 230.333333  26.46 0.000000  0.29 0.000000 9.999 0.259000000 9.99 0.259000 0.032 0.559000  0.830 0.000  1.162 0.000 99.99 0.259000000   5.726 0.000  2.841 0.000  2.886 0.000 0.019 0.000000 0.116 0.559000
232.333333 233.333333   7.19 0.000000  0.26 0.000000 0.023 0.000000000 0.17 0.000000 0.018 0.559000  0.610 0.000  0.853 0.000 99.99 0.259000000   2.439 0.000  0.581 0.000  1.858 0.000 0.008 0.000000 0.126 0.559000
235.333333 236.333333  25.53 0.559000  0.44 0.559000 9.999 0.559259000 0.15 0.559000 0.025 0.559000  1.591 0.000  2.228 0.000 99.99 0.559259000   7.108 0.000  2.994 0.000  4.114 0.559 0.023 0.559000 0.180 0.559000
238.333333 239.333333  19.17 0.000000  0.26 0.000000 9.999 0.259000000 0.09 0.000000 0.010 0.559000  1.633 0.000  2.287 0.000 99.99 0.259000000   8.845 0.000  4.653 0.000  4.192 0.000 0.017 0.000000 0.180 0.559000
241.333333 242.333333  19.05 0.000000  0.17 0.000000 9.999 0.259000000 0.14 0.000000 0.050 0.559000  0.707 0.000  0.989 0.000 99.99 0.259000000   6.040 0.000  3.200 0.000  2.841 0.000 0.016 0.000000 0.236 0.559000
244.333333 245.333333   5.40 0.000000  0.44 0.000000 0.021 0.000000000 9.99 0.259000 0.004 0.559000  0.259 0.000  0.362 0.000 99.99 0.259000000   1.315 0.000  0.579 0.000  0.736 0.000 0.009 0.000000 0.073 0.559000
247.333333 248.333333  20.23 0.000000  0.58 0.000000 9.999 0.259000000 9.99 0.259000 0.122 0.559000  0.808 0.000  1.131 0.000 99.99 0.259000000   5.958 0.000  2.278 0.000  3.680 0.000 0.020 0.000000 0.327 0.559000
250.333333 251.333333   2.69 0.000000  0.26 0.000000 0.023 0.000000000 9.99 0.259000 0.009 0.559000  0.138 0.000  0.193 0.000 99.99 0.259000000   1.116 0.000  0.224 0.000  0.892 0.000 0.006 0.000000 0.091 0.559000
253.333333 254.333333  37.73 0.000000  1.14 0.000000 0.022 0.000000000 9.99 0.259000 0.016 0.559000  0.984 0.000  1.377 0.000 99.99 0.259000000   6.618 0.000  3.000 0.000  3.618 0.000 0.030 0.000000 0.230 0.559000
256.333333 257.333333  85.46 0.699000  1.13 0.699000 9.999 0.699259000 0.13 0.699000 0.024 0.559000  1.389 0.000  1.944 0.000 99.99 0.699259000   9.681 0.000  4.518 0.000  5.164 0.699 0.044 0.699000 0.239 0.559000
259.333333 260.333333   3.24 0.000000  0.30 0.000000 9.999 0.259000000 9.99 0.259000 0.039 0.559000  0.104 0.000  0.145 0.000 99.99 0.259000000   1.546 0.000  0.214 0.000  1.332 0.000 0.006 0.000000 0.114 0.559000
262.333333 263.333333 999.99 0.999000 99.99 0.999000 9.999 0.999000000 9.99 0.999000 9.999 0.999000 99.999 0.999 99.999 0.999 99.99 0.999000000 999.999 0.999 99.999 0.999 99.999 0.999 9.999 0.999000 9.999 0.999000
265.333333 266.333333 999.99 0.999000 99.99 0.999000 9.999 0.999000000 9.99 0.999000 9.999 0.999000 99.999 0.999 99.999 0.999 99.99 0.999000000 999.999 0.999 99.999 0.999 99.999 0.999 9.999 0.999000 9.999 0.999000
268.333333 269.333333 999.99 0.999000 99.99 0.999000 9.999 0.999000000 9.99 0.999000 9.999 0.999000 99.999 0.999 99.999 0.999 99.99 0.999000000 999.999 0.999 99.999 0.999 99.999 0.999 9.999 0.999000 9.999 0.999000
271.333333 272.333333 999.99 0.999000 99.99 0.999000 9.999 0.999000000 9.99 0.999000 9.999 0.999000 99.999 0.999 99.999 0.999 99.99 0.999000000 999.999 0.999 99.999 0.999 99.999 0.999 9.999 0.999000 9.999 0.999000
274.333333 275.333333   6.22 0.000000  0.49 0.000000 0.010 0.000000000 0.12 0.000000 0.028 0.000000  0.406 0.000  0.568 0.000 99.99 0.259000000   2.108 0.000  0.503 0.000  1.605 0.000 0.011 0.000000 0.106 0.000000
277.333333 278.333333   0.03 0.000000 99.99 0.259000 9.999 0.259000000 9.99 0.259000 0.000 0.000000 99.999 0.259 99.999 0.259 99.99 0.259000000   0.041 0.000 99.999 0.259  0.062 0.000 0.003 0.000000 9.999 0.259000
280.333333 281.333333   8.83 0.000000  0.56 0.000000 9.999 0.259000000 0.11 0.000000 0.011 0.000000  0.494 0.000  0.691 0.000 99.99 0.259000000   1.966 0.000  0.206 0.000  1.760 0.000 0.018 0.000000 0.128 0.000000
283.333333 284.333333   1.80 0.000000  0.21 0.000000 0.012 0.000000000 9.99 0.259000 0.033 0.000000  0.350 0.000  0.490 0.000 99.99 0.259000000   2.162 0.000  0.672 0.000  1.490 0.000 0.013 0.000000 0.093 0.000000
286.333333 287.333333  29.48 0.559000  0.54 0.559000 9.999 0.559259000 9.99 0.559259 0.016 0.000000  0.830 0.000  1.162 0.000 99.99 0.559259000   5.115 0.000  2.767 0.000  2.348 0.559 0.027 0.559000 0.078 0.000000
289.333333 290.333333  30.85 0.000000  0.97 0.000000 9.999 0.259000000 9.99 0.259000 0.013 0.000000  0.254 0.000  0.355 0.000 99.99 0.259000000   4.191 0.000  2.523 0.000  1.668 0.000 0.024 0.000000 0.112 0.000000
292.333333 293.333333   1.45 0.000000  0.28 0.000000 0.015 0.000000000 0.08 0.000000 0.005 0.000000  0.155 0.000  0.217 0.000 99.99 0.259000000   0.499 0.000  0.042 0.000  0.457 0.000 0.003 0.000000 0.031 0.000000
295.333333 296.333333  41.05 0.000000  0.74 0.000000 9.999 0.259000000 9.99 0.259000 0.026 0.000000  1.172 0.000  1.641 0.000 99.99 0.259000000   9.440 0.000  5.887 0.000  3.552 0.000 0.026 0.000000 0.182 0.000000
298.333333 299.333333  43.63 0.559000  1.23 0.559000 0.019 0.559000000 0.04 0.559000 0.017 0.000000  1.002 0.000  1.403 0.000 99.99 0.559259000   5.198 0.000  1.317 0.000  3.881 0.559 0.039 0.559000 0.237 0.000000
301.333333 302.333333   5.71 0.000000  0.30 0.000000 0.020 0.000000000 9.99 0.259000 0.040 0.000000  0.215 0.000  0.301 0.000 99.99 0.259000000   1.831 0.000  0.192 0.000  1.639 0.000 0.009 0.000000 0.209 0.000000
304.333333 305.333333   8.49 0.000000  0.39 0.000000 9.999 0.259000000 9.99 0.259000 0.027 0.000000  0.644 0.000  0.901 0.000 99.99 0.259000000   2.845 0.000  0.861 0.000  1.984 0.000 0.014 0.000000 0.165 0.000000
307.333333 308.333333   6.42 0.000000  0.20 0.000000 9.999 0.259000000 9.99 0.259000 0.007 0.000000  0.142 0.000  0.199 0.000 99.99 0.259000000   1.123 0.000  0.903 0.000  0.220 0.000 0.006 0.000000 0.060 0.000000
310.333333 311.333333  36.39 0.000000  0.27 0.000000 9.999 0.259000000 9.99 0.259000 0.080 0.000000  0.722 0.000  1.011 0.000 99.99 0.259000000  10.105 0.000  8.158 0.000  1.947 0.000 0.026 0.000000 0.070 0.000000
313.333333 314.333333   1.26 0.000000  0.39 0.000000 9.999 0.259000000 0.06 0.000000 0.007 0.000000  0.006 0.000  0.008 0.000 99.99 0.259000000   0.166 0.000 99.999 0.259  0.249 0.000 0.002 0.000000 0.023 0.000000
316.333333 317.333333   0.86 0.000000  0.11 0.000000 9.999 0.259000000 9.99 0.259000 0.005 0.000000  0.094 0.000  0.131 0.000 99.99 0.259000000   0.624 0.000  0.115 0.000  0.509 0.000 0.005 0.000000 0.018 0.000000
319.333333 320.333333   3.86 0.000000  0.39 0.000000 9.999 0.259000000 9.99 0.259000 0.010 0.000000  1.016 0.000  1.423 0.000 99.99 0.259000000   4.158 0.000  1.940 0.000  2.218 0.000 0.015 0.000000 0.073 0.000000
322.333333 323.333333   1.39 0.000000  0.15 0.000000 9.999 0.259000000 9.99 0.259000 0.003 0.000000  0.030 0.000  0.042 0.000 99.99 0.259000000   0.420 0.000  0.059 0.000  0.361 0.000 0.002 0.000000 0.032 0.000000
325.333333 326.333333   3.87 0.000000  0.38 0.000000 9.999 0.259000000 9.99 0.259000 0.006 0.000000  1.105 0.000  1.546 0.000 99.99 0.259000000   2.563 0.000  0.289 0.000  2.273 0.000 0.014 0.000000 0.049 0.000000
328.333333 329.333333   4.49 0.000000  0.27 0.000000 9.999 0.259000000 9.99 0.259000 0.003 0.000000  0.187 0.000  0.262 0.000 99.99 0.259000000   1.027 0.000  0.388 0.000  0.640 0.000 0.004 0.000000 0.056 0.000000
331.333333 332.333333   0.79 0.000000  0.16 0.000000 9.999 0.259000000 9.99 0.259000 0.002 0.000000  0.224 0.000  0.313 0.000 99.99 0.259000000   0.858 0.000  0.499 0.000  0.359 0.000 0.001 0.000000 0.009 0.000000
334.333333 335.333333   2.49 0.000000  0.26 0.000000 9.999 0.259000000 0.03 0.000000 0.012 0.000000  0.969 0.000  1.357 0.000 99.99 0.259000000   2.397 0.000  0.196 0.000  2.201 0.000 0.012 0.000000 0.041 0.000000
337.333333 338.333333   2.50 0.000000  0.30 0.000000 9.999 0.259000000 0.04 0.000000 0.027 0.000000  0.673 0.000  0.943 0.000 99.99 0.259000000   2.786 0.000  1.410 0.000  1.376 0.000 0.011 0.000000 0.085 0.000000
340.333333 341.333333   2.13 0.000000  0.12 0.000000 9.999 0.259000000 9.99 0.259000 0.003 0.000000  0.265 0.000  0.371 0.000 99.99 0.259000000   1.199 0.000  0.664 0.000  0.534 0.000 0.004 0.000000 0.026 0.000000
343.333333 344.333333   1.03 0.394000 99.99 0.394259 0.030 0.394000000 9.99 0.394259 0.002 0.394000 99.999 0.259 99.999 0.259 99.99 0.394259000   2.613 0.000  2.468 0.000  0.145 0.000 0.005 0.394000 0.012 0.394000
346.333333 347.333333   0.41 0.000000  0.11 0.000000 0.023 0.000000000 9.99 0.259000 0.007 0.000000  0.058 0.000  0.081 0.000 99.99 0.259000000   0.873 0.000  0.655 0.000  0.218 0.000 0.005 0.000000 0.017 0.000000
349.333333 350.333333 999.99 0.999000 99.99 0.999000 9.999 0.999000000 9.99 0.999000 9.999 0.999000 99.999 0.999 99.999 0.999 99.99 0.999000000 999.999 0.999 99.999 0.999 99.999 0.999 9.999 0.999000 9.999 0.999000
352.333333 353.333333   0.22 0.394000  0.11 0.394000 9.999 0.394259000 9.99 0.394259 0.010 0.394000  0.084 0.000  0.117 0.000  1.33 0.394000000   0.046 0.000  0.012 0.000  0.034 0.000 0.006 0.394000 0.009 0.394000
355.333333 356.333333   0.46 0.000000  0.29 0.000000 0.025 0.000000000 0.04 0.000000 0.002 0.000000  0.138 0.000  0.194 0.000 99.99 0.259000000   0.166 0.000  0.072 0.000  0.094 0.000 0.004 0.000000 0.029 0.000000
358.333333 359.333333   1.33 0.000000  0.18 0.000000 9.999 0.259000000 9.99 0.259000 0.003 0.000000  0.045 0.000  0.063 0.000 99.99 0.259000000   0.790 0.000  0.214 0.000  0.576 0.000 0.004 0.000000 0.025 0.000000
361.333333 362.333333   0.49 0.000000  0.17 0.000000 0.040 0.000000000 9.99 0.259000 0.003 0.000000  0.079 0.000  0.110 0.000 99.99 0.259000000   0.209 0.000  0.114 0.000  0.095 0.000 0.005 0.000000 0.008 0.000000
364.333333 365.333333   0.66 0.394000  0.11 0.394000 0.025 0.394000000 9.99 0.394259 0.013 0.394000  0.057 0.000  0.080 0.000 99.99 0.394259000   0.210 0.000 99.999 0.259  0.723 0.000 0.005 0.394000 0.031 0.394000
