scripts/IMPROVE-2019_partial/data/US9033R.20000101060000.20191216000000.filterpack..pm25.52w.1w.US03L_filterpack_US9033.US03L_IMPROVE_Davis.lev2.nas
64 1001
MISSING INFORMATION
US03L, IMPROVE, , , , , , , 
MISSING INFORMATION
IMPROVE sel_HTAP
1 1
2000 01 01 2019 12 16
0
days from file reference point
25
1 1 1 1 1 1 1 1 1 1 1 1 1 1 1 1 1 1 1 1 1 1 1 1 1
999.99 9999.99 9.999999 999.99 9.999999 9.999 9.999999999 99.99 9.999999999 9.999 9.999999 99.999 9.999 99.999 9.999 999.999 9.999 999.999 9.999 999.999 9.999 9.999 9.999999 99.999 9.999999
end_time of measurement, days from the file reference point
iron, ng/m3, Revision date=20181210133000
numflag iron, no unit, Revision date=20181210133000
lead, ng/m3, Revision date=20181210133000
numflag lead, no unit, Revision date=20181210133000
magnesium, ug/m3, Revision date=20181210133000
numflag magnesium, no unit, Revision date=20181210133000
nickel, ng/m3, Revision date=20181210133000
numflag nickel, no unit, Revision date=20181210133000
nitrate, ug N/m3, Revision date=20181210133000
numflag nitrate, no unit, Revision date=20181210133000
organic_carbon, ug C/m3, Revision date=20181210133000
numflag organic_carbon, no unit, Revision date=20181210133000
organic_mass, ug/m3, Revision date=20181210133000
numflag organic_mass, no unit, Revision date=20181210133000
pm10_mass, ug/m3, Version=2, Version description=Data extracted from http://views.cira.colostate.edu/fed/DataWizard 2019-12-16, Sample duration=1d, Orig. time res.=3d, Matrix=pm10, Blank correction=Blank corrected, Volume std. temperature=ambient, Volume std. pressure=ambient
numflag pm10_mass, no unit, Version=2, Version description=Data extracted from http://views.cira.colostate.edu/fed/DataWizard 2019-12-16, Sample duration=1d, Orig. time res.=3d, Matrix=pm10, Blank correction=Blank corrected, Volume std. temperature=ambient, Volume std. pressure=ambient
pm10_pm25_mass, ug/m3, Revision date=20181210133000, Matrix=pm10_pm25
numflag pm10_pm25_mass, no unit, Revision date=20181210133000, Matrix=pm10_pm25
pm25_mass, ug/m3, Version=2, Version description=Data extracted from http://views.cira.colostate.edu/fed/DataWizard 2019-12-16, Sample duration=1d, Orig. time res.=3d, Blank correction=Blank corrected, Volume std. temperature=ambient, Volume std. pressure=ambient
numflag pm25_mass, no unit, Version=2, Version description=Data extracted from http://views.cira.colostate.edu/fed/DataWizard 2019-12-16, Sample duration=1d, Orig. time res.=3d, Blank correction=Blank corrected, Volume std. temperature=ambient, Volume std. pressure=ambient
potassium, ug/m3, Revision date=20181210133000
numflag potassium, no unit, Revision date=20181210133000
sulphate_total, ug S/m3, Revision date=20181210133000
numflag sulphate_total, no unit, Revision date=20181210133000
0
25
Data definition:              EBAS_1.1
Set type code:                TI
Timezone:                     UTC
File name:                    US9033R.20000101060000.20191216000000.filterpack..pm25.52w.1w.US03L_filterpack_US9033.US03L_IMPROVE_Davis.lev2.nas
File creation:                20191218120726
Startdate:                    20000101060000
Revision date:                20191216000000
Statistics:                   arithmetic mean
Data level:                   2
Period code:                  52w
Resolution code:              1w
Station code:                 US9033R
Platform code:                US9033S
Station name:                 Sipsy Wilderness
Station latitude:             34.3433
Station longitude:            -87.3388
Station altitude:             286.0 m
Regime:                       IMG
Component:                    
Matrix:                       pm25
Laboratory code:              US03L
Instrument type:              filterpack
Instrument name:              filterpack_US9033
Method ref:                   US03L_IMPROVE_Davis
starttime endtime Fe flag_Fe Pb flag_Pb Mg++ flag_Mg++ Ni flag_Ni NO3- flag_NO3- OC flag_OC OM flag_OM PM10 flag_PM10 PM10-PM2.5 flag_PM10-PM2.5 PM2.5 flag_PM2.5 K+ flag_K+ SO4-- flag_SO4--
[from data line 82]
282.25 283.25 9999.99 0.456000 999.99 0.456000 9.999 0.456000000 99.99 0.456000000 0.158 0.000000  0.690 0.000  0.966 0.000   8.052 0.000 999.999 0.999 999.999 0.456 9.999 0.456000  0.638 0.000000
285.25 286.25   67.27 0.000000   1.43 0.000000 9.999 0.259000000 99.99 0.259000000 0.149 0.559000  2.356 0.000  3.298 0.000  19.655 0.000   8.856 0.000  10.799 0.000 0.062 0.000000  1.243 0.559000
288.25 289.25   42.46 0.000000   1.55 0.000000 9.999 0.259000000 99.99 0.259000000 0.078 0.000000  3.592 0.000  5.029 0.000  18.182 0.000   4.679 0.000  13.503 0.000 0.063 0.000000  1.473 0.000000
291.25 292.25   28.41 0.000000   1.85 0.000000 9.999 0.259000000 99.99 0.259000000 0.114 0.000000  2.027 0.000  2.838 0.000  22.107 0.000   5.221 0.000  16.886 0.000 0.054 0.000000  3.148 0.000000
294.25 295.25   61.92 0.000000   2.73 0.000000 9.999 0.259000000 99.99 0.259000000 0.111 0.000000  4.966 0.000  6.952 0.000  36.683 0.000   5.037 0.000  31.646 0.000 0.104 0.000000  5.021 0.000000
297.25 298.25   94.72 0.394000   5.51 0.394000 9.999 0.394259000 99.99 0.394259000 0.132 0.394000  6.409 0.000  8.972 0.000  51.171 0.000   7.640 0.000  43.531 0.000 0.105 0.394000  6.677 0.394000
300.25 301.25   91.45 0.000000   5.43 0.000000 9.999 0.259000000 99.99 0.259000000 0.102 0.000000  6.006 0.000  8.408 0.000  41.165 0.000   4.729 0.000  36.436 0.000 0.106 0.000000  5.509 0.000000
303.25 304.25   61.50 0.000000   2.29 0.000000 9.999 0.259000000 99.99 0.259000000 0.116 0.000000  5.078 0.000  7.109 0.000  33.133 0.000   8.546 0.000  24.586 0.000 0.098 0.000000  3.370 0.000000
306.25 307.25   73.58 0.000000   2.16 0.000000 9.999 0.259000000 99.99 0.259000000 0.098 0.000000  4.459 0.000  6.243 0.000  33.383 0.000   5.484 0.000  27.900 0.000 0.080 0.000000  4.501 0.000000
309.25 310.25   21.35 0.000000   1.93 0.000000 9.999 0.259000000 99.99 0.259000000 0.658 0.000000  5.138 0.000  7.193 0.000  19.781 0.000   2.711 0.000  17.070 0.000 0.056 0.000000  1.593 0.000000
312.25 313.25   18.03 0.000000   1.09 0.000000 9.999 0.259000000  0.16 0.000000000 0.067 0.000000  1.378 0.000  1.929 0.000  11.463 0.000   2.827 0.000   8.636 0.000 0.060 0.000000  1.274 0.000000
315.25 316.25   28.43 0.000000   3.73 0.000000 9.999 0.259000000 99.99 0.259000000 0.288 0.000000  1.224 0.000  1.713 0.000  11.460 0.000   1.901 0.000   9.560 0.000 0.029 0.000000  1.631 0.000000
318.25 319.25   29.32 0.000000   1.49 0.000000 9.999 0.259000000 99.99 0.259000000 0.287 0.000000  0.891 0.000  1.248 0.000 999.999 0.456 999.999 0.999   3.884 0.000 0.036 0.000000  0.412 0.000000
321.25 322.25   19.68 0.000000   3.27 0.000000 9.999 0.259000000 99.99 0.259000000 0.767 0.000000  1.529 0.000  2.141 0.000  11.162 0.000   2.444 0.000   8.718 0.000 0.062 0.000000  0.827 0.000000
324.25 325.25   11.31 0.000000   0.66 0.000000 0.019 0.000000000 99.99 0.259000000 0.168 0.000000  0.825 0.000  1.155 0.000   5.812 0.000   2.531 0.000   3.281 0.000 0.033 0.000000  0.352 0.000000
327.25 328.25   23.15 0.000000   2.20 0.000000 9.999 0.259000000 99.99 0.259000000 0.164 0.000000  4.302 0.000  6.023 0.000  13.145 0.000   2.388 0.000  10.756 0.000 0.084 0.000000  0.659 0.000000
330.25 331.25   19.62 0.000000   2.11 0.000000 9.999 0.259000000 99.99 0.259000000 0.252 0.000000  1.938 0.000  2.714 0.000  10.706 0.000   2.195 0.000   8.511 0.000 0.053 0.000000  1.007 0.000000
333.25 334.25   22.08 0.000000   1.17 0.000000 0.074 0.000000000 99.99 0.259000000 0.252 0.000000  2.342 0.000  3.279 0.000  10.501 0.000   2.509 0.000   7.992 0.000 0.084 0.000000  0.645 0.000000
336.25 337.25   41.35 0.000000   3.38 0.000000 9.999 0.259000000 99.99 0.259000000 0.541 0.559000  2.804 0.000  3.925 0.000  14.388 0.000   3.546 0.000  10.841 0.000 0.052 0.000000  1.133 0.559000
339.25 340.25   29.77 0.000000   2.37 0.000000 9.999 0.259000000  0.64 0.000000000 0.508 0.000000  1.929 0.000  2.701 0.000  12.522 0.000   2.337 0.000  10.186 0.000 0.042 0.000000  1.208 0.000000
342.25 343.25   32.15 0.000000   4.82 0.000000 9.999 0.259000000 99.99 0.259000000 0.704 0.559000  5.434 0.000  7.608 0.000  20.620 0.000   4.601 0.000  16.019 0.000 0.092 0.000000  0.989 0.559000
345.25 346.25   23.74 0.000000   3.37 0.000000 9.999 0.259000000  0.30 0.000000000 0.133 0.000000  2.489 0.000  3.484 0.000  18.312 0.000   2.672 0.000  15.640 0.000 0.067 0.000000  2.593 0.000000
348.25 349.25   12.18 0.000000   1.70 0.000000 9.999 0.259000000  0.09 0.000000000 0.378 0.559000  1.258 0.000  1.761 0.000   7.818 0.000   1.109 0.000   6.709 0.000 0.041 0.000000  1.013 0.559000
351.25 352.25   63.87 0.000000   1.14 0.000000 9.999 0.259000000 99.99 0.259000000 0.460 0.000000  1.244 0.000  1.742 0.000  12.458 0.000   5.039 0.000   7.419 0.000 0.054 0.000000  0.720 0.000000
354.25 355.25   42.43 0.000000   3.11 0.000000 9.999 0.259000000 99.99 0.259000000 0.516 0.000000  1.319 0.000  1.846 0.000  10.396 0.000   3.036 0.000   7.360 0.000 0.051 0.000000  0.716 0.000000
357.25 358.25   32.19 0.000000   1.99 0.000000 9.999 0.259000000 99.99 0.259000000 0.395 0.000000  1.655 0.000  2.317 0.000   9.120 0.000   2.470 0.000   6.650 0.000 0.041 0.000000  0.579 0.000000
360.25 361.25   17.04 0.000000   1.97 0.000000 9.999 0.259000000 99.99 0.259000000 0.433 0.000000  2.243 0.000  3.141 0.000  10.396 0.000   2.952 0.000   7.444 0.000 0.048 0.000000  0.460 0.000000
363.25 364.25   36.55 0.000000   3.19 0.000000 0.039 0.000000000 99.99 0.259000000 0.956 0.000000  1.629 0.000  2.281 0.000  17.821 0.000   2.396 0.000  15.425 0.000 0.047 0.000000  1.659 0.000000
