scripts/IMPROVE-2019_partial/data/US9000R.19940101070000.20191216000000.filterpack...1y.3d.US03L_filterpack_US9000.US03L_IMPROVE_Davis.lev2.nas
52 1001
MISSING INFORMATION
US03L, IMPROVE, , , , , , , 
MISSING INFORMATION
IMPROVE sel_HTAP
1 1
1994 01 01 2019 12 16
0
days from file reference point
5
1 1 1 1 1
999.999999 999.999 9.999 999.999 9.999
end_time of measurement, days from the file reference point
pm10_mass, ug/m3, Matrix=pm10
numflag pm10_mass, no unit, Matrix=pm10
pm25_mass, ug/m3, Matrix=pm25
numflag pm25_mass, no unit, Matrix=pm25
0
33
Data definition:              EBAS_1.1
Set type code:                TI
Timezone:                     UTC
File name:                    US9000R.19940101070000.20191216000000.filterpack...1y.3d.US03L_filterpack_US9000.US03L_IMPROVE_Davis.lev2.nas
File creation:                20191218120513
Startdate:                    19940101070000
Revision date:                20191216000000
Version:                      2
Version description:          "Data extracted from http://views.cira.colostate.edu/fed/DataWizard 2019-12-16"
Statistics:                   arithmetic mean
Data level:                   2
Period code:                  1y
Resolution code:              3d
Sample duration:              1d
Orig. time res.:              3d
Station code:                 US9000R
Platform code:                US9000S
Station name:                 Rocky Mountain NP
Station latitude:             40.2783
Station longitude:            -105.5457
Station altitude:             2760.0 m
Regime:                       IMG
Component:                    
Unit:                         ug/m3
Matrix:                       
Laboratory code:              US03L
Instrument type:              filterpack
Instrument name:              filterpack_US9000
Method ref:                   US03L_IMPROVE_Davis
Blank correction:             Blank corrected
Volume std. temperature:      ambient
Volume std. pressure:         ambient
starttime endtime PM10 flag_PM10 PM2.5 flag_PM2.5
  0.291667   1.291667   3.182 0.000   1.160 0.000
  4.291667   5.291667   5.394 0.000   1.246 0.000
  7.291667   8.291667  11.850 0.000   0.997 0.000
 11.291667  12.291667   3.150 0.000   1.297 0.000
 14.291667  15.291667   2.210 0.000 999.999 0.999
 18.291667  19.291667   3.346 0.000   1.132 0.000
 21.291667  22.291667   4.358 0.000   1.044 0.000
 25.291667  26.291667  18.985 0.000   4.052 0.000
 28.291667  29.291667   7.459 0.000   1.489 0.000
 32.291667  33.291667  12.302 0.000   1.258 0.000
 35.291667  36.291667   4.324 0.000   1.442 0.000
 39.291667  40.291667   4.023 0.000   1.285 0.000
 42.291667  43.291667   5.079 0.000   2.722 0.000
 46.291667  47.291667   1.822 0.000   1.076 0.000
 49.291667  50.291667   2.397 0.000 999.999 0.999
 53.291667  54.291667   4.867 0.000   1.398 0.000
 56.291667  57.291667   2.707 0.000   1.646 0.000
 60.291667  61.291667   9.825 0.000   4.603 0.000
 63.291667  64.291667   5.914 0.000   3.375 0.000
 67.291667  68.291667   5.098 0.000   2.679 0.000
 70.291667  71.291667   9.124 0.000 999.999 0.999
 74.291667  75.291667   9.240 0.000   1.912 0.000
 77.291667  78.291667   5.370 0.000   2.539 0.000
 81.291667  82.291667   5.483 0.000   1.968 0.000
 84.291667  85.291667 999.999 0.999   3.937 0.000
 88.291667  89.291667   5.953 0.000   1.397 0.000
 91.291667  92.291667   5.138 0.000   3.810 0.000
 95.291667  96.291667   6.067 0.000   3.567 0.000
 98.291667  99.291667   4.397 0.000   2.274 0.000
102.291667 103.291667  13.085 0.000   6.301 0.000
105.291667 106.291667  11.561 0.000   5.466 0.000
109.291667 110.291667   8.281 0.000   6.219 0.000
112.291667 113.291667   7.154 0.000   6.390 0.000
116.291667 117.291667   3.454 0.000   2.397 0.000
119.291667 120.291667 999.999 0.999 999.999 0.999
123.291667 124.291667 999.999 0.999   4.557 0.000
126.291667 127.291667  15.605 0.000   6.815 0.000
130.291667 131.291667  13.825 0.000   6.108 0.000
133.291667 134.291667  10.314 0.000   9.434 0.000
137.291667 138.291667  20.722 0.000   8.371 0.000
140.291667 141.291667  15.824 0.000   4.922 0.000
144.291667 145.291667  12.482 0.000   4.417 0.000
147.291667 148.291667  10.821 0.000   3.067 0.000
151.291667 152.291667  11.712 0.000   4.594 0.000
154.291667 155.291667   7.753 0.000   6.000 0.000
158.291667 159.291667  11.535 0.000   5.692 0.000
161.291667 162.291667  13.448 0.000   5.600 0.000
165.291667 166.291667  20.858 0.000   8.204 0.000
168.291667 169.291667  13.849 0.000   8.415 0.000
172.291667 173.291667   4.577 0.000   3.169 0.000
175.291667 176.291667  12.160 0.000   4.771 0.000
179.291667 180.291667  12.465 0.000   4.407 0.000
182.291667 183.291667  13.662 0.000   5.635 0.000
186.291667 187.291667  20.159 0.000   7.367 0.000
189.291667 190.291667  11.641 0.000   6.142 0.000
193.291667 194.291667  12.271 0.000   7.747 0.000
196.291667 197.291667  11.691 0.000   9.196 0.000
200.291667 201.291667   9.233 0.000   4.854 0.000
203.291667 204.291667  12.805 0.000   5.636 0.000
207.291667 208.291667  20.196 0.000   6.939 0.000
210.291667 211.291667  11.067 0.000   5.607 0.000
214.291667 215.291667   8.100 0.000   5.306 0.000
217.291667 218.291667  19.371 0.000   7.545 0.000
221.291667 222.291667  11.462 0.000   3.768 0.000
224.291667 225.291667   5.763 0.000   3.768 0.000
228.291667 229.291667  14.557 0.000   6.618 0.000
231.291667 232.291667  12.414 0.000  11.283 0.000
235.291667 236.291667  10.877 0.000   3.746 0.000
238.291667 239.291667  11.481 0.000   4.754 0.000
242.291667 243.291667  11.480 0.000   6.930 0.000
245.291667 246.291667   4.801 0.000   2.616 0.000
249.291667 250.291667  11.007 0.000   3.765 0.000
252.291667 253.291667  10.959 0.000   2.676 0.000
256.291667 257.291667   6.856 0.000   2.029 0.000
259.291667 260.291667  11.512 0.000   4.441 0.000
263.291667 264.291667   4.015 0.000   2.147 0.000
266.291667 267.291667  10.623 0.000   2.076 0.000
270.291667 271.291667   9.888 0.000   8.121 0.000
273.291667 274.291667  12.472 0.000   2.301 0.000
277.291667 278.291667 999.999 0.999 999.999 0.999
280.291667 281.291667   9.139 0.000   2.866 0.000
284.291667 285.291667  15.573 0.000   4.495 0.000
287.291667 288.291667   4.792 0.000   3.343 0.000
291.291667 292.291667   2.425 0.000   1.970 0.000
294.291667 295.291667  10.811 0.000   3.102 0.000
298.291667 299.291667   7.004 0.000   2.043 0.000
301.291667 302.291667   9.405 0.000   3.282 0.000
305.291667 306.291667  10.913 0.000   2.547 0.000
308.291667 309.291667   2.556 0.000   1.574 0.000
312.291667 313.291667 999.999 0.999   2.584 0.000
315.291667 316.291667  17.373 0.000   0.523 0.000
319.291667 320.291667   2.792 0.000   0.975 0.000
322.291667 323.291667   5.000 0.000   2.785 0.000
326.291667 327.291667   1.528 0.000   0.538 0.000
329.291667 330.291667  12.566 0.000   1.234 0.000
333.291667 334.291667   6.605 0.000 999.999 0.259
336.291667 337.291667   5.156 0.000   0.708 0.000
340.291667 341.291667   3.468 0.000   0.909 0.000
343.291667 344.291667   4.622 0.000   1.402 0.000
347.291667 348.291667   2.116 0.000   1.524 0.000
350.291667 351.291667  16.535 0.000   1.463 0.000
354.291667 355.291667   7.020 0.000   1.337 0.000
357.291667 358.291667   4.879 0.000   1.064 0.000
361.291667 362.291667   4.215 0.000   1.059 0.000
364.291667 365.291667   8.910 0.000   2.508 0.000
