scripts/IMPROVE-2019_partial/data/US9071R.20020102070000.20191216000000.filterpack..pm25.52w.1w.US03L_filterpack_US9071.US03L_IMPROVE_Davis.lev2.nas
66 1001
MISSING INFORMATION
US03L, IMPROVE, , , , , , , 
MISSING INFORMATION
IMPROVE sel_HTAP
1 1
2002 01 01 2019 12 16
3.000000
days from file reference point
27
1 1 1 1 1 1 1 1 1 1 1 1 1 1 1 1 1 1 1 1 1 1 1 1 1 1 1
999.999999 9999.99 9.999999 99.99 9.999999 9.999 9.999999999 99.99 9.999999999 9.999 9.999 99.999 9.999 999.999 9.999 999.99 9.999999999 999.999 9.999 999.999 9.999 999.999 9.999 9.999 9.999999 9.999 9.999
end_time of measurement, days from the file reference point
iron, ng/m3, Revision date=20181210133000
numflag iron, no unit, Revision date=20181210133000
lead, ng/m3, Revision date=20181210133000
numflag lead, no unit, Revision date=20181210133000
magnesium, ug/m3, Revision date=20181210133000
numflag magnesium, no unit, Revision date=20181210133000
nickel, ng/m3, Revision date=20181210133000
numflag nickel, no unit, Revision date=20181210133000
nitrate, ug N/m3, Revision date=20181210133000
numflag nitrate, no unit, Revision date=20181210133000
organic_carbon, ug C/m3, Revision date=20181210133000
numflag organic_carbon, no unit, Revision date=20181210133000
organic_mass, ug/m3, Revision date=20181210133000
numflag organic_mass, no unit, Revision date=20181210133000
phosphorus, ng/m3, Revision date=20181210133000
numflag phosphorus, no unit, Revision date=20181210133000
pm10_mass, ug/m3, Version=2, Version description=Data extracted from http://views.cira.colostate.edu/fed/DataWizard 2019-12-16, Sample duration=1d, Orig. time res.=3d, Matrix=pm10, Blank correction=Blank corrected, Volume std. temperature=ambient, Volume std. pressure=ambient
numflag pm10_mass, no unit, Version=2, Version description=Data extracted from http://views.cira.colostate.edu/fed/DataWizard 2019-12-16, Sample duration=1d, Orig. time res.=3d, Matrix=pm10, Blank correction=Blank corrected, Volume std. temperature=ambient, Volume std. pressure=ambient
pm10_pm25_mass, ug/m3, Revision date=20181210133000, Matrix=pm10_pm25
numflag pm10_pm25_mass, no unit, Revision date=20181210133000, Matrix=pm10_pm25
pm25_mass, ug/m3, Version=2, Version description=Data extracted from http://views.cira.colostate.edu/fed/DataWizard 2019-12-16, Sample duration=1d, Orig. time res.=3d, Blank correction=Blank corrected, Volume std. temperature=ambient, Volume std. pressure=ambient
numflag pm25_mass, no unit, Version=2, Version description=Data extracted from http://views.cira.colostate.edu/fed/DataWizard 2019-12-16, Sample duration=1d, Orig. time res.=3d, Blank correction=Blank corrected, Volume std. temperature=ambient, Volume std. pressure=ambient
potassium, ug/m3, Revision date=20181210133000
numflag potassium, no unit, Revision date=20181210133000
sulphate_total, ug S/m3, Revision date=20181210133000
numflag sulphate_total, no unit, Revision date=20181210133000
0
25
Data definition:              EBAS_1.1
Set type code:                TU
Timezone:                     UTC
File name:                    US9071R.20020102070000.20191216000000.filterpack..pm25.52w.1w.US03L_filterpack_US9071.US03L_IMPROVE_Davis.lev2.nas
File creation:                20191218121024
Startdate:                    20020102070000
Revision date:                20191216000000
Statistics:                   arithmetic mean
Data level:                   2
Period code:                  52w
Resolution code:              1w
Station code:                 US9071R
Platform code:                US9071S
Station name:                 Wheeler Peak
Station latitude:             36.5854
Station longitude:            -105.452
Station altitude:             3366.0 m
Regime:                       IMG
Component:                    
Matrix:                       pm25
Laboratory code:              US03L
Instrument type:              filterpack
Instrument name:              filterpack_US9071
Method ref:                   US03L_IMPROVE_Davis
starttime endtime Fe flag_Fe Pb flag_Pb Mg++ flag_Mg++ Ni flag_Ni NO3- flag_NO3- OC flag_OC OM flag_OM P flag_P PM10 flag_PM10 PM10-PM2.5 flag_PM10-PM2.5 PM2.5 flag_PM2.5 K+ flag_K+ SO4-- flag_SO4--
  1.291667   2.291667    3.13 0.000000  0.53 0.000000 9.999 0.259000000  0.29 0.000000000 0.016 0.000  0.141 0.000   0.198 0.000 999.99 0.259000000   1.590 0.000   0.780 0.000   0.810 0.000 0.005 0.000000 0.072 0.000
  4.291667   5.291667    5.18 0.000000  0.35 0.000000 9.999 0.259000000  0.40 0.000000000 0.013 0.000  0.115 0.000   0.161 0.000 999.99 0.259000000   3.221 0.000   2.349 0.000   0.872 0.000 0.004 0.000000 0.076 0.000
  7.291667   8.291667    2.35 0.000000 99.99 0.259000 9.999 0.259000000  0.17 0.000000000 9.999 0.259  0.029 0.000   0.040 0.000 999.99 0.259000000   0.493 0.000   0.081 0.000   0.412 0.000 0.004 0.000000 0.016 0.000
 10.291667  11.291667    1.76 0.000000  0.22 0.000000 9.999 0.259000000  0.20 0.000000000 0.003 0.000  0.035 0.000   0.049 0.000 999.99 0.259000000   0.749 0.000   0.193 0.000   0.556 0.000 0.007 0.000000 0.037 0.000
 13.291667  14.291667    2.63 0.000000 99.99 0.259000 9.999 0.259000000 99.99 0.259000000 0.016 0.000  0.060 0.000   0.084 0.000 999.99 0.259000000   0.915 0.000   0.483 0.000   0.432 0.000 0.004 0.000000 0.030 0.000
 16.291667  17.291667   10.69 0.000000  0.58 0.000000 9.999 0.259000000  0.50 0.000000000 0.061 0.000  0.277 0.000   0.388 0.000 999.99 0.259000000  15.183 0.000  13.624 0.000   1.559 0.000 0.012 0.000000 0.136 0.000
 19.291667  20.291667    7.86 0.000000  0.50 0.000000 9.999 0.259000000  0.15 0.000000000 0.033 0.000  0.228 0.000   0.319 0.000 999.99 0.259000000   1.213 0.000   0.279 0.000   0.934 0.000 0.007 0.000000 0.059 0.000
 22.291667  23.291667   20.88 0.000000  1.37 0.000000 9.999 0.259000000  0.32 0.000000000 0.105 0.000  0.388 0.000   0.543 0.000 999.99 0.259000000   2.008 0.000   0.028 0.000   1.980 0.000 0.019 0.000000 0.166 0.000
 25.291667  26.291667    5.50 0.000000  0.27 0.000000 9.999 0.259000000  0.15 0.000000000 0.010 0.000  0.041 0.000   0.058 0.000 999.99 0.259000000   0.992 0.000   0.416 0.000   0.576 0.000 0.008 0.000000 0.067 0.000
 28.291667  29.291667    8.06 0.000000  0.47 0.000000 9.999 0.259000000  0.23 0.000000000 0.046 0.559  0.180 0.000   0.253 0.000 999.99 0.259000000   3.410 0.000   1.977 0.000   1.433 0.000 0.008 0.000000 0.101 0.559
 31.291667  32.291667    2.31 0.000000  0.22 0.000000 9.999 0.259000000 99.99 0.259000000 0.005 0.559  0.014 0.000   0.019 0.000 999.99 0.259000000   0.749 0.000   0.474 0.000   0.276 0.000 0.003 0.000000 0.024 0.559
 34.291667  35.291667    8.07 0.000000  0.46 0.000000 9.999 0.259000000  0.11 0.000000000 0.041 0.559  0.203 0.000   0.285 0.000 999.99 0.259000000   1.954 0.000   0.905 0.000   1.049 0.000 0.007 0.000000 0.069 0.559
 37.291667  38.291667    5.55 0.000000  0.39 0.000000 9.999 0.259000000 99.99 0.259000000 0.014 0.000  0.146 0.000   0.205 0.000 999.99 0.259000000   1.135 0.000   0.550 0.000   0.585 0.000 0.006 0.000000 0.066 0.000
 40.291667  41.291667   10.33 0.000000 99.99 0.259000 9.999 0.259000000  0.11 0.000000000 0.011 0.559  0.081 0.000   0.113 0.000 999.99 0.259000000   2.038 0.000   1.334 0.000   0.704 0.000 0.008 0.000000 0.043 0.559
 43.291667  44.291667   33.61 0.000000  0.72 0.000000 9.999 0.259000000 99.99 0.259000000 0.087 0.000  0.235 0.000   0.329 0.000 999.99 0.259000000   4.267 0.000   2.324 0.000   1.943 0.000 0.027 0.000000 0.101 0.000
 46.291667  47.291667   28.35 0.000000  0.45 0.000000 9.999 0.259000000 99.99 0.259000000 0.015 0.000  0.198 0.000   0.277 0.000 999.99 0.259000000   3.036 0.000   1.653 0.000   1.383 0.000 0.021 0.000000 0.074 0.000
 49.291667  50.291667    8.13 0.000000  0.44 0.000000 9.999 0.259000000  0.18 0.000000000 0.052 0.559  0.280 0.000   0.392 0.000 999.99 0.259000000   2.468 0.000   1.110 0.000   1.358 0.000 0.011 0.000000 0.134 0.559
 52.291667  53.291667    7.44 0.000000 99.99 0.259000 9.999 0.259000000 99.99 0.259000000 0.009 0.000  0.056 0.000   0.078 0.000 999.99 0.259000000   0.992 0.000   0.413 0.000   0.579 0.000 0.007 0.000000 0.039 0.000
 55.291667  56.291667   50.94 0.000000 99.99 0.259000 9.999 0.259000000 99.99 0.259000000 0.024 0.000  0.181 0.000   0.253 0.000 999.99 0.259000000   9.036 0.000   7.182 0.000   1.854 0.000 0.031 0.000000 0.075 0.000
 58.291667  59.291667   16.46 0.000000 99.99 0.259000 9.999 0.259000000 99.99 0.259000000 0.020 0.559  0.343 0.000   0.480 0.000 999.99 0.259000000   2.101 0.000   1.193 0.000   0.908 0.000 0.013 0.000000 0.056 0.559
 61.291667  62.291667   18.59 0.000000  0.69 0.000000 9.999 0.259000000  0.19 0.000000000 0.032 0.559  0.162 0.000   0.227 0.000 999.99 0.259000000   5.020 0.000   3.181 0.000   1.839 0.000 0.016 0.000000 0.211 0.559
 64.291667  65.291667   22.87 0.000000  0.50 0.000000 9.999 0.259000000  0.13 0.000000000 0.014 0.000  0.458 0.000   0.641 0.000 999.99 0.259000000   2.439 0.000   1.354 0.000   1.085 0.000 0.017 0.000000 0.074 0.000
 67.291667  68.291667   34.76 0.000000  1.07 0.000000 9.999 0.259000000  0.37 0.000000000 0.012 0.000  0.202 0.000   0.283 0.000 999.99 0.259000000   4.242 0.000   2.375 0.000   1.866 0.000 0.023 0.000000 0.127 0.000
 70.291667  71.291667    9.21 0.000000  0.23 0.000000 0.043 0.000000000 99.99 0.259000000 0.012 0.000  0.382 0.000   0.535 0.000 999.99 0.259000000   1.830 0.000   0.693 0.000   1.137 0.000 0.014 0.000000 0.063 0.000
 73.291667  74.291667   59.50 0.000000  1.55 0.000000 9.999 0.259000000  0.73 0.000000000 0.075 0.000  0.268 0.000   0.375 0.000 999.99 0.259000000   9.538 0.000   6.129 0.000   3.409 0.000 0.037 0.000000 0.178 0.000
 76.291667  77.291667   39.49 0.000000  0.79 0.000000 9.999 0.259000000 99.99 0.259000000 0.059 0.000  0.219 0.000   0.307 0.000 999.99 0.259000000   4.948 0.000   2.464 0.000   2.485 0.000 0.022 0.000000 0.122 0.000
 79.291667  80.291667   25.64 0.000000  0.48 0.000000 9.999 0.259000000 99.99 0.259000000 0.050 0.000  0.366 0.000   0.513 0.000 999.99 0.259000000   4.734 0.000   2.791 0.000   1.942 0.000 0.019 0.000000 0.118 0.000
 82.291667  83.291667   50.60 0.000000  0.45 0.000000 0.073 0.000000000  0.23 0.000000000 0.050 0.559  0.327 0.000   0.458 0.000 999.99 0.259000000   9.120 0.000   6.899 0.000   2.221 0.000 0.025 0.000000 0.112 0.559
 85.291667  86.291667   44.28 0.000000  1.58 0.000000 9.999 0.259000000  0.28 0.000000000 0.050 0.000  0.304 0.000   0.426 0.000 999.99 0.259000000   5.966 0.000   3.200 0.000   2.766 0.000 0.029 0.000000 0.184 0.000
 88.291667  89.291667   44.46 0.000000  0.79 0.000000 9.999 0.259000000  0.34 0.000000000 0.033 0.559  0.352 0.000   0.493 0.000 999.99 0.259000000   5.911 0.000   3.383 0.000   2.528 0.000 0.030 0.000000 0.163 0.559
 91.291667  92.291667   63.68 0.000000  0.91 0.000000 9.999 0.259000000 99.99 0.259000000 0.029 0.559  0.346 0.000   0.484 0.000 999.99 0.259000000   7.766 0.000   4.903 0.000   2.863 0.000 0.043 0.000000 0.138 0.559
 94.291667  95.291667   48.45 0.000000  0.81 0.000000 9.999 0.259000000  0.22 0.000000000 0.039 0.559  0.691 0.000   0.968 0.000 999.99 0.259000000   9.383 0.000   5.864 0.000   3.520 0.000 0.035 0.000000 0.229 0.559
 97.291667  98.291667   40.65 0.000000  0.76 0.000000 9.999 0.259000000  0.14 0.000000000 0.062 0.000  0.476 0.000   0.667 0.000 999.99 0.259000000   5.043 0.000   2.067 0.000   2.976 0.000 0.031 0.000000 0.245 0.000
100.291667 101.291667   48.66 0.000000  0.60 0.000000 9.999 0.259000000 99.99 0.259000000 0.040 0.559  0.292 0.000   0.409 0.000 999.99 0.259000000   5.113 0.000   2.849 0.000   2.264 0.000 0.027 0.000000 0.132 0.559
103.291667 104.291667   60.97 0.000000  0.53 0.000000 9.999 0.259000000  0.16 0.000000000 0.037 0.559  0.418 0.000   0.585 0.000 999.99 0.259000000   4.754 0.000   2.134 0.000   2.619 0.000 0.032 0.000000 0.126 0.559
106.291667 107.291667   45.79 0.000000  0.92 0.000000 9.999 0.259000000  0.15 0.000000000 0.046 0.559  0.297 0.000   0.416 0.000 999.99 0.259000000   5.364 0.000   2.862 0.000   2.502 0.000 0.028 0.000000 0.207 0.559
109.291667 110.291667   78.67 0.000000  0.49 0.000000 9.999 0.259000000  0.17 0.000000000 0.051 0.000  0.312 0.000   0.437 0.000 999.99 0.259000000  13.849 0.000  10.268 0.000   3.581 0.000 0.048 0.000000 0.158 0.000
112.291667 113.291667  116.67 0.000000  1.70 0.000000 9.999 0.259000000  0.13 0.000000000 0.041 0.000  0.313 0.000   0.438 0.000 999.99 0.259000000   7.381 0.000   3.369 0.000   4.012 0.000 0.072 0.000000 0.233 0.000
115.291667 116.291667   50.22 0.000000  0.61 0.000000 9.999 0.259000000 99.99 0.259000000 0.031 0.000  0.508 0.000   0.711 0.000 999.99 0.259000000   8.218 0.000   6.138 0.000   2.080 0.000 0.030 0.000000 0.113 0.000
118.291667 119.291667  146.27 0.000000  1.33 0.000000 9.999 0.259000000  0.74 0.000000000 0.072 0.000  0.189 0.000   0.265 0.000 999.99 0.259000000  19.800 0.000  13.189 0.000   6.611 0.000 0.092 0.000000 0.230 0.000
121.291667 122.291667   92.06 0.000000  0.97 0.000000 9.999 0.259000000  0.15 0.000000000 0.076 0.559  0.285 0.000   0.399 0.000 999.99 0.259000000   8.096 0.000   4.884 0.000   3.212 0.000 0.051 0.000000 0.152 0.559
124.291667 125.291667  107.94 0.000000  1.01 0.000000 9.999 0.259000000  0.23 0.000000000 0.058 0.559  0.258 0.000   0.361 0.000 999.99 0.259000000  18.973 0.000  14.740 0.000   4.234 0.000 0.057 0.000000 0.161 0.559
127.291667 128.291667  176.69 0.000000  0.68 0.000000 9.999 0.259000000  0.15 0.000000000 0.134 0.000  0.694 0.000   0.972 0.000 999.99 0.259000000  15.584 0.000   9.186 0.000   6.398 0.000 0.102 0.000000 0.243 0.000
130.291667 131.291667  117.60 0.000000  0.98 0.000000 9.999 0.259000000  0.41 0.000000000 0.056 0.559  0.347 0.000   0.486 0.000 999.99 0.259000000  10.623 0.000   6.120 0.000   4.503 0.000 0.062 0.000000 0.145 0.559
133.291667 134.291667  164.06 0.000000  1.83 0.000000 9.999 0.259000000  1.63 0.000000000 0.087 0.559  0.874 0.000   1.223 0.000 999.99 0.259000000  18.105 0.000   9.168 0.000   8.938 0.000 0.102 0.000000 0.365 0.559
136.291667 137.291667  277.45 0.394000  2.64 0.394000 9.999 0.394259000  3.23 0.394000000 0.126 0.394  1.288 0.000   1.803 0.000 999.99 0.394259000  18.311 0.000   4.317 0.000  13.994 0.000 0.154 0.394000 0.363 0.394
139.291667 140.291667   51.03 0.000000  0.43 0.000000 9.999 0.259000000  0.26 0.000000000 0.034 0.000  0.780 0.000   1.092 0.000 999.99 0.259000000   6.944 0.000   3.128 0.000   3.816 0.000 0.037 0.000000 0.209 0.000
142.291667 143.291667   39.04 0.000000  0.50 0.000000 9.999 0.259000000  0.26 0.000000000 0.038 0.000  1.126 0.000   1.576 0.000 999.99 0.259000000   6.558 0.000   2.872 0.000   3.687 0.000 0.026 0.000000 0.105 0.000
145.291667 146.291667   63.19 0.000000  0.73 0.000000 9.999 0.259000000  0.48 0.000000000 0.053 0.000  0.907 0.000   1.271 0.000 999.99 0.259000000   7.730 0.000   3.308 0.000   4.422 0.000 0.040 0.000000 0.189 0.000
148.291667 149.291667   60.57 0.000000  0.48 0.000000 9.999 0.259000000  0.18 0.000000000 0.046 0.000  0.664 0.000   0.929 0.000 999.99 0.259000000   7.523 0.000   3.801 0.000   3.723 0.000 0.037 0.000000 0.282 0.000
151.291667 152.291667   72.05 0.000000  0.50 0.000000 9.999 0.259000000  0.26 0.000000000 0.036 0.000  0.802 0.000   1.123 0.000 999.99 0.259000000  11.259 0.000   6.567 0.000   4.692 0.000 0.046 0.000000 0.304 0.000
154.291667 155.291667   42.74 0.000000  0.49 0.000000 9.999 0.259000000 99.99 0.259000000 0.088 0.000  4.863 0.000   6.808 0.000 999.99 0.259000000  12.070 0.000   2.232 0.000   9.838 0.000 0.041 0.000000 0.283 0.000
157.291667 158.291667   59.53 0.000000  0.49 0.000000 9.999 0.259000000  0.16 0.000000000 0.032 0.000  0.763 0.000   1.068 0.000 999.99 0.259000000   8.177 0.000   4.129 0.000   4.048 0.000 0.040 0.000000 0.249 0.000
160.291667 161.291667  124.61 0.559000  0.71 0.559000 9.999 0.559259000  0.17 0.559000000 0.049 0.000  0.834 0.000   1.167 0.000 999.99 0.559259000  13.355 0.000   7.865 0.000   5.489 0.559 0.107 0.559000 0.270 0.000
163.291667 164.291667   69.29 0.000000  0.46 0.000000 9.999 0.259000000 99.99 0.259000000 0.068 0.000  2.223 0.000   3.113 0.000 999.99 0.259000000  11.627 0.000   5.298 0.000   6.329 0.000 0.065 0.000000 0.174 0.000
166.291667 167.291667   91.67 0.000000  0.67 0.000000 0.041 0.000000000  0.23 0.000000000 0.096 0.000  3.299 0.000   4.619 0.000 999.99 0.259000000  16.313 0.000   6.916 0.000   9.397 0.000 0.081 0.000000 0.315 0.000
169.291667 170.291667   88.85 0.000000  0.70 0.000000 9.999 0.259000000  0.10 0.000000000 0.061 0.000  0.979 0.000   1.371 0.000 999.99 0.259000000   9.492 0.000   5.050 0.000   4.442 0.000 0.085 0.000000 0.190 0.000
172.291667 173.291667   76.32 0.559000  0.66 0.559000 9.999 0.559259000  0.19 0.559000000 0.105 0.559  2.313 0.000   3.239 0.000 999.99 0.559259000   8.977 0.000   2.467 0.000   6.510 0.559 0.083 0.559000 0.333 0.559
175.291667 176.291667   74.25 0.699000  0.65 0.699000 9.999 0.699259000 99.99 0.699259000 0.100 0.559  7.569 0.000  10.596 0.000 999.99 0.699259000  21.879 0.000   3.960 0.000  17.919 0.699 0.120 0.699000 0.286 0.559
178.291667 179.291667 9999.99 0.999000 99.99 0.999000 9.999 0.999000000 99.99 0.999000000 9.999 0.999 99.999 0.999 999.999 0.999 999.99 0.999000000 999.999 0.999 999.999 0.999 999.999 0.999 9.999 0.999000 9.999 0.999
181.291667 182.291667 9999.99 0.999000 99.99 0.999000 9.999 0.999000000 99.99 0.999000000 9.999 0.999 99.999 0.999 999.999 0.999 999.99 0.999000000 999.999 0.999 999.999 0.999 999.999 0.999 9.999 0.999000 9.999 0.999
184.291667 185.291667   25.11 0.000000  0.39 0.000000 9.999 0.259000000 99.99 0.259000000 0.028 0.000  1.408 0.000   1.971 0.000 999.99 0.259000000   5.602 0.000   0.909 0.000   4.693 0.000 0.047 0.000000 0.198 0.000
187.291667 188.291667   19.36 0.000000  0.40 0.000000 9.999 0.259000000 99.99 0.259000000 9.999 0.259  0.704 0.000   0.985 0.000 999.99 0.259000000   3.224 0.000   0.643 0.000   2.581 0.000 0.017 0.000000 9.999 0.259
190.291667 191.291667   44.25 0.000000  0.43 0.000000 9.999 0.259000000 99.99 0.259000000 9.999 0.259  0.434 0.000   0.607 0.000 999.99 0.259000000   5.794 0.000   2.274 0.000   3.520 0.000 0.037 0.000000 9.999 0.259
193.291667 194.291667   26.73 0.000000  0.31 0.000000 0.034 0.000000000 99.99 0.259000000 0.021 0.000  0.649 0.000   0.908 0.000 999.99 0.259000000   6.164 0.000   3.284 0.000   2.880 0.000 0.019 0.000000 0.172 0.000
196.291667 197.291667   18.25 0.394000  0.31 0.394000 9.999 0.394259000 99.99 0.394259000 0.016 0.394  0.689 0.000   0.964 0.000 999.99 0.394259000   4.279 0.000   1.606 0.000   2.673 0.000 0.015 0.394000 0.149 0.394
199.291667 200.291667   35.28 0.000000  0.31 0.000000 9.999 0.259000000 99.99 0.259000000 0.032 0.000  0.771 0.000   1.079 0.000 999.99 0.259000000   6.164 0.000   2.550 0.000   3.614 0.000 0.028 0.000000 0.242 0.000
202.291667 203.291667   12.21 0.000000  0.27 0.000000 9.999 0.259000000 99.99 0.259000000 0.025 0.000  0.734 0.000   1.028 0.000 999.99 0.259000000   3.431 0.000   0.556 0.000   2.875 0.000 0.013 0.000000 0.173 0.000
205.291667 206.291667   34.87 0.000000  0.47 0.000000 9.999 0.259000000  0.43 0.000000000 0.014 0.000  0.766 0.000   1.072 0.000 999.99 0.259000000   4.319 0.000   0.858 0.000   3.461 0.000 0.026 0.000000 0.155 0.000
208.291667 209.291667   53.97 0.000000  0.32 0.000000 9.999 0.259000000  0.57 0.000000000 0.046 0.000  0.737 0.000   1.032 0.000 999.99 0.259000000   9.590 0.000   2.082 0.000   7.508 0.000 0.046 0.000000 0.271 0.000
211.291667 212.291667  123.89 0.000000  1.17 0.000000 9.999 0.259000000  3.42 0.000000000 0.016 0.000  0.972 0.000   1.360 0.000 999.99 0.259000000   5.415 0.000   1.864 0.000   3.551 0.000 0.072 0.000000 0.153 0.000
214.291667 215.291667   16.10 0.000000  0.22 0.000000 0.021 0.000000000  0.29 0.000000000 0.044 0.000  0.359 0.000   0.503 0.000 999.99 0.259000000   1.905 0.000   0.225 0.000   1.680 0.000 0.011 0.000000 0.093 0.000
217.291667 218.291667   73.99 0.000000  0.20 0.000000 9.999 0.259000000 99.99 0.259000000 0.041 0.000  0.577 0.000   0.808 0.000 999.99 0.259000000   6.994 0.000   1.335 0.000   5.659 0.000 0.041 0.000000 0.540 0.000
