scripts/IMPROVE-2019_partial/data/US9057R.20040101060000.20191216000000.filterpack..pm25.52w.1w.US03L_filterpack_US9057_2.US03L_IMPROVE_Davis.lev2.nas
55 1001
MISSING INFORMATION
US03L, IMPROVE, , , , , , , 
MISSING INFORMATION
IMPROVE sel_HTAP
1 1
2004 01 01 2019 12 16
3.00
days from file reference point
15
1 1 1 1 1 1 1 1 1 1 1 1 1 1 1
999.99 9999.99 9.999 999.99 9.999 9.999 9.999999 99.99 9.999999 999.99 9.999999 999.999 9.999 9.999 9.999
end_time of measurement, days from the file reference point
iron, ng/m3, Revision date=20181210133000
numflag iron, no unit, Revision date=20181210133000
lead, ng/m3, Revision date=20181210133000
numflag lead, no unit, Revision date=20181210133000
magnesium, ug/m3, Revision date=20181210133000
numflag magnesium, no unit, Revision date=20181210133000
nickel, ng/m3, Revision date=20181210133000
numflag nickel, no unit, Revision date=20181210133000
phosphorus, ng/m3, Revision date=20181210133000
numflag phosphorus, no unit, Revision date=20181210133000
pm25_mass, ug/m3, Version=2, Version description=Data extracted from http://views.cira.colostate.edu/fed/DataWizard 2019-12-16, Sample duration=1d, Orig. time res.=3d, Blank correction=Blank corrected, Volume std. temperature=ambient, Volume std. pressure=ambient
numflag pm25_mass, no unit, Version=2, Version description=Data extracted from http://views.cira.colostate.edu/fed/DataWizard 2019-12-16, Sample duration=1d, Orig. time res.=3d, Blank correction=Blank corrected, Volume std. temperature=ambient, Volume std. pressure=ambient
potassium, ug/m3, Revision date=20181210133000
numflag potassium, no unit, Revision date=20181210133000
0
26
Data definition:              EBAS_1.1
Set type code:                TU
Timezone:                     UTC
File name:                    US9057R.20040101060000.20191216000000.filterpack..pm25.52w.1w.US03L_filterpack_US9057_2.US03L_IMPROVE_Davis.lev2.nas
File creation:                20191218120920
Startdate:                    20040101060000
Revision date:                20191216000000
Statistics:                   arithmetic mean
Data level:                   2
Period code:                  52w
Resolution code:              1w
Station code:                 US9057R
Platform code:                US9057S
Station name:                 Sac and Fox
Station latitude:             39.9791
Station longitude:            -95.5682
Station altitude:             293.0 m
Regime:                       IMG
Component:                    
Unit:                         ng/m3
Matrix:                       pm25
Laboratory code:              US03L
Instrument type:              filterpack
Instrument name:              filterpack_US9057_2
Method ref:                   US03L_IMPROVE_Davis
starttime endtime Fe flag_Fe Pb flag_Pb Mg++ flag_Mg++ Ni flag_Ni P flag_P PM2.5 flag_PM2.5 K+ flag_K+
  0.25   1.25   70.87 0.000   2.35 0.000 9.999 0.259000  0.18 0.000000 999.99 0.259000   7.467 0.000 0.066 0.000
  3.25   4.25   29.52 0.000   1.63 0.000 0.042 0.000000 99.99 0.259000 999.99 0.259000   5.737 0.000 0.030 0.000
  6.25   7.25   39.57 0.000   2.47 0.000 9.999 0.259000  0.13 0.000000 999.99 0.259000   7.941 0.000 0.062 0.000
  9.25  10.25   51.98 0.000   3.10 0.000 9.999 0.259000  0.18 0.000000 999.99 0.259000  26.407 0.000 0.079 0.000
 12.25  13.25   63.11 0.000   1.59 0.000 9.999 0.259000 99.99 0.259000 999.99 0.259000   7.514 0.000 0.033 0.000
 15.25  16.25   38.68 0.000   2.47 0.000 9.999 0.259000  0.10 0.000000 999.99 0.259000  11.667 0.000 0.050 0.000
 18.25  19.25   18.74 0.000   0.97 0.000 0.055 0.000000  0.20 0.000000 999.99 0.259000   3.170 0.000 0.028 0.000
 21.25  22.25   27.14 0.000   1.40 0.000 9.999 0.259000 99.99 0.259000 999.99 0.259000   2.669 0.000 0.021 0.000
 24.25  25.25   19.70 0.000   2.79 0.000 9.999 0.259000  0.13 0.000000 999.99 0.259000  10.796 0.000 0.030 0.000
 27.25  28.25   21.37 0.559   3.01 0.559 0.010 0.559000  0.09 0.559000 999.99 0.559259   8.604 0.559 0.038 0.559
 30.25  31.25   18.36 0.000   2.52 0.000 9.999 0.259000  0.09 0.000000 999.99 0.259000   9.990 0.000 0.041 0.000
 33.25  34.25   26.57 0.000   4.80 0.000 0.054 0.000000  0.11 0.000000 999.99 0.259000  12.835 0.000 0.029 0.000
 36.25  37.25   21.87 0.000   2.38 0.000 9.999 0.259000  0.09 0.000000 999.99 0.259000  13.238 0.000 0.042 0.000
 39.25  40.25    8.46 0.559   0.28 0.559 9.999 0.559259 99.99 0.559259 999.99 0.559259   3.833 0.559 0.010 0.559
 42.25  43.25   21.47 0.000   0.77 0.000 0.041 0.000000  0.30 0.000000 999.99 0.259000   4.729 0.000 0.016 0.000
 45.25  46.25   46.45 0.000   4.52 0.000 9.999 0.259000 99.99 0.259000 999.99 0.259000  11.635 0.000 0.027 0.000
 48.25  49.25   30.79 0.000   2.74 0.000 9.999 0.259000  0.23 0.000000 999.99 0.259000  24.753 0.000 0.039 0.000
 51.25  52.25   13.36 0.000   1.22 0.000 9.999 0.259000 99.99 0.259000 999.99 0.259000   4.240 0.000 0.021 0.000
 54.25  55.25    8.31 0.000   1.70 0.000 0.051 0.000000  0.19 0.000000 999.99 0.259000  12.604 0.000 0.018 0.000
 57.25  58.25   71.48 0.000   4.19 0.000 9.999 0.259000  0.15 0.000000 999.99 0.259000  15.672 0.000 0.065 0.000
 60.25  61.25    9.68 0.000   0.51 0.000 9.999 0.259000  0.08 0.000000 999.99 0.259000   3.642 0.000 0.012 0.000
 63.25  64.25   15.71 0.000   1.73 0.000 9.999 0.259000 99.99 0.259000 999.99 0.259000  11.771 0.000 0.021 0.000
 66.25  67.25   22.22 0.000   2.84 0.000 9.999 0.259000 99.99 0.259000 999.99 0.259000   1.106 0.000 0.010 0.000
 69.25  70.25   32.25 0.000   1.70 0.000 9.999 0.259000 99.99 0.259000 999.99 0.259000   5.093 0.000 0.041 0.000
 72.25  73.25   48.45 0.000   2.40 0.000 9.999 0.259000 99.99 0.259000 999.99 0.259000  17.950 0.000 0.088 0.000
 75.25  76.25   19.75 0.000   3.46 0.000 9.999 0.259000 99.99 0.259000 999.99 0.259000  11.824 0.000 0.027 0.000
 78.25  79.25   40.94 0.000   1.47 0.000 9.999 0.259000  0.15 0.000000 999.99 0.259000   9.259 0.000 0.052 0.000
 81.25  82.25   48.30 0.000   2.51 0.000 9.999 0.259000 99.99 0.259000 999.99 0.259000   5.869 0.000 0.058 0.000
 84.25  85.25   36.71 0.000   1.54 0.000 9.999 0.259000  0.24 0.000000 999.99 0.259000  13.642 0.000 0.057 0.000
 87.25  88.25    6.39 0.000   3.57 0.000 9.999 0.259000 99.99 0.259000 999.99 0.259000   1.018 0.000 0.007 0.000
 90.25  91.25   24.35 0.000   3.77 0.000 9.999 0.259000 99.99 0.259000 999.99 0.259000   6.608 0.000 0.048 0.000
 93.25  94.25   91.27 0.000   4.35 0.000 0.060 0.000000 99.99 0.259000  47.64 0.000000   9.383 0.000 0.146 0.000
 96.25  97.25   79.98 0.000   3.32 0.000 9.999 0.259000 99.99 0.259000 999.99 0.259000  22.630 0.000 0.223 0.000
 99.25 100.25   74.76 0.000   2.20 0.000 9.999 0.259000 99.99 0.259000 999.99 0.259000   5.131 0.000 0.053 0.000
102.25 103.25   49.11 0.000   2.45 0.000 9.999 0.259000 99.99 0.259000 999.99 0.259000   8.184 0.000 0.048 0.000
105.25 106.25  105.83 0.000   2.01 0.000 9.999 0.259000  0.12 0.000000  52.42 0.000000  10.121 0.000 0.109 0.000
108.25 109.25   55.37 0.000   1.72 0.000 9.999 0.259000  0.17 0.000000 999.99 0.259000  11.111 0.000 0.093 0.000
111.25 112.25   51.43 0.000   1.63 0.000 9.999 0.259000  0.14 0.000000 999.99 0.259000   3.889 0.000 0.041 0.000
114.25 115.25   31.63 0.000   3.39 0.000 9.999 0.259000  0.14 0.000000 999.99 0.259000   6.265 0.000 0.026 0.000
117.25 118.25   91.30 0.000   3.88 0.000 9.999 0.259000  0.17 0.000000 999.99 0.259000   5.403 0.000 0.085 0.000
120.25 121.25   48.27 0.000   1.75 0.000 9.999 0.259000 99.99 0.259000 999.99 0.259000   3.858 0.000 0.036 0.000
123.25 124.25   44.34 0.000   2.19 0.000 9.999 0.259000 99.99 0.259000 999.99 0.259000   4.793 0.000 0.048 0.000
126.25 127.25  102.25 0.000   2.53 0.000 9.999 0.259000  0.18 0.000000 999.99 0.259000   9.146 0.000 0.087 0.000
129.25 130.25   53.55 0.000   1.46 0.000 9.999 0.259000  0.17 0.000000 999.99 0.259000   6.758 0.000 0.050 0.000
132.25 133.25   32.41 0.000   2.25 0.000 9.999 0.259000  0.18 0.000000 999.99 0.259000   8.759 0.000 0.044 0.000
135.25 136.25   41.68 0.000   2.54 0.000 9.999 0.259000 99.99 0.259000 999.99 0.259000   4.877 0.000 0.035 0.000
138.25 139.25   29.70 0.000   2.32 0.000 9.999 0.259000 99.99 0.259000 999.99 0.259000   3.012 0.000 0.023 0.000
141.25 142.25   45.39 0.000   0.85 0.000 9.999 0.259000  0.21 0.000000 999.99 0.259000   8.025 0.000 0.064 0.000
144.25 145.25   33.97 0.000   1.31 0.000 9.999 0.259000  0.16 0.000000 999.99 0.259000   7.382 0.000 0.047 0.000
147.25 148.25   47.20 0.000   1.46 0.000 9.999 0.259000  0.14 0.000000 999.99 0.259000   6.446 0.000 0.044 0.000
150.25 151.25   52.65 0.000   1.22 0.000 9.999 0.259000  0.13 0.000000 999.99 0.259000   4.149 0.000 0.052 0.000
153.25 154.25   29.38 0.000   0.93 0.000 9.999 0.259000  0.79 0.000000 999.99 0.259000   2.901 0.000 0.018 0.000
156.25 157.25   55.16 0.000   1.88 0.000 9.999 0.259000  0.14 0.000000 999.99 0.259000   8.969 0.000 0.053 0.000
159.25 160.25   77.02 0.000   0.33 0.000 9.999 0.259000  0.59 0.000000 999.99 0.259000   6.671 0.000 0.066 0.000
162.25 163.25   93.18 0.000   0.63 0.000 0.105 0.000000  0.18 0.000000 999.99 0.259000   8.508 0.000 0.062 0.000
165.25 166.25   49.58 0.000   1.19 0.000 9.999 0.259000  0.09 0.000000 999.99 0.259000   5.474 0.000 0.053 0.000
168.25 169.25   29.78 0.000   1.13 0.000 9.999 0.259000  0.13 0.000000 999.99 0.259000   3.518 0.000 0.029 0.000
171.25 172.25   37.12 0.000   1.72 0.000 9.999 0.259000  3.66 0.000000 999.99 0.259000   5.262 0.000 0.041 0.000
174.25 175.25   47.79 0.000   2.33 0.000 9.999 0.259000 99.99 0.259000 999.99 0.259000   5.255 0.000 0.053 0.000
177.25 178.25   61.33 0.000   1.58 0.000 9.999 0.259000 99.99 0.259000 999.99 0.259000   5.076 0.000 0.031 0.000
180.25 181.25   61.10 0.000   1.63 0.000 9.999 0.259000  0.12 0.000000 999.99 0.259000   6.331 0.000 0.155 0.000
183.25 184.25   31.52 0.000   0.95 0.000 9.999 0.259000 99.99 0.259000 999.99 0.259000   5.792 0.000 0.053 0.000
186.25 187.25   21.34 0.000   3.22 0.000 9.999 0.259000 99.99 0.259000 999.99 0.259000   4.160 0.000 0.278 0.000
189.25 190.25   50.43 0.000   2.03 0.000 9.999 0.259000 99.99 0.259000 999.99 0.259000   7.259 0.000 0.051 0.000
192.25 193.25   70.50 0.000   1.01 0.000 9.999 0.259000  0.18 0.000000 999.99 0.259000   7.613 0.000 0.064 0.000
195.25 196.25   55.59 0.000   1.43 0.000 9.999 0.259000 99.99 0.259000 999.99 0.259000   5.193 0.000 0.042 0.000
198.25 199.25   41.10 0.000   1.98 0.000 9.999 0.259000  0.07 0.000000 999.99 0.259000   5.412 0.000 0.039 0.000
201.25 202.25   87.37 0.000   1.73 0.000 9.999 0.259000  0.14 0.000000 999.99 0.259000   8.859 0.000 0.089 0.000
204.25 205.25   33.84 0.000   2.49 0.000 9.999 0.259000 99.99 0.259000 999.99 0.259000   6.882 0.000 0.047 0.000
207.25 208.25   44.75 0.000   2.83 0.000 0.046 0.000000 99.99 0.259000 999.99 0.259000   8.315 0.000 0.038 0.000
210.25 211.25   31.85 0.000   2.68 0.000 9.999 0.259000 99.99 0.259000 999.99 0.259000  13.637 0.000 0.050 0.000
213.25 214.25   38.99 0.000   1.75 0.000 9.999 0.259000 99.99 0.259000 999.99 0.259000  10.055 0.000 0.040 0.000
216.25 217.25   23.72 0.000   1.04 0.000 9.999 0.259000  0.15 0.000000 999.99 0.259000   4.956 0.000 0.034 0.000
219.25 220.25   63.88 0.000   2.44 0.000 9.999 0.259000  0.06 0.000000 999.99 0.259000   7.864 0.000 0.047 0.000
222.25 223.25   28.07 0.000   1.07 0.000 9.999 0.259000 99.99 0.259000 999.99 0.259000   3.112 0.000 0.023 0.000
225.25 226.25   50.96 0.000   3.47 0.000 9.999 0.259000  0.10 0.000000 999.99 0.259000   4.808 0.000 0.027 0.000
228.25 229.25   44.92 0.000   1.43 0.000 9.999 0.259000  0.12 0.000000 999.99 0.259000   9.912 0.000 0.043 0.000
231.25 232.25   25.56 0.000   1.47 0.000 9.999 0.259000 99.99 0.259000 999.99 0.259000   3.851 0.000 0.035 0.000
234.25 235.25   54.97 0.000   2.74 0.000 9.999 0.259000  0.09 0.000000 999.99 0.259000   8.815 0.000 0.035 0.000
237.25 238.25 9999.99 0.456 999.99 0.456 9.999 0.456000 99.99 0.456000 999.99 0.456000 999.999 0.456 9.999 0.456
240.25 241.25 9999.99 0.456 999.99 0.456 9.999 0.456000 99.99 0.456000 999.99 0.456000 999.999 0.456 9.999 0.456
243.25 244.25   68.99 0.000   1.22 0.000 9.999 0.259000 99.99 0.259000 999.99 0.259000   8.358 0.000 0.041 0.000
246.25 247.25 9999.99 0.999 999.99 0.999 9.999 0.999000 99.99 0.999000 999.99 0.999000 999.999 0.999 9.999 0.999
249.25 250.25 9999.99 0.999 999.99 0.999 9.999 0.999000 99.99 0.999000 999.99 0.999000 999.999 0.999 9.999 0.999
252.25 253.25   91.13 0.000   1.68 0.000 9.999 0.259000  0.19 0.000000 999.99 0.259000   5.771 0.000 0.031 0.000
255.25 256.25   86.19 0.000   2.20 0.000 9.999 0.259000 99.99 0.259000 999.99 0.259000  17.250 0.000 0.135 0.000
258.25 259.25   21.50 0.000   1.01 0.000 9.999 0.259000  0.17 0.000000 999.99 0.259000   4.186 0.000 0.031 0.000
261.25 262.25   37.16 0.000   1.16 0.000 9.999 0.259000 99.99 0.259000 999.99 0.259000   6.786 0.000 0.032 0.000
264.25 265.25   77.80 0.000   2.09 0.000 9.999 0.259000 99.99 0.259000 999.99 0.259000  14.863 0.000 0.114 0.000
267.25 268.25 9999.99 0.999 999.99 0.999 9.999 0.999000 99.99 0.999000 999.99 0.999000 999.999 0.999 9.999 0.999
270.25 271.25 9999.99 0.999 999.99 0.999 9.999 0.999000 99.99 0.999000 999.99 0.999000 999.999 0.999 9.999 0.999
273.25 274.25   94.53 0.000  16.17 0.000 9.999 0.259000 99.99 0.259000 999.99 0.259000  10.481 0.000 0.071 0.000
276.25 277.25   66.65 0.000   1.74 0.000 9.999 0.259000  0.09 0.000000 999.99 0.259000   5.638 0.000 0.061 0.000
279.25 280.25  119.84 0.394   2.89 0.394 9.999 0.394259  0.27 0.394000 999.99 0.394259   8.166 0.000 0.083 0.394
282.25 283.25   90.91 0.000   1.19 0.000 9.999 0.259000  0.11 0.000000 999.99 0.259000   4.660 0.000 0.048 0.000
285.25 286.25   78.85 0.000   4.09 0.000 9.999 0.259000  0.57 0.000000 999.99 0.259000   7.570 0.000 0.050 0.000
288.25 289.25   32.70 0.000   0.52 0.000 9.999 0.259000  0.11 0.000000 999.99 0.259000   3.038 0.000 0.030 0.000
291.25 292.25   34.49 0.000   3.78 0.000 9.999 0.259000 99.99 0.259000 999.99 0.259000   6.069 0.000 0.057 0.000
294.25 295.25   25.35 0.000   1.55 0.000 9.999 0.259000  0.22 0.000000 999.99 0.259000   7.436 0.000 0.021 0.000
297.25 298.25   36.30 0.000   0.92 0.000 0.092 0.000000  0.12 0.000000  24.44 0.000000   3.720 0.000 0.043 0.000
300.25 301.25   13.69 0.000   2.53 0.000 0.092 0.000000  0.12 0.000000 999.99 0.259000   6.484 0.000 0.020 0.000
303.25 304.25   24.03 0.000   2.85 0.000 9.999 0.259000 99.99 0.259000 999.99 0.259000   2.562 0.000 0.035 0.000
306.25 307.25   17.87 0.000   1.89 0.000 0.103 0.000000 99.99 0.259000 999.99 0.259000   7.493 0.000 0.024 0.000
309.25 310.25   33.67 0.000   1.44 0.000 9.999 0.259000 99.99 0.259000 999.99 0.259000   3.610 0.000 0.074 0.000
312.25 313.25   80.19 0.000   2.90 0.000 9.999 0.259000  0.14 0.000000 999.99 0.259000   4.681 0.000 0.063 0.000
315.25 316.25   20.34 0.000   1.16 0.000 9.999 0.259000 99.99 0.259000 999.99 0.259000   2.809 0.000 0.043 0.000
318.25 319.25   45.40 0.000   4.83 0.000 0.076 0.000000  0.24 0.000000 999.99 0.259000  10.669 0.000 0.050 0.000
321.25 322.25 9999.99 0.999 999.99 0.999 9.999 0.999000 99.99 0.999000 999.99 0.999000 999.999 0.999 9.999 0.999
324.25 325.25   20.29 0.000   1.50 0.000 9.999 0.259000 99.99 0.259000 999.99 0.259000   5.004 0.000 0.062 0.000
327.25 328.25   15.81 0.000   0.83 0.000 9.999 0.259000 99.99 0.259000 999.99 0.259000   5.114 0.000 0.021 0.000
330.25 331.25   19.34 0.000   1.03 0.000 9.999 0.259000 99.99 0.259000 999.99 0.259000   6.484 0.000 0.024 0.000
333.25 334.25    4.49 0.000   1.44 0.000 9.999 0.259000 99.99 0.259000 999.99 0.259000   6.884 0.000 0.023 0.000
336.25 337.25   35.74 0.000   6.71 0.000 9.999 0.259000  0.17 0.000000 999.99 0.259000   9.453 0.000 0.059 0.000
339.25 340.25   72.14 0.000   2.76 0.000 9.999 0.259000 99.99 0.259000 999.99 0.259000   7.828 0.000 0.045 0.000
342.25 343.25   83.92 0.000   3.19 0.000 0.072 0.000000  0.24 0.000000 999.99 0.259000   9.890 0.000 0.046 0.000
345.25 346.25    9.54 0.000   1.77 0.000 9.999 0.259000  0.10 0.000000 999.99 0.259000   7.342 0.000 0.013 0.000
348.25 349.25   22.88 0.000   1.17 0.000 9.999 0.259000 99.99 0.259000 999.99 0.259000   3.547 0.000 0.022 0.000
351.25 352.25   71.08 0.000   2.73 0.000 0.072 0.000000 99.99 0.259000 999.99 0.259000   5.913 0.000 0.049 0.000
354.25 355.25   30.62 0.000   1.78 0.000 9.999 0.259000  0.16 0.000000 999.99 0.259000   3.702 0.000 0.032 0.000
357.25 358.25   34.45 0.000   1.69 0.000 9.999 0.259000  0.10 0.000000  15.06 0.000000   3.682 0.000 0.026 0.000
360.25 361.25   43.20 0.000   2.13 0.000 9.999 0.259000  0.12 0.000000 999.99 0.259000   9.998 0.000 0.058 0.000
363.25 364.25   77.88 0.000   3.71 0.000 9.999 0.259000  0.28 0.000000 999.99 0.259000  17.468 0.000 0.091 0.000
