scripts/IMPROVE-2019_partial/data/US9011R.20080101060000.20191216000000.filterpack...52w.3d.US03L_filterpack_US9011.US03L_IMPROVE_Davis.lev2.nas
52 1001
MISSING INFORMATION
US03L, IMPROVE, , , , , , , 
MISSING INFORMATION
IMPROVE sel_HTAP
1 1
2008 01 01 2019 12 16
3.00
days from file reference point
5
1 1 1 1 1
999.99 999.999 9.999 999.999 9.999
end_time of measurement, days from the file reference point
pm10_mass, ug/m3, Matrix=pm10
numflag pm10_mass, no unit, Matrix=pm10
pm25_mass, ug/m3, Matrix=pm25
numflag pm25_mass, no unit, Matrix=pm25
0
33
Data definition:              EBAS_1.1
Set type code:                TU
Timezone:                     UTC
File name:                    US9011R.20080101060000.20191216000000.filterpack...52w.3d.US03L_filterpack_US9011.US03L_IMPROVE_Davis.lev2.nas
File creation:                20191218120553
Startdate:                    20080101060000
Revision date:                20191216000000
Version:                      2
Version description:          "Data extracted from http://views.cira.colostate.edu/fed/DataWizard 2019-12-16"
Statistics:                   arithmetic mean
Data level:                   2
Period code:                  52w
Resolution code:              3d
Sample duration:              1d
Orig. time res.:              3d
Station code:                 US9011R
Platform code:                US9011S
Station name:                 Mingo
Station latitude:             36.9717
Station longitude:            -90.1432
Station altitude:             111.0 m
Regime:                       IMG
Component:                    
Unit:                         ug/m3
Matrix:                       
Laboratory code:              US03L
Instrument type:              filterpack
Instrument name:              filterpack_US9011
Method ref:                   US03L_IMPROVE_Davis
Blank correction:             Blank corrected
Volume std. temperature:      ambient
Volume std. pressure:         ambient
starttime endtime PM10 flag_PM10 PM2.5 flag_PM2.5
  0.25   1.25   6.899 0.000   4.444 0.000
  3.25   4.25 999.999 0.999   6.892 0.000
  6.25   7.25   7.916 0.000   4.881 0.000
  9.25  10.25   9.462 0.000   8.923 0.000
 12.25  13.25  14.009 0.000  13.561 0.000
 15.25  16.25 999.999 0.999 999.999 0.999
 18.25  19.25   7.045 0.000   3.893 0.000
 21.25  22.25  12.208 0.000  11.711 0.000
 24.25  25.25  14.345 0.000   8.628 0.000
 27.25  28.25  12.262 0.000   7.506 0.000
 30.25  31.25   6.982 0.000 999.999 0.999
 33.25  34.25  14.108 0.000 999.999 0.999
 36.25  37.25   4.468 0.000 999.999 0.999
 39.25  40.25   5.184 0.000   2.965 0.000
 42.25  43.25 999.999 0.999 999.999 0.999
 45.25  46.25  19.091 0.000  18.272 0.000
 48.25  49.25   3.305 0.000   2.760 0.000
 51.25  52.25   9.154 0.000   9.027 0.000
 54.25  55.25  16.058 0.000  15.992 0.000
 57.25  58.25   7.473 0.000   5.178 0.000
 60.25  61.25  10.649 0.000   4.822 0.000
 63.25  64.25   8.242 0.000   8.292 0.000
 66.25  67.25   9.234 0.000   7.898 0.000
 69.25  70.25  12.514 0.000   9.237 0.000
 72.25  73.25  20.683 0.000   9.623 0.000
 75.25  76.25  10.921 0.000  10.121 0.000
 78.25  79.25   5.274 0.000   5.014 0.000
 81.25  82.25  10.919 0.000   8.964 0.000
 84.25  85.25  21.619 0.000   9.211 0.000
 87.25  88.25   8.498 0.000   7.375 0.000
 90.25  91.25  15.351 0.000  12.785 0.000
 93.25  94.25   6.359 0.000   5.978 0.000
 96.25  97.25  18.028 0.000  13.335 0.000
 99.25 100.25   6.474 0.000   4.993 0.000
102.25 103.25   2.410 0.000   1.977 0.000
105.25 106.25  14.335 0.000   7.784 0.000
108.25 109.25  13.390 0.000   9.229 0.000
111.25 112.25  16.729 0.000   9.931 0.000
114.25 115.25  19.696 0.000  15.373 0.000
117.25 118.25 999.999 0.456   6.345 0.000
120.25 121.25  26.880 0.000  11.530 0.000
123.25 124.25  10.911 0.000   3.247 0.000
126.25 127.25  26.455 0.000  13.121 0.000
129.25 130.25  12.540 0.000   9.403 0.000
132.25 133.25  13.261 0.000   5.705 0.000
135.25 136.25  12.676 0.000  11.272 0.000
138.25 139.25  26.917 0.000   6.929 0.000
141.25 142.25  35.663 0.000   9.744 0.000
144.25 145.25  19.027 0.000  13.874 0.000
147.25 148.25   9.486 0.000   5.411 0.000
150.25 151.25  23.623 0.000  15.216 0.000
153.25 154.25  10.262 0.000   6.632 0.000
156.25 157.25 999.999 0.999 999.999 0.999
159.25 160.25 999.999 0.999   8.037 0.000
162.25 163.25  14.762 0.000   8.870 0.000
165.25 166.25  11.168 0.000   5.314 0.000
168.25 169.25  15.084 0.000   6.476 0.000
171.25 172.25 999.999 0.999 999.999 0.999
174.25 175.25  12.186 0.000   7.149 0.000
177.25 178.25  30.078 0.000  16.429 0.000
180.25 181.25   9.996 0.000   4.088 0.000
183.25 184.25  25.233 0.000  12.698 0.000
186.25 187.25  21.467 0.000  20.311 0.000
189.25 190.25  29.141 0.000  16.873 0.000
192.25 193.25  14.688 0.000  10.550 0.000
195.25 196.25  13.543 0.000   6.181 0.000
198.25 199.25  25.823 0.000  17.811 0.000
201.25 202.25  33.899 0.000  20.890 0.000
204.25 205.25  12.883 0.000   9.752 0.000
207.25 208.25  15.749 0.000  15.177 0.000
210.25 211.25  26.153 0.000  15.096 0.000
213.25 214.25  15.362 0.000  10.933 0.000
216.25 217.25  24.930 0.000  19.574 0.000
219.25 220.25  12.501 0.000   9.446 0.000
222.25 223.25  21.509 0.000  15.306 0.000
225.25 226.25  22.101 0.000  15.807 0.000
228.25 229.25  14.188 0.000  10.972 0.000
231.25 232.25  25.080 0.000  20.802 0.000
234.25 235.25  10.996 0.000   6.892 0.000
237.25 238.25  12.585 0.000   6.843 0.000
240.25 241.25  35.426 0.000  21.944 0.000
243.25 244.25  25.620 0.000  20.975 0.000
246.25 247.25  22.323 0.000  17.772 0.000
249.25 250.25  11.805 0.000   7.337 0.000
252.25 253.25  11.219 0.000   6.315 0.000
255.25 256.25  19.445 0.000  10.350 0.000
258.25 259.25 999.999 0.999 999.999 0.999
261.25 262.25  14.433 0.000   9.596 0.000
264.25 265.25  17.943 0.000  12.595 0.000
267.25 268.25  24.131 0.000  18.869 0.000
270.25 271.25  16.496 0.000   9.119 0.000
273.25 274.25  10.992 0.000   5.124 0.000
276.25 277.25  19.685 0.000   5.747 0.000
279.25 280.25  43.936 0.000  27.214 0.000
282.25 283.25  10.049 0.000   3.934 0.000
285.25 286.25  22.263 0.000   8.271 0.000
288.25 289.25  14.986 0.000   6.166 0.000
291.25 292.25  10.402 0.000   5.729 0.000
294.25 295.25  20.378 0.000   8.545 0.000
297.25 298.25   6.272 0.000   3.082 0.000
300.25 301.25   9.626 0.000   2.094 0.000
303.25 304.25  41.760 0.000  16.447 0.000
306.25 307.25  77.489 0.000  24.622 0.000
309.25 310.25  36.199 0.000  17.978 0.000
312.25 313.25   8.065 0.000   3.765 0.000
315.25 316.25  11.972 0.000   8.724 0.000
318.25 319.25  16.474 0.000  12.180 0.000
321.25 322.25   6.155 0.000   4.310 0.000
324.25 325.25  19.991 0.000  13.880 0.000
327.25 328.25  30.698 0.000  16.367 0.000
330.25 331.25  19.478 0.000   8.974 0.000
333.25 334.25  10.307 0.000   6.091 0.000
336.25 337.25  12.118 0.000   7.450 0.000
339.25 340.25  10.771 0.000   7.239 0.000
342.25 343.25  13.612 0.000   6.309 0.000
345.25 346.25   5.827 0.000   4.575 0.000
348.25 349.25   9.792 0.000   5.076 0.000
351.25 352.25 999.999 0.999 999.999 0.999
354.25 355.25 999.999 0.999 999.999 0.999
357.25 358.25 999.999 0.999 999.999 0.999
360.25 361.25   7.215 0.000   5.526 0.000
363.25 364.25  13.236 0.000   7.622 0.000
