scripts/IMPROVE-2019_partial/data/US9000R.20020102070000.20191216000000.filterpack..pm25.52w.1w.US03L_filterpack_US9000.US03L_IMPROVE_Davis.lev2.nas
66 1001
MISSING INFORMATION
US03L, IMPROVE, , , , , , , 
MISSING INFORMATION
IMPROVE sel_HTAP
1 1
2002 01 01 2019 12 16
3.000000
days from file reference point
27
1 1 1 1 1 1 1 1 1 1 1 1 1 1 1 1 1 1 1 1 1 1 1 1 1 1 1
999.999999 9999.99 9.999 99.99 9.999999 9.999 9.999999 9.99 9.999999 9.999 9.999999 99.999 9.999 999.999 9.999 99.99 9.999999 999.999 9.999 999.999 9.999 999.999 9.999 9.999 9.999 9.999 9.999999
end_time of measurement, days from the file reference point
iron, ng/m3, Revision date=20181210133000
numflag iron, no unit, Revision date=20181210133000
lead, ng/m3, Revision date=20181210133000
numflag lead, no unit, Revision date=20181210133000
magnesium, ug/m3, Revision date=20181210133000
numflag magnesium, no unit, Revision date=20181210133000
nickel, ng/m3, Revision date=20181210133000
numflag nickel, no unit, Revision date=20181210133000
nitrate, ug N/m3, Revision date=20181210133000
numflag nitrate, no unit, Revision date=20181210133000
organic_carbon, ug C/m3, Revision date=20181210133000
numflag organic_carbon, no unit, Revision date=20181210133000
organic_mass, ug/m3, Revision date=20181210133000
numflag organic_mass, no unit, Revision date=20181210133000
phosphorus, ng/m3, Revision date=20181210133000
numflag phosphorus, no unit, Revision date=20181210133000
pm10_mass, ug/m3, Version=2, Version description=Data extracted from http://views.cira.colostate.edu/fed/DataWizard 2019-12-16, Sample duration=1d, Orig. time res.=3d, Matrix=pm10, Blank correction=Blank corrected, Volume std. temperature=ambient, Volume std. pressure=ambient
numflag pm10_mass, no unit, Version=2, Version description=Data extracted from http://views.cira.colostate.edu/fed/DataWizard 2019-12-16, Sample duration=1d, Orig. time res.=3d, Matrix=pm10, Blank correction=Blank corrected, Volume std. temperature=ambient, Volume std. pressure=ambient
pm10_pm25_mass, ug/m3, Revision date=20181210133000, Matrix=pm10_pm25
numflag pm10_pm25_mass, no unit, Revision date=20181210133000, Matrix=pm10_pm25
pm25_mass, ug/m3, Version=2, Version description=Data extracted from http://views.cira.colostate.edu/fed/DataWizard 2019-12-16, Sample duration=1d, Orig. time res.=3d, Blank correction=Blank corrected, Volume std. temperature=ambient, Volume std. pressure=ambient
numflag pm25_mass, no unit, Version=2, Version description=Data extracted from http://views.cira.colostate.edu/fed/DataWizard 2019-12-16, Sample duration=1d, Orig. time res.=3d, Blank correction=Blank corrected, Volume std. temperature=ambient, Volume std. pressure=ambient
potassium, ug/m3, Revision date=20181210133000
numflag potassium, no unit, Revision date=20181210133000
sulphate_total, ug S/m3, Revision date=20181210133000
numflag sulphate_total, no unit, Revision date=20181210133000
0
25
Data definition:              EBAS_1.1
Set type code:                TU
Timezone:                     UTC
File name:                    US9000R.20020102070000.20191216000000.filterpack..pm25.52w.1w.US03L_filterpack_US9000.US03L_IMPROVE_Davis.lev2.nas
File creation:                20191218120514
Startdate:                    20020102070000
Revision date:                20191216000000
Statistics:                   arithmetic mean
Data level:                   2
Period code:                  52w
Resolution code:              1w
Station code:                 US9000R
Platform code:                US9000S
Station name:                 Rocky Mountain NP
Station latitude:             40.2783
Station longitude:            -105.5457
Station altitude:             2760.0 m
Regime:                       IMG
Component:                    
Matrix:                       pm25
Laboratory code:              US03L
Instrument type:              filterpack
Instrument name:              filterpack_US9000
Method ref:                   US03L_IMPROVE_Davis
starttime endtime Fe flag_Fe Pb flag_Pb Mg++ flag_Mg++ Ni flag_Ni NO3- flag_NO3- OC flag_OC OM flag_OM P flag_P PM10 flag_PM10 PM10-PM2.5 flag_PM10-PM2.5 PM2.5 flag_PM2.5 K+ flag_K+ SO4-- flag_SO4--
  1.291667   2.291667    2.10 0.000  0.20 0.000000 9.999 0.259000 9.99 0.259000 9.999 0.259000  0.177 0.000   0.248 0.000 99.99 0.259000   1.129 0.000   0.849 0.000   0.280 0.000 0.003 0.000 0.025 0.000000
  4.291667   5.291667    2.81 0.000  0.40 0.000000 9.999 0.259000 9.99 0.259000 0.008 0.000000  0.153 0.000   0.214 0.000 99.99 0.259000   1.539 0.000   0.888 0.000   0.651 0.000 0.004 0.000 0.074 0.000000
  7.291667   8.291667    6.37 0.000  0.20 0.000000 9.999 0.259000 9.99 0.259000 9.999 0.259000  0.065 0.000   0.091 0.000 99.99 0.259000   0.955 0.000   0.589 0.000   0.366 0.000 0.005 0.000 0.017 0.000000
 10.291667  11.291667    3.14 0.000  0.36 0.000000 9.999 0.259000 9.99 0.259000 0.004 0.000000  0.155 0.000   0.217 0.000 99.99 0.259000   1.081 0.000   0.497 0.000   0.584 0.000 0.008 0.000 0.035 0.000000
 13.291667  14.291667    7.86 0.000 99.99 0.259000 9.999 0.259000 9.99 0.259000 0.144 0.000000  0.419 0.000   0.587 0.000 99.99 0.259000   3.157 0.000   1.359 0.000   1.798 0.000 0.006 0.000 0.098 0.000000
 16.291667  17.291667   19.33 0.000  0.70 0.000000 9.999 0.259000 9.99 0.259000 0.369 0.559000  0.471 0.000   0.659 0.000 99.99 0.259000   6.103 0.000   2.001 0.000   4.102 0.000 0.014 0.000 0.220 0.559000
 19.291667  20.291667   11.56 0.394 99.99 0.394259 9.999 0.394259 9.99 0.394259 0.014 0.559394  0.140 0.000   0.195 0.000 99.99 0.394259   5.168 0.000   4.311 0.000   0.857 0.000 0.009 0.394 0.059 0.559394
 22.291667  23.291667   11.69 0.000  0.28 0.000000 9.999 0.259000 0.06 0.000000 0.072 0.000000  0.259 0.000   0.362 0.000 99.99 0.259000   4.756 0.000   2.972 0.000   1.784 0.000 0.009 0.000 0.257 0.000000
 25.291667  26.291667    6.68 0.000  0.18 0.000000 9.999 0.259000 9.99 0.259000 0.007 0.000000  0.166 0.000   0.232 0.000 99.99 0.259000   1.819 0.000   1.350 0.000   0.469 0.000 0.009 0.000 0.031 0.000000
 28.291667  29.291667   21.78 0.559  0.37 0.559000 9.999 0.559259 9.99 0.559259 0.270 0.559000  0.418 0.000   0.586 0.000 99.99 0.559259   7.736 0.000   3.565 0.000   4.171 0.559 0.015 0.559 0.341 0.559000
 31.291667  32.291667    7.02 0.000  0.56 0.000000 9.999 0.259000 9.99 0.259000 0.007 0.559000  0.057 0.000   0.079 0.000 99.99 0.259000   1.548 0.000   1.026 0.000   0.522 0.000 0.009 0.000 0.053 0.559000
 34.291667  35.291667    2.93 0.000 99.99 0.259000 9.999 0.259000 9.99 0.259000 0.016 0.000000  0.086 0.000   0.121 0.000 99.99 0.259000   1.004 0.000   0.441 0.000   0.563 0.000 0.005 0.000 0.058 0.000000
 37.291667  38.291667    5.15 0.000 99.99 0.259000 9.999 0.259000 9.99 0.259000 0.009 0.559000  0.153 0.000   0.214 0.000 99.99 0.259000   1.123 0.000   0.835 0.000   0.288 0.000 0.006 0.000 0.031 0.559000
 40.291667  41.291667    8.41 0.000  0.21 0.000000 9.999 0.259000 9.99 0.259000 0.007 0.559000  0.143 0.000   0.200 0.000 99.99 0.259000   1.497 0.000   1.057 0.000   0.440 0.000 0.008 0.000 0.037 0.559000
 43.291667  44.291667   23.86 0.000  1.32 0.000000 9.999 0.259000 9.99 0.259000 0.059 0.000000  0.196 0.000   0.274 0.000 99.99 0.259000   4.518 0.000   2.641 0.000   1.877 0.000 0.023 0.000 0.205 0.000000
 46.291667  47.291667   68.31 0.000  0.69 0.000000 9.999 0.259000 9.99 0.259000 0.038 0.000000  0.358 0.000   0.501 0.000 99.99 0.259000   5.489 0.000   3.122 0.000   2.367 0.000 0.044 0.000 0.069 0.000000
 49.291667  50.291667   14.49 0.000  0.58 0.000000 0.056 0.000000 0.04 0.000000 0.036 0.000000  0.272 0.000   0.380 0.000 99.99 0.259000   3.320 0.000   1.139 0.000   2.181 0.000 0.014 0.000 0.273 0.000000
 52.291667  53.291667    9.83 0.000 99.99 0.259000 9.999 0.259000 9.99 0.259000 0.008 0.000000  0.128 0.000   0.179 0.000 99.99 0.259000   1.447 0.000   0.855 0.000   0.592 0.000 0.008 0.000 0.042 0.000000
 55.291667  56.291667    7.99 0.000  0.47 0.000000 9.999 0.259000 9.99 0.259000 0.105 0.000000  0.330 0.000   0.463 0.000 99.99 0.259000   6.902 0.000   4.619 0.000   2.284 0.000 0.009 0.000 0.278 0.000000
 58.291667  59.291667   15.33 0.000  0.52 0.000000 9.999 0.259000 9.99 0.259000 0.066 0.000000  0.196 0.000   0.274 0.000 99.99 0.259000   4.574 0.000   3.091 0.000   1.484 0.000 0.013 0.000 0.152 0.000000
 61.291667  62.291667   21.13 0.000  1.15 0.000000 9.999 0.259000 9.99 0.259000 0.020 0.000000  0.379 0.000   0.531 0.000 99.99 0.259000   4.840 0.000   2.713 0.000   2.127 0.000 0.021 0.000 0.248 0.000000
 64.291667  65.291667   23.11 0.000  0.60 0.000000 9.999 0.259000 9.99 0.259000 0.041 0.559000 99.999 0.999 999.999 0.999 99.99 0.259000   3.307 0.000   2.087 0.000   1.220 0.000 0.022 0.000 0.085 0.559000
 67.291667  68.291667   17.31 0.000  0.53 0.000000 0.066 0.000000 9.99 0.259000 0.026 0.000000 99.999 0.999 999.999 0.999 99.99 0.259000   5.073 0.000   3.610 0.000   1.464 0.000 0.014 0.000 0.116 0.000000
 70.291667  71.291667    7.87 0.000  0.58 0.000000 9.999 0.259000 9.99 0.259000 0.014 0.559000  0.150 0.000   0.209 0.000 99.99 0.259000   2.085 0.000   1.065 0.000   1.020 0.000 0.013 0.000 0.117 0.559000
 73.291667  74.291667    5.94 0.000  0.70 0.000000 9.999 0.259000 9.99 0.259000 0.261 0.000000  0.572 0.000   0.801 0.000 99.99 0.259000   6.861 0.000   2.168 0.000   4.693 0.000 0.007 0.000 0.605 0.000000
 76.291667  77.291667   23.60 0.000  0.73 0.000000 9.999 0.259000 0.12 0.000000 0.392 0.000000  0.379 0.000   0.530 0.000 99.99 0.259000   7.070 0.000   2.019 0.000   5.051 0.000 0.015 0.000 0.372 0.000000
 79.291667  80.291667   14.89 0.559  0.62 0.559000 9.999 0.559259 9.99 0.559259 0.160 0.000000  0.381 0.000   0.533 0.000 99.99 0.559259   5.043 0.000   1.276 0.000   3.767 0.559 0.022 0.559 0.484 0.000000
 82.291667  83.291667   33.10 0.559  1.15 0.559000 9.999 0.559259 9.99 0.559259 0.502 0.000000  0.641 0.000   0.897 0.000 99.99 0.559259  12.641 0.000   5.632 0.000   7.010 0.559 0.034 0.559 0.447 0.000000
 85.291667  86.291667   19.99 0.000  0.33 0.000000 9.999 0.259000 9.99 0.259000 0.049 0.000000  0.214 0.000   0.299 0.000 99.99 0.259000   4.216 0.000   2.308 0.000   1.908 0.000 0.015 0.000 0.127 0.000000
 88.291667  89.291667   37.38 0.000  0.66 0.000000 9.999 0.259000 9.99 0.259000 0.058 0.559000  0.295 0.000   0.414 0.000 99.99 0.259000   4.588 0.000   2.147 0.000   2.442 0.000 0.033 0.000 0.165 0.559000
 91.291667  92.291667   27.20 0.000  0.40 0.000000 9.999 0.259000 9.99 0.259000 0.420 0.000000  0.547 0.000   0.766 0.000 99.99 0.259000   9.158 0.000   2.827 0.000   6.331 0.000 0.028 0.000 0.591 0.000000
 94.291667  95.291667  102.91 0.559  1.08 0.559000 9.999 0.559259 9.99 0.559259 0.367 0.000000  0.818 0.000   1.145 0.000 99.99 0.559259  13.681 0.000   7.686 0.000   5.995 0.559 0.091 0.559 0.199 0.000000
 97.291667  98.291667   35.77 0.000  0.58 0.000000 9.999 0.259000 0.10 0.000000 0.402 0.000000  0.634 0.000   0.888 0.000 99.99 0.259000   8.483 0.000   3.687 0.000   4.796 0.000 0.027 0.000 0.301 0.000000
100.291667 101.291667   38.29 0.000  0.54 0.000000 9.999 0.259000 9.99 0.259000 0.028 0.000000  0.211 0.000   0.295 0.000 99.99 0.259000   3.059 0.000   1.354 0.000   1.705 0.000 0.022 0.000 0.138 0.000000
103.291667 104.291667   84.53 0.000  0.64 0.000000 9.999 0.259000 9.99 0.259000 0.041 0.559000  0.237 0.000   0.332 0.000 99.99 0.259000   5.351 0.000   2.700 0.000   2.651 0.000 0.044 0.000 0.098 0.559000
106.291667 107.291667  138.15 0.000  0.64 0.000000 9.999 0.259000 9.99 0.259000 0.039 0.559000  0.322 0.000   0.450 0.000 99.99 0.259000  11.999 0.000   7.725 0.000   4.274 0.000 0.082 0.000 0.174 0.559000
109.291667 110.291667   17.05 0.000  0.43 0.000000 9.999 0.259000 9.99 0.259000 0.210 0.000000  0.365 0.000   0.511 0.000 99.99 0.259000   5.032 0.000   2.254 0.000   2.778 0.000 0.013 0.000 0.263 0.000000
112.291667 113.291667  114.22 0.000  1.41 0.000000 9.999 0.259000 0.11 0.000000 0.063 0.559000  0.320 0.000   0.447 0.000 99.99 0.259000   8.761 0.000   4.756 0.000   4.005 0.000 0.070 0.000 0.213 0.559000
115.291667 116.291667   52.39 0.000  0.78 0.000000 9.999 0.259000 0.11 0.000000 0.149 0.000000  0.519 0.000   0.726 0.000 99.99 0.259000   6.531 0.000   3.591 0.000   2.940 0.000 0.036 0.000 0.202 0.000000
118.291667 119.291667   97.88 0.000  0.91 0.000000 9.999 0.259000 0.10 0.000000 0.087 0.559000  0.242 0.000   0.339 0.000 99.99 0.259000   6.986 0.000   3.780 0.000   3.205 0.000 0.059 0.000 0.176 0.559000
121.291667 122.291667   39.63 0.559  0.59 0.559000 9.999 0.559259 9.99 0.559259 0.181 0.559000  0.434 0.000   0.608 0.000 99.99 0.559259   4.034 0.000   1.553 0.000   2.480 0.559 0.024 0.559 0.247 0.559000
124.291667 125.291667  174.75 0.559  0.59 0.559000 9.999 0.559259 9.99 0.559259 0.082 0.559000  0.486 0.000   0.680 0.000 99.99 0.559259  10.375 0.000   4.963 0.000   5.412 0.559 0.094 0.559 0.167 0.559000
127.291667 128.291667  101.24 0.000  0.71 0.000000 9.999 0.259000 0.11 0.000000 0.065 0.000000  0.425 0.000   0.595 0.000 99.99 0.259000  12.656 0.000   8.527 0.000   4.129 0.000 0.059 0.000 0.191 0.000000
130.291667 131.291667  112.41 0.000  0.46 0.000000 9.999 0.259000 0.11 0.000000 0.161 0.559000  0.508 0.000   0.711 0.000 99.99 0.259000  15.253 0.000  10.455 0.000   4.798 0.000 0.070 0.000 0.234 0.559000
133.291667 134.291667   54.70 0.000  0.54 0.000000 9.999 0.259000 9.99 0.259000 0.065 0.559000  0.501 0.000   0.702 0.000 99.99 0.259000   5.890 0.000   2.900 0.000   2.990 0.000 0.034 0.000 0.215 0.559000
136.291667 137.291667   37.55 0.000  0.88 0.000000 9.999 0.259000 9.99 0.259000 0.440 0.559000  1.099 0.000   1.539 0.000 99.99 0.259000  10.458 0.000   2.099 0.000   8.358 0.000 0.021 0.000 0.957 0.559000
139.291667 140.291667   68.92 0.000  1.25 0.000000 9.999 0.259000 0.24 0.000000 0.915 0.559000  1.353 0.000   1.894 0.000 99.99 0.259000  14.674 0.000   3.833 0.000  10.841 0.000 0.045 0.000 0.969 0.559000
142.291667 143.291667   76.03 0.000  0.47 0.000000 9.999 0.259000 0.29 0.000000 0.167 0.559000  0.691 0.000   0.968 0.000 99.99 0.259000   5.572 0.000   2.021 0.000   3.551 0.000 0.041 0.000 0.114 0.559000
145.291667 146.291667   23.90 0.000  0.40 0.000000 9.999 0.259000 9.99 0.259000 0.013 0.559000  0.402 0.000   0.562 0.000 99.99 0.259000   3.927 0.000   2.151 0.000   1.776 0.000 0.016 0.000 0.105 0.559000
148.291667 149.291667   71.78 0.000  0.44 0.000000 9.999 0.259000 0.10 0.000000 0.030 0.559000  0.501 0.000   0.702 0.000 99.99 0.259000  10.253 0.000   6.562 0.000   3.691 0.000 0.045 0.000 0.256 0.559000
151.291667 152.291667   95.67 0.000  0.49 0.000000 9.999 0.259000 0.16 0.000000 0.033 0.559000  1.091 0.000   1.528 0.000 99.99 0.259000   9.163 0.000   3.703 0.000   5.461 0.000 0.069 0.000 0.298 0.559000
154.291667 155.291667    4.49 0.000  0.23 0.000000 9.999 0.259000 9.99 0.259000 0.013 0.559000  0.227 0.000   0.318 0.000  3.04 0.000000   1.370 0.000   0.528 0.000   0.842 0.000 0.006 0.000 0.035 0.559000
157.291667 158.291667   40.37 0.000  0.58 0.000000 9.999 0.259000 9.99 0.259000 0.026 0.000000  0.952 0.000   1.333 0.000 99.99 0.259000   9.069 0.000   5.409 0.000   3.660 0.000 0.030 0.000 0.163 0.000000
160.291667 161.291667  400.52 0.699  0.89 0.699000 9.999 0.699259 0.20 0.699000 0.099 0.000000  3.225 0.000   4.515 0.000 99.99 0.699259  51.347 0.000  31.982 0.000  19.365 0.699 0.309 0.699 0.271 0.000000
163.291667 164.291667   81.62 0.559  0.56 0.559000 9.999 0.559259 9.99 0.559259 0.205 0.000000  1.031 0.000   1.444 0.000 99.99 0.559259  15.294 0.000  10.052 0.000   5.242 0.559 0.050 0.559 0.326 0.000000
166.291667 167.291667  149.61 0.559  0.51 0.559000 9.999 0.559259 0.18 0.559000 0.062 0.000000  0.879 0.000   1.231 0.000 99.99 0.559259   9.425 0.000   2.513 0.000   6.912 0.559 0.096 0.559 0.227 0.000000
169.291667 170.291667  169.15 0.559  0.86 0.559000 9.999 0.559259 0.21 0.559000 0.072 0.000000  2.200 0.000   3.080 0.000 99.99 0.559259  20.751 0.000  11.143 0.000   9.608 0.559 0.119 0.559 0.197 0.000000
172.291667 173.291667  140.85 0.699  0.70 0.699000 0.035 0.699000 0.18 0.699000 0.101 0.000000  6.606 0.000   9.249 0.000 99.99 0.699259  25.033 0.000   6.941 0.000  18.092 0.699 0.134 0.699 0.352 0.000000
175.291667 176.291667  167.94 0.699  0.97 0.699000 9.999 0.699259 0.15 0.699000 0.085 0.000000  3.860 0.000   5.404 0.000 99.99 0.699259  20.927 0.000   7.330 0.000  13.597 0.699 0.142 0.699 0.335 0.000000
178.291667 179.291667   70.54 0.559  0.46 0.559000 9.999 0.559259 9.99 0.559259 0.039 0.000000  2.512 0.000   3.516 0.000 99.99 0.559259  14.711 0.000   6.473 0.000   8.238 0.559 0.078 0.559 0.326 0.000000
181.291667 182.291667  167.91 0.699  0.53 0.699000 0.050 0.699000 9.99 0.699259 0.168 0.000000  9.250 0.000  12.950 0.000 99.99 0.699259  37.337 0.000  14.035 0.000  23.302 0.699 0.255 0.699 0.334 0.000000
184.291667 185.291667  203.74 0.559  1.07 0.559000 9.999 0.559259 9.99 0.559259 0.065 0.000000  2.197 0.000   3.076 0.000 99.99 0.559259  16.943 0.000   6.217 0.000  10.726 0.559 0.163 0.559 0.409 0.000000
187.291667 188.291667   57.18 0.000  0.64 0.000000 9.999 0.259000 0.12 0.000000 0.026 0.559000  1.203 0.000   1.684 0.000 99.99 0.259000   7.725 0.000   2.525 0.000   5.200 0.000 0.048 0.000 0.290 0.559000
190.291667 191.291667  101.74 0.000  0.93 0.000000 9.999 0.259000 0.21 0.000000 0.230 0.559000  1.721 0.000   2.409 0.000 99.99 0.259000  16.520 0.000   7.967 0.000   8.553 0.000 0.074 0.000 0.539 0.559000
193.291667 194.291667   70.72 0.000  0.26 0.000000 9.999 0.259000 0.07 0.000000 0.017 0.559000  1.334 0.000   1.867 0.000 99.99 0.259000  13.560 0.000   8.983 0.000   4.577 0.000 0.051 0.000 0.119 0.559000
196.291667 197.291667   61.64 0.000  0.54 0.000000 0.030 0.000000 9.99 0.259000 0.020 0.559000  0.627 0.000   0.878 0.000 99.99 0.259000  11.461 0.000   7.558 0.000   3.902 0.000 0.040 0.000 0.214 0.559000
199.291667 200.291667  124.44 0.699  0.48 0.699000 9.999 0.699259 9.99 0.699259 0.070 0.559000  5.033 0.000   7.046 0.000 99.99 0.699259  23.343 0.000  10.447 0.000  12.897 0.699 0.113 0.699 0.292 0.559000
202.291667 203.291667   24.81 0.559  0.56 0.559000 0.029 0.559000 9.99 0.559259 0.439 0.559000  2.032 0.000   2.845 0.000 99.99 0.559259  12.226 0.000   3.488 0.000   8.738 0.559 0.021 0.559 0.730 0.559000
205.291667 206.291667  201.95 0.559  0.47 0.559000 0.072 0.559000 0.23 0.559000 0.026 0.559000  1.329 0.000   1.860 0.000 99.99 0.559259   7.972 0.000   2.966 0.000   5.006 0.559 0.143 0.559 0.204 0.559000
208.291667 209.291667   70.56 0.559  0.31 0.559000 0.032 0.559000 9.99 0.559259 0.028 0.559000  1.220 0.000   1.708 0.000 99.99 0.559259  13.480 0.000   0.720 0.000  12.761 0.559 0.066 0.559 0.172 0.559000
211.291667 212.291667  117.43 0.559  0.39 0.559000 9.999 0.559259 9.99 0.559259 0.024 0.000000  1.480 0.000   2.072 0.000 99.99 0.559259  12.656 0.000   6.760 0.000   5.896 0.559 0.090 0.559 0.105 0.000000
214.291667 215.291667   71.64 0.000  0.31 0.000000 9.999 0.259000 0.19 0.000000 0.013 0.559000  0.698 0.000   0.977 0.000 99.99 0.259000   3.638 0.000 999.999 0.259   3.869 0.000 0.057 0.000 0.140 0.559000
217.291667 218.291667   35.52 0.000  0.23 0.000000 9.999 0.259000 0.24 0.000000 0.016 0.559000  0.541 0.000   0.758 0.000 99.99 0.259000   4.075 0.000   1.167 0.000   2.909 0.000 0.029 0.000 0.208 0.559000
220.291667 221.291667   48.44 0.559  0.35 0.559000 9.999 0.559259 9.99 0.559259 0.050 0.559000  1.268 0.000   1.775 0.000 99.99 0.559259   9.523 0.000   4.728 0.000   4.795 0.559 0.058 0.559 0.178 0.559000
223.291667 224.291667   77.65 0.000  0.25 0.000000 9.999 0.259000 0.18 0.000000 0.155 0.559000  1.120 0.000   1.568 0.000 99.99 0.259000  13.016 0.000   8.078 0.000   4.938 0.000 0.055 0.000 0.167 0.559000
226.291667 227.291667  141.96 0.559  0.94 0.559000 9.999 0.559259 0.21 0.559000 0.053 0.559000  1.551 0.000   2.171 0.000 99.99 0.559259  21.495 0.000  13.666 0.000   7.829 0.559 0.092 0.559 0.236 0.559000
229.291667 230.291667 9999.99 0.699 99.99 0.699000 9.999 0.699000 9.99 0.699000 0.118 0.000000  8.209 0.000  11.493 0.000 99.99 0.699000  31.101 0.000 999.999 0.999 999.999 0.699 9.999 0.699 0.121 0.000000
