scripts/IMPROVE-2019_partial/data/US9045R.19930102080000.20191216000000.filterpack...1y.3d.US03L_filterpack_US9045.US03L_IMPROVE_Davis.lev2.nas
51 1001
MISSING INFORMATION
US03L, IMPROVE, , , , , , , 
MISSING INFORMATION
IMPROVE sel_HTAP
1 1
1993 01 01 2019 12 16
0
days from file reference point
4
1 1 1 1
999.999999 999.999 999.999 9.999
end_time of measurement, days from the file reference point
pm10_mass, ug/m3, Matrix=pm10
pm25_mass, ug/m3, Matrix=pm25
numflag, no unit
0
33
Data definition:              EBAS_1.1
Set type code:                TI
Timezone:                     UTC
File name:                    US9045R.19930102080000.20191216000000.filterpack...1y.3d.US03L_filterpack_US9045.US03L_IMPROVE_Davis.lev2.nas
File creation:                20191218120827
Startdate:                    19930102080000
Revision date:                20191216000000
Version:                      2
Version description:          "Data extracted from http://views.cira.colostate.edu/fed/DataWizard 2019-12-16"
Statistics:                   arithmetic mean
Data level:                   2
Period code:                  1y
Resolution code:              3d
Sample duration:              1d
Orig. time res.:              3d
Station code:                 US9045R
Platform code:                US9045S
Station name:                 Sequoia NP
Station latitude:             36.4894
Station longitude:            -118.8291
Station altitude:             519.0 m
Regime:                       IMG
Component:                    
Unit:                         ug/m3
Matrix:                       
Laboratory code:              US03L
Instrument type:              filterpack
Instrument name:              filterpack_US9045
Method ref:                   US03L_IMPROVE_Davis
Blank correction:             Blank corrected
Volume std. temperature:      ambient
Volume std. pressure:         ambient
starttime endtime PM10 PM2.5 flag
  1.333333   2.333333 999.999   4.798 0.000
  5.333333   6.333333 999.999   5.789 0.000
  8.333333   9.333333 999.999   1.111 0.000
 12.333333  13.333333 999.999 999.999 0.999
 15.333333  16.333333 999.999   2.530 0.000
 19.333333  20.333333 999.999 999.999 0.999
 22.333333  23.333333 999.999   8.936 0.000
 26.333333  27.333333 999.999   1.785 0.000
 29.333333  30.333333 999.999  16.492 0.000
 33.333333  34.333333 999.999   1.988 0.000
 36.333333  37.333333 999.999   3.486 0.000
 40.333333  41.333333 999.999 999.999 0.999
 43.333333  44.333333 999.999   7.877 0.000
 47.333333  48.333333 999.999   2.086 0.000
 50.333333  51.333333 999.999   0.795 0.000
 54.333333  55.333333 999.999   2.171 0.000
 57.333333  58.333333 999.999   4.159 0.000
 61.333333  62.333333 999.999  10.361 0.000
 64.333333  65.333333 999.999   5.761 0.000
 68.333333  69.333333 999.999  15.181 0.000
 71.333333  72.333333 999.999   7.018 0.000
 75.333333  76.333333 999.999   2.831 0.000
 78.333333  79.333333 999.999  12.246 0.000
 82.333333  83.333333 999.999   3.201 0.000
 85.333333  86.333333 999.999   3.926 0.000
 89.333333  90.333333 999.999 999.999 0.999
 92.333333  93.333333 999.999   6.316 0.000
 96.333333  97.333333 999.999   8.563 0.000
 99.333333 100.333333 999.999   9.939 0.000
103.333333 104.333333 999.999   8.646 0.000
106.333333 107.333333 999.999   7.034 0.000
110.333333 111.333333 999.999  10.215 0.000
113.333333 114.333333 999.999   7.730 0.000
117.333333 118.333333 999.999  14.908 0.000
120.333333 121.333333 999.999  13.925 0.000
124.333333 125.333333 999.999   6.145 0.000
127.333333 128.333333 999.999  10.211 0.000
131.333333 132.333333 999.999   6.177 0.000
134.333333 135.333333 999.999  13.670 0.000
138.333333 139.333333 999.999  19.116 0.000
141.333333 142.333333 999.999   9.969 0.000
145.333333 146.333333 999.999   3.385 0.000
148.333333 149.333333 999.999  11.006 0.000
152.333333 153.333333 999.999   5.182 0.000
155.333333 156.333333 999.999   2.465 0.000
159.333333 160.333333 999.999  11.395 0.000
162.333333 163.333333 999.999  10.893 0.000
166.333333 167.333333 999.999  11.209 0.000
169.333333 170.333333 999.999   9.499 0.000
173.333333 174.333333 999.999  13.343 0.000
176.333333 177.333333 999.999  11.582 0.000
180.333333 181.333333 999.999  11.826 0.000
183.333333 184.333333 999.999   8.427 0.000
187.333333 188.333333 999.999  16.647 0.000
190.333333 191.333333  30.864  18.977 0.000
194.333333 195.333333  25.179  10.094 0.000
197.333333 198.333333  25.487  12.722 0.000
201.333333 202.333333  26.137   9.434 0.000
204.333333 205.333333  25.897  11.006 0.000
208.333333 209.333333 999.999 999.999 0.999
211.333333 212.333333  31.250  16.113 0.000
215.333333 216.333333  32.274  14.146 0.000
218.333333 219.333333  28.280  12.366 0.000
222.333333 223.333333  32.843  12.119 0.000
225.333333 226.333333  29.312  13.019 0.000
229.333333 230.333333  33.529  11.277 0.000
232.333333 233.333333  32.227  12.555 0.000
236.333333 237.333333  35.071  18.949 0.000
239.333333 240.333333  21.720  10.000 0.000
243.333333 244.333333  25.091  10.540 0.000
246.333333 247.333333  26.703  10.413 0.000
250.333333 251.333333  33.816  14.696 0.000
253.333333 254.333333  36.441  15.591 0.000
257.333333 258.333333  33.930  14.698 0.000
260.333333 261.333333  22.580   8.286 0.000
264.333333 265.333333  32.552  14.969 0.000
267.333333 268.333333  26.199  10.466 0.000
271.333333 272.333333  26.066   8.974 0.000
274.333333 275.333333  31.471  13.806 0.000
278.333333 279.333333 999.999 999.999 0.999
281.333333 282.333333  20.903   9.361 0.000
285.333333 286.333333 999.999 999.999 0.999
288.333333 289.333333  12.129   4.272 0.000
292.333333 293.333333   8.425   6.178 0.000
295.333333 296.333333  14.396   8.814 0.000
299.333333 300.333333  26.705   9.541 0.000
302.333333 303.333333  12.928   6.214 0.000
306.333333 307.333333  17.216   9.065 0.000
309.333333 310.333333  19.625   9.295 0.000
313.333333 314.333333  48.282  25.118 0.000
316.333333 317.333333  14.769   7.697 0.000
320.333333 321.333333   7.778   5.980 0.000
323.333333 324.333333  13.027   9.510 0.000
327.333333 328.333333  30.453  21.097 0.000
330.333333 331.333333   6.462   3.864 0.000
334.333333 335.333333  19.176   8.627 0.000
337.333333 338.333333  34.627  27.039 0.000
341.333333 342.333333   7.551   4.239 0.000
344.333333 345.333333   6.573   3.010 0.000
348.333333 349.333333   7.984   5.182 0.000
351.333333 352.333333   8.764   4.510 0.000
355.333333 356.333333  10.080   6.059 0.000
358.333333 359.333333  11.627   4.951 0.000
362.333333 363.333333  11.976   6.405 0.000
