scripts/IMPROVE-2019_partial/data/US9052R.20030103050000.20191216000000.filterpack..pm25.1y.1w.US03L_filterpack_US9052.US03L_IMPROVE_Davis.lev2.nas
66 1001
MISSING INFORMATION
US03L, IMPROVE, , , , , , , 
MISSING INFORMATION
IMPROVE sel_HTAP
1 1
2003 01 01 2019 12 16
3.000000
days from file reference point
27
1 1 1 1 1 1 1 1 1 1 1 1 1 1 1 1 1 1 1 1 1 1 1 1 1 1 1
999.999999 99.999 9.999 9999.99 9.999 99.99 9.999 9.999 9.999999 99.99 9.999 9.999 9.999 999.999 9.999 999.999 9.999 999.999 9.999 999.999 9.999 999.999 9.999 9.999 9.999 99.999 9.999
end_time of measurement, days from the file reference point
ammonium, ug N/m3, Revision date=20181210133000
numflag ammonium, no unit, Revision date=20181210133000
iron, ng/m3, Revision date=20181210133000
numflag iron, no unit, Revision date=20181210133000
lead, ng/m3, Revision date=20181210133000
numflag lead, no unit, Revision date=20181210133000
magnesium, ug/m3, Revision date=20181210133000
numflag magnesium, no unit, Revision date=20181210133000
nickel, ng/m3, Revision date=20181210133000
numflag nickel, no unit, Revision date=20181210133000
nitrate, ug N/m3, Revision date=20181210133000
numflag nitrate, no unit, Revision date=20181210133000
organic_carbon, ug C/m3, Revision date=20181210133000
numflag organic_carbon, no unit, Revision date=20181210133000
organic_mass, ug/m3, Revision date=20181210133000
numflag organic_mass, no unit, Revision date=20181210133000
pm10_mass, ug/m3, Version=2, Version description=Data extracted from http://views.cira.colostate.edu/fed/DataWizard 2019-12-16, Sample duration=1d, Orig. time res.=3d, Matrix=pm10, Blank correction=Blank corrected, Volume std. temperature=ambient, Volume std. pressure=ambient
numflag pm10_mass, no unit, Version=2, Version description=Data extracted from http://views.cira.colostate.edu/fed/DataWizard 2019-12-16, Sample duration=1d, Orig. time res.=3d, Matrix=pm10, Blank correction=Blank corrected, Volume std. temperature=ambient, Volume std. pressure=ambient
pm10_pm25_mass, ug/m3, Revision date=20181210133000, Matrix=pm10_pm25
numflag pm10_pm25_mass, no unit, Revision date=20181210133000, Matrix=pm10_pm25
pm25_mass, ug/m3, Version=2, Version description=Data extracted from http://views.cira.colostate.edu/fed/DataWizard 2019-12-16, Sample duration=1d, Orig. time res.=3d, Blank correction=Blank corrected, Volume std. temperature=ambient, Volume std. pressure=ambient
numflag pm25_mass, no unit, Version=2, Version description=Data extracted from http://views.cira.colostate.edu/fed/DataWizard 2019-12-16, Sample duration=1d, Orig. time res.=3d, Blank correction=Blank corrected, Volume std. temperature=ambient, Volume std. pressure=ambient
potassium, ug/m3, Revision date=20181210133000
numflag potassium, no unit, Revision date=20181210133000
sulphate_total, ug S/m3, Revision date=20181210133000
numflag sulphate_total, no unit, Revision date=20181210133000
0
25
Data definition:              EBAS_1.1
Set type code:                TU
Timezone:                     UTC
File name:                    US9052R.20030103050000.20191216000000.filterpack..pm25.1y.1w.US03L_filterpack_US9052.US03L_IMPROVE_Davis.lev2.nas
File creation:                20191218120901
Startdate:                    20030103050000
Revision date:                20191216000000
Statistics:                   arithmetic mean
Data level:                   2
Period code:                  1y
Resolution code:              1w
Station code:                 US9052R
Platform code:                US9052S
Station name:                 St. Marks
Station latitude:             30.0926
Station longitude:            -84.1614
Station altitude:             7.0 m
Regime:                       IMG
Component:                    
Matrix:                       pm25
Laboratory code:              US03L
Instrument type:              filterpack
Instrument name:              filterpack_US9052
Method ref:                   US03L_IMPROVE_Davis
starttime endtime NH4+ flag_NH4+ Fe flag_Fe Pb flag_Pb Mg++ flag_Mg++ Ni flag_Ni NO3- flag_NO3- OC flag_OC OM flag_OM PM10 flag_PM10 PM10-PM2.5 flag_PM10-PM2.5 PM2.5 flag_PM2.5 K+ flag_K+ SO4-- flag_SO4--
  2.208333   3.208333  0.696 0.000   14.87 0.000  1.57 0.000 9.999 0.259000 99.99 0.259 0.039 0.000   0.820 0.000   1.148 0.000   8.528 0.000   2.247 0.000   6.280 0.000 0.041 0.000  1.008 0.000
  5.208333   6.208333  0.488 0.000   17.77 0.000  1.67 0.000 9.999 0.259000  0.19 0.000 0.063 0.000   1.352 0.000   1.893 0.000   8.780 0.000   2.680 0.000   6.099 0.000 0.055 0.000  0.658 0.000
  8.208333   9.208333 99.999 0.999 9999.99 0.999 99.99 0.999 9.999 0.999000 99.99 0.999 9.999 0.999 999.999 0.999 999.999 0.999 999.999 0.999 999.999 0.999 999.999 0.999 9.999 0.999 99.999 0.999
 11.208333  12.208333  0.541 0.000   23.63 0.000  1.40 0.000 9.999 0.259000 99.99 0.259 0.039 0.000   1.786 0.000   2.501 0.000 999.999 0.456 999.999 0.999   5.714 0.000 0.043 0.000  0.982 0.000
 14.208333  15.208333  0.964 0.000   24.07 0.000  1.63 0.000 9.999 0.259000 99.99 0.259 0.437 0.000   4.431 0.000   6.204 0.000  15.234 0.000   3.089 0.000  12.145 0.000 0.087 0.000  0.755 0.000
 17.208333  18.208333  0.689 0.000   16.85 0.000  1.62 0.000 9.999 0.259000  0.45 0.000 0.211 0.000   1.494 0.000   2.092 0.000   7.822 0.000   2.231 0.000   5.591 0.000 0.036 0.000  0.633 0.000
 20.208333  21.208333  0.324 0.000    8.08 0.000  0.23 0.000 9.999 0.259000  0.31 0.000 0.059 0.000   0.496 0.000   0.694 0.000   8.254 0.000   4.789 0.000   3.464 0.000 0.034 0.000  0.485 0.000
 23.208333  24.208333  0.494 0.000   22.81 0.000  0.96 0.000 9.999 0.259000  0.11 0.000 0.314 0.000   0.916 0.000   1.282 0.000   6.181 0.000   2.258 0.000   3.923 0.000 0.031 0.000  0.334 0.000
 26.208333  27.208333  0.842 0.000   24.71 0.000  2.01 0.000 9.999 0.259000  0.11 0.000 0.287 0.000   2.808 0.000   3.931 0.000  12.225 0.000   3.581 0.000   8.644 0.000 0.064 0.000  0.718 0.000
 29.208333  30.208333  0.774 0.000   16.97 0.000  0.85 0.000 0.022 0.000000  1.11 0.000 0.083 0.000   1.219 0.000   1.706 0.000  10.543 0.000   2.745 0.000   7.798 0.000 0.026 0.000  1.159 0.000
 32.208333  33.208333  1.084 0.000   15.52 0.000  1.33 0.000 9.999 0.259000  0.18 0.000 0.162 0.000   2.464 0.000   3.449 0.000  12.551 0.000   1.075 0.000  11.476 0.000 0.065 0.000  1.287 0.000
 35.208333  36.208333  0.336 0.000   17.05 0.000  1.31 0.000 9.999 0.259000 99.99 0.259 0.054 0.000 999.999 0.999 999.999 0.999   7.988 0.000   1.044 0.000   6.944 0.000 0.056 0.000  0.402 0.000
 38.208333  39.208333  1.413 0.559   16.00 0.000  1.60 0.000 9.999 0.259000 99.99 0.259 0.039 0.559 999.999 0.999 999.999 0.999  10.634 0.000   0.976 0.000   9.658 0.000 0.034 0.000  1.661 0.559
 41.208333  42.208333  0.684 0.559   12.97 0.000  1.10 0.000 9.999 0.259000 99.99 0.259 0.031 0.559   1.255 0.000   1.758 0.000   7.559 0.000   0.586 0.000   6.974 0.000 0.035 0.000  0.974 0.559
 44.208333  45.208333  0.274 0.000   12.48 0.000  0.78 0.000 0.023 0.000000 99.99 0.259 0.080 0.000   3.436 0.000   4.810 0.000 999.999 0.456 999.999 0.999   7.794 0.000 0.043 0.000  0.360 0.000
 47.208333  48.208333  0.398 0.559    4.58 0.000  0.19 0.000 9.999 0.259000 99.99 0.259 0.043 0.559   1.055 0.000   1.477 0.000 999.999 0.456 999.999 0.999   4.659 0.000 0.016 0.000  0.688 0.559
 50.208333  51.208333  1.554 0.000   10.58 0.000  1.22 0.000 9.999 0.259000  0.93 0.000 0.150 0.000   3.691 0.000   5.168 0.000  18.854 0.000   1.170 0.000  17.685 0.000 0.110 0.000  2.174 0.000
 53.208333  54.208333  0.248 0.559    2.50 0.000  0.31 0.000 0.019 0.000000 99.99 0.259 0.020 0.559   0.451 0.000   0.631 0.000   3.310 0.000   0.732 0.000   2.579 0.000 0.009 0.000  0.360 0.559
 56.208333  57.208333  0.525 0.000    9.42 0.000  0.81 0.000 9.999 0.259000  0.50 0.000 0.112 0.000   1.776 0.000   2.486 0.000  10.687 0.000   3.358 0.000   7.329 0.000 0.055 0.000  0.809 0.000
 59.208333  60.208333  0.548 0.000    5.80 0.000  5.11 0.000 0.027 0.000000  0.43 0.000 0.070 0.000   0.783 0.000   1.096 0.000   5.901 0.000   1.025 0.000   4.876 0.000 0.026 0.000  0.792 0.000
 62.208333  63.208333  0.648 0.000    8.02 0.000  0.68 0.000 9.999 0.259000  0.43 0.000 0.089 0.000   0.769 0.000   1.077 0.000   6.976 0.000   1.699 0.000   5.277 0.000 0.049 0.000  0.882 0.000
 65.208333  66.208333  0.119 0.000   14.64 0.000  0.37 0.000 9.999 0.259000 99.99 0.259 0.026 0.000   0.572 0.000   0.800 0.000   4.260 0.000   2.267 0.000   1.993 0.000 0.034 0.000  0.216 0.000
 68.208333  69.208333  0.807 0.000   18.10 0.000  1.27 0.000 9.999 0.259000  0.27 0.000 0.049 0.000   1.756 0.000   2.458 0.000  11.550 0.000   3.281 0.000   8.269 0.000 0.039 0.000  1.174 0.000
 71.208333  72.208333  0.862 0.000   14.60 0.000  0.90 0.000 9.999 0.259000  0.63 0.000 0.083 0.000   1.417 0.000   1.984 0.000  11.992 0.000   2.664 0.000   9.328 0.000 0.067 0.000  1.528 0.000
 74.208333  75.208333  0.834 0.000    8.60 0.000  0.54 0.000 9.999 0.259000  0.47 0.000 0.055 0.000   1.429 0.000   2.000 0.000  11.491 0.000   2.633 0.000   8.857 0.000 0.065 0.000  1.431 0.000
 77.208333  78.208333  0.972 0.559   41.63 0.000  1.27 0.000 9.999 0.259000  1.00 0.000 0.060 0.559   1.311 0.000   1.835 0.000 999.999 0.456 999.999 0.999  12.265 0.000 0.188 0.000  1.800 0.559
 80.208333  81.208333  0.778 0.000   14.01 0.000  1.24 0.000 9.999 0.259000  0.24 0.000 0.058 0.000   2.092 0.000   2.929 0.000 999.999 0.456 999.999 0.999  10.041 0.000 0.035 0.000  1.224 0.000
 83.208333  84.208333 99.999 0.999   23.62 0.000  2.44 0.000 9.999 0.259000  0.16 0.000 9.999 0.999   1.994 0.000   2.791 0.000 999.999 0.456 999.999 0.999  14.504 0.000 0.057 0.000 99.999 0.999
 86.208333  87.208333  0.405 0.000   10.07 0.000  0.39 0.000 9.999 0.259000  0.40 0.000 0.090 0.000   0.896 0.000   1.254 0.000   8.864 0.000   2.724 0.000   6.140 0.000 0.040 0.000  0.925 0.000
 89.208333  90.208333 99.999 0.999   13.79 0.000  1.05 0.000 9.999 0.259000 99.99 0.259 9.999 0.999   1.250 0.000   1.750 0.000   8.829 0.000   1.735 0.000   7.093 0.000 0.033 0.000 99.999 0.999
 92.208333  93.208333  0.854 0.000   23.51 0.000  1.03 0.000 9.999 0.259000  0.31 0.000 0.054 0.000   1.135 0.000   1.589 0.000  11.970 0.000   2.730 0.000   9.240 0.000 0.046 0.000  1.399 0.000
 95.208333  96.208333  0.532 0.559   13.64 0.000  1.05 0.000 9.999 0.259000  1.09 0.000 0.108 0.559   0.920 0.000   1.288 0.000  12.214 0.000   4.657 0.000   7.557 0.000 0.038 0.000  1.120 0.559
 98.208333  99.208333  0.557 0.000    9.80 0.000  0.94 0.000 9.999 0.259000  0.08 0.000 0.028 0.000   1.050 0.000   1.470 0.000  10.075 0.000   3.958 0.000   6.117 0.000 0.020 0.000  1.023 0.000
101.208333 102.208333  1.156 0.000   35.25 0.000  2.31 0.000 0.017 0.000000  0.19 0.000 0.065 0.000   1.962 0.000   2.747 0.000  14.860 0.000   3.326 0.000  11.535 0.000 0.044 0.000  1.726 0.000
104.208333 105.208333  1.206 0.000   31.49 0.000  1.94 0.000 0.019 0.000000  0.42 0.000 0.045 0.000   1.186 0.000   1.661 0.000  15.599 0.000   3.140 0.000  12.459 0.000 0.042 0.000  2.281 0.000
107.208333 108.208333  1.111 0.559   35.81 0.000  0.93 0.000 9.999 0.259000  0.81 0.000 0.070 0.559   0.799 0.000   1.119 0.000  18.292 0.000   7.033 0.000  11.259 0.000 0.070 0.000  2.106 0.559
110.208333 111.208333  0.456 0.000   26.58 0.000  0.58 0.000 9.999 0.259000  1.02 0.000 0.127 0.000   0.696 0.000   0.974 0.000  12.421 0.000   2.976 0.000   9.446 0.000 0.039 0.000  1.092 0.000
113.208333 114.208333  1.274 0.000   62.41 0.000  2.42 0.000 9.999 0.259000  0.41 0.000 0.082 0.000   5.125 0.000   7.176 0.000  24.791 0.000   6.193 0.000  18.598 0.000 0.093 0.000  2.011 0.000
116.208333 117.208333  1.068 0.000   17.77 0.000  1.68 0.000 9.999 0.259000  0.16 0.000 0.036 0.000   2.418 0.000   3.385 0.000  14.608 0.000   2.315 0.000  12.293 0.000 0.030 0.000  1.899 0.000
119.208333 120.208333  0.887 0.000   37.00 0.000  1.01 0.000 9.999 0.259000  1.07 0.000 0.078 0.000  10.410 0.000  14.573 0.000  28.176 0.000   4.035 0.000  24.140 0.000 0.095 0.000  1.609 0.000
122.208333 123.208333  0.283 0.000   15.06 0.000  0.48 0.000 9.999 0.259000  0.19 0.000 0.056 0.000   1.046 0.000   1.464 0.000   9.473 0.000   4.345 0.000   5.128 0.000 0.052 0.000  0.676 0.000
125.208333 126.208333  0.386 0.000  224.42 0.000  1.06 0.000 9.999 0.259000  0.51 0.000 0.097 0.000   0.611 0.000   0.856 0.000  36.607 0.000  24.155 0.000  12.452 0.000 0.146 0.000  1.306 0.000
128.208333 129.208333  0.126 0.000   15.41 0.000  0.47 0.000 9.999 0.259000  0.24 0.000 0.045 0.000   0.530 0.000   0.742 0.000   9.056 0.000   5.378 0.000   3.678 0.000 0.022 0.000  0.492 0.000
131.208333 132.208333  0.544 0.559   56.90 0.000  1.44 0.000 9.999 0.259000  0.44 0.000 0.045 0.559   2.207 0.000   3.090 0.000  17.719 0.000   7.083 0.000  10.636 0.000 0.082 0.000  1.313 0.559
134.208333 135.208333  0.490 0.000   31.84 0.000  1.57 0.000 9.999 0.259000 99.99 0.259 0.026 0.000   1.769 0.000   2.476 0.000  12.665 0.000   4.201 0.000   8.464 0.000 0.041 0.000  0.988 0.000
137.208333 138.208333  0.420 0.000   22.11 0.000  0.39 0.000 9.999 0.259000  1.05 0.000 0.071 0.000   0.571 0.000   0.799 0.000  11.320 0.000   4.451 0.000   6.869 0.000 0.032 0.000  1.246 0.000
140.208333 141.208333 99.999 0.999 9999.99 0.999 99.99 0.999 9.999 0.999000 99.99 0.999 9.999 0.999 999.999 0.999 999.999 0.999 999.999 0.999 999.999 0.999 999.999 0.999 9.999 0.999 99.999 0.999
143.208333 144.208333 99.999 0.999 9999.99 0.999 99.99 0.999 9.999 0.999000 99.99 0.999 9.999 0.999 999.999 0.999 999.999 0.999 999.999 0.999 999.999 0.999 999.999 0.999 9.999 0.999 99.999 0.999
146.208333 147.208333 99.999 0.999 9999.99 0.999 99.99 0.999 9.999 0.999000 99.99 0.999 9.999 0.999 999.999 0.999 999.999 0.999 999.999 0.999 999.999 0.999 999.999 0.999 9.999 0.999 99.999 0.999
149.208333 150.208333  0.971 0.000   36.56 0.000  2.28 0.000 9.999 0.259000  0.30 0.000 0.057 0.000   4.096 0.000   5.735 0.000  25.499 0.000   6.692 0.000  18.807 0.000 0.071 0.000  1.768 0.000
152.208333 153.208333  1.573 0.000   39.86 0.000  1.45 0.000 0.066 0.000000  0.56 0.000 0.050 0.000   1.703 0.000   2.384 0.000  21.652 0.000   4.395 0.000  17.258 0.000 0.091 0.000  2.688 0.000
155.208333 156.208333  0.097 0.000  183.16 0.000  0.35 0.000 9.999 0.259000  0.20 0.000 0.058 0.000   0.715 0.000   1.000 0.000  13.746 0.000   7.511 0.000   6.235 0.000 0.090 0.000  0.399 0.000
158.208333 159.208333  0.067 0.000   14.36 0.000 99.99 0.259 9.999 0.259000 99.99 0.259 0.065 0.000   0.380 0.000   0.532 0.000  11.645 0.000   8.012 0.000   3.633 0.000 0.034 0.000  0.312 0.000
161.208333 162.208333  0.277 0.000   48.34 0.000  0.81 0.000 9.999 0.259000  0.30 0.000 0.084 0.000   0.680 0.000   0.952 0.000  10.007 0.000   4.487 0.000   5.520 0.000 0.062 0.000  0.806 0.000
164.208333 165.208333  0.189 0.000   49.40 0.000  0.56 0.000 9.999 0.259000  0.51 0.000 0.077 0.000   0.799 0.000   1.119 0.000  12.001 0.000   6.874 0.000   5.128 0.000 0.042 0.000  0.676 0.000
167.208333 168.208333  0.277 0.394   26.60 0.394  0.47 0.394 9.999 0.394259  0.63 0.394 0.056 0.394   3.078 0.000   4.309 0.000  18.259 0.000   8.935 0.000   9.323 0.000 0.073 0.394  0.853 0.394
170.208333 171.208333  0.022 0.000   27.88 0.000 99.99 0.259 9.999 0.259000 99.99 0.259 0.017 0.000   0.247 0.000   0.346 0.000   9.615 0.000   7.614 0.000   2.001 0.000 0.019 0.000  0.176 0.000
173.208333 174.208333  0.791 0.559   10.39 0.000 99.99 0.259 9.999 0.259000  0.27 0.000 0.024 0.559   1.429 0.000   2.001 0.000  17.218 0.000   4.035 0.000  13.183 0.000 0.031 0.000  2.065 0.559
176.208333 177.208333  1.266 0.559   17.83 0.000  1.77 0.000 9.999 0.259000  1.25 0.000 0.026 0.559   2.118 0.000   2.965 0.000  20.046 0.000   4.020 0.000  16.026 0.000 0.055 0.000  2.628 0.559
179.208333 180.208333  0.045 0.559  593.69 0.000  1.45 0.000 9.999 0.259000 99.99 0.259 0.070 0.559   0.934 0.000   1.307 0.000  32.181 0.000  17.821 0.000  14.360 0.000 0.232 0.000  0.422 0.559
182.208333 183.208333  0.088 0.000  213.31 0.000  0.52 0.000 9.999 0.259000  0.18 0.000 0.055 0.000   0.304 0.000   0.426 0.000  16.860 0.000  10.034 0.000   6.826 0.000 0.087 0.000  0.423 0.000
185.208333 186.208333  0.813 0.000  310.00 0.000  1.81 0.000 9.999 0.259000  0.72 0.000 0.072 0.000   0.910 0.000   1.274 0.000  34.436 0.000  18.369 0.000  16.066 0.000 0.202 0.000  2.043 0.000
188.208333 189.208333  0.839 0.000   90.84 0.000  0.96 0.000 9.999 0.259000  1.26 0.000 0.079 0.000   1.257 0.000   1.760 0.000  21.957 0.000   9.706 0.000  12.251 0.000 0.071 0.000  1.911 0.000
191.208333 192.208333  0.153 0.000  430.39 0.000  0.63 0.000 9.999 0.259000  0.77 0.000 0.124 0.000   0.915 0.000   1.281 0.000  31.143 0.000  18.391 0.000  12.751 0.000 0.155 0.000  0.749 0.000
194.208333 195.208333  0.163 0.000   33.76 0.000  0.37 0.000 9.999 0.259000  0.35 0.000 0.048 0.000 999.999 0.999 999.999 0.999 999.999 0.999 999.999 0.999   5.728 0.000 0.040 0.000  0.513 0.000
197.208333 198.208333  0.277 0.000   32.49 0.000  1.05 0.000 0.041 0.000000  0.11 0.000 0.030 0.000 999.999 0.999 999.999 0.999 999.999 0.999 999.999 0.999   7.093 0.000 0.036 0.000  0.871 0.000
200.208333 201.208333  0.416 0.000  103.74 0.000  0.51 0.000 9.999 0.259000  0.22 0.000 0.047 0.000 999.999 0.999 999.999 0.999 999.999 0.999 999.999 0.999   9.319 0.000 0.061 0.000  1.204 0.000
203.208333 204.208333  0.174 0.559  193.73 0.000  0.24 0.000 9.999 0.259000  0.20 0.000 0.055 0.559 999.999 0.999 999.999 0.999 999.999 0.999 999.999 0.999   7.035 0.000 0.087 0.000  0.523 0.559
206.208333 207.208333  0.121 0.559   69.62 0.000 99.99 0.259 9.999 0.259000  0.23 0.000 0.034 0.559 999.999 0.999 999.999 0.999 999.999 0.999 999.999 0.999   5.418 0.000 0.053 0.000  0.506 0.559
209.208333 210.208333  0.596 0.559  114.89 0.000  0.95 0.000 9.999 0.259000  0.18 0.000 0.046 0.559 999.999 0.999 999.999 0.999 999.999 0.999 999.999 0.999  14.035 0.000 0.101 0.000  1.526 0.559
212.208333 213.208333  0.085 0.559    7.47 0.000  0.11 0.000 9.999 0.259000  0.19 0.000 0.023 0.559 999.999 0.999 999.999 0.999   8.949 0.000   6.063 0.000   2.886 0.000 0.021 0.000  0.299 0.559
215.208333 216.208333  0.088 0.559   19.73 0.000  0.24 0.000 0.026 0.000000  0.31 0.000 0.026 0.559 999.999 0.999 999.999 0.999   7.338 0.000   3.686 0.000   3.652 0.000 0.020 0.000  0.436 0.559
218.208333 219.208333  0.160 0.559   40.23 0.000  0.46 0.000 9.999 0.259000  0.23 0.000 0.045 0.559 999.999 0.999 999.999 0.999  12.306 0.000   7.414 0.000   4.891 0.000 0.037 0.000  0.480 0.559
221.208333 222.208333  1.427 0.559   18.35 0.000  1.21 0.000 9.999 0.259000  0.14 0.000 0.028 0.559 999.999 0.999 999.999 0.999  24.468 0.000   3.695 0.000  20.773 0.000 0.031 0.000  3.461 0.559
224.208333 225.208333  0.232 0.559   85.39 0.000  0.37 0.000 9.999 0.259000  1.15 0.000 0.072 0.559   1.197 0.000   1.676 0.000  14.855 0.000   7.610 0.000   7.245 0.000 0.062 0.000  0.797 0.559
227.208333 228.208333  0.167 0.559   87.00 0.000  0.34 0.000 9.999 0.259000  0.52 0.000 0.073 0.559   1.270 0.000   1.778 0.000  10.381 0.000   4.873 0.000   5.508 0.000 0.047 0.000  0.518 0.559
230.208333 231.208333  0.048 0.559   28.25 0.000  0.23 0.000 9.999 0.259000  0.21 0.000 0.041 0.559   0.492 0.000   0.689 0.000   6.258 0.000   3.475 0.000   2.783 0.000 0.022 0.000  0.303 0.559
233.208333 234.208333  0.156 0.559   25.88 0.000  0.22 0.000 9.999 0.259000  0.63 0.000 0.047 0.559   0.878 0.000   1.230 0.000  10.309 0.000   6.040 0.000   4.269 0.000 0.032 0.000  0.497 0.559
236.208333 237.208333  0.266 0.559   18.20 0.000  0.44 0.000 9.999 0.259000  0.44 0.000 0.025 0.559   1.469 0.000   2.057 0.000   9.722 0.000   2.029 0.000   7.693 0.000 0.025 0.000  0.840 0.559
239.208333 240.208333  0.201 0.559   14.57 0.000  0.52 0.000 9.999 0.259000  0.60 0.000 0.035 0.559   1.129 0.000   1.580 0.000   9.450 0.000   3.254 0.000   6.196 0.000 0.031 0.000  0.833 0.559
242.208333 243.208333  0.158 0.559   21.09 0.000  0.40 0.000 9.999 0.259000  1.47 0.000 0.049 0.559   1.167 0.000   1.634 0.000  10.560 0.000   4.951 0.000   5.609 0.000 0.032 0.000  0.668 0.559
245.208333 246.208333  0.223 0.559    6.83 0.000  0.23 0.000 0.056 0.000000  0.79 0.000 0.046 0.559   1.195 0.000   1.674 0.000   8.090 0.000   2.867 0.000   5.223 0.000 0.030 0.000  0.734 0.559
