scripts/IMPROVE-2019_partial/data/US9078R.20020102080000.20191216000000.filterpack..pm25.52w.1w.US03L_filterpack_US9078.US03L_IMPROVE_Davis.lev2.nas
66 1001
MISSING INFORMATION
US03L, IMPROVE, , , , , , , 
MISSING INFORMATION
IMPROVE sel_HTAP
1 1
2002 01 01 2019 12 16
3.000000
days from file reference point
27
1 1 1 1 1 1 1 1 1 1 1 1 1 1 1 1 1 1 1 1 1 1 1 1 1 1 1
999.999999 999.99 9.999999 99.99 9.999999 9.999 9.999999999 9.99 9.999999 9.999 9.999999 99.999 9.999 99.999 9.999 99.99 9.999999999 999.999 9.999 99.999 9.999 99.999 9.999 9.999 9.999999 9.999 9.999999
end_time of measurement, days from the file reference point
iron, ng/m3, Revision date=20181210133000
numflag iron, no unit, Revision date=20181210133000
lead, ng/m3, Revision date=20181210133000
numflag lead, no unit, Revision date=20181210133000
magnesium, ug/m3, Revision date=20181210133000
numflag magnesium, no unit, Revision date=20181210133000
nickel, ng/m3, Revision date=20181210133000
numflag nickel, no unit, Revision date=20181210133000
nitrate, ug N/m3, Revision date=20181210133000
numflag nitrate, no unit, Revision date=20181210133000
organic_carbon, ug C/m3, Revision date=20181210133000
numflag organic_carbon, no unit, Revision date=20181210133000
organic_mass, ug/m3, Revision date=20181210133000
numflag organic_mass, no unit, Revision date=20181210133000
phosphorus, ng/m3, Revision date=20181210133000
numflag phosphorus, no unit, Revision date=20181210133000
pm10_mass, ug/m3, Version=2, Version description=Data extracted from http://views.cira.colostate.edu/fed/DataWizard 2019-12-16, Sample duration=1d, Orig. time res.=3d, Matrix=pm10, Blank correction=Blank corrected, Volume std. temperature=ambient, Volume std. pressure=ambient
numflag pm10_mass, no unit, Version=2, Version description=Data extracted from http://views.cira.colostate.edu/fed/DataWizard 2019-12-16, Sample duration=1d, Orig. time res.=3d, Matrix=pm10, Blank correction=Blank corrected, Volume std. temperature=ambient, Volume std. pressure=ambient
pm10_pm25_mass, ug/m3, Revision date=20181210133000, Matrix=pm10_pm25
numflag pm10_pm25_mass, no unit, Revision date=20181210133000, Matrix=pm10_pm25
pm25_mass, ug/m3, Version=2, Version description=Data extracted from http://views.cira.colostate.edu/fed/DataWizard 2019-12-16, Sample duration=1d, Orig. time res.=3d, Blank correction=Blank corrected, Volume std. temperature=ambient, Volume std. pressure=ambient
numflag pm25_mass, no unit, Version=2, Version description=Data extracted from http://views.cira.colostate.edu/fed/DataWizard 2019-12-16, Sample duration=1d, Orig. time res.=3d, Blank correction=Blank corrected, Volume std. temperature=ambient, Volume std. pressure=ambient
potassium, ug/m3, Revision date=20181210133000
numflag potassium, no unit, Revision date=20181210133000
sulphate_total, ug S/m3, Revision date=20181210133000
numflag sulphate_total, no unit, Revision date=20181210133000
0
25
Data definition:              EBAS_1.1
Set type code:                TU
Timezone:                     UTC
File name:                    US9078R.20020102080000.20191216000000.filterpack..pm25.52w.1w.US03L_filterpack_US9078.US03L_IMPROVE_Davis.lev2.nas
File creation:                20191218121054
Startdate:                    20020102080000
Revision date:                20191216000000
Statistics:                   arithmetic mean
Data level:                   2
Period code:                  52w
Resolution code:              1w
Station code:                 US9078R
Platform code:                US9078S
Station name:                 White Pass
Station latitude:             46.6243
Station longitude:            -121.3881
Station altitude:             1827.0 m
Regime:                       IMG
Component:                    
Matrix:                       pm25
Laboratory code:              US03L
Instrument type:              filterpack
Instrument name:              filterpack_US9078
Method ref:                   US03L_IMPROVE_Davis
starttime endtime Fe flag_Fe Pb flag_Pb Mg++ flag_Mg++ Ni flag_Ni NO3- flag_NO3- OC flag_OC OM flag_OM P flag_P PM10 flag_PM10 PM10-PM2.5 flag_PM10-PM2.5 PM2.5 flag_PM2.5 K+ flag_K+ SO4-- flag_SO4--
  1.333333   2.333333   0.29 0.000000  0.14 0.000000 9.999 0.259000000 9.99 0.259000 0.009 0.000000  0.075 0.000  0.106 0.000 99.99 0.259000000   1.248 0.000  0.526 0.000  0.722 0.000 0.004 0.000000 0.037 0.000000
  4.333333   5.333333   0.68 0.000000 99.99 0.259000 9.999 0.259000000 9.99 0.259000 9.999 0.259000  0.203 0.000  0.284 0.000 99.99 0.259000000   0.455 0.000  0.268 0.000  0.187 0.000 9.999 0.259000 0.010 0.000000
  7.333333   8.333333   0.21 0.000000 99.99 0.259000 9.999 0.259000000 9.99 0.259000 9.999 0.259000  0.067 0.000  0.093 0.000 99.99 0.259000000   0.208 0.000  0.055 0.000  0.152 0.000 9.999 0.259000 0.001 0.000000
 10.333333  11.333333   1.37 0.000000  0.32 0.000000 9.999 0.259000000 9.99 0.259000 0.030 0.000000  0.271 0.000  0.379 0.000 99.99 0.259000000   1.075 0.000  0.481 0.000  0.594 0.000 0.005 0.000000 0.042 0.000000
 13.333333  14.333333   0.65 0.000000 99.99 0.259000 9.999 0.259000000 9.99 0.259000 0.018 0.559000  0.114 0.000  0.160 0.000 99.99 0.259000000   0.837 0.000  0.439 0.000  0.398 0.000 0.004 0.000000 0.036 0.559000
 16.333333  17.333333   1.50 0.000000  0.14 0.000000 9.999 0.259000000 9.99 0.259000 0.008 0.000000  0.141 0.000  0.197 0.000 99.99 0.259000000   0.582 0.000  0.103 0.000  0.479 0.000 0.002 0.000000 0.049 0.000000
 19.333333  20.333333   2.31 0.000000  0.20 0.000000 9.999 0.259000000 9.99 0.259000 9.999 0.259000  0.113 0.000  0.158 0.000 99.99 0.259000000   0.166 0.000  0.075 0.000  0.091 0.000 9.999 0.259000 0.000 0.000000
 22.333333  23.333333   0.25 0.000000 99.99 0.259000 9.999 0.259000000 9.99 0.259000 0.006 0.000000  0.095 0.000  0.132 0.000 99.99 0.259000000   0.355 0.000  0.101 0.000  0.254 0.000 9.999 0.259000 0.015 0.000000
 25.333333  26.333333 999.99 0.259000 99.99 0.259000 9.999 0.259000000 9.99 0.259000 0.008 0.559000  0.114 0.000  0.160 0.000 99.99 0.259000000   0.499 0.000  0.163 0.000  0.337 0.000 0.003 0.000000 0.008 0.559000
 28.333333  29.333333   0.38 0.000000 99.99 0.259000 9.999 0.259000000 9.99 0.259000 0.008 0.559000  0.108 0.000  0.152 0.000 99.99 0.259000000   0.803 0.000  0.286 0.000  0.517 0.000 9.999 0.259000 0.067 0.559000
 31.333333  32.333333   0.68 0.000000 99.99 0.259000 9.999 0.259000000 9.99 0.259000 0.006 0.559000  0.066 0.000  0.093 0.000 99.99 0.259000000   0.582 0.000  0.238 0.000  0.344 0.000 9.999 0.259000 0.045 0.559000
 34.333333  35.333333   2.65 0.000000 99.99 0.259000 9.999 0.259000000 9.99 0.259000 0.009 0.000000  0.147 0.000  0.206 0.000 99.99 0.259000000   1.033 0.000  0.268 0.000  0.765 0.000 0.006 0.000000 0.085 0.000000
 37.333333  38.333333   0.73 0.000000  0.21 0.000000 9.999 0.259000000 9.99 0.259000 0.005 0.000000  0.102 0.000  0.143 0.000 99.99 0.259000000   0.703 0.000  0.541 0.000  0.162 0.000 9.999 0.259000 0.009 0.000000
 40.333333  41.333333  10.93 0.000000  0.46 0.000000 9.999 0.259000000 9.99 0.259000 0.009 0.559000  0.133 0.000  0.187 0.000 99.99 0.259000000   2.480 0.000  1.668 0.000  0.812 0.000 0.009 0.000000 0.061 0.559000
 43.333333  44.333333   8.95 0.000000  0.68 0.000000 9.999 0.259000000 9.99 0.259000 0.021 0.000000  0.259 0.000  0.363 0.000 99.99 0.259000000   2.287 0.000  0.916 0.000  1.371 0.000 0.013 0.000000 0.127 0.000000
 46.333333  47.333333  10.73 0.000000  0.70 0.000000 9.999 0.259000000 9.99 0.259000 0.159 0.000000  0.475 0.000  0.665 0.000 99.99 0.259000000   4.299 0.000  2.388 0.000  1.911 0.000 0.014 0.000000 0.125 0.000000
 49.333333  50.333333   0.79 0.000000 99.99 0.259000 9.999 0.259000000 9.99 0.259000 0.006 0.000000 99.999 0.259 99.999 0.259 99.99 0.259000000   0.801 0.000  0.612 0.000  0.189 0.000 0.002 0.000000 0.012 0.000000
 52.333333  53.333333   5.58 0.000000  0.26 0.000000 9.999 0.259000000 0.05 0.000000 0.054 0.000000  0.093 0.000  0.130 0.000 99.99 0.259000000   0.992 0.000  0.244 0.000  0.748 0.000 0.006 0.000000 0.047 0.000000
 55.333333  56.333333   6.71 0.000000  0.65 0.000000 9.999 0.259000000 9.99 0.259000 0.120 0.000000  0.370 0.000  0.518 0.000 99.99 0.259000000   3.670 0.000  1.202 0.000  2.468 0.000 0.013 0.000000 0.191 0.000000
 58.333333  59.333333   4.67 0.000000  0.64 0.000000 9.999 0.259000000 9.99 0.259000 0.050 0.000000  0.299 0.000  0.418 0.000 99.99 0.259000000   2.245 0.000  0.349 0.000  1.897 0.000 0.011 0.000000 0.180 0.000000
 61.333333  62.333333  10.59 0.000000  0.23 0.000000 0.028 0.000000000 9.99 0.259000 0.006 0.000000  0.211 0.000  0.295 0.000  5.03 0.000000000   1.736 0.000  0.518 0.000  1.218 0.000 0.012 0.000000 0.089 0.000000
 64.333333  65.333333   1.33 0.000000  0.26 0.000000 9.999 0.259000000 0.11 0.000000 0.005 0.559000  0.110 0.000  0.154 0.000 99.99 0.259000000   0.624 0.000  0.147 0.000  0.477 0.000 0.008 0.000000 0.050 0.559000
 67.333333  68.333333   9.55 0.000000  0.52 0.000000 9.999 0.259000000 0.08 0.000000 0.017 0.000000  0.124 0.000  0.173 0.000 99.99 0.259000000   2.970 0.000  2.008 0.000  0.962 0.000 0.010 0.000000 0.088 0.000000
 70.333333  71.333333   1.85 0.000000  0.25 0.000000 9.999 0.259000000 9.99 0.259000 0.004 0.000000  0.018 0.000  0.025 0.000 99.99 0.259000000   0.806 0.000  0.244 0.000  0.562 0.000 0.005 0.000000 0.030 0.000000
 73.333333  74.333333  10.91 0.000000  0.34 0.000000 9.999 0.259000000 0.18 0.000000 0.004 0.000000  0.026 0.000  0.037 0.000 99.99 0.259000000   1.081 0.000  0.412 0.000  0.669 0.000 0.007 0.000000 0.051 0.000000
 76.333333  77.333333   2.49 0.000000  0.24 0.000000 9.999 0.259000000 9.99 0.259000 0.007 0.000000  0.068 0.000  0.095 0.000 99.99 0.259000000   1.164 0.000  0.255 0.000  0.910 0.000 0.006 0.000000 0.112 0.000000
 79.333333  80.333333   1.18 0.000000  0.15 0.000000 9.999 0.259000000 0.06 0.000000 0.029 0.000000  0.056 0.000  0.079 0.000 99.99 0.259000000   0.627 0.000  0.197 0.000  0.430 0.000 9.999 0.259000 0.047 0.000000
 82.333333  83.333333   0.16 0.000000  0.24 0.000000 9.999 0.259000000 9.99 0.259000 0.005 0.000000  0.060 0.000  0.085 0.000 99.99 0.259000000   0.289 0.000  0.138 0.000  0.152 0.000 9.999 0.259000 0.016 0.000000
 85.333333  86.333333  43.81 0.000000  0.46 0.000000 9.999 0.259000000 0.11 0.000000 0.013 0.000000  0.081 0.000  0.114 0.000 99.99 0.259000000   2.828 0.000  0.931 0.000  1.897 0.000 0.027 0.000000 0.133 0.000000
 88.333333  89.333333  24.60 0.000000  0.44 0.000000 0.052 0.000000000 9.99 0.259000 0.010 0.000000  0.114 0.000  0.159 0.000 99.99 0.259000000   2.356 0.000  0.906 0.000  1.451 0.000 0.018 0.000000 0.147 0.000000
 91.333333  92.333333 999.99 0.456000 99.99 0.456000 9.999 0.456000000 9.99 0.456000 0.016 0.000000  0.469 0.000  0.657 0.000 99.99 0.456000000   3.757 0.000 99.999 0.999 99.999 0.456 9.999 0.456000 0.208 0.000000
 94.333333  95.333333  44.04 0.000000  0.95 0.000000 9.999 0.259000000 9.99 0.259000 0.068 0.000000  0.417 0.000  0.583 0.000 99.99 0.259000000   5.043 0.000  2.501 0.000  2.542 0.000 0.027 0.000000 0.151 0.000000
 97.333333  98.333333  27.53 0.000000  0.74 0.000000 9.999 0.259000000 9.99 0.259000 0.016 0.000000  0.142 0.000  0.198 0.000 99.99 0.259000000   2.794 0.000  1.271 0.000  1.523 0.000 0.018 0.000000 0.130 0.000000
100.333333 101.333333   5.43 0.000000  0.24 0.000000 9.999 0.259000000 9.99 0.259000 0.003 0.000000 99.999 0.259 99.999 0.259 99.99 0.259000000 999.999 0.259 99.999 0.259  0.152 0.000 0.005 0.000000 0.015 0.000000
103.333333 104.333333 999.99 0.999000 99.99 0.999000 9.999 0.999000000 9.99 0.999000 9.999 0.999000 99.999 0.999 99.999 0.999 99.99 0.999000000 999.999 0.999 99.999 0.999 99.999 0.999 9.999 0.999000 9.999 0.999000
106.333333 107.333333   2.32 0.000000  0.12 0.000000 0.028 0.000000000 9.99 0.259000 0.006 0.000000  0.030 0.000  0.042 0.000 99.99 0.259000000   0.585 0.000  0.101 0.000  0.484 0.000 9.999 0.259000 0.035 0.000000
109.333333 110.333333  33.39 0.000000  0.67 0.000000 9.999 0.259000000 0.17 0.000000 0.031 0.000000  0.453 0.000  0.634 0.000 99.99 0.259000000   3.390 0.000  0.907 0.000  2.482 0.000 0.028 0.000000 0.188 0.000000
112.333333 113.333333  11.87 0.000000  0.30 0.000000 9.999 0.259000000 0.17 0.000000 0.049 0.000000  0.128 0.000  0.180 0.000 99.99 0.259000000   3.317 0.000  1.504 0.000  1.813 0.000 0.011 0.000000 0.122 0.000000
115.333333 116.333333  25.94 0.000000  1.11 0.000000 9.999 0.259000000 0.20 0.000000 0.039 0.000000  0.414 0.000  0.579 0.000 99.99 0.259000000   3.265 0.000  0.877 0.000  2.388 0.000 0.025 0.000000 0.207 0.000000
118.333333 119.333333 999.99 0.999000 99.99 0.999000 9.999 0.999000000 9.99 0.999000 9.999 0.999000 99.999 0.999 99.999 0.999 99.99 0.999000000 999.999 0.999 99.999 0.999 99.999 0.999 9.999 0.999000 9.999 0.999000
121.333333 122.333333 999.99 0.999000 99.99 0.999000 9.999 0.999000000 9.99 0.999000 9.999 0.999000 99.999 0.999 99.999 0.999 99.99 0.999000000 999.999 0.999 99.999 0.999 99.999 0.999 9.999 0.999000 9.999 0.999000
124.333333 125.333333 999.99 0.999000 99.99 0.999000 9.999 0.999000000 9.99 0.999000 9.999 0.999000 99.999 0.999 99.999 0.999 99.99 0.999000000 999.999 0.999 99.999 0.999 99.999 0.999 9.999 0.999000 9.999 0.999000
127.333333 128.333333   5.37 0.000000  0.32 0.000000 9.999 0.259000000 9.99 0.259000 0.026 0.000000  0.198 0.000  0.277 0.000 99.99 0.259000000   1.984 0.000  0.644 0.000  1.340 0.000 0.007 0.000000 0.151 0.000000
130.333333 131.333333  21.11 0.000000  0.85 0.000000 9.999 0.259000000 0.22 0.000000 0.047 0.559000  0.786 0.000  1.100 0.000 99.99 0.259000000   5.013 0.000  1.368 0.000  3.645 0.000 0.018 0.000000 0.342 0.559000
133.333333 134.333333   8.36 0.000000  0.30 0.000000 9.999 0.259000000 0.16 0.000000 0.023 0.559000  0.200 0.000  0.280 0.000 99.99 0.259000000   1.877 0.000  0.539 0.000  1.338 0.000 0.011 0.000000 0.082 0.559000
136.333333 137.333333   9.15 0.000000  0.56 0.000000 0.100 0.000000000 9.99 0.259000 0.023 0.559000  0.337 0.000  0.472 0.000 99.99 0.259000000   2.342 0.000  0.698 0.000  1.645 0.000 0.014 0.000000 0.105 0.559000
139.333333 140.333333   3.03 0.000000  0.21 0.000000 9.999 0.259000000 9.99 0.259000 0.005 0.000000  0.123 0.000  0.172 0.000 99.99 0.259000000   0.986 0.000  0.377 0.000  0.609 0.000 0.004 0.000000 0.030 0.000000
142.333333 143.333333   4.39 0.000000  0.23 0.000000 9.999 0.259000000 9.99 0.259000 0.013 0.000000  0.265 0.000  0.371 0.000 99.99 0.259000000   1.479 0.000  0.217 0.000  1.263 0.000 0.008 0.000000 0.087 0.000000
145.333333 146.333333   7.85 0.000000  0.59 0.000000 9.999 0.259000000 9.99 0.259000 0.012 0.000000  0.323 0.000  0.452 0.000 99.99 0.259000000   1.603 0.000  0.268 0.000  1.334 0.000 0.012 0.000000 0.103 0.000000
148.333333 149.333333   3.71 0.000000  0.29 0.000000 9.999 0.259000000 0.21 0.000000 0.021 0.000000  0.156 0.000  0.219 0.000 99.99 0.259000000   1.479 0.000  0.577 0.000  0.902 0.000 0.006 0.000000 0.083 0.000000
151.333333 152.333333  23.46 0.559000  0.77 0.559000 9.999 0.559259000 0.19 0.559000 0.132 0.000000  0.831 0.000  1.164 0.000 99.99 0.559259000   7.150 0.000  3.115 0.000  4.034 0.559 0.024 0.559000 0.289 0.000000
154.333333 155.333333   4.32 0.000000  0.29 0.000000 9.999 0.259000000 9.99 0.259000 0.010 0.000000  0.066 0.000  0.092 0.000 99.99 0.259000000   1.247 0.000  0.467 0.000  0.781 0.000 0.007 0.000000 0.043 0.000000
157.333333 158.333333   1.96 0.000000  0.23 0.000000 9.999 0.259000000 9.99 0.259000 0.022 0.000000 99.999 0.259 99.999 0.259 99.99 0.259000000   1.488 0.000  0.540 0.000  0.948 0.000 0.005 0.000000 0.098 0.000000
160.333333 161.333333  15.65 0.000000  0.77 0.000000 9.999 0.259000000 0.21 0.000000 0.090 0.000000  1.114 0.000  1.559 0.000 99.99 0.259000000   5.260 0.000  1.062 0.000  4.198 0.000 0.027 0.000000 0.283 0.000000
163.333333 164.333333  46.37 0.000000  0.57 0.000000 9.999 0.259000000 0.10 0.000000 0.046 0.559000  2.016 0.000  2.823 0.000 99.99 0.259000000  12.410 0.000  6.436 0.000  5.974 0.000 0.038 0.000000 0.254 0.559000
166.333333 167.333333  15.61 0.000000  0.90 0.000000 9.999 0.259000000 0.13 0.000000 0.047 0.000000  0.488 0.000  0.684 0.000 99.99 0.259000000   3.369 0.000  0.481 0.000  2.888 0.000 0.020 0.000000 0.239 0.000000
169.333333 170.333333   2.58 0.000000  0.27 0.000000 9.999 0.259000000 9.99 0.259000 0.012 0.559000  0.230 0.000  0.322 0.000 99.99 0.259000000   1.767 0.000  0.482 0.000  1.285 0.000 0.007 0.000000 0.133 0.559000
172.333333 173.333333  29.80 0.559000  0.93 0.559000 9.999 0.559259000 0.26 0.559000 0.038 0.000000  1.723 0.000  2.413 0.000 99.99 0.559259000   6.903 0.000  2.046 0.000  4.858 0.559 0.027 0.559000 0.239 0.000000
175.333333 176.333333  49.86 0.000000  0.45 0.000000 9.999 0.259000000 9.99 0.259000 0.014 0.559000  0.643 0.000  0.901 0.000 99.99 0.259000000   3.855 0.000  1.485 0.000  2.370 0.000 0.016 0.000000 0.132 0.559000
178.333333 179.333333   4.71 0.000000  0.19 0.000000 9.999 0.259000000 0.13 0.000000 9.999 0.259000 99.999 0.259 99.999 0.259 99.99 0.259000000   0.411 0.000  0.288 0.000  0.122 0.000 0.003 0.000000 0.006 0.000000
181.333333 182.333333   4.72 0.000000  0.20 0.000000 9.999 0.259000000 9.99 0.259000 0.018 0.559000  0.215 0.000  0.301 0.000 99.99 0.259000000   1.767 0.000  0.594 0.000  1.173 0.000 0.009 0.000000 0.110 0.559000
184.333333 185.333333   1.06 0.000000  0.21 0.000000 9.999 0.259000000 9.99 0.259000 0.006 0.000000  0.085 0.000  0.119 0.000 99.99 0.259000000   0.945 0.000  0.356 0.000  0.589 0.000 0.004 0.000000 0.073 0.000000
187.333333 188.333333  14.59 0.000000  1.02 0.000000 9.999 0.259000000 9.99 0.259000 0.015 0.559000  0.863 0.000  1.208 0.000 99.99 0.259000000   4.003 0.000  1.498 0.000  2.505 0.000 0.044 0.000000 0.101 0.559000
190.333333 191.333333  26.68 0.000000  0.35 0.000000 9.999 0.259000000 9.99 0.259000 0.016 0.000000  1.302 0.000  1.823 0.000 99.99 0.259000000   7.884 0.000  4.767 0.000  3.117 0.000 0.017 0.000000 0.092 0.000000
193.333333 194.333333  45.70 0.559000  0.86 0.559000 9.999 0.559259000 0.25 0.559000 0.061 0.559000  2.532 0.000  3.545 0.000 99.99 0.559259000  10.580 0.000  3.463 0.000  7.117 0.559 0.035 0.559000 0.324 0.559000
196.333333 197.333333  18.10 0.000000  0.34 0.000000 0.035 0.000000000 0.18 0.000000 0.033 0.000000  0.758 0.000  1.061 0.000 99.99 0.259000000   3.858 0.000  1.365 0.000  2.493 0.000 0.013 0.000000 0.142 0.000000
199.333333 200.333333   7.11 0.000000  0.23 0.000000 9.999 0.259000000 9.99 0.259000 0.009 0.559000  0.104 0.000  0.145 0.000 99.99 0.259000000   1.849 0.000  0.834 0.000  1.015 0.000 0.005 0.000000 0.089 0.559000
202.333333 203.333333  44.14 0.699000  0.20 0.699000 9.999 0.699259000 9.99 0.699259 0.015 0.559000  2.178 0.000  3.049 0.000 99.99 0.699259000  11.846 0.000  6.402 0.000  5.444 0.699 0.038 0.699000 0.084 0.559000
205.333333 206.333333  45.84 0.559394  0.52 0.559394 9.999 0.559394259 0.19 0.559394 0.044 0.559394  2.302 0.000  3.223 0.000 99.99 0.559394259  12.842 0.000  5.047 0.000  7.795 0.559 0.035 0.559394 0.471 0.559394
208.333333 209.333333   5.64 0.000000  0.30 0.000000 9.999 0.259000000 9.99 0.259000 0.027 0.559000  0.212 0.000  0.296 0.000 99.99 0.259000000   2.137 0.000  0.773 0.000  1.363 0.000 0.008 0.000000 0.112 0.559000
211.333333 212.333333   9.05 0.000000  0.19 0.000000 9.999 0.259000000 9.99 0.259000 0.026 0.559000  0.241 0.000  0.337 0.000 99.99 0.259000000   3.005 0.000  1.192 0.000  1.813 0.000 0.010 0.000000 0.160 0.559000
214.333333 215.333333  20.91 0.559000  0.25 0.559000 9.999 0.559259000 0.20 0.559000 0.030 0.559000  0.568 0.000  0.795 0.000 99.99 0.559259000   4.995 0.000  2.395 0.000  2.600 0.559 0.013 0.559000 0.213 0.559000
217.333333 218.333333   2.02 0.000000  0.13 0.000000 9.999 0.259000000 9.99 0.259000 0.019 0.559000  0.074 0.000  0.103 0.000 99.99 0.259000000   1.452 0.000  0.370 0.000  1.081 0.000 0.005 0.000000 0.131 0.559000
220.333333 221.333333  11.32 0.000000  0.51 0.000000 0.011 0.000000000 0.13 0.000000 0.017 0.559000  0.658 0.000  0.922 0.000 99.99 0.259000000   3.533 0.000  1.359 0.000  2.174 0.000 0.009 0.000000 0.138 0.559000
