scripts/IMPROVE-2019_partial/data/US9036R.20100102070000.20191216000000.filterpack...52w.3d.US03L_filterpack_US9036.US03L_IMPROVE_Davis.lev2.nas
52 1001
MISSING INFORMATION
US03L, IMPROVE, , , , , , , 
MISSING INFORMATION
IMPROVE sel_HTAP
1 1
2010 01 01 2019 12 16
3.000000
days from file reference point
5
1 1 1 1 1
999.999999 999.999 9.999 99.999 9.999
end_time of measurement, days from the file reference point
pm10_mass, ug/m3, Matrix=pm10
numflag pm10_mass, no unit, Matrix=pm10
pm25_mass, ug/m3, Matrix=pm25
numflag pm25_mass, no unit, Matrix=pm25
0
33
Data definition:              EBAS_1.1
Set type code:                TU
Timezone:                     UTC
File name:                    US9036R.20100102070000.20191216000000.filterpack...52w.3d.US03L_filterpack_US9036.US03L_IMPROVE_Davis.lev2.nas
File creation:                20191218120746
Startdate:                    20100102070000
Revision date:                20191216000000
Version:                      2
Version description:          "Data extracted from http://views.cira.colostate.edu/fed/DataWizard 2019-12-16"
Statistics:                   arithmetic mean
Data level:                   2
Period code:                  52w
Resolution code:              3d
Sample duration:              1d
Orig. time res.:              3d
Station code:                 US9036R
Platform code:                US9036S
Station name:                 Tonto NM
Station latitude:             33.6548
Station longitude:            -111.1068
Station altitude:             775.0 m
Regime:                       IMG
Component:                    
Unit:                         ug/m3
Matrix:                       
Laboratory code:              US03L
Instrument type:              filterpack
Instrument name:              filterpack_US9036
Method ref:                   US03L_IMPROVE_Davis
Blank correction:             Blank corrected
Volume std. temperature:      ambient
Volume std. pressure:         ambient
starttime endtime PM10 flag_PM10 PM2.5 flag_PM2.5
  1.291667   2.291667   3.275 0.000  1.638 0.000
  4.291667   5.291667   3.690 0.000  2.174 0.000
  7.291667   8.291667   9.191 0.000  3.321 0.000
 10.291667  11.291667   4.023 0.000  2.473 0.000
 13.291667  14.291667   2.997 0.000  1.984 0.000
 16.291667  17.291667   5.770 0.000  3.307 0.000
 19.291667  20.291667   4.086 0.000  2.119 0.000
 22.291667  23.291667   1.379 0.000  0.843 0.000
 25.291667  26.291667   2.202 0.000  1.734 0.000
 28.291667  29.291667   3.435 0.000  2.162 0.000
 31.291667  32.291667   3.530 0.000  2.796 0.000
 34.291667  35.291667  33.589 0.000  3.592 0.000
 37.291667  38.291667   7.967 0.000  1.439 0.000
 40.291667  41.291667 999.999 0.999 99.999 0.999
 43.291667  44.291667 999.999 0.999 99.999 0.999
 46.291667  47.291667 999.999 0.999 99.999 0.999
 49.291667  50.291667  10.643 0.000  3.477 0.000
 52.291667  53.291667   2.290 0.000  1.313 0.000
 55.291667  56.291667   5.399 0.000  2.874 0.000
 58.291667  59.291667   1.327 0.000  0.689 0.000
 61.291667  62.291667   3.916 0.000  2.734 0.000
 64.291667  65.291667   5.736 0.000  2.670 0.000
 67.291667  68.291667   4.604 0.000  2.148 0.000
 70.291667  71.291667   4.380 0.000  2.654 0.000
 73.291667  74.291667   2.181 0.000  1.158 0.000
 76.291667  77.291667   7.820 0.000  3.128 0.000
 79.291667  80.291667   6.607 0.000  3.162 0.000
 82.291667  83.291667 999.999 0.999 99.999 0.999
 85.291667  86.291667 999.999 0.999 99.999 0.999
 88.291667  89.291667 999.999 0.999 99.999 0.999
 91.291667  92.291667 999.999 0.999 99.999 0.999
 94.291667  95.291667  16.490 0.000  6.683 0.000
 97.291667  98.291667   8.322 0.000  2.992 0.000
100.291667 101.291667  11.261 0.000  4.111 0.000
103.291667 104.291667  14.133 0.000  6.290 0.000
106.291667 107.291667  15.212 0.000  6.043 0.000
109.291667 110.291667  13.367 0.000  8.357 0.000
112.291667 113.291667   5.479 0.000  1.759 0.000
115.291667 116.291667  11.954 0.000  8.835 0.000
118.291667 119.291667  20.915 0.000  5.299 0.000
121.291667 122.291667   7.724 0.000  2.288 0.000
124.291667 125.291667  13.875 0.000  4.330 0.000
127.291667 128.291667  11.167 0.000  5.912 0.000
130.291667 131.291667  13.377 0.000  4.564 0.000
133.291667 134.291667   8.356 0.000  3.258 0.000
136.291667 137.291667  12.857 0.000  5.685 0.000
139.291667 140.291667 999.999 0.999  3.673 0.000
142.291667 143.291667  21.295 0.000  6.085 0.000
145.291667 146.291667  10.162 0.000  5.483 0.000
148.291667 149.291667   9.750 0.000  4.466 0.000
151.291667 152.291667   9.422 0.000  3.083 0.000
154.291667 155.291667  13.101 0.000  5.694 0.000
157.291667 158.291667   9.071 0.000  3.787 0.000
160.291667 161.291667  15.836 0.000  5.097 0.000
163.291667 164.291667  13.284 0.000  4.979 0.000
166.291667 167.291667  15.102 0.000  4.815 0.000
169.291667 170.291667   8.466 0.000  2.917 0.000
172.291667 173.291667   9.314 0.000  3.406 0.000
175.291667 176.291667   9.142 0.000  4.266 0.000
178.291667 179.291667  10.768 0.000  3.382 0.000
181.291667 182.291667  10.638 0.000  3.761 0.000
184.291667 185.291667  18.335 0.000  7.085 0.000
187.291667 188.291667  11.991 0.000  4.515 0.000
190.291667 191.291667   8.037 0.000  4.746 0.000
193.291667 194.291667  15.517 0.000  5.744 0.000
196.291667 197.291667   8.945 0.000  4.984 0.000
199.291667 200.291667   9.901 0.000  5.664 0.000
202.291667 203.291667   6.848 0.000  3.775 0.000
205.291667 206.291667   6.112 0.000  3.251 0.000
208.291667 209.291667   6.804 0.000  4.289 0.000
211.291667 212.291667   5.961 0.000  3.655 0.000
214.291667 215.291667   7.446 0.000  3.876 0.000
217.291667 218.291667   8.759 0.000  3.490 0.000
220.291667 221.291667   8.226 0.000  4.738 0.000
223.291667 224.291667  10.250 0.000  4.962 0.000
226.291667 227.291667  12.403 0.000  5.303 0.000
229.291667 230.291667   9.565 0.000  3.900 0.000
232.291667 233.291667  11.742 0.000  4.952 0.000
235.291667 236.291667   3.716 0.000  1.785 0.000
238.291667 239.291667   6.101 0.000  3.176 0.000
241.291667 242.291667   9.114 0.000  3.823 0.000
244.291667 245.291667 999.999 0.999 99.999 0.999
247.291667 248.291667 999.999 0.999 99.999 0.999
250.291667 251.291667 999.999 0.999 99.999 0.999
253.291667 254.291667 999.999 0.999 99.999 0.999
256.291667 257.291667 999.999 0.999 99.999 0.999
259.291667 260.291667   7.304 0.000  4.526 0.000
262.291667 263.291667   8.959 0.000  3.571 0.000
265.291667 266.291667  10.242 0.000  3.531 0.000
268.291667 269.291667   6.457 0.000  3.760 0.000
271.291667 272.291667   6.586 0.000  3.219 0.000
274.291667 275.291667  10.729 0.000  4.495 0.000
277.291667 278.291667 999.999 0.456 99.999 0.456
280.291667 281.291667 999.999 0.999 99.999 0.999
283.291667 284.291667 999.999 0.999 99.999 0.999
286.291667 287.291667   9.890 0.000  5.049 0.000
289.291667 290.291667  13.245 0.000  4.982 0.000
292.291667 293.291667  10.580 0.000  3.868 0.000
295.291667 296.291667 999.999 0.999 99.999 0.999
298.291667 299.291667 999.999 0.456 99.999 0.456
301.291667 302.291667 999.999 0.456 99.999 0.456
304.291667 305.291667 999.999 0.456 99.999 0.456
307.291667 308.291667 999.999 0.999 99.999 0.999
310.291667 311.291667 999.999 0.999 99.999 0.999
313.291667 314.291667   7.548 0.000  2.903 0.000
316.291667 317.291667   5.039 0.000  3.455 0.000
319.291667 320.291667 999.999 0.456 99.999 0.456
322.291667 323.291667 999.999 0.456 99.999 0.456
325.291667 326.291667   7.424 0.000  1.902 0.000
328.291667 329.291667   3.252 0.000  1.575 0.000
331.291667 332.291667   5.876 0.000  1.857 0.000
334.291667 335.291667 999.999 0.999 99.999 0.999
337.291667 338.291667   6.950 0.000  3.283 0.000
340.291667 341.291667   5.661 0.000  2.673 0.000
343.291667 344.291667   8.072 0.000  4.488 0.000
346.291667 347.291667   2.992 0.000  2.146 0.000
349.291667 350.291667   6.468 0.000  2.746 0.000
352.291667 353.291667   3.510 0.000  3.045 0.000
355.291667 356.291667  22.532 0.000  2.742 0.000
358.291667 359.291667 999.999 0.456  2.151 0.000
361.291667 362.291667   3.743 0.000 99.999 0.456
364.291667 365.291667   2.384 0.000  0.770 0.000
