scripts/IMPROVE-2019_partial/data/US9045R.19970101080000.20191216000000.filterpack...1y.3d.US03L_filterpack_US9045.US03L_IMPROVE_Davis.lev2.nas
51 1001
MISSING INFORMATION
US03L, IMPROVE, , , , , , , 
MISSING INFORMATION
IMPROVE sel_HTAP
1 1
1997 01 01 2019 12 16
0
days from file reference point
4
1 1 1 1
999.999999 999.999 999.999 9.999
end_time of measurement, days from the file reference point
pm10_mass, ug/m3, Matrix=pm10
pm25_mass, ug/m3, Matrix=pm25
numflag, no unit
0
33
Data definition:              EBAS_1.1
Set type code:                TI
Timezone:                     UTC
File name:                    US9045R.19970101080000.20191216000000.filterpack...1y.3d.US03L_filterpack_US9045.US03L_IMPROVE_Davis.lev2.nas
File creation:                20191218120828
Startdate:                    19970101080000
Revision date:                20191216000000
Version:                      2
Version description:          "Data extracted from http://views.cira.colostate.edu/fed/DataWizard 2019-12-16"
Statistics:                   arithmetic mean
Data level:                   2
Period code:                  1y
Resolution code:              3d
Sample duration:              1d
Orig. time res.:              3d
Station code:                 US9045R
Platform code:                US9045S
Station name:                 Sequoia NP
Station latitude:             36.4894
Station longitude:            -118.8291
Station altitude:             519.0 m
Regime:                       IMG
Component:                    
Unit:                         ug/m3
Matrix:                       
Laboratory code:              US03L
Instrument type:              filterpack
Instrument name:              filterpack_US9045
Method ref:                   US03L_IMPROVE_Davis
Blank correction:             Blank corrected
Volume std. temperature:      ambient
Volume std. pressure:         ambient
starttime endtime PM10 PM2.5 flag
  0.333333   1.333333   3.871   1.019 0.000
  3.333333   4.333333  10.815   6.218 0.000
  7.333333   8.333333   5.980   3.044 0.000
 10.333333  11.333333  30.372  23.433 0.000
 14.333333  15.333333   1.689   0.469 0.000
 17.333333  18.333333   4.788   1.877 0.000
 21.333333  22.333333   3.029   0.751 0.000
 24.333333  25.333333 999.999 999.999 0.999
 28.333333  29.333333   8.541   4.827 0.000
 31.333333  32.333333  32.895  22.297 0.000
 35.333333  36.333333  22.775  14.360 0.000
 38.333333  39.333333  14.328   7.536 0.000
 42.333333  43.333333  23.715  17.423 0.000
 45.333333  46.333333   7.895   3.503 0.000
 49.333333  50.333333  11.816   6.790 0.000
 52.333333  53.333333  34.290  15.339 0.000
 56.333333  57.333333  17.946   8.790 0.000
 59.333333  60.333333  11.827   4.043 0.000
 63.333333  64.333333   7.312   4.048 0.000
 66.333333  67.333333  34.180  24.851 0.000
 70.333333  71.333333  22.899  17.162 0.000
 73.333333  74.333333  19.177  10.983 0.000
 77.333333  78.333333   9.119   6.431 0.000
 80.333333  81.333333  20.695  11.926 0.000
 84.333333  85.333333  16.925  12.583 0.000
 87.333333  88.333333  15.329   9.206 0.000
 91.333333  92.333333  18.558   5.925 0.000
 94.333333  95.333333  20.293  10.274 0.000
 98.333333  99.333333   9.522   6.944 0.000
101.333333 102.333333  17.719   8.454 0.000
105.333333 106.333333  20.798  12.844 0.000
108.333333 109.333333  16.052   9.830 0.000
112.333333 113.333333  16.875   9.747 0.000
115.333333 116.333333  14.097   8.474 0.000
119.333333 120.333333  14.453   9.280 0.000
122.333333 123.333333  17.902  11.216 0.000
126.333333 127.333333  31.460  15.610 0.000
129.333333 130.333333  23.023  12.191 0.000
133.333333 134.333333  38.494  21.524 0.000
136.333333 137.333333  27.010  16.489 0.000
140.333333 141.333333  24.887  15.548 0.000
143.333333 144.333333  11.276   5.696 0.000
147.333333 148.333333  24.374  13.552 0.000
150.333333 151.333333  32.080  15.864 0.000
154.333333 155.333333  21.135  14.890 0.000
157.333333 158.333333  31.085  17.134 0.000
161.333333 162.333333  25.518  18.146 0.000
164.333333 165.333333  11.105   7.003 0.000
168.333333 169.333333  21.652  15.532 0.000
171.333333 172.333333  10.460   6.429 0.000
175.333333 176.333333  26.050  15.278 0.000
178.333333 179.333333  35.714  15.185 0.000
182.333333 183.333333  22.395  15.648 0.000
185.333333 186.333333  30.246  16.618 0.000
189.333333 190.333333  28.493  18.488 0.000
192.333333 193.333333  24.952  14.432 0.000
196.333333 197.333333  25.409  14.851 0.000
199.333333 200.333333  39.882  15.242 0.000
203.333333 204.333333  14.809  10.704 0.000
206.333333 207.333333  29.546  12.302 0.000
210.333333 211.333333  17.537  13.088 0.000
213.333333 214.333333  12.705   9.124 0.000
217.333333 218.333333  24.914  14.354 0.000
220.333333 221.333333  29.465  13.826 0.000
224.333333 225.333333  26.293  14.394 0.000
227.333333 228.333333  26.855  11.941 0.000
231.333333 232.333333  41.001  14.895 0.000
234.333333 235.333333  27.408  13.445 0.000
238.333333 239.333333  28.206  13.983 0.000
241.333333 242.333333  25.295  11.092 0.000
245.333333 246.333333  15.783   7.412 0.000
248.333333 249.333333  17.176   7.222 0.000
252.333333 253.333333  27.986  11.029 0.000
255.333333 256.333333  24.244  11.564 0.000
259.333333 260.333333 999.999 999.999 0.999
262.333333 263.333333  23.541  11.372 0.000
266.333333 267.333333 999.999 999.999 0.999
269.333333 270.333333  26.084  13.453 0.000
273.333333 274.333333  20.961  11.073 0.000
276.333333 277.333333  24.760  12.487 0.000
280.333333 281.333333  20.100   8.996 0.000
283.333333 284.333333   9.458   2.588 0.000
287.333333 288.333333  11.849   4.230 0.000
290.333333 291.333333  19.847   8.720 0.000
294.333333 295.333333  39.740  19.608 0.000
297.333333 298.333333  28.719  11.233 0.000
301.333333 302.333333  31.883  16.602 0.000
304.333333 305.333333  18.936   9.557 0.000
308.333333 309.333333  22.222  15.780 0.000
311.333333 312.333333  18.710   9.813 0.000
315.333333 316.333333  14.990   3.964 0.000
318.333333 319.333333   7.643   3.505 0.000
322.333333 323.333333   7.984   2.902 0.000
325.333333 326.333333   8.156   3.472 0.000
329.333333 330.333333   2.929   1.098 0.000
332.333333 333.333333   6.715   2.099 0.000
336.333333 337.333333   3.590   1.956 0.000
339.333333 340.333333   7.464   0.880 0.000
343.333333 344.333333   4.516   1.646 0.000
346.333333 347.333333   6.119   1.152 0.000
350.333333 351.333333   6.993   4.398 0.000
353.333333 354.333333  10.198   4.630 0.000
357.333333 358.333333  21.825  15.024 0.000
360.333333 361.333333  17.907  12.632 0.000
364.333333 365.333333   2.396 999.999 0.000
