scripts/IMPROVE-2019_partial/data/US9066R.20020102050000.20191216000000.filterpack..pm25.52w.1w.US03L_filterpack_US9066.US03L_IMPROVE_Davis.lev2.nas
68 1001
MISSING INFORMATION
US03L, IMPROVE, , , , , , , 
MISSING INFORMATION
IMPROVE sel_HTAP
1 1
2002 01 01 2019 12 16
3.000000
days from file reference point
29
1 1 1 1 1 1 1 1 1 1 1 1 1 1 1 1 1 1 1 1 1 1 1 1 1 1 1 1 1
999.999999 99.999 9.999999 9999.99 9.999 99.99 9.999999 9.999 9.999999 99.99 9.999999 9.999 9.999999 999.999 9.999 999.999 9.999 99.99 9.999999 999.999 9.999 999.999 9.999 999.999 9.999 9.999 9.999 99.999 9.999999
end_time of measurement, days from the file reference point
ammonium, ug N/m3, Revision date=20181210133000
numflag ammonium, no unit, Revision date=20181210133000
iron, ng/m3, Revision date=20181210133000
numflag iron, no unit, Revision date=20181210133000
lead, ng/m3, Revision date=20181210133000
numflag lead, no unit, Revision date=20181210133000
magnesium, ug/m3, Revision date=20181210133000
numflag magnesium, no unit, Revision date=20181210133000
nickel, ng/m3, Revision date=20181210133000
numflag nickel, no unit, Revision date=20181210133000
nitrate, ug N/m3, Revision date=20181210133000
numflag nitrate, no unit, Revision date=20181210133000
organic_carbon, ug C/m3, Revision date=20181210133000
numflag organic_carbon, no unit, Revision date=20181210133000
organic_mass, ug/m3, Revision date=20181210133000
numflag organic_mass, no unit, Revision date=20181210133000
phosphorus, ng/m3, Revision date=20181210133000
numflag phosphorus, no unit, Revision date=20181210133000
pm10_mass, ug/m3, Version=2, Version description=Data extracted from http://views.cira.colostate.edu/fed/DataWizard 2019-12-16, Sample duration=1d, Orig. time res.=3d, Matrix=pm10, Blank correction=Blank corrected, Volume std. temperature=ambient, Volume std. pressure=ambient
numflag pm10_mass, no unit, Version=2, Version description=Data extracted from http://views.cira.colostate.edu/fed/DataWizard 2019-12-16, Sample duration=1d, Orig. time res.=3d, Matrix=pm10, Blank correction=Blank corrected, Volume std. temperature=ambient, Volume std. pressure=ambient
pm10_pm25_mass, ug/m3, Revision date=20181210133000, Matrix=pm10_pm25
numflag pm10_pm25_mass, no unit, Revision date=20181210133000, Matrix=pm10_pm25
pm25_mass, ug/m3, Version=2, Version description=Data extracted from http://views.cira.colostate.edu/fed/DataWizard 2019-12-16, Sample duration=1d, Orig. time res.=3d, Blank correction=Blank corrected, Volume std. temperature=ambient, Volume std. pressure=ambient
numflag pm25_mass, no unit, Version=2, Version description=Data extracted from http://views.cira.colostate.edu/fed/DataWizard 2019-12-16, Sample duration=1d, Orig. time res.=3d, Blank correction=Blank corrected, Volume std. temperature=ambient, Volume std. pressure=ambient
potassium, ug/m3, Revision date=20181210133000
numflag potassium, no unit, Revision date=20181210133000
sulphate_total, ug S/m3, Revision date=20181210133000
numflag sulphate_total, no unit, Revision date=20181210133000
0
25
Data definition:              EBAS_1.1
Set type code:                TU
Timezone:                     UTC
File name:                    US9066R.20020102050000.20191216000000.filterpack..pm25.52w.1w.US03L_filterpack_US9066.US03L_IMPROVE_Davis.lev2.nas
File creation:                20191218120959
Startdate:                    20020102050000
Revision date:                20191216000000
Statistics:                   arithmetic mean
Data level:                   2
Period code:                  52w
Resolution code:              1w
Station code:                 US9066R
Platform code:                US9066S
Station name:                 Swanquarter
Station latitude:             35.451
Station longitude:            -76.2075
Station altitude:             -3.0 m
Regime:                       IMG
Component:                    
Matrix:                       pm25
Laboratory code:              US03L
Instrument type:              filterpack
Instrument name:              filterpack_US9066
Method ref:                   US03L_IMPROVE_Davis
starttime endtime NH4+ flag_NH4+ Fe flag_Fe Pb flag_Pb Mg++ flag_Mg++ Ni flag_Ni NO3- flag_NO3- OC flag_OC OM flag_OM P flag_P PM10 flag_PM10 PM10-PM2.5 flag_PM10-PM2.5 PM2.5 flag_PM2.5 K+ flag_K+ SO4-- flag_SO4--
[from data line 72]
217.208333 218.208333 99.999 0.999000    9.81 0.000  0.71 0.000000 9.999 0.259000  0.27 0.000000 0.063 0.000000   1.293 0.000   1.811 0.000 99.99 0.259000  12.463 0.000   5.748 0.000   6.715 0.000 0.017 0.000  0.853 0.000000
220.208333 221.208333 99.999 0.559999   24.23 0.000  0.75 0.000000 9.999 0.259000  0.57 0.000000 0.030 0.559000   1.165 0.000   1.631 0.000 99.99 0.259000   8.326 0.000   3.489 0.000   4.837 0.000 0.012 0.000  0.465 0.559000
223.208333 224.208333 99.999 0.559999   11.70 0.000  0.72 0.000000 9.999 0.259000  0.66 0.000000 0.042 0.559000   2.576 0.000   3.606 0.000 99.99 0.259000  15.806 0.000   5.911 0.000   9.895 0.000 0.023 0.000  1.356 0.559000
226.208333 227.208333 99.999 0.999000    6.56 0.000  0.17 0.000000 9.999 0.259000  0.42 0.000000 0.048 0.000000   0.792 0.000   1.109 0.000 99.99 0.259000   8.934 0.000   5.818 0.000   3.116 0.000 0.050 0.000  0.343 0.000000
229.208333 230.208333 99.999 0.999000   25.76 0.000  2.75 0.000000 9.999 0.259000  0.43 0.000000 0.075 0.000000   2.007 0.000   2.809 0.000 99.99 0.259000  14.468 0.000   4.727 0.000   9.740 0.000 0.037 0.000  1.413 0.000000
232.208333 233.208333 99.999 0.559999   14.93 0.000  0.82 0.000000 0.058 0.000000  0.75 0.000000 0.086 0.559000   1.769 0.000   2.477 0.000 99.99 0.259000  19.206 0.000   6.005 0.000  13.200 0.000 0.029 0.000  2.428 0.559000
235.208333 236.208333 99.999 0.999000   31.13 0.000  0.98 0.000000 0.049 0.000000  0.76 0.000000 0.069 0.000000   4.278 0.000   5.990 0.000 99.99 0.259000  28.682 0.000   7.667 0.000  21.015 0.000 0.052 0.000  2.958 0.000000
238.208333 239.208333 99.999 0.999000    5.68 0.000  0.49 0.000000 0.025 0.000000  0.33 0.000000 0.063 0.000000   0.968 0.000   1.355 0.000 99.99 0.259000  14.253 0.000   7.629 0.000   6.624 0.000 0.024 0.000  1.235 0.000000
241.208333 242.208333 99.999 0.999000    2.12 0.000  0.34 0.000000 0.020 0.000000  0.31 0.000000 0.054 0.000000   0.478 0.000   0.669 0.000 99.99 0.259000   7.890 0.000   5.516 0.000   2.374 0.000 0.011 0.000  0.390 0.000000
244.208333 245.208333  0.650 0.000000    4.40 0.000  0.48 0.000000 9.999 0.259000  0.39 0.000000 0.029 0.000000   0.703 0.000   0.985 0.000 99.99 0.259000  11.755 0.000   5.849 0.000   5.906 0.000 0.015 0.000  1.288 0.000000
247.208333 248.208333  0.742 0.000000   13.10 0.000  1.42 0.000000 9.999 0.259000  0.75 0.000000 0.090 0.000000   1.025 0.000   1.436 0.000 99.99 0.259000  16.095 0.000   8.313 0.000   7.783 0.000 0.023 0.000  1.247 0.000000
250.208333 251.208333  0.079 0.559000    4.21 0.000  0.58 0.000000 9.999 0.259000 99.99 0.259000 0.059 0.559000   0.537 0.000   0.752 0.000 99.99 0.259000  10.670 0.000   7.916 0.000   2.754 0.000 0.014 0.000  0.402 0.559000
253.208333 254.208333  2.248 0.000000   25.27 0.000  1.67 0.000000 9.999 0.259000  0.45 0.000000 0.067 0.000000   2.741 0.000   3.838 0.000 99.99 0.259000  29.353 0.000  12.093 0.000  17.259 0.000 0.032 0.000  3.313 0.000000
256.208333 257.208333 99.999 0.999000 9999.99 0.999 99.99 0.999000 9.999 0.999000 99.99 0.999000 9.999 0.999000 999.999 0.999 999.999 0.999 99.99 0.999000 999.999 0.999 999.999 0.999 999.999 0.999 9.999 0.999 99.999 0.999000
259.208333 260.208333  1.521 0.559000   11.35 0.000  2.07 0.000000 0.059 0.000000  0.54 0.000000 0.076 0.559000   1.716 0.000   2.403 0.000 99.99 0.259000  19.134 0.000   7.433 0.000  11.701 0.000 0.024 0.000  2.317 0.559000
262.208333 263.208333  0.173 0.559000    6.99 0.559  0.80 0.559000 9.999 0.559259  0.37 0.559000 0.031 0.559000   0.700 0.000   0.980 0.000 99.99 0.559259  10.862 0.000   7.604 0.000   3.258 0.559 0.014 0.559  0.485 0.559000
265.208333 266.208333 99.999 0.999000 9999.99 0.999 99.99 0.999000 9.999 0.999000 99.99 0.999000 9.999 0.999000 999.999 0.999 999.999 0.999 99.99 0.999000 999.999 0.999 999.999 0.999 999.999 0.999 9.999 0.999 99.999 0.999000
268.208333 269.208333  0.070 0.000000    2.13 0.559  0.32 0.559000 9.999 0.559259 99.99 0.559259 0.034 0.000000   0.553 0.000   0.774 0.000 99.99 0.559259   9.402 0.000   7.487 0.000   1.915 0.559 0.010 0.559  0.336 0.000000
271.208333 272.208333  0.298 0.559000   61.96 0.559  1.23 0.559000 9.999 0.559259  0.38 0.559000 0.071 0.559000   1.023 0.000   1.432 0.000 99.99 0.559259  12.386 0.000   8.070 0.000   4.315 0.559 0.015 0.559  0.682 0.559000
274.208333 275.208333  0.884 0.000000    6.52 0.559  0.87 0.559000 9.999 0.559259  0.52 0.559000 0.061 0.000000   1.330 0.000   1.862 0.000 99.99 0.559259  15.776 0.000   8.603 0.000   7.173 0.559 0.023 0.559  1.390 0.000000
277.208333 278.208333  1.814 0.559000   10.70 0.000  0.95 0.000000 9.999 0.259000  0.98 0.000000 0.043 0.559000   1.840 0.000   2.576 0.000 99.99 0.259000  20.797 0.000   7.516 0.000  13.281 0.000 0.036 0.000  2.744 0.559000
280.208333 281.208333  0.685 0.559000   13.54 0.000  1.93 0.000000 0.027 0.000000  0.43 0.000000 0.103 0.559000   1.103 0.000   1.544 0.000 99.99 0.259000  18.435 0.000  10.107 0.000   8.328 0.000 0.029 0.000  1.253 0.559000
283.208333 284.208333  0.041 0.559000    7.11 0.559 99.99 0.559259 0.012 0.559000  0.22 0.559000 0.029 0.559000   0.444 0.000   0.622 0.000 99.99 0.559259  13.070 0.000  10.423 0.000   2.647 0.559 0.022 0.559  0.310 0.559000
286.208333 287.208333  0.416 0.559000    6.17 0.559  1.30 0.559000 9.999 0.559259  0.46 0.559000 0.081 0.559000   0.744 0.000   1.041 0.000 99.99 0.559259  13.245 0.000   8.398 0.000   4.847 0.559 0.020 0.559  0.727 0.559000
289.208333 290.208333  0.302 0.000000    6.02 0.559  0.85 0.559000 0.026 0.559000 99.99 0.559259 0.057 0.000000   0.897 0.000   1.256 0.000 99.99 0.559259   6.372 0.000   2.857 0.000   3.515 0.559 0.012 0.559  0.518 0.000000
292.208333 293.208333  1.289 0.559000   11.94 0.000  1.68 0.000000 0.021 0.000000  1.05 0.000000 0.059 0.559000   2.572 0.000   3.601 0.000 99.99 0.259000  19.142 0.000   7.040 0.000  12.102 0.000 0.031 0.000  1.952 0.559000
295.208333 296.208333  0.790 0.559000   15.12 0.559  1.82 0.559000 9.999 0.559259  1.11 0.559000 0.089 0.559000   1.502 0.000   2.103 0.000 99.99 0.559259  13.853 0.000   6.423 0.000   7.430 0.559 0.022 0.559  1.086 0.559000
298.208333 299.208333  0.298 0.559000    5.06 0.559  0.95 0.559000 9.999 0.559259  0.25 0.559000 0.047 0.559000   0.853 0.000   1.195 0.000 99.99 0.559259   9.211 0.000   5.325 0.000   3.887 0.559 0.024 0.559  0.523 0.559000
301.208333 302.208333  0.508 0.000000    4.50 0.000  0.85 0.000000 9.999 0.259000  0.39 0.000000 0.080 0.000000   0.813 0.000   1.138 0.000 99.99 0.259000  12.072 0.000   7.287 0.000   4.785 0.000 0.013 0.000  0.898 0.000000
304.208333 305.208333  0.954 0.000000   11.37 0.559  1.16 0.559000 0.030 0.559000  0.17 0.559000 0.073 0.000000   1.338 0.000   1.874 0.000 99.99 0.559259  10.650 0.000   3.139 0.000   7.511 0.559 0.020 0.559  1.388 0.000000
307.208333 308.208333  0.765 0.559000   11.19 0.559  1.46 0.559000 9.999 0.559259  0.23 0.559000 0.078 0.559000   1.454 0.000   2.035 0.000 99.99 0.559259  11.118 0.000   4.202 0.000   6.916 0.559 0.025 0.559  1.000 0.559000
310.208333 311.208333  0.850 0.000000    9.28 0.559  0.93 0.559000 9.999 0.559259  0.10 0.559000 0.037 0.000000   0.953 0.000   1.334 0.000 99.99 0.559259   8.934 0.000   3.270 0.000   5.664 0.559 0.014 0.559  1.092 0.000000
313.208333 314.208333  0.124 0.000000    1.59 0.559  0.35 0.559000 9.999 0.559259  0.17 0.559000 0.037 0.000000   0.318 0.000   0.445 0.000 99.99 0.559259   8.806 0.000   6.405 0.000   2.401 0.559 0.014 0.559  0.429 0.000000
316.208333 317.208333  0.737 0.559000   13.48 0.559  1.87 0.559000 9.999 0.559259  0.32 0.559000 0.076 0.559000   1.024 0.000   1.433 0.000 99.99 0.559259   8.970 0.000   3.420 0.000   5.550 0.559 0.017 0.559  0.991 0.559000
319.208333 320.208333  0.190 0.000000    2.98 0.559  0.35 0.559000 0.014 0.559000  0.13 0.559000 0.016 0.000000   0.397 0.000   0.556 0.000 99.99 0.559259   5.865 0.000   4.036 0.000   1.829 0.559 0.008 0.559  0.386 0.000000
322.208333 323.208333  0.815 0.559000    7.14 0.559  0.82 0.559000 9.999 0.559259  0.26 0.559000 0.062 0.559000   2.603 0.000   3.644 0.000 99.99 0.559259  12.508 0.000   4.162 0.000   8.346 0.559 0.015 0.559  1.091 0.559000
325.208333 326.208333  1.070 0.000000   14.27 0.000  1.73 0.000000 9.999 0.259000  0.53 0.000000 0.396 0.000000   3.454 0.000   4.836 0.000 99.99 0.259000  16.602 0.000   7.150 0.000   9.451 0.000 0.039 0.000  1.061 0.000000
328.208333 329.208333  1.079 0.559000   15.78 0.559  2.61 0.559000 9.999 0.559259  1.22 0.559000 0.165 0.559000   3.434 0.000   4.807 0.000 99.99 0.559259  16.095 0.000   3.942 0.000  12.153 0.559 0.069 0.559  1.301 0.559000
331.208333 332.208333  0.516 0.000000    8.46 0.559  1.42 0.559000 0.038 0.559000  0.78 0.559000 0.072 0.000000   0.766 0.000   1.072 0.000 99.99 0.559259   5.999 0.000   2.301 0.000   3.698 0.559 0.014 0.559  0.551 0.000000
334.208333 335.208333  0.556 0.559000    5.43 0.559  0.35 0.559000 9.999 0.559259 99.99 0.559259 0.055 0.559000   0.632 0.000   0.885 0.000 99.99 0.559259   6.581 0.000   2.723 0.000   3.858 0.559 0.014 0.559  0.679 0.559000
337.208333 338.208333 99.999 0.999000 9999.99 0.999 99.99 0.999000 9.999 0.999000 99.99 0.999000 9.999 0.999000 999.999 0.999 999.999 0.999 99.99 0.999000 999.999 0.999 999.999 0.999 999.999 0.999 9.999 0.999 99.999 0.999000
340.208333 341.208333  1.626 0.559000   20.50 0.559  3.50 0.559000 0.059 0.559000  0.85 0.559000 0.289 0.559000   2.819 0.000   3.947 0.000 99.99 0.559259  17.563 0.000   4.691 0.000  12.873 0.559 0.045 0.559  1.952 0.559000
343.208333 344.208333  0.216 0.000000    1.83 0.559  0.41 0.559000 9.999 0.559259  0.67 0.559000 0.040 0.000000   0.407 0.000   0.570 0.000 99.99 0.559259   4.240 0.000   2.272 0.000   1.968 0.559 0.007 0.559  0.336 0.000000
346.208333 347.208333  0.471 0.000000    5.74 0.559  1.33 0.559000 9.999 0.559259  0.50 0.559000 0.075 0.000000   0.742 0.000   1.039 0.000 99.99 0.559259   9.874 0.000   5.452 0.000   4.422 0.559 0.016 0.559  0.754 0.000000
349.208333 350.208333  1.121 0.000000   15.73 0.559  1.46 0.559000 0.052 0.559000  0.46 0.559000 0.304 0.000000   1.558 0.000   2.181 0.000 99.99 0.559259  11.791 0.000   4.389 0.000   7.402 0.559 0.036 0.559  1.114 0.000000
352.208333 353.208333  0.163 0.000000    4.64 0.559  0.14 0.559000 9.999 0.559259  0.53 0.559000 0.055 0.000000   0.303 0.000   0.424 0.000 99.99 0.559259  11.190 0.000   8.554 0.000   2.636 0.559 0.011 0.559  0.376 0.000000
355.208333 356.208333  0.295 0.559000    7.30 0.559  1.17 0.559000 0.021 0.559000  0.43 0.559000 0.074 0.559000   1.329 0.000   1.861 0.000 99.99 0.559259   8.789 0.000   4.691 0.000   4.098 0.559 0.031 0.559  0.404 0.559000
358.208333 359.208333  0.427 0.559000    2.43 0.000  0.63 0.000000 9.999 0.259000  0.14 0.000000 0.060 0.559000   0.509 0.000   0.713 0.000 99.99 0.259000   5.932 0.000   2.718 0.000   3.214 0.000 0.009 0.000  0.651 0.559000
361.208333 362.208333  1.089 0.559000   10.87 0.559  1.44 0.559000 0.035 0.559000  0.23 0.559000 0.199 0.559000   1.894 0.000   2.652 0.000 99.99 0.559259  11.659 0.000   3.496 0.000   8.163 0.559 0.029 0.559  1.182 0.559000
364.208333 365.208333  0.529 0.559000    7.22 0.559  0.92 0.559000 0.040 0.559000  0.38 0.559000 0.068 0.559000   1.508 0.000   2.112 0.000 99.99 0.559259  13.017 0.000   6.546 0.000   6.471 0.559 0.033 0.559  0.851 0.559000
