scripts/IMPROVE-2019_partial/data/US9034R.20140102060000.20191216000000.filterpack...52w.3d.US03L_filterpack_US9034.US03L_IMPROVE_Davis.lev2.nas
52 1001
MISSING INFORMATION
US03L, IMPROVE, , , , , , , 
MISSING INFORMATION
IMPROVE sel_HTAP
1 1
2014 01 01 2019 12 16
3.00
days from file reference point
5
1 1 1 1 1
999.99 999.999 9.999 999.999 9.999
end_time of measurement, days from the file reference point
pm10_mass, ug/m3, Matrix=pm10
numflag pm10_mass, no unit, Matrix=pm10
pm25_mass, ug/m3, Matrix=pm25
numflag pm25_mass, no unit, Matrix=pm25
0
33
Data definition:              EBAS_1.1
Set type code:                TU
Timezone:                     UTC
File name:                    US9034R.20140102060000.20191216000000.filterpack...52w.3d.US03L_filterpack_US9034.US03L_IMPROVE_Davis.lev2.nas
File creation:                20191218120735
Startdate:                    20140102060000
Revision date:                20191216000000
Version:                      2
Version description:          "Data extracted from http://views.cira.colostate.edu/fed/DataWizard 2019-12-16"
Statistics:                   arithmetic mean
Data level:                   2
Period code:                  52w
Resolution code:              3d
Sample duration:              1d
Orig. time res.:              3d
Station code:                 US9034R
Platform code:                US9034S
Station name:                 Upper Buffalo Wilderness
Station latitude:             35.8258
Station longitude:            -93.203
Station altitude:             722.0 m
Regime:                       IMG
Component:                    
Unit:                         ug/m3
Matrix:                       
Laboratory code:              US03L
Instrument type:              filterpack
Instrument name:              filterpack_US9034
Method ref:                   US03L_IMPROVE_Davis
Blank correction:             Blank corrected
Volume std. temperature:      ambient
Volume std. pressure:         ambient
starttime endtime PM10 flag_PM10 PM2.5 flag_PM2.5
  1.25   2.25   9.270 0.000   8.989 0.000
  4.25   5.25   4.333 0.000   3.688 0.000
  7.25   8.25   4.231 0.000   2.699 0.000
 10.25  11.25   2.860 0.000   2.078 0.000
 13.25  14.25   3.533 0.000   1.603 0.000
 16.25  17.25   8.822 0.000   2.159 0.000
 19.25  20.25  15.389 0.000   4.816 0.000
 22.25  23.25   5.520 0.000   2.421 0.000
 25.25  26.25   4.425 0.000   2.484 0.000
 28.25  29.25   7.852 0.000   4.088 0.000
 31.25  32.25   1.030 0.000   0.996 0.000
 34.25  35.25   6.262 0.000   4.968 0.000
 37.25  38.25   5.500 0.000   4.445 0.000
 40.25  41.25  10.074 0.000   8.988 0.000
 43.25  44.25  10.647 0.000   5.571 0.000
 46.25  47.25   4.104 0.000   2.331 0.000
 49.25  50.25   9.440 0.000   6.286 0.000
 52.25  53.25  12.990 0.000   6.466 0.000
 55.25  56.25   9.417 0.000   6.848 0.000
 58.25  59.25  11.066 0.000   7.594 0.000
 61.25  62.25   5.325 0.000   4.820 0.000
 64.25  65.25  11.238 0.000  10.567 0.000
 67.25  68.25  15.720 0.000  15.761 0.000
 70.25  71.25   4.252 0.000   2.600 0.000
 73.25  74.25  11.596 0.000   9.604 0.000
 76.25  77.25   6.437 0.000   5.412 0.000
 79.25  80.25  35.850 0.000  25.333 0.000
 82.25  83.25   6.654 0.000   5.327 0.000
 85.25  86.25   5.769 0.000   5.445 0.000
 88.25  89.25   7.890 0.000   6.122 0.000
 91.25  92.25   6.679 0.000   6.940 0.000
 94.25  95.25 999.999 0.999   3.206 0.659
 97.25  98.25 999.999 0.999   8.165 0.659
100.25 101.25  16.997 0.000 999.999 0.456
103.25 104.25   2.455 0.000   1.504 0.659
106.25 107.25   9.926 0.000 999.999 0.456
109.25 110.25  14.106 0.000  10.555 0.000
112.25 113.25  13.046 0.000   6.075 0.000
115.25 116.25  30.841 0.000   6.854 0.000
118.25 119.25   8.099 0.000   2.742 0.000
121.25 122.25  11.950 0.000   4.261 0.000
124.25 125.25  17.994 0.000   7.495 0.000
127.25 128.25  11.661 0.000   8.336 0.000
130.25 131.25   9.876 0.000   8.662 0.000
133.25 134.25   5.636 0.000   3.706 0.000
136.25 137.25   5.068 0.000   4.340 0.000
139.25 140.25  14.163 0.000   9.987 0.000
142.25 143.25  16.077 0.000   9.897 0.000
145.25 146.25  13.819 0.000   9.500 0.000
148.25 149.25   5.051 0.000   3.403 0.000
151.25 152.25   6.414 0.000   4.109 0.000
154.25 155.25  15.084 0.000   7.128 0.000
157.25 158.25  10.964 0.000   6.822 0.000
160.25 161.25   8.091 0.000   3.963 0.000
163.25 164.25   7.860 0.000   3.425 0.000
166.25 167.25  19.019 0.000  11.941 0.000
169.25 170.25  12.771 0.000   9.401 0.000
172.25 173.25  17.371 0.000  12.533 0.000
175.25 176.25   7.178 0.000   4.433 0.000
178.25 179.25   9.475 0.000   6.454 0.000
181.25 182.25  42.233 0.000  21.356 0.000
184.25 185.25   7.915 0.000   5.152 0.000
187.25 188.25  19.689 0.000  16.173 0.000
190.25 191.25   9.905 0.000   7.173 0.000
193.25 194.25  35.603 0.000  21.148 0.000
196.25 197.25   5.244 0.000   3.414 0.000
199.25 200.25   8.566 0.000   6.649 0.000
202.25 203.25  12.693 0.000  10.096 0.000
205.25 206.25  14.130 0.000  11.023 0.000
208.25 209.25   7.138 0.000   3.694 0.000
211.25 212.25   5.984 0.000   4.734 0.000
214.25 215.25  15.679 0.000  12.691 0.000
217.25 218.25  19.267 0.000  14.785 0.000
220.25 221.25   7.888 0.000   5.376 0.000
223.25 224.25  10.325 0.000   5.736 0.000
226.25 227.25  15.174 0.000   9.637 0.000
229.25 230.25  10.530 0.659   6.327 0.000
232.25 233.25  31.456 0.000  16.671 0.000
235.25 236.25  29.596 0.000  13.714 0.000
238.25 239.25  21.812 0.000  13.944 0.000
241.25 242.25   8.220 0.000   6.057 0.000
244.25 245.25   7.568 0.000   4.348 0.000
247.25 248.25  14.152 0.000   7.551 0.000
250.25 251.25  15.569 0.000   9.820 0.000
253.25 254.25   2.421 0.000   0.638 0.000
256.25 257.25   5.677 0.000   3.062 0.000
259.25 260.25  10.448 0.000 999.999 0.456
262.25 263.25  12.784 0.000   8.638 0.000
265.25 266.25   9.288 0.000   4.469 0.000
268.25 269.25  20.057 0.000  12.428 0.000
271.25 272.25   6.821 0.000   6.793 0.000
274.25 275.25   6.038 0.000   6.421 0.000
277.25 278.25   6.069 0.000   3.879 0.000
280.25 281.25   5.438 0.000   5.414 0.000
283.25 284.25   0.164 0.000   0.210 0.000
286.25 287.25   4.515 0.000   2.359 0.000
289.25 290.25   9.533 0.000   4.134 0.000
292.25 293.25   8.538 0.000   7.959 0.000
295.25 296.25   6.700 0.000   4.912 0.000
298.25 299.25  11.753 0.000  10.926 0.000
301.25 302.25   4.020 0.000   1.698 0.000
304.25 305.25   5.018 0.000   1.951 0.000
307.25 308.25   3.881 0.000   3.683 0.000
310.25 311.25   4.183 0.000   2.038 0.659
313.25 314.25   7.796 0.000   4.857 0.000
316.25 317.25   7.317 0.000   4.155 0.000
319.25 320.25  10.732 0.000   8.939 0.000
322.25 323.25   7.262 0.000   4.069 0.000
325.25 326.25   7.853 0.000   7.243 0.000
328.25 329.25   2.794 0.000   1.469 0.000
331.25 332.25   9.186 0.000   6.778 0.000
334.25 335.25   5.238 0.000   3.850 0.000
337.25 338.25   1.272 0.000   1.173 0.000
340.25 341.25   3.459 0.000   2.815 0.000
343.25 344.25 999.999 0.456   4.278 0.000
346.25 347.25 999.999 0.456   3.461 0.000
349.25 350.25 999.999 0.456   1.598 0.000
352.25 353.25   0.971 0.000   0.907 0.000
355.25 356.25   3.270 0.000   2.593 0.000
358.25 359.25 999.999 0.999 999.999 0.999
361.25 362.25 999.999 0.999 999.999 0.999
364.25 365.25   7.153 0.000   4.633 0.000
