scripts/IMPROVE-2019_partial/data/US9057R.20060102060000.20191216000000.filterpack..pm25.52w.1w.US03L_filterpack_US9057_2.US03L_IMPROVE_Davis.lev2.nas
55 1001
MISSING INFORMATION
US03L, IMPROVE, , , , , , , 
MISSING INFORMATION
IMPROVE sel_HTAP
1 1
2006 01 01 2019 12 16
3.00
days from file reference point
15
1 1 1 1 1 1 1 1 1 1 1 1 1 1 1
999.99 9999.99 9.999 99.99 9.999 9.999 9.999 9.99 9.999 999.99 9.999 999.999 9.999 9.999 9.999
end_time of measurement, days from the file reference point
iron, ng/m3, Revision date=20181210133000
numflag iron, no unit, Revision date=20181210133000
lead, ng/m3, Revision date=20181210133000
numflag lead, no unit, Revision date=20181210133000
magnesium, ug/m3, Revision date=20181210133000
numflag magnesium, no unit, Revision date=20181210133000
nickel, ng/m3, Revision date=20181210133000
numflag nickel, no unit, Revision date=20181210133000
phosphorus, ng/m3, Revision date=20181210133000
numflag phosphorus, no unit, Revision date=20181210133000
pm25_mass, ug/m3, Version=2, Version description=Data extracted from http://views.cira.colostate.edu/fed/DataWizard 2019-12-16, Sample duration=1d, Orig. time res.=3d, Blank correction=Blank corrected, Volume std. temperature=ambient, Volume std. pressure=ambient
numflag pm25_mass, no unit, Version=2, Version description=Data extracted from http://views.cira.colostate.edu/fed/DataWizard 2019-12-16, Sample duration=1d, Orig. time res.=3d, Blank correction=Blank corrected, Volume std. temperature=ambient, Volume std. pressure=ambient
potassium, ug/m3, Revision date=20181210133000
numflag potassium, no unit, Revision date=20181210133000
0
26
Data definition:              EBAS_1.1
Set type code:                TU
Timezone:                     UTC
File name:                    US9057R.20060102060000.20191216000000.filterpack..pm25.52w.1w.US03L_filterpack_US9057_2.US03L_IMPROVE_Davis.lev2.nas
File creation:                20191218120920
Startdate:                    20060102060000
Revision date:                20191216000000
Statistics:                   arithmetic mean
Data level:                   2
Period code:                  52w
Resolution code:              1w
Station code:                 US9057R
Platform code:                US9057S
Station name:                 Sac and Fox
Station latitude:             39.9791
Station longitude:            -95.5682
Station altitude:             293.0 m
Regime:                       IMG
Component:                    
Unit:                         ng/m3
Matrix:                       pm25
Laboratory code:              US03L
Instrument type:              filterpack
Instrument name:              filterpack_US9057_2
Method ref:                   US03L_IMPROVE_Davis
starttime endtime Fe flag_Fe Pb flag_Pb Mg++ flag_Mg++ Ni flag_Ni P flag_P PM2.5 flag_PM2.5 K+ flag_K+
  1.25   2.25   10.88 0.000  2.00 0.000 0.038 0.000 9.99 0.259 999.99 0.259  16.248 0.000 0.034 0.000
  4.25   5.25   17.37 0.000  2.20 0.000 0.024 0.000 9.99 0.259 999.99 0.259  11.949 0.000 0.015 0.000
  7.25   8.25   42.32 0.000  4.61 0.000 9.999 0.259 9.99 0.259 999.99 0.259  14.649 0.000 0.052 0.000
 10.25  11.25   40.69 0.000  1.04 0.000 0.013 0.000 9.99 0.259 999.99 0.259   7.305 0.000 0.028 0.000
 13.25  14.25 9999.99 0.456 99.99 0.456 9.999 0.456 9.99 0.456 999.99 0.456 999.999 0.456 9.999 0.456
 16.25  17.25   32.48 0.000  0.61 0.000 9.999 0.259 9.99 0.259 999.99 0.259   5.846 0.000 0.024 0.000
 19.25  20.25   21.38 0.000  1.99 0.000 9.999 0.259 0.13 0.000 999.99 0.259  15.116 0.000 0.020 0.000
 22.25  23.25   19.44 0.000  2.85 0.000 0.025 0.000 9.99 0.259 999.99 0.259  23.084 0.000 0.031 0.000
 25.25  26.25   46.82 0.000  1.67 0.000 9.999 0.259 0.13 0.000  23.09 0.000   3.331 0.000 0.035 0.000
 28.25  29.25   13.91 0.000  1.31 0.000 9.999 0.259 0.09 0.000 999.99 0.259   2.626 0.000 0.016 0.000
 31.25  32.25   21.30 0.000  0.47 0.000 9.999 0.259 9.99 0.259 999.99 0.259   1.526 0.000 0.016 0.000
 34.25  35.25   14.86 0.000  0.69 0.000 9.999 0.259 9.99 0.259 999.99 0.259   3.216 0.000 0.020 0.000
 37.25  38.25   16.66 0.000  1.07 0.000 9.999 0.259 9.99 0.259 999.99 0.259   6.679 0.000 0.030 0.000
 40.25  41.25   18.69 0.000 99.99 0.259 9.999 0.259 9.99 0.259 999.99 0.259   1.888 0.000 0.014 0.000
 43.25  44.25   59.23 0.000  0.82 0.000 9.999 0.259 9.99 0.259 999.99 0.259   3.826 0.000 0.042 0.000
 46.25  47.25   20.70 0.000  1.36 0.000 9.999 0.259 9.99 0.259 999.99 0.259   6.244 0.000 0.024 0.000
 49.25  50.25   37.21 0.000  1.91 0.000 9.999 0.259 9.99 0.259 999.99 0.259   5.761 0.000 0.036 0.000
 52.25  53.25   54.96 0.000  0.62 0.000 9.999 0.259 9.99 0.259 999.99 0.259   4.251 0.000 0.037 0.000
 55.25  56.25   27.16 0.000  1.52 0.000 9.999 0.259 9.99 0.259 999.99 0.259   6.394 0.000 0.026 0.000
 58.25  59.25  129.02 0.000  2.86 0.000 9.999 0.259 9.99 0.259 999.99 0.259  11.069 0.000 0.097 0.000
 61.25  62.25   80.11 0.000  2.29 0.000 9.999 0.259 0.09 0.000 999.99 0.259  10.427 0.000 0.051 0.000
 64.25  65.25   30.30 0.000  8.59 0.000 0.009 0.000 9.99 0.259 999.99 0.259   8.972 0.000 0.062 0.000
 67.25  68.25   20.25 0.000  1.67 0.000 9.999 0.259 9.99 0.259 999.99 0.259   6.033 0.000 0.012 0.000
 70.25  71.25   22.86 0.000  3.18 0.000 0.010 0.000 0.10 0.000 999.99 0.259   9.371 0.000 0.028 0.000
 73.25  74.25   42.43 0.000  2.06 0.000 9.999 0.259 0.10 0.000 999.99 0.259   6.923 0.000 0.049 0.000
 76.25  77.25   24.04 0.000  2.27 0.000 9.999 0.259 0.10 0.000 999.99 0.259   8.503 0.000 0.042 0.000
 79.25  80.25   14.26 0.000  1.33 0.000 9.999 0.259 9.99 0.259 999.99 0.259   6.351 0.000 0.019 0.000
 82.25  83.25   16.50 0.000  1.50 0.000 9.999 0.259 0.15 0.000 999.99 0.259   6.256 0.000 0.022 0.000
 85.25  86.25   17.40 0.000  2.47 0.000 9.999 0.259 0.12 0.000 999.99 0.259  12.633 0.000 0.052 0.000
 88.25  89.25   43.54 0.000  1.36 0.000 9.999 0.259 0.22 0.000 999.99 0.259   9.322 0.000 0.060 0.000
 91.25  92.25   35.99 0.000  1.35 0.000 0.011 0.000 9.99 0.259 999.99 0.259   4.555 0.000 0.044 0.000
 94.25  95.25 9999.99 0.999 99.99 0.999 9.999 0.999 9.99 0.999 999.99 0.999 999.999 0.999 9.999 0.999
 97.25  98.25   44.32 0.000  3.39 0.000 0.014 0.000 0.15 0.000 999.99 0.259   4.257 0.000 0.048 0.000
100.25 101.25   94.56 0.000  2.12 0.000 9.999 0.259 0.20 0.000 999.99 0.259  10.953 0.000 0.101 0.000
103.25 104.25  120.95 0.000  1.33 0.000 0.062 0.000 0.30 0.000  87.05 0.000  12.616 0.000 0.170 0.000
106.25 107.25   23.95 0.000  2.23 0.000 9.999 0.259 9.99 0.259 999.99 0.259   7.520 0.000 0.023 0.000
109.25 110.25   64.59 0.000 99.99 0.259 0.021 0.000 9.99 0.259 999.99 0.259   4.220 0.000 0.055 0.000
112.25 113.25   64.47 0.000  4.40 0.000 0.028 0.000 9.99 0.259 999.99 0.259   7.229 0.000 0.080 0.000
115.25 116.25   55.76 0.000  1.52 0.000 0.020 0.000 9.99 0.259 999.99 0.259   4.830 0.000 0.040 0.000
118.25 119.25   19.75 0.000  1.62 0.000 0.010 0.000 0.06 0.000 999.99 0.259   6.439 0.000 0.031 0.000
121.25 122.25   44.67 0.000  1.58 0.000 9.999 0.259 9.99 0.259 999.99 0.259   5.017 0.000 0.031 0.000
124.25 125.25   25.41 0.000  1.37 0.000 9.999 0.259 9.99 0.259 999.99 0.259   3.672 0.000 0.015 0.000
127.25 128.25   30.47 0.000  2.84 0.000 9.999 0.259 9.99 0.259 999.99 0.259   8.698 0.000 0.033 0.000
130.25 131.25   35.19 0.000  1.12 0.000 9.999 0.259 9.99 0.259 999.99 0.259   2.617 0.000 0.025 0.000
133.25 134.25   15.50 0.000  1.01 0.000 9.999 0.259 9.99 0.259 999.99 0.259   4.190 0.000 0.009 0.000
136.25 137.25 9999.99 0.999 99.99 0.999 9.999 0.999 9.99 0.999 999.99 0.999 999.999 0.999 9.999 0.999
139.25 140.25 9999.99 0.999 99.99 0.999 9.999 0.999 9.99 0.999 999.99 0.999 999.999 0.999 9.999 0.999
142.25 143.25 9999.99 0.999 99.99 0.999 9.999 0.999 9.99 0.999 999.99 0.999 999.999 0.999 9.999 0.999
145.25 146.25  115.77 0.000  5.61 0.000 9.999 0.259 9.99 0.259 999.99 0.259   8.070 0.000 0.053 0.000
148.25 149.25   91.61 0.000  1.11 0.000 9.999 0.259 0.26 0.000 999.99 0.259   9.537 0.000 0.073 0.000
151.25 152.25   47.65 0.000  1.66 0.000 9.999 0.259 9.99 0.259 999.99 0.259   5.271 0.000 0.028 0.000
154.25 155.25   47.17 0.000  1.46 0.000 9.999 0.259 9.99 0.259 999.99 0.259   7.784 0.000 0.037 0.000
157.25 158.25   71.54 0.000  1.26 0.000 0.016 0.000 9.99 0.259 999.99 0.259   5.045 0.000 0.034 0.000
160.25 161.25   83.32 0.000  3.56 0.000 0.027 0.000 9.99 0.259 999.99 0.259  12.357 0.000 0.075 0.000
163.25 164.25   89.06 0.000  2.03 0.000 0.016 0.000 0.10 0.000 999.99 0.259   6.296 0.000 0.026 0.000
166.25 167.25   83.62 0.000  1.83 0.000 0.066 0.000 0.26 0.000 999.99 0.259  21.646 0.000 0.092 0.000
169.25 170.25   51.42 0.000  1.43 0.000 9.999 0.259 9.99 0.259 999.99 0.259   7.151 0.000 0.035 0.000
172.25 173.25   37.70 0.000  0.84 0.000 0.008 0.000 9.99 0.259 999.99 0.259   3.933 0.000 0.031 0.000
175.25 176.25   28.05 0.000  1.62 0.000 0.009 0.000 9.99 0.259 999.99 0.259   6.667 0.000 0.044 0.000
178.25 179.25   57.90 0.000  1.60 0.000 0.018 0.000 9.99 0.259 999.99 0.259  12.152 0.000 0.110 0.000
181.25 182.25   58.48 0.000  2.29 0.000 0.016 0.000 9.99 0.259 999.99 0.259  13.471 0.000 0.089 0.000
184.25 185.25   30.46 0.000  1.30 0.000 9.999 0.259 0.07 0.000 999.99 0.259   8.741 0.000 0.120 0.000
187.25 188.25 9999.99 0.456 99.99 0.456 9.999 0.456 9.99 0.456 999.99 0.456 999.999 0.456 9.999 0.456
190.25 191.25 9999.99 0.456 99.99 0.456 9.999 0.456 9.99 0.456 999.99 0.456 999.999 0.456 9.999 0.456
193.25 194.25 9999.99 0.456 99.99 0.456 9.999 0.456 9.99 0.456 999.99 0.456 999.999 0.456 9.999 0.456
196.25 197.25 9999.99 0.456 99.99 0.456 9.999 0.456 9.99 0.456 999.99 0.456 999.999 0.456 9.999 0.456
199.25 200.25   82.72 0.000  2.80 0.000 9.999 0.259 0.55 0.000 999.99 0.259  12.941 0.000 0.056 0.000
202.25 203.25   31.83 0.000  1.59 0.000 0.012 0.000 9.99 0.259 999.99 0.259   4.674 0.000 0.031 0.000
205.25 206.25   62.17 0.000  2.42 0.000 9.999 0.259 0.18 0.000 999.99 0.259  13.855 0.000 0.049 0.000
208.25 209.25  168.21 0.000  1.28 0.000 0.025 0.000 0.39 0.000 999.99 0.259  10.200 0.000 0.071 0.000
211.25 212.25   62.48 0.000  0.93 0.000 9.999 0.259 0.25 0.000 999.99 0.259   6.852 0.000 0.040 0.000
214.25 215.25   43.12 0.000  1.64 0.000 9.999 0.259 9.99 0.259 999.99 0.259   4.955 0.000 0.030 0.000
217.25 218.25  225.96 0.000  1.20 0.000 0.052 0.000 0.16 0.000 999.99 0.259  10.753 0.000 0.099 0.000
220.25 221.25  150.83 0.000  1.09 0.000 0.032 0.000 0.19 0.000 999.99 0.259  12.005 0.000 0.074 0.000
223.25 224.25   54.05 0.000  3.13 0.000 0.090 0.000 9.99 0.259 999.99 0.259  22.099 0.000 0.041 0.000
226.25 227.25   43.40 0.000  4.18 0.000 9.999 0.259 9.99 0.259 999.99 0.259   3.496 0.000 0.025 0.000
229.25 230.25   58.25 0.000  2.25 0.000 9.999 0.259 0.23 0.000 999.99 0.259  10.240 0.000 0.055 0.000
232.25 233.25   43.77 0.000  2.57 0.000 9.999 0.259 0.11 0.000 999.99 0.259   8.520 0.000 0.055 0.000
235.25 236.25   62.17 0.000  1.07 0.000 0.015 0.000 0.13 0.000 999.99 0.259  12.710 0.000 0.041 0.000
238.25 239.25   17.42 0.000  2.55 0.000 9.999 0.259 9.99 0.259 999.99 0.259   7.170 0.000 0.042 0.000
241.25 242.25   38.33 0.000  2.57 0.000 9.999 0.259 9.99 0.259 999.99 0.259   6.300 0.000 0.041 0.000
244.25 245.25   30.17 0.000  1.70 0.000 9.999 0.259 9.99 0.259 999.99 0.259   6.672 0.000 0.031 0.000
247.25 248.25   45.25 0.000  2.21 0.000 9.999 0.259 9.99 0.259 999.99 0.259   6.454 0.000 0.032 0.000
250.25 251.25   64.20 0.000  2.08 0.000 0.012 0.000 9.99 0.259 999.99 0.259   8.945 0.000 0.045 0.000
253.25 254.25   24.34 0.000  1.46 0.000 9.999 0.259 0.11 0.000 999.99 0.259   7.858 0.000 0.038 0.000
256.25 257.25   65.09 0.000  1.74 0.000 0.007 0.000 0.09 0.000 999.99 0.259   8.241 0.000 0.046 0.000
259.25 260.25   14.87 0.000  0.14 0.000 0.006 0.000 9.99 0.259 999.99 0.259   2.012 0.000 0.017 0.000
262.25 263.25   49.74 0.000  1.42 0.000 9.999 0.259 0.10 0.000  48.29 0.000   5.040 0.000 0.033 0.000
265.25 266.25    9.15 0.000  0.32 0.000 9.999 0.259 9.99 0.259 999.99 0.259   1.151 0.000 0.006 0.000
268.25 269.25   61.62 0.000  0.70 0.000 9.999 0.259 9.99 0.259 999.99 0.259   4.127 0.000 0.026 0.000
271.25 272.25   65.90 0.000  0.67 0.000 0.015 0.000 9.99 0.259 999.99 0.259   4.006 0.000 0.032 0.000
274.25 275.25   48.79 0.000  1.03 0.000 9.999 0.259 0.27 0.000 999.99 0.259   7.954 0.000 0.041 0.000
277.25 278.25   45.61 0.000  1.54 0.000 9.999 0.259 0.08 0.000 999.99 0.259   4.766 0.000 0.031 0.000
280.25 281.25  101.33 0.000  1.78 0.000 0.021 0.000 0.10 0.000 999.99 0.259  11.421 0.000 0.084 0.000
283.25 284.25    7.18 0.000  0.47 0.000 9.999 0.259 9.99 0.259 999.99 0.259   1.504 0.000 0.009 0.000
286.25 287.25   41.16 0.000  0.36 0.000 9.999 0.259 9.99 0.259 999.99 0.259   3.113 0.000 0.041 0.000
289.25 290.25   22.25 0.000  1.95 0.000 9.999 0.259 9.99 0.259 999.99 0.259   7.614 0.000 0.034 0.000
292.25 293.25   25.33 0.000  1.93 0.000 9.999 0.259 0.15 0.000 999.99 0.259   5.100 0.000 0.032 0.000
295.25 296.25   26.85 0.000  1.24 0.000 9.999 0.259 9.99 0.259 999.99 0.259   6.902 0.000 0.031 0.000
298.25 299.25    6.25 0.000  0.70 0.000 9.999 0.259 9.99 0.259 999.99 0.259   2.608 0.000 0.011 0.000
301.25 302.25   64.55 0.000  2.16 0.000 9.999 0.259 0.20 0.000 999.99 0.259   4.232 0.000 0.036 0.000
304.25 305.25   83.31 0.000  1.24 0.000 0.029 0.000 0.09 0.000 999.99 0.259   5.742 0.000 0.072 0.000
307.25 308.25   64.19 0.000  2.19 0.000 9.999 0.259 9.99 0.259 999.99 0.259   6.747 0.000 0.059 0.000
310.25 311.25   64.07 0.000  2.13 0.000 9.999 0.259 9.99 0.259 999.99 0.259   4.830 0.000 0.035 0.000
313.25 314.25   29.46 0.000  1.60 0.000 9.999 0.259 9.99 0.259 999.99 0.259   5.349 0.000 0.029 0.000
316.25 317.25   26.52 0.000  1.38 0.000 9.999 0.259 9.99 0.259 999.99 0.259   3.357 0.000 0.040 0.000
319.25 320.25   26.35 0.000  3.99 0.000 9.999 0.259 9.99 0.259 999.99 0.259  16.119 0.000 0.062 0.000
322.25 323.25   78.14 0.000  3.40 0.000 9.999 0.259 9.99 0.259 999.99 0.259  13.672 0.000 0.088 0.000
325.25 326.25 9999.99 0.456 99.99 0.456 9.999 0.456 9.99 0.456 999.99 0.456 999.999 0.456 9.999 0.456
328.25 329.25 9999.99 0.456 99.99 0.456 9.999 0.456 9.99 0.456 999.99 0.456 999.999 0.456 9.999 0.456
331.25 332.25   19.01 0.000  1.65 0.000 9.999 0.259 9.99 0.259 999.99 0.259   7.213 0.000 0.037 0.000
334.25 335.25   48.20 0.000  7.26 0.000 9.999 0.259 9.99 0.259 999.99 0.259   7.157 0.000 0.054 0.000
337.25 338.25   51.81 0.000  1.01 0.000 9.999 0.259 0.17 0.000 999.99 0.259   6.082 0.000 0.044 0.000
340.25 341.25   44.28 0.000  2.50 0.000 9.999 0.259 9.99 0.259 999.99 0.259   3.889 0.000 0.037 0.000
343.25 344.25   36.31 0.000  1.77 0.000 9.999 0.259 0.15 0.000 999.99 0.259   8.065 0.000 0.091 0.000
346.25 347.25   44.67 0.000  0.94 0.000 9.999 0.259 9.99 0.259 999.99 0.259   3.018 0.000 0.034 0.000
349.25 350.25   56.90 0.000  2.98 0.000 9.999 0.259 0.45 0.000 999.99 0.259  14.109 0.000 0.060 0.000
352.25 353.25   79.49 0.000  3.69 0.000 9.999 0.259 9.99 0.259 999.99 0.259   5.761 0.000 0.057 0.000
355.25 356.25   16.62 0.000  1.27 0.000 9.999 0.259 9.99 0.259 999.99 0.259   8.446 0.000 0.018 0.000
358.25 359.25   14.92 0.000  0.41 0.000 9.999 0.259 9.99 0.259 999.99 0.259   2.996 0.000 0.022 0.000
361.25 362.25   33.12 0.000  1.32 0.000 9.999 0.259 0.31 0.000 999.99 0.259   6.785 0.000 0.053 0.000
364.25 365.25    6.59 0.000  1.19 0.000 9.999 0.259 9.99 0.259 999.99 0.259   3.781 0.000 0.012 0.000
