scripts/IMPROVE-2019_partial/data/US9063R.20050101070000.20191216000000.filterpack..pm25.52w.1w.US03L_filterpack_US9063.US03L_IMPROVE_Davis.lev2.nas
64 1001
MISSING INFORMATION
US03L, IMPROVE, , , , , , , 
MISSING INFORMATION
IMPROVE sel_HTAP
1 1
2005 01 01 2019 12 16
3.000000
days from file reference point
25
1 1 1 1 1 1 1 1 1 1 1 1 1 1 1 1 1 1 1 1 1 1 1 1 1
999.999999 9999.99 9.999 99.99 9.999 9.999 9.999 99.99 9.999 9.999 9.999 99.999 9.999 999.999 9.999 999.999 9.999 999.999 9.999 999.999 9.999 9.999 9.999 9.999 9.999
end_time of measurement, days from the file reference point
iron, ng/m3, Revision date=20181210133000
numflag iron, no unit, Revision date=20181210133000
lead, ng/m3, Revision date=20181210133000
numflag lead, no unit, Revision date=20181210133000
magnesium, ug/m3, Revision date=20181210133000
numflag magnesium, no unit, Revision date=20181210133000
nickel, ng/m3, Revision date=20181210133000
numflag nickel, no unit, Revision date=20181210133000
nitrate, ug N/m3, Revision date=20181210133000
numflag nitrate, no unit, Revision date=20181210133000
organic_carbon, ug C/m3, Revision date=20181210133000
numflag organic_carbon, no unit, Revision date=20181210133000
organic_mass, ug/m3, Revision date=20181210133000
numflag organic_mass, no unit, Revision date=20181210133000
pm10_mass, ug/m3, Version=2, Version description=Data extracted from http://views.cira.colostate.edu/fed/DataWizard 2019-12-16, Sample duration=1d, Orig. time res.=3d, Matrix=pm10, Blank correction=Blank corrected, Volume std. temperature=ambient, Volume std. pressure=ambient
numflag pm10_mass, no unit, Version=2, Version description=Data extracted from http://views.cira.colostate.edu/fed/DataWizard 2019-12-16, Sample duration=1d, Orig. time res.=3d, Matrix=pm10, Blank correction=Blank corrected, Volume std. temperature=ambient, Volume std. pressure=ambient
pm10_pm25_mass, ug/m3, Revision date=20181210133000, Matrix=pm10_pm25
numflag pm10_pm25_mass, no unit, Revision date=20181210133000, Matrix=pm10_pm25
pm25_mass, ug/m3, Version=2, Version description=Data extracted from http://views.cira.colostate.edu/fed/DataWizard 2019-12-16, Sample duration=1d, Orig. time res.=3d, Blank correction=Blank corrected, Volume std. temperature=ambient, Volume std. pressure=ambient
numflag pm25_mass, no unit, Version=2, Version description=Data extracted from http://views.cira.colostate.edu/fed/DataWizard 2019-12-16, Sample duration=1d, Orig. time res.=3d, Blank correction=Blank corrected, Volume std. temperature=ambient, Volume std. pressure=ambient
potassium, ug/m3, Revision date=20181210133000
numflag potassium, no unit, Revision date=20181210133000
sulphate_total, ug S/m3, Revision date=20181210133000
numflag sulphate_total, no unit, Revision date=20181210133000
0
25
Data definition:              EBAS_1.1
Set type code:                TU
Timezone:                     UTC
File name:                    US9063R.20050101070000.20191216000000.filterpack..pm25.52w.1w.US03L_filterpack_US9063.US03L_IMPROVE_Davis.lev2.nas
File creation:                20191218120944
Startdate:                    20050101070000
Revision date:                20191216000000
Statistics:                   arithmetic mean
Data level:                   2
Period code:                  52w
Resolution code:              1w
Station code:                 US9063R
Platform code:                US9063S
Station name:                 UL Bend
Station latitude:             47.5823
Station longitude:            -108.7196
Station altitude:             891.0 m
Regime:                       IMG
Component:                    
Matrix:                       pm25
Laboratory code:              US03L
Instrument type:              filterpack
Instrument name:              filterpack_US9063
Method ref:                   US03L_IMPROVE_Davis
starttime endtime Fe flag_Fe Pb flag_Pb Mg++ flag_Mg++ Ni flag_Ni NO3- flag_NO3- OC flag_OC OM flag_OM PM10 flag_PM10 PM10-PM2.5 flag_PM10-PM2.5 PM2.5 flag_PM2.5 K+ flag_K+ SO4-- flag_SO4--
  0.291667   1.291667   10.46 0.000  0.99 0.000 0.013 0.000 99.99 0.259 0.202 0.000  0.318 0.000   0.572 0.000   4.743 0.000   1.272 0.000   3.471 0.000 0.025 0.000 0.338 0.000
  3.291667   4.291667    8.88 0.000  1.13 0.000 9.999 0.259 99.99 0.259 0.452 0.000  0.774 0.559   1.393 0.559   7.597 0.000   1.233 0.000   6.377 0.000 0.032 0.000 0.484 0.000
  6.291667   7.291667   12.44 0.000  0.37 0.000 9.999 0.259 99.99 0.259 0.063 0.000  0.538 0.000   0.968 0.000   6.196 0.000   3.143 0.000   3.053 0.000 0.022 0.000 0.292 0.000
  9.291667  10.291667    3.07 0.000  0.71 0.000 9.999 0.259  0.15 0.000 0.178 0.000  0.448 0.000   0.806 0.000   4.233 0.000   1.067 0.000   3.166 0.000 0.010 0.000 0.338 0.000
 12.291667  13.291667   19.40 0.000  0.51 0.000 9.999 0.259 99.99 0.259 0.118 0.000  0.572 0.559   1.029 0.559   3.998 0.000   1.383 0.000   2.616 0.000 0.029 0.000 0.223 0.000
 15.291667  16.291667    8.06 0.000  0.57 0.000 0.012 0.000 99.99 0.259 0.119 0.000  0.800 0.559   1.441 0.559   3.351 0.000   0.661 0.000   2.689 0.000 0.019 0.000 0.199 0.000
 18.291667  19.291667    6.12 0.000  0.30 0.000 0.009 0.000  0.23 0.000 0.005 0.000  0.155 0.000   0.279 0.000   1.644 0.000   1.137 0.000   0.507 0.000 0.009 0.000 0.061 0.000
 21.291667  22.291667    8.09 0.000  0.71 0.000 0.006 0.000  0.12 0.000 0.037 0.000  1.126 0.559   2.027 0.559   4.197 0.000   0.884 0.000   3.313 0.000 0.029 0.000 0.517 0.000
 24.291667  25.291667    5.75 0.000  0.22 0.000 9.999 0.259 99.99 0.259 0.006 0.000  0.348 0.000   0.626 0.000   1.493 0.000   0.655 0.000   0.837 0.000 0.009 0.000 0.041 0.000
 27.291667  28.291667    5.49 0.000  0.39 0.000 9.999 0.259  0.18 0.000 0.174 0.000  0.417 0.000   0.751 0.000   3.148 0.000   1.046 0.000   2.102 0.000 0.008 0.000 0.175 0.000
 30.291667  31.291667    9.16 0.000  0.40 0.000 9.999 0.259 99.99 0.259 0.015 0.000  0.291 0.000   0.523 0.000   2.390 0.000   1.522 0.000   0.868 0.000 0.009 0.000 0.070 0.000
 33.291667  34.291667   15.65 0.000  0.45 0.000 9.999 0.259  0.24 0.000 0.003 0.000  0.058 0.000   0.105 0.000   3.209 0.000   2.343 0.000   0.865 0.000 0.014 0.000 0.063 0.000
 36.291667  37.291667    6.01 0.000  0.68 0.000 9.999 0.259  0.23 0.000 0.114 0.000  0.219 0.559   0.395 0.559   3.237 0.000   1.187 0.000   2.050 0.000 0.016 0.000 0.230 0.000
 39.291667  40.291667   27.16 0.000  0.47 0.000 9.999 0.259 99.99 0.259 0.013 0.000  0.159 0.000   0.285 0.000   3.222 0.000   1.791 0.000   1.431 0.000 0.015 0.000 0.092 0.000
 42.291667  43.291667   45.73 0.000  0.48 0.000 9.999 0.259  0.08 0.000 0.010 0.000  0.081 0.000   0.146 0.000   3.983 0.000   2.309 0.000   1.673 0.000 0.026 0.000 0.092 0.000
 45.291667  46.291667   11.01 0.000  0.47 0.000 9.999 0.259 99.99 0.259 0.156 0.000  0.179 0.000   0.323 0.000   3.162 0.000   1.099 0.000   2.075 0.000 0.012 0.000 0.216 0.000
 48.291667  49.291667   23.00 0.000  0.48 0.000 9.999 0.259 99.99 0.259 0.087 0.000  0.335 0.000   0.603 0.000   6.684 0.000   4.576 0.000   2.107 0.000 0.025 0.000 0.196 0.000
 51.291667  52.291667   14.41 0.000  0.37 0.000 9.999 0.259 99.99 0.259 0.419 0.000  0.376 0.000   0.676 0.000   6.170 0.000   1.292 0.000   4.878 0.000 0.017 0.000 0.441 0.000
 54.291667  55.291667   29.00 0.000  0.63 0.000 9.999 0.259  0.18 0.000 0.009 0.000  0.233 0.000   0.419 0.000   3.417 0.000   2.138 0.000   1.279 0.000 0.017 0.000 0.067 0.000
 57.291667  58.291667   14.27 0.000  0.51 0.000 9.999 0.259 99.99 0.259 0.076 0.000  0.470 0.000   0.847 0.000   3.362 0.000   1.292 0.000   2.070 0.000 0.020 0.000 0.132 0.000
 60.291667  61.291667   20.90 0.000  0.95 0.000 9.999 0.259 99.99 0.259 0.007 0.000  0.443 0.000   0.798 0.000   3.466 0.000   2.354 0.000   1.112 0.000 0.014 0.000 0.080 0.000
 63.291667  64.291667   28.84 0.000  1.24 0.000 9.999 0.259 99.99 0.259 0.013 0.000  0.524 0.000   0.943 0.000   5.391 0.000   3.411 0.000   1.980 0.000 0.026 0.000 0.117 0.000
 66.291667  67.291667    6.73 0.000 99.99 0.259 9.999 0.259 99.99 0.259 0.011 0.000  0.134 0.000   0.242 0.000   1.695 0.000   1.069 0.000   0.626 0.000 0.007 0.000 0.070 0.000
 69.291667  70.291667   64.06 0.000  0.58 0.000 0.020 0.000 99.99 0.259 0.011 0.000  0.341 0.000   0.615 0.000   6.107 0.000   4.276 0.000   1.830 0.000 0.029 0.000 0.044 0.000
 72.291667  73.291667    7.37 0.000  0.70 0.000 9.999 0.259 99.99 0.259 0.038 0.000  0.192 0.000   0.345 0.000   1.986 0.000   0.723 0.000   1.263 0.000 0.008 0.000 0.217 0.000
 75.291667  76.291667   30.60 0.000  1.44 0.000 9.999 0.259 99.99 0.259 0.298 0.000  0.438 0.000   0.788 0.000   7.909 0.000   2.652 0.000   5.256 0.000 0.033 0.000 0.631 0.000
 78.291667  79.291667   17.44 0.000  1.28 0.000 9.999 0.259  0.24 0.000 0.369 0.000  0.533 0.000   0.959 0.000   6.120 0.000   1.173 0.000   4.946 0.000 0.024 0.000 0.597 0.000
 81.291667  82.291667    9.66 0.000  1.18 0.000 9.999 0.259  0.40 0.000 0.050 0.000  0.341 0.000   0.614 0.000   4.219 0.000   0.716 0.000   3.502 0.000 0.014 0.000 0.566 0.000
 84.291667  85.291667    4.44 0.000  1.25 0.000 9.999 0.259 99.99 0.259 0.018 0.000  0.299 0.000   0.538 0.000   2.136 0.000   0.542 0.000   1.593 0.000 0.009 0.000 0.196 0.000
 87.291667  88.291667    4.05 0.000  0.55 0.000 0.009 0.000 99.99 0.259 0.012 0.000  0.156 0.000   0.280 0.000   1.485 0.000   0.923 0.000   0.575 0.000 0.004 0.000 0.062 0.000
 90.291667  91.291667   15.75 0.000  1.03 0.000 9.999 0.259 99.99 0.259 0.014 0.000  0.373 0.000   0.671 0.000   4.629 0.000   2.590 0.000   2.038 0.000 0.020 0.000 0.195 0.000
 93.291667  94.291667   17.95 0.000  1.14 0.000 9.999 0.259 99.99 0.259 0.015 0.000  0.488 0.000   0.879 0.000   3.005 0.000   1.157 0.000   1.848 0.000 0.021 0.000 0.185 0.000
 96.291667  97.291667   58.39 0.000  1.26 0.000 9.999 0.259  0.12 0.000 0.015 0.000  0.557 0.000   1.002 0.000   9.865 0.000   7.122 0.000   2.742 0.000 0.044 0.000 0.207 0.000
 99.291667 100.291667   16.33 0.000  0.73 0.000 9.999 0.259 99.99 0.259 0.019 0.000  0.296 0.000   0.533 0.000   3.144 0.000   1.762 0.000   1.382 0.000 0.013 0.000 0.137 0.000
102.291667 103.291667   97.63 0.000  1.58 0.000 0.029 0.000 99.99 0.259 0.030 0.000  0.488 0.000   0.879 0.000  12.759 0.000   8.468 0.000   4.290 0.000 0.066 0.000 0.363 0.000
105.291667 106.291667   90.79 0.000  1.50 0.000 9.999 0.259 99.99 0.259 0.018 0.000  0.247 0.000   0.445 0.000  13.857 0.000  10.769 0.000   3.088 0.000 0.059 0.000 0.213 0.000
108.291667 109.291667   19.50 0.000  0.60 0.000 9.999 0.259 99.99 0.259 0.018 0.000  0.509 0.000   0.917 0.000   3.946 0.000   2.241 0.000   1.705 0.000 0.038 0.000 0.156 0.000
111.291667 112.291667   33.85 0.000  0.75 0.000 9.999 0.259 99.99 0.259 0.022 0.000  0.690 0.000   1.243 0.000   7.913 0.000   5.146 0.000   2.766 0.000 0.051 0.000 0.189 0.000
114.291667 115.291667   55.37 0.000  0.89 0.000 9.999 0.259  0.09 0.000 0.015 0.000  0.577 0.000   1.038 0.000   8.229 0.000   5.100 0.000   3.129 0.000 0.046 0.000 0.210 0.000
117.291667 118.291667   27.55 0.000  0.82 0.000 9.999 0.259 99.99 0.259 0.036 0.000  0.117 0.000   0.210 0.000   6.122 0.000   2.755 0.000   3.367 0.000 0.019 0.000 0.567 0.000
120.291667 121.291667    4.83 0.000  0.33 0.000 9.999 0.259 99.99 0.259 0.018 0.000  0.075 0.559   0.136 0.559   1.701 0.000   0.663 0.000   1.038 0.000 0.004 0.000 0.199 0.000
123.291667 124.291667   43.24 0.000  0.67 0.000 9.999 0.259 99.99 0.259 0.018 0.000  0.702 0.000   1.264 0.000   7.985 0.000   4.279 0.000   3.705 0.000 0.029 0.000 0.337 0.000
126.291667 127.291667   77.83 0.000  0.75 0.000 9.999 0.259 99.99 0.259 0.043 0.000  1.008 0.000   1.815 0.000  12.326 0.000   6.754 0.000   5.572 0.000 0.085 0.000 0.456 0.000
129.291667 130.291667   42.15 0.000  0.37 0.000 0.013 0.000 99.99 0.259 0.042 0.000  0.802 0.000   1.445 0.000  11.720 0.000   6.958 0.000   4.762 0.000 0.071 0.000 0.470 0.000
132.291667 133.291667   40.66 0.000  1.08 0.000 9.999 0.259 99.99 0.259 0.016 0.000  0.455 0.000   0.820 0.000   8.198 0.000   5.411 0.000   2.787 0.000 0.028 0.000 0.253 0.000
135.291667 136.291667   64.64 0.000  0.89 0.000 9.999 0.259 99.99 0.259 0.017 0.000  0.388 0.000   0.699 0.000  10.524 0.000   7.226 0.000   3.302 0.000 0.040 0.000 0.295 0.000
138.291667 139.291667   24.27 0.000  0.95 0.000 9.999 0.259  0.12 0.000 0.006 0.000  0.328 0.000   0.590 0.000   2.680 0.000   1.386 0.000   1.293 0.000 0.015 0.000 0.089 0.000
141.291667 142.291667   25.27 0.000  0.50 0.000 9.999 0.259 99.99 0.259 0.010 0.000  0.362 0.000   0.652 0.000   5.474 0.000   3.760 0.000   1.714 0.000 0.018 0.000 0.129 0.000
144.291667 145.291667   13.90 0.000  0.37 0.000 9.999 0.259 99.99 0.259 0.006 0.000  0.373 0.000   0.671 0.000   3.494 0.000   1.385 0.000   2.109 0.000 0.008 0.000 0.222 0.000
147.291667 148.291667   29.37 0.000  0.63 0.000 0.010 0.000 99.99 0.259 0.010 0.000  0.502 0.000   0.903 0.000   5.985 0.000   4.033 0.000   1.952 0.000 0.015 0.000 0.145 0.000
150.291667 151.291667    7.08 0.000  0.33 0.000 9.999 0.259  0.12 0.000 0.007 0.000  0.411 0.000   0.740 0.000   1.885 0.000   1.048 0.000   0.840 0.000 0.006 0.000 0.067 0.000
153.291667 154.291667    5.04 0.000 99.99 0.259 9.999 0.259 99.99 0.259 0.003 0.000  0.173 0.000   0.312 0.000   1.641 0.000   0.739 0.000   0.902 0.000 0.005 0.000 0.049 0.000
156.291667 157.291667   17.13 0.000  0.13 0.000 9.999 0.259 99.99 0.259 0.006 0.000  0.466 0.000   0.839 0.000   2.651 0.000   0.994 0.000   1.658 0.000 0.011 0.000 0.085 0.000
159.291667 160.291667    8.43 0.000 99.99 0.259 0.009 0.000 99.99 0.259 0.005 0.000  0.307 0.000   0.552 0.000   2.043 0.000   0.937 0.000   1.106 0.000 0.006 0.000 0.087 0.000
162.291667 163.291667    8.92 0.000 99.99 0.259 9.999 0.259 99.99 0.259 0.008 0.000  0.676 0.000   1.217 0.000   3.284 0.000   1.375 0.000   1.909 0.000 0.008 0.000 0.112 0.000
165.291667 166.291667   19.02 0.000  0.13 0.000 9.999 0.259 99.99 0.259 0.008 0.000  0.673 0.000   1.211 0.000   5.174 0.000   3.072 0.000   2.103 0.000 0.013 0.000 0.147 0.000
168.291667 169.291667   10.04 0.000  0.35 0.000 9.999 0.259 99.99 0.259 0.006 0.000  0.410 0.000   0.738 0.000   3.189 0.000   1.833 0.000   1.357 0.000 0.010 0.000 0.068 0.000
171.291667 172.291667   37.41 0.000  0.86 0.000 9.999 0.259 99.99 0.259 0.019 0.000  2.006 0.000   3.612 0.000  19.570 0.000  12.292 0.000   7.445 0.000 0.034 0.000 0.634 0.000
174.291667 175.291667   76.58 0.000  0.19 0.000 9.999 0.259  1.14 0.000 0.007 0.000  0.620 0.559   1.115 0.559  12.872 0.000   9.469 0.000   3.403 0.000 0.036 0.000 0.117 0.000
177.291667 178.291667   13.95 0.000 99.99 0.259 9.999 0.259 99.99 0.259 0.016 0.559  1.116 0.559   2.009 0.559   9.415 0.000   5.257 0.000   4.157 0.000 0.030 0.000 0.269 0.559
180.291667 181.291667    7.82 0.000 99.99 0.259 9.999 0.259 99.99 0.259 0.008 0.559  0.645 0.559   1.162 0.559   6.779 0.000   3.615 0.000   3.163 0.000 0.009 0.000 0.369 0.559
183.291667 184.291667    5.24 0.000  0.26 0.000 9.999 0.259 99.99 0.259 0.003 0.559  0.347 0.559   0.625 0.559   3.247 0.000   1.794 0.000   1.453 0.000 0.010 0.000 0.089 0.559
186.291667 187.291667   32.74 0.000  0.43 0.000 9.999 0.259 99.99 0.259 0.007 0.559  1.080 0.000   1.945 0.000   9.045 0.000   6.021 0.000   3.023 0.000 0.029 0.000 0.127 0.559
189.291667 190.291667   39.97 0.000  0.63 0.000 9.999 0.259 99.99 0.259 0.009 0.559  1.041 0.000   1.874 0.000   9.866 0.000   6.579 0.000   3.287 0.000 0.028 0.000 0.155 0.559
192.291667 193.291667   15.68 0.000  0.27 0.000 9.999 0.259 99.99 0.259 0.006 0.559  0.669 0.559   1.205 0.559   7.304 0.000   5.184 0.000   2.123 0.000 0.011 0.000 0.089 0.559
195.291667 196.291667   34.62 0.000  0.45 0.000 9.999 0.259 99.99 0.259 0.007 0.559  0.919 0.000   1.655 0.000   8.999 0.000   6.045 0.000   2.953 0.000 0.021 0.000 0.100 0.559
198.291667 199.291667   10.55 0.000  0.32 0.000 9.999 0.259 99.99 0.259 0.003 0.559  0.431 0.559   0.775 0.559   4.819 0.000   3.062 0.000   1.756 0.000 0.008 0.000 0.084 0.559
201.291667 202.291667   47.74 0.000  0.45 0.000 9.999 0.259 99.99 0.259 0.011 0.559  0.839 0.559   1.511 0.559  11.741 0.000   7.943 0.000   3.798 0.000 0.028 0.000 0.207 0.559
204.291667 205.291667   34.68 0.000  0.51 0.000 9.999 0.259 99.99 0.259 0.050 0.559  7.745 0.559  13.940 0.559  22.082 0.000   7.413 0.000  14.666 0.000 0.118 0.000 0.150 0.559
207.291667 208.291667   34.03 0.000  0.16 0.000 9.999 0.259 99.99 0.259 0.008 0.559  1.205 0.559   2.170 0.559  10.544 0.000   6.957 0.000   3.586 0.000 0.020 0.000 0.167 0.559
210.291667 211.291667   45.10 0.000  0.26 0.000 9.999 0.259 99.99 0.259 0.009 0.559  1.150 0.559   2.070 0.559  10.994 0.000   7.402 0.000   3.592 0.000 0.036 0.000 0.136 0.559
213.291667 214.291667   34.55 0.000  0.59 0.000 9.999 0.259 99.99 0.259 0.006 0.559  1.107 0.559   1.993 0.559   9.180 0.000   5.913 0.000   3.267 0.000 0.032 0.000 0.150 0.559
216.291667 217.291667   37.90 0.000  0.27 0.000 9.999 0.259  0.05 0.000 0.012 0.559  1.818 0.559   3.272 0.559  12.590 0.000   8.194 0.000   4.395 0.000 0.050 0.000 0.112 0.559
219.291667 220.291667   80.25 0.000  0.20 0.000 9.999 0.259 99.99 0.259 0.011 0.559  1.473 0.559   2.651 0.559  17.368 0.000  11.765 0.000   5.603 0.000 0.056 0.000 0.166 0.559
222.291667 223.291667   19.69 0.000  0.51 0.000 9.999 0.259 99.99 0.259 0.023 0.559  1.273 0.559   2.291 0.559   5.866 0.000   2.155 0.000   3.712 0.000 0.021 0.000 0.228 0.559
225.291667 226.291667   13.54 0.000  0.29 0.000 9.999 0.259 99.99 0.259 0.014 0.559  1.991 0.000   3.584 0.000   7.201 0.000   2.064 0.000   5.137 0.000 0.032 0.000 0.165 0.559
228.291667 229.291667   64.07 0.000  0.52 0.000 9.999 0.259 99.99 0.259 0.021 0.559  2.901 0.559   5.222 0.559  16.338 0.000   8.085 0.000   8.254 0.000 0.073 0.000 0.206 0.559
231.291667 232.291667   24.94 0.000  0.26 0.000 9.999 0.259 99.99 0.259 0.005 0.559  0.922 0.000   1.659 0.000   7.571 0.000   5.107 0.000   2.464 0.000 0.018 0.000 0.083 0.559
234.291667 235.291667   53.32 0.000  0.33 0.000 9.999 0.259 99.99 0.259 0.009 0.559  1.504 0.559   2.708 0.559  12.791 0.000   8.338 0.000   4.453 0.000 0.041 0.000 0.162 0.559
237.291667 238.291667   16.78 0.000  0.33 0.000 9.999 0.259  0.04 0.000 0.005 0.559  0.892 0.000   1.606 0.000   5.362 0.000   2.678 0.000   2.684 0.000 0.017 0.000 0.111 0.559
240.291667 241.291667   75.57 0.000  0.69 0.000 9.999 0.259 99.99 0.259 0.015 0.559  2.192 0.559   3.946 0.559  20.160 0.000  13.602 0.000   6.558 0.000 0.075 0.000 0.145 0.559
243.291667 244.291667   51.15 0.000  0.39 0.000 9.999 0.259 99.99 0.259 0.009 0.559  1.112 0.559   2.002 0.559   8.446 0.000   4.779 0.000   3.667 0.000 0.045 0.000 0.095 0.559
246.291667 247.291667   74.28 0.000  0.49 0.000 9.999 0.259 99.99 0.259 0.015 0.559  2.094 0.000   3.770 0.000  16.113 0.000  10.235 0.000   5.878 0.000 0.060 0.000 0.186 0.559
249.291667 250.291667  104.21 0.000  0.42 0.000 9.999 0.259 99.99 0.259 0.008 0.559  0.986 0.559   1.775 0.559  17.174 0.000  13.036 0.000   4.137 0.000 0.046 0.000 0.222 0.559
252.291667 253.291667   28.71 0.000  0.55 0.000 9.999 0.259 99.99 0.259 0.043 0.559  0.769 0.000   1.384 0.000   6.450 0.000   3.436 0.000   3.014 0.000 0.033 0.000 0.202 0.559
255.291667 256.291667    8.79 0.000  0.33 0.000 9.999 0.259 99.99 0.259 0.007 0.559  0.487 0.559   0.876 0.559   4.024 0.000   2.023 0.000   2.001 0.000 0.007 0.000 0.236 0.559
258.291667 259.291667   42.35 0.000  0.56 0.000 9.999 0.259 99.99 0.259 0.014 0.559  0.831 0.559   1.496 0.559   9.677 0.000   6.107 0.000   3.570 0.000 0.043 0.000 0.233 0.559
261.291667 262.291667   28.63 0.000  0.78 0.000 0.006 0.000 99.99 0.259 0.006 0.559  0.579 0.559   1.041 0.559   7.379 0.000   5.352 0.000   2.027 0.000 0.021 0.000 0.111 0.559
264.291667 265.291667  108.70 0.000  0.64 0.000 0.011 0.000 99.99 0.259 0.016 0.559  0.549 0.559   0.988 0.559  24.041 0.000  20.236 0.000   3.805 0.000 0.061 0.000 0.172 0.559
267.291667 268.291667    6.75 0.000  0.50 0.000 9.999 0.259 99.99 0.259 0.045 0.559  0.653 0.559   1.175 0.559   4.140 0.000   1.888 0.000   2.251 0.000 0.009 0.000 0.142 0.559
