scripts/IMPROVE-2019_partial/data/US9011R.20060102060000.20191216000000.filterpack..pm25.52w.1w.US03L_filterpack_US9011.US03L_IMPROVE_Davis.lev2.nas
66 1001
MISSING INFORMATION
US03L, IMPROVE, , , , , , , 
MISSING INFORMATION
IMPROVE sel_HTAP
1 1
2006 01 01 2019 12 16
3.00
days from file reference point
27
1 1 1 1 1 1 1 1 1 1 1 1 1 1 1 1 1 1 1 1 1 1 1 1 1 1 1
999.99 99999.99 9.999 99.99 9.999 9.999 9.999 9.99 9.999 99.999 9.999 99.999 9.999 99.999 9.999 999.99 9.999 999.999 9.999 999.999 9.999 999.999 9.999 9.999 9.999 99.999 9.999
end_time of measurement, days from the file reference point
iron, ng/m3, Revision date=20181210133000
numflag iron, no unit, Revision date=20181210133000
lead, ng/m3, Revision date=20181210133000
numflag lead, no unit, Revision date=20181210133000
magnesium, ug/m3, Revision date=20181210133000
numflag magnesium, no unit, Revision date=20181210133000
nickel, ng/m3, Revision date=20181210133000
numflag nickel, no unit, Revision date=20181210133000
nitrate, ug N/m3, Revision date=20181210133000
numflag nitrate, no unit, Revision date=20181210133000
organic_carbon, ug C/m3, Revision date=20181210133000
numflag organic_carbon, no unit, Revision date=20181210133000
organic_mass, ug/m3, Revision date=20181210133000
numflag organic_mass, no unit, Revision date=20181210133000
phosphorus, ng/m3, Revision date=20181210133000
numflag phosphorus, no unit, Revision date=20181210133000
pm10_mass, ug/m3, Version=2, Version description=Data extracted from http://views.cira.colostate.edu/fed/DataWizard 2019-12-16, Sample duration=1d, Orig. time res.=3d, Matrix=pm10, Blank correction=Blank corrected, Volume std. temperature=ambient, Volume std. pressure=ambient
numflag pm10_mass, no unit, Version=2, Version description=Data extracted from http://views.cira.colostate.edu/fed/DataWizard 2019-12-16, Sample duration=1d, Orig. time res.=3d, Matrix=pm10, Blank correction=Blank corrected, Volume std. temperature=ambient, Volume std. pressure=ambient
pm10_pm25_mass, ug/m3, Revision date=20181210133000, Matrix=pm10_pm25
numflag pm10_pm25_mass, no unit, Revision date=20181210133000, Matrix=pm10_pm25
pm25_mass, ug/m3, Version=2, Version description=Data extracted from http://views.cira.colostate.edu/fed/DataWizard 2019-12-16, Sample duration=1d, Orig. time res.=3d, Blank correction=Blank corrected, Volume std. temperature=ambient, Volume std. pressure=ambient
numflag pm25_mass, no unit, Version=2, Version description=Data extracted from http://views.cira.colostate.edu/fed/DataWizard 2019-12-16, Sample duration=1d, Orig. time res.=3d, Blank correction=Blank corrected, Volume std. temperature=ambient, Volume std. pressure=ambient
potassium, ug/m3, Revision date=20181210133000
numflag potassium, no unit, Revision date=20181210133000
sulphate_total, ug S/m3, Revision date=20181210133000
numflag sulphate_total, no unit, Revision date=20181210133000
0
25
Data definition:              EBAS_1.1
Set type code:                TU
Timezone:                     UTC
File name:                    US9011R.20060102060000.20191216000000.filterpack..pm25.52w.1w.US03L_filterpack_US9011.US03L_IMPROVE_Davis.lev2.nas
File creation:                20191218120553
Startdate:                    20060102060000
Revision date:                20191216000000
Statistics:                   arithmetic mean
Data level:                   2
Period code:                  52w
Resolution code:              1w
Station code:                 US9011R
Platform code:                US9011S
Station name:                 Mingo
Station latitude:             36.9717
Station longitude:            -90.1432
Station altitude:             111.0 m
Regime:                       IMG
Component:                    
Matrix:                       pm25
Laboratory code:              US03L
Instrument type:              filterpack
Instrument name:              filterpack_US9011
Method ref:                   US03L_IMPROVE_Davis
starttime endtime Fe flag_Fe Pb flag_Pb Mg++ flag_Mg++ Ni flag_Ni NO3- flag_NO3- OC flag_OC OM flag_OM P flag_P PM10 flag_PM10 PM10-PM2.5 flag_PM10-PM2.5 PM2.5 flag_PM2.5 K+ flag_K+ SO4-- flag_SO4--
[from data line 88]
265.25 266.25    20.14 0.000  0.57 0.000 0.008 0.000 9.99 0.259  0.023 0.000  0.631 0.000  1.136 0.000 999.99 0.259   5.320 0.000   2.772 0.000   2.548 0.000 0.023 0.000  0.150 0.000
268.25 269.25    36.12 0.000  1.76 0.000 0.038 0.000 9.99 0.259  0.026 0.000  1.417 0.000  2.550 0.000 999.99 0.259  16.605 0.000  10.460 0.000   6.145 0.000 0.036 0.000  0.345 0.000
271.25 272.25    20.23 0.000  8.20 0.000 0.009 0.000 9.99 0.259  0.019 0.559  0.655 0.000  1.180 0.000 999.99 0.259  11.658 0.000   7.631 0.000   4.026 0.000 0.023 0.000  0.305 0.559
274.25 275.25    68.20 0.000  2.10 0.000 0.061 0.000 0.22 0.000  0.034 0.000  2.813 0.000  5.063 0.000 999.99 0.259  28.488 0.000  16.852 0.000  11.635 0.000 0.076 0.000  0.856 0.000
277.25 278.25    41.15 0.000  3.52 0.000 9.999 0.259 9.99 0.259  0.074 0.559  1.375 0.000  2.475 0.000 999.99 0.259  19.213 0.000   8.441 0.000  10.771 0.000 0.035 0.000  1.600 0.559
280.25 281.25    94.13 0.000  2.42 0.000 0.128 0.000 0.12 0.000  0.067 0.000  1.556 0.000  2.800 0.000 999.99 0.259  27.979 0.000  16.486 0.000  11.493 0.000 0.079 0.000  1.194 0.000
283.25 284.25    43.97 0.000  2.06 0.000 0.023 0.000 9.99 0.259  0.084 0.559  2.308 0.000  4.154 0.000 999.99 0.259  18.264 0.000   8.546 0.000   9.718 0.000 0.069 0.000  0.843 0.559
286.25 287.25   118.81 0.000  3.76 0.000 0.453 0.000 9.99 0.259  0.015 0.559  1.451 0.000  2.611 0.000 999.99 0.259  39.362 0.000  31.216 0.000   8.147 0.000 0.076 0.000  0.123 0.559
289.25 290.25     3.91 0.000  0.49 0.000 9.999 0.259 9.99 0.259  0.014 0.559  1.000 0.000  1.800 0.000 999.99 0.259   5.698 0.000   2.422 0.000   3.277 0.000 0.017 0.000  0.325 0.559
292.25 293.25    16.90 0.000  2.66 0.000 9.999 0.259 9.99 0.259  0.166 0.559  0.949 0.000  1.709 0.000 999.99 0.259   7.610 0.000   3.137 0.000   4.473 0.000 0.032 0.000  0.565 0.559
295.25 296.25    11.31 0.000  1.83 0.000 0.017 0.000 9.99 0.259  0.035 0.559  0.531 0.000  0.956 0.000 999.99 0.259   6.184 0.000   2.064 0.000   4.120 0.000 0.024 0.000  0.630 0.559
298.25 299.25    24.96 0.000  1.74 0.000 9.999 0.259 0.26 0.000  0.471 0.559  1.402 0.000  2.523 0.000 999.99 0.259  17.605 0.000   9.362 0.000   8.243 0.000 0.037 0.000  0.659 0.559
301.25 302.25    32.64 0.000  3.14 0.000 0.014 0.000 9.99 0.259  0.058 0.559  2.142 0.000  3.855 0.000 999.99 0.259  13.601 0.000   7.589 0.000   6.011 0.000 0.055 0.000  0.269 0.559
304.25 305.25    25.75 0.000  1.90 0.000 0.014 0.000 9.99 0.259  0.216 0.559  0.633 0.000  1.139 0.000  28.29 0.000  10.978 0.000   7.699 0.000   3.279 0.000 0.027 0.000  0.240 0.559
307.25 308.25    42.18 0.000  3.72 0.000 9.999 0.259 9.99 0.259  0.253 0.559  2.532 0.000  4.557 0.000 999.99 0.259  17.572 0.000  10.166 0.000   7.405 0.000 0.064 0.000  0.392 0.559
310.25 311.25     8.06 0.000  2.51 0.000 9.999 0.259 9.99 0.259  0.089 0.559  1.984 0.000  3.570 0.000 999.99 0.259  13.698 0.000   5.018 0.000   8.681 0.000 0.036 0.000  1.146 0.559
313.25 314.25    31.28 0.000  1.42 0.000 9.999 0.259 0.63 0.000  0.370 0.000  1.612 0.000  2.902 0.000 999.99 0.259  12.521 0.000   3.896 0.000   8.625 0.000 0.070 0.000  0.786 0.000
316.25 317.25    17.50 0.000  1.97 0.000 9.999 0.259 9.99 0.259  0.266 0.000  2.359 0.000  4.245 0.000 999.99 0.259  11.799 0.000   2.830 0.000   8.968 0.000 0.043 0.000  0.927 0.000
319.25 320.25    13.98 0.000  2.28 0.000 9.999 0.259 9.99 0.259  0.257 0.559  1.394 0.000  2.509 0.000 999.99 0.259   8.035 0.000   2.045 0.000   5.990 0.000 0.032 0.000  0.723 0.559
322.25 323.25    12.77 0.000  1.82 0.000 9.999 0.259 9.99 0.259  0.518 0.559  1.077 0.000  1.939 0.000 999.99 0.259  11.466 0.000   3.733 0.000   7.733 0.000 0.040 0.000  0.988 0.559
325.25 326.25   104.25 0.000  3.51 0.000 0.140 0.000 9.99 0.259  0.395 0.559  4.044 0.000  7.279 0.000 999.99 0.259  49.514 0.000  35.610 0.000  13.904 0.000 0.087 0.000  0.501 0.559
328.25 329.25    50.86 0.000  2.56 0.000 0.023 0.000 0.28 0.000  0.349 0.559  4.612 0.000  8.301 0.000 999.99 0.259  30.769 0.000  16.625 0.000  14.143 0.000 0.090 0.000  0.851 0.559
331.25 332.25    34.83 0.000  2.88 0.000 9.999 0.259 0.23 0.000  0.348 0.559  3.244 0.000  5.840 0.000 999.99 0.259  17.457 0.000   7.059 0.000  10.398 0.000 0.053 0.000  0.658 0.559
334.25 335.25    16.97 0.000  1.07 0.000 9.999 0.259 0.25 0.000  0.173 0.000  0.817 0.000  1.471 0.000 999.99 0.259   6.214 0.000   2.219 0.000   3.995 0.000 0.026 0.000  0.270 0.000
337.25 338.25    36.23 0.000  3.86 0.000 9.999 0.259 0.22 0.000  0.344 0.000  1.802 0.000  3.244 0.000 999.99 0.259  16.477 0.000   8.930 0.000   7.547 0.000 0.067 0.000  0.388 0.000
340.25 341.25    17.62 0.000  1.11 0.000 9.999 0.259 0.21 0.000  0.218 0.000  0.675 0.000  1.216 0.000 999.99 0.259   7.630 0.000   3.502 0.000   4.128 0.000 0.031 0.000  0.310 0.000
343.25 344.25    72.00 0.000  4.21 0.000 0.043 0.000 0.24 0.000  0.359 0.000  3.074 0.000  5.533 0.000 999.99 0.259  31.885 0.000  20.309 0.000  11.576 0.000 0.121 0.000  0.402 0.000
346.25 347.25    38.40 0.000  2.87 0.000 9.999 0.259 0.14 0.000  0.185 0.000  2.798 0.000  5.037 0.000 999.99 0.259  13.880 0.000   6.286 0.000   7.594 0.000 0.053 0.000  0.366 0.000
349.25 350.25    30.06 0.000  2.60 0.000 9.999 0.259 0.57 0.000  0.536 0.000  2.188 0.000  3.939 0.000 999.99 0.259  15.101 0.000   2.743 0.000  12.358 0.000 0.071 0.000  1.485 0.000
352.25 353.25    23.52 0.000  2.72 0.000 9.999 0.259 0.14 0.000  0.464 0.000  0.942 0.000  1.695 0.000 999.99 0.259   7.162 0.000   2.732 0.000   4.431 0.000 0.034 0.000  0.221 0.000
355.25 356.25    16.71 0.000  1.32 0.000 9.999 0.259 0.27 0.000  0.108 0.000  0.789 0.000  1.421 0.000 999.99 0.259   4.966 0.000   1.868 0.000   3.098 0.000 0.022 0.000  0.229 0.000
358.25 359.25    18.67 0.000  2.39 0.000 0.007 0.000 0.25 0.000  0.382 0.000  0.789 0.000  1.420 0.000 999.99 0.259   8.229 0.000   1.339 0.000   6.890 0.000 0.029 0.000  0.760 0.000
361.25 362.25    52.19 0.000  2.88 0.000 9.999 0.259 0.21 0.000  0.417 0.000  2.487 0.000  4.476 0.000 999.99 0.259  13.571 0.000   4.499 0.000   9.071 0.000 0.073 0.000  0.632 0.000
364.25 365.25     6.99 0.000  1.18 0.000 9.999 0.259 0.17 0.000  0.067 0.000  0.551 0.000  0.991 0.000  25.23 0.000   4.185 0.000   1.416 0.000   2.768 0.000 0.019 0.000  0.282 0.000
