scripts/IMPROVE-2019_partial/data/US9055R.20140102070000.20191216000000.filterpack...52w.3d.US03L_filterpack_US9055.US03L_IMPROVE_Davis.lev2.nas
52 1001
MISSING INFORMATION
US03L, IMPROVE, , , , , , , 
MISSING INFORMATION
IMPROVE sel_HTAP
1 1
2014 01 01 2019 12 16
3.000000
days from file reference point
5
1 1 1 1 1
999.999999 999.999 9.999 999.999 9.999
end_time of measurement, days from the file reference point
pm10_mass, ug/m3, Matrix=pm10
numflag pm10_mass, no unit, Matrix=pm10
pm25_mass, ug/m3, Matrix=pm25
numflag pm25_mass, no unit, Matrix=pm25
0
33
Data definition:              EBAS_1.1
Set type code:                TU
Timezone:                     UTC
File name:                    US9055R.20140102070000.20191216000000.filterpack...52w.3d.US03L_filterpack_US9055.US03L_IMPROVE_Davis.lev2.nas
File creation:                20191218120914
Startdate:                    20140102070000
Revision date:                20191216000000
Version:                      2
Version description:          "Data extracted from http://views.cira.colostate.edu/fed/DataWizard 2019-12-16"
Statistics:                   arithmetic mean
Data level:                   2
Period code:                  52w
Resolution code:              3d
Sample duration:              1d
Orig. time res.:              3d
Station code:                 US9055R
Platform code:                US9055S
Station name:                 Sawtooth NF
Station latitude:             44.1705
Station longitude:            -114.9271
Station altitude:             1990.0 m
Regime:                       IMG
Component:                    
Unit:                         ug/m3
Matrix:                       
Laboratory code:              US03L
Instrument type:              filterpack
Instrument name:              filterpack_US9055
Method ref:                   US03L_IMPROVE_Davis
Blank correction:             Blank corrected
Volume std. temperature:      ambient
Volume std. pressure:         ambient
starttime endtime PM10 flag_PM10 PM2.5 flag_PM2.5
  1.291667   2.291667   1.055 0.000   1.078 0.000
  4.291667   5.291667   0.809 0.000   0.620 0.000
  7.291667   8.291667   1.144 0.000   2.729 0.000
 10.291667  11.291667   2.350 0.000   0.630 0.000
 13.291667  14.291667   2.189 0.000   1.770 0.000
 16.291667  17.291667   1.611 0.000   1.289 0.000
 19.291667  20.291667   1.258 0.000   1.097 0.000
 22.291667  23.291667   1.358 0.000   1.509 0.000
 25.291667  26.291667   1.313 0.000   1.052 0.000
 28.291667  29.291667   0.972 0.000   0.780 0.000
 31.291667  32.291667   0.849 0.000   0.565 0.000
 34.291667  35.291667   2.053 0.000   5.391 0.000
 37.291667  38.291667   2.343 0.000   1.456 0.000
 40.291667  41.291667   0.801 0.000   2.139 0.000
 43.291667  44.291667   1.429 0.000   0.707 0.000
 46.291667  47.291667   2.728 0.000   1.018 0.000
 49.291667  50.291667   1.179 0.000   1.026 0.000
 52.291667  53.291667   0.799 0.000   1.270 0.000
 55.291667  56.291667   0.944 0.000   0.568 0.000
 58.291667  59.291667   0.627 0.000   0.682 0.000
 61.291667  62.291667   0.461 0.000 999.999 0.259
 64.291667  65.291667 999.999 0.456   0.461 0.000
 67.291667  68.291667   0.753 0.000   0.489 0.000
 70.291667  71.291667 999.999 0.999 999.999 0.999
 73.291667  74.291667   2.885 0.000   1.408 0.000
 76.291667  77.291667   2.123 0.000   0.888 0.000
 79.291667  80.291667   3.004 0.000   1.766 0.000
 82.291667  83.291667   6.649 0.000   4.649 0.000
 85.291667  86.291667   0.882 0.000   0.434 0.000
 88.291667  89.291667   2.347 0.000   2.082 0.000
 91.291667  92.291667   2.001 0.000   1.417 0.000
 94.291667  95.291667   1.629 0.000   0.988 0.000
 97.291667  98.291667   4.042 0.000   2.975 0.000
100.291667 101.291667   3.130 0.000   2.117 0.000
103.291667 104.291667 999.999 0.456   2.051 0.000
106.291667 107.291667 999.999 0.999 999.999 0.999
109.291667 110.291667   4.742 0.000   3.418 0.000
112.291667 113.291667   1.085 0.000   0.678 0.000
115.291667 116.291667   0.834 0.000   0.773 0.000
118.291667 119.291667   1.587 0.000   1.062 0.000
121.291667 122.291667   5.019 0.000   3.407 0.000
124.291667 125.291667   3.693 0.000   2.099 0.000
127.291667 128.291667 999.999 0.999 999.999 0.999
130.291667 131.291667 999.999 0.999 999.999 0.999
133.291667 134.291667 999.999 0.456   1.947 0.000
136.291667 137.291667 999.999 0.456   4.144 0.000
139.291667 140.291667 999.999 0.456   1.541 0.000
142.291667 143.291667   8.137 0.000   4.592 0.000
145.291667 146.291667   5.143 0.000   2.838 0.000
148.291667 149.291667   3.869 0.000   1.883 0.000
151.291667 152.291667   5.759 0.000   3.690 0.000
154.291667 155.291667  11.724 0.000   8.434 0.000
157.291667 158.291667   5.042 0.000   2.378 0.000
160.291667 161.291667   6.570 0.000   4.775 0.000
163.291667 164.291667   8.024 0.000   3.337 0.000
166.291667 167.291667   1.866 0.000   1.363 0.000
169.291667 170.291667 999.999 0.456   1.638 0.000
172.291667 173.291667 999.999 0.456   2.998 0.000
175.291667 176.291667 999.999 0.999 999.999 0.999
178.291667 179.291667 999.999 0.456   1.098 0.000
181.291667 182.291667 999.999 0.456   2.334 0.000
184.291667 185.291667 999.999 0.456   5.334 0.000
187.291667 188.291667 999.999 0.456   3.293 0.000
190.291667 191.291667 999.999 0.456   3.813 0.000
193.291667 194.291667 999.999 0.456   5.411 0.000
196.291667 197.291667  14.031 0.000  10.967 0.000
199.291667 200.291667  12.685 0.000   8.609 0.000
202.291667 203.291667   5.154 0.000   2.284 0.000
205.291667 206.291667   4.425 0.000   2.763 0.000
208.291667 209.291667   6.808 0.000   3.813 0.000
211.291667 212.291667   4.543 0.000   3.451 0.000
214.291667 215.291667   7.662 0.000   5.329 0.000
217.291667 218.291667  48.616 0.000 999.999 0.456
220.291667 221.291667 999.999 0.999 999.999 0.999
223.291667 224.291667 999.999 0.999 999.999 0.999
226.291667 227.291667 999.999 0.999 999.999 0.999
229.291667 230.291667 999.999 0.999 999.999 0.999
232.291667 233.291667   5.192 0.000   3.822 0.000
235.291667 236.291667   1.766 0.000   1.528 0.000
238.291667 239.291667   4.940 0.000 999.999 0.999
241.291667 242.291667   8.807 0.000   9.175 0.000
244.291667 245.291667   3.029 0.000   2.085 0.000
247.291667 248.291667   2.550 0.000   1.657 0.000
250.291667 251.291667   6.604 0.000   3.649 0.000
253.291667 254.291667   5.814 0.000   3.220 0.000
256.291667 257.291667  13.817 0.000  10.534 0.000
259.291667 260.291667  10.501 0.000   8.171 0.000
262.291667 263.291667   4.630 0.000   3.477 0.000
265.291667 266.291667   9.795 0.000   7.673 0.000
268.291667 269.291667   5.236 0.000   3.400 0.000
271.291667 272.291667   0.784 0.000   0.491 0.000
274.291667 275.291667   3.579 0.000   2.834 0.000
277.291667 278.291667   2.800 0.000   1.767 0.000
280.291667 281.291667   3.183 0.000   1.789 0.000
283.291667 284.291667   8.226 0.000   7.376 0.000
286.291667 287.291667   3.663 0.000 999.999 0.456
289.291667 290.291667   2.279 0.000   1.318 0.000
292.291667 293.291667   4.443 0.000   2.477 0.000
295.291667 296.291667   1.365 0.000   0.860 0.000
298.291667 299.291667   1.620 0.000   0.588 0.000
301.291667 302.291667   1.328 0.000   1.107 0.000
304.291667 305.291667   2.048 0.000   1.220 0.000
307.291667 308.291667   1.278 0.000   1.133 0.000
310.291667 311.291667   2.040 0.000   1.312 0.000
313.291667 314.291667   1.126 0.000   0.968 0.000
316.291667 317.291667   2.118 0.000   1.697 0.000
319.291667 320.291667   1.948 0.000   1.857 0.000
322.291667 323.291667   1.307 0.000   1.018 0.000
325.291667 326.291667   0.584 0.000   0.652 0.000
328.291667 329.291667   0.293 0.000   0.185 0.000
331.291667 332.291667   2.373 0.000   0.739 0.000
334.291667 335.291667   1.816 0.000   1.800 0.000
337.291667 338.291667   0.334 0.000   0.399 0.000
340.291667 341.291667   1.087 0.000   0.918 0.000
343.291667 344.291667   1.714 0.000   1.571 0.000
346.291667 347.291667 999.999 0.259   0.216 0.000
349.291667 350.291667   0.894 0.000   0.786 0.000
352.291667 353.291667   0.919 0.000   0.463 0.000
355.291667 356.291667   0.679 0.000   0.281 0.000
358.291667 359.291667   0.757 0.000   0.281 0.000
361.291667 362.291667   0.421 0.000   0.311 0.000
364.291667 365.291667   1.668 0.000   1.451 0.000
