scripts/IMPROVE-2019_partial/data/US9043R.20020102080000.20191216000000.filterpack..pm25.52w.1w.US03L_filterpack_US9043.US03L_IMPROVE_Davis.lev2.nas
66 1001
MISSING INFORMATION
US03L, IMPROVE, , , , , , , 
MISSING INFORMATION
IMPROVE sel_HTAP
1 1
2002 01 01 2019 12 16
3.000000
days from file reference point
27
1 1 1 1 1 1 1 1 1 1 1 1 1 1 1 1 1 1 1 1 1 1 1 1 1 1 1
999.999999 9999.99 9.999 99.99 9.999 9.999 9.999 9.99 9.999 99.999 9.999 99.999 9.999 99.999 9.999 999.99 9.999 999.999 9.999 999.999 9.999 999.999 9.999 9.999 9.999 9.999 9.999
end_time of measurement, days from the file reference point
iron, ng/m3, Revision date=20181210133000
numflag iron, no unit, Revision date=20181210133000
lead, ng/m3, Revision date=20181210133000
numflag lead, no unit, Revision date=20181210133000
magnesium, ug/m3, Revision date=20181210133000
numflag magnesium, no unit, Revision date=20181210133000
nickel, ng/m3, Revision date=20181210133000
numflag nickel, no unit, Revision date=20181210133000
nitrate, ug N/m3, Revision date=20181210133000
numflag nitrate, no unit, Revision date=20181210133000
organic_carbon, ug C/m3, Revision date=20181210133000
numflag organic_carbon, no unit, Revision date=20181210133000
organic_mass, ug/m3, Revision date=20181210133000
numflag organic_mass, no unit, Revision date=20181210133000
phosphorus, ng/m3, Revision date=20181210133000
numflag phosphorus, no unit, Revision date=20181210133000
pm10_mass, ug/m3, Version=2, Version description=Data extracted from http://views.cira.colostate.edu/fed/DataWizard 2019-12-16, Sample duration=1d, Orig. time res.=3d, Matrix=pm10, Blank correction=Blank corrected, Volume std. temperature=ambient, Volume std. pressure=ambient
numflag pm10_mass, no unit, Version=2, Version description=Data extracted from http://views.cira.colostate.edu/fed/DataWizard 2019-12-16, Sample duration=1d, Orig. time res.=3d, Matrix=pm10, Blank correction=Blank corrected, Volume std. temperature=ambient, Volume std. pressure=ambient
pm10_pm25_mass, ug/m3, Revision date=20181210133000, Matrix=pm10_pm25
numflag pm10_pm25_mass, no unit, Revision date=20181210133000, Matrix=pm10_pm25
pm25_mass, ug/m3, Version=2, Version description=Data extracted from http://views.cira.colostate.edu/fed/DataWizard 2019-12-16, Sample duration=1d, Orig. time res.=3d, Blank correction=Blank corrected, Volume std. temperature=ambient, Volume std. pressure=ambient
numflag pm25_mass, no unit, Version=2, Version description=Data extracted from http://views.cira.colostate.edu/fed/DataWizard 2019-12-16, Sample duration=1d, Orig. time res.=3d, Blank correction=Blank corrected, Volume std. temperature=ambient, Volume std. pressure=ambient
potassium, ug/m3, Revision date=20181210133000
numflag potassium, no unit, Revision date=20181210133000
sulphate_total, ug S/m3, Revision date=20181210133000
numflag sulphate_total, no unit, Revision date=20181210133000
0
25
Data definition:              EBAS_1.1
Set type code:                TU
Timezone:                     UTC
File name:                    US9043R.20020102080000.20191216000000.filterpack..pm25.52w.1w.US03L_filterpack_US9043.US03L_IMPROVE_Davis.lev2.nas
File creation:                20191218120817
Startdate:                    20020102080000
Revision date:                20191216000000
Statistics:                   arithmetic mean
Data level:                   2
Period code:                  52w
Resolution code:              1w
Station code:                 US9043R
Platform code:                US9043S
Station name:                 San Gorgonio Wilderness
Station latitude:             34.1939
Station longitude:            -116.9132
Station altitude:             1726.0 m
Regime:                       IMG
Component:                    
Matrix:                       pm25
Laboratory code:              US03L
Instrument type:              filterpack
Instrument name:              filterpack_US9043
Method ref:                   US03L_IMPROVE_Davis
starttime endtime Fe flag_Fe Pb flag_Pb Mg++ flag_Mg++ Ni flag_Ni NO3- flag_NO3- OC flag_OC OM flag_OM P flag_P PM10 flag_PM10 PM10-PM2.5 flag_PM10-PM2.5 PM2.5 flag_PM2.5 K+ flag_K+ SO4-- flag_SO4--
[from data line 85]
256.333333 257.333333   85.31 0.000  2.12 0.000 9.999 0.259 0.35 0.000  0.238 0.000  2.338 0.000  3.273 0.000 999.99 0.259  13.489 0.000   6.393 0.000   7.096 0.000 0.044 0.000 0.454 0.000
259.333333 260.333333   91.96 0.000  2.06 0.000 9.999 0.259 0.55 0.000  1.377 0.000  2.038 0.000  2.853 0.000 999.99 0.259  36.477 0.000  26.151 0.000  10.325 0.000 0.043 0.000 0.332 0.000
262.333333 263.333333   88.92 0.000  1.60 0.000 9.999 0.259 0.59 0.000  0.628 0.000  1.416 0.000  1.983 0.000 999.99 0.259  11.586 0.000   6.175 0.000   5.411 0.000 0.039 0.000 0.257 0.000
265.333333 266.333333   63.71 0.000  2.85 0.000 0.033 0.000 0.24 0.000  0.289 0.000  1.392 0.000  1.949 0.000 999.99 0.259   9.853 0.000   5.734 0.000   4.119 0.000 0.027 0.000 0.278 0.000
268.333333 269.333333   56.64 0.000  1.36 0.000 9.999 0.259 0.48 0.000  0.838 0.000  1.292 0.000  1.809 0.000  23.66 0.000  12.199 0.000   6.225 0.000   5.974 0.000 0.041 0.000 0.356 0.000
271.333333 272.333333   21.41 0.000  0.75 0.000 0.045 0.000 9.99 0.259  0.618 0.000  0.793 0.000  1.111 0.000 999.99 0.259   6.797 0.000   2.726 0.000   4.071 0.000 0.015 0.000 0.239 0.000
274.333333 275.333333  116.83 0.000  1.15 0.000 0.036 0.000 0.32 0.000  0.472 0.000  1.015 0.000  1.421 0.000 999.99 0.259  28.923 0.000  21.679 0.000   7.244 0.000 0.074 0.000 0.332 0.000
277.333333 278.333333   46.43 0.000  0.89 0.000 9.999 0.259 0.12 0.000  0.195 0.000  0.982 0.000  1.375 0.000 999.99 0.259   8.451 0.000   5.130 0.000   3.321 0.000 0.035 0.000 0.227 0.000
280.333333 281.333333 9999.99 0.456 99.99 0.456 9.999 0.456 9.99 0.456 99.999 0.456 99.999 0.999 99.999 0.999 999.99 0.456 999.999 0.456 999.999 0.999 999.999 0.456 9.999 0.456 9.999 0.456
283.333333 284.333333 9999.99 0.456 99.99 0.456 9.999 0.456 9.99 0.456 99.999 0.456 99.999 0.999 99.999 0.999 999.99 0.456 999.999 0.456 999.999 0.999 999.999 0.456 9.999 0.456 9.999 0.456
286.333333 287.333333 9999.99 0.456 99.99 0.456 9.999 0.456 9.99 0.456 99.999 0.456 99.999 0.999 99.999 0.999 999.99 0.456 999.999 0.456 999.999 0.999 999.999 0.456 9.999 0.456 9.999 0.456
289.333333 290.333333   46.73 0.000  1.11 0.000 9.999 0.259 0.47 0.000  1.445 0.000  1.317 0.000  1.844 0.000 999.99 0.259  17.398 0.000   3.843 0.000  13.555 0.000 0.031 0.000 0.718 0.000
292.333333 293.333333   61.23 0.000  1.77 0.000 0.023 0.000 0.24 0.000  0.737 0.000  1.413 0.000  1.978 0.000 999.99 0.259  12.162 0.000   4.976 0.000   7.186 0.000 0.047 0.000 0.477 0.000
295.333333 296.333333   63.90 0.000  2.27 0.000 9.999 0.259 0.33 0.000  1.461 0.000  1.359 0.000  1.903 0.000 999.99 0.259  16.696 0.000   4.834 0.000  11.862 0.000 0.045 0.000 0.521 0.000
298.333333 299.333333   63.53 0.000  2.51 0.000 9.999 0.259 0.58 0.000  3.302 0.000  2.099 0.000  2.938 0.000 999.99 0.259  29.895 0.000   3.555 0.000  26.340 0.000 0.046 0.000 0.816 0.000
301.333333 302.333333   47.52 0.000  1.70 0.000 9.999 0.259 0.53 0.000  1.363 0.000  1.352 0.000  1.892 0.000 999.99 0.259  15.566 0.000   4.350 0.000  11.216 0.000 0.038 0.000 0.518 0.000
304.333333 305.333333   60.84 0.000  5.74 0.000 9.999 0.259 0.37 0.000  1.862 0.000  1.539 0.000  2.154 0.000 999.99 0.259  19.584 0.000   5.333 0.000  14.251 0.000 0.034 0.000 0.500 0.000
307.333333 308.333333   44.07 0.000  1.17 0.000 9.999 0.259 0.14 0.000  0.351 0.000  1.105 0.000  1.546 0.000 999.99 0.259   8.377 0.000   4.396 0.000   3.981 0.000 0.031 0.000 0.117 0.000
310.333333 311.333333   43.67 0.000  1.27 0.000 0.023 0.000 0.24 0.000  0.664 0.000  0.659 0.000  0.922 0.000 999.99 0.259   7.498 0.000   3.200 0.000   4.299 0.000 0.018 0.000 0.116 0.000
313.333333 314.333333   34.85 0.000  0.38 0.000 9.999 0.259 9.99 0.259  0.078 0.000  0.436 0.000  0.610 0.000 999.99 0.259   1.681 0.000   0.583 0.000   1.098 0.000 0.009 0.000 0.148 0.000
316.333333 317.333333   15.69 0.000  0.62 0.000 9.999 0.259 9.99 0.259  0.211 0.000  0.389 0.000  0.544 0.000 999.99 0.259   2.047 0.000   1.149 0.000   0.898 0.000 0.009 0.000 0.055 0.000
319.333333 320.333333   15.26 0.000  0.90 0.000 0.014 0.000 0.09 0.000  0.017 0.000  0.379 0.000  0.530 0.000 999.99 0.259   3.915 0.000   2.664 0.000   1.252 0.000 0.015 0.000 0.155 0.000
322.333333 323.333333    7.66 0.000  0.41 0.000 9.999 0.259 0.12 0.000  0.015 0.000  0.177 0.000  0.247 0.000 999.99 0.259   1.346 0.000   0.984 0.000   0.362 0.000 0.008 0.000 0.092 0.000
325.333333 326.333333   73.86 0.000  1.19 0.000 9.999 0.259 0.08 0.000  0.290 0.000  0.623 0.000  0.872 0.000 999.99 0.259   6.538 0.000   3.814 0.000   2.724 0.000 0.035 0.000 0.075 0.000
328.333333 329.333333  403.71 0.000  0.83 0.000 9.999 0.259 9.99 0.259  0.083 0.000  0.905 0.000  1.267 0.000 999.99 0.259  47.983 0.000  37.956 0.000  10.027 0.000 0.265 0.000 0.127 0.000
331.333333 332.333333   26.61 0.000  0.95 0.000 9.999 0.259 0.23 0.000  0.038 0.000  0.589 0.000  0.825 0.000 999.99 0.259   5.989 0.000   2.726 0.000   3.263 0.000 0.029 0.000 0.402 0.000
334.333333 335.333333    7.92 0.000  0.66 0.000 9.999 0.259 9.99 0.259  0.107 0.000  0.527 0.000  0.738 0.000 999.99 0.259   2.253 0.000   0.621 0.000   1.632 0.000 0.009 0.000 0.125 0.000
337.333333 338.333333    6.49 0.000  0.41 0.000 9.999 0.259 9.99 0.259  0.185 0.000  0.404 0.000  0.566 0.000   7.10 0.000   2.327 0.000   1.145 0.000   1.182 0.000 0.008 0.000 0.053 0.000
340.333333 341.333333   21.67 0.000  1.22 0.000 9.999 0.259 0.18 0.000  0.901 0.000  0.946 0.000  1.325 0.000 999.99 0.259   8.717 0.000   2.488 0.000   6.229 0.000 0.017 0.000 0.118 0.000
343.333333 344.333333   57.14 0.000  2.34 0.000 9.999 0.259 0.18 0.000  0.863 0.000  1.406 0.000  1.969 0.000 999.99 0.259  12.393 0.000   4.565 0.000   7.827 0.000 0.063 0.000 0.125 0.000
346.333333 347.333333   93.40 0.000  1.04 0.000 9.999 0.259 9.99 0.259  0.243 0.000  0.449 0.000  0.629 0.000 999.99 0.259   9.590 0.000   5.805 0.000   3.785 0.000 0.068 0.000 0.133 0.000
349.333333 350.333333    3.19 0.000  0.30 0.000 0.048 0.000 0.12 0.000  0.119 0.000  0.296 0.000  0.415 0.000 999.99 0.259   4.152 0.000   1.907 0.000   2.245 0.000 0.012 0.000 0.123 0.000
352.333333 353.333333   10.98 0.000  1.14 0.000 9.999 0.259 9.99 0.259  0.240 0.000  0.288 0.000  0.403 0.000 999.99 0.259   2.822 0.000   0.834 0.000   1.988 0.000 0.010 0.000 0.099 0.000
355.333333 356.333333    2.83 0.000  0.21 0.000 9.999 0.259 9.99 0.259  0.173 0.000  0.457 0.000  0.640 0.000 999.99 0.259   2.377 0.000   0.670 0.000   1.706 0.000 0.013 0.000 0.133 0.000
358.333333 359.333333    5.49 0.000  0.63 0.000 9.999 0.259 0.10 0.000  0.200 0.000  0.430 0.000  0.603 0.000 999.99 0.259   2.142 0.000   1.463 0.000   0.680 0.000 0.008 0.000 0.050 0.000
361.333333 362.333333    5.10 0.000  0.39 0.000 9.999 0.259 9.99 0.259  0.118 0.000  0.350 0.000  0.490 0.000 999.99 0.259   1.396 0.000   0.773 0.000   0.623 0.000 0.007 0.000 0.037 0.000
364.333333 365.333333   10.46 0.000  0.44 0.000 9.999 0.259 0.12 0.000  0.259 0.000  0.528 0.000  0.739 0.000 999.99 0.259   4.367 0.000   2.388 0.000   1.979 0.000 0.026 0.000 0.098 0.000
