scripts/IMPROVE-2019_partial/data/US9018U.20100102050000.20191216000000.filterpack...5mo.3d.US03L_filterpack_US9018.US03L_IMPROVE_Davis.lev2.nas
52 1001
MISSING INFORMATION
US03L, IMPROVE, , , , , , , 
MISSING INFORMATION
IMPROVE sel_HTAP
1 1
2010 01 01 2019 12 16
3.000000
days from file reference point
5
1 1 1 1 1
999.999999 999.999 9.999 999.999 9.999
end_time of measurement, days from the file reference point
pm10_mass, ug/m3, Matrix=pm10
numflag pm10_mass, no unit, Matrix=pm10
pm25_mass, ug/m3, Matrix=pm25
numflag pm25_mass, no unit, Matrix=pm25
0
33
Data definition:              EBAS_1.1
Set type code:                TU
Timezone:                     UTC
File name:                    US9018U.20100102050000.20191216000000.filterpack...5mo.3d.US03L_filterpack_US9018.US03L_IMPROVE_Davis.lev2.nas
File creation:                20191218120619
Startdate:                    20100102050000
Revision date:                20191216000000
Version:                      2
Version description:          "Data extracted from http://views.cira.colostate.edu/fed/DataWizard 2019-12-16"
Statistics:                   arithmetic mean
Data level:                   2
Period code:                  5mo
Resolution code:              3d
Sample duration:              1d
Orig. time res.:              3d
Station code:                 US9018U
Platform code:                US9018S
Station name:                 New York City
Station latitude:             40.8161
Station longitude:            -73.9019
Station altitude:             45.0 m
Regime:                       IMG
Component:                    
Unit:                         ug/m3
Matrix:                       
Laboratory code:              US03L
Instrument type:              filterpack
Instrument name:              filterpack_US9018
Method ref:                   US03L_IMPROVE_Davis
Blank correction:             Blank corrected
Volume std. temperature:      ambient
Volume std. pressure:         ambient
starttime endtime PM10 flag_PM10 PM2.5 flag_PM2.5
  1.208333   2.208333   9.324 0.000   5.454 0.000
  4.208333   5.208333  10.629 0.000   6.425 0.000
  7.208333   8.208333  17.101 0.000  12.039 0.000
 10.208333  11.208333  23.529 0.000  13.680 0.000
 13.208333  14.208333  48.907 0.000  33.115 0.000
 16.208333  17.208333  22.943 0.000  19.353 0.000
 19.208333  20.208333  15.871 0.000  11.729 0.000
 22.208333  23.208333  19.907 0.000  13.417 0.000
 25.208333  26.208333  12.230 0.000   8.577 0.000
 28.208333  29.208333  11.798 0.000   5.516 0.000
 31.208333  32.208333  26.960 0.659  18.390 0.000
 34.208333  35.208333  17.076 0.000   8.489 0.000
 37.208333  38.208333  12.488 0.000   6.537 0.000
 40.208333  41.208333  16.964 0.000  12.027 0.000
 43.208333  44.208333  15.387 0.000  10.277 0.000
 46.208333  47.208333  21.197 0.000  16.853 0.000
 49.208333  50.208333  10.012 0.000   4.569 0.000
 52.208333  53.208333  19.694 0.000   8.304 0.000
 55.208333  56.208333  11.813 0.000   9.225 0.000
 58.208333  59.208333  23.820 0.000  20.281 0.000
 61.208333  62.208333  11.417 0.000   5.767 0.000
 64.208333  65.208333  13.006 0.000   5.552 0.000
 67.208333  68.208333  20.977 0.000  10.368 0.000
 70.208333  71.208333  21.538 0.000   6.920 0.000
 73.208333  74.208333 999.999 0.999 999.999 0.999
 76.208333  77.208333  27.177 0.000  12.907 0.000
 79.208333  80.208333  29.303 0.000  16.921 0.000
 82.208333  83.208333  12.048 0.000   4.179 0.000
 85.208333  86.208333  10.969 0.000   5.322 0.000
 88.208333  89.208333   5.506 0.000   3.895 0.000
 91.208333  92.208333  23.436 0.000  12.134 0.000
 94.208333  95.208333  32.652 0.000  14.292 0.000
 97.208333  98.208333  45.484 0.000  18.948 0.000
100.208333 101.208333  16.394 0.000   9.379 0.000
103.208333 104.208333  28.691 0.000   8.439 0.000
106.208333 107.208333  13.063 0.000   7.308 0.000
109.208333 110.208333  14.608 0.000   5.564 0.000
112.208333 113.208333  19.234 0.000   6.521 0.000
115.208333 116.208333   7.939 0.000   5.883 0.000
118.208333 119.208333  17.434 0.000   4.506 0.000
121.208333 122.208333  31.246 0.000  18.969 0.000
124.208333 125.208333  28.710 0.000   8.932 0.000
127.208333 128.208333  26.547 0.000   6.961 0.000
130.208333 131.208333  16.211 0.000   5.806 0.000
133.208333 134.208333  44.800 0.000  14.162 0.000
136.208333 137.208333  21.353 0.000   8.629 0.000
139.208333 140.208333  21.357 0.000   7.356 0.000
142.208333 143.208333  13.116 0.000   7.202 0.000
145.208333 146.208333  26.202 0.000  13.430 0.000
148.208333 149.208333  21.489 0.000  10.149 0.000
151.208333 152.208333  24.900 0.000  14.381 0.000
154.208333 155.208333  32.099 0.000  15.824 0.000
157.208333 158.208333 999.999 0.999 999.999 0.999
