scripts/IMPROVE-2019_partial/data/US9011R.20170101060000.20191216000000.filterpack...52w.3d.US03L_filterpack_US9011.US03L_IMPROVE_Davis.lev2.nas
51 1001
MISSING INFORMATION
US03L, IMPROVE, , , , , , , 
MISSING INFORMATION
IMPROVE sel_HTAP
1 1
2017 01 01 2019 12 16
3.00
days from file reference point
4
1 1 1 1
999.99 999.999 999.999 9.999
end_time of measurement, days from the file reference point
pm10_mass, ug/m3, Matrix=pm10
pm25_mass, ug/m3, Matrix=pm25
numflag, no unit
0
33
Data definition:              EBAS_1.1
Set type code:                TU
Timezone:                     UTC
File name:                    US9011R.20170101060000.20191216000000.filterpack...52w.3d.US03L_filterpack_US9011.US03L_IMPROVE_Davis.lev2.nas
File creation:                20191218120554
Startdate:                    20170101060000
Revision date:                20191216000000
Version:                      2
Version description:          "Data extracted from http://views.cira.colostate.edu/fed/DataWizard 2019-12-16"
Statistics:                   arithmetic mean
Data level:                   2
Period code:                  52w
Resolution code:              3d
Sample duration:              1d
Orig. time res.:              3d
Station code:                 US9011R
Platform code:                US9011S
Station name:                 Mingo
Station latitude:             36.9717
Station longitude:            -90.1432
Station altitude:             111.0 m
Regime:                       IMG
Component:                    
Unit:                         ug/m3
Matrix:                       
Laboratory code:              US03L
Instrument type:              filterpack
Instrument name:              filterpack_US9011
Method ref:                   US03L_IMPROVE_Davis
Blank correction:             Blank corrected
Volume std. temperature:      ambient
Volume std. pressure:         ambient
starttime endtime PM10 PM2.5 flag
  0.25   1.25  10.820   7.119 0.000
  3.25   4.25   3.710   1.692 0.000
  6.25   7.25  14.182   6.604 0.000
  9.25  10.25   7.278   3.446 0.000
 12.25  13.25   7.013   5.752 0.000
 15.25  16.25   8.065   4.855 0.000
 18.25  19.25   6.037   3.821 0.000
 21.25  22.25   6.839   4.314 0.000
 24.25  25.25   4.890   2.786 0.000
 27.25  28.25   5.217   2.552 0.000
 30.25  31.25  23.916   7.369 0.000
 33.25  34.25  12.105   5.123 0.000
 36.25  37.25  15.414   9.832 0.000
 39.25  40.25   7.431   3.436 0.000
 42.25  43.25   9.879   5.746 0.000
 45.25  46.25   6.850   4.075 0.000
 48.25  49.25  10.229   7.470 0.000
 51.25  52.25  16.102  11.638 0.000
 54.25  55.25  10.036   4.815 0.000
 57.25  58.25  10.304   6.494 0.000
 60.25  61.25   7.941   3.261 0.000
 63.25  64.25  10.996   5.731 0.000
 66.25  67.25  18.182   5.801 0.000
 69.25  70.25   6.147   3.040 0.000
 72.25  73.25   9.225   6.726 0.000
 75.25  76.25  17.966  10.065 0.000
 78.25  79.25  21.460  10.359 0.000
 81.25  82.25  10.618   4.931 0.000
 84.25  85.25   5.613   3.407 0.000
 87.25  88.25  11.326   6.532 0.000
 90.25  91.25  12.865   4.312 0.000
 93.25  94.25   9.389   3.820 0.000
 96.25  97.25  11.844   2.640 0.000
 99.25 100.25  21.297   6.879 0.000
102.25 103.25  51.117  10.690 0.000
105.25 106.25  13.320   3.861 0.000
108.25 109.25  14.554   6.686 0.000
111.25 112.25   4.728   2.687 0.000
114.25 115.25  16.047   5.712 0.000
117.25 118.25  12.467   5.715 0.000
120.25 121.25   8.198   1.644 0.000
123.25 124.25   2.937   1.624 0.000
126.25 127.25  17.666   5.871 0.000
129.25 130.25  26.392  12.236 0.000
132.25 133.25  15.801   6.925 0.000
135.25 136.25  28.968   9.941 0.000
138.25 139.25  12.033   5.335 0.000
141.25 142.25  13.865   4.614 0.000
144.25 145.25  10.315   3.256 0.000
147.25 148.25   8.422   3.846 0.000
150.25 151.25  14.493   5.881 0.000
153.25 154.25  19.345   8.805 0.000
156.25 157.25  16.222   5.171 0.000
159.25 160.25  23.166   7.408 0.000
162.25 163.25  20.951   7.125 0.000
165.25 166.25  11.762   4.663 0.000
168.25 169.25  10.449   5.577 0.000
171.25 172.25  22.322   8.155 0.000
174.25 175.25  10.982   3.310 0.000
177.25 178.25  16.624   5.798 0.000
180.25 181.25  12.803   4.792 0.000
183.25 184.25  10.726   5.793 0.000
186.25 187.25  10.814   4.972 0.000
189.25 190.25  17.410   6.563 0.000
192.25 193.25  25.664  11.188 0.000
195.25 196.25  16.683   5.762 0.000
198.25 199.25  25.277  10.844 0.000
201.25 202.25  30.429  15.635 0.000
204.25 205.25  21.032   8.677 0.000
207.25 208.25  30.705  14.625 0.000
210.25 211.25  11.698   4.987 0.000
213.25 214.25  22.961   9.100 0.000
216.25 217.25  12.893   3.694 0.000
219.25 220.25  15.582   8.024 0.000
222.25 223.25   9.746   5.845 0.000
225.25 226.25  11.370   6.678 0.000
228.25 229.25   8.980   3.427 0.000
231.25 232.25  16.003   7.027 0.000
234.25 235.25  13.755   5.111 0.000
237.25 238.25  17.292   8.769 0.000
240.25 241.25  17.789  10.560 0.000
243.25 244.25  15.678   9.442 0.000
246.25 247.25  27.395  16.289 0.000
249.25 250.25  20.289   5.621 0.000
252.25 253.25  16.471   6.870 0.000
255.25 256.25   8.992   5.520 0.000
258.25 259.25  19.907  11.170 0.000
261.25 262.25  23.887  10.410 0.000
264.25 265.25  24.931  12.025 0.000
267.25 268.25  16.612   8.857 0.000
270.25 271.25  14.601   3.257 0.000
273.25 274.25  18.149   6.242 0.000
276.25 277.25  47.452  17.005 0.000
279.25 280.25  36.633   9.342 0.000
282.25 283.25  16.571   6.128 0.000
285.25 286.25  19.145   8.580 0.000
288.25 289.25   6.491   2.341 0.000
291.25 292.25  43.093  14.949 0.000
294.25 295.25   7.742   2.199 0.000
297.25 298.25  12.523   2.743 0.000
300.25 301.25   6.984   2.012 0.000
303.25 304.25  18.337   4.741 0.000
306.25 307.25  14.333   7.994 0.000
309.25 310.25  10.223   5.183 0.000
312.25 313.25  10.235   3.495 0.000
315.25 316.25   9.462   5.369 0.000
318.25 319.25  11.603   7.301 0.000
321.25 322.25   8.641   4.426 0.000
324.25 325.25  19.174   6.088 0.000
327.25 328.25  24.463  10.227 0.000
330.25 331.25  24.923   7.194 0.000
333.25 334.25  32.369  11.337 0.000
336.25 337.25  31.491  10.683 0.000
339.25 340.25   9.582   3.824 0.000
342.25 343.25  16.544   5.945 0.000
345.25 346.25  35.553   6.443 0.000
348.25 349.25  35.175   7.172 0.000
351.25 352.25   7.271   5.383 0.000
354.25 355.25   9.713   6.192 0.000
357.25 358.25  11.837   8.965 0.000
360.25 361.25   6.780   3.876 0.000
363.25 364.25  11.180   6.620 0.000
