scripts/IMPROVE-2019_partial/data/US9023R.20010302050000.20191216000000.filterpack..pm25.10mo.1w.US03L_filterpack_US9023.US03L_IMPROVE_Davis.lev2.nas
66 1001
MISSING INFORMATION
US03L, IMPROVE, , , , , , , 
MISSING INFORMATION
IMPROVE sel_HTAP
1 1
2001 01 01 2019 12 16
3.000000
days from file reference point
27
1 1 1 1 1 1 1 1 1 1 1 1 1 1 1 1 1 1 1 1 1 1 1 1 1 1 1
999.999999 9999.99 9.999 99.99 9.999 9.999 9.999999 99.99 9.999999 9.999 9.999 99.999 9.999 99.999 9.999 999.99 9.999999 999.999 9.999 999.999 9.999 999.999 9.999 9.999 9.999 99.999 9.999
end_time of measurement, days from the file reference point
iron, ng/m3, Revision date=20181210133000
numflag iron, no unit, Revision date=20181210133000
lead, ng/m3, Revision date=20181210133000
numflag lead, no unit, Revision date=20181210133000
magnesium, ug/m3, Revision date=20181210133000
numflag magnesium, no unit, Revision date=20181210133000
nickel, ng/m3, Revision date=20181210133000
numflag nickel, no unit, Revision date=20181210133000
nitrate, ug N/m3, Revision date=20181210133000
numflag nitrate, no unit, Revision date=20181210133000
organic_carbon, ug C/m3, Revision date=20181210133000
numflag organic_carbon, no unit, Revision date=20181210133000
organic_mass, ug/m3, Revision date=20181210133000
numflag organic_mass, no unit, Revision date=20181210133000
phosphorus, ng/m3, Revision date=20181210133000
numflag phosphorus, no unit, Revision date=20181210133000
pm10_mass, ug/m3, Version=2, Version description=Data extracted from http://views.cira.colostate.edu/fed/DataWizard 2019-12-16, Sample duration=1d, Orig. time res.=3d, Matrix=pm10, Blank correction=Blank corrected, Volume std. temperature=ambient, Volume std. pressure=ambient
numflag pm10_mass, no unit, Version=2, Version description=Data extracted from http://views.cira.colostate.edu/fed/DataWizard 2019-12-16, Sample duration=1d, Orig. time res.=3d, Matrix=pm10, Blank correction=Blank corrected, Volume std. temperature=ambient, Volume std. pressure=ambient
pm10_pm25_mass, ug/m3, Revision date=20181210133000, Matrix=pm10_pm25
numflag pm10_pm25_mass, no unit, Revision date=20181210133000, Matrix=pm10_pm25
pm25_mass, ug/m3, Version=2, Version description=Data extracted from http://views.cira.colostate.edu/fed/DataWizard 2019-12-16, Sample duration=1d, Orig. time res.=3d, Blank correction=Blank corrected, Volume std. temperature=ambient, Volume std. pressure=ambient
numflag pm25_mass, no unit, Version=2, Version description=Data extracted from http://views.cira.colostate.edu/fed/DataWizard 2019-12-16, Sample duration=1d, Orig. time res.=3d, Blank correction=Blank corrected, Volume std. temperature=ambient, Volume std. pressure=ambient
potassium, ug/m3, Revision date=20181210133000
numflag potassium, no unit, Revision date=20181210133000
sulphate_total, ug S/m3, Revision date=20181210133000
numflag sulphate_total, no unit, Revision date=20181210133000
0
25
Data definition:              EBAS_1.1
Set type code:                TU
Timezone:                     UTC
File name:                    US9023R.20010302050000.20191216000000.filterpack..pm25.10mo.1w.US03L_filterpack_US9023.US03L_IMPROVE_Davis.lev2.nas
File creation:                20191218120636
Startdate:                    20010302050000
Revision date:                20191216000000
Statistics:                   arithmetic mean
Data level:                   2
Period code:                  10mo
Resolution code:              1w
Station code:                 US9023R
Platform code:                US9023S
Station name:                 Proctor Maple R. F.
Station latitude:             44.5284
Station longitude:            -72.8688
Station altitude:             401.0 m
Regime:                       IMG
Component:                    
Matrix:                       pm25
Laboratory code:              US03L
Instrument type:              filterpack
Instrument name:              filterpack_US9023
Method ref:                   US03L_IMPROVE_Davis
starttime endtime Fe flag_Fe Pb flag_Pb Mg++ flag_Mg++ Ni flag_Ni NO3- flag_NO3- OC flag_OC OM flag_OM P flag_P PM10 flag_PM10 PM10-PM2.5 flag_PM10-PM2.5 PM2.5 flag_PM2.5 K+ flag_K+ SO4-- flag_SO4--
[from data line 81]
303.208333 304.208333    9.95 0.559  1.85 0.559 9.999 0.559259  0.86 0.559000 0.064 0.000  0.675 0.000  0.946 0.000 999.99 0.559259   4.016 0.000   1.430 0.000   2.587 0.559 0.018 0.559  0.226 0.000
306.208333 307.208333   13.79 0.559  1.41 0.559 9.999 0.559259 99.99 0.559259 0.123 0.000  1.155 0.000  1.617 0.000 999.99 0.559259   7.316 0.000   2.892 0.000   4.424 0.559 0.039 0.559  0.549 0.000
309.208333 310.208333    7.97 0.559  1.59 0.559 9.999 0.559259  0.20 0.559000 0.058 0.000  0.708 0.000  0.991 0.000 999.99 0.559259   3.576 0.000   1.064 0.000   2.512 0.559 0.019 0.559  0.282 0.000
312.208333 313.208333    7.21 0.559  1.01 0.559 9.999 0.559259  0.40 0.559000 0.075 0.000  0.381 0.000  0.534 0.000 999.99 0.559259   3.244 0.000   1.022 0.000   2.221 0.559 0.014 0.559  0.268 0.000
315.208333 316.208333    2.19 0.559  0.70 0.559 9.999 0.559259 99.99 0.559259 0.039 0.000  0.414 0.000  0.580 0.000 999.99 0.559259   2.594 0.000   0.830 0.000   1.764 0.559 0.017 0.559  0.170 0.000
318.208333 319.208333   48.16 0.559  4.62 0.559 9.999 0.559259  0.42 0.559000 0.627 0.000  4.445 0.000  6.223 0.000 999.99 0.559259  26.000 0.000   4.910 0.000  21.090 0.559 0.079 0.559  2.298 0.000
321.208333 322.208333   12.10 0.559  2.65 0.559 9.999 0.559259  0.27 0.559000 0.052 0.000  1.201 0.000  1.681 0.000 999.99 0.559259   4.782 0.000   1.296 0.000   3.486 0.559 0.037 0.559  0.282 0.000
324.208333 325.208333    3.59 0.559  0.68 0.559 9.999 0.559259  0.22 0.559000 0.037 0.000  0.162 0.000  0.227 0.000 999.99 0.559259   2.092 0.000   0.552 0.000   1.540 0.559 0.015 0.559  0.199 0.000
327.208333 328.208333   12.72 0.559  1.62 0.559 9.999 0.559259  0.78 0.559000 0.138 0.000  0.808 0.000  1.132 0.000 999.99 0.559259   8.102 0.000   1.356 0.000   6.746 0.559 0.028 0.559  1.101 0.000
330.208333 331.208333   17.32 0.000  2.99 0.000 9.999 0.259000  0.39 0.000000 0.469 0.000  1.229 0.000  1.720 0.000 999.99 0.259000  15.422 0.000   6.272 0.000   9.149 0.000 0.055 0.000  0.932 0.000
333.208333 334.208333    4.02 0.559  0.83 0.559 9.999 0.559259  0.38 0.559000 0.070 0.000  0.634 0.000  0.888 0.000 999.99 0.559259   4.836 0.000   0.766 0.000   4.070 0.559 0.024 0.559  0.544 0.000
336.208333 337.208333   14.93 0.559  2.21 0.559 9.999 0.559259 99.99 0.559259 0.251 0.000  1.026 0.000  1.436 0.000 999.99 0.559259   6.944 0.000   1.559 0.000   5.386 0.559 0.020 0.559  0.712 0.000
339.208333 340.208333   16.97 0.559  1.38 0.559 9.999 0.559259 99.99 0.559259 0.033 0.000  1.090 0.000  1.526 0.000 999.99 0.559259   6.614 0.000   1.862 0.000   4.752 0.559 0.027 0.559  0.602 0.000
342.208333 343.208333    6.84 0.000  2.98 0.000 9.999 0.259000 99.99 0.259000 0.201 0.000  1.196 0.000  1.675 0.000 999.99 0.259000   5.187 0.000   1.326 0.000   3.861 0.000 0.024 0.000  0.232 0.000
345.208333 346.208333   20.07 0.559  3.43 0.559 9.999 0.559259  0.52 0.559000 0.290 0.000  1.277 0.000  1.788 0.000 999.99 0.559259   7.697 0.000   1.285 0.000   6.412 0.559 0.038 0.559  0.771 0.000
348.208333 349.208333    5.17 0.559  1.11 0.559 9.999 0.559259  0.18 0.559000 0.113 0.000  0.526 0.000  0.736 0.000 999.99 0.559259   2.594 0.000   0.418 0.000   2.175 0.559 0.016 0.559  0.235 0.000
351.208333 352.208333   13.59 0.000  3.40 0.000 9.999 0.259000  0.63 0.000000 0.338 0.000  1.429 0.000  2.001 0.000 999.99 0.259000   6.088 0.000 999.999 0.259   6.202 0.000 0.042 0.000  0.466 0.000
354.208333 355.208333    5.96 0.559  0.92 0.559 9.999 0.559259  0.26 0.559000 0.100 0.000  0.387 0.000  0.542 0.000 999.99 0.559259   1.852 0.000   0.236 0.000   1.616 0.559 0.012 0.559  0.184 0.000
357.208333 358.208333    9.71 0.000  1.68 0.000 9.999 0.259000  0.78 0.000000 0.318 0.000  1.157 0.000  1.620 0.000 999.99 0.259000   6.610 0.000   0.904 0.000   5.705 0.000 0.025 0.000  0.560 0.000
360.208333 361.208333   10.96 0.000  1.91 0.000 9.999 0.259000  0.30 0.000000 0.302 0.559  1.164 0.000  1.629 0.000 999.99 0.259000   7.534 0.000   1.139 0.000   6.395 0.000 0.031 0.000  0.744 0.559
363.208333 364.208333    5.29 0.559  3.52 0.559 9.999 0.559259 99.99 0.559259 0.111 0.000  0.554 0.000  0.776 0.000 999.99 0.559259   4.419 0.000   1.146 0.000   3.273 0.559 0.020 0.559  0.435 0.000
