scripts/IMPROVE-2019_partial/data/US9073R.20030103060000.20191216000000.filterpack..pm25.1y.1w.US03L_filterpack_US9073.US03L_IMPROVE_Davis.lev2.nas
66 1001
MISSING INFORMATION
US03L, IMPROVE, , , , , , , 
MISSING INFORMATION
IMPROVE sel_HTAP
1 1
2003 01 01 2019 12 16
3.00
days from file reference point
27
1 1 1 1 1 1 1 1 1 1 1 1 1 1 1 1 1 1 1 1 1 1 1 1 1 1 1
999.99 9999.99 9.999 99.99 9.999 9.999 9.999 9.99 9.999 99.999 9.999 99.999 9.999 99.999 9.999 99.99 9.999 999.999 9.999 999.999 9.999 999.999 9.999 9.999 9.999 99.999 9.999
end_time of measurement, days from the file reference point
iron, ng/m3, Revision date=20181210133000
numflag iron, no unit, Revision date=20181210133000
lead, ng/m3, Revision date=20181210133000
numflag lead, no unit, Revision date=20181210133000
magnesium, ug/m3, Revision date=20181210133000
numflag magnesium, no unit, Revision date=20181210133000
nickel, ng/m3, Revision date=20181210133000
numflag nickel, no unit, Revision date=20181210133000
nitrate, ug N/m3, Revision date=20181210133000
numflag nitrate, no unit, Revision date=20181210133000
organic_carbon, ug C/m3, Revision date=20181210133000
numflag organic_carbon, no unit, Revision date=20181210133000
organic_mass, ug/m3, Revision date=20181210133000
numflag organic_mass, no unit, Revision date=20181210133000
phosphorus, ng/m3, Revision date=20181210133000
numflag phosphorus, no unit, Revision date=20181210133000
pm10_mass, ug/m3, Version=2, Version description=Data extracted from http://views.cira.colostate.edu/fed/DataWizard 2019-12-16, Sample duration=1d, Orig. time res.=3d, Matrix=pm10, Blank correction=Blank corrected, Volume std. temperature=ambient, Volume std. pressure=ambient
numflag pm10_mass, no unit, Version=2, Version description=Data extracted from http://views.cira.colostate.edu/fed/DataWizard 2019-12-16, Sample duration=1d, Orig. time res.=3d, Matrix=pm10, Blank correction=Blank corrected, Volume std. temperature=ambient, Volume std. pressure=ambient
pm10_pm25_mass, ug/m3, Revision date=20181210133000, Matrix=pm10_pm25
numflag pm10_pm25_mass, no unit, Revision date=20181210133000, Matrix=pm10_pm25
pm25_mass, ug/m3, Version=2, Version description=Data extracted from http://views.cira.colostate.edu/fed/DataWizard 2019-12-16, Sample duration=1d, Orig. time res.=3d, Blank correction=Blank corrected, Volume std. temperature=ambient, Volume std. pressure=ambient
numflag pm25_mass, no unit, Version=2, Version description=Data extracted from http://views.cira.colostate.edu/fed/DataWizard 2019-12-16, Sample duration=1d, Orig. time res.=3d, Blank correction=Blank corrected, Volume std. temperature=ambient, Volume std. pressure=ambient
potassium, ug/m3, Revision date=20181210133000
numflag potassium, no unit, Revision date=20181210133000
sulphate_total, ug S/m3, Revision date=20181210133000
numflag sulphate_total, no unit, Revision date=20181210133000
0
25
Data definition:              EBAS_1.1
Set type code:                TU
Timezone:                     UTC
File name:                    US9073R.20030103060000.20191216000000.filterpack..pm25.1y.1w.US03L_filterpack_US9073.US03L_IMPROVE_Davis.lev2.nas
File creation:                20191218121030
Startdate:                    20030103060000
Revision date:                20191216000000
Statistics:                   arithmetic mean
Data level:                   2
Period code:                  1y
Resolution code:              1w
Station code:                 US9073R
Platform code:                US9073S
Station name:                 Wichita Mountains
Station latitude:             34.7323
Station longitude:            -98.713
Station altitude:             509.0 m
Regime:                       IMG
Component:                    
Matrix:                       pm25
Laboratory code:              US03L
Instrument type:              filterpack
Instrument name:              filterpack_US9073
Method ref:                   US03L_IMPROVE_Davis
starttime endtime Fe flag_Fe Pb flag_Pb Mg++ flag_Mg++ Ni flag_Ni NO3- flag_NO3- OC flag_OC OM flag_OM P flag_P PM10 flag_PM10 PM10-PM2.5 flag_PM10-PM2.5 PM2.5 flag_PM2.5 K+ flag_K+ SO4-- flag_SO4--
  2.25   3.25    7.38 0.000  0.89 0.000 0.013 0.000 9.99 0.259  0.107 0.000  0.547 0.000  0.766 0.000 99.99 0.259   4.895 0.000   3.173 0.000   1.721 0.000 0.010 0.000  0.130 0.000
  5.25   6.25   14.21 0.000  1.22 0.000 9.999 0.259 9.99 0.259  0.746 0.000  0.795 0.000  1.113 0.000 99.99 0.259  14.731 0.000   6.722 0.000   8.008 0.000 0.019 0.000  0.618 0.000
  8.25   9.25   39.55 0.000  0.37 0.000 9.999 0.259 0.11 0.000  0.112 0.000  0.759 0.000  1.063 0.000 99.99 0.259  25.728 0.000  21.537 0.000   4.191 0.000 0.042 0.000  0.337 0.000
 11.25  12.25   17.54 0.000  1.68 0.000 0.027 0.000 9.99 0.259  0.952 0.000  2.187 0.000  3.062 0.000 99.99 0.259  16.175 0.000   3.993 0.000  12.183 0.000 0.046 0.000  0.614 0.000
 14.25  15.25   26.85 0.000  1.85 0.000 9.999 0.259 9.99 0.259  1.110 0.000  1.346 0.000  1.884 0.000 99.99 0.259  21.170 0.000   7.818 0.000  13.352 0.000 0.042 0.000  0.925 0.000
 17.25  18.25    7.26 0.000  0.19 0.000 9.999 0.259 9.99 0.259  0.199 0.000  0.423 0.000  0.593 0.000 99.99 0.259   5.187 0.000   3.355 0.000   1.832 0.000 0.016 0.000  0.126 0.000
 20.25  21.25   28.60 0.000  2.10 0.000 0.014 0.000 0.24 0.000  1.123 0.000  1.022 0.000  1.430 0.000 99.99 0.259  20.461 0.000  10.191 0.000  10.270 0.000 0.039 0.000  0.439 0.000
 23.25  24.25   24.24 0.000  1.81 0.000 9.999 0.259 9.99 0.259  0.942 0.000  1.563 0.000  2.188 0.000 99.99 0.259  17.979 0.000   8.024 0.000   9.955 0.000 0.040 0.000  0.429 0.000
 26.25  27.25   13.28 0.000  1.71 0.000 9.999 0.259 9.99 0.259  0.852 0.000  1.148 0.000  1.607 0.000 99.99 0.259  13.763 0.000   3.613 0.000  10.150 0.000 0.037 0.000  0.823 0.000
 29.25  30.25   14.10 0.000  1.18 0.000 9.999 0.259 9.99 0.259  1.637 0.000  0.970 0.000  1.358 0.000 99.99 0.259  20.373 0.000   4.875 0.000  15.498 0.000 0.025 0.000  1.169 0.000
 32.25  33.25   27.93 0.000  1.36 0.000 9.999 0.259 0.23 0.000  0.060 0.000  1.307 0.000  1.830 0.000 99.99 0.259  14.845 0.000   6.758 0.000   8.087 0.000 0.047 0.000  1.101 0.000
 35.25  36.25   23.02 0.000  1.14 0.000 9.999 0.259 9.99 0.259  0.448 0.000  1.964 0.000  2.749 0.000 99.99 0.259  12.676 0.000   5.642 0.000   7.034 0.000 0.043 0.000  0.351 0.000
 38.25  39.25   10.08 0.000  0.59 0.000 9.999 0.259 9.99 0.259  0.627 0.000  1.028 0.000  1.439 0.000 99.99 0.259   7.534 0.000   1.156 0.000   6.378 0.000 0.020 0.000  0.488 0.000
 41.25  42.25   16.17 0.000  0.87 0.000 9.999 0.259 9.99 0.259  0.510 0.000  1.099 0.000  1.539 0.000 99.99 0.259   8.159 0.000   3.280 0.000   4.879 0.000 0.038 0.000  0.331 0.000
 44.25  45.25   10.43 0.000  0.43 0.000 0.029 0.000 0.26 0.000  0.223 0.000  0.794 0.000  1.112 0.000 99.99 0.259   9.714 0.000   4.363 0.000   5.351 0.000 0.038 0.000  0.779 0.000
 47.25  48.25    9.83 0.000  0.61 0.000 0.026 0.000 9.99 0.259  0.846 0.000  0.664 0.000  0.929 0.000 99.99 0.259   8.249 0.000   2.348 0.000   5.901 0.000 0.017 0.000  0.357 0.000
 50.25  51.25    7.74 0.000  1.52 0.000 0.020 0.000 0.05 0.000  0.565 0.000  1.248 0.000  1.747 0.000 99.99 0.259   9.747 0.000   2.563 0.000   7.184 0.000 0.026 0.000  0.689 0.000
 53.25  54.25   10.41 0.000  1.49 0.000 9.999 0.259 9.99 0.259  0.951 0.000  0.694 0.000  0.972 0.000 99.99 0.259  11.983 0.000   0.981 0.000  11.003 0.000 0.017 0.000  1.080 0.000
 56.25  57.25    6.63 0.000  1.67 0.000 0.023 0.000 9.99 0.259  1.223 0.000  0.999 0.000  1.398 0.000 99.99 0.259  13.550 0.000   0.709 0.000  12.841 0.000 0.024 0.000  0.899 0.000
 59.25  60.25    4.57 0.000  1.41 0.000 9.999 0.259 0.14 0.000  0.751 0.000  0.937 0.000  1.312 0.000 99.99 0.259   9.848 0.000   0.559 0.000   9.289 0.000 0.016 0.000  0.874 0.000
 62.25  63.25   13.50 0.000  1.26 0.000 9.999 0.259 9.99 0.259  0.426 0.000  0.786 0.000  1.100 0.000 99.99 0.259  10.757 0.000   5.343 0.000   5.414 0.000 0.021 0.000  0.723 0.000
 65.25  66.25   36.94 0.000  1.48 0.000 9.999 0.259 0.20 0.000  0.421 0.000  2.074 0.000  2.904 0.000 99.99 0.259  15.428 0.000   8.423 0.000   7.004 0.000 0.070 0.000  0.547 0.000
 68.25  69.25   34.73 0.000  2.35 0.000 9.999 0.259 0.07 0.000  0.925 0.000  3.006 0.000  4.209 0.000 99.99 0.259  22.601 0.000   9.251 0.000  13.350 0.000 0.062 0.000  0.710 0.000
 71.25  72.25   30.90 0.000  1.96 0.000 9.999 0.259 0.21 0.000  1.090 0.000  2.065 0.000  2.891 0.000 99.99 0.259  17.382 0.000   4.208 0.000  13.174 0.000 0.060 0.000  1.324 0.000
 74.25  75.25   28.26 0.000  1.14 0.000 9.999 0.259 0.31 0.000  0.173 0.000  1.592 0.000  2.228 0.000 99.99 0.259  13.186 0.000   4.793 0.000   8.394 0.000 0.059 0.000  1.079 0.000
 77.25  78.25   12.25 0.000  0.48 0.000 0.028 0.000 9.99 0.259  0.240 0.000  0.333 0.000  0.467 0.000 99.99 0.259   3.867 0.000   2.176 0.000   1.691 0.000 0.014 0.000  0.193 0.000
 80.25  81.25   16.99 0.000  0.92 0.000 9.999 0.259 9.99 0.259  0.341 0.000  1.078 0.000  1.509 0.000 99.99 0.259   7.818 0.000   2.520 0.000   5.298 0.000 0.033 0.000  0.615 0.000
 83.25  84.25   41.67 0.000  1.48 0.000 9.999 0.259 0.14 0.000  0.161 0.000  1.246 0.000  1.745 0.000 99.99 0.259  15.632 0.000  10.762 0.000   4.870 0.000 0.052 0.000  0.385 0.000
 86.25  87.25   12.93 0.000  0.26 0.000 9.999 0.259 9.99 0.259  0.160 0.000  0.353 0.000  0.495 0.000 99.99 0.259   6.610 0.000   4.225 0.000   2.384 0.000 0.014 0.000  0.302 0.000
 89.25  90.25   20.75 0.000  1.11 0.000 0.014 0.000 9.99 0.259  0.057 0.000  0.552 0.000  0.773 0.000 99.99 0.259   7.984 0.000   4.957 0.000   3.027 0.000 0.023 0.000  0.350 0.000
 92.25  93.25   18.71 0.000  1.01 0.000 9.999 0.259 0.26 0.000  0.138 0.000  0.991 0.000  1.387 0.000 99.99 0.259  14.096 0.000   7.423 0.000   6.673 0.000 0.043 0.000  0.929 0.000
 95.25  96.25   35.87 0.000  1.04 0.000 9.999 0.259 9.99 0.259  0.243 0.000  2.309 0.000  3.233 0.000 99.99 0.259  17.651 0.000   7.023 0.000  10.628 0.000 0.076 0.000  1.092 0.000
 98.25  99.25   18.16 0.000  0.96 0.000 9.999 0.259 9.99 0.259  0.186 0.000  0.705 0.000  0.987 0.000 99.99 0.259   7.405 0.000   4.543 0.000   2.861 0.000 0.025 0.000  0.354 0.000
101.25 102.25   47.18 0.000  2.68 0.000 9.999 0.259 9.99 0.259  0.128 0.000  1.801 0.000  2.521 0.000 99.99 0.259  15.843 0.000   8.717 0.000   7.126 0.000 0.049 0.000  0.711 0.000
104.25 105.25   93.26 0.000  2.22 0.000 9.999 0.259 0.22 0.000  0.138 0.000  1.340 0.000  1.875 0.000 99.99 0.259  23.028 0.000  13.038 0.000   9.990 0.000 0.093 0.000  1.214 0.000
107.25 108.25   97.50 0.000  1.69 0.000 9.999 0.259 0.16 0.000  0.240 0.000  2.782 0.000  3.896 0.000 99.99 0.259  28.977 0.000  15.727 0.000  13.249 0.000 0.155 0.000  1.276 0.000
110.25 111.25   29.63 0.000  0.78 0.000 9.999 0.259 9.99 0.259  0.039 0.000  0.720 0.000  1.009 0.000 99.99 0.259   6.118 0.000   3.406 0.000   2.712 0.000 0.029 0.000  0.252 0.000
113.25 114.25  108.29 0.000  0.89 0.000 9.999 0.259 9.99 0.259  0.054 0.000  0.653 0.000  0.914 0.000 99.99 0.259  22.539 0.000  17.750 0.000   4.789 0.000 0.080 0.000  0.255 0.000
116.25 117.25   80.14 0.000  2.00 0.000 9.999 0.259 0.09 0.000  0.174 0.000  2.234 0.000  3.128 0.000 99.99 0.259  20.833 0.000  10.809 0.000  10.024 0.000 0.096 0.000  0.911 0.000
119.25 120.25   50.69 0.000  0.80 0.000 9.999 0.259 0.19 0.000  0.080 0.000  1.527 0.000  2.139 0.000 99.99 0.259  14.587 0.000   6.309 0.000   8.279 0.000 0.110 0.000  1.066 0.000
122.25 123.25 9999.99 0.999 99.99 0.999 9.999 0.999 9.99 0.999 99.999 0.999 99.999 0.999 99.999 0.999 99.99 0.999 999.999 0.999 999.999 0.999 999.999 0.999 9.999 0.999 99.999 0.999
125.25 126.25   77.15 0.000  0.92 0.000 9.999 0.259 0.04 0.000  0.041 0.000  1.219 0.000  1.706 0.000 99.99 0.259  19.848 0.000  15.119 0.000   4.729 0.000 0.080 0.000  0.290 0.000
128.25 129.25  348.74 0.000  1.62 0.000 9.999 0.259 0.11 0.000  0.178 0.000  6.473 0.000  9.062 0.000 99.99 0.259  51.629 0.000  27.110 0.000  24.519 0.000 0.513 0.000  1.286 0.000
131.25 132.25   21.28 0.000  0.90 0.000 9.999 0.259 9.99 0.259  0.026 0.000  1.092 0.000  1.529 0.000 99.99 0.259  10.582 0.000   7.110 0.000   3.472 0.000 0.034 0.000  0.257 0.000
134.25 135.25  214.25 0.000  1.69 0.000 9.999 0.259 0.20 0.000  0.342 0.000  3.185 0.000  4.460 0.000 99.99 0.259  31.085 0.000  11.161 0.000  19.924 0.000 0.224 0.000  2.280 0.000
137.25 138.25   35.82 0.000  2.08 0.000 9.999 0.259 9.99 0.259  0.067 0.000  1.579 0.000  2.210 0.000 99.99 0.259  17.733 0.000   5.391 0.000  12.342 0.000 0.059 0.000  2.001 0.000
140.25 141.25   20.04 0.000  2.03 0.000 9.999 0.259 9.99 0.259  0.110 0.000  1.521 0.000  2.129 0.000 99.99 0.259   9.315 0.000   3.657 0.000   5.657 0.000 0.024 0.000  0.552 0.000
143.25 144.25   31.32 0.000  1.43 0.000 9.999 0.259 9.99 0.259  0.186 0.000  2.399 0.000  3.359 0.000 99.99 0.259  20.255 0.000   5.452 0.000  14.803 0.000 0.057 0.000  2.128 0.000
146.25 147.25   19.95 0.000  1.76 0.000 9.999 0.259 9.99 0.259  0.038 0.000  1.982 0.000  2.775 0.000 99.99 0.259  14.161 0.000   4.724 0.000   9.437 0.000 0.031 0.000  1.236 0.000
149.25 150.25   39.02 0.000  1.11 0.000 9.999 0.259 0.10 0.000  0.033 0.000  1.864 0.000  2.609 0.000 99.99 0.259  21.326 0.000  13.103 0.000   8.224 0.000 0.065 0.000  0.991 0.000
152.25 153.25   14.43 0.000 99.99 0.259 9.999 0.259 0.13 0.000  0.032 0.000  0.954 0.000  1.336 0.000 99.99 0.259   8.019 0.000   4.879 0.000   3.140 0.000 0.017 0.000  0.248 0.000
155.25 156.25   34.35 0.000  1.26 0.000 9.999 0.259 9.99 0.259  0.079 0.000  1.448 0.000  2.028 0.000 99.99 0.259  10.770 0.000   2.607 0.000   8.163 0.000 0.039 0.000  1.037 0.000
158.25 159.25    5.54 0.000 99.99 0.259 9.999 0.259 9.99 0.259  0.010 0.000  0.704 0.000  0.985 0.000 99.99 0.259   4.158 0.000   2.317 0.000   1.842 0.000 0.008 0.000  0.147 0.000
161.25 162.25   26.39 0.000  2.15 0.000 9.999 0.259 0.13 0.000  0.044 0.000  1.446 0.000  2.024 0.000 99.99 0.259  12.574 0.000   6.233 0.000   6.341 0.000 0.058 0.000  0.713 0.000
164.25 165.25   19.15 0.000  0.96 0.000 9.999 0.259 9.99 0.259  0.027 0.000  1.111 0.000  1.555 0.000 99.99 0.259   7.807 0.000   2.779 0.000   5.029 0.000 0.028 0.000  0.521 0.000
167.25 168.25   27.14 0.000  1.94 0.000 0.064 0.000 0.13 0.000  0.036 0.000  1.966 0.000  2.752 0.000 99.99 0.259  21.039 0.000   6.658 0.000  14.381 0.000 0.039 0.000  2.188 0.000
170.25 171.25   24.44 0.000  1.47 0.000 9.999 0.259 9.99 0.259  0.030 0.000  1.956 0.000  2.738 0.000 99.99 0.259  18.861 0.000   5.153 0.000  13.708 0.000 0.046 0.000  2.098 0.000
173.25 174.25   20.44 0.000  1.13 0.000 9.999 0.259 0.18 0.000  0.088 0.000  1.317 0.000  1.843 0.000 99.99 0.259  13.889 0.000   6.039 0.000   7.850 0.000 0.022 0.000  1.170 0.000
176.25 177.25   16.12 0.000 99.99 0.259 9.999 0.259 9.99 0.259  0.061 0.000  0.943 0.000  1.320 0.000 99.99 0.259   9.481 0.000   5.663 0.000   3.818 0.000 0.040 0.000  0.396 0.000
179.25 180.25   16.11 0.000  0.76 0.000 9.999 0.259 9.99 0.259  0.031 0.000  1.674 0.000  2.344 0.000 99.99 0.259  10.830 0.000   3.616 0.000   7.214 0.000 0.025 0.000  0.772 0.000
182.25 183.25   41.09 0.000  0.78 0.000 0.061 0.000 9.99 0.259  0.041 0.000  2.728 0.000  3.819 0.000 99.99 0.259  19.149 0.000   6.806 0.000  12.342 0.000 0.051 0.000  1.478 0.000
185.25 186.25  126.79 0.000  3.21 0.000 9.999 0.259 0.11 0.000  0.138 0.000  1.218 0.000  1.705 0.000 99.99 0.259  15.779 0.000   7.616 0.000   8.163 0.000 0.310 0.000  0.726 0.000
188.25 189.25   90.28 0.000  0.23 0.000 9.999 0.259 0.21 0.000  0.083 0.000  0.683 0.000  0.956 0.000 99.99 0.259  13.371 0.000   6.930 0.000   6.440 0.000 0.042 0.000  0.773 0.000
191.25 192.25   53.91 0.000  0.58 0.000 9.999 0.259 0.17 0.000  0.076 0.000  2.312 0.000  3.236 0.000 99.99 0.259  17.606 0.000   9.816 0.000   7.790 0.000 0.051 0.000  0.558 0.000
194.25 195.25  145.37 0.000  0.69 0.000 9.999 0.259 0.11 0.000  0.063 0.000  1.314 0.000  1.840 0.000 99.99 0.259  18.628 0.000  11.170 0.000   7.458 0.000 0.069 0.000  0.530 0.000
197.25 198.25   74.83 0.000  0.22 0.000 9.999 0.259 0.14 0.000  0.097 0.000  0.654 0.000  0.915 0.000 99.99 0.259  11.464 0.000   6.825 0.000   4.640 0.000 0.042 0.000  0.349 0.000
200.25 201.25  270.65 0.000  0.60 0.000 9.999 0.259 0.13 0.000  0.094 0.000  1.215 0.000  1.701 0.000 99.99 0.259  26.052 0.000  14.397 0.000  11.655 0.000 0.107 0.000  0.821 0.000
203.25 204.25   40.44 0.000  1.26 0.000 9.999 0.259 9.99 0.259  0.036 0.000  2.020 0.000  2.828 0.000 99.99 0.259  15.861 0.000   8.947 0.000   6.914 0.000 0.059 0.000  0.526 0.000
206.25 207.25  477.96 0.000  1.42 0.000 9.999 0.259 0.23 0.000  0.139 0.559  1.881 0.000  2.634 0.000 99.99 0.259  38.503 0.000  22.512 0.000  15.991 0.000 0.197 0.000  1.209 0.559
209.25 210.25  315.29 0.000  0.81 0.000 9.999 0.259 0.18 0.000  0.096 0.000  1.682 0.000  2.355 0.000 99.99 0.259  29.690 0.000  18.086 0.000  11.604 0.000 0.136 0.000  0.712 0.000
212.25 213.25  348.31 0.000  0.90 0.000 9.999 0.259 0.24 0.000  0.097 0.000  1.995 0.000  2.793 0.000 99.99 0.259  27.531 0.000  14.340 0.000  13.191 0.000 0.204 0.000  0.845 0.000
215.25 216.25  394.57 0.000  0.57 0.000 9.999 0.259 0.36 0.000  0.127 0.559  1.646 0.000  2.304 0.000 99.99 0.259  34.435 0.000  19.327 0.000  15.107 0.000 0.196 0.000  1.054 0.559
218.25 219.25  106.51 0.000  0.70 0.000 9.999 0.259 9.99 0.259  0.042 0.000  2.730 0.000  3.822 0.000 99.99 0.259  21.655 0.000  10.010 0.000  11.645 0.000 0.068 0.000  1.007 0.000
221.25 222.25   21.68 0.000  1.14 0.000 9.999 0.259 9.99 0.259  0.042 0.559  3.403 0.000  4.765 0.000 99.99 0.259  18.984 0.000   4.461 0.000  14.523 0.000 0.035 0.000  1.387 0.559
224.25 225.25   30.15 0.000  1.64 0.000 9.999 0.259 9.99 0.259  0.032 0.000  2.522 0.000  3.531 0.000 99.99 0.259  19.097 0.000   5.178 0.000  13.919 0.000 0.038 0.000  1.821 0.000
227.25 228.25  195.96 0.000  0.63 0.000 9.999 0.259 0.12 0.000  0.076 0.000  1.404 0.000  1.966 0.000 99.99 0.259  15.861 0.000   8.255 0.000   7.606 0.000 0.095 0.000  0.400 0.000
230.25 231.25   73.52 0.000  0.89 0.000 9.999 0.259 9.99 0.259  0.057 0.000  1.838 0.000  2.573 0.000 99.99 0.259  18.411 0.000   8.082 0.000  10.329 0.000 0.052 0.000  1.230 0.000
233.25 234.25   45.68 0.000  0.62 0.000 9.999 0.259 0.18 0.000  0.045 0.000  2.149 0.000  3.009 0.000 99.99 0.259  16.848 0.000   8.001 0.000   8.847 0.000 0.044 0.000  0.986 0.000
236.25 237.25   36.96 0.000  1.50 0.000 9.999 0.259 0.12 0.000  0.057 0.559  4.067 0.000  5.694 0.000 99.99 0.259  24.778 0.000   8.021 0.000  16.757 0.000 0.158 0.000  1.818 0.559
239.25 240.25   23.98 0.000  0.62 0.000 0.052 0.000 0.18 0.000  0.041 0.000  1.686 0.000  2.361 0.000 99.99 0.259  14.546 0.000   6.968 0.000   7.579 0.000 0.038 0.000  0.863 0.000
242.25 243.25    4.45 0.000  0.34 0.000 9.999 0.259 9.99 0.259  0.132 0.000  1.324 0.000  1.853 0.000 99.99 0.259   4.836 0.000   1.696 0.000   3.140 0.000 0.007 0.000  0.188 0.000
245.25 246.25    9.59 0.000  1.00 0.000 9.999 0.259 0.13 0.000  0.042 0.000  1.264 0.000  1.769 0.000 99.99 0.259   9.163 0.000   3.602 0.000   5.562 0.000 0.015 0.000  0.697 0.000
248.25 249.25   24.86 0.000  1.48 0.000 9.999 0.259 0.06 0.000  0.039 0.559  3.295 0.000  4.613 0.000 99.99 0.259  17.733 0.000   8.192 0.000   9.541 0.000 0.040 0.000  0.862 0.559
251.25 252.25   34.52 0.000  1.81 0.000 9.999 0.259 0.26 0.000  0.047 0.559  3.342 0.000  4.679 0.000 99.99 0.259  27.611 0.000   8.274 0.000  19.337 0.000 0.043 0.000  2.651 0.559
254.25 255.25    5.09 0.000  0.30 0.000 0.060 0.000 9.99 0.259  0.048 0.000  1.352 0.000  1.893 0.000 99.99 0.259   6.242 0.000   3.132 0.000   3.110 0.000 0.009 0.000  0.152 0.000
257.25 258.25    9.08 0.000  0.97 0.000 9.999 0.259 9.99 0.259  0.025 0.000  1.343 0.000  1.880 0.000 99.99 0.259   8.422 0.000   4.043 0.000   4.378 0.000 0.014 0.000  0.374 0.000
260.25 261.25   32.59 0.000  0.84 0.000 9.999 0.259 0.13 0.000  0.054 0.000  1.630 0.000  2.283 0.000 99.99 0.259  25.907 0.000  18.052 0.000   7.854 0.000 0.054 0.000  0.879 0.000
263.25 264.25   18.88 0.000  2.05 0.000 9.999 0.259 0.15 0.000  0.074 0.000  1.923 0.000  2.692 0.000 99.99 0.259  11.367 0.000   3.052 0.000   8.315 0.000 0.035 0.000  0.969 0.000
