scripts/IMPROVE-2019_partial/data/US9053R.20140102060000.20191216000000.filterpack...52w.3d.US03L_filterpack_US9053.US03L_IMPROVE_Davis.lev2.nas
52 1001
MISSING INFORMATION
US03L, IMPROVE, , , , , , , 
MISSING INFORMATION
IMPROVE sel_HTAP
1 1
2014 01 01 2019 12 16
3.00
days from file reference point
5
1 1 1 1 1
999.99 999.999 9.999 999.999 9.999
end_time of measurement, days from the file reference point
pm10_mass, ug/m3, Matrix=pm10
numflag pm10_mass, no unit, Matrix=pm10
pm25_mass, ug/m3, Matrix=pm25
numflag pm25_mass, no unit, Matrix=pm25
0
33
Data definition:              EBAS_1.1
Set type code:                TU
Timezone:                     UTC
File name:                    US9053R.20140102060000.20191216000000.filterpack...52w.3d.US03L_filterpack_US9053.US03L_IMPROVE_Davis.lev2.nas
File creation:                20191218120908
Startdate:                    20140102060000
Revision date:                20191216000000
Version:                      2
Version description:          "Data extracted from http://views.cira.colostate.edu/fed/DataWizard 2019-12-16"
Statistics:                   arithmetic mean
Data level:                   2
Period code:                  52w
Resolution code:              3d
Sample duration:              1d
Orig. time res.:              3d
Station code:                 US9053R
Platform code:                US9053S
Station name:                 Viking Lake
Station latitude:             40.969
Station longitude:            -95.045
Station altitude:             371.0 m
Regime:                       IMG
Component:                    
Unit:                         ug/m3
Matrix:                       
Laboratory code:              US03L
Instrument type:              filterpack
Instrument name:              filterpack_US9053
Method ref:                   US03L_IMPROVE_Davis
Blank correction:             Blank corrected
Volume std. temperature:      ambient
Volume std. pressure:         ambient
starttime endtime PM10 flag_PM10 PM2.5 flag_PM2.5
  1.25   2.25  17.368 0.000   7.477 0.000
  4.25   5.25  12.312 0.000   2.811 0.000
  7.25   8.25  27.867 0.000  11.413 0.000
 10.25  11.25  10.051 0.000   7.089 0.000
 13.25  14.25  12.527 0.000   3.892 0.000
 16.25  17.25  13.816 0.000   1.690 0.000
 19.25  20.25  10.671 0.000   2.183 0.000
 22.25  23.25  12.670 0.000   1.871 0.000
 25.25  26.25  18.749 0.000   1.851 0.000
 28.25  29.25  21.282 0.000   4.070 0.000
 31.25  32.25  15.710 0.000   9.719 0.000
 34.25  35.25  18.421 0.000  11.372 0.000
 37.25  38.25  15.602 0.000   6.738 0.000
 40.25  41.25  19.958 0.000   7.558 0.000
 43.25  44.25  23.383 0.000  12.930 0.000
 46.25  47.25  15.982 0.000  11.450 0.000
 49.25  50.25   7.774 0.000   2.431 0.000
 52.25  53.25   6.488 0.000   4.050 0.000
 55.25  56.25  25.942 0.000   6.481 0.000
 58.25  59.25  20.757 0.000   9.331 0.000
 61.25  62.25  10.849 0.000   5.670 0.000
 64.25  65.25  39.636 0.000  33.607 0.000
 67.25  68.25  12.451 0.000   5.098 0.000
 70.25  71.25  14.551 0.000   7.141 0.000
 73.25  74.25  16.190 0.000   4.717 0.000
 76.25  77.25  17.212 0.000   9.891 0.000
 79.25  80.25  15.832 0.000   5.294 0.000
 82.25  83.25  20.964 0.000   9.423 0.000
 85.25  86.25  19.239 0.000  12.402 0.000
 88.25  89.25  32.725 0.000  18.260 0.000
 91.25  92.25  25.663 0.000  12.017 0.000
 94.25  95.25   7.926 0.000   5.268 0.000
 97.25  98.25  10.371 0.000   3.695 0.000
100.25 101.25  33.578 0.000   6.168 0.000
103.25 104.25   8.642 0.000   4.449 0.000
106.25 107.25  17.430 0.000  10.529 0.000
109.25 110.25  20.971 0.000  11.319 0.000
112.25 113.25  15.830 0.000   6.169 0.000
115.25 116.25  15.629 0.000   5.200 0.000
118.25 119.25   5.021 0.000   1.852 0.000
121.25 122.25  11.842 0.000 999.999 0.456
124.25 125.25  22.113 0.000   5.654 0.000
127.25 128.25  19.824 0.000   8.799 0.000
130.25 131.25  12.117 0.000   6.703 0.000
133.25 134.25  10.450 0.000   4.199 0.000
136.25 137.25  21.233 0.000   7.921 0.000
139.25 140.25  26.617 0.000  10.292 0.000
142.25 143.25  14.565 0.000   4.043 0.000
145.25 146.25   7.807 0.000   3.906 0.000
148.25 149.25  16.299 0.000   9.069 0.000
151.25 152.25  11.722 0.000   5.072 0.000
154.25 155.25   6.498 0.000   3.518 0.000
157.25 158.25  13.501 0.000   8.728 0.000
160.25 161.25  16.052 0.000   7.097 0.000
163.25 164.25  13.867 0.000   3.067 0.000
166.25 167.25  23.178 0.000  11.164 0.000
169.25 170.25  19.711 0.000   9.830 0.000
172.25 173.25  10.387 0.000   4.320 0.000
175.25 176.25  19.168 0.000   6.947 0.000
178.25 179.25  12.094 0.000   5.556 0.000
181.25 182.25 999.999 0.999   6.144 0.000
184.25 185.25 999.999 0.999   6.285 0.000
187.25 188.25  19.568 0.000   5.210 0.000
190.25 191.25  30.590 0.000  17.892 0.000
193.25 194.25  14.189 0.000   5.524 0.000
196.25 197.25  25.537 0.000   7.382 0.000
199.25 200.25  26.346 0.000  12.583 0.000
202.25 203.25  35.044 0.000  11.832 0.000
205.25 206.25  28.570 0.000   9.010 0.000
208.25 209.25  16.704 0.000   4.021 0.000
211.25 212.25  33.609 0.000   9.709 0.000
214.25 215.25  12.560 0.000   6.373 0.000
217.25 218.25  11.712 0.000   6.343 0.000
220.25 221.25  15.472 0.000  10.551 0.000
223.25 224.25  13.432 0.000   4.649 0.000
226.25 227.25  13.291 0.000   7.232 0.000
229.25 230.25  11.434 0.000   4.756 0.000
232.25 233.25  48.786 0.000  17.122 0.000
235.25 236.25  35.466 0.000  12.333 0.000
238.25 239.25  10.204 0.000   4.003 0.000
241.25 242.25  15.075 0.000   7.806 0.000
244.25 245.25  11.753 0.000   3.384 0.000
247.25 248.25  11.056 0.000   2.689 0.000
250.25 251.25  15.438 0.000   6.030 0.000
253.25 254.25   4.034 0.000   1.692 0.000
256.25 257.25   8.309 0.000   2.897 0.000
259.25 260.25  19.436 0.000   6.390 0.000
262.25 263.25  12.871 0.000   7.210 0.000
265.25 266.25  13.551 0.000   3.711 0.000
268.25 269.25  22.805 0.000  10.805 0.000
271.25 272.25  27.437 0.000  13.239 0.000
274.25 275.25   8.819 0.000   5.984 0.000
277.25 278.25   6.890 0.000   2.155 0.000
280.25 281.25  18.182 0.000   3.431 0.000
283.25 284.25  21.229 0.000   5.720 0.000
286.25 287.25  10.002 0.000   2.388 0.000
289.25 290.25  27.767 0.000   5.649 0.000
292.25 293.25  29.857 0.000   5.655 0.000
295.25 296.25  18.855 0.000   8.122 0.000
298.25 299.25  22.522 0.000   6.053 0.000
301.25 302.25  27.863 0.000   3.348 0.000
304.25 305.25  26.850 0.000   3.329 0.000
307.25 308.25  26.341 0.000   3.052 0.000
310.25 311.25  39.046 0.000   5.144 0.000
313.25 314.25  23.814 0.000   6.320 0.000
316.25 317.25  24.114 0.000   6.701 0.000
319.25 320.25  15.956 0.000  11.305 0.000
322.25 323.25 999.999 0.456   5.868 0.000
325.25 326.25  15.043 0.000   7.976 0.000
328.25 329.25   9.036 0.000 999.999 0.456
331.25 332.25  15.295 0.000   8.113 0.000
334.25 335.25  10.423 0.000   3.220 0.000
337.25 338.25  23.254 0.000  10.088 0.000
340.25 341.25  14.335 0.000  10.151 0.000
343.25 344.25  14.813 0.000  10.711 0.000
346.25 347.25  16.581 0.000  12.816 0.000
349.25 350.25   5.288 0.000   1.823 0.000
352.25 353.25  15.042 0.000  12.781 0.000
355.25 356.25   8.925 0.000   7.088 0.000
358.25 359.25 999.999 0.999 999.999 0.999
361.25 362.25 999.999 0.999 999.999 0.999
364.25 365.25  10.899 0.000   4.532 0.000
