scripts/IMPROVE-2019_partial/data/US9076R.20080101070000.20191216000000.filterpack...52w.3d.US03L_filterpack_US9076.US03L_IMPROVE_Davis.lev2.nas
52 1001
MISSING INFORMATION
US03L, IMPROVE, , , , , , , 
MISSING INFORMATION
IMPROVE sel_HTAP
1 1
2008 01 01 2019 12 16
3.000000
days from file reference point
5
1 1 1 1 1
999.999999 999.999 9.999 999.999 9.999
end_time of measurement, days from the file reference point
pm10_mass, ug/m3, Matrix=pm10
numflag pm10_mass, no unit, Matrix=pm10
pm25_mass, ug/m3, Matrix=pm25
numflag pm25_mass, no unit, Matrix=pm25
0
33
Data definition:              EBAS_1.1
Set type code:                TU
Timezone:                     UTC
File name:                    US9076R.20080101070000.20191216000000.filterpack...52w.3d.US03L_filterpack_US9076.US03L_IMPROVE_Davis.lev2.nas
File creation:                20191218121044
Startdate:                    20080101070000
Revision date:                20191216000000
Version:                      2
Version description:          "Data extracted from http://views.cira.colostate.edu/fed/DataWizard 2019-12-16"
Statistics:                   arithmetic mean
Data level:                   2
Period code:                  52w
Resolution code:              3d
Sample duration:              1d
Orig. time res.:              3d
Station code:                 US9076R
Platform code:                US9076S
Station name:                 Zion Canyon
Station latitude:             37.1983
Station longitude:            -113.1508
Station altitude:             1215.0 m
Regime:                       IMG
Component:                    
Unit:                         ug/m3
Matrix:                       
Laboratory code:              US03L
Instrument type:              filterpack
Instrument name:              filterpack_US9076
Method ref:                   US03L_IMPROVE_Davis
Blank correction:             Blank corrected
Volume std. temperature:      ambient
Volume std. pressure:         ambient
starttime endtime PM10 flag_PM10 PM2.5 flag_PM2.5
  0.291667   1.291667   4.737 0.000   0.598 0.659
  3.291667   4.291667   6.704 0.000   1.967 0.659
  6.291667   7.291667   2.321 0.000   1.012 0.659
  9.291667  10.291667   1.909 0.000   1.109 0.659
 12.291667  13.291667   1.734 0.000   0.804 0.659
 15.291667  16.291667   7.974 0.000   1.263 0.659
 18.291667  19.291667   3.120 0.000   1.376 0.659
 21.291667  22.291667   5.981 0.000   2.533 0.659
 24.291667  25.291667   2.276 0.000   1.186 0.659
 27.291667  28.291667   1.950 0.000   0.362 0.659
 30.291667  31.291667   1.170 0.000   0.793 0.659
 33.291667  34.291667   1.085 0.000   0.867 0.659
 36.291667  37.291667   2.680 0.000   1.157 0.659
 39.291667  40.291667   1.990 0.000   0.876 0.659
 42.291667  43.291667   1.816 0.000   0.824 0.659
 45.291667  46.291667   4.561 0.000   2.825 0.659
 48.291667  49.291667   3.154 0.000   1.193 0.659
 51.291667  52.291667   2.321 0.000   1.220 0.659
 54.291667  55.291667   3.082 0.000   1.279 0.659
 57.291667  58.291667   2.036 0.000   0.682 0.659
 60.291667  61.291667   5.763 0.000   1.702 0.659
 63.291667  64.291667  12.969 0.000   3.640 0.659
 66.291667  67.291667   4.895 0.000   1.395 0.659
 69.291667  70.291667   4.517 0.000   1.506 0.659
 72.291667  73.291667   7.791 0.000   2.884 0.659
 75.291667  76.291667   6.062 0.000   1.921 0.659
 78.291667  79.291667   8.280 0.000   4.096 0.000
 81.291667  82.291667  11.458 0.000   3.533 0.659
 84.291667  85.291667  10.632 0.000   4.076 0.659
 87.291667  88.291667  18.081 0.000   4.581 0.659
 90.291667  91.291667   3.610 0.000   1.666 0.659
 93.291667  94.291667   7.487 0.000   3.129 0.659
 96.291667  97.291667   9.380 0.000   4.406 0.659
 99.291667 100.291667   9.241 0.000   3.674 0.000
102.291667 103.291667   4.184 0.000   2.451 0.659
105.291667 106.291667  43.752 0.000  15.928 0.659
108.291667 109.291667  12.703 0.000   6.709 0.659
111.291667 112.291667  26.635 0.000  11.316 0.659
114.291667 115.291667  37.951 0.000  11.654 0.659
117.291667 118.291667  19.687 0.000   6.802 0.659
120.291667 121.291667  65.810 0.000  13.443 0.659
123.291667 124.291667   9.771 0.000   3.816 0.659
126.291667 127.291667  12.123 0.000   4.690 0.659
129.291667 130.291667  16.835 0.000   8.191 0.659
132.291667 133.291667  28.174 0.000   9.098 0.659
135.291667 136.291667   9.780 0.000   3.837 0.659
138.291667 139.291667   9.812 0.000   4.248 0.659
141.291667 142.291667 999.999 0.999 999.999 0.999
144.291667 145.291667   7.301 0.000   3.566 0.659
147.291667 148.291667   6.098 0.000   2.822 0.659
150.291667 151.291667   8.592 0.000   4.609 0.659
153.291667 154.291667   8.453 0.000   4.283 0.659
156.291667 157.291667   4.553 0.000   1.544 0.659
159.291667 160.291667   3.879 0.000   2.061 0.659
162.291667 163.291667  21.059 0.000   5.255 0.659
165.291667 166.291667   6.917 0.000   2.466 0.659
168.291667 169.291667   8.744 0.000   3.295 0.659
171.291667 172.291667   8.636 0.000   2.204 0.659
174.291667 175.291667  12.766 0.000   4.950 0.659
177.291667 178.291667  13.442 0.000   5.870 0.659
180.291667 181.291667  10.294 0.000   3.782 0.659
183.291667 184.291667  15.437 0.000   5.867 0.659
186.291667 187.291667  13.777 0.000   5.224 0.659
189.291667 190.291667   9.646 0.000   3.873 0.659
192.291667 193.291667  19.768 0.000   5.266 0.659
195.291667 196.291667  21.166 0.000   7.115 0.000
198.291667 199.291667   9.288 0.000   5.256 0.000
201.291667 202.291667  12.351 0.000   5.575 0.000
204.291667 205.291667   9.672 0.000   4.524 0.000
207.291667 208.291667   6.187 0.000   3.003 0.000
210.291667 211.291667  12.349 0.000   5.465 0.000
213.291667 214.291667  10.083 0.000   4.154 0.000
216.291667 217.291667  16.439 0.000   5.345 0.000
219.291667 220.291667   5.566 0.000   2.842 0.000
222.291667 223.291667   9.362 0.000   3.771 0.000
225.291667 226.291667   7.565 0.000   2.351 0.000
228.291667 229.291667   9.945 0.000   4.538 0.000
231.291667 232.291667  10.420 0.000   3.163 0.000
234.291667 235.291667   8.345 0.000   3.017 0.000
237.291667 238.291667   6.202 0.000   3.023 0.000
240.291667 241.291667  11.637 0.000   4.127 0.000
243.291667 244.291667   5.432 0.000   2.542 0.000
246.291667 247.291667  10.360 0.000   3.630 0.000
249.291667 250.291667  11.863 0.000   5.764 0.000
252.291667 253.291667  10.610 0.000   3.215 0.000
255.291667 256.291667   9.164 0.000   3.145 0.000
258.291667 259.291667  10.145 0.000   5.451 0.000
261.291667 262.291667   9.104 0.000   3.853 0.000
264.291667 265.291667   9.097 0.000   2.377 0.000
267.291667 268.291667  10.027 0.000   3.280 0.000
270.291667 271.291667   8.693 0.000   3.350 0.000
273.291667 274.291667   9.641 0.000   4.263 0.000
276.291667 277.291667  12.915 0.000   5.639 0.000
279.291667 280.291667   4.524 0.000   2.573 0.000
282.291667 283.291667   7.018 0.000   2.481 0.000
285.291667 286.291667   3.567 0.000   1.823 0.000
288.291667 289.291667   6.056 0.000   2.190 0.000
291.291667 292.291667   7.347 0.000   2.873 0.000
294.291667 295.291667   8.964 0.000   2.383 0.000
297.291667 298.291667  10.178 0.000   4.543 0.000
300.291667 301.291667  17.494 0.000   7.662 0.000
303.291667 304.291667  27.605 0.000  18.651 0.659
306.291667 307.291667   5.419 0.000   2.419 0.000
309.291667 310.291667   2.217 0.000   1.494 0.000
312.291667 313.291667   3.941 0.000   1.367 0.000
315.291667 316.291667   3.941 0.000   2.542 0.000
318.291667 319.291667   3.526 0.000   1.335 0.000
321.291667 322.291667   3.319 0.000   1.176 0.000
324.291667 325.291667   6.967 0.000   2.960 0.000
327.291667 328.291667   8.419 0.000   3.771 0.000
330.291667 331.291667   7.144 0.000   3.623 0.000
333.291667 334.291667   2.265 0.000   1.289 0.000
336.291667 337.291667  13.421 0.000 999.999 0.999
339.291667 340.291667 999.999 0.999 999.999 0.999
342.291667 343.291667   3.532 0.000   1.842 0.000
345.291667 346.291667 999.999 0.456   2.606 0.000
348.291667 349.291667   2.891 0.000   0.863 0.000
351.291667 352.291667   1.598 0.000   0.825 0.000
354.291667 355.291667   4.752 0.000   3.190 0.000
357.291667 358.291667   1.178 0.000   0.908 0.000
360.291667 361.291667   1.295 0.000   0.556 0.000
363.291667 364.291667   2.358 0.000   1.461 0.000
