scripts/IMPROVE-2019_partial/data/US9000R.20050101070000.20191216000000.filterpack..pm25.52w.1w.US03L_filterpack_US9000.US03L_IMPROVE_Davis.lev2.nas
60 1001
MISSING INFORMATION
US03L, IMPROVE, , , , , , , 
MISSING INFORMATION
IMPROVE sel_HTAP
1 1
2005 01 01 2019 12 16
3.000000
days from file reference point
21
1 1 1 1 1 1 1 1 1 1 1 1 1 1 1 1 1 1 1 1 1
999.999999 9999.99 9.999 99.99 9.999 9.999 9.999 9.99 9.999 9.999 9.999 99.99 9.999 999.999 9.999 99.999 9.999 9.999 9.999 9.999 9.999
end_time of measurement, days from the file reference point
iron, ng/m3, Revision date=20181210133000
numflag iron, no unit, Revision date=20181210133000
lead, ng/m3, Revision date=20181210133000
numflag lead, no unit, Revision date=20181210133000
magnesium, ug/m3, Revision date=20181210133000
numflag magnesium, no unit, Revision date=20181210133000
nickel, ng/m3, Revision date=20181210133000
numflag nickel, no unit, Revision date=20181210133000
nitrate, ug N/m3, Revision date=20181210133000
numflag nitrate, no unit, Revision date=20181210133000
phosphorus, ng/m3, Revision date=20181210133000
numflag phosphorus, no unit, Revision date=20181210133000
pm10_mass, ug/m3, Version=2, Version description=Data extracted from http://views.cira.colostate.edu/fed/DataWizard 2019-12-16, Sample duration=1d, Orig. time res.=3d, Matrix=pm10, Blank correction=Blank corrected, Volume std. temperature=ambient, Volume std. pressure=ambient
numflag pm10_mass, no unit, Version=2, Version description=Data extracted from http://views.cira.colostate.edu/fed/DataWizard 2019-12-16, Sample duration=1d, Orig. time res.=3d, Matrix=pm10, Blank correction=Blank corrected, Volume std. temperature=ambient, Volume std. pressure=ambient
pm25_mass, ug/m3, Version=2, Version description=Data extracted from http://views.cira.colostate.edu/fed/DataWizard 2019-12-16, Sample duration=1d, Orig. time res.=3d, Blank correction=Blank corrected, Volume std. temperature=ambient, Volume std. pressure=ambient
numflag pm25_mass, no unit, Version=2, Version description=Data extracted from http://views.cira.colostate.edu/fed/DataWizard 2019-12-16, Sample duration=1d, Orig. time res.=3d, Blank correction=Blank corrected, Volume std. temperature=ambient, Volume std. pressure=ambient
potassium, ug/m3, Revision date=20181210133000
numflag potassium, no unit, Revision date=20181210133000
sulphate_total, ug S/m3, Revision date=20181210133000
numflag sulphate_total, no unit, Revision date=20181210133000
0
25
Data definition:              EBAS_1.1
Set type code:                TU
Timezone:                     UTC
File name:                    US9000R.20050101070000.20191216000000.filterpack..pm25.52w.1w.US03L_filterpack_US9000.US03L_IMPROVE_Davis.lev2.nas
File creation:                20191218120515
Startdate:                    20050101070000
Revision date:                20191216000000
Statistics:                   arithmetic mean
Data level:                   2
Period code:                  52w
Resolution code:              1w
Station code:                 US9000R
Platform code:                US9000S
Station name:                 Rocky Mountain NP
Station latitude:             40.2783
Station longitude:            -105.5457
Station altitude:             2760.0 m
Regime:                       IMG
Component:                    
Matrix:                       pm25
Laboratory code:              US03L
Instrument type:              filterpack
Instrument name:              filterpack_US9000
Method ref:                   US03L_IMPROVE_Davis
starttime endtime Fe flag_Fe Pb flag_Pb Mg++ flag_Mg++ Ni flag_Ni NO3- flag_NO3- P flag_P PM10 flag_PM10 PM2.5 flag_PM2.5 K+ flag_K+ SO4-- flag_SO4--
  0.291667   1.291667    5.54 0.000 99.99 0.259 9.999 0.259 9.99 0.259 0.033 0.000 99.99 0.259   1.272 0.000  0.847 0.000 0.007 0.000 0.066 0.000
  3.291667   4.291667   12.39 0.000  0.82 0.000 9.999 0.259 9.99 0.259 0.392 0.000 99.99 0.259   5.379 0.000  4.937 0.000 0.015 0.000 0.338 0.000
  6.291667   7.291667    7.99 0.000  0.45 0.000 9.999 0.259 9.99 0.259 0.031 0.000 99.99 0.259   2.468 0.000  0.787 0.000 0.009 0.000 0.084 0.000
  9.291667  10.291667    2.20 0.000  0.46 0.000 0.009 0.000 0.22 0.000 0.061 0.000 99.99 0.259   1.142 0.000  0.404 0.000 0.002 0.000 0.032 0.000
 12.291667  13.291667   14.72 0.000 99.99 0.259 9.999 0.259 0.30 0.000 0.013 0.000  8.35 0.000   2.998 0.000  0.625 0.000 0.011 0.000 0.088 0.000
 15.291667  16.291667    3.85 0.000  0.41 0.000 0.010 0.000 0.15 0.000 0.005 0.000 99.99 0.259   0.533 0.000  0.309 0.000 0.005 0.000 0.042 0.000
 18.291667  19.291667    4.01 0.000 99.99 0.259 9.999 0.259 0.16 0.000 0.003 0.000 99.99 0.259   1.222 0.000  0.371 0.000 0.011 0.000 0.041 0.000
 21.291667  22.291667    9.51 0.000  0.20 0.000 9.999 0.259 9.99 0.259 0.219 0.000 99.99 0.259   2.297 0.000  1.677 0.000 0.013 0.000 0.145 0.000
 24.291667  25.291667   10.79 0.000  0.51 0.000 0.010 0.000 9.99 0.259 0.075 0.000  4.60 0.000   1.916 0.000  0.874 0.000 0.012 0.000 0.049 0.000
 27.291667  28.291667    4.10 0.000  0.52 0.000 0.009 0.000 9.99 0.259 0.069 0.000 99.99 0.259   1.390 0.000  0.967 0.000 0.003 0.000 0.118 0.000
 30.291667  31.291667    2.40 0.000  0.15 0.000 9.999 0.259 0.15 0.000 0.014 0.000 99.99 0.259   0.740 0.000  0.719 0.000 0.004 0.000 0.105 0.000
 33.291667  34.291667 9999.99 0.999 99.99 0.999 9.999 0.999 9.99 0.999 9.999 0.999 99.99 0.999 999.999 0.999 99.999 0.999 9.999 0.999 9.999 0.999
 36.291667  37.291667 9999.99 0.999 99.99 0.999 9.999 0.999 9.99 0.999 9.999 0.999 99.99 0.999 999.999 0.999 99.999 0.999 9.999 0.999 9.999 0.999
 39.291667  40.291667 9999.99 0.999 99.99 0.999 9.999 0.999 9.99 0.999 9.999 0.999 99.99 0.999 999.999 0.999 99.999 0.999 9.999 0.999 9.999 0.999
 42.291667  43.291667 9999.99 0.999 99.99 0.999 9.999 0.999 9.99 0.999 9.999 0.999 99.99 0.999 999.999 0.999 99.999 0.999 9.999 0.999 9.999 0.999
 45.291667  46.291667 9999.99 0.999 99.99 0.999 9.999 0.999 9.99 0.999 9.999 0.999 99.99 0.999 999.999 0.999 99.999 0.999 9.999 0.999 9.999 0.999
 48.291667  49.291667 9999.99 0.999 99.99 0.999 9.999 0.999 9.99 0.999 9.999 0.999 99.99 0.999 999.999 0.999 99.999 0.999 9.999 0.999 9.999 0.999
 51.291667  52.291667 9999.99 0.999 99.99 0.999 9.999 0.999 9.99 0.999 9.999 0.999 99.99 0.999 999.999 0.999 99.999 0.999 9.999 0.999 9.999 0.999
 54.291667  55.291667   21.68 0.000  0.90 0.000 9.999 0.259 9.99 0.259 0.281 0.000 99.99 0.259   3.653 0.000  2.241 0.000 0.017 0.000 0.129 0.000
 57.291667  58.291667   26.93 0.000  0.68 0.000 9.999 0.259 9.99 0.259 0.089 0.000 99.99 0.259   4.223 0.000  2.180 0.000 0.021 0.000 0.220 0.000
 60.291667  61.291667   11.62 0.000  0.98 0.000 9.999 0.259 0.16 0.000 0.026 0.000 99.99 0.259   1.514 0.000  1.060 0.000 0.009 0.000 0.126 0.000
 63.291667  64.291667   36.45 0.000  1.27 0.000 9.999 0.259 0.17 0.000 0.068 0.000 99.99 0.259   3.889 0.000  2.294 0.000 0.029 0.000 0.200 0.000
 66.291667  67.291667   12.50 0.000  0.69 0.000 9.999 0.259 9.99 0.259 0.033 0.000 99.99 0.259   1.960 0.000  1.184 0.000 0.012 0.000 0.132 0.000
 69.291667  70.291667   31.71 0.000 99.99 0.259 9.999 0.259 9.99 0.259 0.017 0.000 99.99 0.259   2.556 0.000  1.086 0.000 0.014 0.000 0.061 0.000
 72.291667  73.291667    8.83 0.000  0.48 0.000 9.999 0.259 0.47 0.000 0.052 0.000 99.99 0.259   2.150 0.000  1.547 0.000 0.007 0.000 0.204 0.000
 75.291667  76.291667   46.41 0.000  2.29 0.000 9.999 0.259 9.99 0.259 0.036 0.000 99.99 0.259   5.467 0.000  2.680 0.000 0.037 0.000 0.276 0.000
 78.291667  79.291667   15.64 0.000  1.38 0.000 9.999 0.259 9.99 0.259 0.075 0.000 99.99 0.259   2.141 0.000  1.660 0.000 0.016 0.000 0.192 0.000
 81.291667  82.291667   11.55 0.000  0.49 0.000 9.999 0.259 9.99 0.259 0.150 0.000 99.99 0.259   2.134 0.000  1.252 0.000 0.010 0.000 0.102 0.000
 84.291667  85.291667    3.55 0.000  0.62 0.000 0.006 0.000 0.31 0.000 0.351 0.000 99.99 0.259   2.659 0.000  2.797 0.000 0.005 0.000 0.279 0.000
 87.291667  88.291667   14.16 0.000  0.96 0.000 9.999 0.259 0.27 0.000 0.012 0.000 99.99 0.259   2.587 0.000  1.262 0.000 0.009 0.000 0.170 0.000
 90.291667  91.291667   15.17 0.000  0.47 0.000 9.999 0.259 9.99 0.259 0.010 0.000 99.99 0.259   1.789 0.000  1.243 0.000 0.013 0.000 0.120 0.000
 93.291667  94.291667   47.00 0.000  1.08 0.000 9.999 0.259 9.99 0.259 0.035 0.000 99.99 0.259   5.268 0.000  2.470 0.000 0.031 0.000 0.204 0.000
 96.291667  97.291667   64.34 0.000  1.85 0.000 0.022 0.000 9.99 0.259 0.122 0.000 99.99 0.259   6.076 0.000  3.017 0.000 0.041 0.000 0.227 0.000
 99.291667 100.291667   14.10 0.000  4.15 0.000 9.999 0.259 9.99 0.259 0.016 0.000 99.99 0.259   2.758 0.000  1.827 0.000 0.017 0.000 0.203 0.000
102.291667 103.291667  203.62 0.000  2.80 0.000 0.102 0.000 0.15 0.000 0.244 0.000 99.99 0.259  14.219 0.000  7.655 0.000 0.128 0.000 0.543 0.000
105.291667 106.291667   89.21 0.000  2.21 0.000 9.999 0.259 0.07 0.000 0.524 0.000 99.99 0.259  12.285 0.000  6.961 0.000 0.074 0.000 0.406 0.000
108.291667 109.291667  116.76 0.000  1.46 0.000 0.033 0.000 9.99 0.259 0.343 0.000 99.99 0.259  13.273 0.000  7.465 0.000 0.085 0.000 0.697 0.000
111.291667 112.291667   36.26 0.000  0.32 0.000 9.999 0.259 9.99 0.259 0.273 0.000 99.99 0.259   6.972 0.000  4.253 0.000 0.041 0.000 0.397 0.000
114.291667 115.291667   31.92 0.000  0.73 0.000 9.999 0.259 9.99 0.259 0.113 0.000 99.99 0.259   4.239 0.000  2.913 0.000 0.029 0.000 0.330 0.000
117.291667 118.291667    2.63 0.000  0.45 0.000 9.999 0.259 9.99 0.259 0.050 0.000 99.99 0.259   0.577 0.000  0.189 0.000 0.004 0.000 0.026 0.000
120.291667 121.291667   10.27 0.000  0.45 0.000 9.999 0.259 9.99 0.259 0.258 0.000 99.99 0.259   3.563 0.000  3.356 0.000 0.012 0.000 0.407 0.000
123.291667 124.291667   34.04 0.000  1.19 0.000 9.999 0.259 9.99 0.259 0.022 0.000 99.99 0.259   4.076 0.000  2.793 0.000 0.022 0.000 0.392 0.000
126.291667 127.291667   18.49 0.000  0.70 0.000 9.999 0.259 9.99 0.259 0.009 0.000 99.99 0.259   1.950 0.000  0.783 0.000 0.013 0.000 0.098 0.000
129.291667 130.291667   87.83 0.000  1.92 0.000 9.999 0.259 9.99 0.259 0.253 0.000 99.99 0.259   7.938 0.000  3.991 0.000 0.057 0.000 0.341 0.000
132.291667 133.291667   27.32 0.000  0.48 0.000 9.999 0.259 9.99 0.259 0.020 0.000 99.99 0.259   2.022 0.000  1.297 0.000 0.016 0.000 0.133 0.000
135.291667 136.291667  101.84 0.000  3.63 0.000 0.023 0.000 9.99 0.259 0.043 0.000 99.99 0.259  11.288 0.000  3.969 0.000 0.063 0.000 0.291 0.000
138.291667 139.291667   39.02 0.000  0.44 0.000 9.999 0.259 9.99 0.259 0.011 0.000 99.99 0.259   6.316 0.000  2.038 0.000 0.026 0.000 0.113 0.000
141.291667 142.291667   56.31 0.000  1.03 0.000 9.999 0.259 9.99 0.259 0.034 0.000 99.99 0.259   8.135 0.000  3.738 0.000 0.040 0.000 0.224 0.000
144.291667 145.291667   32.98 0.000  0.80 0.000 9.999 0.259 0.13 0.000 0.239 0.000 99.99 0.259   7.141 0.000  3.253 0.000 0.022 0.000 0.276 0.000
147.291667 148.291667   45.42 0.000  0.95 0.000 9.999 0.259 9.99 0.259 0.074 0.000 99.99 0.259   9.001 0.000  3.791 0.000 0.034 0.000 0.328 0.000
150.291667 151.291667    7.13 0.000  0.46 0.000 9.999 0.259 9.99 0.259 0.006 0.000 99.99 0.259   1.705 0.000  1.285 0.000 0.007 0.000 0.121 0.000
153.291667 154.291667   15.00 0.000  0.78 0.000 9.999 0.259 9.99 0.259 0.102 0.000 99.99 0.259   3.310 0.000  2.385 0.000 0.014 0.000 0.257 0.000
156.291667 157.291667   25.21 0.000  0.72 0.000 9.999 0.259 9.99 0.259 0.026 0.000 99.99 0.259   5.662 0.000  3.166 0.000 0.023 0.000 0.322 0.000
159.291667 160.291667   32.26 0.000  0.54 0.000 9.999 0.259 9.99 0.259 0.135 0.000 99.99 0.259   7.621 0.000  3.154 0.000 0.028 0.000 0.238 0.000
162.291667 163.291667   14.08 0.000  0.33 0.000 9.999 0.259 9.99 0.259 0.008 0.000 99.99 0.259   1.684 0.000  1.480 0.000 0.010 0.000 0.132 0.000
165.291667 166.291667   41.52 0.000  0.81 0.000 9.999 0.259 9.99 0.259 0.017 0.000 99.99 0.259   8.721 0.000  3.996 0.000 0.033 0.000 0.307 0.000
168.291667 169.291667   50.98 0.000  0.58 0.000 9.999 0.259 9.99 0.259 0.030 0.000 99.99 0.259  11.136 0.000  4.579 0.000 0.056 0.000 0.326 0.000
171.291667 172.291667   71.24 0.000  0.52 0.000 9.999 0.259 0.09 0.000 0.021 0.000 99.99 0.259  19.384 0.000  6.158 0.000 0.080 0.000 0.398 0.000
174.291667 175.291667  121.56 0.000  0.72 0.000 0.019 0.000 0.19 0.000 0.057 0.000 99.99 0.259  19.123 0.000  6.799 0.000 0.113 0.000 0.377 0.000
177.291667 178.291667   91.76 0.000  0.96 0.000 9.999 0.259 9.99 0.259 0.039 0.000 99.99 0.259  11.844 0.000  7.844 0.000 0.127 0.000 0.429 0.000
180.291667 181.291667  100.15 0.000  0.63 0.000 9.999 0.259 9.99 0.259 0.037 0.000 99.99 0.259  13.415 0.000  5.616 0.000 0.085 0.000 0.236 0.000
183.291667 184.291667   69.22 0.000  0.63 0.000 9.999 0.259 9.99 0.259 0.013 0.000 99.99 0.259   8.561 0.000  4.395 0.000 0.065 0.000 0.270 0.000
186.291667 187.291667   56.30 0.000  0.39 0.000 9.999 0.259 9.99 0.259 0.019 0.000 99.99 0.259  12.718 0.000  5.839 0.000 0.067 0.000 0.320 0.000
189.291667 190.291667   47.75 0.000  0.43 0.000 9.999 0.259 9.99 0.259 0.023 0.000 99.99 0.259  12.053 0.000  5.879 0.000 0.068 0.000 0.282 0.000
192.291667 193.291667  145.71 0.000  0.64 0.000 9.999 0.259 9.99 0.259 0.049 0.000 99.99 0.259  17.943 0.000  8.567 0.000 0.120 0.000 0.571 0.000
195.291667 196.291667  111.09 0.000  0.60 0.000 9.999 0.259 9.99 0.259 0.029 0.000 99.99 0.259  13.359 0.000  7.263 0.000 0.087 0.000 0.334 0.000
198.291667 199.291667   78.96 0.000  1.40 0.000 9.999 0.259 9.99 0.259 0.106 0.000 99.99 0.259  18.779 0.000  8.258 0.000 0.070 0.000 0.366 0.000
201.291667 202.291667  118.79 0.000  0.79 0.000 0.013 0.000 9.99 0.259 0.035 0.000 99.99 0.259  19.899 0.000  8.722 0.000 0.177 0.000 0.378 0.000
204.291667 205.291667   30.65 0.000  0.62 0.000 9.999 0.259 9.99 0.259 0.047 0.000 99.99 0.259   6.385 0.000  5.166 0.000 0.044 0.000 0.290 0.000
207.291667 208.291667   35.68 0.000  1.01 0.000 9.999 0.259 9.99 0.259 0.110 0.000 99.99 0.259   8.940 0.000  4.019 0.000 0.028 0.000 0.227 0.000
210.291667 211.291667   73.85 0.000  0.45 0.000 0.011 0.000 9.99 0.259 0.017 0.000 99.99 0.259  12.752 0.000  5.417 0.000 0.067 0.000 0.203 0.000
213.291667 214.291667  102.43 0.000  0.31 0.000 0.013 0.000 0.06 0.000 0.028 0.000 99.99 0.259   9.297 0.000  4.010 0.000 0.043 0.000 0.260 0.000
216.291667 217.291667   11.59 0.000  0.64 0.000 9.999 0.259 9.99 0.259 0.040 0.000 99.99 0.259   7.297 0.000  3.514 0.000 0.011 0.000 0.259 0.000
219.291667 220.291667   61.37 0.000  0.59 0.000 9.999 0.259 9.99 0.259 0.018 0.000 99.99 0.259  15.259 0.000  6.391 0.000 0.055 0.000 0.261 0.000
222.291667 223.291667   17.81 0.000  0.30 0.000 0.006 0.000 9.99 0.259 0.015 0.000 99.99 0.259   4.858 0.000  3.297 0.000 0.028 0.000 0.196 0.000
225.291667 226.291667    6.97 0.000  0.37 0.000 9.999 0.259 9.99 0.259 0.039 0.000 99.99 0.259   3.971 0.000  2.688 0.000 0.012 0.000 0.204 0.000
228.291667 229.291667   28.87 0.000  0.19 0.000 9.999 0.259 9.99 0.259 0.007 0.559 99.99 0.259   7.794 0.000  2.144 0.000 0.024 0.000 0.196 0.559
231.291667 232.291667   60.73 0.000  0.74 0.000 9.999 0.259 9.99 0.259 0.022 0.000 99.99 0.259  12.978 0.000  4.052 0.000 0.048 0.000 0.320 0.000
234.291667 235.291667   12.01 0.000  0.40 0.000 9.999 0.259 9.99 0.259 0.007 0.559 99.99 0.259   3.076 0.000  2.292 0.000 0.010 0.000 0.245 0.559
237.291667 238.291667   29.93 0.000  0.55 0.000 9.999 0.259 9.99 0.259 0.019 0.000 99.99 0.259   6.802 0.000  3.281 0.000 0.028 0.000 0.302 0.000
240.291667 241.291667   57.85 0.000  0.99 0.000 9.999 0.259 9.99 0.259 0.032 0.000 99.99 0.259  11.126 0.000  5.277 0.000 0.066 0.000 0.222 0.000
243.291667 244.291667  190.23 0.000  0.81 0.000 9.999 0.259 9.99 0.259 0.081 0.000 99.99 0.259  23.459 0.000  8.258 0.000 0.191 0.000 0.114 0.000
246.291667 247.291667  133.92 0.000  0.58 0.000 9.999 0.259 9.99 0.259 0.012 0.000 99.99 0.259  15.719 0.000  4.227 0.000 0.094 0.000 0.179 0.000
249.291667 250.291667   78.09 0.000  1.12 0.000 9.999 0.259 9.99 0.259 0.021 0.559 99.99 0.259   8.123 0.000  4.209 0.000 0.056 0.000 0.252 0.559
252.291667 253.291667   20.48 0.000  0.72 0.000 0.008 0.000 9.99 0.259 0.023 0.000 99.99 0.259   4.884 0.000  2.264 0.000 0.016 0.000 0.219 0.000
255.291667 256.291667   32.70 0.000  0.90 0.000 9.999 0.259 0.14 0.000 0.067 0.000 99.99 0.259   7.600 0.000  2.971 0.000 0.021 0.000 0.210 0.000
258.291667 259.291667   57.44 0.000  1.09 0.000 9.999 0.259 9.99 0.259 0.022 0.000 99.99 0.259   9.236 0.000  3.544 0.000 0.044 0.000 0.185 0.000
261.291667 262.291667   53.48 0.000  0.87 0.000 9.999 0.259 0.11 0.000 0.022 0.000 99.99 0.259   6.926 0.000  3.122 0.000 0.040 0.000 0.204 0.000
264.291667 265.291667   43.59 0.000  0.80 0.000 9.999 0.259 9.99 0.259 0.147 0.000 99.99 0.259   6.269 0.000  3.397 0.000 0.035 0.000 0.275 0.000
267.291667 268.291667   51.11 0.000  1.80 0.000 9.999 0.259 9.99 0.259 0.147 0.000 99.99 0.259   8.389 0.000  3.370 0.000 0.041 0.000 0.241 0.000
270.291667 271.291667    7.48 0.000  0.40 0.000 9.999 0.259 9.99 0.259 0.046 0.000 99.99 0.259   1.038 0.000  0.839 0.000 0.006 0.000 0.051 0.000
273.291667 274.291667   34.98 0.000  0.34 0.000 9.999 0.259 9.99 0.259 0.005 0.000 99.99 0.259   5.604 0.000  1.646 0.000 0.031 0.000 0.064 0.000
276.291667 277.291667   23.09 0.000  0.31 0.000 9.999 0.259 9.99 0.259 0.066 0.000 99.99 0.259   5.668 0.000  3.110 0.000 0.022 0.000 0.328 0.000
279.291667 280.291667   30.00 0.000  0.27 0.000 9.999 0.259 9.99 0.259 0.004 0.000 99.99 0.259   5.999 0.000  1.286 0.000 0.023 0.000 0.069 0.000
282.291667 283.291667    3.36 0.000  0.26 0.000 9.999 0.259 9.99 0.259 0.002 0.000 99.99 0.259   0.251 0.000  0.283 0.000 0.003 0.000 0.011 0.000
285.291667 286.291667   10.91 0.000  0.39 0.000 9.999 0.259 9.99 0.259 0.008 0.000 99.99 0.259   2.645 0.000  2.069 0.000 0.011 0.000 0.162 0.000
288.291667 289.291667   10.99 0.000  0.30 0.000 9.999 0.259 9.99 0.259 0.012 0.000 99.99 0.259   3.904 0.000  2.104 0.000 0.009 0.000 0.146 0.000
291.291667 292.291667    9.56 0.000  0.16 0.000 9.999 0.259 9.99 0.259 0.022 0.000 99.99 0.259   2.554 0.000  1.358 0.000 0.011 0.000 0.064 0.000
294.291667 295.291667   16.40 0.000  0.41 0.000 9.999 0.259 9.99 0.259 0.271 0.000 99.99 0.259   5.299 0.000  3.922 0.000 0.016 0.000 0.267 0.000
297.291667 298.291667   15.54 0.000  0.43 0.000 9.999 0.259 9.99 0.259 0.013 0.000 99.99 0.259   3.049 0.000  1.593 0.000 0.010 0.000 0.071 0.000
300.291667 301.291667   28.71 0.000  0.46 0.000 9.999 0.259 9.99 0.259 0.008 0.000 99.99 0.259   8.104 0.000  2.387 0.000 0.023 0.000 0.143 0.000
303.291667 304.291667   26.90 0.000  1.27 0.000 9.999 0.259 0.13 0.000 0.013 0.000 99.99 0.259   4.859 0.000  2.187 0.000 0.026 0.000 0.249 0.000
306.291667 307.291667   32.51 0.000  0.54 0.000 9.999 0.259 9.99 0.259 0.015 0.000 99.99 0.259   5.384 0.000  2.605 0.000 0.024 0.000 0.206 0.000
309.291667 310.291667    7.42 0.000  0.19 0.000 9.999 0.259 9.99 0.259 0.007 0.000 99.99 0.259   1.919 0.000  0.755 0.000 0.007 0.000 0.042 0.000
312.291667 313.291667   14.16 0.000  0.32 0.000 9.999 0.259 9.99 0.259 0.008 0.000 99.99 0.259   2.843 0.000  1.902 0.000 0.012 0.000 0.165 0.000
315.291667 316.291667    7.61 0.000  0.30 0.000 9.999 0.259 9.99 0.259 0.009 0.000 99.99 0.259   4.530 0.000  1.269 0.000 0.011 0.000 0.082 0.000
318.291667 319.291667    3.27 0.000  0.27 0.000 9.999 0.259 9.99 0.259 0.004 0.000 99.99 0.259   1.734 0.000  0.699 0.000 0.005 0.000 0.071 0.000
321.291667 322.291667   10.71 0.000  0.44 0.000 9.999 0.259 9.99 0.259 0.005 0.000 99.99 0.259   2.115 0.000  1.257 0.000 0.011 0.000 0.101 0.000
324.291667 325.291667   15.04 0.000  0.39 0.000 9.999 0.259 9.99 0.259 0.005 0.000 99.99 0.259   2.008 0.000  1.093 0.000 0.011 0.000 0.083 0.000
