scripts/IMPROVE-2019_partial/data/US9081R.20020102070000.20191216000000.filterpack..pm25.52w.1w.US03L_filterpack_US9081_YELL2.US03L_IMPROVE_Davis.lev2.nas
66 1001
MISSING INFORMATION
US03L, IMPROVE, , , , , , , 
MISSING INFORMATION
IMPROVE sel_HTAP
1 1
2002 01 01 2019 12 16
3.000000
days from file reference point
27
1 1 1 1 1 1 1 1 1 1 1 1 1 1 1 1 1 1 1 1 1 1 1 1 1 1 1
999.999999 9999.99 9.999999 99.99 9.999999 9.999 9.999999999 9.99 9.999999 9.999 9.999999 999.999 9.999 999.999 9.999 999.99 9.999999999 999.999 9.999 999.999 9.999 999.999 9.999 9.999 9.999999 9.999 9.999999
end_time of measurement, days from the file reference point
iron, ng/m3, Revision date=20181210133000
numflag iron, no unit, Revision date=20181210133000
lead, ng/m3, Revision date=20181210133000
numflag lead, no unit, Revision date=20181210133000
magnesium, ug/m3, Revision date=20181210133000
numflag magnesium, no unit, Revision date=20181210133000
nickel, ng/m3, Revision date=20181210133000
numflag nickel, no unit, Revision date=20181210133000
nitrate, ug N/m3, Revision date=20181210133000
numflag nitrate, no unit, Revision date=20181210133000
organic_carbon, ug C/m3, Revision date=20181210133000
numflag organic_carbon, no unit, Revision date=20181210133000
organic_mass, ug/m3, Revision date=20181210133000
numflag organic_mass, no unit, Revision date=20181210133000
phosphorus, ng/m3, Revision date=20181210133000
numflag phosphorus, no unit, Revision date=20181210133000
pm10_mass, ug/m3, Version=2, Version description=Data extracted from http://views.cira.colostate.edu/fed/DataWizard 2019-12-16, Sample duration=1d, Orig. time res.=3d, Matrix=pm10, Blank correction=Blank corrected, Volume std. temperature=ambient, Volume std. pressure=ambient
numflag pm10_mass, no unit, Version=2, Version description=Data extracted from http://views.cira.colostate.edu/fed/DataWizard 2019-12-16, Sample duration=1d, Orig. time res.=3d, Matrix=pm10, Blank correction=Blank corrected, Volume std. temperature=ambient, Volume std. pressure=ambient
pm10_pm25_mass, ug/m3, Revision date=20181210133000, Matrix=pm10_pm25
numflag pm10_pm25_mass, no unit, Revision date=20181210133000, Matrix=pm10_pm25
pm25_mass, ug/m3, Version=2, Version description=Data extracted from http://views.cira.colostate.edu/fed/DataWizard 2019-12-16, Sample duration=1d, Orig. time res.=3d, Blank correction=Blank corrected, Volume std. temperature=ambient, Volume std. pressure=ambient
numflag pm25_mass, no unit, Version=2, Version description=Data extracted from http://views.cira.colostate.edu/fed/DataWizard 2019-12-16, Sample duration=1d, Orig. time res.=3d, Blank correction=Blank corrected, Volume std. temperature=ambient, Volume std. pressure=ambient
potassium, ug/m3, Revision date=20181210133000
numflag potassium, no unit, Revision date=20181210133000
sulphate_total, ug S/m3, Revision date=20181210133000
numflag sulphate_total, no unit, Revision date=20181210133000
0
25
Data definition:              EBAS_1.1
Set type code:                TU
Timezone:                     UTC
File name:                    US9081R.20020102070000.20191216000000.filterpack..pm25.52w.1w.US03L_filterpack_US9081_YELL2.US03L_IMPROVE_Davis.lev2.nas
File creation:                20191218121107
Startdate:                    20020102070000
Revision date:                20191216000000
Statistics:                   arithmetic mean
Data level:                   2
Period code:                  52w
Resolution code:              1w
Station code:                 US9081R
Platform code:                US9081S
Station name:                 Yellowstone NP 1
Station latitude:             44.5654
Station longitude:            -110.4003
Station altitude:             2442.0 m
Regime:                       IMG
Component:                    
Matrix:                       pm25
Laboratory code:              US03L
Instrument type:              filterpack
Instrument name:              filterpack_US9081_YELL2
Method ref:                   US03L_IMPROVE_Davis
starttime endtime Fe flag_Fe Pb flag_Pb Mg++ flag_Mg++ Ni flag_Ni NO3- flag_NO3- OC flag_OC OM flag_OM P flag_P PM10 flag_PM10 PM10-PM2.5 flag_PM10-PM2.5 PM2.5 flag_PM2.5 K+ flag_K+ SO4-- flag_SO4--
  1.291667   2.291667 9999.99 0.999000 99.99 0.999000 9.999 0.999000000 9.99 0.999000 9.999 0.999000 999.999 0.999 999.999 0.999 999.99 0.999000000 999.999 0.999 999.999 0.999 999.999 0.999 9.999 0.999000 9.999 0.999000
  4.291667   5.291667 9999.99 0.999000 99.99 0.999000 9.999 0.999000000 9.99 0.999000 0.045 0.559000   0.260 0.000   0.363 0.000 999.99 0.999000000   0.784 0.000 999.999 0.999 999.999 0.999 9.999 0.999000 0.077 0.559000
  7.291667   8.291667 9999.99 0.999000 99.99 0.999000 9.999 0.999000000 9.99 0.999000 0.054 0.559000   0.297 0.000   0.416 0.000 999.99 0.999000000   0.747 0.000 999.999 0.999 999.999 0.999 9.999 0.999000 0.053 0.559000
 10.291667  11.291667 9999.99 0.999000 99.99 0.999000 9.999 0.999000000 9.99 0.999000 0.007 0.559000   0.259 0.000   0.362 0.000 999.99 0.999000000   0.483 0.000 999.999 0.999 999.999 0.999 9.999 0.999000 0.022 0.559000
 13.291667  14.291667    1.11 0.000000  0.11 0.000000 9.999 0.259000000 9.99 0.259000 0.056 0.559000   0.217 0.000   0.304 0.000 999.99 0.259000000   0.601 0.000   0.071 0.000   0.530 0.000 9.999 0.259000 0.061 0.559000
 16.291667  17.291667    3.14 0.559000  0.28 0.559000 9.999 0.559259000 0.05 0.559000 0.073 0.559000   0.246 0.000   0.345 0.000 999.99 0.559259000   1.472 0.000   0.202 0.000   1.270 0.559 0.007 0.559000 0.125 0.559000
 19.291667  20.291667    6.55 0.559000  0.30 0.559000 9.999 0.559259000 0.08 0.559000 0.085 0.559000   0.189 0.000   0.264 0.000 999.99 0.559259000   1.963 0.000   0.938 0.000   1.025 0.559 0.007 0.559000 0.081 0.559000
 22.291667  23.291667 9999.99 0.999000 99.99 0.999000 9.999 0.999000000 9.99 0.999000 9.999 0.999000 999.999 0.999 999.999 0.999 999.99 0.999000000 999.999 0.999 999.999 0.999 999.999 0.999 9.999 0.999000 9.999 0.999000
 25.291667  26.291667 9999.99 0.999000 99.99 0.999000 9.999 0.999000000 9.99 0.999000 9.999 0.999000 999.999 0.999 999.999 0.999 999.99 0.999000000 999.999 0.999 999.999 0.999 999.999 0.999 9.999 0.999000 9.999 0.999000
 28.291667  29.291667 9999.99 0.999000 99.99 0.999000 9.999 0.999000000 9.99 0.999000 9.999 0.999000 999.999 0.999 999.999 0.999 999.99 0.999000000 999.999 0.999 999.999 0.999 999.999 0.999 9.999 0.999000 9.999 0.999000
 31.291667  32.291667    1.29 0.559000  0.15 0.559000 9.999 0.559259000 9.99 0.559259 0.029 0.000000   0.189 0.000   0.264 0.000 999.99 0.559259000   0.823 0.000   0.134 0.000   0.689 0.559 0.004 0.559000 0.060 0.000000
 34.291667  35.291667    1.36 0.559000  0.31 0.559000 9.999 0.559259000 9.99 0.559259 0.035 0.000000   0.176 0.000   0.246 0.000 999.99 0.559259000   1.360 0.000   0.151 0.000   1.209 0.559 0.004 0.559000 0.162 0.000000
 37.291667  38.291667    5.33 0.559000  0.48 0.559000 9.999 0.559259000 9.99 0.559259 0.024 0.559000   0.213 0.000   0.299 0.000 999.99 0.559259000   1.468 0.000   0.762 0.000   0.705 0.559 0.006 0.559000 0.050 0.559000
 40.291667  41.291667    1.69 0.559000  0.17 0.559000 9.999 0.559259000 9.99 0.559259 0.010 0.000000   0.294 0.000   0.412 0.000 999.99 0.559259000   0.931 0.000   0.117 0.000   0.814 0.559 0.003 0.559000 0.066 0.000000
 43.291667  44.291667    7.68 0.559000  0.49 0.559000 9.999 0.559259000 9.99 0.559259 0.103 0.559000   0.381 0.000   0.533 0.000 999.99 0.559259000   2.680 0.000   1.149 0.000   1.531 0.559 0.009 0.559000 0.121 0.559000
 46.291667  47.291667    7.02 0.000000  0.19 0.000000 9.999 0.259000000 9.99 0.259000 0.011 0.000000   0.396 0.000   0.555 0.000 999.99 0.259000000   1.531 0.000   0.498 0.000   1.033 0.000 0.007 0.000000 0.069 0.000000
 49.291667  50.291667    4.01 0.000000  0.31 0.000000 9.999 0.259000000 9.99 0.259000 0.148 0.559000   0.465 0.000   0.651 0.000 999.99 0.259000000   2.317 0.000   0.434 0.000   1.882 0.000 0.007 0.000000 0.136 0.559000
 52.291667  53.291667    7.42 0.559000  0.43 0.559000 9.999 0.559259000 9.99 0.559259 0.045 0.000000   0.216 0.000   0.303 0.000 999.99 0.559259000   1.782 0.000   0.774 0.000   1.008 0.559 0.007 0.559000 0.088 0.000000
 55.291667  56.291667    2.90 0.000000  0.39 0.000000 9.999 0.259000000 9.99 0.259000 0.023 0.000000   0.253 0.000   0.355 0.000 999.99 0.259000000   1.946 0.000   0.504 0.000   1.442 0.000 0.007 0.000000 0.224 0.000000
 58.291667  59.291667    8.08 0.000000  0.42 0.000000 9.999 0.259000000 9.99 0.259000 0.172 0.000000   0.276 0.000   0.387 0.000 999.99 0.259000000   2.740 0.000   0.781 0.000   1.959 0.000 0.009 0.000000 0.205 0.000000
 61.291667  62.291667    8.63 0.559000  0.54 0.559000 9.999 0.559259000 9.99 0.559259 0.097 0.000000   0.302 0.000   0.423 0.000  10.70 0.559000000   2.656 0.000   0.576 0.000   2.080 0.559 0.016 0.559000 0.228 0.000000
 64.291667  65.291667   12.74 0.559000  0.53 0.559000 9.999 0.559259000 9.99 0.559259 0.059 0.000000   0.320 0.000   0.448 0.000 999.99 0.559259000   2.241 0.000   0.802 0.000   1.440 0.559 0.012 0.559000 0.126 0.000000
 67.291667  68.291667   28.65 0.559000  0.85 0.559000 9.999 0.559259000 9.99 0.559259 0.056 0.559000   0.266 0.000   0.372 0.000 999.99 0.559259000   2.903 0.000   1.068 0.000   1.835 0.559 0.024 0.559000 0.212 0.559000
 70.291667  71.291667    9.15 0.559000  0.30 0.559000 9.999 0.559259000 9.99 0.559259 0.026 0.000000   0.274 0.000   0.384 0.000 999.99 0.559259000   1.678 0.000   0.749 0.000   0.929 0.559 0.008 0.559000 0.087 0.000000
 73.291667  74.291667    9.97 0.000000  0.19 0.000000 9.999 0.259000000 0.17 0.000000 0.047 0.000000   0.172 0.000   0.241 0.000 999.99 0.259000000   0.826 0.000 999.999 0.259   0.926 0.000 0.007 0.000000 0.056 0.000000
 76.291667  77.291667    5.03 0.000000  0.37 0.000000 9.999 0.259000000 9.99 0.259000 0.084 0.000000   0.506 0.000   0.709 0.000 999.99 0.259000000   1.764 0.000   0.224 0.000   1.540 0.000 0.006 0.000000 0.103 0.000000
 79.291667  80.291667   17.33 0.559000  0.58 0.559000 9.999 0.559259000 9.99 0.559259 0.073 0.000000   0.272 0.000   0.381 0.000 999.99 0.559259000   1.874 0.000   0.513 0.000   1.361 0.559 0.014 0.559000 0.122 0.000000
 82.291667  83.291667   11.58 0.000000  0.26 0.000000 0.049 0.000000000 9.99 0.259000 0.161 0.000000   0.253 0.000   0.355 0.000 999.99 0.259000000   2.168 0.000   0.663 0.000   1.505 0.000 0.013 0.000000 0.261 0.000000
 85.291667  86.291667   35.89 0.559000  0.63 0.559000 9.999 0.559259000 9.99 0.559259 0.100 0.559000   0.275 0.000   0.385 0.000 999.99 0.559259000   3.842 0.000   1.744 0.000   2.098 0.559 0.023 0.559000 0.130 0.559000
 88.291667  89.291667   36.60 0.559000  0.78 0.559000 9.999 0.559259000 0.10 0.559000 0.094 0.000000   0.305 0.000   0.427 0.000 999.99 0.559259000   3.583 0.000   1.211 0.000   2.372 0.559 0.029 0.559000 0.183 0.000000
 91.291667  92.291667   18.56 0.000000  0.54 0.000000 9.999 0.259000000 9.99 0.259000 0.020 0.559000   0.233 0.000   0.327 0.000 999.99 0.259000000   2.704 0.000   0.606 0.000   2.098 0.000 0.014 0.000000 0.272 0.559000
 94.291667  95.291667   83.50 0.000000  1.15 0.000000 9.999 0.259000000 0.09 0.000000 0.074 0.000000   0.536 0.000   0.751 0.000 999.99 0.259000000   6.798 0.000   3.282 0.000   3.515 0.000 0.049 0.000000 0.170 0.000000
 97.291667  98.291667   41.94 0.000000  1.02 0.000000 9.999 0.259000000 0.13 0.000000 0.051 0.000000   0.287 0.000   0.401 0.000 999.99 0.259000000   4.960 0.000   2.770 0.000   2.190 0.000 0.028 0.000000 0.135 0.000000
100.291667 101.291667   13.06 0.559000  0.31 0.559000 9.999 0.559259000 9.99 0.559259 0.052 0.000000   0.165 0.000   0.231 0.000 999.99 0.559259000   1.506 0.000   0.558 0.000   0.948 0.559 0.009 0.559000 0.071 0.000000
103.291667 104.291667   29.77 0.559000  0.38 0.559000 9.999 0.559259000 0.15 0.559000 0.021 0.000000   0.212 0.000   0.296 0.000 999.99 0.559259000   2.462 0.000   1.140 0.000   1.321 0.559 0.017 0.559000 0.063 0.000000
106.291667 107.291667   27.60 0.559000  1.15 0.559000 9.999 0.559259000 9.99 0.559259 0.040 0.559000   0.277 0.000   0.388 0.000 999.99 0.559259000   3.194 0.000   1.210 0.000   1.984 0.559 0.026 0.559000 0.215 0.559000
109.291667 110.291667   21.94 0.559000  0.94 0.559000 9.999 0.559259000 9.99 0.559259 0.009 0.559000   0.156 0.000   0.218 0.000 999.99 0.559259000   2.934 0.000   1.055 0.000   1.878 0.559 0.020 0.559000 0.244 0.559000
112.291667 113.291667  187.85 0.394000  1.66 0.394000 9.999 0.394259000 0.16 0.394000 0.063 0.559394   0.446 0.000   0.624 0.000 999.99 0.394259000  20.676 0.000  15.648 0.000   5.028 0.000 0.106 0.394000 0.179 0.559394
115.291667 116.291667  131.40 0.000000  1.72 0.000000 9.999 0.259000000 0.15 0.000000 0.108 0.000000   0.713 0.000   0.998 0.000 999.99 0.259000000   8.791 0.000   3.583 0.000   5.208 0.000 0.082 0.000000 0.259 0.000000
118.291667 119.291667  108.82 0.559000  1.17 0.559000 9.999 0.559259000 9.99 0.559259 0.090 0.559000   0.371 0.000   0.520 0.000 999.99 0.559259000   5.585 0.000   2.254 0.000   3.331 0.559 0.064 0.559000 0.201 0.559000
121.291667 122.291667   47.29 0.000000  0.41 0.000000 9.999 0.259000000 0.11 0.000000 0.080 0.559000   0.421 0.000   0.589 0.000 999.99 0.259000000   5.904 0.000   3.392 0.000   2.512 0.000 0.028 0.000000 0.131 0.559000
124.291667 125.291667  186.00 0.000000  0.82 0.000000 9.999 0.259000000 0.14 0.000000 0.054 0.559000   0.473 0.000   0.662 0.000 999.99 0.259000000  20.427 0.000  15.147 0.000   5.280 0.000 0.099 0.000000 0.132 0.559000
127.291667 128.291667   41.43 0.559000  0.20 0.559000 9.999 0.559259000 0.15 0.559000 0.011 0.559000   0.217 0.000   0.304 0.000 999.99 0.559259000   3.491 0.000   1.635 0.000   1.856 0.559 0.024 0.559000 0.082 0.559000
130.291667 131.291667   24.45 0.559000  0.57 0.559000 9.999 0.559259000 0.14 0.559000 0.027 0.559000   0.449 0.000   0.628 0.000 999.99 0.559259000   2.719 0.000   0.319 0.000   2.401 0.559 0.017 0.559000 0.238 0.559000
133.291667 134.291667   48.21 0.000000  0.68 0.000000 9.999 0.259000000 9.99 0.259000 0.036 0.559000   0.771 0.000   1.080 0.000 999.99 0.259000000   8.466 0.000   5.074 0.000   3.392 0.000 0.032 0.000000 0.199 0.559000
136.291667 137.291667   26.58 0.000000  0.41 0.000000 9.999 0.259000000 0.12 0.000000 0.028 0.559000   0.777 0.000   1.089 0.000 999.99 0.259000000   6.182 0.000   3.368 0.000   2.815 0.000 0.019 0.000000 0.144 0.559000
139.291667 140.291667   78.95 0.000000  0.36 0.000000 9.999 0.259000000 9.99 0.259000 0.035 0.559000   0.806 0.000   1.128 0.000 999.99 0.259000000  10.544 0.000   6.092 0.000   4.452 0.000 0.055 0.000000 0.264 0.559000
142.291667 143.291667    7.06 0.559000  0.17 0.559000 9.999 0.559259000 9.99 0.559259 0.002 0.559000   0.420 0.000   0.587 0.000 999.99 0.559259000   0.443 0.000 999.999 0.259   0.446 0.559 0.006 0.559000 0.014 0.559000
145.291667 146.291667   12.93 0.559000  0.42 0.559000 0.065 0.559000000 9.99 0.559259 0.037 0.559000   0.612 0.000   0.857 0.000 999.99 0.559259000   2.939 0.000   1.246 0.000   1.694 0.559 0.010 0.559000 0.080 0.559000
148.291667 149.291667   21.60 0.559000  0.46 0.559000 9.999 0.559259000 9.99 0.559259 0.015 0.559000   0.677 0.000   0.947 0.000 999.99 0.559259000   4.606 0.000   2.743 0.000   1.863 0.559 0.014 0.559000 0.084 0.559000
151.291667 152.291667   40.34 0.559000  0.61 0.559000 9.999 0.559259000 0.07 0.559000 0.029 0.000000   0.827 0.000   1.157 0.000 999.99 0.559259000   6.028 0.000   2.951 0.000   3.077 0.559 0.031 0.559000 0.167 0.000000
154.291667 155.291667   12.67 0.559000  0.39 0.559000 9.999 0.559259000 9.99 0.559259 0.015 0.000000   0.644 0.000   0.901 0.000 999.99 0.559259000   3.313 0.000   1.160 0.000   2.153 0.559 0.012 0.559000 0.150 0.000000
157.291667 158.291667   32.39 0.000000  0.47 0.000000 9.999 0.259000000 9.99 0.259000 0.017 0.000000   0.632 0.000   0.885 0.000 999.99 0.259000000   4.618 0.000   2.111 0.000   2.507 0.000 0.024 0.000000 0.108 0.000000
160.291667 161.291667    4.61 0.559000  0.21 0.559000 9.999 0.559259000 9.99 0.559259 0.058 0.559000   0.118 0.000   0.165 0.000 999.99 0.559259000   1.551 0.000   0.870 0.000   0.681 0.559 0.004 0.559000 0.051 0.559000
163.291667 164.291667   15.77 0.559000  0.47 0.559000 9.999 0.559259000 0.10 0.559000 0.013 0.000000   1.459 0.000   2.042 0.000 999.99 0.559259000   5.993 0.000   2.041 0.000   3.952 0.559 0.017 0.559000 0.272 0.000000
166.291667 167.291667   31.60 0.559000  0.43 0.559000 9.999 0.559259000 9.99 0.559259 0.022 0.000000   1.078 0.000   1.509 0.000 999.99 0.559259000   5.836 0.000   2.295 0.000   3.540 0.559 0.026 0.559000 0.160 0.000000
169.291667 170.291667 9999.99 0.999000 99.99 0.999000 9.999 0.999000000 9.99 0.999000 9.999 0.999000 999.999 0.999 999.999 0.999 999.99 0.999000000 999.999 0.999 999.999 0.999 999.999 0.999 9.999 0.999000 9.999 0.999000
172.291667 173.291667   25.93 0.000000  0.27 0.000000 0.024 0.000000000 9.99 0.259000 0.019 0.559000   0.617 0.000   0.863 0.000 999.99 0.259000000   3.911 0.000   1.685 0.000   2.226 0.000 0.029 0.000000 0.125 0.559000
175.291667 176.291667   33.79 0.000000  0.57 0.000000 9.999 0.259000000 9.99 0.259000 0.019 0.559000   0.945 0.000   1.323 0.000 999.99 0.259000000   6.177 0.000   2.804 0.000   3.373 0.000 0.026 0.000000 0.180 0.559000
178.291667 179.291667   42.11 0.000000  0.47 0.000000 9.999 0.259000000 9.99 0.259000 0.025 0.559000   1.344 0.000   1.882 0.000 999.99 0.259000000   9.235 0.000   4.666 0.000   4.569 0.000 0.054 0.000000 0.262 0.559000
181.291667 182.291667   29.09 0.559394  0.27 0.559394 9.999 0.559394259 0.31 0.559394 0.011 0.559394   0.874 0.000   1.223 0.000 999.99 0.559394259   7.834 0.000   5.380 0.000   2.454 0.559 0.019 0.559394 0.066 0.559394
184.291667 185.291667   54.69 0.000000  0.55 0.000000 9.999 0.259000000 9.99 0.259000 0.030 0.559000   1.771 0.000   2.480 0.000 999.99 0.259000000  11.598 0.000   5.529 0.000   6.069 0.000 0.054 0.000000 0.319 0.559000
187.291667 188.291667   29.05 0.000000  0.22 0.000000 9.999 0.259000000 0.21 0.000000 0.016 0.000000   1.300 0.000   1.820 0.000 999.99 0.259000000   6.372 0.000   2.422 0.000   3.950 0.000 0.035 0.000000 0.220 0.000000
190.291667 191.291667 9999.99 0.699000 99.99 0.699000 9.999 0.699000000 9.99 0.699000 0.126 0.000000  29.610 0.000  41.454 0.000 999.99 0.699000000 999.999 0.699 999.999 0.999 999.999 0.699 9.999 0.699000 0.077 0.000000
193.291667 194.291667 9999.99 0.699000 99.99 0.699000 9.999 0.699000000 9.99 0.699000 0.017 0.000000   7.337 0.000  10.271 0.000 999.99 0.699000000  16.484 0.000 999.999 0.999 999.999 0.699 9.999 0.699000 0.082 0.000000
196.291667 197.291667   54.53 0.699000  0.26 0.699000 9.999 0.699259000 9.99 0.699259 0.025 0.000000   4.337 0.000   6.072 0.000 999.99 0.699259000  15.149 0.000   4.909 0.000  10.240 0.699 0.122 0.699000 0.277 0.000000
199.291667 200.291667   44.68 0.559000  0.33 0.559000 9.999 0.559259000 9.99 0.559259 0.028 0.000000   1.877 0.000   2.627 0.000 999.99 0.559259000   8.406 0.000   2.743 0.000   5.663 0.559 0.054 0.559000 0.186 0.000000
202.291667 203.291667   21.75 0.000000  0.15 0.000000 9.999 0.259000000 9.99 0.259000 0.028 0.000000   4.319 0.000   6.046 0.000 999.99 0.259000000  12.272 0.000   2.177 0.000  10.095 0.000 0.046 0.000000 0.191 0.000000
205.291667 206.291667   61.12 0.699000  0.22 0.699000 0.044 0.699000000 9.99 0.699259 0.027 0.000000   1.923 0.000   2.693 0.000 999.99 0.699259000  12.317 0.000   5.516 0.000   6.801 0.699 0.072 0.699000 0.173 0.000000
208.291667 209.291667   19.26 0.000000  0.29 0.000000 0.025 0.000000000 0.09 0.000000 0.059 0.000000   1.299 0.000   1.818 0.000 999.99 0.259000000   5.475 0.000   2.002 0.000   3.472 0.000 0.021 0.000000 0.164 0.000000
211.291667 212.291667 9999.99 0.999000 99.99 0.999000 9.999 0.999000000 9.99 0.999000 9.999 0.999000 999.999 0.999 999.999 0.999 999.99 0.999000000 999.999 0.999 999.999 0.999 999.999 0.999 9.999 0.999000 9.999 0.999000
214.291667 215.291667   30.93 0.559000  0.30 0.559000 9.999 0.559259000 9.99 0.559259 0.024 0.000000   2.784 0.000   3.897 0.000 999.99 0.559259000   8.524 0.000   2.265 0.000   6.260 0.559 0.053 0.559000 0.158 0.000000
