scripts/IMPROVE-2019_partial/data/US9019R.20010404050000.20191216000000.filterpack..pm25.9mo.1w.US03L_filterpack_US9019.US03L_IMPROVE_Davis.lev2.nas
64 1001
MISSING INFORMATION
US03L, IMPROVE, , , , , , , 
MISSING INFORMATION
IMPROVE sel_HTAP
1 1
2001 01 01 2019 12 16
3.000000
days from file reference point
25
1 1 1 1 1 1 1 1 1 1 1 1 1 1 1 1 1 1 1 1 1 1 1 1 1
999.999999 9999.99 9.999999 999.99 9.999999 9.999 9.999999999 99.99 9.999999999 9.999 9.999 99.999 9.999 99.999 9.999 999.999 9.999 999.999 9.999 999.999 9.999 9.999 9.999999 99.999 9.999
end_time of measurement, days from the file reference point
iron, ng/m3, Revision date=20181210133000
numflag iron, no unit, Revision date=20181210133000
lead, ng/m3, Revision date=20181210133000
numflag lead, no unit, Revision date=20181210133000
magnesium, ug/m3, Revision date=20181210133000
numflag magnesium, no unit, Revision date=20181210133000
nickel, ng/m3, Revision date=20181210133000
numflag nickel, no unit, Revision date=20181210133000
nitrate, ug N/m3, Revision date=20181210133000
numflag nitrate, no unit, Revision date=20181210133000
organic_carbon, ug C/m3, Revision date=20181210133000
numflag organic_carbon, no unit, Revision date=20181210133000
organic_mass, ug/m3, Revision date=20181210133000
numflag organic_mass, no unit, Revision date=20181210133000
pm10_mass, ug/m3, Version=2, Version description=Data extracted from http://views.cira.colostate.edu/fed/DataWizard 2019-12-16, Sample duration=1d, Orig. time res.=3d, Matrix=pm10, Blank correction=Blank corrected, Volume std. temperature=ambient, Volume std. pressure=ambient
numflag pm10_mass, no unit, Version=2, Version description=Data extracted from http://views.cira.colostate.edu/fed/DataWizard 2019-12-16, Sample duration=1d, Orig. time res.=3d, Matrix=pm10, Blank correction=Blank corrected, Volume std. temperature=ambient, Volume std. pressure=ambient
pm10_pm25_mass, ug/m3, Revision date=20181210133000, Matrix=pm10_pm25
numflag pm10_pm25_mass, no unit, Revision date=20181210133000, Matrix=pm10_pm25
pm25_mass, ug/m3, Version=2, Version description=Data extracted from http://views.cira.colostate.edu/fed/DataWizard 2019-12-16, Sample duration=1d, Orig. time res.=3d, Blank correction=Blank corrected, Volume std. temperature=ambient, Volume std. pressure=ambient
numflag pm25_mass, no unit, Version=2, Version description=Data extracted from http://views.cira.colostate.edu/fed/DataWizard 2019-12-16, Sample duration=1d, Orig. time res.=3d, Blank correction=Blank corrected, Volume std. temperature=ambient, Volume std. pressure=ambient
potassium, ug/m3, Revision date=20181210133000
numflag potassium, no unit, Revision date=20181210133000
sulphate_total, ug S/m3, Revision date=20181210133000
numflag sulphate_total, no unit, Revision date=20181210133000
0
25
Data definition:              EBAS_1.1
Set type code:                TU
Timezone:                     UTC
File name:                    US9019R.20010404050000.20191216000000.filterpack..pm25.9mo.1w.US03L_filterpack_US9019.US03L_IMPROVE_Davis.lev2.nas
File creation:                20191218120621
Startdate:                    20010404050000
Revision date:                20191216000000
Statistics:                   arithmetic mean
Data level:                   2
Period code:                  9mo
Resolution code:              1w
Station code:                 US9019R
Platform code:                US9019S
Station name:                 Quaker City
Station latitude:             39.9428
Station longitude:            -81.3378
Station altitude:             366.0 m
Regime:                       IMG
Component:                    
Matrix:                       pm25
Laboratory code:              US03L
Instrument type:              filterpack
Instrument name:              filterpack_US9019
Method ref:                   US03L_IMPROVE_Davis
starttime endtime Fe flag_Fe Pb flag_Pb Mg++ flag_Mg++ Ni flag_Ni NO3- flag_NO3- OC flag_OC OM flag_OM PM10 flag_PM10 PM10-PM2.5 flag_PM10-PM2.5 PM2.5 flag_PM2.5 K+ flag_K+ SO4-- flag_SO4--
[from data line 81]
336.208333 337.208333   22.73 0.000000   5.65 0.000000 9.999 0.259000000 99.99 0.259000000 0.042 0.559  1.469 0.000  2.056 0.000  10.582 0.000   2.082 0.000   8.501 0.000 0.036 0.000000  1.101 0.559
339.208333 340.208333   25.23 0.000000   2.33 0.000000 9.999 0.259000000  0.14 0.000000000 0.104 0.559  1.915 0.000  2.681 0.000  10.169 0.000   2.469 0.000   7.700 0.000 0.038 0.000000  0.697 0.559
342.208333 343.208333   27.41 0.000000   5.88 0.000000 9.999 0.259000000  0.20 0.000000000 0.973 0.559  1.657 0.000  2.320 0.000  13.182 0.000   0.775 0.000  12.407 0.000 0.047 0.000000  0.772 0.559
345.208333 346.208333   31.87 0.000000   6.39 0.000000 9.999 0.259000000  0.69 0.000000000 0.061 0.559  1.458 0.000  2.042 0.000   9.879 0.000   1.598 0.000   8.281 0.000 0.032 0.000000  1.135 0.559
348.208333 349.208333   13.58 0.000000   2.61 0.000000 0.066 0.000000000  0.26 0.000000000 0.136 0.000  0.778 0.000  1.089 0.000   5.863 0.000   0.641 0.000   5.223 0.000 0.029 0.000000  0.821 0.000
351.208333 352.208333   19.77 0.000000   2.18 0.000000 9.999 0.259000000 99.99 0.259000000 0.403 0.559  0.772 0.000  1.081 0.000   8.152 0.000   1.105 0.000   7.047 0.000 0.022 0.000000  0.794 0.559
354.208333 355.208333   26.17 0.000000   5.93 0.000000 9.999 0.259000000 99.99 0.259000000 0.440 0.000  1.198 0.000  1.678 0.000   6.903 0.000   2.070 0.000   4.832 0.000 0.036 0.000000  0.141 0.000
357.208333 358.208333   13.43 0.000000   2.34 0.000000 9.999 0.259000000 99.99 0.259000000 0.204 0.000  0.732 0.000  1.024 0.000   5.863 0.000   1.603 0.000   4.260 0.000 0.021 0.000000  0.483 0.000
360.208333 361.208333   16.21 0.000000   2.69 0.000000 9.999 0.259000000 99.99 0.259000000 0.339 0.000  0.891 0.000  1.248 0.000   7.656 0.000   2.065 0.000   5.591 0.000 0.026 0.000000  0.513 0.000
363.208333 364.208333   13.66 0.000000   1.63 0.000000 9.999 0.259000000 99.99 0.259000000 0.303 0.000  0.925 0.000  1.296 0.000   7.113 0.000   1.569 0.000   5.544 0.000 0.028 0.000000  0.567 0.000
