scripts/IMPROVE-2019_partial/data/US9038R.20040101070000.20191216000000.filterpack..pm25.52w.1w.US03L_filterpack_US9038.US03L_IMPROVE_Davis.lev2.nas
66 1001
MISSING INFORMATION
US03L, IMPROVE, , , , , , , 
MISSING INFORMATION
IMPROVE sel_HTAP
1 1
2004 01 01 2019 12 16
3.000000
days from file reference point
27
1 1 1 1 1 1 1 1 1 1 1 1 1 1 1 1 1 1 1 1 1 1 1 1 1 1 1
999.999999 9999.99 9.999 99.99 9.999 9.999 9.999999 99.99 9.999999 9.999 9.999 99.999 9.999 99.999 9.999 999.99 9.999999 999.999 9.999 999.999 9.999 99.999 9.999 9.999 9.999 9.999 9.999
end_time of measurement, days from the file reference point
iron, ng/m3, Revision date=20181210133000
numflag iron, no unit, Revision date=20181210133000
lead, ng/m3, Revision date=20181210133000
numflag lead, no unit, Revision date=20181210133000
magnesium, ug/m3, Revision date=20181210133000
numflag magnesium, no unit, Revision date=20181210133000
nickel, ng/m3, Revision date=20181210133000
numflag nickel, no unit, Revision date=20181210133000
nitrate, ug N/m3, Revision date=20181210133000
numflag nitrate, no unit, Revision date=20181210133000
organic_carbon, ug C/m3, Revision date=20181210133000
numflag organic_carbon, no unit, Revision date=20181210133000
organic_mass, ug/m3, Revision date=20181210133000
numflag organic_mass, no unit, Revision date=20181210133000
phosphorus, ng/m3, Revision date=20181210133000
numflag phosphorus, no unit, Revision date=20181210133000
pm10_mass, ug/m3, Version=2, Version description=Data extracted from http://views.cira.colostate.edu/fed/DataWizard 2019-12-16, Sample duration=1d, Orig. time res.=3d, Matrix=pm10, Blank correction=Blank corrected, Volume std. temperature=ambient, Volume std. pressure=ambient
numflag pm10_mass, no unit, Version=2, Version description=Data extracted from http://views.cira.colostate.edu/fed/DataWizard 2019-12-16, Sample duration=1d, Orig. time res.=3d, Matrix=pm10, Blank correction=Blank corrected, Volume std. temperature=ambient, Volume std. pressure=ambient
pm10_pm25_mass, ug/m3, Revision date=20181210133000, Matrix=pm10_pm25
numflag pm10_pm25_mass, no unit, Revision date=20181210133000, Matrix=pm10_pm25
pm25_mass, ug/m3, Version=2, Version description=Data extracted from http://views.cira.colostate.edu/fed/DataWizard 2019-12-16, Sample duration=1d, Orig. time res.=3d, Blank correction=Blank corrected, Volume std. temperature=ambient, Volume std. pressure=ambient
numflag pm25_mass, no unit, Version=2, Version description=Data extracted from http://views.cira.colostate.edu/fed/DataWizard 2019-12-16, Sample duration=1d, Orig. time res.=3d, Blank correction=Blank corrected, Volume std. temperature=ambient, Volume std. pressure=ambient
potassium, ug/m3, Revision date=20181210133000
numflag potassium, no unit, Revision date=20181210133000
sulphate_total, ug S/m3, Revision date=20181210133000
numflag sulphate_total, no unit, Revision date=20181210133000
0
25
Data definition:              EBAS_1.1
Set type code:                TU
Timezone:                     UTC
File name:                    US9038R.20040101070000.20191216000000.filterpack..pm25.52w.1w.US03L_filterpack_US9038.US03L_IMPROVE_Davis.lev2.nas
File creation:                20191218120756
Startdate:                    20040101070000
Revision date:                20191216000000
Statistics:                   arithmetic mean
Data level:                   2
Period code:                  52w
Resolution code:              1w
Station code:                 US9038R
Platform code:                US9038S
Station name:                 Saguaro NM
Station latitude:             32.1746
Station longitude:            -110.7371
Station altitude:             941.0 m
Regime:                       IMG
Component:                    
Matrix:                       pm25
Laboratory code:              US03L
Instrument type:              filterpack
Instrument name:              filterpack_US9038
Method ref:                   US03L_IMPROVE_Davis
starttime endtime Fe flag_Fe Pb flag_Pb Mg++ flag_Mg++ Ni flag_Ni NO3- flag_NO3- OC flag_OC OM flag_OM P flag_P PM10 flag_PM10 PM10-PM2.5 flag_PM10-PM2.5 PM2.5 flag_PM2.5 K+ flag_K+ SO4-- flag_SO4--
  0.291667   1.291667   24.74 0.000  0.57 0.000 9.999 0.259000 99.99 0.259000 0.078 0.559  0.808 0.000  1.131 0.000 999.99 0.259000   2.917 0.000   0.762 0.000  2.155 0.000 0.055 0.000 0.069 0.559
  3.291667   4.291667   92.02 0.000  2.86 0.000 9.999 0.259000 99.99 0.259000 0.110 0.559  0.719 0.000  1.006 0.000 999.99 0.259000  13.971 0.000  10.364 0.000  3.607 0.000 0.063 0.000 0.161 0.559
  6.291667   7.291667   83.70 0.000  2.25 0.000 9.999 0.259000  0.36 0.000000 0.070 0.559  0.951 0.000  1.332 0.000 999.99 0.259000  15.890 0.000  11.694 0.000  4.197 0.000 0.069 0.000 0.220 0.559
  9.291667  10.291667   52.64 0.000  0.67 0.000 9.999 0.259000 99.99 0.259000 0.027 0.559  0.543 0.000  0.760 0.000 999.99 0.259000   9.600 0.000   6.701 0.000  2.899 0.000 0.050 0.000 0.191 0.559
 12.291667  13.291667   43.23 0.000  1.10 0.000 9.999 0.259000  0.14 0.000000 0.033 0.559  0.653 0.000  0.914 0.000 999.99 0.259000   8.421 0.000   4.912 0.000  3.509 0.000 0.046 0.000 0.341 0.559
 15.291667  16.291667   70.06 0.000  2.43 0.000 9.999 0.259000  0.11 0.000000 0.267 0.000  1.218 0.000  1.705 0.000 999.99 0.259000  12.368 0.000   7.870 0.000  4.499 0.000 0.063 0.000 0.263 0.000
 18.291667  19.291667   41.61 0.000  1.28 0.000 9.999 0.259000 99.99 0.259000 0.051 0.559  0.844 0.000  1.181 0.000 999.99 0.259000  10.376 0.000   6.615 0.000  3.760 0.000 0.038 0.000 0.344 0.559
 21.291667  22.291667   28.00 0.000  1.47 0.000 0.034 0.000000  0.20 0.000000 0.387 0.559  0.909 0.000  1.273 0.000 999.99 0.259000   5.689 0.000   1.300 0.000  4.389 0.000 0.039 0.000 0.385 0.559
 24.291667  25.291667    8.42 0.000  0.48 0.000 9.999 0.259000  0.18 0.000000 0.055 0.559  0.514 0.000  0.720 0.000 999.99 0.259000   2.946 0.000   0.975 0.000  1.971 0.000 0.017 0.000 0.236 0.559
 27.291667  28.291667   41.41 0.000  2.40 0.000 9.999 0.259000 99.99 0.259000 0.425 0.000  0.813 0.000  1.138 0.000 999.99 0.259000 999.999 0.456 999.999 0.999  3.382 0.000 0.031 0.000 0.104 0.000
 30.291667  31.291667   28.33 0.000  1.11 0.000 9.999 0.259000  0.28 0.000000 0.129 0.000  0.788 0.000  1.103 0.000 999.99 0.259000 999.999 0.456 999.999 0.999  3.093 0.000 0.040 0.000 0.245 0.000
 33.291667  34.291667   29.58 0.000  0.71 0.000 9.999 0.259000 99.99 0.259000 0.103 0.559  0.609 0.000  0.853 0.000 999.99 0.259000 999.999 0.456 999.999 0.999  2.647 0.000 0.032 0.000 0.167 0.559
 36.291667  37.291667   33.22 0.000  0.79 0.000 9.999 0.259000  0.09 0.000000 0.191 0.559  0.519 0.000  0.727 0.000 999.99 0.259000   4.643 0.000   2.329 0.000  2.315 0.000 0.023 0.000 0.213 0.559
 39.291667  40.291667   39.51 0.000  1.13 0.000 9.999 0.259000 99.99 0.259000 0.169 0.559  0.622 0.000  0.870 0.000 999.99 0.259000   8.300 0.000   6.036 0.000  2.264 0.000 0.030 0.000 0.064 0.559
 42.291667  43.291667  112.54 0.000  1.71 0.000 9.999 0.259000  0.08 0.000000 0.235 0.000  0.651 0.000  0.911 0.000 999.99 0.259000  14.505 0.000  10.333 0.000  4.173 0.000 0.081 0.000 0.165 0.000
 45.291667  46.291667 9999.99 0.456 99.99 0.456 9.999 0.456000 99.99 0.456000 0.109 0.559  0.907 0.000  1.270 0.000 999.99 0.456000  11.781 0.000 999.999 0.999 99.999 0.456 9.999 0.456 0.198 0.559
 48.291667  49.291667   91.59 0.000  3.44 0.000 9.999 0.259000 99.99 0.259000 0.024 0.559  0.552 0.000  0.773 0.000 999.99 0.259000  11.234 0.000   8.036 0.000  3.198 0.000 0.062 0.000 0.153 0.559
 51.291667  52.291667   43.31 0.000 99.99 0.259 9.999 0.259000  0.27 0.000000 0.070 0.559  0.537 0.000  0.751 0.000 999.99 0.259000   9.797 0.000   6.890 0.000  2.906 0.000 0.046 0.000 0.140 0.559
 54.291667  55.291667   21.16 0.000  0.52 0.000 9.999 0.259000 99.99 0.259000 0.219 0.559  0.725 0.000  1.014 0.000 999.99 0.259000   4.277 0.000   1.415 0.000  2.862 0.000 0.021 0.000 0.160 0.559
 57.291667  58.291667   34.22 0.000  2.29 0.000 9.999 0.259000  0.11 0.000000 0.060 0.559  0.509 0.000  0.712 0.000 999.99 0.259000   5.332 0.000   2.391 0.000  2.942 0.000 0.039 0.000 0.264 0.559
 60.291667  61.291667   19.16 0.000  0.99 0.000 0.043 0.000000 99.99 0.259000 0.073 0.559  0.350 0.000  0.490 0.000 999.99 0.259000   4.315 0.000   2.563 0.000  1.751 0.000 0.018 0.000 0.133 0.559
 63.291667  64.291667   12.55 0.000  0.26 0.000 9.999 0.259000 99.99 0.259000 0.024 0.559  0.223 0.000  0.312 0.000 999.99 0.259000   0.711 0.000   0.107 0.000  0.604 0.000 0.009 0.000 0.042 0.559
 66.291667  67.291667   35.32 0.000  1.69 0.000 9.999 0.259000 99.99 0.259000 0.100 0.559  0.621 0.000  0.869 0.000 999.99 0.259000   5.397 0.000   2.571 0.000  2.826 0.000 0.028 0.000 0.238 0.559
 69.291667  70.291667  124.69 0.000  1.52 0.000 9.999 0.259000  0.14 0.000000 0.051 0.559  0.887 0.000  1.242 0.000 999.99 0.259000  18.518 0.000  12.975 0.000  5.543 0.000 0.088 0.000 0.307 0.559
 72.291667  73.291667   24.66 0.000  0.83 0.000 9.999 0.259000  0.13 0.000000 0.032 0.559  0.439 0.000  0.615 0.000 999.99 0.259000   4.003 0.000   1.346 0.000  2.657 0.000 0.029 0.000 0.317 0.559
 75.291667  76.291667   60.69 0.000  1.13 0.000 9.999 0.259000 99.99 0.259000 0.033 0.559  0.702 0.000  0.982 0.000 999.99 0.259000   7.838 0.000   4.896 0.000  2.942 0.000 0.041 0.000 0.205 0.559
 78.291667  79.291667   77.65 0.000  1.55 0.000 9.999 0.259000 99.99 0.259000 0.030 0.559  0.551 0.000  0.771 0.000 999.99 0.259000   8.203 0.000   5.017 0.000  3.187 0.000 0.054 0.000 0.194 0.559
 81.291667  82.291667   46.70 0.000  0.96 0.000 9.999 0.259000 99.99 0.259000 0.041 0.559  0.605 0.000  0.847 0.000 999.99 0.259000  10.356 0.000   6.733 0.000  3.623 0.000 0.042 0.000 0.378 0.559
 84.291667  85.291667  179.32 0.394  1.46 0.394 9.999 0.394259  2.40 0.394000 0.111 0.394  0.911 0.000  1.276 0.000 999.99 0.394259  15.472 0.000   7.982 0.000  7.490 0.000 0.129 0.394 0.464 0.394
 87.291667  88.291667  170.04 0.000  1.79 0.000 9.999 0.259000  1.74 0.000000 0.056 0.000  0.831 0.000  1.164 0.000 999.99 0.259000  13.445 0.000   7.159 0.000  6.286 0.000 0.104 0.000 0.192 0.000
 90.291667  91.291667  181.40 0.000  1.84 0.000 0.129 0.000000  2.19 0.000000 0.057 0.000  0.916 0.000  1.282 0.000 999.99 0.259000  14.579 0.000   6.638 0.000  7.941 0.000 0.126 0.000 0.571 0.000
 93.291667  94.291667   20.97 0.000  0.87 0.000 9.999 0.259000 99.99 0.259000 0.068 0.000  0.436 0.000  0.610 0.000 999.99 0.259000   4.003 0.000   1.489 0.000  2.514 0.000 0.025 0.000 0.193 0.000
 96.291667  97.291667   31.76 0.000  1.32 0.000 0.054 0.000000 99.99 0.259000 0.093 0.000  0.705 0.000  0.986 0.000 999.99 0.259000   5.909 0.000   2.038 0.000  3.872 0.000 0.022 0.000 0.374 0.000
 99.291667 100.291667   62.61 0.000  0.84 0.000 0.060 0.000000  0.33 0.000000 0.131 0.559  0.528 0.000  0.740 0.000 999.99 0.259000  10.193 0.000   5.135 0.000  5.059 0.000 0.047 0.000 0.411 0.559
102.291667 103.291667   47.00 0.000  1.19 0.000 9.999 0.259000  0.08 0.000000 0.027 0.000  0.453 0.000  0.634 0.000 999.99 0.259000   6.376 0.000   3.200 0.000  3.175 0.000 0.031 0.000 0.281 0.000
105.291667 106.291667  109.09 0.000  1.84 0.000 9.999 0.259000  0.40 0.000000 0.036 0.559  0.632 0.000  0.885 0.000 999.99 0.259000   9.698 0.000   4.810 0.000  4.888 0.000 0.087 0.000 0.372 0.559
108.291667 109.291667  140.45 0.000  0.80 0.000 9.999 0.259000  0.13 0.000000 0.093 0.559  0.572 0.000  0.801 0.000 999.99 0.259000  18.463 0.000  13.503 0.000  4.960 0.000 0.092 0.000 0.170 0.559
111.291667 112.291667  142.95 0.000  3.53 0.000 9.999 0.259000 99.99 0.259000 0.104 0.000  0.846 0.000  1.184 0.000 999.99 0.259000  16.854 0.000   9.517 0.000  7.337 0.000 0.117 0.000 0.603 0.000
114.291667 115.291667   69.04 0.000  1.50 0.000 9.999 0.259000 99.99 0.259000 0.044 0.559  0.630 0.000  0.882 0.000 999.99 0.259000   9.828 0.000   6.937 0.000  2.891 0.000 0.046 0.000 0.160 0.559
117.291667 118.291667  129.37 0.000  2.65 0.000 9.999 0.259000  0.08 0.000000 0.050 0.559  0.648 0.000  0.908 0.000 999.99 0.259000   6.453 0.000   0.827 0.000  5.626 0.000 0.088 0.000 0.467 0.559
120.291667 121.291667  113.16 0.000  1.43 0.000 9.999 0.259000  0.18 0.000000 0.100 0.000  0.497 0.000  0.696 0.000 999.99 0.259000 999.999 0.456 999.999 0.999  5.502 0.000 0.082 0.000 0.303 0.000
123.291667 124.291667  118.39 0.000  0.93 0.000 9.999 0.259000  0.11 0.000000 0.040 0.559  0.477 0.000  0.667 0.000 999.99 0.259000 999.999 0.456 999.999 0.999  4.173 0.000 0.073 0.000 0.232 0.559
126.291667 127.291667  208.59 0.000  2.03 0.000 0.110 0.000000  0.23 0.000000 0.103 0.000  1.311 0.000  1.835 0.000 999.99 0.259000  17.644 0.000   9.527 0.000  8.117 0.000 0.143 0.000 0.430 0.000
129.291667 130.291667  131.84 0.000  1.56 0.000 9.999 0.259000  0.23 0.000000 0.089 0.000  1.173 0.000  1.643 0.000 999.99 0.259000  14.531 0.000   7.557 0.000  6.974 0.000 0.108 0.000 0.531 0.000
132.291667 133.291667  171.18 0.000  1.31 0.000 9.999 0.259000  0.20 0.000000 0.106 0.559  0.655 0.000  0.918 0.000  23.16 0.000000  19.420 0.000  12.416 0.000  7.005 0.000 0.133 0.000 0.320 0.559
135.291667 136.291667  210.14 0.000  1.83 0.000 0.074 0.000000  0.11 0.000000 0.062 0.000  0.970 0.000  1.359 0.000 999.99 0.259000  14.414 0.000   7.228 0.000  7.186 0.000 0.133 0.000 0.250 0.000
138.291667 139.291667   78.03 0.000  0.92 0.000 9.999 0.259000  0.30 0.000000 0.074 0.559  0.587 0.000  0.822 0.000 999.99 0.259000   9.506 0.000   5.060 0.000  4.447 0.000 0.061 0.000 0.285 0.559
141.291667 142.291667  104.29 0.000  1.00 0.000 0.038 0.000000  0.27 0.000000 0.047 0.000  0.337 0.000  0.471 0.000 999.99 0.259000   9.032 0.000   5.111 0.000  3.921 0.000 0.071 0.000 0.208 0.000
144.291667 145.291667  134.31 0.000  2.05 0.000 9.999 0.259000  0.25 0.000000 0.057 0.000  0.467 0.000  0.654 0.000 999.99 0.259000  10.861 0.000   5.952 0.000  4.909 0.000 0.089 0.000 0.391 0.000
147.291667 148.291667  162.29 0.000  1.33 0.000 9.999 0.259000  0.11 0.000000 0.071 0.000  0.776 0.000  1.086 0.000 999.99 0.259000  12.825 0.000   7.674 0.000  5.151 0.000 0.109 0.000 0.242 0.000
150.291667 151.291667  138.87 0.000  1.57 0.000 9.999 0.259000  0.17 0.000000 0.088 0.000  0.845 0.000  1.183 0.000 999.99 0.259000  14.373 0.000   8.703 0.000  5.671 0.000 0.105 0.000 0.315 0.000
153.291667 154.291667  159.37 0.000  1.44 0.000 9.999 0.259000  0.37 0.000000 0.060 0.000  1.081 0.000  1.513 0.000 999.99 0.259000   6.543 0.000 999.999 0.259  6.614 0.000 0.116 0.000 0.430 0.000
156.291667 157.291667  101.02 0.000  1.01 0.000 0.092 0.000000  0.27 0.000000 0.071 0.000  1.083 0.000  1.516 0.000 999.99 0.259000  12.395 0.000   7.157 0.000  5.238 0.000 0.080 0.000 0.404 0.000
159.291667 160.291667  105.45 0.000  0.53 0.000 0.063 0.000000  0.33 0.000000 0.108 0.000  0.660 0.000  0.924 0.000 999.99 0.259000  14.562 0.000   9.169 0.000  5.393 0.000 0.096 0.000 0.419 0.000
162.291667 163.291667  207.97 0.000  1.75 0.000 9.999 0.259000  0.25 0.000000 0.106 0.000  1.042 0.000  1.459 0.000 999.99 0.259000  19.040 0.000  12.041 0.000  6.998 0.000 0.205 0.000 0.277 0.000
165.291667 166.291667  129.96 0.000  2.30 0.000 9.999 0.259000  0.27 0.000000 0.069 0.000  1.208 0.000  1.691 0.000 999.99 0.259000  12.960 0.000   7.038 0.000  5.922 0.000 0.102 0.000 0.494 0.000
168.291667 169.291667  165.15 0.000  1.27 0.000 0.115 0.000000  0.34 0.000000 0.090 0.000  0.764 0.000  1.069 0.000 999.99 0.259000  15.423 0.000   8.750 0.000  6.673 0.000 0.161 0.000 0.347 0.000
171.291667 172.291667   57.64 0.000  0.59 0.000 9.999 0.259000  0.14 0.000000 0.032 0.000  0.685 0.000  0.960 0.000 999.99 0.259000   6.379 0.000   2.907 0.000  3.472 0.000 0.051 0.000 0.299 0.000
174.291667 175.291667   95.51 0.000  0.96 0.000 9.999 0.259000  0.14 0.000000 0.051 0.000  0.542 0.000  0.759 0.000 999.99 0.259000   9.514 0.000   5.455 0.000  4.058 0.000 0.077 0.000 0.317 0.000
177.291667 178.291667   68.82 0.000  0.93 0.000 9.999 0.259000  0.25 0.000000 0.062 0.000  0.909 0.000  1.273 0.000 999.99 0.259000  12.718 0.000   8.129 0.000  4.589 0.000 0.078 0.000 0.385 0.000
180.291667 181.291667  109.75 0.000  0.88 0.000 9.999 0.259000  0.27 0.000000 0.061 0.000  0.534 0.000  0.747 0.000 999.99 0.259000  13.912 0.000   9.598 0.000  4.314 0.000 0.092 0.000 0.267 0.000
183.291667 184.291667   90.11 0.000  0.44 0.000 9.999 0.259000  0.22 0.000000 0.021 0.000  0.632 0.000  0.885 0.000 999.99 0.259000   6.500 0.000   3.447 0.000  3.053 0.000 0.062 0.000 0.157 0.000
186.291667 187.291667   56.89 0.000 99.99 0.259 9.999 0.259000  0.23 0.000000 0.052 0.000  0.573 0.000  0.802 0.000 999.99 0.259000   8.550 0.000   5.289 0.000  3.261 0.000 0.063 0.000 0.255 0.000
189.291667 190.291667   86.63 0.000  0.40 0.000 9.999 0.259000  0.28 0.000000 0.068 0.000  0.654 0.000  0.916 0.000 999.99 0.259000  15.393 0.000  10.517 0.000  4.876 0.000 0.084 0.000 0.370 0.000
192.291667 193.291667   41.90 0.000  0.47 0.000 9.999 0.259000 99.99 0.259000 0.037 0.000  1.114 0.000  1.560 0.000 999.99 0.259000   7.308 0.000   3.716 0.000  3.592 0.000 0.037 0.000 0.279 0.000
195.291667 196.291667   44.69 0.000  0.47 0.000 9.999 0.259000  0.09 0.000000 0.051 0.000  0.733 0.000  1.026 0.000 999.99 0.259000   6.379 0.000   3.206 0.000  3.173 0.000 0.039 0.000 0.224 0.000
198.291667 199.291667   82.84 0.000  0.61 0.000 9.999 0.259000  0.15 0.000000 0.073 0.000  1.004 0.000  1.406 0.000 999.99 0.259000  12.955 0.000   8.117 0.000  4.837 0.000 0.067 0.000 0.353 0.000
201.291667 202.291667   68.38 0.000  0.44 0.000 9.999 0.259000  0.21 0.000000 0.041 0.000  0.746 0.000  1.045 0.000 999.99 0.259000   9.289 0.000   5.615 0.000  3.674 0.000 0.041 0.000 0.314 0.000
204.291667 205.291667   82.45 0.000  0.57 0.000 9.999 0.259000  0.35 0.000000 0.109 0.000  0.737 0.000  1.031 0.000 999.99 0.259000  12.920 0.000   6.609 0.000  6.310 0.000 0.075 0.000 0.612 0.000
207.291667 208.291667   28.96 0.000  0.19 0.000 9.999 0.259000 99.99 0.259000 0.019 0.000  0.434 0.000  0.608 0.000 999.99 0.259000   4.400 0.000   2.529 0.000  1.870 0.000 0.024 0.000 0.138 0.000
210.291667 211.291667   68.03 0.000  0.54 0.000 9.999 0.259000  0.26 0.000000 0.069 0.000  0.727 0.000  1.018 0.000 999.99 0.259000  10.296 0.000   5.948 0.000  4.348 0.000 0.055 0.000 0.470 0.000
213.291667 214.291667   38.59 0.000  0.53 0.000 9.999 0.259000 99.99 0.259000 0.034 0.000  0.759 0.000  1.063 0.000 999.99 0.259000   7.310 0.000   3.582 0.000  3.728 0.000 0.035 0.000 0.392 0.000
216.291667 217.291667   52.47 0.000  0.53 0.000 0.063 0.000000  0.26 0.000000 0.044 0.000  0.621 0.000  0.869 0.000 999.99 0.259000   9.714 0.000   6.047 0.000  3.668 0.000 0.039 0.000 0.372 0.000
219.291667 220.291667   50.61 0.000  0.73 0.000 9.999 0.259000  0.11 0.000000 0.036 0.000  0.703 0.000  0.984 0.000 999.99 0.259000   9.205 0.000   5.869 0.000  3.337 0.000 0.038 0.000 0.328 0.000
222.291667 223.291667   48.85 0.000  0.66 0.000 9.999 0.259000  0.15 0.000000 0.029 0.000  0.906 0.000  1.268 0.000 999.99 0.259000   7.670 0.000   3.647 0.000  4.023 0.000 0.036 0.000 0.431 0.000
225.291667 226.291667   79.33 0.000  0.80 0.000 9.999 0.259000 99.99 0.259000 0.042 0.000  0.872 0.000  1.220 0.000 999.99 0.259000   9.433 0.000   4.575 0.000  4.858 0.000 0.057 0.000 0.429 0.000
228.291667 229.291667   66.15 0.000  0.63 0.000 9.999 0.259000 99.99 0.259000 0.040 0.000  0.721 0.000  1.009 0.000 999.99 0.259000  11.709 0.000   7.458 0.000  4.250 0.000 0.056 0.000 0.407 0.000
231.291667 232.291667   53.50 0.000  0.43 0.000 9.999 0.259000  0.14 0.000000 0.045 0.000  0.475 0.000  0.666 0.000 999.99 0.259000   8.035 0.000   2.551 0.000  5.484 0.000 0.041 0.000 0.433 0.000
234.291667 235.291667   24.77 0.000  0.51 0.000 9.999 0.259000  0.18 0.000000 0.018 0.559  0.779 0.000  1.091 0.000 999.99 0.259000   5.361 0.000   2.986 0.000  2.375 0.000 0.022 0.000 0.305 0.559
237.291667 238.291667   33.67 0.000  0.47 0.000 0.026 0.000000  0.31 0.000000 0.047 0.000  0.394 0.000  0.551 0.000 999.99 0.259000   6.985 0.000   3.782 0.000  3.203 0.000 0.029 0.000 0.385 0.000
240.291667 241.291667   43.99 0.000  0.87 0.000 9.999 0.259000  0.33 0.000000 0.046 0.000  0.555 0.000  0.777 0.000 999.99 0.259000   9.341 0.000   6.241 0.000  3.100 0.000 0.035 0.000 0.323 0.000
