scripts/IMPROVE-2019_partial/data/US9055R.20030103070000.20191216000000.filterpack..pm25.1y.1w.US03L_filterpack_US9055.US03L_IMPROVE_Davis.lev2.nas
66 1001
MISSING INFORMATION
US03L, IMPROVE, , , , , , , 
MISSING INFORMATION
IMPROVE sel_HTAP
1 1
2003 01 01 2019 12 16
3.000000
days from file reference point
27
1 1 1 1 1 1 1 1 1 1 1 1 1 1 1 1 1 1 1 1 1 1 1 1 1 1 1
999.999999 9999.99 9.999 99.99 9.999 9.999 9.999999 9.99 9.999999 9.999 9.999999 99.999 9.999 999.999 9.999 999.99 9.999999 999.999 9.999 99.999 9.999 999.999 9.999 9.999 9.999 9.999 9.999999
end_time of measurement, days from the file reference point
iron, ng/m3, Revision date=20181210133000
numflag iron, no unit, Revision date=20181210133000
lead, ng/m3, Revision date=20181210133000
numflag lead, no unit, Revision date=20181210133000
magnesium, ug/m3, Revision date=20181210133000
numflag magnesium, no unit, Revision date=20181210133000
nickel, ng/m3, Revision date=20181210133000
numflag nickel, no unit, Revision date=20181210133000
nitrate, ug N/m3, Revision date=20181210133000
numflag nitrate, no unit, Revision date=20181210133000
organic_carbon, ug C/m3, Revision date=20181210133000
numflag organic_carbon, no unit, Revision date=20181210133000
organic_mass, ug/m3, Revision date=20181210133000
numflag organic_mass, no unit, Revision date=20181210133000
phosphorus, ng/m3, Revision date=20181210133000
numflag phosphorus, no unit, Revision date=20181210133000
pm10_mass, ug/m3, Version=2, Version description=Data extracted from http://views.cira.colostate.edu/fed/DataWizard 2019-12-16, Sample duration=1d, Orig. time res.=3d, Matrix=pm10, Blank correction=Blank corrected, Volume std. temperature=ambient, Volume std. pressure=ambient
numflag pm10_mass, no unit, Version=2, Version description=Data extracted from http://views.cira.colostate.edu/fed/DataWizard 2019-12-16, Sample duration=1d, Orig. time res.=3d, Matrix=pm10, Blank correction=Blank corrected, Volume std. temperature=ambient, Volume std. pressure=ambient
pm10_pm25_mass, ug/m3, Revision date=20181210133000, Matrix=pm10_pm25
numflag pm10_pm25_mass, no unit, Revision date=20181210133000, Matrix=pm10_pm25
pm25_mass, ug/m3, Version=2, Version description=Data extracted from http://views.cira.colostate.edu/fed/DataWizard 2019-12-16, Sample duration=1d, Orig. time res.=3d, Blank correction=Blank corrected, Volume std. temperature=ambient, Volume std. pressure=ambient
numflag pm25_mass, no unit, Version=2, Version description=Data extracted from http://views.cira.colostate.edu/fed/DataWizard 2019-12-16, Sample duration=1d, Orig. time res.=3d, Blank correction=Blank corrected, Volume std. temperature=ambient, Volume std. pressure=ambient
potassium, ug/m3, Revision date=20181210133000
numflag potassium, no unit, Revision date=20181210133000
sulphate_total, ug S/m3, Revision date=20181210133000
numflag sulphate_total, no unit, Revision date=20181210133000
0
25
Data definition:              EBAS_1.1
Set type code:                TU
Timezone:                     UTC
File name:                    US9055R.20030103070000.20191216000000.filterpack..pm25.1y.1w.US03L_filterpack_US9055.US03L_IMPROVE_Davis.lev2.nas
File creation:                20191218120912
Startdate:                    20030103070000
Revision date:                20191216000000
Statistics:                   arithmetic mean
Data level:                   2
Period code:                  1y
Resolution code:              1w
Station code:                 US9055R
Platform code:                US9055S
Station name:                 Sawtooth NF
Station latitude:             44.1705
Station longitude:            -114.9271
Station altitude:             1990.0 m
Regime:                       IMG
Component:                    
Matrix:                       pm25
Laboratory code:              US03L
Instrument type:              filterpack
Instrument name:              filterpack_US9055
Method ref:                   US03L_IMPROVE_Davis
starttime endtime Fe flag_Fe Pb flag_Pb Mg++ flag_Mg++ Ni flag_Ni NO3- flag_NO3- OC flag_OC OM flag_OM P flag_P PM10 flag_PM10 PM10-PM2.5 flag_PM10-PM2.5 PM2.5 flag_PM2.5 K+ flag_K+ SO4-- flag_SO4--
[from data line 79]
239.291667 240.291667   18.63 0.000  0.54 0.000 9.999 0.259000 9.99 0.259000 0.012 0.559000  1.763 0.000   2.468 0.000 999.99 0.259000   5.374 0.000  1.347 0.000   4.027 0.000 0.023 0.000 0.114 0.559000
242.291667 243.291667   33.43 0.000  0.40 0.000 9.999 0.259000 9.99 0.259000 0.011 0.559000  2.902 0.000   4.062 0.000 999.99 0.259000   8.226 0.000  1.930 0.000   6.295 0.000 0.033 0.000 0.098 0.559000
245.291667 246.291667   44.96 0.699  0.79 0.699 0.016 0.699000 0.07 0.699000 0.034 0.559000  8.844 0.000  12.381 0.000 999.99 0.699259  18.939 0.000  2.892 0.000  16.048 0.699 0.091 0.699 0.179 0.559000
248.291667 249.291667   15.34 0.559  0.40 0.559 9.999 0.559259 9.99 0.559259 0.014 0.559000  2.411 0.000   3.376 0.000 999.99 0.559259   5.746 0.000  0.725 0.000   5.021 0.559 0.026 0.559 0.119 0.559000
251.291667 252.291667    4.29 0.000  0.30 0.000 9.999 0.259000 9.99 0.259000 0.009 0.559000  0.797 0.000   1.116 0.000 999.99 0.259000   2.857 0.000  1.055 0.000   1.803 0.000 0.005 0.000 0.065 0.559000
254.291667 255.291667    5.33 0.000 99.99 0.259 9.999 0.259000 9.99 0.259000 0.005 0.559000  0.538 0.000   0.753 0.000  11.28 0.000000   2.507 0.000  1.137 0.000   1.370 0.000 0.007 0.000 0.065 0.559000
257.291667 258.291667   12.26 0.000  0.22 0.000 9.999 0.259000 9.99 0.259000 0.008 0.559000  1.206 0.000   1.689 0.000 999.99 0.259000   4.520 0.000  1.943 0.000   2.577 0.000 0.016 0.000 0.055 0.559000
260.291667 261.291667    7.83 0.394  0.29 0.394 9.999 0.394259 0.08 0.394000 0.006 0.559394  0.932 0.000   1.305 0.000 999.99 0.394259   2.567 0.000  1.117 0.000   1.451 0.000 0.008 0.394 0.040 0.559394
263.291667 264.291667   24.52 0.000  0.68 0.000 9.999 0.259000 9.99 0.259000 0.008 0.559000  1.001 0.000   1.402 0.000 999.99 0.259000   4.726 0.000  2.169 0.000   2.557 0.000 0.023 0.000 0.109 0.559000
266.291667 267.291667   27.65 0.394  0.30 0.394 9.999 0.394259 0.06 0.394000 0.007 0.559394  0.921 0.000   1.290 0.000 999.99 0.394259   5.299 0.000  2.402 0.000   2.898 0.000 0.033 0.394 0.046 0.559394
269.291667 270.291667   11.32 0.000  0.35 0.000 9.999 0.259000 9.99 0.259000 0.007 0.559000  1.432 0.000   2.005 0.000 999.99 0.259000   4.242 0.000  1.205 0.000   3.036 0.000 0.012 0.000 0.034 0.559000
272.291667 273.291667   52.91 0.000  0.28 0.000 9.999 0.259000 0.12 0.000000 0.014 0.000000  2.707 0.000   3.790 0.000 999.99 0.259000  11.850 0.000  5.462 0.000   6.388 0.000 0.042 0.000 0.103 0.000000
275.291667 276.291667   19.75 0.000  0.36 0.000 9.999 0.259000 9.99 0.259000 0.013 0.000000  1.349 0.000   1.888 0.000 999.99 0.259000   7.319 0.000  2.920 0.000   4.399 0.000 0.020 0.000 0.220 0.000000
278.291667 279.291667   25.11 0.000  0.38 0.000 9.999 0.259000 9.99 0.259000 0.011 0.000000  1.537 0.000   2.152 0.000 999.99 0.259000   7.151 0.000  2.873 0.000   4.278 0.000 0.032 0.000 0.165 0.000000
281.291667 282.291667   84.56 0.000  0.91 0.000 0.037 0.000000 9.99 0.259000 0.025 0.000000  0.928 0.000   1.299 0.000 999.99 0.259000 999.999 0.456 99.999 0.999   4.651 0.000 0.055 0.000 0.102 0.000000
284.291667 285.291667    8.22 0.000  0.18 0.000 9.999 0.259000 9.99 0.259000 0.009 0.000000  0.304 0.000   0.425 0.000 999.99 0.259000 999.999 0.456 99.999 0.999   1.246 0.000 0.009 0.000 0.042 0.000000
287.291667 288.291667   19.05 0.000  0.36 0.000 9.999 0.259000 0.05 0.000000 0.019 0.000000  0.521 0.000   0.729 0.000 999.99 0.259000 999.999 0.456 99.999 0.999   2.203 0.000 0.017 0.000 0.102 0.000000
290.291667 291.291667   20.47 0.000  0.39 0.000 9.999 0.259000 9.99 0.259000 0.019 0.000000  1.339 0.000   1.874 0.000 999.99 0.259000 999.999 0.456 99.999 0.999   3.599 0.000 0.033 0.000 0.092 0.000000
293.291667 294.291667   11.74 0.000  0.29 0.000 9.999 0.259000 9.99 0.259000 0.006 0.000000  0.840 0.000   1.176 0.000 999.99 0.259000 999.999 0.456 99.999 0.999   2.129 0.000 0.013 0.000 0.058 0.000000
296.291667 297.291667   14.48 0.000  0.29 0.000 9.999 0.259000 0.04 0.000000 0.006 0.000000  0.309 0.000   0.432 0.000 999.99 0.259000   2.273 0.000  0.957 0.000   1.317 0.000 0.012 0.000 0.059 0.000000
299.291667 300.291667    9.93 0.000  0.26 0.000 9.999 0.259000 9.99 0.259000 0.005 0.000000  0.713 0.000   0.998 0.000 999.99 0.259000   3.657 0.000  2.034 0.000   1.623 0.000 0.008 0.000 0.031 0.000000
302.291667 303.291667    8.01 0.000  0.15 0.000 9.999 0.259000 9.99 0.259000 0.005 0.000000  0.256 0.000   0.358 0.000 999.99 0.259000   3.679 0.000  2.613 0.000   1.066 0.000 0.007 0.000 0.053 0.000000
305.291667 306.291667   10.08 0.000  0.30 0.000 0.016 0.000000 0.06 0.000000 0.035 0.000000  0.902 0.000   1.263 0.000 999.99 0.259000   3.472 0.000  1.188 0.000   2.284 0.000 0.016 0.000 0.083 0.000000
308.291667 309.291667    4.16 0.000  0.31 0.000 0.044 0.000000 9.99 0.259000 0.012 0.000000  1.498 0.000   2.097 0.000 999.99 0.259000   3.896 0.000 99.999 0.259   3.973 0.000 0.025 0.000 0.170 0.000000
311.291667 312.291667    5.62 0.000  0.49 0.000 9.999 0.259000 0.11 0.000000 0.022 0.000000  1.635 0.000   2.288 0.000 999.99 0.259000   4.183 0.000  0.727 0.000   3.456 0.000 0.013 0.000 0.093 0.000000
314.291667 315.291667    7.88 0.000  0.53 0.000 0.055 0.000000 9.99 0.259000 0.007 0.000000  0.481 0.000   0.674 0.000 999.99 0.259000   2.214 0.000  0.990 0.000   1.224 0.000 0.012 0.000 0.033 0.000000
317.291667 318.291667   13.88 0.000  0.53 0.000 9.999 0.259000 9.99 0.259000 0.029 0.000000  2.413 0.000   3.377 0.000 999.99 0.259000   5.051 0.000  0.262 0.000   4.788 0.000 0.029 0.000 0.058 0.000000
320.291667 321.291667    3.05 0.000  0.11 0.000 0.022 0.000000 9.99 0.259000 0.005 0.000000  0.556 0.000   0.779 0.000 999.99 0.259000   2.162 0.000  1.030 0.000   1.132 0.000 0.010 0.000 0.014 0.000000
323.291667 324.291667    2.84 0.000  3.31 0.000 9.999 0.259000 9.99 0.259000 0.013 0.000000  2.988 0.000   4.183 0.000 999.99 0.259000   5.360 0.000  0.611 0.000   4.750 0.000 0.020 0.000 0.045 0.000000
326.291667 327.291667    3.46 0.000  0.49 0.000 9.999 0.259000 0.06 0.000000 0.032 0.000000  3.055 0.000   4.278 0.000 999.99 0.259000   5.187 0.000  0.043 0.000   5.144 0.000 0.016 0.000 0.084 0.000000
329.291667 330.291667    5.73 0.000  0.15 0.000 9.999 0.259000 9.99 0.259000 0.004 0.000000  0.616 0.000   0.862 0.000 999.99 0.259000   1.004 0.000  0.212 0.000   0.792 0.000 0.003 0.000 0.020 0.000000
332.291667 333.291667    3.89 0.000  0.21 0.000 9.999 0.259000 0.07 0.000000 0.005 0.000000  0.966 0.000   1.353 0.000 999.99 0.259000 999.999 0.456 99.999 0.999   1.251 0.000 0.005 0.000 0.026 0.000000
335.291667 336.291667    4.45 0.000  0.20 0.000 9.999 0.259000 9.99 0.259000 0.006 0.000000  1.096 0.000   1.534 0.000 999.99 0.259000   1.933 0.000  0.418 0.000   1.515 0.000 0.005 0.000 0.045 0.000000
338.291667 339.291667    7.81 0.000  0.42 0.000 9.999 0.259000 0.06 0.000000 0.003 0.000000  0.843 0.000   1.180 0.000 999.99 0.259000   1.281 0.000  0.315 0.000   0.966 0.000 0.006 0.000 0.024 0.000000
341.291667 342.291667    0.57 0.000  0.06 0.000 0.084 0.000000 0.08 0.000000 0.001 0.000000  0.441 0.000   0.617 0.000 999.99 0.259000   0.699 0.000  0.248 0.000   0.451 0.000 0.001 0.000 0.011 0.000000
344.291667 345.291667    1.89 0.000  0.23 0.000 9.999 0.259000 0.07 0.000000 0.006 0.000000  1.090 0.000   1.526 0.000 999.99 0.259000   1.520 0.000 99.999 0.259   1.540 0.000 0.006 0.000 0.039 0.000000
347.291667 348.291667    0.96 0.000  0.29 0.000 0.047 0.000000 0.13 0.000000 0.002 0.000000  0.649 0.000   0.908 0.000 999.99 0.259000   1.151 0.000  0.495 0.000   0.656 0.000 0.003 0.000 0.021 0.000000
350.291667 351.291667    2.45 0.000  0.25 0.000 0.089 0.000000 9.99 0.259000 0.006 0.000000  1.275 0.000   1.785 0.000 999.99 0.259000   2.175 0.000  0.225 0.000   1.950 0.000 0.005 0.000 0.024 0.000000
353.291667 354.291667    2.32 0.000  0.38 0.000 0.067 0.000000 9.99 0.259000 0.026 0.000000  3.020 0.000   4.228 0.000   1.85 0.000000   5.271 0.000  0.071 0.000   5.200 0.000 0.010 0.000 0.037 0.000000
356.291667 357.291667   11.49 0.000  0.42 0.000 0.091 0.000000 9.99 0.259000 0.016 0.000000  1.202 0.000   1.683 0.000   3.21 0.000000   2.706 0.000  0.555 0.000   2.150 0.000 0.012 0.000 0.025 0.000000
359.291667 360.291667    2.14 0.000  0.26 0.000 9.999 0.259000 9.99 0.259000 0.006 0.000000  1.101 0.000   1.542 0.000 999.99 0.259000   1.590 0.000  0.077 0.000   1.512 0.000 0.005 0.000 0.020 0.000000
362.291667 363.291667    3.42 0.000  0.14 0.000 0.084 0.000000 0.07 0.000000 0.006 0.000000  0.355 0.000   0.497 0.000 999.99 0.259000   3.077 0.000  2.538 0.000   0.539 0.000 0.002 0.000 0.024 0.000000
