scripts/IMPROVE-2019_partial/data/US9076R.20030103070000.20191216000000.filterpack..pm25.1y.1w.US03L_filterpack_US9076.US03L_IMPROVE_Davis.lev2.nas
66 1001
MISSING INFORMATION
US03L, IMPROVE, , , , , , , 
MISSING INFORMATION
IMPROVE sel_HTAP
1 1
2003 01 01 2019 12 16
3.000000
days from file reference point
27
1 1 1 1 1 1 1 1 1 1 1 1 1 1 1 1 1 1 1 1 1 1 1 1 1 1 1
999.999999 9999.99 9.999 99.99 9.999 9.999 9.999999 9.99 9.999999 9.999 9.999 99.999 9.999 99.999 9.999 99.99 9.999999 999.999 9.999 999.999 9.999 999.999 9.999 9.999 9.999 9.999 9.999
end_time of measurement, days from the file reference point
iron, ng/m3, Revision date=20181210133000
numflag iron, no unit, Revision date=20181210133000
lead, ng/m3, Revision date=20181210133000
numflag lead, no unit, Revision date=20181210133000
magnesium, ug/m3, Revision date=20181210133000
numflag magnesium, no unit, Revision date=20181210133000
nickel, ng/m3, Revision date=20181210133000
numflag nickel, no unit, Revision date=20181210133000
nitrate, ug N/m3, Revision date=20181210133000
numflag nitrate, no unit, Revision date=20181210133000
organic_carbon, ug C/m3, Revision date=20181210133000
numflag organic_carbon, no unit, Revision date=20181210133000
organic_mass, ug/m3, Revision date=20181210133000
numflag organic_mass, no unit, Revision date=20181210133000
phosphorus, ng/m3, Revision date=20181210133000
numflag phosphorus, no unit, Revision date=20181210133000
pm10_mass, ug/m3, Version=2, Version description=Data extracted from http://views.cira.colostate.edu/fed/DataWizard 2019-12-16, Sample duration=1d, Orig. time res.=3d, Matrix=pm10, Blank correction=Blank corrected, Volume std. temperature=ambient, Volume std. pressure=ambient
numflag pm10_mass, no unit, Version=2, Version description=Data extracted from http://views.cira.colostate.edu/fed/DataWizard 2019-12-16, Sample duration=1d, Orig. time res.=3d, Matrix=pm10, Blank correction=Blank corrected, Volume std. temperature=ambient, Volume std. pressure=ambient
pm10_pm25_mass, ug/m3, Revision date=20181210133000, Matrix=pm10_pm25
numflag pm10_pm25_mass, no unit, Revision date=20181210133000, Matrix=pm10_pm25
pm25_mass, ug/m3, Version=2, Version description=Data extracted from http://views.cira.colostate.edu/fed/DataWizard 2019-12-16, Sample duration=1d, Orig. time res.=3d, Blank correction=Blank corrected, Volume std. temperature=ambient, Volume std. pressure=ambient
numflag pm25_mass, no unit, Version=2, Version description=Data extracted from http://views.cira.colostate.edu/fed/DataWizard 2019-12-16, Sample duration=1d, Orig. time res.=3d, Blank correction=Blank corrected, Volume std. temperature=ambient, Volume std. pressure=ambient
potassium, ug/m3, Revision date=20181210133000
numflag potassium, no unit, Revision date=20181210133000
sulphate_total, ug S/m3, Revision date=20181210133000
numflag sulphate_total, no unit, Revision date=20181210133000
0
25
Data definition:              EBAS_1.1
Set type code:                TU
Timezone:                     UTC
File name:                    US9076R.20030103070000.20191216000000.filterpack..pm25.1y.1w.US03L_filterpack_US9076.US03L_IMPROVE_Davis.lev2.nas
File creation:                20191218121043
Startdate:                    20030103070000
Revision date:                20191216000000
Statistics:                   arithmetic mean
Data level:                   2
Period code:                  1y
Resolution code:              1w
Station code:                 US9076R
Platform code:                US9076S
Station name:                 Zion Canyon
Station latitude:             37.1983
Station longitude:            -113.1508
Station altitude:             1215.0 m
Regime:                       IMG
Component:                    
Matrix:                       pm25
Laboratory code:              US03L
Instrument type:              filterpack
Instrument name:              filterpack_US9076
Method ref:                   US03L_IMPROVE_Davis
starttime endtime Fe flag_Fe Pb flag_Pb Mg++ flag_Mg++ Ni flag_Ni NO3- flag_NO3- OC flag_OC OM flag_OM P flag_P PM10 flag_PM10 PM10-PM2.5 flag_PM10-PM2.5 PM2.5 flag_PM2.5 K+ flag_K+ SO4-- flag_SO4--
  2.291667   3.291667 9999.99 0.999 99.99 0.999 9.999 0.999000 9.99 0.999000 9.999 0.999 99.999 0.999 99.999 0.999 99.99 0.999000 999.999 0.999 999.999 0.999 999.999 0.999 9.999 0.999 9.999 0.999
  5.291667   6.291667 9999.99 0.999 99.99 0.999 9.999 0.999000 9.99 0.999000 9.999 0.999 99.999 0.999 99.999 0.999 99.99 0.999000 999.999 0.999 999.999 0.999 999.999 0.999 9.999 0.999 9.999 0.999
  8.291667   9.291667 9999.99 0.999 99.99 0.999 9.999 0.999000 9.99 0.999000 9.999 0.999 99.999 0.999 99.999 0.999 99.99 0.999000 999.999 0.999 999.999 0.999 999.999 0.999 9.999 0.999 9.999 0.999
 11.291667  12.291667 9999.99 0.999 99.99 0.999 9.999 0.999000 9.99 0.999000 9.999 0.999 99.999 0.999 99.999 0.999 99.99 0.999000 999.999 0.999 999.999 0.999 999.999 0.999 9.999 0.999 9.999 0.999
 14.291667  15.291667 9999.99 0.999 99.99 0.999 9.999 0.999000 9.99 0.999000 9.999 0.999 99.999 0.999 99.999 0.999 99.99 0.999000 999.999 0.999 999.999 0.999 999.999 0.999 9.999 0.999 9.999 0.999
 17.291667  18.291667 9999.99 0.999 99.99 0.999 9.999 0.999000 9.99 0.999000 9.999 0.999 99.999 0.999 99.999 0.999 99.99 0.999000 999.999 0.999 999.999 0.999 999.999 0.999 9.999 0.999 9.999 0.999
 20.291667  21.291667 9999.99 0.999 99.99 0.999 9.999 0.999000 9.99 0.999000 9.999 0.999 99.999 0.999 99.999 0.999 99.99 0.999000 999.999 0.999 999.999 0.999 999.999 0.999 9.999 0.999 9.999 0.999
 23.291667  24.291667 9999.99 0.999 99.99 0.999 9.999 0.999000 9.99 0.999000 9.999 0.999 99.999 0.999 99.999 0.999 99.99 0.999000 999.999 0.999 999.999 0.999 999.999 0.999 9.999 0.999 9.999 0.999
 26.291667  27.291667 9999.99 0.999 99.99 0.999 9.999 0.999000 9.99 0.999000 9.999 0.999 99.999 0.999 99.999 0.999 99.99 0.999000 999.999 0.999 999.999 0.999 999.999 0.999 9.999 0.999 9.999 0.999
 29.291667  30.291667 9999.99 0.999 99.99 0.999 9.999 0.999000 9.99 0.999000 9.999 0.999 99.999 0.999 99.999 0.999 99.99 0.999000 999.999 0.999 999.999 0.999 999.999 0.999 9.999 0.999 9.999 0.999
 32.291667  33.291667   26.66 0.000  0.24 0.000 0.023 0.000000 9.99 0.259000 0.018 0.000  0.302 0.000  0.422 0.000 99.99 0.259000   9.107 0.000   7.775 0.000   1.332 0.000 0.021 0.000 0.047 0.000
 35.291667  36.291667    3.85 0.000 99.99 0.259 9.999 0.259000 9.99 0.259000 0.137 0.000  0.218 0.000  0.306 0.000 99.99 0.259000   2.970 0.000   2.816 0.000   0.154 0.000 0.004 0.000 0.117 0.000
 38.291667  39.291667   10.37 0.000  0.49 0.000 9.999 0.259000 9.99 0.259000 0.357 0.000  0.481 0.000  0.674 0.000 99.99 0.259000   6.860 0.000   3.749 0.000   3.111 0.000 0.019 0.000 0.157 0.000
 41.291667  42.291667   16.84 0.000  0.16 0.000 9.999 0.259000 9.99 0.259000 0.007 0.000  0.426 0.000  0.597 0.000 99.99 0.259000   4.888 0.000   3.707 0.000   1.181 0.000 0.021 0.000 0.042 0.000
 44.291667  45.291667    5.27 0.000  0.15 0.000 9.999 0.259000 0.04 0.000000 0.248 0.000  0.670 0.000  0.938 0.000 99.99 0.259000   2.495 0.000   1.494 0.000   1.001 0.000 0.005 0.000 0.076 0.000
 47.291667  48.291667   11.62 0.559  0.56 0.559 9.999 0.559259 9.99 0.559259 0.417 0.000  0.627 0.000  0.878 0.000 99.99 0.559259   5.697 0.000   1.165 0.000   4.532 0.559 0.010 0.559 0.393 0.000
 50.291667  51.291667   12.49 0.000  0.70 0.000 9.999 0.259000 9.99 0.259000 0.030 0.559  0.274 0.000  0.383 0.000 99.99 0.259000   3.285 0.000   2.276 0.000   1.009 0.000 0.010 0.000 0.123 0.559
 53.291667  54.291667   24.82 0.000  0.20 0.000 9.999 0.259000 9.99 0.259000 0.010 0.000  0.199 0.000  0.278 0.000 99.99 0.259000   6.570 0.000   5.289 0.000   1.282 0.000 0.023 0.000 0.061 0.000
 56.291667  57.291667    6.24 0.000  0.73 0.000 9.999 0.259000 9.99 0.259000 0.115 0.000  0.445 0.000  0.622 0.000 99.99 0.259000   2.599 0.000   0.803 0.000   1.796 0.000 0.008 0.000 0.202 0.000
 59.291667  60.291667    4.99 0.000  0.41 0.000 9.999 0.259000 9.99 0.259000 0.069 0.000  0.420 0.000  0.589 0.000 99.99 0.259000   1.567 0.000   0.464 0.000   1.103 0.000 0.008 0.000 0.117 0.000
 62.291667  63.291667   15.46 0.000  0.52 0.000 9.999 0.259000 9.99 0.259000 0.251 0.000  0.566 0.000  0.792 0.000 99.99 0.259000  12.666 0.000   9.901 0.000   2.764 0.000 0.015 0.000 0.179 0.000
 65.291667  66.291667   22.04 0.000  0.87 0.000 9.999 0.259000 9.99 0.259000 0.073 0.000  0.553 0.000  0.774 0.000 99.99 0.259000   4.449 0.000   2.333 0.000   2.116 0.000 0.019 0.000 0.168 0.000
 68.291667  69.291667   28.43 0.000  0.87 0.000 0.024 0.000000 9.99 0.259000 0.020 0.000  0.574 0.000  0.804 0.000 99.99 0.259000   7.812 0.000   5.518 0.000   2.295 0.000 0.027 0.000 0.172 0.000
 71.291667  72.291667   56.56 0.000  0.98 0.000 9.999 0.259000 9.99 0.259000 0.037 0.000  0.747 0.000  1.046 0.000 99.99 0.259000   7.936 0.000   4.513 0.000   3.424 0.000 0.044 0.000 0.227 0.000
 74.291667  75.291667   14.08 0.559  0.32 0.559 9.999 0.559259 9.99 0.559259 0.018 0.000  0.256 0.000  0.359 0.000 99.99 0.559259   1.381 0.000 999.999 0.259   1.514 0.559 0.015 0.559 0.063 0.000
 77.291667  78.291667 9999.99 0.999 99.99 0.999 9.999 0.999000 9.99 0.999000 9.999 0.999 99.999 0.999 99.999 0.999 99.99 0.999000 999.999 0.999 999.999 0.999 999.999 0.999 9.999 0.999 9.999 0.999
 80.291667  81.291667   30.48 0.000  0.48 0.000 9.999 0.259000 9.99 0.259000 0.021 0.000  0.347 0.000  0.486 0.000 99.99 0.259000   4.242 0.000   2.884 0.000   1.357 0.000 0.025 0.000 0.081 0.000
 83.291667  84.291667   34.84 0.000  0.41 0.000 9.999 0.259000 0.05 0.000000 0.026 0.559  0.369 0.000  0.517 0.000 99.99 0.259000   4.875 0.000   3.176 0.000   1.698 0.000 0.023 0.000 0.101 0.559
 86.291667  87.291667   10.24 0.000  0.31 0.000 0.020 0.000000 9.99 0.259000 0.082 0.000  0.131 0.000  0.183 0.000 99.99 0.259000   3.867 0.000   2.555 0.000   1.312 0.000 0.008 0.000 0.153 0.000
 89.291667  90.291667   23.52 0.559  0.49 0.559 0.028 0.559000 9.99 0.559259 0.022 0.000  0.406 0.000  0.568 0.000 99.99 0.559259   5.622 0.000   3.918 0.000   1.703 0.559 0.019 0.559 0.096 0.000
 92.291667  93.291667   42.59 0.559  1.06 0.559 9.999 0.559259 9.99 0.559259 0.056 0.000  0.392 0.000  0.549 0.000 99.99 0.559259  10.249 0.000   6.479 0.000   3.770 0.559 0.048 0.559 0.303 0.000
 95.291667  96.291667   23.73 0.000  0.34 0.000 9.999 0.259000 9.99 0.259000 0.013 0.000  0.148 0.000  0.207 0.000 99.99 0.259000   8.325 0.000   6.936 0.000   1.389 0.000 0.020 0.000 0.101 0.000
 98.291667  99.291667   49.37 0.559  0.86 0.559 9.999 0.559259 0.04 0.559000 0.015 0.000  0.367 0.000  0.514 0.000 99.99 0.559259   8.556 0.000   5.903 0.000   2.653 0.559 0.033 0.559 0.176 0.000
101.291667 102.291667   98.93 0.559  1.51 0.559 9.999 0.559259 0.09 0.559000 0.055 0.000  0.612 0.000  0.857 0.000 99.99 0.559259  13.765 0.000   9.235 0.000   4.530 0.559 0.057 0.559 0.255 0.000
104.291667 105.291667   18.22 0.000  0.32 0.000 9.999 0.259000 9.99 0.259000 0.011 0.000  0.223 0.000  0.312 0.000 99.99 0.259000   4.622 0.000   3.367 0.000   1.255 0.000 0.013 0.000 0.059 0.000
107.291667 108.291667   25.56 0.559  0.36 0.559 9.999 0.559259 9.99 0.559259 0.059 0.000  0.561 0.000  0.785 0.000 99.99 0.559259   5.156 0.000   2.842 0.000   2.315 0.559 0.018 0.559 0.185 0.000
110.291667 111.291667   91.07 0.559  0.85 0.559 9.999 0.559259 0.04 0.559000 0.046 0.000  0.369 0.000  0.517 0.000 99.99 0.559259  17.340 0.000  13.512 0.000   3.828 0.559 0.058 0.559 0.243 0.000
113.291667 114.291667   40.50 0.559  0.86 0.559 9.999 0.559259 9.99 0.559259 0.058 0.000  0.733 0.000  1.026 0.000 99.99 0.559259   6.820 0.000   3.597 0.000   3.223 0.559 0.036 0.559 0.222 0.000
116.291667 117.291667   81.53 0.559  0.80 0.559 9.999 0.559259 9.99 0.559259 0.047 0.000  0.471 0.000  0.659 0.000 99.99 0.559259   7.936 0.000   4.195 0.000   3.742 0.559 0.056 0.559 0.219 0.000
119.291667 120.291667 9999.99 0.999 99.99 0.999 9.999 0.999000 9.99 0.999000 9.999 0.999 99.999 0.999 99.999 0.999 99.99 0.999000 999.999 0.999 999.999 0.999 999.999 0.999 9.999 0.999 9.999 0.999
122.291667 123.291667   76.06 0.000  0.62 0.000 9.999 0.259000 0.06 0.000000 0.053 0.000  0.338 0.000  0.473 0.000 99.99 0.259000  10.354 0.000   7.183 0.000   3.171 0.000 0.063 0.000 0.174 0.000
125.291667 126.291667   30.94 0.000  1.11 0.000 9.999 0.259000 9.99 0.259000 0.033 0.000  0.785 0.000  1.099 0.000 99.99 0.259000   7.867 0.000   3.974 0.000   3.893 0.000 0.034 0.000 0.313 0.000
128.291667 129.291667   29.47 0.559  0.60 0.559 9.999 0.559259 9.99 0.559259 0.046 0.000  1.233 0.000  1.726 0.000 99.99 0.559259  10.188 0.000   5.627 0.000   4.561 0.559 0.037 0.559 0.207 0.000
131.291667 132.291667   45.71 0.559  0.88 0.559 9.999 0.559259 9.99 0.559259 0.034 0.000  0.807 0.000  1.130 0.000 99.99 0.559259   9.301 0.000   5.478 0.000   3.823 0.559 0.047 0.559 0.225 0.000
134.291667 135.291667   79.49 0.559  0.80 0.559 9.999 0.559259 9.99 0.559259 0.053 0.000  0.592 0.000  0.829 0.000 99.99 0.559259  14.053 0.000   8.737 0.000   5.316 0.559 0.080 0.559 0.325 0.000
137.291667 138.291667   63.60 0.559  0.83 0.559 9.999 0.559259 9.99 0.559259 0.045 0.559  1.719 0.000  2.406 0.000 99.99 0.559259  19.354 0.000  11.857 0.000   7.497 0.559 0.079 0.559 0.390 0.559
140.291667 141.291667  103.09 0.000  0.85 0.000 9.999 0.259000 9.99 0.259000 0.038 0.000  0.649 0.000  0.908 0.000 99.99 0.259000  14.218 0.000   9.146 0.000   5.071 0.000 0.099 0.000 0.186 0.000
143.291667 144.291667  115.05 0.559  1.11 0.559 9.999 0.559259 0.15 0.559000 0.081 0.000  1.053 0.000  1.474 0.000 99.99 0.559259  20.546 0.000  12.576 0.000   7.970 0.559 0.127 0.559 0.550 0.000
146.291667 147.291667   82.91 0.559  1.07 0.559 9.999 0.559259 0.08 0.559000 0.056 0.000  0.958 0.000  1.341 0.000 99.99 0.559259  14.824 0.000   7.806 0.000   7.018 0.559 0.095 0.559 0.560 0.000
149.291667 150.291667  107.62 0.559  0.66 0.559 9.999 0.559259 9.99 0.559259 0.058 0.000  1.046 0.000  1.465 0.000 99.99 0.559259  25.189 0.000  16.904 0.000   8.285 0.559 0.137 0.559 0.609 0.000
152.291667 153.291667   78.18 0.699  0.74 0.699 9.999 0.699259 0.08 0.699000 0.043 0.000  1.034 0.000  1.447 0.000 99.99 0.699259  16.313 0.000   9.759 0.000   6.555 0.699 0.069 0.699 0.538 0.000
155.291667 156.291667   63.43 0.559  1.13 0.559 9.999 0.559259 9.99 0.559259 0.034 0.000  1.474 0.000  2.064 0.000 99.99 0.559259  18.327 0.000  11.803 0.000   6.524 0.559 0.059 0.559 0.342 0.000
158.291667 159.291667   64.50 0.559  0.73 0.559 9.999 0.559259 0.04 0.559000 0.026 0.000  1.112 0.000  1.557 0.000 99.99 0.559259  17.423 0.000  11.928 0.000   5.495 0.559 0.059 0.559 0.362 0.000
161.291667 162.291667   83.76 0.559  0.45 0.559 9.999 0.559259 0.09 0.559000 0.054 0.000  0.563 0.000  0.788 0.000 99.99 0.559259  18.245 0.000  12.152 0.000   6.093 0.559 0.131 0.559 0.543 0.000
164.291667 165.291667   58.71 0.559  0.54 0.559 9.999 0.559259 9.99 0.559259 0.034 0.000  0.987 0.000  1.382 0.000 99.99 0.559259  18.146 0.000  12.007 0.000   6.139 0.559 0.091 0.559 0.530 0.000
167.291667 168.291667   51.85 0.559  0.38 0.559 9.999 0.559259 0.12 0.559000 0.043 0.000  1.138 0.000  1.593 0.000 99.99 0.559259  13.829 0.000   8.740 0.000   5.089 0.559 0.087 0.559 0.347 0.000
170.291667 171.291667  130.41 0.699  0.55 0.699 0.053 0.699000 0.09 0.699000 0.084 0.000  1.080 0.000  1.512 0.000 99.99 0.699259  26.504 0.000  19.061 0.000   7.443 0.699 0.160 0.699 0.396 0.000
173.291667 174.291667  120.29 0.699  0.76 0.699 9.999 0.699259 9.99 0.699259 0.088 0.000  1.260 0.000  1.764 0.000 99.99 0.699259  36.366 0.000  28.313 0.000   8.053 0.699 0.136 0.699 0.393 0.000
176.291667 177.291667   42.39 0.559  0.25 0.559 9.999 0.559259 9.99 0.559259 0.014 0.000  0.790 0.000  1.106 0.000 99.99 0.559259  18.820 0.000  15.298 0.000   3.522 0.559 0.033 0.559 0.129 0.000
179.291667 180.291667   63.19 0.699  0.71 0.699 9.999 0.699259 9.99 0.699259 0.055 0.000  4.575 0.000  6.404 0.000 99.99 0.699259  19.128 0.000   8.851 0.000  10.278 0.699 0.146 0.699 0.214 0.000
182.291667 183.291667   60.17 0.000  0.33 0.000 9.999 0.259000 9.99 0.259000 0.012 0.000  0.273 0.000  0.382 0.000 99.99 0.259000  15.114 0.000  12.014 0.000   3.101 0.000 0.041 0.000 0.161 0.000
185.291667 186.291667   45.30 0.000  0.46 0.000 9.999 0.259000 0.07 0.000000 0.022 0.000  0.831 0.000  1.163 0.000 99.99 0.259000  11.615 0.000   7.757 0.000   3.858 0.000 0.070 0.000 0.292 0.000
188.291667 189.291667   51.93 0.559  0.73 0.559 9.999 0.559259 0.15 0.559000 0.074 0.000  0.871 0.000  1.219 0.000 99.99 0.559259  12.208 0.000   6.883 0.000   5.325 0.559 0.103 0.559 0.407 0.000
191.291667 192.291667   85.15 0.699  0.38 0.699 9.999 0.699259 0.10 0.699000 0.050 0.000  1.933 0.000  2.706 0.000 99.99 0.699259  23.652 0.000  15.544 0.000   8.108 0.699 0.099 0.699 0.365 0.000
194.291667 195.291667   71.50 0.699  0.57 0.699 0.031 0.699000 0.07 0.699000 0.045 0.000  1.246 0.000  1.744 0.000 99.99 0.699259  16.217 0.000   9.488 0.000   6.730 0.699 0.077 0.699 0.431 0.000
197.291667 198.291667  117.51 0.699  0.63 0.699 9.999 0.699259 0.14 0.699000 0.037 0.000  2.327 0.000  3.258 0.000 99.99 0.699259  28.828 0.000  18.708 0.000  10.120 0.699 0.124 0.699 0.463 0.000
200.291667 201.291667   62.75 0.699  0.56 0.699 9.999 0.699259 0.11 0.699000 0.037 0.000  1.092 0.000  1.528 0.000 99.99 0.699259  14.898 0.000   8.547 0.000   6.351 0.699 0.065 0.699 0.514 0.000
203.291667 204.291667   52.37 0.000  0.30 0.000 9.999 0.259000 0.06 0.000000 0.021 0.000  1.183 0.000  1.656 0.000 99.99 0.259000  16.594 0.000  11.859 0.000   4.735 0.000 0.055 0.000 0.287 0.000
206.291667 207.291667   29.63 0.000  0.25 0.000 9.999 0.259000 0.09 0.000000 0.030 0.000  0.698 0.000  0.977 0.000 99.99 0.259000   7.308 0.000   4.056 0.000   3.251 0.000 0.033 0.000 0.277 0.000
209.291667 210.291667   40.23 0.559  0.22 0.559 9.999 0.559259 0.07 0.559000 0.024 0.000  1.204 0.000  1.685 0.000 99.99 0.559259  10.780 0.000   5.853 0.000   4.927 0.559 0.036 0.559 0.317 0.000
212.291667 213.291667   44.63 0.559  0.28 0.559 9.999 0.559259 0.07 0.559000 0.028 0.000  0.579 0.000  0.810 0.000 99.99 0.559259  12.193 0.000   8.384 0.000   3.809 0.559 0.039 0.559 0.307 0.000
215.291667 216.291667   32.35 0.699  0.60 0.699 9.999 0.699259 0.10 0.699000 0.017 0.000  0.561 0.000  0.786 0.000 99.99 0.699259   7.550 0.000   3.933 0.000   3.617 0.699 0.023 0.699 0.331 0.000
218.291667 219.291667   43.82 0.559  0.51 0.559 9.999 0.559259 0.12 0.559000 0.025 0.000  0.300 0.000  0.420 0.000 99.99 0.559259  12.839 0.000   9.090 0.000   3.749 0.559 0.038 0.559 0.340 0.000
221.291667 222.291667   39.56 0.559  0.47 0.559 9.999 0.559259 0.14 0.559000 0.027 0.000  0.358 0.000  0.501 0.000 99.99 0.559259   9.851 0.000   5.515 0.000   4.336 0.559 0.040 0.559 0.447 0.000
224.291667 225.291667   62.54 0.000  0.63 0.000 9.999 0.259000 0.14 0.000000 0.033 0.000  0.572 0.000  0.801 0.000 99.99 0.259000  16.110 0.000  11.248 0.000   4.861 0.000 0.060 0.000 0.464 0.000
227.291667 228.291667   17.31 0.000  0.32 0.000 9.999 0.259000 0.02 0.000000 0.018 0.000  0.685 0.000  0.960 0.000 99.99 0.259000   5.572 0.000   2.889 0.000   2.683 0.000 0.019 0.000 0.140 0.000
230.291667 231.291667   66.01 0.000  0.50 0.000 9.999 0.259000 0.07 0.000000 0.038 0.000  0.691 0.000  0.967 0.000 99.99 0.259000  17.940 0.000  12.247 0.000   5.693 0.000 0.069 0.000 0.474 0.000
233.291667 234.291667   23.75 0.000  0.23 0.000 9.999 0.259000 0.08 0.000000 0.013 0.000  0.361 0.000  0.505 0.000 99.99 0.259000   9.327 0.000   6.612 0.000   2.715 0.000 0.019 0.000 0.206 0.000
236.291667 237.291667   16.53 0.559  0.25 0.559 9.999 0.559259 0.04 0.559000 0.010 0.000  0.288 0.000  0.403 0.000 99.99 0.559259  17.603 0.000  15.191 0.000   2.413 0.559 0.014 0.559 0.205 0.000
239.291667 240.291667 9999.99 0.456 99.99 0.456 9.999 0.456000 9.99 0.456000 9.999 0.456 99.999 0.999 99.999 0.999 99.99 0.456000 999.999 0.456 999.999 0.999 999.999 0.456 9.999 0.456 9.999 0.456
242.291667 243.291667 9999.99 0.456 99.99 0.456 9.999 0.456000 9.99 0.456000 9.999 0.456 99.999 0.999 99.999 0.999 99.99 0.456000 999.999 0.456 999.999 0.999 999.999 0.456 9.999 0.456 9.999 0.456
