scripts/IMPROVE-2019_partial/data/US9049R.20040101070000.20191216000000.filterpack..pm25.52w.1w.US03L_filterpack_US9049.US03L_IMPROVE_Davis.lev2.nas
66 1001
MISSING INFORMATION
US03L, IMPROVE, , , , , , , 
MISSING INFORMATION
IMPROVE sel_HTAP
1 1
2004 01 01 2019 12 16
3.000000
days from file reference point
27
1 1 1 1 1 1 1 1 1 1 1 1 1 1 1 1 1 1 1 1 1 1 1 1 1 1 1
999.999999 999.99 9.999 99.99 9.999999 9.999 9.999999 9.99 9.999999 9.999 9.999 99.999 9.999 99.999 9.999 99.99 9.999999 999.999 9.999 99.999 9.999 999.999 9.999 9.999 9.999 9.999 9.999
end_time of measurement, days from the file reference point
iron, ng/m3, Revision date=20181210133000
numflag iron, no unit, Revision date=20181210133000
lead, ng/m3, Revision date=20181210133000
numflag lead, no unit, Revision date=20181210133000
magnesium, ug/m3, Revision date=20181210133000
numflag magnesium, no unit, Revision date=20181210133000
nickel, ng/m3, Revision date=20181210133000
numflag nickel, no unit, Revision date=20181210133000
nitrate, ug N/m3, Revision date=20181210133000
numflag nitrate, no unit, Revision date=20181210133000
organic_carbon, ug C/m3, Revision date=20181210133000
numflag organic_carbon, no unit, Revision date=20181210133000
organic_mass, ug/m3, Revision date=20181210133000
numflag organic_mass, no unit, Revision date=20181210133000
phosphorus, ng/m3, Revision date=20181210133000
numflag phosphorus, no unit, Revision date=20181210133000
pm10_mass, ug/m3, Version=2, Version description=Data extracted from http://views.cira.colostate.edu/fed/DataWizard 2019-12-16, Sample duration=1d, Orig. time res.=3d, Matrix=pm10, Blank correction=Blank corrected, Volume std. temperature=ambient, Volume std. pressure=ambient
numflag pm10_mass, no unit, Version=2, Version description=Data extracted from http://views.cira.colostate.edu/fed/DataWizard 2019-12-16, Sample duration=1d, Orig. time res.=3d, Matrix=pm10, Blank correction=Blank corrected, Volume std. temperature=ambient, Volume std. pressure=ambient
pm10_pm25_mass, ug/m3, Revision date=20181210133000, Matrix=pm10_pm25
numflag pm10_pm25_mass, no unit, Revision date=20181210133000, Matrix=pm10_pm25
pm25_mass, ug/m3, Version=2, Version description=Data extracted from http://views.cira.colostate.edu/fed/DataWizard 2019-12-16, Sample duration=1d, Orig. time res.=3d, Blank correction=Blank corrected, Volume std. temperature=ambient, Volume std. pressure=ambient
numflag pm25_mass, no unit, Version=2, Version description=Data extracted from http://views.cira.colostate.edu/fed/DataWizard 2019-12-16, Sample duration=1d, Orig. time res.=3d, Blank correction=Blank corrected, Volume std. temperature=ambient, Volume std. pressure=ambient
potassium, ug/m3, Revision date=20181210133000
numflag potassium, no unit, Revision date=20181210133000
sulphate_total, ug S/m3, Revision date=20181210133000
numflag sulphate_total, no unit, Revision date=20181210133000
0
25
Data definition:              EBAS_1.1
Set type code:                TU
Timezone:                     UTC
File name:                    US9049R.20040101070000.20191216000000.filterpack..pm25.52w.1w.US03L_filterpack_US9049.US03L_IMPROVE_Davis.lev2.nas
File creation:                20191218120849
Startdate:                    20040101070000
Revision date:                20191216000000
Statistics:                   arithmetic mean
Data level:                   2
Period code:                  52w
Resolution code:              1w
Station code:                 US9049R
Platform code:                US9049S
Station name:                 Weminuche Wilderness
Station latitude:             37.6594
Station longitude:            -107.7999
Station altitude:             2750.0 m
Regime:                       IMG
Component:                    
Matrix:                       pm25
Laboratory code:              US03L
Instrument type:              filterpack
Instrument name:              filterpack_US9049
Method ref:                   US03L_IMPROVE_Davis
starttime endtime Fe flag_Fe Pb flag_Pb Mg++ flag_Mg++ Ni flag_Ni NO3- flag_NO3- OC flag_OC OM flag_OM P flag_P PM10 flag_PM10 PM10-PM2.5 flag_PM10-PM2.5 PM2.5 flag_PM2.5 K+ flag_K+ SO4-- flag_SO4--
[from data line 82]
246.291667 247.291667  48.52 0.559  0.39 0.559000 9.999 0.559259 0.12 0.559000 0.031 0.000  0.779 0.000  1.091 0.000 99.99 0.559259   8.853 0.000  4.857 0.000   3.996 0.559 0.034 0.559 0.371 0.000
249.291667 250.291667  19.40 0.559  0.39 0.559000 9.999 0.559259 0.10 0.559000 0.013 0.000  0.904 0.000  1.265 0.000 99.99 0.559259   3.311 0.000  0.941 0.000   2.370 0.559 0.015 0.559 0.112 0.000
252.291667 253.291667  16.61 0.559  0.20 0.559000 9.999 0.559259 9.99 0.559259 0.013 0.000  0.752 0.000  1.053 0.000 99.99 0.559259   5.370 0.000  2.487 0.000   2.883 0.559 0.012 0.559 0.221 0.000
255.291667 256.291667  25.36 0.559 99.99 0.559259 9.999 0.559259 9.99 0.559259 0.012 0.000  0.710 0.000  0.994 0.000 99.99 0.559259   6.410 0.000  3.525 0.000   2.885 0.559 0.017 0.559 0.235 0.000
258.291667 259.291667  16.31 0.000  0.20 0.000000 9.999 0.259000 9.99 0.259000 0.011 0.000  0.335 0.000  0.469 0.000 99.99 0.259000   3.634 0.000  2.182 0.000   1.452 0.000 0.013 0.000 0.117 0.000
261.291667 262.291667  16.82 0.000  0.38 0.000000 0.046 0.000000 9.99 0.259000 0.017 0.000  0.549 0.000  0.768 0.000 99.99 0.259000   4.264 0.000  2.023 0.000   2.241 0.000 0.012 0.000 0.244 0.000
264.291667 265.291667  24.17 0.559  0.31 0.559000 9.999 0.559259 0.12 0.559000 0.036 0.000  0.471 0.000  0.659 0.000 99.99 0.559259   3.566 0.000  1.391 0.000   2.175 0.559 0.017 0.559 0.277 0.000
267.291667 268.291667  10.01 0.000  0.44 0.000000 9.999 0.259000 9.99 0.259000 0.012 0.000  0.564 0.000  0.790 0.000 99.99 0.259000   2.234 0.000  0.739 0.000   1.495 0.000 0.006 0.000 0.100 0.000
270.291667 271.291667  24.01 0.000  0.36 0.000000 9.999 0.259000 0.08 0.000000 0.014 0.000  0.673 0.000  0.943 0.000 99.99 0.259000   4.320 0.000  1.994 0.000   2.326 0.000 0.018 0.000 0.189 0.000
273.291667 274.291667   9.10 0.000 99.99 0.259000 0.069 0.000000 9.99 0.259000 0.015 0.000  0.399 0.000  0.558 0.000 99.99 0.259000   2.247 0.000  1.069 0.000   1.178 0.000 0.007 0.000 0.132 0.000
276.291667 277.291667  18.80 0.000  0.39 0.000000 9.999 0.259000 0.10 0.000000 0.021 0.000  1.709 0.000  2.392 0.000 99.99 0.259000   4.467 0.000  1.676 0.000   2.791 0.000 0.014 0.000 0.256 0.000
279.291667 280.291667   7.26 0.000  0.19 0.000000 9.999 0.259000 9.99 0.259000 0.009 0.000  0.379 0.000  0.530 0.000 99.99 0.259000   2.451 0.000  0.660 0.000   1.791 0.000 0.006 0.000 0.220 0.000
282.291667 283.291667  24.26 0.559  0.54 0.559000 0.071 0.559000 9.99 0.559259 0.012 0.000  1.140 0.000  1.595 0.000 99.99 0.559259   4.752 0.000  1.878 0.000   2.874 0.559 0.017 0.559 0.208 0.000
285.291667 286.291667  16.03 0.000  0.51 0.000000 9.999 0.259000 9.99 0.259000 0.014 0.000  0.531 0.000  0.743 0.000 99.99 0.259000   3.771 0.000  1.073 0.000   2.697 0.000 0.013 0.000 0.231 0.000
288.291667 289.291667 999.99 0.999 99.99 0.999000 9.999 0.999000 9.99 0.999000 9.999 0.999 99.999 0.999 99.999 0.999 99.99 0.999000 999.999 0.999 99.999 0.999 999.999 0.999 9.999 0.999 9.999 0.999
291.291667 292.291667 999.99 0.999 99.99 0.999000 9.999 0.999000 9.99 0.999000 9.999 0.999 99.999 0.999 99.999 0.999 99.99 0.999000 999.999 0.999 99.999 0.999 999.999 0.999 9.999 0.999 9.999 0.999
294.291667 295.291667  23.57 0.000 99.99 0.259000 9.999 0.259000 0.09 0.000000 0.030 0.000  0.430 0.000  0.602 0.000 99.99 0.259000   5.889 0.000  3.660 0.000   2.229 0.000 0.023 0.000 0.128 0.000
297.291667 298.291667  19.20 0.000  0.82 0.000000 9.999 0.259000 9.99 0.259000 0.019 0.000  0.608 0.000  0.851 0.000 99.99 0.259000   2.794 0.000  0.695 0.000   2.099 0.000 0.017 0.000 0.143 0.000
300.291667 301.291667   3.14 0.000 99.99 0.259000 9.999 0.259000 0.24 0.000000 0.012 0.000  0.338 0.000  0.474 0.000 99.99 0.259000   1.103 0.000  0.335 0.000   0.768 0.000 0.004 0.000 0.052 0.000
303.291667 304.291667   6.22 0.000 99.99 0.259000 9.999 0.259000 0.11 0.000000 0.008 0.000  0.412 0.000  0.577 0.000 99.99 0.259000   1.736 0.000  0.713 0.000   1.023 0.000 0.005 0.000 0.054 0.000
306.291667 307.291667   8.04 0.559 99.99 0.559259 9.999 0.559259 9.99 0.559259 0.009 0.000  0.324 0.000  0.453 0.000 99.99 0.559259   1.926 0.000  0.893 0.000   1.034 0.559 0.006 0.559 0.070 0.000
309.291667 310.291667  14.17 0.000  0.79 0.000000 0.051 0.000000 9.99 0.259000 0.008 0.000  0.441 0.000  0.618 0.000 99.99 0.259000   4.494 0.000  3.284 0.000   1.209 0.000 0.010 0.000 0.052 0.000
312.291667 313.291667   9.61 0.000 99.99 0.259000 9.999 0.259000 9.99 0.259000 0.011 0.000  0.394 0.000  0.552 0.000 99.99 0.259000   2.274 0.000  0.802 0.000   1.472 0.000 0.011 0.000 0.135 0.000
315.291667 316.291667  10.74 0.000  0.59 0.000000 9.999 0.259000 9.99 0.259000 0.060 0.000  0.818 0.000  1.145 0.000 99.99 0.259000   3.927 0.000  1.137 0.000   2.790 0.000 0.012 0.000 0.264 0.000
318.291667 319.291667   3.91 0.559  1.22 0.559000 0.091 0.559000 0.13 0.559000 0.006 0.000  0.289 0.000  0.405 0.000 99.99 0.559259   1.226 0.000  0.636 0.000   0.590 0.559 0.004 0.559 0.039 0.000
321.291667 322.291667   9.42 0.000  0.27 0.000000 9.999 0.259000 9.99 0.259000 0.021 0.000  0.528 0.000  0.740 0.000 99.99 0.259000   2.965 0.000  1.283 0.000   1.682 0.000 0.007 0.000 0.117 0.000
324.291667 325.291667   4.93 0.559 99.99 0.559259 9.999 0.559259 9.99 0.559259 0.014 0.000  0.446 0.000  0.624 0.000 99.99 0.559259   2.574 0.000  0.368 0.000   2.205 0.559 0.005 0.559 0.253 0.000
327.291667 328.291667   8.98 0.000 99.99 0.259000 9.999 0.259000 0.14 0.000000 0.008 0.000  0.276 0.000  0.387 0.000 99.99 0.259000   1.885 0.000  0.833 0.000   1.053 0.000 0.007 0.000 0.105 0.000
330.291667 331.291667   5.05 0.000  0.35 0.000000 9.999 0.259000 9.99 0.259000 0.007 0.000  0.234 0.000  0.327 0.000 99.99 0.259000   1.511 0.000  0.647 0.000   0.864 0.000 0.005 0.000 0.094 0.000
333.291667 334.291667   7.09 0.000  0.30 0.000000 9.999 0.259000 9.99 0.259000 0.015 0.000  0.395 0.000  0.553 0.000 99.99 0.259000   2.026 0.000  0.837 0.000   1.189 0.000 0.007 0.000 0.114 0.000
336.291667 337.291667   9.96 0.000  0.28 0.000000 0.068 0.000000 9.99 0.259000 0.018 0.000  0.421 0.000  0.589 0.000 99.99 0.259000   2.753 0.000  1.690 0.000   1.064 0.000 0.007 0.000 0.051 0.000
339.291667 340.291667   4.92 0.000  0.25 0.000000 0.028 0.000000 0.10 0.000000 0.009 0.000  0.509 0.000  0.712 0.000 99.99 0.259000   2.655 0.000  0.424 0.000   2.231 0.000 0.005 0.000 0.318 0.000
342.291667 343.291667   4.63 0.000 99.99 0.259000 0.056 0.000000 0.05 0.000000 0.012 0.000  0.265 0.000  0.371 0.000 99.99 0.259000   2.124 0.000  0.584 0.000   1.540 0.000 0.004 0.000 0.189 0.000
345.291667 346.291667  10.25 0.000  0.39 0.000000 9.999 0.259000 9.99 0.259000 0.004 0.000  0.303 0.000  0.425 0.000 99.99 0.259000   2.802 0.000  1.926 0.000   0.876 0.000 0.008 0.000 0.028 0.000
348.291667 349.291667  14.87 0.000  0.48 0.000000 9.999 0.259000 0.12 0.000000 0.057 0.000  0.558 0.000  0.781 0.000 99.99 0.259000   3.364 0.000  1.339 0.000   2.025 0.000 0.010 0.000 0.106 0.000
351.291667 352.291667   8.77 0.000  0.38 0.000000 9.999 0.259000 0.13 0.000000 0.003 0.000  0.105 0.000  0.147 0.000 99.99 0.259000   1.716 0.000  1.063 0.000   0.653 0.000 0.007 0.000 0.042 0.000
354.291667 355.291667   8.19 0.000  0.41 0.000000 9.999 0.259000 9.99 0.259000 0.003 0.000  0.126 0.000  0.176 0.000 99.99 0.259000   0.893 0.000  0.330 0.000   0.563 0.000 0.009 0.000 0.042 0.000
357.291667 358.291667   2.75 0.000  0.25 0.000000 9.999 0.259000 0.11 0.000000 0.045 0.000  0.197 0.000  0.275 0.000 99.99 0.259000   1.240 0.000  0.402 0.000   0.838 0.000 0.004 0.000 0.100 0.000
360.291667 361.291667   5.10 0.000  1.57 0.000000 9.999 0.259000 0.09 0.000000 0.002 0.000  0.117 0.000  0.163 0.000 99.99 0.259000   0.817 0.000  0.325 0.000   0.492 0.000 0.004 0.000 0.026 0.000
363.291667 364.291667 999.99 0.999 99.99 0.999000 9.999 0.999000 9.99 0.999000 9.999 0.999 99.999 0.999 99.999 0.999 99.99 0.999000 999.999 0.999 99.999 0.999 999.999 0.999 9.999 0.999 9.999 0.999
