scripts/IMPROVE-2019_partial/data/US9062R.20020102060000.20191216000000.filterpack..pm25.52w.1w.US03L_filterpack_US9062.US03L_IMPROVE_Davis.lev2.nas
64 1001
MISSING INFORMATION
US03L, IMPROVE, , , , , , , 
MISSING INFORMATION
IMPROVE sel_HTAP
1 1
2002 01 01 2019 12 16
3.00
days from file reference point
25
1 1 1 1 1 1 1 1 1 1 1 1 1 1 1 1 1 1 1 1 1 1 1 1 1
999.99 999.99 9.999 99.99 9.999999 9.999 9.999999 9.99 9.999999 99.999 9.999 999.999 9.999 999.999 9.999 999.999 9.999 999.999 9.999 999.999 9.999 9.999 9.999 99.999 9.999
end_time of measurement, days from the file reference point
iron, ng/m3, Revision date=20181210133000
numflag iron, no unit, Revision date=20181210133000
lead, ng/m3, Revision date=20181210133000
numflag lead, no unit, Revision date=20181210133000
magnesium, ug/m3, Revision date=20181210133000
numflag magnesium, no unit, Revision date=20181210133000
nickel, ng/m3, Revision date=20181210133000
numflag nickel, no unit, Revision date=20181210133000
nitrate, ug N/m3, Revision date=20181210133000
numflag nitrate, no unit, Revision date=20181210133000
organic_carbon, ug C/m3, Revision date=20181210133000
numflag organic_carbon, no unit, Revision date=20181210133000
organic_mass, ug/m3, Revision date=20181210133000
numflag organic_mass, no unit, Revision date=20181210133000
pm10_mass, ug/m3, Version=2, Version description=Data extracted from http://views.cira.colostate.edu/fed/DataWizard 2019-12-16, Sample duration=1d, Orig. time res.=3d, Matrix=pm10, Blank correction=Blank corrected, Volume std. temperature=ambient, Volume std. pressure=ambient
numflag pm10_mass, no unit, Version=2, Version description=Data extracted from http://views.cira.colostate.edu/fed/DataWizard 2019-12-16, Sample duration=1d, Orig. time res.=3d, Matrix=pm10, Blank correction=Blank corrected, Volume std. temperature=ambient, Volume std. pressure=ambient
pm10_pm25_mass, ug/m3, Revision date=20181210133000, Matrix=pm10_pm25
numflag pm10_pm25_mass, no unit, Revision date=20181210133000, Matrix=pm10_pm25
pm25_mass, ug/m3, Version=2, Version description=Data extracted from http://views.cira.colostate.edu/fed/DataWizard 2019-12-16, Sample duration=1d, Orig. time res.=3d, Blank correction=Blank corrected, Volume std. temperature=ambient, Volume std. pressure=ambient
numflag pm25_mass, no unit, Version=2, Version description=Data extracted from http://views.cira.colostate.edu/fed/DataWizard 2019-12-16, Sample duration=1d, Orig. time res.=3d, Blank correction=Blank corrected, Volume std. temperature=ambient, Volume std. pressure=ambient
potassium, ug/m3, Revision date=20181210133000
numflag potassium, no unit, Revision date=20181210133000
sulphate_total, ug S/m3, Revision date=20181210133000
numflag sulphate_total, no unit, Revision date=20181210133000
0
25
Data definition:              EBAS_1.1
Set type code:                TU
Timezone:                     UTC
File name:                    US9062R.20020102060000.20191216000000.filterpack..pm25.52w.1w.US03L_filterpack_US9062.US03L_IMPROVE_Davis.lev2.nas
File creation:                20191218120937
Startdate:                    20020102060000
Revision date:                20191216000000
Statistics:                   arithmetic mean
Data level:                   2
Period code:                  52w
Resolution code:              1w
Station code:                 US9062R
Platform code:                US9062S
Station name:                 Voyageurs NP #2
Station latitude:             48.4126
Station longitude:            -92.8286
Station altitude:             429.0 m
Regime:                       IMG
Component:                    
Matrix:                       pm25
Laboratory code:              US03L
Instrument type:              filterpack
Instrument name:              filterpack_US9062
Method ref:                   US03L_IMPROVE_Davis
starttime endtime Fe flag_Fe Pb flag_Pb Mg++ flag_Mg++ Ni flag_Ni NO3- flag_NO3- OC flag_OC OM flag_OM PM10 flag_PM10 PM10-PM2.5 flag_PM10-PM2.5 PM2.5 flag_PM2.5 K+ flag_K+ SO4-- flag_SO4--
  1.25   2.25   2.71 0.559  0.42 0.559000 9.999 0.559259 9.99 0.559259  0.093 0.000   0.461 0.000   0.646 0.000   2.854 0.000   0.465 0.000   2.390 0.559 0.019 0.559  0.409 0.000
  4.25   5.25   8.55 0.000  1.62 0.000000 9.999 0.259000 9.99 0.259000  0.754 0.000   0.835 0.000   1.169 0.000   8.681 0.000   1.315 0.000   7.365 0.000 0.036 0.000  0.646 0.000
  7.25   8.25   9.02 0.000  0.88 0.000000 9.999 0.259000 9.99 0.259000  0.198 0.000   0.488 0.000   0.684 0.000   4.862 0.000   2.924 0.000   1.938 0.000 0.016 0.000  0.097 0.000
 10.25  11.25   4.86 0.000  0.95 0.000000 9.999 0.259000 9.99 0.259000  0.769 0.000   0.751 0.000   1.052 0.000   7.239 0.000   0.646 0.000   6.593 0.000 0.035 0.000  0.292 0.000
 13.25  14.25   2.75 0.000  0.78 0.000000 9.999 0.259000 9.99 0.259000  0.038 0.000   0.333 0.000   0.467 0.000   3.619 0.000   0.497 0.000   3.122 0.000 0.021 0.000  0.521 0.000
 16.25  17.25   6.70 0.000  1.11 0.000000 9.999 0.259000 9.99 0.259000  0.190 0.000   0.474 0.000   0.663 0.000   3.621 0.000   0.748 0.000   2.874 0.000 0.023 0.000  0.265 0.000
 19.25  20.25  25.73 0.000  1.07 0.000000 9.999 0.259000 9.99 0.259000  0.076 0.000   0.696 0.000   0.974 0.000   2.837 0.000   0.344 0.000   2.493 0.000 0.043 0.000  0.234 0.000
 22.25  23.25   6.76 0.000  1.57 0.000000 9.999 0.259000 0.07 0.000000  0.042 0.000   0.568 0.000   0.796 0.000   2.922 0.000   0.665 0.000   2.257 0.000 0.019 0.000  0.300 0.000
 25.25  26.25   7.48 0.559  1.19 0.559000 9.999 0.559259 9.99 0.559259  0.170 0.000   1.085 0.000   1.519 0.000   7.876 0.000   2.332 0.000   5.544 0.559 0.050 0.559  0.818 0.000
 28.25  29.25   2.71 0.559  1.45 0.559000 9.999 0.559259 9.99 0.559259  0.053 0.559   0.420 0.000   0.588 0.000   2.186 0.000   0.640 0.000   1.546 0.559 0.017 0.559  0.139 0.559
 31.25  32.25  11.90 0.559  1.44 0.559000 9.999 0.559259 9.99 0.559259  0.266 0.559   1.046 0.000   1.465 0.000   6.646 0.000   0.726 0.000   5.920 0.559 0.041 0.559  0.620 0.559
 34.25  35.25   6.38 0.559  0.63 0.559000 9.999 0.559259 9.99 0.559259  0.105 0.000   0.680 0.000   0.953 0.000   4.107 0.000   1.413 0.000   2.694 0.559 0.022 0.559  0.251 0.000
 37.25  38.25  10.51 0.000  1.02 0.000000 9.999 0.259000 9.99 0.259000  0.155 0.000   0.792 0.000   1.109 0.000   5.285 0.000   1.236 0.000   4.048 0.000 0.039 0.000  0.443 0.000
 40.25  41.25   2.38 0.559  3.79 0.559000 9.999 0.559259 9.99 0.559259  0.017 0.000   0.475 0.000   0.664 0.000   2.837 0.000   0.302 0.000   2.535 0.559 0.013 0.559  0.350 0.000
 43.25  44.25   9.42 0.559  0.26 0.559000 9.999 0.559259 0.08 0.559000  0.112 0.000   0.419 0.000   0.586 0.000   3.451 0.000   1.644 0.000   1.807 0.559 0.016 0.559  0.163 0.000
 46.25  47.25   4.90 0.559  1.02 0.559000 9.999 0.559259 9.99 0.559259  0.054 0.000   0.350 0.000   0.490 0.000   2.483 0.000   0.797 0.000   1.686 0.559 0.014 0.559  0.199 0.000
 49.25  50.25   7.31 0.559  0.55 0.559000 9.999 0.559259 9.99 0.559259  0.029 0.000   0.434 0.000   0.608 0.000   2.790 0.000   0.830 0.000   1.960 0.559 0.023 0.559  0.196 0.000
 52.25  53.25  33.66 0.000  0.71 0.000000 9.999 0.259000 9.99 0.259000  0.095 0.000   0.607 0.000   0.850 0.000   4.673 0.000   1.961 0.000   2.712 0.000 0.041 0.000  0.202 0.000
 55.25  56.25   4.71 0.559  1.71 0.559000 9.999 0.559259 9.99 0.559259  0.039 0.000   0.275 0.000   0.384 0.000   2.922 0.000   1.242 0.000   1.680 0.559 0.012 0.559  0.203 0.000
 58.25  59.25   7.78 0.559  1.31 0.559000 9.999 0.559259 9.99 0.559259  0.079 0.000   0.405 0.000   0.567 0.000   3.280 0.000   1.410 0.000   1.871 0.559 0.016 0.559  0.247 0.000
 61.25  62.25   8.55 0.559  2.13 0.559000 9.999 0.559259 0.22 0.559000  0.026 0.000   0.404 0.000   0.565 0.000   3.472 0.000   1.214 0.000   2.258 0.559 0.021 0.559  0.345 0.000
 64.25  65.25  13.05 0.559  2.20 0.559000 9.999 0.559259 9.99 0.559259  0.033 0.000   0.416 0.000   0.583 0.000   4.218 0.000   2.179 0.000   2.039 0.559 0.019 0.559  0.289 0.000
 67.25  68.25  16.69 0.559  3.01 0.559000 9.999 0.559259 0.22 0.559000  0.033 0.000   0.452 0.000   0.632 0.000   7.029 0.000   3.824 0.000   3.205 0.559 0.021 0.559  0.493 0.000
 70.25  71.25  27.41 0.559  2.40 0.559000 9.999 0.559259 0.19 0.559000  0.639 0.000   0.869 0.000   1.216 0.000   9.723 0.000   2.159 0.000   7.564 0.559 0.038 0.559  0.677 0.000
 73.25  74.25  14.94 0.559  1.83 0.559000 0.029 0.559000 0.17 0.559000  0.020 0.000   0.366 0.000   0.512 0.000   4.714 0.000   1.001 0.000   3.713 0.559 0.021 0.559  0.597 0.000
 76.25  77.25  12.05 0.559  1.57 0.559000 9.999 0.559259 0.08 0.559000  0.135 0.000   0.716 0.000   1.003 0.000   5.104 0.000   0.960 0.000   4.144 0.559 0.022 0.559  0.553 0.000
 79.25  80.25  23.06 0.559  1.34 0.559000 9.999 0.559259 0.15 0.559000  0.111 0.000   0.435 0.000   0.609 0.000   8.904 0.000   5.545 0.000   3.359 0.559 0.039 0.559  0.434 0.000
 82.25  83.25  11.40 0.559  0.77 0.559000 9.999 0.559259 0.23 0.559000  0.037 0.000   0.238 0.000   0.334 0.000   3.430 0.000   1.115 0.000   2.315 0.559 0.021 0.559  0.343 0.000
 85.25  86.25  71.98 0.000  2.54 0.000000 9.999 0.259000 0.14 0.000000  0.648 0.000   0.771 0.000   1.080 0.000  10.564 0.000   3.821 0.000   6.743 0.000 0.038 0.000  0.531 0.000
 88.25  89.25  12.70 0.559  0.73 0.559000 9.999 0.559259 0.06 0.559000  0.054 0.000   0.458 0.000   0.641 0.000   7.195 0.000   3.353 0.000   3.842 0.559 0.017 0.559  0.658 0.000
 91.25  92.25   7.08 0.559  0.75 0.559000 9.999 0.559259 9.99 0.559259  0.019 0.559   0.291 0.000   0.407 0.000   3.573 0.000   0.549 0.000   3.024 0.559 0.013 0.559  0.559 0.559
 94.25  95.25  13.68 0.559  0.81 0.559000 0.048 0.559000 9.99 0.559259  0.087 0.000   0.385 0.000   0.539 0.000   5.556 0.000   1.293 0.000   4.263 0.559 0.020 0.559  0.757 0.000
 97.25  98.25  29.70 0.000  0.73 0.000000 9.999 0.259000 9.99 0.259000  0.100 0.559   0.575 0.000   0.805 0.000   9.596 0.000   5.325 0.000   4.271 0.000 0.028 0.000  0.605 0.559
100.25 101.25   6.40 0.000  0.62 0.000000 9.999 0.259000 9.99 0.259000  0.045 0.000   0.476 0.000   0.667 0.000   3.179 0.000   0.281 0.000   2.898 0.000 0.011 0.000  0.472 0.000
103.25 104.25  36.80 0.000  3.45 0.000000 0.042 0.000000 0.10 0.000000  0.556 0.559   1.141 0.000   1.597 0.000   6.944 0.000   1.751 0.000   5.193 0.000 0.028 0.000  0.525 0.559
106.25 107.25  12.16 0.559  0.51 0.559000 9.999 0.559259 9.99 0.559259  0.065 0.000   0.552 0.000   0.773 0.000   6.283 0.000   3.763 0.000   2.520 0.559 0.018 0.559  0.299 0.000
109.25 110.25  19.16 0.559  0.84 0.559000 9.999 0.559259 0.11 0.559000  0.013 0.000   0.335 0.000   0.469 0.000   3.389 0.000   1.008 0.000   2.380 0.559 0.020 0.559  0.380 0.000
112.25 113.25  58.93 0.559  1.54 0.559000 9.999 0.559259 9.99 0.559259  0.182 0.000   0.770 0.000   1.079 0.000   7.644 0.000   2.648 0.000   4.997 0.559 0.037 0.559  0.676 0.000
115.25 116.25  26.83 0.559  1.92 0.559000 9.999 0.559259 0.18 0.559000  0.019 0.000   0.347 0.000   0.486 0.000   3.891 0.000   1.170 0.000   2.721 0.559 0.026 0.559  0.336 0.000
118.25 119.25  17.75 0.559  0.71 0.559000 9.999 0.559259 9.99 0.559259  0.081 0.000   0.374 0.000   0.523 0.000   3.535 0.000   0.445 0.000   3.090 0.559 0.015 0.559  0.489 0.000
121.25 122.25   5.07 0.000  0.86 0.000000 9.999 0.259000 9.99 0.259000  0.017 0.000   0.269 0.000   0.377 0.000   2.845 0.000   1.051 0.000   1.794 0.000 0.012 0.000  0.278 0.000
124.25 125.25  29.18 0.000  0.86 0.000000 0.056 0.000000 9.99 0.259000  0.019 0.000   0.545 0.000   0.763 0.000   2.994 0.000   0.911 0.000   2.083 0.000 0.019 0.000  0.207 0.000
127.25 128.25   8.67 0.559  0.28 0.559000 9.999 0.559259 9.99 0.559259  0.011 0.000   0.305 0.000   0.427 0.000   1.924 0.000   0.614 0.000   1.311 0.559 0.009 0.559  0.147 0.000
130.25 131.25  32.38 0.000  1.65 0.000000 9.999 0.259000 0.15 0.000000  0.175 0.000   1.627 0.000   2.279 0.000  10.354 0.000   3.153 0.000   7.202 0.000 0.041 0.000  0.775 0.000
133.25 134.25  19.03 0.559  0.68 0.559000 0.057 0.559000 9.99 0.559259  0.013 0.000   0.412 0.000   0.577 0.000   2.563 0.000   1.023 0.000   1.540 0.559 0.012 0.559  0.186 0.000
136.25 137.25   6.40 0.559  0.43 0.559000 9.999 0.559259 0.11 0.559000  0.009 0.000   0.321 0.000   0.449 0.000   1.954 0.000   0.503 0.000   1.452 0.559 0.010 0.559  0.136 0.000
139.25 140.25  12.03 0.559  0.59 0.559000 9.999 0.559259 0.08 0.559000  0.010 0.000   0.438 0.000   0.614 0.000   2.480 0.000   0.765 0.000   1.715 0.559 0.014 0.559  0.177 0.000
142.25 143.25  32.37 0.000  0.82 0.000000 0.063 0.000000 0.09 0.000000  0.035 0.000   0.900 0.000   1.259 0.000  10.291 0.000   5.831 0.000   4.460 0.000 0.023 0.000  0.449 0.000
145.25 146.25  33.36 0.699  0.53 0.699000 9.999 0.699259 9.99 0.699259  0.061 0.000   2.376 0.000   3.326 0.000  15.253 0.000   7.167 0.000   8.086 0.699 0.056 0.699  0.620 0.000
148.25 149.25  47.49 0.559  1.09 0.559000 9.999 0.559259 9.99 0.559259  0.047 0.000   1.588 0.000   2.223 0.000   8.465 0.000   3.221 0.000   5.244 0.559 0.026 0.559  0.470 0.000
151.25 152.25  32.10 0.699  1.45 0.699000 9.999 0.699259 9.99 0.699259  0.048 0.559   9.049 0.000  12.668 0.000  22.231 0.000   1.518 0.000  20.713 0.699 0.141 0.699  0.267 0.559
154.25 155.25  13.68 0.559  0.46 0.559000 9.999 0.559259 9.99 0.559259  0.013 0.000   1.011 0.000   1.416 0.000   5.149 0.000   2.121 0.000   3.028 0.559 0.020 0.559  0.145 0.000
157.25 158.25  38.21 0.000  0.76 0.000000 9.999 0.259000 9.99 0.259000  0.026 0.000   1.146 0.000   1.605 0.000  14.300 0.000  10.382 0.000   3.917 0.000 0.027 0.000  0.247 0.000
160.25 161.25 999.99 0.999 99.99 0.999000 9.999 0.999000 9.99 0.999000 99.999 0.999 999.999 0.999 999.999 0.999 999.999 0.999 999.999 0.999 999.999 0.999 9.999 0.999 99.999 0.999
163.25 164.25 999.99 0.999 99.99 0.999000 9.999 0.999000 9.99 0.999000 99.999 0.999 999.999 0.999 999.999 0.999 999.999 0.999 999.999 0.999 999.999 0.999 9.999 0.999 99.999 0.999
166.25 167.25 999.99 0.999 99.99 0.999000 9.999 0.999000 9.99 0.999000 99.999 0.999 999.999 0.999 999.999 0.999 999.999 0.999 999.999 0.999 999.999 0.999 9.999 0.999 99.999 0.999
169.25 170.25  39.51 0.000  2.18 0.000000 9.999 0.259000 0.07 0.000000  0.120 0.000   2.780 0.000   3.891 0.000  21.083 0.000   6.674 0.000  14.409 0.000 0.050 0.000  1.564 0.000
172.25 173.25  22.74 0.000  0.48 0.000000 9.999 0.259000 9.99 0.259000  0.025 0.000   1.268 0.000   1.775 0.000   8.026 0.000   4.168 0.000   3.858 0.000 0.021 0.000  0.233 0.000
175.25 176.25  13.84 0.000  0.90 0.000000 0.038 0.000000 9.99 0.259000  0.021 0.559   1.325 0.000   1.855 0.000  12.416 0.000   7.084 0.000   5.332 0.000 0.022 0.000  0.591 0.559
178.25 179.25  34.27 0.699  0.86 0.699000 0.017 0.699000 9.99 0.699259  0.023 0.000   7.755 0.000  10.856 0.000  26.134 0.000   8.380 0.000  17.754 0.699 0.076 0.699  0.586 0.000
181.25 182.25  69.35 0.000  0.25 0.000000 0.025 0.000000 9.99 0.259000  0.031 0.000   1.328 0.000   1.860 0.000  15.601 0.000  10.858 0.000   4.742 0.000 0.035 0.000  0.320 0.000
184.25 185.25   4.29 0.000  0.47 0.000000 9.999 0.259000 9.99 0.259000  0.006 0.000   0.726 0.000   1.016 0.000   2.687 0.000   1.150 0.000   1.537 0.000 0.018 0.000  0.062 0.000
187.25 188.25  47.45 0.000  2.27 0.000000 9.999 0.259000 9.99 0.259000  0.055 0.000   2.278 0.000   3.189 0.000  12.697 0.000   4.192 0.000   8.505 0.000 0.074 0.000  0.709 0.000
190.25 191.25   6.50 0.000  0.46 0.000000 9.999 0.259000 9.99 0.259000  0.012 0.000   4.116 0.000   5.763 0.000   8.588 0.000   1.225 0.000   7.364 0.000 0.058 0.000  0.096 0.000
193.25 194.25  13.28 0.000  1.39 0.000000 9.999 0.259000 9.99 0.259000  0.024 0.000   1.686 0.000   2.360 0.000   9.862 0.000   3.431 0.000   6.431 0.000 0.017 0.000  0.652 0.000
196.25 197.25  62.68 0.699  2.37 0.699000 9.999 0.699259 9.99 0.699259  0.044 0.000   1.964 0.000   2.750 0.000  25.371 0.000   9.049 0.000  16.322 0.699 0.051 0.699  2.587 0.000
199.25 200.25  84.41 0.000  0.57 0.000000 9.999 0.259000 9.99 0.259000  0.025 0.000  15.467 0.000  21.653 0.000  34.557 0.000  18.038 0.000  16.519 0.000 0.110 0.000  0.394 0.000
202.25 203.25   9.41 0.000  0.21 0.000000 0.025 0.000000 9.99 0.259000  0.007 0.000   0.691 0.000   0.968 0.000   5.704 0.000   3.917 0.000   1.787 0.000 0.010 0.000  0.078 0.000
205.25 206.25  20.85 0.000  1.02 0.000000 9.999 0.259000 9.99 0.259000  0.041 0.000   1.082 0.000   1.514 0.000   8.722 0.000   2.618 0.000   6.104 0.000 0.016 0.000  0.690 0.000
208.25 209.25  15.96 0.000  0.39 0.000000 0.020 0.000000 9.99 0.259000  0.028 0.000   1.890 0.000   2.647 0.000   9.410 0.000   4.362 0.000   5.048 0.000 0.030 0.000  0.253 0.000
211.25 212.25  19.91 0.000  0.33 0.000000 9.999 0.259000 9.99 0.259000  0.020 0.000   1.366 0.000   1.913 0.000   6.821 0.000   3.349 0.000   3.472 0.000 0.028 0.000  0.184 0.000
214.25 215.25  46.91 0.000  0.82 0.000000 9.999 0.259000 9.99 0.259000  0.031 0.000   0.955 0.000   1.336 0.000   7.441 0.000   4.119 0.000   3.321 0.000 0.024 0.000  0.249 0.000
217.25 218.25   6.26 0.000  0.14 0.000000 9.999 0.259000 0.12 0.000000  0.010 0.000   0.540 0.000   0.757 0.000   2.990 0.000   1.398 0.000   1.592 0.000 0.006 0.000  0.069 0.000
220.25 221.25  41.26 0.000  1.30 0.000000 9.999 0.259000 9.99 0.259000  0.040 0.000   1.354 0.000   1.896 0.000  11.464 0.000   4.397 0.000   7.067 0.000 0.029 0.000  0.714 0.000
223.25 224.25  12.00 0.000  0.26 0.000000 9.999 0.259000 9.99 0.259000  0.018 0.000   0.968 0.000   1.356 0.000   6.534 0.000   3.514 0.000   3.019 0.000 0.020 0.000  0.251 0.000
226.25 227.25  16.62 0.394  0.34 0.394000 9.999 0.394259 9.99 0.394259  0.021 0.394   1.017 0.000   1.424 0.000   6.929 0.000   3.442 0.000   3.486 0.000 0.015 0.394  0.203 0.394
229.25 230.25   1.38 0.394  0.35 0.394000 9.999 0.394259 9.99 0.394259  0.007 0.394   0.377 0.000   0.527 0.000   4.277 0.000   2.391 0.000   1.886 0.000 0.007 0.394  0.259 0.394
232.25 233.25  35.27 0.000  1.52 0.000000 9.999 0.259000 9.99 0.259000  0.029 0.000   1.704 0.000   2.386 0.000   9.631 0.000   2.902 0.000   6.729 0.000 0.029 0.000  0.649 0.000
235.25 236.25   7.65 0.000  0.29 0.000000 9.999 0.259000 9.99 0.259000  0.016 0.000   1.523 0.000   2.132 0.000   6.614 0.000   2.429 0.000   4.185 0.000 0.022 0.000  0.253 0.000
238.25 239.25   7.24 0.000  0.15 0.000000 9.999 0.259000 9.99 0.259000  0.009 0.000   0.746 0.000   1.045 0.000   4.887 0.000   2.732 0.000   2.155 0.000 0.009 0.000  0.091 0.000
241.25 242.25  47.51 0.000  2.05 0.000000 9.999 0.259000 0.12 0.000000  0.053 0.559   2.011 0.000   2.815 0.000  18.684 0.000   5.993 0.000  12.691 0.000 0.031 0.000  1.711 0.559
244.25 245.25  18.18 0.000  1.38 0.000000 0.046 0.000000 9.99 0.259000  0.056 0.000   1.357 0.000   1.900 0.000  14.302 0.000   5.148 0.000   9.154 0.000 0.026 0.000  1.393 0.000
247.25 248.25 999.99 0.999 99.99 0.999000 9.999 0.999000 9.99 0.999000 99.999 0.999 999.999 0.999 999.999 0.999 999.999 0.999 999.999 0.999 999.999 0.999 9.999 0.999 99.999 0.999
250.25 251.25 999.99 0.999 99.99 0.999000 9.999 0.999000 9.99 0.999000 99.999 0.999 999.999 0.999 999.999 0.999 999.999 0.999 999.999 0.999 999.999 0.999 9.999 0.999 99.999 0.999
253.25 254.25  13.99 0.000  0.73 0.000000 9.999 0.259000 9.99 0.259000  0.042 0.000   3.179 0.000   4.451 0.000  11.987 0.000   4.398 0.000   7.590 0.000 0.149 0.000  0.353 0.000
256.25 257.25   6.06 0.000  0.62 0.000000 9.999 0.259000 9.99 0.259000  0.013 0.000   0.401 0.000   0.561 0.000   4.092 0.000   2.152 0.000   1.941 0.000 0.009 0.000  0.223 0.000
259.25 260.25  97.56 0.000  2.37 0.000000 0.031 0.000000 0.05 0.000000  0.052 0.000   1.803 0.000   2.524 0.000  15.622 0.000   8.573 0.000   7.049 0.000 0.035 0.000  0.663 0.000
262.25 263.25  36.99 0.000  0.44 0.000000 0.018 0.000000 9.99 0.259000  0.027 0.000   1.277 0.000   1.788 0.000   7.236 0.000   3.398 0.000   3.838 0.000 0.053 0.000  0.253 0.000
265.25 266.25   1.90 0.000  2.86 0.000000 9.999 0.259000 9.99 0.259000  0.011 0.000   0.388 0.000   0.544 0.000   2.204 0.000   1.008 0.000   1.196 0.000 0.012 0.000  0.091 0.000
