scripts/IMPROVE-2019_partial/data/US9003R.20080101050000.20191216000000.filterpack...52w.3d.US03L_filterpack_US9003.US03L_IMPROVE_Davis.lev2.nas
52 1001
MISSING INFORMATION
US03L, IMPROVE, , , , , , , 
MISSING INFORMATION
IMPROVE sel_HTAP
1 1
2008 01 01 2019 12 16
3.000000
days from file reference point
5
1 1 1 1 1
999.999999 999.999 9.999 999.999 9.999
end_time of measurement, days from the file reference point
pm10_mass, ug/m3, Matrix=pm10
numflag pm10_mass, no unit, Matrix=pm10
pm25_mass, ug/m3, Matrix=pm25
numflag pm25_mass, no unit, Matrix=pm25
0
33
Data definition:              EBAS_1.1
Set type code:                TU
Timezone:                     UTC
File name:                    US9003R.20080101050000.20191216000000.filterpack...52w.3d.US03L_filterpack_US9003.US03L_IMPROVE_Davis.lev2.nas
File creation:                20191218120527
Startdate:                    20080101050000
Revision date:                20191216000000
Version:                      2
Version description:          "Data extracted from http://views.cira.colostate.edu/fed/DataWizard 2019-12-16"
Statistics:                   arithmetic mean
Data level:                   2
Period code:                  52w
Resolution code:              3d
Sample duration:              1d
Orig. time res.:              3d
Station code:                 US9003R
Platform code:                US9003S
Station name:                 Mohawk Mt.
Station latitude:             41.8214
Station longitude:            -73.2973
Station altitude:             521.0 m
Regime:                       IMG
Component:                    
Unit:                         ug/m3
Matrix:                       
Laboratory code:              US03L
Instrument type:              filterpack
Instrument name:              filterpack_US9003
Method ref:                   US03L_IMPROVE_Davis
Blank correction:             Blank corrected
Volume std. temperature:      ambient
Volume std. pressure:         ambient
starttime endtime PM10 flag_PM10 PM2.5 flag_PM2.5
  0.208333   1.208333   8.146 0.000   7.826 0.000
  3.208333   4.208333   9.139 0.000   6.058 0.000
  6.208333   7.208333  15.898 0.000  13.522 0.000
  9.208333  10.208333   5.292 0.000   3.497 0.000
 12.208333  13.208333   5.399 0.000   3.901 0.000
 15.208333  16.208333   2.498 0.000   1.745 0.000
 18.208333  19.208333   6.949 0.000   4.644 0.000
 21.208333  22.208333  11.149 0.000   6.984 0.000
 24.208333  25.208333   5.688 0.000   3.733 0.000
 27.208333  28.208333  10.208 0.000   8.323 0.000
 30.208333  31.208333   9.029 0.000   4.849 0.000
 33.208333  34.208333  11.847 0.000  10.156 0.000
 36.208333  37.208333   3.009 0.000   2.251 0.000
 39.208333  40.208333   7.718 0.000   6.464 0.000
 42.208333  43.208333   5.955 0.000   4.117 0.000
 45.208333  46.208333   9.159 0.000   6.710 0.000
 48.208333  49.208333   3.807 0.000   2.698 0.000
 51.208333  52.208333   5.261 0.000   2.859 0.000
 54.208333  55.208333   8.076 0.000   6.644 0.000
 57.208333  58.208333   4.864 0.000   3.417 0.000
 60.208333  61.208333   6.189 0.000   5.077 0.000
 63.208333  64.208333   5.495 0.000   4.377 0.000
 66.208333  67.208333   9.152 0.000   5.959 0.000
 69.208333  70.208333   7.314 0.000   5.768 0.000
 72.208333  73.208333   5.509 0.000   2.984 0.000
 75.208333  76.208333   6.462 0.000   5.673 0.000
 78.208333  79.208333   2.777 0.000   0.947 0.000
 81.208333  82.208333   3.458 0.000   1.919 0.000
 84.208333  85.208333   6.568 0.000   3.848 0.000
 87.208333  88.208333   6.820 0.000   4.205 0.000
 90.208333  91.208333   3.396 0.000   2.627 0.000
 93.208333  94.208333   7.965 0.000   4.745 0.000
 96.208333  97.208333   3.563 0.000   2.942 0.000
 99.208333 100.208333  12.919 0.000   5.705 0.000
102.208333 103.208333   6.463 0.000   4.190 0.000
105.208333 106.208333   4.529 0.000   2.649 0.000
108.208333 109.208333  18.123 0.000  10.041 0.000
111.208333 112.208333  12.700 0.000   6.271 0.000
114.208333 115.208333  17.140 0.000   8.129 0.000
117.208333 118.208333   9.444 0.000   4.798 0.000
120.208333 121.208333   7.235 0.000   4.698 0.000
123.208333 124.208333   5.198 0.000   2.001 0.000
126.208333 127.208333  11.701 0.000   6.840 0.000
129.208333 130.208333   4.046 0.000   2.349 0.000
132.208333 133.208333   6.955 0.000   1.724 0.000
135.208333 136.208333  16.106 0.000   6.021 0.000
138.208333 139.208333   7.049 0.000   4.482 0.000
141.208333 142.208333 999.999 0.456   6.104 0.000
144.208333 145.208333 999.999 0.456   1.933 0.000
147.208333 148.208333 999.999 0.456  12.336 0.000
150.208333 151.208333  15.792 0.000   7.199 0.000
153.208333 154.208333   8.041 0.000   5.412 0.000
156.208333 157.208333   8.455 0.000   3.102 0.000
159.208333 160.208333  15.365 0.000  10.152 0.000
162.208333 163.208333  14.232 0.000   5.406 0.000
165.208333 166.208333  21.424 0.000  16.604 0.000
168.208333 169.208333   8.048 0.000   4.410 0.000
171.208333 172.208333  15.651 0.000   9.410 0.000
174.208333 175.208333  16.720 0.000  12.965 0.000
177.208333 178.208333  22.182 0.000  18.724 0.000
180.208333 181.208333  16.676 0.000  13.673 0.000
183.208333 184.208333   8.325 0.000   5.107 0.000
186.208333 187.208333  13.107 0.000  11.184 0.000
189.208333 190.208333  23.995 0.000  20.091 0.000
192.208333 193.208333   6.374 0.000   3.336 0.000
195.208333 196.208333   9.098 0.000   5.521 0.000
198.208333 199.208333  15.926 0.000  10.768 0.000
201.208333 202.208333  29.193 0.000  25.032 0.000
204.208333 205.208333   8.605 0.000   6.093 0.000
207.208333 208.208333  22.092 0.000  18.338 0.000
210.208333 211.208333  18.490 0.000  14.817 0.000
213.208333 214.208333   9.724 0.000   5.883 0.000
216.208333 217.208333   4.896 0.000   2.356 0.000
219.208333 220.208333   8.212 0.000   4.950 0.000
222.208333 223.208333   9.529 0.000   6.715 0.000
225.208333 226.208333   7.732 0.000   4.700 0.000
228.208333 229.208333   5.615 0.000   3.118 0.000
231.208333 232.208333  16.919 0.000  10.598 0.000
234.208333 235.208333  12.161 0.000   6.909 0.000
237.208333 238.208333 999.999 0.999   6.948 0.000
240.208333 241.208333 999.999 0.999   3.962 0.000
243.208333 244.208333 999.999 0.999   5.594 0.000
246.208333 247.208333 999.999 0.999   6.789 0.000
249.208333 250.208333 999.999 0.999   3.380 0.000
252.208333 253.208333 999.999 0.999   6.514 0.000
255.208333 256.208333 999.999 0.999   2.894 0.000
258.208333 259.208333 999.999 0.999   3.728 0.000
261.208333 262.208333 999.999 0.999   3.412 0.000
264.208333 265.208333 999.999 0.999  11.800 0.000
267.208333 268.208333 999.999 0.999   5.573 0.000
270.208333 271.208333 999.999 0.999   0.302 0.000
273.208333 274.208333 999.999 0.999   4.171 0.000
276.208333 277.208333 999.999 0.999   2.903 0.000
279.208333 280.208333 999.999 0.999   2.697 0.000
282.208333 283.208333 999.999 0.999   8.692 0.000
285.208333 286.208333 999.999 0.999   3.675 0.000
288.208333 289.208333 999.999 0.999   3.885 0.000
291.208333 292.208333 999.999 0.999   1.803 0.000
294.208333 295.208333 999.999 0.999   4.755 0.000
297.208333 298.208333 999.999 0.999   3.514 0.000
300.208333 301.208333 999.999 0.999   6.689 0.000
303.208333 304.208333 999.999 0.999   1.097 0.000
306.208333 307.208333 999.999 0.999   2.315 0.000
309.208333 310.208333 999.999 0.999   4.796 0.000
312.208333 313.208333 999.999 0.999   2.125 0.000
315.208333 316.208333 999.999 0.999   2.002 0.000
318.208333 319.208333 999.999 0.999   0.886 0.000
321.208333 322.208333 999.999 0.999   2.259 0.000
324.208333 325.208333 999.999 0.999   2.439 0.000
327.208333 328.208333 999.999 0.999   2.168 0.000
330.208333 331.208333 999.999 0.999   5.075 0.000
333.208333 334.208333 999.999 0.999   3.447 0.000
336.208333 337.208333 999.999 0.999   3.024 0.000
339.208333 340.208333 999.999 0.999   2.414 0.000
342.208333 343.208333 999.999 0.999   1.426 0.000
345.208333 346.208333 999.999 0.999   1.696 0.000
348.208333 349.208333 999.999 0.999 999.999 0.999
351.208333 352.208333 999.999 0.999   1.932 0.000
354.208333 355.208333 999.999 0.999   3.009 0.000
357.208333 358.208333 999.999 0.999   5.728 0.000
360.208333 361.208333 999.999 0.999   5.826 0.000
363.208333 364.208333 999.999 0.999   4.716 0.000
