scripts/IMPROVE-2019_partial/data/US9043R.19980103080000.20191216000000.filterpack...1y.3d.US03L_filterpack_US9043.US03L_IMPROVE_Davis.lev2.nas
51 1001
MISSING INFORMATION
US03L, IMPROVE, , , , , , , 
MISSING INFORMATION
IMPROVE sel_HTAP
1 1
1998 01 01 2019 12 16
0
days from file reference point
4
1 1 1 1
999.999999 999.999 999.999 9.999
end_time of measurement, days from the file reference point
pm10_mass, ug/m3, Matrix=pm10
pm25_mass, ug/m3, Matrix=pm25
numflag, no unit
0
33
Data definition:              EBAS_1.1
Set type code:                TI
Timezone:                     UTC
File name:                    US9043R.19980103080000.20191216000000.filterpack...1y.3d.US03L_filterpack_US9043.US03L_IMPROVE_Davis.lev2.nas
File creation:                20191218120816
Startdate:                    19980103080000
Revision date:                20191216000000
Version:                      2
Version description:          "Data extracted from http://views.cira.colostate.edu/fed/DataWizard 2019-12-16"
Statistics:                   arithmetic mean
Data level:                   2
Period code:                  1y
Resolution code:              3d
Sample duration:              1d
Orig. time res.:              3d
Station code:                 US9043R
Platform code:                US9043S
Station name:                 San Gorgonio Wilderness
Station latitude:             34.1939
Station longitude:            -116.9132
Station altitude:             1726.0 m
Regime:                       IMG
Component:                    
Unit:                         ug/m3
Matrix:                       
Laboratory code:              US03L
Instrument type:              filterpack
Instrument name:              filterpack_US9043
Method ref:                   US03L_IMPROVE_Davis
Blank correction:             Blank corrected
Volume std. temperature:      ambient
Volume std. pressure:         ambient
starttime endtime PM10 PM2.5 flag
  2.333333   3.333333   8.974   3.183 0.000
  6.333333   7.333333   1.682   1.697 0.000
  9.333333  10.333333   3.401   2.294 0.000
 13.333333  14.333333   5.078   3.653 0.000
 16.333333  17.333333   4.928   2.096 0.000
 20.333333  21.333333  13.925   5.088 0.000
 23.333333  24.333333  13.280   7.904 0.000
 27.333333  28.333333  29.174  19.048 0.000
 30.333333  31.333333  11.611   9.392 0.000
 34.333333  35.333333   6.014   4.071 0.000
 37.333333  38.333333   2.939   0.978 0.000
 41.333333  42.333333   7.385   7.041 0.000
 44.333333  45.333333   6.210   4.575 0.000
 48.333333  49.333333 999.999 999.999 0.999
 51.333333  52.333333 999.999 999.999 0.999
 55.333333  56.333333 999.999 999.999 0.999
 58.333333  59.333333 999.999 999.999 0.999
 62.333333  63.333333  22.715  19.334 0.000
 65.333333  66.333333   8.005   7.893 0.000
 69.333333  70.333333   9.865   1.147 0.000
 72.333333  73.333333 999.999   7.293 0.000
 76.333333  77.333333  11.482   8.066 0.000
 79.333333  80.333333  12.926  10.899 0.000
 83.333333  84.333333 999.999   4.756 0.000
 86.333333  87.333333 999.999 999.999 0.999
 90.333333  91.333333 999.999 999.999 0.999
 93.333333  94.333333 999.999 999.999 0.999
 97.333333  98.333333   7.964   7.706 0.000
100.333333 101.333333  12.646   5.848 0.000
104.333333 105.333333 999.999 999.999 0.999
107.333333 108.333333 999.999 999.999 0.999
111.333333 112.333333  15.774   9.088 0.000
114.333333 115.333333  17.890  10.640 0.000
118.333333 119.333333  27.504  16.878 0.000
121.333333 122.333333  14.573   8.056 0.000
125.333333 126.333333   6.453   4.735 0.000
128.333333 129.333333  12.135   8.239 0.000
132.333333 133.333333   1.970   2.037 0.000
135.333333 136.333333  14.847   9.352 0.000
139.333333 140.333333  25.212  14.089 0.000
142.333333 143.333333  33.099  18.254 0.000
146.333333 147.333333  13.630  11.706 0.000
149.333333 150.333333  15.812  12.160 0.000
153.333333 154.333333  11.611   6.758 0.000
156.333333 157.333333  17.894  10.833 0.000
160.333333 161.333333  18.202  13.201 0.000
163.333333 164.333333  10.892   7.789 0.000
167.333333 168.333333  28.696  10.229 0.000
170.333333 171.333333  16.865   7.789 0.000
174.333333 175.333333  13.611   7.395 0.000
177.333333 178.333333  19.124   8.696 0.000
181.333333 182.333333  31.675  17.723 0.000
184.333333 185.333333  15.796   8.484 0.000
188.333333 189.333333  16.273  10.716 0.000
191.333333 192.333333  10.641   6.436 0.000
195.333333 196.333333 999.999 999.999 0.999
198.333333 199.333333  22.459   9.883 0.000
202.333333 203.333333  25.908  19.075 0.000
205.333333 206.333333   9.716   6.587 0.000
209.333333 210.333333 999.999 999.999 0.999
212.333333 213.333333 999.999 999.999 0.999
216.333333 217.333333  15.013  11.922 0.000
219.333333 220.333333  19.114  10.044 0.000
223.333333 224.333333 999.999 999.999 0.999
226.333333 227.333333 999.999 999.999 0.999
230.333333 231.333333 999.999 999.999 0.999
233.333333 234.333333 999.999 999.999 0.999
237.333333 238.333333 999.999 999.999 0.999
240.333333 241.333333 999.999 999.999 0.999
244.333333 245.333333   5.805   4.095 0.000
247.333333 248.333333  17.848  13.047 0.000
251.333333 252.333333 999.999 999.999 0.999
254.333333 255.333333 999.999 999.999 0.999
258.333333 259.333333 999.999 999.999 0.999
261.333333 262.333333 999.999 999.999 0.999
265.333333 266.333333 999.999 999.999 0.999
268.333333 269.333333 999.999 999.999 0.999
272.333333 273.333333  12.101  10.628 0.000
275.333333 276.333333  12.412  12.414 0.000
279.333333 280.333333 999.999 999.999 0.999
282.333333 283.333333 999.999 999.999 0.999
286.333333 287.333333 999.999 999.999 0.999
289.333333 290.333333 999.999 999.999 0.999
293.333333 294.333333  11.872  11.398 0.000
296.333333 297.333333  16.338  10.309 0.000
300.333333 301.333333 999.999 999.999 0.999
303.333333 304.333333   6.483 999.999 0.000
307.333333 308.333333 999.999 999.999 0.999
310.333333 311.333333 999.999 999.999 0.999
314.333333 315.333333 999.999 999.999 0.999
317.333333 318.333333 999.999 999.999 0.999
321.333333 322.333333   5.800   3.581 0.000
324.333333 325.333333   4.729   2.346 0.000
328.333333 329.333333 999.999 999.999 0.999
331.333333 332.333333 999.999 999.999 0.999
335.333333 336.333333   6.156 999.999 0.000
338.333333 339.333333   3.573 999.999 0.000
342.333333 343.333333   8.893   3.210 0.000
345.333333 346.333333   1.878 999.999 0.000
349.333333 350.333333   4.757   2.156 0.000
352.333333 353.333333   3.231   2.912 0.000
356.333333 357.333333   2.466   1.220 0.000
359.333333 360.333333   1.182 999.999 0.000
363.333333 364.333333 999.999 999.999 0.999
