scripts/IMPROVE-2019_partial/data/US9023R.20110103050000.20191216000000.filterpack...1y.3d.US03L_filterpack_US9023.US03L_IMPROVE_Davis.lev2.nas
51 1001
MISSING INFORMATION
US03L, IMPROVE, , , , , , , 
MISSING INFORMATION
IMPROVE sel_HTAP
1 1
2011 01 01 2019 12 16
3.000000
days from file reference point
4
1 1 1 1
999.999999 999.999 999.999 9.999
end_time of measurement, days from the file reference point
pm10_mass, ug/m3, Matrix=pm10
pm25_mass, ug/m3, Matrix=pm25
numflag, no unit
0
33
Data definition:              EBAS_1.1
Set type code:                TU
Timezone:                     UTC
File name:                    US9023R.20110103050000.20191216000000.filterpack...1y.3d.US03L_filterpack_US9023.US03L_IMPROVE_Davis.lev2.nas
File creation:                20191218120639
Startdate:                    20110103050000
Revision date:                20191216000000
Version:                      2
Version description:          "Data extracted from http://views.cira.colostate.edu/fed/DataWizard 2019-12-16"
Statistics:                   arithmetic mean
Data level:                   2
Period code:                  1y
Resolution code:              3d
Sample duration:              1d
Orig. time res.:              3d
Station code:                 US9023R
Platform code:                US9023S
Station name:                 Proctor Maple R. F.
Station latitude:             44.5284
Station longitude:            -72.8688
Station altitude:             401.0 m
Regime:                       IMG
Component:                    
Unit:                         ug/m3
Matrix:                       
Laboratory code:              US03L
Instrument type:              filterpack
Instrument name:              filterpack_US9023
Method ref:                   US03L_IMPROVE_Davis
Blank correction:             Blank corrected
Volume std. temperature:      ambient
Volume std. pressure:         ambient
starttime endtime PM10 PM2.5 flag
  2.208333   3.208333   4.305   2.302 0.000
  5.208333   6.208333   2.545   2.026 0.000
  8.208333   9.208333   4.128   3.605 0.000
 11.208333  12.208333   5.603   4.336 0.000
 14.208333  15.208333   4.767   3.997 0.000
 17.208333  18.208333   3.449   2.824 0.000
 20.208333  21.208333   6.707   6.128 0.000
 23.208333  24.208333   7.113   5.153 0.000
 26.208333  27.208333  22.817  21.904 0.000
 29.208333  30.208333  16.860  15.846 0.000
 32.208333  33.208333   4.198   3.539 0.000
 35.208333  36.208333   5.094   3.466 0.000
 38.208333  39.208333   4.714   4.174 0.000
 41.208333  42.208333   9.871   7.727 0.000
 44.208333  45.208333   5.935   4.527 0.000
 47.208333  48.208333  14.341   9.655 0.000
 50.208333  51.208333   6.809   4.129 0.000
 53.208333  54.208333   5.212   2.263 0.000
 56.208333  57.208333   3.769   3.293 0.000
 59.208333  60.208333   3.615   2.636 0.000
 62.208333  63.208333   5.843   3.057 0.000
 65.208333  66.208333   3.469   2.797 0.000
 68.208333  69.208333   3.756   1.345 0.000
 71.208333  72.208333   3.637   3.443 0.000
 74.208333  75.208333   4.011   3.209 0.000
 77.208333  78.208333   4.552   2.741 0.000
 80.208333  81.208333   3.676   3.172 0.000
 83.208333  84.208333   5.193   3.109 0.000
 86.208333  87.208333   5.189   2.104 0.000
 89.208333  90.208333   6.367   3.234 0.000
 92.208333  93.208333   4.040   2.491 0.000
 95.208333  96.208333   3.810   2.763 0.000
 98.208333  99.208333   6.461   4.041 0.000
101.208333 102.208333   5.011   2.738 0.000
104.208333 105.208333   4.729   2.655 0.000
107.208333 108.208333   3.084   2.128 0.000
110.208333 111.208333   3.204   1.820 0.000
113.208333 114.208333   4.867   3.640 0.000
116.208333 117.208333   6.011   3.599 0.000
119.208333 120.208333   3.204   2.041 0.000
122.208333 123.208333   5.082   3.394 0.000
125.208333 126.208333   6.108   3.575 0.000
128.208333 129.208333   4.419   1.862 0.000
131.208333 132.208333   9.310   2.127 0.000
134.208333 135.208333   1.719   0.767 0.000
137.208333 138.208333   3.755   1.440 0.000
140.208333 141.208333   6.265   3.711 0.000
143.208333 144.208333   7.341   4.897 0.000
146.208333 147.208333   5.668   3.239 0.000
149.208333 150.208333  13.347   9.823 0.000
152.208333 153.208333   7.286   1.320 0.000
155.208333 156.208333   7.900   5.235 0.000
158.208333 159.208333  17.110  11.385 0.000
161.208333 162.208333   4.985   2.735 0.000
164.208333 165.208333   4.906   2.670 0.000
167.208333 168.208333  10.684   8.261 0.000
170.208333 171.208333   6.643   3.788 0.000
173.208333 174.208333   3.555   2.028 0.000
176.208333 177.208333   5.273   3.569 0.000
179.208333 180.208333   6.179   4.159 0.000
182.208333 183.208333   7.690   4.606 0.000
185.208333 186.208333  12.209   9.069 0.000
188.208333 189.208333   9.116   6.306 0.000
191.208333 192.208333  18.797  15.816 0.000
194.208333 195.208333   8.541   5.183 0.000
197.208333 198.208333  15.378  11.679 0.000
200.208333 201.208333  19.499  16.657 0.000
203.208333 204.208333   9.724   6.305 0.000
206.208333 207.208333   6.712   4.383 0.000
209.208333 210.208333  14.933  12.389 0.000
212.208333 213.208333  10.219   6.974 0.000
215.208333 216.208333   7.471   4.556 0.000
218.208333 219.208333   5.407   3.818 0.000
221.208333 222.208333   5.210   3.173 0.000
224.208333 225.208333   7.428   4.582 0.000
227.208333 228.208333   6.088   3.775 0.000
230.208333 231.208333  20.858  16.672 0.000
233.208333 234.208333   5.061   2.821 0.000
236.208333 237.208333  12.195   9.250 0.000
239.208333 240.208333   3.925   2.257 0.000
242.208333 243.208333 999.999 999.999 0.999
245.208333 246.208333 999.999 999.999 0.999
248.208333 249.208333 999.999 999.999 0.999
251.208333 252.208333   7.567   3.310 0.000
254.208333 255.208333  12.509   8.545 0.000
257.208333 258.208333   4.847   2.486 0.000
260.208333 261.208333   3.925   1.996 0.000
263.208333 264.208333 999.999 999.999 0.999
266.208333 267.208333 999.999 999.999 0.456
269.208333 270.208333  11.174   5.636 0.000
272.208333 273.208333  10.951   6.852 0.000
275.208333 276.208333 999.999 999.999 0.456
278.208333 279.208333   4.107   1.692 0.000
281.208333 282.208333  14.895   9.446 0.000
284.208333 285.208333 999.999 999.999 0.999
287.208333 288.208333   2.970   1.690 0.000
290.208333 291.208333   4.768   2.515 0.000
293.208333 294.208333   2.174   1.127 0.000
296.208333 297.208333   7.349   5.287 0.000
299.208333 300.208333   4.804   2.667 0.000
302.208333 303.208333   3.962   3.147 0.000
305.208333 306.208333   9.055   7.448 0.000
308.208333 309.208333   2.892   2.031 0.000
311.208333 312.208333  13.816   8.796 0.000
314.208333 315.208333   3.800   2.671 0.000
317.208333 318.208333   9.577   6.353 0.000
320.208333 321.208333   2.553   1.731 0.000
323.208333 324.208333   6.025   4.546 0.000
326.208333 327.208333   2.128   1.717 0.000
329.208333 330.208333   7.543   5.655 0.000
332.208333 333.208333   4.473   2.409 0.000
335.208333 336.208333   3.442   2.635 0.000
338.208333 339.208333   8.401   5.966 0.000
341.208333 342.208333   2.404   1.665 0.000
344.208333 345.208333   4.546   3.637 0.000
347.208333 348.208333   8.764   8.487 0.000
350.208333 351.208333   3.109   2.039 0.000
353.208333 354.208333   2.131   1.577 0.000
356.208333 357.208333   2.293   2.156 0.000
359.208333 360.208333   4.130   3.877 0.000
362.208333 363.208333   3.445   2.499 0.000
