scripts/IMPROVE-2019_partial/data/US9027R.20030103080000.20191216000000.filterpack..pm25.1y.1w.US03L_filterpack_US9027.US03L_IMPROVE_Davis.lev2.nas
66 1001
MISSING INFORMATION
US03L, IMPROVE, , , , , , , 
MISSING INFORMATION
IMPROVE sel_HTAP
1 1
2003 01 01 2019 12 16
3.000000
days from file reference point
27
1 1 1 1 1 1 1 1 1 1 1 1 1 1 1 1 1 1 1 1 1 1 1 1 1 1 1
999.999999 999.99 9.999999 99.99 9.999999 9.999 9.999999999 9.99 9.999999 9.999 9.999 999.999 9.999 9999.999 9.999 99.99 9.999999999 999.999 9.999 99.999 9.999 99.999 9.999 9.999 9.999999 9.999 9.999
end_time of measurement, days from the file reference point
iron, ng/m3, Revision date=20181210133000
numflag iron, no unit, Revision date=20181210133000
lead, ng/m3, Revision date=20181210133000
numflag lead, no unit, Revision date=20181210133000
magnesium, ug/m3, Revision date=20181210133000
numflag magnesium, no unit, Revision date=20181210133000
nickel, ng/m3, Revision date=20181210133000
numflag nickel, no unit, Revision date=20181210133000
nitrate, ug N/m3, Revision date=20181210133000
numflag nitrate, no unit, Revision date=20181210133000
organic_carbon, ug C/m3, Revision date=20181210133000
numflag organic_carbon, no unit, Revision date=20181210133000
organic_mass, ug/m3, Revision date=20181210133000
numflag organic_mass, no unit, Revision date=20181210133000
phosphorus, ng/m3, Revision date=20181210133000
numflag phosphorus, no unit, Revision date=20181210133000
pm10_mass, ug/m3, Version=2, Version description=Data extracted from http://views.cira.colostate.edu/fed/DataWizard 2019-12-16, Sample duration=1d, Orig. time res.=3d, Matrix=pm10, Blank correction=Blank corrected, Volume std. temperature=ambient, Volume std. pressure=ambient
numflag pm10_mass, no unit, Version=2, Version description=Data extracted from http://views.cira.colostate.edu/fed/DataWizard 2019-12-16, Sample duration=1d, Orig. time res.=3d, Matrix=pm10, Blank correction=Blank corrected, Volume std. temperature=ambient, Volume std. pressure=ambient
pm10_pm25_mass, ug/m3, Revision date=20181210133000, Matrix=pm10_pm25
numflag pm10_pm25_mass, no unit, Revision date=20181210133000, Matrix=pm10_pm25
pm25_mass, ug/m3, Version=2, Version description=Data extracted from http://views.cira.colostate.edu/fed/DataWizard 2019-12-16, Sample duration=1d, Orig. time res.=3d, Blank correction=Blank corrected, Volume std. temperature=ambient, Volume std. pressure=ambient
numflag pm25_mass, no unit, Version=2, Version description=Data extracted from http://views.cira.colostate.edu/fed/DataWizard 2019-12-16, Sample duration=1d, Orig. time res.=3d, Blank correction=Blank corrected, Volume std. temperature=ambient, Volume std. pressure=ambient
potassium, ug/m3, Revision date=20181210133000
numflag potassium, no unit, Revision date=20181210133000
sulphate_total, ug S/m3, Revision date=20181210133000
numflag sulphate_total, no unit, Revision date=20181210133000
0
25
Data definition:              EBAS_1.1
Set type code:                TU
Timezone:                     UTC
File name:                    US9027R.20030103080000.20191216000000.filterpack..pm25.1y.1w.US03L_filterpack_US9027.US03L_IMPROVE_Davis.lev2.nas
File creation:                20191218120701
Startdate:                    20030103080000
Revision date:                20191216000000
Statistics:                   arithmetic mean
Data level:                   2
Period code:                  1y
Resolution code:              1w
Station code:                 US9027R
Platform code:                US9027S
Station name:                 North Cascades
Station latitude:             48.7316
Station longitude:            -121.0646
Station altitude:             568.0 m
Regime:                       IMG
Component:                    
Matrix:                       pm25
Laboratory code:              US03L
Instrument type:              filterpack
Instrument name:              filterpack_US9027
Method ref:                   US03L_IMPROVE_Davis
starttime endtime Fe flag_Fe Pb flag_Pb Mg++ flag_Mg++ Ni flag_Ni NO3- flag_NO3- OC flag_OC OM flag_OM P flag_P PM10 flag_PM10 PM10-PM2.5 flag_PM10-PM2.5 PM2.5 flag_PM2.5 K+ flag_K+ SO4-- flag_SO4--
  2.333333   3.333333   0.42 0.000000 99.99 0.259000 9.999 0.259000000 9.99 0.259000 0.007 0.000   0.144 0.000    0.201 0.000  7.96 0.000000000   2.273 0.000  0.936 0.000  1.338 0.000 0.007 0.000000 0.030 0.000
  5.333333   6.333333   1.14 0.000000  0.06 0.000000 0.011 0.000000000 9.99 0.259000 0.003 0.000   0.059 0.000    0.083 0.000 99.99 0.259000000   0.372 0.000  0.093 0.000  0.279 0.000 0.002 0.000000 0.014 0.000
  8.333333   9.333333   3.36 0.000000 99.99 0.259000 9.999 0.259000000 9.99 0.259000 0.009 0.000   0.661 0.000    0.926 0.000 99.99 0.259000000   1.747 0.000  0.345 0.000  1.401 0.000 0.018 0.000000 0.032 0.000
 11.333333  12.333333   3.31 0.000000  0.09 0.000000 9.999 0.259000000 9.99 0.259000 0.002 0.000   0.269 0.000    0.376 0.000 99.99 0.259000000   1.033 0.000  0.234 0.000  0.799 0.000 0.007 0.000000 0.033 0.000
 14.333333  15.333333   5.06 0.000000  0.09 0.000000 9.999 0.259000000 0.07 0.000000 0.010 0.000   0.099 0.000    0.139 0.000 99.99 0.259000000   1.040 0.000  0.703 0.000  0.337 0.000 0.003 0.000000 0.030 0.000
 17.333333  18.333333   0.42 0.000000 99.99 0.259000 9.999 0.259000000 9.99 0.259000 9.999 0.259   0.099 0.000    0.138 0.000 99.99 0.259000000   0.083 0.000 99.999 0.259  0.241 0.000 0.001 0.000000 0.006 0.000
 20.333333  21.333333   1.54 0.000000  0.16 0.000000 9.999 0.259000000 9.99 0.259000 0.002 0.000   0.222 0.000    0.311 0.000 99.99 0.259000000   0.882 0.000  0.295 0.000  0.587 0.000 0.003 0.000000 0.017 0.000
 23.333333  24.333333   1.14 0.000000 99.99 0.259000 0.010 0.000000000 9.99 0.259000 0.009 0.000 999.999 0.259 9999.999 0.259 99.99 0.259000000   0.744 0.000  0.433 0.000  0.311 0.000 0.003 0.000000 0.025 0.000
 26.333333  27.333333   0.61 0.000000  0.07 0.000000 0.011 0.000000000 0.04 0.000000 0.010 0.000   0.039 0.000    0.055 0.000 99.99 0.259000000   1.157 0.000  0.484 0.000  0.673 0.000 0.004 0.000000 0.036 0.000
 29.333333  30.333333   0.16 0.000000  0.11 0.000000 0.012 0.000000000 9.99 0.259000 0.003 0.000   0.374 0.000    0.524 0.000 99.99 0.259000000 999.999 0.259 99.999 0.259  0.187 0.000 0.002 0.000000 0.005 0.000
 32.333333  33.333333   0.87 0.000000  0.23 0.000000 0.017 0.000000000 9.99 0.259000 0.016 0.000   0.117 0.000    0.164 0.000 99.99 0.259000000   1.331 0.000  0.451 0.000  0.880 0.000 0.004 0.000000 0.082 0.000
 35.333333  36.333333   1.61 0.000000  0.08 0.000000 9.999 0.259000000 9.99 0.259000 0.009 0.000   0.274 0.000    0.384 0.000 99.99 0.259000000   0.837 0.000  0.194 0.000  0.643 0.000 0.012 0.000000 0.041 0.000
 38.333333  39.333333   2.44 0.000000  0.12 0.000000 0.021 0.000000000 9.99 0.259000 0.004 0.000   0.411 0.000    0.576 0.000 99.99 0.259000000   0.926 0.000  0.073 0.000  0.853 0.000 0.014 0.000000 0.037 0.000
 41.333333  42.333333   2.14 0.000000  0.18 0.000000 0.015 0.000000000 9.99 0.259000 0.004 0.000   0.254 0.000    0.356 0.000 99.99 0.259000000   0.680 0.000 99.999 0.259  0.737 0.000 0.006 0.000000 0.069 0.000
 44.333333  45.333333   5.70 0.000000  0.54 0.000000 9.999 0.259000000 0.10 0.000000 0.014 0.000   0.873 0.000    1.222 0.000 99.99 0.259000000   2.468 0.000  0.534 0.000  1.934 0.000 0.013 0.000000 0.110 0.000
 47.333333  48.333333   1.05 0.000000 99.99 0.259000 0.009 0.000000000 9.99 0.259000 0.001 0.000   0.042 0.000    0.059 0.000 99.99 0.259000000 999.999 0.259 99.999 0.259 99.999 0.259 0.003 0.000000 0.014 0.000
 50.333333  51.333333   0.29 0.000000  0.07 0.000000 0.027 0.000000000 9.99 0.259000 0.002 0.000   0.030 0.000    0.042 0.000  1.99 0.000000000 999.999 0.259 99.999 0.259 99.999 0.259 9.999 0.259000 0.021 0.000
 53.333333  54.333333   2.94 0.000000  0.27 0.000000 9.999 0.259000000 9.99 0.259000 0.004 0.000   0.244 0.000    0.342 0.000 99.99 0.259000000   1.213 0.000  0.247 0.000  0.966 0.000 0.012 0.000000 0.134 0.000
 56.333333  57.333333   8.55 0.000000  0.43 0.000000 9.999 0.259000000 9.99 0.259000 0.008 0.000   0.367 0.000    0.514 0.000 99.99 0.259000000   1.673 0.000  0.253 0.000  1.421 0.000 0.011 0.000000 0.128 0.000
 59.333333  60.333333   8.57 0.000000  0.27 0.000000 9.999 0.259000000 0.11 0.000000 0.004 0.000   0.365 0.000    0.511 0.000 99.99 0.259000000   1.473 0.000  0.090 0.000  1.383 0.000 0.012 0.000000 0.123 0.000
 62.333333  63.333333   4.96 0.000000  0.63 0.000000 9.999 0.259000000 0.18 0.000000 0.024 0.000   0.680 0.000    0.953 0.000 99.99 0.259000000   2.579 0.000  0.303 0.000  2.276 0.000 0.012 0.000000 0.266 0.000
 65.333333  66.333333   3.86 0.000000  0.40 0.000000 0.014 0.000000000 0.12 0.000000 0.016 0.000   0.275 0.000    0.385 0.000 99.99 0.259000000   2.033 0.000  0.288 0.000  1.744 0.000 0.013 0.000000 0.268 0.000
 68.333333  69.333333   1.35 0.000000 99.99 0.259000 0.019 0.000000000 0.03 0.000000 0.001 0.000   0.123 0.000    0.173 0.000 99.99 0.259000000   0.374 0.000  0.007 0.000  0.367 0.000 0.003 0.000000 0.058 0.000
 71.333333  72.333333   0.14 0.000000  0.11 0.000000 9.999 0.259000000 9.99 0.259000 9.999 0.259   0.030 0.000    0.043 0.000  0.78 0.000000000   0.125 0.000  0.125 0.000 99.999 0.259 0.002 0.000000 0.002 0.000
 74.333333  75.333333   1.86 0.000000  0.22 0.000000 0.015 0.000000000 9.99 0.259000 0.015 0.000   0.145 0.000    0.203 0.000 99.99 0.259000000   0.962 0.000  0.489 0.000  0.473 0.000 0.005 0.000000 0.039 0.000
 77.333333  78.333333   5.00 0.000000  0.21 0.000000 9.999 0.259000000 9.99 0.259000 0.008 0.000   0.152 0.000    0.213 0.000 99.99 0.259000000   1.081 0.000  0.476 0.000  0.605 0.000 0.008 0.000000 0.060 0.000
 80.333333  81.333333   4.42 0.000000  0.18 0.000000 9.999 0.259000000 9.99 0.259000 0.002 0.000   0.021 0.000    0.029 0.000 99.99 0.259000000   0.586 0.000  0.276 0.000  0.310 0.000 0.004 0.000000 0.037 0.000
 83.333333  84.333333   3.10 0.000000  0.17 0.000000 9.999 0.259000000 9.99 0.259000 0.030 0.000   0.105 0.000    0.148 0.000 99.99 0.259000000   1.608 0.000  0.631 0.000  0.976 0.000 0.005 0.000000 0.066 0.000
 86.333333  87.333333   2.20 0.000000  0.17 0.000000 9.999 0.259000000 9.99 0.259000 0.009 0.000   0.141 0.000    0.198 0.000 99.99 0.259000000   0.837 0.000  0.269 0.000  0.568 0.000 0.005 0.000000 0.054 0.000
 89.333333  90.333333   5.25 0.000000  0.12 0.000000 0.009 0.000000000 9.99 0.259000 0.011 0.000   0.069 0.000    0.096 0.000 99.99 0.259000000   1.088 0.000  0.558 0.000  0.529 0.000 0.005 0.000000 0.077 0.000
 92.333333  93.333333   1.65 0.000000  0.25 0.000000 9.999 0.259000000 9.99 0.259000 0.010 0.000   0.047 0.000    0.065 0.000 99.99 0.259000000   0.589 0.000  0.221 0.000  0.369 0.000 0.003 0.000000 0.061 0.000
 95.333333  96.333333   2.84 0.000000  0.20 0.000000 0.017 0.000000000 9.99 0.259000 0.002 0.000   0.148 0.000    0.207 0.000 99.99 0.259000000   0.711 0.000  0.283 0.000  0.428 0.000 0.004 0.000000 0.062 0.000
 98.333333  99.333333   3.04 0.000000  0.22 0.000000 9.999 0.259000000 9.99 0.259000 0.002 0.000   0.065 0.000    0.091 0.000 99.99 0.259000000   0.795 0.000  0.258 0.000  0.537 0.000 0.004 0.000000 0.066 0.000
101.333333 102.333333  11.18 0.000000  0.76 0.000000 9.999 0.259000000 9.99 0.259000 0.007 0.000   0.446 0.000    0.625 0.000 99.99 0.259000000   2.736 0.000  0.770 0.000  1.966 0.000 0.018 0.000000 0.216 0.000
104.333333 105.333333   2.03 0.000000  0.25 0.000000 0.029 0.000000000 9.99 0.259000 0.011 0.000   0.182 0.000    0.255 0.000 99.99 0.259000000   1.345 0.000  0.558 0.000  0.787 0.000 0.004 0.000000 0.068 0.000
107.333333 108.333333  17.34 0.000000  0.33 0.000000 0.018 0.000000000 9.99 0.259000 0.019 0.000   0.539 0.000    0.754 0.000 99.99 0.259000000   2.483 0.000  0.265 0.000  2.218 0.000 0.013 0.000000 0.214 0.000
110.333333 111.333333  31.44 0.000000  1.57 0.000000 9.999 0.259000000 9.99 0.259000 0.043 0.000   1.457 0.000    2.040 0.000 99.99 0.259000000   6.233 0.000  1.128 0.000  5.105 0.000 0.040 0.000000 0.424 0.000
113.333333 114.333333   3.02 0.000000  0.19 0.000000 9.999 0.259000000 0.06 0.000000 0.004 0.000   0.108 0.000    0.151 0.000 99.99 0.259000000   0.878 0.000  0.339 0.000  0.539 0.000 0.005 0.000000 0.038 0.000
116.333333 117.333333   6.50 0.559000  0.67 0.559000 9.999 0.559259000 9.99 0.559259 0.013 0.000   0.485 0.000    0.678 0.000 99.99 0.559259000   2.414 0.000  0.425 0.000  1.989 0.559 0.008 0.559000 0.199 0.000
119.333333 120.333333  11.58 0.559000  0.66 0.559000 9.999 0.559259000 9.99 0.559259 0.031 0.000   0.968 0.000    1.356 0.000 99.99 0.559259000   4.075 0.000  0.850 0.000  3.225 0.559 0.014 0.559000 0.277 0.000
122.333333 123.333333  14.78 0.000000  0.68 0.000000 9.999 0.259000000 0.13 0.000000 0.067 0.000   0.687 0.000    0.962 0.000 99.99 0.259000000   4.700 0.000  1.527 0.000  3.174 0.000 0.016 0.000000 0.348 0.000
125.333333 126.333333  13.50 0.559000  0.45 0.559000 9.999 0.559259000 0.04 0.559000 0.024 0.000   0.803 0.000    1.125 0.000 99.99 0.559259000   4.270 0.000  0.861 0.000  3.409 0.559 0.014 0.559000 0.358 0.000
128.333333 129.333333 999.99 0.999000 99.99 0.999000 9.999 0.999000000 9.99 0.999000 9.999 0.999 999.999 0.999 9999.999 0.999 99.99 0.999000000 999.999 0.999 99.999 0.999 99.999 0.999 9.999 0.999000 9.999 0.999
131.333333 132.333333 999.99 0.999000 99.99 0.999000 9.999 0.999000000 9.99 0.999000 9.999 0.999 999.999 0.999 9999.999 0.999 99.99 0.999000000 999.999 0.999 99.999 0.999 99.999 0.999 9.999 0.999000 9.999 0.999
134.333333 135.333333   5.47 0.000000  0.33 0.000000 9.999 0.259000000 0.12 0.000000 0.039 0.000   0.820 0.000    1.148 0.000 99.99 0.259000000   4.377 0.000  1.107 0.000  3.270 0.000 0.012 0.000000 0.291 0.000
137.333333 138.333333   3.31 0.000000  0.31 0.000000 0.025 0.000000000 0.17 0.000000 0.017 0.000   0.595 0.000    0.832 0.000 99.99 0.259000000   3.305 0.000  0.458 0.000  2.847 0.000 0.010 0.000000 0.338 0.000
140.333333 141.333333   1.93 0.000000  0.20 0.000000 9.999 0.259000000 9.99 0.259000 0.003 0.000   0.470 0.000    0.659 0.000 99.99 0.259000000   1.339 0.000  0.283 0.000  1.056 0.000 0.002 0.000000 0.071 0.000
143.333333 144.333333  23.93 0.000000  0.98 0.000000 9.999 0.259000000 0.13 0.000000 0.013 0.000   1.169 0.000    1.637 0.000 99.99 0.259000000   5.208 0.000  1.736 0.000  3.472 0.000 0.025 0.000000 0.252 0.000
146.333333 147.333333 999.99 0.999000 99.99 0.999000 9.999 0.999000000 9.99 0.999000 9.999 0.999 999.999 0.999 9999.999 0.999 99.99 0.999000000 999.999 0.999 99.999 0.999 99.999 0.999 9.999 0.999000 9.999 0.999
149.333333 150.333333 999.99 0.999000 99.99 0.999000 9.999 0.999000000 9.99 0.999000 9.999 0.999 999.999 0.999 9999.999 0.999 99.99 0.999000000 999.999 0.999 99.999 0.999 99.999 0.999 9.999 0.999000 9.999 0.999
152.333333 153.333333 999.99 0.999000 99.99 0.999000 9.999 0.999000000 9.99 0.999000 9.999 0.999 999.999 0.999 9999.999 0.999 99.99 0.999000000 999.999 0.999 99.999 0.999 99.999 0.999 9.999 0.999000 9.999 0.999
155.333333 156.333333  19.14 0.000000  0.80 0.000000 9.999 0.259000000 9.99 0.259000 0.008 0.000   1.638 0.000    2.294 0.000 99.99 0.259000000   5.539 0.000  0.867 0.000  4.672 0.000 0.027 0.000000 0.221 0.000
158.333333 159.333333 999.99 0.999000 99.99 0.999000 9.999 0.999000000 9.99 0.999000 9.999 0.999 999.999 0.999 9999.999 0.999 99.99 0.999000000 999.999 0.999 99.999 0.999 99.999 0.999 9.999 0.999000 9.999 0.999
161.333333 162.333333   7.11 0.559394  0.42 0.559394 9.999 0.559394259 0.14 0.559394 0.056 0.394   0.833 0.000    1.166 0.000 99.99 0.559394259   3.860 0.000  0.960 0.000  2.900 0.559 0.010 0.559394 0.243 0.394
164.333333 165.333333 999.99 0.999000 99.99 0.999000 9.999 0.999000000 9.99 0.999000 9.999 0.999 999.999 0.999 9999.999 0.999 99.99 0.999000000 999.999 0.999 99.999 0.999 99.999 0.999 9.999 0.999000 9.999 0.999
167.333333 168.333333 999.99 0.999000 99.99 0.999000 9.999 0.999000000 9.99 0.999000 9.999 0.999 999.999 0.999 9999.999 0.999 99.99 0.999000000 999.999 0.999 99.999 0.999 99.999 0.999 9.999 0.999000 9.999 0.999
170.333333 171.333333   2.93 0.000000  0.21 0.000000 0.020 0.000000000 0.21 0.000000 0.026 0.000   0.301 0.000    0.422 0.000 99.99 0.259000000   2.845 0.000  1.287 0.000  1.558 0.000 0.005 0.000000 0.225 0.000
173.333333 174.333333   6.65 0.000000  0.23 0.000000 9.999 0.259000000 0.17 0.000000 0.030 0.000   0.423 0.000    0.592 0.000 99.99 0.259000000   3.788 0.000  1.914 0.000  1.873 0.000 0.009 0.000000 0.212 0.000
176.333333 177.333333  19.36 0.000000  0.37 0.000000 0.029 0.000000000 0.18 0.000000 0.021 0.000   0.878 0.000    1.229 0.000 99.99 0.259000000   5.572 0.000  2.306 0.000  3.266 0.000 0.016 0.000000 0.311 0.000
179.333333 180.333333  33.40 0.000000  0.55 0.000000 9.999 0.259000000 9.99 0.259000 0.015 0.000   1.546 0.000    2.164 0.000 99.99 0.259000000   8.400 0.000  4.570 0.000  3.830 0.000 0.026 0.000000 0.177 0.000
182.333333 183.333333   6.96 0.000000  0.25 0.000000 0.033 0.000000000 0.11 0.000000 0.036 0.000   0.257 0.000    0.359 0.000 99.99 0.259000000   4.239 0.000  2.246 0.000  1.993 0.000 0.007 0.000000 0.218 0.000
185.333333 186.333333   6.64 0.000000  1.20 0.000000 9.999 0.259000000 0.15 0.000000 0.025 0.000   0.371 0.000    0.520 0.000 99.99 0.259000000   4.118 0.000  2.182 0.000  1.936 0.000 0.061 0.000000 0.208 0.000
188.333333 189.333333   6.66 0.000000  0.34 0.000000 9.999 0.259000000 0.08 0.000000 0.022 0.000   0.309 0.000    0.433 0.000 99.99 0.259000000   3.649 0.000  1.791 0.000  1.858 0.000 0.012 0.000000 0.215 0.000
191.333333 192.333333  33.18 0.000000  0.80 0.000000 9.999 0.259000000 0.46 0.000000 0.042 0.000   1.759 0.000    2.462 0.000 99.99 0.259000000   9.730 0.000  3.782 0.000  5.948 0.000 0.019 0.000000 0.429 0.000
194.333333 195.333333   4.82 0.000000  0.25 0.000000 9.999 0.259000000 9.99 0.259000 0.036 0.000   0.325 0.000    0.454 0.000 99.99 0.259000000   3.472 0.000  1.720 0.000  1.752 0.000 0.008 0.000000 0.193 0.000
197.333333 198.333333  19.51 0.000000  0.33 0.000000 0.033 0.000000000 0.12 0.000000 0.023 0.000   0.840 0.000    1.175 0.000 99.99 0.259000000   5.863 0.000  2.599 0.000  3.264 0.000 0.015 0.000000 0.278 0.000
200.333333 201.333333  19.98 0.559000  0.60 0.559000 9.999 0.559259000 0.35 0.559000 0.020 0.000   1.123 0.000    1.572 0.000 99.99 0.559259000   6.225 0.000  2.686 0.000  3.538 0.559 0.015 0.559000 0.261 0.000
203.333333 204.333333  29.61 0.559000  0.57 0.559000 9.999 0.559259000 0.38 0.559000 0.058 0.000   1.258 0.000    1.761 0.000 99.99 0.559259000   8.670 0.000  3.753 0.000  4.918 0.559 0.014 0.559000 0.366 0.000
206.333333 207.333333  33.07 0.000000  0.95 0.000000 9.999 0.259000000 0.71 0.000000 0.114 0.000   1.657 0.000    2.320 0.000 99.99 0.259000000  12.309 0.000  5.175 0.000  7.134 0.000 0.024 0.000000 0.646 0.000
209.333333 210.333333  41.85 0.559000  0.40 0.559000 9.999 0.559259000 0.30 0.559000 0.028 0.000   2.332 0.000    3.265 0.000 99.99 0.559259000  10.485 0.000  3.862 0.000  6.622 0.559 0.018 0.559000 0.302 0.000
212.333333 213.333333  31.94 0.559000  0.47 0.559000 9.999 0.559259000 0.31 0.559000 0.129 0.000   1.907 0.000    2.669 0.000 99.99 0.559259000  11.119 0.000  4.276 0.000  6.843 0.559 0.030 0.559000 0.409 0.000
215.333333 216.333333  43.22 0.000000  1.11 0.000000 9.999 0.259000000 0.41 0.000000 0.070 0.000   2.171 0.000    3.040 0.000 99.99 0.259000000  13.473 0.000  5.490 0.000  7.983 0.000 0.033 0.000000 0.589 0.000
218.333333 219.333333  19.52 0.000000  3.02 0.000000 9.999 0.259000000 0.12 0.000000 0.036 0.000   2.930 0.000    4.102 0.000 99.99 0.259000000   9.148 0.000  0.924 0.000  8.225 0.000 0.036 0.000000 0.468 0.000
221.333333 222.333333   9.70 0.000000  1.24 0.000000 9.999 0.259000000 0.37 0.000000 0.041 0.000   2.491 0.000    3.488 0.000 99.99 0.259000000   7.568 0.000  0.904 0.000  6.664 0.000 0.021 0.000000 0.351 0.000
224.333333 225.333333   9.36 0.000000  0.48 0.000000 9.999 0.259000000 0.23 0.000000 0.022 0.559   0.865 0.000    1.211 0.000 99.99 0.259000000   5.323 0.000  1.465 0.000  3.858 0.000 0.009 0.000000 0.367 0.559
