scripts/IMPROVE-2019_partial/data/US9023R.20010302050000.20191216000000.filterpack..pm25.10mo.1w.US03L_filterpack_US9023.US03L_IMPROVE_Davis.lev2.nas
66 1001
MISSING INFORMATION
US03L, IMPROVE, , , , , , , 
MISSING INFORMATION
IMPROVE sel_HTAP
1 1
2001 01 01 2019 12 16
3.000000
days from file reference point
27
1 1 1 1 1 1 1 1 1 1 1 1 1 1 1 1 1 1 1 1 1 1 1 1 1 1 1
999.999999 9999.99 9.999 99.99 9.999 9.999 9.999999 99.99 9.999999 9.999 9.999 99.999 9.999 99.999 9.999 999.99 9.999999 999.999 9.999 999.999 9.999 999.999 9.999 9.999 9.999 99.999 9.999
end_time of measurement, days from the file reference point
iron, ng/m3, Revision date=20181210133000
numflag iron, no unit, Revision date=20181210133000
lead, ng/m3, Revision date=20181210133000
numflag lead, no unit, Revision date=20181210133000
magnesium, ug/m3, Revision date=20181210133000
numflag magnesium, no unit, Revision date=20181210133000
nickel, ng/m3, Revision date=20181210133000
numflag nickel, no unit, Revision date=20181210133000
nitrate, ug N/m3, Revision date=20181210133000
numflag nitrate, no unit, Revision date=20181210133000
organic_carbon, ug C/m3, Revision date=20181210133000
numflag organic_carbon, no unit, Revision date=20181210133000
organic_mass, ug/m3, Revision date=20181210133000
numflag organic_mass, no unit, Revision date=20181210133000
phosphorus, ng/m3, Revision date=20181210133000
numflag phosphorus, no unit, Revision date=20181210133000
pm10_mass, ug/m3, Version=2, Version description=Data extracted from http://views.cira.colostate.edu/fed/DataWizard 2019-12-16, Sample duration=1d, Orig. time res.=3d, Matrix=pm10, Blank correction=Blank corrected, Volume std. temperature=ambient, Volume std. pressure=ambient
numflag pm10_mass, no unit, Version=2, Version description=Data extracted from http://views.cira.colostate.edu/fed/DataWizard 2019-12-16, Sample duration=1d, Orig. time res.=3d, Matrix=pm10, Blank correction=Blank corrected, Volume std. temperature=ambient, Volume std. pressure=ambient
pm10_pm25_mass, ug/m3, Revision date=20181210133000, Matrix=pm10_pm25
numflag pm10_pm25_mass, no unit, Revision date=20181210133000, Matrix=pm10_pm25
pm25_mass, ug/m3, Version=2, Version description=Data extracted from http://views.cira.colostate.edu/fed/DataWizard 2019-12-16, Sample duration=1d, Orig. time res.=3d, Blank correction=Blank corrected, Volume std. temperature=ambient, Volume std. pressure=ambient
numflag pm25_mass, no unit, Version=2, Version description=Data extracted from http://views.cira.colostate.edu/fed/DataWizard 2019-12-16, Sample duration=1d, Orig. time res.=3d, Blank correction=Blank corrected, Volume std. temperature=ambient, Volume std. pressure=ambient
potassium, ug/m3, Revision date=20181210133000
numflag potassium, no unit, Revision date=20181210133000
sulphate_total, ug S/m3, Revision date=20181210133000
numflag sulphate_total, no unit, Revision date=20181210133000
0
25
Data definition:              EBAS_1.1
Set type code:                TU
Timezone:                     UTC
File name:                    US9023R.20010302050000.20191216000000.filterpack..pm25.10mo.1w.US03L_filterpack_US9023.US03L_IMPROVE_Davis.lev2.nas
File creation:                20191218120636
Startdate:                    20010302050000
Revision date:                20191216000000
Statistics:                   arithmetic mean
Data level:                   2
Period code:                  10mo
Resolution code:              1w
Station code:                 US9023R
Platform code:                US9023S
Station name:                 Proctor Maple R. F.
Station latitude:             44.5284
Station longitude:            -72.8688
Station altitude:             401.0 m
Regime:                       IMG
Component:                    
Matrix:                       pm25
Laboratory code:              US03L
Instrument type:              filterpack
Instrument name:              filterpack_US9023
Method ref:                   US03L_IMPROVE_Davis
starttime endtime Fe flag_Fe Pb flag_Pb Mg++ flag_Mg++ Ni flag_Ni NO3- flag_NO3- OC flag_OC OM flag_OM P flag_P PM10 flag_PM10 PM10-PM2.5 flag_PM10-PM2.5 PM2.5 flag_PM2.5 K+ flag_K+ SO4-- flag_SO4--
 60.208333  61.208333   12.60 0.559  2.53 0.559 9.999 0.559259  0.98 0.559000 0.281 0.000  1.117 0.000  1.564 0.000 999.99 0.559259   7.743 0.000   2.269 0.000   5.474 0.559 0.041 0.559  0.477 0.000
 63.208333  64.208333    9.19 0.559  2.15 0.559 0.050 0.559000  1.09 0.559000 0.089 0.559  1.344 0.000  1.881 0.000 999.99 0.559259   6.548 0.000   1.168 0.000   5.380 0.559 0.055 0.559  0.573 0.559
 66.208333  67.208333   11.74 0.559  2.04 0.559 9.999 0.559259  0.97 0.559000 0.211 0.000  0.792 0.000  1.109 0.000 999.99 0.559259   6.191 0.000   1.932 0.000   4.259 0.559 0.021 0.559  0.441 0.000
 69.208333  70.208333   17.97 0.559  2.85 0.559 9.999 0.559259  0.98 0.559000 0.238 0.559  1.043 0.000  1.460 0.000 999.99 0.559259  10.794 0.000   2.818 0.000   7.975 0.559 0.027 0.559  1.200 0.559
 72.208333  73.208333   10.61 0.559  1.64 0.559 0.025 0.559000  0.92 0.559000 0.078 0.559  0.521 0.000  0.730 0.000 999.99 0.559259   5.794 0.000   1.382 0.000   4.412 0.559 0.013 0.559  0.746 0.559
 75.208333  76.208333   24.78 0.559  2.84 0.559 9.999 0.559259  1.13 0.559000 0.468 0.559  1.107 0.000  1.549 0.000 999.99 0.559259   8.968 0.000   3.024 0.000   5.945 0.559 0.042 0.559  0.372 0.559
 78.208333  79.208333   10.27 0.559  1.48 0.559 9.999 0.559259  0.88 0.559000 0.032 0.559  0.804 0.000  1.126 0.000 999.99 0.559259   3.846 0.000   0.137 0.000   3.709 0.559 0.047 0.559  0.112 0.559
 81.208333  82.208333    2.30 0.559  1.17 0.559 0.012 0.559000  1.55 0.559000 0.018 0.559  0.664 0.000  0.929 0.000 999.99 0.559259   2.288 0.000   0.164 0.000   2.124 0.559 0.009 0.559  0.303 0.559
 84.208333  85.208333   12.33 0.559  1.55 0.559 9.999 0.559259  1.06 0.559000 0.043 0.559  0.652 0.000  0.913 0.000 999.99 0.559259   5.595 0.000   1.363 0.000   4.232 0.559 0.020 0.559  0.625 0.559
 87.208333  88.208333   18.43 0.559  1.96 0.559 9.999 0.559259  1.19 0.559000 0.089 0.559  0.882 0.000  1.236 0.000 999.99 0.559259   8.095 0.000   2.813 0.000   5.282 0.559 0.028 0.559  0.708 0.559
 90.208333  91.208333   13.20 0.559  1.52 0.559 9.999 0.559259  0.71 0.559000 0.087 0.559  0.995 0.000  1.393 0.000 999.99 0.559259   5.958 0.000   1.410 0.000   4.548 0.559 0.053 0.559  0.543 0.559
 93.208333  94.208333   20.73 0.559  2.30 0.559 9.999 0.559259  0.81 0.559000 0.096 0.559  0.863 0.000  1.208 0.000 999.99 0.559259   5.998 0.000   2.110 0.000   3.888 0.559 0.036 0.559  0.430 0.559
 96.208333  97.208333   29.23 0.559  2.20 0.559 9.999 0.559259  0.60 0.559000 0.176 0.559  1.254 0.000  1.756 0.000 999.99 0.559259   7.694 0.000   2.075 0.000   5.619 0.559 0.073 0.559  0.633 0.559
 99.208333 100.208333   12.99 0.559  1.71 0.559 9.999 0.559259  1.30 0.559000 0.230 0.559  0.911 0.000  1.275 0.000 999.99 0.559259   5.383 0.000   2.009 0.000   3.374 0.559 0.028 0.559  0.327 0.559
102.208333 103.208333   14.31 0.559  1.02 0.559 9.999 0.559259  1.02 0.559000 0.033 0.559  0.949 0.000  1.329 0.000 999.99 0.559259   6.944 0.000   2.530 0.000   4.414 0.559 0.018 0.559  0.724 0.559
105.208333 106.208333   23.99 0.559  2.35 0.559 9.999 0.559259  0.71 0.559000 0.064 0.559  0.728 0.000  1.019 0.000 999.99 0.559259   4.261 0.000   1.527 0.000   2.735 0.559 0.031 0.559  0.289 0.559
108.208333 109.208333   22.65 0.559  2.22 0.559 9.999 0.559259  0.46 0.559000 0.061 0.559  0.734 0.000  1.027 0.000 999.99 0.559259   5.642 0.000   2.462 0.000   3.181 0.559 0.033 0.559  0.336 0.559
111.208333 112.208333  142.61 0.559  4.02 0.559 9.999 0.559259  0.86 0.559000 0.147 0.559  1.373 0.000  1.922 0.000 999.99 0.559259  16.125 0.000   6.094 0.000  10.031 0.559 0.098 0.559  1.188 0.559
114.208333 115.208333   32.17 0.559  1.86 0.559 9.999 0.559259  0.35 0.559000 0.057 0.559  0.774 0.000  1.084 0.000 999.99 0.559259   7.141 0.000   2.546 0.000   4.594 0.559 0.038 0.559  0.594 0.559
117.208333 118.208333   40.38 0.559  2.76 0.559 9.999 0.559259 99.99 0.559259 0.068 0.559  0.679 0.000  0.950 0.000 999.99 0.559259   7.063 0.000   3.841 0.000   3.221 0.559 0.035 0.559  0.300 0.559
120.208333 121.208333  111.63 0.559  4.88 0.559 9.999 0.559259  0.27 0.559000 0.185 0.000  1.405 0.000  1.967 0.000 999.99 0.559259  20.141 0.000  10.793 0.000   9.348 0.559 0.084 0.559  1.044 0.000
123.208333 124.208333   82.06 0.559  3.63 0.559 9.999 0.559259  0.68 0.559000 0.137 0.000  1.840 0.000  2.575 0.000 999.99 0.559259  23.541 0.000   8.746 0.000  14.795 0.559 0.059 0.559  2.144 0.000
126.208333 127.208333   47.33 0.559  1.76 0.559 9.999 0.559259  0.69 0.559000 0.033 0.559  0.679 0.000  0.950 0.000 999.99 0.559259   8.037 0.000   5.254 0.000   2.783 0.559 0.031 0.559  0.222 0.559
129.208333 130.208333  131.36 0.559  3.86 0.559 9.999 0.559259  0.28 0.559000 0.105 0.559  1.666 0.000  2.332 0.000 999.99 0.559259  21.108 0.000  11.559 0.000   9.549 0.559 0.097 0.559  0.934 0.559
132.208333 133.208333   24.44 0.559  1.29 0.559 9.999 0.559259  0.65 0.559000 0.053 0.000  0.583 0.000  0.816 0.000 999.99 0.559259   4.656 0.000   2.449 0.000   2.207 0.559 0.022 0.559  0.192 0.000
135.208333 136.208333   11.52 0.559  1.67 0.559 9.999 0.559259 99.99 0.559259 0.022 0.559  0.448 0.000  0.627 0.000 999.99 0.559259   3.160 0.000   1.572 0.000   1.588 0.559 0.012 0.559  0.151 0.559
138.208333 139.208333   15.88 0.559  2.95 0.559 9.999 0.559259  1.02 0.559000 0.286 0.559  1.810 0.000  2.534 0.000 999.99 0.559259   9.691 0.000   1.716 0.000   7.975 0.559 0.032 0.559  1.060 0.559
141.208333 142.208333   14.71 0.559  1.64 0.559 9.999 0.559259 99.99 0.559259 0.034 0.559  0.323 0.000  0.452 0.000 999.99 0.559259   6.959 0.000   4.051 0.000   2.908 0.559 0.017 0.559  0.417 0.559
144.208333 145.208333   41.24 0.559  1.24 0.559 9.999 0.559259  0.78 0.559000 0.050 0.559  1.163 0.000  1.628 0.000 999.99 0.559259   9.012 0.000   4.231 0.000   4.781 0.559 0.030 0.559  0.402 0.559
147.208333 148.208333   10.99 0.559  2.39 0.559 9.999 0.559259  0.95 0.559000 0.014 0.559  0.954 0.000  1.336 0.000 999.99 0.559259   7.533 0.000   1.678 0.000   5.855 0.559 0.021 0.559  0.941 0.559
150.208333 151.208333    9.35 0.559  1.08 0.559 9.999 0.559259  0.57 0.559000 0.022 0.559  0.805 0.000  1.128 0.000 999.99 0.559259   4.104 0.000   1.942 0.000   2.162 0.559 0.016 0.559  0.130 0.559
153.208333 154.208333    3.96 0.559  1.19 0.559 0.022 0.559000 99.99 0.559259 0.010 0.559  0.407 0.000  0.569 0.000 999.99 0.559259   3.667 0.000   1.317 0.000   2.351 0.559 0.014 0.559  0.312 0.559
156.208333 157.208333    7.03 0.559  1.48 0.559 9.999 0.559259 99.99 0.559259 0.021 0.559  0.449 0.000  0.628 0.000 999.99 0.559259   3.844 0.000   1.683 0.000   2.162 0.559 0.016 0.559  0.070 0.559
159.208333 160.208333   23.69 0.559  1.54 0.559 9.999 0.559259  0.20 0.559000 0.025 0.559  2.213 0.000  3.098 0.000 999.99 0.559259   8.383 0.000   2.636 0.000   5.746 0.559 0.043 0.559  0.167 0.559
162.208333 163.208333   14.13 0.559  1.84 0.559 9.999 0.559259  0.18 0.559000 0.036 0.559  0.938 0.000  1.313 0.000 999.99 0.559259   9.426 0.000   2.006 0.000   7.420 0.559 0.021 0.559  0.890 0.559
165.208333 166.208333   43.51 0.559  2.10 0.559 9.999 0.559259  1.62 0.559000 0.028 0.559  2.035 0.000  2.849 0.000 999.99 0.559259  24.469 0.000   3.464 0.000  21.005 0.559 0.030 0.559  3.271 0.559
168.208333 169.208333   10.47 0.559  1.11 0.559 9.999 0.559259 99.99 0.559259 0.016 0.559  2.376 0.000  3.327 0.000 999.99 0.559259  10.191 0.000   3.108 0.000   7.083 0.559 0.031 0.559  0.422 0.559
171.208333 172.208333 9999.99 0.456 99.99 0.456 9.999 0.456000 99.99 0.456000 9.999 0.456 99.999 0.999 99.999 0.999 999.99 0.456000 999.999 0.456 999.999 0.999 999.999 0.456 9.999 0.456 99.999 0.456
174.208333 175.208333 9999.99 0.456 99.99 0.456 9.999 0.456000 99.99 0.456000 9.999 0.456 99.999 0.999 99.999 0.999 999.99 0.456000 999.999 0.456 999.999 0.999 999.999 0.456 9.999 0.456 99.999 0.456
177.208333 178.208333   30.45 0.559  1.96 0.559 9.999 0.559259  0.31 0.559000 0.028 0.559  1.870 0.000  2.618 0.000 999.99 0.559259  21.364 0.000   4.352 0.000  17.012 0.559 0.023 0.559  2.516 0.559
180.208333 181.208333   40.62 0.000  2.49 0.000 9.999 0.259000  0.76 0.000000 0.082 0.559  1.820 0.000  2.548 0.000 999.99 0.259000  28.394 0.000   3.348 0.000  25.047 0.000 0.042 0.000  4.029 0.559
183.208333 184.208333    8.36 0.559  1.07 0.559 9.999 0.559259 99.99 0.559259 0.014 0.559  0.625 0.000  0.875 0.000 999.99 0.559259   5.506 0.000   2.144 0.000   3.362 0.559 0.019 0.559  0.310 0.559
186.208333 187.208333    4.26 0.559  0.29 0.559 0.021 0.559000 99.99 0.559259 0.006 0.559  0.298 0.000  0.418 0.000 999.99 0.559259   2.687 0.000   1.497 0.000   1.190 0.559 0.010 0.559  0.062 0.559
189.208333 190.208333   19.09 0.559  2.04 0.559 9.999 0.559259  0.23 0.559000 0.019 0.559  1.512 0.000  2.117 0.000 999.99 0.559259  16.067 0.000   3.227 0.000  12.840 0.559 0.031 0.559  1.931 0.559
192.208333 193.208333    2.55 0.559  0.69 0.559 9.999 0.559259  0.18 0.559000 0.008 0.000  0.389 0.000  0.544 0.000 999.99 0.559259   2.769 0.000   1.575 0.000   1.194 0.559 0.010 0.559  0.072 0.000
195.208333 196.208333    3.02 0.559  0.96 0.559 9.999 0.559259 99.99 0.559259 0.012 0.000  0.616 0.000  0.863 0.000 999.99 0.559259   3.986 0.000   1.958 0.000   2.028 0.559 0.017 0.559  0.095 0.000
198.208333 199.208333    6.93 0.559  0.76 0.559 9.999 0.559259  0.21 0.559000 0.015 0.559  0.734 0.000  1.028 0.000 999.99 0.559259   4.808 0.000   2.052 0.000   2.756 0.559 0.010 0.559  0.226 0.559
201.208333 202.208333   11.50 0.559  1.07 0.559 9.999 0.559259  0.24 0.559000 0.014 0.559  1.868 0.000  2.616 0.000 999.99 0.559259   8.170 0.000   2.373 0.000   5.796 0.559 0.016 0.559  0.417 0.559
204.208333 205.208333   46.55 0.000  2.02 0.000 9.999 0.259000  0.74 0.000000 0.031 0.559  2.356 0.000  3.298 0.000 999.99 0.259000  36.202 0.000   3.302 0.000  32.899 0.000 0.030 0.000  5.633 0.559
207.208333 208.208333   14.80 0.559  1.15 0.559 9.999 0.559259  0.24 0.559000 0.028 0.559  0.582 0.000  0.815 0.000 999.99 0.559259   4.754 0.000   2.448 0.000   2.305 0.559 0.016 0.559  0.144 0.559
210.208333 211.208333   19.41 0.559  1.66 0.559 9.999 0.559259  0.57 0.559000 0.030 0.559  2.114 0.000  2.959 0.000 999.99 0.559259  11.670 0.000   3.032 0.000   8.638 0.559 0.018 0.559  0.909 0.559
213.208333 214.208333   32.90 0.559  2.17 0.559 9.999 0.559259  0.58 0.559000 0.028 0.559  2.026 0.000  2.836 0.000 999.99 0.559259  17.729 0.000   1.784 0.000  15.944 0.559 0.024 0.559  2.495 0.559
216.208333 217.208333   17.26 0.559  0.67 0.559 0.031 0.559000  0.25 0.559000 0.016 0.559  1.948 0.000  2.727 0.000 999.99 0.559259   6.168 0.000   2.835 0.000   3.333 0.559 0.024 0.559  0.226 0.559
219.208333 220.208333   20.97 0.559  0.65 0.559 9.999 0.559259 99.99 0.559259 0.015 0.559  2.074 0.000  2.904 0.000 999.99 0.559259   9.492 0.000   3.672 0.000   5.820 0.559 0.024 0.559  0.309 0.559
222.208333 223.208333    7.51 0.559  0.54 0.559 9.999 0.559259 99.99 0.559259 0.044 0.559  0.968 0.000  1.355 0.000 999.99 0.559259   4.027 0.000   1.888 0.000   2.139 0.559 0.020 0.559  0.073 0.559
225.208333 226.208333   14.67 0.559  0.31 0.559 9.999 0.559259 99.99 0.559259 0.008 0.559  0.708 0.000  0.991 0.000 999.99 0.559259   5.564 0.000   3.084 0.000   2.480 0.559 0.015 0.559  0.106 0.559
228.208333 229.208333   18.03 0.559  1.31 0.559 9.999 0.559259  0.99 0.559000 0.031 0.000  1.474 0.000  2.063 0.000 999.99 0.559259  14.137 0.000   2.269 0.000  11.868 0.559 0.024 0.559  1.849 0.000
231.208333 232.208333   17.63 0.559  3.36 0.559 9.999 0.559259  0.83 0.559000 0.023 0.559  1.281 0.000  1.794 0.000 999.99 0.559259  17.940 0.000   2.565 0.000  15.375 0.559 0.018 0.559  2.544 0.559
234.208333 235.208333   21.82 0.559  1.93 0.559 9.999 0.559259  0.20 0.559000 0.039 0.559  2.010 0.000  2.814 0.000 999.99 0.559259  12.944 0.000   3.722 0.000   9.222 0.559 0.023 0.559  1.073 0.559
237.208333 238.208333   22.12 0.559  1.77 0.559 9.999 0.559259  0.62 0.559000 0.042 0.559  2.004 0.000  2.806 0.000 999.99 0.559259  17.669 0.000   4.809 0.000  12.860 0.559 0.030 0.559  1.877 0.559
240.208333 241.208333   12.06 0.559  0.95 0.559 9.999 0.559259 99.99 0.559259 0.027 0.000  0.528 0.000  0.739 0.000 999.99 0.559259   5.415 0.000   2.811 0.000   2.604 0.559 0.020 0.559  0.207 0.000
243.208333 244.208333    2.74 0.559  1.10 0.559 9.999 0.559259  0.07 0.559000 0.010 0.559  0.407 0.000  0.570 0.000 999.99 0.559259   3.265 0.000   1.522 0.000   1.743 0.559 0.013 0.559  0.151 0.559
246.208333 247.208333   20.66 0.000  2.86 0.000 9.999 0.259000  0.49 0.000000 0.032 0.559  1.336 0.000  1.871 0.000 999.99 0.259000  14.137 0.000   2.813 0.000  11.324 0.000 0.029 0.000  1.591 0.559
249.208333 250.208333   20.94 0.559  1.01 0.559 9.999 0.559259  0.11 0.559000 0.023 0.559  1.180 0.000  1.652 0.000 999.99 0.559259   9.663 0.000   5.165 0.000   4.498 0.559 0.023 0.559  0.337 0.559
252.208333 253.208333   11.73 0.559  0.97 0.559 9.999 0.559259  0.54 0.559000 0.031 0.559  0.669 0.000  0.937 0.000 999.99 0.559259  13.558 0.000   6.215 0.000   7.343 0.559 0.016 0.559  1.190 0.559
255.208333 256.208333   13.30 0.559  0.93 0.559 9.999 0.559259 99.99 0.559259 0.017 0.559  0.753 0.000  1.055 0.000 999.99 0.559259   6.655 0.000   3.098 0.000   3.557 0.559 0.017 0.559  0.380 0.559
258.208333 259.208333    7.43 0.559  6.54 0.559 0.022 0.559000  0.27 0.559000 0.016 0.000  1.027 0.000  1.438 0.000 999.99 0.559259   4.878 0.000   2.026 0.000   2.851 0.559 0.031 0.559  0.195 0.000
261.208333 262.208333   26.74 0.559  1.57 0.559 9.999 0.559259  0.33 0.559000 0.075 0.559  0.860 0.000  1.204 0.000 999.99 0.559259  10.747 0.000   4.344 0.000   6.404 0.559 0.024 0.559  0.888 0.559
264.208333 265.208333   16.09 0.559  1.84 0.559 9.999 0.559259  0.30 0.559000 0.055 0.559  1.128 0.000  1.579 0.000 999.99 0.559259  13.848 0.000   3.160 0.000  10.688 0.559 0.029 0.559  1.815 0.559
267.208333 268.208333    3.47 0.559  0.53 0.559 9.999 0.559259 99.99 0.559259 0.006 0.559  0.525 0.000  0.735 0.000 999.99 0.559259   5.388 0.000   1.808 0.000   3.581 0.559 0.011 0.559  0.526 0.559
270.208333 271.208333    9.51 0.559  2.21 0.559 0.015 0.559000 99.99 0.559259 0.121 0.000  1.096 0.000  1.534 0.000  23.02 0.559000   7.069 0.000   3.065 0.000   4.004 0.559 0.026 0.559  0.436 0.000
273.208333 274.208333    8.60 0.000  1.33 0.000 9.999 0.259000 99.99 0.259000 0.018 0.000  1.816 0.000  2.542 0.000 999.99 0.259000   7.152 0.000   3.493 0.000   3.659 0.000 0.023 0.000  0.134 0.000
276.208333 277.208333   63.60 0.000  3.53 0.000 9.999 0.259000  0.17 0.000000 0.074 0.000  3.290 0.000  4.607 0.000 999.99 0.259000  29.803 0.000  10.794 0.000  19.009 0.000 0.084 0.000  2.528 0.000
279.208333 280.208333    2.08 0.559  0.60 0.559 9.999 0.559259  0.08 0.559000 0.014 0.000  0.211 0.000  0.295 0.000  18.64 0.559000   2.079 0.000   1.095 0.000   0.984 0.559 0.012 0.559  0.117 0.000
282.208333 283.208333   27.08 0.000  2.29 0.000 9.999 0.259000  0.18 0.000000 0.038 0.559  1.247 0.000  1.746 0.000 999.99 0.259000  10.884 0.000   3.792 0.000   7.092 0.000 0.030 0.000  0.893 0.559
285.208333 286.208333   30.29 0.000  2.57 0.000 9.999 0.259000  0.75 0.000000 0.086 0.000  2.283 0.000  3.197 0.000 999.99 0.259000  17.503 0.000   4.203 0.000  13.300 0.000 0.037 0.000  1.792 0.000
288.208333 289.208333   14.29 0.559  1.06 0.559 9.999 0.559259  0.32 0.559000 0.055 0.000  0.673 0.000  0.942 0.000 999.99 0.559259   8.636 0.000   3.727 0.000   4.909 0.559 0.024 0.559  0.721 0.000
291.208333 292.208333   16.06 0.559  1.34 0.559 9.999 0.559259  0.30 0.559000 0.041 0.000  0.796 0.000  1.114 0.000 999.99 0.559259   6.076 0.000   2.063 0.000   4.013 0.559 0.016 0.559  0.476 0.000
294.208333 295.208333   12.22 0.559  1.61 0.559 0.023 0.559000  0.17 0.559000 0.104 0.000  1.738 0.000  2.433 0.000 999.99 0.559259   7.936 0.000   2.154 0.000   5.782 0.559 0.030 0.559  0.543 0.000
297.208333 298.208333   14.04 0.000  1.15 0.000 9.999 0.259000  0.46 0.000000 0.044 0.000  1.367 0.000  1.913 0.000 999.99 0.259000   9.177 0.000   2.289 0.000   6.887 0.000 0.023 0.000  0.882 0.000
