scripts/IMPROVE-2019_partial/data/US9069R.20040101070000.20191216000000.filterpack..pm25.52w.1w.US03L_filterpack_US9069.US03L_IMPROVE_Davis.lev2.nas
66 1001
MISSING INFORMATION
US03L, IMPROVE, , , , , , , 
MISSING INFORMATION
IMPROVE sel_HTAP
1 1
2004 01 01 2019 12 16
3.000000
days from file reference point
27
1 1 1 1 1 1 1 1 1 1 1 1 1 1 1 1 1 1 1 1 1 1 1 1 1 1 1
999.999999 9999.99 9.999 99.99 9.999 9.999 9.999999 9.99 9.999999 9.999 9.999 999.999 9.999 999.999 9.999 999.9 9.999999 999.999 9.999 999.999 9.999 999.999 9.999 9.999 9.999 9.999 9.999
end_time of measurement, days from the file reference point
iron, ng/m3, Revision date=20181210133000
numflag iron, no unit, Revision date=20181210133000
lead, ng/m3, Revision date=20181210133000
numflag lead, no unit, Revision date=20181210133000
magnesium, ug/m3, Revision date=20181210133000
numflag magnesium, no unit, Revision date=20181210133000
nickel, ng/m3, Revision date=20181210133000
numflag nickel, no unit, Revision date=20181210133000
nitrate, ug N/m3, Revision date=20181210133000
numflag nitrate, no unit, Revision date=20181210133000
organic_carbon, ug C/m3, Revision date=20181210133000
numflag organic_carbon, no unit, Revision date=20181210133000
organic_mass, ug/m3, Revision date=20181210133000
numflag organic_mass, no unit, Revision date=20181210133000
phosphorus, ng/m3, Revision date=20181210133000
numflag phosphorus, no unit, Revision date=20181210133000
pm10_mass, ug/m3, Version=2, Version description=Data extracted from http://views.cira.colostate.edu/fed/DataWizard 2019-12-16, Sample duration=1d, Orig. time res.=3d, Matrix=pm10, Blank correction=Blank corrected, Volume std. temperature=ambient, Volume std. pressure=ambient
numflag pm10_mass, no unit, Version=2, Version description=Data extracted from http://views.cira.colostate.edu/fed/DataWizard 2019-12-16, Sample duration=1d, Orig. time res.=3d, Matrix=pm10, Blank correction=Blank corrected, Volume std. temperature=ambient, Volume std. pressure=ambient
pm10_pm25_mass, ug/m3, Revision date=20181210133000, Matrix=pm10_pm25
numflag pm10_pm25_mass, no unit, Revision date=20181210133000, Matrix=pm10_pm25
pm25_mass, ug/m3, Version=2, Version description=Data extracted from http://views.cira.colostate.edu/fed/DataWizard 2019-12-16, Sample duration=1d, Orig. time res.=3d, Blank correction=Blank corrected, Volume std. temperature=ambient, Volume std. pressure=ambient
numflag pm25_mass, no unit, Version=2, Version description=Data extracted from http://views.cira.colostate.edu/fed/DataWizard 2019-12-16, Sample duration=1d, Orig. time res.=3d, Blank correction=Blank corrected, Volume std. temperature=ambient, Volume std. pressure=ambient
potassium, ug/m3, Revision date=20181210133000
numflag potassium, no unit, Revision date=20181210133000
sulphate_total, ug S/m3, Revision date=20181210133000
numflag sulphate_total, no unit, Revision date=20181210133000
0
25
Data definition:              EBAS_1.1
Set type code:                TU
Timezone:                     UTC
File name:                    US9069R.20040101070000.20191216000000.filterpack..pm25.52w.1w.US03L_filterpack_US9069.US03L_IMPROVE_Davis.lev2.nas
File creation:                20191218121015
Startdate:                    20040101070000
Revision date:                20191216000000
Statistics:                   arithmetic mean
Data level:                   2
Period code:                  52w
Resolution code:              1w
Station code:                 US9069R
Platform code:                US9069S
Station name:                 White Mountain
Station latitude:             33.4687
Station longitude:            -105.5349
Station altitude:             2063.0 m
Regime:                       IMG
Component:                    
Matrix:                       pm25
Laboratory code:              US03L
Instrument type:              filterpack
Instrument name:              filterpack_US9069
Method ref:                   US03L_IMPROVE_Davis
starttime endtime Fe flag_Fe Pb flag_Pb Mg++ flag_Mg++ Ni flag_Ni NO3- flag_NO3- OC flag_OC OM flag_OM P flag_P PM10 flag_PM10 PM10-PM2.5 flag_PM10-PM2.5 PM2.5 flag_PM2.5 K+ flag_K+ SO4-- flag_SO4--
  0.291667   1.291667   19.38 0.000  0.38 0.000 0.017 0.000000 9.99 0.259000 0.018 0.000   0.462 0.000   0.647 0.000 999.9 0.259000   4.216 0.000   2.142 0.000   2.074 0.000 0.023 0.000 0.121 0.000
  3.291667   4.291667    7.18 0.000  0.37 0.000 9.999 0.259000 9.99 0.259000 0.015 0.000   0.148 0.000   0.207 0.000 999.9 0.259000   2.609 0.000   1.462 0.000   1.147 0.000 0.007 0.000 0.087 0.000
  6.291667   7.291667   34.97 0.000  0.84 0.000 0.020 0.000000 0.09 0.000000 0.026 0.000   0.499 0.000   0.699 0.000 999.9 0.259000   7.984 0.000   4.850 0.000   3.134 0.000 0.028 0.000 0.254 0.000
  9.291667  10.291667   21.26 0.000  0.35 0.000 9.999 0.259000 9.99 0.259000 0.020 0.000   0.389 0.000   0.544 0.000 999.9 0.259000   5.456 0.000   3.521 0.000   1.936 0.000 0.021 0.000 0.104 0.000
 12.291667  13.291667   18.80 0.000  0.77 0.000 9.999 0.259000 0.09 0.000000 0.017 0.000   0.518 0.000   0.725 0.000 999.9 0.259000   5.415 0.000   3.108 0.000   2.307 0.000 0.022 0.000 0.164 0.000
 15.291667  16.291667    3.84 0.000  0.21 0.000 9.999 0.259000 9.99 0.259000 0.042 0.000   0.568 0.000   0.795 0.000 999.9 0.259000   1.808 0.000   0.169 0.000   1.639 0.000 0.005 0.000 0.209 0.000
 18.291667  19.291667    6.74 0.000  0.41 0.000 9.999 0.259000 9.99 0.259000 0.078 0.000   0.655 0.000   0.917 0.000 999.9 0.259000   3.285 0.000   0.901 0.000   2.384 0.000 0.008 0.000 0.271 0.000
 21.291667  22.291667    4.84 0.000  0.50 0.000 9.999 0.259000 0.16 0.000000 0.065 0.559   0.545 0.000   0.763 0.000 999.9 0.259000   3.390 0.000   0.867 0.000   2.523 0.000 0.012 0.000 0.294 0.559
 24.291667  25.291667   11.25 0.000  0.51 0.000 9.999 0.259000 9.99 0.259000 0.020 0.000   0.273 0.000   0.382 0.000 999.9 0.259000  10.086 0.000   8.027 0.000   2.059 0.000 0.010 0.000 0.205 0.000
 27.291667  28.291667    4.99 0.000  0.26 0.000 9.999 0.259000 9.99 0.259000 0.007 0.559   0.370 0.000   0.518 0.000 999.9 0.259000   1.529 0.000   0.792 0.000   0.738 0.000 0.007 0.000 0.046 0.559
 30.291667  31.291667   15.35 0.000  1.42 0.000 0.056 0.000000 0.09 0.000000 0.022 0.559   0.368 0.000   0.516 0.000 999.9 0.259000  15.039 0.000  11.839 0.000   3.200 0.000 0.016 0.000 0.236 0.559
 33.291667  34.291667   22.90 0.000  0.40 0.000 9.999 0.259000 0.06 0.000000 0.024 0.559   0.449 0.000   0.628 0.000 999.9 0.259000   5.305 0.000   3.627 0.000   1.678 0.000 0.023 0.000 0.088 0.559
 36.291667  37.291667    7.73 0.000  0.30 0.000 0.041 0.000000 9.99 0.259000 0.447 0.559   0.629 0.000   0.881 0.000 999.9 0.259000   4.283 0.000   0.159 0.000   4.124 0.000 0.009 0.000 0.409 0.559
 39.291667  40.291667    8.72 0.000  0.49 0.000 9.999 0.259000 0.09 0.000000 0.207 0.559   0.544 0.000   0.761 0.000 999.9 0.259000   4.990 0.000   2.492 0.000   2.498 0.000 0.018 0.000 0.152 0.559
 42.291667  43.291667   10.19 0.000  0.37 0.000 9.999 0.259000 9.99 0.259000 0.323 0.000   0.485 0.000   0.679 0.000 999.9 0.259000   5.397 0.000   1.206 0.000   4.191 0.000 0.012 0.000 0.400 0.000
 45.291667  46.291667    7.79 0.000  0.43 0.000 9.999 0.259000 9.99 0.259000 0.010 0.000   0.470 0.000   0.659 0.000 999.9 0.259000   1.890 0.000   0.712 0.000   1.179 0.000 0.009 0.000 0.090 0.000
 48.291667  49.291667   24.47 0.000  1.06 0.000 9.999 0.259000 0.12 0.000000 0.014 0.000   0.440 0.000   0.616 0.000 999.9 0.259000   6.616 0.000   4.671 0.000   1.944 0.000 0.021 0.000 0.136 0.000
 51.291667  52.291667   46.65 0.000  0.30 0.000 9.999 0.259000 9.99 0.259000 0.110 0.000   0.574 0.000   0.803 0.000 999.9 0.259000  12.070 0.000   9.045 0.000   3.025 0.000 0.036 0.000 0.236 0.000
 54.291667  55.291667    6.46 0.000  0.48 0.000 0.026 0.000000 9.99 0.259000 0.046 0.000   0.232 0.000   0.325 0.000 999.9 0.259000   1.256 0.000   0.291 0.000   0.965 0.000 0.006 0.000 0.122 0.000
 57.291667  58.291667   23.32 0.000  1.72 0.000 9.999 0.259000 0.09 0.000000 0.030 0.000   0.536 0.000   0.750 0.000 999.9 0.259000   6.324 0.000   3.886 0.000   2.438 0.000 0.027 0.000 0.191 0.000
 60.291667  61.291667    7.65 0.000  0.73 0.000 9.999 0.259000 9.99 0.259000 0.020 0.000   0.114 0.000   0.159 0.000 999.9 0.259000   1.860 0.000   0.992 0.000   0.868 0.000 0.007 0.000 0.086 0.000
 63.291667  64.291667    4.26 0.000  0.58 0.000 9.999 0.259000 9.99 0.259000 0.035 0.000   0.292 0.000   0.408 0.000 999.9 0.259000   1.943 0.000   0.800 0.000   1.142 0.000 0.007 0.000 0.134 0.000
 66.291667  67.291667   32.67 0.000  0.90 0.000 9.999 0.259000 9.99 0.259000 0.030 0.559   0.309 0.000   0.433 0.000 999.9 0.259000   6.287 0.000   4.307 0.000   1.980 0.000 0.023 0.000 0.130 0.559
 69.291667  70.291667   44.32 0.000  0.79 0.000 9.999 0.259000 0.06 0.000000 0.024 0.000   0.789 0.000   1.105 0.000 999.9 0.259000   9.040 0.000   5.146 0.000   3.894 0.000 0.045 0.000 0.277 0.000
 72.291667  73.291667   10.02 0.000  0.29 0.000 9.999 0.259000 0.05 0.000000 0.041 0.000   0.626 0.000   0.877 0.000 999.9 0.259000   3.000 0.000   1.211 0.000   1.788 0.000 0.011 0.000 0.171 0.000
 75.291667  76.291667   47.44 0.000  1.11 0.000 0.028 0.000000 9.99 0.259000 0.034 0.559   0.289 0.000   0.405 0.000 999.9 0.259000   5.315 0.000   3.047 0.000   2.268 0.000 0.029 0.000 0.149 0.559
 78.291667  79.291667   29.47 0.000  1.93 0.000 9.999 0.259000 9.99 0.259000 0.014 0.559   0.536 0.000   0.751 0.000 999.9 0.259000   4.972 0.000   2.318 0.000   2.654 0.000 0.031 0.000 0.185 0.559
 81.291667  82.291667   17.27 0.000  0.58 0.000 9.999 0.259000 9.99 0.259000 0.029 0.000   0.606 0.000   0.848 0.000 999.9 0.259000   5.828 0.000   2.783 0.000   3.046 0.000 0.019 0.000 0.299 0.000
 84.291667  85.291667   27.96 0.000  1.44 0.000 9.999 0.259000 0.17 0.000000 0.039 0.559   0.381 0.000   0.534 0.000 999.9 0.259000   7.635 0.000   4.531 0.000   3.103 0.000 0.030 0.000 0.314 0.559
 87.291667  88.291667   37.01 0.000  0.67 0.000 9.999 0.259000 9.99 0.259000 0.017 0.559   0.089 0.000   0.125 0.000 999.9 0.259000   5.229 0.000   3.540 0.000   1.689 0.000 0.025 0.000 0.097 0.559
 90.291667  91.291667   41.89 0.000  0.74 0.000 9.999 0.259000 9.99 0.259000 0.023 0.559   0.350 0.000   0.490 0.000 999.9 0.259000   5.556 0.000   3.025 0.000   2.531 0.000 0.032 0.000 0.210 0.559
 93.291667  94.291667    4.60 0.000  0.13 0.000 9.999 0.259000 9.99 0.259000 0.106 0.559   0.494 0.000   0.692 0.000 999.9 0.259000   1.673 0.000   0.411 0.000   1.263 0.000 0.008 0.000 0.163 0.559
 96.291667  97.291667    8.45 0.000  0.33 0.000 0.031 0.000000 9.99 0.259000 0.030 0.000   0.512 0.000   0.717 0.000 999.9 0.259000   2.706 0.000   0.631 0.000   2.075 0.000 0.008 0.000 0.245 0.000
 99.291667 100.291667   34.48 0.000  0.80 0.000 9.999 0.259000 9.99 0.259000 0.037 0.000   0.440 0.000   0.616 0.000 999.9 0.259000   4.561 0.000   1.711 0.000   2.851 0.000 0.022 0.000 0.344 0.000
102.291667 103.291667   13.94 0.000  0.55 0.000 9.999 0.259000 9.99 0.259000 0.039 0.000   0.502 0.000   0.702 0.000 999.9 0.259000   2.803 0.000   0.548 0.000   2.255 0.000 0.013 0.000 0.243 0.000
105.291667 106.291667   67.47 0.000  1.40 0.000 0.046 0.000000 0.09 0.000000 0.024 0.559   0.391 0.000   0.548 0.000 999.9 0.259000   7.026 0.000   3.477 0.000   3.549 0.000 0.053 0.000 0.268 0.559
108.291667 109.291667  133.05 0.000  1.64 0.000 0.105 0.000000 0.08 0.000000 0.045 0.000   0.452 0.000   0.633 0.000 999.9 0.259000  19.544 0.000  12.506 0.000   7.038 0.000 0.099 0.000 0.418 0.000
111.291667 112.291667  116.01 0.559  3.53 0.559 0.200 0.559000 9.99 0.559259 0.046 0.000   0.455 0.000   0.637 0.000 999.9 0.559259  20.669 0.000  12.501 0.000   8.168 0.559 0.092 0.559 0.709 0.000
114.291667 115.291667   24.67 0.000  0.27 0.000 9.999 0.259000 9.99 0.259000 0.017 0.000   0.291 0.000   0.407 0.000 999.9 0.259000   3.784 0.000   2.085 0.000   1.699 0.000 0.016 0.000 0.126 0.000
117.291667 118.291667   64.38 0.000  2.09 0.000 9.999 0.259000 9.99 0.259000 0.022 0.559   0.381 0.000   0.534 0.000 999.9 0.259000   6.998 0.000   3.192 0.000   3.807 0.000 0.044 0.000 0.372 0.559
120.291667 121.291667  140.13 0.000  1.94 0.000 0.112 0.000000 9.99 0.259000 0.092 0.000   0.417 0.000   0.584 0.000 999.9 0.259000  19.511 0.000  13.150 0.000   6.361 0.000 0.096 0.000 0.404 0.000
123.291667 124.291667   70.71 0.000  0.92 0.000 0.051 0.000000 0.13 0.000000 0.029 0.000   0.352 0.000   0.492 0.000 999.9 0.259000   7.028 0.000   3.602 0.000   3.426 0.000 0.044 0.000 0.269 0.000
126.291667 127.291667  108.21 0.000  0.95 0.000 0.041 0.000000 9.99 0.259000 0.046 0.000   0.773 0.000   1.083 0.000 999.9 0.259000  11.070 0.000   5.878 0.000   5.193 0.000 0.069 0.000 0.280 0.000
129.291667 130.291667   80.54 0.559  1.10 0.559 9.999 0.559259 0.10 0.559000 0.040 0.000   1.392 0.000   1.949 0.000 999.9 0.559259  10.725 0.000   4.597 0.000   6.128 0.559 0.061 0.559 0.444 0.000
132.291667 133.291667  112.61 0.000  0.88 0.000 0.053 0.000000 0.11 0.000000 0.082 0.000   0.328 0.000   0.459 0.000 999.9 0.259000  23.479 0.000  16.854 0.000   6.624 0.000 0.078 0.000 0.426 0.000
135.291667 136.291667   43.33 0.000  0.99 0.000 9.999 0.259000 0.07 0.000000 0.053 0.000   0.739 0.000   1.035 0.000 999.9 0.259000  11.615 0.000   6.453 0.000   5.162 0.000 0.039 0.000 0.547 0.000
138.291667 139.291667   50.95 0.000  0.79 0.000 9.999 0.259000 0.16 0.000000 0.038 0.000   0.679 0.000   0.950 0.000 999.9 0.259000  11.511 0.000   7.286 0.000   4.226 0.000 0.048 0.000 0.259 0.000
141.291667 142.291667   65.94 0.000  0.64 0.000 0.036 0.000000 0.11 0.000000 0.035 0.000   0.827 0.000   1.158 0.000 999.9 0.259000  15.988 0.000  10.278 0.000   5.710 0.000 0.060 0.000 0.435 0.000
144.291667 145.291667   76.03 0.000  1.32 0.000 9.999 0.259000 0.12 0.000000 0.036 0.000   0.284 0.000   0.397 0.000 999.9 0.259000  10.989 0.000   6.736 0.000   4.252 0.000 0.053 0.000 0.265 0.000
147.291667 148.291667   42.76 0.000  0.39 0.000 0.024 0.000000 0.07 0.000000 0.024 0.000   0.413 0.000   0.578 0.000 999.9 0.259000   4.506 0.000   1.966 0.000   2.539 0.000 0.050 0.000 0.258 0.000
150.291667 151.291667   53.13 0.000  0.88 0.000 9.999 0.259000 0.08 0.000000 0.033 0.000   0.586 0.000   0.820 0.000 999.9 0.259000   8.835 0.000   5.702 0.000   3.133 0.000 0.035 0.000 0.195 0.000
153.291667 154.291667   65.77 0.699  0.95 0.699 9.999 0.699259 0.09 0.699000 0.031 0.000   2.133 0.000   2.986 0.000 999.9 0.699259   9.178 0.000   3.074 0.000   6.104 0.699 0.058 0.699 0.188 0.000
156.291667 157.291667  170.75 0.000  0.75 0.000 9.999 0.259000 0.15 0.000000 0.039 0.000   1.210 0.000   1.693 0.000 999.9 0.259000  19.371 0.000  11.453 0.000   7.919 0.000 0.125 0.000 0.271 0.000
159.291667 160.291667 9999.99 0.699 99.99 0.699 9.999 0.699000 9.99 0.699000 0.074 0.000   2.159 0.000   3.023 0.000 999.9 0.699000  61.788 0.000 999.999 0.999 999.999 0.699 9.999 0.699 0.346 0.000
162.291667 163.291667  179.26 0.000  1.36 0.000 9.999 0.259000 0.07 0.000000 0.048 0.000   0.674 0.000   0.944 0.000 999.9 0.259000  10.621 0.000   4.122 0.000   6.498 0.000 0.162 0.000 0.281 0.000
165.291667 166.291667  100.63 0.559  2.27 0.559 9.999 0.559259 0.14 0.559000 0.068 0.000   1.863 0.000   2.608 0.000 999.9 0.559259  12.255 0.000   5.077 0.000   7.178 0.559 0.091 0.559 0.359 0.000
168.291667 169.291667  120.69 0.000  0.86 0.000 9.999 0.259000 0.11 0.000000 0.036 0.000   0.809 0.000   1.133 0.000 999.9 0.259000  18.464 0.000  12.736 0.000   5.728 0.000 0.107 0.000 0.301 0.000
171.291667 172.291667  181.42 0.559  0.50 0.559 0.190 0.559000 0.15 0.559000 0.051 0.000   0.557 0.000   0.780 0.000 999.9 0.559259  13.031 0.000   6.942 0.000   6.089 0.559 0.075 0.559 0.274 0.000
174.291667 175.291667   45.21 0.000  0.44 0.000 9.999 0.259000 0.09 0.000000 0.024 0.000   0.648 0.000   0.907 0.000 999.9 0.259000   7.554 0.000   3.957 0.000   3.596 0.000 0.032 0.000 0.342 0.000
177.291667 178.291667   22.97 0.394  0.48 0.394 9.999 0.394259 0.13 0.394000 0.016 0.394   0.902 0.000   1.263 0.000 999.9 0.394259   5.193 0.000   1.937 0.000   3.256 0.000 0.023 0.394 0.246 0.394
180.291667 181.291667   14.45 0.000  0.24 0.000 9.999 0.259000 0.07 0.000000 0.136 0.000   0.658 0.000   0.921 0.000 999.9 0.259000   4.443 0.000   1.200 0.000   3.243 0.000 0.019 0.000 0.382 0.000
183.291667 184.291667   29.45 0.000 99.99 0.259 9.999 0.259000 9.99 0.259000 0.022 0.000   0.501 0.000   0.702 0.000 999.9 0.259000   5.848 0.000   3.306 0.000   2.542 0.000 0.042 0.000 0.148 0.000
186.291667 187.291667   32.38 0.559  0.45 0.559 9.999 0.559259 9.99 0.559259 0.049 0.000   2.778 0.000   3.889 0.000 999.9 0.559259   9.246 0.000   1.917 0.000   7.328 0.559 0.082 0.559 0.151 0.000
189.291667 190.291667   67.35 0.699  1.03 0.699 9.999 0.699259 9.99 0.699259 0.233 0.000  11.169 0.000  15.637 0.000  37.8 0.699000  34.850 0.000   9.943 0.000  24.907 0.699 0.431 0.699 0.441 0.000
192.291667 193.291667  127.92 0.000  0.31 0.000 9.999 0.259000 0.07 0.000000 0.055 0.000   1.342 0.000   1.879 0.000 999.9 0.259000  12.786 0.000   4.941 0.000   7.845 0.000 0.095 0.000 0.593 0.000
195.291667 196.291667  120.64 0.000  0.42 0.000 9.999 0.259000 9.99 0.259000 0.055 0.000   0.628 0.000   0.879 0.000 999.9 0.259000   8.975 0.000   4.195 0.000   4.780 0.000 0.055 0.000 0.370 0.000
198.291667 199.291667  138.41 0.000  0.36 0.000 0.025 0.000000 9.99 0.259000 0.038 0.000   0.553 0.000   0.774 0.000 999.9 0.259000  11.452 0.000   5.566 0.000   5.886 0.000 0.064 0.000 0.458 0.000
201.291667 202.291667   33.29 0.000  0.43 0.000 9.999 0.259000 0.09 0.000000 0.013 0.000   0.488 0.000   0.683 0.000 999.9 0.259000   5.666 0.000   3.075 0.000   2.591 0.000 0.022 0.000 0.229 0.000
204.291667 205.291667   31.06 0.000  0.49 0.000 9.999 0.259000 9.99 0.259000 0.055 0.000   1.155 0.000   1.618 0.000 999.9 0.259000   6.904 0.000   1.397 0.000   5.507 0.000 0.031 0.000 0.613 0.000
207.291667 208.291667    0.80 0.000  0.38 0.000 9.999 0.259000 9.99 0.259000 0.014 0.000   0.429 0.000   0.601 0.000 999.9 0.259000   1.300 0.000   0.231 0.000   1.068 0.000 0.003 0.000 0.103 0.000
210.291667 211.291667   19.44 0.394  0.53 0.394 9.999 0.394259 9.99 0.394259 0.014 0.394   0.822 0.000   1.151 0.000 999.9 0.394259   4.121 0.000   1.421 0.000   2.700 0.000 0.018 0.394 0.190 0.394
213.291667 214.291667   28.75 0.000  0.68 0.000 9.999 0.259000 0.14 0.000000 0.023 0.000   1.018 0.000   1.426 0.000 999.9 0.259000   7.594 0.000   2.051 0.000   5.543 0.000 0.029 0.000 0.661 0.000
216.291667 217.291667   11.90 0.000  0.18 0.000 9.999 0.259000 9.99 0.259000 0.008 0.000   0.459 0.000   0.643 0.000 999.9 0.259000   3.311 0.000   1.689 0.000   1.621 0.000 0.012 0.000 0.140 0.000
219.291667 220.291667   16.60 0.000  0.86 0.000 9.999 0.259000 9.99 0.259000 0.023 0.000   0.791 0.000   1.107 0.000 999.9 0.259000   5.158 0.000   1.960 0.000   3.198 0.000 0.017 0.000 0.314 0.000
222.291667 223.291667   27.18 0.000  0.40 0.000 9.999 0.259000 9.99 0.259000 0.031 0.000   0.997 0.000   1.396 0.000 999.9 0.259000   6.878 0.000   1.943 0.000   4.935 0.000 0.025 0.000 0.582 0.000
225.291667 226.291667 9999.99 0.999 99.99 0.999 9.999 0.999000 9.99 0.999000 9.999 0.999 999.999 0.999 999.999 0.999 999.9 0.999000 999.999 0.999 999.999 0.999 999.999 0.999 9.999 0.999 9.999 0.999
228.291667 229.291667    4.68 0.000 99.99 0.259 9.999 0.259000 0.13 0.000000 0.019 0.000   0.619 0.000   0.866 0.000 999.9 0.259000   3.309 0.000   1.228 0.000   2.080 0.000 0.009 0.000 0.228 0.000
231.291667 232.291667   23.16 0.000  0.56 0.000 9.999 0.259000 9.99 0.259000 0.012 0.559   0.423 0.000   0.592 0.000 999.9 0.259000   4.995 0.000   2.720 0.000   2.275 0.000 0.021 0.000 0.178 0.559
234.291667 235.291667   18.00 0.000  0.58 0.000 9.999 0.259000 9.99 0.259000 0.012 0.000   0.232 0.000   0.324 0.000 999.9 0.259000   4.739 0.000   2.010 0.000   2.728 0.000 0.017 0.000 0.304 0.000
237.291667 238.291667   10.46 0.000 99.99 0.259 9.999 0.259000 9.99 0.259000 0.013 0.000   0.091 0.000   0.127 0.000 999.9 0.259000   3.005 0.000   1.868 0.000   1.137 0.000 0.009 0.000 0.170 0.000
