scripts/IMPROVE-2019_partial/data/US9037R.20120101070000.20191216000000.filterpack...52w.3d.US03L_filterpack_US9037.US03L_IMPROVE_Davis.lev2.nas
52 1001
MISSING INFORMATION
US03L, IMPROVE, , , , , , , 
MISSING INFORMATION
IMPROVE sel_HTAP
1 1
2012 01 01 2019 12 16
3.000000
days from file reference point
5
1 1 1 1 1
999.999999 999.999 9.999 999.999 9.999
end_time of measurement, days from the file reference point
pm10_mass, ug/m3, Matrix=pm10
numflag pm10_mass, no unit, Matrix=pm10
pm25_mass, ug/m3, Matrix=pm25
numflag pm25_mass, no unit, Matrix=pm25
0
33
Data definition:              EBAS_1.1
Set type code:                TU
Timezone:                     UTC
File name:                    US9037R.20120101070000.20191216000000.filterpack...52w.3d.US03L_filterpack_US9037.US03L_IMPROVE_Davis.lev2.nas
File creation:                20191218120751
Startdate:                    20120101070000
Revision date:                20191216000000
Version:                      2
Version description:          "Data extracted from http://views.cira.colostate.edu/fed/DataWizard 2019-12-16"
Statistics:                   arithmetic mean
Data level:                   2
Period code:                  52w
Resolution code:              3d
Sample duration:              1d
Orig. time res.:              3d
Station code:                 US9037R
Platform code:                US9037S
Station name:                 Sierra Ancha
Station latitude:             34.0908
Station longitude:            -110.9421
Station altitude:             1600.0 m
Regime:                       IMG
Component:                    
Unit:                         ug/m3
Matrix:                       
Laboratory code:              US03L
Instrument type:              filterpack
Instrument name:              filterpack_US9037
Method ref:                   US03L_IMPROVE_Davis
Blank correction:             Blank corrected
Volume std. temperature:      ambient
Volume std. pressure:         ambient
starttime endtime PM10 flag_PM10 PM2.5 flag_PM2.5
  0.291667   1.291667   5.289 0.000   2.568 0.659
  3.291667   4.291667   3.098 0.000   1.422 0.659
  6.291667   7.291667   4.813 0.000   2.733 0.000
  9.291667  10.291667   3.429 0.000   1.903 0.000
 12.291667  13.291667   2.174 0.000   1.007 0.659
 15.291667  16.291667   2.357 0.000   1.277 0.000
 18.291667  19.291667   2.562 0.000   1.621 0.000
 21.291667  22.291667  14.140 0.000   3.503 0.659
 24.291667  25.291667 999.999 0.999 999.999 0.999
 27.291667  28.291667   2.062 0.000   1.017 0.659
 30.291667  31.291667   5.214 0.000   2.518 0.000
 33.291667  34.291667   3.224 0.000   1.934 0.000
 36.291667  37.291667   8.558 0.000   3.427 0.659
 39.291667  40.291667   4.531 0.000   2.079 0.000
 42.291667  43.291667   8.044 0.000   2.368 0.000
 45.291667  46.291667   4.016 0.000   1.905 0.659
 48.291667  49.291667   5.085 0.000   2.449 0.659
 51.291667  52.291667   3.149 0.000 999.999 0.456
 54.291667  55.291667 999.999 0.999 999.999 0.999
 57.291667  58.291667  16.710 0.000 999.999 0.456
 60.291667  61.291667   7.813 0.000   2.948 0.000
 63.291667  64.291667   5.973 0.000   3.033 0.000
 66.291667  67.291667 999.999 0.999 999.999 0.999
 69.291667  70.291667  10.954 0.000   4.245 0.000
 72.291667  73.291667   5.769 0.000   2.622 0.659
 75.291667  76.291667 999.999 0.999 999.999 0.999
 78.291667  79.291667   3.216 0.000   1.380 0.000
 81.291667  82.291667 999.999 0.999 999.999 0.999
 84.291667  85.291667   5.853 0.000   2.292 0.659
 87.291667  88.291667  15.125 0.000   7.442 0.000
 90.291667  91.291667   9.883 0.000   3.983 0.000
 93.291667  94.291667   8.101 0.000   2.301 0.000
 96.291667  97.291667  23.175 0.000  11.378 0.000
 99.291667 100.291667 999.999 0.999 999.999 0.999
102.291667 103.291667 999.999 0.999 999.999 0.999
105.291667 106.291667   4.750 0.000   2.145 0.000
108.291667 109.291667 999.999 0.999 999.999 0.999
111.291667 112.291667 999.999 0.456 999.999 0.456
114.291667 115.291667   5.196 0.659   2.174 0.659
117.291667 118.291667  11.001 0.659   5.451 0.659
120.291667 121.291667 999.999 0.456 999.999 0.456
123.291667 124.291667 999.999 0.999 999.999 0.999
126.291667 127.291667 999.999 0.999 999.999 0.999
129.291667 130.291667  23.475 0.659   7.800 0.659
132.291667 133.291667  22.712 0.659  12.503 0.659
135.291667 136.291667  12.450 0.659   5.971 0.659
138.291667 139.291667  18.608 0.659   7.945 0.659
141.291667 142.291667 999.999 0.456 999.999 0.456
144.291667 145.291667  26.225 0.000   9.176 0.000
147.291667 148.291667   9.186 0.000   2.633 0.000
150.291667 151.291667 999.999 0.456   4.592 0.000
153.291667 154.291667 999.999 0.456  10.292 0.000
156.291667 157.291667 999.999 0.456   4.638 0.000
159.291667 160.291667  11.285 0.000   3.480 0.000
162.291667 163.291667   9.577 0.000   3.065 0.000
165.291667 166.291667   5.369 0.000   8.941 0.000
168.291667 169.291667  48.758 0.659 999.999 0.699
171.291667 172.291667  85.095 0.659  73.244 0.659
174.291667 175.291667  42.761 0.659 999.999 0.699
177.291667 178.291667  21.482 0.000   8.822 0.000
180.291667 181.291667  15.039 0.000   6.513 0.000
183.291667 184.291667  17.287 0.000   6.894 0.000
186.291667 187.291667   9.516 0.000   5.078 0.000
189.291667 190.291667   6.209 0.000   3.112 0.000
192.291667 193.291667 999.999 0.999 999.999 0.999
195.291667 196.291667   4.816 0.000   2.608 0.000
198.291667 199.291667   9.985 0.000   4.800 0.000
201.291667 202.291667   6.070 0.000   3.240 0.000
204.291667 205.291667   4.047 0.000   2.511 0.000
207.291667 208.291667   8.154 0.000   3.392 0.000
210.291667 211.291667   6.764 0.000   4.204 0.000
213.291667 214.291667   9.310 0.000   4.692 0.000
216.291667 217.291667   5.817 0.000   3.326 0.000
219.291667 220.291667   6.738 0.000   3.812 0.000
222.291667 223.291667  12.014 0.000   5.301 0.000
225.291667 226.291667  22.717 0.000  13.364 0.000
228.291667 229.291667  11.004 0.000   5.840 0.000
231.291667 232.291667   7.503 0.000   4.557 0.000
234.291667 235.291667   4.620 0.000   2.784 0.000
237.291667 238.291667   6.367 0.000   3.639 0.000
240.291667 241.291667   9.241 0.000   4.990 0.000
243.291667 244.291667   9.792 0.000   5.015 0.000
246.291667 247.291667   6.624 0.000   3.539 0.000
249.291667 250.291667  24.898 0.000   6.923 0.000
252.291667 253.291667   9.647 0.000   4.397 0.000
255.291667 256.291667   4.773 0.000   2.630 0.000
258.291667 259.291667   7.591 0.000   5.149 0.000
261.291667 262.291667   7.479 0.000   3.604 0.000
264.291667 265.291667   8.328 0.000   3.971 0.000
267.291667 268.291667   9.548 0.000   4.717 0.000
270.291667 271.291667   9.329 0.000   4.396 0.000
273.291667 274.291667   6.562 0.000   4.242 0.000
276.291667 277.291667   8.681 0.000   4.189 0.000
279.291667 280.291667   8.435 0.000   3.103 0.000
282.291667 283.291667   8.288 0.000   3.472 0.000
285.291667 286.291667 999.999 0.999 999.999 0.999
288.291667 289.291667 999.999 0.999 999.999 0.999
291.291667 292.291667   8.131 0.000   2.888 0.000
294.291667 295.291667   9.079 0.000   2.615 0.000
297.291667 298.291667   7.851 0.000   2.870 0.000
300.291667 301.291667   7.649 0.000   3.106 0.000
303.291667 304.291667   5.947 0.000   2.678 0.000
306.291667 307.291667  10.839 0.000   5.958 0.000
309.291667 310.291667   3.890 0.000   1.713 0.000
312.291667 313.291667   6.922 0.000   3.191 0.000
315.291667 316.291667   6.538 0.000   5.034 0.000
318.291667 319.291667   5.085 0.000   3.090 0.000
321.291667 322.291667   6.991 0.000   3.106 0.000
324.291667 325.291667   3.091 0.000   1.900 0.000
327.291667 328.291667   5.186 0.000   2.256 0.000
330.291667 331.291667   7.016 0.000   3.800 0.000
333.291667 334.291667   8.566 0.000   3.925 0.000
336.291667 337.291667   8.585 0.000   3.554 0.000
339.291667 340.291667   4.856 0.000   2.358 0.000
342.291667 343.291667   6.782 0.000   3.625 0.000
345.291667 346.291667   2.724 0.000   1.167 0.000
348.291667 349.291667 999.999 0.999 999.999 0.999
351.291667 352.291667 999.999 0.999 999.999 0.999
354.291667 355.291667   1.413 0.000   0.798 0.000
357.291667 358.291667   4.511 0.000   2.860 0.000
360.291667 361.291667 999.999 0.999 999.999 0.999
363.291667 364.291667   2.964 0.000   1.107 0.000
