scripts/IMPROVE-2019_partial/data/US9008R.20050101050000.20191216000000.filterpack..pm25.52w.1w.US03L_filterpack_US9008.US03L_IMPROVE_Davis.lev2.nas
66 1001
MISSING INFORMATION
US03L, IMPROVE, , , , , , , 
MISSING INFORMATION
IMPROVE sel_HTAP
1 1
2005 01 01 2019 12 16
3.000000
days from file reference point
27
1 1 1 1 1 1 1 1 1 1 1 1 1 1 1 1 1 1 1 1 1 1 1 1 1 1 1
999.999999 9999.99 9.999 99.99 9.999 9.999 9.999 99.99 9.999 9.999 9.999 99.999 9.999 999.999 9.999 99.99 9.999 999.999 9.999 999.999 9.999 999.999 9.999 9.999 9.999 99.999 9.999
end_time of measurement, days from the file reference point
iron, ng/m3, Revision date=20181210133000
numflag iron, no unit, Revision date=20181210133000
lead, ng/m3, Revision date=20181210133000
numflag lead, no unit, Revision date=20181210133000
magnesium, ug/m3, Revision date=20181210133000
numflag magnesium, no unit, Revision date=20181210133000
nickel, ng/m3, Revision date=20181210133000
numflag nickel, no unit, Revision date=20181210133000
nitrate, ug N/m3, Revision date=20181210133000
numflag nitrate, no unit, Revision date=20181210133000
organic_carbon, ug C/m3, Revision date=20181210133000
numflag organic_carbon, no unit, Revision date=20181210133000
organic_mass, ug/m3, Revision date=20181210133000
numflag organic_mass, no unit, Revision date=20181210133000
phosphorus, ng/m3, Revision date=20181210133000
numflag phosphorus, no unit, Revision date=20181210133000
pm10_mass, ug/m3, Version=2, Version description=Data extracted from http://views.cira.colostate.edu/fed/DataWizard 2019-12-16, Sample duration=1d, Orig. time res.=3d, Matrix=pm10, Blank correction=Blank corrected, Volume std. temperature=ambient, Volume std. pressure=ambient
numflag pm10_mass, no unit, Version=2, Version description=Data extracted from http://views.cira.colostate.edu/fed/DataWizard 2019-12-16, Sample duration=1d, Orig. time res.=3d, Matrix=pm10, Blank correction=Blank corrected, Volume std. temperature=ambient, Volume std. pressure=ambient
pm10_pm25_mass, ug/m3, Revision date=20181210133000, Matrix=pm10_pm25
numflag pm10_pm25_mass, no unit, Revision date=20181210133000, Matrix=pm10_pm25
pm25_mass, ug/m3, Version=2, Version description=Data extracted from http://views.cira.colostate.edu/fed/DataWizard 2019-12-16, Sample duration=1d, Orig. time res.=3d, Blank correction=Blank corrected, Volume std. temperature=ambient, Volume std. pressure=ambient
numflag pm25_mass, no unit, Version=2, Version description=Data extracted from http://views.cira.colostate.edu/fed/DataWizard 2019-12-16, Sample duration=1d, Orig. time res.=3d, Blank correction=Blank corrected, Volume std. temperature=ambient, Volume std. pressure=ambient
potassium, ug/m3, Revision date=20181210133000
numflag potassium, no unit, Revision date=20181210133000
sulphate_total, ug S/m3, Revision date=20181210133000
numflag sulphate_total, no unit, Revision date=20181210133000
0
25
Data definition:              EBAS_1.1
Set type code:                TU
Timezone:                     UTC
File name:                    US9008R.20050101050000.20191216000000.filterpack..pm25.52w.1w.US03L_filterpack_US9008.US03L_IMPROVE_Davis.lev2.nas
File creation:                20191218120538
Startdate:                    20050101050000
Revision date:                20191216000000
Statistics:                   arithmetic mean
Data level:                   2
Period code:                  52w
Resolution code:              1w
Station code:                 US9008R
Platform code:                US9008S
Station name:                 Presque Isle
Station latitude:             46.6964
Station longitude:            -68.0333
Station altitude:             165.0 m
Regime:                       IMG
Component:                    
Matrix:                       pm25
Laboratory code:              US03L
Instrument type:              filterpack
Instrument name:              filterpack_US9008
Method ref:                   US03L_IMPROVE_Davis
starttime endtime Fe flag_Fe Pb flag_Pb Mg++ flag_Mg++ Ni flag_Ni NO3- flag_NO3- OC flag_OC OM flag_OM P flag_P PM10 flag_PM10 PM10-PM2.5 flag_PM10-PM2.5 PM2.5 flag_PM2.5 K+ flag_K+ SO4-- flag_SO4--
  0.208333   1.208333   10.32 0.000  1.86 0.000 0.011 0.000  0.38 0.000 0.054 0.000  0.723 0.000   1.302 0.000 99.99 0.259   7.874 0.000   2.983 0.000   4.891 0.000 0.164 0.000  0.702 0.000
  3.208333   4.208333   23.33 0.000  4.61 0.000 9.999 0.259  0.53 0.000 0.137 0.000  1.171 0.000   2.109 0.000 99.99 0.259   9.165 0.000   3.712 0.000   5.498 0.000 0.078 0.000  0.415 0.000
  6.208333   7.208333   13.96 0.000  2.55 0.000 9.999 0.259  0.73 0.000 0.098 0.000  1.141 0.000   2.054 0.000 99.99 0.259   5.328 0.000   0.851 0.000   4.476 0.000 0.048 0.000  0.442 0.000
  9.208333  10.208333    9.73 0.000  2.43 0.000 9.999 0.259  0.55 0.000 0.057 0.000  0.956 0.000   1.721 0.000 99.99 0.259   7.494 0.000   2.501 0.000   4.991 0.000 0.037 0.000  0.691 0.000
 12.208333  13.208333    5.31 0.000  0.54 0.000 0.012 0.000  0.57 0.000 0.030 0.000  0.617 0.000   1.111 0.000 99.99 0.259   5.506 0.000   0.951 0.000   4.553 0.000 0.021 0.000  0.741 0.000
 15.208333  16.208333   20.83 0.000  1.31 0.000 9.999 0.259  0.42 0.000 0.132 0.000  0.784 0.000   1.412 0.000 99.99 0.259  11.108 0.000   7.378 0.000   3.730 0.000 0.049 0.000  0.359 0.000
 18.208333  19.208333   16.86 0.000  1.67 0.000 0.033 0.000  0.52 0.000 0.172 0.000  1.103 0.000   1.985 0.000 99.99 0.259   7.812 0.000   2.439 0.000   5.371 0.000 0.073 0.000  0.297 0.000
 21.208333  22.208333   10.36 0.000  2.49 0.000 0.041 0.000  0.37 0.000 0.054 0.000  0.929 0.000   1.672 0.000 99.99 0.259   7.003 0.000   2.612 0.000   4.390 0.000 0.144 0.000  0.435 0.000
 24.208333  25.208333   11.82 0.000  1.27 0.000 9.999 0.259  0.42 0.000 0.056 0.000  1.334 0.000   2.401 0.000 99.99 0.259   7.334 0.000   3.402 0.000   4.004 0.000 0.118 0.000  0.283 0.000
 27.208333  28.208333   22.80 0.000  1.87 0.000 9.999 0.259  0.24 0.000 0.074 0.000  1.100 0.000   1.980 0.000 99.99 0.259  10.210 0.000   5.319 0.000   4.888 0.000 0.239 0.000  0.384 0.000
 30.208333  31.208333   60.25 0.000  1.17 0.000 9.999 0.259  0.54 0.000 0.102 0.000  1.765 0.000   3.176 0.000 99.99 0.259  20.203 0.000  13.285 0.000   6.917 0.000 0.105 0.000  0.389 0.000
 33.208333  34.208333   55.54 0.000  2.59 0.000 9.999 0.259  0.65 0.000 0.220 0.000  4.047 0.000   7.285 0.000 99.99 0.259  20.985 0.000   9.103 0.000  11.878 0.000 0.152 0.000  0.727 0.000
 36.208333  37.208333   31.19 0.000  1.94 0.000 9.999 0.259  0.31 0.000 0.091 0.000  2.303 0.000   4.145 0.000 99.99 0.259  16.460 0.000   8.140 0.000   8.319 0.000 0.082 0.000  0.791 0.000
 39.208333  40.208333   14.54 0.000  2.98 0.000 9.999 0.259  0.77 0.000 0.194 0.000  1.792 0.000   3.226 0.000 99.99 0.259   8.180 0.000   1.592 0.000   6.587 0.000 0.113 0.000  0.699 0.000
 42.208333  43.208333   11.25 0.000  1.95 0.000 0.006 0.000  0.18 0.000 0.021 0.000  0.517 0.000   0.930 0.000 99.99 0.259   2.640 0.000   0.344 0.000   2.296 0.000 0.026 0.000  0.303 0.000
 45.208333  46.208333   10.12 0.000  0.48 0.000 9.999 0.259  0.66 0.000 0.026 0.000  0.488 0.000   0.879 0.000 99.99 0.259   4.440 0.000   1.288 0.000   3.167 0.000 0.018 0.000  0.528 0.000
 48.208333  49.208333  109.98 0.000  2.17 0.000 0.023 0.000  0.39 0.000 0.133 0.000  1.619 0.000   2.914 0.000 99.99 0.259  37.639 0.000  29.178 0.000   8.461 0.000 0.438 0.000  0.714 0.000
 51.208333  52.208333   60.23 0.000  2.40 0.000 0.015 0.000  0.39 0.000 0.124 0.000  1.734 0.000   3.122 0.000 99.99 0.259  23.167 0.000  16.715 0.000   6.448 0.000 0.095 0.000  0.442 0.000
 54.208333  55.208333   58.38 0.000  0.42 0.000 0.011 0.000  0.17 0.000 0.070 0.000  1.410 0.000   2.539 0.000 99.99 0.259  22.076 0.000  16.852 0.000   5.224 0.000 0.140 0.000  0.325 0.000
 57.208333  58.208333   26.43 0.000  0.62 0.000 9.999 0.259  0.22 0.000 0.022 0.000  0.352 0.000   0.634 0.000 99.99 0.259  15.111 0.000  12.624 0.000   2.487 0.000 0.023 0.000  0.263 0.000
 60.208333  61.208333    8.41 0.000  0.73 0.000 0.011 0.000  0.60 0.000 0.040 0.000  0.757 0.000   1.363 0.000 99.99 0.259   4.016 0.000   1.487 0.000   2.528 0.000 0.045 0.000  0.221 0.000
 63.208333  64.208333   14.70 0.000  0.79 0.000 9.999 0.259  0.56 0.000 0.009 0.000  0.398 0.000   0.717 0.000 99.99 0.259   6.426 0.000   3.708 0.000   2.718 0.000 0.028 0.000  0.308 0.000
 66.208333  67.208333    9.68 0.000  1.52 0.000 9.999 0.259  0.62 0.000 0.091 0.000  0.882 0.000   1.588 0.000 99.99 0.259   6.630 0.000   1.646 0.000   5.005 0.000 0.228 0.000  0.585 0.000
 69.208333  70.208333   22.81 0.000  3.52 0.000 0.013 0.000  0.61 0.000 0.116 0.000  1.815 0.000   3.266 0.000 99.99 0.259   6.835 0.000   0.473 0.000   6.359 0.000 0.050 0.000  0.515 0.000
 72.208333  73.208333    9.07 0.000  1.41 0.000 9.999 0.259  0.39 0.000 0.032 0.000  0.720 0.000   1.297 0.000 99.99 0.259   6.687 0.000   2.927 0.000   3.759 0.000 0.339 0.000  0.386 0.000
 75.208333  76.208333   61.06 0.000  1.48 0.000 9.999 0.259  0.23 0.000 0.090 0.000  0.878 0.000   1.581 0.000 99.99 0.259  17.526 0.000  11.513 0.000   6.013 0.000 0.104 0.000  0.685 0.000
 78.208333  79.208333   33.68 0.000  0.93 0.000 0.012 0.000  0.28 0.000 0.034 0.000  0.596 0.000   1.072 0.000 99.99 0.259  11.818 0.000   9.070 0.000   2.747 0.000 0.116 0.000  0.242 0.000
 81.208333  82.208333   81.64 0.000  1.36 0.000 9.999 0.259  0.21 0.000 0.088 0.000  0.995 0.000   1.790 0.000 99.99 0.259  21.367 0.000  16.182 0.000   5.185 0.000 0.224 0.000  0.448 0.000
 84.208333  85.208333   57.81 0.000  1.72 0.000 9.999 0.259  0.23 0.000 0.037 0.000  0.755 0.000   1.359 0.000 99.99 0.259  14.547 0.000  10.390 0.000   4.158 0.000 0.096 0.000  0.460 0.000
 87.208333  88.208333    6.38 0.000  1.15 0.000 9.999 0.259 99.99 0.259 0.011 0.000  0.380 0.000   0.685 0.000 99.99 0.259   3.712 0.000   2.109 0.000   1.603 0.000 0.021 0.000  0.259 0.000
 90.208333  91.208333    8.29 0.000  0.60 0.000 0.017 0.000  0.22 0.000 0.028 0.000  0.470 0.000   0.847 0.000 99.99 0.259   2.896 0.000   0.603 0.000   2.293 0.000 0.021 0.000  0.302 0.000
 93.208333  94.208333    4.52 0.000  0.37 0.000 9.999 0.259  0.18 0.000 0.021 0.000  0.410 0.000   0.738 0.000 99.99 0.259   3.165 0.000   0.207 0.000   2.957 0.000 0.010 0.000  0.502 0.000
 96.208333  97.208333   48.24 0.000  0.60 0.000 9.999 0.259  0.22 0.000 0.066 0.000  0.770 0.000   1.386 0.000 99.99 0.259  13.469 0.000  10.392 0.000   3.076 0.000 0.052 0.000  0.234 0.000
 99.208333 100.208333   32.09 0.000  1.70 0.000 9.999 0.259  0.18 0.000 0.012 0.000  0.857 0.000   1.542 0.000 99.99 0.259  11.135 0.000   8.445 0.000   2.689 0.000 0.128 0.000  0.295 0.000
102.208333 103.208333   22.32 0.000  0.80 0.000 9.999 0.259 99.99 0.259 0.011 0.000  0.297 0.000   0.535 0.000 99.99 0.259   4.088 0.000   2.172 0.000   1.916 0.000 0.049 0.000  0.151 0.000
105.208333 106.208333   60.42 0.000  1.44 0.000 0.018 0.000 99.99 0.259 0.015 0.000  0.747 0.000   1.345 0.000 99.99 0.259  13.185 0.000   9.838 0.000   3.346 0.000 0.052 0.000  0.263 0.000
108.208333 109.208333   62.03 0.000  1.48 0.000 0.012 0.000  0.52 0.000 0.018 0.000  0.861 0.000   1.550 0.000 99.99 0.259  15.434 0.000  11.538 0.000   4.048 0.000 0.047 0.000  0.325 0.000
111.208333 112.208333   79.70 0.000  1.08 0.000 9.999 0.259  0.16 0.000 0.013 0.000  0.567 0.000   1.020 0.000 99.99 0.259  18.132 0.000  14.465 0.000   3.666 0.000 0.053 0.000  0.305 0.000
114.208333 115.208333   14.47 0.000  0.80 0.000 9.999 0.259  0.36 0.000 0.041 0.000  0.544 0.000   0.980 0.000 99.99 0.259   7.939 0.000   4.017 0.000   3.921 0.000 0.054 0.000  0.627 0.000
117.208333 118.208333    7.13 0.000  0.55 0.000 9.999 0.259  0.36 0.000 0.024 0.000  0.403 0.000   0.725 0.000 99.99 0.259   3.880 0.000   0.306 0.000   3.573 0.000 0.012 0.000  0.576 0.000
120.208333 121.208333    5.53 0.000  0.75 0.000 9.999 0.259  0.55 0.000 0.006 0.000  0.391 0.000   0.704 0.000 99.99 0.259   4.406 0.000   1.094 0.000   3.312 0.000 0.018 0.000  0.555 0.000
123.208333 124.208333   44.82 0.000  0.84 0.000 9.999 0.259  0.53 0.000 0.014 0.000  0.683 0.000   1.229 0.000 99.99 0.259  12.379 0.000   9.425 0.000   2.955 0.000 0.038 0.000  0.287 0.000
126.208333 127.208333   23.65 0.000  2.15 0.000 9.999 0.259  0.23 0.000 0.019 0.000  0.778 0.000   1.401 0.000 99.99 0.259   7.881 0.000   3.166 0.000   4.714 0.000 0.045 0.000  0.666 0.000
129.208333 130.208333   26.34 0.000  0.53 0.000 9.999 0.259 99.99 0.259 0.018 0.000  0.600 0.000   1.079 0.000 99.99 0.259   6.833 0.000   4.724 0.000   2.171 0.000 0.028 0.000  0.162 0.000
132.208333 133.208333   57.55 0.000  1.46 0.000 0.021 0.000  0.15 0.000 0.011 0.000  0.296 0.000   0.533 0.000 99.99 0.259  18.799 0.000  16.087 0.000   2.711 0.000 0.222 0.000  0.239 0.000
135.208333 136.208333    6.52 0.000  2.12 0.000 9.999 0.259 99.99 0.259 0.040 0.000  0.723 0.000   1.301 0.000 99.99 0.259   3.116 0.000   1.226 0.000   1.890 0.000 0.057 0.000  0.160 0.000
138.208333 139.208333   20.75 0.000  1.15 0.000 9.999 0.259  0.34 0.000 0.014 0.000  0.911 0.000   1.640 0.000 99.99 0.259   8.169 0.000   4.363 0.000   3.805 0.000 0.055 0.000  0.493 0.000
141.208333 142.208333    2.31 0.000  0.61 0.000 0.011 0.000 99.99 0.259 0.008 0.000  0.214 0.000   0.385 0.000  3.88 0.000   2.005 0.000   0.822 0.000   1.183 0.000 0.007 0.000  0.108 0.000
144.208333 145.208333 9999.99 0.456 99.99 0.456 9.999 0.456 99.99 0.456 0.049 0.000  0.229 0.000   0.413 0.000 99.99 0.456   8.851 0.000 999.999 0.456 999.999 0.456 9.999 0.456  0.360 0.000
147.208333 148.208333    4.90 0.000  0.72 0.000 0.028 0.000 99.99 0.259 0.016 0.000  0.557 0.000   1.003 0.000 99.99 0.259   4.587 0.000   2.214 0.000   2.373 0.000 0.030 0.000  0.256 0.000
150.208333 151.208333   31.68 0.000  1.84 0.000 9.999 0.259  0.44 0.000 0.022 0.000  0.929 0.000   1.671 0.000 99.99 0.259  11.921 0.000   8.811 0.000   3.238 0.000 0.046 0.000  0.334 0.000
153.208333 154.208333   52.97 0.000  1.56 0.000 9.999 0.259  0.86 0.000 0.017 0.000  1.999 0.000   3.597 0.000 99.99 0.259  17.794 0.000   9.976 0.000   7.817 0.000 0.039 0.000  0.619 0.000
156.208333 157.208333   20.05 0.000  0.89 0.000 9.999 0.259  0.15 0.000 0.044 0.000  2.155 0.000   3.878 0.000 99.99 0.259   8.363 0.000   2.781 0.000   5.581 0.000 0.047 0.000  0.144 0.000
159.208333 160.208333   40.95 0.000  1.86 0.000 0.014 0.000  0.24 0.000 0.048 0.000  6.563 0.000  11.814 0.000 99.99 0.259  23.350 0.000   8.341 0.000  15.007 0.000 0.205 0.000  0.319 0.000
162.208333 163.208333   25.06 0.000  0.90 0.000 9.999 0.259  0.38 0.000 0.023 0.000  2.505 0.000   4.508 0.000 99.99 0.259  15.479 0.000   3.555 0.000  11.923 0.000 0.045 0.000  1.698 0.000
165.208333 166.208333   12.83 0.000  0.16 0.000 0.009 0.000  0.25 0.000 0.039 0.000  1.041 0.000   1.875 0.000 99.99 0.259   6.568 0.000   3.021 0.000   3.547 0.000 0.036 0.000  0.221 0.000
168.208333 169.208333    2.83 0.000  1.29 0.000 9.999 0.259  0.07 0.000 0.005 0.000  0.334 0.000   0.601 0.000 99.99 0.259   2.365 0.000   1.361 0.000   1.004 0.000 0.008 0.000  0.065 0.000
171.208333 172.208333   51.93 0.000  1.42 0.000 9.999 0.259  1.24 0.000 0.018 0.000  1.937 0.000   3.486 0.000 99.99 0.259  17.931 0.000  10.501 0.000   7.546 0.000 0.100 0.000  0.784 0.000
174.208333 175.208333   58.55 0.000  1.45 0.000 0.008 0.000  1.12 0.000 0.023 0.000  2.197 0.000   3.955 0.000 99.99 0.259  15.894 0.000   8.027 0.000   7.866 0.000 0.055 0.000  0.509 0.000
177.208333 178.208333   41.11 0.000  1.80 0.000 9.999 0.259  0.31 0.000 0.027 0.000  2.864 0.000   5.155 0.000 99.99 0.259  18.262 0.000   7.686 0.000  10.575 0.000 0.050 0.000  0.885 0.000
180.208333 181.208333   20.76 0.000  0.28 0.000 9.999 0.259  0.14 0.000 0.032 0.000  1.030 0.000   1.854 0.000 99.99 0.259   7.688 0.000   4.774 0.000   2.913 0.000 0.023 0.000  0.132 0.000
183.208333 184.208333   10.37 0.000  0.76 0.000 0.007 0.000 99.99 0.259 0.008 0.000  0.865 0.000   1.556 0.000 99.99 0.259   4.988 0.000   2.625 0.000   2.363 0.000 0.036 0.000  0.090 0.000
186.208333 187.208333   14.34 0.000  0.55 0.000 9.999 0.259 99.99 0.259 0.011 0.000  0.741 0.000   1.333 0.000 99.99 0.259   7.636 0.000   4.728 0.000   2.908 0.000 0.029 0.000  0.276 0.000
189.208333 190.208333   24.46 0.000  1.76 0.000 9.999 0.259  0.36 0.000 0.030 0.000  1.489 0.000   2.681 0.000 99.99 0.259  12.008 0.000   5.593 0.000   6.414 0.000 0.046 0.000  0.620 0.000
192.208333 193.208333   14.90 0.000  1.51 0.000 9.999 0.259  0.36 0.000 0.017 0.000  2.377 0.000   4.278 0.000 99.99 0.259   9.600 0.000   3.488 0.000   6.152 0.000 0.044 0.000  0.301 0.000
195.208333 196.208333   17.81 0.000  0.90 0.000 9.999 0.259 99.99 0.259 0.006 0.000  1.317 0.000   2.370 0.000 99.99 0.259   8.991 0.000   5.754 0.000   3.237 0.000 0.029 0.000  0.088 0.000
198.208333 199.208333   45.60 0.000  1.00 0.000 9.999 0.259  0.75 0.000 0.031 0.000  1.505 0.000   2.710 0.000 99.99 0.259  18.306 0.000   4.420 0.000  13.885 0.000 0.040 0.000  2.144 0.000
201.208333 202.208333   57.38 0.000  2.09 0.000 9.999 0.259  2.24 0.000 0.012 0.000  1.732 0.000   3.118 0.000 99.99 0.259  13.656 0.000   8.498 0.000   5.158 0.000 0.049 0.000  0.207 0.000
204.208333 205.208333    7.56 0.000  0.58 0.000 9.999 0.259  0.20 0.000 0.008 0.000  0.793 0.000   1.428 0.000 99.99 0.259   6.011 0.000   3.468 0.000   2.543 0.000 0.129 0.000  0.094 0.000
207.208333 208.208333   27.46 0.000  1.70 0.000 9.999 0.259  0.64 0.000 0.029 0.000  2.772 0.000   4.990 0.000 99.99 0.259  15.127 0.000   5.618 0.000   9.509 0.000 0.104 0.000  0.756 0.000
210.208333 211.208333   10.15 0.000  0.40 0.000 9.999 0.259 99.99 0.259 0.009 0.000  0.556 0.000   1.000 0.000 99.99 0.259   4.246 0.000   2.601 0.000   1.645 0.000 0.025 0.000  0.140 0.000
213.208333 214.208333   14.99 0.000  2.07 0.000 9.999 0.259  1.15 0.000 0.022 0.000  1.527 0.000   2.749 0.000 99.99 0.259   9.902 0.000   3.615 0.000   6.297 0.000 0.219 0.000  0.743 0.000
216.208333 217.208333   29.53 0.000  2.12 0.000 9.999 0.259  0.43 0.000 0.019 0.000  1.522 0.000   2.739 0.000 99.99 0.259  11.293 0.000   4.316 0.000   6.976 0.000 0.037 0.000  0.770 0.000
219.208333 220.208333   54.05 0.000  1.45 0.000 9.999 0.259  0.40 0.000 0.014 0.000  2.415 0.000   4.348 0.000 99.99 0.259  14.753 0.000   7.705 0.000   7.047 0.000 0.056 0.000  0.358 0.000
222.208333 223.208333   31.68 0.000  1.01 0.000 9.999 0.259  0.60 0.000 0.011 0.000  1.275 0.000   2.295 0.000 99.99 0.259  12.523 0.000   5.947 0.000   6.575 0.000 0.049 0.000  0.758 0.000
225.208333 226.208333   20.22 0.000  0.89 0.000 9.999 0.259  0.19 0.000 0.011 0.000  1.289 0.000   2.321 0.000 99.99 0.259   6.995 0.000   2.963 0.000   4.031 0.000 0.043 0.000  0.285 0.000
228.208333 229.208333   16.16 0.000  0.49 0.000 9.999 0.259  0.25 0.000 0.014 0.000  0.658 0.000   1.184 0.000 99.99 0.259   6.520 0.000   3.655 0.000   2.865 0.000 0.029 0.000  0.197 0.000
231.208333 232.208333   24.00 0.000  1.51 0.000 9.999 0.259  0.19 0.000 0.029 0.000  0.875 0.000   1.574 0.000 99.99 0.259   7.902 0.000   3.795 0.000   4.107 0.000 0.034 0.000  0.316 0.000
234.208333 235.208333   15.56 0.000  1.47 0.000 9.999 0.259  0.33 0.000 0.018 0.000  1.052 0.000   1.893 0.000 99.99 0.259   9.400 0.000   5.059 0.000   4.401 0.000 0.170 0.000  0.405 0.000
237.208333 238.208333   57.32 0.000  0.63 0.000 9.999 0.259  0.70 0.000 0.009 0.000  1.750 0.000   3.150 0.000 99.99 0.259  15.643 0.000  10.728 0.000   4.915 0.000 0.057 0.000  0.086 0.000
240.208333 241.208333   11.29 0.000  0.35 0.000 9.999 0.259  0.28 0.000 0.026 0.000  0.667 0.000   1.202 0.000 99.99 0.259   6.502 0.000   2.787 0.000   3.716 0.000 0.017 0.000  0.388 0.000
243.208333 244.208333    8.07 0.000  0.93 0.000 9.999 0.259  1.58 0.000 0.009 0.000  0.955 0.000   1.719 0.000 99.99 0.259   6.651 0.000   3.066 0.000   3.586 0.000 0.017 0.000  0.388 0.000
246.208333 247.208333    9.78 0.000  1.11 0.000 9.999 0.259  0.24 0.000 0.018 0.000  0.944 0.000   1.700 0.000 99.99 0.259   6.926 0.000   3.332 0.000   3.594 0.000 0.088 0.000  0.328 0.000
249.208333 250.208333   58.02 0.000  2.13 0.000 9.999 0.259  3.82 0.000 0.025 0.000  2.169 0.000   3.904 0.000 99.99 0.259 999.999 0.456 999.999 0.999   9.562 0.000 0.045 0.000  0.996 0.000
