scripts/IMPROVE-2019_partial/data/US9042R.20070103080000.20191216000000.filterpack...1y.3d.US03L_filterpack_US9042_YOSE1.US03L_IMPROVE_Davis.lev2.nas
60 1001
MISSING INFORMATION
US03L, IMPROVE, , , , , , , 
MISSING INFORMATION
IMPROVE sel_HTAP
1 1
2007 01 01 2019 12 16
3.000000
days from file reference point
5
1 1 1 1 1
999.999999 999.999 9.999 999.999 9.999
end_time of measurement, days from the file reference point
pm10_mass, ug/m3, Matrix=pm10
numflag pm10_mass, no unit, Matrix=pm10
pm25_mass, ug/m3, Matrix=pm25
numflag pm25_mass, no unit, Matrix=pm25
0
41
Data definition:              EBAS_1.1
Set type code:                TU
Timezone:                     UTC
File name:                    US9042R.20070103080000.20191216000000.filterpack...1y.3d.US03L_filterpack_US9042_YOSE1.US03L_IMPROVE_Davis.lev2.nas
File creation:                20191218120811
Startdate:                    20070103080000
Revision date:                20191216000000
Version:                      2
Version description:          "Data extracted from http://views.cira.colostate.edu/fed/DataWizard 2019-12-16"
Statistics:                   arithmetic mean
Data level:                   2
Period code:                  1y
Resolution code:              3d
Sample duration:              1d
Orig. time res.:              3d
Station code:                 US9042R
Platform code:                US9042S
Station name:                 Yosemite NP
Station WDCA-ID:              GAWAUSCAYOS
Station GAW-ID:               YOS
Station GAW-Name:             Yosemite NP - Turtleback Dome
Station state/province:       CA
Station land use:             Remote park
Station setting:              Mountain
Station GAW type:             C
Station WMO region:           4
Station latitude:             37.7133
Station longitude:            -119.7061
Station altitude:             1605.0 m
Regime:                       IMG
Component:                    
Unit:                         ug/m3
Matrix:                       
Laboratory code:              US03L
Instrument type:              filterpack
Instrument name:              filterpack_US9042_YOSE1
Method ref:                   US03L_IMPROVE_Davis
Blank correction:             Blank corrected
Volume std. temperature:      ambient
Volume std. pressure:         ambient
starttime endtime PM10 flag_PM10 PM2.5 flag_PM2.5
  2.333333   3.333333   2.725 0.000   1.389 0.000
  5.333333   6.333333   2.165 0.000   1.175 0.000
  8.333333   9.333333   4.795 0.000   1.602 0.000
 11.333333  12.333333   3.698 0.000   0.614 0.000
 14.333333  15.333333   2.551 0.000   1.486 0.000
 17.333333  18.333333   4.015 0.000   1.182 0.000
 20.333333  21.333333  20.747 0.000  16.585 0.000
 23.333333  24.333333   1.267 0.000   0.606 0.000
 26.333333  27.333333  13.039 0.000  10.027 0.000
 29.333333  30.333333   4.716 0.000   3.876 0.000
 32.333333  33.333333   6.651 0.000   5.291 0.000
 35.333333  36.333333   1.377 0.000   0.602 0.000
 38.333333  39.333333   1.971 0.000   1.403 0.000
 41.333333  42.333333   0.494 0.000   0.277 0.000
 44.333333  45.333333   2.019 0.000   1.522 0.000
 47.333333  48.333333   1.756 0.000   0.935 0.000
 50.333333  51.333333   3.479 0.000   2.153 0.000
 53.333333  54.333333   0.709 0.000   0.495 0.000
 56.333333  57.333333   0.290 0.000   0.248 0.000
 59.333333  60.333333   3.085 0.000   1.579 0.000
 62.333333  63.333333   2.472 0.000   1.276 0.000
 65.333333  66.333333   3.739 0.000   2.161 0.000
 68.333333  69.333333   3.238 0.000   1.911 0.000
 71.333333  72.333333   4.534 0.000   2.330 0.000
 74.333333  75.333333   4.823 0.000   2.726 0.000
 77.333333  78.333333   4.727 0.000   3.783 0.000
 80.333333  81.333333   2.872 0.000   1.648 0.000
 83.333333  84.333333   8.549 0.000   5.350 0.000
 86.333333  87.333333   2.732 0.000   1.414 0.000
 89.333333  90.333333   5.991 0.000   3.483 0.000
 92.333333  93.333333   6.525 0.000   4.153 0.000
 95.333333  96.333333   5.871 0.000   2.719 0.000
 98.333333  99.333333   6.491 0.000   2.947 0.000
101.333333 102.333333   3.685 0.000   1.139 0.000
104.333333 105.333333   1.775 0.000   0.742 0.000
107.333333 108.333333   2.485 0.000   1.171 0.000
110.333333 111.333333   5.553 0.000   4.016 0.000
113.333333 114.333333   3.444 0.000   2.118 0.000
116.333333 117.333333   7.768 0.000   4.355 0.000
119.333333 120.333333  11.430 0.000   5.705 0.000
122.333333 123.333333   5.768 0.000   2.981 0.000
125.333333 126.333333   4.340 0.000   2.256 0.000
128.333333 129.333333  14.942 0.000   7.043 0.000
131.333333 132.333333  15.473 0.000   6.900 0.000
134.333333 135.333333  13.909 0.000   7.153 0.000
137.333333 138.333333  13.254 0.000   6.366 0.000
140.333333 141.333333  13.358 0.000   4.816 0.000
143.333333 144.333333  17.216 0.000   5.948 0.000
146.333333 147.333333  16.996 0.000   7.455 0.000
149.333333 150.333333  18.412 0.000   8.219 0.000
152.333333 153.333333  15.216 0.000   7.831 0.000
155.333333 156.333333   9.392 0.000   3.397 0.000
158.333333 159.333333   8.395 0.000   3.887 0.000
161.333333 162.333333   7.463 0.000   3.429 0.000
164.333333 165.333333  10.396 0.000   5.797 0.000
167.333333 168.333333   8.896 0.000   3.845 0.000
170.333333 171.333333  13.984 0.000   5.955 0.000
173.333333 174.333333   7.748 0.000   3.837 0.000
176.333333 177.333333  12.674 0.000   5.272 0.000
179.333333 180.333333   9.123 0.000   5.043 0.000
182.333333 183.333333   4.985 0.000   2.041 0.000
185.333333 186.333333  13.990 0.000   6.758 0.000
188.333333 189.333333  15.932 0.000   8.031 0.000
191.333333 192.333333  17.483 0.000   7.779 0.000
194.333333 195.333333   9.286 0.000   4.606 0.000
197.333333 198.333333 999.999 0.456   3.580 0.000
200.333333 201.333333   8.902 0.000   4.085 0.000
203.333333 204.333333   8.200 0.000   3.670 0.000
206.333333 207.333333   8.786 0.000   3.749 0.000
209.333333 210.333333   7.548 0.000   3.533 0.000
212.333333 213.333333   9.896 0.000   4.213 0.000
215.333333 216.333333   6.221 0.000   3.097 0.000
218.333333 219.333333  10.226 0.000   3.513 0.000
221.333333 222.333333   8.577 0.000   3.253 0.000
224.333333 225.333333  24.065 0.000  15.670 0.000
227.333333 228.333333  11.150 0.000   3.696 0.000
230.333333 231.333333  17.125 0.000   8.980 0.000
233.333333 234.333333  10.295 0.000   4.046 0.000
236.333333 237.333333  18.886 0.000   9.390 0.000
239.333333 240.333333   9.154 0.000   5.071 0.000
242.333333 243.333333   9.568 0.000   4.023 0.000
245.333333 246.333333   5.132 0.000   2.267 0.000
248.333333 249.333333  23.883 0.000  10.376 0.000
251.333333 252.333333  17.980 0.000   8.986 0.000
254.333333 255.333333  23.858 0.000   9.054 0.000
257.333333 258.333333   8.890 0.000   3.865 0.000
260.333333 261.333333  13.354 0.000   5.727 0.000
263.333333 264.333333   8.754 0.000   3.192 0.000
266.333333 267.333333   3.820 0.000   2.617 0.000
269.333333 270.333333   7.580 0.000   3.485 0.000
272.333333 273.333333  10.032 0.000   3.935 0.000
275.333333 276.333333   9.894 0.000   3.699 0.000
278.333333 279.333333   2.431 0.000   1.223 0.000
281.333333 282.333333  19.633 0.000  11.376 0.000
284.333333 285.333333  11.997 0.000   7.557 0.000
287.333333 288.333333   5.734 0.000   4.178 0.000
290.333333 291.333333   9.346 0.000   8.007 0.000
293.333333 294.333333   9.366 0.000   7.619 0.000
296.333333 297.333333   4.438 0.000   2.878 0.000
299.333333 300.333333  19.213 0.000  13.640 0.000
302.333333 303.333333 999.999 0.999 999.999 0.999
305.333333 306.333333   4.232 0.000   2.832 0.000
308.333333 309.333333   5.829 0.000   4.256 0.000
311.333333 312.333333  11.560 0.000   7.565 0.000
314.333333 315.333333   2.454 0.000   2.004 0.000
317.333333 318.333333   2.804 0.000   1.748 0.000
320.333333 321.333333   3.021 0.000   2.235 0.000
323.333333 324.333333   4.510 0.000   3.584 0.000
326.333333 327.333333   3.684 0.000   2.272 0.000
329.333333 330.333333   6.678 0.000   5.518 0.000
332.333333 333.333333  38.071 0.000  34.281 0.000
335.333333 336.333333   4.732 0.000   3.587 0.000
338.333333 339.333333   6.215 0.000   4.069 0.000
341.333333 342.333333   1.865 0.000   0.975 0.000
344.333333 345.333333   2.598 0.000   1.413 0.000
347.333333 348.333333   5.429 0.000   3.706 0.000
350.333333 351.333333   5.218 0.000   4.439 0.000
353.333333 354.333333   0.887 0.000   0.532 0.000
356.333333 357.333333   0.910 0.000   0.607 0.000
359.333333 360.333333   4.916 0.000   4.156 0.000
362.333333 363.333333   1.227 0.000   0.589 0.000
