scripts/IMPROVE-2019_partial/data/US9008R.20100102050000.20191216000000.filterpack...52w.3d.US03L_filterpack_US9008.US03L_IMPROVE_Davis.lev2.nas
52 1001
MISSING INFORMATION
US03L, IMPROVE, , , , , , , 
MISSING INFORMATION
IMPROVE sel_HTAP
1 1
2010 01 01 2019 12 16
3.000000
days from file reference point
5
1 1 1 1 1
999.999999 999.999 9.999 999.999 9.999
end_time of measurement, days from the file reference point
pm10_mass, ug/m3, Matrix=pm10
numflag pm10_mass, no unit, Matrix=pm10
pm25_mass, ug/m3, Matrix=pm25
numflag pm25_mass, no unit, Matrix=pm25
0
33
Data definition:              EBAS_1.1
Set type code:                TU
Timezone:                     UTC
File name:                    US9008R.20100102050000.20191216000000.filterpack...52w.3d.US03L_filterpack_US9008.US03L_IMPROVE_Davis.lev2.nas
File creation:                20191218120539
Startdate:                    20100102050000
Revision date:                20191216000000
Version:                      2
Version description:          "Data extracted from http://views.cira.colostate.edu/fed/DataWizard 2019-12-16"
Statistics:                   arithmetic mean
Data level:                   2
Period code:                  52w
Resolution code:              3d
Sample duration:              1d
Orig. time res.:              3d
Station code:                 US9008R
Platform code:                US9008S
Station name:                 Presque Isle
Station latitude:             46.6964
Station longitude:            -68.0333
Station altitude:             165.0 m
Regime:                       IMG
Component:                    
Unit:                         ug/m3
Matrix:                       
Laboratory code:              US03L
Instrument type:              filterpack
Instrument name:              filterpack_US9008
Method ref:                   US03L_IMPROVE_Davis
Blank correction:             Blank corrected
Volume std. temperature:      ambient
Volume std. pressure:         ambient
starttime endtime PM10 flag_PM10 PM2.5 flag_PM2.5
  1.208333   2.208333   5.835 0.000   2.125 0.000
  4.208333   5.208333   3.653 0.000   2.242 0.000
  7.208333   8.208333  13.766 0.000   2.766 0.000
 10.208333  11.208333  23.406 0.000   5.315 0.000
 13.208333  14.208333  50.855 0.000  11.886 0.000
 16.208333  17.208333  10.079 0.000   4.705 0.000
 19.208333  20.208333   3.885 0.000   2.993 0.000
 22.208333  23.208333  12.607 0.000   3.095 0.000
 25.208333  26.208333 999.999 0.456   2.547 0.000
 28.208333  29.208333   9.081 0.000   2.713 0.000
 31.208333  32.208333  11.679 0.000   6.590 0.000
 34.208333  35.208333  11.635 0.000   5.262 0.000
 37.208333  38.208333   9.218 0.000   1.787 0.000
 40.208333  41.208333  10.042 0.000   3.087 0.000
 43.208333  44.208333   7.563 0.000   3.026 0.000
 46.208333  47.208333   6.584 0.000   4.782 0.000
 49.208333  50.208333   2.047 0.000   0.922 0.000
 52.208333  53.208333   3.227 0.000   0.547 0.000
 55.208333  56.208333 999.999 0.456   2.446 0.000
 58.208333  59.208333 999.999 0.456   0.701 0.000
 61.208333  62.208333  12.040 0.000   2.537 0.000
 64.208333  65.208333  17.049 0.000   4.152 0.000
 67.208333  68.208333  26.994 0.000   4.248 0.000
 70.208333  71.208333  32.995 0.000   7.228 0.000
 73.208333  74.208333  15.801 0.000   3.924 0.000
 76.208333  77.208333  17.770 0.000   4.489 0.000
 79.208333  80.208333   5.569 0.000   2.094 0.000
 82.208333  83.208333   2.228 0.000   1.296 0.000
 85.208333  86.208333  10.394 0.000   3.860 0.000
 88.208333  89.208333   2.413 0.000   0.937 0.000
 91.208333  92.208333  14.364 0.000   3.994 0.000
 94.208333  95.208333  23.294 0.000   3.852 0.000
 97.208333  98.208333  11.652 0.000   2.907 0.000
100.208333 101.208333   6.699 0.000   2.283 0.000
103.208333 104.208333  20.622 0.000   4.346 0.000
106.208333 107.208333   5.050 0.000   2.345 0.000
109.208333 110.208333  11.322 0.000   3.995 0.000
112.208333 113.208333   8.113 0.000   4.776 0.000
115.208333 116.208333   7.472 0.000   3.367 0.000
118.208333 119.208333   8.836 0.000   1.809 0.000
121.208333 122.208333  19.895 0.000   7.866 0.000
124.208333 125.208333   8.568 0.000   2.636 0.000
127.208333 128.208333   2.965 0.000   1.609 0.000
130.208333 131.208333   6.921 0.000   3.085 0.000
133.208333 134.208333   9.391 0.000   3.210 0.000
136.208333 137.208333   8.145 0.000   2.000 0.000
139.208333 140.208333  10.947 0.000   3.689 0.000
142.208333 143.208333  11.705 0.000   5.379 0.000
145.208333 146.208333   9.690 0.000   4.511 0.000
148.208333 149.208333   8.235 0.000   4.220 0.000
151.208333 152.208333  33.608 0.000  31.314 0.659
154.208333 155.208333   6.339 0.000   2.941 0.000
157.208333 158.208333   3.577 0.000   1.096 0.000
160.208333 161.208333   7.130 0.000   3.334 0.000
163.208333 164.208333   8.674 0.000   5.796 0.000
166.208333 167.208333  20.850 0.000  13.523 0.000
169.208333 170.208333  16.558 0.000  12.389 0.000
172.208333 173.208333  11.086 0.000   5.671 0.000
175.208333 176.208333  12.183 0.000   7.351 0.000
178.208333 179.208333   5.070 0.000   3.558 0.000
181.208333 182.208333   3.585 0.000   1.300 0.000
184.208333 185.208333  15.175 0.000  10.357 0.000
187.208333 188.208333  16.369 0.000  10.266 0.000
190.208333 191.208333   8.760 0.000   5.326 0.000
193.208333 194.208333  14.178 0.000   9.918 0.000
196.208333 197.208333  10.434 0.000   7.193 0.000
199.208333 200.208333   5.710 0.000   2.612 0.000
202.208333 203.208333  10.714 0.000   7.054 0.000
205.208333 206.208333   4.666 0.000   2.360 0.000
208.208333 209.208333  14.693 0.000   9.257 0.000
211.208333 212.208333   5.381 0.000   1.969 0.000
214.208333 215.208333   9.474 0.000   6.463 0.000
217.208333 218.208333   9.241 0.000   5.125 0.000
220.208333 221.208333  10.583 0.000   7.282 0.000
223.208333 224.208333   9.446 0.000   3.055 0.000
226.208333 227.208333   9.049 0.000   5.305 0.000
229.208333 230.208333  10.649 0.000   5.039 0.000
232.208333 233.208333   7.007 0.000   3.518 0.000
235.208333 236.208333   9.341 0.000   3.903 0.000
238.208333 239.208333   6.642 0.000   2.845 0.000
241.208333 242.208333  21.312 0.000  11.866 0.000
244.208333 245.208333  25.270 0.000  15.138 0.000
247.208333 248.208333   5.013 0.000   1.605 0.000
250.208333 251.208333   7.883 0.000   5.115 0.000
253.208333 254.208333   5.052 0.000   2.052 0.000
256.208333 257.208333   5.555 0.000   2.232 0.000
259.208333 260.208333   5.451 0.000   1.896 0.000
262.208333 263.208333   9.539 0.000   2.329 0.000
265.208333 266.208333   8.039 0.000   1.429 0.000
268.208333 269.208333   6.265 0.000   1.614 0.000
271.208333 272.208333   9.146 0.000   2.837 0.000
274.208333 275.208333   4.571 0.000   1.369 0.000
277.208333 278.208333  14.055 0.000   3.795 0.000
280.208333 281.208333   3.995 0.000   1.445 0.000
283.208333 284.208333   6.042 0.000   1.908 0.000
286.208333 287.208333  11.854 0.000   4.147 0.000
289.208333 290.208333   3.659 0.000   1.806 0.000
292.208333 293.208333   8.408 0.000   4.250 0.000
295.208333 296.208333   1.409 0.000   0.757 0.000
298.208333 299.208333   4.650 0.000   2.603 0.000
301.208333 302.208333   6.255 0.000   2.643 0.000
304.208333 305.208333   4.178 0.000   2.209 0.000
307.208333 308.208333   6.431 0.000   3.792 0.000
310.208333 311.208333   4.934 0.000   3.349 0.000
313.208333 314.208333   3.549 0.000   1.931 0.000
316.208333 317.208333   8.253 0.000   5.155 0.000
319.208333 320.208333  13.102 0.000   6.511 0.000
322.208333 323.208333   4.710 0.000   1.575 0.000
325.208333 326.208333   5.978 0.000   3.162 0.000
328.208333 329.208333   3.033 0.000   1.755 0.000
331.208333 332.208333   2.528 0.000   2.193 0.000
334.208333 335.208333   7.062 0.000   3.707 0.000
337.208333 338.208333   0.951 0.000   0.524 0.000
340.208333 341.208333   2.107 0.000   1.324 0.000
343.208333 344.208333   6.358 0.000   3.453 0.000
346.208333 347.208333   1.484 0.000   1.155 0.000
349.208333 350.208333   3.744 0.000   2.991 0.000
352.208333 353.208333   6.733 0.000   5.936 0.000
355.208333 356.208333   1.934 0.000   0.842 0.000
358.208333 359.208333   4.723 0.000   1.944 0.000
361.208333 362.208333   3.254 0.000   1.664 0.000
364.208333 365.208333  11.043 0.000  10.353 0.000
