scripts/IMPROVE-2019_partial/data/US9043R.19890104080000.20191216000000.filterpack...1y.3d.US03L_filterpack_US9043.US03L_IMPROVE_Davis.lev2.nas
51 1001
MISSING INFORMATION
US03L, IMPROVE, , , , , , , 
MISSING INFORMATION
IMPROVE sel_HTAP
1 1
1989 01 01 2019 12 16
0
days from file reference point
4
1 1 1 1
999.999999 999.999 999.999 9.999
end_time of measurement, days from the file reference point
pm10_mass, ug/m3, Matrix=pm10
pm25_mass, ug/m3, Matrix=pm25
numflag, no unit
0
33
Data definition:              EBAS_1.1
Set type code:                TI
Timezone:                     UTC
File name:                    US9043R.19890104080000.20191216000000.filterpack...1y.3d.US03L_filterpack_US9043.US03L_IMPROVE_Davis.lev2.nas
File creation:                20191218120816
Startdate:                    19890104080000
Revision date:                20191216000000
Version:                      2
Version description:          "Data extracted from http://views.cira.colostate.edu/fed/DataWizard 2019-12-16"
Statistics:                   arithmetic mean
Data level:                   2
Period code:                  1y
Resolution code:              3d
Sample duration:              1d
Orig. time res.:              3d
Station code:                 US9043R
Platform code:                US9043S
Station name:                 San Gorgonio Wilderness
Station latitude:             34.1939
Station longitude:            -116.9132
Station altitude:             1726.0 m
Regime:                       IMG
Component:                    
Unit:                         ug/m3
Matrix:                       
Laboratory code:              US03L
Instrument type:              filterpack
Instrument name:              filterpack_US9043
Method ref:                   US03L_IMPROVE_Davis
Blank correction:             Blank corrected
Volume std. temperature:      ambient
Volume std. pressure:         ambient
starttime endtime PM10 PM2.5 flag
  3.333333   4.333333   3.138   2.140 0.000
  6.333333   7.333333   3.682   2.558 0.000
 10.333333  11.333333 999.999 999.999 0.999
 13.333333  14.333333   7.418   4.286 0.000
 17.333333  18.333333   4.367   0.845 0.000
 20.333333  21.333333   5.328   2.396 0.000
 24.333333  25.333333   6.061   2.594 0.000
 27.333333  28.333333   4.978   2.448 0.000
 31.333333  32.333333 999.999 999.999 0.999
 34.333333  35.333333 999.999 999.999 0.999
 38.333333  39.333333   2.456   1.229 0.000
 41.333333  42.333333  17.237  14.111 0.000
 45.333333  46.333333   7.949   5.709 0.000
 48.333333  49.333333 999.999 999.999 0.999
 52.333333  53.333333   2.333   1.160 0.000
 55.333333  56.333333   9.917   5.361 0.000
 59.333333  60.333333  25.500  18.825 0.000
 62.333333  63.333333   6.875   2.201 0.000
 66.333333  67.333333  10.456   5.597 0.000
 69.333333  70.333333  12.905   8.616 0.000
 73.333333  74.333333  40.283 999.999 0.000
 76.333333  77.333333  14.575  10.245 0.000
 80.333333  81.333333  28.669  16.964 0.000
 83.333333  84.333333   2.298   1.433 0.000
 87.333333  88.333333  14.776   8.580 0.000
 90.333333  91.333333  29.265  17.577 0.000
 94.333333  95.333333  15.253   2.758 0.000
 97.333333  98.333333  28.937  12.584 0.000
101.333333 102.333333  31.570   9.371 0.000
104.333333 105.333333  66.694  13.513 0.000
108.333333 109.333333  36.567  24.680 0.000
111.333333 112.333333  21.888  11.830 0.000
115.333333 116.333333  12.000   9.524 0.000
118.333333 119.333333  37.149  23.290 0.000
122.333333 123.333333  17.540   9.474 0.000
125.333333 126.333333 999.999 999.999 0.999
129.333333 130.333333 999.999 999.999 0.999
132.333333 133.333333 999.999 999.999 0.999
136.333333 137.333333 999.999 999.999 0.999
139.333333 140.333333 999.999 999.999 0.999
143.333333 144.333333  32.651  15.828 0.000
146.333333 147.333333  29.759  14.410 0.000
150.333333 151.333333  19.553   8.562 0.000
153.333333 154.333333  22.311  12.730 0.000
157.333333 158.333333  35.193  20.429 0.000
160.333333 161.333333  22.017   9.076 0.000
164.333333 165.333333 999.999 999.999 0.999
167.333333 168.333333 999.999 999.999 0.999
171.333333 172.333333 999.999 999.999 0.999
174.333333 175.333333 999.999 999.999 0.999
178.333333 179.333333 999.999 999.999 0.999
181.333333 182.333333 999.999 999.999 0.999
185.333333 186.333333 999.999 999.999 0.999
188.333333 189.333333 999.999 999.999 0.999
192.333333 193.333333  34.153  16.074 0.000
195.333333 196.333333 999.999  14.799 0.000
199.333333 200.333333  40.732  16.325 0.000
202.333333 203.333333  29.558  12.409 0.000
206.333333 207.333333 999.999 999.999 0.999
209.333333 210.333333 999.999 999.999 0.999
213.333333 214.333333 999.999 999.999 0.999
216.333333 217.333333 999.999 999.999 0.999
220.333333 221.333333 999.999 999.999 0.999
223.333333 224.333333 999.999 999.999 0.999
227.333333 228.333333 999.999 999.999 0.999
230.333333 231.333333 999.999 999.999 0.999
234.333333 235.333333 999.999 999.999 0.999
237.333333 238.333333 999.999 999.999 0.999
241.333333 242.333333  37.403  18.724 0.000
244.333333 245.333333  52.241  11.573 0.000
248.333333 249.333333 999.999 999.999 0.999
251.333333 252.333333 999.999 999.999 0.999
255.333333 256.333333 999.999 999.999 0.999
258.333333 259.333333 999.999 999.999 0.999
262.333333 263.333333   6.021   2.988 0.000
265.333333 266.333333  21.558  13.676 0.000
269.333333 270.333333  25.688  12.087 0.000
272.333333 273.333333  31.648  12.208 0.000
276.333333 277.333333   9.004   3.510 0.000
279.333333 280.333333  11.815   5.940 0.000
283.333333 284.333333  21.697  13.777 0.000
286.333333 287.333333  48.195 999.999 0.000
290.333333 291.333333   9.627   3.344 0.000
293.333333 294.333333   5.597   3.591 0.000
297.333333 298.333333   8.550   4.875 0.000
300.333333 301.333333  11.870   6.962 0.000
304.333333 305.333333   9.887   2.901 0.000
307.333333 308.333333  21.939   9.781 0.000
311.333333 312.333333  11.673   4.325 0.000
314.333333 315.333333  13.494   3.067 0.000
318.333333 319.333333  10.372   3.067 0.000
321.333333 322.333333   8.141   2.055 0.000
325.333333 326.333333  43.911   8.848 0.000
328.333333 329.333333  15.683  10.697 0.000
332.333333 333.333333 999.999 999.999 0.999
335.333333 336.333333 999.999 999.999 0.999
339.333333 340.333333 999.999 999.999 0.999
342.333333 343.333333 999.999 999.999 0.999
346.333333 347.333333   7.452   2.081 0.000
349.333333 350.333333  19.884   8.567 0.000
353.333333 354.333333 999.999 999.999 0.999
356.333333 357.333333 999.999 999.999 0.999
360.333333 361.333333 999.999 999.999 0.999
363.333333 364.333333 999.999 999.999 0.999
