scripts/IMPROVE-2019_partial/data/US9081R.19900103070000.20191216000000.filterpack...1y.3d.US03L_filterpack_US9081_YELL1.US03L_IMPROVE_Davis.lev2.nas
52 1001
MISSING INFORMATION
US03L, IMPROVE, , , , , , , 
MISSING INFORMATION
IMPROVE sel_HTAP
1 1
1990 01 01 2019 12 16
0
days from file reference point
5
1 1 1 1 1
999.999999 999.999 9.999 999.999 9.999999
end_time of measurement, days from the file reference point
pm10_mass, ug/m3, Matrix=pm10
numflag pm10_mass, no unit, Matrix=pm10
pm25_mass, ug/m3, Matrix=pm25
numflag pm25_mass, no unit, Matrix=pm25
0
33
Data definition:              EBAS_1.1
Set type code:                TI
Timezone:                     UTC
File name:                    US9081R.19900103070000.20191216000000.filterpack...1y.3d.US03L_filterpack_US9081_YELL1.US03L_IMPROVE_Davis.lev2.nas
File creation:                20191218121106
Startdate:                    19900103070000
Revision date:                20191216000000
Version:                      2
Version description:          "Data extracted from http://views.cira.colostate.edu/fed/DataWizard 2019-12-16"
Statistics:                   arithmetic mean
Data level:                   2
Period code:                  1y
Resolution code:              3d
Sample duration:              1d
Orig. time res.:              3d
Station code:                 US9081R
Platform code:                US9081S
Station name:                 Yellowstone NP 1
Station latitude:             44.5654
Station longitude:            -110.4003
Station altitude:             2442.0 m
Regime:                       IMG
Component:                    
Unit:                         ug/m3
Matrix:                       
Laboratory code:              US03L
Instrument type:              filterpack
Instrument name:              filterpack_US9081_YELL1
Method ref:                   US03L_IMPROVE_Davis
Blank correction:             Blank corrected
Volume std. temperature:      ambient
Volume std. pressure:         ambient
starttime endtime PM10 flag_PM10 PM2.5 flag_PM2.5
  2.291667   3.291667   4.802 0.000   1.656 0.000000
  5.291667   6.291667   2.490 0.000   2.443 0.000000
  9.291667  10.291667   4.385 0.000   1.327 0.000000
 12.291667  13.291667   4.188 0.000   2.718 0.000000
 16.291667  17.291667  18.384 0.000   1.851 0.000000
 19.291667  20.291667   5.590 0.000   2.468 0.000000
 23.291667  24.291667   1.893 0.000   1.020 0.000000
 26.291667  27.291667   7.253 0.000   1.046 0.000000
 30.291667  31.291667   7.105 0.000   1.571 0.000000
 33.291667  34.291667   3.113 0.000   1.710 0.000000
 37.291667  38.291667   4.625 0.000   1.881 0.000000
 40.291667  41.291667   1.418 0.000 999.999 0.999000
 44.291667  45.291667   4.786 0.000   2.525 0.000000
 47.291667  48.291667   6.076 0.000   2.848 0.000000
 51.291667  52.291667   5.610 0.000   1.614 0.000000
 54.291667  55.291667 999.999 0.999   3.196 0.000000
 58.291667  59.291667 999.999 0.999 999.999 0.999000
 61.291667  62.291667 999.999 0.999 999.999 0.999000
 65.291667  66.291667 999.999 0.999 999.999 0.999000
 68.291667  69.291667 999.999 0.999 999.999 0.999000
 72.291667  73.291667   2.308 0.000   1.688 0.000000
 75.291667  76.291667   6.394 0.000   3.766 0.000000
 79.291667  80.291667 999.999 0.999 999.999 0.999000
 82.291667  83.291667 999.999 0.999 999.999 0.999000
 86.291667  87.291667 999.999 0.999 999.999 0.999000
 89.291667  90.291667 999.999 0.999 999.999 0.999000
 93.291667  94.291667  15.707 0.000   4.937 0.000000
 96.291667  97.291667  10.780 0.000   4.138 0.000000
100.291667 101.291667  12.500 0.000   2.771 0.000000
103.291667 104.291667   3.671 0.000   2.611 0.000000
107.291667 108.291667   5.622 0.000   4.026 0.000000
110.291667 111.291667  15.605 0.000   3.238 0.000000
114.291667 115.291667   1.408 0.000 999.999 0.999000
117.291667 118.291667   4.700 0.000   1.230 0.000000
121.291667 122.291667   4.605 0.000   3.194 0.000000
124.291667 125.291667  12.489 0.000   4.613 0.000000
128.291667 129.291667 999.999 0.999 999.999 0.999000
131.291667 132.291667   6.154 0.000   2.261 0.000000
135.291667 136.291667 999.999 0.999 999.999 0.999000
138.291667 139.291667   9.300 0.000   4.013 0.000000
142.291667 143.291667 999.999 0.999 999.999 0.999000
145.291667 146.291667 999.999 0.999 999.999 0.999000
149.291667 150.291667 999.999 0.999 999.999 0.999000
152.291667 153.291667 999.999 0.999 999.999 0.999000
156.291667 157.291667 999.999 0.999 999.999 0.999000
159.291667 160.291667 999.999 0.999 999.999 0.999000
163.291667 164.291667  20.261 0.000   1.869 0.000000
166.291667 167.291667   3.952 0.000   2.305 0.000000
170.291667 171.291667   6.857 0.000   3.565 0.000000
173.291667 174.291667 999.999 0.999 999.999 0.999000
177.291667 178.291667  17.391 0.000   6.273 0.000000
180.291667 181.291667  25.115 0.000   6.453 0.000000
184.291667 185.291667  47.328 0.000  10.491 0.000000
187.291667 188.291667  18.701 0.000   4.130 0.000000
191.291667 192.291667  17.744 0.000   5.350 0.000000
194.291667 195.291667  10.077 0.000   5.521 0.000000
198.291667 199.291667  17.820 0.000   7.292 0.000000
201.291667 202.291667   4.686 0.000   2.508 0.000000
205.291667 206.291667  17.883 0.000 999.999 0.999000
208.291667 209.291667  11.077 0.000   3.129 0.000000
212.291667 213.291667  21.626 0.000   5.392 0.000000
215.291667 216.291667  13.636 0.000   5.152 0.000000
219.291667 220.291667  15.465 0.000   7.321 0.000000
222.291667 223.291667  65.870 0.000   9.128 0.000000
226.291667 227.291667  11.477 0.000  10.182 0.000000
229.291667 230.291667  37.985 0.000   4.955 0.000000
233.291667 234.291667  13.913 0.000   6.108 0.000000
236.291667 237.291667   8.284 0.000   3.556 0.000000
240.291667 241.291667  13.156 0.000   4.174 0.000000
243.291667 244.291667   9.962 0.000 999.999 0.559259
247.291667 248.291667   5.137 0.000   4.247 0.559000
250.291667 251.291667   6.448 0.000   3.283 0.559000
254.291667 255.291667  19.890 0.000 999.999 0.559259
257.291667 258.291667  20.342 0.000   6.109 0.559000
261.291667 262.291667   5.827 0.000   2.981 0.559000
264.291667 265.291667   4.472 0.000   2.640 0.559000
268.291667 269.291667   3.145 0.000   2.401 0.559000
271.291667 272.291667  24.416 0.000   4.711 0.559000
275.291667 276.291667  13.817 0.000 999.999 0.559259
278.291667 279.291667   6.948 0.000 999.999 0.559259
282.291667 283.291667   8.674 0.000   3.820 0.559000
285.291667 286.291667   4.962 0.000   1.646 0.559000
289.291667 290.291667  15.698 0.000   1.620 0.559000
292.291667 293.291667   2.266 0.000 999.999 0.559259
296.291667 297.291667   6.107 0.000   4.099 0.559000
299.291667 300.291667   4.772 0.000   3.951 0.559000
303.291667 304.291667  10.418 0.000 999.999 0.559259
306.291667 307.291667   5.360 0.000   2.154 0.559000
310.291667 311.291667   3.026 0.000   1.863 0.559000
313.291667 314.291667   5.000 0.000   2.484 0.559000
317.291667 318.291667   6.008 0.000   3.473 0.559000
320.291667 321.291667   7.091 0.000   3.333 0.559000
324.291667 325.291667   9.077 0.000 999.999 0.559259
327.291667 328.291667   6.615 0.000   3.377 0.559000
331.291667 332.291667   3.826 0.000   2.468 0.559000
334.291667 335.291667   5.242 0.000   2.013 0.559000
338.291667 339.291667  12.326 0.000   3.742 0.559000
341.291667 342.291667 999.999 0.999   2.531 0.559000
345.291667 346.291667   2.753 0.000   1.254 0.559000
348.291667 349.291667   1.838 0.000   1.479 0.559000
352.291667 353.291667 999.999 0.999 999.999 0.999000
355.291667 356.291667 999.999 0.999 999.999 0.999000
359.291667 360.291667 999.999 0.999 999.999 0.999000
362.291667 363.291667 999.999 0.999 999.999 0.999000
