scripts/IMPROVE-2019_partial/data/US9029R.20080101070000.20191216000000.filterpack...52w.3d.US03L_filterpack_US9029.US03L_IMPROVE_Davis.lev2.nas
52 1001
MISSING INFORMATION
US03L, IMPROVE, , , , , , , 
MISSING INFORMATION
IMPROVE sel_HTAP
1 1
2008 01 01 2019 12 16
3.000000
days from file reference point
5
1 1 1 1 1
999.999999 999.999 9.999 99.999 9.999
end_time of measurement, days from the file reference point
pm10_mass, ug/m3, Matrix=pm10
numflag pm10_mass, no unit, Matrix=pm10
pm25_mass, ug/m3, Matrix=pm25
numflag pm25_mass, no unit, Matrix=pm25
0
33
Data definition:              EBAS_1.1
Set type code:                TU
Timezone:                     UTC
File name:                    US9029R.20080101070000.20191216000000.filterpack...52w.3d.US03L_filterpack_US9029.US03L_IMPROVE_Davis.lev2.nas
File creation:                20191218120708
Startdate:                    20080101070000
Revision date:                20191216000000
Version:                      2
Version description:          "Data extracted from http://views.cira.colostate.edu/fed/DataWizard 2019-12-16"
Statistics:                   arithmetic mean
Data level:                   2
Period code:                  52w
Resolution code:              3d
Sample duration:              1d
Orig. time res.:              3d
Station code:                 US9029R
Platform code:                US9029S
Station name:                 North Absaroka
Station latitude:             44.7448
Station longitude:            -109.3816
Station altitude:             2482.0 m
Regime:                       IMG
Component:                    
Unit:                         ug/m3
Matrix:                       
Laboratory code:              US03L
Instrument type:              filterpack
Instrument name:              filterpack_US9029
Method ref:                   US03L_IMPROVE_Davis
Blank correction:             Blank corrected
Volume std. temperature:      ambient
Volume std. pressure:         ambient
starttime endtime PM10 flag_PM10 PM2.5 flag_PM2.5
  0.291667   1.291667 999.999 0.999 99.999 0.999
  3.291667   4.291667 999.999 0.999 99.999 0.999
  6.291667   7.291667   1.883 0.659  1.271 0.000
  9.291667  10.291667   4.058 0.000  0.840 0.000
 12.291667  13.291667   1.007 0.000  0.943 0.000
 15.291667  16.291667 999.999 0.456  0.870 0.000
 18.291667  19.291667   5.433 0.000  1.860 0.000
 21.291667  22.291667   1.742 0.000  0.800 0.000
 24.291667  25.291667   5.012 0.000  1.226 0.000
 27.291667  28.291667   5.238 0.000  0.493 0.000
 30.291667  31.291667   7.805 0.000  1.005 0.000
 33.291667  34.291667   2.798 0.000  0.750 0.000
 36.291667  37.291667   3.136 0.000  0.596 0.000
 39.291667  40.291667   3.426 0.000  0.368 0.000
 42.291667  43.291667   0.934 0.000  0.428 0.000
 45.291667  46.291667   2.296 0.000  0.639 0.000
 48.291667  49.291667   2.100 0.000  0.847 0.000
 51.291667  52.291667 999.999 0.999 99.999 0.999
 54.291667  55.291667   1.536 0.000  0.670 0.000
 57.291667  58.291667   1.895 0.000  0.601 0.000
 60.291667  61.291667   2.086 0.000  0.846 0.000
 63.291667  64.291667   1.810 0.000  1.281 0.000
 66.291667  67.291667   2.445 0.000  1.452 0.000
 69.291667  70.291667   1.280 0.000  0.899 0.000
 72.291667  73.291667   7.076 0.000  1.568 0.000
 75.291667  76.291667   1.551 0.000  0.548 0.000
 78.291667  79.291667   5.209 0.000  3.279 0.000
 81.291667  82.291667   2.834 0.000  1.292 0.000
 84.291667  85.291667   4.798 0.000  3.020 0.000
 87.291667  88.291667   3.725 0.000  1.679 0.000
 90.291667  91.291667   2.721 0.000  2.409 0.000
 93.291667  94.291667   4.059 0.000  2.307 0.000
 96.291667  97.291667   1.659 0.000  1.062 0.000
 99.291667 100.291667   7.236 0.000  3.201 0.000
102.291667 103.291667   4.401 0.000  2.806 0.000
105.291667 106.291667  47.470 0.000 99.999 0.456
108.291667 109.291667  10.586 0.000  3.837 0.000
111.291667 112.291667   4.264 0.000  1.596 0.000
114.291667 115.291667   8.584 0.000  2.456 0.000
117.291667 118.291667   7.701 0.000  4.172 0.000
120.291667 121.291667 999.999 0.999 99.999 0.999
123.291667 124.291667   4.715 0.000  3.010 0.000
126.291667 127.291667   8.307 0.000  4.352 0.000
129.291667 130.291667   5.167 0.000  1.719 0.000
132.291667 133.291667 999.999 0.999 99.999 0.999
135.291667 136.291667 999.999 0.999 99.999 0.999
138.291667 139.291667 999.999 0.999 99.999 0.999
141.291667 142.291667   1.650 0.000  1.097 0.000
144.291667 145.291667   0.804 0.000  0.691 0.000
147.291667 148.291667   0.127 0.000  0.208 0.000
150.291667 151.291667   1.546 0.000  1.122 0.000
153.291667 154.291667   4.036 0.000  2.925 0.000
156.291667 157.291667   1.262 0.000  0.897 0.000
159.291667 160.291667   0.884 0.000  0.418 0.000
162.291667 163.291667   1.195 0.000  0.272 0.000
165.291667 166.291667   4.806 0.000  2.013 0.000
168.291667 169.291667   6.112 0.000  3.219 0.000
171.291667 172.291667   8.534 0.000  2.757 0.000
174.291667 175.291667   6.229 0.000  3.011 0.000
177.291667 178.291667  16.875 0.000  9.902 0.000
180.291667 181.291667   7.942 0.000  3.095 0.000
183.291667 184.291667  13.782 0.000  7.053 0.000
186.291667 187.291667  11.560 0.000  6.678 0.000
189.291667 190.291667  12.140 0.000  8.489 0.000
192.291667 193.291667 999.999 0.999 99.999 0.999
195.291667 196.291667   8.102 0.000  3.711 0.659
198.291667 199.291667  12.248 0.000  7.995 0.659
201.291667 202.291667  10.668 0.000  5.915 0.659
204.291667 205.291667  10.431 0.000  5.678 0.659
207.291667 208.291667   9.951 0.000  5.444 0.659
210.291667 211.291667  11.561 0.000  6.454 0.659
213.291667 214.291667  16.679 0.000  9.149 0.000
216.291667 217.291667   8.819 0.000  4.804 0.000
219.291667 220.291667 999.999 0.999 99.999 0.999
222.291667 223.291667   4.719 0.000  2.481 0.000
225.291667 226.291667   5.679 0.000  2.978 0.000
228.291667 229.291667   4.422 0.000  2.635 0.000
231.291667 232.291667  12.323 0.000  7.859 0.000
234.291667 235.291667   3.621 0.000  1.966 0.000
237.291667 238.291667  11.936 0.000  7.165 0.000
240.291667 241.291667 999.999 0.999 99.999 0.999
243.291667 244.291667 999.999 0.999 99.999 0.999
246.291667 247.291667   3.243 0.000  2.535 0.000
249.291667 250.291667   1.846 0.000  1.249 0.000
252.291667 253.291667   5.809 0.000  2.849 0.000
255.291667 256.291667   3.106 0.000  1.846 0.000
258.291667 259.291667   3.301 0.000  1.867 0.000
261.291667 262.291667   9.813 0.000  5.153 0.000
264.291667 265.291667   5.034 0.000  3.657 0.000
267.291667 268.291667   5.487 0.000  2.805 0.000
270.291667 271.291667   8.141 0.000  3.179 0.000
273.291667 274.291667   6.986 0.000  3.877 0.000
276.291667 277.291667   8.633 0.000  4.043 0.000
279.291667 280.291667   1.733 0.000  1.134 0.000
282.291667 283.291667   4.697 0.000  1.694 0.000
285.291667 286.291667   0.556 0.000 99.999 0.259
288.291667 289.291667   3.507 0.000  2.512 0.000
291.291667 292.291667   3.237 0.000  2.159 0.000
294.291667 295.291667   1.399 0.000  0.899 0.000
297.291667 298.291667 999.999 0.999 99.999 0.999
300.291667 301.291667 999.999 0.999 99.999 0.999
303.291667 304.291667  10.098 0.000  5.986 0.000
306.291667 307.291667   1.213 0.000  0.918 0.000
309.291667 310.291667   1.326 0.000  0.621 0.000
312.291667 313.291667   0.509 0.000  0.273 0.000
315.291667 316.291667   0.759 0.000  0.366 0.000
318.291667 319.291667   3.621 0.000  1.111 0.000
321.291667 322.291667   1.886 0.000  1.114 0.000
324.291667 325.291667 999.999 0.999 99.999 0.999
327.291667 328.291667   2.285 0.000  0.735 0.000
330.291667 331.291667   5.805 0.000  1.666 0.000
333.291667 334.291667   1.447 0.000  0.339 0.000
336.291667 337.291667   1.103 0.000  0.557 0.000
339.291667 340.291667   9.188 0.000  1.110 0.000
342.291667 343.291667   1.762 0.000  0.527 0.000
345.291667 346.291667   2.625 0.000  0.885 0.000
348.291667 349.291667   2.844 0.000  1.742 0.000
351.291667 352.291667   4.900 0.000  1.188 0.000
354.291667 355.291667   7.246 0.000  1.450 0.000
357.291667 358.291667   2.646 0.000  1.150 0.000
360.291667 361.291667  11.697 0.000  0.540 0.000
363.291667 364.291667   3.290 0.000  0.428 0.000
