scripts/IMPROVE-2019_partial/data/US9042R.20030103080000.20191216000000.filterpack...1y.3d.US03L_filterpack_US9042_YOSE1.US03L_IMPROVE_Davis.lev2.nas
60 1001
MISSING INFORMATION
US03L, IMPROVE, , , , , , , 
MISSING INFORMATION
IMPROVE sel_HTAP
1 1
2003 01 01 2019 12 16
3.000000
days from file reference point
5
1 1 1 1 1
999.999999 999.999 9.999 999.999 9.999
end_time of measurement, days from the file reference point
pm10_mass, ug/m3, Matrix=pm10
numflag pm10_mass, no unit, Matrix=pm10
pm25_mass, ug/m3, Matrix=pm25
numflag pm25_mass, no unit, Matrix=pm25
0
41
Data definition:              EBAS_1.1
Set type code:                TU
Timezone:                     UTC
File name:                    US9042R.20030103080000.20191216000000.filterpack...1y.3d.US03L_filterpack_US9042_YOSE1.US03L_IMPROVE_Davis.lev2.nas
File creation:                20191218120811
Startdate:                    20030103080000
Revision date:                20191216000000
Version:                      2
Version description:          "Data extracted from http://views.cira.colostate.edu/fed/DataWizard 2019-12-16"
Statistics:                   arithmetic mean
Data level:                   2
Period code:                  1y
Resolution code:              3d
Sample duration:              1d
Orig. time res.:              3d
Station code:                 US9042R
Platform code:                US9042S
Station name:                 Yosemite NP
Station WDCA-ID:              GAWAUSCAYOS
Station GAW-ID:               YOS
Station GAW-Name:             Yosemite NP - Turtleback Dome
Station state/province:       CA
Station land use:             Remote park
Station setting:              Mountain
Station GAW type:             C
Station WMO region:           4
Station latitude:             37.7133
Station longitude:            -119.7061
Station altitude:             1605.0 m
Regime:                       IMG
Component:                    
Unit:                         ug/m3
Matrix:                       
Laboratory code:              US03L
Instrument type:              filterpack
Instrument name:              filterpack_US9042_YOSE1
Method ref:                   US03L_IMPROVE_Davis
Blank correction:             Blank corrected
Volume std. temperature:      ambient
Volume std. pressure:         ambient
starttime endtime PM10 flag_PM10 PM2.5 flag_PM2.5
  2.333333   3.333333   1.292 0.000   0.552 0.000
  5.333333   6.333333   1.575 0.000   0.559 0.000
  8.333333   9.333333   5.637 0.000   2.493 0.000
 11.333333  12.333333   1.471 0.000   0.586 0.000
 14.333333  15.333333   0.975 0.000   0.322 0.000
 17.333333  18.333333   0.848 0.000   0.410 0.000
 20.333333  21.333333   2.134 0.000   1.219 0.000
 23.333333  24.333333   3.168 0.000   1.080 0.000
 26.333333  27.333333   2.745 0.000   2.060 0.000
 29.333333  30.333333   1.050 0.000   0.410 0.000
 32.333333  33.333333   1.471 0.000   0.712 0.000
 35.333333  36.333333   5.678 0.000   3.621 0.000
 38.333333  39.333333   3.840 0.000   1.596 0.000
 41.333333  42.333333   2.072 0.000   1.413 0.000
 44.333333  45.333333   1.389 0.000   0.683 0.000
 47.333333  48.333333   1.266 0.000   0.768 0.000
 50.333333  51.333333   1.471 0.000   0.591 0.000
 53.333333  54.333333   7.639 0.000   4.798 0.000
 56.333333  57.333333   3.431 0.000   2.335 0.000
 59.333333  60.333333   3.268 0.000   2.107 0.000
 62.333333  63.333333   5.212 0.000   4.328 0.000
 65.333333  66.333333   4.330 0.000   2.837 0.000
 68.333333  69.333333   3.452 0.000   2.168 0.000
 71.333333  72.333333   7.712 0.000   2.560 0.000
 74.333333  75.333333   2.083 0.000   1.128 0.000
 77.333333  78.333333   5.076 0.000   2.148 0.000
 80.333333  81.333333   3.899 0.000   2.403 0.000
 83.333333  84.333333   4.227 0.000   2.587 0.000
 86.333333  87.333333   7.391 0.000   3.251 0.000
 89.333333  90.333333   3.876 0.000   2.069 0.000
 92.333333  93.333333   2.206 0.000   1.330 0.000
 95.333333  96.333333   4.044 0.000   3.073 0.000
 98.333333  99.333333   5.442 0.000   2.601 0.000
101.333333 102.333333   3.962 0.000   2.504 0.000
104.333333 105.333333   2.518 0.000   1.338 0.000
107.333333 108.333333   4.698 0.000   2.790 0.000
110.333333 111.333333   2.247 0.000   1.282 0.000
113.333333 114.333333   5.279 0.000   3.086 0.000
116.333333 117.333333   5.311 0.000   2.423 0.000
119.333333 120.333333   2.640 0.000   1.471 0.000
122.333333 123.333333   0.654 0.000   0.266 0.000
125.333333 126.333333   7.389 0.000   5.068 0.000
128.333333 129.333333   3.717 0.000   2.552 0.000
131.333333 132.333333   5.239 0.000   3.251 0.000
134.333333 135.333333  10.315 0.000   6.032 0.000
137.333333 138.333333   8.894 0.000   5.349 0.000
140.333333 141.333333   9.165 0.000   4.600 0.000
143.333333 144.333333  13.404 0.000   6.408 0.000
146.333333 147.333333   7.792 0.000   3.888 0.000
149.333333 150.333333  19.915 0.000   6.495 0.000
152.333333 153.333333  12.412 0.000   7.364 0.000
155.333333 156.333333  17.038 0.000   9.388 0.000
158.333333 159.333333  14.333 0.000   9.079 0.000
161.333333 162.333333  19.250 0.000   9.567 0.000
164.333333 165.333333  10.861 0.000   6.199 0.000
167.333333 168.333333  14.197 0.000   8.162 0.000
170.333333 171.333333  13.041 0.000   5.335 0.000
173.333333 174.333333  10.356 0.000   4.649 0.000
176.333333 177.333333   9.313 0.000   3.766 0.000
179.333333 180.333333   9.811 0.000   4.728 0.000
182.333333 183.333333   8.068 0.000   3.251 0.000
185.333333 186.333333  10.276 0.000   5.201 0.000
188.333333 189.333333  12.525 0.000   8.720 0.000
191.333333 192.333333  12.925 0.000   6.232 0.000
194.333333 195.333333   7.346 0.000   3.739 0.000
197.333333 198.333333  16.980 0.000   7.421 0.000
200.333333 201.333333  11.320 0.000   6.619 0.000
203.333333 204.333333  13.227 0.000   8.702 0.000
206.333333 207.333333  12.685 0.000   7.449 0.000
209.333333 210.333333   7.058 0.000   4.163 0.000
212.333333 213.333333   9.690 0.000   5.597 0.000
215.333333 216.333333  11.830 0.000   7.360 0.000
218.333333 219.333333  13.912 0.000   6.442 0.000
221.333333 222.333333  11.830 0.000   6.678 0.000
224.333333 225.333333  17.612 0.000   8.521 0.000
227.333333 228.333333  12.051 0.000   6.166 0.000
230.333333 231.333333  19.071 0.000   8.567 0.000
233.333333 234.333333  13.642 0.000   6.825 0.000
236.333333 237.333333   6.328 0.000   3.891 0.000
239.333333 240.333333  12.903 0.000   6.466 0.000
242.333333 243.333333  11.218 0.000   6.944 0.000
245.333333 246.333333 999.999 0.456   5.328 0.000
248.333333 249.333333 999.999 0.456   1.347 0.000
251.333333 252.333333 999.999 0.456   3.099 0.000
254.333333 255.333333  14.670 0.000   8.635 0.000
257.333333 258.333333  14.629 0.000   6.975 0.000
260.333333 261.333333  16.467 0.000   9.046 0.000
263.333333 264.333333  21.335 0.000  16.267 0.000
266.333333 267.333333  42.824 0.000  35.808 0.559
269.333333 270.333333  44.453 0.000 999.999 0.999
272.333333 273.333333  11.166 0.000 999.999 0.999
275.333333 276.333333  23.287 0.000  15.716 0.000
278.333333 279.333333  17.590 0.000 999.999 0.999
281.333333 282.333333  14.137 0.000 999.999 0.999
284.333333 285.333333  15.053 0.000 999.999 0.999
287.333333 288.333333  14.834 0.000 999.999 0.699
290.333333 291.333333  12.492 0.000   7.645 0.000
293.333333 294.333333  12.239 0.000   8.372 0.000
296.333333 297.333333  14.300 0.000   8.916 0.000
299.333333 300.333333  13.639 0.000   8.946 0.000
302.333333 303.333333  12.309 0.000   3.320 0.000
305.333333 306.333333   8.032 0.000   5.822 0.000
308.333333 309.333333   4.200 0.000   3.772 0.000
311.333333 312.333333   2.928 0.000   2.146 0.000
314.333333 315.333333   2.689 0.000   1.829 0.000
317.333333 318.333333   8.816 0.000   6.766 0.000
320.333333 321.333333   2.703 0.000   1.818 0.000
323.333333 324.333333   3.059 0.000   1.907 0.000
326.333333 327.333333   2.661 0.000   1.924 0.000
329.333333 330.333333   5.239 0.000   4.071 0.000
332.333333 333.333333   1.356 0.000   0.712 0.000
335.333333 336.333333   1.008 0.000   0.690 0.000
338.333333 339.333333   1.447 0.000   1.103 0.000
341.333333 342.333333   1.372 0.000   0.772 0.000
344.333333 345.333333   0.665 0.000   0.267 0.000
347.333333 348.333333   0.582 0.000   0.266 0.000
350.333333 351.333333   0.703 0.000   0.267 0.000
353.333333 354.333333   0.790 0.000   0.384 0.000
356.333333 357.333333   0.832 0.000   0.267 0.000
359.333333 360.333333   0.377 0.000   0.386 0.000
362.333333 363.333333   0.749 0.000   0.541 0.000
