scripts/IMPROVE-2019_partial/data/US9068R.20060102070000.20191216000000.filterpack..pm25.52w.1w.US03L_filterpack_US9068.US03L_IMPROVE_Davis.lev2.nas
66 1001
MISSING INFORMATION
US03L, IMPROVE, , , , , , , 
MISSING INFORMATION
IMPROVE sel_HTAP
1 1
2006 01 01 2019 12 16
3.000000
days from file reference point
27
1 1 1 1 1 1 1 1 1 1 1 1 1 1 1 1 1 1 1 1 1 1 1 1 1 1 1
999.999999 9999.99 9.999 99.99 9.999 9.999 9.999999 9.99 9.999 9.999 9.999999 99.999 9.999 99.999 9.999 999.99 9.999999 999.999 9.999 999.999 9.999 999.999 9.999 9.999 9.999 99.999 9.999999
end_time of measurement, days from the file reference point
iron, ng/m3, Revision date=20181210133000
numflag iron, no unit, Revision date=20181210133000
lead, ng/m3, Revision date=20181210133000
numflag lead, no unit, Revision date=20181210133000
magnesium, ug/m3, Revision date=20181210133000
numflag magnesium, no unit, Revision date=20181210133000
nickel, ng/m3, Revision date=20181210133000
numflag nickel, no unit, Revision date=20181210133000
nitrate, ug N/m3, Revision date=20181210133000
numflag nitrate, no unit, Revision date=20181210133000
organic_carbon, ug C/m3, Revision date=20181210133000
numflag organic_carbon, no unit, Revision date=20181210133000
organic_mass, ug/m3, Revision date=20181210133000
numflag organic_mass, no unit, Revision date=20181210133000
phosphorus, ng/m3, Revision date=20181210133000
numflag phosphorus, no unit, Revision date=20181210133000
pm10_mass, ug/m3, Version=2, Version description=Data extracted from http://views.cira.colostate.edu/fed/DataWizard 2019-12-16, Sample duration=1d, Orig. time res.=3d, Matrix=pm10, Blank correction=Blank corrected, Volume std. temperature=ambient, Volume std. pressure=ambient
numflag pm10_mass, no unit, Version=2, Version description=Data extracted from http://views.cira.colostate.edu/fed/DataWizard 2019-12-16, Sample duration=1d, Orig. time res.=3d, Matrix=pm10, Blank correction=Blank corrected, Volume std. temperature=ambient, Volume std. pressure=ambient
pm10_pm25_mass, ug/m3, Revision date=20181210133000, Matrix=pm10_pm25
numflag pm10_pm25_mass, no unit, Revision date=20181210133000, Matrix=pm10_pm25
pm25_mass, ug/m3, Version=2, Version description=Data extracted from http://views.cira.colostate.edu/fed/DataWizard 2019-12-16, Sample duration=1d, Orig. time res.=3d, Blank correction=Blank corrected, Volume std. temperature=ambient, Volume std. pressure=ambient
numflag pm25_mass, no unit, Version=2, Version description=Data extracted from http://views.cira.colostate.edu/fed/DataWizard 2019-12-16, Sample duration=1d, Orig. time res.=3d, Blank correction=Blank corrected, Volume std. temperature=ambient, Volume std. pressure=ambient
potassium, ug/m3, Revision date=20181210133000
numflag potassium, no unit, Revision date=20181210133000
sulphate_total, ug S/m3, Revision date=20181210133000
numflag sulphate_total, no unit, Revision date=20181210133000
0
25
Data definition:              EBAS_1.1
Set type code:                TU
Timezone:                     UTC
File name:                    US9068R.20060102070000.20191216000000.filterpack..pm25.52w.1w.US03L_filterpack_US9068.US03L_IMPROVE_Davis.lev2.nas
File creation:                20191218121012
Startdate:                    20060102070000
Revision date:                20191216000000
Statistics:                   arithmetic mean
Data level:                   2
Period code:                  52w
Resolution code:              1w
Station code:                 US9068R
Platform code:                US9068S
Station name:                 Salt Creek
Station latitude:             33.4598
Station longitude:            -104.4042
Station altitude:             1072.0 m
Regime:                       IMG
Component:                    
Matrix:                       pm25
Laboratory code:              US03L
Instrument type:              filterpack
Instrument name:              filterpack_US9068
Method ref:                   US03L_IMPROVE_Davis
starttime endtime Fe flag_Fe Pb flag_Pb Mg++ flag_Mg++ Ni flag_Ni NO3- flag_NO3- OC flag_OC OM flag_OM P flag_P PM10 flag_PM10 PM10-PM2.5 flag_PM10-PM2.5 PM2.5 flag_PM2.5 K+ flag_K+ SO4-- flag_SO4--
  1.291667   2.291667   33.25 0.000  0.43 0.000 0.014 0.000000 9.99 0.259 0.051 0.000000  0.634 0.000  0.887 0.000 999.99 0.259000   8.409 0.000   6.205 0.000   2.203 0.000 0.083 0.000  0.068 0.000000
  4.291667   5.291667   23.33 0.000  0.41 0.000 0.011 0.000000 9.99 0.259 0.041 0.000000  0.390 0.000  0.546 0.000 999.99 0.259000  14.504 0.000  12.644 0.000   1.860 0.000 0.023 0.000  0.099 0.000000
  7.291667   8.291667   75.63 0.000  1.14 0.000 0.046 0.000000 9.99 0.259 0.051 0.000000  0.513 0.000  0.718 0.000 999.99 0.259000  13.898 0.000  10.799 0.000   3.098 0.000 0.062 0.000  0.101 0.000000
 10.291667  11.291667   72.49 0.000  0.88 0.000 0.027 0.000000 9.99 0.259 0.052 0.559000  0.737 0.559  1.032 0.559  17.99 0.000000  16.931 0.000  13.487 0.000   3.444 0.000 0.088 0.000  0.076 0.559000
 13.291667  14.291667   52.64 0.000  0.39 0.000 0.035 0.000000 9.99 0.259 0.208 0.559000  0.763 0.559  1.068 0.559  23.08 0.000000  23.441 0.000  19.016 0.000   4.425 0.000 0.109 0.000  0.136 0.559000
 16.291667  17.291667   16.86 0.000  0.37 0.000 9.999 0.259000 9.99 0.259 0.053 0.559000  0.422 0.559  0.591 0.559 999.99 0.259000   8.239 0.000   6.645 0.000   1.594 0.000 0.023 0.000  0.076 0.559000
 19.291667  20.291667   24.90 0.000  0.43 0.000 9.999 0.259000 9.99 0.259 0.034 0.000000  0.216 0.559  0.302 0.559 999.99 0.259000   5.326 0.000   3.673 0.000   1.653 0.000 0.018 0.000  0.098 0.000000
 22.291667  23.291667   38.15 0.000  1.07 0.000 0.014 0.000000 9.99 0.259 0.303 0.559000  0.700 0.559  0.981 0.559 999.99 0.259000  22.332 0.000  17.985 0.000   4.347 0.000 0.041 0.000  0.190 0.559000
 25.291667  26.291667   42.67 0.000  1.03 0.000 0.020 0.000000 0.18 0.000 0.158 0.559000  0.887 0.559  1.242 0.559 999.99 0.259000  22.514 0.000  17.317 0.000   5.197 0.000 0.069 0.000  0.450 0.559000
 28.291667  29.291667   13.44 0.000  0.57 0.000 0.011 0.000000 9.99 0.259 0.025 0.559000  0.195 0.000  0.273 0.000 999.99 0.259000   4.150 0.000   3.064 0.000   1.086 0.000 0.011 0.000  0.071 0.559000
 31.291667  32.291667   40.58 0.000  0.61 0.000 9.999 0.259000 9.99 0.259 0.026 0.000000  0.306 0.000  0.428 0.000 999.99 0.259000   8.443 0.000   6.543 0.000   1.899 0.000 0.028 0.000  0.094 0.000000
 34.291667  35.291667   29.52 0.000  0.88 0.000 9.999 0.259000 0.08 0.000 0.081 0.000000  0.835 0.000  1.169 0.000 999.99 0.259000  11.808 0.000   9.828 0.000   1.980 0.000 0.034 0.000  0.173 0.000000
 37.291667  38.291667   44.18 0.000  0.77 0.000 9.999 0.259000 9.99 0.259 0.102 0.000000  0.377 0.559  0.527 0.559 999.99 0.259000  18.518 0.000  16.227 0.000   2.291 0.000 0.041 0.000  0.090 0.000000
 40.291667  41.291667   40.87 0.000  0.16 0.000 9.999 0.259000 9.99 0.259 0.086 0.000000  0.420 0.559  0.588 0.559 999.99 0.259000  15.658 0.000  13.142 0.000   2.516 0.000 0.045 0.000  0.130 0.000000
 43.291667  44.291667   44.05 0.000  0.49 0.000 9.999 0.259000 9.99 0.259 0.114 0.000000  0.436 0.559  0.610 0.559 999.99 0.259000  13.049 0.000  10.696 0.000   2.353 0.000 0.043 0.000  0.113 0.000000
 46.291667  47.291667  139.72 0.000  0.78 0.000 0.065 0.000000 9.99 0.259 0.168 0.000000  0.676 0.000  0.947 0.000 999.99 0.259000  27.271 0.000  20.235 0.000   7.036 0.000 0.102 0.000  0.320 0.000000
 49.291667  50.291667   32.25 0.000  0.79 0.000 9.999 0.259000 9.99 0.259 0.540 0.000000  0.717 0.559  1.004 0.559 999.99 0.259000  20.022 0.000  12.586 0.000   7.436 0.000 0.050 0.000  0.611 0.000000
 52.291667  53.291667   45.09 0.000  1.06 0.000 0.022 0.000000 9.99 0.259 0.033 0.559000  0.285 0.000  0.398 0.000 999.99 0.259000  17.098 0.000  14.410 0.000   2.688 0.000 0.035 0.000  0.135 0.559000
 55.291667  56.291667   39.67 0.000  1.12 0.000 9.999 0.259000 9.99 0.259 0.295 0.559000  1.112 0.000  1.557 0.000 999.99 0.259000  18.406 0.000  13.257 0.000   5.149 0.000 0.040 0.000  0.415 0.559000
 58.291667  59.291667   33.58 0.000  0.81 0.000 0.011 0.000000 9.99 0.259 0.028 0.559000  0.548 0.000  0.767 0.000 999.99 0.259000   9.954 0.000   7.652 0.000   2.302 0.000 0.032 0.000  0.154 0.559000
 61.291667  62.291667   58.11 0.000  1.13 0.000 9.999 0.259000 9.99 0.259 0.122 0.559000  1.519 0.000  2.127 0.000 999.99 0.259000  29.701 0.000  22.154 0.000   7.547 0.000 0.063 0.000  0.698 0.559000
 64.291667  65.291667   60.95 0.394  0.39 0.394 9.999 0.394259 0.13 0.394 0.034 0.559394  0.548 0.394  0.767 0.394 999.99 0.394259  28.299 0.000  24.549 0.394   3.750 0.000 0.049 0.394  0.322 0.559394
 67.291667  68.291667   68.62 0.000  0.32 0.000 9.999 0.259000 0.09 0.000 0.014 0.000000  0.294 0.000  0.411 0.000 999.99 0.259000  11.334 0.000   8.050 0.000   3.284 0.000 0.042 0.000  0.110 0.000000
 70.291667  71.291667  516.95 0.000  1.72 0.000 0.193 0.000000 9.99 0.259 0.044 0.000000  0.844 0.000  1.182 0.000 999.99 0.259000  75.698 0.000  59.898 0.000  15.800 0.000 0.354 0.000  0.408 0.000000
 73.291667  74.291667   99.70 0.000  0.67 0.000 0.071 0.000000 9.99 0.259 0.119 0.000000  1.115 0.000  1.561 0.000 999.99 0.259000  57.131 0.000  49.833 0.000   7.298 0.000 0.107 0.000  0.453 0.000000
 76.291667  77.291667   33.00 0.000  1.55 0.000 9.999 0.259000 0.30 0.000 0.352 0.000000  1.199 0.000  1.678 0.000 999.99 0.259000  21.955 0.000  11.734 0.000  10.221 0.000 0.058 0.000  1.343 0.000000
 79.291667  80.291667 9999.99 0.999 99.99 0.999 9.999 0.999000 9.99 0.999 9.999 0.999000 99.999 0.999 99.999 0.999 999.99 0.999000 999.999 0.999 999.999 0.999 999.999 0.999 9.999 0.999 99.999 0.999000
 82.291667  83.291667   26.10 0.000  0.70 0.000 9.999 0.259000 9.99 0.259 0.645 0.000000  0.724 0.000  1.013 0.000 999.99 0.259000  22.145 0.000  14.212 0.000   7.934 0.000 0.034 0.000  0.809 0.000000
 85.291667  86.291667   80.57 0.000  0.50 0.000 0.019 0.000000 9.99 0.259 0.037 0.000000  0.366 0.000  0.512 0.000 999.99 0.259000  13.156 0.000  10.363 0.000   2.794 0.000 0.046 0.000  0.152 0.000000
 88.291667  89.291667   54.94 0.000  0.86 0.000 0.022 0.000000 9.99 0.259 0.029 0.000000  0.331 0.000  0.464 0.000 999.99 0.259000  16.017 0.000  12.996 0.000   3.021 0.000 0.042 0.000  0.216 0.000000
 91.291667  92.291667   64.60 0.000  1.38 0.000 0.037 0.000000 0.10 0.000 0.038 0.000000  0.145 0.000  0.204 0.000 999.99 0.259000   8.546 0.000   5.837 0.000   2.708 0.000 0.042 0.000  0.230 0.000000
 94.291667  95.291667  219.91 0.000  0.34 0.000 0.149 0.000000 9.99 0.259 0.134 0.000000  1.003 0.000  1.404 0.000 999.99 0.259000  56.041 0.000  45.185 0.000  10.856 0.000 0.196 0.000  0.697 0.000000
 97.291667  98.291667   67.87 0.000  0.77 0.000 0.030 0.000000 9.99 0.259 0.065 0.000000  0.784 0.000  1.097 0.000 999.99 0.259000  21.859 0.000  16.628 0.000   5.231 0.000 0.060 0.000  0.493 0.000000
100.291667 101.291667  105.53 0.000 99.99 0.259 0.065 0.000000 9.99 0.259 0.017 0.000000  1.086 0.000  1.521 0.000 999.99 0.259000  25.305 0.000  21.369 0.000   3.937 0.000 0.076 0.000  0.185 0.000000
103.291667 104.291667   66.55 0.000  0.40 0.000 0.044 0.000000 0.19 0.000 0.182 0.000000  0.834 0.000  1.167 0.000 999.99 0.259000  23.164 0.000  13.899 0.000   9.265 0.000 0.085 0.000  1.270 0.000000
106.291667 107.291667  214.65 0.000  1.14 0.000 0.166 0.000000 9.99 0.259 0.030 0.000000  0.377 0.000  0.528 0.000 999.99 0.259000  26.615 0.000  19.992 0.000   6.623 0.000 0.127 0.000  0.325 0.000000
109.291667 110.291667  109.30 0.000  0.48 0.000 0.052 0.000000 0.14 0.000 0.102 0.000000  1.243 0.000  1.740 0.000 999.99 0.259000  42.023 0.000  35.130 0.000   6.894 0.000 0.100 0.000  0.439 0.000000
112.291667 113.291667   59.60 0.000  0.34 0.000 0.035 0.000000 9.99 0.259 0.177 0.000000  1.657 0.000  2.320 0.000 999.99 0.259000  19.336 0.000  10.937 0.000   8.399 0.000 0.115 0.000  0.847 0.000000
115.291667 116.291667   77.40 0.000  0.53 0.000 0.031 0.000000 9.99 0.259 0.033 0.559000  0.601 0.000  0.841 0.000 999.99 0.259000  25.581 0.000  21.358 0.000   4.222 0.000 0.056 0.000  0.264 0.559000
118.291667 119.291667 9999.99 0.999 99.99 0.999 9.999 0.999000 9.99 0.999 9.999 0.999000 99.999 0.999 99.999 0.999 999.99 0.999000 999.999 0.999 999.999 0.999 999.999 0.999 9.999 0.999 99.999 0.999000
121.291667 122.291667 9999.99 0.999 99.99 0.999 9.999 0.999000 9.99 0.999 9.999 0.999000 99.999 0.999 99.999 0.999 999.99 0.999000 999.999 0.999 999.999 0.999 999.999 0.999 9.999 0.999 99.999 0.999000
124.291667 125.291667   64.73 0.000  0.71 0.000 9.999 0.259000 0.19 0.000 0.091 0.559000  1.410 0.000  1.974 0.000 999.99 0.259000  24.119 0.000  16.679 0.000   7.440 0.000 0.080 0.000  0.678 0.559000
127.291667 128.291667   88.64 0.000  1.29 0.000 9.999 0.259000 9.99 0.259 0.053 0.559000  0.912 0.000  1.278 0.000 999.99 0.259000  15.471 0.000   9.720 0.000   5.751 0.000 0.068 0.000  0.481 0.559000
130.291667 131.291667   54.26 0.000  0.95 0.000 9.999 0.259000 9.99 0.259 0.063 0.559000  0.550 0.000  0.771 0.000 999.99 0.259000  26.026 0.000  21.801 0.000   4.225 0.000 0.043 0.000  0.331 0.559000
133.291667 134.291667   88.35 0.000  1.83 0.000 9.999 0.259000 9.99 0.259 0.051 0.559000  1.210 0.559  1.695 0.559 999.99 0.259000  28.207 0.000  21.107 0.000   7.100 0.000 0.070 0.000  0.548 0.559000
136.291667 137.291667   56.12 0.000  1.93 0.000 9.999 0.259000 9.99 0.259 0.116 0.559000  0.815 0.000  1.141 0.000 999.99 0.259000  10.832 0.000   6.243 0.000   4.589 0.000 0.034 0.000  0.322 0.559000
139.291667 140.291667   53.42 0.000  0.69 0.000 9.999 0.259000 9.99 0.259 0.019 0.559000  0.657 0.000  0.920 0.000 999.99 0.259000  13.570 0.000   9.625 0.000   3.945 0.000 0.037 0.000  0.277 0.559000
142.291667 143.291667 9999.99 0.456 99.99 0.456 9.999 0.456000 9.99 0.456 0.052 0.559000  0.805 0.000  1.126 0.000 999.99 0.456000  18.990 0.000 999.999 0.456 999.999 0.456 9.999 0.456  0.604 0.559000
145.291667 146.291667  104.93 0.000  0.59 0.000 9.999 0.259000 0.79 0.000 0.101 0.000000  1.324 0.000  1.854 0.000 999.99 0.259000  22.496 0.000  13.545 0.000   8.951 0.000 0.104 0.000  0.579 0.000000
148.291667 149.291667   72.10 0.000  0.72 0.000 9.999 0.259000 0.13 0.000 0.063 0.000000  0.680 0.000  0.952 0.000 999.99 0.259000  19.134 0.000  14.566 0.000   4.569 0.000 0.067 0.000  0.258 0.000000
151.291667 152.291667   57.61 0.000  0.33 0.000 0.036 0.000000 0.42 0.000 0.028 0.000000  0.784 0.000  1.098 0.000 999.99 0.259000  16.266 0.000  10.884 0.000   5.382 0.000 0.050 0.000  0.356 0.000000
154.291667 155.291667   73.59 0.000  0.85 0.000 0.040 0.000000 0.16 0.000 0.047 0.000000  0.971 0.000  1.359 0.000 999.99 0.259000  24.884 0.000  18.092 0.000   6.792 0.000 0.068 0.000  0.670 0.000000
157.291667 158.291667 9999.99 0.999 99.99 0.999 9.999 0.999000 9.99 0.999 9.999 0.999000 99.999 0.999 99.999 0.999 999.99 0.999000 999.999 0.999 999.999 0.999 999.999 0.999 9.999 0.999 99.999 0.999000
160.291667 161.291667   37.34 0.000  0.49 0.000 0.019 0.000000 0.21 0.000 0.039 0.000000  0.670 0.000  0.938 0.000 999.99 0.259000  11.066 0.000   6.887 0.000   4.178 0.000 0.043 0.000  0.369 0.000000
163.291667 164.291667   66.18 0.000  0.51 0.000 0.031 0.000000 0.16 0.000 0.026 0.000000  0.793 0.000  1.110 0.000 999.99 0.259000  18.577 0.000  12.592 0.000   5.985 0.000 0.059 0.000  0.594 0.000000
166.291667 167.291667  112.54 0.000  0.96 0.000 0.064 0.000000 0.18 0.000 0.038 0.000000  1.253 0.000  1.754 0.000 999.99 0.259000  31.674 0.000  22.591 0.000   9.083 0.000 0.103 0.000  0.673 0.000000
169.291667 170.291667   84.60 0.000  0.68 0.000 0.047 0.000000 0.17 0.000 0.080 0.000000  1.193 0.000  1.670 0.000 999.99 0.259000  41.138 0.000  32.053 0.000   9.085 0.000 0.092 0.000  0.906 0.000000
172.291667 173.291667  443.78 0.000  0.99 0.000 0.184 0.000000 0.33 0.000 0.114 0.000000  1.441 0.000  2.018 0.000 999.99 0.259000  60.181 0.000  44.125 0.000  16.056 0.000 0.257 0.000  0.830 0.000000
175.291667 176.291667   38.14 0.000  0.61 0.000 0.016 0.000000 9.99 0.259 0.017 0.000000  0.573 0.559  0.801 0.559 999.99 0.259000  12.263 0.000   8.591 0.000   3.672 0.000 0.039 0.000  0.297 0.000000
178.291667 179.291667   29.27 0.000  1.42 0.000 0.020 0.000000 9.99 0.259 0.215 0.000000  1.091 0.000  1.528 0.000 999.99 0.259000  15.335 0.000   7.247 0.000   8.088 0.000 0.047 0.000  0.975 0.000000
181.291667 182.291667   37.28 0.000  0.59 0.000 0.012 0.000000 0.20 0.000 0.057 0.000000  0.977 0.000  1.759 0.000 999.99 0.259000  14.256 0.000   6.951 0.000   7.305 0.000 0.048 0.000  0.945 0.000000
184.291667 185.291667   30.25 0.000  0.59 0.000 0.011 0.000000 9.99 0.259 0.042 0.000000  0.766 0.000  1.379 0.000 999.99 0.259000  11.224 0.000   5.846 0.000   5.377 0.000 0.071 0.000  0.652 0.000000
187.291667 188.291667   23.61 0.000  1.05 0.000 9.999 0.259000 0.11 0.000 0.081 0.000000  0.848 0.000  1.526 0.000 999.99 0.259000  16.398 0.000   9.654 0.000   6.745 0.000 0.045 0.000  0.855 0.000000
190.291667 191.291667   32.47 0.000  0.69 0.000 9.999 0.259000 9.99 0.259 0.022 0.000000  0.700 0.000  1.260 0.000 999.99 0.259000  13.051 0.000   8.876 0.000   4.175 0.000 0.027 0.000  0.439 0.000000
193.291667 194.291667   70.38 0.000  0.67 0.000 0.016 0.000000 0.13 0.000 0.032 0.000000  0.381 0.000  0.686 0.000 999.99 0.259000  22.476 0.000  17.783 0.000   4.693 0.000 0.054 0.000  0.297 0.000000
196.291667 197.291667   51.81 0.000  1.44 0.000 0.013 0.000000 0.16 0.000 0.091 0.000000  0.771 0.000  1.387 0.000 999.99 0.259000  14.899 0.000  10.113 0.000   4.786 0.000 0.049 0.000  0.370 0.000000
199.291667 200.291667 9999.99 0.999 99.99 0.999 9.999 0.999000 9.99 0.999 9.999 0.999000 99.999 0.999 99.999 0.999 999.99 0.999000 999.999 0.999 999.999 0.999 999.999 0.999 9.999 0.999 99.999 0.999000
202.291667 203.291667   46.40 0.000  0.75 0.000 9.999 0.259000 0.20 0.000 0.033 0.000000  1.363 0.000  2.453 0.000 999.99 0.259000  19.855 0.000  12.858 0.000   6.997 0.000 0.054 0.000  0.575 0.000000
205.291667 206.291667   46.87 0.000  0.70 0.000 9.999 0.259000 9.99 0.259 0.036 0.000000  0.623 0.559  1.121 0.559 999.99 0.259000  19.834 0.000  13.084 0.000   6.750 0.000 0.043 0.000  0.770 0.000000
208.291667 209.291667   43.89 0.000  0.60 0.000 9.999 0.259000 0.13 0.000 0.050 0.000000  0.617 0.000  1.111 0.000 999.99 0.259000  10.202 0.000   5.775 0.000   4.427 0.000 0.038 0.000  0.410 0.000000
211.291667 212.291667   13.05 0.000  0.89 0.000 0.010 0.000000 9.99 0.259 0.051 0.000000  0.279 0.000  0.502 0.000 999.99 0.259000   5.500 0.000   2.614 0.000   2.887 0.000 0.017 0.000  0.363 0.000000
214.291667 215.291667   78.06 0.000  0.30 0.000 9.999 0.259000 9.99 0.259 0.055 0.000000  0.900 0.000  1.619 0.000 999.99 0.259000  10.242 0.000   4.951 0.000   5.291 0.000 0.047 0.000  0.408 0.000000
217.291667 218.291667   45.17 0.000  0.76 0.000 0.012 0.000000 0.18 0.000 0.050 0.000000  0.398 0.559  0.717 0.559 999.99 0.259000   8.293 0.000   4.268 0.000   4.025 0.000 0.026 0.000  0.414 0.000000
220.291667 221.291667 9999.99 0.999 99.99 0.999 9.999 0.999000 9.99 0.999 9.999 0.999000 99.999 0.999 99.999 0.999 999.99 0.999000 999.999 0.999 999.999 0.999 999.999 0.999 9.999 0.999 99.999 0.999000
223.291667 224.291667   41.14 0.000  0.71 0.000 9.999 0.259000 9.99 0.259 0.051 0.000000  0.562 0.000  1.011 0.000 999.99 0.259000  13.120 0.000   9.750 0.000   3.370 0.000 0.034 0.000  0.261 0.000000
226.291667 227.291667   22.76 0.000  0.34 0.000 9.999 0.259000 9.99 0.259 0.069 0.000000  0.360 0.000  0.649 0.000 999.99 0.259000   5.759 0.000   2.566 0.000   3.193 0.000 0.016 0.000  0.372 0.000000
229.291667 230.291667   15.37 0.000  0.95 0.000 9.999 0.259000 9.99 0.259 0.053 0.000000  0.512 0.000  0.921 0.000 999.99 0.259000   7.153 0.000   4.567 0.000   2.586 0.000 0.012 0.000  0.173 0.000000
232.291667 233.291667   22.12 0.000  0.74 0.000 9.999 0.259000 0.15 0.000 0.105 0.000000  0.546 0.000  0.983 0.000 999.99 0.259000   8.507 0.000   3.579 0.000   4.927 0.000 0.017 0.000  0.775 0.000000
235.291667 236.291667   28.66 0.000  0.85 0.000 9.999 0.259000 0.19 0.000 0.125 0.000000  0.826 0.000  1.487 0.000 999.99 0.259000  11.734 0.000   5.293 0.000   6.441 0.000 0.018 0.000  0.865 0.000000
