scripts/IMPROVE-2019_partial/data/US9003R.20020102050000.20191216000000.filterpack..pm25.52w.1w.US03L_filterpack_US9003.US03L_IMPROVE_Davis.lev2.nas
66 1001
MISSING INFORMATION
US03L, IMPROVE, , , , , , , 
MISSING INFORMATION
IMPROVE sel_HTAP
1 1
2002 01 01 2019 12 16
3.000000
days from file reference point
27
1 1 1 1 1 1 1 1 1 1 1 1 1 1 1 1 1 1 1 1 1 1 1 1 1 1 1
999.999999 9999.99 9.999 99.99 9.999 9.999 9.999 99.99 9.999 9.999 9.999 999.999 9.999 999.999 9.999 999.99 9.999 999.999 9.999 999.999 9.999 999.999 9.999 9.999 9.999 99.999 9.999
end_time of measurement, days from the file reference point
iron, ng/m3, Revision date=20181210133000
numflag iron, no unit, Revision date=20181210133000
lead, ng/m3, Revision date=20181210133000
numflag lead, no unit, Revision date=20181210133000
magnesium, ug/m3, Revision date=20181210133000
numflag magnesium, no unit, Revision date=20181210133000
nickel, ng/m3, Revision date=20181210133000
numflag nickel, no unit, Revision date=20181210133000
nitrate, ug N/m3, Revision date=20181210133000
numflag nitrate, no unit, Revision date=20181210133000
organic_carbon, ug C/m3, Revision date=20181210133000
numflag organic_carbon, no unit, Revision date=20181210133000
organic_mass, ug/m3, Revision date=20181210133000
numflag organic_mass, no unit, Revision date=20181210133000
phosphorus, ng/m3, Revision date=20181210133000
numflag phosphorus, no unit, Revision date=20181210133000
pm10_mass, ug/m3, Version=2, Version description=Data extracted from http://views.cira.colostate.edu/fed/DataWizard 2019-12-16, Sample duration=1d, Orig. time res.=3d, Matrix=pm10, Blank correction=Blank corrected, Volume std. temperature=ambient, Volume std. pressure=ambient
numflag pm10_mass, no unit, Version=2, Version description=Data extracted from http://views.cira.colostate.edu/fed/DataWizard 2019-12-16, Sample duration=1d, Orig. time res.=3d, Matrix=pm10, Blank correction=Blank corrected, Volume std. temperature=ambient, Volume std. pressure=ambient
pm10_pm25_mass, ug/m3, Revision date=20181210133000, Matrix=pm10_pm25
numflag pm10_pm25_mass, no unit, Revision date=20181210133000, Matrix=pm10_pm25
pm25_mass, ug/m3, Version=2, Version description=Data extracted from http://views.cira.colostate.edu/fed/DataWizard 2019-12-16, Sample duration=1d, Orig. time res.=3d, Blank correction=Blank corrected, Volume std. temperature=ambient, Volume std. pressure=ambient
numflag pm25_mass, no unit, Version=2, Version description=Data extracted from http://views.cira.colostate.edu/fed/DataWizard 2019-12-16, Sample duration=1d, Orig. time res.=3d, Blank correction=Blank corrected, Volume std. temperature=ambient, Volume std. pressure=ambient
potassium, ug/m3, Revision date=20181210133000
numflag potassium, no unit, Revision date=20181210133000
sulphate_total, ug S/m3, Revision date=20181210133000
numflag sulphate_total, no unit, Revision date=20181210133000
0
25
Data definition:              EBAS_1.1
Set type code:                TU
Timezone:                     UTC
File name:                    US9003R.20020102050000.20191216000000.filterpack..pm25.52w.1w.US03L_filterpack_US9003.US03L_IMPROVE_Davis.lev2.nas
File creation:                20191218120525
Startdate:                    20020102050000
Revision date:                20191216000000
Statistics:                   arithmetic mean
Data level:                   2
Period code:                  52w
Resolution code:              1w
Station code:                 US9003R
Platform code:                US9003S
Station name:                 Mohawk Mt.
Station latitude:             41.8214
Station longitude:            -73.2973
Station altitude:             521.0 m
Regime:                       IMG
Component:                    
Matrix:                       pm25
Laboratory code:              US03L
Instrument type:              filterpack
Instrument name:              filterpack_US9003
Method ref:                   US03L_IMPROVE_Davis
starttime endtime Fe flag_Fe Pb flag_Pb Mg++ flag_Mg++ Ni flag_Ni NO3- flag_NO3- OC flag_OC OM flag_OM P flag_P PM10 flag_PM10 PM10-PM2.5 flag_PM10-PM2.5 PM2.5 flag_PM2.5 K+ flag_K+ SO4-- flag_SO4--
[from data line 84]
253.208333 254.208333   47.16 0.000  1.45 0.000 9.999 0.259  2.61 0.000 0.158 0.000   1.172 0.000   1.640 0.000 999.99 0.259  15.441 0.000   9.242 0.000   6.199 0.000 0.021 0.000  0.764 0.000
256.208333 257.208333   61.47 0.000  3.62 0.000 9.999 0.259  1.34 0.000 0.182 0.000   3.295 0.000   4.613 0.000 999.99 0.259  26.716 0.000   7.313 0.000  19.403 0.000 0.050 0.000  2.635 0.000
259.208333 260.208333   31.47 0.000  3.31 0.000 0.026 0.000  1.03 0.000 0.058 0.000   1.285 0.000   1.800 0.000 999.99 0.259   9.959 0.000   3.154 0.000   6.805 0.000 0.032 0.000  0.784 0.000
262.208333 263.208333   36.86 0.000  2.09 0.000 9.999 0.259  1.95 0.000 0.114 0.000   1.698 0.000   2.377 0.000 999.99 0.259  14.471 0.000   3.028 0.000  11.443 0.000 0.022 0.000  1.668 0.000
265.208333 266.208333   12.62 0.000  1.27 0.000 9.999 0.259  0.63 0.000 0.037 0.000   0.621 0.000   0.869 0.000 999.99 0.259   6.154 0.000   2.592 0.000   3.562 0.000 0.019 0.000  0.475 0.000
268.208333 269.208333   22.13 0.000  2.03 0.000 9.999 0.259  0.73 0.000 0.030 0.000   1.235 0.000   1.729 0.000 999.99 0.259   6.860 0.000   1.765 0.000   5.095 0.000 0.029 0.000  0.266 0.000
271.208333 272.208333   18.73 0.000  1.68 0.000 9.999 0.259  0.55 0.000 0.105 0.000   1.106 0.000   1.548 0.000  20.73 0.000   6.066 0.000   2.248 0.000   3.818 0.000 0.036 0.000  0.473 0.000
274.208333 275.208333   51.86 0.000  4.33 0.000 9.999 0.259  1.21 0.000 0.171 0.000   3.482 0.000   4.874 0.000 999.99 0.259  32.798 0.000   6.047 0.000  26.751 0.000 0.055 0.000  4.905 0.000
277.208333 278.208333   15.78 0.000  1.30 0.000 0.034 0.000  0.59 0.000 0.052 0.000   1.092 0.000   1.529 0.000 999.99 0.259  13.931 0.000   4.166 0.000   9.765 0.000 0.035 0.000  1.854 0.000
280.208333 281.208333   15.24 0.000  0.81 0.000 9.999 0.259  0.35 0.000 0.023 0.000   0.543 0.000   0.760 0.000 999.99 0.259   4.988 0.000   2.569 0.000   2.420 0.000 0.019 0.000  0.206 0.000
283.208333 284.208333    8.99 0.000  0.84 0.000 9.999 0.259  0.42 0.000 0.064 0.000   0.434 0.000   0.608 0.000 999.99 0.259   3.030 0.000   0.563 0.000   2.467 0.000 0.014 0.000  0.260 0.000
286.208333 287.208333    7.60 0.000  0.90 0.000 9.999 0.259  0.25 0.000 0.019 0.000   0.341 0.000   0.478 0.000 999.99 0.259   3.640 0.000   1.858 0.000   1.781 0.000 0.016 0.000  0.245 0.000
289.208333 290.208333   11.63 0.000  0.96 0.000 9.999 0.259  0.50 0.000 0.019 0.000   0.473 0.000   0.663 0.000 999.99 0.259   3.642 0.000   0.876 0.000   2.765 0.000 0.017 0.000  0.367 0.000
292.208333 293.208333    8.15 0.000  1.40 0.000 9.999 0.259  0.40 0.000 0.028 0.000   0.634 0.000   0.888 0.000 999.99 0.259   5.166 0.000   1.246 0.000   3.920 0.000 0.019 0.000  0.590 0.000
295.208333 296.208333   18.47 0.000  1.84 0.000 0.019 0.000  0.78 0.000 0.158 0.000   0.913 0.000   1.279 0.000 999.99 0.259   5.471 0.000   1.360 0.000   4.112 0.000 0.023 0.000  0.607 0.000
298.208333 299.208333    9.62 0.000  1.02 0.000 0.020 0.000  0.61 0.000 0.055 0.000   0.477 0.000   0.667 0.000 999.99 0.259   2.625 0.000   0.125 0.000   2.500 0.000 0.015 0.000  0.338 0.000
301.208333 302.208333   11.85 0.000  1.77 0.000 9.999 0.259  0.27 0.000 0.041 0.000   0.544 0.000   0.761 0.000 999.99 0.259   3.851 0.000   1.081 0.000   2.770 0.000 0.021 0.000  0.356 0.000
304.208333 305.208333   23.18 0.000  2.05 0.000 9.999 0.259  0.61 0.000 0.168 0.559   0.820 0.000   1.148 0.000 999.99 0.259   5.368 0.000   1.458 0.000   3.910 0.000 0.028 0.000  0.522 0.559
307.208333 308.208333   30.82 0.000  2.97 0.000 9.999 0.259  1.26 0.000 0.298 0.000   1.674 0.000   2.344 0.000 999.99 0.259   8.649 0.000   0.926 0.000   7.723 0.000 0.041 0.000  1.036 0.000
310.208333 311.208333    7.87 0.000  1.11 0.000 9.999 0.259  0.21 0.000 0.032 0.000   0.300 0.000   0.420 0.000 999.99 0.259   2.761 0.000   0.733 0.000   2.028 0.000 0.016 0.000  0.289 0.000
313.208333 314.208333   28.59 0.000  1.60 0.000 0.033 0.000  1.53 0.000 0.356 0.000   1.654 0.000   2.315 0.000 999.99 0.259  10.751 0.000   1.523 0.000   9.229 0.000 0.041 0.000  1.255 0.000
316.208333 317.208333   13.26 0.000  1.09 0.000 9.999 0.259  0.33 0.000 0.107 0.000   0.443 0.000   0.620 0.000 999.99 0.259   3.830 0.000   0.465 0.000   3.365 0.000 0.017 0.000  0.522 0.000
319.208333 320.208333    8.48 0.000  0.85 0.000 9.999 0.259  0.48 0.000 0.063 0.000   0.391 0.000   0.547 0.000 999.99 0.259   2.609 0.000   0.162 0.000   2.447 0.000 0.017 0.000  0.315 0.000
322.208333 323.208333   29.94 0.000  1.74 0.000 9.999 0.259  1.21 0.000 0.152 0.000   1.193 0.000   1.670 0.000 999.99 0.259   6.590 0.000   0.901 0.000   5.688 0.000 0.029 0.000  0.798 0.000
325.208333 326.208333   11.00 0.000  1.14 0.000 0.021 0.000  0.95 0.000 0.067 0.559   0.733 0.000   1.026 0.000 999.99 0.259   3.157 0.000 999.999 0.259   3.519 0.000 0.020 0.000  0.451 0.559
328.208333 329.208333   43.38 0.000  5.88 0.000 9.999 0.259  1.36 0.000 0.683 0.000   2.157 0.000   3.020 0.000 999.99 0.259  13.515 0.000   3.006 0.000  10.509 0.000 0.096 0.000  1.264 0.000
331.208333 332.208333   14.36 0.000  1.23 0.000 9.999 0.259  0.22 0.000 0.135 0.000   0.546 0.000   0.765 0.000 999.99 0.259   3.867 0.000   0.865 0.000   3.002 0.000 0.022 0.000  0.321 0.000
334.208333 335.208333    6.16 0.000  0.74 0.000 9.999 0.259  0.18 0.000 0.034 0.000   0.283 0.000   0.397 0.000 999.99 0.259   2.893 0.000   1.089 0.000   1.805 0.000 0.012 0.000  0.250 0.000
337.208333 338.208333   11.64 0.000  1.17 0.000 0.025 0.000  0.30 0.000 0.136 0.000   0.543 0.000   0.760 0.000 999.99 0.259   4.657 0.000   1.215 0.000   3.442 0.000 0.019 0.000  0.437 0.000
340.208333 341.208333   44.20 0.000  5.86 0.000 9.999 0.259  2.14 0.000 0.513 0.559   1.964 0.000   2.749 0.000 999.99 0.259  14.312 0.000   2.519 0.000  11.793 0.000 0.053 0.000  1.401 0.559
343.208333 344.208333   43.07 0.000  2.62 0.000 0.025 0.000  2.55 0.000 0.435 0.000   1.334 0.000   1.868 0.000 999.99 0.259  11.526 0.000   4.226 0.000   7.300 0.000 0.045 0.000  0.550 0.000
346.208333 347.208333   25.98 0.000  1.31 0.000 0.018 0.000  0.98 0.000 0.147 0.000   0.887 0.000   1.242 0.000 999.99 0.259   4.997 0.000 999.999 0.259   5.262 0.000 0.025 0.000  0.676 0.000
349.208333 350.208333   14.33 0.000  1.98 0.000 9.999 0.259  0.40 0.000 0.302 0.000   0.993 0.000   1.390 0.000 999.99 0.259   6.439 0.000   0.859 0.000   5.580 0.000 0.027 0.000  0.759 0.000
352.208333 353.208333   53.90 0.000  2.81 0.000 9.999 0.259  6.16 0.000 0.357 0.559   1.672 0.000   2.341 0.000 999.99 0.259   9.007 0.000   2.217 0.000   6.790 0.000 0.034 0.000  0.692 0.559
355.208333 356.208333   23.20 0.000  1.85 0.000 0.047 0.000  0.34 0.000 0.135 0.000   0.729 0.000   1.021 0.000 999.99 0.259   6.650 0.000   2.434 0.000   4.216 0.000 0.027 0.000  0.562 0.000
358.208333 359.208333    9.18 0.000  0.57 0.000 9.999 0.259  0.53 0.000 0.120 0.559   0.749 0.000   1.048 0.000 999.99 0.259   3.202 0.000   0.181 0.000   3.021 0.000 0.022 0.000  0.231 0.559
361.208333 362.208333   20.74 0.000  2.40 0.000 0.028 0.000  0.32 0.000 0.270 0.559   1.411 0.000   1.976 0.000 999.99 0.259  10.895 0.000   0.588 0.000  10.307 0.000 0.032 0.000  1.703 0.559
364.208333 365.208333   44.91 0.000  2.75 0.000 9.999 0.259  3.53 0.000 0.354 0.000   1.812 0.000   2.537 0.000 999.99 0.259   8.732 0.000 999.999 0.259   8.767 0.000 0.038 0.000  0.983 0.000
