scripts/IMPROVE-2019_partial/data/US9014R.20120101070000.20191216000000.filterpack...52w.3d.US03L_filterpack_US9014.US03L_IMPROVE_Davis.lev2.nas
52 1001
MISSING INFORMATION
US03L, IMPROVE, , , , , , , 
MISSING INFORMATION
IMPROVE sel_HTAP
1 1
2012 01 01 2019 12 16
3.000000
days from file reference point
5
1 1 1 1 1
999.999999 999.999 9.999 999.999 9.999
end_time of measurement, days from the file reference point
pm10_mass, ug/m3, Matrix=pm10
numflag pm10_mass, no unit, Matrix=pm10
pm25_mass, ug/m3, Matrix=pm25
numflag pm25_mass, no unit, Matrix=pm25
0
33
Data definition:              EBAS_1.1
Set type code:                TU
Timezone:                     UTC
File name:                    US9014R.20120101070000.20191216000000.filterpack...52w.3d.US03L_filterpack_US9014.US03L_IMPROVE_Davis.lev2.nas
File creation:                20191218120608
Startdate:                    20120101070000
Revision date:                20191216000000
Version:                      2
Version description:          "Data extracted from http://views.cira.colostate.edu/fed/DataWizard 2019-12-16"
Statistics:                   arithmetic mean
Data level:                   2
Period code:                  52w
Resolution code:              3d
Sample duration:              1d
Orig. time res.:              3d
Station code:                 US9014R
Platform code:                US9014S
Station name:                 Medicine Lake
Station latitude:             48.4871
Station longitude:            -104.4757
Station altitude:             606.0 m
Regime:                       IMG
Component:                    
Unit:                         ug/m3
Matrix:                       
Laboratory code:              US03L
Instrument type:              filterpack
Instrument name:              filterpack_US9014
Method ref:                   US03L_IMPROVE_Davis
Blank correction:             Blank corrected
Volume std. temperature:      ambient
Volume std. pressure:         ambient
starttime endtime PM10 flag_PM10 PM2.5 flag_PM2.5
  0.291667   1.291667   1.965 0.000   0.790 0.000
  3.291667   4.291667   2.511 0.000   0.763 0.000
  6.291667   7.291667   1.656 0.000   0.672 0.000
  9.291667  10.291667   2.616 0.000   0.994 0.000
 12.291667  13.291667 999.999 0.999 999.999 0.999
 15.291667  16.291667 999.999 0.999 999.999 0.999
 18.291667  19.291667   5.506 0.000   3.800 0.000
 21.291667  22.291667   8.346 0.000   5.858 0.000
 24.291667  25.291667   5.383 0.000   1.029 0.000
 27.291667  28.291667   2.771 0.000   0.964 0.000
 30.291667  31.291667   2.262 0.000   0.769 0.000
 33.291667  34.291667  10.724 0.000   8.069 0.000
 36.291667  37.291667   3.664 0.000   2.440 0.000
 39.291667  40.291667   6.969 0.000   3.776 0.000
 42.291667  43.291667  15.335 0.000   4.931 0.000
 45.291667  46.291667   4.413 0.000   2.273 0.000
 48.291667  49.291667   9.196 0.000   3.369 0.000
 51.291667  52.291667   2.698 0.000   1.162 0.000
 54.291667  55.291667   3.904 0.000   2.464 0.000
 57.291667  58.291667   5.500 0.000   2.681 0.000
 60.291667  61.291667  13.351 0.000   8.518 0.000
 63.291667  64.291667   2.273 0.000   1.518 0.000
 66.291667  67.291667   4.399 0.000   2.877 0.000
 69.291667  70.291667   8.200 0.000   3.890 0.000
 72.291667  73.291667  21.673 0.000   5.436 0.000
 75.291667  76.291667   9.839 0.000   2.453 0.000
 78.291667  79.291667  12.436 0.000   5.083 0.000
 81.291667  82.291667  14.519 0.000   4.075 0.000
 84.291667  85.291667  12.610 0.000   4.630 0.000
 87.291667  88.291667  16.003 0.000   5.793 0.000
 90.291667  91.291667   5.946 0.000   1.769 0.000
 93.291667  94.291667  12.954 0.000   2.995 0.000
 96.291667  97.291667   3.694 0.000   2.480 0.000
 99.291667 100.291667   3.197 0.000   1.853 0.000
102.291667 103.291667  35.336 0.000   8.902 0.000
105.291667 106.291667   4.182 0.000   1.995 0.000
108.291667 109.291667   7.527 0.000   3.736 0.000
111.291667 112.291667   4.333 0.000   2.125 0.000
114.291667 115.291667  17.701 0.000   5.284 0.000
117.291667 118.291667   9.613 0.000   4.771 0.000
120.291667 121.291667   5.202 0.000   3.183 0.000
123.291667 124.291667 999.999 0.456   3.544 0.000
126.291667 127.291667 999.999 0.456   1.581 0.000
129.291667 130.291667  14.612 0.000   7.065 0.000
132.291667 133.291667   5.702 0.000   2.425 0.000
135.291667 136.291667  15.656 0.000   6.124 0.000
138.291667 139.291667  21.688 0.000   7.858 0.000
141.291667 142.291667  17.056 0.000   5.671 0.000
144.291667 145.291667   4.831 0.000   2.561 0.000
147.291667 148.291667   3.120 0.000   1.260 0.000
150.291667 151.291667   5.830 0.000   3.627 0.000
153.291667 154.291667   5.573 0.000   2.216 0.000
156.291667 157.291667  27.868 0.000   6.000 0.000
159.291667 160.291667   9.793 0.000   3.163 0.000
162.291667 163.291667   5.191 0.000   2.109 0.000
165.291667 166.291667   9.848 0.000   3.108 0.000
168.291667 169.291667   8.625 0.000   2.256 0.000
171.291667 172.291667   4.374 0.000   1.339 0.000
174.291667 175.291667  14.810 0.000   4.687 0.000
177.291667 178.291667  28.357 0.000  10.741 0.000
180.291667 181.291667  16.523 0.000   5.111 0.000
183.291667 184.291667  12.011 0.000   4.671 0.000
186.291667 187.291667  11.274 0.000   4.171 0.000
189.291667 190.291667  16.344 0.000   5.958 0.000
192.291667 193.291667  12.982 0.000   6.554 0.000
195.291667 196.291667  50.615 0.000  33.511 0.000
198.291667 199.291667 999.999 0.456   6.696 0.000
201.291667 202.291667  22.225 0.000   6.008 0.000
204.291667 205.291667  19.760 0.000   5.226 0.000
207.291667 208.291667  28.180 0.000   7.820 0.000
210.291667 211.291667  18.234 0.000   5.688 0.000
213.291667 214.291667 999.999 0.999 999.999 0.999
216.291667 217.291667   4.374 0.000   1.312 0.000
219.291667 220.291667  20.771 0.000   6.791 0.000
222.291667 223.291667  26.208 0.000   8.708 0.000
225.291667 226.291667  19.506 0.000   4.844 0.000
228.291667 229.291667  10.130 0.000   3.213 0.000
231.291667 232.291667  28.321 0.000   9.608 0.000
234.291667 235.291667  28.395 0.000  10.959 0.000
237.291667 238.291667  15.090 0.000   2.840 0.000
240.291667 241.291667  26.206 0.000  10.302 0.000
243.291667 244.291667  33.645 0.000   7.920 0.000
246.291667 247.291667  10.117 0.000   3.580 0.000
249.291667 250.291667  17.216 0.000   2.972 0.000
252.291667 253.291667 999.999 0.999 999.999 0.999
255.291667 256.291667 999.999 0.999 999.999 0.999
258.291667 259.291667 999.999 0.999 999.999 0.999
261.291667 262.291667 999.999 0.999 999.999 0.999
264.291667 265.291667 999.999 0.999 999.999 0.999
267.291667 268.291667 999.999 0.999 999.999 0.999
270.291667 271.291667  50.034 0.000  16.891 0.000
273.291667 274.291667  17.749 0.000   6.424 0.000
276.291667 277.291667   4.380 0.000   1.995 0.000
279.291667 280.291667   6.109 0.000   2.151 0.000
282.291667 283.291667   7.606 0.000   2.063 0.000
285.291667 286.291667  13.435 0.000   4.217 0.000
288.291667 289.291667   5.246 0.000   2.091 0.000
291.291667 292.291667   3.436 0.000   1.353 0.000
294.291667 295.291667   6.117 0.000   2.418 0.000
297.291667 298.291667   3.678 0.000   3.204 0.000
300.291667 301.291667   2.742 0.000   1.698 0.000
303.291667 304.291667   3.706 0.000   2.933 0.000
306.291667 307.291667  12.875 0.000  10.945 0.000
309.291667 310.291667   3.845 0.000   1.859 0.000
312.291667 313.291667   3.153 0.000   2.340 0.000
315.291667 316.291667   1.934 0.000   1.568 0.000
318.291667 319.291667 999.999 0.999 999.999 0.999
321.291667 322.291667   6.321 0.000   3.838 0.000
324.291667 325.291667   3.224 0.000   1.239 0.000
327.291667 328.291667 999.999 0.999 999.999 0.999
330.291667 331.291667 999.999 0.999 999.999 0.999
333.291667 334.291667  13.849 0.000   7.961 0.000
336.291667 337.291667   5.656 0.000   2.937 0.000
339.291667 340.291667 999.999 0.999 999.999 0.999
342.291667 343.291667   6.805 0.000   4.500 0.000
345.291667 346.291667   3.271 0.000   1.836 0.000
348.291667 349.291667   1.469 0.000   1.288 0.000
351.291667 352.291667   4.214 0.000   3.082 0.000
354.291667 355.291667   9.487 0.000   6.988 0.000
357.291667 358.291667   5.048 0.000   2.280 0.000
360.291667 361.291667 999.999 0.999 999.999 0.999
363.291667 364.291667 999.999 0.999 999.999 0.999
