scripts/IMPROVE-2019_partial/data/US9041R.20030103080000.20191216000000.filterpack..pm25.1y.1w.US03L_filterpack_US9041.US03L_IMPROVE_Davis.lev2.nas
64 1001
MISSING INFORMATION
US03L, IMPROVE, , , , , , , 
MISSING INFORMATION
IMPROVE sel_HTAP
1 1
2003 01 01 2019 12 16
3.000000
days from file reference point
25
1 1 1 1 1 1 1 1 1 1 1 1 1 1 1 1 1 1 1 1 1 1 1 1 1
999.999999 9999.99 9.999 99.99 9.999 9.999 9.999999 9.99 9.999999 99.999 9.999 99.999 9.999 99.999 9.999 999.999 9.999 999.999 9.999 999.999 9.999 9.999 9.999 9.999 9.999
end_time of measurement, days from the file reference point
iron, ng/m3, Revision date=20181210133000
numflag iron, no unit, Revision date=20181210133000
lead, ng/m3, Revision date=20181210133000
numflag lead, no unit, Revision date=20181210133000
magnesium, ug/m3, Revision date=20181210133000
numflag magnesium, no unit, Revision date=20181210133000
nickel, ng/m3, Revision date=20181210133000
numflag nickel, no unit, Revision date=20181210133000
nitrate, ug N/m3, Revision date=20181210133000
numflag nitrate, no unit, Revision date=20181210133000
organic_carbon, ug C/m3, Revision date=20181210133000
numflag organic_carbon, no unit, Revision date=20181210133000
organic_mass, ug/m3, Revision date=20181210133000
numflag organic_mass, no unit, Revision date=20181210133000
pm10_mass, ug/m3, Version=2, Version description=Data extracted from http://views.cira.colostate.edu/fed/DataWizard 2019-12-16, Sample duration=1d, Orig. time res.=3d, Matrix=pm10, Blank correction=Blank corrected, Volume std. temperature=ambient, Volume std. pressure=ambient
numflag pm10_mass, no unit, Version=2, Version description=Data extracted from http://views.cira.colostate.edu/fed/DataWizard 2019-12-16, Sample duration=1d, Orig. time res.=3d, Matrix=pm10, Blank correction=Blank corrected, Volume std. temperature=ambient, Volume std. pressure=ambient
pm10_pm25_mass, ug/m3, Revision date=20181210133000, Matrix=pm10_pm25
numflag pm10_pm25_mass, no unit, Revision date=20181210133000, Matrix=pm10_pm25
pm25_mass, ug/m3, Version=2, Version description=Data extracted from http://views.cira.colostate.edu/fed/DataWizard 2019-12-16, Sample duration=1d, Orig. time res.=3d, Blank correction=Blank corrected, Volume std. temperature=ambient, Volume std. pressure=ambient
numflag pm25_mass, no unit, Version=2, Version description=Data extracted from http://views.cira.colostate.edu/fed/DataWizard 2019-12-16, Sample duration=1d, Orig. time res.=3d, Blank correction=Blank corrected, Volume std. temperature=ambient, Volume std. pressure=ambient
potassium, ug/m3, Revision date=20181210133000
numflag potassium, no unit, Revision date=20181210133000
sulphate_total, ug S/m3, Revision date=20181210133000
numflag sulphate_total, no unit, Revision date=20181210133000
0
25
Data definition:              EBAS_1.1
Set type code:                TU
Timezone:                     UTC
File name:                    US9041R.20030103080000.20191216000000.filterpack..pm25.1y.1w.US03L_filterpack_US9041.US03L_IMPROVE_Davis.lev2.nas
File creation:                20191218120806
Startdate:                    20030103080000
Revision date:                20191216000000
Statistics:                   arithmetic mean
Data level:                   2
Period code:                  1y
Resolution code:              1w
Station code:                 US9041R
Platform code:                US9041S
Station name:                 San Gabriel
Station latitude:             34.2969
Station longitude:            -118.0282
Station altitude:             1791.0 m
Regime:                       IMG
Component:                    
Matrix:                       pm25
Laboratory code:              US03L
Instrument type:              filterpack
Instrument name:              filterpack_US9041
Method ref:                   US03L_IMPROVE_Davis
starttime endtime Fe flag_Fe Pb flag_Pb Mg++ flag_Mg++ Ni flag_Ni NO3- flag_NO3- OC flag_OC OM flag_OM PM10 flag_PM10 PM10-PM2.5 flag_PM10-PM2.5 PM2.5 flag_PM2.5 K+ flag_K+ SO4-- flag_SO4--
[from data line 88]
266.333333 267.333333  124.72 0.559  1.55 0.559 9.999 0.559259 0.28 0.559000  0.284 0.000  1.671 0.000  2.339 0.000  23.652 0.000  15.077 0.000   8.575 0.559 0.078 0.559 0.636 0.000
269.333333 270.333333   33.59 0.559  0.69 0.559 9.999 0.559259 0.06 0.559000  0.061 0.000  1.137 0.000  1.591 0.000   6.701 0.000   3.408 0.000   3.293 0.559 0.028 0.559 0.168 0.000
272.333333 273.333333   20.96 0.000  0.76 0.000 9.999 0.259000 0.15 0.000000  0.075 0.000  0.565 0.000  0.791 0.000   4.616 0.000   1.715 0.000   2.901 0.000 0.010 0.000 0.340 0.000
275.333333 276.333333   74.67 0.000  0.81 0.000 9.999 0.259000 0.16 0.000000  0.235 0.000  2.325 0.000  3.255 0.000  16.381 0.000   9.052 0.000   7.329 0.000 0.048 0.000 0.429 0.000
278.333333 279.333333   51.33 0.559  0.92 0.559 0.018 0.559000 0.12 0.559000  0.087 0.000  0.839 0.000  1.174 0.000  11.070 0.000   5.960 0.000   5.110 0.559 0.036 0.559 0.508 0.000
281.333333 282.333333   52.23 0.559  0.87 0.559 9.999 0.559259 0.13 0.559000  0.101 0.000  1.751 0.000  2.451 0.000  10.519 0.000   4.435 0.000   6.085 0.559 0.028 0.559 0.397 0.000
284.333333 285.333333   77.52 0.000  1.54 0.000 9.999 0.259000 0.16 0.000000  0.197 0.000  1.644 0.000  2.302 0.000  14.468 0.000   7.939 0.000   6.528 0.000 0.039 0.000 0.396 0.000
287.333333 288.333333   39.93 0.000  0.74 0.000 9.999 0.259000 0.06 0.000000  0.102 0.000  0.408 0.000  0.571 0.000   4.315 0.000   2.000 0.000   2.315 0.000 0.018 0.000 0.154 0.000
290.333333 291.333333   31.12 0.000  0.74 0.000 9.999 0.259000 0.09 0.000000  0.142 0.000  0.523 0.000  0.732 0.000   6.614 0.000   4.047 0.000   2.566 0.000 0.019 0.000 0.196 0.000
293.333333 294.333333   53.72 0.000  0.99 0.000 9.999 0.259000 9.99 0.259000  0.069 0.000  1.136 0.000  1.591 0.000   8.639 0.000   4.925 0.000   3.715 0.000 0.040 0.000 0.164 0.000
296.333333 297.333333   96.44 0.559  0.71 0.559 9.999 0.559259 9.99 0.559259  0.070 0.000  1.280 0.000  1.792 0.000  14.430 0.000   9.295 0.000   5.134 0.559 0.106 0.559 0.148 0.000
299.333333 300.333333   26.13 0.000  0.21 0.000 9.999 0.259000 9.99 0.259000  0.015 0.000  0.195 0.000  0.273 0.000   4.643 0.000   3.434 0.000   1.209 0.000 0.014 0.000 0.034 0.000
302.333333 303.333333   31.86 0.000  0.49 0.000 9.999 0.259000 0.17 0.000000  0.217 0.000  0.457 0.000  0.640 0.000   8.598 0.000   4.968 0.000   3.630 0.000 0.023 0.000 0.227 0.000
305.333333 306.333333   17.46 0.000  0.80 0.000 9.999 0.259000 0.19 0.000000  0.922 0.000  0.767 0.000  1.074 0.000   9.135 0.000   2.159 0.000   6.976 0.000 0.007 0.000 0.212 0.000
308.333333 309.333333   16.35 0.000  0.37 0.000 0.025 0.000000 0.06 0.000000  0.482 0.000  0.645 0.000  0.903 0.000   4.561 0.000   1.639 0.000   2.922 0.000 0.027 0.000 0.114 0.000
311.333333 312.333333   20.90 0.000  1.05 0.000 0.027 0.000000 0.09 0.000000  0.185 0.000  0.379 0.000  0.531 0.000   3.000 0.000   1.047 0.000   1.953 0.000 0.013 0.000 0.088 0.000
314.333333 315.333333   40.77 0.000  1.49 0.000 0.026 0.000000 9.99 0.259000  0.262 0.000  0.631 0.000  0.883 0.000   8.958 0.000   5.562 0.000   3.396 0.000 0.026 0.000 0.194 0.000
317.333333 318.333333   43.49 0.000  1.62 0.000 9.999 0.259000 0.12 0.000000  0.739 0.000  1.208 0.000  1.691 0.000  10.499 0.000   3.800 0.000   6.700 0.000 0.021 0.000 0.231 0.000
320.333333 321.333333    8.13 0.000  0.30 0.000 0.027 0.000000 9.99 0.259000  0.018 0.000  0.166 0.000  0.232 0.000   2.356 0.000   1.188 0.000   1.168 0.000 0.007 0.000 0.042 0.000
323.333333 324.333333   14.06 0.000  0.58 0.000 9.999 0.259000 0.12 0.000000  0.048 0.000  0.281 0.000  0.394 0.000   2.178 0.000   1.238 0.000   0.940 0.000 0.005 0.000 0.047 0.000
326.333333 327.333333    9.84 0.000  0.39 0.000 9.999 0.259000 0.08 0.000000  0.022 0.000  0.078 0.000  0.109 0.000   1.663 0.000   1.018 0.000   0.645 0.000 0.007 0.000 0.046 0.000
329.333333 330.333333   23.74 0.000  1.25 0.000 0.024 0.000000 0.09 0.000000  0.445 0.000  0.759 0.000  1.062 0.000   7.614 0.000   3.682 0.000   3.932 0.000 0.027 0.000 0.186 0.000
332.333333 333.333333   12.48 0.000  0.69 0.000 9.999 0.259000 0.08 0.000000  0.014 0.000  0.161 0.000  0.226 0.000   1.695 0.000   0.947 0.000   0.748 0.000 0.007 0.000 0.041 0.000
335.333333 336.333333   13.45 0.000  0.49 0.000 9.999 0.259000 9.99 0.259000  0.031 0.000  0.265 0.000  0.371 0.000   2.227 0.000   1.287 0.000   0.940 0.000 0.012 0.000 0.044 0.000
338.333333 339.333333   71.09 0.000  1.79 0.000 0.044 0.000000 9.99 0.259000  0.448 0.000  0.893 0.000  1.250 0.000   8.400 0.000   4.016 0.000   4.384 0.000 0.027 0.000 0.088 0.000
341.333333 342.333333   10.32 0.000  0.21 0.000 9.999 0.259000 0.08 0.000000  0.082 0.000  0.184 0.000  0.258 0.000   2.845 0.000   1.786 0.000   1.059 0.000 0.008 0.000 0.068 0.000
344.333333 345.333333   15.21 0.000  0.28 0.000 9.999 0.259000 9.99 0.259000  0.129 0.000  0.380 0.000  0.532 0.000   4.588 0.000   3.062 0.000   1.526 0.000 0.018 0.000 0.083 0.000
347.333333 348.333333   12.50 0.000  0.68 0.000 0.068 0.000000 0.10 0.000000  0.264 0.000  0.410 0.000  0.574 0.000   3.183 0.000   1.244 0.000   1.939 0.000 0.007 0.000 0.062 0.000
350.333333 351.333333    7.81 0.000  0.29 0.000 9.999 0.259000 9.99 0.259000  0.009 0.000  0.114 0.000  0.160 0.000   1.389 0.000   1.115 0.000   0.274 0.000 0.004 0.000 0.012 0.000
353.333333 354.333333   15.32 0.000  0.56 0.000 0.069 0.000000 0.08 0.000000  0.224 0.000  0.401 0.000  0.561 0.000   2.604 0.000   0.999 0.000   1.605 0.000 0.009 0.000 0.049 0.000
356.333333 357.333333   11.40 0.000  0.28 0.000 9.999 0.259000 0.06 0.000000  0.022 0.000  0.130 0.000  0.182 0.000   2.275 0.000   1.632 0.000   0.643 0.000 0.009 0.000 0.041 0.000
359.333333 360.333333    1.88 0.000  0.26 0.000 0.058 0.000000 0.09 0.000000  0.041 0.000  0.191 0.000  0.267 0.000   2.439 0.000   1.473 0.000   0.966 0.000 0.007 0.000 0.089 0.000
362.333333 363.333333   22.31 0.000  1.05 0.000 0.085 0.000000 0.07 0.000000  0.140 0.000  0.274 0.000  0.384 0.000   2.811 0.000   1.168 0.000   1.643 0.000 0.012 0.000 0.102 0.000
