scripts/IMPROVE-2019_partial/data/US9081R.19950104070000.20191216000000.filterpack...1y.3d.US03L_filterpack_US9081_YELL1.US03L_IMPROVE_Davis.lev2.nas
52 1001
MISSING INFORMATION
US03L, IMPROVE, , , , , , , 
MISSING INFORMATION
IMPROVE sel_HTAP
1 1
1995 01 01 2019 12 16
0
days from file reference point
5
1 1 1 1 1
999.999999 999.999 9.999 99.999 9.999
end_time of measurement, days from the file reference point
pm10_mass, ug/m3, Matrix=pm10
numflag pm10_mass, no unit, Matrix=pm10
pm25_mass, ug/m3, Matrix=pm25
numflag pm25_mass, no unit, Matrix=pm25
0
33
Data definition:              EBAS_1.1
Set type code:                TI
Timezone:                     UTC
File name:                    US9081R.19950104070000.20191216000000.filterpack...1y.3d.US03L_filterpack_US9081_YELL1.US03L_IMPROVE_Davis.lev2.nas
File creation:                20191218121106
Startdate:                    19950104070000
Revision date:                20191216000000
Version:                      2
Version description:          "Data extracted from http://views.cira.colostate.edu/fed/DataWizard 2019-12-16"
Statistics:                   arithmetic mean
Data level:                   2
Period code:                  1y
Resolution code:              3d
Sample duration:              1d
Orig. time res.:              3d
Station code:                 US9081R
Platform code:                US9081S
Station name:                 Yellowstone NP 1
Station latitude:             44.5654
Station longitude:            -110.4003
Station altitude:             2442.0 m
Regime:                       IMG
Component:                    
Unit:                         ug/m3
Matrix:                       
Laboratory code:              US03L
Instrument type:              filterpack
Instrument name:              filterpack_US9081_YELL1
Method ref:                   US03L_IMPROVE_Davis
Blank correction:             Blank corrected
Volume std. temperature:      ambient
Volume std. pressure:         ambient
starttime endtime PM10 flag_PM10 PM2.5 flag_PM2.5
  3.291667   4.291667   1.799 0.000  1.608 0.000
  6.291667   7.291667   1.984 0.000  0.643 0.000
 10.291667  11.291667   5.096 0.000  0.737 0.000
 13.291667  14.291667   1.701 0.000  0.839 0.000
 17.291667  18.291667   3.549 0.000  0.909 0.000
 20.291667  21.291667   4.034 0.000  3.125 0.000
 24.291667  25.291667   3.441 0.000  2.039 0.000
 27.291667  28.291667   1.371 0.000 99.999 0.999
 31.291667  32.291667   7.618 0.000 99.999 0.259
 34.291667  35.291667   2.507 0.000  1.752 0.000
 38.291667  39.291667   6.373 0.000  5.385 0.000
 41.291667  42.291667   6.022 0.000  2.233 0.000
 45.291667  46.291667   5.207 0.000  2.516 0.000
 48.291667  49.291667   3.633 0.000  0.350 0.000
 52.291667  53.291667   5.880 0.000  3.109 0.000
 55.291667  56.291667   5.015 0.000  2.404 0.000
 59.291667  60.291667   4.926 0.000  2.791 0.000
 62.291667  63.291667   3.955 0.000  0.750 0.000
 66.291667  67.291667   2.612 0.000  1.536 0.000
 69.291667  70.291667   5.160 0.000  0.388 0.000
 73.291667  74.291667   3.079 0.000  0.775 0.000
 76.291667  77.291667   3.959 0.000  1.001 0.000
 80.291667  81.291667   5.472 0.000  2.336 0.000
 83.291667  84.291667   6.830 0.000  1.205 0.000
 87.291667  88.291667   5.961 0.000  1.603 0.000
 90.291667  91.291667 999.999 0.999  3.361 0.000
 94.291667  95.291667   4.553 0.000  2.336 0.000
 97.291667  98.291667   4.965 0.000  1.888 0.000
101.291667 102.291667   6.617 0.000  4.122 0.000
104.291667 105.291667   3.865 0.000  2.154 0.000
108.291667 109.291667 999.999 0.999 99.999 0.999
111.291667 112.291667 999.999 0.999 99.999 0.999
115.291667 116.291667 999.999 0.999 99.999 0.999
118.291667 119.291667 999.999 0.999 99.999 0.999
122.291667 123.291667   1.998 0.000  1.603 0.000
125.291667 126.291667 999.999 0.999 99.999 0.999
129.291667 130.291667   3.444 0.000  1.665 0.000
132.291667 133.291667   2.492 0.000  1.093 0.000
136.291667 137.291667  10.299 0.000  2.537 0.000
139.291667 140.291667  11.708 0.000  4.154 0.000
143.291667 144.291667  10.535 0.000  8.245 0.000
146.291667 147.291667   6.415 0.000  0.666 0.000
150.291667 151.291667  13.121 0.000  5.468 0.000
153.291667 154.291667   3.869 0.000  2.413 0.000
157.291667 158.291667   6.679 0.000  1.502 0.000
160.291667 161.291667   5.711 0.000  1.032 0.000
164.291667 165.291667  28.210 0.000  6.475 0.000
167.291667 168.291667  14.777 0.000  4.402 0.000
171.291667 172.291667   4.988 0.000  2.950 0.000
174.291667 175.291667  10.859 0.000  2.821 0.000
178.291667 179.291667 999.999 0.999  8.102 0.000
181.291667 182.291667  12.253 0.000  7.099 0.000
185.291667 186.291667  11.818 0.000  4.733 0.000
188.291667 189.291667  17.987 0.000  6.128 0.000
192.291667 193.291667   4.054 0.000  2.914 0.000
195.291667 196.291667  15.747 0.000  4.216 0.000
199.291667 200.291667 999.999 0.999 99.999 0.999
202.291667 203.291667   4.851 0.000  3.076 0.000
206.291667 207.291667 999.999 0.999 99.999 0.999
209.291667 210.291667  12.965 0.000  5.466 0.000
213.291667 214.291667  13.755 0.000  8.345 0.000
216.291667 217.291667  14.277 0.000  4.325 0.000
220.291667 221.291667 999.999 0.999 99.999 0.999
223.291667 224.291667  12.413 0.000  4.431 0.000
227.291667 228.291667  23.040 0.000  6.789 0.000
230.291667 231.291667   6.346 0.000  2.242 0.000
234.291667 235.291667  13.004 0.000  4.495 0.000
237.291667 238.291667   8.136 0.000  4.154 0.000
241.291667 242.291667  10.729 0.000  3.937 0.000
244.291667 245.291667   9.622 0.000  5.270 0.000
248.291667 249.291667  14.664 0.000  4.192 0.000
251.291667 252.291667   8.267 0.000  3.579 0.000
255.291667 256.291667  18.425 0.000  4.497 0.000
258.291667 259.291667  11.809 0.000  5.690 0.000
262.291667 263.291667   1.454 0.000  0.992 0.000
265.291667 266.291667   5.228 0.000  3.255 0.000
269.291667 270.291667  15.760 0.000  3.270 0.000
272.291667 273.291667   4.124 0.000  1.900 0.000
276.291667 277.291667   1.568 0.000  0.943 0.000
279.291667 280.291667   3.472 0.000  2.325 0.000
283.291667 284.291667   8.950 0.000  3.660 0.000
286.291667 287.291667   2.599 0.000  1.220 0.000
290.291667 291.291667   6.487 0.000  1.728 0.000
293.291667 294.291667   8.396 0.000  3.281 0.000
297.291667 298.291667   8.671 0.000  3.734 0.000
300.291667 301.291667  11.226 0.000  4.101 0.000
304.291667 305.291667   3.734 0.000  2.160 0.000
307.291667 308.291667   7.757 0.000  3.721 0.000
311.291667 312.291667  17.140 0.000  3.522 0.000
314.291667 315.291667   4.303 0.000  0.823 0.000
318.291667 319.291667   3.279 0.000  1.558 0.000
321.291667 322.291667   2.427 0.000  1.524 0.000
325.291667 326.291667   5.640 0.000  3.626 0.000
328.291667 329.291667   4.095 0.000  1.056 0.000
332.291667 333.291667   5.302 0.000  1.116 0.000
335.291667 336.291667   1.736 0.000  0.910 0.000
339.291667 340.291667   1.652 0.000  1.141 0.000
342.291667 343.291667   5.339 0.000  1.102 0.000
346.291667 347.291667   4.579 0.000  0.634 0.000
349.291667 350.291667  12.796 0.000  1.244 0.000
353.291667 354.291667 999.999 0.999 99.999 0.999
356.291667 357.291667   5.813 0.000  1.175 0.000
360.291667 361.291667   2.632 0.000  0.926 0.000
363.291667 364.291667   2.649 0.000  0.753 0.000
