scripts/IMPROVE-2019_partial/data/US9045R.20000101080000.20191216000000.filterpack..pm25.52w.1w.US03L_filterpack_US9045.US03L_IMPROVE_Davis.lev2.nas
64 1001
MISSING INFORMATION
US03L, IMPROVE, , , , , , , 
MISSING INFORMATION
IMPROVE sel_HTAP
1 1
2000 01 01 2019 12 16
0
days from file reference point
25
1 1 1 1 1 1 1 1 1 1 1 1 1 1 1 1 1 1 1 1 1 1 1 1 1
999.999999 9999.99 9.999 99.99 9.999999 9.999 9.999999 9.99 9.999999 99.999 9.999 99.999 9.999 999.999 9.999 999.999 9.999 999.999 9.999 999.999 9.999 9.999 9.999 99.999 9.999
end_time of measurement, days from the file reference point
iron, ng/m3, Revision date=20181210133000
numflag iron, no unit, Revision date=20181210133000
lead, ng/m3, Revision date=20181210133000
numflag lead, no unit, Revision date=20181210133000
magnesium, ug/m3, Revision date=20181210133000
numflag magnesium, no unit, Revision date=20181210133000
nickel, ng/m3, Revision date=20181210133000
numflag nickel, no unit, Revision date=20181210133000
nitrate, ug N/m3, Revision date=20181210133000
numflag nitrate, no unit, Revision date=20181210133000
organic_carbon, ug C/m3, Revision date=20181210133000
numflag organic_carbon, no unit, Revision date=20181210133000
organic_mass, ug/m3, Revision date=20181210133000
numflag organic_mass, no unit, Revision date=20181210133000
pm10_mass, ug/m3, Version=2, Version description=Data extracted from http://views.cira.colostate.edu/fed/DataWizard 2019-12-16, Sample duration=1d, Orig. time res.=3d, Matrix=pm10, Blank correction=Blank corrected, Volume std. temperature=ambient, Volume std. pressure=ambient
numflag pm10_mass, no unit, Version=2, Version description=Data extracted from http://views.cira.colostate.edu/fed/DataWizard 2019-12-16, Sample duration=1d, Orig. time res.=3d, Matrix=pm10, Blank correction=Blank corrected, Volume std. temperature=ambient, Volume std. pressure=ambient
pm10_pm25_mass, ug/m3, Revision date=20181210133000, Matrix=pm10_pm25
numflag pm10_pm25_mass, no unit, Revision date=20181210133000, Matrix=pm10_pm25
pm25_mass, ug/m3, Version=2, Version description=Data extracted from http://views.cira.colostate.edu/fed/DataWizard 2019-12-16, Sample duration=1d, Orig. time res.=3d, Blank correction=Blank corrected, Volume std. temperature=ambient, Volume std. pressure=ambient
numflag pm25_mass, no unit, Version=2, Version description=Data extracted from http://views.cira.colostate.edu/fed/DataWizard 2019-12-16, Sample duration=1d, Orig. time res.=3d, Blank correction=Blank corrected, Volume std. temperature=ambient, Volume std. pressure=ambient
potassium, ug/m3, Revision date=20181210133000
numflag potassium, no unit, Revision date=20181210133000
sulphate_total, ug S/m3, Revision date=20181210133000
numflag sulphate_total, no unit, Revision date=20181210133000
0
25
Data definition:              EBAS_1.1
Set type code:                TI
Timezone:                     UTC
File name:                    US9045R.20000101080000.20191216000000.filterpack..pm25.52w.1w.US03L_filterpack_US9045.US03L_IMPROVE_Davis.lev2.nas
File creation:                20191218120828
Startdate:                    20000101080000
Revision date:                20191216000000
Statistics:                   arithmetic mean
Data level:                   2
Period code:                  52w
Resolution code:              1w
Station code:                 US9045R
Platform code:                US9045S
Station name:                 Sequoia NP
Station latitude:             36.4894
Station longitude:            -118.8291
Station altitude:             519.0 m
Regime:                       IMG
Component:                    
Matrix:                       pm25
Laboratory code:              US03L
Instrument type:              filterpack
Instrument name:              filterpack_US9045
Method ref:                   US03L_IMPROVE_Davis
starttime endtime Fe flag_Fe Pb flag_Pb Mg++ flag_Mg++ Ni flag_Ni NO3- flag_NO3- OC flag_OC OM flag_OM PM10 flag_PM10 PM10-PM2.5 flag_PM10-PM2.5 PM2.5 flag_PM2.5 K+ flag_K+ SO4-- flag_SO4--
[from data line 86]
291.333333 292.333333   28.29 0.559  1.20 0.559000 9.999 0.559259 9.99 0.559259  0.567 0.000  2.566 0.000   3.592 0.000  14.858 0.000   6.742 0.000   8.116 0.559 0.047 0.559  0.504 0.000
294.333333 295.333333   21.19 0.000  0.83 0.000000 9.999 0.259000 9.99 0.259000  0.880 0.000  1.730 0.000   2.422 0.000  16.041 0.000   4.497 0.000  11.544 0.000 0.060 0.000  0.532 0.000
297.333333 298.333333   48.36 0.559  0.77 0.559000 9.999 0.559259 9.99 0.559259  0.236 0.000  1.337 0.000   1.872 0.000  15.469 0.000  11.068 0.000   4.401 0.559 0.057 0.559  0.210 0.000
300.333333 301.333333    2.64 0.000  0.35 0.000000 9.999 0.259000 9.99 0.259000  0.032 0.000  0.559 0.000   0.782 0.000   6.254 0.000   5.336 0.000   0.918 0.000 0.023 0.000  0.073 0.000
303.333333 304.333333    2.35 0.559  0.27 0.559000 9.999 0.559259 9.99 0.559259  0.026 0.000  0.347 0.000   0.486 0.000   4.739 0.000   3.898 0.000   0.840 0.559 0.013 0.559  0.080 0.000
306.333333 307.333333   19.30 0.000  0.57 0.000000 9.999 0.259000 9.99 0.259000  0.659 0.000  1.691 0.000   2.368 0.000  12.006 0.000   6.130 0.000   5.876 0.000 0.045 0.000  0.242 0.000
309.333333 310.333333   21.86 0.000  1.12 0.000000 9.999 0.259000 9.99 0.259000  0.899 0.000  2.353 0.000   3.294 0.000  14.977 0.000   4.962 0.000  10.015 0.000 0.053 0.000  0.309 0.000
312.333333 313.333333   30.73 0.000  0.77 0.000000 9.999 0.259000 9.99 0.259000  0.223 0.000  2.556 0.000   3.578 0.000  14.767 0.000   7.423 0.000   7.344 0.000 0.058 0.000  0.250 0.000
315.333333 316.333333    2.54 0.000  1.62 0.000000 9.999 0.259000 9.99 0.259000  0.131 0.000  0.462 0.000   0.647 0.000   3.023 0.000   1.142 0.000   1.881 0.000 0.019 0.000  0.114 0.000
318.333333 319.333333   12.40 0.000  0.85 0.000000 9.999 0.259000 9.99 0.259000  0.859 0.559  1.530 0.000   2.142 0.000  11.601 0.000   3.297 0.000   8.304 0.000 0.056 0.000  0.235 0.559
321.333333 322.333333   10.32 0.559  1.02 0.559000 9.999 0.559259 9.99 0.559259  0.542 0.559  1.614 0.000   2.260 0.000   9.091 0.000   3.239 0.000   5.852 0.559 0.047 0.559  0.223 0.559
324.333333 325.333333    9.65 0.000  0.83 0.000000 9.999 0.259000 9.99 0.259000  0.414 0.000  1.420 0.000   1.988 0.000   6.735 0.000   2.759 0.000   3.977 0.000 0.059 0.000  0.153 0.000
327.333333 328.333333    9.74 0.000  1.00 0.000000 9.999 0.259000 9.99 0.259000  1.453 0.000  1.589 0.000   2.224 0.000  15.909 0.000   2.828 0.000  13.081 0.000 0.061 0.000  0.293 0.000
330.333333 331.333333   16.04 0.000  1.63 0.000000 0.056 0.000000 9.99 0.259000  3.807 0.559  2.933 0.000   4.106 0.000  36.532 0.000   3.516 0.000  33.016 0.000 0.080 0.000  0.680 0.559
333.333333 334.333333   17.92 0.000  0.81 0.000000 9.999 0.259000 9.99 0.259000  0.384 0.000  1.373 0.000   1.922 0.000   8.122 0.000   3.789 0.000   4.333 0.000 0.048 0.000  0.200 0.000
336.333333 337.333333   19.74 0.000  1.08 0.000000 9.999 0.259000 9.99 0.259000  1.616 0.000  2.521 0.000   3.529 0.000  18.464 0.000   4.085 0.000  14.379 0.000 0.100 0.000  0.381 0.000
339.333333 340.333333   13.38 0.559  0.67 0.559000 9.999 0.559259 9.99 0.559259  0.111 0.000  1.281 0.000   1.793 0.000   5.320 0.000   2.181 0.000   3.139 0.559 0.037 0.559  0.169 0.000
342.333333 343.333333   22.46 0.000  1.83 0.000000 9.999 0.259000 9.99 0.259000  3.133 0.000  2.857 0.000   4.000 0.000  30.458 0.000   5.591 0.000  24.867 0.000 0.085 0.000  0.465 0.000
345.333333 346.333333   12.22 0.000  1.73 0.000000 9.999 0.259000 9.99 0.259000  2.025 0.000  2.533 0.000   3.547 0.000  21.814 0.000   2.680 0.000  19.133 0.000 0.097 0.000  0.472 0.000
348.333333 349.333333    6.00 0.559  0.52 0.559000 9.999 0.559259 0.11 0.559000  0.210 0.000  1.035 0.000   1.448 0.000   7.067 0.000   3.860 0.000   3.207 0.559 0.045 0.559  0.146 0.000
351.333333 352.333333    6.45 0.559  1.19 0.559000 9.999 0.559259 0.08 0.559000  1.338 0.000  1.376 0.000   1.926 0.000  14.052 0.000   2.208 0.000  11.845 0.559 0.062 0.559  0.287 0.000
354.333333 355.333333   10.94 0.559  0.65 0.559000 9.999 0.559259 9.99 0.559259  0.251 0.000  0.780 0.000   1.092 0.000   4.548 0.000   2.178 0.000   2.371 0.559 0.025 0.559  0.151 0.000
357.333333 358.333333   26.76 0.000  1.99 0.000000 9.999 0.259000 0.09 0.000000  3.398 0.000  2.824 0.000   3.954 0.000  36.438 0.000   7.879 0.000  28.559 0.000 0.177 0.000  0.459 0.000
360.333333 361.333333   11.14 0.559  0.87 0.559000 0.023 0.559000 9.99 0.559259  0.212 0.000  0.649 0.000   0.909 0.000   5.392 0.000   1.516 0.000   3.877 0.559 0.023 0.559  0.166 0.000
363.333333 364.333333   13.30 0.000  1.00 0.000000 9.999 0.259000 9.99 0.259000  0.698 0.000  1.097 0.000   1.536 0.000  10.478 0.000   5.003 0.000   5.475 0.000 0.026 0.000  0.138 0.000
