scripts/IMPROVE-2019_partial/data/US9025U.20050101080000.20191216000000.filterpack..pm25.52w.1w.US03L_filterpack_US9025.US03L_IMPROVE_Davis.lev2.nas
66 1001
MISSING INFORMATION
US03L, IMPROVE, , , , , , , 
MISSING INFORMATION
IMPROVE sel_HTAP
1 1
2005 01 01 2019 12 16
3.000000
days from file reference point
27
1 1 1 1 1 1 1 1 1 1 1 1 1 1 1 1 1 1 1 1 1 1 1 1 1 1 1
999.999999 9999.99 9.999 999.99 9.999 9.999 9.999999 999.99 9.999 9.999 9.999 99.999 9.999 999.999 9.999 999.99 9.999999 999.999 9.999 999.999 9.999 999.999 9.999 9.999 9.999 99.999 9.999
end_time of measurement, days from the file reference point
iron, ng/m3, Revision date=20181210133000
numflag iron, no unit, Revision date=20181210133000
lead, ng/m3, Revision date=20181210133000
numflag lead, no unit, Revision date=20181210133000
magnesium, ug/m3, Revision date=20181210133000
numflag magnesium, no unit, Revision date=20181210133000
nickel, ng/m3, Revision date=20181210133000
numflag nickel, no unit, Revision date=20181210133000
nitrate, ug N/m3, Revision date=20181210133000
numflag nitrate, no unit, Revision date=20181210133000
organic_carbon, ug C/m3, Revision date=20181210133000
numflag organic_carbon, no unit, Revision date=20181210133000
organic_mass, ug/m3, Revision date=20181210133000
numflag organic_mass, no unit, Revision date=20181210133000
phosphorus, ng/m3, Revision date=20181210133000
numflag phosphorus, no unit, Revision date=20181210133000
pm10_mass, ug/m3, Version=2, Version description=Data extracted from http://views.cira.colostate.edu/fed/DataWizard 2019-12-16, Sample duration=1d, Orig. time res.=3d, Matrix=pm10, Blank correction=Blank corrected, Volume std. temperature=ambient, Volume std. pressure=ambient
numflag pm10_mass, no unit, Version=2, Version description=Data extracted from http://views.cira.colostate.edu/fed/DataWizard 2019-12-16, Sample duration=1d, Orig. time res.=3d, Matrix=pm10, Blank correction=Blank corrected, Volume std. temperature=ambient, Volume std. pressure=ambient
pm10_pm25_mass, ug/m3, Revision date=20181210133000, Matrix=pm10_pm25
numflag pm10_pm25_mass, no unit, Revision date=20181210133000, Matrix=pm10_pm25
pm25_mass, ug/m3, Version=2, Version description=Data extracted from http://views.cira.colostate.edu/fed/DataWizard 2019-12-16, Sample duration=1d, Orig. time res.=3d, Blank correction=Blank corrected, Volume std. temperature=ambient, Volume std. pressure=ambient
numflag pm25_mass, no unit, Version=2, Version description=Data extracted from http://views.cira.colostate.edu/fed/DataWizard 2019-12-16, Sample duration=1d, Orig. time res.=3d, Blank correction=Blank corrected, Volume std. temperature=ambient, Volume std. pressure=ambient
potassium, ug/m3, Revision date=20181210133000
numflag potassium, no unit, Revision date=20181210133000
sulphate_total, ug S/m3, Revision date=20181210133000
numflag sulphate_total, no unit, Revision date=20181210133000
0
25
Data definition:              EBAS_1.1
Set type code:                TU
Timezone:                     UTC
File name:                    US9025U.20050101080000.20191216000000.filterpack..pm25.52w.1w.US03L_filterpack_US9025.US03L_IMPROVE_Davis.lev2.nas
File creation:                20191218120650
Startdate:                    20050101080000
Revision date:                20191216000000
Statistics:                   arithmetic mean
Data level:                   2
Period code:                  52w
Resolution code:              1w
Station code:                 US9025U
Platform code:                US9025S
Station name:                 Puget Sound
Station latitude:             47.5696
Station longitude:            -122.3119
Station altitude:             97.0 m
Regime:                       IMG
Component:                    
Matrix:                       pm25
Laboratory code:              US03L
Instrument type:              filterpack
Instrument name:              filterpack_US9025
Method ref:                   US03L_IMPROVE_Davis
starttime endtime Fe flag_Fe Pb flag_Pb Mg++ flag_Mg++ Ni flag_Ni NO3- flag_NO3- OC flag_OC OM flag_OM P flag_P PM10 flag_PM10 PM10-PM2.5 flag_PM10-PM2.5 PM2.5 flag_PM2.5 K+ flag_K+ SO4-- flag_SO4--
[from data line 81]
243.333333 244.333333   91.28 0.000   1.81 0.000 0.014 0.000000   4.36 0.000 0.078 0.000  1.350 0.000   2.429 0.000 999.99 0.259000  12.412 0.000   6.695 0.000   5.644 0.000 0.026 0.000  0.547 0.000
246.333333 247.333333   19.29 0.000   1.47 0.000 0.014 0.000000   0.40 0.000 0.074 0.000  0.721 0.000   1.299 0.000 999.99 0.259000   6.486 0.000   3.537 0.000   2.911 0.000 0.027 0.000  0.248 0.000
249.333333 250.333333   99.21 0.000   2.05 0.000 9.999 0.259000   2.09 0.000 0.124 0.000  1.660 0.000   2.987 0.000 999.99 0.259000 999.999 0.456   7.248 0.000   6.221 0.000 0.025 0.000  0.450 0.000
252.333333 253.333333   45.22 0.000   2.03 0.000 0.031 0.000000   2.56 0.000 0.105 0.000  1.268 0.000   2.282 0.000 999.99 0.259000   9.553 0.000   4.947 0.000   4.552 0.000 0.028 0.000  0.289 0.000
255.333333 256.333333   82.14 0.000   2.54 0.000 9.999 0.259000   2.23 0.000 0.313 0.000  3.061 0.000   5.509 0.000 999.99 0.259000  17.366 0.000   7.695 0.000   9.711 0.000 0.049 0.000  0.660 0.000
258.333333 259.333333   48.57 0.000   1.39 0.000 0.011 0.000000   1.13 0.000 0.218 0.000  1.011 0.000   1.820 0.000 999.99 0.259000   9.336 0.000   4.114 0.000   5.177 0.000 0.027 0.000  0.499 0.000
261.333333 262.333333   71.81 0.000   2.76 0.000 9.999 0.259000   1.23 0.000 0.147 0.000  1.348 0.000   2.427 0.000 999.99 0.259000  11.563 0.000   5.718 0.000   5.783 0.000 0.043 0.000  0.424 0.000
264.333333 265.333333   62.50 0.000   1.92 0.000 9.999 0.259000   1.31 0.000 0.168 0.000  1.014 0.000   1.826 0.000 999.99 0.259000  12.251 0.000   7.400 0.000   4.771 0.000 0.027 0.000  0.309 0.000
267.333333 268.333333   93.33 0.000   5.21 0.000 9.999 0.259000   5.61 0.000 0.217 0.000  3.589 0.000   6.460 0.000 999.99 0.259000  16.320 0.000   6.735 0.000   9.511 0.000 0.051 0.000  0.526 0.000
270.333333 271.333333  118.40 0.000   4.87 0.000 9.999 0.259000   1.56 0.000 0.195 0.000  1.927 0.000   3.469 0.000 999.99 0.259000  19.073 0.000  11.805 0.000   7.141 0.000 0.048 0.000  0.485 0.000
273.333333 274.333333   44.45 0.000   2.48 0.000 0.029 0.000000   0.87 0.000 0.127 0.000  1.291 0.000   2.323 0.000 999.99 0.259000   8.754 0.000   3.889 0.000   4.823 0.000 0.052 0.000  0.281 0.000
276.333333 277.333333   81.27 0.000   7.27 0.000 0.010 0.000000   1.68 0.000 0.270 0.000  2.442 0.000   4.396 0.000 999.99 0.259000  11.695 0.000   4.685 0.000   7.041 0.000 0.061 0.000  0.331 0.000
279.333333 280.333333   43.08 0.000   3.55 0.000 0.044 0.000000   0.48 0.000 0.141 0.000  1.978 0.000   3.559 0.000 999.99 0.259000  11.555 0.000   4.993 0.000   6.507 0.000 0.059 0.000  0.261 0.000
282.333333 283.333333   91.08 0.000   5.93 0.000 0.008 0.000000   1.68 0.000 0.173 0.000  3.159 0.000   5.687 0.000 999.99 0.259000  12.783 0.000   4.239 0.000   8.497 0.000 0.061 0.000  0.213 0.000
285.333333 286.333333   65.61 0.000   3.51 0.000 9.999 0.259000   0.64 0.000 0.263 0.000  1.649 0.000   2.968 0.000 999.99 0.259000  11.010 0.000   4.746 0.000   6.212 0.000 0.045 0.000  0.274 0.000
288.333333 289.333333   14.20 0.000   0.97 0.000 0.030 0.000000   0.58 0.000 0.076 0.000  1.115 0.000   2.007 0.000 999.99 0.259000   9.067 0.000   5.107 0.000   3.905 0.000 0.034 0.000  0.186 0.000
291.333333 292.333333   71.21 0.000   4.91 0.000 9.999 0.259000   1.35 0.000 0.306 0.000  2.073 0.000   3.731 0.000 999.99 0.259000  11.717 0.000   3.567 0.000   8.110 0.000 0.050 0.000  0.520 0.000
294.333333 295.333333  123.42 0.000   7.23 0.000 0.011 0.000000   3.82 0.000 0.219 0.000  5.173 0.000   9.312 0.000 999.99 0.259000  22.675 0.000   8.024 0.000  14.562 0.000 0.119 0.000  0.546 0.000
297.333333 298.333333   74.36 0.000   4.26 0.000 9.999 0.259000   0.63 0.000 0.309 0.000  3.530 0.000   6.353 0.000 999.99 0.259000  15.852 0.000   5.867 0.000   9.985 0.000 0.069 0.000  0.304 0.000
300.333333 301.333333   49.35 0.000   2.38 0.000 9.999 0.259000   0.80 0.000 0.072 0.000  1.789 0.000   3.221 0.000 999.99 0.259000   8.488 0.000   3.452 0.000   4.998 0.000 0.042 0.000  0.125 0.000
303.333333 304.333333   57.23 0.000   3.71 0.000 0.016 0.000000   1.85 0.000 0.109 0.000  1.580 0.000   2.844 0.000 999.99 0.259000   9.556 0.000   3.570 0.000   5.947 0.000 0.054 0.000  0.195 0.000
306.333333 307.333333   25.16 0.000   1.39 0.000 9.999 0.259000   0.18 0.000 0.054 0.000  1.767 0.000   3.181 0.000 999.99 0.259000   7.169 0.000   2.721 0.000   4.419 0.000 0.048 0.000  0.137 0.000
309.333333 310.333333   25.46 0.000   2.18 0.000 9.999 0.259000   0.45 0.000 0.096 0.000  1.281 0.000   2.306 0.000 999.99 0.259000   6.310 0.000   2.341 0.000   3.942 0.000 0.038 0.000  0.171 0.000
312.333333 313.333333  146.09 0.000   7.03 0.000 9.999 0.259000   1.47 0.000 0.144 0.000  3.853 0.000   6.936 0.000 999.99 0.259000  16.588 0.000   5.537 0.000  10.990 0.000 0.102 0.000  0.367 0.000
315.333333 316.333333   27.52 0.000   1.70 0.000 9.999 0.259000   0.60 0.000 0.092 0.000  1.731 0.000   3.116 0.000 999.99 0.259000   6.783 0.000   2.353 0.000   4.404 0.000 0.057 0.000  0.104 0.000
318.333333 319.333333  151.32 0.000   6.17 0.000 9.999 0.259000   1.97 0.000 0.289 0.000  4.454 0.000   8.016 0.000 999.99 0.259000  18.313 0.000   6.704 0.000  11.624 0.000 0.069 0.000  0.317 0.000
321.333333 322.333333   64.07 0.000   3.08 0.000 9.999 0.259000   0.54 0.000 0.420 0.000  2.699 0.000   4.859 0.000 999.99 0.259000  17.186 0.000   3.300 0.000  13.847 0.000 0.073 0.000  0.731 0.000
324.333333 325.333333   60.45 0.000   3.42 0.000 9.999 0.259000   0.71 0.000 0.263 0.000  2.818 0.000   5.073 0.000 999.99 0.259000  15.412 0.000   2.577 0.000  12.804 0.000 0.056 0.000  0.823 0.000
327.333333 328.333333  100.82 0.000   7.76 0.000 9.999 0.259000   2.48 0.000 0.245 0.000  5.186 0.000   9.335 0.000 999.99 0.259000  18.409 0.000   2.646 0.000  15.730 0.000 0.113 0.000  0.538 0.000
330.333333 331.333333   27.79 0.000   2.32 0.000 0.015 0.000000   0.29 0.000 0.164 0.000  2.374 0.000   4.274 0.000 999.99 0.259000   9.010 0.000   2.514 0.000   6.468 0.000 0.053 0.000  0.175 0.000
333.333333 334.333333   85.32 0.000   2.75 0.000 9.999 0.259000   1.00 0.000 0.168 0.000  2.443 0.000   4.397 0.000 999.99 0.259000  13.711 0.000   6.221 0.000   7.422 0.000 0.058 0.000  0.252 0.000
336.333333 337.333333   46.29 0.000   3.33 0.000 9.999 0.259000   0.94 0.000 0.405 0.000  3.436 0.000   6.184 0.000 999.99 0.259000  13.019 0.000   2.118 0.000  10.876 0.000 0.070 0.000  0.331 0.000
339.333333 340.333333   72.29 0.000   2.95 0.000 9.999 0.259000   0.40 0.000 0.463 0.000  2.699 0.000   4.859 0.000 999.99 0.259000  15.030 0.000   4.848 0.000  10.220 0.000 0.050 0.000  0.275 0.000
342.333333 343.333333   95.06 0.000   2.89 0.000 9.999 0.259000   0.87 0.000 0.357 0.000  3.404 0.000   6.126 0.000 999.99 0.259000  17.123 0.000   5.194 0.000  11.871 0.000 0.071 0.000  0.269 0.000
345.333333 346.333333  149.03 0.000   9.32 0.000 9.999 0.259000   1.25 0.000 0.617 0.000  5.559 0.000  10.005 0.000 999.99 0.259000  27.665 0.000   7.333 0.000  20.248 0.000 0.109 0.000  0.458 0.000
348.333333 349.333333  103.84 0.000   3.61 0.000 9.999 0.259000   0.20 0.000 0.349 0.000  2.847 0.000   5.124 0.000  33.82 0.000000  16.097 0.000   4.841 0.000  11.202 0.000 0.077 0.000  0.249 0.000
351.333333 352.333333   13.02 0.000   0.66 0.000 9.999 0.259000   0.17 0.000 0.024 0.000  0.582 0.000   1.047 0.000 999.99 0.259000   6.173 0.000   4.191 0.000   1.937 0.000 0.013 0.000  0.159 0.000
354.333333 355.333333   22.15 0.000   1.94 0.000 0.006 0.000000 999.99 0.259 0.031 0.000  1.113 0.000   2.002 0.000 999.99 0.259000   3.765 0.000   1.243 0.000   2.508 0.000 0.020 0.000  0.054 0.000
357.333333 358.333333 9999.99 0.999 999.99 0.999 9.999 0.999000 999.99 0.999 9.999 0.999  1.440 0.000   2.592 0.000 999.99 0.999000   5.293 0.000 999.999 0.999 999.999 0.999 9.999 0.999 99.999 0.999
360.333333 361.333333 9999.99 0.999 999.99 0.999 9.999 0.999000 999.99 0.999 9.999 0.999  1.510 0.000   2.718 0.000 999.99 0.999000  10.491 0.000 999.999 0.999 999.999 0.999 9.999 0.999 99.999 0.999
363.333333 364.333333   23.35 0.000   1.31 0.000 9.999 0.259000   0.07 0.000 0.058 0.000  0.838 0.000   1.508 0.000 999.99 0.259000   3.041 0.000   0.663 0.000   2.370 0.000 0.015 0.000  0.048 0.000
