scripts/IMPROVE-2019_partial/data/US9046R.20130101080000.20191216000000.filterpack...52w.3d.US03L_filterpack_US9046.US03L_IMPROVE_Davis.lev2.nas
52 1001
MISSING INFORMATION
US03L, IMPROVE, , , , , , , 
MISSING INFORMATION
IMPROVE sel_HTAP
1 1
2013 01 01 2019 12 16
3.000000
days from file reference point
5
1 1 1 1 1
999.999999 999.999 9.999 999.999 9.999
end_time of measurement, days from the file reference point
pm10_mass, ug/m3, Matrix=pm10
numflag pm10_mass, no unit, Matrix=pm10
pm25_mass, ug/m3, Matrix=pm25
numflag pm25_mass, no unit, Matrix=pm25
0
33
Data definition:              EBAS_1.1
Set type code:                TU
Timezone:                     UTC
File name:                    US9046R.20130101080000.20191216000000.filterpack...52w.3d.US03L_filterpack_US9046.US03L_IMPROVE_Davis.lev2.nas
File creation:                20191218120835
Startdate:                    20130101080000
Revision date:                20191216000000
Version:                      2
Version description:          "Data extracted from http://views.cira.colostate.edu/fed/DataWizard 2019-12-16"
Statistics:                   arithmetic mean
Data level:                   2
Period code:                  52w
Resolution code:              3d
Sample duration:              1d
Orig. time res.:              3d
Station code:                 US9046R
Platform code:                US9046S
Station name:                 San Rafael
Station latitude:             34.7339
Station longitude:            -120.0074
Station altitude:             956.0 m
Regime:                       IMG
Component:                    
Unit:                         ug/m3
Matrix:                       
Laboratory code:              US03L
Instrument type:              filterpack
Instrument name:              filterpack_US9046
Method ref:                   US03L_IMPROVE_Davis
Blank correction:             Blank corrected
Volume std. temperature:      ambient
Volume std. pressure:         ambient
starttime endtime PM10 flag_PM10 PM2.5 flag_PM2.5
  0.333333   1.333333   2.236 0.000   1.241 0.000
  3.333333   4.333333 999.999 0.999 999.999 0.999
  6.333333   7.333333 999.999 0.999 999.999 0.999
  9.333333  10.333333   3.498 0.000   1.198 0.000
 12.333333  13.333333   3.413 0.000   1.984 0.000
 15.333333  16.333333 999.999 0.999 999.999 0.999
 18.333333  19.333333   2.460 0.000   0.819 0.000
 21.333333  22.333333   3.143 0.000   0.819 0.000
 24.333333  25.333333   1.346 0.000   0.410 0.000
 27.333333  28.333333   1.990 0.000   1.224 0.000
 30.333333  31.333333  10.167 0.000   2.041 0.000
 33.333333  34.333333   4.758 0.000   2.551 0.000
 36.333333  37.333333   4.596 0.000   2.581 0.000
 39.333333  40.333333   3.864 0.000   1.861 0.000
 42.333333  43.333333   7.321 0.000   3.152 0.000
 45.333333  46.333333   5.165 0.000   1.801 0.000
 48.333333  49.333333   8.988 0.000   5.163 0.000
 51.333333  52.333333   4.327 0.000   2.486 0.000
 54.333333  55.333333   5.803 0.000   1.942 0.000
 57.333333  58.333333   4.090 0.000   1.592 0.000
 60.333333  61.333333   7.095 0.000   2.127 0.000
 63.333333  64.333333   5.807 0.000   3.033 0.000
 66.333333  67.333333   1.535 0.000   0.482 0.000
 69.333333  70.333333   6.528 0.000   2.802 0.000
 72.333333  73.333333  10.249 0.000   4.682 0.000
 75.333333  76.333333   9.313 0.000   3.152 0.000
 78.333333  79.333333  11.591 0.000   3.542 0.000
 81.333333  82.333333  18.139 0.000   8.314 0.000
 84.333333  85.333333   7.158 0.000   3.392 0.000
 87.333333  88.333333   4.636 0.000   2.221 0.000
 90.333333  91.333333   6.426 0.000   2.900 0.000
 93.333333  94.333333   5.131 0.000   1.850 0.000
 96.333333  97.333333   9.630 0.000   3.734 0.000
 99.333333 100.333333   7.984 0.000   1.972 0.000
102.333333 103.333333  16.459 0.000   6.809 0.000
105.333333 106.333333  14.764 0.000   2.970 0.000
108.333333 109.333333  16.757 0.000   3.585 0.000
111.333333 112.333333  23.946 0.000   7.445 0.000
114.333333 115.333333  13.406 0.000   4.759 0.659
117.333333 118.333333  18.654 0.000   9.010 0.659
120.333333 121.333333  37.624 0.000   8.458 0.000
123.333333 124.333333  27.976 0.000  10.821 0.000
126.333333 127.333333  13.685 0.000   5.732 0.000
129.333333 130.333333  19.100 0.000   7.374 0.000
132.333333 133.333333  10.915 0.000   4.492 0.000
135.333333 136.333333  24.114 0.000   8.886 0.000
138.333333 139.333333  20.119 0.000   4.809 0.000
141.333333 142.333333  51.075 0.000  13.944 0.000
144.333333 145.333333  21.387 0.000   9.118 0.000
147.333333 148.333333  14.432 0.000   3.969 0.000
150.333333 151.333333  17.643 0.000   5.532 0.000
153.333333 154.333333  16.303 0.000   6.748 0.000
156.333333 157.333333  16.642 0.000   5.931 0.000
159.333333 160.333333   9.505 0.000   4.710 0.000
162.333333 163.333333 999.999 0.999 999.999 0.999
165.333333 166.333333 999.999 0.999 999.999 0.999
168.333333 169.333333 999.999 0.999 999.999 0.999
171.333333 172.333333  20.505 0.000   5.681 0.000
174.333333 175.333333   4.920 0.000   1.920 0.000
177.333333 178.333333 999.999 0.999 999.999 0.999
180.333333 181.333333  15.190 0.000   5.763 0.000
183.333333 184.333333  13.414 0.000   5.031 0.000
186.333333 187.333333  15.459 0.000   6.394 0.000
189.333333 190.333333  12.332 0.000   4.247 0.000
192.333333 193.333333  18.655 0.000   6.875 0.000
195.333333 196.333333   7.320 0.000   2.828 0.000
198.333333 199.333333  19.978 0.000   5.422 0.000
201.333333 202.333333  18.102 0.000   7.533 0.000
204.333333 205.333333  20.168 0.000   6.072 0.000
207.333333 208.333333  15.266 0.000   5.156 0.000
210.333333 211.333333  11.366 0.000   4.509 0.000
213.333333 214.333333 999.999 0.999 999.999 0.999
216.333333 217.333333  10.580 0.000   3.239 0.000
219.333333 220.333333 999.999 0.999 999.999 0.999
222.333333 223.333333  15.725 0.000   6.560 0.000
225.333333 226.333333  20.810 0.000   6.128 0.000
228.333333 229.333333  20.727 0.000   4.154 0.000
231.333333 232.333333  12.293 0.000 999.999 0.456
234.333333 235.333333  15.907 0.000   4.312 0.000
237.333333 238.333333   9.925 0.000   2.813 0.000
240.333333 241.333333 999.999 0.999 999.999 0.999
243.333333 244.333333 999.999 0.999 999.999 0.999
246.333333 247.333333  19.086 0.000   4.887 0.000
249.333333 250.333333   6.608 0.000   2.742 0.000
252.333333 253.333333  12.970 0.000   4.129 0.000
255.333333 256.333333  20.851 0.000   5.671 0.000
258.333333 259.333333  13.394 0.000   5.042 0.000
261.333333 262.333333  25.320 0.000   6.283 0.000
264.333333 265.333333   7.161 0.000   1.742 0.000
267.333333 268.333333  40.486 0.000   6.675 0.000
270.333333 271.333333  12.974 0.000   2.571 0.000
273.333333 274.333333  18.293 0.000   4.754 0.000
276.333333 277.333333 999.999 0.999 999.999 0.999
279.333333 280.333333 999.999 0.999 999.999 0.999
282.333333 283.333333 999.999 0.999 999.999 0.999
285.333333 286.333333 999.999 0.999 999.999 0.999
288.333333 289.333333 999.999 0.999 999.999 0.999
291.333333 292.333333  10.435 0.000   4.133 0.000
294.333333 295.333333  14.495 0.000   5.459 0.000
297.333333 298.333333   9.957 0.000   4.269 0.000
300.333333 301.333333   5.059 0.000   2.255 0.000
303.333333 304.333333   8.412 0.000   2.801 0.000
306.333333 307.333333  17.435 0.000   4.482 0.000
309.333333 310.333333  11.960 0.000   2.700 0.000
312.333333 313.333333   6.686 0.000   2.720 0.000
315.333333 316.333333   9.004 0.000   3.043 0.000
318.333333 319.333333 999.999 0.999 999.999 0.999
321.333333 322.333333 999.999 0.999 999.999 0.999
324.333333 325.333333   1.085 0.000   0.481 0.000
327.333333 328.333333   3.503 0.000   1.471 0.000
330.333333 331.333333 999.999 0.999 999.999 0.999
333.333333 334.333333   3.484 0.000   1.923 0.000
336.333333 337.333333   6.353 0.000   2.053 0.000
339.333333 340.333333   6.428 0.000   2.249 0.000
342.333333 343.333333   3.494 0.000   1.837 0.000
345.333333 346.333333   2.542 0.000   0.695 0.000
348.333333 349.333333   1.408 0.000   0.436 0.000
351.333333 352.333333   9.074 0.000   3.752 0.000
354.333333 355.333333   3.074 0.000   1.722 0.000
357.333333 358.333333   1.498 0.000   0.718 0.000
360.333333 361.333333 999.999 0.999 999.999 0.999
363.333333 364.333333 999.999 0.999 999.999 0.999
