scripts/IMPROVE-2019_partial/data/US9026R.20040101080000.20191216000000.filterpack..pm25.52w.1w.US03L_filterpack_US9026.US03L_IMPROVE_Davis.lev2.nas
66 1001
MISSING INFORMATION
US03L, IMPROVE, , , , , , , 
MISSING INFORMATION
IMPROVE sel_HTAP
1 1
2004 01 01 2019 12 16
3.000000
days from file reference point
27
1 1 1 1 1 1 1 1 1 1 1 1 1 1 1 1 1 1 1 1 1 1 1 1 1 1 1
999.999999 999.99 9.999 99.99 9.999 9.999 9.999 9.99 9.999 9.999 9.999 99.999 9.999 999.999 9.999 99.99 9.999 999.999 9.999 99.999 9.999 999.999 9.999 9.999 9.999 9.999 9.999
end_time of measurement, days from the file reference point
iron, ng/m3, Revision date=20181210133000
numflag iron, no unit, Revision date=20181210133000
lead, ng/m3, Revision date=20181210133000
numflag lead, no unit, Revision date=20181210133000
magnesium, ug/m3, Revision date=20181210133000
numflag magnesium, no unit, Revision date=20181210133000
nickel, ng/m3, Revision date=20181210133000
numflag nickel, no unit, Revision date=20181210133000
nitrate, ug N/m3, Revision date=20181210133000
numflag nitrate, no unit, Revision date=20181210133000
organic_carbon, ug C/m3, Revision date=20181210133000
numflag organic_carbon, no unit, Revision date=20181210133000
organic_mass, ug/m3, Revision date=20181210133000
numflag organic_mass, no unit, Revision date=20181210133000
phosphorus, ng/m3, Revision date=20181210133000
numflag phosphorus, no unit, Revision date=20181210133000
pm10_mass, ug/m3, Version=2, Version description=Data extracted from http://views.cira.colostate.edu/fed/DataWizard 2019-12-16, Sample duration=1d, Orig. time res.=3d, Matrix=pm10, Blank correction=Blank corrected, Volume std. temperature=ambient, Volume std. pressure=ambient
numflag pm10_mass, no unit, Version=2, Version description=Data extracted from http://views.cira.colostate.edu/fed/DataWizard 2019-12-16, Sample duration=1d, Orig. time res.=3d, Matrix=pm10, Blank correction=Blank corrected, Volume std. temperature=ambient, Volume std. pressure=ambient
pm10_pm25_mass, ug/m3, Revision date=20181210133000, Matrix=pm10_pm25
numflag pm10_pm25_mass, no unit, Revision date=20181210133000, Matrix=pm10_pm25
pm25_mass, ug/m3, Version=2, Version description=Data extracted from http://views.cira.colostate.edu/fed/DataWizard 2019-12-16, Sample duration=1d, Orig. time res.=3d, Blank correction=Blank corrected, Volume std. temperature=ambient, Volume std. pressure=ambient
numflag pm25_mass, no unit, Version=2, Version description=Data extracted from http://views.cira.colostate.edu/fed/DataWizard 2019-12-16, Sample duration=1d, Orig. time res.=3d, Blank correction=Blank corrected, Volume std. temperature=ambient, Volume std. pressure=ambient
potassium, ug/m3, Revision date=20181210133000
numflag potassium, no unit, Revision date=20181210133000
sulphate_total, ug S/m3, Revision date=20181210133000
numflag sulphate_total, no unit, Revision date=20181210133000
0
25
Data definition:              EBAS_1.1
Set type code:                TU
Timezone:                     UTC
File name:                    US9026R.20040101080000.20191216000000.filterpack..pm25.52w.1w.US03L_filterpack_US9026.US03L_IMPROVE_Davis.lev2.nas
File creation:                20191218120655
Startdate:                    20040101080000
Revision date:                20191216000000
Statistics:                   arithmetic mean
Data level:                   2
Period code:                  52w
Resolution code:              1w
Station code:                 US9026R
Platform code:                US9026S
Station name:                 Pasayten
Station latitude:             48.3877
Station longitude:            -119.9275
Station altitude:             1627.0 m
Regime:                       IMG
Component:                    
Matrix:                       pm25
Laboratory code:              US03L
Instrument type:              filterpack
Instrument name:              filterpack_US9026
Method ref:                   US03L_IMPROVE_Davis
starttime endtime Fe flag_Fe Pb flag_Pb Mg++ flag_Mg++ Ni flag_Ni NO3- flag_NO3- OC flag_OC OM flag_OM P flag_P PM10 flag_PM10 PM10-PM2.5 flag_PM10-PM2.5 PM2.5 flag_PM2.5 K+ flag_K+ SO4-- flag_SO4--
  0.333333   1.333333   2.35 0.000  0.25 0.000 9.999 0.259 0.12 0.000 0.008 0.000  0.177 0.000   0.249 0.000 99.99 0.259   0.998 0.000  0.191 0.000   0.807 0.000 0.005 0.000 0.043 0.000
  3.333333   4.333333   1.94 0.000  0.20 0.000 9.999 0.259 0.07 0.000 0.005 0.000  0.015 0.000   0.021 0.000 99.99 0.259   0.716 0.000  0.053 0.000   0.663 0.000 0.004 0.000 0.040 0.000
  6.333333   7.333333   4.78 0.000  0.85 0.000 9.999 0.259 0.08 0.000 0.034 0.559  0.403 0.000   0.564 0.000 99.99 0.259   1.548 0.000  0.102 0.000   1.446 0.000 0.011 0.000 0.108 0.559
  9.333333  10.333333   0.41 0.000  0.19 0.000 9.999 0.259 0.12 0.000 0.003 0.000  0.119 0.000   0.167 0.000 99.99 0.259   0.164 0.000  0.003 0.000   0.162 0.000 0.001 0.000 0.012 0.000
 12.333333  13.333333   2.51 0.000  0.16 0.000 9.999 0.259 0.07 0.000 0.013 0.559  0.294 0.000   0.412 0.000 99.99 0.259   6.491 0.000  5.789 0.000   0.703 0.000 0.004 0.000 0.043 0.559
 15.333333  16.333333   7.23 0.000  0.21 0.000 9.999 0.259 0.27 0.000 0.002 0.559  0.122 0.000   0.171 0.000 99.99 0.259   2.397 0.000  1.899 0.000   0.498 0.000 0.004 0.000 0.022 0.559
 18.333333  19.333333 999.99 0.999 99.99 0.999 9.999 0.999 9.99 0.999 0.005 0.559  0.169 0.000   0.236 0.000 99.99 0.999   2.189 0.000 99.999 0.999 999.999 0.999 9.999 0.999 0.036 0.559
 21.333333  22.333333 999.99 0.999 99.99 0.999 9.999 0.999 9.99 0.999 0.012 0.559  0.185 0.000   0.259 0.000 99.99 0.999   1.397 0.000 99.999 0.999 999.999 0.999 9.999 0.999 0.019 0.559
 24.333333  25.333333   6.67 0.000  0.17 0.000 0.021 0.000 0.34 0.000 0.009 0.000  0.127 0.000   0.178 0.000 99.99 0.259   1.863 0.000  1.035 0.000   0.828 0.000 0.007 0.000 0.069 0.000
 27.333333  28.333333   0.87 0.000  0.19 0.000 9.999 0.259 9.99 0.259 0.008 0.000  0.114 0.000   0.160 0.000  2.79 0.000   0.550 0.000  0.211 0.000   0.340 0.000 0.003 0.000 0.042 0.000
 30.333333  31.333333   0.53 0.000  0.20 0.000 9.999 0.259 0.12 0.000 0.008 0.000  0.015 0.000   0.021 0.000 99.99 0.259   0.423 0.000  0.048 0.000   0.375 0.000 0.002 0.000 0.051 0.000
 33.333333  34.333333   1.71 0.000  0.18 0.000 9.999 0.259 0.10 0.000 0.009 0.000  0.493 0.000   0.691 0.000 99.99 0.259   0.758 0.000  0.150 0.000   0.608 0.000 0.004 0.000 0.045 0.000
 36.333333  37.333333   0.74 0.000  0.17 0.000 9.999 0.259 9.99 0.259 0.045 0.000  0.200 0.000   0.280 0.000 99.99 0.259   0.724 0.000  0.278 0.000   0.446 0.000 0.004 0.000 0.034 0.000
 39.333333  40.333333   2.01 0.000  0.19 0.000 9.999 0.259 9.99 0.259 0.002 0.000  0.063 0.000   0.089 0.000 99.99 0.259   0.762 0.000  0.273 0.000   0.489 0.000 0.003 0.000 0.077 0.000
 42.333333  43.333333   2.95 0.000  0.40 0.000 9.999 0.259 9.99 0.259 0.009 0.000  0.459 0.000   0.642 0.000 99.99 0.259   1.609 0.000  0.080 0.000   1.529 0.000 0.007 0.000 0.127 0.000
 45.333333  46.333333   1.04 0.000  0.19 0.000 9.999 0.259 9.99 0.259 0.030 0.000  0.185 0.000   0.259 0.000 99.99 0.259   0.631 0.000 99.999 0.259   0.701 0.000 0.004 0.000 0.042 0.000
 48.333333  49.333333   0.92 0.000  0.15 0.000 9.999 0.259 9.99 0.259 0.005 0.000  0.078 0.000   0.110 0.000 99.99 0.259   0.379 0.000 99.999 0.259   0.414 0.000 0.002 0.000 0.050 0.000
 51.333333  52.333333   3.76 0.000  0.46 0.000 0.044 0.000 9.99 0.259 0.014 0.000  0.619 0.000   0.866 0.000 99.99 0.259   1.557 0.000 99.999 0.259   1.768 0.000 0.012 0.000 0.084 0.000
 54.333333  55.333333   0.41 0.000  0.24 0.000 0.021 0.000 9.99 0.259 0.017 0.000  0.213 0.000   0.298 0.000  1.45 0.000   0.723 0.000  0.201 0.000   0.522 0.000 0.003 0.000 0.022 0.000
 57.333333  58.333333   0.96 0.000  0.36 0.000 0.037 0.000 0.12 0.000 0.049 0.000  0.229 0.000   0.321 0.000 99.99 0.259   0.878 0.000  0.302 0.000   0.576 0.000 0.004 0.000 0.040 0.000
 60.333333  61.333333   2.82 0.000  0.80 0.000 9.999 0.259 0.06 0.000 0.037 0.000  0.343 0.000   0.480 0.000 99.99 0.259   1.641 0.000  0.329 0.000   1.312 0.000 0.009 0.000 0.113 0.000
 63.333333  64.333333   5.08 0.000 99.99 0.259 9.999 0.259 9.99 0.259 0.012 0.000  0.039 0.000   0.055 0.000 99.99 0.259   0.804 0.000  0.210 0.000   0.594 0.000 0.004 0.000 0.080 0.000
 66.333333  67.333333   5.15 0.000  0.63 0.000 0.029 0.000 9.99 0.259 0.029 0.000  0.124 0.000   0.173 0.000 99.99 0.259   1.557 0.000  0.592 0.000   0.965 0.000 0.007 0.000 0.083 0.000
 69.333333  70.333333  18.69 0.000  1.21 0.000 9.999 0.259 9.99 0.259 0.024 0.000  0.468 0.000   0.655 0.000 99.99 0.259   2.541 0.000  0.725 0.000   1.815 0.000 0.021 0.000 0.167 0.000
 72.333333  73.333333   8.19 0.000  0.46 0.000 9.999 0.259 9.99 0.259 0.012 0.000  0.331 0.000   0.463 0.000 99.99 0.259   1.515 0.000  0.436 0.000   1.080 0.000 0.011 0.000 0.096 0.000
 75.333333  76.333333   9.62 0.000  0.41 0.000 9.999 0.259 9.99 0.259 0.011 0.000  0.069 0.000   0.097 0.000 99.99 0.259   0.972 0.000  0.353 0.000   0.619 0.000 0.008 0.000 0.055 0.000
 78.333333  79.333333   4.37 0.000  0.52 0.000 9.999 0.259 9.99 0.259 0.008 0.000  0.038 0.000   0.053 0.000 99.99 0.259   0.720 0.000  0.226 0.000   0.494 0.000 0.006 0.000 0.054 0.000
 81.333333  82.333333  25.60 0.000  0.98 0.000 9.999 0.259 9.99 0.259 0.026 0.000  0.902 0.000   1.263 0.000 99.99 0.259   4.335 0.000  1.775 0.000   2.560 0.000 0.032 0.000 0.129 0.000
 84.333333  85.333333   4.09 0.000  0.29 0.000 9.999 0.259 9.99 0.259 0.037 0.000  0.216 0.000   0.303 0.000 99.99 0.259   1.321 0.000  0.620 0.000   0.700 0.000 0.007 0.000 0.055 0.000
 87.333333  88.333333  15.90 0.000  1.19 0.000 0.041 0.000 9.99 0.259 0.059 0.000  0.273 0.000   0.382 0.000 99.99 0.259   2.104 0.000  0.773 0.000   1.331 0.000 0.015 0.000 0.127 0.000
 90.333333  91.333333   5.45 0.000  0.54 0.000 9.999 0.259 9.99 0.259 0.038 0.000  0.889 0.000   1.245 0.000 99.99 0.259   3.030 0.000  0.677 0.000   2.354 0.000 0.010 0.000 0.114 0.000
 93.333333  94.333333  23.94 0.000  0.74 0.000 9.999 0.259 9.99 0.259 0.028 0.000  1.046 0.000   1.465 0.000 99.99 0.259   4.853 0.000  1.701 0.000   3.151 0.000 0.024 0.000 0.196 0.000
 96.333333  97.333333  43.55 0.000  1.70 0.000 9.999 0.259 9.99 0.259 0.044 0.000  1.869 0.000   2.617 0.000 99.99 0.259   9.036 0.000  3.288 0.000   5.748 0.000 0.044 0.000 0.283 0.000
 99.333333 100.333333  30.59 0.000  1.21 0.000 9.999 0.259 0.09 0.000 0.016 0.000  0.710 0.000   0.993 0.000 99.99 0.259   4.309 0.000  1.473 0.000   2.836 0.000 0.033 0.000 0.173 0.000
102.333333 103.333333  64.47 0.000  1.49 0.000 9.999 0.259 9.99 0.259 0.043 0.000  2.119 0.000   2.967 0.000 99.99 0.259  12.341 0.000  5.220 0.000   7.121 0.000 0.046 0.000 0.499 0.000
105.333333 106.333333   5.57 0.000  0.51 0.000 9.999 0.259 9.99 0.259 0.017 0.000  0.221 0.000   0.309 0.000 99.99 0.259   1.715 0.000  0.862 0.000   0.853 0.000 0.006 0.000 0.058 0.000
108.333333 109.333333   5.83 0.000  0.30 0.000 9.999 0.259 9.99 0.259 0.027 0.000  0.411 0.000   0.575 0.000 99.99 0.259   2.567 0.000  0.933 0.000   1.634 0.000 0.008 0.000 0.089 0.000
111.333333 112.333333   5.18 0.000  0.25 0.000 9.999 0.259 9.99 0.259 0.053 0.000  0.219 0.000   0.307 0.000 99.99 0.259   1.347 0.000  0.652 0.000   0.694 0.000 0.008 0.000 0.077 0.000
114.333333 115.333333  18.04 0.000  1.37 0.000 9.999 0.259 9.99 0.259 0.036 0.000  0.347 0.000   0.486 0.000 99.99 0.259   3.684 0.000  1.253 0.000   2.431 0.000 0.023 0.000 0.294 0.000
117.333333 118.333333  33.31 0.000  1.12 0.000 9.999 0.259 9.99 0.259 0.017 0.000  0.418 0.000   0.585 0.000 99.99 0.259   4.721 0.000  2.441 0.000   2.280 0.000 0.028 0.000 0.205 0.000
120.333333 121.333333  27.49 0.000  0.73 0.000 9.999 0.259 9.99 0.259 0.013 0.000  1.631 0.000   2.284 0.000 99.99 0.259   7.239 0.000  3.694 0.000   3.545 0.000 0.031 0.000 0.139 0.000
123.333333 124.333333  10.25 0.000  0.63 0.000 9.999 0.259 0.12 0.000 0.011 0.000  0.368 0.000   0.515 0.000 99.99 0.259   1.094 0.000  0.371 0.000   0.723 0.000 0.009 0.000 0.088 0.000
126.333333 127.333333  14.67 0.000  0.84 0.000 9.999 0.259 0.08 0.000 0.017 0.000  0.541 0.000   0.758 0.000 99.99 0.259   3.765 0.000  2.540 0.000   1.226 0.000 0.021 0.000 0.120 0.000
129.333333 130.333333  17.75 0.000  0.54 0.000 9.999 0.259 0.34 0.000 0.012 0.000  0.099 0.000   0.139 0.000 99.99 0.259   1.046 0.000  0.149 0.000   0.897 0.000 0.009 0.000 0.110 0.000
132.333333 133.333333  15.67 0.000  0.61 0.000 9.999 0.259 0.11 0.000 0.026 0.000  0.785 0.000   1.100 0.000 99.99 0.259   4.756 0.000  1.342 0.000   3.414 0.000 0.020 0.000 0.374 0.000
135.333333 136.333333  40.34 0.000  2.38 0.000 9.999 0.259 0.27 0.000 0.084 0.000  3.118 0.000   4.364 0.000 99.99 0.259  10.396 0.000  2.098 0.000   8.298 0.000 0.049 0.000 0.503 0.000
138.333333 139.333333 999.99 0.999 99.99 0.999 9.999 0.999 9.99 0.999 9.999 0.999 99.999 0.999 999.999 0.999 99.99 0.999 999.999 0.999 99.999 0.999 999.999 0.999 9.999 0.999 9.999 0.999
141.333333 142.333333  32.55 0.000  1.25 0.000 0.043 0.000 0.16 0.000 0.019 0.000  0.882 0.000   1.235 0.000 99.99 0.259   4.948 0.000  1.739 0.000   3.210 0.000 0.027 0.000 0.267 0.000
144.333333 145.333333   5.40 0.000 99.99 0.259 9.999 0.259 0.13 0.000 0.007 0.000  0.716 0.000   1.003 0.000 99.99 0.259   1.901 0.000  0.522 0.000   1.379 0.000 0.008 0.000 0.116 0.000
147.333333 148.333333  12.73 0.000  0.69 0.000 9.999 0.259 0.08 0.000 0.009 0.000 99.999 0.259 999.999 0.259 99.99 0.259   2.008 0.000  0.899 0.000   1.109 0.000 0.011 0.000 0.113 0.000
150.333333 151.333333 999.99 0.999 99.99 0.999 9.999 0.999 9.99 0.999 9.999 0.999 99.999 0.999 999.999 0.999 99.99 0.999 999.999 0.999 99.999 0.999 999.999 0.999 9.999 0.999 9.999 0.999
153.333333 154.333333 999.99 0.999 99.99 0.999 9.999 0.999 9.99 0.999 9.999 0.999 99.999 0.999 999.999 0.999 99.99 0.999 999.999 0.999 99.999 0.999 999.999 0.999 9.999 0.999 9.999 0.999
156.333333 157.333333  33.11 0.000  1.11 0.000 9.999 0.259 9.99 0.259 0.026 0.000  1.022 0.000   1.431 0.000 99.99 0.259   6.024 0.000  2.881 0.000   3.143 0.000 0.024 0.000 0.188 0.000
159.333333 160.333333  16.46 0.000  0.61 0.000 9.999 0.259 9.99 0.259 0.010 0.000  0.681 0.000   0.953 0.000 99.99 0.259   6.088 0.000  3.418 0.000   2.669 0.000 0.013 0.000 0.292 0.000
162.333333 163.333333   7.34 0.000  0.42 0.000 9.999 0.259 0.12 0.000 0.011 0.000  0.234 0.000   0.327 0.000 99.99 0.259   2.385 0.000  1.095 0.000   1.289 0.000 0.008 0.000 0.082 0.000
165.333333 166.333333   2.23 0.000 99.99 0.259 9.999 0.259 9.99 0.259 0.011 0.000  0.085 0.000   0.120 0.000 99.99 0.259   1.213 0.000  0.513 0.000   0.700 0.000 0.004 0.000 0.101 0.000
168.333333 169.333333  14.19 0.000  0.57 0.000 9.999 0.259 0.12 0.000 0.008 0.000  0.782 0.000   1.095 0.000 99.99 0.259   4.117 0.000  2.054 0.000   2.063 0.000 0.016 0.000 0.081 0.000
171.333333 172.333333  20.52 0.000  1.15 0.000 9.999 0.259 0.14 0.000 0.012 0.000  1.531 0.000   2.143 0.000 99.99 0.259   5.870 0.000  2.031 0.000   3.838 0.000 0.022 0.000 0.217 0.000
174.333333 175.333333  31.45 0.000 99.99 0.259 9.999 0.259 0.13 0.000 0.011 0.000  2.452 0.000   3.432 0.000 99.99 0.259  10.124 0.000  4.627 0.000   5.497 0.000 0.029 0.000 0.179 0.000
177.333333 178.333333  42.51 0.000  0.88 0.000 9.999 0.259 0.12 0.000 0.029 0.000  2.359 0.000   3.303 0.000 99.99 0.259  10.969 0.000  5.080 0.000   5.888 0.000 0.038 0.000 0.200 0.000
180.333333 181.333333  25.08 0.000  0.74 0.000 9.999 0.259 9.99 0.259 0.020 0.000  2.726 0.000   3.816 0.000 99.99 0.259  10.631 0.000  3.793 0.000   6.838 0.000 0.040 0.000 0.190 0.000
183.333333 184.333333  31.47 0.000  0.87 0.000 9.999 0.259 0.16 0.000 0.027 0.000  3.253 0.000   4.554 0.000 99.99 0.259   9.245 0.000  1.672 0.000   7.573 0.000 0.037 0.000 0.196 0.000
186.333333 187.333333  12.81 0.000  0.73 0.000 9.999 0.259 0.09 0.000 0.016 0.000  2.977 0.000   4.167 0.000 99.99 0.259   8.492 0.000  1.782 0.000   6.710 0.000 0.054 0.000 0.129 0.000
189.333333 190.333333  12.80 0.000 99.99 0.259 9.999 0.259 9.99 0.259 0.024 0.000  2.417 0.000   3.384 0.000 99.99 0.259   9.007 0.000  2.982 0.000   6.024 0.000 0.031 0.000 0.116 0.000
192.333333 193.333333   3.83 0.000 99.99 0.259 9.999 0.259 0.16 0.000 0.014 0.000  3.379 0.000   4.731 0.000 99.99 0.259   7.697 0.000  0.753 0.000   6.944 0.000 0.027 0.000 0.093 0.000
195.333333 196.333333  37.85 0.000  0.44 0.000 9.999 0.259 9.99 0.259 0.016 0.000  2.324 0.000   3.253 0.000 99.99 0.259   8.067 0.000  3.006 0.000   5.061 0.000 0.050 0.000 0.122 0.000
198.333333 199.333333  32.68 0.000  0.32 0.000 9.999 0.259 0.14 0.000 0.014 0.000  3.730 0.000   5.222 0.000 99.99 0.259  11.311 0.000  3.855 0.000   7.455 0.000 0.060 0.000 0.149 0.000
201.333333 202.333333  18.58 0.000 99.99 0.259 9.999 0.259 0.25 0.000 0.013 0.000  0.252 0.000   0.353 0.000 99.99 0.259   2.134 0.000  0.733 0.000   1.401 0.000 0.013 0.000 0.130 0.000
204.333333 205.333333  14.30 0.000 99.99 0.259 9.999 0.259 9.99 0.259 0.008 0.000  1.516 0.000   2.122 0.000 99.99 0.259   7.479 0.000  4.169 0.000   3.310 0.000 0.019 0.000 0.148 0.000
207.333333 208.333333  21.00 0.000 99.99 0.259 9.999 0.259 9.99 0.259 0.038 0.000  7.154 0.000  10.015 0.000 99.99 0.259  17.194 0.000  2.193 0.000  15.001 0.000 0.107 0.000 0.201 0.000
210.333333 211.333333  46.83 0.000  0.44 0.000 9.999 0.259 0.54 0.000 0.031 0.000  6.999 0.000   9.799 0.000 99.99 0.259  22.569 0.000  6.750 0.000  15.820 0.000 0.097 0.000 0.145 0.000
213.333333 214.333333  28.58 0.000  0.95 0.000 9.999 0.259 9.99 0.259 0.036 0.000  8.595 0.000  12.032 0.000 99.99 0.259  19.704 0.000  2.834 0.000  16.870 0.000 0.075 0.000 0.271 0.000
216.333333 217.333333  59.77 0.000  0.70 0.000 9.999 0.259 0.24 0.000 0.040 0.000  2.969 0.000   4.157 0.000 99.99 0.259  12.184 0.000  5.767 0.000   6.417 0.000 0.072 0.000 0.225 0.000
219.333333 220.333333   1.43 0.000 99.99 0.259 0.046 0.000 9.99 0.259 0.008 0.000  1.053 0.000   1.474 0.000 99.99 0.259   2.121 0.000  0.781 0.000   1.340 0.000 0.006 0.000 0.035 0.000
222.333333 223.333333  12.17 0.000  0.66 0.000 9.999 0.259 9.99 0.259 0.016 0.000  3.634 0.000   5.088 0.000 99.99 0.259   8.763 0.000  2.433 0.000   6.330 0.000 0.029 0.000 0.067 0.000
225.333333 226.333333  42.55 0.000  0.71 0.000 9.999 0.259 9.99 0.259 0.015 0.000  3.614 0.000   5.060 0.000 99.99 0.259  13.067 0.000  5.662 0.000   7.405 0.000 0.037 0.000 0.137 0.000
228.333333 229.333333  32.58 0.000  0.77 0.000 9.999 0.259 9.99 0.259 0.021 0.000  6.604 0.000   9.245 0.000 99.99 0.259  16.566 0.000  2.989 0.000  13.578 0.000 0.102 0.000 0.207 0.000
231.333333 232.333333  26.27 0.000  0.65 0.000 0.049 0.000 9.99 0.259 0.012 0.000  5.599 0.000   7.839 0.000 99.99 0.259  15.095 0.000  3.252 0.000  11.843 0.000 0.067 0.000 0.240 0.000
234.333333 235.333333   1.69 0.000  0.37 0.000 9.999 0.259 9.99 0.259 0.009 0.000  1.989 0.000   2.785 0.000 99.99 0.259   1.631 0.000  0.286 0.000   1.345 0.000 0.008 0.000 0.044 0.000
237.333333 238.333333   2.85 0.000 99.99 0.259 9.999 0.259 0.26 0.000 0.008 0.000  0.457 0.000   0.639 0.000 99.99 0.259   0.873 0.000  0.375 0.000   0.498 0.000 0.006 0.000 0.021 0.000
240.333333 241.333333   1.60 0.000  0.84 0.000 9.999 0.259 9.99 0.259 0.003 0.000  0.058 0.000   0.081 0.000 99.99 0.259   0.413 0.000  0.198 0.000   0.215 0.000 0.004 0.000 0.024 0.000
243.333333 244.333333   6.81 0.000  0.44 0.000 9.999 0.259 9.99 0.259 0.005 0.000  0.398 0.000   0.558 0.000 99.99 0.259   1.495 0.000  0.653 0.000   0.842 0.000 0.009 0.000 0.073 0.000
246.333333 247.333333   6.18 0.000 99.99 0.259 9.999 0.259 0.25 0.000 0.007 0.000  0.734 0.000   1.027 0.000 99.99 0.259   3.327 0.000  1.913 0.000   1.413 0.000 0.009 0.000 0.068 0.000
249.333333 250.333333  13.33 0.000  0.84 0.000 9.999 0.259 0.28 0.000 0.035 0.000  0.764 0.000   1.070 0.000 99.99 0.259   6.242 0.000  3.641 0.000   2.600 0.000 0.013 0.000 0.207 0.000
252.333333 253.333333   5.41 0.000  0.34 0.000 9.999 0.259 9.99 0.259 0.008 0.000  0.144 0.000   0.201 0.000 99.99 0.259   1.364 0.000  0.778 0.000   0.586 0.000 0.005 0.000 0.059 0.000
255.333333 256.333333   2.69 0.000  0.50 0.000 9.999 0.259 9.99 0.259 0.023 0.000  0.191 0.000   0.267 0.000 99.99 0.259   1.539 0.000  0.705 0.000   0.833 0.000 0.006 0.000 0.074 0.000
