scripts/IMPROVE-2019_partial/data/US9033R.20040101060000.20191216000000.filterpack..pm25.52w.1w.US03L_filterpack_US9033.US03L_IMPROVE_Davis.lev2.nas
68 1001
MISSING INFORMATION
US03L, IMPROVE, , , , , , , 
MISSING INFORMATION
IMPROVE sel_HTAP
1 1
2004 01 01 2019 12 16
3.00
days from file reference point
29
1 1 1 1 1 1 1 1 1 1 1 1 1 1 1 1 1 1 1 1 1 1 1 1 1 1 1 1 1
999.99 99.999 9.999 9999.99 9.999 99.99 9.999 9.999 9.999999 9.99 9.999999 99.999 9.999 999.999 9.999 999.999 9.999 999.99 9.999999 999.999 9.999 999.999 9.999 999.999 9.999 9.999 9.999 99.999 9.999
end_time of measurement, days from the file reference point
ammonium, ug N/m3, Revision date=20181210133000
numflag ammonium, no unit, Revision date=20181210133000
iron, ng/m3, Revision date=20181210133000
numflag iron, no unit, Revision date=20181210133000
lead, ng/m3, Revision date=20181210133000
numflag lead, no unit, Revision date=20181210133000
magnesium, ug/m3, Revision date=20181210133000
numflag magnesium, no unit, Revision date=20181210133000
nickel, ng/m3, Revision date=20181210133000
numflag nickel, no unit, Revision date=20181210133000
nitrate, ug N/m3, Revision date=20181210133000
numflag nitrate, no unit, Revision date=20181210133000
organic_carbon, ug C/m3, Revision date=20181210133000
numflag organic_carbon, no unit, Revision date=20181210133000
organic_mass, ug/m3, Revision date=20181210133000
numflag organic_mass, no unit, Revision date=20181210133000
phosphorus, ng/m3, Revision date=20181210133000
numflag phosphorus, no unit, Revision date=20181210133000
pm10_mass, ug/m3, Version=2, Version description=Data extracted from http://views.cira.colostate.edu/fed/DataWizard 2019-12-16, Sample duration=1d, Orig. time res.=3d, Matrix=pm10, Blank correction=Blank corrected, Volume std. temperature=ambient, Volume std. pressure=ambient
numflag pm10_mass, no unit, Version=2, Version description=Data extracted from http://views.cira.colostate.edu/fed/DataWizard 2019-12-16, Sample duration=1d, Orig. time res.=3d, Matrix=pm10, Blank correction=Blank corrected, Volume std. temperature=ambient, Volume std. pressure=ambient
pm10_pm25_mass, ug/m3, Revision date=20181210133000, Matrix=pm10_pm25
numflag pm10_pm25_mass, no unit, Revision date=20181210133000, Matrix=pm10_pm25
pm25_mass, ug/m3, Version=2, Version description=Data extracted from http://views.cira.colostate.edu/fed/DataWizard 2019-12-16, Sample duration=1d, Orig. time res.=3d, Blank correction=Blank corrected, Volume std. temperature=ambient, Volume std. pressure=ambient
numflag pm25_mass, no unit, Version=2, Version description=Data extracted from http://views.cira.colostate.edu/fed/DataWizard 2019-12-16, Sample duration=1d, Orig. time res.=3d, Blank correction=Blank corrected, Volume std. temperature=ambient, Volume std. pressure=ambient
potassium, ug/m3, Revision date=20181210133000
numflag potassium, no unit, Revision date=20181210133000
sulphate_total, ug S/m3, Revision date=20181210133000
numflag sulphate_total, no unit, Revision date=20181210133000
0
25
Data definition:              EBAS_1.1
Set type code:                TU
Timezone:                     UTC
File name:                    US9033R.20040101060000.20191216000000.filterpack..pm25.52w.1w.US03L_filterpack_US9033.US03L_IMPROVE_Davis.lev2.nas
File creation:                20191218120727
Startdate:                    20040101060000
Revision date:                20191216000000
Statistics:                   arithmetic mean
Data level:                   2
Period code:                  52w
Resolution code:              1w
Station code:                 US9033R
Platform code:                US9033S
Station name:                 Sipsy Wilderness
Station latitude:             34.3433
Station longitude:            -87.3388
Station altitude:             286.0 m
Regime:                       IMG
Component:                    
Matrix:                       pm25
Laboratory code:              US03L
Instrument type:              filterpack
Instrument name:              filterpack_US9033
Method ref:                   US03L_IMPROVE_Davis
starttime endtime NH4+ flag_NH4+ Fe flag_Fe Pb flag_Pb Mg++ flag_Mg++ Ni flag_Ni NO3- flag_NO3- OC flag_OC OM flag_OM P flag_P PM10 flag_PM10 PM10-PM2.5 flag_PM10-PM2.5 PM2.5 flag_PM2.5 K+ flag_K+ SO4-- flag_SO4--
[from data line 78]
234.25 235.25  1.068 0.000   18.35 0.000  1.08 0.000 9.999 0.259000 0.10 0.000000  0.028 0.000   2.041 0.000   2.857 0.000 999.99 0.259000  16.121 0.000   4.898 0.000  11.223 0.000 0.039 0.000  1.802 0.000
237.25 238.25 99.999 0.999 9999.99 0.999 99.99 0.999 9.999 0.999000 9.99 0.999000 99.999 0.999 999.999 0.999 999.999 0.999 999.99 0.999000 999.999 0.999 999.999 0.999 999.999 0.999 9.999 0.999 99.999 0.999
240.25 241.25  0.777 0.000   37.37 0.000  0.77 0.000 9.999 0.259000 0.17 0.000000  0.023 0.000   2.478 0.000   3.469 0.000 999.99 0.259000  15.760 0.000   4.475 0.000  11.285 0.000 0.049 0.000  1.337 0.000
243.25 244.25  2.373 0.000   35.39 0.000  2.06 0.000 9.999 0.259000 0.08 0.000000  0.045 0.000   2.333 0.000   3.266 0.000 999.99 0.259000  24.072 0.000   3.976 0.000  20.096 0.000 0.038 0.000  4.109 0.000
246.25 247.25  1.828 0.000   29.59 0.000  1.09 0.000 9.999 0.259000 0.28 0.000000  0.128 0.000   3.469 0.000   4.857 0.000 999.99 0.259000  23.189 0.000   5.301 0.000  17.888 0.000 0.047 0.000  2.565 0.000
249.25 250.25  1.226 0.000   32.69 0.000  2.23 0.000 0.134 0.000000 0.52 0.000000  0.048 0.000   1.983 0.000   2.777 0.000 999.99 0.259000  17.237 0.000   5.404 0.000  11.834 0.000 0.038 0.000  1.801 0.000
252.25 253.25  1.391 0.000   42.91 0.000  1.56 0.000 9.999 0.259000 0.17 0.000000  0.050 0.000   1.668 0.000   2.336 0.000 999.99 0.259000  19.788 0.000   6.891 0.000  12.897 0.000 0.036 0.000  2.146 0.000
255.25 256.25  1.503 0.000   17.01 0.000  1.66 0.000 9.999 0.259000 0.34 0.000000  0.033 0.000   3.208 0.000   4.491 0.000 999.99 0.259000  19.387 0.000   3.576 0.000  15.811 0.000 0.034 0.000  2.266 0.000
258.25 259.25  0.953 0.000   20.58 0.000  0.78 0.000 9.999 0.259000 0.19 0.000000  0.058 0.000   1.875 0.000   2.625 0.000 999.99 0.259000  13.393 0.000   3.782 0.000   9.611 0.000 0.021 0.000  1.384 0.000
261.25 262.25 99.999 0.999 9999.99 0.999 99.99 0.999 9.999 0.999000 9.99 0.999000 99.999 0.999 999.999 0.999 999.999 0.999 999.99 0.999000 999.999 0.999 999.999 0.999 999.999 0.999 9.999 0.999 99.999 0.999
264.25 265.25  0.777 0.000   21.51 0.000  1.78 0.000 9.999 0.259000 0.21 0.000000  0.094 0.000   2.158 0.000   3.021 0.000 999.99 0.259000  15.293 0.000   5.754 0.000   9.538 0.000 0.029 0.000  1.050 0.000
267.25 268.25  2.121 0.000   52.54 0.000  2.76 0.000 9.999 0.259000 0.29 0.000000  0.048 0.000   3.415 0.000   4.780 0.000 999.99 0.259000  30.190 0.000  10.317 0.000  19.872 0.000 0.065 0.000  2.641 0.000
270.25 271.25  2.371 0.000   49.37 0.000  4.11 0.000 0.146 0.000000 0.20 0.000000  0.053 0.000   3.192 0.000   4.469 0.000 999.99 0.259000  26.439 0.000   7.585 0.000  18.854 0.000 0.056 0.000  2.842 0.000
273.25 274.25  1.120 0.000   35.07 0.000  1.55 0.000 9.999 0.259000 9.99 0.259000  0.080 0.000   1.695 0.000   2.373 0.000 999.99 0.259000  20.164 0.000   9.856 0.000  10.308 0.000 0.030 0.000  1.318 0.000
276.25 277.25  1.112 0.000   33.64 0.000  2.17 0.000 9.999 0.259000 9.99 0.259000  0.101 0.000   2.089 0.000   2.925 0.000 999.99 0.259000  16.232 0.000   5.955 0.000  10.277 0.000 0.067 0.000  1.330 0.000
279.25 280.25  1.397 0.000   59.56 0.000  3.03 0.000 9.999 0.259000 0.30 0.000000  0.058 0.000   3.865 0.000   5.411 0.000 999.99 0.259000  24.975 0.000   9.428 0.000  15.547 0.000 0.062 0.000  1.554 0.000
282.25 283.25  1.136 0.000   25.66 0.000  2.54 0.000 9.999 0.259000 0.22 0.000000  0.179 0.000   3.114 0.000   4.360 0.000 999.99 0.259000  17.971 0.000   5.168 0.000  12.804 0.000 0.056 0.000  1.448 0.000
285.25 286.25  0.426 0.000   10.43 0.000  0.81 0.000 9.999 0.259000 0.27 0.000000  0.037 0.000   1.650 0.000   2.310 0.000 999.99 0.259000  12.281 0.000   4.665 0.000   7.615 0.000 0.029 0.000  1.023 0.000
288.25 289.25  0.206 0.000   10.83 0.000  0.60 0.000 0.085 0.000000 9.99 0.259000  0.056 0.000   1.063 0.000   1.488 0.000 999.99 0.259000   6.487 0.000   3.015 0.000   3.472 0.000 0.025 0.000  0.269 0.000
291.25 292.25  0.579 0.000   25.62 0.000  1.76 0.000 9.999 0.259000 0.27 0.000000  0.057 0.000   2.604 0.000   3.646 0.000 999.99 0.259000  14.762 0.000   4.454 0.000  10.309 0.000 0.057 0.000  1.161 0.000
294.25 295.25  1.144 0.000   26.54 0.000  1.76 0.000 0.412 0.000000 0.27 0.000000  0.071 0.000   2.182 0.000   3.054 0.000 999.99 0.259000  14.642 0.000   2.512 0.000  12.130 0.000 0.044 0.000  1.661 0.000
297.25 298.25  0.440 0.000   10.55 0.000  0.81 0.000 0.226 0.000000 0.18 0.000000  0.053 0.000   1.908 0.000   2.672 0.000 999.99 0.259000  11.078 0.000   3.793 0.000   7.285 0.000 0.036 0.000  0.778 0.000
300.25 301.25  0.699 0.000   17.28 0.000  1.00 0.000 9.999 0.259000 0.41 0.000000  0.049 0.000   2.590 0.000   3.626 0.000 999.99 0.259000 999.999 0.456 999.999 0.999  10.816 0.000 0.070 0.000  1.261 0.000
303.25 304.25  1.503 0.000   12.63 0.000  1.02 0.000 9.999 0.259000 0.53 0.000000  0.053 0.000   1.742 0.000   2.439 0.000 999.99 0.259000 999.999 0.456 999.999 0.999  14.506 0.000 0.048 0.000  2.553 0.000
306.25 307.25  0.258 0.000    7.12 0.000  0.85 0.000 9.999 0.259000 0.45 0.000000  0.045 0.000   1.005 0.000   1.408 0.000 999.99 0.259000 999.999 0.456 999.999 0.999   4.449 0.000 0.032 0.000  0.587 0.000
309.25 310.25  0.732 0.394   17.26 0.394  1.24 0.394 9.999 0.394259 9.99 0.394259  0.275 0.394   1.062 0.000   1.487 0.000 999.99 0.394259  23.778 0.000  18.764 0.000   5.013 0.000 0.037 0.394  0.638 0.394
312.25 313.25  0.383 0.000   39.90 0.000  2.44 0.000 9.999 0.259000 0.17 0.000000  0.061 0.000   1.404 0.000   1.966 0.000 999.99 0.259000  13.307 0.000   7.967 0.000   5.340 0.000 0.057 0.000  0.424 0.000
315.25 316.25  0.489 0.000   23.84 0.000  2.23 0.000 9.999 0.259000 0.14 0.000000  0.095 0.000   1.725 0.000   2.415 0.000 999.99 0.259000   9.354 0.000   2.038 0.000   7.316 0.000 0.039 0.000  0.832 0.000
318.25 319.25  0.408 0.000   13.59 0.000  2.38 0.000 9.999 0.259000 0.12 0.000000  0.047 0.000   1.247 0.000   1.746 0.000 999.99 0.259000   7.072 0.000   2.201 0.000   4.870 0.000 0.028 0.000  0.465 0.000
321.25 322.25  1.080 0.000   61.52 0.000  6.14 0.000 9.999 0.259000 0.15 0.000000  0.223 0.000   3.178 0.000   4.450 0.000 999.99 0.259000  18.250 0.000   5.004 0.000  13.246 0.000 0.083 0.000  1.291 0.000
324.25 325.25  0.838 0.000   15.09 0.000  1.06 0.000 9.999 0.259000 9.99 0.259000  0.163 0.000   1.968 0.000   2.755 0.000 999.99 0.259000  10.500 0.000   1.708 0.000   8.792 0.000 0.043 0.000  1.069 0.000
327.25 328.25  0.125 0.000   10.42 0.000  0.42 0.000 9.999 0.259000 0.31 0.000000  0.050 0.000   1.117 0.000   1.563 0.000 999.99 0.259000   1.262 0.000 999.999 0.259   3.811 0.000 0.022 0.000  0.353 0.000
330.25 331.25  0.251 0.000   20.66 0.000  2.42 0.000 9.999 0.259000 9.99 0.259000  0.037 0.000   1.395 0.000   1.953 0.000 999.99 0.259000   5.313 0.000   1.005 0.000   4.308 0.000 0.025 0.000  0.313 0.000
333.25 334.25  0.534 0.000   31.79 0.000  2.37 0.000 9.999 0.259000 0.14 0.000000  0.090 0.000   2.022 0.000   2.831 0.000 999.99 0.259000   8.638 0.000   1.469 0.000   7.170 0.000 0.036 0.000  0.608 0.000
336.25 337.25  0.389 0.000   26.61 0.000  1.26 0.000 9.999 0.259000 9.99 0.259000  0.133 0.000   1.003 0.000   1.404 0.000 999.99 0.259000   4.853 0.000   0.884 0.000   3.968 0.000 0.039 0.000  0.390 0.000
339.25 340.25  0.790 0.000   46.00 0.000  3.92 0.000 9.999 0.259000 0.11 0.000000  0.302 0.000   2.799 0.000   3.918 0.000 999.99 0.259000  12.360 0.000   1.323 0.000  11.037 0.000 0.058 0.000  0.832 0.000
342.25 343.25  0.328 0.000   28.10 0.000  2.15 0.000 9.999 0.259000 9.99 0.259000  0.141 0.000   1.301 0.000   1.821 0.000 999.99 0.259000   6.655 0.000   2.015 0.000   4.640 0.000 0.040 0.000  0.343 0.000
345.25 346.25  0.751 0.000    7.92 0.000  1.20 0.000 0.168 0.000000 0.19 0.000000  0.145 0.000   0.448 0.000   0.627 0.000 999.99 0.259000   4.824 0.000   0.538 0.000   4.285 0.000 0.011 0.000  0.792 0.000
348.25 349.25  0.942 0.000   16.02 0.000  1.07 0.000 0.071 0.000000 9.99 0.259000  0.400 0.000   0.551 0.000   0.771 0.000 999.99 0.259000   8.883 0.000   3.054 0.000   5.829 0.000 0.032 0.000  0.734 0.000
351.25 352.25  0.747 0.000   29.68 0.000  3.56 0.000 9.999 0.259000 0.23 0.000000  0.409 0.000   2.311 0.000   3.235 0.000 999.99 0.259000  12.885 0.000   4.038 0.000   8.847 0.000 0.075 0.000  0.546 0.000
354.25 355.25  0.423 0.000   39.53 0.000  1.95 0.000 9.999 0.259000 9.99 0.259000  0.221 0.000   0.963 0.000   1.349 0.000 999.99 0.259000   9.259 0.000   4.461 0.000   4.798 0.000 0.052 0.000  0.350 0.000
357.25 358.25 99.999 0.999 9999.99 0.999 99.99 0.999 9.999 0.999000 9.99 0.999000 99.999 0.999 999.999 0.999 999.999 0.999 999.99 0.999000 999.999 0.999 999.999 0.999 999.999 0.999 9.999 0.999 99.999 0.999
360.25 361.25 99.999 0.999 9999.99 0.999 99.99 0.999 9.999 0.999000 9.99 0.999000 99.999 0.999 999.999 0.999 999.999 0.999 999.99 0.999000 999.999 0.999 999.999 0.999 999.999 0.999 9.999 0.999 99.999 0.999
363.25 364.25  0.809 0.000   25.49 0.000  3.64 0.000 9.999 0.259000 0.21 0.000000  0.120 0.000   2.424 0.000   3.394 0.000 999.99 0.259000  13.178 0.000   3.105 0.000  10.073 0.000 0.093 0.000  0.974 0.000
