scripts/IMPROVE-2019_partial/data/US9001R.19900103070000.20191216000000.filterpack...1y.3d.US03L_filterpack_US9001.US03L_IMPROVE_Davis.lev2.nas
52 1001
MISSING INFORMATION
US03L, IMPROVE, , , , , , , 
MISSING INFORMATION
IMPROVE sel_HTAP
1 1
1990 01 01 2019 12 16
0
days from file reference point
5
1 1 1 1 1
999.999999 999.999 9.999 999.999 9.999999
end_time of measurement, days from the file reference point
pm10_mass, ug/m3, Matrix=pm10
numflag pm10_mass, no unit, Matrix=pm10
pm25_mass, ug/m3, Matrix=pm25
numflag pm25_mass, no unit, Matrix=pm25
0
33
Data definition:              EBAS_1.1
Set type code:                TI
Timezone:                     UTC
File name:                    US9001R.19900103070000.20191216000000.filterpack...1y.3d.US03L_filterpack_US9001.US03L_IMPROVE_Davis.lev2.nas
File creation:                20191218120517
Startdate:                    19900103070000
Revision date:                20191216000000
Version:                      2
Version description:          "Data extracted from http://views.cira.colostate.edu/fed/DataWizard 2019-12-16"
Statistics:                   arithmetic mean
Data level:                   2
Period code:                  1y
Resolution code:              3d
Sample duration:              1d
Orig. time res.:              3d
Station code:                 US9001R
Platform code:                US9001S
Station name:                 Rocky Mountain NP HQ
Station latitude:             40.3624
Station longitude:            -105.5638
Station altitude:             2408.0 m
Regime:                       IMG
Component:                    
Unit:                         ug/m3
Matrix:                       
Laboratory code:              US03L
Instrument type:              filterpack
Instrument name:              filterpack_US9001
Method ref:                   US03L_IMPROVE_Davis
Blank correction:             Blank corrected
Volume std. temperature:      ambient
Volume std. pressure:         ambient
starttime endtime PM10 flag_PM10 PM2.5 flag_PM2.5
  2.291667   3.291667 999.999 0.999 999.999 0.999000
  5.291667   6.291667   1.378 0.000   1.069 0.000000
  9.291667  10.291667   2.019 0.000   0.645 0.000000
 12.291667  13.291667   4.700 0.000   1.721 0.000000
 16.291667  17.291667   6.905 0.000   3.846 0.000000
 19.291667  20.291667   5.280 0.000   2.313 0.000000
 23.291667  24.291667   2.524 0.000   0.789 0.000000
 26.291667  27.291667   2.905 0.000   0.724 0.000000
 30.291667  31.291667 999.999 0.999   1.812 0.000000
 33.291667  34.291667   5.337 0.000 999.999 0.999000
 37.291667  38.291667   9.187 0.000   2.000 0.000000
 40.291667  41.291667 999.999 0.999 999.999 0.999000
 44.291667  45.291667  11.767 0.000 999.999 0.999000
 47.291667  48.291667   6.140 0.000   1.949 0.000000
 51.291667  52.291667   2.468 0.000   2.081 0.000000
 54.291667  55.291667   2.681 0.000   1.118 0.000000
 58.291667  59.291667   6.652 0.000   4.669 0.000000
 61.291667  62.291667   3.568 0.000   2.902 0.000000
 65.291667  66.291667   6.164 0.000   2.716 0.000000
 68.291667  69.291667   7.443 0.000   4.695 0.000000
 72.291667  73.291667   4.698 0.000   3.115 0.000000
 75.291667  76.291667 999.999 0.999   3.053 0.000000
 79.291667  80.291667   4.170 0.000   1.844 0.000000
 82.291667  83.291667   7.787 0.000   4.656 0.000000
 86.291667  87.291667   2.183 0.000   2.000 0.000000
 89.291667  90.291667   4.454 0.000   2.750 0.000000
 93.291667  94.291667  12.532 0.000   3.639 0.000000
 96.291667  97.291667 999.999 0.999   6.369 0.000000
100.291667 101.291667   9.865 0.000 999.999 0.999000
103.291667 104.291667   7.699 0.000 999.999 0.999000
107.291667 108.291667   5.256 0.000   2.870 0.000000
110.291667 111.291667   5.556 0.000   4.827 0.000000
114.291667 115.291667   2.863 0.000   1.565 0.000000
117.291667 118.291667   4.273 0.000   1.293 0.000000
121.291667 122.291667  10.170 0.000   7.061 0.000000
124.291667 125.291667   4.812 0.000 999.999 0.999000
128.291667 129.291667   5.714 0.000   2.305 0.000000
131.291667 132.291667   3.109 0.000   1.713 0.000000
135.291667 136.291667   6.217 0.000 999.999 0.999000
138.291667 139.291667 999.999 0.999 999.999 0.999000
142.291667 143.291667   9.873 0.000   3.562 0.000000
145.291667 146.291667  10.084 0.000   4.406 0.000000
149.291667 150.291667   5.242 0.000   3.720 0.000000
152.291667 153.291667   3.065 0.000   0.727 0.000000
156.291667 157.291667  16.640 0.000   9.124 0.000000
159.291667 160.291667   9.842 0.000   6.494 0.000000
163.291667 164.291667  10.237 0.000   3.750 0.000000
166.291667 167.291667   9.447 0.000   3.720 0.000000
170.291667 171.291667   8.941 0.000   5.676 0.000000
173.291667 174.291667  12.471 0.000   5.893 0.000000
177.291667 178.291667  10.078 0.000   4.925 0.000000
180.291667 181.291667 999.999 0.999   8.298 0.000000
184.291667 185.291667   7.265 0.000   6.512 0.000000
187.291667 188.291667   6.694 0.000   5.401 0.000000
191.291667 192.291667 999.999 0.999  11.600 0.000000
194.291667 195.291667  13.887 0.000 999.999 0.999000
198.291667 199.291667  39.919 0.000  15.200 0.000000
201.291667 202.291667   4.160 0.000   4.031 0.000000
205.291667 206.291667   6.250 0.000 999.999 0.999000
208.291667 209.291667  26.958 0.000   9.419 0.000000
212.291667 213.291667   9.098 0.000   3.544 0.000000
215.291667 216.291667   7.882 0.000   4.896 0.000000
219.291667 220.291667  37.984 0.000   9.537 0.000000
222.291667 223.291667  13.669 0.000  13.043 0.000000
226.291667 227.291667 999.999 0.999  11.552 0.000000
229.291667 230.291667  19.567 0.000   8.000 0.000000
233.291667 234.291667  10.664 0.000   8.952 0.000000
236.291667 237.291667   5.547 0.000   2.665 0.000000
240.291667 241.291667  12.273 0.000   7.658 0.000000
243.291667 244.291667  14.848 0.000   5.225 0.559000
247.291667 248.291667   8.615 0.000   4.671 0.559000
250.291667 251.291667   7.423 0.000   3.802 0.559000
254.291667 255.291667  43.415 0.000 999.999 0.559259
257.291667 258.291667 999.999 0.999 999.999 0.999000
261.291667 262.291667 999.999 0.999   6.415 0.559000
264.291667 265.291667 999.999 0.999   6.986 0.559000
268.291667 269.291667 999.999 0.999   3.844 0.559000
271.291667 272.291667 999.999 0.999   2.591 0.559000
275.291667 276.291667 999.999 0.999   2.846 0.559000
278.291667 279.291667 999.999 0.999   5.586 0.559000
282.291667 283.291667 999.999 0.999   2.918 0.559000
285.291667 286.291667 999.999 0.999   2.350 0.559000
289.291667 290.291667 999.999 0.999   1.609 0.559000
292.291667 293.291667 999.999 0.999   2.052 0.559000
296.291667 297.291667 999.999 0.999   3.219 0.559000
299.291667 300.291667 999.999 0.999   4.929 0.559000
303.291667 304.291667 999.999 0.999  10.353 0.559000
306.291667 307.291667 999.999 0.999   8.441 0.559000
310.291667 311.291667 999.999 0.999   2.651 0.559000
313.291667 314.291667 999.999 0.999   0.862 0.559000
317.291667 318.291667 999.999 0.999   0.991 0.559000
320.291667 321.291667 999.999 0.999   3.695 0.559000
324.291667 325.291667 999.999 0.999   3.253 0.559000
327.291667 328.291667 999.999 0.999   0.945 0.559000
331.291667 332.291667 999.999 0.999   1.347 0.559000
334.291667 335.291667 999.999 0.999   5.061 0.559000
338.291667 339.291667 999.999 0.999   1.701 0.559000
341.291667 342.291667 999.999 0.999   1.108 0.559000
345.291667 346.291667 999.999 0.999   7.827 0.559000
348.291667 349.291667 999.999 0.999   7.596 0.559000
352.291667 353.291667 999.999 0.999   7.618 0.559000
355.291667 356.291667 999.999 0.999   2.953 0.559000
359.291667 360.291667 999.999 0.999   1.065 0.559000
362.291667 363.291667 999.999 0.999  10.740 0.559000
