scripts/IMPROVE-2019_partial/data/US9008R.20030103050000.20191216000000.filterpack..pm25.1y.1w.US03L_filterpack_US9008.US03L_IMPROVE_Davis.lev2.nas
66 1001
MISSING INFORMATION
US03L, IMPROVE, , , , , , , 
MISSING INFORMATION
IMPROVE sel_HTAP
1 1
2003 01 01 2019 12 16
3.000000
days from file reference point
27
1 1 1 1 1 1 1 1 1 1 1 1 1 1 1 1 1 1 1 1 1 1 1 1 1 1 1
999.999999 9999.99 9.999 99.99 9.999 9.999 9.999 99.99 9.999 9.999 9.999 99.999 9.999 99.999 9.999 999.99 9.999 999.999 9.999 999.999 9.999 999.999 9.999 9.999 9.999 99.999 9.999
end_time of measurement, days from the file reference point
iron, ng/m3, Revision date=20181210133000
numflag iron, no unit, Revision date=20181210133000
lead, ng/m3, Revision date=20181210133000
numflag lead, no unit, Revision date=20181210133000
magnesium, ug/m3, Revision date=20181210133000
numflag magnesium, no unit, Revision date=20181210133000
nickel, ng/m3, Revision date=20181210133000
numflag nickel, no unit, Revision date=20181210133000
nitrate, ug N/m3, Revision date=20181210133000
numflag nitrate, no unit, Revision date=20181210133000
organic_carbon, ug C/m3, Revision date=20181210133000
numflag organic_carbon, no unit, Revision date=20181210133000
organic_mass, ug/m3, Revision date=20181210133000
numflag organic_mass, no unit, Revision date=20181210133000
phosphorus, ng/m3, Revision date=20181210133000
numflag phosphorus, no unit, Revision date=20181210133000
pm10_mass, ug/m3, Version=2, Version description=Data extracted from http://views.cira.colostate.edu/fed/DataWizard 2019-12-16, Sample duration=1d, Orig. time res.=3d, Matrix=pm10, Blank correction=Blank corrected, Volume std. temperature=ambient, Volume std. pressure=ambient
numflag pm10_mass, no unit, Version=2, Version description=Data extracted from http://views.cira.colostate.edu/fed/DataWizard 2019-12-16, Sample duration=1d, Orig. time res.=3d, Matrix=pm10, Blank correction=Blank corrected, Volume std. temperature=ambient, Volume std. pressure=ambient
pm10_pm25_mass, ug/m3, Revision date=20181210133000, Matrix=pm10_pm25
numflag pm10_pm25_mass, no unit, Revision date=20181210133000, Matrix=pm10_pm25
pm25_mass, ug/m3, Version=2, Version description=Data extracted from http://views.cira.colostate.edu/fed/DataWizard 2019-12-16, Sample duration=1d, Orig. time res.=3d, Blank correction=Blank corrected, Volume std. temperature=ambient, Volume std. pressure=ambient
numflag pm25_mass, no unit, Version=2, Version description=Data extracted from http://views.cira.colostate.edu/fed/DataWizard 2019-12-16, Sample duration=1d, Orig. time res.=3d, Blank correction=Blank corrected, Volume std. temperature=ambient, Volume std. pressure=ambient
potassium, ug/m3, Revision date=20181210133000
numflag potassium, no unit, Revision date=20181210133000
sulphate_total, ug S/m3, Revision date=20181210133000
numflag sulphate_total, no unit, Revision date=20181210133000
0
25
Data definition:              EBAS_1.1
Set type code:                TU
Timezone:                     UTC
File name:                    US9008R.20030103050000.20191216000000.filterpack..pm25.1y.1w.US03L_filterpack_US9008.US03L_IMPROVE_Davis.lev2.nas
File creation:                20191218120538
Startdate:                    20030103050000
Revision date:                20191216000000
Statistics:                   arithmetic mean
Data level:                   2
Period code:                  1y
Resolution code:              1w
Station code:                 US9008R
Platform code:                US9008S
Station name:                 Presque Isle
Station latitude:             46.6964
Station longitude:            -68.0333
Station altitude:             165.0 m
Regime:                       IMG
Component:                    
Matrix:                       pm25
Laboratory code:              US03L
Instrument type:              filterpack
Instrument name:              filterpack_US9008
Method ref:                   US03L_IMPROVE_Davis
starttime endtime Fe flag_Fe Pb flag_Pb Mg++ flag_Mg++ Ni flag_Ni NO3- flag_NO3- OC flag_OC OM flag_OM P flag_P PM10 flag_PM10 PM10-PM2.5 flag_PM10-PM2.5 PM2.5 flag_PM2.5 K+ flag_K+ SO4-- flag_SO4--
[from data line 85]
257.208333 258.208333   26.18 0.000  0.64 0.000 0.065 0.000  0.32 0.000 0.043 0.000  1.331 0.000  1.863 0.000 999.99 0.259  11.371 0.000   7.095 0.000   4.276 0.000 0.025 0.000  0.290 0.000
260.208333 261.208333   53.24 0.000  1.74 0.000 9.999 0.259  1.21 0.000 0.022 0.000  2.013 0.000  2.819 0.000 999.99 0.259  14.788 0.000   8.965 0.000   5.822 0.000 0.043 0.000  0.238 0.000
263.208333 264.208333   19.13 0.000  0.82 0.000 9.999 0.259  0.24 0.000 0.020 0.000  1.205 0.000  1.687 0.000 999.99 0.259  10.498 0.000   5.798 0.000   4.700 0.000 0.047 0.000  0.395 0.000
266.208333 267.208333   28.83 0.000  1.63 0.000 9.999 0.259  4.00 0.000 0.015 0.000  1.487 0.000  2.081 0.000 999.99 0.259  11.999 0.000   6.760 0.000   5.239 0.000 0.021 0.000  0.424 0.000
269.208333 270.208333    8.77 0.000  0.82 0.000 9.999 0.259  0.24 0.000 0.083 0.000  1.001 0.000  1.402 0.000 999.99 0.259  10.457 0.000   3.513 0.000   6.944 0.000 0.027 0.000  1.000 0.000
272.208333 273.208333   15.98 0.000  1.02 0.000 9.999 0.259  2.43 0.000 0.041 0.000  1.423 0.000  1.992 0.000 999.99 0.259  10.547 0.000   5.407 0.000   5.140 0.000 0.026 0.000  0.544 0.000
275.208333 276.208333    8.21 0.000  1.23 0.000 0.024 0.000  0.12 0.000 0.010 0.000  0.584 0.000  0.817 0.000 999.99 0.259   4.726 0.000   2.815 0.000   1.910 0.000 0.011 0.000  0.186 0.000
278.208333 279.208333    7.55 0.000  0.86 0.000 9.999 0.259  1.42 0.000 0.010 0.000  0.742 0.000  1.039 0.000 999.99 0.259   6.082 0.000   2.274 0.000   3.807 0.000 0.013 0.000  0.511 0.000
281.208333 282.208333   24.48 0.000  1.35 0.000 9.999 0.259  0.11 0.000 0.021 0.000  0.978 0.000  1.370 0.000 999.99 0.259  10.930 0.000   7.443 0.000   3.487 0.000 0.095 0.000  0.237 0.000
284.208333 285.208333   30.91 0.000  2.39 0.000 9.999 0.259  0.29 0.000 0.054 0.000  2.717 0.000  3.804 0.000 999.99 0.259  15.533 0.000   5.362 0.000  10.171 0.000 0.057 0.000  0.895 0.000
287.208333 288.208333    5.74 0.000  0.73 0.000 9.999 0.259  0.43 0.000 0.040 0.000  0.784 0.000  1.097 0.000 999.99 0.259   6.046 0.000   2.512 0.000   3.534 0.000 0.025 0.000  0.317 0.000
290.208333 291.208333    8.44 0.000  1.02 0.000 9.999 0.259  0.19 0.000 0.038 0.000  1.043 0.000  1.460 0.000 999.99 0.259   5.260 0.000   2.445 0.000   2.814 0.000 0.043 0.000  0.156 0.000
293.208333 294.208333    6.81 0.000  1.80 0.000 0.026 0.000  0.28 0.000 0.028 0.000  1.060 0.000  1.484 0.000 999.99 0.259   4.637 0.000   1.362 0.000   3.275 0.000 0.035 0.000  0.208 0.000
296.208333 297.208333   12.65 0.000  0.80 0.000 9.999 0.259  2.23 0.000 0.008 0.000  0.542 0.000  0.759 0.000 999.99 0.259   3.534 0.000   1.836 0.000   1.698 0.000 0.013 0.000  0.097 0.000
299.208333 300.208333    3.26 0.000  0.39 0.000 9.999 0.259  0.24 0.000 0.017 0.000  0.372 0.000  0.520 0.000 999.99 0.259   2.518 0.000   0.629 0.000   1.888 0.000 0.009 0.000  0.176 0.000
302.208333 303.208333   12.64 0.000  0.94 0.000 9.999 0.259  3.39 0.000 0.018 0.000  0.782 0.000  1.095 0.000 999.99 0.259   6.123 0.000   2.163 0.000   3.960 0.000 0.016 0.000  0.405 0.000
305.208333 306.208333    5.15 0.000  2.40 0.000 9.999 0.259  0.14 0.000 0.008 0.000  0.518 0.000  0.725 0.000 999.99 0.259   3.369 0.000   1.520 0.000   1.850 0.000 0.043 0.000  0.136 0.000
308.208333 309.208333   10.67 0.000  0.84 0.000 9.999 0.259  0.25 0.000 0.058 0.000  0.662 0.000  0.927 0.000 999.99 0.259   3.183 0.000   0.666 0.000   2.517 0.000 0.023 0.000  0.154 0.000
311.208333 312.208333   11.56 0.000  0.82 0.000 9.999 0.259  0.23 0.000 0.021 0.000  0.631 0.000  0.883 0.000 999.99 0.259   8.515 0.000   5.496 0.000   3.019 0.000 0.028 0.000  0.311 0.000
314.208333 315.208333   36.28 0.000  3.40 0.000 0.032 0.000  0.58 0.000 0.266 0.000  2.546 0.000  3.565 0.000 999.99 0.259  15.418 0.000   6.363 0.000   9.055 0.000 0.057 0.000  0.744 0.000
317.208333 318.208333    4.03 0.000  0.46 0.000 9.999 0.259  0.37 0.000 0.007 0.000  0.299 0.000  0.419 0.000 999.99 0.259   3.348 0.000   2.139 0.000   1.209 0.000 0.010 0.000  0.077 0.000
320.208333 321.208333   24.49 0.000  1.26 0.000 9.999 0.259  0.54 0.000 0.065 0.000  1.925 0.000  2.695 0.000 999.99 0.259  13.393 0.000   7.210 0.000   6.183 0.000 0.111 0.000  0.438 0.000
323.208333 324.208333    6.70 0.000  0.69 0.000 0.036 0.000 99.99 0.259 9.999 0.259  0.334 0.000  0.468 0.000 999.99 0.259   3.023 0.000   1.126 0.000   1.897 0.000 0.111 0.000  0.087 0.000
326.208333 327.208333   32.38 0.000  1.26 0.000 9.999 0.259  0.48 0.000 0.031 0.000  1.298 0.000  1.817 0.000 999.99 0.259  10.191 0.000   5.854 0.000   4.337 0.000 0.056 0.000  0.257 0.000
329.208333 330.208333   31.04 0.000  1.43 0.000 9.999 0.259  1.11 0.000 0.098 0.000  1.053 0.000  1.474 0.000 999.99 0.259   9.425 0.000   5.088 0.000   4.337 0.000 0.030 0.000  0.386 0.000
332.208333 333.208333    2.50 0.000  0.49 0.000 9.999 0.259  0.11 0.000 0.016 0.000  0.228 0.000  0.319 0.000 999.99 0.259   3.452 0.000   1.964 0.000   1.488 0.000 0.013 0.000  0.142 0.000
335.208333 336.208333   17.47 0.000  0.43 0.000 9.999 0.259  0.16 0.000 0.020 0.000  0.510 0.000  0.715 0.000 999.99 0.259  10.673 0.000   7.732 0.000   2.942 0.000 0.025 0.000  0.300 0.000
338.208333 339.208333   22.72 0.000  0.94 0.000 0.026 0.000  0.25 0.000 0.034 0.000  0.805 0.000  1.128 0.000 999.99 0.259  11.726 0.000   8.464 0.000   3.263 0.000 0.052 0.000  0.259 0.000
341.208333 342.208333    9.44 0.000  0.75 0.000 9.999 0.259  0.27 0.000 0.025 0.000  0.502 0.000  0.704 0.000 999.99 0.259   6.159 0.000   2.747 0.000   3.412 0.000 0.318 0.000  0.183 0.000
344.208333 345.208333   10.35 0.000  0.92 0.000 0.044 0.000  0.49 0.000 0.056 0.000  0.861 0.000  1.206 0.000 999.99 0.259   5.663 0.000   1.900 0.000   3.763 0.000 0.031 0.000  0.329 0.000
347.208333 348.208333   43.14 0.000  1.34 0.000 9.999 0.259  0.26 0.000 0.086 0.000  1.909 0.000  2.673 0.000 999.99 0.259  17.277 0.000  11.239 0.000   6.039 0.000 0.115 0.000  0.298 0.000
350.208333 351.208333   13.37 0.000  0.91 0.000 0.056 0.000  0.40 0.000 0.072 0.000  1.131 0.000  1.583 0.000 999.99 0.259   6.490 0.000   1.656 0.000   4.834 0.000 0.030 0.000  0.542 0.000
353.208333 354.208333   24.74 0.000  2.20 0.000 0.026 0.000  0.67 0.000 0.171 0.000  1.516 0.000  2.122 0.000 999.99 0.259  14.471 0.000   8.628 0.000   5.843 0.000 0.081 0.000  0.454 0.000
356.208333 357.208333   27.32 0.000  3.89 0.000 0.051 0.000  1.78 0.000 0.381 0.000  3.841 0.000  5.378 0.000 999.99 0.259  16.959 0.000   5.294 0.000  11.665 0.000 0.086 0.000  0.882 0.000
359.208333 360.208333    9.48 0.000  0.34 0.000 0.048 0.000  0.17 0.000 0.012 0.000  0.527 0.000  0.738 0.000 999.99 0.259   5.424 0.000   3.650 0.000   1.774 0.000 0.067 0.000  0.170 0.000
362.208333 363.208333   75.01 0.000  2.07 0.000 9.999 0.259  1.89 0.000 0.103 0.000  3.110 0.000  4.354 0.000 999.99 0.259  28.729 0.000  19.756 0.000   8.973 0.000 0.102 0.000  0.369 0.000
