scripts/IMPROVE-2019_partial/data/US9007R.20050101050000.20191216000000.filterpack..pm25.52w.1w.US03L_filterpack_US9007.US03L_IMPROVE_Davis.lev2.nas
66 1001
MISSING INFORMATION
US03L, IMPROVE, , , , , , , 
MISSING INFORMATION
IMPROVE sel_HTAP
1 1
2005 01 01 2019 12 16
3.000000
days from file reference point
27
1 1 1 1 1 1 1 1 1 1 1 1 1 1 1 1 1 1 1 1 1 1 1 1 1 1 1
999.999999 9999.99 9.999 99.99 9.999 9.999 9.999999 99.99 9.999 9.999 9.999 99.999 9.999 99.999 9.999 999.99 9.999999 999.999 9.999 99.999 9.999 999.999 9.999 9.999 9.999 99.999 9.999
end_time of measurement, days from the file reference point
iron, ng/m3, Revision date=20181210133000
numflag iron, no unit, Revision date=20181210133000
lead, ng/m3, Revision date=20181210133000
numflag lead, no unit, Revision date=20181210133000
magnesium, ug/m3, Revision date=20181210133000
numflag magnesium, no unit, Revision date=20181210133000
nickel, ng/m3, Revision date=20181210133000
numflag nickel, no unit, Revision date=20181210133000
nitrate, ug N/m3, Revision date=20181210133000
numflag nitrate, no unit, Revision date=20181210133000
organic_carbon, ug C/m3, Revision date=20181210133000
numflag organic_carbon, no unit, Revision date=20181210133000
organic_mass, ug/m3, Revision date=20181210133000
numflag organic_mass, no unit, Revision date=20181210133000
phosphorus, ng/m3, Revision date=20181210133000
numflag phosphorus, no unit, Revision date=20181210133000
pm10_mass, ug/m3, Version=2, Version description=Data extracted from http://views.cira.colostate.edu/fed/DataWizard 2019-12-16, Sample duration=1d, Orig. time res.=3d, Matrix=pm10, Blank correction=Blank corrected, Volume std. temperature=ambient, Volume std. pressure=ambient
numflag pm10_mass, no unit, Version=2, Version description=Data extracted from http://views.cira.colostate.edu/fed/DataWizard 2019-12-16, Sample duration=1d, Orig. time res.=3d, Matrix=pm10, Blank correction=Blank corrected, Volume std. temperature=ambient, Volume std. pressure=ambient
pm10_pm25_mass, ug/m3, Revision date=20181210133000, Matrix=pm10_pm25
numflag pm10_pm25_mass, no unit, Revision date=20181210133000, Matrix=pm10_pm25
pm25_mass, ug/m3, Version=2, Version description=Data extracted from http://views.cira.colostate.edu/fed/DataWizard 2019-12-16, Sample duration=1d, Orig. time res.=3d, Blank correction=Blank corrected, Volume std. temperature=ambient, Volume std. pressure=ambient
numflag pm25_mass, no unit, Version=2, Version description=Data extracted from http://views.cira.colostate.edu/fed/DataWizard 2019-12-16, Sample duration=1d, Orig. time res.=3d, Blank correction=Blank corrected, Volume std. temperature=ambient, Volume std. pressure=ambient
potassium, ug/m3, Revision date=20181210133000
numflag potassium, no unit, Revision date=20181210133000
sulphate_total, ug S/m3, Revision date=20181210133000
numflag sulphate_total, no unit, Revision date=20181210133000
0
25
Data definition:              EBAS_1.1
Set type code:                TU
Timezone:                     UTC
File name:                    US9007R.20050101050000.20191216000000.filterpack..pm25.52w.1w.US03L_filterpack_US9007.US03L_IMPROVE_Davis.lev2.nas
File creation:                20191218120534
Startdate:                    20050101050000
Revision date:                20191216000000
Statistics:                   arithmetic mean
Data level:                   2
Period code:                  52w
Resolution code:              1w
Station code:                 US9007R
Platform code:                US9007S
Station name:                 Quabbin Summit
Station latitude:             42.2985
Station longitude:            -72.3346
Station altitude:             317.0 m
Regime:                       IMG
Component:                    
Matrix:                       pm25
Laboratory code:              US03L
Instrument type:              filterpack
Instrument name:              filterpack_US9007
Method ref:                   US03L_IMPROVE_Davis
starttime endtime Fe flag_Fe Pb flag_Pb Mg++ flag_Mg++ Ni flag_Ni NO3- flag_NO3- OC flag_OC OM flag_OM P flag_P PM10 flag_PM10 PM10-PM2.5 flag_PM10-PM2.5 PM2.5 flag_PM2.5 K+ flag_K+ SO4-- flag_SO4--
[from data line 83]
249.208333 250.208333   37.31 0.000  1.99 0.000 9.999 0.259000  2.46 0.000 0.075 0.000  1.379 0.000  2.482 0.000 999.99 0.259000   8.814 0.000  2.689 0.000   6.122 0.000 0.025 0.000  0.526 0.000
252.208333 253.208333   14.07 0.000  1.47 0.000 9.999 0.259000  0.84 0.000 0.015 0.000  0.826 0.000  1.487 0.000 999.99 0.259000   4.544 0.000  2.033 0.000   2.510 0.000 0.017 0.000  0.154 0.000
255.208333 256.208333   81.67 0.000  4.88 0.000 9.999 0.259000  1.05 0.000 0.047 0.000  3.724 0.000  6.703 0.000 999.99 0.259000  36.706 0.000  1.015 0.000  35.682 0.000 0.073 0.000  6.106 0.000
258.208333 259.208333   16.33 0.000  0.91 0.000 9.999 0.259000  1.14 0.000 0.033 0.000  0.797 0.000  1.435 0.000 999.99 0.259000   6.476 0.000  0.347 0.000   6.127 0.000 0.021 0.000  0.967 0.000
261.208333 262.208333   19.07 0.000  2.54 0.000 9.999 0.259000  0.70 0.000 0.034 0.000  1.498 0.000  2.697 0.000 999.99 0.259000   6.717 0.000  2.176 0.000   4.539 0.000 0.021 0.000  0.366 0.000
264.208333 265.208333   69.55 0.000  2.90 0.000 9.999 0.259000  3.76 0.000 0.059 0.000  1.697 0.000  3.054 0.000 999.99 0.259000  13.301 0.000  4.922 0.000   8.376 0.000 0.037 0.000  0.858 0.000
267.208333 268.208333   11.67 0.000  2.13 0.000 9.999 0.259000  0.80 0.000 0.068 0.000  0.786 0.000  1.415 0.000 999.99 0.259000   6.235 0.000  3.353 0.000   2.881 0.000 0.027 0.000  0.176 0.000
270.208333 271.208333   10.71 0.000  1.64 0.000 9.999 0.259000  1.04 0.000 0.035 0.000  0.747 0.000  1.345 0.000 999.99 0.259000   4.752 0.000  2.147 0.000   2.604 0.000 0.015 0.000  0.233 0.000
273.208333 274.208333   52.95 0.000  3.86 0.000 9.999 0.259000  3.27 0.000 0.149 0.000  1.547 0.000  2.784 0.000 999.99 0.259000  10.146 0.000  3.917 0.000   6.226 0.000 0.027 0.000  0.605 0.000
276.208333 277.208333   30.89 0.000  1.28 0.000 0.012 0.000000  2.42 0.000 0.065 0.000  0.864 0.000  1.555 0.000 999.99 0.259000  10.415 0.000  2.984 0.000   7.427 0.000 0.016 0.000  1.176 0.000
279.208333 280.208333    9.73 0.000  0.39 0.000 0.035 0.000000  0.92 0.000 0.090 0.000  0.497 0.000  0.895 0.000 999.99 0.259000   7.081 0.000  3.198 0.000   3.882 0.000 0.023 0.000  0.501 0.000
282.208333 283.208333    0.84 0.000  0.38 0.000 9.999 0.259000 99.99 0.259 0.005 0.000  0.322 0.000  0.579 0.000 999.99 0.259000   1.645 0.000  0.852 0.000   0.793 0.000 0.007 0.000  0.070 0.000
285.208333 286.208333    3.60 0.000  0.15 0.000 0.068 0.000000  0.54 0.000 0.054 0.000  0.335 0.000  0.602 0.000 999.99 0.259000 999.999 0.456  1.658 0.000   3.613 0.000 0.028 0.000  0.308 0.000
288.208333 289.208333    2.56 0.000  0.39 0.000 9.999 0.259000 99.99 0.259 0.004 0.000  0.436 0.000  0.785 0.000 999.99 0.259000 999.999 0.456  1.658 0.000   1.315 0.000 0.009 0.000  0.153 0.000
291.208333 292.208333   31.10 0.000  1.37 0.000 9.999 0.259000  1.69 0.000 0.045 0.000  0.893 0.000  1.608 0.000 999.99 0.259000   7.646 0.000  3.603 0.000   4.043 0.000 0.023 0.000  0.404 0.000
294.208333 295.208333   10.32 0.000  3.97 0.000 9.999 0.259000  1.45 0.000 0.044 0.000  1.069 0.000  1.924 0.000 999.99 0.259000   4.768 0.000  1.579 0.000   3.189 0.000 0.027 0.000  0.248 0.000
297.208333 298.208333    0.37 0.000  0.34 0.000 9.999 0.259000  0.28 0.000 0.004 0.000  0.092 0.000  0.166 0.000 999.99 0.259000   0.658 0.000  0.182 0.000   0.476 0.000 0.003 0.000  0.033 0.000
300.208333 301.208333    4.81 0.000  0.45 0.000 9.999 0.259000  0.82 0.000 0.011 0.000  0.498 0.000  0.895 0.000 999.99 0.259000   2.960 0.000  0.816 0.000   2.144 0.000 0.013 0.000  0.240 0.000
303.208333 304.208333   67.80 0.000  5.73 0.000 0.008 0.000000  2.39 0.000 0.096 0.000  1.874 0.000  3.374 0.000 999.99 0.259000  13.297 0.000  3.910 0.000   9.387 0.000 0.056 0.000  1.073 0.000
306.208333 307.208333   64.67 0.000  3.57 0.000 9.999 0.259000  1.90 0.000 0.081 0.000  1.415 0.000  2.547 0.000 999.99 0.259000  13.201 0.000  6.382 0.000   6.835 0.000 0.043 0.000  0.734 0.000
309.208333 310.208333   44.03 0.000  6.12 0.000 9.999 0.259000  3.02 0.000 0.222 0.000  4.245 0.000  7.641 0.000 999.99 0.259000  22.851 0.000  2.717 0.000  19.983 0.000 0.082 0.000  2.425 0.000
312.208333 313.208333   12.41 0.000  0.95 0.000 9.999 0.259000  0.95 0.000 0.060 0.000  0.749 0.000  1.348 0.000 999.99 0.259000   4.470 0.000  1.315 0.000   3.160 0.000 0.023 0.000  0.334 0.000
315.208333 316.208333   27.79 0.000  3.10 0.000 9.999 0.259000  2.11 0.000 0.286 0.000  1.479 0.000  2.662 0.000 999.99 0.259000   8.075 0.000  2.369 0.000   5.645 0.000 0.045 0.000  0.511 0.000
318.208333 319.208333   12.40 0.000  1.01 0.000 9.999 0.259000  1.78 0.000 0.062 0.000  0.802 0.000  1.444 0.000 999.99 0.259000   4.495 0.000  1.426 0.000   3.061 0.000 0.028 0.000  0.279 0.000
321.208333 322.208333   10.97 0.000  1.03 0.000 9.999 0.259000  0.60 0.000 0.024 0.000  0.388 0.000  0.699 0.000 999.99 0.259000   2.475 0.000  0.784 0.000   1.672 0.000 0.019 0.000  0.214 0.000
324.208333 325.208333   57.30 0.000  5.99 0.000 9.999 0.259000  3.55 0.000 0.395 0.000  3.451 0.000  6.213 0.000 999.99 0.259000  15.863 0.000  4.269 0.000  11.476 0.000 0.083 0.000  1.050 0.000
327.208333 328.208333   13.81 0.000  1.67 0.000 9.999 0.259000  1.56 0.000 0.132 0.000  1.216 0.000  2.189 0.000 999.99 0.259000   5.009 0.000  0.846 0.000   4.129 0.000 0.039 0.000  0.343 0.000
330.208333 331.208333   36.44 0.000  7.28 0.000 9.999 0.259000  6.18 0.000 0.583 0.000  3.443 0.000  6.198 0.000 999.99 0.259000  15.695 0.000  2.655 0.000  12.930 0.000 0.094 0.000  0.867 0.000
333.208333 334.208333   11.71 0.000  0.33 0.000 0.009 0.000000  0.35 0.000 0.036 0.000  0.775 0.000  1.396 0.000 999.99 0.259000   5.635 0.000  1.886 0.000   3.761 0.000 0.024 0.000  0.471 0.000
336.208333 337.208333    9.36 0.000  0.46 0.000 9.999 0.259000  0.30 0.000 0.023 0.000  0.258 0.000  0.465 0.000 999.99 0.259000   2.688 0.000  1.162 0.000   1.504 0.000 0.012 0.000  0.188 0.000
339.208333 340.208333   18.29 0.000  1.48 0.000 0.011 0.000000  0.71 0.000 0.115 0.000  0.880 0.000  1.585 0.000 999.99 0.259000   6.523 0.000  1.051 0.000   5.427 0.000 0.024 0.000  0.832 0.000
342.208333 343.208333   19.94 0.000  2.58 0.000 0.011 0.000000  3.48 0.000 0.169 0.000  1.209 0.000  2.176 0.000 999.99 0.259000   6.277 0.000  1.267 0.000   4.965 0.000 0.038 0.000  0.523 0.000
345.208333 346.208333   17.54 0.000  2.71 0.000 9.999 0.259000  2.40 0.000 0.316 0.000  1.890 0.000  3.402 0.000 999.99 0.259000   9.493 0.000  0.997 0.000   8.434 0.000 0.051 0.000  0.930 0.000
348.208333 349.208333   19.74 0.000  1.95 0.000 9.999 0.259000  2.13 0.000 0.161 0.000  1.795 0.000  3.232 0.000 999.99 0.259000   7.916 0.000  2.234 0.000   5.623 0.000 0.051 0.000  0.467 0.000
351.208333 352.208333   22.29 0.000  2.85 0.000 0.009 0.000000  3.57 0.000 0.128 0.000  1.902 0.000  3.424 0.000 999.99 0.259000  11.487 0.000  1.768 0.000   9.639 0.000 0.053 0.000  1.423 0.000
354.208333 355.208333   23.95 0.000  2.75 0.000 9.999 0.259000  2.41 0.000 0.297 0.000  1.424 0.000  2.562 0.000 999.99 0.259000   8.667 0.000  2.270 0.000   6.401 0.000 0.049 0.000  0.741 0.000
357.208333 358.208333   66.77 0.000  4.68 0.000 0.013 0.000000  5.36 0.000 0.347 0.000  2.571 0.000  4.628 0.000 999.99 0.259000  15.579 0.000  3.642 0.000  11.824 0.000 0.072 0.000  1.305 0.000
360.208333 361.208333    4.86 0.000  0.67 0.000 9.999 0.259000  0.32 0.000 0.024 0.000  0.614 0.000  1.105 0.000 999.99 0.259000   4.136 0.000  0.585 0.000   3.530 0.000 0.013 0.000  0.571 0.000
363.208333 364.208333    2.36 0.000  0.73 0.000 9.999 0.259000  0.32 0.000 0.008 0.000  0.415 0.000  0.748 0.000 999.99 0.259000   2.956 0.000  0.506 0.000   2.430 0.000 0.012 0.000  0.425 0.000
