scripts/IMPROVE-2019_partial/data/US9031R.20030103090000.20191216000000.filterpack..pm25.1y.1w.US03L_filterpack_US9031.US03L_IMPROVE_Davis.lev2.nas
66 1001
MISSING INFORMATION
US03L, IMPROVE, , , , , , , 
MISSING INFORMATION
IMPROVE sel_HTAP
1 1
2003 01 01 2019 12 16
3.000
days from file reference point
27
1 1 1 1 1 1 1 1 1 1 1 1 1 1 1 1 1 1 1 1 1 1 1 1 1 1 1
999.999 999.99 9.999999 99.99 9.999999 9.999 9.999999 9.99 9.999999999 9.999 9.999999 99.999 9.999 99.999 9.999 99.99 9.999999999 999.999 9.999 999.999 9.999 99.999 9.999 9.999 9.999999 9.999 9.999999
end_time of measurement, days from the file reference point
iron, ng/m3, Revision date=20181210133000
numflag iron, no unit, Revision date=20181210133000
lead, ng/m3, Revision date=20181210133000
numflag lead, no unit, Revision date=20181210133000
magnesium, ug/m3, Revision date=20181210133000
numflag magnesium, no unit, Revision date=20181210133000
nickel, ng/m3, Revision date=20181210133000
numflag nickel, no unit, Revision date=20181210133000
nitrate, ug N/m3, Revision date=20181210133000
numflag nitrate, no unit, Revision date=20181210133000
organic_carbon, ug C/m3, Revision date=20181210133000
numflag organic_carbon, no unit, Revision date=20181210133000
organic_mass, ug/m3, Revision date=20181210133000
numflag organic_mass, no unit, Revision date=20181210133000
phosphorus, ng/m3, Revision date=20181210133000
numflag phosphorus, no unit, Revision date=20181210133000
pm10_mass, ug/m3, Version=2, Version description=Data extracted from http://views.cira.colostate.edu/fed/DataWizard 2019-12-16, Sample duration=1d, Orig. time res.=3d, Matrix=pm10, Blank correction=Blank corrected, Volume std. temperature=ambient, Volume std. pressure=ambient
numflag pm10_mass, no unit, Version=2, Version description=Data extracted from http://views.cira.colostate.edu/fed/DataWizard 2019-12-16, Sample duration=1d, Orig. time res.=3d, Matrix=pm10, Blank correction=Blank corrected, Volume std. temperature=ambient, Volume std. pressure=ambient
pm10_pm25_mass, ug/m3, Revision date=20181210133000, Matrix=pm10_pm25
numflag pm10_pm25_mass, no unit, Revision date=20181210133000, Matrix=pm10_pm25
pm25_mass, ug/m3, Version=2, Version description=Data extracted from http://views.cira.colostate.edu/fed/DataWizard 2019-12-16, Sample duration=1d, Orig. time res.=3d, Blank correction=Blank corrected, Volume std. temperature=ambient, Volume std. pressure=ambient
numflag pm25_mass, no unit, Version=2, Version description=Data extracted from http://views.cira.colostate.edu/fed/DataWizard 2019-12-16, Sample duration=1d, Orig. time res.=3d, Blank correction=Blank corrected, Volume std. temperature=ambient, Volume std. pressure=ambient
potassium, ug/m3, Revision date=20181210133000
numflag potassium, no unit, Revision date=20181210133000
sulphate_total, ug S/m3, Revision date=20181210133000
numflag sulphate_total, no unit, Revision date=20181210133000
0
25
Data definition:              EBAS_1.1
Set type code:                TU
Timezone:                     UTC
File name:                    US9031R.20030103090000.20191216000000.filterpack..pm25.1y.1w.US03L_filterpack_US9031.US03L_IMPROVE_Davis.lev2.nas
File creation:                20191218120716
Startdate:                    20030103090000
Revision date:                20191216000000
Statistics:                   arithmetic mean
Data level:                   2
Period code:                  1y
Resolution code:              1w
Station code:                 US9031R
Platform code:                US9031S
Station name:                 Tuxedni
Station latitude:             59.9925
Station longitude:            -152.6656
Station altitude:             15.0 m
Regime:                       IMG
Component:                    
Matrix:                       pm25
Laboratory code:              US03L
Instrument type:              filterpack
Instrument name:              filterpack_US9031
Method ref:                   US03L_IMPROVE_Davis
starttime endtime Fe flag_Fe Pb flag_Pb Mg++ flag_Mg++ Ni flag_Ni NO3- flag_NO3- OC flag_OC OM flag_OM P flag_P PM10 flag_PM10 PM10-PM2.5 flag_PM10-PM2.5 PM2.5 flag_PM2.5 K+ flag_K+ SO4-- flag_SO4--
[from data line 77]
233.375 234.375   1.36 0.000000  0.37 0.000000 0.050 0.000000 0.03 0.000000000 0.015 0.559000  1.046 0.000  1.465 0.000 99.99 0.259000000   4.850 0.000   2.944 0.000  1.906 0.000 0.021 0.000000 0.063 0.559000
236.375 237.375   4.72 0.000000  0.79 0.000000 9.999 0.259000 0.08 0.000000000 0.063 0.559000  0.395 0.000  0.552 0.000 99.99 0.259000000   8.041 0.000   4.183 0.000  3.858 0.000 0.029 0.000000 0.374 0.559000
239.375 240.375   1.38 0.000000  0.25 0.000000 9.999 0.259000 9.99 0.259000000 0.010 0.559000  0.260 0.000  0.364 0.000 99.99 0.259000000   3.130 0.000   2.045 0.000  1.085 0.000 0.008 0.000000 0.030 0.559000
242.375 243.375   1.17 0.000000  0.53 0.000000 9.999 0.259000 9.99 0.259000000 0.019 0.559000  0.578 0.000  0.809 0.000 99.99 0.259000000   7.196 0.000   4.162 0.000  3.034 0.000 0.027 0.000000 0.240 0.559000
245.375 246.375   1.80 0.000000  0.16 0.000000 9.999 0.259000 0.13 0.000000000 0.009 0.559000  0.465 0.000  0.650 0.000 99.99 0.259000000   5.932 0.000   4.172 0.000  1.759 0.000 0.013 0.000000 0.054 0.559000
248.375 249.375   3.75 0.000000  0.73 0.000000 9.999 0.259000 0.14 0.000000000 0.006 0.559000  0.370 0.000  0.518 0.000 99.99 0.259000000   4.174 0.000   2.974 0.000  1.200 0.000 0.009 0.000000 0.093 0.559000
251.375 252.375   2.17 0.000000  0.31 0.000000 0.050 0.000000 0.09 0.000000000 0.008 0.559000  0.422 0.000  0.590 0.000 99.99 0.259000000   3.290 0.000   1.960 0.000  1.331 0.000 0.008 0.000000 0.074 0.559000
254.375 255.375   2.61 0.559000  0.63 0.559000 9.999 0.559259 9.99 0.559259000 0.020 0.559000  3.207 0.000  4.490 0.000 99.99 0.559259000  10.284 0.000   3.323 0.000  6.960 0.559 0.033 0.559000 0.143 0.559000
257.375 258.375  18.48 0.000000  0.44 0.000000 9.999 0.259000 0.03 0.000000000 0.006 0.559000  0.233 0.000  0.326 0.000 99.99 0.259000000   6.366 0.000   5.333 0.000  1.032 0.000 0.011 0.000000 0.038 0.559000
260.375 261.375  18.87 0.000000  0.34 0.000000 9.999 0.259000 0.06 0.000000000 0.007 0.559000  0.413 0.000  0.578 0.000 99.99 0.259000000   7.451 0.000   6.043 0.000  1.408 0.000 0.014 0.000000 0.048 0.559000
263.375 264.375  42.12 0.000000  0.25 0.000000 9.999 0.259000 0.06 0.000000000 0.005 0.559000  0.344 0.000  0.482 0.000 99.99 0.259000000  10.381 0.000   8.906 0.000  1.475 0.000 0.021 0.000000 0.034 0.559000
266.375 267.375  12.80 0.000000  0.26 0.000000 9.999 0.259000 9.99 0.259000000 0.004 0.559000  0.190 0.000  0.266 0.000  4.10 0.000000000   6.253 0.000   5.087 0.000  1.166 0.000 0.010 0.000000 0.039 0.559000
269.375 270.375   2.04 0.000000  0.27 0.000000 0.020 0.000000 0.14 0.000000000 0.021 0.559000  0.259 0.000  0.362 0.000 99.99 0.259000000   2.763 0.000   1.478 0.000  1.285 0.000 0.007 0.000000 0.127 0.559000
272.375 273.375   1.79 0.000000  0.18 0.000000 9.999 0.259000 0.12 0.000000000 0.003 0.559000  0.378 0.000  0.530 0.000  0.80 0.000000000   2.568 0.000   1.497 0.000  1.071 0.000 0.009 0.000000 0.025 0.559000
275.375 276.375 999.99 0.999000 99.99 0.999000 9.999 0.999000 9.99 0.999000000 9.999 0.999000 99.999 0.999 99.999 0.999 99.99 0.999000000 999.999 0.999 999.999 0.999 99.999 0.999 9.999 0.999000 9.999 0.999000
278.375 279.375   1.13 0.559000  0.16 0.559000 0.013 0.559000 0.08 0.559000000 0.000 0.559000  0.070 0.000  0.097 0.000 99.99 0.559259000   1.873 0.000   1.379 0.000  0.494 0.559 0.006 0.559000 0.012 0.559000
281.375 282.375   0.96 0.000000  0.46 0.000000 9.999 0.259000 0.05 0.000000000 0.007 0.559000  0.267 0.000  0.374 0.000  5.04 0.000000000   2.640 0.000   1.895 0.000  0.745 0.000 0.007 0.000000 0.024 0.559000
284.375 285.375   0.76 0.000000  0.24 0.000000 9.999 0.259000 9.99 0.259000000 0.013 0.559000  0.055 0.000  0.077 0.000 99.99 0.259000000   1.791 0.000   1.029 0.000  0.761 0.000 0.004 0.000000 0.039 0.559000
287.375 288.375   1.65 0.000000  0.16 0.000000 0.019 0.000000 9.99 0.259000000 0.012 0.559000  0.003 0.000  0.004 0.000 99.99 0.259000000   4.138 0.000   2.887 0.000  1.251 0.000 0.010 0.000000 0.058 0.559000
290.375 291.375  19.30 0.000000  0.51 0.000000 9.999 0.259000 9.99 0.259000000 0.017 0.559000  0.209 0.000  0.293 0.000 99.99 0.259000000   5.018 0.000   3.603 0.000  1.415 0.000 0.015 0.000000 0.088 0.559000
293.375 294.375   1.39 0.000000  0.21 0.000000 9.999 0.259000 9.99 0.259000000 0.007 0.559000  0.022 0.000  0.032 0.000 99.99 0.259000000   1.668 0.000   1.081 0.000  0.587 0.000 0.005 0.000000 0.054 0.559000
296.375 297.375   3.69 0.000000  0.11 0.000000 9.999 0.259000 9.99 0.259000000 0.008 0.559000 99.999 0.259 99.999 0.259 99.99 0.259000000   0.936 0.000   0.528 0.000  0.408 0.000 0.006 0.000000 0.019 0.559000
299.375 300.375   1.28 0.000000  0.13 0.000000 0.015 0.000000 9.99 0.259000000 0.024 0.559000  0.034 0.000  0.047 0.000  1.98 0.000000000   3.119 0.000   2.297 0.000  0.822 0.000 0.007 0.000000 0.084 0.559000
302.375 303.375  19.41 0.000000  0.37 0.000000 9.999 0.259000 0.05 0.000000000 0.011 0.559000  0.101 0.000  0.141 0.000 99.99 0.259000000   5.018 0.000   3.622 0.000  1.397 0.000 0.023 0.000000 0.083 0.559000
305.375 306.375   3.94 0.000000  0.23 0.000000 9.999 0.259000 9.99 0.259000000 0.003 0.559000  0.049 0.000  0.068 0.000 99.99 0.259000000   1.555 0.000   0.867 0.000  0.688 0.000 0.005 0.000000 0.059 0.559000
308.375 309.375   1.32 0.000000  0.32 0.000000 0.031 0.000000 9.99 0.259000000 9.999 0.559259  0.108 0.000  0.151 0.000 99.99 0.259000000   1.182 0.000   0.621 0.000  0.560 0.000 0.004 0.000000 0.018 0.559000
311.375 312.375   6.68 0.559000  0.82 0.559000 9.999 0.559259 0.05 0.559000000 0.011 0.559000  0.212 0.000  0.297 0.000 99.99 0.559259000   6.290 0.000   2.982 0.000  3.308 0.559 0.030 0.559000 0.160 0.559000
314.375 315.375   3.21 0.000000  0.24 0.000000 9.999 0.259000 0.10 0.000000000 0.012 0.559000  0.036 0.000  0.051 0.000 99.99 0.259000000 999.999 0.456 999.999 0.999  0.576 0.000 0.003 0.000000 0.036 0.559000
317.375 318.375   8.97 0.559000  0.33 0.559000 9.999 0.559259 0.07 0.559000000 0.008 0.559000  0.006 0.000  0.009 0.000 99.99 0.559259000   2.646 0.000   1.696 0.000  0.950 0.559 0.007 0.559000 0.078 0.559000
320.375 321.375  29.99 0.000000  0.15 0.000000 0.017 0.000000 9.99 0.259000000 0.003 0.559000  0.003 0.000  0.004 0.000 99.99 0.259000000   4.777 0.000   3.748 0.000  1.029 0.000 0.010 0.000000 0.045 0.559000
323.375 324.375   4.00 0.394000  0.35 0.394000 9.999 0.394259 0.05 0.394000000 9.999 0.699000  0.126 0.000  0.176 0.000 99.99 0.394259000   2.023 0.000   0.816 0.000  1.207 0.000 0.009 0.394000 9.999 0.699000
326.375 327.375   3.65 0.394000  0.22 0.394000 9.999 0.394259 0.08 0.394000000 0.017 0.559394  0.066 0.000  0.092 0.000  1.97 0.394000000   1.603 0.000   0.719 0.000  0.884 0.000 0.006 0.394000 0.049 0.559394
329.375 330.375 999.99 0.999000 99.99 0.999000 9.999 0.999000 9.99 0.999000000 9.999 0.999000 99.999 0.999 99.999 0.999 99.99 0.999000000 999.999 0.999 999.999 0.999 99.999 0.999 9.999 0.999000 9.999 0.999000
332.375 333.375   2.31 0.000000  0.57 0.000000 0.019 0.000000 9.99 0.259000000 0.012 0.559000  0.138 0.000  0.193 0.000 99.99 0.259000000   1.736 0.000   0.621 0.000  1.115 0.000 0.008 0.000000 0.112 0.559000
335.375 336.375   4.47 0.000000  0.38 0.000000 9.999 0.259000 9.99 0.259000000 0.028 0.559000  0.109 0.000  0.152 0.000 99.99 0.259000000   2.069 0.000   0.750 0.000  1.318 0.000 0.007 0.000000 0.109 0.559000
338.375 339.375   5.87 0.000000  0.27 0.000000 0.051 0.000000 0.10 0.000000000 0.003 0.559000 99.999 0.259 99.999 0.259 99.99 0.259000000   0.694 0.000   0.273 0.000  0.422 0.000 0.004 0.000000 0.024 0.559000
341.375 342.375   4.90 0.559000  0.23 0.559000 0.048 0.559000 0.14 0.559000000 0.006 0.559000  0.020 0.000  0.027 0.000  5.04 0.559000000   0.950 0.000   0.426 0.000  0.524 0.559 0.004 0.559000 0.035 0.559000
344.375 345.375   1.23 0.000000  0.18 0.000000 0.061 0.000000 9.99 0.259000000 0.004 0.559000 99.999 0.259 99.999 0.259 99.99 0.259000000   0.475 0.000   0.192 0.000  0.283 0.000 0.001 0.000000 0.015 0.559000
347.375 348.375   0.90 0.000000  0.26 0.000000 9.999 0.259000 0.16 0.000000000 0.028 0.559000  0.081 0.000  0.114 0.000 99.99 0.259000000   1.645 0.000   0.698 0.000  0.947 0.000 0.004 0.000000 0.060 0.559000
350.375 351.375   0.84 0.000000  0.24 0.000000 9.999 0.259000 0.07 0.000000000 0.009 0.559000  0.112 0.000  0.156 0.000 99.99 0.259000000   1.316 0.000   0.551 0.000  0.764 0.000 0.003 0.000000 0.027 0.559000
353.375 354.375   1.29 0.000000  0.32 0.000000 9.999 0.259000 9.99 0.259000000 0.009 0.559000 99.999 0.259 99.999 0.259 99.99 0.259000000   1.060 0.000   0.394 0.000  0.666 0.000 0.003 0.000000 0.049 0.559000
356.375 357.375   2.79 0.000000  0.29 0.000000 9.999 0.259000 0.08 0.000000000 0.009 0.559000 99.999 0.259 99.999 0.259 99.99 0.259000000   1.182 0.000   0.354 0.000  0.828 0.000 0.005 0.000000 0.065 0.559000
359.375 360.375   3.23 0.000000  0.15 0.000000 9.999 0.259000 9.99 0.259000000 0.019 0.559000  0.050 0.000  0.070 0.000 99.99 0.259000000   1.381 0.000   0.458 0.000  0.924 0.000 0.006 0.000000 0.062 0.559000
362.375 363.375   0.31 0.000000  0.06 0.000000 0.036 0.000000 9.99 0.259000000 0.005 0.559000  0.007 0.000  0.011 0.000 99.99 0.259000000   0.292 0.000   0.008 0.000  0.284 0.000 0.002 0.000000 0.012 0.559000
