scripts/IMPROVE-2019_partial/data/US9080R.20120101070000.20191216000000.filterpack...52w.3d.US03L_filterpack_US9080.US03L_IMPROVE_Davis.lev2.nas
52 1001
MISSING INFORMATION
US03L, IMPROVE, , , , , , , 
MISSING INFORMATION
IMPROVE sel_HTAP
1 1
2012 01 01 2019 12 16
3.000000
days from file reference point
5
1 1 1 1 1
999.999999 999.999 9.999 999.999 9.999
end_time of measurement, days from the file reference point
pm10_mass, ug/m3, Matrix=pm10
numflag pm10_mass, no unit, Matrix=pm10
pm25_mass, ug/m3, Matrix=pm25
numflag pm25_mass, no unit, Matrix=pm25
0
33
Data definition:              EBAS_1.1
Set type code:                TU
Timezone:                     UTC
File name:                    US9080R.20120101070000.20191216000000.filterpack...52w.3d.US03L_filterpack_US9080.US03L_IMPROVE_Davis.lev2.nas
File creation:                20191218121102
Startdate:                    20120101070000
Revision date:                20191216000000
Version:                      2
Version description:          "Data extracted from http://views.cira.colostate.edu/fed/DataWizard 2019-12-16"
Statistics:                   arithmetic mean
Data level:                   2
Period code:                  52w
Resolution code:              3d
Sample duration:              1d
Orig. time res.:              3d
Station code:                 US9080R
Platform code:                US9080S
Station name:                 Thunder Basin
Station latitude:             44.6634
Station longitude:            -105.2874
Station altitude:             1195.0 m
Regime:                       IMG
Component:                    
Unit:                         ug/m3
Matrix:                       
Laboratory code:              US03L
Instrument type:              filterpack
Instrument name:              filterpack_US9080
Method ref:                   US03L_IMPROVE_Davis
Blank correction:             Blank corrected
Volume std. temperature:      ambient
Volume std. pressure:         ambient
starttime endtime PM10 flag_PM10 PM2.5 flag_PM2.5
  0.291667   1.291667   3.265 0.000   1.335 0.000
  3.291667   4.291667   5.780 0.000   2.075 0.000
  6.291667   7.291667   3.701 0.000   1.744 0.000
  9.291667  10.291667   3.582 0.000   1.857 0.000
 12.291667  13.291667   8.065 0.000   1.504 0.000
 15.291667  16.291667  18.593 0.000   1.784 0.000
 18.291667  19.291667   7.275 0.000   4.298 0.000
 21.291667  22.291667   0.920 0.000   0.467 0.000
 24.291667  25.291667   4.661 0.000   1.187 0.000
 27.291667  28.291667   3.778 0.000   1.037 0.000
 30.291667  31.291667   1.904 0.000   0.611 0.000
 33.291667  34.291667   6.722 0.000   4.410 0.000
 36.291667  37.291667   7.295 0.000   4.438 0.000
 39.291667  40.291667   7.349 0.000   3.409 0.000
 42.291667  43.291667  10.866 0.000   7.037 0.000
 45.291667  46.291667   3.147 0.000   1.442 0.000
 48.291667  49.291667   5.959 0.000   2.196 0.000
 51.291667  52.291667   2.895 0.000   0.721 0.000
 54.291667  55.291667 999.999 0.999 999.999 0.999
 57.291667  58.291667 999.999 0.999 999.999 0.999
 60.291667  61.291667 999.999 0.999 999.999 0.999
 63.291667  64.291667 999.999 0.999 999.999 0.999
 66.291667  67.291667 999.999 0.999 999.999 0.999
 69.291667  70.291667 999.999 0.999 999.999 0.999
 72.291667  73.291667 999.999 0.999 999.999 0.999
 75.291667  76.291667  15.973 0.000   3.430 0.000
 78.291667  79.291667   5.576 0.000   1.080 0.000
 81.291667  82.291667  13.069 0.000   3.162 0.000
 84.291667  85.291667  12.643 0.000   4.648 0.000
 87.291667  88.291667  10.342 0.000   4.198 0.000
 90.291667  91.291667   9.153 0.000   2.689 0.000
 93.291667  94.291667   3.671 0.000   1.434 0.000
 96.291667  97.291667   9.459 0.000   2.505 0.000
 99.291667 100.291667   9.934 0.000   3.135 0.000
102.291667 103.291667 999.999 0.999 999.999 0.999
105.291667 106.291667 999.999 0.999 999.999 0.999
108.291667 109.291667   4.259 0.000   2.410 0.000
111.291667 112.291667   3.554 0.000   3.067 0.000
114.291667 115.291667   9.438 0.000   3.848 0.000
117.291667 118.291667   4.250 0.000   2.298 0.000
120.291667 121.291667   8.220 0.000   4.230 0.000
123.291667 124.291667   9.462 0.000   4.318 0.000
126.291667 127.291667   4.746 0.000   2.685 0.000
129.291667 130.291667  11.412 0.000   5.338 0.000
132.291667 133.291667   7.768 0.000   2.827 0.000
135.291667 136.291667  19.936 0.000   6.802 0.000
138.291667 139.291667  10.109 0.000   4.941 0.000
141.291667 142.291667   9.167 0.000   4.082 0.000
144.291667 145.291667   3.947 0.000   1.848 0.000
147.291667 148.291667   5.436 0.000   1.953 0.000
150.291667 151.291667   5.311 0.000   3.135 0.000
153.291667 154.291667   7.871 0.000   2.295 0.000
156.291667 157.291667  28.470 0.000   6.817 0.000
159.291667 160.291667  12.013 0.000   4.731 0.000
162.291667 163.291667   3.267 0.000   2.037 0.000
165.291667 166.291667   5.523 0.000 999.999 0.456
168.291667 169.291667  11.058 0.000   3.676 0.000
171.291667 172.291667   4.814 0.000   1.758 0.000
174.291667 175.291667  18.038 0.000   6.992 0.000
177.291667 178.291667  20.610 0.000   8.662 0.000
180.291667 181.291667  30.211 0.000  17.401 0.000
183.291667 184.291667  79.739 0.000  42.448 0.000
186.291667 187.291667  31.098 0.000  14.772 0.000
189.291667 190.291667   8.034 0.000   4.543 0.000
192.291667 193.291667  19.445 0.000   9.684 0.000
195.291667 196.291667  17.934 0.000   5.800 0.000
198.291667 199.291667  15.903 0.000   4.637 0.000
201.291667 202.291667  18.182 0.000   6.025 0.000
204.291667 205.291667  14.714 0.000   6.635 0.000
207.291667 208.291667  11.257 0.000   5.289 0.000
210.291667 211.291667  11.167 0.000   4.835 0.000
213.291667 214.291667 999.999 0.999 999.999 0.999
216.291667 217.291667   6.472 0.000   4.365 0.000
219.291667 220.291667  14.641 0.000   6.605 0.000
222.291667 223.291667  20.894 0.000   6.700 0.000
225.291667 226.291667  20.545 0.000   9.863 0.000
228.291667 229.291667   9.487 0.000   4.817 0.000
231.291667 232.291667  12.681 0.000   6.057 0.000
234.291667 235.291667  24.993 0.000  12.142 0.000
237.291667 238.291667  20.368 0.000   9.494 0.000
240.291667 241.291667  28.936 0.000  12.939 0.000
243.291667 244.291667  51.611 0.000  26.887 0.000
246.291667 247.291667  20.684 0.000  13.241 0.000
249.291667 250.291667  26.336 0.000  11.525 0.000
252.291667 253.291667  16.404 0.000   5.457 0.000
255.291667 256.291667  32.127 0.000  12.437 0.000
258.291667 259.291667  20.588 0.000  11.538 0.000
261.291667 262.291667  12.642 0.000   6.535 0.000
264.291667 265.291667  14.219 0.000   6.032 0.000
267.291667 268.291667  23.444 0.000   5.922 0.000
270.291667 271.291667  21.606 0.000   8.585 0.000
273.291667 274.291667  22.192 0.000  12.431 0.000
276.291667 277.291667 999.999 0.999 999.999 0.999
279.291667 280.291667   4.235 0.000   1.895 0.000
282.291667 283.291667   2.872 0.000   1.681 0.000
285.291667 286.291667  14.870 0.000   3.976 0.000
288.291667 289.291667  11.039 0.000   4.172 0.000
291.291667 292.291667   6.853 0.000   1.660 0.000
294.291667 295.291667   2.783 0.000   1.222 0.000
297.291667 298.291667 999.999 0.999 999.999 0.999
300.291667 301.291667   4.541 0.000   2.381 0.000
303.291667 304.291667  10.255 0.000   2.500 0.000
306.291667 307.291667   4.938 0.000   2.119 0.000
309.291667 310.291667   6.376 0.000   1.516 0.000
312.291667 313.291667  11.198 0.000   3.289 0.000
315.291667 316.291667   4.260 0.000   2.840 0.000
318.291667 319.291667 999.999 0.999 999.999 0.999
321.291667 322.291667   8.217 0.000   2.128 0.000
324.291667 325.291667  10.188 0.000 999.999 0.999
327.291667 328.291667   5.279 0.000   2.089 0.000
330.291667 331.291667   2.377 0.000   1.613 0.000
333.291667 334.291667   8.489 0.000   2.344 0.000
336.291667 337.291667  17.531 0.000   2.126 0.000
339.291667 340.291667   7.075 0.000   1.381 0.000
342.291667 343.291667  11.696 0.000   2.042 0.000
345.291667 346.291667   4.208 0.000   0.971 0.000
348.291667 349.291667   7.243 0.000   2.198 0.000
351.291667 352.291667   4.258 0.000   0.927 0.000
354.291667 355.291667  17.413 0.000   2.371 0.000
357.291667 358.291667   9.078 0.000   5.696 0.000
360.291667 361.291667 999.999 0.999 999.999 0.999
363.291667 364.291667   3.982 0.000   1.255 0.000
