scripts/IMPROVE-2019_partial/data/US9073R.20130101060000.20191216000000.filterpack...52w.3d.US03L_filterpack_US9073.US03L_IMPROVE_Davis.lev2.nas
51 1001
MISSING INFORMATION
US03L, IMPROVE, , , , , , , 
MISSING INFORMATION
IMPROVE sel_HTAP
1 1
2013 01 01 2019 12 16
3.00
days from file reference point
4
1 1 1 1
999.99 999.999 999.999 9.999
end_time of measurement, days from the file reference point
pm10_mass, ug/m3, Matrix=pm10
pm25_mass, ug/m3, Matrix=pm25
numflag, no unit
0
33
Data definition:              EBAS_1.1
Set type code:                TU
Timezone:                     UTC
File name:                    US9073R.20130101060000.20191216000000.filterpack...52w.3d.US03L_filterpack_US9073.US03L_IMPROVE_Davis.lev2.nas
File creation:                20191218121032
Startdate:                    20130101060000
Revision date:                20191216000000
Version:                      2
Version description:          "Data extracted from http://views.cira.colostate.edu/fed/DataWizard 2019-12-16"
Statistics:                   arithmetic mean
Data level:                   2
Period code:                  52w
Resolution code:              3d
Sample duration:              1d
Orig. time res.:              3d
Station code:                 US9073R
Platform code:                US9073S
Station name:                 Wichita Mountains
Station latitude:             34.7323
Station longitude:            -98.713
Station altitude:             509.0 m
Regime:                       IMG
Component:                    
Unit:                         ug/m3
Matrix:                       
Laboratory code:              US03L
Instrument type:              filterpack
Instrument name:              filterpack_US9073
Method ref:                   US03L_IMPROVE_Davis
Blank correction:             Blank corrected
Volume std. temperature:      ambient
Volume std. pressure:         ambient
starttime endtime PM10 PM2.5 flag
  0.25   1.25  14.689  13.286 0.000
  3.25   4.25   4.298   1.998 0.000
  6.25   7.25   6.947   3.575 0.000
  9.25  10.25   1.896   1.405 0.000
 12.25  13.25   3.662   1.445 0.000
 15.25  16.25   8.625   4.219 0.000
 18.25  19.25   8.681   3.977 0.000
 21.25  22.25  14.125   4.322 0.000
 24.25  25.25  29.889  13.683 0.000
 27.25  28.25  12.444   6.822 0.000
 30.25  31.25   8.120   2.479 0.000
 33.25  34.25   5.608   1.557 0.000
 36.25  37.25  13.599  10.410 0.000
 39.25  40.25   9.252   6.962 0.000
 42.25  43.25   5.356   3.745 0.000
 45.25  46.25   3.477   1.022 0.000
 48.25  49.25  14.452   2.657 0.000
 51.25  52.25   4.718   3.157 0.000
 54.25  55.25  13.028   7.431 0.000
 57.25  58.25 999.999 999.999 0.999
 60.25  61.25   8.968   5.376 0.000
 63.25  64.25  10.566   2.180 0.000
 66.25  67.25  13.457   6.856 0.000
 69.25  70.25   7.322   3.186 0.000
 72.25  73.25  18.904   7.806 0.000
 75.25  76.25  24.801  13.129 0.000
 78.25  79.25  16.811   5.152 0.000
 81.25  82.25  16.553  11.792 0.000
 84.25  85.25  10.639   4.135 0.000
 87.25  88.25  12.574   5.147 0.000
 90.25  91.25   9.304   4.646 0.000
 93.25  94.25   3.683   3.262 0.000
 96.25  97.25  15.900   7.367 0.000
 99.25 100.25   6.438   2.669 0.000
102.25 103.25  14.469   5.545 0.000
105.25 106.25  27.643  13.133 0.000
108.25 109.25   6.099   2.365 0.000
111.25 112.25  17.933   8.125 0.000
114.25 115.25  11.808   5.118 0.000
117.25 118.25  12.192   5.821 0.000
120.25 121.25  12.819   5.977 0.000
123.25 124.25   8.671   2.695 0.000
126.25 127.25  14.945   5.030 0.000
129.25 130.25   9.370   4.456 0.000
132.25 133.25  14.561   5.737 0.000
135.25 136.25   7.389   4.109 0.000
138.25 139.25  29.066  13.391 0.000
141.25 142.25   9.931   2.580 0.000
144.25 145.25   9.113   5.531 0.000
147.25 148.25  17.690   9.197 0.000
150.25 151.25  18.997   8.334 0.000
153.25 154.25  14.791   4.319 0.000
156.25 157.25 999.999 999.999 0.999
159.25 160.25   8.651   2.726 0.000
162.25 163.25  17.693   7.849 0.000
165.25 166.25  10.860   5.489 0.000
168.25 169.25   7.908   4.428 0.000
171.25 172.25  50.858  20.430 0.000
174.25 175.25  34.033  14.144 0.000
177.25 178.25  37.456  14.404 0.000
180.25 181.25  18.253   6.087 0.000
183.25 184.25  23.058  11.352 0.000
186.25 187.25  23.635  15.187 0.000
189.25 190.25  18.724   6.959 0.000
192.25 193.25  17.939   9.426 0.000
195.25 196.25   7.751   5.859 0.000
198.25 199.25   9.635   4.670 0.000
201.25 202.25   9.714   5.041 0.000
204.25 205.25 999.999 999.999 0.999
207.25 208.25  10.297   6.702 0.000
210.25 211.25  21.929  10.904 0.000
213.25 214.25  23.445  11.268 0.000
216.25 217.25  16.135   7.137 0.000
219.25 220.25  16.103   8.405 0.000
222.25 223.25  13.479   8.882 0.000
225.25 226.25 999.999 999.999 0.999
228.25 229.25  15.734  10.995 0.000
231.25 232.25  19.698  12.646 0.000
234.25 235.25  17.660   8.252 0.000
237.25 238.25  12.948   6.803 0.000
240.25 241.25  28.094  11.751 0.000
243.25 244.25  24.848  10.386 0.000
246.25 247.25  17.934   8.019 0.000
249.25 250.25  22.363  12.951 0.000
252.25 253.25  11.680   5.083 0.000
255.25 256.25  22.337  11.702 0.000
258.25 259.25  15.243  10.523 0.000
261.25 262.25   9.908   4.777 0.000
264.25 265.25   8.158   4.001 0.000
267.25 268.25  15.798   4.124 0.000
270.25 271.25   5.876   3.265 0.000
273.25 274.25  11.369   5.302 0.000
276.25 277.25  11.663   4.174 0.000
279.25 280.25   9.491   2.408 0.000
282.25 283.25  17.106   7.773 0.000
285.25 286.25  13.027   6.378 0.000
288.25 289.25   4.085   2.707 0.000
291.25 292.25   2.869   2.142 0.000
294.25 295.25   9.406   2.992 0.000
297.25 298.25  14.849   6.114 0.000
300.25 301.25  10.767   7.416 0.000
303.25 304.25   7.346   2.370 0.000
306.25 307.25   9.220   3.747 0.000
309.25 310.25   1.969   0.803 0.000
312.25 313.25   7.234   3.668 0.000
315.25 316.25  11.017   2.659 0.000
318.25 319.25  14.841   5.583 0.000
321.25 322.25   8.576   1.673 0.000
324.25 325.25  16.810   7.828 0.000
327.25 328.25   4.261   2.871 0.000
330.25 331.25   8.114   2.893 0.000
333.25 334.25   7.892   5.076 0.000
336.25 337.25   8.646   3.776 0.000
339.25 340.25   9.411   3.332 0.000
342.25 343.25  15.725  10.868 0.000
345.25 346.25  15.906   9.386 0.000
348.25 349.25   6.778   1.487 0.000
351.25 352.25  10.674   4.154 0.000
354.25 355.25   1.910   1.904 0.000
357.25 358.25  12.825   8.866 0.000
360.25 361.25   4.006   1.420 0.000
363.25 364.25   4.162   1.595 0.000
