scripts/IMPROVE-2019_partial/data/US9043R.20010101080000.20191216000000.filterpack..pm25.52w.1w.US03L_filterpack_US9043.US03L_IMPROVE_Davis.lev2.nas
64 1001
MISSING INFORMATION
US03L, IMPROVE, , , , , , , 
MISSING INFORMATION
IMPROVE sel_HTAP
1 1
2001 01 01 2019 12 16
3.000000
days from file reference point
25
1 1 1 1 1 1 1 1 1 1 1 1 1 1 1 1 1 1 1 1 1 1 1 1 1
999.999999 9999.99 9.999 99.99 9.999 9.999 9.999 9.99 9.999 99.999 9.999 99.999 9.999 99.999 9.999 999.999 9.999 999.999 9.999 999.999 9.999 9.999 9.999 99.999 9.999
end_time of measurement, days from the file reference point
iron, ng/m3, Revision date=20181210133000
numflag iron, no unit, Revision date=20181210133000
lead, ng/m3, Revision date=20181210133000
numflag lead, no unit, Revision date=20181210133000
magnesium, ug/m3, Revision date=20181210133000
numflag magnesium, no unit, Revision date=20181210133000
nickel, ng/m3, Revision date=20181210133000
numflag nickel, no unit, Revision date=20181210133000
nitrate, ug N/m3, Revision date=20181210133000
numflag nitrate, no unit, Revision date=20181210133000
organic_carbon, ug C/m3, Revision date=20181210133000
numflag organic_carbon, no unit, Revision date=20181210133000
organic_mass, ug/m3, Revision date=20181210133000
numflag organic_mass, no unit, Revision date=20181210133000
pm10_mass, ug/m3, Version=2, Version description=Data extracted from http://views.cira.colostate.edu/fed/DataWizard 2019-12-16, Sample duration=1d, Orig. time res.=3d, Matrix=pm10, Blank correction=Blank corrected, Volume std. temperature=ambient, Volume std. pressure=ambient
numflag pm10_mass, no unit, Version=2, Version description=Data extracted from http://views.cira.colostate.edu/fed/DataWizard 2019-12-16, Sample duration=1d, Orig. time res.=3d, Matrix=pm10, Blank correction=Blank corrected, Volume std. temperature=ambient, Volume std. pressure=ambient
pm10_pm25_mass, ug/m3, Revision date=20181210133000, Matrix=pm10_pm25
numflag pm10_pm25_mass, no unit, Revision date=20181210133000, Matrix=pm10_pm25
pm25_mass, ug/m3, Version=2, Version description=Data extracted from http://views.cira.colostate.edu/fed/DataWizard 2019-12-16, Sample duration=1d, Orig. time res.=3d, Blank correction=Blank corrected, Volume std. temperature=ambient, Volume std. pressure=ambient
numflag pm25_mass, no unit, Version=2, Version description=Data extracted from http://views.cira.colostate.edu/fed/DataWizard 2019-12-16, Sample duration=1d, Orig. time res.=3d, Blank correction=Blank corrected, Volume std. temperature=ambient, Volume std. pressure=ambient
potassium, ug/m3, Revision date=20181210133000
numflag potassium, no unit, Revision date=20181210133000
sulphate_total, ug S/m3, Revision date=20181210133000
numflag sulphate_total, no unit, Revision date=20181210133000
0
25
Data definition:              EBAS_1.1
Set type code:                TU
Timezone:                     UTC
File name:                    US9043R.20010101080000.20191216000000.filterpack..pm25.52w.1w.US03L_filterpack_US9043.US03L_IMPROVE_Davis.lev2.nas
File creation:                20191218120816
Startdate:                    20010101080000
Revision date:                20191216000000
Statistics:                   arithmetic mean
Data level:                   2
Period code:                  52w
Resolution code:              1w
Station code:                 US9043R
Platform code:                US9043S
Station name:                 San Gorgonio Wilderness
Station latitude:             34.1939
Station longitude:            -116.9132
Station altitude:             1726.0 m
Regime:                       IMG
Component:                    
Matrix:                       pm25
Laboratory code:              US03L
Instrument type:              filterpack
Instrument name:              filterpack_US9043
Method ref:                   US03L_IMPROVE_Davis
starttime endtime Fe flag_Fe Pb flag_Pb Mg++ flag_Mg++ Ni flag_Ni NO3- flag_NO3- OC flag_OC OM flag_OM PM10 flag_PM10 PM10-PM2.5 flag_PM10-PM2.5 PM2.5 flag_PM2.5 K+ flag_K+ SO4-- flag_SO4--
  0.333333   1.333333 9999.99 0.999 99.99 0.999 9.999 0.999 9.99 0.999 99.999 0.999 99.999 0.999 99.999 0.999 999.999 0.999 999.999 0.999 999.999 0.999 9.999 0.999 99.999 0.999
  3.333333   4.333333   30.07 0.000  0.64 0.000 0.019 0.000 9.99 0.259  0.010 0.000  0.414 0.000  0.580 0.000   2.828 0.000   1.917 0.000   0.911 0.000 0.017 0.000  0.098 0.000
  6.333333   7.333333   21.26 0.000  2.01 0.000 0.043 0.000 9.99 0.259  0.560 0.000  0.739 0.000  1.035 0.000   5.217 0.000   0.924 0.000   4.293 0.000 0.034 0.000  0.142 0.000
  9.333333  10.333333    4.81 0.000  0.50 0.000 9.999 0.259 0.31 0.000  0.373 0.000  0.344 0.000  0.482 0.000   3.074 0.000   0.221 0.000   2.854 0.000 0.016 0.000  0.178 0.000
 12.333333  13.333333    3.21 0.000  0.36 0.000 9.999 0.259 9.99 0.259  0.287 0.000  0.378 0.000  0.530 0.000   2.036 0.000 999.999 0.259   2.188 0.000 0.010 0.000  0.065 0.000
 15.333333  16.333333    1.18 0.000 99.99 0.259 9.999 0.259 9.99 0.259  0.081 0.000  0.474 0.000  0.663 0.000   2.609 0.000   1.872 0.000   0.737 0.000 0.015 0.000  0.148 0.000
 18.333333  19.333333    9.97 0.000  0.29 0.000 9.999 0.259 9.99 0.259  0.046 0.000  0.284 0.000  0.397 0.000   1.411 0.000   0.432 0.000   0.979 0.000 0.015 0.000  0.081 0.000
 21.333333  22.333333   33.30 0.000  1.48 0.000 9.999 0.259 9.99 0.259  0.575 0.000  0.705 0.000  0.987 0.000   6.185 0.000   1.324 0.000   4.861 0.000 0.020 0.000  0.124 0.000
 24.333333  25.333333    3.58 0.000  0.32 0.000 9.999 0.259 9.99 0.259  0.144 0.000  0.215 0.000  0.301 0.000   1.276 0.000   0.128 0.000   1.148 0.000 0.010 0.000  0.092 0.000
 27.333333  28.333333    9.55 0.000  0.66 0.000 9.999 0.259 0.17 0.000  0.557 0.000  0.815 0.000  1.141 0.000   7.086 0.000   0.802 0.000   6.284 0.000 0.015 0.000  0.414 0.000
 30.333333  31.333333    0.62 0.000  0.24 0.000 9.999 0.259 9.99 0.259  0.003 0.000  0.091 0.000  0.128 0.000 999.999 0.259 999.999 0.259 999.999 0.259 0.007 0.000  0.021 0.000
 33.333333  34.333333   21.77 0.000  0.46 0.000 9.999 0.259 9.99 0.259  0.010 0.000  0.412 0.000  0.577 0.000   3.130 0.000   2.197 0.000   0.934 0.000 0.027 0.000  0.066 0.000
 36.333333  37.333333   33.48 0.000  1.25 0.000 9.999 0.259 0.23 0.000  0.876 0.000  0.628 0.000  0.879 0.000  11.262 0.000   4.026 0.000   7.236 0.000 0.024 0.000  0.307 0.000
 39.333333  40.333333   28.70 0.000  1.17 0.000 9.999 0.259 9.99 0.259  1.006 0.000  1.148 0.000  1.607 0.000  13.889 0.000   5.391 0.000   8.497 0.000 0.031 0.000  0.270 0.000
 42.333333  43.333333    1.22 0.000  0.12 0.000 9.999 0.259 9.99 0.259  0.023 0.000  0.643 0.000  0.900 0.000   1.555 0.000   0.149 0.000   1.406 0.000 0.009 0.000  0.076 0.000
 45.333333  46.333333   11.71 0.000  0.53 0.000 0.060 0.000 9.99 0.259  0.743 0.000  0.565 0.000  0.790 0.000   6.798 0.000   0.580 0.000   6.218 0.000 0.015 0.000  0.173 0.000
 48.333333  49.333333   13.56 0.000  1.20 0.000 9.999 0.259 0.47 0.000  0.393 0.000  0.712 0.000  0.996 0.000   5.007 0.000   1.172 0.000   3.835 0.000 0.023 0.000  0.140 0.000
 51.333333  52.333333   10.72 0.000  0.52 0.000 9.999 0.259 9.99 0.259  0.063 0.000  0.283 0.000  0.396 0.000   2.156 0.000   1.123 0.000   1.033 0.000 0.016 0.000  0.049 0.000
 54.333333  55.333333    2.25 0.000  0.27 0.000 9.999 0.259 0.15 0.000  0.028 0.000  0.144 0.000  0.202 0.000   1.077 0.000   0.353 0.000   0.723 0.000 0.012 0.000  0.064 0.000
 57.333333  58.333333    1.39 0.000 99.99 0.259 9.999 0.259 9.99 0.259  0.023 0.000  0.045 0.000  0.063 0.000   0.747 0.000   0.218 0.000   0.528 0.000 0.006 0.000  0.086 0.000
 60.333333  61.333333   17.56 0.000  1.50 0.000 9.999 0.259 0.69 0.000  0.774 0.000  0.718 0.000  1.005 0.000   8.855 0.000   1.359 0.000   7.497 0.000 0.018 0.000  0.325 0.000
 63.333333  64.333333   21.89 0.000  1.51 0.000 9.999 0.259 0.88 0.000  0.663 0.000  0.687 0.000  0.961 0.000   8.735 0.000   2.775 0.000   5.961 0.000 0.018 0.000  0.318 0.000
 66.333333  67.333333 9999.99 0.999 99.99 0.999 9.999 0.999 9.99 0.999 99.999 0.999 99.999 0.999 99.999 0.999 999.999 0.999 999.999 0.999 999.999 0.999 9.999 0.999 99.999 0.999
 69.333333  70.333333   13.54 0.000  1.34 0.000 9.999 0.259 0.45 0.000  0.625 0.000  0.785 0.000  1.100 0.000   8.311 0.000   1.543 0.000   6.769 0.000 0.017 0.000  0.316 0.000
 72.333333  73.333333   56.58 0.000  2.34 0.000 9.999 0.259 0.60 0.000  0.765 0.000  1.012 0.000  1.417 0.000   8.414 0.000   1.962 0.000   6.452 0.000 0.042 0.000  0.250 0.000
 75.333333  76.333333   37.79 0.000  1.33 0.000 9.999 0.259 9.99 0.259  0.378 0.000  0.760 0.000  1.064 0.000   6.725 0.000   2.790 0.000   3.935 0.000 0.024 0.000  0.243 0.000
 78.333333  79.333333   51.61 0.000  1.85 0.000 9.999 0.259 0.55 0.000  1.134 0.000  1.377 0.000  1.928 0.000  12.325 0.000   3.974 0.000   8.351 0.000 0.027 0.000  0.189 0.000
 81.333333  82.333333   45.81 0.000  1.58 0.000 9.999 0.259 0.51 0.000  0.670 0.000  2.323 0.000  3.253 0.000  14.844 0.000   6.563 0.000   8.281 0.000 0.049 0.000  0.392 0.000
 84.333333  85.333333   39.46 0.000  1.42 0.000 9.999 0.259 0.40 0.000  0.276 0.000  0.809 0.000  1.133 0.000   7.853 0.000   4.367 0.000   3.487 0.000 0.030 0.000  0.267 0.000
 87.333333  88.333333   75.67 0.000  1.49 0.000 9.999 0.259 0.42 0.000  0.105 0.000  0.864 0.000  1.209 0.000  10.217 0.000   6.450 0.000   3.766 0.000 0.073 0.000  0.221 0.000
 90.333333  91.333333   67.39 0.000  1.97 0.000 9.999 0.259 0.55 0.000  1.409 0.000  1.366 0.000  1.913 0.000  19.810 0.000   7.834 0.000  11.976 0.000 0.040 0.000  0.459 0.000
 93.333333  94.333333   38.35 0.000  1.54 0.000 9.999 0.259 0.87 0.000  0.617 0.000  0.552 0.000  0.772 0.000  12.670 0.000   4.809 0.000   7.861 0.000 0.039 0.000  0.563 0.000
 96.333333  97.333333    7.55 0.000  0.75 0.000 9.999 0.259 0.60 0.000  0.143 0.000  0.267 0.000  0.374 0.000   2.609 0.000   0.997 0.000   1.612 0.000 0.010 0.000  0.149 0.000
 99.333333 100.333333   30.96 0.000  2.22 0.000 9.999 0.259 0.60 0.000  1.419 0.000  0.839 0.000  1.175 0.000  13.544 0.000   7.596 0.000   5.947 0.000 0.020 0.000  0.514 0.000
102.333333 103.333333  251.50 0.000  2.05 0.000 9.999 0.259 9.99 0.259  0.978 0.000  1.017 0.000  1.424 0.000  21.090 0.000   9.106 0.000  11.984 0.000 0.126 0.000  0.337 0.000
105.333333 106.333333  229.05 0.000  1.77 0.000 9.999 0.259 0.27 0.000  0.560 0.000  0.879 0.000  1.231 0.000  15.059 0.000   7.068 0.000   7.990 0.000 0.130 0.000  0.231 0.000
108.333333 109.333333  128.41 0.000  2.01 0.000 9.999 0.259 9.99 0.259  0.636 0.000  0.745 0.000  1.043 0.000  12.676 0.000   4.845 0.000   7.831 0.000 0.069 0.000  0.435 0.000
111.333333 112.333333   45.98 0.000  1.50 0.000 9.999 0.259 9.99 0.259  0.523 0.000  0.837 0.000  1.172 0.000   7.498 0.000   2.762 0.000   4.736 0.000 0.039 0.000  0.157 0.000
114.333333 115.333333  106.72 0.000  2.55 0.000 9.999 0.259 9.99 0.259  0.346 0.000  1.552 0.000  2.173 0.000  11.294 0.000   5.827 0.000   5.467 0.000 0.055 0.000  0.247 0.000
117.333333 118.333333   84.42 0.000  1.64 0.000 9.999 0.259 0.50 0.000  0.448 0.000  0.965 0.000  1.350 0.000  11.842 0.000   5.861 0.000   5.982 0.000 0.055 0.000  0.500 0.000
120.333333 121.333333  176.03 0.000  2.91 0.000 9.999 0.259 0.31 0.000  1.487 0.000  2.971 0.000  4.159 0.000  26.039 0.000   9.803 0.000  16.235 0.000 0.075 0.000  0.758 0.000
123.333333 124.333333   89.45 0.000  2.06 0.000 9.999 0.259 0.66 0.000  0.255 0.000  0.883 0.000  1.236 0.000  12.208 0.000   7.882 0.000   4.326 0.000 0.046 0.000  0.229 0.000
126.333333 127.333333  188.63 0.000  3.07 0.000 9.999 0.259 0.60 0.000  0.454 0.000  2.465 0.000  3.451 0.000  19.634 0.000  10.148 0.000   9.486 0.000 0.088 0.000  0.439 0.000
129.333333 130.333333  143.36 0.000  1.59 0.000 9.999 0.259 0.46 0.000  0.368 0.000  1.674 0.000  2.343 0.000  14.616 0.000   7.348 0.000   7.268 0.000 0.080 0.000  0.463 0.000
132.333333 133.333333   57.42 0.000  1.49 0.000 9.999 0.259 9.99 0.259  0.507 0.000  1.114 0.000  1.559 0.000   7.091 0.000   2.480 0.000   4.610 0.000 0.030 0.000  0.340 0.000
135.333333 136.333333   99.12 0.000  2.32 0.000 9.999 0.259 0.57 0.000  1.582 0.000  2.356 0.000  3.299 0.000  22.186 0.000   7.974 0.000  14.211 0.000 0.041 0.000  0.736 0.000
138.333333 139.333333   85.36 0.000  2.85 0.000 9.999 0.259 0.50 0.000  0.206 0.000  2.328 0.000  3.259 0.000  15.790 0.000   7.131 0.000   8.658 0.000 0.094 0.000  0.607 0.000
141.333333 142.333333   90.52 0.000  2.57 0.000 9.999 0.259 0.40 0.000  0.178 0.000  1.728 0.000  2.420 0.000  14.875 0.000   8.902 0.000   5.973 0.000 0.052 0.000  0.387 0.000
144.333333 145.333333 9999.99 0.999 99.99 0.999 9.999 0.999 9.99 0.999 99.999 0.999 99.999 0.999 99.999 0.999 999.999 0.999 999.999 0.999 999.999 0.999 9.999 0.999 99.999 0.999
147.333333 148.333333   36.71 0.000  1.68 0.000 9.999 0.259 0.46 0.000  0.563 0.000  1.400 0.000  1.959 0.000   8.598 0.000   2.781 0.000   5.817 0.000 0.033 0.000  0.431 0.000
150.333333 151.333333  110.58 0.000  2.96 0.000 9.999 0.259 0.45 0.000  0.216 0.000  2.231 0.000  3.124 0.000  14.652 0.000   6.972 0.000   7.680 0.000 0.060 0.000  0.478 0.000
153.333333 154.333333   31.19 0.000  1.25 0.000 9.999 0.259 0.38 0.000  1.025 0.000  1.278 0.000  1.789 0.000  13.487 0.000   4.385 0.000   9.102 0.000 0.029 0.000  0.690 0.000
156.333333 157.333333   96.88 0.000  2.13 0.000 9.999 0.259 0.42 0.000  0.494 0.000  3.308 0.000  4.631 0.000  21.052 0.000  10.059 0.000  10.993 0.000 0.105 0.000  0.629 0.000
159.333333 160.333333   64.86 0.000  1.74 0.000 9.999 0.259 0.50 0.000  0.629 0.000  2.092 0.000  2.929 0.000  16.710 0.000   7.568 0.000   9.142 0.000 0.049 0.000  0.725 0.000
162.333333 163.333333   56.61 0.000  1.76 0.000 9.999 0.259 0.48 0.000  1.237 0.000  1.882 0.000  2.634 0.000  19.119 0.000   7.309 0.000  11.810 0.000 0.064 0.000  0.658 0.000
165.333333 166.333333  109.63 0.000  1.76 0.000 9.999 0.259 0.52 0.000  0.788 0.000  3.859 0.000  5.403 0.000  25.914 0.000  12.770 0.000  13.144 0.000 0.092 0.000  0.530 0.000
168.333333 169.333333   40.67 0.000  1.04 0.000 9.999 0.259 0.28 0.000  0.077 0.000  0.866 0.000  1.212 0.000   7.596 0.000   4.212 0.000   3.384 0.000 0.032 0.000  0.248 0.000
171.333333 172.333333  106.57 0.000  1.61 0.000 9.999 0.259 0.86 0.000  0.378 0.000  1.937 0.000  2.712 0.000  18.761 0.000  10.428 0.000   8.333 0.000 0.082 0.000  0.574 0.000
174.333333 175.333333   38.26 0.000  1.41 0.000 9.999 0.259 0.29 0.000  0.274 0.000  1.479 0.000  2.071 0.000  10.015 0.000   5.336 0.000   4.679 0.000 0.112 0.000  0.284 0.000
177.333333 178.333333   58.70 0.000  0.67 0.000 9.999 0.259 0.37 0.000  0.385 0.000  0.847 0.000  1.186 0.000   9.320 0.000   5.130 0.000   4.190 0.000 0.036 0.000  0.314 0.000
180.333333 181.333333   61.20 0.000  1.36 0.000 9.999 0.259 0.34 0.000  0.108 0.000  1.448 0.000  2.027 0.000   9.729 0.000   4.492 0.000   5.238 0.000 0.048 0.000  0.443 0.000
183.333333 184.333333   83.57 0.000  1.65 0.000 9.999 0.259 0.52 0.000  0.318 0.000  1.815 0.000  2.541 0.000  18.384 0.000  10.505 0.000   7.880 0.000 0.105 0.000  0.646 0.000
186.333333 187.333333   60.97 0.000  5.87 0.000 9.999 0.259 0.89 0.000  1.947 0.000  1.577 0.000  2.207 0.000  29.909 0.000  13.201 0.000  16.708 0.000 0.368 0.000  1.075 0.000
189.333333 190.333333   51.65 0.000  1.29 0.000 9.999 0.259 0.59 0.000  0.292 0.000  2.101 0.000  2.942 0.000  14.106 0.000   6.455 0.000   7.651 0.000 0.053 0.000  0.675 0.000
192.333333 193.333333   37.36 0.000  1.14 0.000 9.999 0.259 9.99 0.259  0.152 0.000  1.371 0.000  1.920 0.000   7.885 0.000   4.605 0.000   3.280 0.000 0.035 0.000  0.169 0.000
195.333333 196.333333   34.62 0.000  1.05 0.000 9.999 0.259 0.23 0.000  0.462 0.000  1.338 0.000  1.873 0.000  12.390 0.000   7.005 0.000   5.385 0.000 0.032 0.000  0.410 0.000
198.333333 199.333333   71.56 0.000  1.26 0.000 9.999 0.259 0.50 0.000  0.814 0.000  1.578 0.000  2.209 0.000  17.690 0.000  10.419 0.000   7.271 0.000 0.051 0.000  0.347 0.000
201.333333 202.333333   31.80 0.000  1.13 0.000 9.999 0.259 0.25 0.000  0.350 0.000  1.117 0.000  1.564 0.000   8.809 0.000   5.013 0.000   3.796 0.000 0.020 0.000  0.215 0.000
204.333333 205.333333   64.60 0.000  1.54 0.000 9.999 0.259 0.35 0.000  0.571 0.000  1.832 0.000  2.565 0.000  16.602 0.000   9.277 0.000   7.325 0.000 0.042 0.000  0.490 0.000
207.333333 208.333333  101.79 0.000  1.98 0.000 9.999 0.259 0.69 0.000  0.822 0.000  2.793 0.000  3.910 0.000  23.524 0.000  12.531 0.000  10.993 0.000 0.084 0.000  0.805 0.000
210.333333 211.333333   58.44 0.000  0.71 0.000 9.999 0.259 0.72 0.000  0.484 0.000  1.217 0.000  1.703 0.000  12.725 0.000   7.052 0.000   5.674 0.000 0.044 0.000  0.424 0.000
213.333333 214.333333   99.90 0.000  1.78 0.000 9.999 0.259 0.72 0.000  0.629 0.000  2.474 0.000  3.464 0.000  22.807 0.000  12.139 0.000  10.668 0.000 0.089 0.000  0.850 0.000
216.333333 217.333333   71.42 0.000  0.97 0.000 9.999 0.259 0.54 0.000  0.350 0.000  2.210 0.000  3.095 0.000  22.033 0.000  14.646 0.000   7.388 0.000 0.043 0.000  0.497 0.000
219.333333 220.333333   92.14 0.000  1.22 0.000 9.999 0.259 0.84 0.000  0.211 0.000  2.101 0.000  2.941 0.000  21.924 0.000  11.701 0.000  10.223 0.000 0.052 0.000  0.948 0.000
222.333333 223.333333  208.58 0.000  1.68 0.000 9.999 0.259 0.33 0.000  0.193 0.000  1.695 0.000  2.373 0.000  42.434 0.000  33.145 0.000   9.289 0.000 0.097 0.000  0.629 0.000
225.333333 226.333333   78.14 0.000  1.45 0.000 9.999 0.259 0.53 0.000  0.189 0.000  1.923 0.000  2.692 0.000  18.775 0.000  10.048 0.000   8.727 0.000 0.060 0.000  0.798 0.000
228.333333 229.333333  181.95 0.000  1.48 0.000 9.999 0.259 0.52 0.000  0.161 0.000  2.548 0.000  3.567 0.000  38.031 0.000  25.974 0.000  12.057 0.000 0.153 0.000  0.763 0.000
231.333333 232.333333   40.81 0.000  0.69 0.000 9.999 0.259 0.37 0.000  0.203 0.000  1.321 0.000  1.849 0.000  11.635 0.000   6.515 0.000   5.120 0.000 0.056 0.000  0.376 0.000
234.333333 235.333333   62.80 0.000  1.77 0.000 9.999 0.259 0.49 0.000  0.536 0.000  2.465 0.000  3.451 0.000  15.452 0.000   8.359 0.000   7.093 0.000 0.043 0.000  0.443 0.000
237.333333 238.333333   48.17 0.000  1.87 0.000 9.999 0.259 0.43 0.000  0.133 0.000  2.074 0.000  2.904 0.000  14.328 0.000   5.833 0.000   8.494 0.000 0.046 0.000  0.831 0.000
240.333333 241.333333   86.63 0.000  1.32 0.000 9.999 0.259 0.67 0.000  0.881 0.000  1.885 0.000  2.639 0.000  18.531 0.000   9.072 0.000   9.459 0.000 0.047 0.000  0.670 0.000
243.333333 244.333333   57.88 0.000  1.65 0.000 9.999 0.259 0.36 0.000  0.478 0.000  1.567 0.000  2.194 0.000  16.543 0.000   9.950 0.000   6.593 0.000 0.028 0.000  0.496 0.000
246.333333 247.333333   52.93 0.000  1.70 0.000 9.999 0.259 0.31 0.000  0.168 0.000  1.798 0.000  2.517 0.000 999.999 0.456 999.999 0.999   6.282 0.000 0.030 0.000  0.389 0.000
249.333333 250.333333   75.62 0.000  1.68 0.000 9.999 0.259 0.35 0.000 99.999 0.456  1.659 0.000  2.322 0.000 999.999 0.456 999.999 0.999   8.478 0.000 0.039 0.000 99.999 0.456
252.333333 253.333333   48.87 0.000  1.16 0.000 9.999 0.259 0.41 0.000  0.450 0.000  1.370 0.000  1.917 0.000 999.999 0.456 999.999 0.999   6.342 0.000 0.044 0.000  0.779 0.000
255.333333 256.333333   50.70 0.000  1.39 0.000 9.999 0.259 0.23 0.000  0.722 0.000 99.999 0.999 99.999 0.999 999.999 0.456 999.999 0.999   6.385 0.000 9.999 0.259  0.210 0.000
258.333333 259.333333   33.58 0.000  0.74 0.000 0.085 0.000 0.16 0.000  0.349 0.000 99.999 0.999 99.999 0.999 999.999 0.456 999.999 0.999   4.061 0.000 0.016 0.000  0.344 0.000
261.333333 262.333333   30.68 0.000  0.46 0.000 9.999 0.259 9.99 0.259  0.232 0.000  0.640 0.000  0.896 0.000   6.402 0.000   3.724 0.000   2.678 0.000 9.999 0.259  0.209 0.000
264.333333 265.333333   81.15 0.000  1.10 0.000 9.999 0.259 9.99 0.259  0.425 0.000  1.698 0.000  2.377 0.000  19.920 0.000  15.006 0.000   4.914 0.000 0.027 0.000  0.287 0.000
267.333333 268.333333   94.84 0.000  1.38 0.000 9.999 0.259 9.99 0.259  0.097 0.000  0.950 0.000  1.330 0.000  16.325 0.000  11.219 0.000   5.106 0.000 9.999 0.259  0.336 0.000
