scripts/IMPROVE-2019_partial/data/US9015R.20170101060000.20191216000000.filterpack...52w.3d.US03L_filterpack_US9015.US03L_IMPROVE_Davis.lev2.nas
51 1001
MISSING INFORMATION
US03L, IMPROVE, , , , , , , 
MISSING INFORMATION
IMPROVE sel_HTAP
1 1
2017 01 01 2019 12 16
3.00
days from file reference point
4
1 1 1 1
999.99 999.999 999.999 9.999
end_time of measurement, days from the file reference point
pm10_mass, ug/m3, Matrix=pm10
pm25_mass, ug/m3, Matrix=pm25
numflag, no unit
0
33
Data definition:              EBAS_1.1
Set type code:                TU
Timezone:                     UTC
File name:                    US9015R.20170101060000.20191216000000.filterpack...52w.3d.US03L_filterpack_US9015.US03L_IMPROVE_Davis.lev2.nas
File creation:                20191218120613
Startdate:                    20170101060000
Revision date:                20191216000000
Version:                      2
Version description:          "Data extracted from http://views.cira.colostate.edu/fed/DataWizard 2019-12-16"
Statistics:                   arithmetic mean
Data level:                   2
Period code:                  52w
Resolution code:              3d
Sample duration:              1d
Orig. time res.:              3d
Station code:                 US9015R
Platform code:                US9015S
Station name:                 Nebraska NF
Station latitude:             41.8888
Station longitude:            -100.3387
Station altitude:             883.0 m
Regime:                       IMG
Component:                    
Unit:                         ug/m3
Matrix:                       
Laboratory code:              US03L
Instrument type:              filterpack
Instrument name:              filterpack_US9015
Method ref:                   US03L_IMPROVE_Davis
Blank correction:             Blank corrected
Volume std. temperature:      ambient
Volume std. pressure:         ambient
starttime endtime PM10 PM2.5 flag
  0.25   1.25   4.405   1.779 0.000
  3.25   4.25   5.397   1.602 0.000
  6.25   7.25   4.981   3.262 0.000
  9.25  10.25   4.805   2.901 0.000
 12.25  13.25  11.027   7.007 0.000
 15.25  16.25   7.041   5.252 0.000
 18.25  19.25   5.407   4.486 0.000
 21.25  22.25   1.667   1.019 0.000
 24.25  25.25   3.199   1.740 0.000
 27.25  28.25 999.999 999.999 0.999
 30.25  31.25 999.999 999.999 0.999
 33.25  34.25   6.017   4.242 0.000
 36.25  37.25   5.506   3.108 0.000
 39.25  40.25   9.363   4.027 0.000
 42.25  43.25   1.758   0.820 0.000
 45.25  46.25   3.863   1.068 0.000
 48.25  49.25   5.073   1.040 0.000
 51.25  52.25   7.073   1.440 0.000
 54.25  55.25   2.649   1.904 0.000
 57.25  58.25  10.027   5.894 0.000
 60.25  61.25   2.573   1.225 0.000
 63.25  64.25  10.739   3.563 0.000
 66.25  67.25 999.999 999.999 0.999
 69.25  70.25  18.533   4.669 0.000
 72.25  73.25  16.688   7.592 0.000
 75.25  76.25  19.089   1.508 0.000
 78.25  79.25  10.987   1.971 0.000
 81.25  82.25  21.660  12.838 0.000
 84.25  85.25   2.962   2.375 0.000
 87.25  88.25   5.123   3.927 0.000
 90.25  91.25   4.948   2.499 0.000
 93.25  94.25   4.326   1.794 0.000
 96.25  97.25  14.441   5.398 0.000
 99.25 100.25   3.305   1.010 0.000
102.25 103.25  16.464  11.683 0.000
105.25 106.25   4.666   1.772 0.000
108.25 109.25 999.999 999.999 0.999
111.25 112.25   4.106   2.234 0.000
114.25 115.25   1.610   0.909 0.000
117.25 118.25   4.066   2.128 0.000
120.25 121.25   4.047   1.456 0.000
123.25 124.25   5.196   2.107 0.000
126.25 127.25  16.814   4.724 0.000
129.25 130.25   6.352   2.712 0.000
132.25 133.25  15.219   4.062 0.000
135.25 136.25   8.279   2.544 0.000
138.25 139.25   1.319   0.786 0.000
141.25 142.25   5.761   2.889 0.000
144.25 145.25   6.640   2.510 0.000
147.25 148.25   5.317   2.395 0.000
150.25 151.25  10.439   2.951 0.000
153.25 154.25   6.449   2.716 0.000
156.25 157.25  10.021   4.667 0.000
159.25 160.25  19.722   7.045 0.000
162.25 163.25  23.017   9.440 0.000
165.25 166.25   9.146   2.337 0.000
168.25 169.25   4.194   1.697 0.000
171.25 172.25  14.412   5.239 0.000
174.25 175.25   6.216   2.192 0.000
177.25 178.25  16.286   6.400 0.000
180.25 181.25   5.667   2.513 0.000
183.25 184.25   7.187   2.904 0.000
186.25 187.25  14.587   5.638 0.000
189.25 190.25  11.352   4.903 0.000
192.25 193.25  16.453   7.698 0.000
195.25 196.25  11.384   4.396 0.000
198.25 199.25  12.057   5.552 0.000
201.25 202.25  17.479   8.118 0.000
204.25 205.25  20.185   8.795 0.000
207.25 208.25  11.223   4.174 0.000
210.25 211.25  11.313   5.446 0.000
213.25 214.25  10.473   5.257 0.000
216.25 217.25  11.528   4.921 0.000
219.25 220.25  13.280   9.028 0.000
222.25 223.25   6.301   3.013 0.000
225.25 226.25  13.749   9.395 0.000
228.25 229.25  10.921   7.070 0.000
231.25 232.25   9.831   3.955 0.000
234.25 235.25  20.353   7.572 0.000
237.25 238.25  14.230   9.617 0.000
240.25 241.25  17.426   7.637 0.000
243.25 244.25  16.835   7.713 0.000
246.25 247.25  34.380  22.376 0.000
249.25 250.25  21.235   5.466 0.000
252.25 253.25  21.738   7.470 0.000
255.25 256.25 999.999 999.999 0.999
258.25 259.25   1.880   1.168 0.000
261.25 262.25  14.135   6.486 0.000
264.25 265.25  18.824   5.814 0.000
267.25 268.25   0.944   0.478 0.000
270.25 271.25   4.245   2.574 0.000
273.25 274.25   4.231   2.904 0.000
276.25 277.25   3.464   1.341 0.000
279.25 280.25   4.684   2.271 0.000
282.25 283.25   2.070   1.012 0.000
285.25 286.25  11.584   5.132 0.000
288.25 289.25   4.076   1.379 0.000
291.25 292.25  30.487   6.652 0.000
294.25 295.25   5.028   0.811 0.000
297.25 298.25   6.088   1.659 0.000
300.25 301.25   2.497   0.906 0.000
303.25 304.25   4.368   1.606 0.000
306.25 307.25  18.688   9.004 0.000
309.25 310.25  10.473   3.942 0.000
312.25 313.25   7.871   4.481 0.000
315.25 316.25   8.228   3.306 0.000
318.25 319.25   1.705   0.482 0.000
321.25 322.25   1.377   0.819 0.000
324.25 325.25   3.753   1.794 0.000
327.25 328.25   4.275   0.759 0.000
330.25 331.25   6.333   1.609 0.000
333.25 334.25   5.381   1.142 0.000
336.25 337.25  16.576   5.251 0.000
339.25 340.25   2.246   1.094 0.000
342.25 343.25   2.379   1.117 0.000
345.25 346.25   4.655   2.819 0.000
348.25 349.25   4.799   1.918 0.000
351.25 352.25   5.782   1.305 0.000
354.25 355.25 999.999 999.999 0.999
357.25 358.25   2.776   1.521 0.000
360.25 361.25   6.196   3.904 0.000
363.25 364.25   6.209   5.389 0.000
