scripts/IMPROVE-2019_partial/data/US9069R.20030103070000.20191216000000.filterpack..pm25.1y.1w.US03L_filterpack_US9069.US03L_IMPROVE_Davis.lev2.nas
66 1001
MISSING INFORMATION
US03L, IMPROVE, , , , , , , 
MISSING INFORMATION
IMPROVE sel_HTAP
1 1
2003 01 01 2019 12 16
3.000000
days from file reference point
27
1 1 1 1 1 1 1 1 1 1 1 1 1 1 1 1 1 1 1 1 1 1 1 1 1 1 1
999.999999 9999.99 9.999 99.99 9.999999 9.999 9.999999 9.99 9.999999 9.999 9.999 99.999 9.999 99.999 9.999 999.99 9.999999 999.999 9.999 999.999 9.999 999.999 9.999 9.999 9.999 9.999 9.999
end_time of measurement, days from the file reference point
iron, ng/m3, Revision date=20181210133000
numflag iron, no unit, Revision date=20181210133000
lead, ng/m3, Revision date=20181210133000
numflag lead, no unit, Revision date=20181210133000
magnesium, ug/m3, Revision date=20181210133000
numflag magnesium, no unit, Revision date=20181210133000
nickel, ng/m3, Revision date=20181210133000
numflag nickel, no unit, Revision date=20181210133000
nitrate, ug N/m3, Revision date=20181210133000
numflag nitrate, no unit, Revision date=20181210133000
organic_carbon, ug C/m3, Revision date=20181210133000
numflag organic_carbon, no unit, Revision date=20181210133000
organic_mass, ug/m3, Revision date=20181210133000
numflag organic_mass, no unit, Revision date=20181210133000
phosphorus, ng/m3, Revision date=20181210133000
numflag phosphorus, no unit, Revision date=20181210133000
pm10_mass, ug/m3, Version=2, Version description=Data extracted from http://views.cira.colostate.edu/fed/DataWizard 2019-12-16, Sample duration=1d, Orig. time res.=3d, Matrix=pm10, Blank correction=Blank corrected, Volume std. temperature=ambient, Volume std. pressure=ambient
numflag pm10_mass, no unit, Version=2, Version description=Data extracted from http://views.cira.colostate.edu/fed/DataWizard 2019-12-16, Sample duration=1d, Orig. time res.=3d, Matrix=pm10, Blank correction=Blank corrected, Volume std. temperature=ambient, Volume std. pressure=ambient
pm10_pm25_mass, ug/m3, Revision date=20181210133000, Matrix=pm10_pm25
numflag pm10_pm25_mass, no unit, Revision date=20181210133000, Matrix=pm10_pm25
pm25_mass, ug/m3, Version=2, Version description=Data extracted from http://views.cira.colostate.edu/fed/DataWizard 2019-12-16, Sample duration=1d, Orig. time res.=3d, Blank correction=Blank corrected, Volume std. temperature=ambient, Volume std. pressure=ambient
numflag pm25_mass, no unit, Version=2, Version description=Data extracted from http://views.cira.colostate.edu/fed/DataWizard 2019-12-16, Sample duration=1d, Orig. time res.=3d, Blank correction=Blank corrected, Volume std. temperature=ambient, Volume std. pressure=ambient
potassium, ug/m3, Revision date=20181210133000
numflag potassium, no unit, Revision date=20181210133000
sulphate_total, ug S/m3, Revision date=20181210133000
numflag sulphate_total, no unit, Revision date=20181210133000
0
25
Data definition:              EBAS_1.1
Set type code:                TU
Timezone:                     UTC
File name:                    US9069R.20030103070000.20191216000000.filterpack..pm25.1y.1w.US03L_filterpack_US9069.US03L_IMPROVE_Davis.lev2.nas
File creation:                20191218121015
Startdate:                    20030103070000
Revision date:                20191216000000
Statistics:                   arithmetic mean
Data level:                   2
Period code:                  1y
Resolution code:              1w
Station code:                 US9069R
Platform code:                US9069S
Station name:                 White Mountain
Station latitude:             33.4687
Station longitude:            -105.5349
Station altitude:             2063.0 m
Regime:                       IMG
Component:                    
Matrix:                       pm25
Laboratory code:              US03L
Instrument type:              filterpack
Instrument name:              filterpack_US9069
Method ref:                   US03L_IMPROVE_Davis
starttime endtime Fe flag_Fe Pb flag_Pb Mg++ flag_Mg++ Ni flag_Ni NO3- flag_NO3- OC flag_OC OM flag_OM P flag_P PM10 flag_PM10 PM10-PM2.5 flag_PM10-PM2.5 PM2.5 flag_PM2.5 K+ flag_K+ SO4-- flag_SO4--
[from data line 81]
245.291667 246.291667   17.14 0.000  0.30 0.000000 9.999 0.259000 9.99 0.259000 0.020 0.000  1.045 0.000  1.462 0.000 999.99 0.259000   8.211 0.000   3.459 0.000   4.752 0.000 0.021 0.000 0.467 0.000
248.291667 249.291667   13.65 0.000  0.28 0.000000 9.999 0.259000 0.07 0.000000 0.017 0.000  0.785 0.000  1.098 0.000 999.99 0.259000   4.494 0.000   1.848 0.000   2.646 0.000 0.015 0.000 0.228 0.000
251.291667 252.291667   21.33 0.000  0.59 0.000000 9.999 0.259000 0.09 0.000000 0.021 0.000  0.544 0.000  0.762 0.000 999.99 0.259000   7.276 0.000   3.700 0.000   3.576 0.000 0.021 0.000 0.403 0.000
254.291667 255.291667   18.88 0.000  0.48 0.000000 9.999 0.259000 0.06 0.000000 0.029 0.000  0.627 0.000  0.878 0.000 999.99 0.259000   5.281 0.000   2.534 0.000   2.747 0.000 0.016 0.000 0.219 0.000
257.291667 258.291667   35.16 0.000  0.33 0.000000 9.999 0.259000 0.04 0.000000 0.059 0.000  0.934 0.000  1.308 0.000 999.99 0.259000  11.269 0.000   6.790 0.000   4.479 0.000 0.032 0.000 0.408 0.000
260.291667 261.291667   68.04 0.000  0.29 0.000000 9.999 0.259000 0.09 0.000000 0.020 0.000  0.516 0.000  0.722 0.000 999.99 0.259000  18.546 0.000  15.058 0.000   3.488 0.000 0.052 0.000 0.186 0.000
263.291667 264.291667   33.26 0.000  0.46 0.000000 9.999 0.259000 0.06 0.000000 0.018 0.000  0.663 0.000  0.929 0.000 999.99 0.259000   8.391 0.699   4.495 0.000   3.896 0.000 0.029 0.000 0.420 0.000
266.291667 267.291667   62.94 0.394  0.34 0.394000 9.999 0.394259 0.07 0.394000 0.022 0.394  0.629 0.000  0.881 0.000 999.99 0.394259  15.098 0.000  11.501 0.000   3.597 0.000 0.050 0.394 0.159 0.394
269.291667 270.291667   53.86 0.000  0.62 0.000000 9.999 0.259000 0.04 0.000000 0.027 0.000  1.098 0.000  1.538 0.000 999.99 0.259000  15.604 0.000  10.520 0.000   5.084 0.000 0.049 0.000 0.360 0.000
272.291667 273.291667   38.09 0.000  0.87 0.000000 9.999 0.259000 0.11 0.000000 0.043 0.000  1.032 0.000  1.444 0.000 999.99 0.259000  12.042 0.699   6.137 0.000   5.905 0.000 0.035 0.000 0.596 0.000
275.291667 276.291667   34.68 0.000  0.39 0.000000 0.024 0.000000 0.06 0.000000 0.016 0.000  0.712 0.000  0.997 0.000 999.99 0.259000   8.515 0.000   4.702 0.000   3.813 0.000 0.031 0.000 0.308 0.000
278.291667 279.291667   20.76 0.000  0.54 0.000000 9.999 0.259000 0.15 0.000000 0.047 0.000  1.138 0.000  1.593 0.000 999.99 0.259000   7.725 0.000   2.563 0.000   5.162 0.000 0.024 0.000 0.628 0.000
281.291667 282.291667    5.40 0.000  0.38 0.000000 9.999 0.259000 0.05 0.000000 0.014 0.000  0.920 0.000  1.288 0.000 999.99 0.259000   3.596 0.699   1.220 0.000   2.376 0.000 0.005 0.000 0.127 0.000
284.291667 285.291667   51.90 0.000  0.34 0.000000 9.999 0.259000 0.05 0.000000 0.053 0.000  1.119 0.000  1.567 0.000 999.99 0.259000  14.881 0.699  10.708 0.000   4.173 0.000 0.038 0.000 0.191 0.000
287.291667 288.291667   46.55 0.000  0.70 0.000000 9.999 0.259000 9.99 0.259000 0.017 0.000  0.602 0.000  0.843 0.000 999.99 0.259000  12.194 0.000   8.443 0.000   3.751 0.000 0.042 0.000 0.211 0.000
290.291667 291.291667   32.37 0.000  0.60 0.000000 0.014 0.000000 9.99 0.259000 0.012 0.000  0.742 0.000  1.039 0.000 999.99 0.259000   6.616 0.000   3.863 0.000   2.753 0.000 0.031 0.000 0.169 0.000
293.291667 294.291667   21.03 0.000  0.47 0.000000 9.999 0.259000 9.99 0.259000 0.010 0.000  0.614 0.000  0.860 0.000 999.99 0.259000   5.855 0.000   3.156 0.000   2.699 0.000 0.030 0.000 0.152 0.000
296.291667 297.291667   67.15 0.000  0.37 0.000000 0.021 0.000000 9.99 0.259000 0.019 0.000  1.135 0.000  1.589 0.000 999.99 0.259000  16.478 0.000  11.277 0.000   5.200 0.000 0.057 0.000 0.210 0.000
299.291667 300.291667   16.78 0.000  0.39 0.000000 0.023 0.000000 9.99 0.259000 0.007 0.000  0.272 0.000  0.381 0.000 999.99 0.259000   4.175 0.000   2.732 0.000   1.443 0.000 0.015 0.000 0.053 0.000
302.291667 303.291667   64.00 0.559  1.07 0.559000 0.066 0.559000 0.07 0.559000 0.160 0.000  4.840 0.000  6.777 0.000  39.24 0.559000  31.415 0.000  17.559 0.000  13.856 0.559 0.238 0.559 0.360 0.000
305.291667 306.291667   39.28 0.000  1.57 0.000000 0.035 0.000000 0.24 0.000000 0.025 0.000  0.943 0.000  1.320 0.000 999.99 0.259000  10.706 0.000   5.208 0.000   5.498 0.000 0.055 0.000 0.428 0.000
308.291667 309.291667   17.26 0.000  0.74 0.000000 9.999 0.259000 0.06 0.000000 0.013 0.000  0.112 0.000  0.157 0.000 999.99 0.259000   5.115 0.000   3.198 0.000   1.917 0.000 0.015 0.000 0.138 0.000
311.291667 312.291667    9.27 0.000  0.27 0.000000 9.999 0.259000 9.99 0.259000 0.028 0.000  0.458 0.000  0.641 0.000  13.21 0.000000   4.200 0.000   1.935 0.000   2.264 0.000 0.011 0.000 0.172 0.000
314.291667 315.291667   11.61 0.000  0.48 0.000000 9.999 0.259000 0.07 0.000000 0.007 0.000  0.297 0.000  0.416 0.000 999.99 0.259000   5.305 0.000   2.650 0.000   2.655 0.000 0.010 0.000 0.295 0.000
317.291667 318.291667    9.02 0.000  0.39 0.000000 9.999 0.259000 9.99 0.259000 0.025 0.000  0.484 0.000  0.678 0.000 999.99 0.259000   2.038 0.000   0.451 0.000   1.586 0.000 0.010 0.000 0.098 0.000
320.291667 321.291667   17.23 0.000  0.53 0.000000 0.033 0.000000 9.99 0.259000 0.034 0.000  0.372 0.000  0.521 0.000 999.99 0.259000   7.152 0.000   5.072 0.000   2.080 0.000 0.013 0.000 0.117 0.000
323.291667 324.291667   10.87 0.000  0.27 0.000000 0.041 0.000000 0.05 0.000000 9.999 0.456  0.274 0.000  0.383 0.000 999.99 0.259000   2.687 0.000   1.644 0.000   1.043 0.000 0.008 0.000 9.999 0.456
326.291667 327.291667    8.57 0.000  0.31 0.000000 9.999 0.259000 0.05 0.000000 9.999 0.456  0.177 0.000  0.248 0.000 999.99 0.259000   2.510 0.000   1.496 0.000   1.014 0.000 0.009 0.000 9.999 0.456
329.291667 330.291667   16.38 0.000  0.48 0.000000 9.999 0.259000 9.99 0.259000 9.999 0.456  0.082 0.000  0.115 0.000 999.99 0.259000   7.901 0.000   6.263 0.000   1.638 0.000 0.012 0.000 9.999 0.456
332.291667 333.291667   11.12 0.000  0.42 0.000000 0.021 0.000000 9.99 0.259000 9.999 0.456  0.164 0.000  0.230 0.000 999.99 0.259000   2.828 0.000   1.595 0.000   1.233 0.000 0.009 0.000 9.999 0.456
335.291667 336.291667   24.05 0.000  0.53 0.000000 0.030 0.000000 9.99 0.259000 9.999 0.456  0.381 0.000  0.534 0.000 999.99 0.259000   6.577 0.000   4.292 0.000   2.285 0.000 0.022 0.000 9.999 0.456
338.291667 339.291667   40.33 0.000  0.32 0.000000 0.073 0.000000 9.99 0.259000 0.168 0.000  0.567 0.000  0.793 0.000 999.99 0.259000  19.244 0.000  15.637 0.000   3.606 0.000 0.032 0.000 0.189 0.000
341.291667 342.291667   26.02 0.000  0.94 0.000000 0.026 0.000000 0.26 0.000000 0.029 0.000  0.454 0.000  0.635 0.000 999.99 0.259000  14.804 0.000  10.922 0.000   3.882 0.000 0.038 0.000 0.426 0.000
344.291667 345.291667   26.38 0.000  2.44 0.000000 0.037 0.000000 0.13 0.000000 0.027 0.000  0.533 0.000  0.746 0.000 999.99 0.259000   5.572 0.000   2.540 0.000   3.033 0.000 0.039 0.000 0.221 0.000
347.291667 348.291667    3.83 0.000  0.31 0.000000 0.054 0.000000 0.09 0.000000 0.004 0.000  0.118 0.000  0.165 0.000 999.99 0.259000   1.372 0.000   0.302 0.000   1.071 0.000 0.004 0.000 0.021 0.000
350.291667 351.291667    7.33 0.000  0.27 0.000000 0.038 0.000000 0.05 0.000000 0.006 0.000  0.070 0.000  0.098 0.000 999.99 0.259000   1.913 0.000   1.279 0.000   0.634 0.000 0.006 0.000 0.027 0.000
353.291667 354.291667   34.66 0.000  0.47 0.000000 9.999 0.259000 9.99 0.259000 0.012 0.000  0.388 0.000  0.543 0.000 999.99 0.259000   5.489 0.000   3.609 0.000   1.880 0.000 0.029 0.000 0.051 0.000
356.291667 357.291667    6.84 0.000  0.22 0.000000 0.042 0.000000 0.07 0.000000 0.012 0.000  0.588 0.000  0.823 0.000 999.99 0.259000   3.867 0.000   2.359 0.000   1.507 0.000 0.007 0.000 0.137 0.000
359.291667 360.291667  174.48 0.000  0.46 0.000000 9.999 0.259000 9.99 0.259000 0.016 0.000  0.433 0.000  0.606 0.000 999.99 0.259000  38.323 0.000  30.969 0.000   7.355 0.000 0.132 0.000 0.323 0.000
362.291667 363.291667    8.49 0.000  0.17 0.000000 9.999 0.259000 9.99 0.259000 0.006 0.000  0.409 0.000  0.573 0.000 999.99 0.259000   2.976 0.000   2.043 0.000   0.934 0.000 0.009 0.000 0.040 0.000
