scripts/IMPROVE-2019_partial/data/US9011R.20120101060000.20191216000000.filterpack...52w.3d.US03L_filterpack_US9011.US03L_IMPROVE_Davis.lev2.nas
52 1001
MISSING INFORMATION
US03L, IMPROVE, , , , , , , 
MISSING INFORMATION
IMPROVE sel_HTAP
1 1
2012 01 01 2019 12 16
3.00
days from file reference point
5
1 1 1 1 1
999.99 999.999 9.999 999.999 9.999
end_time of measurement, days from the file reference point
pm10_mass, ug/m3, Matrix=pm10
numflag pm10_mass, no unit, Matrix=pm10
pm25_mass, ug/m3, Matrix=pm25
numflag pm25_mass, no unit, Matrix=pm25
0
33
Data definition:              EBAS_1.1
Set type code:                TU
Timezone:                     UTC
File name:                    US9011R.20120101060000.20191216000000.filterpack...52w.3d.US03L_filterpack_US9011.US03L_IMPROVE_Davis.lev2.nas
File creation:                20191218120554
Startdate:                    20120101060000
Revision date:                20191216000000
Version:                      2
Version description:          "Data extracted from http://views.cira.colostate.edu/fed/DataWizard 2019-12-16"
Statistics:                   arithmetic mean
Data level:                   2
Period code:                  52w
Resolution code:              3d
Sample duration:              1d
Orig. time res.:              3d
Station code:                 US9011R
Platform code:                US9011S
Station name:                 Mingo
Station latitude:             36.9717
Station longitude:            -90.1432
Station altitude:             111.0 m
Regime:                       IMG
Component:                    
Unit:                         ug/m3
Matrix:                       
Laboratory code:              US03L
Instrument type:              filterpack
Instrument name:              filterpack_US9011
Method ref:                   US03L_IMPROVE_Davis
Blank correction:             Blank corrected
Volume std. temperature:      ambient
Volume std. pressure:         ambient
starttime endtime PM10 flag_PM10 PM2.5 flag_PM2.5
  0.25   1.25  13.105 0.000   3.046 0.000
  3.25   4.25  49.062 0.000  10.159 0.000
  6.25   7.25  10.095 0.000   4.301 0.000
  9.25  10.25  14.405 0.000   9.764 0.000
 12.25  13.25   7.169 0.000   2.691 0.000
 15.25  16.25  11.185 0.000   6.500 0.000
 18.25  19.25   9.035 0.000   5.069 0.000
 21.25  22.25 999.999 0.456   9.629 0.000
 24.25  25.25   9.349 0.000   7.274 0.000
 27.25  28.25   8.012 0.000   5.428 0.000
 30.25  31.25  12.382 0.000   6.552 0.000
 33.25  34.25   7.939 0.000   5.601 0.000
 36.25  37.25  10.708 0.000   8.009 0.000
 39.25  40.25   9.712 0.000   6.842 0.000
 42.25  43.25   7.105 0.000   3.038 0.000
 45.25  46.25  10.222 0.000   9.140 0.000
 48.25  49.25  13.267 0.000  10.937 0.000
 51.25  52.25   8.819 0.000   4.684 0.000
 54.25  55.25  14.214 0.000   3.384 0.000
 57.25  58.25  16.808 0.000   6.847 0.000
 60.25  61.25  15.921 0.000   5.307 0.000
 63.25  64.25  21.335 0.000   5.984 0.000
 66.25  67.25  37.147 0.000  10.247 0.000
 69.25  70.25  11.563 0.000   4.392 0.000
 72.25  73.25  17.835 0.000 999.999 0.456
 75.25  76.25   6.288 0.000   3.231 0.000
 78.25  79.25  16.032 0.000   7.992 0.000
 81.25  82.25   8.680 0.000   2.662 0.000
 84.25  85.25  11.216 0.000   7.766 0.000
 87.25  88.25  45.012 0.000  15.485 0.000
 90.25  91.25  63.119 0.000  18.121 0.000
 93.25  94.25  21.801 0.000   6.640 0.000
 96.25  97.25  13.549 0.659   4.635 0.000
 99.25 100.25  26.797 0.659   6.567 0.000
102.25 103.25  26.039 0.659   6.393 0.000
105.25 106.25 999.999 0.999 999.999 0.999
108.25 109.25  19.138 0.659   7.555 0.000
111.25 112.25 999.999 0.999 999.999 0.999
114.25 115.25  16.873 0.659   5.206 0.000
117.25 118.25 999.999 0.999 999.999 0.999
120.25 121.25 999.999 0.999 999.999 0.999
123.25 124.25  15.716 0.659   5.534 0.000
126.25 127.25  35.335 0.659  13.751 0.000
129.25 130.25   9.059 0.659   3.699 0.000
132.25 133.25  18.662 0.659   9.606 0.000
135.25 136.25  26.894 0.659  10.989 0.000
138.25 139.25  34.573 0.659  12.988 0.000
141.25 142.25  15.292 0.659   7.345 0.000
144.25 145.25  51.249 0.659  13.783 0.000
147.25 148.25  36.126 0.659  15.824 0.000
150.25 151.25  20.418 0.659   9.068 0.000
153.25 154.25  17.460 0.659   5.576 0.000
156.25 157.25  12.177 0.659   5.476 0.000
159.25 160.25  20.870 0.659   9.971 0.000
162.25 163.25   9.882 0.659   4.798 0.000
165.25 166.25  24.471 0.000  10.499 0.000
168.25 169.25  13.966 0.000   8.179 0.000
171.25 172.25  22.961 0.000  10.057 0.000
174.25 175.25  16.164 0.000   6.705 0.000
177.25 178.25  17.944 0.000   6.176 0.000
180.25 181.25  34.392 0.000  18.488 0.000
183.25 184.25  21.188 0.000  11.416 0.000
186.25 187.25  30.971 0.000  15.130 0.000
189.25 190.25  19.142 0.000  12.481 0.000
192.25 193.25  17.162 0.000  10.075 0.000
195.25 196.25   8.139 0.000   4.171 0.000
198.25 199.25  20.211 0.000   9.220 0.000
201.25 202.25  15.430 0.000   8.858 0.000
204.25 205.25  21.213 0.000   9.889 0.000
207.25 208.25  17.984 0.000   7.768 0.000
210.25 211.25  12.395 0.000   7.989 0.000
213.25 214.25 999.999 0.999 999.999 0.999
216.25 217.25  25.158 0.000  13.402 0.000
219.25 220.25  21.851 0.000   8.409 0.000
222.25 223.25  13.793 0.000   7.031 0.000
225.25 226.25  15.582 0.000   8.824 0.000
228.25 229.25  21.500 0.000  10.377 0.000
231.25 232.25   9.728 0.000   5.014 0.000
234.25 235.25 999.999 0.999 999.999 0.999
237.25 238.25  18.977 0.000   9.100 0.000
240.25 241.25  17.436 0.000   6.833 0.000
243.25 244.25  13.514 0.000   5.674 0.000
246.25 247.25  16.288 0.000   7.763 0.000
249.25 250.25  16.096 0.000   5.967 0.000
252.25 253.25   9.898 0.000   3.049 0.000
255.25 256.25  25.480 0.000  10.872 0.000
258.25 259.25  23.527 0.000   7.162 0.000
261.25 262.25   7.885 0.000   3.306 0.000
264.25 265.25  17.354 0.000   9.959 0.000
267.25 268.25  18.646 0.000   8.285 0.000
270.25 271.25   9.477 0.000   4.655 0.000
273.25 274.25  17.227 0.000   9.703 0.000
276.25 277.25  25.063 0.000   8.624 0.000
279.25 280.25  10.264 0.000   2.954 0.000
282.25 283.25  15.387 0.000   6.396 0.000
285.25 286.25  13.925 0.000   8.847 0.000
288.25 289.25  15.591 0.000   7.028 0.000
291.25 292.25  13.164 0.000   2.704 0.000
294.25 295.25  19.021 0.000   6.900 0.000
297.25 298.25  28.493 0.000  11.412 0.000
300.25 301.25   5.638 0.000   3.133 0.000
303.25 304.25   7.857 0.000   3.744 0.000
306.25 307.25  35.150 0.000  11.535 0.000
309.25 310.25  19.299 0.000  10.603 0.000
312.25 313.25  14.471 0.000   7.644 0.000
315.25 316.25  14.568 0.000   5.606 0.000
318.25 319.25  10.213 0.000   5.203 0.000
321.25 322.25  45.799 0.000  12.705 0.000
324.25 325.25  54.282 0.000  16.573 0.000
327.25 328.25   8.539 0.000   4.060 0.000
330.25 331.25  12.136 0.000   7.568 0.000
333.25 334.25  10.572 0.000   5.880 0.000
336.25 337.25  12.942 0.000   8.812 0.000
339.25 340.25   8.497 0.000   3.275 0.000
342.25 343.25  16.052 0.000  11.460 0.000
345.25 346.25  10.653 0.000   6.257 0.000
348.25 349.25  12.192 0.000   6.957 0.000
351.25 352.25   9.580 0.000   6.384 0.000
354.25 355.25  10.948 0.000   4.319 0.000
357.25 358.25  12.067 0.000   7.889 0.000
360.25 361.25 999.999 0.999 999.999 0.999
363.25 364.25  19.011 0.000  16.377 0.000
