scripts/IMPROVE-2019_partial/data/US9065R.20120101050000.20191216000000.filterpack...52w.3d.US03L_filterpack_US9065.US03L_IMPROVE_Davis.lev2.nas
52 1001
MISSING INFORMATION
US03L, IMPROVE, , , , , , , 
MISSING INFORMATION
IMPROVE sel_HTAP
1 1
2012 01 01 2019 12 16
3.000000
days from file reference point
5
1 1 1 1 1
999.999999 999.999 9.999 999.999 9.999
end_time of measurement, days from the file reference point
pm10_mass, ug/m3, Matrix=pm10
numflag pm10_mass, no unit, Matrix=pm10
pm25_mass, ug/m3, Matrix=pm25
numflag pm25_mass, no unit, Matrix=pm25
0
33
Data definition:              EBAS_1.1
Set type code:                TU
Timezone:                     UTC
File name:                    US9065R.20120101050000.20191216000000.filterpack...52w.3d.US03L_filterpack_US9065.US03L_IMPROVE_Davis.lev2.nas
File creation:                20191218120956
Startdate:                    20120101050000
Revision date:                20191216000000
Version:                      2
Version description:          "Data extracted from http://views.cira.colostate.edu/fed/DataWizard 2019-12-16"
Statistics:                   arithmetic mean
Data level:                   2
Period code:                  52w
Resolution code:              3d
Sample duration:              1d
Orig. time res.:              3d
Station code:                 US9065R
Platform code:                US9065S
Station name:                 Shining Rock Wilderness
Station latitude:             35.3937
Station longitude:            -82.7744
Station altitude:             1617.0 m
Regime:                       IMG
Component:                    
Unit:                         ug/m3
Matrix:                       
Laboratory code:              US03L
Instrument type:              filterpack
Instrument name:              filterpack_US9065
Method ref:                   US03L_IMPROVE_Davis
Blank correction:             Blank corrected
Volume std. temperature:      ambient
Volume std. pressure:         ambient
starttime endtime PM10 flag_PM10 PM2.5 flag_PM2.5
  0.208333   1.208333   7.006 0.000   3.172 0.000
  3.208333   4.208333   4.939 0.000   1.403 0.000
  6.208333   7.208333   5.358 0.000   3.600 0.000
  9.208333  10.208333 999.999 0.999 999.999 0.999
 12.208333  13.208333 999.999 0.999 999.999 0.999
 15.208333  16.208333 999.999 0.999 999.999 0.999
 18.208333  19.208333 999.999 0.999 999.999 0.999
 21.208333  22.208333 999.999 0.999 999.999 0.999
 24.208333  25.208333   4.164 0.000   2.322 0.000
 27.208333  28.208333   3.262 0.000   2.337 0.000
 30.208333  31.208333   6.644 0.000   3.184 0.000
 33.208333  34.208333   3.229 0.000   1.901 0.000
 36.208333  37.208333   2.318 0.000   1.560 0.000
 39.208333  40.208333 999.999 0.999 999.999 0.999
 42.208333  43.208333 999.999 0.999 999.999 0.999
 45.208333  46.208333   3.154 0.000   2.027 0.000
 48.208333  49.208333   5.778 0.000   4.541 0.000
 51.208333  52.208333   6.988 0.000   4.547 0.000
 54.208333  55.208333   9.603 0.000   5.284 0.000
 57.208333  58.208333   3.492 0.000   2.287 0.000
 60.208333  61.208333  11.839 0.000   4.002 0.000
 63.208333  64.208333   4.679 0.000   2.891 0.000
 66.208333  67.208333 999.999 0.999 999.999 0.999
 69.208333  70.208333 999.999 0.999 999.999 0.999
 72.208333  73.208333 999.999 0.999 999.999 0.999
 75.208333  76.208333   6.225 0.000   3.611 0.000
 78.208333  79.208333  14.399 0.000 999.999 0.999
 81.208333  82.208333   7.981 0.000   4.069 0.000
 84.208333  85.208333   2.701 0.000   1.101 0.000
 87.208333  88.208333  16.891 0.000  12.671 0.000
 90.208333  91.208333   5.911 0.000   3.266 0.000
 93.208333  94.208333  13.926 0.000   8.277 0.000
 96.208333  97.208333   5.612 0.000   2.212 0.000
 99.208333 100.208333  11.666 0.000   5.395 0.000
102.208333 103.208333   5.661 0.000   2.992 0.000
105.208333 106.208333  13.684 0.000   8.189 0.000
108.208333 109.208333   3.739 0.000   0.742 0.000
111.208333 112.208333   8.987 0.000   4.606 0.000
114.208333 115.208333 999.999 0.456   3.498 0.000
117.208333 118.208333  15.895 0.000   9.255 0.000
120.208333 121.208333  16.145 0.000  10.588 0.000
123.208333 124.208333  15.291 0.000   6.370 0.000
126.208333 127.208333   7.000 0.000   4.463 0.000
129.208333 130.208333   9.279 0.000   5.431 0.000
132.208333 133.208333  14.706 0.000   7.246 0.000
135.208333 136.208333  17.844 0.000   2.889 0.000
138.208333 139.208333  22.267 0.000  10.577 0.000
141.208333 142.208333  20.948 0.000   7.570 0.000
144.208333 145.208333  18.179 0.000   8.527 0.000
147.208333 148.208333  20.952 0.000   9.217 0.000
150.208333 151.208333  15.142 0.000   3.906 0.000
153.208333 154.208333   9.195 0.000   3.517 0.000
156.208333 157.208333  17.831 0.000   5.738 0.000
159.208333 160.208333  12.616 0.000   8.532 0.000
162.208333 163.208333   2.450 0.000   0.765 0.000
165.208333 166.208333  11.089 0.000   8.265 0.000
168.208333 169.208333  10.084 0.000   7.120 0.000
171.208333 172.208333  13.456 0.000  10.197 0.000
174.208333 175.208333  13.754 0.000  11.353 0.000
177.208333 178.208333  13.083 0.000   8.761 0.000
180.208333 181.208333  18.034 0.000   9.713 0.000
183.208333 184.208333  12.089 0.000   8.629 0.000
186.208333 187.208333  20.032 0.000  12.877 0.000
189.208333 190.208333  18.320 0.000  15.077 0.000
192.208333 193.208333   2.113 0.000   1.101 0.000
195.208333 196.208333 999.999 0.456 999.999 0.456
198.208333 199.208333 999.999 0.456 999.999 0.456
201.208333 202.208333   4.772 0.000   3.356 0.000
204.208333 205.208333  13.519 0.000   8.117 0.000
207.208333 208.208333 999.999 0.999 999.999 0.999
210.208333 211.208333 999.999 0.999 999.999 0.999
213.208333 214.208333  11.291 0.000   9.338 0.000
216.208333 217.208333   7.501 0.000   6.026 0.000
219.208333 220.208333   4.057 0.000   2.825 0.000
222.208333 223.208333   9.382 0.000   6.754 0.000
225.208333 226.208333   8.701 0.000   6.457 0.000
228.208333 229.208333  10.320 0.000   8.797 0.000
231.208333 232.208333   8.139 0.000   6.389 0.000
234.208333 235.208333  11.463 0.000   9.425 0.000
237.208333 238.208333  11.629 0.000   9.771 0.000
240.208333 241.208333   9.314 0.000   7.313 0.000
243.208333 244.208333   4.173 0.000   2.503 0.000
246.208333 247.208333   5.781 0.000   3.878 0.000
249.208333 250.208333   6.844 0.000   4.808 0.000
252.208333 253.208333   5.028 0.000   3.417 0.000
255.208333 256.208333  10.188 0.000   7.924 0.000
258.208333 259.208333  11.489 0.000   8.631 0.000
261.208333 262.208333 999.999 0.456   0.281 0.000
264.208333 265.208333 999.999 0.456   9.092 0.000
267.208333 268.208333 999.999 0.456   2.683 0.000
270.208333 271.208333  11.086 0.000   7.498 0.000
273.208333 274.208333   7.090 0.000   5.074 0.000
276.208333 277.208333   2.688 0.000   1.587 0.000
279.208333 280.208333  11.176 0.000   7.701 0.000
282.208333 283.208333   3.475 0.000   2.606 0.000
285.208333 286.208333   6.286 0.000   4.530 0.000
288.208333 289.208333   5.328 0.000   3.186 0.000
291.208333 292.208333   4.740 0.000   3.131 0.000
294.208333 295.208333   5.798 0.000   2.338 0.000
297.208333 298.208333   8.091 0.000   4.981 0.000
300.208333 301.208333   7.149 0.000   4.673 0.000
303.208333 304.208333 999.999 0.999 999.999 0.999
306.208333 307.208333  10.433 0.000   5.016 0.000
309.208333 310.208333   4.011 0.000   2.259 0.000
312.208333 313.208333   4.594 0.000   3.622 0.000
315.208333 316.208333   6.343 0.000   5.189 0.000
318.208333 319.208333   3.422 0.000   2.520 0.000
321.208333 322.208333   3.781 0.000   2.740 0.000
324.208333 325.208333   4.834 0.000   3.457 0.000
327.208333 328.208333   4.030 0.000   3.282 0.000
330.208333 331.208333   6.819 0.000   3.074 0.000
333.208333 334.208333   4.603 0.000   3.426 0.000
336.208333 337.208333   6.537 0.000   4.058 0.000
339.208333 340.208333   2.102 0.000   1.578 0.000
342.208333 343.208333   2.754 0.000   2.089 0.000
345.208333 346.208333   2.250 0.000   1.308 0.000
348.208333 349.208333   1.907 0.000   1.615 0.000
351.208333 352.208333   2.038 0.000   0.970 0.000
354.208333 355.208333   6.065 0.000   3.516 0.000
357.208333 358.208333   2.740 0.000   1.476 0.000
360.208333 361.208333   0.168 0.000   0.095 0.000
363.208333 364.208333   0.965 0.000   0.703 0.000
