scripts/IMPROVE-2019_partial/data/US9048R.20040101070000.20191216000000.filterpack..pm25.52w.1w.US03L_filterpack_US9048.US03L_IMPROVE_Davis.lev2.nas
64 1001
MISSING INFORMATION
US03L, IMPROVE, , , , , , , 
MISSING INFORMATION
IMPROVE sel_HTAP
1 1
2004 01 01 2019 12 16
3.000000
days from file reference point
25
1 1 1 1 1 1 1 1 1 1 1 1 1 1 1 1 1 1 1 1 1 1 1 1 1
999.999999 9999.99 9.999 99.99 9.999999 9.999 9.999999 9.99 9.999999 9.999 9.999 99.999 9.999 99.999 9.999 99.999 9.999 99.999 9.999 99.999 9.999 9.999 9.999 9.999 9.999
end_time of measurement, days from the file reference point
iron, ng/m3, Revision date=20181210133000
numflag iron, no unit, Revision date=20181210133000
lead, ng/m3, Revision date=20181210133000
numflag lead, no unit, Revision date=20181210133000
magnesium, ug/m3, Revision date=20181210133000
numflag magnesium, no unit, Revision date=20181210133000
nickel, ng/m3, Revision date=20181210133000
numflag nickel, no unit, Revision date=20181210133000
nitrate, ug N/m3, Revision date=20181210133000
numflag nitrate, no unit, Revision date=20181210133000
organic_carbon, ug C/m3, Revision date=20181210133000
numflag organic_carbon, no unit, Revision date=20181210133000
organic_mass, ug/m3, Revision date=20181210133000
numflag organic_mass, no unit, Revision date=20181210133000
pm10_mass, ug/m3, Version=2, Version description=Data extracted from http://views.cira.colostate.edu/fed/DataWizard 2019-12-16, Sample duration=1d, Orig. time res.=3d, Matrix=pm10, Blank correction=Blank corrected, Volume std. temperature=ambient, Volume std. pressure=ambient
numflag pm10_mass, no unit, Version=2, Version description=Data extracted from http://views.cira.colostate.edu/fed/DataWizard 2019-12-16, Sample duration=1d, Orig. time res.=3d, Matrix=pm10, Blank correction=Blank corrected, Volume std. temperature=ambient, Volume std. pressure=ambient
pm10_pm25_mass, ug/m3, Revision date=20181210133000, Matrix=pm10_pm25
numflag pm10_pm25_mass, no unit, Revision date=20181210133000, Matrix=pm10_pm25
pm25_mass, ug/m3, Version=2, Version description=Data extracted from http://views.cira.colostate.edu/fed/DataWizard 2019-12-16, Sample duration=1d, Orig. time res.=3d, Blank correction=Blank corrected, Volume std. temperature=ambient, Volume std. pressure=ambient
numflag pm25_mass, no unit, Version=2, Version description=Data extracted from http://views.cira.colostate.edu/fed/DataWizard 2019-12-16, Sample duration=1d, Orig. time res.=3d, Blank correction=Blank corrected, Volume std. temperature=ambient, Volume std. pressure=ambient
potassium, ug/m3, Revision date=20181210133000
numflag potassium, no unit, Revision date=20181210133000
sulphate_total, ug S/m3, Revision date=20181210133000
numflag sulphate_total, no unit, Revision date=20181210133000
0
25
Data definition:              EBAS_1.1
Set type code:                TU
Timezone:                     UTC
File name:                    US9048R.20040101070000.20191216000000.filterpack..pm25.52w.1w.US03L_filterpack_US9048.US03L_IMPROVE_Davis.lev2.nas
File creation:                20191218120842
Startdate:                    20040101070000
Revision date:                20191216000000
Statistics:                   arithmetic mean
Data level:                   2
Period code:                  52w
Resolution code:              1w
Station code:                 US9048R
Platform code:                US9048S
Station name:                 White River NF
Station latitude:             39.1536
Station longitude:            -106.8209
Station altitude:             3413.0 m
Regime:                       IMG
Component:                    
Matrix:                       pm25
Laboratory code:              US03L
Instrument type:              filterpack
Instrument name:              filterpack_US9048
Method ref:                   US03L_IMPROVE_Davis
starttime endtime Fe flag_Fe Pb flag_Pb Mg++ flag_Mg++ Ni flag_Ni NO3- flag_NO3- OC flag_OC OM flag_OM PM10 flag_PM10 PM10-PM2.5 flag_PM10-PM2.5 PM2.5 flag_PM2.5 K+ flag_K+ SO4-- flag_SO4--
[from data line 89]
267.291667 268.291667    6.07 0.000  0.34 0.000000 0.091 0.000000 9.99 0.259000 0.010 0.000  0.186 0.000  0.260 0.000  1.462 0.000  0.582 0.000  0.880 0.000 0.008 0.000 0.061 0.000
270.291667 271.291667   17.81 0.000  0.79 0.000000 9.999 0.259000 0.09 0.000000 0.021 0.000  0.565 0.000  0.791 0.000  4.264 0.000  1.764 0.000  2.500 0.000 0.018 0.000 0.200 0.000
273.291667 274.291667    7.69 0.000 99.99 0.259000 0.069 0.000000 9.99 0.259000 0.019 0.000  0.058 0.000  0.081 0.000  1.756 0.000  0.881 0.000  0.876 0.000 0.007 0.000 0.093 0.000
276.291667 277.291667    9.29 0.000  0.20 0.000000 0.071 0.000000 0.16 0.000000 0.033 0.000  0.288 0.000  0.403 0.000  2.328 0.000  0.555 0.000  1.774 0.000 0.008 0.000 0.191 0.000
279.291667 280.291667    4.26 0.000 99.99 0.259000 0.066 0.000000 0.15 0.000000 0.022 0.000  0.287 0.000  0.401 0.000  1.726 0.000  0.299 0.000  1.427 0.000 0.004 0.000 0.147 0.000
282.291667 283.291667   16.35 0.000  0.50 0.000000 9.999 0.259000 9.99 0.259000 0.012 0.000  0.353 0.000  0.494 0.000  3.350 0.000  1.526 0.000  1.824 0.000 0.012 0.000 0.133 0.000
285.291667 286.291667   22.72 0.000  0.57 0.000000 9.999 0.259000 0.12 0.000000 0.042 0.000  0.436 0.000  0.610 0.000  5.062 0.000  2.398 0.000  2.664 0.000 0.015 0.000 0.208 0.000
288.291667 289.291667   18.11 0.000 99.99 0.259000 9.999 0.259000 0.07 0.000000 0.014 0.000  0.231 0.000  0.323 0.000  3.023 0.000  1.715 0.000  1.308 0.000 0.015 0.000 0.082 0.000
291.291667 292.291667    6.49 0.000  0.34 0.000000 9.999 0.259000 9.99 0.259000 0.013 0.000  0.057 0.000  0.079 0.000  1.233 0.000  0.625 0.000  0.608 0.000 0.007 0.000 0.055 0.000
294.291667 295.291667   11.88 0.000 99.99 0.259000 9.999 0.259000 0.07 0.000000 0.016 0.000  0.141 0.000  0.197 0.000  2.959 0.000  1.754 0.000  1.205 0.000 0.012 0.000 0.098 0.000
297.291667 298.291667    7.67 0.559  0.69 0.559000 9.999 0.559259 9.99 0.559259 0.011 0.000  0.163 0.000  0.228 0.000  1.479 0.000  0.566 0.000  0.913 0.559 0.009 0.559 0.100 0.000
300.291667 301.291667    3.03 0.000 99.99 0.259000 9.999 0.259000 9.99 0.259000 0.008 0.000  0.112 0.000  0.157 0.000  1.192 0.000  0.451 0.000  0.741 0.000 0.005 0.000 0.074 0.000
303.291667 304.291667    3.83 0.000  0.19 0.000000 9.999 0.259000 9.99 0.259000 0.021 0.000  0.302 0.000  0.423 0.000  1.116 0.000  0.124 0.000  0.992 0.000 0.005 0.000 0.097 0.000
306.291667 307.291667    4.65 0.000  0.38 0.000000 9.999 0.259000 0.13 0.000000 0.006 0.000  0.129 0.000  0.180 0.000  0.834 0.000  0.271 0.000  0.563 0.000 0.005 0.000 0.048 0.000
309.291667 310.291667    7.37 0.000  0.48 0.000000 9.999 0.259000 9.99 0.259000 0.009 0.000  0.326 0.000  0.457 0.000  1.961 0.000  0.687 0.000  1.274 0.000 0.008 0.000 0.042 0.000
312.291667 313.291667    6.41 0.000  0.32 0.000000 9.999 0.259000 9.99 0.259000 0.009 0.000  0.143 0.000  0.200 0.000  1.756 0.000  0.831 0.000  0.926 0.000 0.008 0.000 0.082 0.000
315.291667 316.291667    2.83 0.000  0.37 0.000000 9.999 0.259000 9.99 0.259000 0.011 0.000  0.138 0.000  0.194 0.000  1.405 0.000  0.391 0.000  1.015 0.000 0.005 0.000 0.113 0.000
318.291667 319.291667    2.85 0.000  0.42 0.000000 9.999 0.259000 9.99 0.259000 0.019 0.000  0.129 0.000  0.181 0.000  1.364 0.000  0.303 0.000  1.061 0.000 0.005 0.000 0.124 0.000
321.291667 322.291667    7.71 0.000 99.99 0.259000 9.999 0.259000 0.19 0.000000 0.018 0.000  0.197 0.000  0.276 0.000  1.447 0.000  0.369 0.000  1.078 0.000 0.007 0.000 0.086 0.000
324.291667 325.291667    8.59 0.000  0.53 0.000000 0.061 0.000000 9.99 0.259000 0.014 0.000  0.640 0.000  0.897 0.000  2.439 0.000  0.814 0.000  1.625 0.000 0.007 0.000 0.208 0.000
327.291667 328.291667    4.58 0.000  0.23 0.000000 9.999 0.259000 0.09 0.000000 0.032 0.000  0.161 0.000  0.225 0.000  1.374 0.000  0.288 0.000  1.086 0.000 0.006 0.000 0.118 0.000
330.291667 331.291667    3.38 0.000 99.99 0.259000 9.999 0.259000 9.99 0.259000 0.015 0.000  0.860 0.000  1.204 0.000  0.496 0.000  0.149 0.000  0.347 0.000 0.004 0.000 0.031 0.000
333.291667 334.291667    2.68 0.559  0.33 0.559000 0.070 0.559000 9.99 0.559259 0.021 0.000  0.165 0.000  0.232 0.000  0.868 0.000  0.177 0.000  0.691 0.559 0.004 0.559 0.090 0.000
336.291667 337.291667    4.13 0.000  0.22 0.000000 9.999 0.259000 9.99 0.259000 0.005 0.000  0.054 0.000  0.075 0.000  0.455 0.000  0.071 0.000  0.384 0.000 0.004 0.000 0.051 0.000
339.291667 340.291667    6.06 0.000  0.42 0.000000 0.049 0.000000 0.12 0.000000 0.007 0.000  0.182 0.000  0.255 0.000  1.068 0.000 99.999 0.259  1.098 0.000 0.005 0.000 0.151 0.000
342.291667 343.291667    1.79 0.000 99.99 0.259000 0.036 0.000000 0.17 0.000000 0.006 0.000  0.109 0.000  0.152 0.000  0.781 0.000  0.256 0.000  0.525 0.000 0.003 0.000 0.066 0.000
345.291667 346.291667    1.49 0.000  0.34 0.000000 9.999 0.259000 9.99 0.259000 0.004 0.000  0.015 0.000  0.021 0.000  0.284 0.000  0.104 0.000  0.180 0.000 0.002 0.000 0.024 0.000
348.291667 349.291667    7.51 0.000  0.38 0.000000 0.062 0.000000 9.99 0.259000 0.052 0.000  0.248 0.000  0.348 0.000  1.646 0.000  0.594 0.000  1.053 0.000 0.006 0.000 0.071 0.000
351.291667 352.291667    4.30 0.000  0.48 0.000000 0.034 0.000000 9.99 0.259000 0.005 0.000  0.056 0.000  0.079 0.000  0.735 0.000  0.338 0.000  0.398 0.000 0.005 0.000 0.037 0.000
354.291667 355.291667    6.93 0.000  0.34 0.000000 9.999 0.259000 0.09 0.000000 0.017 0.000  0.168 0.000  0.236 0.000  0.817 0.000  0.264 0.000  0.553 0.000 0.008 0.000 0.043 0.000
357.291667 358.291667    2.81 0.000  0.18 0.000000 9.999 0.259000 0.11 0.000000 0.032 0.000  0.132 0.000  0.185 0.000  0.661 0.000  0.098 0.000  0.563 0.000 0.004 0.000 0.083 0.000
360.291667 361.291667    1.03 0.000  0.23 0.000000 9.999 0.259000 0.10 0.000000 0.004 0.000  0.033 0.000  0.045 0.000  0.245 0.000  0.127 0.000  0.118 0.000 0.002 0.000 0.020 0.000
363.291667 364.291667    4.42 0.000 99.99 0.259000 0.051 0.000000 0.14 0.000000 0.004 0.000  0.356 0.000  0.499 0.000  2.518 0.000  1.059 0.000  1.459 0.000 0.006 0.000 0.034 0.000
