scripts/IMPROVE-2019_partial/data/US9068R.20130101070000.20191216000000.filterpack...52w.3d.US03L_filterpack_US9068.US03L_IMPROVE_Davis.lev2.nas
52 1001
MISSING INFORMATION
US03L, IMPROVE, , , , , , , 
MISSING INFORMATION
IMPROVE sel_HTAP
1 1
2013 01 01 2019 12 16
3.000000
days from file reference point
5
1 1 1 1 1
999.999999 9999.999 9.999 999.999 9.999
end_time of measurement, days from the file reference point
pm10_mass, ug/m3, Matrix=pm10
numflag pm10_mass, no unit, Matrix=pm10
pm25_mass, ug/m3, Matrix=pm25
numflag pm25_mass, no unit, Matrix=pm25
0
33
Data definition:              EBAS_1.1
Set type code:                TU
Timezone:                     UTC
File name:                    US9068R.20130101070000.20191216000000.filterpack...52w.3d.US03L_filterpack_US9068.US03L_IMPROVE_Davis.lev2.nas
File creation:                20191218121012
Startdate:                    20130101070000
Revision date:                20191216000000
Version:                      2
Version description:          "Data extracted from http://views.cira.colostate.edu/fed/DataWizard 2019-12-16"
Statistics:                   arithmetic mean
Data level:                   2
Period code:                  52w
Resolution code:              3d
Sample duration:              1d
Orig. time res.:              3d
Station code:                 US9068R
Platform code:                US9068S
Station name:                 Salt Creek
Station latitude:             33.4598
Station longitude:            -104.4042
Station altitude:             1072.0 m
Regime:                       IMG
Component:                    
Unit:                         ug/m3
Matrix:                       
Laboratory code:              US03L
Instrument type:              filterpack
Instrument name:              filterpack_US9068
Method ref:                   US03L_IMPROVE_Davis
Blank correction:             Blank corrected
Volume std. temperature:      ambient
Volume std. pressure:         ambient
starttime endtime PM10 flag_PM10 PM2.5 flag_PM2.5
  0.291667   1.291667    4.919 0.000   3.691 0.000
  3.291667   4.291667    5.718 0.000   5.459 0.000
  6.291667   7.291667   11.944 0.000   6.997 0.000
  9.291667  10.291667    4.672 0.000   2.449 0.000
 12.291667  13.291667    5.346 0.000   3.286 0.000
 15.291667  16.291667    7.455 0.000   1.897 0.000
 18.291667  19.291667    9.688 0.000   1.786 0.000
 21.291667  22.291667   37.935 0.000   9.397 0.000
 24.291667  25.291667    9.065 0.000   2.438 0.000
 27.291667  28.291667   37.066 0.000   4.306 0.000
 30.291667  31.291667    7.021 0.000   1.734 0.000
 33.291667  34.291667   22.982 0.000   5.362 0.000
 36.291667  37.291667   26.580 0.000   3.646 0.000
 39.291667  40.291667  201.532 0.000  22.755 0.000
 42.291667  43.291667   17.810 0.000   3.308 0.000
 45.291667  46.291667   15.755 0.000   5.643 0.000
 48.291667  49.291667    9.885 0.000   2.267 0.000
 51.291667  52.291667   27.570 0.000   3.731 0.000
 54.291667  55.291667   33.729 0.000   5.630 0.000
 57.291667  58.291667    6.271 0.000   1.619 0.000
 60.291667  61.291667   12.766 0.000   2.554 0.000
 63.291667  64.291667   27.469 0.000   3.485 0.000
 66.291667  67.291667   31.402 0.000   5.971 0.000
 69.291667  70.291667   13.371 0.000   3.107 0.000
 72.291667  73.291667   14.374 0.000   5.520 0.000
 75.291667  76.291667 9999.999 0.456   8.152 0.000
 78.291667  79.291667   40.681 0.000   7.932 0.000
 81.291667  82.291667  199.279 0.000  43.796 0.000
 84.291667  85.291667   48.145 0.000   8.009 0.000
 87.291667  88.291667   28.630 0.000   4.197 0.000
 90.291667  91.291667   42.486 0.000   6.723 0.000
 93.291667  94.291667   22.974 0.000   6.674 0.000
 96.291667  97.291667   18.706 0.000   5.271 0.000
 99.291667 100.291667   53.566 0.000   8.782 0.000
102.291667 103.291667   33.408 0.000   7.898 0.000
105.291667 106.291667   46.304 0.000   8.563 0.000
108.291667 109.291667   30.538 0.000   5.921 0.000
111.291667 112.291667   88.902 0.000  12.888 0.000
114.291667 115.291667   48.516 0.000   8.769 0.000
117.291667 118.291667   35.686 0.000   7.716 0.000
120.291667 121.291667  119.602 0.000  18.005 0.000
123.291667 124.291667   19.614 0.000   5.205 0.000
126.291667 127.291667   29.270 0.000   5.787 0.000
129.291667 130.291667   13.528 0.000   2.723 0.000
132.291667 133.291667   24.541 0.000   6.112 0.000
135.291667 136.291667   26.192 0.000   4.976 0.000
138.291667 139.291667   24.867 0.000   6.580 0.000
141.291667 142.291667   35.023 0.000   7.756 0.000
144.291667 145.291667   41.103 0.000   8.314 0.000
147.291667 148.291667   30.804 0.000   7.952 0.000
150.291667 151.291667   25.624 0.000   7.517 0.000
153.291667 154.291667   29.418 0.000   7.136 0.000
156.291667 157.291667   13.319 0.000   3.914 0.000
159.291667 160.291667   22.614 0.000   7.290 0.000
162.291667 163.291667   20.084 0.000   8.017 0.000
165.291667 166.291667   13.751 0.000   5.256 0.000
168.291667 169.291667   18.167 0.000   6.219 0.000
171.291667 172.291667   25.473 0.000   8.390 0.000
174.291667 175.291667   29.840 0.000  11.304 0.000
177.291667 178.291667   30.052 0.000  12.369 0.000
180.291667 181.291667   14.513 0.000   4.880 0.000
183.291667 184.291667   16.470 0.000   9.509 0.000
186.291667 187.291667   24.866 0.000  11.087 0.000
189.291667 190.291667   18.108 0.000   8.267 0.000
192.291667 193.291667   17.512 0.000   5.295 0.000
195.291667 196.291667    6.614 0.000   3.589 0.000
198.291667 199.291667    4.303 0.000   2.849 0.000
201.291667 202.291667    9.013 0.000   2.796 0.000
204.291667 205.291667   13.556 0.000   5.165 0.000
207.291667 208.291667   12.377 0.000   4.182 0.000
210.291667 211.291667   10.450 0.000   3.410 0.000
213.291667 214.291667   19.485 0.000   6.875 0.000
216.291667 217.291667   21.140 0.000   6.515 0.000
219.291667 220.291667 9999.999 0.456   3.429 0.000
222.291667 223.291667 9999.999 0.456   7.880 0.000
225.291667 226.291667 9999.999 0.999 999.999 0.999
228.291667 229.291667 9999.999 0.999 999.999 0.999
231.291667 232.291667   12.305 0.000   4.741 0.000
234.291667 235.291667   23.471 0.000   6.906 0.000
237.291667 238.291667   18.684 0.000   6.765 0.000
240.291667 241.291667   31.974 0.000  10.749 0.000
243.291667 244.291667   24.002 0.000   8.831 0.000
246.291667 247.291667 9999.999 0.999 999.999 0.999
249.291667 250.291667   28.924 0.000   8.529 0.000
252.291667 253.291667   10.534 0.000   4.195 0.000
255.291667 256.291667   10.320 0.000   4.611 0.000
258.291667 259.291667    7.982 0.000   4.112 0.000
261.291667 262.291667    6.946 0.000   3.561 0.000
264.291667 265.291667   10.216 0.000   4.120 0.000
267.291667 268.291667   19.235 0.000   4.102 0.000
270.291667 271.291667    4.815 0.000   1.376 0.000
273.291667 274.291667    9.096 0.000   2.101 0.000
276.291667 277.291667   11.355 0.000   2.261 0.000
279.291667 280.291667   14.827 0.000   2.678 0.000
282.291667 283.291667 9999.999 0.999 999.999 0.999
285.291667 286.291667 9999.999 0.999 999.999 0.999
288.291667 289.291667 9999.999 0.999 999.999 0.999
291.291667 292.291667 9999.999 0.999 999.999 0.999
294.291667 295.291667 9999.999 0.999 999.999 0.999
297.291667 298.291667 9999.999 0.999 999.999 0.999
300.291667 301.291667 9999.999 0.999 999.999 0.999
303.291667 304.291667 9999.999 0.999 999.999 0.999
306.291667 307.291667 9999.999 0.999 999.999 0.999
309.291667 310.291667    9.468 0.000   3.167 0.000
312.291667 313.291667    7.030 0.000   2.019 0.000
315.291667 316.291667    6.741 0.000   3.522 0.000
318.291667 319.291667   10.477 0.000   2.655 0.000
321.291667 322.291667    9.469 0.000   2.857 0.000
324.291667 325.291667   16.619 0.000   3.345 0.000
327.291667 328.291667    5.923 0.000   4.522 0.000
330.291667 331.291667    5.993 0.000   3.359 0.000
333.291667 334.291667   14.363 0.000   8.189 0.000
336.291667 337.291667    4.595 0.000   1.077 0.000
339.291667 340.291667   10.997 0.000   7.934 0.000
342.291667 343.291667    9.275 0.000   5.783 0.000
345.291667 346.291667   19.258 0.000   9.293 0.000
348.291667 349.291667    4.682 0.000   1.982 0.000
351.291667 352.291667   11.182 0.000   2.864 0.000
354.291667 355.291667    8.098 0.000   5.258 0.000
357.291667 358.291667   12.413 0.000   4.213 0.000
360.291667 361.291667   15.423 0.000   2.927 0.000
363.291667 364.291667   10.290 0.000   2.433 0.000
