scripts/IMPROVE-2019_partial/data/US9039R.20100102070000.20191216000000.filterpack...52w.3d.US03L_filterpack_US9039.US03L_IMPROVE_Davis.lev2.nas
52 1001
MISSING INFORMATION
US03L, IMPROVE, , , , , , , 
MISSING INFORMATION
IMPROVE sel_HTAP
1 1
2010 01 01 2019 12 16
3.000000
days from file reference point
5
1 1 1 1 1
999.999999 999.999 9.999 999.999 9.999
end_time of measurement, days from the file reference point
pm10_mass, ug/m3, Matrix=pm10
numflag pm10_mass, no unit, Matrix=pm10
pm25_mass, ug/m3, Matrix=pm25
numflag pm25_mass, no unit, Matrix=pm25
0
33
Data definition:              EBAS_1.1
Set type code:                TU
Timezone:                     UTC
File name:                    US9039R.20100102070000.20191216000000.filterpack...52w.3d.US03L_filterpack_US9039.US03L_IMPROVE_Davis.lev2.nas
File creation:                20191218120802
Startdate:                    20100102070000
Revision date:                20191216000000
Version:                      2
Version description:          "Data extracted from http://views.cira.colostate.edu/fed/DataWizard 2019-12-16"
Statistics:                   arithmetic mean
Data level:                   2
Period code:                  52w
Resolution code:              3d
Sample duration:              1d
Orig. time res.:              3d
Station code:                 US9039R
Platform code:                US9039S
Station name:                 Saguaro West
Station latitude:             32.2486
Station longitude:            -111.2178
Station altitude:             714.0 m
Regime:                       IMG
Component:                    
Unit:                         ug/m3
Matrix:                       
Laboratory code:              US03L
Instrument type:              filterpack
Instrument name:              filterpack_US9039
Method ref:                   US03L_IMPROVE_Davis
Blank correction:             Blank corrected
Volume std. temperature:      ambient
Volume std. pressure:         ambient
starttime endtime PM10 flag_PM10 PM2.5 flag_PM2.5
  1.291667   2.291667   9.124 0.000   3.321 0.000
  4.291667   5.291667  13.074 0.000   3.561 0.000
  7.291667   8.291667  21.146 0.000   6.749 0.000
 10.291667  11.291667  17.866 0.000   6.307 0.000
 13.291667  14.291667   5.397 0.000   6.193 0.000
 16.291667  17.291667  15.409 0.000  20.550 0.000
 19.291667  20.291667 999.999 0.999 999.999 0.999
 22.291667  23.291667 999.999 0.999 999.999 0.999
 25.291667  26.291667 999.999 0.999 999.999 0.999
 28.291667  29.291667 999.999 0.999 999.999 0.999
 31.291667  32.291667 999.999 0.999 999.999 0.999
 34.291667  35.291667  20.393 0.000   4.176 0.000
 37.291667  38.291667   6.828 0.000   2.248 0.000
 40.291667  41.291667   3.723 0.000   1.562 0.000
 43.291667  44.291667   7.832 0.000   2.887 0.000
 46.291667  47.291667   9.699 0.000   3.592 0.000
 49.291667  50.291667  11.963 0.000   3.430 0.000
 52.291667  53.291667   3.537 0.000   1.256 0.000
 55.291667  56.291667   8.469 0.000   3.419 0.000
 58.291667  59.291667   1.766 0.000   1.289 0.000
 61.291667  62.291667   5.074 0.000   2.432 0.000
 64.291667  65.291667  12.026 0.000   3.738 0.000
 67.291667  68.291667  10.588 0.000   3.687 0.000
 70.291667  71.291667   7.343 0.000   3.224 0.000
 73.291667  74.291667   6.588 0.000   1.423 0.000
 76.291667  77.291667  11.617 0.000   3.670 0.000
 79.291667  80.291667  10.586 0.000   4.066 0.000
 82.291667  83.291667   7.631 0.000   4.377 0.000
 85.291667  86.291667   7.627 0.000   2.936 0.000
 88.291667  89.291667  15.958 0.000   5.395 0.000
 91.291667  92.291667   8.554 0.000   2.920 0.000
 94.291667  95.291667  15.973 0.000   6.326 0.000
 97.291667  98.291667  12.154 0.000   4.143 0.000
100.291667 101.291667  13.138 0.000   4.557 0.000
103.291667 104.291667  19.364 0.000   6.333 0.000
106.291667 107.291667  22.448 0.000   7.075 0.000
109.291667 110.291667  15.097 0.000   5.630 0.000
112.291667 113.291667   4.257 0.000   2.529 0.000
115.291667 116.291667  12.693 0.000   5.072 0.000
118.291667 119.291667  17.924 0.000   5.260 0.000
121.291667 122.291667  20.351 0.000   3.767 0.000
124.291667 125.291667  14.192 0.000   4.150 0.000
127.291667 128.291667   8.776 0.000   3.473 0.000
130.291667 131.291667  12.411 0.000   5.132 0.000
133.291667 134.291667  15.335 0.000   4.712 0.000
136.291667 137.291667  19.131 0.000   7.209 0.000
139.291667 140.291667  17.077 0.000   6.469 0.000
142.291667 143.291667  31.118 0.000   6.609 0.000
145.291667 146.291667  19.086 0.000   5.085 0.000
148.291667 149.291667   9.957 0.000   3.071 0.000
151.291667 152.291667  15.085 0.000   6.098 0.000
154.291667 155.291667 999.999 0.999 999.999 0.999
157.291667 158.291667 999.999 0.999 999.999 0.999
160.291667 161.291667 999.999 0.999 999.999 0.999
163.291667 164.291667  20.600 0.000   6.243 0.000
166.291667 167.291667  19.278 0.000   7.260 0.000
169.291667 170.291667  11.678 0.000   4.184 0.000
172.291667 173.291667   7.247 0.000   3.233 0.000
175.291667 176.291667  19.007 0.000   7.201 0.000
178.291667 179.291667  15.725 0.000   4.676 0.000
181.291667 182.291667  13.715 0.000   4.316 0.000
184.291667 185.291667  20.288 0.000   6.324 0.000
187.291667 188.291667  22.174 0.000   6.456 0.000
190.291667 191.291667  13.904 0.000   5.581 0.000
193.291667 194.291667  16.575 0.000   5.863 0.000
196.291667 197.291667  13.918 0.000   4.854 0.000
199.291667 200.291667  17.541 0.000   5.860 0.000
202.291667 203.291667   8.113 0.000   3.558 0.000
205.291667 206.291667  10.077 0.000   4.222 0.000
208.291667 209.291667   6.429 0.000   2.251 0.000
211.291667 212.291667   2.770 0.000   2.194 0.000
214.291667 215.291667   6.975 0.000   3.041 0.000
217.291667 218.291667   7.654 0.000   3.476 0.000
220.291667 221.291667  10.732 0.000   4.982 0.000
223.291667 224.291667  11.217 0.000   4.478 0.000
226.291667 227.291667  11.553 0.000   4.540 0.000
229.291667 230.291667  11.363 0.000   3.527 0.000
232.291667 233.291667  16.003 0.000   5.377 0.000
235.291667 236.291667  12.891 0.000   3.704 0.000
238.291667 239.291667   7.412 0.000   3.311 0.000
241.291667 242.291667   9.560 0.000   4.190 0.000
244.291667 245.291667  13.649 0.000   4.145 0.000
247.291667 248.291667  13.679 0.000   4.151 0.000
250.291667 251.291667  15.574 0.000   5.196 0.000
253.291667 254.291667  13.021 0.000   3.617 0.000
256.291667 257.291667  15.951 0.000   5.015 0.000
259.291667 260.291667  16.500 0.000   5.335 0.000
262.291667 263.291667  14.144 0.000   4.277 0.000
265.291667 266.291667  70.532 0.000   2.005 0.000
268.291667 269.291667   9.979 0.000 999.999 0.456
271.291667 272.291667  20.235 0.000   5.542 0.000
274.291667 275.291667  39.307 0.000   6.455 0.000
277.291667 278.291667   7.267 0.000   2.944 0.000
280.291667 281.291667  11.411 0.000   3.710 0.000
283.291667 284.291667  11.666 0.000   3.786 0.000
286.291667 287.291667  14.466 0.000   6.852 0.000
289.291667 290.291667   8.882 0.000   4.089 0.000
292.291667 293.291667  10.587 0.000   3.744 0.000
295.291667 296.291667   5.833 0.000   2.529 0.000
298.291667 299.291667  12.114 0.000   3.137 0.000
301.291667 302.291667  13.043 0.000   5.010 0.000
304.291667 305.291667  14.909 0.000   4.592 0.000
307.291667 308.291667  17.646 0.000   5.113 0.000
310.291667 311.291667  12.575 0.000   4.344 0.000
313.291667 314.291667 999.999 0.999 999.999 0.999
316.291667 317.291667  17.924 0.000   5.842 0.000
319.291667 320.291667  12.836 0.000   3.126 0.000
322.291667 323.291667  16.898 0.000   4.902 0.000
325.291667 326.291667   9.683 0.000   2.235 0.000
328.291667 329.291667   9.442 0.000   3.264 0.000
331.291667 332.291667  11.309 0.000   2.797 0.000
334.291667 335.291667 999.999 0.999 999.999 0.999
337.291667 338.291667 999.999 0.999 999.999 0.999
340.291667 341.291667 999.999 0.999 999.999 0.999
343.291667 344.291667  16.953 0.000   6.176 0.000
346.291667 347.291667  19.358 0.000   4.571 0.000
349.291667 350.291667  17.796 0.000   4.898 0.000
352.291667 353.291667   5.523 0.000   2.769 0.000
355.291667 356.291667  13.640 0.000   5.152 0.000
358.291667 359.291667   5.786 0.000   2.514 0.000
361.291667 362.291667  10.030 0.000   4.531 0.000
364.291667 365.291667   6.165 0.000   2.304 0.000
