scripts/IMPROVE-2019_partial/data/US9036R.20140102070000.20191216000000.filterpack...52w.3d.US03L_filterpack_US9036.US03L_IMPROVE_Davis.lev2.nas
52 1001
MISSING INFORMATION
US03L, IMPROVE, , , , , , , 
MISSING INFORMATION
IMPROVE sel_HTAP
1 1
2014 01 01 2019 12 16
3.000000
days from file reference point
5
1 1 1 1 1
999.999999 999.999 9.999 999.999 9.999
end_time of measurement, days from the file reference point
pm10_mass, ug/m3, Matrix=pm10
numflag pm10_mass, no unit, Matrix=pm10
pm25_mass, ug/m3, Matrix=pm25
numflag pm25_mass, no unit, Matrix=pm25
0
33
Data definition:              EBAS_1.1
Set type code:                TU
Timezone:                     UTC
File name:                    US9036R.20140102070000.20191216000000.filterpack...52w.3d.US03L_filterpack_US9036.US03L_IMPROVE_Davis.lev2.nas
File creation:                20191218120746
Startdate:                    20140102070000
Revision date:                20191216000000
Version:                      2
Version description:          "Data extracted from http://views.cira.colostate.edu/fed/DataWizard 2019-12-16"
Statistics:                   arithmetic mean
Data level:                   2
Period code:                  52w
Resolution code:              3d
Sample duration:              1d
Orig. time res.:              3d
Station code:                 US9036R
Platform code:                US9036S
Station name:                 Tonto NM
Station latitude:             33.6548
Station longitude:            -111.1068
Station altitude:             775.0 m
Regime:                       IMG
Component:                    
Unit:                         ug/m3
Matrix:                       
Laboratory code:              US03L
Instrument type:              filterpack
Instrument name:              filterpack_US9036
Method ref:                   US03L_IMPROVE_Davis
Blank correction:             Blank corrected
Volume std. temperature:      ambient
Volume std. pressure:         ambient
starttime endtime PM10 flag_PM10 PM2.5 flag_PM2.5
  1.291667   2.291667   5.267 0.000   1.678 0.000
  4.291667   5.291667   9.224 0.000   1.341 0.000
  7.291667   8.291667   5.169 0.000   1.756 0.000
 10.291667  11.291667   4.996 0.000   2.184 0.000
 13.291667  14.291667   2.707 0.000   1.322 0.000
 16.291667  17.291667   3.385 0.000   1.866 0.000
 19.291667  20.291667   4.061 0.000   1.769 0.000
 22.291667  23.291667  12.434 0.000   4.795 0.000
 25.291667  26.291667  13.213 0.000   4.788 0.000
 28.291667  29.291667   5.179 0.000   2.887 0.000
 31.291667  32.291667   9.018 0.000   1.972 0.000
 34.291667  35.291667   7.239 0.000   2.159 0.000
 37.291667  38.291667   8.828 0.000   3.508 0.000
 40.291667  41.291667   7.904 0.000   2.464 0.000
 43.291667  44.291667   6.564 0.000   2.079 0.000
 46.291667  47.291667   7.001 0.000   2.482 0.000
 49.291667  50.291667  10.979 0.000   3.462 0.000
 52.291667  53.291667  10.952 0.000   3.611 0.000
 55.291667  56.291667  14.570 0.000   4.612 0.000
 58.291667  59.291667 999.999 0.999 999.999 0.999
 61.291667  62.291667 999.999 0.999 999.999 0.999
 64.291667  65.291667   3.984 0.000   2.596 0.000
 67.291667  68.291667   2.240 0.000   0.759 0.000
 70.291667  71.291667  47.353 0.000   8.318 0.000
 73.291667  74.291667  10.055 0.000   2.901 0.000
 76.291667  77.291667  21.891 0.000   5.921 0.000
 79.291667  80.291667  13.546 0.000   5.209 0.000
 82.291667  83.291667  10.532 0.000   3.767 0.000
 85.291667  86.291667  50.655 0.000  13.302 0.000
 88.291667  89.291667  18.589 0.000   5.731 0.000
 91.291667  92.291667 999.999 0.999 999.999 0.999
 94.291667  95.291667   9.777 0.000   3.554 0.000
 97.291667  98.291667   7.224 0.000   3.822 0.000
100.291667 101.291667   9.806 0.000   4.163 0.000
103.291667 104.291667  13.012 0.000   3.770 0.000
106.291667 107.291667  14.134 0.000   5.657 0.000
109.291667 110.291667   6.714 0.000   3.401 0.000
112.291667 113.291667  25.301 0.000   7.873 0.000
115.291667 116.291667  22.521 0.000   5.309 0.000
118.291667 119.291667   7.258 0.000   2.973 0.000
121.291667 122.291667  12.395 0.000   4.570 0.000
124.291667 125.291667  20.330 0.000   6.914 0.000
127.291667 128.291667  23.907 0.000   7.723 0.000
130.291667 131.291667  99.939 0.000  19.039 0.000
133.291667 134.291667  17.733 0.000   6.154 0.000
136.291667 137.291667  16.691 0.000   6.844 0.000
139.291667 140.291667  17.396 0.000   6.074 0.000
142.291667 143.291667  21.511 0.000   5.624 0.000
145.291667 146.291667  18.231 0.000   6.945 0.000
148.291667 149.291667  14.008 0.000   5.186 0.000
151.291667 152.291667  10.577 0.000   3.384 0.000
154.291667 155.291667  16.038 0.000   5.559 0.000
157.291667 158.291667  17.428 0.000   6.074 0.000
160.291667 161.291667  22.964 0.000   8.079 0.000
163.291667 164.291667  19.569 0.000   6.657 0.000
166.291667 167.291667  11.892 0.000   3.905 0.000
169.291667 170.291667 999.999 0.999 999.999 0.999
172.291667 173.291667 999.999 0.999 999.999 0.999
175.291667 176.291667  17.266 0.000   4.860 0.000
178.291667 179.291667  18.359 0.000   5.174 0.000
181.291667 182.291667  14.365 0.000   4.019 0.000
184.291667 185.291667  18.806 0.000   6.201 0.000
187.291667 188.291667   7.212 0.000   3.745 0.000
190.291667 191.291667  10.383 0.000   4.792 0.000
193.291667 194.291667   9.798 0.000   3.966 0.000
196.291667 197.291667   9.424 0.000   4.213 0.000
199.291667 200.291667  11.457 0.000   3.437 0.000
202.291667 203.291667   9.437 0.000   3.804 0.000
205.291667 206.291667  83.437 0.000  15.756 0.000
208.291667 209.291667  10.014 0.000   3.634 0.000
211.291667 212.291667  22.492 0.000   6.800 0.000
214.291667 215.291667   8.796 0.000   4.214 0.000
217.291667 218.291667   8.508 0.000   3.883 0.000
220.291667 221.291667  20.056 0.000   5.691 0.000
223.291667 224.291667   8.871 0.000   4.953 0.000
226.291667 227.291667   8.858 0.000   4.393 0.000
229.291667 230.291667   8.464 0.000   3.385 0.000
232.291667 233.291667   8.767 0.000   4.042 0.000
235.291667 236.291667   6.508 0.000   2.575 0.000
238.291667 239.291667   4.892 0.000   2.056 0.000
241.291667 242.291667   7.313 0.000   2.954 0.000
244.291667 245.291667   8.779 0.000   3.627 0.000
247.291667 248.291667  19.858 0.000   6.196 0.000
250.291667 251.291667   6.388 0.000   2.848 0.000
253.291667 254.291667   6.840 0.000   3.440 0.000
256.291667 257.291667   3.983 0.000   1.185 0.000
259.291667 260.291667   4.133 0.000   1.740 0.000
262.291667 263.291667  17.276 0.000   4.668 0.000
265.291667 266.291667   6.154 0.000   2.675 0.000
268.291667 269.291667  13.270 0.000   4.332 0.000
271.291667 272.291667 999.999 0.456   3.303 0.000
274.291667 275.291667   5.522 0.000   2.386 0.000
277.291667 278.291667   5.968 0.000   2.579 0.000
280.291667 281.291667   7.330 0.000   3.312 0.000
283.291667 284.291667   9.325 0.000   4.992 0.000
286.291667 287.291667   4.142 0.000   1.419 0.000
289.291667 290.291667   8.742 0.000   4.165 0.000
292.291667 293.291667   3.477 0.000   2.300 0.000
295.291667 296.291667   4.419 0.000   2.752 0.000
298.291667 299.291667  10.171 0.000   5.819 0.000
301.291667 302.291667   6.327 0.000   3.138 0.000
304.291667 305.291667  19.777 0.000   5.684 0.000
307.291667 308.291667   2.907 0.000   1.398 0.000
310.291667 311.291667   4.979 0.000   2.232 0.000
313.291667 314.291667   8.746 0.000   3.231 0.000
316.291667 317.291667  11.109 0.000   3.410 0.000
319.291667 320.291667   5.575 0.000   1.845 0.000
322.291667 323.291667   4.492 0.000 999.999 0.456
325.291667 326.291667   7.530 0.000 999.999 0.456
328.291667 329.291667   3.994 0.000   0.957 0.000
331.291667 332.291667   4.822 0.000 999.999 0.456
334.291667 335.291667   7.998 0.000 999.999 0.456
337.291667 338.291667   3.668 0.000   2.533 0.000
340.291667 341.291667   4.088 0.000   3.114 0.000
343.291667 344.291667   6.404 0.000   4.454 0.000
346.291667 347.291667   3.004 0.000   1.486 0.000
349.291667 350.291667   3.154 0.000   2.015 0.000
352.291667 353.291667   2.392 0.000   1.698 0.000
355.291667 356.291667   4.849 0.000   3.259 0.000
358.291667 359.291667 999.999 0.999 999.999 0.999
361.291667 362.291667 999.999 0.999 999.999 0.999
364.291667 365.291667   6.597 0.000   2.065 0.000
