scripts/IMPROVE-2019_partial/data/US9068R.20010101070000.20191216000000.filterpack..pm25.52w.1w.US03L_filterpack_US9068.US03L_IMPROVE_Davis.lev2.nas
64 1001
MISSING INFORMATION
US03L, IMPROVE, , , , , , , 
MISSING INFORMATION
IMPROVE sel_HTAP
1 1
2001 01 01 2019 12 16
3.000000
days from file reference point
25
1 1 1 1 1 1 1 1 1 1 1 1 1 1 1 1 1 1 1 1 1 1 1 1 1
999.999999 99999.99 9.999 99.99 9.999 9.999 9.999999 999.99 9.999999 99.999 9.999 99.999 9.999 99.999 9.999 9999.999 9.999 999.999 9.999 999.999 9.999 9.999 9.999 99.999 9.999
end_time of measurement, days from the file reference point
iron, ng/m3, Revision date=20181210133000
numflag iron, no unit, Revision date=20181210133000
lead, ng/m3, Revision date=20181210133000
numflag lead, no unit, Revision date=20181210133000
magnesium, ug/m3, Revision date=20181210133000
numflag magnesium, no unit, Revision date=20181210133000
nickel, ng/m3, Revision date=20181210133000
numflag nickel, no unit, Revision date=20181210133000
nitrate, ug N/m3, Revision date=20181210133000
numflag nitrate, no unit, Revision date=20181210133000
organic_carbon, ug C/m3, Revision date=20181210133000
numflag organic_carbon, no unit, Revision date=20181210133000
organic_mass, ug/m3, Revision date=20181210133000
numflag organic_mass, no unit, Revision date=20181210133000
pm10_mass, ug/m3, Version=2, Version description=Data extracted from http://views.cira.colostate.edu/fed/DataWizard 2019-12-16, Sample duration=1d, Orig. time res.=3d, Matrix=pm10, Blank correction=Blank corrected, Volume std. temperature=ambient, Volume std. pressure=ambient
numflag pm10_mass, no unit, Version=2, Version description=Data extracted from http://views.cira.colostate.edu/fed/DataWizard 2019-12-16, Sample duration=1d, Orig. time res.=3d, Matrix=pm10, Blank correction=Blank corrected, Volume std. temperature=ambient, Volume std. pressure=ambient
pm10_pm25_mass, ug/m3, Revision date=20181210133000, Matrix=pm10_pm25
numflag pm10_pm25_mass, no unit, Revision date=20181210133000, Matrix=pm10_pm25
pm25_mass, ug/m3, Version=2, Version description=Data extracted from http://views.cira.colostate.edu/fed/DataWizard 2019-12-16, Sample duration=1d, Orig. time res.=3d, Blank correction=Blank corrected, Volume std. temperature=ambient, Volume std. pressure=ambient
numflag pm25_mass, no unit, Version=2, Version description=Data extracted from http://views.cira.colostate.edu/fed/DataWizard 2019-12-16, Sample duration=1d, Orig. time res.=3d, Blank correction=Blank corrected, Volume std. temperature=ambient, Volume std. pressure=ambient
potassium, ug/m3, Revision date=20181210133000
numflag potassium, no unit, Revision date=20181210133000
sulphate_total, ug S/m3, Revision date=20181210133000
numflag sulphate_total, no unit, Revision date=20181210133000
0
25
Data definition:              EBAS_1.1
Set type code:                TU
Timezone:                     UTC
File name:                    US9068R.20010101070000.20191216000000.filterpack..pm25.52w.1w.US03L_filterpack_US9068.US03L_IMPROVE_Davis.lev2.nas
File creation:                20191218121011
Startdate:                    20010101070000
Revision date:                20191216000000
Statistics:                   arithmetic mean
Data level:                   2
Period code:                  52w
Resolution code:              1w
Station code:                 US9068R
Platform code:                US9068S
Station name:                 Salt Creek
Station latitude:             33.4598
Station longitude:            -104.4042
Station altitude:             1072.0 m
Regime:                       IMG
Component:                    
Matrix:                       pm25
Laboratory code:              US03L
Instrument type:              filterpack
Instrument name:              filterpack_US9068
Method ref:                   US03L_IMPROVE_Davis
starttime endtime Fe flag_Fe Pb flag_Pb Mg++ flag_Mg++ Ni flag_Ni NO3- flag_NO3- OC flag_OC OM flag_OM PM10 flag_PM10 PM10-PM2.5 flag_PM10-PM2.5 PM2.5 flag_PM2.5 K+ flag_K+ SO4-- flag_SO4--
  0.291667   1.291667    16.74 0.000  0.94 0.000 9.999 0.259000   0.07 0.000000  1.450 0.000  0.778 0.000  1.089 0.000   23.287 0.000   0.921 0.000  22.366 0.000 0.012 0.000  2.694 0.000
  3.291667   4.291667    13.69 0.000  2.00 0.000 9.999 0.259000 999.99 0.259000  0.295 0.000  1.181 0.000  1.654 0.000    7.027 0.000   2.327 0.000   4.700 0.000 0.017 0.000  0.159 0.000
  6.291667   7.291667     9.93 0.000  0.17 0.000 9.999 0.259000 999.99 0.259000  0.206 0.000  0.499 0.000  0.698 0.000    3.927 0.000   1.904 0.000   2.023 0.000 0.011 0.000  0.138 0.000
  9.291667  10.291667    14.69 0.000  0.56 0.000 9.999 0.259000 999.99 0.259000  0.377 0.000  0.491 0.000  0.687 0.000   11.863 0.000   6.819 0.000   5.045 0.000 0.024 0.000  0.383 0.000
 12.291667  13.291667    19.78 0.000  0.34 0.000 9.999 0.259000 999.99 0.259000  0.098 0.000  0.246 0.000  0.345 0.000   12.081 0.000  10.097 0.000   1.984 0.000 0.014 0.000  0.215 0.000
 15.291667  16.291667     7.98 0.000  1.15 0.000 9.999 0.259000 999.99 0.259000  0.420 0.000  0.539 0.000  0.755 0.000    8.487 0.000   2.817 0.000   5.669 0.000 0.015 0.000  0.577 0.000
 18.291667  19.291667     5.20 0.000  0.38 0.000 9.999 0.259000 999.99 0.259000  0.206 0.000  0.652 0.000  0.912 0.000    4.948 0.000   2.146 0.000   2.802 0.000 0.010 0.000  0.249 0.000
 21.291667  22.291667    16.17 0.000  0.49 0.000 0.031 0.000000 999.99 0.259000  0.550 0.000  0.641 0.000  0.898 0.000    8.143 0.000   2.289 0.000   5.854 0.000 0.018 0.000  0.302 0.000
 24.291667  25.291667    16.43 0.000  0.59 0.000 9.999 0.259000 999.99 0.259000  1.049 0.000  0.621 0.000  0.869 0.000   14.464 0.000   1.727 0.000  12.737 0.000 0.021 0.000  1.096 0.000
 27.291667  28.291667     9.41 0.000 99.99 0.259 9.999 0.259000 999.99 0.259000  0.322 0.000  0.355 0.000  0.497 0.000    4.990 0.000 999.999 0.259   5.178 0.000 0.011 0.000  0.516 0.000
 30.291667  31.291667     8.20 0.000  0.28 0.000 9.999 0.259000 999.99 0.259000  0.313 0.000  0.305 0.000  0.427 0.000    6.154 0.000   1.760 0.000   4.394 0.000 0.020 0.000  0.517 0.000
 33.291667  34.291667    19.24 0.000  0.89 0.000 9.999 0.259000 999.99 0.259000  0.122 0.000  0.452 0.000  0.632 0.000    5.208 0.000   2.904 0.000   2.304 0.000 0.023 0.000  0.214 0.000
 36.291667  37.291667    25.40 0.000  0.94 0.000 9.999 0.259000   0.12 0.000000  0.150 0.000  0.635 0.000  0.889 0.000    8.416 0.000   5.332 0.000   3.084 0.000 0.034 0.000  0.243 0.000
 39.291667  40.291667    14.34 0.000  0.48 0.000 9.999 0.259000 999.99 0.259000  0.179 0.000  0.277 0.000  0.388 0.000    7.402 0.000   4.557 0.000   2.845 0.000 0.020 0.000  0.293 0.000
 42.291667  43.291667    48.82 0.000  1.06 0.000 9.999 0.259000 999.99 0.259000  0.247 0.000  0.720 0.000  1.008 0.000   14.468 0.000   8.360 0.000   6.107 0.000 0.075 0.000  0.647 0.000
 45.291667  46.291667     7.84 0.000 99.99 0.259 9.999 0.259000 999.99 0.259000  0.051 0.000  0.228 0.000  0.319 0.000    3.927 0.000   2.562 0.000   1.365 0.000 0.010 0.000  0.157 0.000
 48.291667  49.291667    22.15 0.000  0.57 0.000 9.999 0.259000 999.99 0.259000  0.359 0.000  0.747 0.000  1.045 0.000   11.491 0.000   5.530 0.000   5.961 0.000 0.087 0.000  0.604 0.000
 51.291667  52.291667    40.76 0.000  1.00 0.000 9.999 0.259000 999.99 0.259000  0.154 0.000  0.741 0.000  1.037 0.000   12.855 0.000   8.594 0.000   4.261 0.000 0.047 0.000  0.281 0.000
 54.291667  55.291667    32.64 0.000  0.37 0.000 9.999 0.259000 999.99 0.259000  0.046 0.000  0.249 0.000  0.349 0.000   16.395 0.000  13.693 0.000   2.702 0.000 0.028 0.000  0.213 0.000
 57.291667  58.291667    36.60 0.000 99.99 0.259 9.999 0.259000 999.99 0.259000  0.151 0.000  0.325 0.000  0.455 0.000   10.755 0.000   6.550 0.000   4.204 0.000 0.031 0.000  0.396 0.000
 60.291667  61.291667     7.65 0.000  0.69 0.000 9.999 0.259000 999.99 0.259000  0.231 0.000  0.364 0.000  0.509 0.000    4.754 0.000   1.112 0.000   3.642 0.000 0.011 0.000  0.303 0.000
 63.291667  64.291667    12.04 0.000  0.56 0.000 9.999 0.259000 999.99 0.259000  0.532 0.000  0.672 0.000  0.941 0.000    8.556 0.000   2.325 0.000   6.231 0.000 0.018 0.000  0.469 0.000
 66.291667  67.291667     7.44 0.000  0.54 0.000 9.999 0.259000 999.99 0.259000  0.043 0.000  0.368 0.000  0.516 0.000    1.943 0.000   0.560 0.000   1.383 0.000 0.008 0.000  0.122 0.000
 69.291667  70.291667    32.95 0.000  0.60 0.000 9.999 0.259000   0.24 0.000000  0.061 0.000  0.328 0.000  0.459 0.000    9.780 0.000   6.742 0.000   3.038 0.000 0.022 0.000  0.252 0.000
 72.291667  73.291667    45.71 0.000  1.53 0.000 9.999 0.259000 999.99 0.259000  0.075 0.000  0.922 0.000  1.291 0.000    9.259 0.000   5.405 0.000   3.855 0.000 0.044 0.000  0.233 0.000
 75.291667  76.291667    34.78 0.000  0.65 0.000 9.999 0.259000   0.21 0.000000  0.095 0.000  0.473 0.000  0.662 0.000    8.461 0.000   5.402 0.000   3.059 0.000 0.038 0.000  0.325 0.000
 78.291667  79.291667    24.63 0.000  1.50 0.000 9.999 0.259000 999.99 0.259000  0.225 0.000  0.941 0.000  1.318 0.000    7.373 0.000   2.631 0.000   4.743 0.000 0.047 0.000  0.536 0.000
 81.291667  82.291667    34.99 0.000  1.46 0.000 9.999 0.259000   0.21 0.000000  0.220 0.000  1.306 0.000  1.828 0.000   12.327 0.000   5.817 0.000   6.510 0.000 0.039 0.000  0.675 0.000
 84.291667  85.291667     9.11 0.000  1.10 0.000 9.999 0.259000   0.40 0.000000  0.308 0.000  1.060 0.000  1.484 0.000    7.854 0.000   1.743 0.000   6.111 0.000 0.019 0.000  0.504 0.000
 87.291667  88.291667    21.40 0.000  0.96 0.000 9.999 0.259000 999.99 0.259000  0.233 0.000  0.295 0.000  0.414 0.000    5.753 0.000   2.478 0.000   3.275 0.000 0.021 0.000  0.450 0.000
 90.291667  91.291667    33.98 0.000  1.89 0.000 9.999 0.259000 999.99 0.259000  0.445 0.000  0.735 0.000  1.030 0.000   11.642 0.000   4.634 0.000   7.008 0.000 0.032 0.000  0.949 0.000
 93.291667  94.291667    43.88 0.000  1.30 0.000 9.999 0.259000   0.27 0.000000  0.033 0.000  0.533 0.000  0.746 0.000   12.697 0.000   9.572 0.000   3.125 0.000 0.042 0.000  0.241 0.000
 96.291667  97.291667    34.01 0.000  0.63 0.000 9.999 0.259000 999.99 0.259000  0.025 0.000  0.368 0.000  0.516 0.000    8.805 0.000   6.658 0.000   2.147 0.000 0.024 0.000  0.138 0.000
 99.291667 100.291667  1005.89 0.559  2.71 0.559 9.999 0.559259 999.99 0.559259  0.044 0.000  1.217 0.000  1.703 0.000  117.693 0.000  81.246 0.000  36.447 0.559 0.483 0.559  0.994 0.000
102.291667 103.291667   107.19 0.000  1.88 0.000 9.999 0.259000 999.99 0.259000  0.063 0.000  0.497 0.000  0.695 0.000   18.601 0.000  13.628 0.000   4.974 0.000 0.076 0.000  0.349 0.000
105.291667 106.291667   341.65 0.000  1.85 0.000 9.999 0.259000 999.99 0.259000  0.187 0.000  1.316 0.000  1.842 0.000   37.968 0.000  26.055 0.000  11.914 0.000 0.238 0.000  0.643 0.000
108.291667 109.291667   113.47 0.000  1.33 0.000 9.999 0.259000 999.99 0.259000  0.130 0.000  0.756 0.000  1.059 0.000   20.012 0.000  13.131 0.000   6.880 0.000 0.086 0.000  0.614 0.000
111.291667 112.291667   129.44 0.000  0.73 0.000 9.999 0.259000 999.99 0.259000  0.040 0.000  0.594 0.000  0.831 0.000   35.012 0.000  27.523 0.000   7.489 0.000 0.092 0.000  0.710 0.000
114.291667 115.291667   156.74 0.000  1.70 0.000 9.999 0.259000 999.99 0.259000  0.143 0.000  0.657 0.000  0.920 0.000   24.123 0.000  18.127 0.000   5.996 0.000 0.134 0.000  0.328 0.000
117.291667 118.291667   198.49 0.559  2.53 0.559 9.999 0.559259 999.99 0.559259  0.231 0.000  1.349 0.000  1.888 0.000   29.362 0.000  16.729 0.000  12.632 0.559 0.160 0.559  1.382 0.000
120.291667 121.291667 99999.99 0.999 99.99 0.999 9.999 0.999000 999.99 0.999000 99.999 0.999 99.999 0.999 99.999 0.999 9999.999 0.999 999.999 0.999 999.999 0.999 9.999 0.999 99.999 0.999
123.291667 124.291667 99999.99 0.999 99.99 0.999 9.999 0.999000 999.99 0.999000 99.999 0.999 99.999 0.999 99.999 0.999 9999.999 0.999 999.999 0.999 999.999 0.999 9.999 0.999 99.999 0.999
126.291667 127.291667 99999.99 0.999 99.99 0.999 9.999 0.999000 999.99 0.999000 99.999 0.999 99.999 0.999 99.999 0.999 9999.999 0.999 999.999 0.999 999.999 0.999 9.999 0.999 99.999 0.999
129.291667 130.291667   108.25 0.000  1.00 0.000 9.999 0.259000   0.30 0.000000  0.093 0.000  0.896 0.000  1.255 0.000   19.940 0.000  13.794 0.000   6.146 0.000 0.089 0.000  0.492 0.000
132.291667 133.291667 99999.99 0.999 99.99 0.999 9.999 0.999000 999.99 0.999000 99.999 0.999 99.999 0.999 99.999 0.999 9999.999 0.999 999.999 0.999 999.999 0.999 9.999 0.999 99.999 0.999
135.291667 136.291667    63.64 0.000  0.63 0.000 9.999 0.259000   0.19 0.000000  0.037 0.000  0.883 0.000  1.236 0.000    9.950 0.000   6.208 0.000   3.742 0.000 0.049 0.000  0.290 0.000
138.291667 139.291667    66.02 0.000  0.78 0.000 9.999 0.259000 999.99 0.259000  0.025 0.000  0.903 0.000  1.264 0.000   13.276 0.000   8.936 0.000   4.340 0.000 0.060 0.000  0.292 0.000
141.291667 142.291667    59.94 0.000  0.76 0.000 9.999 0.259000 999.99 0.259000  0.058 0.000  0.682 0.000  0.955 0.000   21.589 0.000  17.742 0.000   3.847 0.000 0.048 0.000  0.241 0.000
144.291667 145.291667    83.85 0.000  0.75 0.000 9.999 0.259000   0.10 0.000000  0.041 0.000  1.064 0.000  1.489 0.000   21.036 0.000  15.556 0.000   5.481 0.000 0.064 0.000  0.359 0.000
147.291667 148.291667    98.40 0.000  0.79 0.000 9.999 0.259000   0.23 0.000000  0.066 0.000  1.554 0.000  2.175 0.000   25.858 0.000  17.248 0.000   8.610 0.000 0.087 0.000  0.784 0.000
150.291667 151.291667    68.30 0.000  0.70 0.000 9.999 0.259000 999.99 0.259000  0.041 0.000  0.899 0.000  1.258 0.000   15.188 0.000   9.752 0.000   5.436 0.000 0.061 0.000  0.488 0.000
153.291667 154.291667   114.30 0.559  0.91 0.559 0.274 0.559000 999.99 0.559259  0.039 0.000  0.769 0.000  1.077 0.000   23.311 0.000  15.777 0.000   7.534 0.559 0.089 0.559  0.621 0.000
156.291667 157.291667    99.07 0.000  0.71 0.000 9.999 0.259000 999.99 0.259000  0.070 0.000  0.861 0.000  1.205 0.000   24.796 0.000  17.883 0.000   6.913 0.000 0.082 0.000  0.432 0.000
159.291667 160.291667    25.91 0.000  0.46 0.000 9.999 0.259000   0.10 0.000000  0.036 0.000  0.786 0.000  1.100 0.000    7.960 0.000   3.712 0.000   4.247 0.000 0.032 0.000  0.326 0.000
162.291667 163.291667   110.80 0.000  1.49 0.000 9.999 0.259000  16.70 0.000000  0.046 0.000  0.839 0.000  1.175 0.000   27.578 0.000  20.059 0.000   7.519 0.000 0.096 0.000  0.487 0.000
165.291667 166.291667   100.38 0.000  0.56 0.000 9.999 0.259000   0.20 0.000000  0.033 0.000  0.629 0.000  0.880 0.000   15.809 0.000  10.180 0.000   5.629 0.000 0.093 0.000  0.202 0.000
168.291667 169.291667 99999.99 0.699 99.99 0.699 9.999 0.699000 999.99 0.699000  0.094 0.000  1.076 0.000  1.506 0.000   53.090 0.000 999.999 0.999 999.999 0.699 9.999 0.699  0.367 0.000
171.291667 172.291667   183.70 0.000  0.56 0.000 9.999 0.259000 999.99 0.259000  0.065 0.000  0.889 0.000  1.245 0.000   38.644 0.000  28.046 0.000  10.598 0.000 0.145 0.000  0.618 0.000
174.291667 175.291667   139.05 0.000  0.74 0.000 9.999 0.259000 999.99 0.259000  0.068 0.000  0.919 0.000  1.286 0.000   24.387 0.000  16.250 0.000   8.137 0.000 0.117 0.000  0.540 0.000
177.291667 178.291667   168.85 0.000  0.52 0.000 9.999 0.259000   0.14 0.000000  0.087 0.000  0.745 0.000  1.043 0.000   15.838 0.000   8.178 0.000   7.661 0.000 0.090 0.000  0.570 0.000
180.291667 181.291667   102.55 0.000  0.38 0.000 9.999 0.259000 999.99 0.259000  0.061 0.000  0.706 0.000  0.989 0.000   13.848 0.000   7.772 0.000   6.076 0.000 0.097 0.000  0.554 0.000
183.291667 184.291667    60.25 0.000  0.26 0.000 9.999 0.259000 999.99 0.259000  0.043 0.000  0.369 0.000  0.516 0.000    8.167 0.000   5.176 0.000   2.990 0.000 0.043 0.000  0.205 0.000
186.291667 187.291667    90.68 0.000  0.56 0.000 9.999 0.259000   0.09 0.000000  0.068 0.000  0.578 0.000  0.809 0.000   17.300 0.000  11.638 0.000   5.662 0.000 0.083 0.000  0.508 0.000
189.291667 190.291667   305.26 0.000  0.54 0.000 9.999 0.259000 999.99 0.259000  0.124 0.000  0.665 0.000  0.931 0.000   27.494 0.000  16.752 0.000  10.741 0.000 0.148 0.000  0.581 0.000
192.291667 193.291667   131.21 0.000  0.46 0.000 9.999 0.259000 999.99 0.259000  0.079 0.000  0.958 0.000  1.341 0.000   26.194 0.000  18.308 0.000   7.886 0.000 0.088 0.000  0.546 0.000
195.291667 196.291667   126.62 0.000  0.43 0.000 9.999 0.259000   0.16 0.000000  0.081 0.000  0.573 0.000  0.802 0.000   21.321 0.000  14.084 0.000   7.237 0.000 0.089 0.000  0.577 0.000
198.291667 199.291667   117.10 0.000  0.51 0.000 9.999 0.259000 999.99 0.259000  0.061 0.000  0.884 0.000  1.237 0.000   17.422 0.000  10.509 0.000   6.913 0.000 0.092 0.000  0.523 0.000
201.291667 202.291667    36.82 0.000  0.34 0.000 9.999 0.259000   0.19 0.000000  0.036 0.000  0.495 0.000  0.693 0.000   10.721 0.000   5.521 0.000   5.200 0.000 0.035 0.000  0.656 0.000
204.291667 205.291667    88.90 0.000  0.24 0.000 9.999 0.259000   0.14 0.000000  0.051 0.000  0.702 0.000  0.982 0.000   17.054 0.000  11.617 0.000   5.437 0.000 0.053 0.000  0.482 0.000
207.291667 208.291667    93.10 0.000  0.32 0.000 9.999 0.259000 999.99 0.259000  0.069 0.000  0.913 0.000  1.278 0.000   22.458 0.000  13.439 0.000   9.018 0.000 0.085 0.000  0.987 0.000
210.291667 211.291667    46.22 0.000  0.32 0.000 9.999 0.259000 999.99 0.259000  0.087 0.000  0.486 0.000  0.680 0.000   13.158 0.000   8.242 0.000   4.916 0.000 0.046 0.000  0.598 0.000
213.291667 214.291667    59.04 0.000  0.27 0.000 9.999 0.259000 999.99 0.259000  0.078 0.000  0.510 0.000  0.714 0.000   17.666 0.000  11.934 0.000   5.731 0.000 0.060 0.000  0.634 0.000
216.291667 217.291667    68.61 0.000  0.51 0.000 9.999 0.259000   0.15 0.000000  0.099 0.000  0.814 0.000  1.140 0.000   19.363 0.000   9.501 0.000   9.862 0.000 0.071 0.000  1.236 0.000
219.291667 220.291667    44.64 0.000  0.41 0.000 9.999 0.259000 999.99 0.259000  0.064 0.000  1.067 0.000  1.494 0.000   16.748 0.000   9.677 0.000   7.071 0.000 0.123 0.000  0.783 0.000
222.291667 223.291667    45.94 0.000  0.56 0.000 9.999 0.259000 999.99 0.259000  0.057 0.559  0.674 0.000  0.943 0.000   12.214 0.000   6.792 0.000   5.422 0.000 0.040 0.000  0.694 0.559
225.291667 226.291667   109.15 0.000  0.27 0.000 9.999 0.259000 999.99 0.259000  0.075 0.000  0.669 0.000  0.937 0.000   13.748 0.000   8.269 0.000   5.479 0.000 0.058 0.000  0.449 0.000
228.291667 229.291667    87.32 0.559  0.59 0.559 9.999 0.559259   0.11 0.559000  0.193 0.000  1.013 0.000  1.418 0.000   13.276 0.000   6.071 0.000   7.205 0.559 0.077 0.559  0.915 0.000
231.291667 232.291667    84.83 0.000  0.33 0.000 9.999 0.259000   0.10 0.000000  0.138 0.559  0.900 0.000  1.261 0.000   16.994 0.000  10.395 0.000   6.599 0.000 0.086 0.000  0.716 0.559
234.291667 235.291667    59.53 0.000  0.36 0.000 9.999 0.259000   0.20 0.000000  0.066 0.559  0.644 0.000  0.902 0.000   15.838 0.000   9.746 0.000   6.092 0.000 0.052 0.000  0.814 0.559
237.291667 238.291667    16.28 0.000  0.18 0.000 9.999 0.259000 999.99 0.259000  0.030 0.000  0.592 0.000  0.828 0.000    4.833 0.000   1.685 0.000   3.148 0.000 0.019 0.000  0.347 0.000
240.291667 241.291667    29.19 0.000  0.32 0.000 9.999 0.259000 999.99 0.259000  0.057 0.559  0.558 0.000  0.781 0.000   10.212 0.000   6.231 0.000   3.982 0.000 0.031 0.000  0.466 0.559
243.291667 244.291667    32.76 0.000  0.79 0.000 0.017 0.000000   0.11 0.000000  0.055 0.000  0.625 0.000  0.875 0.000   11.736 0.000   7.799 0.000   3.937 0.000 9.999 0.259  0.385 0.000
246.291667 247.291667    33.01 0.000  0.18 0.000 9.999 0.259000 999.99 0.259000  0.031 0.000  1.018 0.000  1.426 0.000   11.737 0.000   7.489 0.000   4.247 0.000 0.029 0.000  0.398 0.000
249.291667 250.291667   108.43 0.000  0.32 0.000 9.999 0.259000 999.99 0.259000  0.041 0.559  0.492 0.000  0.689 0.000   19.371 0.000  14.442 0.000   4.929 0.000 0.069 0.000  0.251 0.559
252.291667 253.291667    30.21 0.000  0.95 0.000 9.999 0.259000 999.99 0.259000  0.112 0.000  0.743 0.000  1.040 0.000   18.056 0.000  12.335 0.000   5.721 0.000 9.999 0.259  0.700 0.000
