scripts/IMPROVE-2019_partial/data/US9068R.20110103070000.20191216000000.filterpack...1y.3d.US03L_filterpack_US9068.US03L_IMPROVE_Davis.lev2.nas
51 1001
MISSING INFORMATION
US03L, IMPROVE, , , , , , , 
MISSING INFORMATION
IMPROVE sel_HTAP
1 1
2011 01 01 2019 12 16
3.000000
days from file reference point
4
1 1 1 1
999.999999 9999.999 999.999 9.999
end_time of measurement, days from the file reference point
pm10_mass, ug/m3, Matrix=pm10
pm25_mass, ug/m3, Matrix=pm25
numflag, no unit
0
33
Data definition:              EBAS_1.1
Set type code:                TU
Timezone:                     UTC
File name:                    US9068R.20110103070000.20191216000000.filterpack...1y.3d.US03L_filterpack_US9068.US03L_IMPROVE_Davis.lev2.nas
File creation:                20191218121012
Startdate:                    20110103070000
Revision date:                20191216000000
Version:                      2
Version description:          "Data extracted from http://views.cira.colostate.edu/fed/DataWizard 2019-12-16"
Statistics:                   arithmetic mean
Data level:                   2
Period code:                  1y
Resolution code:              3d
Sample duration:              1d
Orig. time res.:              3d
Station code:                 US9068R
Platform code:                US9068S
Station name:                 Salt Creek
Station latitude:             33.4598
Station longitude:            -104.4042
Station altitude:             1072.0 m
Regime:                       IMG
Component:                    
Unit:                         ug/m3
Matrix:                       
Laboratory code:              US03L
Instrument type:              filterpack
Instrument name:              filterpack_US9068
Method ref:                   US03L_IMPROVE_Davis
Blank correction:             Blank corrected
Volume std. temperature:      ambient
Volume std. pressure:         ambient
starttime endtime PM10 PM2.5 flag
  2.291667   3.291667    6.654   1.661 0.000
  5.291667   6.291667   15.075   2.499 0.000
  8.291667   9.291667    9.883   2.372 0.000
 11.291667  12.291667   16.093   4.841 0.000
 14.291667  15.291667   17.093   3.665 0.000
 17.291667  18.291667   10.859   2.131 0.000
 20.291667  21.291667   19.408   3.764 0.000
 23.291667  24.291667   17.915   2.662 0.000
 26.291667  27.291667   12.660   2.815 0.000
 29.291667  30.291667   12.833   2.596 0.000
 32.291667  33.291667 9999.999 999.999 0.999
 35.291667  36.291667    6.641   2.989 0.000
 38.291667  39.291667   12.282   4.423 0.000
 41.291667  42.291667    9.829   2.689 0.000
 44.291667  45.291667   14.505   3.076 0.000
 47.291667  48.291667   29.452   5.143 0.000
 50.291667  51.291667   63.858  10.131 0.000
 53.291667  54.291667   16.340   5.020 0.000
 56.291667  57.291667   12.063   2.726 0.000
 59.291667  60.291667   17.098   3.535 0.000
 62.291667  63.291667   24.322   4.052 0.000
 65.291667  66.291667  108.904  17.922 0.000
 68.291667  69.291667   23.475   4.571 0.000
 71.291667  72.291667   19.236   6.262 0.000
 74.291667  75.291667   18.836   6.072 0.000
 77.291667  78.291667   22.715   6.944 0.000
 80.291667  81.291667   38.762   8.965 0.000
 83.291667  84.291667   29.857   8.516 0.000
 86.291667  87.291667   21.330   6.606 0.000
 89.291667  90.291667   19.321   7.394 0.000
 92.291667  93.291667  161.123  34.638 0.000
 95.291667  96.291667   16.083   6.591 0.000
 98.291667  99.291667   78.544  22.930 0.000
101.291667 102.291667   38.528  15.798 0.000
104.291667 105.291667   34.544  16.032 0.000
107.291667 108.291667   20.959   8.062 0.000
110.291667 111.291667   44.786  13.213 0.000
113.291667 114.291667   61.339  15.426 0.000
116.291667 117.291667   12.529   4.839 0.000
119.291667 120.291667   29.437   7.781 0.000
122.291667 123.291667   12.648   4.145 0.000
125.291667 126.291667   42.893  12.029 0.000
128.291667 129.291667   59.906  16.455 0.000
131.291667 132.291667   57.895   3.749 0.000
134.291667 135.291667   53.830   5.180 0.000
137.291667 138.291667   60.348  13.567 0.659
140.291667 141.291667   15.487   3.338 0.659
143.291667 144.291667 9999.999 999.999 0.999
146.291667 147.291667   22.814   6.135 0.000
149.291667 150.291667   47.739  13.363 0.000
152.291667 153.291667   85.823  16.486 0.000
155.291667 156.291667   30.700   6.797 0.000
158.291667 159.291667 9999.999 999.999 0.999
161.291667 162.291667   45.969  12.351 0.000
164.291667 165.291667   27.622   9.159 0.000
167.291667 168.291667   31.603  10.498 0.000
170.291667 171.291667   47.350   9.745 0.000
173.291667 174.291667   48.941   7.356 0.000
176.291667 177.291667   43.083   9.327 0.000
179.291667 180.291667   26.894   6.901 0.000
182.291667 183.291667   29.515  11.362 0.000
185.291667 186.291667   36.366  10.357 0.000
188.291667 189.291667   30.419   9.061 0.000
191.291667 192.291667   21.942   5.595 0.000
194.291667 195.291667   12.520   4.769 0.000
197.291667 198.291667   21.213   8.464 0.000
200.291667 201.291667   27.879   7.878 0.000
203.291667 204.291667   14.845   6.975 0.000
206.291667 207.291667   14.610   3.926 0.000
209.291667 210.291667   17.868   6.367 0.000
212.291667 213.291667   12.689   4.792 0.000
215.291667 216.291667   20.577   6.187 0.000
218.291667 219.291667   19.581   5.758 0.000
221.291667 222.291667   40.275   9.762 0.000
224.291667 225.291667   27.372   5.825 0.000
227.291667 228.291667   17.417   5.466 0.000
230.291667 231.291667   31.458   8.855 0.000
233.291667 234.291667   22.990   6.284 0.000
236.291667 237.291667   34.258   8.027 0.000
239.291667 240.291667   23.990   6.953 0.000
242.291667 243.291667   27.112   8.867 0.000
245.291667 246.291667   45.686   7.984 0.000
248.291667 249.291667   28.361   6.275 0.000
251.291667 252.291667   21.399   6.207 0.000
254.291667 255.291667   26.090   7.587 0.000
257.291667 258.291667   10.258   6.587 0.000
260.291667 261.291667    7.897   3.194 0.000
263.291667 264.291667   22.110   4.618 0.000
266.291667 267.291667   18.041   5.450 0.000
269.291667 270.291667   19.964   6.059 0.000
272.291667 273.291667   42.486   5.908 0.000
275.291667 276.291667   22.328   7.853 0.000
278.291667 279.291667   19.020   4.661 0.000
281.291667 282.291667    6.497   3.211 0.000
284.291667 285.291667    7.474   2.026 0.000
287.291667 288.291667   23.832   5.589 0.000
290.291667 291.291667   12.606   2.970 0.000
293.291667 294.291667   16.435   4.371 0.000
296.291667 297.291667   32.387   8.276 0.000
299.291667 300.291667    1.515   0.734 0.000
302.291667 303.291667   10.487   5.719 0.000
305.291667 306.291667   17.543   4.377 0.000
308.291667 309.291667   59.609  10.216 0.000
311.291667 312.291667 9999.999 999.999 0.999
314.291667 315.291667 9999.999 999.999 0.999
317.291667 318.291667 9999.999 999.999 0.999
320.291667 321.291667   25.404   4.430 0.000
323.291667 324.291667   13.484   3.911 0.000
326.291667 327.291667   13.097   2.544 0.000
329.291667 330.291667   16.415   1.645 0.000
332.291667 333.291667 9999.999 999.999 0.999
335.291667 336.291667 9999.999 999.999 0.999
338.291667 339.291667 9999.999 999.999 0.999
341.291667 342.291667    8.439   7.248 0.000
344.291667 345.291667   14.247  13.694 0.000
347.291667 348.291667    3.664   3.112 0.000
350.291667 351.291667   11.632   9.234 0.000
353.291667 354.291667    1.835   1.169 0.000
356.291667 357.291667    2.818   2.729 0.000
359.291667 360.291667    7.929   6.615 0.000
362.291667 363.291667   10.169   7.991 0.000
