scripts/IMPROVE-2019_partial/data/US9011R.20000603060000.20191216000000.filterpack..pm25.30w.1w.US03L_filterpack_US9011.US03L_IMPROVE_Davis.lev2.nas
63 1001
MISSING INFORMATION
US03L, IMPROVE, , , , , , , 
MISSING INFORMATION
IMPROVE sel_HTAP
1 1
2000 01 01 2019 12 16
0
days from file reference point
23
1 1 1 1 1 1 1 1 1 1 1 1 1 1 1 1 1 1 1 1 1 1 1
999.99 99999.99 9.999 999.99 9.999 99.999 9.999 99.999 9.999 999.999 9.999 999.999 9.999 999.999 9.999 999.999 9.999 999.999 9.999 9.999 9.999 99.999 9.999
end_time of measurement, days from the file reference point
iron, ng/m3, Revision date=20181210133000
numflag iron, no unit, Revision date=20181210133000
lead, ng/m3, Revision date=20181210133000
numflag lead, no unit, Revision date=20181210133000
magnesium, ug/m3, Revision date=20181210133000
numflag magnesium, no unit, Revision date=20181210133000
nitrate, ug N/m3, Revision date=20181210133000
numflag nitrate, no unit, Revision date=20181210133000
organic_carbon, ug C/m3, Revision date=20181210133000
numflag organic_carbon, no unit, Revision date=20181210133000
organic_mass, ug/m3, Revision date=20181210133000
numflag organic_mass, no unit, Revision date=20181210133000
pm10_mass, ug/m3, Version=2, Version description=Data extracted from http://views.cira.colostate.edu/fed/DataWizard 2019-12-16, Sample duration=1d, Orig. time res.=3d, Matrix=pm10, Blank correction=Blank corrected, Volume std. temperature=ambient, Volume std. pressure=ambient
numflag pm10_mass, no unit, Version=2, Version description=Data extracted from http://views.cira.colostate.edu/fed/DataWizard 2019-12-16, Sample duration=1d, Orig. time res.=3d, Matrix=pm10, Blank correction=Blank corrected, Volume std. temperature=ambient, Volume std. pressure=ambient
pm10_pm25_mass, ug/m3, Revision date=20181210133000, Matrix=pm10_pm25
numflag pm10_pm25_mass, no unit, Revision date=20181210133000, Matrix=pm10_pm25
pm25_mass, ug/m3, Version=2, Version description=Data extracted from http://views.cira.colostate.edu/fed/DataWizard 2019-12-16, Sample duration=1d, Orig. time res.=3d, Blank correction=Blank corrected, Volume std. temperature=ambient, Volume std. pressure=ambient
numflag pm25_mass, no unit, Version=2, Version description=Data extracted from http://views.cira.colostate.edu/fed/DataWizard 2019-12-16, Sample duration=1d, Orig. time res.=3d, Blank correction=Blank corrected, Volume std. temperature=ambient, Volume std. pressure=ambient
potassium, ug/m3, Revision date=20181210133000
numflag potassium, no unit, Revision date=20181210133000
sulphate_total, ug S/m3, Revision date=20181210133000
numflag sulphate_total, no unit, Revision date=20181210133000
0
26
Data definition:              EBAS_1.1
Set type code:                TI
Timezone:                     UTC
File name:                    US9011R.20000603060000.20191216000000.filterpack..pm25.30w.1w.US03L_filterpack_US9011.US03L_IMPROVE_Davis.lev2.nas
File creation:                20191218120551
Startdate:                    20000603060000
Revision date:                20191216000000
Statistics:                   arithmetic mean
Data level:                   2
Period code:                  30w
Resolution code:              1w
Station code:                 US9011R
Platform code:                US9011S
Station name:                 Mingo
Station latitude:             36.9717
Station longitude:            -90.1432
Station altitude:             111.0 m
Regime:                       IMG
Component:                    
Unit:                         ug/m3
Matrix:                       pm25
Laboratory code:              US03L
Instrument type:              filterpack
Instrument name:              filterpack_US9011
Method ref:                   US03L_IMPROVE_Davis
starttime endtime Fe flag_Fe Pb flag_Pb Mg++ flag_Mg++ NO3- flag_NO3- OC flag_OC OM flag_OM PM10 flag_PM10 PM10-PM2.5 flag_PM10-PM2.5 PM2.5 flag_PM2.5 K+ flag_K+ SO4-- flag_SO4--
154.25 155.25    27.38 0.000   1.76 0.000 99.999 0.259  0.062 0.559   1.761 0.000   2.465 0.000  14.834 0.000   7.394 0.000   7.441 0.000 0.035 0.000  0.720 0.559
158.25 159.25    86.05 0.000   2.88 0.000 99.999 0.259  0.282 0.559   2.541 0.000   3.558 0.000  27.043 0.000  14.494 0.000  12.549 0.000 0.262 0.000  1.965 0.559
161.25 162.25   283.79 0.000   1.00 0.000 99.999 0.259  0.227 0.559   3.369 0.000   4.716 0.000  40.050 0.000  20.635 0.000  19.415 0.000 0.390 0.000  1.500 0.559
165.25 166.25    99.28 0.000   0.85 0.000 99.999 0.259  0.150 0.559   3.018 0.000   4.226 0.000  26.114 0.000  12.581 0.000  13.533 0.000 0.330 0.000  1.174 0.559
168.25 169.25    12.90 0.000   1.01 0.000 99.999 0.259  0.028 0.000   0.677 0.000   0.947 0.000   6.149 0.000   2.320 0.000   3.828 0.000 0.022 0.000  0.441 0.000
172.25 173.25    35.98 0.000 999.99 0.259 99.999 0.259  0.055 0.000   1.074 0.000   1.503 0.000   8.861 0.000   4.320 0.000   4.542 0.000 0.060 0.000  0.281 0.000
175.25 176.25   616.86 0.000   0.49 0.000 99.999 0.259  0.254 0.559   2.872 0.000   4.021 0.000  46.309 0.000  23.221 0.000  23.088 0.000 0.296 0.000  1.464 0.559
179.25 180.25    30.03 0.000   2.23 0.000 99.999 0.259  0.094 0.000   1.337 0.000   1.871 0.000  13.708 0.000   5.616 0.000   8.092 0.000 0.037 0.000  1.099 0.000
182.25 183.25    31.58 0.000   2.55 0.000 99.999 0.259  0.125 0.000   3.164 0.000   4.430 0.000  23.329 0.000   7.900 0.000  15.429 0.000 0.061 0.000  1.986 0.000
186.25 187.25  1199.26 0.000   1.85 0.000 99.999 0.259  0.488 0.559   2.712 0.000   3.797 0.000  55.263 0.000  24.156 0.000  31.107 0.000 0.362 0.000  1.516 0.559
189.25 190.25    58.77 0.000   2.97 0.000  0.014 0.000  0.100 0.000   2.715 0.000   3.801 0.000  34.028 0.000   8.127 0.000  25.901 0.000 0.059 0.000  4.400 0.000
193.25 194.25    75.42 0.000   1.35 0.000 99.999 0.259  0.042 0.559   1.597 0.000   2.236 0.000  17.542 0.000   9.308 0.000   8.234 0.000 0.048 0.000  0.696 0.559
196.25 197.25    43.12 0.000   5.21 0.000 99.999 0.259  0.054 0.559   2.373 0.000   3.323 0.000  19.242 0.000   9.313 0.000   9.929 0.000 0.050 0.000  0.854 0.559
200.25 201.25    66.19 0.000   4.85 0.000  0.019 0.000  0.109 0.559   2.142 0.000   2.999 0.000  21.014 0.000   6.150 0.000  14.864 0.000 0.045 0.000  2.132 0.559
203.25 204.25    16.58 0.000   6.31 0.000 99.999 0.259  0.041 0.559   1.530 0.000   2.141 0.000  15.517 0.000   6.521 0.000   8.995 0.000 0.023 0.000  1.069 0.559
207.25 208.25    77.55 0.000   1.94 0.000 99.999 0.259  0.052 0.559   1.763 0.000   2.468 0.000  41.012 0.000  14.635 0.000  26.377 0.000 0.043 0.000  4.644 0.559
210.25 211.25    16.41 0.000 999.99 0.259 99.999 0.259  0.036 0.000   1.739 0.000   2.435 0.000  10.902 0.000   4.673 0.000   6.229 0.000 0.036 0.000  0.524 0.000
214.25 215.25    43.86 0.000   1.76 0.000 99.999 0.259  0.028 0.000   2.712 0.000   3.797 0.000  25.043 0.000   9.471 0.000  15.572 0.000 0.046 0.000  1.907 0.000
217.25 218.25    90.94 0.000   1.37 0.000 99.999 0.259  0.139 0.559   4.908 0.000   6.871 0.000  30.214 0.000  10.602 0.000  19.611 0.000 0.087 0.000  1.890 0.559
221.25 222.25   147.94 0.000   0.49 0.000 99.999 0.259  0.101 0.559   2.754 0.000   3.856 0.000  31.844 0.000  15.781 0.000  16.063 0.000 0.122 0.000  1.592 0.559
224.25 225.25    41.17 0.000   1.47 0.000  0.030 0.000  0.044 0.559   1.869 0.000   2.617 0.000  21.265 0.000   8.040 0.000  13.225 0.000 0.035 0.000  1.806 0.559
228.25 229.25   113.71 0.000   3.23 0.000 99.999 0.259  0.092 0.559   5.055 0.000   7.077 0.000  40.335 0.000  13.567 0.000  26.768 0.000 0.112 0.000  2.725 0.559
231.25 232.25    26.95 0.000   1.96 0.000 99.999 0.259  0.084 0.559   1.990 0.000   2.785 0.000  20.977 0.000   5.669 0.000  15.308 0.000 0.028 0.000  2.359 0.559
235.25 236.25   114.70 0.000   1.86 0.000 99.999 0.259  0.147 0.559   4.167 0.000   5.833 0.000  40.443 0.000  14.800 0.000  25.643 0.000 0.086 0.000  3.079 0.559
238.25 239.25    57.02 0.000   3.10 0.000 99.999 0.259  0.081 0.559   3.590 0.000   5.026 0.000  30.224 0.000  13.840 0.000  16.384 0.000 0.085 0.000  1.624 0.559
243.25 244.25 99999.99 0.999 999.99 0.999 99.999 0.999 99.999 0.999 999.999 0.999 999.999 0.999 999.999 0.999 999.999 0.999 999.999 0.999 9.999 0.999 99.999 0.999
246.25 247.25 99999.99 0.999 999.99 0.999 99.999 0.999 99.999 0.999 999.999 0.999 999.999 0.999 999.999 0.999 999.999 0.999 999.999 0.999 9.999 0.999 99.999 0.999
249.25 250.25 99999.99 0.999 999.99 0.999 99.999 0.999 99.999 0.999 999.999 0.999 999.999 0.999 999.999 0.999 999.999 0.999 999.999 0.999 9.999 0.999 99.999 0.999
252.25 253.25 99999.99 0.999 999.99 0.999 99.999 0.999 99.999 0.999 999.999 0.999 999.999 0.999 999.999 0.999 999.999 0.999 999.999 0.999 9.999 0.999 99.999 0.999
255.25 256.25 99999.99 0.999 999.99 0.999 99.999 0.999 99.999 0.999 999.999 0.999 999.999 0.999 999.999 0.999 999.999 0.999 999.999 0.999 9.999 0.999 99.999 0.999
258.25 259.25 99999.99 0.999 999.99 0.999 99.999 0.999 99.999 0.999 999.999 0.999 999.999 0.999 999.999 0.999 999.999 0.999 999.999 0.999 9.999 0.999 99.999 0.999
261.25 262.25 99999.99 0.999 999.99 0.999 99.999 0.999 99.999 0.999 999.999 0.999 999.999 0.999 999.999 0.999 999.999 0.999 999.999 0.999 9.999 0.999 99.999 0.999
264.25 265.25    22.92 0.000   3.67 0.000  0.031 0.000  0.081 0.000   1.780 0.000   2.492 0.000  11.390 0.000   6.005 0.000   5.385 0.000 0.108 0.000  0.380 0.000
267.25 268.25    10.16 0.000   1.84 0.000 99.999 0.259  0.138 0.000   1.025 0.000   1.435 0.000  11.758 0.000   4.078 0.000   7.680 0.000 0.032 0.000  1.286 0.000
270.25 271.25    31.33 0.000  10.61 0.000  0.136 0.000  0.035 0.000   1.718 0.000   2.405 0.000  14.881 0.000   8.300 0.000   6.580 0.000 0.047 0.000  0.495 0.000
273.25 274.25    68.01 0.000   4.45 0.000 99.999 0.259  0.137 0.000   3.189 0.000   4.465 0.000  32.995 0.000  15.164 0.000  17.831 0.000 0.075 0.000  2.206 0.000
276.25 277.25    71.67 0.000   0.45 0.000 99.999 0.259  0.230 0.559   8.766 0.000  12.273 0.000  42.869 0.000  21.647 0.000  21.223 0.000 0.268 0.000  1.191 0.559
279.25 280.25    18.28 0.000   2.72 0.000 99.999 0.259  0.067 0.000   0.824 0.000   1.154 0.000   9.112 0.000   3.379 0.000   5.733 0.000 0.060 0.000  0.812 0.000
282.25 283.25    45.18 0.000   2.35 0.000  0.284 0.000  0.073 0.000   1.896 0.000   2.655 0.000  21.201 0.000  15.113 0.000   6.088 0.000 0.046 0.000  0.317 0.000
285.25 286.25   193.96 0.000   3.17 0.000  1.143 0.000  0.237 0.000   6.323 0.000   8.852 0.000  66.495 0.000  43.447 0.000  23.048 0.000 0.312 0.000  1.149 0.000
288.25 289.25   112.04 0.000   3.30 0.000 99.999 0.259  0.204 0.000   7.051 0.000   9.872 0.000  52.942 0.000  28.974 0.000  23.968 0.000 0.371 0.000  1.580 0.000
291.25 292.25 99999.99 0.999 999.99 0.999 99.999 0.999 99.999 0.999 999.999 0.999 999.999 0.999 999.999 0.999 999.999 0.999 999.999 0.999 9.999 0.999 99.999 0.999
294.25 295.25   214.72 0.000   1.94 0.000 99.999 0.259  0.208 0.000   8.347 0.000  11.686 0.000  74.383 0.000  43.227 0.000  31.155 0.000 0.468 0.000  1.906 0.000
297.25 298.25   182.14 0.000   1.13 0.000  1.188 0.000  0.165 0.000   7.786 0.000  10.901 0.000  78.666 0.000  48.983 0.000  29.683 0.000 0.288 0.000  2.342 0.000
300.25 301.25   210.70 0.000   1.61 0.000 99.999 0.259  0.281 0.559  11.332 0.000  15.864 0.000  75.829 0.000  37.696 0.000  38.133 0.000 0.625 0.000  2.192 0.559
303.25 304.25    45.46 0.000   3.64 0.000 99.999 0.259  0.599 0.000   4.258 0.000   5.961 0.000  23.671 0.000   6.489 0.000  17.181 0.000 0.094 0.000  1.874 0.000
306.25 307.25    53.68 0.000   0.86 0.000 99.999 0.259  0.295 0.000   5.892 0.000   8.249 0.000  31.552 0.000   8.021 0.000  23.530 0.000 0.149 0.000  2.741 0.000
309.25 310.25    24.77 0.000   1.98 0.000 99.999 0.259  0.202 0.000   1.979 0.000   2.770 0.000  11.473 0.000   4.982 0.000   6.492 0.000 0.070 0.000  0.556 0.000
312.25 313.25    19.16 0.000   6.19 0.000 99.999 0.259  0.109 0.000   1.022 0.000   1.431 0.000   6.680 0.000   2.464 0.000   4.216 0.000 0.034 0.000  0.448 0.000
315.25 316.25    15.66 0.000   1.52 0.000 99.999 0.259  0.229 0.000   1.875 0.000   2.625 0.000  13.021 0.000   3.631 0.000   9.390 0.000 0.018 0.000  1.485 0.000
318.25 319.25    10.79 0.000   0.61 0.000 99.999 0.259  0.103 0.000   5.214 0.000   7.300 0.000  14.531 0.000   3.455 0.000  11.075 0.000 0.035 0.000  0.428 0.000
321.25 322.25    28.69 0.000   9.87 0.000 99.999 0.259  0.148 0.000   4.471 0.000   6.260 0.000  23.853 0.000  11.836 0.000  12.017 0.000 0.058 0.000  0.762 0.000
324.25 325.25    11.59 0.000   1.48 0.000 99.999 0.259  0.049 0.000   0.613 0.000   0.859 0.000   5.284 0.000   2.898 0.000   2.385 0.000 0.022 0.000  0.262 0.000
327.25 328.25    65.23 0.000   3.89 0.000 99.999 0.259  1.114 0.000   4.287 0.000   6.002 0.000  27.023 0.000  10.477 0.000  16.546 0.000 0.131 0.000  0.634 0.000
330.25 331.25    33.14 0.000   6.77 0.000 99.999 0.259  0.879 0.000   2.329 0.000   3.260 0.000  17.248 0.000   6.893 0.000  10.355 0.000 0.070 0.000  0.756 0.000
333.25 334.25    33.14 0.000   3.09 0.000 99.999 0.259  0.065 0.000   1.118 0.000   1.565 0.000   7.360 0.000   2.408 0.000   4.952 0.000 0.034 0.000  0.372 0.000
336.25 337.25    16.83 0.000   2.19 0.000 99.999 0.259  0.555 0.000   0.800 0.000   1.120 0.000   7.171 0.000   1.102 0.000   6.069 0.000 0.030 0.000  0.689 0.000
339.25 340.25    38.47 0.000   2.25 0.000 99.999 0.259  0.443 0.000   2.091 0.000   2.927 0.000  10.946 0.000   2.982 0.000   7.963 0.000 0.048 0.000  0.526 0.000
342.25 343.25    24.70 0.000   4.70 0.000 99.999 0.259  0.778 0.000   2.035 0.000   2.849 0.000  14.266 0.000   3.457 0.000  10.809 0.000 0.040 0.000  0.981 0.000
345.25 346.25    22.85 0.000   3.25 0.000 99.999 0.259  0.797 0.000   2.313 0.000   3.238 0.000  17.965 0.000   3.744 0.000  14.221 0.000 0.072 0.000  1.393 0.000
348.25 349.25    35.57 0.000  20.95 0.000 99.999 0.259  0.161 0.000   1.660 0.000   2.324 0.000  11.700 0.000   0.921 0.000  10.779 0.000 0.062 0.000  1.654 0.000
351.25 352.25    94.58 0.000   1.84 0.000 99.999 0.259  0.402 0.000   2.847 0.000   3.985 0.000  17.563 0.000   7.223 0.000  10.340 0.000 0.088 0.000  0.444 0.000
354.25 355.25    61.94 0.000   3.45 0.000 99.999 0.259  0.532 0.000   4.150 0.000   5.810 0.000  17.663 0.000   3.865 0.000  13.798 0.000 0.116 0.000  0.534 0.000
357.25 358.25    37.29 0.000   2.91 0.000 99.999 0.259  0.690 0.000   3.342 0.000   4.679 0.000  17.889 0.000   6.476 0.000  11.413 0.000 0.074 0.000  0.353 0.000
360.25 361.25    44.89 0.000   3.31 0.000 99.999 0.259  0.715 0.000   2.388 0.000   3.344 0.000  16.972 0.000   0.282 0.000  16.690 0.000 0.081 0.000  1.548 0.000
363.25 364.25    46.25 0.000   5.13 0.000 99.999 0.259  0.977 0.000   1.733 0.000   2.426 0.000  19.475 0.000   5.978 0.000  13.496 0.000 0.056 0.000  1.146 0.000
