scripts/IMPROVE-2019_partial/data/US9038R.20060102070000.20191216000000.filterpack..pm25.52w.1w.US03L_filterpack_US9038.US03L_IMPROVE_Davis.lev2.nas
64 1001
MISSING INFORMATION
US03L, IMPROVE, , , , , , , 
MISSING INFORMATION
IMPROVE sel_HTAP
1 1
2006 01 01 2019 12 16
3.000000
days from file reference point
25
1 1 1 1 1 1 1 1 1 1 1 1 1 1 1 1 1 1 1 1 1 1 1 1 1
999.999999 9999.99 9.999999 99.99 9.999999 9.999 9.999999 9.99 9.999999 9.999 9.999999 99.999 9.999999 99.999 9.999999 999.999 9.999 999.999 9.999999 999.999 9.999 9.999 9.999999 9.999 9.999999
end_time of measurement, days from the file reference point
iron, ng/m3, Revision date=20181210133000
numflag iron, no unit, Revision date=20181210133000
lead, ng/m3, Revision date=20181210133000
numflag lead, no unit, Revision date=20181210133000
magnesium, ug/m3, Revision date=20181210133000
numflag magnesium, no unit, Revision date=20181210133000
nickel, ng/m3, Revision date=20181210133000
numflag nickel, no unit, Revision date=20181210133000
nitrate, ug N/m3, Revision date=20181210133000
numflag nitrate, no unit, Revision date=20181210133000
organic_carbon, ug C/m3, Revision date=20181210133000
numflag organic_carbon, no unit, Revision date=20181210133000
organic_mass, ug/m3, Revision date=20181210133000
numflag organic_mass, no unit, Revision date=20181210133000
pm10_mass, ug/m3, Version=2, Version description=Data extracted from http://views.cira.colostate.edu/fed/DataWizard 2019-12-16, Sample duration=1d, Orig. time res.=3d, Matrix=pm10, Blank correction=Blank corrected, Volume std. temperature=ambient, Volume std. pressure=ambient
numflag pm10_mass, no unit, Version=2, Version description=Data extracted from http://views.cira.colostate.edu/fed/DataWizard 2019-12-16, Sample duration=1d, Orig. time res.=3d, Matrix=pm10, Blank correction=Blank corrected, Volume std. temperature=ambient, Volume std. pressure=ambient
pm10_pm25_mass, ug/m3, Revision date=20181210133000, Matrix=pm10_pm25
numflag pm10_pm25_mass, no unit, Revision date=20181210133000, Matrix=pm10_pm25
pm25_mass, ug/m3, Version=2, Version description=Data extracted from http://views.cira.colostate.edu/fed/DataWizard 2019-12-16, Sample duration=1d, Orig. time res.=3d, Blank correction=Blank corrected, Volume std. temperature=ambient, Volume std. pressure=ambient
numflag pm25_mass, no unit, Version=2, Version description=Data extracted from http://views.cira.colostate.edu/fed/DataWizard 2019-12-16, Sample duration=1d, Orig. time res.=3d, Blank correction=Blank corrected, Volume std. temperature=ambient, Volume std. pressure=ambient
potassium, ug/m3, Revision date=20181210133000
numflag potassium, no unit, Revision date=20181210133000
sulphate_total, ug S/m3, Revision date=20181210133000
numflag sulphate_total, no unit, Revision date=20181210133000
0
25
Data definition:              EBAS_1.1
Set type code:                TU
Timezone:                     UTC
File name:                    US9038R.20060102070000.20191216000000.filterpack..pm25.52w.1w.US03L_filterpack_US9038.US03L_IMPROVE_Davis.lev2.nas
File creation:                20191218120757
Startdate:                    20060102070000
Revision date:                20191216000000
Statistics:                   arithmetic mean
Data level:                   2
Period code:                  52w
Resolution code:              1w
Station code:                 US9038R
Platform code:                US9038S
Station name:                 Saguaro NM
Station latitude:             32.1746
Station longitude:            -110.7371
Station altitude:             941.0 m
Regime:                       IMG
Component:                    
Matrix:                       pm25
Laboratory code:              US03L
Instrument type:              filterpack
Instrument name:              filterpack_US9038
Method ref:                   US03L_IMPROVE_Davis
starttime endtime Fe flag_Fe Pb flag_Pb Mg++ flag_Mg++ Ni flag_Ni NO3- flag_NO3- OC flag_OC OM flag_OM PM10 flag_PM10 PM10-PM2.5 flag_PM10-PM2.5 PM2.5 flag_PM2.5 K+ flag_K+ SO4-- flag_SO4--
  1.291667   2.291667   36.66 0.000000  0.41 0.000000 0.020 0.000000 0.23 0.000000 0.050 0.000000  0.348 0.559000  0.487 0.559000   7.580 0.000   5.123 0.000000   2.456 0.000 0.059 0.000000 0.138 0.000000
  4.291667   5.291667  130.95 0.000000  1.97 0.000000 0.048 0.000000 9.99 0.259000 0.064 0.000000  0.496 0.000000  0.694 0.000000  21.726 0.000  17.024 0.000000   4.702 0.000 0.091 0.000000 0.114 0.000000
  7.291667   8.291667  174.82 0.000000  1.89 0.000000 0.070 0.000000 9.99 0.259000 0.061 0.000000  0.884 0.000000  1.238 0.000000  18.745 0.000  12.639 0.000000   6.106 0.000 0.169 0.000000 0.126 0.000000
 10.291667  11.291667  329.98 0.000000  2.51 0.000000 0.133 0.000000 0.27 0.000000 0.075 0.000000  0.922 0.000000  1.291 0.000000  34.673 0.000  24.796 0.000000   9.877 0.000 0.228 0.000000 0.217 0.000000
 13.291667  14.291667  216.23 0.000000  2.51 0.000000 0.083 0.000000 0.28 0.000000 0.059 0.000000  0.783 0.000000  1.097 0.000000  21.753 0.000  14.866 0.000000   6.887 0.000 0.168 0.000000 0.216 0.000000
 16.291667  17.291667   99.95 0.000000  1.23 0.000000 0.034 0.000000 9.99 0.259000 0.127 0.000000  0.797 0.000000  1.116 0.000000  16.248 0.000  12.539 0.000000   3.708 0.000 0.078 0.000000 0.058 0.000000
 19.291667  20.291667  146.40 0.000000  1.23 0.000000 0.055 0.000000 0.09 0.000000 0.097 0.000000  0.880 0.000000  1.233 0.000000  16.727 0.000  11.680 0.000000   5.047 0.000 0.097 0.000000 0.079 0.000000
 22.291667  23.291667   89.82 0.000000  2.77 0.000000 0.031 0.000000 9.99 0.259000 0.081 0.000000  0.579 0.559000  0.810 0.559000  14.557 0.000   9.976 0.000000   4.581 0.000 0.079 0.000000 0.292 0.000000
 25.291667  26.291667  119.56 0.000000  2.22 0.000000 0.047 0.000000 0.10 0.000000 0.167 0.000000  0.668 0.559000  0.935 0.559000  16.549 0.000  11.197 0.000000   5.352 0.000 0.081 0.000000 0.273 0.000000
 28.291667  29.291667   58.40 0.000000  0.95 0.000000 0.021 0.000000 9.99 0.259000 0.128 0.000000  0.861 0.559000  1.205 0.559000  10.001 0.000   6.857 0.000000   3.144 0.000 0.052 0.000000 0.114 0.000000
 31.291667  32.291667  122.14 0.000000  0.99 0.000000 9.999 0.259000 9.99 0.259000 0.116 0.000000  0.824 0.000000  1.154 0.000000  18.462 0.000  13.748 0.000000   4.715 0.000 0.086 0.000000 0.135 0.000000
 34.291667  35.291667  100.59 0.000000  3.40 0.000000 9.999 0.259000 9.99 0.259000 0.086 0.000000  0.544 0.559000  0.761 0.559000  11.765 0.000   7.329 0.000000   4.436 0.000 0.081 0.000000 0.275 0.000000
 37.291667  38.291667   56.85 0.000000  0.47 0.000000 9.999 0.259000 9.99 0.259000 0.020 0.000000  0.203 0.559000  0.284 0.559000   8.869 0.000   6.933 0.000000   1.936 0.000 0.041 0.000000 0.058 0.000000
 40.291667  41.291667  118.75 0.000000  1.18 0.000000 9.999 0.259000 0.18 0.000000 0.126 0.000000  0.827 0.559000  1.157 0.559000  16.368 0.000  10.656 0.000000   5.712 0.000 0.088 0.000000 0.389 0.000000
 43.291667  44.291667   95.06 0.000000  1.53 0.000000 9.999 0.259000 9.99 0.259000 0.056 0.000000  0.807 0.000000  1.130 0.000000  14.558 0.000  10.414 0.000000   4.144 0.000 0.067 0.000000 0.153 0.000000
 46.291667  47.291667  116.77 0.000000  1.33 0.000000 9.999 0.259000 0.40 0.000000 0.218 0.000000  0.745 0.000000  1.042 0.000000  19.463 0.000  13.243 0.000000   6.220 0.000 0.095 0.000000 0.262 0.000000
 49.291667  50.291667   65.56 0.000000  1.11 0.000000 9.999 0.259000 9.99 0.259000 0.134 0.000000  0.634 0.000000  0.888 0.000000  13.339 0.000  10.040 0.000000   3.299 0.000 0.059 0.000000 0.131 0.000000
 52.291667  53.291667  127.16 0.000000  1.18 0.000000 9.999 0.259000 9.99 0.259000 0.274 0.000000  0.814 0.000000  1.140 0.000000  15.031 0.000  10.312 0.000000   4.719 0.000 0.083 0.000000 0.142 0.000000
 55.291667  56.291667   91.68 0.000000  2.19 0.000000 9.999 0.259000 9.99 0.259000 0.110 0.000000  0.592 0.000000  0.829 0.000000  13.975 0.000  10.077 0.000000   3.898 0.000 0.070 0.000000 0.236 0.000000
 58.291667  59.291667   98.53 0.000000  1.32 0.000000 9.999 0.259000 9.99 0.259000 0.059 0.000000  0.631 0.559000  0.883 0.559000  14.466 0.000  10.709 0.000000   3.757 0.000 0.070 0.000000 0.174 0.000000
 61.291667  62.291667   92.05 0.000000  0.91 0.000000 9.999 0.259000 9.99 0.259000 0.045 0.000000  0.324 0.000000  0.453 0.000000  11.944 0.000   8.121 0.000000   3.824 0.000 0.075 0.000000 0.229 0.000000
 64.291667  65.291667  120.32 0.000000  1.30 0.000000 0.034 0.000000 0.10 0.000000 0.046 0.000000  0.496 0.000000  0.694 0.000000  16.892 0.000  12.852 0.000000   4.040 0.000 0.085 0.000000 0.153 0.000000
 67.291667  68.291667   99.73 0.000000  0.36 0.000000 9.999 0.259000 0.14 0.000000 0.053 0.000000  0.331 0.000000  0.463 0.000000  13.365 0.000  10.017 0.000000   3.348 0.000 0.072 0.000000 0.102 0.000000
 70.291667  71.291667   10.82 0.000000  0.52 0.000000 9.999 0.259000 0.11 0.000000 0.054 0.000000  0.600 0.000000  0.840 0.000000   2.119 0.000   0.898 0.000000   1.222 0.000 0.018 0.000000 0.052 0.000000
 73.291667  74.291667   73.63 0.000000  3.66 0.000000 9.999 0.259000 9.99 0.259000 0.415 0.000000  0.831 0.559000  1.163 0.559000   9.945 0.000   5.919 0.000000   4.026 0.000 0.041 0.000000 0.232 0.000000
 76.291667  77.291667   67.40 0.000000  1.53 0.000000 9.999 0.259000 0.39 0.000000 0.054 0.000000  0.262 0.000000  0.367 0.000000  10.025 0.000   6.470 0.000000   3.555 0.000 0.051 0.000000 0.290 0.000000
 79.291667  80.291667   43.89 0.000000  0.96 0.000000 9.999 0.259000 0.11 0.000000 0.110 0.000000  0.340 0.000000  0.475 0.000000   6.880 0.000   4.087 0.000000   2.793 0.000 0.032 0.000000 0.200 0.000000
 82.291667  83.291667   72.53 0.559394  0.73 0.559394 0.018 0.559394 0.31 0.559394 0.034 0.559394  0.529 0.559394  0.741 0.559394   8.309 0.000   4.574 0.559394   3.735 0.659 0.049 0.559394 0.287 0.559394
 85.291667  86.291667  101.68 0.000000  1.53 0.000000 0.033 0.000000 0.38 0.000000 0.084 0.000000  0.660 0.000000  0.923 0.000000   6.121 0.000   1.360 0.000000   4.761 0.000 0.072 0.000000 0.251 0.000000
 88.291667  89.291667   58.95 0.000000  0.87 0.000000 9.999 0.259000 9.99 0.259000 0.052 0.000000  0.469 0.000000  0.656 0.000000   7.566 0.000   5.366 0.000000   2.200 0.000 0.035 0.000000 0.082 0.000000
 91.291667  92.291667   91.45 0.000000  3.19 0.000000 0.036 0.000000 0.08 0.000000 0.061 0.000000  0.745 0.000000  1.043 0.000000  11.112 0.000   6.125 0.000000   4.987 0.000 0.070 0.000000 0.472 0.000000
 94.291667  95.291667 9999.99 0.999000 99.99 0.999000 9.999 0.999000 9.99 0.999000 9.999 0.999000 99.999 0.999000 99.999 0.999000 999.999 0.999 999.999 0.999000 999.999 0.999 9.999 0.999000 9.999 0.999000
 97.291667  98.291667  115.45 0.000000  1.79 0.000000 0.048 0.000000 9.99 0.259000 0.044 0.000000  0.592 0.000000  0.829 0.000000  12.113 0.000   8.477 0.000000   3.636 0.000 0.072 0.000000 0.174 0.000000
100.291667 101.291667   73.66 0.000000  0.47 0.000000 0.039 0.000000 9.99 0.259000 0.046 0.000000  0.375 0.000000  0.525 0.000000   6.528 0.000   3.994 0.000000   2.533 0.000 0.048 0.000000 0.146 0.000000
103.291667 104.291667  107.29 0.000000 99.99 0.259000 0.045 0.000000 0.15 0.000000 0.034 0.000000  0.477 0.000000  0.667 0.000000  21.547 0.000  16.928 0.000000   4.619 0.000 0.089 0.000000 0.286 0.000000
106.291667 107.291667  150.88 0.000000  1.23 0.000000 0.078 0.000000 9.99 0.259000 0.047 0.000000  0.363 0.000000  0.508 0.000000  11.544 0.000   7.264 0.000000   4.280 0.000 0.093 0.000000 0.183 0.000000
109.291667 110.291667  234.27 0.000000  2.00 0.000000 0.125 0.000000 9.99 0.259000 0.049 0.559000  0.655 0.000000  0.917 0.000000  15.993 0.000   9.630 0.000000   6.362 0.000 0.141 0.000000 0.204 0.559000
112.291667 113.291667  310.70 0.000000  2.47 0.000000 0.173 0.000000 0.23 0.000000 0.099 0.559000  0.487 0.000000  0.683 0.000000  21.641 0.000  11.487 0.000000  10.154 0.000 0.187 0.000000 0.445 0.559000
115.291667 116.291667  242.35 0.000000  2.59 0.000000 0.109 0.000000 0.17 0.000000 0.067 0.559000  0.602 0.000000  0.843 0.000000  20.981 0.000  12.658 0.000000   8.322 0.000 0.172 0.000000 0.445 0.559000
118.291667 119.291667  156.55 0.000000  2.71 0.000000 0.069 0.000000 9.99 0.259000 0.094 0.559000  0.781 0.000000  1.094 0.000000  16.149 0.000   9.859 0.000000   6.290 0.000 0.124 0.000000 0.304 0.559000
121.291667 122.291667  101.18 0.000000  0.63 0.000000 9.999 0.259000 0.18 0.000000 0.044 0.559000  0.714 0.000000  0.999 0.000000  13.123 0.000   8.468 0.000000   4.655 0.000 0.067 0.000000 0.224 0.559000
124.291667 125.291667  151.25 0.000000  1.20 0.000000 9.999 0.259000 0.28 0.000000 0.070 0.559000  0.396 0.000000  0.554 0.000000  15.828 0.000   9.697 0.000000   6.130 0.000 0.100 0.000000 0.316 0.559000
127.291667 128.291667  115.99 0.000000  1.44 0.000000 0.029 0.000000 9.99 0.259000 0.120 0.559000  0.631 0.000000  0.883 0.000000  13.780 0.000   7.011 0.000000   6.770 0.000 0.079 0.000000 0.502 0.559000
130.291667 131.291667  226.88 0.000000  1.89 0.000000 9.999 0.259000 0.19 0.000000 0.095 0.559000  0.776 0.000000  1.087 0.000000  23.727 0.000  15.736 0.000000   7.991 0.000 0.134 0.000000 0.411 0.559000
133.291667 134.291667  158.62 0.000000  1.70 0.000000 0.041 0.000000 0.39 0.000000 0.075 0.559000  0.920 0.000000  1.288 0.000000  14.664 0.000   8.007 0.000000   6.657 0.000 0.104 0.000000 0.450 0.559000
136.291667 137.291667   87.33 0.000000  0.52 0.000000 0.016 0.000000 9.99 0.259000 0.040 0.559000  0.765 0.000000  1.071 0.000000  13.939 0.000   8.684 0.000000   5.255 0.000 0.075 0.000000 0.365 0.559000
139.291667 140.291667   77.03 0.000000  0.87 0.000000 9.999 0.259000 0.25 0.000000 0.059 0.559000  0.913 0.000000  1.278 0.000000  14.004 0.000   8.349 0.000000   5.655 0.000 0.082 0.000000 0.472 0.559000
142.291667 143.291667  104.65 0.000000  0.69 0.000000 0.026 0.000000 9.99 0.259000 0.078 0.559000  0.731 0.000000  1.023 0.000000  17.954 0.000  13.269 0.000000   4.685 0.000 0.068 0.000000 0.178 0.559000
145.291667 146.291667  103.70 0.000000  0.87 0.000000 9.999 0.259000 0.41 0.000000 0.037 0.559000  0.308 0.000000  0.431 0.000000  18.070 0.000  13.624 0.000000   4.446 0.000 0.078 0.000000 0.238 0.559000
148.291667 149.291667  162.59 0.000000  1.04 0.000000 9.999 0.259000 0.15 0.000000 0.101 0.559000  1.231 0.000000  1.724 0.000000  20.648 0.000  11.782 0.000000   8.865 0.000 0.189 0.000000 0.374 0.559000
151.291667 152.291667  183.23 0.000000  1.29 0.000000 0.073 0.000000 9.99 0.259000 0.060 0.559000  1.109 0.000000  1.552 0.000000  26.302 0.000  18.765 0.000000   7.537 0.000 0.138 0.000000 0.280 0.559000
154.291667 155.291667  121.16 0.000000  1.12 0.000000 0.062 0.000000 0.39 0.000000 0.075 0.559000  1.428 0.000000  1.999 0.000000  22.419 0.000  14.203 0.000000   8.216 0.000 0.114 0.000000 0.573 0.559000
157.291667 158.291667   63.16 0.000000  0.60 0.000000 0.030 0.000000 9.99 0.259000 0.033 0.559000  0.659 0.000000  0.923 0.000000  10.240 0.000   6.695 0.000000   3.545 0.000 0.051 0.000000 0.239 0.559000
160.291667 161.291667   48.69 0.000000  0.62 0.000000 0.022 0.000000 0.38 0.000000 0.029 0.559000  0.445 0.000000  0.622 0.000000   8.811 0.000   5.370 0.000000   3.441 0.000 0.044 0.000000 0.359 0.559000
163.291667 164.291667   82.13 0.000000  0.80 0.000000 9.999 0.259000 0.07 0.000000 0.037 0.559000  0.730 0.000000  1.022 0.000000  13.396 0.000   8.073 0.000000   5.322 0.000 0.063 0.000000 0.505 0.559000
166.291667 167.291667  109.40 0.000000  0.96 0.000000 0.056 0.000000 0.27 0.000000 0.078 0.559000  0.840 0.000000  1.176 0.000000  14.181 0.000   8.082 0.000000   6.099 0.000 0.114 0.000000 0.367 0.559000
169.291667 170.291667   93.60 0.000000  0.88 0.000000 0.061 0.000000 0.41 0.000000 0.090 0.559000  0.727 0.000000  1.018 0.000000  17.637 0.000  10.974 0.000000   6.663 0.000 0.115 0.000000 0.537 0.559000
172.291667 173.291667  104.52 0.000000  1.38 0.000000 0.038 0.000000 0.27 0.000000 0.071 0.559000  0.707 0.559000  0.990 0.559000  17.534 0.000  11.622 0.000000   5.911 0.000 0.091 0.000000 0.409 0.559000
175.291667 176.291667  286.79 0.000000  0.66 0.000000 0.129 0.000000 0.11 0.000000 0.047 0.559000  1.400 0.000000  1.960 0.000000  40.140 0.000  29.453 0.000000  10.687 0.000 0.220 0.000000 0.408 0.559000
178.291667 179.291667   56.38 0.000000  0.82 0.000000 0.021 0.000000 9.99 0.259000 0.039 0.559000  0.828 0.559000  1.159 0.559000  15.688 0.000  10.096 0.000000   5.592 0.000 0.055 0.000000 0.514 0.559000
181.291667 182.291667   52.69 0.000000  0.73 0.000000 9.999 0.259000 0.14 0.000000 0.036 0.559000  1.132 0.000000  2.037 0.000000  12.172 0.000   6.429 0.000000   5.743 0.000 0.063 0.000000 0.389 0.559000
184.291667 185.291667   58.95 0.000000  0.72 0.000000 0.013 0.000000 0.46 0.000000 0.083 0.559000  0.345 0.000000  0.620 0.000000  16.681 0.000  10.861 0.000000   5.820 0.000 0.077 0.000000 0.504 0.559000
187.291667 188.291667   26.89 0.000000  0.64 0.000000 9.999 0.259000 9.99 0.259000 0.026 0.559000  0.486 0.000000  0.876 0.000000   5.822 0.000   3.144 0.000000   2.678 0.000 0.021 0.000000 0.176 0.559000
190.291667 191.291667   53.72 0.000000  0.83 0.000000 0.011 0.000000 0.39 0.000000 0.073 0.559000  0.534 0.000000  0.961 0.000000  14.028 0.000   9.470 0.000000   4.558 0.000 0.059 0.000000 0.415 0.559000
193.291667 194.291667   78.72 0.000000  0.86 0.000000 0.020 0.000000 0.32 0.000000 0.069 0.559000  0.680 0.000000  1.223 0.000000  15.435 0.000  10.114 0.000000   5.321 0.000 0.082 0.000000 0.515 0.559000
196.291667 197.291667  181.47 0.000000  0.88 0.000000 9.999 0.259000 9.99 0.259000 0.048 0.559000  0.900 0.000000  1.620 0.000000  29.644 0.000  22.147 0.000000   7.497 0.000 0.135 0.000000 0.304 0.559000
199.291667 200.291667   88.86 0.000000  0.51 0.000000 0.020 0.000000 9.99 0.259000 0.033 0.559000  0.491 0.000000  0.884 0.000000   9.971 0.000   6.074 0.000000   3.897 0.000 0.051 0.000000 0.283 0.559000
202.291667 203.291667   60.97 0.000000  0.51 0.000000 9.999 0.259000 9.99 0.259000 0.037 0.559000  1.247 0.000000  2.245 0.000000  17.817 0.000  10.729 0.000000   7.089 0.000 0.057 0.000000 0.706 0.559000
205.291667 206.291667  115.68 0.000000  0.89 0.000000 0.023 0.000000 0.54 0.000000 0.125 0.559000  0.978 0.000000  1.761 0.000000  23.856 0.000  16.126 0.000000   7.731 0.000 0.100 0.000000 0.731 0.559000
208.291667 209.291667   42.62 0.000000  0.49 0.000000 0.009 0.000000 0.22 0.000000 0.091 0.000000  0.923 0.000000  1.661 0.000000   8.318 0.000   3.877 0.000000   4.441 0.000 0.061 0.000000 0.365 0.000000
211.291667 212.291667   27.22 0.000000  0.56 0.000000 9.999 0.259000 9.99 0.259000 9.999 0.699000  0.486 0.000000  0.875 0.000000   5.641 0.000   2.561 0.000000   3.080 0.000 0.025 0.000000 9.999 0.699000
214.291667 215.291667  111.26 0.000000  0.57 0.000000 9.999 0.259000 0.30 0.000000 0.059 0.559000  0.479 0.000000  0.862 0.000000   9.812 0.000   4.727 0.000000   5.086 0.000 0.075 0.000000 0.408 0.559000
217.291667 218.291667   57.52 0.000000  0.83 0.000000 0.014 0.000000 0.14 0.000000 0.042 0.559000  0.651 0.000000  1.171 0.000000   8.881 0.000   5.383 0.000000   3.497 0.000 0.041 0.000000 0.280 0.559000
220.291667 221.291667   54.74 0.000000  0.72 0.000000 9.999 0.259000 9.99 0.259000 0.043 0.559000  0.642 0.000000  1.157 0.000000   6.878 0.000   3.184 0.000000   3.695 0.000 0.027 0.000000 0.387 0.559000
223.291667 224.291667   35.64 0.000000  0.83 0.000000 9.999 0.259000 0.35 0.000000 0.033 0.559000  0.553 0.000000  0.996 0.000000   7.041 0.000   3.582 0.000000   3.459 0.000 0.028 0.000000 0.351 0.559000
226.291667 227.291667 9999.99 0.999000 99.99 0.999000 9.999 0.999000 9.99 0.999000 9.999 0.999000 99.999 0.999000 99.999 0.999000 999.999 0.999 999.999 0.999000 999.999 0.999 9.999 0.999000 9.999 0.999000
229.291667 230.291667   61.33 0.000000  0.84 0.000000 9.999 0.259000 0.21 0.000000 9.999 0.699000  0.419 0.000000  0.754 0.000000  12.433 0.000   8.108 0.000000   4.324 0.000 0.040 0.000000 9.999 0.699000
232.291667 233.291667   34.63 0.000000  0.59 0.000000 0.010 0.000000 0.15 0.000000 0.020 0.559000  0.491 0.000000  0.884 0.000000   8.347 0.000   3.915 0.000000   4.431 0.000 0.022 0.000000 0.595 0.559000
