scripts/IMPROVE-2019_partial/data/US9023R.20040101050000.20191216000000.filterpack..pm25.52w.1w.US03L_filterpack_US9023_2.US03L_IMPROVE_Davis.lev2.nas
52 1001
MISSING INFORMATION
US03L, IMPROVE, , , , , , , 
MISSING INFORMATION
IMPROVE sel_HTAP
1 1
2004 01 01 2019 12 16
3.000000
days from file reference point
13
1 1 1 1 1 1 1 1 1 1 1 1 1
999.999999 999.99 9.999 99.99 9.999 9.999 9.999999 99.99 9.999 999.999 9.999 9.999 9.999
end_time of measurement, days from the file reference point
iron, ng/m3, Revision date=20181210133000
numflag iron, no unit, Revision date=20181210133000
lead, ng/m3, Revision date=20181210133000
numflag lead, no unit, Revision date=20181210133000
magnesium, ug/m3, Revision date=20181210133000
numflag magnesium, no unit, Revision date=20181210133000
nickel, ng/m3, Revision date=20181210133000
numflag nickel, no unit, Revision date=20181210133000
pm25_mass, ug/m3, Version=2, Version description=Data extracted from http://views.cira.colostate.edu/fed/DataWizard 2019-12-16, Sample duration=1d, Orig. time res.=3d, Blank correction=Blank corrected, Volume std. temperature=ambient, Volume std. pressure=ambient
numflag pm25_mass, no unit, Version=2, Version description=Data extracted from http://views.cira.colostate.edu/fed/DataWizard 2019-12-16, Sample duration=1d, Orig. time res.=3d, Blank correction=Blank corrected, Volume std. temperature=ambient, Volume std. pressure=ambient
potassium, ug/m3, Revision date=20181210133000
numflag potassium, no unit, Revision date=20181210133000
0
25
Data definition:              EBAS_1.1
Set type code:                TU
Timezone:                     UTC
File name:                    US9023R.20040101050000.20191216000000.filterpack..pm25.52w.1w.US03L_filterpack_US9023_2.US03L_IMPROVE_Davis.lev2.nas
File creation:                20191218120639
Startdate:                    20040101050000
Revision date:                20191216000000
Statistics:                   arithmetic mean
Data level:                   2
Period code:                  52w
Resolution code:              1w
Station code:                 US9023R
Platform code:                US9023S
Station name:                 Proctor Maple R. F.
Station latitude:             44.5284
Station longitude:            -72.8688
Station altitude:             401.0 m
Regime:                       IMG
Component:                    
Matrix:                       pm25
Laboratory code:              US03L
Instrument type:              filterpack
Instrument name:              filterpack_US9023_2
Method ref:                   US03L_IMPROVE_Davis
starttime endtime Fe flag_Fe Pb flag_Pb Mg++ flag_Mg++ Ni flag_Ni PM2.5 flag_PM2.5 K+ flag_K+
  0.208333   1.208333   4.98 0.000  2.15 0.000 0.037 0.000000 99.99 0.259   2.886 0.000 0.018 0.000
  3.208333   4.208333   8.07 0.000  1.10 0.000 0.020 0.000000  0.38 0.000   3.625 0.000 0.023 0.000
  6.208333   7.208333  12.66 0.000  0.93 0.000 9.999 0.259000  0.25 0.000   2.437 0.000 0.021 0.000
  9.208333  10.208333   8.13 0.000  0.69 0.000 9.999 0.259000  0.25 0.000   2.657 0.000 0.028 0.000
 12.208333  13.208333  13.60 0.000  1.94 0.000 0.046 0.000000  0.83 0.000   6.761 0.000 0.045 0.000
 15.208333  16.208333   4.15 0.000  1.24 0.000 0.059 0.000000  0.12 0.000   2.600 0.000 0.027 0.000
 18.208333  19.208333   3.70 0.000  1.91 0.000 0.034 0.000000  0.21 0.000   2.377 0.000 0.028 0.000
 21.208333  22.208333  14.62 0.000  1.65 0.000 9.999 0.259000  0.52 0.000   4.394 0.000 0.028 0.000
 24.208333  25.208333   5.76 0.000  1.82 0.000 9.999 0.259000  0.25 0.000   2.300 0.000 0.026 0.000
 27.208333  28.208333  24.81 0.000  1.96 0.000 0.024 0.000000  1.28 0.000  12.029 0.000 0.117 0.000
 30.208333  31.208333   7.63 0.000  2.70 0.000 0.023 0.000000  0.20 0.000   2.916 0.000 0.027 0.000
 33.208333  34.208333   5.88 0.000  1.21 0.000 9.999 0.259000  0.64 0.000   3.457 0.000 0.022 0.000
 36.208333  37.208333   3.13 0.000  1.44 0.000 9.999 0.259000  0.39 0.000   1.872 0.000 0.017 0.000
 39.208333  40.208333  12.84 0.000  2.09 0.000 9.999 0.259000  0.28 0.000   4.579 0.000 0.025 0.000
 42.208333  43.208333   9.78 0.000  1.53 0.000 9.999 0.259000  0.62 0.000   3.655 0.000 0.028 0.000
 45.208333  46.208333   6.26 0.000  1.24 0.000 0.044 0.000000  0.29 0.000   1.980 0.000 0.017 0.000
 48.208333  49.208333  24.91 0.000  2.44 0.000 9.999 0.259000  2.57 0.000   8.612 0.000 0.044 0.000
 51.208333  52.208333   9.13 0.000  1.36 0.000 9.999 0.259000  0.73 0.000   5.890 0.000 0.021 0.000
 54.208333  55.208333  18.37 0.000  3.64 0.000 9.999 0.259000  0.68 0.000   5.489 0.000 0.033 0.000
 57.208333  58.208333  21.69 0.000  3.06 0.000 9.999 0.259000  1.18 0.000   4.428 0.000 0.026 0.000
 60.208333  61.208333  46.73 0.000  6.45 0.000 9.999 0.259000  0.52 0.000  18.416 0.000 0.061 0.000
 63.208333  64.208333  12.35 0.000  2.65 0.000 9.999 0.259000  0.48 0.000   9.330 0.000 0.030 0.000
 66.208333  67.208333   5.70 0.000  2.65 0.000 9.999 0.259000 99.99 0.259   3.046 0.000 0.022 0.000
 69.208333  70.208333   7.66 0.000  1.48 0.000 9.999 0.259000  0.26 0.000   5.081 0.000 0.030 0.000
 72.208333  73.208333   5.82 0.000  1.50 0.000 9.999 0.259000  0.11 0.000   2.820 0.000 0.026 0.000
 75.208333  76.208333  16.28 0.000  1.98 0.000 9.999 0.259000  0.18 0.000   2.506 0.000 0.027 0.000
 78.208333  79.208333  23.96 0.000  2.88 0.000 9.999 0.259000  0.90 0.000  10.068 0.000 0.059 0.000
 81.208333  82.208333  11.03 0.000  1.83 0.000 9.999 0.259000 99.99 0.259   2.619 0.000 0.020 0.000
 84.208333  85.208333  38.65 0.000  4.37 0.000 9.999 0.259000  0.96 0.000  12.716 0.000 0.063 0.000
 87.208333  88.208333   9.60 0.000  1.90 0.000 9.999 0.259000  0.18 0.000   3.442 0.000 0.055 0.000
 90.208333  91.208333  13.96 0.000  1.43 0.000 9.999 0.259000  0.51 0.000   4.761 0.000 0.025 0.000
 93.208333  94.208333   1.34 0.000  1.62 0.000 9.999 0.259000 99.99 0.259   2.041 0.000 0.016 0.000
 96.208333  97.208333   9.68 0.000  1.12 0.000 9.999 0.259000  0.19 0.000   1.462 0.000 0.013 0.000
 99.208333 100.208333  14.75 0.000  3.79 0.000 9.999 0.259000  0.22 0.000   3.579 0.000 0.025 0.000
102.208333 103.208333   9.97 0.000  1.34 0.000 9.999 0.259000 99.99 0.259   3.093 0.000 0.025 0.000
105.208333 106.208333  21.51 0.000  1.71 0.000 9.999 0.259000  0.39 0.000   3.653 0.000 0.034 0.000
108.208333 109.208333  33.88 0.000  3.89 0.000 9.999 0.259000  0.40 0.000   7.606 0.000 0.051 0.000
111.208333 112.208333  22.36 0.000  1.68 0.000 9.999 0.259000  0.48 0.000   4.064 0.000 0.021 0.000
114.208333 115.208333  19.19 0.000  1.79 0.000 9.999 0.259000  0.28 0.000   2.946 0.000 0.024 0.000
117.208333 118.208333  13.97 0.000  1.24 0.000 0.062 0.000000  0.29 0.000   3.929 0.000 0.018 0.000
120.208333 121.208333  57.50 0.000  3.29 0.000 9.999 0.259000  0.28 0.000  12.726 0.000 0.059 0.000
123.208333 124.208333   2.21 0.000  0.70 0.000 9.999 0.259000 99.99 0.259   1.092 0.000 0.006 0.000
126.208333 127.208333  24.82 0.000  2.62 0.000 9.999 0.259000  0.24 0.000   9.643 0.000 0.028 0.000
129.208333 130.208333  36.68 0.000  3.30 0.000 9.999 0.259000  0.77 0.000   6.027 0.000 0.040 0.000
132.208333 133.208333 999.99 0.999 99.99 0.999 9.999 0.999000 99.99 0.999 999.999 0.999 9.999 0.999
135.208333 136.208333 999.99 0.999 99.99 0.999 9.999 0.999000 99.99 0.999 999.999 0.999 9.999 0.999
138.208333 139.208333 999.99 0.999 99.99 0.999 9.999 0.999000 99.99 0.999 999.999 0.999 9.999 0.999
141.208333 142.208333 999.99 0.999 99.99 0.999 9.999 0.999000 99.99 0.999 999.999 0.999 9.999 0.999
144.208333 145.208333 999.99 0.999 99.99 0.999 9.999 0.999000 99.99 0.999 999.999 0.999 9.999 0.999
147.208333 148.208333 999.99 0.999 99.99 0.999 9.999 0.999000 99.99 0.999 999.999 0.999 9.999 0.999
150.208333 151.208333 999.99 0.999 99.99 0.999 9.999 0.999000 99.99 0.999 999.999 0.999 9.999 0.999
153.208333 154.208333 999.99 0.999 99.99 0.999 9.999 0.999000 99.99 0.999 999.999 0.999 9.999 0.999
156.208333 157.208333  20.81 0.000  1.16 0.000 9.999 0.259000  0.14 0.000   3.382 0.000 0.019 0.000
159.208333 160.208333  53.26 0.000  3.70 0.000 9.999 0.259000  0.34 0.000  27.139 0.000 0.045 0.000
162.208333 163.208333  26.94 0.000  1.32 0.000 9.999 0.259000  0.14 0.000   2.335 0.000 0.021 0.000
165.208333 166.208333  34.14 0.000  1.80 0.000 9.999 0.259000  0.73 0.000  11.380 0.000 0.035 0.000
168.208333 169.208333  15.45 0.000  1.36 0.000 0.048 0.000000  0.40 0.000   4.861 0.000 0.020 0.000
171.208333 172.208333   7.39 0.000  1.04 0.000 9.999 0.259000  0.13 0.000   1.989 0.000 0.012 0.000
174.208333 175.208333  15.88 0.000  2.09 0.000 9.999 0.259000  0.26 0.000   6.638 0.000 0.023 0.000
177.208333 178.208333   6.12 0.000  0.76 0.000 9.999 0.259000  0.16 0.000   2.080 0.000 0.011 0.000
180.208333 181.208333  20.03 0.000  1.06 0.000 9.999 0.259000  0.39 0.000   4.524 0.000 0.033 0.000
183.208333 184.208333  12.70 0.000  1.37 0.000 9.999 0.259000  0.26 0.000   8.315 0.000 0.034 0.000
186.208333 187.208333  18.30 0.000  3.13 0.000 0.113 0.000000  0.52 0.000  12.721 0.000 0.195 0.000
189.208333 190.208333  13.19 0.000  0.93 0.000 0.035 0.000000  0.82 0.000   8.117 0.000 0.022 0.000
192.208333 193.208333   4.12 0.000  0.66 0.000 9.999 0.259000 99.99 0.259   4.449 0.000 0.031 0.000
195.208333 196.208333   3.78 0.000  0.39 0.000 9.999 0.259000 99.99 0.259   2.294 0.000 0.017 0.000
198.208333 199.208333   5.69 0.000  1.37 0.000 9.999 0.259000  0.20 0.000   4.763 0.000 0.026 0.000
201.208333 202.208333  14.10 0.394  1.91 0.394 9.999 0.394259  0.36 0.394  14.283 0.000 0.079 0.394
204.208333 205.208333  37.20 0.000  3.29 0.000 9.999 0.259000  3.10 0.000  30.359 0.000 0.058 0.000
207.208333 208.208333   7.44 0.000  1.43 0.000 9.999 0.259000  0.26 0.000   5.927 0.000 0.031 0.000
210.208333 211.208333   5.75 0.000  0.82 0.000 9.999 0.259000  0.31 0.000   5.931 0.000 0.017 0.000
213.208333 214.208333  12.04 0.000  1.57 0.000 9.999 0.259000  0.21 0.000  11.165 0.000 0.029 0.000
216.208333 217.208333   9.25 0.000  2.13 0.000 0.041 0.000000 99.99 0.259   5.909 0.000 0.023 0.000
219.208333 220.208333  15.30 0.000  1.72 0.000 9.999 0.259000  0.34 0.000   4.348 0.000 0.025 0.000
222.208333 223.208333  22.01 0.000  2.17 0.000 9.999 0.259000  0.29 0.000  17.498 0.000 0.029 0.000
225.208333 226.208333   4.97 0.000  0.99 0.000 9.999 0.259000  0.25 0.000   4.438 0.000 0.013 0.000
228.208333 229.208333   6.40 0.000  1.81 0.000 9.999 0.259000 99.99 0.259   5.682 0.000 0.020 0.000
231.208333 232.208333  45.81 0.000  2.45 0.000 9.999 0.259000  0.87 0.000  29.366 0.000 0.047 0.000
234.208333 235.208333   5.97 0.000  2.30 0.000 9.999 0.259000  0.27 0.000   2.784 0.000 0.027 0.000
237.208333 238.208333 999.99 0.456 99.99 0.456 9.999 0.456000 99.99 0.456 999.999 0.456 9.999 0.456
240.208333 241.208333  25.06 0.000  1.88 0.000 9.999 0.259000  0.43 0.000  16.371 0.000 0.034 0.000
243.208333 244.208333   4.89 0.000  1.02 0.000 9.999 0.259000  0.23 0.000   3.022 0.000 0.011 0.000
246.208333 247.208333  16.41 0.000  1.80 0.000 9.999 0.259000  0.33 0.000   5.807 0.000 0.026 0.000
249.208333 250.208333   9.16 0.000  1.49 0.000 0.052 0.000000  0.25 0.000   6.705 0.000 0.020 0.000
252.208333 253.208333   5.13 0.000  0.11 0.000 0.027 0.000000  0.13 0.000   1.954 0.000 0.009 0.000
255.208333 256.208333  11.85 0.000  3.00 0.000 9.999 0.259000  0.44 0.000   7.005 0.000 0.026 0.000
258.208333 259.208333  24.97 0.000  2.06 0.000 9.999 0.259000  1.01 0.000  14.370 0.000 0.021 0.000
261.208333 262.208333  10.15 0.000  1.37 0.000 9.999 0.259000  0.14 0.000   2.465 0.000 0.015 0.000
264.208333 265.208333  16.97 0.000  1.97 0.000 9.999 0.259000  0.43 0.000   4.768 0.000 0.028 0.000
267.208333 268.208333  10.12 0.000  0.74 0.000 9.999 0.259000  0.22 0.000   1.736 0.000 0.011 0.000
270.208333 271.208333  10.89 0.000  1.36 0.000 0.034 0.000000  0.27 0.000   3.517 0.000 0.019 0.000
273.208333 274.208333  15.43 0.000  0.86 0.000 9.999 0.259000  0.34 0.000   3.336 0.000 0.025 0.000
276.208333 277.208333 999.99 0.456 99.99 0.456 9.999 0.456000 99.99 0.456 999.999 0.456 9.999 0.456
279.208333 280.208333  12.73 0.000  1.25 0.000 9.999 0.259000  0.41 0.000   3.036 0.000 0.016 0.000
282.208333 283.208333  53.35 0.000  4.25 0.000 9.999 0.259000  0.52 0.000  12.732 0.000 0.042 0.000
285.208333 286.208333  16.05 0.000  2.26 0.000 9.999 0.259000  0.34 0.000   4.025 0.000 0.019 0.000
288.208333 289.208333   5.36 0.000  0.46 0.000 0.050 0.000000  0.43 0.000   1.905 0.000 0.011 0.000
291.208333 292.208333   1.61 0.000  0.70 0.000 9.999 0.259000  0.28 0.000   1.122 0.000 0.010 0.000
294.208333 295.208333   9.37 0.000  1.92 0.000 9.999 0.259000  0.50 0.000   3.170 0.000 0.035 0.000
297.208333 298.208333   3.39 0.000  0.86 0.000 0.038 0.000000  0.26 0.000   3.110 0.000 0.020 0.000
300.208333 301.208333  37.29 0.000  2.78 0.000 9.999 0.259000  0.78 0.000   8.248 0.000 0.042 0.000
303.208333 304.208333  16.69 0.000  2.37 0.000 9.999 0.259000  0.79 0.000   7.805 0.000 0.033 0.000
306.208333 307.208333   9.26 0.000  1.48 0.000 9.999 0.259000  0.82 0.000   2.347 0.000 0.014 0.000
309.208333 310.208333   1.94 0.000  0.60 0.000 0.054 0.000000 99.99 0.259   0.734 0.000 0.006 0.000
312.208333 313.208333   3.15 0.000  0.64 0.000 0.049 0.000000  0.18 0.000   1.365 0.000 0.013 0.000
315.208333 316.208333  24.33 0.000  2.51 0.000 0.031 0.000000  0.65 0.000   5.277 0.000 0.036 0.000
318.208333 319.208333  16.39 0.000  2.02 0.000 9.999 0.259000  0.24 0.000   3.083 0.000 0.032 0.000
321.208333 322.208333  33.31 0.000  4.98 0.000 9.999 0.259000  0.77 0.000   7.064 0.000 0.072 0.000
324.208333 325.208333   6.27 0.000  2.39 0.000 9.999 0.259000  0.30 0.000   2.886 0.000 0.034 0.000
327.208333 328.208333  12.19 0.000  1.60 0.000 9.999 0.259000  0.57 0.000   4.400 0.000 0.046 0.000
330.208333 331.208333   5.46 0.000  2.52 0.000 9.999 0.259000 99.99 0.259   1.661 0.000 0.016 0.000
333.208333 334.208333   3.94 0.000  2.27 0.000 9.999 0.259000  0.29 0.000   3.263 0.000 0.013 0.000
336.208333 337.208333   5.05 0.000  1.58 0.000 0.067 0.000000  0.23 0.000   2.083 0.000 0.015 0.000
339.208333 340.208333   8.59 0.000  1.68 0.000 9.999 0.259000  0.20 0.000   3.036 0.000 0.020 0.000
342.208333 343.208333   2.33 0.000  1.33 0.000 0.054 0.000000  0.36 0.000   2.174 0.000 0.009 0.000
345.208333 346.208333   1.18 0.000  0.67 0.000 0.065 0.000000  0.47 0.000   1.321 0.000 0.014 0.000
348.208333 349.208333   4.79 0.000  1.38 0.000 0.094 0.000000  0.35 0.000   2.721 0.000 0.023 0.000
351.208333 352.208333   9.61 0.000  1.48 0.000 9.999 0.259000  0.30 0.000   3.277 0.000 0.024 0.000
354.208333 355.208333   5.19 0.000  1.24 0.000 0.099 0.000000  0.32 0.000   3.107 0.000 0.041 0.000
357.208333 358.208333  17.32 0.000  1.64 0.000 9.999 0.259000  1.35 0.000   4.831 0.000 0.031 0.000
360.208333 361.208333   9.82 0.000  1.64 0.000 9.999 0.259000  0.24 0.000   5.827 0.000 0.049 0.000
363.208333 364.208333  24.03 0.000  3.49 0.000 9.999 0.259000  0.81 0.000   8.696 0.000 0.047 0.000
