scripts/IMPROVE-2019_partial/data/US9006R.20090101050000.20191216000000.filterpack...52w.3d.US03L_filterpack_US9006.US03L_IMPROVE_Davis.lev2.nas
52 1001
MISSING INFORMATION
US03L, IMPROVE, , , , , , , 
MISSING INFORMATION
IMPROVE sel_HTAP
1 1
2009 01 01 2019 12 16
3.000000
days from file reference point
5
1 1 1 1 1
999.999999 999.999 9.999 999.999 9.999
end_time of measurement, days from the file reference point
pm10_mass, ug/m3, Matrix=pm10
numflag pm10_mass, no unit, Matrix=pm10
pm25_mass, ug/m3, Matrix=pm25
numflag pm25_mass, no unit, Matrix=pm25
0
33
Data definition:              EBAS_1.1
Set type code:                TU
Timezone:                     UTC
File name:                    US9006R.20090101050000.20191216000000.filterpack...52w.3d.US03L_filterpack_US9006.US03L_IMPROVE_Davis.lev2.nas
File creation:                20191218120530
Startdate:                    20090101050000
Revision date:                20191216000000
Version:                      2
Version description:          "Data extracted from http://views.cira.colostate.edu/fed/DataWizard 2019-12-16"
Statistics:                   arithmetic mean
Data level:                   2
Period code:                  52w
Resolution code:              3d
Sample duration:              1d
Orig. time res.:              3d
Station code:                 US9006R
Platform code:                US9006S
Station name:                 Martha's Vineyard
Station latitude:             41.3309
Station longitude:            -70.7846
Station altitude:             2.0 m
Regime:                       IMG
Component:                    
Unit:                         ug/m3
Matrix:                       
Laboratory code:              US03L
Instrument type:              filterpack
Instrument name:              filterpack_US9006
Method ref:                   US03L_IMPROVE_Davis
Blank correction:             Blank corrected
Volume std. temperature:      ambient
Volume std. pressure:         ambient
starttime endtime PM10 flag_PM10 PM2.5 flag_PM2.5
  0.208333   1.208333   6.043 0.000   3.310 0.000
  3.208333   4.208333   5.938 0.000   2.722 0.000
  6.208333   7.208333   7.151 0.000   3.057 0.000
  9.208333  10.208333   3.998 0.000   2.021 0.000
 12.208333  13.208333   9.655 0.000   5.218 0.000
 15.208333  16.208333   6.973 0.000   3.680 0.000
 18.208333  19.208333  12.235 0.000   9.686 0.000
 21.208333  22.208333  18.413 0.000  11.334 0.000
 24.208333  25.208333   6.429 0.000   3.201 0.000
 27.208333  28.208333  17.065 0.000   5.140 0.000
 30.208333  31.208333  13.240 0.000   6.173 0.000
 33.208333  34.208333   8.449 0.000   4.356 0.000
 36.208333  37.208333   9.530 0.000   4.774 0.000
 39.208333  40.208333   8.160 0.000   3.384 0.000
 42.208333  43.208333  33.084 0.000   8.818 0.000
 45.208333  46.208333  10.507 0.000   2.240 0.000
 48.208333  49.208333  10.533 0.000   4.292 0.000
 51.208333  52.208333  11.715 0.000   4.792 0.000
 54.208333  55.208333   7.588 0.000   2.782 0.000
 57.208333  58.208333  21.270 0.000   7.823 0.000
 60.208333  61.208333   9.021 0.000   3.418 0.000
 63.208333  64.208333  13.428 0.000   6.786 0.000
 66.208333  67.208333  29.637 0.000  17.968 0.000
 69.208333  70.208333  12.722 0.000   6.302 0.000
 72.208333  73.208333  13.754 0.000   6.198 0.000
 75.208333  76.208333   9.621 0.000   3.291 0.000
 78.208333  79.208333  11.914 0.000   4.693 0.000
 81.208333  82.208333  10.414 0.000   3.132 0.000
 84.208333  85.208333  20.602 0.000   4.188 0.000
 87.208333  88.208333   4.131 0.000   1.831 0.000
 90.208333  91.208333  13.952 0.000   6.462 0.000
 93.208333  94.208333  18.700 0.000   7.188 0.000
 96.208333  97.208333  15.218 0.000   6.139 0.000
 99.208333 100.208333  19.507 0.000  11.780 0.000
102.208333 103.208333   9.976 0.000   3.989 0.000
105.208333 106.208333  10.381 0.000   3.971 0.000
108.208333 109.208333  10.201 0.000   5.021 0.000
111.208333 112.208333 999.999 0.999 999.999 0.999
114.208333 115.208333  16.525 0.000  10.845 0.000
117.208333 118.208333 999.999 0.456  15.328 0.000
120.208333 121.208333  11.028 0.000   8.218 0.000
123.208333 124.208333   7.258 0.000   4.049 0.000
126.208333 127.208333   2.711 0.000   2.140 0.000
129.208333 130.208333  17.928 0.000   6.179 0.000
132.208333 133.208333   9.383 0.000   4.519 0.000
135.208333 136.208333   5.250 0.000   1.993 0.000
138.208333 139.208333   8.838 0.000   4.411 0.000
141.208333 142.208333  19.435 0.000   7.359 0.000
144.208333 145.208333  17.017 0.000   7.907 0.000
147.208333 148.208333  10.400 0.000   2.746 0.000
150.208333 151.208333  17.875 0.000   9.127 0.000
153.208333 154.208333  16.330 0.000   8.944 0.000
156.208333 157.208333   7.080 0.000   2.627 0.000
159.208333 160.208333  10.715 0.000   3.995 0.000
162.208333 163.208333   6.453 0.000   4.213 0.000
165.208333 166.208333   6.827 0.000   3.243 0.000
168.208333 169.208333  12.071 0.000   3.941 0.000
171.208333 172.208333   5.163 0.000   2.159 0.000
174.208333 175.208333   4.529 0.000   2.174 0.000
177.208333 178.208333  11.291 0.000   5.431 0.000
180.208333 181.208333  21.527 0.000  17.077 0.000
183.208333 184.208333  20.980 0.000  17.059 0.000
186.208333 187.208333  13.289 0.000   6.471 0.000
189.208333 190.208333   7.771 0.000   3.385 0.000
192.208333 193.208333  17.395 0.000   8.387 0.000
195.208333 196.208333   9.920 0.000   3.598 0.000
198.208333 199.208333  17.293 0.000  12.409 0.000
201.208333 202.208333  10.633 0.000   7.186 0.000
204.208333 205.208333   8.097 0.000   3.734 0.000
207.208333 208.208333  20.854 0.000  10.156 0.000
210.208333 211.208333  23.142 0.000  12.726 0.000
213.208333 214.208333   9.125 0.000   5.351 0.000
216.208333 217.208333  15.864 0.000  12.868 0.000
219.208333 220.208333   8.720 0.000   2.403 0.000
222.208333 223.208333  20.295 0.000  15.227 0.000
225.208333 226.208333   8.365 0.000   6.775 0.000
228.208333 229.208333   6.185 0.000   4.165 0.000
231.208333 232.208333  14.149 0.000  13.172 0.000
234.208333 235.208333  13.568 0.000   8.067 0.000
237.208333 238.208333  21.610 0.000  16.884 0.000
240.208333 241.208333   9.684 0.000   5.055 0.000
243.208333 244.208333   5.848 0.000   3.292 0.000
246.208333 247.208333   5.521 0.000   2.787 0.000
249.208333 250.208333   8.382 0.000   3.367 0.000
252.208333 253.208333  14.448 0.000   4.270 0.000
255.208333 256.208333   7.388 0.000   4.823 0.000
258.208333 259.208333   8.836 0.000   3.840 0.000
261.208333 262.208333   4.678 0.000   1.573 0.000
264.208333 265.208333   5.399 0.000   2.476 0.000
267.208333 268.208333   7.850 0.000   2.969 0.000
270.208333 271.208333  17.393 0.000   8.443 0.000
273.208333 274.208333   9.511 0.000   2.148 0.000
276.208333 277.208333  10.458 0.000   7.732 0.000
279.208333 280.208333  15.108 0.000   5.698 0.000
282.208333 283.208333  13.865 0.000   7.532 0.000
285.208333 286.208333   6.816 0.000   3.621 0.000
288.208333 289.208333   8.748 0.000   2.972 0.000
291.208333 292.208333   4.818 0.000   2.580 0.000
294.208333 295.208333  20.819 0.000  13.204 0.000
297.208333 298.208333  16.460 0.000   4.759 0.000
300.208333 301.208333 999.999 0.999 999.999 0.999
303.208333 304.208333  14.933 0.000   6.480 0.000
306.208333 307.208333  10.084 0.000   4.136 0.000
309.208333 310.208333   6.276 0.000   3.462 0.000
312.208333 313.208333  15.176 0.000  11.040 0.000
315.208333 316.208333  12.271 0.000   4.347 0.000
318.208333 319.208333   3.688 0.000   3.179 0.000
321.208333 322.208333   5.580 0.000   2.371 0.000
324.208333 325.208333   8.379 0.000   5.669 0.000
327.208333 328.208333   6.482 0.000   3.546 0.000
330.208333 331.208333   3.974 0.000   1.946 0.000
333.208333 334.208333  18.956 0.000   8.972 0.000
336.208333 337.208333  22.822 0.000  11.492 0.000
339.208333 340.208333   6.411 0.000   4.509 0.000
342.208333 343.208333  18.517 0.000   9.062 0.000
345.208333 346.208333   6.004 0.000   3.073 0.000
348.208333 349.208333  11.096 0.000   6.109 0.000
351.208333 352.208333   4.972 0.000   2.278 0.000
354.208333 355.208333   5.192 0.000   2.047 0.000
357.208333 358.208333  17.388 0.000   2.793 0.000
360.208333 361.208333  20.977 0.000   9.505 0.000
363.208333 364.208333   5.860 0.000   2.582 0.000
