scripts/IMPROVE-2019_partial/data/US9024R.20020102080000.20191216000000.filterpack..pm25.52w.1w.US03L_filterpack_US9024.US03L_IMPROVE_Davis.lev2.nas
66 1001
MISSING INFORMATION
US03L, IMPROVE, , , , , , , 
MISSING INFORMATION
IMPROVE sel_HTAP
1 1
2002 01 01 2019 12 16
3.000000
days from file reference point
27
1 1 1 1 1 1 1 1 1 1 1 1 1 1 1 1 1 1 1 1 1 1 1 1 1 1 1
999.999999 9999.99 9.999 99.99 9.999 9.999 9.999999 99.99 9.999 9.999 9.999999 99.999 9.999 99.999 9.999 99.99 9.999999 999.999 9.999 99.999 9.999 99.999 9.999 9.999 9.999 9.999 9.999
end_time of measurement, days from the file reference point
iron, ng/m3, Revision date=20181210133000
numflag iron, no unit, Revision date=20181210133000
lead, ng/m3, Revision date=20181210133000
numflag lead, no unit, Revision date=20181210133000
magnesium, ug/m3, Revision date=20181210133000
numflag magnesium, no unit, Revision date=20181210133000
nickel, ng/m3, Revision date=20181210133000
numflag nickel, no unit, Revision date=20181210133000
nitrate, ug N/m3, Revision date=20181210133000
numflag nitrate, no unit, Revision date=20181210133000
organic_carbon, ug C/m3, Revision date=20181210133000
numflag organic_carbon, no unit, Revision date=20181210133000
organic_mass, ug/m3, Revision date=20181210133000
numflag organic_mass, no unit, Revision date=20181210133000
phosphorus, ng/m3, Revision date=20181210133000
numflag phosphorus, no unit, Revision date=20181210133000
pm10_mass, ug/m3, Version=2, Version description=Data extracted from http://views.cira.colostate.edu/fed/DataWizard 2019-12-16, Sample duration=1d, Orig. time res.=3d, Matrix=pm10, Blank correction=Blank corrected, Volume std. temperature=ambient, Volume std. pressure=ambient
numflag pm10_mass, no unit, Version=2, Version description=Data extracted from http://views.cira.colostate.edu/fed/DataWizard 2019-12-16, Sample duration=1d, Orig. time res.=3d, Matrix=pm10, Blank correction=Blank corrected, Volume std. temperature=ambient, Volume std. pressure=ambient
pm10_pm25_mass, ug/m3, Revision date=20181210133000, Matrix=pm10_pm25
numflag pm10_pm25_mass, no unit, Revision date=20181210133000, Matrix=pm10_pm25
pm25_mass, ug/m3, Version=2, Version description=Data extracted from http://views.cira.colostate.edu/fed/DataWizard 2019-12-16, Sample duration=1d, Orig. time res.=3d, Blank correction=Blank corrected, Volume std. temperature=ambient, Volume std. pressure=ambient
numflag pm25_mass, no unit, Version=2, Version description=Data extracted from http://views.cira.colostate.edu/fed/DataWizard 2019-12-16, Sample duration=1d, Orig. time res.=3d, Blank correction=Blank corrected, Volume std. temperature=ambient, Volume std. pressure=ambient
potassium, ug/m3, Revision date=20181210133000
numflag potassium, no unit, Revision date=20181210133000
sulphate_total, ug S/m3, Revision date=20181210133000
numflag sulphate_total, no unit, Revision date=20181210133000
0
25
Data definition:              EBAS_1.1
Set type code:                TU
Timezone:                     UTC
File name:                    US9024R.20020102080000.20191216000000.filterpack..pm25.52w.1w.US03L_filterpack_US9024.US03L_IMPROVE_Davis.lev2.nas
File creation:                20191218120643
Startdate:                    20020102080000
Revision date:                20191216000000
Statistics:                   arithmetic mean
Data level:                   2
Period code:                  52w
Resolution code:              1w
Station code:                 US9024R
Platform code:                US9024S
Station name:                 Olympic
Station latitude:             48.0065
Station longitude:            -122.9727
Station altitude:             599.0 m
Regime:                       IMG
Component:                    
Matrix:                       pm25
Laboratory code:              US03L
Instrument type:              filterpack
Instrument name:              filterpack_US9024
Method ref:                   US03L_IMPROVE_Davis
starttime endtime Fe flag_Fe Pb flag_Pb Mg++ flag_Mg++ Ni flag_Ni NO3- flag_NO3- OC flag_OC OM flag_OM P flag_P PM10 flag_PM10 PM10-PM2.5 flag_PM10-PM2.5 PM2.5 flag_PM2.5 K+ flag_K+ SO4-- flag_SO4--
  1.333333   2.333333    0.99 0.000  0.36 0.000 9.999 0.259000 99.99 0.259 0.007 0.000000  0.250 0.000  0.350 0.000 99.99 0.259000   1.747 0.000  0.875 0.000  0.872 0.000 0.006 0.000 0.033 0.000
  4.333333   5.333333    1.22 0.000  0.32 0.000 9.999 0.259000  0.08 0.000 0.002 0.000000  0.202 0.000  0.283 0.000 99.99 0.259000   1.116 0.000  0.562 0.000  0.554 0.000 0.004 0.000 0.015 0.000
  7.333333   8.333333    0.25 0.000  0.29 0.000 9.999 0.259000  0.11 0.000 0.000 0.000000  0.223 0.000  0.313 0.000 99.99 0.259000   0.877 0.000  0.342 0.000  0.535 0.000 0.004 0.000 0.030 0.000
 10.333333  11.333333    4.79 0.000  0.60 0.000 9.999 0.259000  0.10 0.000 0.008 0.000000  0.763 0.000  1.069 0.000 99.99 0.259000   2.744 0.000  1.188 0.000  1.556 0.000 0.011 0.000 0.045 0.000
 13.333333  14.333333    2.02 0.000 99.99 0.259 9.999 0.259000  0.19 0.000 0.042 0.000000  0.526 0.000  0.736 0.000 99.99 0.259000   2.259 0.000  0.894 0.000  1.365 0.000 0.009 0.000 0.056 0.000
 16.333333  17.333333    2.68 0.000  0.77 0.000 9.999 0.259000  0.13 0.000 0.066 0.000000  1.012 0.000  1.417 0.000 99.99 0.259000   4.158 0.000  1.524 0.000  2.634 0.000 0.020 0.000 0.182 0.000
 19.333333  20.333333    1.50 0.000  0.44 0.000 9.999 0.259000 99.99 0.259 9.999 0.259000  0.240 0.000  0.336 0.000 99.99 0.259000   1.081 0.000  0.323 0.000  0.759 0.000 0.008 0.000 9.999 0.259
 22.333333  23.333333    2.82 0.000  0.42 0.000 9.999 0.259000 99.99 0.259 0.015 0.559000  0.287 0.000  0.402 0.000 99.99 0.259000   1.913 0.000  0.883 0.000  1.030 0.000 0.009 0.000 0.035 0.559
 25.333333  26.333333    0.60 0.000 99.99 0.259 9.999 0.259000 99.99 0.259 9.999 0.559259  0.217 0.000  0.304 0.000 99.99 0.259000   0.873 0.000  0.410 0.000  0.463 0.000 0.003 0.000 0.021 0.559
 28.333333  29.333333    0.89 0.559  0.36 0.559 9.999 0.559259  0.09 0.559 0.017 0.000000  0.234 0.000  0.328 0.000 99.99 0.559259   1.590 0.000  0.508 0.000  1.081 0.559 0.008 0.559 0.095 0.000
 31.333333  32.333333    2.20 0.000  0.36 0.000 9.999 0.259000 99.99 0.259 0.016 0.000000  0.407 0.000  0.570 0.000 99.99 0.259000   1.788 0.000  0.754 0.000  1.034 0.000 0.011 0.000 0.040 0.000
 34.333333  35.333333    3.12 0.000  0.41 0.000 9.999 0.259000 99.99 0.259 0.035 0.000000  0.337 0.000  0.472 0.000 99.99 0.259000   2.994 0.000  1.353 0.000  1.641 0.000 0.012 0.000 0.084 0.000
 37.333333  38.333333 9999.99 0.456 99.99 0.456 9.999 0.456000 99.99 0.456 0.019 0.000000 99.999 0.999 99.999 0.999 99.99 0.456000   1.372 0.000 99.999 0.999 99.999 0.456 9.999 0.456 0.030 0.000
 40.333333  41.333333 9999.99 0.456 99.99 0.456 9.999 0.456000 99.99 0.456 0.018 0.559000 99.999 0.999 99.999 0.999 99.99 0.456000   2.162 0.000 99.999 0.999 99.999 0.456 9.999 0.456 0.045 0.559
 43.333333  44.333333    5.37 0.000  0.87 0.000 9.999 0.259000  0.41 0.000 0.057 0.559000  0.565 0.000  0.790 0.000 99.99 0.259000   5.815 0.000  3.066 0.000  2.749 0.000 0.022 0.000 0.175 0.559
 46.333333  47.333333   11.45 0.000  1.40 0.000 9.999 0.259000  0.51 0.000 0.106 0.000000  1.331 0.000  1.864 0.000 99.99 0.259000   5.655 0.000  1.691 0.000  3.964 0.000 0.026 0.000 0.268 0.000
 49.333333  50.333333    0.80 0.000  0.35 0.000 9.999 0.259000  0.20 0.000 0.021 0.000000  1.119 0.000  1.567 0.000 99.99 0.259000   2.563 0.000  0.524 0.000  2.039 0.000 0.016 0.000 0.041 0.000
 52.333333  53.333333    0.74 0.000  0.47 0.000 9.999 0.259000  0.29 0.000 0.014 0.000000  0.332 0.000  0.465 0.000 99.99 0.259000   0.827 0.000  0.135 0.000  0.691 0.000 0.005 0.000 0.061 0.000
 55.333333  56.333333    6.55 0.000  0.83 0.000 9.999 0.259000  0.23 0.000 0.033 0.559000  0.768 0.000  1.075 0.000 99.99 0.259000   3.765 0.000  1.652 0.000  2.114 0.000 0.018 0.000 0.175 0.559
 58.333333  59.333333    5.34 0.000  0.43 0.000 9.999 0.259000  0.23 0.000 0.047 0.000000  0.365 0.000  0.512 0.000 99.99 0.259000   4.309 0.000  2.312 0.000  1.997 0.000 0.016 0.000 0.130 0.000
 61.333333  62.333333    7.40 0.000  1.58 0.000 9.999 0.259000  0.63 0.000 0.067 0.000000  1.645 0.000  2.303 0.000 99.99 0.259000   5.822 0.000  2.023 0.000  3.799 0.000 0.022 0.000 0.181 0.000
 64.333333  65.333333   21.57 0.000  0.42 0.000 9.999 0.259000  0.25 0.000 0.100 0.000000  0.562 0.000  0.786 0.000 99.99 0.259000   8.618 0.000  5.944 0.000  2.673 0.000 0.023 0.000 0.186 0.000
 67.333333  68.333333    8.03 0.000  0.75 0.000 9.999 0.259000 99.99 0.259 0.018 0.000000  0.305 0.000  0.427 0.000 99.99 0.259000   2.121 0.000  0.988 0.000  1.133 0.000 0.010 0.000 0.104 0.000
 70.333333  71.333333    0.74 0.000  0.14 0.000 9.999 0.259000 99.99 0.259 0.003 0.000000 99.999 0.999 99.999 0.999 99.99 0.259000 999.999 0.456 99.999 0.999  0.555 0.000 0.004 0.000 0.012 0.000
 73.333333  74.333333    3.90 0.000  0.44 0.000 9.999 0.259000  0.12 0.000 0.011 0.000000 99.999 0.999 99.999 0.999 99.99 0.259000 999.999 0.456 99.999 0.999  0.618 0.000 0.006 0.000 0.046 0.000
 76.333333  77.333333    8.85 0.000  0.60 0.000 9.999 0.259000  0.09 0.000 0.013 0.000000 99.999 0.999 99.999 0.999 99.99 0.259000 999.999 0.456 99.999 0.999  1.668 0.000 0.013 0.000 0.167 0.000
 79.333333  80.333333    6.62 0.000  0.58 0.000 9.999 0.259000  0.45 0.000 0.044 0.000000  0.791 0.000  1.108 0.000 99.99 0.259000   5.146 0.000  2.902 0.000  2.244 0.000 0.014 0.000 0.174 0.000
 82.333333  83.333333   15.59 0.000  1.69 0.000 9.999 0.259000  0.28 0.000 0.039 0.000000  0.759 0.000  1.063 0.000 99.99 0.259000   3.327 0.000 99.999 0.259  3.612 0.000 0.031 0.000 0.388 0.000
 85.333333  86.333333   46.98 0.000  0.68 0.000 9.999 0.259000  0.28 0.000 0.104 0.000000  0.621 0.000  0.869 0.000 99.99 0.259000   6.861 0.000  3.257 0.000  3.604 0.000 0.039 0.000 0.165 0.000
 88.333333  89.333333    5.72 0.000  0.57 0.000 9.999 0.259000  0.27 0.000 0.043 0.000000  0.411 0.000  0.576 0.000 99.99 0.259000   2.370 0.000  0.834 0.000  1.537 0.000 0.011 0.000 0.144 0.000
 91.333333  92.333333   31.59 0.000  1.19 0.000 9.999 0.259000  0.37 0.000 0.099 0.000000  0.703 0.000  0.984 0.000 99.99 0.259000   6.986 0.000  3.121 0.000  3.865 0.000 0.032 0.000 0.274 0.000
 94.333333  95.333333   24.15 0.000  1.22 0.000 9.999 0.259000  0.54 0.000 0.131 0.000000  1.330 0.000  1.862 0.000 99.99 0.259000   6.778 0.000  2.886 0.000  3.893 0.000 0.030 0.000 0.238 0.000
 97.333333  98.333333   11.64 0.000  1.34 0.000 9.999 0.259000  0.47 0.000 0.138 0.000000  0.831 0.000  1.163 0.000 99.99 0.259000   7.111 0.000  3.479 0.000  3.631 0.000 0.030 0.000 0.272 0.000
100.333333 101.333333    4.59 0.000  0.68 0.000 9.999 0.259000  0.29 0.000 0.034 0.000000  0.589 0.000  0.825 0.000 99.99 0.259000   2.232 0.000  1.065 0.000  1.167 0.000 0.007 0.000 0.071 0.000
103.333333 104.333333    2.31 0.000  0.87 0.000 9.999 0.259000  0.14 0.000 0.009 0.000000  0.208 0.000  0.291 0.000 99.99 0.259000   1.913 0.000  1.092 0.000  0.820 0.000 0.008 0.000 0.050 0.000
106.333333 107.333333    4.41 0.000  0.93 0.000 9.999 0.259000  0.36 0.000 0.038 0.000000  0.562 0.000  0.787 0.000 99.99 0.259000   3.160 0.000  1.228 0.000  1.932 0.000 0.010 0.000 0.176 0.000
109.333333 110.333333  149.14 0.000  1.94 0.000 9.999 0.259000  0.74 0.000 0.150 0.000000  1.111 0.000  1.555 0.000 99.99 0.259000  15.677 0.000  7.951 0.000  7.726 0.000 0.110 0.000 0.655 0.000
112.333333 113.333333    8.25 0.559  0.51 0.559 9.999 0.559259  0.21 0.559 0.048 0.000000  0.397 0.000  0.556 0.000 99.99 0.559259   4.832 0.000  2.942 0.000  1.890 0.559 0.015 0.559 0.126 0.000
115.333333 116.333333   24.43 0.000  1.28 0.000 9.999 0.259000  0.33 0.000 0.039 0.000000  0.602 0.000  0.842 0.000 99.99 0.259000   4.699 0.000  1.572 0.000  3.127 0.000 0.031 0.000 0.284 0.000
118.333333 119.333333   41.06 0.000  1.61 0.000 9.999 0.259000  0.69 0.000 0.091 0.000000  1.205 0.000  1.687 0.000 99.99 0.259000   9.398 0.000  3.750 0.000  5.648 0.000 0.047 0.000 0.476 0.000
121.333333 122.333333    5.08 0.000  0.50 0.000 0.037 0.000000  0.43 0.000 0.011 0.559000  0.356 0.000  0.499 0.000 99.99 0.259000   2.994 0.000  1.190 0.000  1.804 0.000 0.012 0.000 0.179 0.559
124.333333 125.333333    7.01 0.000  0.94 0.000 9.999 0.259000  0.25 0.000 0.028 0.000000  0.499 0.000  0.698 0.000 99.99 0.259000   3.493 0.000  1.465 0.000  2.028 0.000 0.015 0.000 0.176 0.000
127.333333 128.333333   10.91 0.000  1.03 0.000 9.999 0.259000  0.66 0.000 0.098 0.559000  1.165 0.000  1.631 0.000 99.99 0.259000  10.396 0.000  5.648 0.000  4.748 0.000 0.033 0.000 0.478 0.559
130.333333 131.333333   17.08 0.000  1.01 0.000 9.999 0.259000  0.69 0.000 0.084 0.559000  1.090 0.000  1.527 0.000 99.99 0.259000   7.854 0.000  3.735 0.000  4.119 0.000 0.023 0.000 0.390 0.559
133.333333 134.333333    3.96 0.000  0.19 0.000 9.999 0.259000  0.23 0.000 0.037 0.000000  0.305 0.000  0.426 0.000 99.99 0.259000   6.600 0.000  3.979 0.000  2.620 0.000 0.018 0.000 0.186 0.000
136.333333 137.333333    7.62 0.000  1.08 0.000 9.999 0.259000  0.58 0.000 0.082 0.000000  0.674 0.000  0.943 0.000 99.99 0.259000   5.822 0.000  2.715 0.000  3.107 0.000 0.025 0.000 0.292 0.000
139.333333 140.333333    4.13 0.000  0.81 0.000 9.999 0.259000  0.52 0.000 0.038 0.000000  0.906 0.000  1.268 0.000 99.99 0.259000   3.327 0.000  0.770 0.000  2.557 0.000 0.019 0.000 0.170 0.000
142.333333 143.333333    6.72 0.000  0.38 0.000 9.999 0.259000  0.78 0.000 0.071 0.559000  0.745 0.000  1.044 0.000 99.99 0.259000   6.778 0.000  3.367 0.000  3.411 0.000 0.019 0.000 0.423 0.559
145.333333 146.333333    7.68 0.000  2.20 0.000 9.999 0.259000  1.38 0.000 0.125 0.000000  1.774 0.000  2.484 0.000 99.99 0.259000   8.184 0.000  1.955 0.000  6.229 0.000 0.024 0.000 0.637 0.000
148.333333 149.333333    1.38 0.000  0.56 0.000 9.999 0.259000  0.48 0.000 0.033 0.559000  0.478 0.000  0.669 0.000 99.99 0.259000   2.067 0.000  0.415 0.000  1.652 0.000 0.009 0.000 0.163 0.559
151.333333 152.333333    9.40 0.000  0.66 0.000 9.999 0.259000  0.37 0.000 0.095 0.559000  0.690 0.000  0.966 0.000 99.99 0.259000   6.655 0.000  3.637 0.000  3.018 0.000 0.017 0.000 0.221 0.559
154.333333 155.333333    9.23 0.000  1.92 0.000 9.999 0.259000  0.76 0.000 0.038 0.559000  0.975 0.000  1.365 0.000 99.99 0.259000   6.015 0.000  2.358 0.000  3.657 0.000 0.028 0.000 0.372 0.559
157.333333 158.333333    2.65 0.000  0.18 0.000 9.999 0.259000  0.27 0.000 0.048 0.000000  0.129 0.000  0.181 0.000 99.99 0.259000   5.115 0.000  2.969 0.000  2.146 0.000 0.012 0.000 0.190 0.000
160.333333 161.333333   10.84 0.000  0.91 0.000 9.999 0.259000  0.51 0.000 0.160 0.000000  1.344 0.000  1.881 0.000 99.99 0.259000  10.458 0.000  4.982 0.000  5.476 0.000 0.035 0.000 0.435 0.000
163.333333 164.333333   36.47 0.000  1.45 0.000 9.999 0.259000  0.41 0.000 0.044 0.000000  3.299 0.000  4.618 0.000 99.99 0.259000  13.194 0.000  5.478 0.000  7.716 0.000 0.039 0.000 0.406 0.000
166.333333 167.333333    7.42 0.000  1.22 0.000 0.064 0.000000  0.64 0.000 0.050 0.000000  0.681 0.000  0.953 0.000 99.99 0.259000   6.035 0.000  2.471 0.000  3.564 0.000 0.024 0.000 0.416 0.000
169.333333 170.333333    6.21 0.000  0.52 0.000 0.083 0.000000  0.53 0.000 0.067 0.000000  0.528 0.000  0.740 0.000 99.99 0.259000   5.746 0.000  2.828 0.000  2.918 0.000 0.014 0.000 0.352 0.000
172.333333 173.333333   20.46 0.000  1.04 0.000 9.999 0.259000  0.84 0.000 0.079 0.000000  1.538 0.000  2.152 0.000 99.99 0.259000   9.451 0.000  4.495 0.000  4.956 0.000 0.030 0.000 0.382 0.000
175.333333 176.333333   14.41 0.000  0.56 0.000 9.999 0.259000  0.52 0.000 0.057 0.000000  0.871 0.000  1.219 0.000 99.99 0.259000   7.848 0.000  4.354 0.000  3.494 0.000 0.014 0.000 0.321 0.000
178.333333 179.333333    0.83 0.000  0.33 0.000 9.999 0.259000  0.14 0.000 0.009 0.000000  0.158 0.000  0.221 0.000 99.99 0.259000   0.998 0.000  0.273 0.000  0.725 0.000 0.005 0.000 0.059 0.000
181.333333 182.333333    3.65 0.000  0.31 0.000 9.999 0.259000  0.32 0.000 0.042 0.000000  0.207 0.000  0.290 0.000 99.99 0.259000   5.415 0.000  3.100 0.000  2.315 0.000 0.012 0.000 0.268 0.000
184.333333 185.333333    1.59 0.000  0.40 0.000 9.999 0.259000  0.35 0.000 0.039 0.000000  0.359 0.000  0.503 0.000 99.99 0.259000   2.869 0.000  1.133 0.000  1.736 0.000 0.017 0.000 0.163 0.000
187.333333 188.333333    7.53 0.000  1.29 0.000 9.999 0.259000  0.34 0.000 0.025 0.000000  0.831 0.000  1.163 0.000 99.99 0.259000   4.464 0.000  1.619 0.000  2.845 0.000 0.026 0.000 0.178 0.000
190.333333 191.333333   16.00 0.559  0.91 0.559 9.999 0.559259  0.68 0.559 0.046 0.559000  1.853 0.000  2.594 0.000 99.99 0.559259   8.391 0.000  3.859 0.000  4.532 0.559 0.014 0.559 0.269 0.559
193.333333 194.333333   12.46 0.000  0.40 0.000 9.999 0.259000  0.72 0.000 0.112 0.559000  1.289 0.000  1.805 0.000 99.99 0.259000   8.752 0.000  4.041 0.000  4.711 0.000 0.019 0.000 0.350 0.559
196.333333 197.333333    9.57 0.000  0.39 0.000 0.021 0.000000  0.51 0.000 0.050 0.000000  0.666 0.000  0.932 0.000 99.99 0.259000   5.971 0.000  3.510 0.000  2.461 0.000 0.012 0.000 0.223 0.000
199.333333 200.333333    3.88 0.000  0.24 0.000 9.999 0.259000  0.39 0.000 0.011 0.559000  0.244 0.000  0.342 0.000 99.99 0.259000   2.917 0.000  1.638 0.000  1.279 0.000 0.006 0.000 0.163 0.559
202.333333 203.333333   13.39 0.000  0.44 0.000 9.999 0.259000  0.28 0.000 0.039 0.000000  2.295 0.000  3.213 0.000 99.99 0.259000   8.588 0.000  4.166 0.000  4.422 0.000 0.018 0.000 0.130 0.000
205.333333 206.333333   25.82 0.000  0.85 0.000 9.999 0.259000  1.27 0.000 0.046 0.000000  2.187 0.000  3.061 0.000 99.99 0.259000  10.499 0.000  3.682 0.000  6.817 0.000 0.024 0.000 0.543 0.000
208.333333 209.333333    9.80 0.559  0.43 0.559 0.081 0.559000  0.62 0.559 0.077 0.000000  1.145 0.000  1.602 0.000 99.99 0.559259   6.168 0.000  1.902 0.000  4.266 0.559 0.020 0.559 0.437 0.000
211.333333 212.333333    7.56 0.000  0.48 0.000 0.042 0.000000  0.45 0.000 0.070 0.559000  0.636 0.000  0.891 0.000 99.99 0.259000   5.491 0.000  2.357 0.000  3.134 0.000 0.013 0.000 0.365 0.559
214.333333 215.333333    9.44 0.000  0.49 0.000 9.999 0.259000  0.78 0.000 0.115 0.559000  0.826 0.000  1.157 0.000 99.99 0.259000   6.410 0.000  2.333 0.000  4.077 0.000 0.012 0.000 0.450 0.559
217.333333 218.333333    4.33 0.000  0.48 0.000 9.999 0.259000  0.27 0.000 0.062 0.559000  0.795 0.000  1.113 0.000 99.99 0.259000   5.519 0.000  1.681 0.000  3.838 0.000 0.018 0.000 0.370 0.559
220.333333 221.333333    8.99 0.000  0.89 0.000 9.999 0.259000  0.58 0.000 0.029 0.559000  0.894 0.000  1.252 0.000 99.99 0.259000   4.873 0.000  1.740 0.000  3.133 0.000 0.014 0.000 0.274 0.559
223.333333 224.333333   10.13 0.559  0.44 0.559 9.999 0.559259  0.40 0.559 0.058 0.559000  1.466 0.000  2.053 0.000 99.99 0.559259   6.575 0.000  2.375 0.000  4.200 0.559 0.014 0.559 0.230 0.559
226.333333 227.333333   23.44 0.559  0.33 0.559 9.999 0.559259  0.61 0.559 0.193 0.559000  1.208 0.000  1.691 0.000 99.99 0.559259   8.772 0.000  3.360 0.000  5.412 0.559 0.035 0.559 0.340 0.559
229.333333 230.333333   19.02 0.000  0.82 0.000 9.999 0.259000  0.81 0.000 0.120 0.559000  1.410 0.000  1.974 0.000 99.99 0.259000   7.878 0.000  2.310 0.000  5.568 0.000 0.063 0.000 0.453 0.559
232.333333 233.333333   20.89 0.000  1.43 0.000 9.999 0.259000  0.50 0.000 0.087 0.559000  1.324 0.000  1.854 0.000 99.99 0.259000   7.667 0.000  2.111 0.000  5.556 0.000 0.038 0.000 0.516 0.559
235.333333 236.333333   20.97 0.000  1.52 0.000 9.999 0.259000  0.80 0.000 0.032 0.559000  1.154 0.000  1.615 0.000 99.99 0.259000   6.081 0.000  1.921 0.000  4.161 0.000 0.030 0.000 0.376 0.559
238.333333 239.333333   17.77 0.000  0.45 0.000 0.027 0.000000  0.41 0.000 0.022 0.559000  0.861 0.000  1.206 0.000 99.99 0.259000   5.704 0.000  2.085 0.000  3.619 0.000 0.013 0.000 0.328 0.559
241.333333 242.333333   10.96 0.000  0.77 0.000 9.999 0.259000  0.78 0.000 0.183 0.559000  0.843 0.000  1.180 0.000 99.99 0.259000  10.153 0.000  4.328 0.000  5.824 0.000 0.032 0.000 0.507 0.559
244.333333 245.333333    6.73 0.000  0.96 0.000 9.999 0.259000  0.43 0.000 0.066 0.559000  0.543 0.000  0.760 0.000 99.99 0.259000   3.904 0.000  0.868 0.000  3.036 0.000 0.022 0.000 0.342 0.559
