scripts/IMPROVE-2019_partial/data/US9010R.20000101050000.20191216000000.filterpack..pm25.52w.1w.US03L_filterpack_US9010.US03L_IMPROVE_Davis.lev2.nas
66 1001
MISSING INFORMATION
US03L, IMPROVE, , , , , , , 
MISSING INFORMATION
IMPROVE sel_HTAP
1 1
2000 01 01 2019 12 16
0
days from file reference point
27
1 1 1 1 1 1 1 1 1 1 1 1 1 1 1 1 1 1 1 1 1 1 1 1 1 1 1
999.999999 999.99 9.999 999.99 9.999 9.999 9.999999 999.99 9.999999 9.999 9.999999 99.999 9.999 99.999 9.999 99.99 9.999999 999.999 9.999 999.999 9.999 999.999 9.999 9.999 9.999 99.999 9.999999
end_time of measurement, days from the file reference point
iron, ng/m3, Revision date=20181210133000
numflag iron, no unit, Revision date=20181210133000
lead, ng/m3, Revision date=20181210133000
numflag lead, no unit, Revision date=20181210133000
magnesium, ug/m3, Revision date=20181210133000
numflag magnesium, no unit, Revision date=20181210133000
nickel, ng/m3, Revision date=20181210133000
numflag nickel, no unit, Revision date=20181210133000
nitrate, ug N/m3, Revision date=20181210133000
numflag nitrate, no unit, Revision date=20181210133000
organic_carbon, ug C/m3, Revision date=20181210133000
numflag organic_carbon, no unit, Revision date=20181210133000
organic_mass, ug/m3, Revision date=20181210133000
numflag organic_mass, no unit, Revision date=20181210133000
phosphorus, ng/m3, Revision date=20181210133000
numflag phosphorus, no unit, Revision date=20181210133000
pm10_mass, ug/m3, Version=2, Version description=Data extracted from http://views.cira.colostate.edu/fed/DataWizard 2019-12-16, Sample duration=1d, Orig. time res.=3d, Matrix=pm10, Blank correction=Blank corrected, Volume std. temperature=ambient, Volume std. pressure=ambient
numflag pm10_mass, no unit, Version=2, Version description=Data extracted from http://views.cira.colostate.edu/fed/DataWizard 2019-12-16, Sample duration=1d, Orig. time res.=3d, Matrix=pm10, Blank correction=Blank corrected, Volume std. temperature=ambient, Volume std. pressure=ambient
pm10_pm25_mass, ug/m3, Revision date=20181210133000, Matrix=pm10_pm25
numflag pm10_pm25_mass, no unit, Revision date=20181210133000, Matrix=pm10_pm25
pm25_mass, ug/m3, Version=2, Version description=Data extracted from http://views.cira.colostate.edu/fed/DataWizard 2019-12-16, Sample duration=1d, Orig. time res.=3d, Blank correction=Blank corrected, Volume std. temperature=ambient, Volume std. pressure=ambient
numflag pm25_mass, no unit, Version=2, Version description=Data extracted from http://views.cira.colostate.edu/fed/DataWizard 2019-12-16, Sample duration=1d, Orig. time res.=3d, Blank correction=Blank corrected, Volume std. temperature=ambient, Volume std. pressure=ambient
potassium, ug/m3, Revision date=20181210133000
numflag potassium, no unit, Revision date=20181210133000
sulphate_total, ug S/m3, Revision date=20181210133000
numflag sulphate_total, no unit, Revision date=20181210133000
0
25
Data definition:              EBAS_1.1
Set type code:                TI
Timezone:                     UTC
File name:                    US9010R.20000101050000.20191216000000.filterpack..pm25.52w.1w.US03L_filterpack_US9010.US03L_IMPROVE_Davis.lev2.nas
File creation:                20191218120546
Startdate:                    20000101050000
Revision date:                20191216000000
Statistics:                   arithmetic mean
Data level:                   2
Period code:                  52w
Resolution code:              1w
Station code:                 US9010R
Platform code:                US9010S
Station name:                 Moosehorn NWR
Station latitude:             45.1259
Station longitude:            -67.2661
Station altitude:             77.0 m
Regime:                       IMG
Component:                    
Matrix:                       pm25
Laboratory code:              US03L
Instrument type:              filterpack
Instrument name:              filterpack_US9010
Method ref:                   US03L_IMPROVE_Davis
starttime endtime Fe flag_Fe Pb flag_Pb Mg++ flag_Mg++ Ni flag_Ni NO3- flag_NO3- OC flag_OC OM flag_OM P flag_P PM10 flag_PM10 PM10-PM2.5 flag_PM10-PM2.5 PM2.5 flag_PM2.5 K+ flag_K+ SO4-- flag_SO4--
[from data line 79]
273.208333 274.208333  13.61 0.000   0.49 0.000 9.999 0.259000 999.99 0.259000 0.102 0.000000  0.741 0.000  1.038 0.000 99.99 0.259000   7.955 0.000   4.314 0.000   3.640 0.000 0.023 0.000  0.326 0.000000
276.208333 277.208333  11.26 0.000   0.79 0.000 9.999 0.259000 999.99 0.259000 0.040 0.000000  0.997 0.000  1.395 0.000 99.99 0.259000   8.043 0.000   2.411 0.000   5.633 0.000 0.077 0.000  0.712 0.000000
279.208333 280.208333   5.57 0.000   5.53 0.000 9.999 0.259000   0.30 0.000000 0.022 0.000000  0.548 0.000  0.767 0.000 99.99 0.259000   4.798 0.000   1.602 0.000   3.196 0.000 0.019 0.000  0.307 0.000000
282.208333 283.208333   4.24 0.000   0.67 0.000 9.999 0.259000 999.99 0.259000 0.035 0.000000  0.851 0.000  1.191 0.000 99.99 0.259000   3.599 0.000   1.038 0.000   2.562 0.000 0.093 0.000  0.248 0.000000
285.208333 286.208333  16.29 0.000   1.45 0.000 9.999 0.259000 999.99 0.259000 0.052 0.000000  1.269 0.000  1.776 0.000 99.99 0.259000   6.192 0.000   2.235 0.000   3.957 0.000 0.060 0.000  0.288 0.000000
288.208333 289.208333  14.85 0.000   1.24 0.000 9.999 0.259000 999.99 0.259000 0.045 0.000000  1.995 0.000  2.792 0.000 99.99 0.259000   9.301 0.000   2.828 0.000   6.473 0.000 0.044 0.000  0.648 0.000000
291.208333 292.208333   7.78 0.000   0.56 0.000 9.999 0.259000   0.82 0.000000 0.100 0.000000  1.108 0.000  1.551 0.000 99.99 0.259000   7.955 0.000   2.639 0.000   5.316 0.000 0.034 0.000  0.398 0.000000
294.208333 295.208333  28.61 0.000   2.39 0.000 9.999 0.259000 999.99 0.259000 0.239 0.000000  2.211 0.000  3.095 0.000 99.99 0.259000  14.224 0.000   3.853 0.000  10.371 0.000 0.056 0.000  1.032 0.000000
297.208333 298.208333  10.04 0.000   0.73 0.000 9.999 0.259000   0.53 0.000000 0.063 0.000000  1.070 0.000  1.498 0.000 99.99 0.259000   5.160 0.000   1.713 0.000   3.447 0.000 0.028 0.000  0.249 0.000000
300.208333 301.208333  20.31 0.000   3.43 0.000 9.999 0.259000   1.59 0.000000 0.100 0.000000  1.212 0.000  1.696 0.000 99.99 0.259000  19.444 0.000   0.294 0.000  19.151 0.000 0.033 0.000  2.916 0.000000
303.208333 304.208333   1.23 0.000   0.28 0.000 0.013 0.000000 999.99 0.259000 0.015 0.000000  0.149 0.000  0.208 0.000 99.99 0.259000   6.563 0.000   2.983 0.000   3.580 0.000 0.010 0.000  0.213 0.000000
306.208333 307.208333   3.31 0.000  21.36 0.000 9.999 0.259000 999.99 0.259000 0.012 0.000000  0.584 0.000  0.818 0.000 99.99 0.259000   3.241 0.000   1.551 0.000   1.690 0.000 0.017 0.000  0.179 0.000000
309.208333 310.208333   1.11 0.000 999.99 0.259 0.011 0.000000 999.99 0.259000 0.006 0.000000  0.394 0.000  0.551 0.000 99.99 0.259000   1.192 0.000   0.608 0.000   0.584 0.000 0.010 0.000  0.063 0.000000
312.208333 313.208333  10.96 0.000   0.76 0.000 9.999 0.259000 999.99 0.259000 0.005 0.000000  0.285 0.000  0.399 0.000 99.99 0.259000   1.726 0.000   0.978 0.000   0.748 0.000 0.013 0.000  0.113 0.000000
315.208333 316.208333   1.84 0.000  12.52 0.000 9.999 0.259000 999.99 0.259000 0.010 0.000000  0.642 0.000  0.898 0.000  6.34 0.000000   2.342 0.000   0.591 0.000   1.752 0.000 0.026 0.000  0.166 0.000000
318.208333 319.208333   0.85 0.000   0.30 0.000 9.999 0.259000 999.99 0.259000 0.005 0.559000  0.148 0.000  0.207 0.000 99.99 0.259000   1.661 0.000   0.636 0.000   1.025 0.000 0.004 0.000  0.144 0.559000
321.208333 322.208333  22.13 0.000   1.76 0.000 9.999 0.259000   1.00 0.000000 0.145 0.559000  1.238 0.000  1.733 0.000 99.99 0.259000  10.883 0.000   3.324 0.000   7.559 0.000 0.028 0.000  1.118 0.559000
324.208333 325.208333   5.37 0.000   1.91 0.000 9.999 0.259000   0.80 0.000000 0.060 0.000000  1.454 0.000  2.036 0.000 99.99 0.259000   6.050 0.000   1.276 0.000   4.774 0.000 0.031 0.000  0.474 0.000000
327.208333 328.208333   5.96 0.000   2.10 0.000 9.999 0.259000 999.99 0.259000 0.041 0.000000  0.835 0.000  1.169 0.000 99.99 0.259000   4.657 0.000   0.988 0.000   3.669 0.000 0.034 0.000  0.585 0.000000
330.208333 331.208333   6.09 0.000   1.12 0.000 9.999 0.259000 999.99 0.259000 0.049 0.000000  0.619 0.000  0.867 0.000 99.99 0.259000   4.573 0.000   1.192 0.000   3.382 0.000 0.022 0.000  0.371 0.000000
333.208333 334.208333   4.83 0.000   0.82 0.000 0.011 0.000000   0.38 0.000000 0.061 0.000000  1.116 0.000  1.563 0.000 99.99 0.259000   5.589 0.000   0.620 0.000   4.969 0.000 0.082 0.000  0.654 0.000000
336.208333 337.208333   3.05 0.000   0.46 0.000 9.999 0.259000   0.26 0.000000 0.021 0.000000  0.455 0.000  0.636 0.000 99.99 0.259000   2.173 0.000   0.778 0.000   1.395 0.000 0.017 0.000  0.186 0.000000
339.208333 340.208333  16.94 0.000   2.82 0.000 9.999 0.259000   0.97 0.000000 0.180 0.000000  1.304 0.000  1.825 0.000 99.99 0.259000   7.922 0.000   3.101 0.000   4.821 0.000 0.120 0.000  0.421 0.000000
342.208333 343.208333   9.18 0.000   1.17 0.000 9.999 0.259000   1.68 0.000000 0.074 0.000000  1.027 0.000  1.437 0.000 99.99 0.259000   6.439 0.000   2.383 0.000   4.056 0.000 0.283 0.000  0.293 0.000000
345.208333 346.208333   7.58 0.000   2.06 0.000 9.999 0.259000   1.24 0.000000 0.098 0.000000  2.052 0.000  2.873 0.000 99.99 0.259000   7.243 0.000   1.329 0.000   5.913 0.000 0.072 0.000  0.547 0.000000
348.208333 349.208333  15.55 0.000   1.64 0.000 9.999 0.259000   0.77 0.000000 0.066 0.000000  0.714 0.000  0.999 0.000 99.99 0.259000   4.772 0.000   1.634 0.000   3.137 0.000 0.042 0.000  0.269 0.000000
351.208333 352.208333   1.19 0.000 999.99 0.259 9.999 0.259000   0.28 0.000000 0.031 0.000000  0.291 0.000  0.408 0.000 99.99 0.259000   5.135 0.000   1.109 0.000   4.025 0.000 0.021 0.000  0.343 0.000000
354.208333 355.208333   8.92 0.000   0.93 0.000 9.999 0.259000   0.67 0.000000 0.067 0.000000  0.672 0.000  0.940 0.000 99.99 0.259000   4.388 0.000   1.629 0.000   2.759 0.000 0.025 0.000  0.348 0.000000
357.208333 358.208333  13.54 0.000   4.65 0.000 9.999 0.259000   1.28 0.000000 0.289 0.000000  1.001 0.000  1.402 0.000 99.99 0.259000   7.545 0.000   1.181 0.000   6.363 0.000 0.161 0.000  0.636 0.000000
360.208333 361.208333   6.89 0.000   1.12 0.000 9.999 0.259000   0.87 0.000000 0.038 0.000000  0.342 0.000  0.478 0.000 99.99 0.259000   5.146 0.000   3.407 0.000   1.739 0.000 0.100 0.000  0.255 0.000000
363.208333 364.208333   6.22 0.000   0.75 0.000 9.999 0.259000   0.83 0.000000 0.069 0.000000  0.632 0.000  0.885 0.000 99.99 0.259000   3.920 0.000   1.039 0.000   2.881 0.000 0.130 0.000  0.287 0.000000
