scripts/IMPROVE-2019_partial/data/US9057R.20100102060000.20191216000000.filterpack.pm25_mass.pm25.52w.3d.US03L_filterpack_US9057_2.US03L_IMPROVE_Davis.lev2.nas
50 1001
MISSING INFORMATION
US03L, IMPROVE, , , , , , , 
MISSING INFORMATION
IMPROVE sel_HTAP
1 1
2010 01 01 2019 12 16
3.00
days from file reference point
3
1 1 1
999.99 999.999 9.999
end_time of measurement, days from the file reference point
pm25_mass, ug/m3
numflag pm25_mass, no unit
0
33
Data definition:              EBAS_1.1
Set type code:                TU
Timezone:                     UTC
File name:                    US9057R.20100102060000.20191216000000.filterpack.pm25_mass.pm25.52w.3d.US03L_filterpack_US9057_2.US03L_IMPROVE_Davis.lev2.nas
File creation:                20191218120920
Startdate:                    20100102060000
Revision date:                20191216000000
Version:                      2
Version description:          "Data extracted from http://views.cira.colostate.edu/fed/DataWizard 2019-12-16"
Statistics:                   arithmetic mean
Data level:                   2
Period code:                  52w
Resolution code:              3d
Sample duration:              1d
Orig. time res.:              3d
Station code:                 US9057R
Platform code:                US9057S
Station name:                 Sac and Fox
Station latitude:             39.9791
Station longitude:            -95.5682
Station altitude:             293.0 m
Regime:                       IMG
Component:                    pm25_mass
Unit:                         ug/m3
Matrix:                       pm25
Laboratory code:              US03L
Instrument type:              filterpack
Instrument name:              filterpack_US9057_2
Method ref:                   US03L_IMPROVE_Davis
Blank correction:             Blank corrected
Volume std. temperature:      ambient
Volume std. pressure:         ambient
starttime endtime PM2.5 flag_PM2.5
  1.25   2.25   7.778 0.000
  4.25   5.25  24.396 0.000
  7.25   8.25   5.238 0.000
 10.25  11.25  12.699 0.000
 13.25  14.25  14.396 0.000
 16.25  17.25   6.614 0.000
 19.25  20.25   3.506 0.000
 22.25  23.25   5.672 0.000
 25.25  26.25   2.490 0.000
 28.25  29.25 999.999 0.999
 31.25  32.25 999.999 0.999
 34.25  35.25  23.450 0.000
 37.25  38.25  12.884 0.000
 40.25  41.25   7.817 0.000
 43.25  44.25  21.663 0.000
 46.25  47.25   4.334 0.000
 49.25  50.25   5.359 0.000
 52.25  53.25   8.451 0.000
 55.25  56.25  13.982 0.000
 58.25  59.25  22.531 0.000
 61.25  62.25  15.292 0.000
 64.25  65.25  13.595 0.000
 67.25  68.25  10.115 0.000
 70.25  71.25   2.913 0.000
 73.25  74.25   9.054 0.000
 76.25  77.25   4.923 0.000
 79.25  80.25   2.703 0.000
 82.25  83.25 999.999 0.999
 85.25  86.25   5.115 0.000
 88.25  89.25   9.572 0.000
 91.25  92.25 999.999 0.999
 94.25  95.25 999.999 0.999
 97.25  98.25   4.415 0.000
100.25 101.25  17.167 0.000
103.25 104.25  15.789 0.000
106.25 107.25   3.932 0.000
109.25 110.25  14.683 0.000
112.25 113.25   7.412 0.000
115.25 116.25   2.053 0.000
118.25 119.25   7.336 0.000
121.25 122.25   2.950 0.000
124.25 125.25   3.176 0.000
127.25 128.25   2.688 0.000
130.25 131.25   3.053 0.000
133.25 134.25   2.357 0.000
136.25 137.25   5.463 0.000
139.25 140.25 999.999 0.456
142.25 143.25   6.897 0.000
145.25 146.25   6.537 0.000
148.25 149.25   7.517 0.000
151.25 152.25   6.725 0.000
154.25 155.25   7.976 0.000
157.25 158.25   3.901 0.000
160.25 161.25  10.181 0.000
163.25 164.25   4.432 0.000
166.25 167.25   4.471 0.000
169.25 170.25   4.731 0.000
172.25 173.25   7.820 0.000
175.25 176.25   8.441 0.000
178.25 179.25   4.692 0.000
181.25 182.25  10.636 0.000
184.25 185.25   5.863 0.000
187.25 188.25   5.159 0.000
190.25 191.25  10.337 0.000
193.25 194.25   6.672 0.000
196.25 197.25   5.468 0.000
199.25 200.25   9.260 0.000
202.25 203.25  10.000 0.000
205.25 206.25   3.783 0.000
208.25 209.25   8.635 0.000
211.25 212.25   4.522 0.000
214.25 215.25   8.154 0.000
217.25 218.25   9.615 0.000
220.25 221.25   8.139 0.000
223.25 224.25   7.516 0.000
226.25 227.25   4.572 0.000
229.25 230.25   9.648 0.000
232.25 233.25   7.739 0.000
235.25 236.25   5.966 0.000
238.25 239.25   8.464 0.000
241.25 242.25   7.839 0.000
244.25 245.25   2.524 0.000
247.25 248.25 999.999 0.456
250.25 251.25 999.999 0.999
253.25 254.25   4.923 0.000
256.25 257.25   4.784 0.000
259.25 260.25   5.832 0.000
262.25 263.25  13.068 0.000
265.25 266.25   6.811 0.000
268.25 269.25   2.802 0.000
271.25 272.25   4.981 0.000
274.25 275.25   3.893 0.000
277.25 278.25   6.313 0.000
280.25 281.25   8.020 0.000
283.25 284.25   4.858 0.000
286.25 287.25   5.404 0.000
289.25 290.25   7.392 0.000
292.25 293.25   9.464 0.000
295.25 296.25   7.665 0.000
298.25 299.25   1.271 0.000
301.25 302.25   3.742 0.000
304.25 305.25   3.990 0.000
307.25 308.25   3.024 0.000
310.25 311.25   5.295 0.000
313.25 314.25   7.496 0.000
316.25 317.25   4.035 0.000
319.25 320.25   3.590 0.000
322.25 323.25   7.513 0.000
325.25 326.25   7.397 0.000
328.25 329.25   4.731 0.000
331.25 332.25   5.205 0.000
334.25 335.25   6.282 0.000
337.25 338.25  12.386 0.000
340.25 341.25  15.260 0.000
343.25 344.25  15.940 0.000
346.25 347.25   4.641 0.000
349.25 350.25  19.625 0.000
352.25 353.25  23.543 0.000
355.25 356.25  12.780 0.000
358.25 359.25  10.645 0.000
361.25 362.25  15.175 0.000
364.25 365.25   5.149 0.000
