scripts/IMPROVE-2019_partial/data/US9029R.20010101070000.20191216000000.filterpack..pm25.52w.1w.US03L_filterpack_US9029.US03L_IMPROVE_Davis.lev2.nas
64 1001
MISSING INFORMATION
US03L, IMPROVE, , , , , , , 
MISSING INFORMATION
IMPROVE sel_HTAP
1 1
2001 01 01 2019 12 16
3.000000
days from file reference point
25
1 1 1 1 1 1 1 1 1 1 1 1 1 1 1 1 1 1 1 1 1 1 1 1 1
999.999999 9999.99 9.999 99.99 9.999999 9.999 9.999999 99.99 9.999999 9.999 9.999 99.999 9.999 99.999 9.999 999.999 9.999 999.999 9.999 99.999 9.999 9.999 9.999999 9.999 9.999
end_time of measurement, days from the file reference point
iron, ng/m3, Revision date=20181210133000
numflag iron, no unit, Revision date=20181210133000
lead, ng/m3, Revision date=20181210133000
numflag lead, no unit, Revision date=20181210133000
magnesium, ug/m3, Revision date=20181210133000
numflag magnesium, no unit, Revision date=20181210133000
nickel, ng/m3, Revision date=20181210133000
numflag nickel, no unit, Revision date=20181210133000
nitrate, ug N/m3, Revision date=20181210133000
numflag nitrate, no unit, Revision date=20181210133000
organic_carbon, ug C/m3, Revision date=20181210133000
numflag organic_carbon, no unit, Revision date=20181210133000
organic_mass, ug/m3, Revision date=20181210133000
numflag organic_mass, no unit, Revision date=20181210133000
pm10_mass, ug/m3, Version=2, Version description=Data extracted from http://views.cira.colostate.edu/fed/DataWizard 2019-12-16, Sample duration=1d, Orig. time res.=3d, Matrix=pm10, Blank correction=Blank corrected, Volume std. temperature=ambient, Volume std. pressure=ambient
numflag pm10_mass, no unit, Version=2, Version description=Data extracted from http://views.cira.colostate.edu/fed/DataWizard 2019-12-16, Sample duration=1d, Orig. time res.=3d, Matrix=pm10, Blank correction=Blank corrected, Volume std. temperature=ambient, Volume std. pressure=ambient
pm10_pm25_mass, ug/m3, Revision date=20181210133000, Matrix=pm10_pm25
numflag pm10_pm25_mass, no unit, Revision date=20181210133000, Matrix=pm10_pm25
pm25_mass, ug/m3, Version=2, Version description=Data extracted from http://views.cira.colostate.edu/fed/DataWizard 2019-12-16, Sample duration=1d, Orig. time res.=3d, Blank correction=Blank corrected, Volume std. temperature=ambient, Volume std. pressure=ambient
numflag pm25_mass, no unit, Version=2, Version description=Data extracted from http://views.cira.colostate.edu/fed/DataWizard 2019-12-16, Sample duration=1d, Orig. time res.=3d, Blank correction=Blank corrected, Volume std. temperature=ambient, Volume std. pressure=ambient
potassium, ug/m3, Revision date=20181210133000
numflag potassium, no unit, Revision date=20181210133000
sulphate_total, ug S/m3, Revision date=20181210133000
numflag sulphate_total, no unit, Revision date=20181210133000
0
25
Data definition:              EBAS_1.1
Set type code:                TU
Timezone:                     UTC
File name:                    US9029R.20010101070000.20191216000000.filterpack..pm25.52w.1w.US03L_filterpack_US9029.US03L_IMPROVE_Davis.lev2.nas
File creation:                20191218120706
Startdate:                    20010101070000
Revision date:                20191216000000
Statistics:                   arithmetic mean
Data level:                   2
Period code:                  52w
Resolution code:              1w
Station code:                 US9029R
Platform code:                US9029S
Station name:                 North Absaroka
Station latitude:             44.7448
Station longitude:            -109.3816
Station altitude:             2482.0 m
Regime:                       IMG
Component:                    
Matrix:                       pm25
Laboratory code:              US03L
Instrument type:              filterpack
Instrument name:              filterpack_US9029
Method ref:                   US03L_IMPROVE_Davis
starttime endtime Fe flag_Fe Pb flag_Pb Mg++ flag_Mg++ Ni flag_Ni NO3- flag_NO3- OC flag_OC OM flag_OM PM10 flag_PM10 PM10-PM2.5 flag_PM10-PM2.5 PM2.5 flag_PM2.5 K+ flag_K+ SO4-- flag_SO4--
[from data line 86]
258.291667 259.291667   51.04 0.000  0.52 0.000000 9.999 0.259000  3.75 0.000000 0.033 0.000  1.055 0.000  1.477 0.000   7.277 0.000   1.674 0.000  5.603 0.000 9.999 0.259000 0.273 0.000
261.291667 262.291667   25.39 0.000  0.41 0.000000 9.999 0.259000 99.99 0.259000 0.018 0.000  0.938 0.000  1.314 0.000   6.737 0.000   3.647 0.000  3.090 0.000 0.027 0.000000 0.174 0.000
264.291667 265.291667 9999.99 0.999 99.99 0.999000 9.999 0.999000 99.99 0.999000 9.999 0.999 99.999 0.999 99.999 0.999 999.999 0.999 999.999 0.999 99.999 0.999 9.999 0.999000 9.999 0.999
267.291667 268.291667 9999.99 0.999 99.99 0.999000 9.999 0.999000 99.99 0.999000 9.999 0.999 99.999 0.999 99.999 0.999 999.999 0.999 999.999 0.999 99.999 0.999 9.999 0.999000 9.999 0.999
270.291667 271.291667   37.92 0.000  0.47 0.000000 9.999 0.259000 99.99 0.259000 0.037 0.000  1.744 0.000  2.441 0.000  10.271 0.000   5.525 0.000  4.746 0.000 0.032 0.000000 0.235 0.000
273.291667 274.291667   31.84 0.000  0.38 0.000000 9.999 0.259000 99.99 0.259000 0.028 0.000  1.494 0.000  2.091 0.000   7.319 0.000   3.570 0.000  3.749 0.000 0.032 0.000000 0.212 0.000
276.291667 277.291667   15.72 0.000  0.18 0.000000 9.999 0.259000 99.99 0.259000 0.046 0.559  0.323 0.000  0.453 0.000   5.892 0.000   4.566 0.000  1.326 0.000 0.014 0.000000 0.108 0.559
279.291667 280.291667 9999.99 0.999 99.99 0.999000 9.999 0.999000 99.99 0.999000 9.999 0.999 99.999 0.999 99.999 0.999 999.999 0.999 999.999 0.999 99.999 0.999 9.999 0.999000 9.999 0.999
282.291667 283.291667    6.76 0.000  0.13 0.000000 9.999 0.259000 99.99 0.259000 0.021 0.000  0.465 0.000  0.650 0.000   6.150 0.000   4.170 0.000  1.980 0.000 0.010 0.000000 0.082 0.000
285.291667 286.291667    9.91 0.000  0.26 0.000000 9.999 0.259000 99.99 0.259000 0.012 0.000  0.315 0.000  0.441 0.000   3.179 0.000   2.104 0.000  1.075 0.000 0.007 0.000000 0.092 0.000
288.291667 289.291667   17.66 0.000  0.44 0.000000 9.999 0.259000 99.99 0.259000 0.010 0.000  0.311 0.000  0.435 0.000   3.382 0.000   1.850 0.000  1.532 0.000 0.019 0.000000 0.089 0.000
291.291667 292.291667   21.59 0.000  0.31 0.000000 9.999 0.259000 99.99 0.259000 0.029 0.000  0.904 0.000  1.266 0.000   9.204 0.000   6.879 0.000  2.325 0.000 0.034 0.000000 0.085 0.000
294.291667 295.291667   21.63 0.000  0.45 0.000000 9.999 0.259000 99.99 0.259000 0.027 0.000  0.761 0.000  1.066 0.000   5.229 0.000   3.055 0.000  2.174 0.000 0.023 0.000000 0.089 0.000
297.291667 298.291667   14.89 0.000  0.65 0.000000 9.999 0.259000 99.99 0.259000 0.047 0.000  0.225 0.000  0.315 0.000   3.746 0.000   2.393 0.000  1.353 0.000 0.016 0.000000 0.094 0.000
300.291667 301.291667   28.38 0.000  0.50 0.000000 9.999 0.259000 99.99 0.259000 0.058 0.000  0.589 0.000  0.824 0.000   6.903 0.000   3.974 0.000  2.929 0.000 0.030 0.000000 0.239 0.000
303.291667 304.291667    5.33 0.000 99.99 0.259000 9.999 0.259000 99.99 0.259000 0.005 0.000  0.124 0.000  0.173 0.000   7.572 0.000   7.087 0.000  0.485 0.000 9.999 0.259000 0.040 0.000
306.291667 307.291667   12.76 0.000  0.55 0.000000 9.999 0.259000 99.99 0.259000 0.024 0.000  0.259 0.000  0.363 0.000   2.761 0.000   1.152 0.000  1.609 0.000 0.026 0.000000 0.173 0.000
309.291667 310.291667    8.22 0.000  0.42 0.000000 9.999 0.259000  0.05 0.000000 0.014 0.000  0.385 0.000  0.539 0.000   3.110 0.000   1.135 0.000  1.975 0.000 9.999 0.259000 0.208 0.000
312.291667 313.291667    9.76 0.000  0.66 0.000000 9.999 0.259000 99.99 0.259000 0.005 0.000  0.054 0.000  0.075 0.000   2.594 0.000   1.759 0.000  0.835 0.000 9.999 0.259000 0.089 0.000
315.291667 316.291667   12.25 0.000  0.45 0.000000 9.999 0.259000  0.13 0.000000 0.025 0.000  0.371 0.000  0.519 0.000   3.556 0.000   1.271 0.000  2.285 0.000 0.013 0.000000 0.317 0.000
318.291667 319.291667    4.05 0.000  0.10 0.000000 0.003 0.000000 99.99 0.259000 0.003 0.000 99.999 0.259 99.999 0.259   2.761 0.000   2.308 0.000  0.453 0.000 9.999 0.259000 0.036 0.000
321.291667 322.291667    1.17 0.000 99.99 0.259000 9.999 0.259000 99.99 0.259000 0.008 0.000  0.179 0.000  0.251 0.000   0.800 0.000   0.254 0.000  0.546 0.000 9.999 0.259000 0.038 0.000
324.291667 325.291667    3.52 0.000  0.25 0.000000 9.999 0.259000 99.99 0.259000 0.011 0.559  0.041 0.000  0.057 0.000   2.988 0.000   2.273 0.000  0.715 0.000 0.002 0.000000 0.069 0.559
327.291667 328.291667    1.38 0.000  0.16 0.000000 0.003 0.000000 99.99 0.259000 0.021 0.000  0.059 0.000  0.083 0.000   0.800 0.000   0.324 0.000  0.476 0.000 9.999 0.259000 0.028 0.000
330.291667 331.291667    2.22 0.000  0.24 0.000000 0.007 0.000000 99.99 0.259000 0.007 0.000  0.239 0.000  0.335 0.000   1.369 0.000   0.195 0.000  1.175 0.000 0.004 0.000000 0.111 0.000
333.291667 334.291667    3.36 0.000 99.99 0.259000 9.999 0.259000  0.04 0.000000 0.009 0.000 99.999 0.259 99.999 0.259   1.852 0.000   1.199 0.000  0.653 0.000 9.999 0.259000 0.034 0.000
336.291667 337.291667    2.27 0.000  0.18 0.000000 9.999 0.259000 99.99 0.259000 0.009 0.559  0.044 0.000  0.061 0.000   1.010 0.000   0.741 0.000  0.269 0.000 0.005 0.000000 0.017 0.559
339.291667 340.291667    4.04 0.000  0.19 0.000000 9.999 0.259000 99.99 0.259000 0.012 0.000  0.126 0.000  0.176 0.000   6.734 0.000   6.251 0.000  0.483 0.000 0.003 0.000000 0.025 0.000
342.291667 343.291667   12.48 0.000  0.54 0.000000 9.999 0.259000 99.99 0.259000 0.017 0.000  0.180 0.000  0.251 0.000   2.970 0.000   1.768 0.000  1.203 0.000 0.010 0.000000 0.085 0.000
345.291667 346.291667    4.89 0.000  0.23 0.000000 9.999 0.259000  0.04 0.000000 0.033 0.559  0.157 0.000  0.219 0.000   6.987 0.000   6.184 0.000  0.802 0.000 0.004 0.000000 0.074 0.559
348.291667 349.291667    1.64 0.000  0.22 0.000000 9.999 0.259000 99.99 0.259000 0.017 0.000  0.175 0.000  0.245 0.000   1.270 0.000   0.934 0.000  0.337 0.000 0.004 0.000000 0.023 0.000
351.291667 352.291667    5.04 0.000  0.39 0.000000 9.999 0.259000 99.99 0.259000 0.031 0.559  0.252 0.000  0.353 0.000   2.011 0.000   1.488 0.000  0.523 0.000 0.006 0.000000 0.057 0.559
354.291667 355.291667   10.82 0.000  0.60 0.000000 9.999 0.259000 99.99 0.259000 0.058 0.000  0.236 0.000  0.330 0.000   4.630 0.000   3.452 0.000  1.178 0.000 0.011 0.000000 0.113 0.000
357.291667 358.291667    2.99 0.000  0.21 0.000000 9.999 0.259000 99.99 0.259000 0.008 0.000  0.109 0.000  0.153 0.000   1.010 0.000   0.773 0.000  0.237 0.000 0.003 0.000000 0.019 0.000
360.291667 361.291667    3.14 0.000  0.19 0.000000 9.999 0.259000 99.99 0.259000 0.007 0.559  0.121 0.000  0.169 0.000   2.414 0.000   1.980 0.000  0.434 0.000 0.005 0.000000 0.025 0.559
363.291667 364.291667    3.31 0.000  0.35 0.000000 9.999 0.259000 99.99 0.259000 0.016 0.559  0.232 0.000  0.325 0.000   1.101 0.000   0.179 0.000  0.922 0.000 0.005 0.000000 0.121 0.559
