scripts/IMPROVE-2019_partial/data/US9062R.20060102060000.20191216000000.filterpack..pm25.52w.1w.US03L_filterpack_US9062.US03L_IMPROVE_Davis.lev2.nas
64 1001
MISSING INFORMATION
US03L, IMPROVE, , , , , , , 
MISSING INFORMATION
IMPROVE sel_HTAP
1 1
2006 01 01 2019 12 16
3.00
days from file reference point
25
1 1 1 1 1 1 1 1 1 1 1 1 1 1 1 1 1 1 1 1 1 1 1 1 1
999.99 999.99 9.999 99.99 9.999 9.999 9.999 9.99 9.999 99.999 9.999 999.999 9.999 999.999 9.999 999.999 9.999 999.999 9.999 999.999 9.999 9.999 9.999 99.999 9.999
end_time of measurement, days from the file reference point
iron, ng/m3, Revision date=20181210133000
numflag iron, no unit, Revision date=20181210133000
lead, ng/m3, Revision date=20181210133000
numflag lead, no unit, Revision date=20181210133000
magnesium, ug/m3, Revision date=20181210133000
numflag magnesium, no unit, Revision date=20181210133000
nickel, ng/m3, Revision date=20181210133000
numflag nickel, no unit, Revision date=20181210133000
nitrate, ug N/m3, Revision date=20181210133000
numflag nitrate, no unit, Revision date=20181210133000
organic_carbon, ug C/m3, Revision date=20181210133000
numflag organic_carbon, no unit, Revision date=20181210133000
organic_mass, ug/m3, Revision date=20181210133000
numflag organic_mass, no unit, Revision date=20181210133000
pm10_mass, ug/m3, Version=2, Version description=Data extracted from http://views.cira.colostate.edu/fed/DataWizard 2019-12-16, Sample duration=1d, Orig. time res.=3d, Matrix=pm10, Blank correction=Blank corrected, Volume std. temperature=ambient, Volume std. pressure=ambient
numflag pm10_mass, no unit, Version=2, Version description=Data extracted from http://views.cira.colostate.edu/fed/DataWizard 2019-12-16, Sample duration=1d, Orig. time res.=3d, Matrix=pm10, Blank correction=Blank corrected, Volume std. temperature=ambient, Volume std. pressure=ambient
pm10_pm25_mass, ug/m3, Revision date=20181210133000, Matrix=pm10_pm25
numflag pm10_pm25_mass, no unit, Revision date=20181210133000, Matrix=pm10_pm25
pm25_mass, ug/m3, Version=2, Version description=Data extracted from http://views.cira.colostate.edu/fed/DataWizard 2019-12-16, Sample duration=1d, Orig. time res.=3d, Blank correction=Blank corrected, Volume std. temperature=ambient, Volume std. pressure=ambient
numflag pm25_mass, no unit, Version=2, Version description=Data extracted from http://views.cira.colostate.edu/fed/DataWizard 2019-12-16, Sample duration=1d, Orig. time res.=3d, Blank correction=Blank corrected, Volume std. temperature=ambient, Volume std. pressure=ambient
potassium, ug/m3, Revision date=20181210133000
numflag potassium, no unit, Revision date=20181210133000
sulphate_total, ug S/m3, Revision date=20181210133000
numflag sulphate_total, no unit, Revision date=20181210133000
0
25
Data definition:              EBAS_1.1
Set type code:                TU
Timezone:                     UTC
File name:                    US9062R.20060102060000.20191216000000.filterpack..pm25.52w.1w.US03L_filterpack_US9062.US03L_IMPROVE_Davis.lev2.nas
File creation:                20191218120939
Startdate:                    20060102060000
Revision date:                20191216000000
Statistics:                   arithmetic mean
Data level:                   2
Period code:                  52w
Resolution code:              1w
Station code:                 US9062R
Platform code:                US9062S
Station name:                 Voyageurs NP #2
Station latitude:             48.4126
Station longitude:            -92.8286
Station altitude:             429.0 m
Regime:                       IMG
Component:                    
Matrix:                       pm25
Laboratory code:              US03L
Instrument type:              filterpack
Instrument name:              filterpack_US9062
Method ref:                   US03L_IMPROVE_Davis
starttime endtime Fe flag_Fe Pb flag_Pb Mg++ flag_Mg++ Ni flag_Ni NO3- flag_NO3- OC flag_OC OM flag_OM PM10 flag_PM10 PM10-PM2.5 flag_PM10-PM2.5 PM2.5 flag_PM2.5 K+ flag_K+ SO4-- flag_SO4--
[from data line 95]
286.25 287.25   2.04 0.000  0.41 0.000 9.999 0.259 9.99 0.259  0.007 0.000   0.085 0.000   0.152 0.000   1.572 0.000   0.723 0.000   0.849 0.000 0.008 0.000  0.095 0.000
289.25 290.25   4.59 0.000  0.80 0.000 9.999 0.259 9.99 0.259  0.027 0.000   0.335 0.000   0.602 0.000 999.999 0.456 999.999 0.999   1.388 0.000 0.016 0.000  0.114 0.000
292.25 293.25  16.66 0.000  0.86 0.000 9.999 0.259 0.15 0.000  0.052 0.000   0.479 0.000   0.862 0.000   5.027 0.000   1.318 0.000   3.709 0.000 0.020 0.000  0.470 0.000
295.25 296.25   0.30 0.000  0.14 0.000 9.999 0.259 9.99 0.259  0.002 0.000   0.044 0.000   0.079 0.000   0.590 0.000   0.081 0.000   0.510 0.000 0.003 0.000  0.055 0.000
298.25 299.25  33.66 0.000  1.45 0.000 9.999 0.259 0.13 0.000  0.259 0.000   0.672 0.000   1.210 0.000   5.396 0.000   1.977 0.000   3.420 0.000 0.028 0.000  0.185 0.000
301.25 302.25   4.17 0.000  0.29 0.000 0.006 0.000 9.99 0.259  0.015 0.000   0.444 0.000   0.799 0.000   2.368 0.000   0.797 0.000   1.571 0.000 0.025 0.000  0.087 0.000
304.25 305.25   6.22 0.000  0.62 0.000 9.999 0.259 9.99 0.259  0.143 0.000   0.256 0.000   0.461 0.000   3.788 0.000   1.338 0.000   2.450 0.000 0.023 0.000  0.210 0.000
307.25 308.25   7.65 0.000  0.43 0.000 9.999 0.259 9.99 0.259  0.051 0.000   0.338 0.000   0.609 0.000   3.688 0.000   1.894 0.000   1.794 0.000 0.017 0.000  0.169 0.000
310.25 311.25  36.54 0.000  2.10 0.000 9.999 0.259 9.99 0.259  1.060 0.000   1.440 0.000   2.592 0.000  19.643 0.000   2.977 0.000  16.666 0.000 0.078 0.000  1.293 0.000
313.25 314.25   1.64 0.000  0.87 0.000 9.999 0.259 9.99 0.259  0.008 0.000   0.687 0.000   1.237 0.000   3.314 0.000   0.548 0.000   2.766 0.000 0.016 0.000  0.335 0.000
316.25 317.25  21.44 0.000  1.59 0.000 9.999 0.259 9.99 0.259  0.719 0.000   1.118 0.000   2.012 0.000  11.256 0.000   1.526 0.000   9.730 0.000 0.058 0.000  0.642 0.000
319.25 320.25   3.27 0.000  0.58 0.000 9.999 0.259 0.18 0.000  0.016 0.000   0.962 0.000   1.731 0.000   4.538 0.000   0.423 0.000   4.115 0.000 0.023 0.000  0.566 0.000
322.25 323.25  11.89 0.000  1.01 0.000 9.999 0.259 9.99 0.259  0.096 0.000   1.390 0.000   2.502 0.000   6.030 0.000   1.761 0.000   4.269 0.000 0.069 0.000  0.325 0.000
325.25 326.25  67.53 0.000  2.27 0.000 9.999 0.259 9.99 0.259  0.969 0.000   1.927 0.000   3.468 0.000  17.433 0.000   6.528 0.000  10.905 0.000 0.068 0.000  0.346 0.000
328.25 329.25   8.94 0.000  0.93 0.000 9.999 0.259 9.99 0.259  0.150 0.000   0.910 0.000   1.637 0.000   4.195 0.000   1.211 0.000   2.983 0.000 0.050 0.000  0.140 0.000
331.25 332.25   3.46 0.000  0.37 0.000 0.021 0.000 9.99 0.259  0.038 0.000   0.317 0.000   0.570 0.000   2.769 0.000   0.982 0.000   1.787 0.000 0.009 0.000  0.202 0.000
334.25 335.25  10.69 0.000  1.61 0.000 9.999 0.259 9.99 0.259  0.048 0.000   0.548 0.000   0.986 0.000   2.751 0.000   0.345 0.000   2.406 0.000 0.018 0.000  0.213 0.000
337.25 338.25  23.20 0.000  0.87 0.000 9.999 0.259 9.99 0.259  0.103 0.000   0.599 0.000   1.079 0.000   3.195 0.000   0.399 0.000   2.796 0.000 0.027 0.000  0.202 0.000
340.25 341.25   5.78 0.000  0.69 0.000 0.028 0.000 0.16 0.000  0.048 0.000   0.531 0.000   0.956 0.000   2.398 0.000   0.347 0.000   2.051 0.000 0.030 0.000  0.218 0.000
343.25 344.25   8.90 0.000  0.90 0.000 9.999 0.259 9.99 0.259  0.103 0.000   1.103 0.000   1.986 0.000   3.116 0.000   0.013 0.000   3.103 0.000 0.030 0.000  0.263 0.000
346.25 347.25   6.84 0.000  0.49 0.000 9.999 0.259 9.99 0.259  0.400 0.000   0.708 0.000   1.275 0.000   4.356 0.000 999.999 0.259   4.661 0.000 0.025 0.000  0.399 0.000
349.25 350.25  16.24 0.000  0.78 0.000 9.999 0.259 9.99 0.259  0.463 0.000   0.626 0.000   1.127 0.000   4.908 0.000   0.010 0.000   4.898 0.000 0.032 0.000  0.361 0.000
352.25 353.25  16.00 0.000  0.46 0.000 0.014 0.000 9.99 0.259  0.066 0.000   0.418 0.000   0.752 0.000   2.898 0.000   1.634 0.000   1.264 0.000 0.017 0.000  0.052 0.000
355.25 356.25   4.72 0.000  0.18 0.000 9.999 0.259 9.99 0.259  0.026 0.000   0.592 0.000   1.066 0.000   1.762 0.000   0.284 0.000   1.478 0.000 0.015 0.000  0.154 0.000
358.25 359.25   6.16 0.000  0.23 0.000 9.999 0.259 9.99 0.259  0.083 0.000   0.487 0.000   0.877 0.000   2.071 0.000   0.506 0.000   1.565 0.000 0.017 0.000  0.130 0.000
361.25 362.25   3.27 0.000  0.57 0.000 0.012 0.000 0.22 0.000  0.048 0.000   0.413 0.000   0.744 0.000   2.245 0.000 999.999 0.259   2.312 0.000 0.016 0.000  0.348 0.000
364.25 365.25   3.32 0.000  1.22 0.000 0.006 0.000 9.99 0.259  0.007 0.000   0.267 0.000   0.480 0.000   1.088 0.000 999.999 0.259   1.264 0.000 0.008 0.000  0.208 0.000
