scripts/IMPROVE-2019_partial/data/US9035R.20030103070000.20191216000000.filterpack..pm25.1y.1w.US03L_filterpack_US9035.US03L_IMPROVE_Davis.lev2.nas
64 1001
MISSING INFORMATION
US03L, IMPROVE, , , , , , , 
MISSING INFORMATION
IMPROVE sel_HTAP
1 1
2003 01 01 2019 12 16
3.000000
days from file reference point
25
1 1 1 1 1 1 1 1 1 1 1 1 1 1 1 1 1 1 1 1 1 1 1 1 1
999.999999 99999.99 9.999 99.99 9.999 9.999 9.999999 9.99 9.999999 9.999 9.999999 99.999 9.999 99.999 9.999 999.999 9.999 999.999 9.999 999.999 9.999 9.999 9.999 9.999 9.999999
end_time of measurement, days from the file reference point
iron, ng/m3, Revision date=20181210133000
numflag iron, no unit, Revision date=20181210133000
lead, ng/m3, Revision date=20181210133000
numflag lead, no unit, Revision date=20181210133000
magnesium, ug/m3, Revision date=20181210133000
numflag magnesium, no unit, Revision date=20181210133000
nickel, ng/m3, Revision date=20181210133000
numflag nickel, no unit, Revision date=20181210133000
nitrate, ug N/m3, Revision date=20181210133000
numflag nitrate, no unit, Revision date=20181210133000
organic_carbon, ug C/m3, Revision date=20181210133000
numflag organic_carbon, no unit, Revision date=20181210133000
organic_mass, ug/m3, Revision date=20181210133000
numflag organic_mass, no unit, Revision date=20181210133000
pm10_mass, ug/m3, Version=2, Version description=Data extracted from http://views.cira.colostate.edu/fed/DataWizard 2019-12-16, Sample duration=1d, Orig. time res.=3d, Matrix=pm10, Blank correction=Blank corrected, Volume std. temperature=ambient, Volume std. pressure=ambient
numflag pm10_mass, no unit, Version=2, Version description=Data extracted from http://views.cira.colostate.edu/fed/DataWizard 2019-12-16, Sample duration=1d, Orig. time res.=3d, Matrix=pm10, Blank correction=Blank corrected, Volume std. temperature=ambient, Volume std. pressure=ambient
pm10_pm25_mass, ug/m3, Revision date=20181210133000, Matrix=pm10_pm25
numflag pm10_pm25_mass, no unit, Revision date=20181210133000, Matrix=pm10_pm25
pm25_mass, ug/m3, Version=2, Version description=Data extracted from http://views.cira.colostate.edu/fed/DataWizard 2019-12-16, Sample duration=1d, Orig. time res.=3d, Blank correction=Blank corrected, Volume std. temperature=ambient, Volume std. pressure=ambient
numflag pm25_mass, no unit, Version=2, Version description=Data extracted from http://views.cira.colostate.edu/fed/DataWizard 2019-12-16, Sample duration=1d, Orig. time res.=3d, Blank correction=Blank corrected, Volume std. temperature=ambient, Volume std. pressure=ambient
potassium, ug/m3, Revision date=20181210133000
numflag potassium, no unit, Revision date=20181210133000
sulphate_total, ug S/m3, Revision date=20181210133000
numflag sulphate_total, no unit, Revision date=20181210133000
0
25
Data definition:              EBAS_1.1
Set type code:                TU
Timezone:                     UTC
File name:                    US9035R.20030103070000.20191216000000.filterpack..pm25.1y.1w.US03L_filterpack_US9035.US03L_IMPROVE_Davis.lev2.nas
File creation:                20191218120739
Startdate:                    20030103070000
Revision date:                20191216000000
Statistics:                   arithmetic mean
Data level:                   2
Period code:                  1y
Resolution code:              1w
Station code:                 US9035R
Platform code:                US9035S
Station name:                 Sycamore Canyon
Station latitude:             35.1406
Station longitude:            -111.9692
Station altitude:             2046.0 m
Regime:                       IMG
Component:                    
Matrix:                       pm25
Laboratory code:              US03L
Instrument type:              filterpack
Instrument name:              filterpack_US9035
Method ref:                   US03L_IMPROVE_Davis
starttime endtime Fe flag_Fe Pb flag_Pb Mg++ flag_Mg++ Ni flag_Ni NO3- flag_NO3- OC flag_OC OM flag_OM PM10 flag_PM10 PM10-PM2.5 flag_PM10-PM2.5 PM2.5 flag_PM2.5 K+ flag_K+ SO4-- flag_SO4--
[from data line 86]
260.291667 261.291667   224.89 0.559  0.54 0.559 9.999 0.559259 9.99 0.559259 0.022 0.000000  1.059 0.000  1.483 0.000  13.519 0.000   7.415 0.000   6.104 0.559 0.078 0.559 0.141 0.000000
263.291667 264.291667   480.64 0.559  0.81 0.559 9.999 0.559259 9.99 0.559259 0.020 0.000000  1.522 0.000  2.131 0.000  21.080 0.000  11.979 0.000   9.101 0.559 0.095 0.559 0.108 0.000000
266.291667 267.291667   782.15 0.559  1.89 0.559 9.999 0.559259 0.17 0.559000 0.051 0.559000  1.419 0.000  1.987 0.000  61.719 0.000  40.849 0.000  20.870 0.559 0.421 0.559 0.125 0.559000
269.291667 270.291667  1319.17 0.559  2.23 0.559 9.999 0.559259 0.15 0.559000 0.022 0.000000  1.883 0.000  2.637 0.000  57.117 0.000  37.088 0.000  20.029 0.559 0.211 0.559 0.089 0.000000
272.291667 273.291667   518.54 0.559  1.52 0.559 9.999 0.559259 0.05 0.559000 0.015 0.559000  1.216 0.000  1.703 0.000  27.449 0.000  18.056 0.000   9.393 0.559 0.096 0.559 0.222 0.559000
275.291667 276.291667   158.99 0.559  0.42 0.559 9.999 0.559259 0.06 0.559000 0.020 0.559000  0.818 0.000  1.146 0.000   7.027 0.000   2.092 0.000   4.934 0.559 0.050 0.559 0.245 0.559000
278.291667 279.291667   228.05 0.559  0.98 0.559 9.999 0.559259 0.07 0.559000 0.018 0.559000  1.007 0.000  1.410 0.000  12.483 0.000   7.111 0.000   5.373 0.559 0.046 0.559 0.262 0.559000
281.291667 282.291667   264.66 0.559  0.60 0.559 0.060 0.559000 9.99 0.559259 0.017 0.559000  1.948 0.000  2.728 0.000   9.492 0.000   2.072 0.000   7.420 0.559 0.060 0.559 0.246 0.559000
284.291667 285.291667   188.00 0.559  0.76 0.559 9.999 0.559259 0.04 0.559000 0.033 0.559000  1.288 0.000  1.803 0.000  13.683 0.000   7.324 0.000   6.360 0.559 0.071 0.559 0.266 0.559000
287.291667 288.291667   246.86 0.559  0.93 0.559 9.999 0.559259 0.13 0.559000 0.027 0.000000  0.938 0.000  1.313 0.000  13.186 0.000   6.940 0.000   6.246 0.559 0.073 0.559 0.270 0.000000
290.291667 291.291667   354.38 0.559  0.71 0.559 9.999 0.559259 9.99 0.559259 0.017 0.559000  1.850 0.000  2.589 0.000  18.121 0.000   9.569 0.000   8.553 0.559 0.077 0.559 0.200 0.559000
293.291667 294.291667   296.03 0.559  0.71 0.559 9.999 0.559259 9.99 0.559259 0.023 0.559000  1.972 0.000  2.760 0.000  13.560 0.000   5.081 0.000   8.479 0.559 0.066 0.559 0.199 0.559000
296.291667 297.291667   502.43 0.559  1.20 0.559 0.139 0.559000 9.99 0.559259 0.033 0.559000  2.041 0.000  2.857 0.000  22.859 0.000  11.432 0.000  11.427 0.559 0.136 0.559 0.182 0.559000
299.291667 300.291667   406.63 0.559  0.94 0.559 9.999 0.559259 0.11 0.559000 0.016 0.559000  1.556 0.000  2.179 0.000  17.485 0.000   8.556 0.000   8.929 0.559 0.083 0.559 0.058 0.559000
302.291667 303.291667   172.21 0.559  2.17 0.559 0.100 0.559000 9.99 0.559259 0.361 0.000000  6.567 0.000  9.194 0.000  36.665 0.000  17.044 0.000  19.621 0.559 0.490 0.559 0.372 0.000000
305.291667 306.291667    55.62 0.559  1.07 0.559 9.999 0.559259 9.99 0.559259 0.137 0.559000  1.422 0.000  1.992 0.000   9.481 0.000   3.756 0.000   5.726 0.559 0.123 0.559 0.244 0.559000
308.291667 309.291667   207.41 0.559  0.42 0.559 9.999 0.559259 9.99 0.559259 0.042 0.559000  0.897 0.000  1.256 0.000  12.090 0.000   7.374 0.000   4.716 0.559 0.044 0.559 0.110 0.559000
311.291667 312.291667   218.88 0.559  0.44 0.559 9.999 0.559259 9.99 0.559259 0.013 0.559000  0.611 0.000  0.856 0.000  11.519 0.000   7.545 0.000   3.974 0.559 0.042 0.559 0.058 0.559000
314.291667 315.291667 99999.99 0.456 99.99 0.456 9.999 0.456000 9.99 0.456000 9.999 0.456000 99.999 0.999 99.999 0.999 999.999 0.456 999.999 0.999 999.999 0.456 9.999 0.456 9.999 0.456000
317.291667 318.291667 99999.99 0.456 99.99 0.456 9.999 0.456000 9.99 0.456000 9.999 0.456000 99.999 0.999 99.999 0.999 999.999 0.456 999.999 0.999 999.999 0.456 9.999 0.456 9.999 0.456000
320.291667 321.291667 99999.99 0.456 99.99 0.456 9.999 0.456000 9.99 0.456000 9.999 0.456000 99.999 0.999 99.999 0.999 999.999 0.456 999.999 0.999 999.999 0.456 9.999 0.456 9.999 0.456000
323.291667 324.291667   129.17 0.559  0.81 0.559 0.044 0.559000 9.99 0.559259 0.021 0.000000  3.701 0.000  5.182 0.000   7.774 0.000   1.364 0.000   6.410 0.559 0.027 0.559 0.066 0.000000
326.291667 327.291667    21.68 0.000  0.33 0.000 0.023 0.000000 9.99 0.259000 0.016 0.559000  1.325 0.000  1.856 0.000   4.131 0.000   1.838 0.000   2.294 0.000 0.011 0.000 0.056 0.559000
329.291667 330.291667    62.83 0.699  1.36 0.699 9.999 0.699259 0.06 0.699000 0.208 0.559000  2.103 0.000  2.944 0.000   9.696 0.000   5.099 0.000   4.597 0.699 0.029 0.699 0.123 0.559000
332.291667 333.291667   205.03 0.000  0.64 0.000 0.068 0.000000 0.08 0.000000 0.010 0.559000  0.721 0.000  1.009 0.000  14.806 0.000  10.948 0.000   3.858 0.000 0.034 0.000 0.069 0.559000
335.291667 336.291667   246.37 0.000  1.37 0.000 9.999 0.259000 9.99 0.259000 0.018 0.000000  0.985 0.000  1.378 0.000  12.318 0.000   7.954 0.000   4.364 0.000 0.057 0.000 0.080 0.000000
338.291667 339.291667   260.49 0.559  0.82 0.559 9.999 0.559259 9.99 0.559259 0.036 0.559000  3.132 0.000  4.384 0.000  15.163 0.000   7.066 0.000   8.096 0.559 0.070 0.559 0.123 0.559000
341.291667 342.291667    18.69 0.000  0.75 0.000 9.999 0.259000 9.99 0.259000 0.064 0.559000  2.780 0.000  3.891 0.000   5.746 0.000   1.938 0.000   3.808 0.000 0.016 0.000 0.086 0.559000
344.291667 345.291667    59.55 0.000  1.58 0.000 9.999 0.259000 9.99 0.259000 0.287 0.000000  2.763 0.000  3.868 0.000   7.776 0.000   2.195 0.000   5.581 0.000 0.027 0.000 0.092 0.000000
347.291667 348.291667    32.58 0.000  0.79 0.000 0.067 0.000000 9.99 0.259000 0.046 0.559000  0.938 0.000  1.313 0.000   2.480 0.000   0.815 0.000   1.665 0.000 0.008 0.000 0.053 0.559000
350.291667 351.291667    23.06 0.000  0.21 0.000 0.071 0.000000 9.99 0.259000 0.007 0.559000  0.323 0.000  0.452 0.000   2.424 0.000   1.484 0.000   0.940 0.000 0.008 0.000 0.029 0.559000
353.291667 354.291667   154.60 0.559  0.82 0.559 9.999 0.559259 9.99 0.559259 0.027 0.559000  3.560 0.000  4.984 0.000  11.533 0.000   4.993 0.000   6.540 0.559 0.046 0.559 0.075 0.559000
356.291667 357.291667 99999.99 0.699 99.99 0.699 9.999 0.699000 9.99 0.699000 0.008 0.559000 99.999 0.999 99.999 0.999   2.242 0.000 999.999 0.999 999.999 0.699 9.999 0.699 0.107 0.559000
359.291667 360.291667 99999.99 0.999 99.99 0.999 9.999 0.999000 9.99 0.999000 0.033 0.559000  0.321 0.000  0.449 0.000   2.522 0.000 999.999 0.999 999.999 0.999 9.999 0.999 0.055 0.559000
362.291667 363.291667 99999.99 0.999 99.99 0.999 9.999 0.999000 9.99 0.999000 9.999 0.999000 99.999 0.999 99.999 0.999 999.999 0.999 999.999 0.999 999.999 0.999 9.999 0.999 9.999 0.999000
