scripts/IMPROVE-2019_partial/data/US9058R.20120101060000.20191216000000.filterpack...52w.3d.US03L_filterpack_US9058.US03L_IMPROVE_Davis.lev2.nas
52 1001
MISSING INFORMATION
US03L, IMPROVE, , , , , , , 
MISSING INFORMATION
IMPROVE sel_HTAP
1 1
2012 01 01 2019 12 16
3.00
days from file reference point
5
1 1 1 1 1
999.99 999.999 9.999 999.999 9.999
end_time of measurement, days from the file reference point
pm10_mass, ug/m3, Matrix=pm10
numflag pm10_mass, no unit, Matrix=pm10
pm25_mass, ug/m3, Matrix=pm25
numflag pm25_mass, no unit, Matrix=pm25
0
33
Data definition:              EBAS_1.1
Set type code:                TU
Timezone:                     UTC
File name:                    US9058R.20120101060000.20191216000000.filterpack...52w.3d.US03L_filterpack_US9058.US03L_IMPROVE_Davis.lev2.nas
File creation:                20191218120924
Startdate:                    20120101060000
Revision date:                20191216000000
Version:                      2
Version description:          "Data extracted from http://views.cira.colostate.edu/fed/DataWizard 2019-12-16"
Statistics:                   arithmetic mean
Data level:                   2
Period code:                  52w
Resolution code:              3d
Sample duration:              1d
Orig. time res.:              3d
Station code:                 US9058R
Platform code:                US9058S
Station name:                 Tallgrass
Station latitude:             38.4341
Station longitude:            -96.5602
Station altitude:             390.0 m
Regime:                       IMG
Component:                    
Unit:                         ug/m3
Matrix:                       
Laboratory code:              US03L
Instrument type:              filterpack
Instrument name:              filterpack_US9058
Method ref:                   US03L_IMPROVE_Davis
Blank correction:             Blank corrected
Volume std. temperature:      ambient
Volume std. pressure:         ambient
starttime endtime PM10 flag_PM10 PM2.5 flag_PM2.5
  0.25   1.25   2.464 0.000   1.003 0.000
  3.25   4.25   7.794 0.000   1.678 0.000
  6.25   7.25   9.924 0.000   1.840 0.000
  9.25  10.25  14.471 0.000   4.407 0.000
 12.25  13.25   8.207 0.000   1.902 0.000
 15.25  16.25  13.591 0.000   4.136 0.000
 18.25  19.25  18.137 0.000   6.397 0.000
 21.25  22.25  21.084 0.000  14.053 0.000
 24.25  25.25  20.907 0.000   9.957 0.000
 27.25  28.25   5.891 0.000   1.743 0.000
 30.25  31.25   9.321 0.000   4.363 0.000
 33.25  34.25   9.120 0.000   4.090 0.000
 36.25  37.25   2.299 0.000   1.435 0.000
 39.25  40.25  12.612 0.000  10.665 0.000
 42.25  43.25   5.235 0.000   3.065 0.000
 45.25  46.25 999.999 0.999 999.999 0.999
 48.25  49.25 999.999 0.999 999.999 0.999
 51.25  52.25 999.999 0.999 999.999 0.999
 54.25  55.25 999.999 0.999 999.999 0.999
 57.25  58.25 999.999 0.999 999.999 0.999
 60.25  61.25  15.374 0.000   4.216 0.000
 63.25  64.25   6.825 0.000   1.771 0.000
 66.25  67.25  17.751 0.000   6.353 0.000
 69.25  70.25  10.568 0.000   4.611 0.000
 72.25  73.25  12.330 0.000   5.484 0.000
 75.25  76.25  13.158 0.000   9.390 0.000
 78.25  79.25  15.050 0.000   9.451 0.000
 81.25  82.25   2.934 0.000   2.124 0.000
 84.25  85.25  11.371 0.000   9.328 0.000
 87.25  88.25  20.237 0.000  13.031 0.000
 90.25  91.25  21.862 0.000  11.957 0.000
 93.25  94.25  21.886 0.000  15.813 0.000
 96.25  97.25  13.766 0.000   6.589 0.000
 99.25 100.25  11.723 0.000   4.799 0.000
102.25 103.25  17.588 0.000   7.357 0.000
105.25 106.25  13.516 0.000   4.832 0.000
108.25 109.25  15.787 0.000   6.441 0.000
111.25 112.25  11.648 0.000   3.849 0.000
114.25 115.25  25.926 0.000   7.086 0.000
117.25 118.25  44.433 0.000   9.437 0.000
120.25 121.25   9.819 0.000   4.207 0.000
123.25 124.25  19.422 0.000   9.554 0.000
126.25 127.25  22.593 0.000  13.544 0.000
129.25 130.25  11.143 0.000   3.833 0.000
132.25 133.25  13.195 0.000   4.241 0.000
135.25 136.25  19.029 0.000   5.685 0.000
138.25 139.25  28.293 0.000  11.443 0.000
141.25 142.25  16.514 0.000   3.876 0.000
144.25 145.25  23.238 0.000   7.519 0.000
147.25 148.25  22.704 0.000   9.112 0.000
150.25 151.25  17.102 0.000   4.597 0.000
153.25 154.25   9.221 0.000   3.178 0.000
156.25 157.25  19.308 0.000   7.220 0.000
159.25 160.25  23.994 0.000   9.903 0.000
162.25 163.25  15.515 0.000   6.121 0.000
165.25 166.25  25.622 0.000  10.918 0.000
168.25 169.25  16.415 0.000   6.037 0.000
171.25 172.25  16.128 0.000   6.864 0.000
174.25 175.25  18.643 0.000   7.133 0.000
177.25 178.25  34.359 0.000  14.750 0.000
180.25 181.25  28.429 0.000  13.567 0.000
183.25 184.25  19.008 0.000   7.156 0.000
186.25 187.25  25.486 0.000  10.617 0.000
189.25 190.25  21.265 0.000   8.114 0.000
192.25 193.25  23.861 0.000   7.974 0.000
195.25 196.25  20.817 0.000   9.673 0.000
198.25 199.25  29.897 0.000  12.197 0.000
201.25 202.25  20.968 0.000   6.685 0.000
204.25 205.25  24.514 0.000  10.761 0.659
207.25 208.25  12.111 0.000   4.996 0.000
210.25 211.25  25.732 0.000  12.032 0.000
213.25 214.25  23.483 0.000   8.898 0.000
216.25 217.25  21.465 0.000   8.890 0.000
219.25 220.25  17.052 0.000   5.418 0.000
222.25 223.25  16.393 0.000   4.727 0.000
225.25 226.25   9.891 0.000   4.204 0.000
228.25 229.25  20.268 0.000   5.541 0.000
231.25 232.25  12.800 0.000   3.816 0.000
234.25 235.25  18.677 0.000   7.546 0.000
237.25 238.25  12.907 0.000   7.365 0.000
240.25 241.25  22.078 0.000   9.523 0.000
243.25 244.25  15.044 0.000   5.412 0.000
246.25 247.25  19.272 0.000   6.716 0.000
249.25 250.25  24.343 0.000   6.933 0.000
252.25 253.25  12.357 0.000   2.711 0.000
255.25 256.25  23.985 0.000   9.792 0.000
258.25 259.25   7.284 0.000   3.913 0.000
261.25 262.25  12.028 0.000   3.640 0.000
264.25 265.25  23.615 0.000   5.007 0.000
267.25 268.25  22.035 0.000   6.001 0.000
270.25 271.25  17.148 0.000   8.239 0.000
273.25 274.25  21.605 0.000   6.149 0.000
276.25 277.25  17.373 0.000   5.118 0.000
279.25 280.25  12.166 0.000   3.009 0.000
282.25 283.25  17.164 0.000   4.971 0.000
285.25 286.25  30.034 0.000   6.340 0.000
288.25 289.25  10.492 0.000   5.410 0.000
291.25 292.25  47.922 0.000   5.630 0.000
294.25 295.25  23.688 0.000  12.192 0.000
297.25 298.25  16.711 0.000   7.384 0.000
300.25 301.25  10.118 0.000   3.990 0.000
303.25 304.25  26.852 0.000   6.545 0.000
306.25 307.25  39.238 0.000   9.272 0.000
309.25 310.25  10.885 0.000   4.361 0.000
312.25 313.25  28.897 0.000   6.702 0.000
315.25 316.25   6.791 0.000   1.054 0.000
318.25 319.25  12.721 0.000   5.551 0.000
321.25 322.25  17.260 0.000   8.083 0.000
324.25 325.25  11.651 0.000   4.276 0.000
327.25 328.25   8.596 0.000   2.066 0.000
330.25 331.25  16.395 0.000   7.990 0.000
333.25 334.25  21.378 0.000   8.783 0.000
336.25 337.25  14.804 0.000   7.144 0.000
339.25 340.25  10.513 0.000   2.066 0.000
342.25 343.25  22.700 0.000  12.858 0.000
345.25 346.25  11.433 0.000   2.654 0.000
348.25 349.25  17.344 0.000   6.292 0.000
351.25 352.25  12.167 0.000   8.745 0.000
354.25 355.25   4.539 0.000   3.079 0.000
357.25 358.25  33.644 0.000  29.872 0.000
360.25 361.25   8.041 0.000   5.095 0.000
363.25 364.25  11.853 0.000   8.812 0.000
