scripts/IMPROVE-2019_partial/data/US9037R.20040101070000.20191216000000.filterpack..pm25.52w.1w.US03L_filterpack_US9037.US03L_IMPROVE_Davis.lev2.nas
66 1001
MISSING INFORMATION
US03L, IMPROVE, , , , , , , 
MISSING INFORMATION
IMPROVE sel_HTAP
1 1
2004 01 01 2019 12 16
3.000000
days from file reference point
27
1 1 1 1 1 1 1 1 1 1 1 1 1 1 1 1 1 1 1 1 1 1 1 1 1 1 1
999.999999 9999.99 9.999 99.99 9.999 9.999 9.999999 9.99 9.999999 9.999 9.999999 999.999 9.999 999.999 9.999 999.99 9.999999 999.999 9.999 999.999 9.999 999.999 9.999 9.999 9.999 9.999 9.999999
end_time of measurement, days from the file reference point
iron, ng/m3, Revision date=20181210133000
numflag iron, no unit, Revision date=20181210133000
lead, ng/m3, Revision date=20181210133000
numflag lead, no unit, Revision date=20181210133000
magnesium, ug/m3, Revision date=20181210133000
numflag magnesium, no unit, Revision date=20181210133000
nickel, ng/m3, Revision date=20181210133000
numflag nickel, no unit, Revision date=20181210133000
nitrate, ug N/m3, Revision date=20181210133000
numflag nitrate, no unit, Revision date=20181210133000
organic_carbon, ug C/m3, Revision date=20181210133000
numflag organic_carbon, no unit, Revision date=20181210133000
organic_mass, ug/m3, Revision date=20181210133000
numflag organic_mass, no unit, Revision date=20181210133000
phosphorus, ng/m3, Revision date=20181210133000
numflag phosphorus, no unit, Revision date=20181210133000
pm10_mass, ug/m3, Version=2, Version description=Data extracted from http://views.cira.colostate.edu/fed/DataWizard 2019-12-16, Sample duration=1d, Orig. time res.=3d, Matrix=pm10, Blank correction=Blank corrected, Volume std. temperature=ambient, Volume std. pressure=ambient
numflag pm10_mass, no unit, Version=2, Version description=Data extracted from http://views.cira.colostate.edu/fed/DataWizard 2019-12-16, Sample duration=1d, Orig. time res.=3d, Matrix=pm10, Blank correction=Blank corrected, Volume std. temperature=ambient, Volume std. pressure=ambient
pm10_pm25_mass, ug/m3, Revision date=20181210133000, Matrix=pm10_pm25
numflag pm10_pm25_mass, no unit, Revision date=20181210133000, Matrix=pm10_pm25
pm25_mass, ug/m3, Version=2, Version description=Data extracted from http://views.cira.colostate.edu/fed/DataWizard 2019-12-16, Sample duration=1d, Orig. time res.=3d, Blank correction=Blank corrected, Volume std. temperature=ambient, Volume std. pressure=ambient
numflag pm25_mass, no unit, Version=2, Version description=Data extracted from http://views.cira.colostate.edu/fed/DataWizard 2019-12-16, Sample duration=1d, Orig. time res.=3d, Blank correction=Blank corrected, Volume std. temperature=ambient, Volume std. pressure=ambient
potassium, ug/m3, Revision date=20181210133000
numflag potassium, no unit, Revision date=20181210133000
sulphate_total, ug S/m3, Revision date=20181210133000
numflag sulphate_total, no unit, Revision date=20181210133000
0
25
Data definition:              EBAS_1.1
Set type code:                TU
Timezone:                     UTC
File name:                    US9037R.20040101070000.20191216000000.filterpack..pm25.52w.1w.US03L_filterpack_US9037.US03L_IMPROVE_Davis.lev2.nas
File creation:                20191218120750
Startdate:                    20040101070000
Revision date:                20191216000000
Statistics:                   arithmetic mean
Data level:                   2
Period code:                  52w
Resolution code:              1w
Station code:                 US9037R
Platform code:                US9037S
Station name:                 Sierra Ancha
Station latitude:             34.0908
Station longitude:            -110.9421
Station altitude:             1600.0 m
Regime:                       IMG
Component:                    
Matrix:                       pm25
Laboratory code:              US03L
Instrument type:              filterpack
Instrument name:              filterpack_US9037
Method ref:                   US03L_IMPROVE_Davis
starttime endtime Fe flag_Fe Pb flag_Pb Mg++ flag_Mg++ Ni flag_Ni NO3- flag_NO3- OC flag_OC OM flag_OM P flag_P PM10 flag_PM10 PM10-PM2.5 flag_PM10-PM2.5 PM2.5 flag_PM2.5 K+ flag_K+ SO4-- flag_SO4--
  0.291667   1.291667   10.51 0.000  6.72 0.000 9.999 0.259000 0.09 0.000000 0.042 0.559000   0.804 0.000   1.125 0.000 999.99 0.259000   4.167 0.000   1.630 0.000   2.537 0.000 0.024 0.000 0.185 0.559000
  3.291667   4.291667    2.39 0.000  0.41 0.000 9.999 0.259000 9.99 0.259000 0.016 0.000000   0.701 0.000   0.981 0.000 999.99 0.259000   1.726 0.000   0.521 0.000   1.205 0.000 0.012 0.000 0.052 0.000000
  6.291667   7.291667   16.13 0.000  1.30 0.000 9.999 0.259000 0.13 0.000000 0.052 0.559000   1.128 0.000   1.580 0.000 999.99 0.259000   5.923 0.000   3.108 0.000   2.815 0.000 0.035 0.000 0.185 0.559000
  9.291667  10.291667   15.16 0.000  0.36 0.000 9.999 0.259000 9.99 0.259000 0.031 0.559000   0.593 0.000   0.830 0.000 999.99 0.259000   3.205 0.000   1.719 0.000   1.486 0.000 0.016 0.000 0.098 0.559000
 12.291667  13.291667   17.33 0.000  0.56 0.000 9.999 0.259000 0.08 0.000000 0.023 0.559000   1.011 0.000   1.415 0.000 999.99 0.259000   5.430 0.000   2.396 0.000   3.035 0.000 0.024 0.000 0.230 0.559000
 15.291667  16.291667   10.54 0.394  0.72 0.394 9.999 0.394259 0.09 0.394000 0.041 0.559394   0.950 0.000   1.330 0.000 999.99 0.394259   3.370 0.000   0.976 0.000   2.395 0.000 0.015 0.394 0.183 0.559394
 18.291667  19.291667 9999.99 0.999 99.99 0.999 9.999 0.999000 9.99 0.999000 9.999 0.999000 999.999 0.999 999.999 0.999 999.99 0.999000 999.999 0.999 999.999 0.999 999.999 0.999 9.999 0.999 9.999 0.999000
 21.291667  22.291667    5.58 0.559  0.26 0.559 9.999 0.559259 0.08 0.559000 0.017 0.559000   0.710 0.000   0.994 0.000 999.99 0.559259   3.927 0.000   0.619 0.000   3.308 0.559 0.009 0.559 0.512 0.559000
 24.291667  25.291667    6.94 0.000  0.44 0.000 9.999 0.259000 0.09 0.000000 0.219 0.559000   0.462 0.000   0.647 0.000 999.99 0.259000   3.452 0.000   1.600 0.000   1.852 0.000 0.009 0.000 0.216 0.559000
 27.291667  28.291667    5.57 0.000  1.12 0.000 9.999 0.259000 9.99 0.259000 0.039 0.559000   2.154 0.000   3.016 0.000 999.99 0.259000   2.522 0.000   0.238 0.000   2.284 0.000 0.018 0.000 0.058 0.559000
 30.291667  31.291667   16.92 0.000  1.01 0.000 9.999 0.259000 0.08 0.000000 0.408 0.000000   1.017 0.000   1.423 0.000 999.99 0.259000   5.342 0.000   2.805 0.000   2.537 0.000 0.020 0.000 0.187 0.000000
 33.291667  34.291667    9.64 0.000  0.97 0.000 9.999 0.259000 9.99 0.259000 0.137 0.000000   0.488 0.000   0.684 0.000 999.99 0.259000   1.827 0.000   1.604 0.000   0.223 0.000 0.014 0.000 0.126 0.000000
 36.291667  37.291667    8.63 0.000  0.40 0.000 9.999 0.259000 0.05 0.000000 0.027 0.559000   0.522 0.000   0.730 0.000 999.99 0.259000   0.368 0.000 999.999 0.259   0.965 0.000 0.010 0.000 0.221 0.559000
 39.291667  40.291667    7.29 0.000  0.40 0.000 9.999 0.259000 9.99 0.259000 0.025 0.559000   0.435 0.000   0.609 0.000 999.99 0.259000 999.999 0.259 999.999 0.259 999.999 0.259 0.011 0.000 0.050 0.559000
 42.291667  43.291667    8.69 0.000  0.26 0.000 0.020 0.000000 0.10 0.000000 0.043 0.559000   0.455 0.000   0.637 0.000 999.99 0.259000   1.438 0.000   1.212 0.000   0.226 0.000 0.008 0.000 0.166 0.559000
 45.291667  46.291667   19.43 0.000  0.97 0.000 9.999 0.259000 0.05 0.000000 0.031 0.559000   0.831 0.000   1.164 0.000 999.99 0.259000   1.438 0.000   0.899 0.000   0.539 0.000 0.017 0.000 0.091 0.559000
 48.291667  49.291667   30.75 0.000  1.26 0.000 9.999 0.259000 9.99 0.259000 0.033 0.559000   0.723 0.000   1.012 0.000 999.99 0.259000   5.841 0.000   3.691 0.000   2.151 0.000 0.023 0.000 0.133 0.559000
 51.291667  52.291667   34.25 0.000  0.79 0.000 0.024 0.000000 0.10 0.000000 0.076 0.559000   0.720 0.000   1.008 0.000 999.99 0.259000   7.602 0.000   4.899 0.000   2.702 0.000 0.034 0.000 0.140 0.559000
 54.291667  55.291667    6.44 0.000  0.16 0.000 9.999 0.259000 9.99 0.259000 0.090 0.559000   0.691 0.000   0.968 0.000 999.99 0.259000   1.246 0.000   0.097 0.000   1.149 0.000 0.008 0.000 0.053 0.559000
 57.291667  58.291667   25.47 0.000  2.79 0.000 9.999 0.259000 9.99 0.259000 0.096 0.559000   0.523 0.000   0.732 0.000 999.99 0.259000   4.602 0.000   2.006 0.000   2.596 0.000 0.030 0.000 0.263 0.559000
 60.291667  61.291667   35.54 0.000  0.97 0.000 9.999 0.259000 0.09 0.000000 0.117 0.559000   0.857 0.000   1.199 0.000 999.99 0.259000   3.698 0.000   0.761 0.000   2.937 0.000 0.028 0.000 0.134 0.559000
 63.291667  64.291667   20.40 0.000  0.70 0.000 9.999 0.259000 0.23 0.000000 0.128 0.000000   1.086 0.000   1.520 0.000 999.99 0.259000   4.522 0.000   1.711 0.000   2.811 0.000 0.018 0.000 0.302 0.000000
 66.291667  67.291667   33.51 0.000  0.69 0.000 9.999 0.259000 9.99 0.259000 0.032 0.559000   0.509 0.000   0.712 0.000 999.99 0.259000   4.150 0.000   2.294 0.000   1.856 0.000 0.021 0.000 0.127 0.559000
 69.291667  70.291667  186.65 0.699  1.38 0.699 0.062 0.699000 9.99 0.699259 0.067 0.559000   1.100 0.000   1.540 0.000  26.00 0.699000  23.554 0.000  16.261 0.000   7.293 0.699 0.139 0.699 0.246 0.559000
 72.291667  73.291667   30.41 0.559  0.57 0.559 9.999 0.559259 9.99 0.559259 0.038 0.559000   1.270 0.000   1.778 0.000 999.99 0.559259   5.106 0.000   0.740 0.000   4.366 0.559 0.033 0.559 0.313 0.559000
 75.291667  76.291667   65.49 0.000  1.26 0.000 0.031 0.000000 0.07 0.000000 0.068 0.559000   0.658 0.000   0.922 0.000 999.99 0.259000   5.581 0.000   2.088 0.000   3.493 0.000 0.042 0.000 0.178 0.559000
 78.291667  79.291667   84.16 0.699  3.24 0.699 9.999 0.699259 9.99 0.699259 0.046 0.559000   1.441 0.000   2.018 0.000 999.99 0.699259  10.153 0.000   4.210 0.000   5.942 0.699 0.064 0.699 0.316 0.559000
 81.291667  82.291667 9999.99 0.699 99.99 0.699 9.999 0.699000 9.99 0.699000 0.084 0.559000   6.368 0.000   8.915 0.000 999.99 0.699000  19.404 0.000 999.999 0.999 999.999 0.699 9.999 0.699 0.585 0.559000
 84.291667  85.291667   61.76 0.559  1.31 0.559 9.999 0.559259 0.17 0.559000 0.074 0.559000   0.747 0.000   1.045 0.000 999.99 0.559259  10.762 0.000   6.355 0.000   4.407 0.559 0.049 0.559 0.303 0.559000
 87.291667  88.291667   48.98 0.559  0.65 0.559 0.056 0.559000 9.99 0.559259 0.032 0.559000   0.444 0.000   0.622 0.000 999.99 0.559259   5.410 0.000   3.037 0.000   2.373 0.559 0.031 0.559 0.142 0.559000
 90.291667  91.291667   87.81 0.000  1.60 0.000 0.034 0.000000 0.25 0.000000 0.053 0.559000   0.813 0.000   1.139 0.000 999.99 0.259000  15.221 0.000   9.685 0.000   5.536 0.000 0.067 0.000 0.460 0.559000
 93.291667  94.291667   11.92 0.000  0.66 0.000 9.999 0.259000 0.09 0.000000 0.017 0.559000   0.555 0.000   0.777 0.000 999.99 0.259000   2.042 0.000   0.589 0.000   1.454 0.000 0.016 0.000 0.117 0.559000
 96.291667  97.291667   10.57 0.000  1.07 0.000 9.999 0.259000 9.99 0.259000 0.035 0.559000   1.602 0.000   2.242 0.000 999.99 0.259000   4.592 0.000   1.156 0.000   3.436 0.000 0.015 0.000 0.207 0.559000
 99.291667 100.291667   65.53 0.000  1.54 0.000 9.999 0.259000 0.09 0.000000 0.047 0.559000   1.542 0.000   2.159 0.000 999.99 0.259000   9.028 0.000   3.337 0.000   5.691 0.000 0.041 0.000 0.336 0.559000
102.291667 103.291667   42.26 0.000  2.31 0.000 9.999 0.259000 9.99 0.259000 0.104 0.559000   0.781 0.000   1.093 0.000 999.99 0.259000   5.645 0.000   1.930 0.000   3.715 0.000 0.032 0.000 0.342 0.559000
105.291667 106.291667   87.96 0.699  2.26 0.699 0.072 0.699000 9.99 0.699259 0.050 0.559000   0.560 0.000   0.784 0.000 999.99 0.699259   9.341 0.000   4.508 0.000   4.832 0.699 0.060 0.699 0.335 0.559000
108.291667 109.291667  169.67 0.000  1.32 0.000 9.999 0.259000 9.99 0.259000 0.046 0.559000   0.448 0.000   0.627 0.000 999.99 0.259000  27.900 0.000  21.915 0.000   5.984 0.000 0.110 0.000 0.178 0.559000
111.291667 112.291667  140.20 0.000  4.20 0.000 9.999 0.259000 0.06 0.000000 0.126 0.559000   1.010 0.000   1.414 0.000 999.99 0.259000  14.050 0.000   6.249 0.000   7.801 0.000 0.110 0.000 0.604 0.559000
114.291667 115.291667   41.87 0.000  0.68 0.000 0.074 0.000000 0.09 0.000000 0.028 0.559000   1.242 0.000   1.740 0.000 999.99 0.259000   5.168 0.000   2.707 0.000   2.461 0.000 0.031 0.000 0.155 0.559000
117.291667 118.291667   98.00 0.000  2.98 0.000 0.060 0.000000 0.08 0.000000 0.031 0.559000   1.278 0.000   1.789 0.000 999.99 0.259000  10.506 0.000   5.058 0.000   5.448 0.000 0.067 0.000 0.454 0.559000
120.291667 121.291667   46.99 0.000  0.34 0.000 9.999 0.259000 9.99 0.259000 0.014 0.559000   0.434 0.000   0.607 0.000 999.99 0.259000   4.603 0.000   2.589 0.000   2.013 0.000 0.028 0.000 0.083 0.559000
123.291667 124.291667   59.72 0.000  1.07 0.000 9.999 0.259000 0.13 0.000000 0.024 0.559000   0.704 0.000   0.985 0.000 999.99 0.259000   8.559 0.000   5.087 0.000   3.472 0.000 0.036 0.000 0.273 0.559000
126.291667 127.291667 9999.99 0.999 99.99 0.999 9.999 0.999000 9.99 0.999000 9.999 0.999000 999.999 0.999 999.999 0.999 999.99 0.999000 999.999 0.999 999.999 0.999 999.999 0.999 9.999 0.999 9.999 0.999000
129.291667 130.291667 9999.99 0.999 99.99 0.999 9.999 0.999000 9.99 0.999000 9.999 0.999000 999.999 0.999 999.999 0.999 999.99 0.999000 999.999 0.999 999.999 0.999 999.999 0.999 9.999 0.999 9.999 0.999000
132.291667 133.291667  106.54 0.000  1.22 0.000 0.060 0.000000 0.14 0.000000 0.170 0.559000   0.874 0.000   1.224 0.000 999.99 0.259000  18.451 0.000  12.595 0.000   5.856 0.000 0.087 0.000 0.301 0.559000
135.291667 136.291667  108.00 0.000  1.99 0.000 9.999 0.259000 9.99 0.259000 0.047 0.559000   1.865 0.000   2.612 0.000 999.99 0.259000  12.032 0.000   7.206 0.000   4.826 0.000 0.068 0.000 0.267 0.559000
138.291667 139.291667   59.77 0.000  0.77 0.000 9.999 0.259000 0.12 0.000000 0.041 0.559000   0.685 0.000   0.959 0.000 999.99 0.259000   8.842 0.000   6.004 0.000   2.838 0.000 0.043 0.000 0.188 0.559000
141.291667 142.291667   84.23 0.000  1.07 0.000 9.999 0.259000 9.99 0.259000 0.047 0.559000   0.529 0.000   0.741 0.000 999.99 0.259000  14.010 0.000  10.494 0.000   3.516 0.000 0.054 0.000 0.162 0.559000
144.291667 145.291667   90.15 0.000  1.45 0.000 9.999 0.259000 0.24 0.000000 0.038 0.559000   0.517 0.000   0.724 0.000 999.99 0.259000   9.706 0.000   5.902 0.000   3.804 0.000 0.061 0.000 0.268 0.559000
147.291667 148.291667  133.56 0.000  1.91 0.000 9.999 0.259000 0.41 0.000000 0.104 0.000000   0.767 0.000   1.073 0.000 999.99 0.259000  15.595 0.000   8.773 0.000   6.822 0.000 0.091 0.000 0.282 0.000000
150.291667 151.291667  112.48 0.000  1.01 0.000 9.999 0.259000 0.14 0.000000 0.048 0.000000   0.707 0.000   0.989 0.000 999.99 0.259000  12.305 0.000   7.880 0.000   4.425 0.000 0.070 0.000 0.233 0.000000
153.291667 154.291667 9999.99 0.999 99.99 0.999 9.999 0.999000 9.99 0.999000 9.999 0.999000 999.999 0.999 999.999 0.999 999.99 0.999000 999.999 0.999 999.999 0.999 999.999 0.999 9.999 0.999 9.999 0.999000
156.291667 157.291667 9999.99 0.999 99.99 0.999 9.999 0.999000 9.99 0.999000 9.999 0.999000 999.999 0.999 999.999 0.999 999.99 0.999000 999.999 0.999 999.999 0.999 999.999 0.999 9.999 0.999 9.999 0.999000
159.291667 160.291667   69.73 0.000  0.57 0.000 9.999 0.259000 0.18 0.000000 0.054 0.000000   0.430 0.000   0.602 0.000 999.99 0.259000  12.010 0.000   8.492 0.000   3.518 0.000 0.056 0.000 0.231 0.000000
162.291667 163.291667 9999.99 0.999 99.99 0.999 9.999 0.999000 9.99 0.999000 9.999 0.999000 999.999 0.999 999.999 0.999 999.99 0.999000 999.999 0.999 999.999 0.999 999.999 0.999 9.999 0.999 9.999 0.999000
165.291667 166.291667 9999.99 0.999 99.99 0.999 9.999 0.999000 9.99 0.999000 9.999 0.999000 999.999 0.999 999.999 0.999 999.99 0.999000 999.999 0.999 999.999 0.999 999.999 0.999 9.999 0.999 9.999 0.999000
168.291667 169.291667 9999.99 0.456 99.99 0.456 9.999 0.456000 9.99 0.456000 9.999 0.456000 999.999 0.999 999.999 0.999 999.99 0.456000 999.999 0.456 999.999 0.999 999.999 0.456 9.999 0.456 9.999 0.456000
171.291667 172.291667 9999.99 0.456 99.99 0.456 9.999 0.456000 9.99 0.456000 9.999 0.456000 999.999 0.999 999.999 0.999 999.99 0.456000 999.999 0.456 999.999 0.999 999.999 0.456 9.999 0.456 9.999 0.456000
174.291667 175.291667  107.58 0.000  0.81 0.000 9.999 0.259000 0.21 0.000000 0.046 0.000000   0.703 0.000   0.985 0.000 999.99 0.259000  12.827 0.000   8.187 0.000   4.640 0.000 0.075 0.000 0.271 0.000000
177.291667 178.291667   76.16 0.000  0.72 0.000 9.999 0.259000 0.13 0.000000 0.048 0.000000   1.680 0.000   2.352 0.000 999.99 0.259000  14.134 0.000   8.099 0.000   6.035 0.000 0.090 0.000 0.347 0.000000
180.291667 181.291667 9999.99 0.456 99.99 0.456 9.999 0.456000 9.99 0.456000 9.999 0.456000 999.999 0.999 999.999 0.999 999.99 0.456000 999.999 0.456 999.999 0.999 999.999 0.456 9.999 0.456 9.999 0.456000
183.291667 184.291667   56.50 0.000  0.52 0.000 9.999 0.259000 0.19 0.000000 0.013 0.000000   0.362 0.000   0.507 0.000 999.99 0.259000   6.168 0.000   4.154 0.000   2.014 0.000 0.039 0.000 0.074 0.000000
186.291667 187.291667   61.35 0.000  0.79 0.000 9.999 0.259000 9.99 0.259000 0.089 0.000000   5.142 0.000   7.199 0.000 999.99 0.259000  16.540 0.000   5.717 0.000  10.823 0.000 0.137 0.000 0.161 0.000000
189.291667 190.291667   79.30 0.394  1.11 0.394 9.999 0.394259 9.99 0.394259 0.170 0.394000  10.148 0.000  14.207 0.000 999.99 0.394259  32.886 0.000  12.479 0.000  20.407 0.000 0.411 0.394 0.336 0.394000
192.291667 193.291667   30.95 0.000  0.66 0.000 9.999 0.259000 0.08 0.000000 0.024 0.000000   0.979 0.000   1.371 0.000 999.99 0.259000   6.781 0.000   2.873 0.000   3.908 0.000 0.042 0.000 0.310 0.000000
195.291667 196.291667  111.94 0.000  0.40 0.000 9.999 0.259000 0.21 0.000000 0.101 0.000000   1.197 0.000   1.676 0.000 999.99 0.259000  16.691 0.000  10.023 0.000   6.668 0.000 0.096 0.000 0.435 0.000000
198.291667 199.291667   46.15 0.000  0.57 0.000 9.999 0.259000 9.99 0.259000 0.031 0.000000   1.171 0.000   1.639 0.000 999.99 0.259000   6.701 0.000   3.075 0.000   3.626 0.000 0.042 0.000 0.237 0.000000
201.291667 202.291667   82.44 0.000 99.99 0.259 9.999 0.259000 0.21 0.000000 0.040 0.000000   0.863 0.000   1.208 0.000 999.99 0.259000  10.153 0.000   5.563 0.000   4.589 0.000 0.061 0.000 0.355 0.000000
204.291667 205.291667   81.55 0.000  1.14 0.000 9.999 0.259000 0.17 0.000000 0.077 0.000000   1.392 0.000   1.949 0.000 999.99 0.259000  11.615 0.000   6.084 0.000   5.531 0.000 0.086 0.000 0.390 0.000000
207.291667 208.291667   11.59 0.000 99.99 0.259 9.999 0.259000 9.99 0.259000 0.014 0.000000   1.540 0.000   2.155 0.000 999.99 0.259000   3.208 0.000   1.242 0.000   1.967 0.000 0.017 0.000 0.121 0.000000
210.291667 211.291667   59.99 0.000  0.71 0.000 9.999 0.259000 0.20 0.000000 0.064 0.000000   1.209 0.000   1.692 0.000 999.99 0.259000  11.777 0.000   7.229 0.000   4.548 0.000 0.061 0.000 0.390 0.000000
213.291667 214.291667   37.33 0.000  0.45 0.000 9.999 0.259000 0.11 0.000000 0.019 0.000000   1.395 0.000   1.953 0.000 999.99 0.259000   8.000 0.000   3.562 0.000   4.438 0.000 0.037 0.000 0.413 0.000000
216.291667 217.291667   49.71 0.000  0.70 0.000 9.999 0.259000 0.18 0.000000 0.048 0.000000   1.509 0.000   2.112 0.000 999.99 0.259000  10.153 0.000   5.020 0.000   5.133 0.000 0.037 0.000 0.465 0.000000
219.291667 220.291667   10.34 0.000  0.56 0.000 9.999 0.259000 9.99 0.259000 0.016 0.000000   0.794 0.000   1.111 0.000 999.99 0.259000   3.249 0.000   1.468 0.000   1.781 0.000 0.014 0.000 0.199 0.000000
222.291667 223.291667   16.12 0.000  0.17 0.000 9.999 0.259000 9.99 0.259000 0.013 0.000000   0.757 0.000   1.059 0.000 999.99 0.259000   4.078 0.000   1.835 0.000   2.244 0.000 0.017 0.000 0.212 0.000000
225.291667 226.291667   53.66 0.000  0.56 0.000 9.999 0.259000 9.99 0.259000 0.028 0.000000   1.052 0.000   1.473 0.000 999.99 0.259000   8.406 0.000   4.451 0.000   3.955 0.000 0.047 0.000 0.303 0.000000
228.291667 229.291667   11.34 0.000  0.38 0.000 9.999 0.259000 9.99 0.259000 0.012 0.000000   1.011 0.000   1.415 0.000 999.99 0.259000   4.508 0.000   1.790 0.000   2.717 0.000 0.016 0.000 0.163 0.000000
231.291667 232.291667   13.80 0.000  0.31 0.000 9.999 0.259000 0.17 0.000000 0.021 0.000000   0.626 0.000   0.877 0.000 999.99 0.259000   4.833 0.000   2.518 0.000   2.315 0.000 0.019 0.000 0.239 0.000000
