scripts/IMPROVE-2019_partial/data/US9037R.20030103070000.20191216000000.filterpack..pm25.1y.1w.US03L_filterpack_US9037.US03L_IMPROVE_Davis.lev2.nas
64 1001
MISSING INFORMATION
US03L, IMPROVE, , , , , , , 
MISSING INFORMATION
IMPROVE sel_HTAP
1 1
2003 01 01 2019 12 16
3.000000
days from file reference point
25
1 1 1 1 1 1 1 1 1 1 1 1 1 1 1 1 1 1 1 1 1 1 1 1 1
999.999999 9999.99 9.999 99.99 9.999999 9.999 9.999999 99.99 9.999999 9.999 9.999 99.999 9.999 999.999 9.999 9999.999 9.999 999.999 9.999 999.999 9.999 9.999 9.999 9.999 9.999
end_time of measurement, days from the file reference point
iron, ng/m3, Revision date=20181210133000
numflag iron, no unit, Revision date=20181210133000
lead, ng/m3, Revision date=20181210133000
numflag lead, no unit, Revision date=20181210133000
magnesium, ug/m3, Revision date=20181210133000
numflag magnesium, no unit, Revision date=20181210133000
nickel, ng/m3, Revision date=20181210133000
numflag nickel, no unit, Revision date=20181210133000
nitrate, ug N/m3, Revision date=20181210133000
numflag nitrate, no unit, Revision date=20181210133000
organic_carbon, ug C/m3, Revision date=20181210133000
numflag organic_carbon, no unit, Revision date=20181210133000
organic_mass, ug/m3, Revision date=20181210133000
numflag organic_mass, no unit, Revision date=20181210133000
pm10_mass, ug/m3, Version=2, Version description=Data extracted from http://views.cira.colostate.edu/fed/DataWizard 2019-12-16, Sample duration=1d, Orig. time res.=3d, Matrix=pm10, Blank correction=Blank corrected, Volume std. temperature=ambient, Volume std. pressure=ambient
numflag pm10_mass, no unit, Version=2, Version description=Data extracted from http://views.cira.colostate.edu/fed/DataWizard 2019-12-16, Sample duration=1d, Orig. time res.=3d, Matrix=pm10, Blank correction=Blank corrected, Volume std. temperature=ambient, Volume std. pressure=ambient
pm10_pm25_mass, ug/m3, Revision date=20181210133000, Matrix=pm10_pm25
numflag pm10_pm25_mass, no unit, Revision date=20181210133000, Matrix=pm10_pm25
pm25_mass, ug/m3, Version=2, Version description=Data extracted from http://views.cira.colostate.edu/fed/DataWizard 2019-12-16, Sample duration=1d, Orig. time res.=3d, Blank correction=Blank corrected, Volume std. temperature=ambient, Volume std. pressure=ambient
numflag pm25_mass, no unit, Version=2, Version description=Data extracted from http://views.cira.colostate.edu/fed/DataWizard 2019-12-16, Sample duration=1d, Orig. time res.=3d, Blank correction=Blank corrected, Volume std. temperature=ambient, Volume std. pressure=ambient
potassium, ug/m3, Revision date=20181210133000
numflag potassium, no unit, Revision date=20181210133000
sulphate_total, ug S/m3, Revision date=20181210133000
numflag sulphate_total, no unit, Revision date=20181210133000
0
25
Data definition:              EBAS_1.1
Set type code:                TU
Timezone:                     UTC
File name:                    US9037R.20030103070000.20191216000000.filterpack..pm25.1y.1w.US03L_filterpack_US9037.US03L_IMPROVE_Davis.lev2.nas
File creation:                20191218120750
Startdate:                    20030103070000
Revision date:                20191216000000
Statistics:                   arithmetic mean
Data level:                   2
Period code:                  1y
Resolution code:              1w
Station code:                 US9037R
Platform code:                US9037S
Station name:                 Sierra Ancha
Station latitude:             34.0908
Station longitude:            -110.9421
Station altitude:             1600.0 m
Regime:                       IMG
Component:                    
Matrix:                       pm25
Laboratory code:              US03L
Instrument type:              filterpack
Instrument name:              filterpack_US9037
Method ref:                   US03L_IMPROVE_Davis
starttime endtime Fe flag_Fe Pb flag_Pb Mg++ flag_Mg++ Ni flag_Ni NO3- flag_NO3- OC flag_OC OM flag_OM PM10 flag_PM10 PM10-PM2.5 flag_PM10-PM2.5 PM2.5 flag_PM2.5 K+ flag_K+ SO4-- flag_SO4--
[from data line 86]
260.291667 261.291667   96.13 0.559  0.49 0.559000 9.999 0.559259  0.06 0.559000 0.021 0.559  0.867 0.000   1.213 0.000   16.707 0.000  12.044 0.000   4.664 0.559 0.077 0.559 0.157 0.559
263.291667 264.291667   43.10 0.000  0.42 0.000000 9.999 0.259000 99.99 0.259000 0.019 0.559  1.139 0.000   1.595 0.000    7.878 0.000   4.531 0.000   3.347 0.000 0.033 0.000 0.162 0.559
266.291667 267.291667 9999.99 0.999 99.99 0.999000 9.999 0.999000 99.99 0.999000 9.999 0.999 99.999 0.999 999.999 0.999 9999.999 0.999 999.999 0.999 999.999 0.999 9.999 0.999 9.999 0.999
269.291667 270.291667   53.81 0.000  1.58 0.000000 9.999 0.259000 99.99 0.259000 0.024 0.559  2.073 0.000   2.902 0.000   12.589 0.000   6.618 0.000   5.971 0.000 0.063 0.000 0.212 0.559
272.291667 273.291667   36.31 0.000  0.69 0.000000 0.018 0.000000  0.05 0.000000 0.015 0.559  1.013 0.000   1.418 0.000    8.987 0.000   4.982 0.000   4.005 0.000 0.032 0.000 0.279 0.559
275.291667 276.291667   56.55 0.000  0.57 0.000000 9.999 0.259000  0.17 0.000000 0.032 0.559  0.685 0.000   0.959 0.000   10.825 0.000   6.795 0.000   4.030 0.000 0.044 0.000 0.298 0.559
278.291667 279.291667   23.16 0.559  1.34 0.559000 9.999 0.559259  0.06 0.559000 0.013 0.000  0.455 0.000   0.637 0.000    5.106 0.000   2.188 0.000   2.919 0.559 0.019 0.559 0.260 0.000
281.291667 282.291667    9.57 0.000  0.39 0.000000 9.999 0.259000  0.06 0.000000 0.010 0.559  1.928 0.000   2.699 0.000    3.899 0.000   1.191 0.000   2.708 0.000 0.009 0.000 0.165 0.559
284.291667 285.291667   43.00 0.000  0.41 0.000000 9.999 0.259000 99.99 0.259000 0.023 0.559  1.115 0.000   1.561 0.000   11.087 0.000   6.576 0.000   4.511 0.000 0.036 0.000 0.278 0.559
287.291667 288.291667 9999.99 0.999 99.99 0.999000 9.999 0.999000 99.99 0.999000 9.999 0.999 99.999 0.999 999.999 0.999 9999.999 0.999 999.999 0.999 999.999 0.999 9.999 0.999 9.999 0.999
290.291667 291.291667   55.44 0.559  0.69 0.559000 0.015 0.559000  0.06 0.559000 0.014 0.559  1.019 0.000   1.427 0.000    9.927 0.000   5.544 0.000   4.382 0.559 0.043 0.559 0.244 0.559
293.291667 294.291667   27.96 0.000  0.44 0.000000 9.999 0.259000 99.99 0.259000 0.009 0.559  0.813 0.000   1.138 0.000    6.254 0.000   3.260 0.000   2.994 0.000 0.019 0.000 0.168 0.559
296.291667 297.291667   58.10 0.559  1.14 0.559000 9.999 0.559259 99.99 0.559259 0.022 0.559  1.795 0.000   2.512 0.000   12.623 0.000   6.584 0.000   6.039 0.559 0.050 0.559 0.245 0.559
299.291667 300.291667   23.90 0.000  0.33 0.000000 0.031 0.000000 99.99 0.259000 0.009 0.559  0.424 0.000   0.593 0.000    5.106 0.000   3.347 0.000   1.759 0.000 0.020 0.000 0.057 0.559
302.291667 303.291667 9999.99 0.699 99.99 0.699000 9.999 0.699000 99.99 0.699000 0.317 0.000  7.452 0.000  10.433 0.000   38.215 0.000 999.999 0.999 999.999 0.699 9.999 0.699 0.375 0.000
305.291667 306.291667   42.06 0.559  2.13 0.559000 9.999 0.559259  0.16 0.559000 0.123 0.000  2.455 0.000   3.437 0.000   14.094 0.000   5.447 0.000   8.647 0.559 0.180 0.559 0.473 0.000
308.291667 309.291667 9999.99 0.999 99.99 0.999000 9.999 0.999000 99.99 0.999000 9.999 0.999 99.999 0.999 999.999 0.999 9999.999 0.999 999.999 0.999 999.999 0.999 9.999 0.999 9.999 0.999
311.291667 312.291667   19.38 0.000  2.28 0.000000 9.999 0.259000 99.99 0.259000 0.011 0.559  0.513 0.000   0.718 0.000    4.044 0.000   2.235 0.000   1.809 0.000 0.021 0.000 0.087 0.559
314.291667 315.291667    7.81 0.000  4.24 0.000000 0.020 0.000000  0.07 0.000000 0.035 0.559  0.531 0.000   0.743 0.000    2.124 0.000   0.748 0.000   1.376 0.000 0.010 0.000 0.132 0.559
317.291667 318.291667   43.11 0.000  5.97 0.000000 9.999 0.259000 99.99 0.259000 0.061 0.559  1.214 0.000   1.699 0.000    7.843 0.000   3.472 0.000   4.371 0.000 0.035 0.000 0.294 0.559
320.291667 321.291667   13.67 0.559  0.92 0.559000 9.999 0.559259  0.12 0.559000 0.414 0.000  1.416 0.000   1.983 0.000    5.136 0.000   1.102 0.000   4.034 0.559 0.020 0.559 0.272 0.000
323.291667 324.291667   10.89 0.000  2.01 0.000000 0.038 0.000000 99.99 0.259000 0.103 0.559  0.819 0.000   1.147 0.000    3.513 0.000   1.588 0.000   1.925 0.000 0.014 0.000 0.149 0.559
326.291667 327.291667    8.89 0.000  0.32 0.000000 9.999 0.259000 99.99 0.259000 0.057 0.559  0.340 0.000   0.476 0.000    2.671 0.000   1.245 0.000   1.426 0.000 0.011 0.000 0.114 0.559
329.291667 330.291667   42.63 0.000  1.81 0.000000 0.020 0.000000  0.08 0.000000 0.237 0.000  1.488 0.000   2.084 0.000    8.007 0.000   3.904 0.000   4.102 0.000 0.049 0.000 0.156 0.000
332.291667 333.291667   43.78 0.559  0.70 0.559000 0.021 0.559000 99.99 0.559259 0.038 0.559  1.398 0.000   1.957 0.000    6.985 0.000   3.364 0.000   3.622 0.559 0.045 0.559 0.115 0.559
335.291667 336.291667   62.30 0.000  1.12 0.000000 9.999 0.259000 99.99 0.259000 0.037 0.559  1.064 0.000   1.489 0.000    9.775 0.000   6.156 0.000   3.619 0.000 0.053 0.000 0.137 0.559
338.291667 339.291667   70.40 0.699  0.82 0.699000 9.999 0.699259 99.99 0.699259 0.058 0.000  4.112 0.000   5.757 0.000   14.505 0.000   5.728 0.000   8.777 0.699 0.059 0.699 0.203 0.000
341.291667 342.291667   11.72 0.000  0.85 0.000000 0.052 0.000000  0.10 0.000000 0.123 0.000  1.014 0.000   1.419 0.000    3.636 0.000   1.506 0.000   2.130 0.000 0.020 0.000 0.189 0.000
344.291667 345.291667   18.96 0.559  2.95 0.559000 0.051 0.559000  0.04 0.559000 0.166 0.000  0.927 0.000   1.298 0.000    4.248 0.000   1.877 0.000   2.371 0.559 0.023 0.559 0.097 0.000
347.291667 348.291667    4.70 0.000  3.20 0.000000 9.999 0.259000  0.05 0.000000 0.075 0.000  0.855 0.000   1.197 0.000    2.206 0.000   0.262 0.000   1.944 0.000 0.011 0.000 0.079 0.000
350.291667 351.291667   10.90 0.000  0.40 0.000000 9.999 0.259000 99.99 0.259000 0.032 0.559  0.638 0.000   0.893 0.000    2.071 0.000   0.570 0.000   1.502 0.000 0.011 0.000 0.061 0.559
353.291667 354.291667   45.58 0.559  0.82 0.559000 9.999 0.559259  0.13 0.559000 0.031 0.000  1.173 0.000   1.643 0.000    7.026 0.000   3.554 0.000   3.472 0.559 0.051 0.559 0.118 0.000
356.291667 357.291667    7.45 0.000  0.27 0.000000 0.037 0.000000  0.07 0.000000 0.016 0.559  0.357 0.000   0.500 0.000    1.993 0.000   0.615 0.000   1.378 0.000 0.007 0.000 0.132 0.559
359.291667 360.291667   12.81 0.000  0.83 0.000000 9.999 0.259000 99.99 0.259000 0.064 0.559  0.356 0.000   0.499 0.000    4.191 0.000   2.692 0.000   1.499 0.000 0.021 0.000 0.082 0.559
362.291667 363.291667   10.32 0.000  0.26 0.000000 9.999 0.259000 99.99 0.259000 0.032 0.000  0.571 0.000   0.800 0.000    1.529 0.000   0.276 0.000   1.254 0.000 0.015 0.000 0.047 0.000
