scripts/IMPROVE-2019_partial/data/US9026R.20010113080000.20191216000000.filterpack..pm25.12mo.1w.US03L_filterpack_US9026.US03L_IMPROVE_Davis.lev2.nas
66 1001
MISSING INFORMATION
US03L, IMPROVE, , , , , , , 
MISSING INFORMATION
IMPROVE sel_HTAP
1 1
2001 01 01 2019 12 16
3.000000
days from file reference point
27
1 1 1 1 1 1 1 1 1 1 1 1 1 1 1 1 1 1 1 1 1 1 1 1 1 1 1
999.999999 9999.99 9.999 99.99 9.999999 9.999 9.999999 9.99 9.999999 9.999 9.999 999.999 9.999 999.999 9.999 99.99 9.999999 999.999 9.999 999.999 9.999 999.999 9.999 99.999 9.999999 9.999 9.999
end_time of measurement, days from the file reference point
iron, ng/m3, Revision date=20181210133000
numflag iron, no unit, Revision date=20181210133000
lead, ng/m3, Revision date=20181210133000
numflag lead, no unit, Revision date=20181210133000
magnesium, ug/m3, Revision date=20181210133000
numflag magnesium, no unit, Revision date=20181210133000
nickel, ng/m3, Revision date=20181210133000
numflag nickel, no unit, Revision date=20181210133000
nitrate, ug N/m3, Revision date=20181210133000
numflag nitrate, no unit, Revision date=20181210133000
organic_carbon, ug C/m3, Revision date=20181210133000
numflag organic_carbon, no unit, Revision date=20181210133000
organic_mass, ug/m3, Revision date=20181210133000
numflag organic_mass, no unit, Revision date=20181210133000
phosphorus, ng/m3, Revision date=20181210133000
numflag phosphorus, no unit, Revision date=20181210133000
pm10_mass, ug/m3, Version=2, Version description=Data extracted from http://views.cira.colostate.edu/fed/DataWizard 2019-12-16, Sample duration=1d, Orig. time res.=3d, Matrix=pm10, Blank correction=Blank corrected, Volume std. temperature=ambient, Volume std. pressure=ambient
numflag pm10_mass, no unit, Version=2, Version description=Data extracted from http://views.cira.colostate.edu/fed/DataWizard 2019-12-16, Sample duration=1d, Orig. time res.=3d, Matrix=pm10, Blank correction=Blank corrected, Volume std. temperature=ambient, Volume std. pressure=ambient
pm10_pm25_mass, ug/m3, Revision date=20181210133000, Matrix=pm10_pm25
numflag pm10_pm25_mass, no unit, Revision date=20181210133000, Matrix=pm10_pm25
pm25_mass, ug/m3, Version=2, Version description=Data extracted from http://views.cira.colostate.edu/fed/DataWizard 2019-12-16, Sample duration=1d, Orig. time res.=3d, Blank correction=Blank corrected, Volume std. temperature=ambient, Volume std. pressure=ambient
numflag pm25_mass, no unit, Version=2, Version description=Data extracted from http://views.cira.colostate.edu/fed/DataWizard 2019-12-16, Sample duration=1d, Orig. time res.=3d, Blank correction=Blank corrected, Volume std. temperature=ambient, Volume std. pressure=ambient
potassium, ug/m3, Revision date=20181210133000
numflag potassium, no unit, Revision date=20181210133000
sulphate_total, ug S/m3, Revision date=20181210133000
numflag sulphate_total, no unit, Revision date=20181210133000
0
25
Data definition:              EBAS_1.1
Set type code:                TU
Timezone:                     UTC
File name:                    US9026R.20010113080000.20191216000000.filterpack..pm25.12mo.1w.US03L_filterpack_US9026.US03L_IMPROVE_Davis.lev2.nas
File creation:                20191218120654
Startdate:                    20010113080000
Revision date:                20191216000000
Statistics:                   arithmetic mean
Data level:                   2
Period code:                  12mo
Resolution code:              1w
Station code:                 US9026R
Platform code:                US9026S
Station name:                 Pasayten
Station latitude:             48.3877
Station longitude:            -119.9275
Station altitude:             1627.0 m
Regime:                       IMG
Component:                    
Matrix:                       pm25
Laboratory code:              US03L
Instrument type:              filterpack
Instrument name:              filterpack_US9026
Method ref:                   US03L_IMPROVE_Davis
starttime endtime Fe flag_Fe Pb flag_Pb Mg++ flag_Mg++ Ni flag_Ni NO3- flag_NO3- OC flag_OC OM flag_OM P flag_P PM10 flag_PM10 PM10-PM2.5 flag_PM10-PM2.5 PM2.5 flag_PM2.5 K+ flag_K+ SO4-- flag_SO4--
 12.333333  13.333333    1.34 0.000 99.99 0.259000 9.999 0.259000 0.09 0.000000 0.036 0.000   0.614 0.000   0.860 0.000 99.99 0.259000   1.226 0.000 999.999 0.259   1.240 0.000  0.019 0.000000 0.080 0.000
 15.333333  16.333333    1.35 0.000  0.20 0.000000 9.999 0.259000 9.99 0.259000 0.017 0.000   0.295 0.000   0.413 0.000 99.99 0.259000   1.120 0.000   0.176 0.000   0.945 0.000  0.006 0.000000 0.092 0.000
 18.333333  19.333333    0.52 0.000  0.19 0.000000 0.030 0.000000 9.99 0.259000 0.017 0.000   0.195 0.000   0.273 0.000 99.99 0.259000   0.654 0.000 999.999 0.259   0.691 0.000  0.010 0.000000 0.087 0.000
 21.333333  22.333333    0.49 0.000  0.18 0.000000 0.007 0.000000 9.99 0.259000 0.007 0.000   0.191 0.000   0.268 0.000 99.99 0.259000   0.408 0.000 999.999 0.259   0.434 0.000 99.999 0.259000 0.053 0.000
 24.333333  25.333333    2.56 0.000  0.20 0.000000 9.999 0.259000 0.12 0.000000 0.042 0.000   0.352 0.000   0.493 0.000 99.99 0.259000   2.124 0.000   0.140 0.000   1.984 0.000  0.005 0.000000 0.122 0.000
 27.333333  28.333333    0.72 0.000 99.99 0.259000 9.999 0.259000 9.99 0.259000 0.009 0.000   0.026 0.000   0.036 0.000 99.99 0.259000   0.164 0.000 999.999 0.259   0.513 0.000 99.999 0.259000 0.046 0.000
 30.333333  31.333333    2.00 0.000  0.10 0.000000 9.999 0.259000 0.07 0.000000 0.006 0.000   0.274 0.000   0.383 0.000 99.99 0.259000   2.014 0.000   1.358 0.000   0.656 0.000  0.004 0.000000 0.106 0.000
 33.333333  34.333333    1.29 0.000  0.18 0.000000 9.999 0.259000 0.05 0.000000 0.018 0.000   0.219 0.000   0.307 0.000 99.99 0.259000   0.986 0.000   0.241 0.000   0.745 0.000  0.003 0.000000 0.087 0.000
 36.333333  37.333333    3.69 0.000  0.42 0.000000 9.999 0.259000 0.11 0.000000 0.016 0.559   0.426 0.000   0.597 0.000 99.99 0.259000   0.707 0.000 999.999 0.259   0.903 0.000  0.008 0.000000 0.088 0.559
 39.333333  40.333333    7.40 0.000  0.60 0.000000 9.999 0.259000 9.99 0.259000 0.072 0.000   0.466 0.000   0.652 0.000 99.99 0.259000   1.901 0.000   0.227 0.000   1.674 0.000  0.013 0.000000 0.151 0.000
 42.333333  43.333333    3.23 0.000  0.24 0.000000 0.026 0.000000 9.99 0.259000 0.017 0.000   0.355 0.000   0.497 0.000 99.99 0.259000   1.103 0.000   0.063 0.000   1.040 0.000  0.007 0.000000 0.124 0.000
 45.333333  46.333333    7.04 0.000  0.47 0.000000 9.999 0.259000 9.99 0.259000 0.086 0.000   0.398 0.000   0.556 0.000 99.99 0.259000   2.150 0.000   0.514 0.000   1.636 0.000  0.014 0.000000 0.184 0.000
 48.333333  49.333333    2.90 0.000  0.26 0.000000 9.999 0.259000 0.09 0.000000 0.054 0.000   0.361 0.000   0.505 0.000 99.99 0.259000   0.735 0.000 999.999 0.259   0.992 0.000  0.011 0.000000 0.104 0.000
 51.333333  52.333333    5.15 0.000  0.27 0.000000 9.999 0.259000 9.99 0.259000 0.056 0.000   0.352 0.000   0.492 0.000 99.99 0.259000   1.543 0.000   0.329 0.000   1.214 0.000  0.010 0.000000 0.059 0.000
 54.333333  55.333333    3.79 0.000  0.17 0.000000 9.999 0.259000 9.99 0.259000 0.049 0.000   0.352 0.000   0.493 0.000 99.99 0.259000   1.340 0.000   0.115 0.000   1.226 0.000  0.007 0.000000 0.097 0.000
 57.333333  58.333333    9.89 0.000  0.25 0.000000 9.999 0.259000 9.99 0.259000 0.015 0.000   0.304 0.000   0.426 0.000 99.99 0.259000   1.836 0.000   0.315 0.000   1.522 0.000  0.011 0.000000 0.103 0.000
 60.333333  61.333333    5.01 0.000  0.89 0.000000 9.999 0.259000 0.52 0.000000 0.026 0.000   0.102 0.000   0.143 0.000 99.99 0.259000   1.137 0.000   0.215 0.000   0.922 0.000  0.006 0.000000 0.063 0.000
 63.333333  64.333333    4.32 0.000  0.74 0.000000 9.999 0.259000 9.99 0.259000 0.036 0.000   0.272 0.000   0.381 0.000 99.99 0.259000   1.050 0.000   0.155 0.000   0.895 0.000  0.005 0.000000 0.056 0.000
 66.333333  67.333333   12.23 0.000  0.68 0.000000 9.999 0.259000 0.61 0.000000 0.112 0.000   0.594 0.000   0.831 0.000 99.99 0.259000   2.947 0.000   0.571 0.000   2.377 0.000  0.017 0.000000 0.121 0.000
 69.333333  70.333333   13.41 0.000  0.47 0.000000 9.999 0.259000 0.70 0.000000 0.012 0.000   0.179 0.000   0.250 0.000 99.99 0.259000   1.575 0.000 999.999 0.259   1.706 0.000  0.010 0.000000 0.100 0.000
 72.333333  73.333333    7.34 0.000  0.55 0.000000 9.999 0.259000 9.99 0.259000 0.017 0.000   0.056 0.000   0.078 0.000 99.99 0.259000   1.494 0.000   0.316 0.000   1.177 0.000  0.007 0.000000 0.128 0.000
 75.333333  76.333333    8.46 0.000  0.86 0.000000 9.999 0.259000 9.99 0.259000 0.166 0.000   0.414 0.000   0.579 0.000 99.99 0.259000   2.503 0.000   0.229 0.000   2.274 0.000  0.015 0.000000 0.138 0.000
 78.333333  79.333333    9.73 0.000  0.66 0.000000 9.999 0.259000 9.99 0.259000 0.019 0.000   0.050 0.000   0.070 0.000 99.99 0.259000   2.081 0.000   0.896 0.000   1.185 0.000  0.012 0.000000 0.107 0.000
 81.333333  82.333333   80.87 0.000  2.95 0.000000 9.999 0.259000 0.12 0.000000 0.082 0.000   0.669 0.000   0.936 0.000 99.99 0.259000   6.662 0.000   1.842 0.000   4.820 0.000  0.071 0.000000 0.309 0.000
 84.333333  85.333333    5.45 0.000  0.64 0.000000 9.999 0.259000 9.99 0.259000 0.010 0.000 999.999 0.999 999.999 0.999 99.99 0.259000   1.615 0.000   0.701 0.000   0.914 0.000  0.008 0.000000 0.092 0.000
 87.333333  88.333333   53.59 0.000  1.51 0.000000 9.999 0.259000 0.26 0.000000 0.031 0.000   0.168 0.000   0.236 0.000 99.99 0.259000   3.411 0.000   0.835 0.000   2.577 0.000  0.035 0.000000 0.209 0.000
 90.333333  91.333333   52.82 0.000  1.40 0.000000 9.999 0.259000 9.99 0.259000 0.022 0.000   0.062 0.000   0.087 0.000 99.99 0.259000   3.493 0.000   1.199 0.000   2.294 0.000  0.039 0.000000 0.223 0.000
 93.333333  94.333333   13.28 0.000  1.27 0.000000 9.999 0.259000 0.80 0.000000 0.019 0.000   0.225 0.000   0.315 0.000 99.99 0.259000   3.330 0.000 999.999 0.259   3.346 0.000  0.015 0.000000 0.601 0.000
 96.333333  97.333333    6.78 0.000  0.79 0.000000 9.999 0.259000 0.81 0.000000 0.009 0.000   0.159 0.000   0.223 0.000 99.99 0.259000   0.650 0.000 999.999 0.259   0.744 0.000  0.007 0.000000 0.104 0.000
 99.333333 100.333333    7.05 0.000  0.84 0.000000 9.999 0.259000 9.99 0.259000 0.013 0.000   0.172 0.000   0.240 0.000 99.99 0.259000   1.190 0.000   0.273 0.000   0.917 0.000  0.010 0.000000 0.108 0.000
102.333333 103.333333    3.62 0.000 99.99 0.259000 9.999 0.259000 0.76 0.000000 0.006 0.559   0.100 0.000   0.140 0.000 99.99 0.259000   0.565 0.000   0.197 0.000   0.369 0.000  0.005 0.000000 0.051 0.559
105.333333 106.333333  399.45 0.559  2.43 0.559000 9.999 0.559259 9.99 0.559259 0.058 0.559   0.810 0.000   1.134 0.000 99.99 0.559259  21.601 0.000  10.943 0.000  10.657 0.559  0.198 0.559000 0.300 0.559
108.333333 109.333333  158.87 0.000  0.86 0.000000 9.999 0.259000 9.99 0.259000 0.051 0.000   0.476 0.000   0.667 0.000 99.99 0.259000   7.066 0.000   2.601 0.000   4.464 0.000  0.084 0.000000 0.112 0.000
111.333333 112.333333  129.44 0.000  1.30 0.000000 9.999 0.259000 9.99 0.259000 0.051 0.000   0.214 0.000   0.300 0.000 99.99 0.259000   6.298 0.000   2.260 0.000   4.038 0.000  0.074 0.000000 0.185 0.000
114.333333 115.333333  207.95 0.000  2.42 0.000000 9.999 0.259000 9.99 0.259000 0.058 0.000   2.271 0.000   3.180 0.000 99.99 0.259000  13.929 0.000   5.476 0.000   8.453 0.000  0.127 0.000000 0.282 0.000
117.333333 118.333333   27.80 0.000  1.11 0.000000 9.999 0.259000 0.27 0.000000 0.013 0.000   0.541 0.000   0.757 0.000 99.99 0.259000   2.544 0.000   0.761 0.000   1.782 0.000  0.023 0.000000 0.104 0.000
120.333333 121.333333    6.32 0.000  1.38 0.000000 9.999 0.259000 0.47 0.000000 0.005 0.559   0.071 0.000   0.099 0.000 99.99 0.259000   1.061 0.000   0.564 0.000   0.497 0.000  0.006 0.000000 0.034 0.559
123.333333 124.333333  114.62 0.000  1.63 0.000000 9.999 0.259000 9.99 0.259000 0.041 0.000   1.101 0.000   1.542 0.000 99.99 0.259000   8.075 0.000   2.987 0.000   5.088 0.000  0.071 0.000000 0.211 0.000
126.333333 127.333333  157.61 0.000  1.72 0.000000 9.999 0.259000 9.99 0.259000 0.060 0.000   1.760 0.000   2.464 0.000 99.99 0.259000  10.156 0.000   3.533 0.000   6.623 0.000  0.090 0.000000 0.237 0.000
129.333333 130.333333  112.38 0.000  1.55 0.000000 9.999 0.259000 9.99 0.259000 0.059 0.000   0.870 0.000   1.218 0.000 99.99 0.259000   7.828 0.000   2.941 0.000   4.887 0.000  0.070 0.000000 0.253 0.000
132.333333 133.333333   89.47 0.000  1.24 0.000000 9.999 0.259000 9.99 0.259000 0.035 0.000   0.609 0.000   0.852 0.000 99.99 0.259000   5.218 0.000   1.570 0.000   3.648 0.000  0.057 0.000000 0.222 0.000
135.333333 136.333333   14.03 0.000  0.58 0.000000 9.999 0.259000 0.39 0.000000 0.017 0.000   0.049 0.000   0.069 0.000 99.99 0.259000   0.727 0.000   0.104 0.000   0.623 0.000  0.009 0.000000 0.057 0.000
138.333333 139.333333   30.77 0.000  1.98 0.000000 9.999 0.259000 9.99 0.259000 0.013 0.000   0.346 0.000   0.484 0.000 99.99 0.259000   3.432 0.000   1.170 0.000   2.262 0.000  0.030 0.000000 0.223 0.000
141.333333 142.333333   62.63 0.559  0.74 0.559000 9.999 0.559259 9.99 0.559259 0.022 0.000   1.216 0.000   1.703 0.000 99.99 0.559259   6.617 0.000   3.406 0.000   3.211 0.559  0.030 0.559000 0.084 0.000
144.333333 145.333333  112.32 0.000  2.44 0.000000 9.999 0.259000 0.07 0.000000 0.040 0.000   0.878 0.000   1.230 0.000 99.99 0.259000   6.667 0.000   1.570 0.000   5.097 0.000  0.073 0.000000 0.305 0.000
147.333333 148.333333   71.09 0.559  1.40 0.559000 9.999 0.559259 0.24 0.559000 0.039 0.000   0.512 0.000   0.718 0.000 99.99 0.559259   6.744 0.000   2.994 0.000   3.749 0.559  0.049 0.559000 0.280 0.000
150.333333 151.333333   49.43 0.000  1.09 0.000000 9.999 0.259000 0.31 0.000000 0.013 0.000   0.373 0.000   0.522 0.000 99.99 0.259000   5.198 0.000   3.170 0.000   2.028 0.000  0.026 0.000000 0.100 0.000
153.333333 154.333333    9.72 0.000  0.12 0.000000 9.999 0.259000 9.99 0.259000 0.004 0.000   0.078 0.000   0.109 0.000 99.99 0.259000   1.044 0.000   0.245 0.000   0.799 0.000  0.008 0.000000 0.053 0.000
156.333333 157.333333    7.12 0.394  0.20 0.394000 9.999 0.394259 9.99 0.394259 0.007 0.394   0.135 0.000   0.189 0.000 99.99 0.394259   0.888 0.000   0.182 0.000   0.706 0.000 99.999 0.394259 0.037 0.394
159.333333 160.333333   10.46 0.000  0.27 0.000000 9.999 0.259000 9.99 0.259000 0.004 0.000   0.132 0.000   0.184 0.000 99.99 0.259000   1.836 0.000   0.422 0.000   1.413 0.000  0.010 0.000000 0.137 0.000
162.333333 163.333333    3.10 0.000  0.15 0.000000 9.999 0.259000 9.99 0.259000 0.003 0.000   0.069 0.000   0.097 0.000 99.99 0.259000   0.406 0.000 999.999 0.259   0.433 0.000  0.005 0.000000 0.022 0.000
165.333333 166.333333    8.52 0.000  0.26 0.000000 9.999 0.259000 9.99 0.259000 0.009 0.000   0.170 0.000   0.238 0.000 99.99 0.259000   1.956 0.000   0.696 0.000   1.260 0.000  0.008 0.000000 0.110 0.000
168.333333 169.333333    9.08 0.000  0.53 0.000000 9.999 0.259000 0.16 0.000000 0.018 0.000   0.252 0.000   0.353 0.000 99.99 0.259000   3.233 0.000   0.825 0.000   2.407 0.000  0.011 0.000000 0.277 0.000
171.333333 172.333333   39.98 0.000  0.54 0.000000 9.999 0.259000 9.99 0.259000 0.016 0.000   0.913 0.000   1.278 0.000 99.99 0.259000   8.611 0.000   4.869 0.000   3.742 0.000  0.029 0.000000 0.207 0.000
174.333333 175.333333   12.34 0.000  0.44 0.000000 9.999 0.259000 9.99 0.259000 0.010 0.000   0.239 0.000   0.335 0.000 99.99 0.259000   3.452 0.000   1.423 0.000   2.029 0.000  0.009 0.000000 0.233 0.000
177.333333 178.333333    6.24 0.000  0.15 0.000000 9.999 0.259000 9.99 0.259000 0.015 0.559   0.323 0.000   0.453 0.000 99.99 0.259000   1.397 0.000   0.378 0.000   1.018 0.000  0.006 0.000000 0.030 0.559
180.333333 181.333333   19.10 0.000  0.29 0.000000 9.999 0.259000 9.99 0.259000 0.019 0.000   0.910 0.000   1.274 0.000 99.99 0.259000   4.762 0.000   1.321 0.000   3.441 0.000  0.024 0.000000 0.146 0.000
183.333333 184.333333   25.47 0.000  0.37 0.000000 9.999 0.259000 9.99 0.259000 0.011 0.559   0.805 0.000   1.127 0.000 99.99 0.259000   5.840 0.000   2.462 0.000   3.377 0.000  0.020 0.000000 0.163 0.559
186.333333 187.333333 9999.99 0.999 99.99 0.999000 9.999 0.999000 9.99 0.999000 9.999 0.999 999.999 0.999 999.999 0.999 99.99 0.999000 999.999 0.999 999.999 0.999 999.999 0.999 99.999 0.999000 9.999 0.999
189.333333 190.333333   34.71 0.000  0.45 0.000000 9.999 0.259000 9.99 0.259000 0.011 0.000   0.482 0.000   0.675 0.000 99.99 0.259000   5.090 0.000   2.268 0.000   2.822 0.000  0.022 0.000000 0.092 0.000
192.333333 193.333333   56.61 0.559  0.59 0.559000 9.999 0.559259 0.06 0.559000 0.037 0.559   3.589 0.000   5.024 0.000 99.99 0.559259  12.500 0.000   4.134 0.000   8.366 0.559  0.039 0.559000 0.185 0.559
195.333333 196.333333 9999.99 0.999 99.99 0.999000 9.999 0.999000 9.99 0.999000 9.999 0.999 999.999 0.999 999.999 0.999 99.99 0.999000 999.999 0.999 999.999 0.999 999.999 0.999 99.999 0.999000 9.999 0.999
198.333333 199.333333 9999.99 0.999 99.99 0.999000 9.999 0.999000 9.99 0.999000 9.999 0.999 999.999 0.999 999.999 0.999 99.99 0.999000 999.999 0.999 999.999 0.999 999.999 0.999 99.999 0.999000 9.999 0.999
201.333333 202.333333 9999.99 0.999 99.99 0.999000 9.999 0.999000 9.99 0.999000 9.999 0.999 999.999 0.999 999.999 0.999 99.99 0.999000 999.999 0.999 999.999 0.999 999.999 0.999 99.999 0.999000 9.999 0.999
204.333333 205.333333 9999.99 0.999 99.99 0.999000 9.999 0.999000 9.99 0.999000 9.999 0.999 999.999 0.999 999.999 0.999 99.99 0.999000 999.999 0.999 999.999 0.999 999.999 0.999 99.999 0.999000 9.999 0.999
207.333333 208.333333   19.21 0.000  0.33 0.000000 9.999 0.259000 0.18 0.000000 0.026 0.000   0.515 0.000   0.722 0.000 99.99 0.259000   3.951 0.000   0.952 0.000   2.999 0.000  0.015 0.000000 0.196 0.000
210.333333 211.333333   11.44 0.559  0.42 0.559000 9.999 0.559259 9.99 0.559259 0.072 0.559   5.465 0.000   7.650 0.000 99.99 0.559259  10.035 0.000   0.119 0.000   9.916 0.559  0.069 0.559000 0.122 0.559
213.333333 214.333333   54.54 0.000  0.27 0.000000 9.999 0.259000 9.99 0.259000 0.010 0.000   0.384 0.000   0.537 0.000 99.99 0.259000   4.191 0.000   1.425 0.000   2.765 0.000  0.038 0.000000 0.090 0.000
216.333333 217.333333   11.22 0.000  0.20 0.000000 9.999 0.259000 9.99 0.259000 0.012 0.000   0.372 0.000   0.520 0.000 99.99 0.259000   4.215 0.000   1.775 0.000   2.440 0.000  0.012 0.000000 0.224 0.000
219.333333 220.333333   11.40 0.000  0.32 0.000000 9.999 0.259000 9.99 0.259000 0.006 0.000   0.436 0.000   0.611 0.000 99.99 0.259000   2.609 0.000   1.038 0.000   1.571 0.000  0.013 0.000000 0.058 0.000
222.333333 223.333333   50.97 0.000  0.32 0.000000 9.999 0.259000 9.99 0.259000 0.018 0.000   1.939 0.000   2.715 0.000 99.99 0.259000   9.881 0.000   4.448 0.000   5.433 0.000  0.034 0.000000 0.133 0.000
225.333333 226.333333  122.71 0.559  0.47 0.559000 9.999 0.559259 0.13 0.559000 0.046 0.559   6.035 0.000   8.448 0.000 99.99 0.559259  14.842 0.000   0.620 0.000  14.222 0.559  0.118 0.559000 0.202 0.559
228.333333 229.333333  158.72 0.699  0.79 0.699000 9.999 0.699259 9.99 0.699259 0.160 0.559  15.908 0.000  22.271 0.000 99.99 0.699259  42.776 0.000  12.193 0.000  30.584 0.699  0.202 0.699000 0.383 0.559
231.333333 232.333333   18.56 0.699  0.25 0.699000 9.999 0.699259 9.99 0.699259 0.057 0.559   7.153 0.000  10.014 0.000 99.99 0.699259  14.656 0.000   1.703 0.000  12.953 0.699  0.047 0.699000 0.216 0.559
234.333333 235.333333   23.40 0.000  0.13 0.000000 9.999 0.259000 9.99 0.259000 0.023 0.000   0.653 0.000   0.914 0.000 99.99 0.259000   2.867 0.000   0.573 0.000   2.294 0.000  0.013 0.000000 0.085 0.000
237.333333 238.333333   33.50 0.559  0.31 0.559000 9.999 0.559259 9.99 0.559259 0.133 0.559   1.530 0.000   2.142 0.000 99.99 0.559259  14.933 0.000   4.228 0.000  10.705 0.559  2.142 0.559000 0.795 0.559
240.333333 241.333333   23.54 0.000  0.29 0.000000 9.999 0.259000 9.99 0.259000 0.012 0.000   1.078 0.000   1.509 0.000 99.99 0.259000  10.556 0.000   4.915 0.000   5.641 0.000  0.019 0.000000 0.129 0.000
243.333333 244.333333   16.27 0.000 99.99 0.259000 9.999 0.259000 9.99 0.259000 0.007 0.000   0.268 0.000   0.375 0.000 99.99 0.259000   6.386 0.000   2.164 0.000   4.222 0.000  0.007 0.000000 0.142 0.000
