scripts/IMPROVE-2019_partial/data/US9035R.20020102070000.20191216000000.filterpack..pm25.52w.1w.US03L_filterpack_US9035.US03L_IMPROVE_Davis.lev2.nas
66 1001
MISSING INFORMATION
US03L, IMPROVE, , , , , , , 
MISSING INFORMATION
IMPROVE sel_HTAP
1 1
2002 01 01 2019 12 16
3.000000
days from file reference point
27
1 1 1 1 1 1 1 1 1 1 1 1 1 1 1 1 1 1 1 1 1 1 1 1 1 1 1
999.999999 99999.99 9.999999 99.99 9.999999 9.999 9.999999999 99.99 9.999999 9.999 9.999999 999.999 9.999 999.999 9.999 999.99 9.999999999 999.999 9.999 999.999 9.999 999.999 9.999 9.999 9.999999 9.999 9.999999
end_time of measurement, days from the file reference point
iron, ng/m3, Revision date=20181210133000
numflag iron, no unit, Revision date=20181210133000
lead, ng/m3, Revision date=20181210133000
numflag lead, no unit, Revision date=20181210133000
magnesium, ug/m3, Revision date=20181210133000
numflag magnesium, no unit, Revision date=20181210133000
nickel, ng/m3, Revision date=20181210133000
numflag nickel, no unit, Revision date=20181210133000
nitrate, ug N/m3, Revision date=20181210133000
numflag nitrate, no unit, Revision date=20181210133000
organic_carbon, ug C/m3, Revision date=20181210133000
numflag organic_carbon, no unit, Revision date=20181210133000
organic_mass, ug/m3, Revision date=20181210133000
numflag organic_mass, no unit, Revision date=20181210133000
phosphorus, ng/m3, Revision date=20181210133000
numflag phosphorus, no unit, Revision date=20181210133000
pm10_mass, ug/m3, Version=2, Version description=Data extracted from http://views.cira.colostate.edu/fed/DataWizard 2019-12-16, Sample duration=1d, Orig. time res.=3d, Matrix=pm10, Blank correction=Blank corrected, Volume std. temperature=ambient, Volume std. pressure=ambient
numflag pm10_mass, no unit, Version=2, Version description=Data extracted from http://views.cira.colostate.edu/fed/DataWizard 2019-12-16, Sample duration=1d, Orig. time res.=3d, Matrix=pm10, Blank correction=Blank corrected, Volume std. temperature=ambient, Volume std. pressure=ambient
pm10_pm25_mass, ug/m3, Revision date=20181210133000, Matrix=pm10_pm25
numflag pm10_pm25_mass, no unit, Revision date=20181210133000, Matrix=pm10_pm25
pm25_mass, ug/m3, Version=2, Version description=Data extracted from http://views.cira.colostate.edu/fed/DataWizard 2019-12-16, Sample duration=1d, Orig. time res.=3d, Blank correction=Blank corrected, Volume std. temperature=ambient, Volume std. pressure=ambient
numflag pm25_mass, no unit, Version=2, Version description=Data extracted from http://views.cira.colostate.edu/fed/DataWizard 2019-12-16, Sample duration=1d, Orig. time res.=3d, Blank correction=Blank corrected, Volume std. temperature=ambient, Volume std. pressure=ambient
potassium, ug/m3, Revision date=20181210133000
numflag potassium, no unit, Revision date=20181210133000
sulphate_total, ug S/m3, Revision date=20181210133000
numflag sulphate_total, no unit, Revision date=20181210133000
0
25
Data definition:              EBAS_1.1
Set type code:                TU
Timezone:                     UTC
File name:                    US9035R.20020102070000.20191216000000.filterpack..pm25.52w.1w.US03L_filterpack_US9035.US03L_IMPROVE_Davis.lev2.nas
File creation:                20191218120738
Startdate:                    20020102070000
Revision date:                20191216000000
Statistics:                   arithmetic mean
Data level:                   2
Period code:                  52w
Resolution code:              1w
Station code:                 US9035R
Platform code:                US9035S
Station name:                 Sycamore Canyon
Station latitude:             35.1406
Station longitude:            -111.9692
Station altitude:             2046.0 m
Regime:                       IMG
Component:                    
Matrix:                       pm25
Laboratory code:              US03L
Instrument type:              filterpack
Instrument name:              filterpack_US9035
Method ref:                   US03L_IMPROVE_Davis
starttime endtime Fe flag_Fe Pb flag_Pb Mg++ flag_Mg++ Ni flag_Ni NO3- flag_NO3- OC flag_OC OM flag_OM P flag_P PM10 flag_PM10 PM10-PM2.5 flag_PM10-PM2.5 PM2.5 flag_PM2.5 K+ flag_K+ SO4-- flag_SO4--
[from data line 73]
220.291667 221.291667   138.66 0.559000  0.52 0.559000 9.999 0.559259000 99.99 0.559259 0.026 0.000000   1.228 0.000   1.719 0.000 999.99 0.559259000   8.866 0.000   3.896 0.000   4.970 0.559 0.049 0.559000 0.244 0.000000
223.291667 224.291667   275.25 0.699000  0.71 0.699000 0.057 0.699000000  0.17 0.699000 0.074 0.559000   2.437 0.000   3.411 0.000  31.06 0.699000000  16.218 0.000   6.711 0.000   9.507 0.699 0.125 0.699000 0.418 0.559000
226.291667 227.291667   287.97 0.699000  0.99 0.699000 9.999 0.699259000  0.15 0.699000 0.070 0.559000   2.661 0.000   3.725 0.000 999.99 0.699259000  17.776 0.000   7.287 0.000  10.489 0.699 0.137 0.699000 0.361 0.559000
229.291667 230.291667   162.47 0.699000  0.84 0.699000 9.999 0.699259000  0.23 0.699000 0.092 0.559000   2.512 0.000   3.517 0.000 999.99 0.699259000  14.372 0.000   4.746 0.000   9.627 0.699 0.085 0.699000 0.491 0.559000
232.291667 233.291667   265.52 0.699000  0.49 0.699000 0.070 0.699000000  0.31 0.699000 0.052 0.559000   0.925 0.000   1.295 0.000 999.99 0.699259000   9.740 0.000   1.927 0.000   7.812 0.699 0.102 0.699000 0.302 0.559000
235.291667 236.291667 99999.99 0.699000 99.99 0.699000 9.999 0.699000000 99.99 0.699000 0.200 0.559000  22.061 0.000  30.886 0.000 999.99 0.699000000  53.912 0.699 999.999 0.999 999.999 0.699 9.999 0.699000 0.192 0.559000
238.291667 239.291667 99999.99 0.699000 99.99 0.699000 9.999 0.699000000 99.99 0.699000 0.074 0.559000   5.625 0.000   7.875 0.000 999.99 0.699000000  21.149 0.000 999.999 0.999 999.999 0.699 9.999 0.699000 0.198 0.559000
241.291667 242.291667   337.07 0.559000  0.56 0.559000 9.999 0.559259000  0.20 0.559000 0.048 0.000000   1.143 0.000   1.600 0.000 999.99 0.559259000  13.669 0.000   5.979 0.000   7.690 0.559 0.083 0.559000 0.244 0.000000
244.291667 245.291667   297.69 0.699000  0.87 0.699000 9.999 0.699259000 99.99 0.699259 0.031 0.000000   1.522 0.000   2.131 0.000 999.99 0.699259000  15.251 0.000   7.210 0.000   8.041 0.699 0.076 0.699000 0.416 0.000000
247.291667 248.291667   353.28 0.559000  1.07 0.559000 0.044 0.559000000  0.27 0.559000 0.058 0.559000   1.900 0.000   2.660 0.000 999.99 0.559259000  15.735 0.000   4.659 0.000  11.075 0.559 0.139 0.559000 0.536 0.559000
250.291667 251.291667    68.73 0.559000  0.36 0.559000 9.999 0.559259000  0.21 0.559000 0.038 0.000000   0.721 0.000   1.009 0.000 999.99 0.559259000   4.351 0.000   0.363 0.000   3.988 0.559 0.030 0.559000 0.351 0.000000
253.291667 254.291667 99999.99 0.999000 99.99 0.999000 9.999 0.999000000 99.99 0.999000 9.999 0.999000 999.999 0.999 999.999 0.999 999.99 0.999000000 999.999 0.999 999.999 0.999 999.999 0.999 9.999 0.999000 9.999 0.999000
256.291667 257.291667   282.19 0.559000  0.81 0.559000 9.999 0.559259000 99.99 0.559259 0.019 0.559000   1.200 0.000   1.680 0.000 999.99 0.559259000  20.251 0.000  14.613 0.000   5.638 0.559 0.043 0.559000 0.240 0.559000
259.291667 260.291667   181.29 0.699000  1.24 0.699000 0.069 0.699000000  0.15 0.699000 0.088 0.000000   0.974 0.000   1.363 0.000 999.99 0.699259000  20.433 0.000  12.195 0.000   8.237 0.699 0.115 0.699000 0.459 0.000000
262.291667 263.291667   782.96 0.699000  1.03 0.699000 9.999 0.699259000  0.15 0.699000 0.019 0.000000   1.139 0.000   1.594 0.000 999.99 0.699259000  49.902 0.000  35.230 0.000  14.672 0.699 0.117 0.699000 0.090 0.000000
265.291667 266.291667   229.16 0.699000  0.48 0.699000 9.999 0.699259000 99.99 0.699259 0.018 0.000000   1.214 0.000   1.699 0.000 999.99 0.699259000   9.864 0.000   4.888 0.000   4.976 0.699 0.044 0.699000 0.126 0.000000
268.291667 269.291667   387.57 0.559000  1.29 0.559000 9.999 0.559259000 99.99 0.559259 0.037 0.000000   1.725 0.000   2.415 0.000 999.99 0.559259000  15.269 0.000   4.924 0.000  10.345 0.559 0.107 0.559000 0.272 0.000000
271.291667 272.291667    59.62 0.559000  0.61 0.559000 9.999 0.559259000 99.99 0.559259 0.031 0.000000   0.338 0.000   0.473 0.000 999.99 0.559259000   7.212 0.000   3.946 0.000   3.266 0.559 0.026 0.559000 0.258 0.000000
274.291667 275.291667   126.75 0.699000  1.29 0.699000 0.015 0.699000000  0.14 0.699000 0.124 0.559000   1.386 0.000   1.940 0.000 999.99 0.699259000  13.266 0.000   6.767 0.000   6.499 0.699 0.103 0.699000 0.333 0.559000
277.291667 278.291667   107.00 0.559000  0.82 0.559000 9.999 0.559259000  0.04 0.559000 0.030 0.559000   1.752 0.000   2.454 0.000 999.99 0.559259000   6.989 0.000   2.049 0.000   4.940 0.559 0.032 0.559000 0.171 0.559000
280.291667 281.291667   243.24 0.699000  0.98 0.699000 9.999 0.699259000 99.99 0.699259 0.027 0.559000 999.999 0.999 999.999 0.999 999.99 0.699259000 999.999 0.456 999.999 0.999   7.360 0.699 0.052 0.699000 0.158 0.559000
283.291667 284.291667   374.09 0.559000  1.26 0.559000 0.047 0.559000000  0.14 0.559000 0.035 0.559000   1.895 0.000   2.653 0.000 999.99 0.559259000  17.649 0.000   8.614 0.000   9.035 0.559 0.099 0.559000 0.219 0.559000
286.291667 287.291667   322.46 0.699000  1.18 0.699000 9.999 0.699259000  0.07 0.699000 0.037 0.559000   2.009 0.000   2.812 0.000 999.99 0.699259000  20.522 0.000  11.462 0.000   9.059 0.699 0.083 0.699000 0.279 0.559000
289.291667 290.291667   317.70 0.559000  1.12 0.559000 9.999 0.559259000  0.24 0.559000 0.050 0.559000   1.163 0.000   1.628 0.000 999.99 0.559259000   7.657 0.000   0.136 0.000   7.520 0.559 0.081 0.559000 0.257 0.559000
292.291667 293.291667   738.13 0.699000  2.27 0.699000 0.149 0.699000000  0.55 0.699000 0.045 0.559000   1.660 0.000   2.323 0.000 999.99 0.699259000  13.711 0.000 999.999 0.259  15.158 0.699 0.164 0.699000 0.298 0.559000
295.291667 296.291667   275.06 0.559000  1.17 0.559000 0.039 0.559000000  0.37 0.559000 0.083 0.000000   0.802 0.000   1.123 0.000 999.99 0.559259000   4.436 0.000 999.999 0.259   6.732 0.559 0.074 0.559000 0.398 0.000000
298.291667 299.291667   112.01 0.559000  1.56 0.559000 9.999 0.559259000  0.17 0.559000 0.058 0.559000   1.330 0.000   1.862 0.000 999.99 0.559259000   5.242 0.000   0.765 0.000   4.477 0.559 0.039 0.559000 0.260 0.559000
301.291667 302.291667    51.99 0.559000  1.33 0.559000 0.022 0.559000000  0.13 0.559000 0.435 0.000000   0.920 0.000   1.288 0.000 999.99 0.559259000   5.342 0.000   1.168 0.000   4.175 0.559 0.029 0.559000 0.436 0.000000
304.291667 305.291667    90.64 0.559000  0.98 0.559000 9.999 0.559259000  0.16 0.559000 0.088 0.000000   1.062 0.000   1.486 0.000 999.99 0.559259000   6.722 0.000   2.744 0.000   3.978 0.559 0.044 0.559000 0.300 0.000000
307.291667 308.291667   233.56 0.699000  0.69 0.699000 9.999 0.699259000  0.12 0.699000 0.031 0.559000   1.048 0.000   1.467 0.000 999.99 0.699259000   4.852 0.000 999.999 0.259   5.121 0.699 0.060 0.699000 0.139 0.559000
310.291667 311.291667   147.71 0.559000  1.15 0.559000 9.999 0.559259000  0.08 0.559000 0.033 0.000000   1.987 0.000   2.782 0.000 999.99 0.559259000   9.543 0.000   3.865 0.000   5.678 0.559 0.043 0.559000 0.177 0.000000
313.291667 314.291667    19.28 0.559000  0.20 0.559000 9.999 0.559259000 99.99 0.559259 0.008 0.000000   0.266 0.000   0.372 0.000 999.99 0.559259000   1.336 0.000   0.564 0.000   0.772 0.559 0.010 0.559000 0.063 0.000000
316.291667 317.291667   359.52 0.559000  0.32 0.559000 9.999 0.559259000  0.26 0.559000 0.010 0.559000   0.498 0.000   0.697 0.000 999.99 0.559259000   3.428 0.000 999.999 0.259   6.225 0.559 0.085 0.559000 0.068 0.559000
319.291667 320.291667   485.74 0.559000  0.83 0.559000 0.132 0.559000000  0.50 0.559000 0.015 0.559000   0.745 0.000   1.043 0.000 999.99 0.559259000   8.413 0.000   0.005 0.000   8.408 0.559 0.115 0.559000 0.173 0.559000
322.291667 323.291667   606.75 0.559000  0.69 0.559000 9.999 0.559259000  0.52 0.559000 0.017 0.559000   1.320 0.000   1.849 0.000 999.99 0.559259000   8.512 0.000 999.999 0.259  10.382 0.559 0.135 0.559000 0.082 0.559000
325.291667 326.291667  1372.34 0.699000 99.99 0.699259 9.999 0.699259000  0.85 0.699000 0.024 0.000000   3.160 0.000   4.425 0.000 999.99 0.699259000  22.124 0.000 999.999 0.259  25.378 0.699 0.292 0.699000 0.075 0.000000
328.291667 329.291667   221.03 0.559000  0.92 0.559000 9.999 0.559259000  0.27 0.559000 0.183 0.559000   1.174 0.000   1.643 0.000 999.99 0.559259000   7.393 0.000   2.452 0.000   4.941 0.559 0.059 0.559000 0.152 0.559000
331.291667 332.291667   297.75 0.559000  0.75 0.559000 9.999 0.559259000  0.35 0.559000 0.027 0.000000   0.544 0.000   0.762 0.000 999.99 0.559259000   5.164 0.000 999.999 0.259   5.881 0.559 0.081 0.559000 0.195 0.000000
334.291667 335.291667    16.69 0.559000  0.43 0.559000 0.014 0.559000000 99.99 0.559259 0.089 0.559000   0.768 0.000   1.075 0.000 999.99 0.559259000   2.315 0.000   0.034 0.000   2.281 0.559 0.007 0.559000 0.136 0.559000
337.291667 338.291667    34.06 0.000000  0.23 0.000000 9.999 0.259000000 99.99 0.259000 0.092 0.559000   0.969 0.000   1.357 0.000 999.99 0.259000000   3.091 0.000   0.558 0.000   2.534 0.000 0.006 0.000000 0.184 0.559000
340.291667 341.291667    56.33 0.000000  0.62 0.000000 9.999 0.259000000 99.99 0.259000 0.042 0.559000   1.796 0.000   2.514 0.000 999.99 0.259000000   4.883 0.000   0.806 0.000   4.077 0.000 0.011 0.000000 0.176 0.559000
343.291667 344.291667   128.76 0.000000  0.25 0.000000 9.999 0.259000000 99.99 0.259000 0.026 0.559000   0.807 0.000   1.130 0.000 999.99 0.259000000   6.791 0.000   3.630 0.000   3.161 0.000 0.022 0.000000 0.140 0.559000
346.291667 347.291667   130.45 0.000000  0.42 0.000000 9.999 0.259000000 99.99 0.259000 0.013 0.000000   0.466 0.000   0.652 0.000 999.99 0.259000000   6.272 0.000   3.968 0.000   2.304 0.000 0.027 0.000000 0.065 0.000000
349.291667 350.291667   142.19 0.000000  1.42 0.000000 9.999 0.259000000  0.26 0.000000 0.260 0.559000   0.796 0.000   1.115 0.000 999.99 0.259000000  12.679 0.000   8.362 0.000   4.317 0.000 0.102 0.000000 0.159 0.559000
352.291667 353.291667    41.75 0.000000 99.99 0.259000 9.999 0.259000000  0.04 0.000000 0.052 0.000000   1.246 0.000   1.744 0.000 999.99 0.259000000   1.849 0.000 999.999 0.259   2.020 0.000 0.011 0.000000 0.041 0.000000
355.291667 356.291667    60.21 0.000000  0.46 0.000000 9.999 0.259000000  0.05 0.000000 0.070 0.000000   1.247 0.000   1.746 0.000 999.99 0.259000000   3.382 0.000   0.131 0.000   3.251 0.000 0.018 0.000000 0.148 0.000000
358.291667 359.291667    66.72 0.000000  0.21 0.000000 0.027 0.000000000  0.06 0.000000 0.073 0.000000   3.818 0.000   5.345 0.000 999.99 0.259000000   6.674 0.000   0.329 0.000   6.345 0.000 0.019 0.000000 0.160 0.000000
361.291667 362.291667    17.45 0.000000  0.57 0.000000 9.999 0.259000000 99.99 0.259000 0.006 0.000000   0.215 0.000   0.302 0.000 999.99 0.259000000   1.523 0.000   0.303 0.000   1.220 0.000 0.008 0.000000 0.069 0.000000
364.291667 365.291667    46.62 0.000000  0.28 0.000000 9.999 0.259000000  0.24 0.000000 0.033 0.000000   1.461 0.000   2.046 0.000 999.99 0.259000000   3.091 0.000   0.533 0.000   2.558 0.000 0.017 0.000000 0.049 0.000000
