scripts/IMPROVE-2019_partial/data/US9019R.20020102050000.20191216000000.filterpack..pm25.52w.1w.US03L_filterpack_US9019.US03L_IMPROVE_Davis.lev2.nas
66 1001
MISSING INFORMATION
US03L, IMPROVE, , , , , , , 
MISSING INFORMATION
IMPROVE sel_HTAP
1 1
2002 01 01 2019 12 16
3.000000
days from file reference point
27
1 1 1 1 1 1 1 1 1 1 1 1 1 1 1 1 1 1 1 1 1 1 1 1 1 1 1
999.999999 9999.99 9.999 999.99 9.999 9.999 9.999999 99.99 9.999999 99.999 9.999 99.999 9.999 999.999 9.999 999.99 9.999999 999.999 9.999 999.999 9.999 999.999 9.999 9.999 9.999 99.999 9.999
end_time of measurement, days from the file reference point
iron, ng/m3, Revision date=20181210133000
numflag iron, no unit, Revision date=20181210133000
lead, ng/m3, Revision date=20181210133000
numflag lead, no unit, Revision date=20181210133000
magnesium, ug/m3, Revision date=20181210133000
numflag magnesium, no unit, Revision date=20181210133000
nickel, ng/m3, Revision date=20181210133000
numflag nickel, no unit, Revision date=20181210133000
nitrate, ug N/m3, Revision date=20181210133000
numflag nitrate, no unit, Revision date=20181210133000
organic_carbon, ug C/m3, Revision date=20181210133000
numflag organic_carbon, no unit, Revision date=20181210133000
organic_mass, ug/m3, Revision date=20181210133000
numflag organic_mass, no unit, Revision date=20181210133000
phosphorus, ng/m3, Revision date=20181210133000
numflag phosphorus, no unit, Revision date=20181210133000
pm10_mass, ug/m3, Version=2, Version description=Data extracted from http://views.cira.colostate.edu/fed/DataWizard 2019-12-16, Sample duration=1d, Orig. time res.=3d, Matrix=pm10, Blank correction=Blank corrected, Volume std. temperature=ambient, Volume std. pressure=ambient
numflag pm10_mass, no unit, Version=2, Version description=Data extracted from http://views.cira.colostate.edu/fed/DataWizard 2019-12-16, Sample duration=1d, Orig. time res.=3d, Matrix=pm10, Blank correction=Blank corrected, Volume std. temperature=ambient, Volume std. pressure=ambient
pm10_pm25_mass, ug/m3, Revision date=20181210133000, Matrix=pm10_pm25
numflag pm10_pm25_mass, no unit, Revision date=20181210133000, Matrix=pm10_pm25
pm25_mass, ug/m3, Version=2, Version description=Data extracted from http://views.cira.colostate.edu/fed/DataWizard 2019-12-16, Sample duration=1d, Orig. time res.=3d, Blank correction=Blank corrected, Volume std. temperature=ambient, Volume std. pressure=ambient
numflag pm25_mass, no unit, Version=2, Version description=Data extracted from http://views.cira.colostate.edu/fed/DataWizard 2019-12-16, Sample duration=1d, Orig. time res.=3d, Blank correction=Blank corrected, Volume std. temperature=ambient, Volume std. pressure=ambient
potassium, ug/m3, Revision date=20181210133000
numflag potassium, no unit, Revision date=20181210133000
sulphate_total, ug S/m3, Revision date=20181210133000
numflag sulphate_total, no unit, Revision date=20181210133000
0
25
Data definition:              EBAS_1.1
Set type code:                TU
Timezone:                     UTC
File name:                    US9019R.20020102050000.20191216000000.filterpack..pm25.52w.1w.US03L_filterpack_US9019.US03L_IMPROVE_Davis.lev2.nas
File creation:                20191218120621
Startdate:                    20020102050000
Revision date:                20191216000000
Statistics:                   arithmetic mean
Data level:                   2
Period code:                  52w
Resolution code:              1w
Station code:                 US9019R
Platform code:                US9019S
Station name:                 Quaker City
Station latitude:             39.9428
Station longitude:            -81.3378
Station altitude:             366.0 m
Regime:                       IMG
Component:                    
Matrix:                       pm25
Laboratory code:              US03L
Instrument type:              filterpack
Instrument name:              filterpack_US9019
Method ref:                   US03L_IMPROVE_Davis
starttime endtime Fe flag_Fe Pb flag_Pb Mg++ flag_Mg++ Ni flag_Ni NO3- flag_NO3- OC flag_OC OM flag_OM P flag_P PM10 flag_PM10 PM10-PM2.5 flag_PM10-PM2.5 PM2.5 flag_PM2.5 K+ flag_K+ SO4-- flag_SO4--
  1.208333   2.208333   19.88 0.000   3.31 0.000 9.999 0.259000 99.99 0.259000  0.576 0.000  2.014 0.000   2.820 0.000 999.99 0.259000  13.342 0.000   3.100 0.000  10.242 0.000 0.057 0.000  0.862 0.000
  4.208333   5.208333   36.68 0.000   3.89 0.000 9.999 0.259000 99.99 0.259000  0.509 0.000  2.188 0.000   3.063 0.000 999.99 0.259000  16.441 0.000   4.641 0.000  11.800 0.000 0.059 0.000  1.070 0.000
  7.208333   8.208333   17.37 0.000   3.14 0.000 9.999 0.259000 99.99 0.259000  0.239 0.000  1.128 0.000   1.579 0.000 999.99 0.259000   7.661 0.000   0.664 0.000   6.997 0.000 0.029 0.000  1.001 0.000
 10.208333  11.208333   28.05 0.000   2.63 0.000 9.999 0.259000 99.99 0.259000  1.105 0.000  1.331 0.000   1.864 0.000 999.99 0.259000  12.226 0.000   0.632 0.000  11.594 0.000 0.034 0.000  0.654 0.000
 13.208333  14.208333   18.55 0.000   1.68 0.000 9.999 0.259000 99.99 0.259000  0.143 0.559  1.334 0.000   1.867 0.000 999.99 0.259000   7.275 0.000   2.126 0.000   5.149 0.000 0.045 0.000  0.506 0.559
 16.208333  17.208333   24.14 0.000   2.83 0.000 9.999 0.259000 99.99 0.259000  0.714 0.000  1.269 0.000   1.777 0.000 999.99 0.259000  12.759 0.000   2.856 0.000   9.904 0.000 0.036 0.000  0.827 0.000
 19.208333  20.208333   24.08 0.000   4.42 0.000 9.999 0.259000  0.15 0.000000  0.753 0.000  1.494 0.000   2.091 0.000 999.99 0.259000  14.014 0.000   0.628 0.000  13.386 0.000 0.048 0.000  1.550 0.000
 22.208333  23.208333   22.52 0.000   1.08 0.000 9.999 0.259000 99.99 0.259000  0.053 0.559  0.845 0.000   1.183 0.000 999.99 0.259000   6.820 0.000   2.094 0.000   4.727 0.000 0.037 0.000  0.524 0.559
 25.208333  26.208333   24.75 0.000   3.30 0.000 9.999 0.259000 99.99 0.259000  0.198 0.000  0.917 0.000   1.283 0.000 999.99 0.259000   7.151 0.000   1.870 0.000   5.281 0.000 0.048 0.000  0.640 0.000
 28.208333  29.208333   24.41 0.000   2.85 0.000 0.078 0.000000  0.36 0.000000  0.050 0.559  1.586 0.000   2.221 0.000 999.99 0.259000  14.088 0.000   2.351 0.000  11.737 0.000 0.057 0.000  1.765 0.559
 31.208333  32.208333   11.16 0.000   0.74 0.000 9.999 0.259000  0.12 0.000000  0.045 0.559  0.530 0.000   0.743 0.000 999.99 0.259000   5.704 0.000   1.811 0.000   3.893 0.000 0.025 0.000  0.562 0.559
 34.208333  35.208333   16.40 0.000   1.99 0.000 9.999 0.259000 99.99 0.259000  0.210 0.559  0.740 0.000   1.037 0.000 999.99 0.259000   6.610 0.000   2.612 0.000   3.997 0.000 0.024 0.000  0.429 0.559
 37.208333  38.208333   32.19 0.000   6.51 0.000 9.999 0.259000 99.99 0.259000  0.302 0.000  1.509 0.000   2.113 0.000 999.99 0.259000  11.269 0.000   4.414 0.000   6.855 0.000 0.057 0.000  0.586 0.000
 40.208333  41.208333   15.25 0.000   2.42 0.000 9.999 0.259000 99.99 0.259000  0.081 0.000  1.518 0.000   2.124 0.000 999.99 0.259000   9.177 0.000   1.705 0.000   7.472 0.000 0.032 0.000  0.924 0.000
 43.208333  44.208333   17.39 0.000   2.21 0.000 0.096 0.000000 99.99 0.259000  0.218 0.559  0.583 0.000   0.816 0.000 999.99 0.259000   6.944 0.000   2.579 0.000   4.366 0.000 0.024 0.000  0.559 0.559
 46.208333  47.208333   17.07 0.000   1.71 0.000 9.999 0.259000 99.99 0.259000  0.604 0.559  0.640 0.000   0.896 0.000 999.99 0.259000  10.687 0.000   2.595 0.000   8.092 0.000 0.024 0.000  0.864 0.559
 49.208333  50.208333   24.48 0.000   2.32 0.000 9.999 0.259000 99.99 0.259000  0.090 0.559  2.267 0.000   3.174 0.000 999.99 0.259000  11.308 0.000   4.314 0.000   6.994 0.000 0.056 0.000  0.505 0.559
 52.208333  53.208333   15.67 0.000   2.68 0.000 0.085 0.000000  0.18 0.000000  0.245 0.559  0.693 0.000   0.970 0.000 999.99 0.259000   5.731 0.000   0.065 0.000   5.666 0.000 0.024 0.000  0.811 0.559
 55.208333  56.208333   32.10 0.000   2.98 0.000 9.999 0.259000 99.99 0.259000  0.061 0.559  3.118 0.000   4.365 0.000 999.99 0.259000  16.617 0.000   3.239 0.000  13.378 0.000 0.071 0.000  1.522 0.559
 58.208333  59.208333   19.57 0.000   2.03 0.000 9.999 0.259000 99.99 0.259000  0.282 0.559  0.949 0.000   1.329 0.000 999.99 0.259000   9.245 0.000   3.419 0.000   5.826 0.000 0.026 0.000  0.675 0.559
 61.208333  62.208333   17.55 0.000   1.30 0.000 9.999 0.259000  0.27 0.000000  0.091 0.000  0.786 0.000   1.100 0.000 999.99 0.259000   5.406 0.000   1.051 0.000   4.355 0.000 0.021 0.000  1.145 0.000
 64.208333  65.208333   31.87 0.000   2.50 0.000 9.999 0.259000  0.25 0.000000  0.181 0.000  1.688 0.000   2.363 0.000 999.99 0.259000  12.434 0.000   4.898 0.000   7.535 0.000 0.054 0.000  0.726 0.000
 67.208333  68.208333   15.97 0.000   1.10 0.000 9.999 0.259000 99.99 0.259000  0.084 0.000  2.250 0.000   3.151 0.000 999.99 0.259000  12.732 0.000   4.205 0.000   8.527 0.000 0.039 0.000  0.809 0.000
 70.208333  71.208333   44.79 0.000   4.98 0.000 9.999 0.259000  0.35 0.000000  0.132 0.000  1.799 0.000   2.519 0.000 999.99 0.259000  13.573 0.000   4.285 0.000   9.288 0.000 0.067 0.000  1.081 0.000
 73.208333  74.208333   39.70 0.000   2.54 0.000 9.999 0.259000  0.20 0.000000  0.068 0.559  2.154 0.000   3.016 0.000 999.99 0.259000  17.299 0.000   4.957 0.000  12.342 0.000 0.069 0.000  1.499 0.559
 76.208333  77.208333   54.20 0.000   4.65 0.000 9.999 0.259000  0.25 0.000000  0.189 0.000  1.223 0.000   1.713 0.000 999.99 0.259000  15.088 0.000   4.051 0.000  11.036 0.000 0.051 0.000  1.723 0.000
 79.208333  80.208333   27.22 0.000   2.34 0.000 9.999 0.259000  0.38 0.000000  0.174 0.000  0.498 0.000   0.697 0.000 999.99 0.259000  10.770 0.000 999.999 0.259  10.854 0.000 0.025 0.000  1.636 0.000
 82.208333  83.208333   38.53 0.000   4.19 0.000 9.999 0.259000  0.17 0.000000  0.311 0.000  1.176 0.000   1.646 0.000 999.99 0.259000  11.144 0.000   3.500 0.000   7.645 0.000 0.055 0.000  0.758 0.000
 85.208333  86.208333   22.08 0.000   2.09 0.000 9.999 0.259000  0.63 0.000000  0.420 0.559  1.136 0.000   1.590 0.000 999.99 0.259000  11.755 0.000   0.897 0.000  10.858 0.000 0.036 0.000  1.589 0.559
 88.208333  89.208333   39.28 0.000   2.83 0.000 9.999 0.259000 99.99 0.259000  0.237 0.000  0.844 0.000   1.181 0.000 999.99 0.259000   8.309 0.000   2.423 0.000   5.885 0.000 0.041 0.000  0.771 0.000
 91.208333  92.208333   47.57 0.000   2.79 0.000 9.999 0.259000 99.99 0.259000  0.096 0.000  1.105 0.000   1.546 0.000 999.99 0.259000  12.338 0.000   5.004 0.000   7.334 0.000 0.048 0.000  0.894 0.000
 94.208333  95.208333   38.76 0.000   3.12 0.000 9.999 0.259000  0.28 0.000000  0.331 0.000  0.864 0.000   1.210 0.000 999.99 0.259000  10.438 0.000   3.346 0.000   7.091 0.000 0.034 0.000  0.988 0.000
 97.208333  98.208333   65.00 0.000   2.78 0.000 9.999 0.259000  0.25 0.000000  0.091 0.000  2.083 0.000   2.917 0.000 999.99 0.259000  21.412 0.000   7.701 0.000  13.711 0.000 0.079 0.000  1.925 0.000
100.208333 101.208333   60.95 0.000   4.15 0.000 9.999 0.259000  0.46 0.000000  0.046 0.559  1.039 0.000   1.454 0.000 999.99 0.259000  12.368 0.000   3.878 0.000   8.491 0.000 0.047 0.000  1.134 0.559
103.208333 104.208333   14.90 0.000   4.89 0.000 9.999 0.259000  0.22 0.000000  0.050 0.000  1.105 0.000   1.547 0.000 999.99 0.259000   8.999 0.000   1.967 0.000   7.032 0.000 0.030 0.000  1.008 0.000
106.208333 107.208333   36.88 0.000   2.81 0.000 9.999 0.259000  0.38 0.000000  0.086 0.000  1.647 0.000   2.306 0.000 999.99 0.259000  18.137 0.000   4.946 0.000  13.191 0.000 0.061 0.000  1.991 0.000
109.208333 110.208333   32.26 0.000   3.05 0.000 9.999 0.259000  0.41 0.000000  0.306 0.000  1.425 0.000   1.994 0.000 999.99 0.259000  11.711 0.000   3.337 0.000   8.374 0.000 0.044 0.000  1.054 0.000
112.208333 113.208333   25.12 0.000   3.04 0.000 9.999 0.259000  0.27 0.000000  0.168 0.559  0.732 0.000   1.024 0.000 999.99 0.259000   7.942 0.000   1.275 0.000   6.667 0.000 0.030 0.000  1.009 0.559
115.208333 116.208333   67.08 0.000   2.80 0.000 9.999 0.259000 99.99 0.259000  0.450 0.559  0.972 0.000   1.361 0.000 999.99 0.259000  21.453 0.000  15.175 0.000   6.279 0.000 0.050 0.000  0.550 0.559
118.208333 119.208333   10.19 0.000   1.50 0.000 9.999 0.259000 99.99 0.259000  0.054 0.559  0.467 0.000   0.654 0.000 999.99 0.259000   6.154 0.000   1.056 0.000   5.098 0.000 0.011 0.000  0.773 0.559
121.208333 122.208333   29.08 0.000   2.20 0.000 9.999 0.259000  0.36 0.000000  0.098 0.000  1.392 0.000   1.949 0.000 999.99 0.259000  14.053 0.000   3.195 0.000  10.858 0.000 0.044 0.000  1.535 0.000
124.208333 125.208333   34.93 0.000   5.18 0.000 9.999 0.259000  0.20 0.000000  0.113 0.000  1.495 0.000   2.093 0.000 999.99 0.259000  17.196 0.000   3.628 0.000  13.568 0.000 0.049 0.000  2.174 0.000
127.208333 128.208333   53.63 0.000   5.09 0.000 9.999 0.259000  0.50 0.000000  0.288 0.559  1.085 0.000   1.518 0.000 999.99 0.259000  17.587 0.000   3.021 0.000  14.566 0.000 0.051 0.000  2.490 0.559
130.208333 131.208333   83.56 0.000   6.50 0.000 9.999 0.259000  0.28 0.000000  0.126 0.559  1.861 0.000   2.605 0.000 999.99 0.259000  16.381 0.000   7.598 0.000   8.783 0.000 0.080 0.000  0.974 0.559
133.208333 134.208333   30.20 0.559   2.05 0.559 9.999 0.559259 99.99 0.559259  0.156 0.559  0.904 0.000   1.266 0.000 999.99 0.559259   8.744 0.000   2.968 0.000   5.776 0.559 0.041 0.559  0.811 0.559
136.208333 137.208333   27.43 0.000   1.82 0.000 9.999 0.259000  0.27 0.000000  0.139 0.559  0.884 0.000   1.238 0.000 999.99 0.259000   8.415 0.000   2.379 0.000   6.036 0.000 0.027 0.000  0.726 0.559
139.208333 140.208333 9999.99 0.456 999.99 0.456 9.999 0.456000 99.99 0.456000 99.999 0.456 99.999 0.999 999.999 0.999 999.99 0.456000 999.999 0.456 999.999 0.999 999.999 0.456 9.999 0.456 99.999 0.456
142.208333 143.208333 9999.99 0.456 999.99 0.456 9.999 0.456000 99.99 0.456000 99.999 0.456 99.999 0.999 999.999 0.999 999.99 0.456000 999.999 0.456 999.999 0.999 999.999 0.456 9.999 0.456 99.999 0.456
145.208333 146.208333 9999.99 0.456 999.99 0.456 9.999 0.456000 99.99 0.456000 99.999 0.456 99.999 0.999 999.999 0.999 999.99 0.456000 999.999 0.456 999.999 0.999 999.999 0.456 9.999 0.456 99.999 0.456
148.208333 149.208333   33.82 0.000   3.46 0.000 9.999 0.259000  0.35 0.000000  0.040 0.000  2.227 0.000   3.117 0.000 999.99 0.259000  25.107 0.000   4.592 0.000  20.515 0.000 0.058 0.000  3.237 0.000
151.208333 152.208333   51.03 0.000   3.02 0.000 0.046 0.000000 99.99 0.259000  0.180 0.000  1.804 0.000   2.525 0.000 999.99 0.259000  17.402 0.000   8.427 0.000   8.975 0.000 0.040 0.000  0.875 0.000
154.208333 155.208333   44.81 0.000   5.93 0.000 9.999 0.259000  0.31 0.000000  0.054 0.559  3.194 0.000   4.472 0.000 999.99 0.259000  22.631 0.000   5.325 0.000  17.306 0.000 0.067 0.000  1.763 0.559
157.208333 158.208333   25.07 0.000   3.06 0.000 9.999 0.259000  0.52 0.000000  0.050 0.559  0.932 0.000   1.305 0.000 999.99 0.259000  16.190 0.000   3.360 0.000  12.830 0.000 0.022 0.000  2.018 0.559
160.208333 161.208333   38.93 0.000   3.80 0.000 9.999 0.259000  0.21 0.000000  0.047 0.559  2.171 0.000   3.040 0.000 999.99 0.259000  35.907 0.000   1.244 0.000  34.663 0.000 0.044 0.000  5.480 0.559
163.208333 164.208333   37.64 0.000   2.65 0.000 9.999 0.259000  0.20 0.000000  0.265 0.559  2.596 0.000   3.634 0.000 999.99 0.259000  19.976 0.000   3.119 0.000  16.857 0.000 0.043 0.000  2.067 0.559
166.208333 167.208333   11.41 0.000   2.07 0.000 0.087 0.000000 99.99 0.259000  0.103 0.559  1.277 0.000   1.787 0.000 999.99 0.259000  10.355 0.000   4.823 0.000   5.532 0.000 0.022 0.000  0.423 0.559
169.208333 170.208333   32.35 0.000   3.08 0.000 9.999 0.259000  1.32 0.000000  0.049 0.559  2.091 0.000   2.927 0.000 999.99 0.259000  20.422 0.000   4.640 0.000  15.783 0.000 0.036 0.000  2.214 0.559
172.208333 173.208333   37.29 0.000   4.09 0.000 9.999 0.259000  0.35 0.000000  0.034 0.559  2.543 0.000   3.560 0.000 999.99 0.259000  39.694 0.000 999.999 0.259  39.923 0.000 0.065 0.000  6.099 0.559
175.208333 176.208333   63.31 0.000   8.22 0.000 9.999 0.259000  0.52 0.000000  0.037 0.559  2.566 0.000   3.592 0.000 999.99 0.259000  42.768 0.000   9.290 0.000  33.478 0.000 0.080 0.000  5.926 0.559
178.208333 179.208333   28.92 0.000   3.00 0.000 9.999 0.259000 99.99 0.259000  0.265 0.559  1.793 0.000   2.510 0.000 999.99 0.259000  15.779 0.000   3.789 0.000  11.990 0.000 0.029 0.000  1.591 0.559
181.208333 182.208333   45.12 0.000   2.74 0.000 9.999 0.259000 99.99 0.259000  0.035 0.559  3.737 0.000   5.232 0.000 999.99 0.259000  43.023 0.000   2.574 0.000  40.448 0.000 0.107 0.000  6.079 0.559
184.208333 185.208333  677.59 0.000   3.78 0.000 0.099 0.000000  0.37 0.000000  0.124 0.559  2.618 0.000   3.665 0.000 999.99 0.259000  45.670 0.000  16.521 0.000  29.149 0.000 0.282 0.000  2.752 0.559
187.208333 188.208333   67.78 0.000   7.57 0.000 0.064 0.000000  0.22 0.000000  0.109 0.559  7.800 0.000  10.921 0.000 999.99 0.259000  28.517 0.000   6.114 0.000  22.403 0.000 0.207 0.000  1.331 0.559
190.208333 191.208333   37.06 0.000   2.78 0.000 9.999 0.259000  0.23 0.000000  0.126 0.559  2.580 0.000   3.612 0.000 999.99 0.259000  20.710 0.000   3.935 0.000  16.775 0.000 0.042 0.000  2.311 0.559
193.208333 194.208333   24.91 0.000   3.32 0.000 9.999 0.259000  0.23 0.000000  0.041 0.559  2.113 0.000   2.959 0.000 999.99 0.259000  19.231 0.000   3.832 0.000  15.399 0.000 0.058 0.000  1.891 0.559
196.208333 197.208333   57.08 0.000   4.07 0.000 0.096 0.000000  0.21 0.000000  0.063 0.559  4.058 0.000   5.681 0.000 999.99 0.259000  34.003 0.000   6.627 0.000  27.376 0.000 0.055 0.000  3.525 0.559
199.208333 200.208333   28.76 0.000   7.61 0.000 9.999 0.259000 99.99 0.259000  0.105 0.559  2.116 0.000   2.963 0.000 999.99 0.259000  24.655 0.000   3.271 0.000  21.384 0.000 0.037 0.000  3.400 0.559
202.208333 203.208333   33.46 0.000   4.68 0.000 0.180 0.000000  0.17 0.000000  0.029 0.559  2.394 0.000   3.352 0.000 999.99 0.259000  38.092 0.000   3.524 0.000  34.568 0.000 0.051 0.000  5.559 0.559
205.208333 206.208333   73.62 0.000   5.89 0.000 9.999 0.259000  0.84 0.000000  0.041 0.000  1.515 0.000   2.120 0.000 999.99 0.259000  22.765 0.000   3.109 0.000  19.656 0.000 0.042 0.000  2.973 0.000
208.208333 209.208333   39.51 0.000   2.28 0.000 9.999 0.259000  0.28 0.000000  0.040 0.559  2.113 0.000   2.959 0.000 999.99 0.259000  22.427 0.000   3.989 0.000  18.438 0.000 0.052 0.000  2.579 0.559
211.208333 212.208333   34.26 0.000   2.51 0.000 0.155 0.000000  0.18 0.000000  0.054 0.559  2.420 0.000   3.388 0.000 999.99 0.259000  17.402 0.000   3.960 0.000  13.442 0.000 0.034 0.000  1.501 0.559
214.208333 215.208333  114.12 0.000   3.47 0.000 9.999 0.259000  0.43 0.000000  0.057 0.559  2.437 0.000   3.411 0.000 999.99 0.259000  25.613 0.000   8.056 0.000  17.556 0.000 0.060 0.000  2.371 0.559
217.208333 218.208333   18.88 0.000   1.35 0.000 9.999 0.259000 99.99 0.259000  0.026 0.559  0.886 0.000   1.241 0.000  20.34 0.000000   7.889 0.000   4.456 0.000   3.433 0.000 0.013 0.000  0.233 0.559
220.208333 221.208333   59.92 0.000   3.92 0.000 0.094 0.000000  0.85 0.000000  0.062 0.559  1.424 0.000   1.994 0.000 999.99 0.259000  19.118 0.000   5.438 0.000  13.679 0.000 0.039 0.000  2.086 0.559
223.208333 224.208333   41.97 0.000   2.56 0.000 9.999 0.259000 99.99 0.259000  0.050 0.559  2.844 0.000   3.981 0.000 999.99 0.259000  27.654 0.000   2.909 0.000  24.745 0.000 0.047 0.000  3.558 0.559
226.208333 227.208333   32.57 0.000   1.09 0.000 9.999 0.259000 99.99 0.259000  0.056 0.559  1.706 0.000   2.389 0.000 999.99 0.259000  14.583 0.000   2.880 0.000  11.704 0.000 0.029 0.000  1.464 0.559
229.208333 230.208333   25.51 0.000   1.82 0.000 9.999 0.259000  0.26 0.000000  0.174 0.559  2.386 0.000   3.340 0.000 999.99 0.259000  14.788 0.000   3.446 0.000  11.342 0.000 0.040 0.000  1.813 0.559
232.208333 233.208333   61.49 0.000   4.79 0.000 9.999 0.259000  1.33 0.000000  0.062 0.000  2.152 0.000   3.013 0.000 999.99 0.259000  21.162 0.000   4.318 0.000  16.844 0.000 0.041 0.000  2.724 0.000
235.208333 236.208333   25.54 0.000   2.03 0.000 9.999 0.259000 99.99 0.259000  0.075 0.000  1.588 0.000   2.223 0.000 999.99 0.259000  16.231 0.000   2.906 0.000  13.325 0.000 0.033 0.000  2.092 0.000
