scripts/IMPROVE-2019_partial/data/US9000R.19960103070000.20191216000000.filterpack...1y.3d.US03L_filterpack_US9000.US03L_IMPROVE_Davis.lev2.nas
52 1001
MISSING INFORMATION
US03L, IMPROVE, , , , , , , 
MISSING INFORMATION
IMPROVE sel_HTAP
1 1
1996 01 01 2019 12 16
0
days from file reference point
5
1 1 1 1 1
999.999999 999.999 9.999 99.999 9.999
end_time of measurement, days from the file reference point
pm10_mass, ug/m3, Matrix=pm10
numflag pm10_mass, no unit, Matrix=pm10
pm25_mass, ug/m3, Matrix=pm25
numflag pm25_mass, no unit, Matrix=pm25
0
33
Data definition:              EBAS_1.1
Set type code:                TI
Timezone:                     UTC
File name:                    US9000R.19960103070000.20191216000000.filterpack...1y.3d.US03L_filterpack_US9000.US03L_IMPROVE_Davis.lev2.nas
File creation:                20191218120513
Startdate:                    19960103070000
Revision date:                20191216000000
Version:                      2
Version description:          "Data extracted from http://views.cira.colostate.edu/fed/DataWizard 2019-12-16"
Statistics:                   arithmetic mean
Data level:                   2
Period code:                  1y
Resolution code:              3d
Sample duration:              1d
Orig. time res.:              3d
Station code:                 US9000R
Platform code:                US9000S
Station name:                 Rocky Mountain NP
Station latitude:             40.2783
Station longitude:            -105.5457
Station altitude:             2760.0 m
Regime:                       IMG
Component:                    
Unit:                         ug/m3
Matrix:                       
Laboratory code:              US03L
Instrument type:              filterpack
Instrument name:              filterpack_US9000
Method ref:                   US03L_IMPROVE_Davis
Blank correction:             Blank corrected
Volume std. temperature:      ambient
Volume std. pressure:         ambient
starttime endtime PM10 flag_PM10 PM2.5 flag_PM2.5
  2.291667   3.291667 999.999 0.999 99.999 0.999
  5.291667   6.291667 999.999 0.999 99.999 0.999
  9.291667  10.291667   1.426 0.000  0.680 0.000
 12.291667  13.291667   1.145 0.000 99.999 0.259
 16.291667  17.291667 999.999 0.999 99.999 0.999
 19.291667  20.291667 999.999 0.999 99.999 0.999
 23.291667  24.291667   4.891 0.000  0.723 0.000
 26.291667  27.291667   2.464 0.000  0.589 0.000
 30.291667  31.291667   5.876 0.000  4.098 0.000
 33.291667  34.291667   4.955 0.000  0.918 0.000
 37.291667  38.291667   1.623 0.000  0.792 0.000
 40.291667  41.291667   2.110 0.000  0.609 0.000
 44.291667  45.291667   4.793 0.000  1.842 0.000
 47.291667  48.291667   1.650 0.000  0.785 0.000
 51.291667  52.291667   2.569 0.000  0.617 0.000
 54.291667  55.291667   6.182 0.000  2.604 0.000
 58.291667  59.291667   4.656 0.000  4.073 0.000
 61.291667  62.291667   3.532 0.000  1.856 0.000
 65.291667  66.291667   3.952 0.000  3.134 0.000
 68.291667  69.291667   3.837 0.000 99.999 0.999
 72.291667  73.291667   4.834 0.000  2.356 0.000
 75.291667  76.291667   3.453 0.000  1.828 0.000
 79.291667  80.291667 999.999 0.999 99.999 0.999
 82.291667  83.291667 999.999 0.999 99.999 0.999
 86.291667  87.291667   2.916 0.000  1.829 0.000
 89.291667  90.291667   3.530 0.000  2.325 0.000
 93.291667  94.291667   2.680 0.000  1.480 0.000
 96.291667  97.291667   4.189 0.000  1.781 0.000
100.291667 101.291667   5.322 0.000  3.304 0.000
103.291667 104.291667   4.568 0.000  1.510 0.000
107.291667 108.291667   9.511 0.000  3.321 0.000
110.291667 111.291667   5.473 0.000  2.838 0.000
114.291667 115.291667  11.775 0.000  3.685 0.000
117.291667 118.291667   9.964 0.000  4.173 0.000
121.291667 122.291667   3.645 0.000  3.687 0.000
124.291667 125.291667  10.628 0.000  5.848 0.000
128.291667 129.291667   9.272 0.000  4.630 0.000
131.291667 132.291667   8.408 0.000  5.051 0.000
135.291667 136.291667   9.806 0.000  4.383 0.000
138.291667 139.291667   8.077 0.000  1.910 0.000
142.291667 143.291667  13.361 0.000  8.056 0.000
145.291667 146.291667   1.894 0.000 99.999 0.259
149.291667 150.291667   6.053 0.000  4.209 0.000
152.291667 153.291667   5.942 0.000  4.209 0.000
156.291667 157.291667   7.650 0.000  4.891 0.000
159.291667 160.291667  12.832 0.000  5.089 0.000
163.291667 164.291667   7.926 0.000  5.117 0.000
166.291667 167.291667   4.753 0.000  3.563 0.000
170.291667 171.291667  10.479 0.000  4.589 0.000
173.291667 174.291667   4.419 0.000  3.093 0.000
177.291667 178.291667   7.687 0.000  3.968 0.000
180.291667 181.291667  11.215 0.000  3.532 0.000
184.291667 185.291667  16.726 0.000  5.133 0.000
187.291667 188.291667   6.145 0.000  3.397 0.000
191.291667 192.291667   8.681 0.000  4.381 0.000
194.291667 195.291667  12.659 0.000  6.199 0.000
198.291667 199.291667  10.236 0.000  3.989 0.000
201.291667 202.291667  10.417 0.000  4.373 0.000
205.291667 206.291667  11.869 0.000  6.385 0.000
208.291667 209.291667   8.114 0.000  4.337 0.000
212.291667 213.291667   8.970 0.000  4.512 0.000
215.291667 216.291667  11.683 0.000  6.408 0.000
219.291667 220.291667  13.889 0.000  8.022 0.000
222.291667 223.291667  12.008 0.000  4.876 0.000
226.291667 227.291667  14.431 0.000  7.447 0.000
229.291667 230.291667  11.393 0.000  6.678 0.000
233.291667 234.291667   9.042 0.000  4.935 0.000
236.291667 237.291667   6.982 0.000  4.202 0.000
240.291667 241.291667   5.607 0.000  3.428 0.000
243.291667 244.291667  13.258 0.000  8.358 0.000
247.291667 248.291667  10.881 0.000  7.497 0.000
250.291667 251.291667   5.708 0.000  3.219 0.000
254.291667 255.291667  10.881 0.000  6.021 0.000
257.291667 258.291667   2.562 0.000  2.176 0.000
261.291667 262.291667   2.800 0.000  1.621 0.000
264.291667 265.291667   7.505 0.000  2.233 0.000
268.291667 269.291667   2.992 0.000  2.185 0.000
271.291667 272.291667   4.876 0.000  1.796 0.000
275.291667 276.291667   8.690 0.000  5.603 0.000
278.291667 279.291667   4.022 0.000 99.999 0.999
282.291667 283.291667   8.356 0.000  4.280 0.000
285.291667 286.291667   8.467 0.000  4.221 0.000
289.291667 290.291667   6.090 0.000  2.006 0.000
292.291667 293.291667   4.630 0.000  1.401 0.000
296.291667 297.291667   2.505 0.000  0.890 0.000
299.291667 300.291667   3.762 0.000  1.497 0.000
303.291667 304.291667 999.999 0.999 99.999 0.999
306.291667 307.291667   1.551 0.000  0.898 0.000
310.291667 311.291667   3.567 0.000  2.245 0.000
313.291667 314.291667   4.382 0.000  1.103 0.000
317.291667 318.291667   8.690 0.000  1.473 0.000
320.291667 321.291667   1.859 0.000 99.999 0.999
324.291667 325.291667   3.714 0.000  1.804 0.000
327.291667 328.291667   5.315 0.000  1.263 0.000
331.291667 332.291667   2.460 0.000  0.831 0.000
334.291667 335.291667   2.696 0.000  0.950 0.000
338.291667 339.291667   3.947 0.000  1.027 0.000
341.291667 342.291667   1.295 0.000  0.532 0.000
345.291667 346.291667   1.252 0.000  0.396 0.000
348.291667 349.291667   1.782 0.000  0.701 0.000
352.291667 353.291667   1.214 0.000  0.634 0.000
355.291667 356.291667   2.542 0.000  0.838 0.000
359.291667 360.291667   1.374 0.000 99.999 0.999
362.291667 363.291667 999.999 0.999  3.503 0.000
