scripts/IMPROVE-2019_partial/data/US9046R.20110103080000.20191216000000.filterpack...1y.3d.US03L_filterpack_US9046.US03L_IMPROVE_Davis.lev2.nas
52 1001
MISSING INFORMATION
US03L, IMPROVE, , , , , , , 
MISSING INFORMATION
IMPROVE sel_HTAP
1 1
2011 01 01 2019 12 16
3.000000
days from file reference point
5
1 1 1 1 1
999.999999 999.999 9.999 999.999 9.999
end_time of measurement, days from the file reference point
pm10_mass, ug/m3, Matrix=pm10
numflag pm10_mass, no unit, Matrix=pm10
pm25_mass, ug/m3, Matrix=pm25
numflag pm25_mass, no unit, Matrix=pm25
0
33
Data definition:              EBAS_1.1
Set type code:                TU
Timezone:                     UTC
File name:                    US9046R.20110103080000.20191216000000.filterpack...1y.3d.US03L_filterpack_US9046.US03L_IMPROVE_Davis.lev2.nas
File creation:                20191218120835
Startdate:                    20110103080000
Revision date:                20191216000000
Version:                      2
Version description:          "Data extracted from http://views.cira.colostate.edu/fed/DataWizard 2019-12-16"
Statistics:                   arithmetic mean
Data level:                   2
Period code:                  1y
Resolution code:              3d
Sample duration:              1d
Orig. time res.:              3d
Station code:                 US9046R
Platform code:                US9046S
Station name:                 San Rafael
Station latitude:             34.7339
Station longitude:            -120.0074
Station altitude:             956.0 m
Regime:                       IMG
Component:                    
Unit:                         ug/m3
Matrix:                       
Laboratory code:              US03L
Instrument type:              filterpack
Instrument name:              filterpack_US9046
Method ref:                   US03L_IMPROVE_Davis
Blank correction:             Blank corrected
Volume std. temperature:      ambient
Volume std. pressure:         ambient
starttime endtime PM10 flag_PM10 PM2.5 flag_PM2.5
  2.333333   3.333333   1.097 0.000   0.568 0.000
  5.333333   6.333333   1.251 0.000   1.109 0.000
  8.333333   9.333333   2.565 0.000   1.819 0.000
 11.333333  12.333333   2.810 0.000   1.137 0.000
 14.333333  15.333333   1.603 0.000   0.800 0.000
 17.333333  18.333333   5.410 0.000   1.951 0.000
 20.333333  21.333333   5.822 0.000   1.554 0.000
 23.333333  24.333333   5.562 0.000   1.867 0.000
 26.333333  27.333333   4.709 0.000   1.333 0.000
 29.333333  30.333333   1.353 0.000   0.763 0.000
 32.333333  33.333333  21.314 0.000   3.862 0.000
 35.333333  36.333333   3.473 0.000   1.379 0.000
 38.333333  39.333333  11.475 0.000   2.920 0.000
 41.333333  42.333333   4.805 0.000   1.467 0.000
 44.333333  45.333333   3.139 0.000   1.554 0.000
 47.333333  48.333333   3.844 0.000 999.999 0.456
 50.333333  51.333333   0.673 0.000   8.589 0.000
 53.333333  54.333333  10.952 0.000   4.504 0.000
 56.333333  57.333333   1.650 0.000   0.731 0.000
 59.333333  60.333333   4.501 0.000   1.909 0.000
 62.333333  63.333333   4.672 0.000   1.883 0.000
 65.333333  66.333333   4.389 0.000   1.797 0.000
 68.333333  69.333333  10.540 0.000   3.856 0.000
 71.333333  72.333333   2.413 0.000   3.310 0.000
 74.333333  75.333333   9.935 0.000   3.159 0.000
 77.333333  78.333333   2.761 0.000   1.201 0.000
 80.333333  81.333333   5.739 0.000   2.013 0.000
 83.333333  84.333333   7.518 0.000   3.194 0.000
 86.333333  87.333333   5.501 0.000   2.908 0.000
 89.333333  90.333333  15.840 0.000   2.141 0.000
 92.333333  93.333333   7.689 0.000   3.047 0.000
 95.333333  96.333333  23.060 0.000   7.104 0.000
 98.333333  99.333333   9.066 0.000   3.899 0.000
101.333333 102.333333  17.053 0.000   6.547 0.000
104.333333 105.333333  17.750 0.000   7.853 0.000
107.333333 108.333333   6.407 0.000   2.423 0.000
110.333333 111.333333   8.088 0.000   1.661 0.000
113.333333 114.333333   2.583 0.000   1.037 0.000
116.333333 117.333333  13.962 0.000   4.642 0.000
119.333333 120.333333  16.627 0.000   3.104 0.000
122.333333 123.333333  21.216 0.000 999.999 0.456
125.333333 126.333333  23.564 0.000   8.901 0.000
128.333333 129.333333  10.521 0.000   3.370 0.000
131.333333 132.333333  26.639 0.000   7.148 0.000
134.333333 135.333333   5.277 0.000   1.905 0.000
137.333333 138.333333   5.239 0.000   1.904 0.000
140.333333 141.333333  17.479 0.000   7.385 0.000
143.333333 144.333333  19.888 0.000   8.018 0.000
146.333333 147.333333  19.989 0.000   4.759 0.000
149.333333 150.333333  13.440 0.000   4.922 0.000
152.333333 153.333333  15.508 0.000   3.981 0.000
155.333333 156.333333   3.220 0.000   1.641 0.000
158.333333 159.333333 999.999 0.999 999.999 0.999
161.333333 162.333333 999.999 0.999 999.999 0.999
164.333333 165.333333 999.999 0.999 999.999 0.999
167.333333 168.333333  14.082 0.000   5.494 0.000
170.333333 171.333333  18.785 0.000   5.984 0.000
173.333333 174.333333  16.417 0.000   5.296 0.000
176.333333 177.333333  16.996 0.000   6.762 0.000
179.333333 180.333333 999.999 0.999 999.999 0.999
182.333333 183.333333  21.376 0.000   9.052 0.000
185.333333 186.333333  19.293 0.000   7.215 0.000
188.333333 189.333333 999.999 0.999 999.999 0.999
191.333333 192.333333 999.999 0.999 999.999 0.999
194.333333 195.333333  12.154 0.000   3.151 0.000
197.333333 198.333333  13.730 0.000   4.537 0.000
200.333333 201.333333  19.488 0.000   5.980 0.000
203.333333 204.333333  10.999 0.000   4.065 0.000
206.333333 207.333333  23.452 0.000   6.928 0.000
209.333333 210.333333  18.436 0.000   5.463 0.000
212.333333 213.333333   9.445 0.000   3.222 0.000
215.333333 216.333333  19.986 0.000   4.502 0.000
218.333333 219.333333  15.206 0.000   5.512 0.000
221.333333 222.333333  18.082 0.000   5.274 0.000
224.333333 225.333333  16.019 0.000   5.577 0.000
227.333333 228.333333  16.003 0.000   3.909 0.000
230.333333 231.333333  16.469 0.000   3.998 0.000
233.333333 234.333333  18.469 0.000   5.335 0.000
236.333333 237.333333  44.514 0.000  11.756 0.000
239.333333 240.333333  24.644 0.000  10.023 0.000
242.333333 243.333333  19.564 0.000   7.178 0.000
245.333333 246.333333  11.805 0.000   3.528 0.000
248.333333 249.333333  16.445 0.000   4.707 0.000
251.333333 252.333333 999.999 0.999 999.999 0.999
254.333333 255.333333 999.999 0.999 999.999 0.999
257.333333 258.333333  21.820 0.000   7.326 0.000
260.333333 261.333333  11.738 0.000   4.716 0.000
263.333333 264.333333 999.999 0.999 999.999 0.999
266.333333 267.333333 999.999 0.999 999.999 0.999
269.333333 270.333333 999.999 0.999 999.999 0.999
272.333333 273.333333 999.999 0.456 999.999 0.456
275.333333 276.333333 999.999 0.456 999.999 0.456
278.333333 279.333333   4.419 0.000   1.599 0.000
281.333333 282.333333   6.529 0.000   2.769 0.000
284.333333 285.333333   7.628 0.000   2.636 0.000
287.333333 288.333333   8.163 0.000   3.724 0.000
290.333333 291.333333   7.925 0.000   3.838 0.000
293.333333 294.333333  14.814 0.000   6.610 0.000
296.333333 297.333333  10.408 0.000   5.107 0.000
299.333333 300.333333  14.715 0.000   5.589 0.000
302.333333 303.333333   9.149 0.000   3.895 0.000
305.333333 306.333333  20.726 0.000   5.091 0.000
308.333333 309.333333   5.575 0.000   2.635 0.000
311.333333 312.333333   5.844 0.000   3.200 0.000
314.333333 315.333333   7.235 0.000   3.010 0.000
317.333333 318.333333   7.317 0.000   4.917 0.000
320.333333 321.333333   5.074 0.000   2.848 0.000
323.333333 324.333333   1.502 0.000   0.636 0.000
326.333333 327.333333   4.593 0.000   1.774 0.000
329.333333 330.333333   3.045 0.000   1.692 0.000
332.333333 333.333333   2.627 0.000   1.272 0.000
335.333333 336.333333  42.567 0.000   6.914 0.000
338.333333 339.333333  10.319 0.000   2.872 0.000
341.333333 342.333333 999.999 0.999 999.999 0.999
344.333333 345.333333 999.999 0.999 999.999 0.999
347.333333 348.333333   5.398 0.000   3.039 0.000
350.333333 351.333333   4.152 0.000   1.673 0.000
353.333333 354.333333   5.334 0.000   2.460 0.000
356.333333 357.333333   4.679 0.000   1.624 0.000
359.333333 360.333333   2.760 0.000   1.134 0.000
362.333333 363.333333   3.490 0.000   0.953 0.000
