scripts/IMPROVE-2019_partial/data/US9073R.20090101060000.20191216000000.filterpack...52w.3d.US03L_filterpack_US9073.US03L_IMPROVE_Davis.lev2.nas
51 1001
MISSING INFORMATION
US03L, IMPROVE, , , , , , , 
MISSING INFORMATION
IMPROVE sel_HTAP
1 1
2009 01 01 2019 12 16
3.00
days from file reference point
4
1 1 1 1
999.99 999.999 999.999 9.999
end_time of measurement, days from the file reference point
pm10_mass, ug/m3, Matrix=pm10
pm25_mass, ug/m3, Matrix=pm25
numflag, no unit
0
33
Data definition:              EBAS_1.1
Set type code:                TU
Timezone:                     UTC
File name:                    US9073R.20090101060000.20191216000000.filterpack...52w.3d.US03L_filterpack_US9073.US03L_IMPROVE_Davis.lev2.nas
File creation:                20191218121032
Startdate:                    20090101060000
Revision date:                20191216000000
Version:                      2
Version description:          "Data extracted from http://views.cira.colostate.edu/fed/DataWizard 2019-12-16"
Statistics:                   arithmetic mean
Data level:                   2
Period code:                  52w
Resolution code:              3d
Sample duration:              1d
Orig. time res.:              3d
Station code:                 US9073R
Platform code:                US9073S
Station name:                 Wichita Mountains
Station latitude:             34.7323
Station longitude:            -98.713
Station altitude:             509.0 m
Regime:                       IMG
Component:                    
Unit:                         ug/m3
Matrix:                       
Laboratory code:              US03L
Instrument type:              filterpack
Instrument name:              filterpack_US9073
Method ref:                   US03L_IMPROVE_Davis
Blank correction:             Blank corrected
Volume std. temperature:      ambient
Volume std. pressure:         ambient
starttime endtime PM10 PM2.5 flag
  0.25   1.25  11.700   2.914 0.000
  3.25   4.25   9.857   4.835 0.000
  6.25   7.25   9.161   1.754 0.000
  9.25  10.25   8.768   4.097 0.000
 12.25  13.25  12.599   2.817 0.000
 15.25  16.25  19.287   6.343 0.000
 18.25  19.25  18.216   2.260 0.000
 21.25  22.25  14.629   2.580 0.000
 24.25  25.25  20.486   9.327 0.000
 27.25  28.25 999.999 999.999 0.999
 30.25  31.25   5.901   2.098 0.000
 33.25  34.25  11.468   2.712 0.000
 36.25  37.25  13.823   4.266 0.000
 39.25  40.25   4.026   1.387 0.000
 42.25  43.25   9.586   2.785 0.000
 45.25  46.25  15.107  11.354 0.000
 48.25  49.25  10.023   2.077 0.000
 51.25  52.25  20.561   2.427 0.000
 54.25  55.25  19.744   6.240 0.000
 57.25  58.25  43.763  19.006 0.000
 60.25  61.25  17.210   6.237 0.000
 63.25  64.25  26.210   7.228 0.000
 66.25  67.25  14.103   5.671 0.000
 69.25  70.25   7.899   4.199 0.000
 72.25  73.25  14.137  11.307 0.000
 75.25  76.25  11.709   6.817 0.000
 78.25  79.25  14.976   9.274 0.000
 81.25  82.25  15.861   7.062 0.000
 84.25  85.25   9.254   5.919 0.000
 87.25  88.25   6.271   3.116 0.000
 90.25  91.25  19.660   5.564 0.000
 93.25  94.25  42.244   8.769 0.000
 96.25  97.25  10.242   3.073 0.000
 99.25 100.25  14.953   4.712 0.000
102.25 103.25   3.562   2.348 0.000
105.25 106.25  15.771  10.366 0.000
108.25 109.25   4.195   2.079 0.000
111.25 112.25  13.503   5.156 0.000
114.25 115.25  21.582  12.296 0.000
117.25 118.25   6.080   3.172 0.000
120.25 121.25  16.163   9.222 0.000
123.25 124.25   9.360   6.792 0.000
126.25 127.25  16.770  15.874 0.000
129.25 130.25   5.965   3.556 0.000
132.25 133.25  17.081   8.410 0.000
135.25 136.25   7.922   3.125 0.000
138.25 139.25  12.098   6.852 0.000
141.25 142.25  14.053   8.477 0.000
144.25 145.25   9.086   6.035 0.000
147.25 148.25   7.319   3.135 0.000
150.25 151.25  13.560   7.376 0.000
153.25 154.25   8.723   3.838 0.000
156.25 157.25  19.793   7.160 0.000
159.25 160.25  16.756   8.096 0.000
162.25 163.25  17.989   9.979 0.000
165.25 166.25  13.919   7.682 0.000
168.25 169.25  13.321   5.755 0.000
171.25 172.25  12.530   6.082 0.000
174.25 175.25  18.133  10.213 0.000
177.25 178.25  22.133  14.736 0.000
180.25 181.25  10.937   7.080 0.000
183.25 184.25  18.011  10.626 0.000
186.25 187.25   7.508   4.669 0.000
189.25 190.25  22.895  11.992 0.000
192.25 193.25  14.351   6.524 0.000
195.25 196.25  19.273   7.175 0.000
198.25 199.25  11.444   6.735 0.000
201.25 202.25  13.786   7.592 0.000
204.25 205.25  21.251  11.407 0.000
207.25 208.25  14.331   8.924 0.000
210.25 211.25   6.707   3.301 0.000
213.25 214.25   8.798   5.347 0.000
216.25 217.25  20.227   8.380 0.000
219.25 220.25  15.438   6.126 0.000
222.25 223.25   9.464   3.829 0.000
225.25 226.25  18.096  10.788 0.000
228.25 229.25  15.929   6.582 0.000
231.25 232.25  10.701   4.983 0.000
234.25 235.25  14.423   7.430 0.000
237.25 238.25  19.459   9.260 0.000
240.25 241.25  13.237   6.057 0.000
243.25 244.25  18.615   9.738 0.000
246.25 247.25  16.584  11.101 0.000
249.25 250.25  18.492  13.484 0.000
252.25 253.25  15.316  10.662 0.000
255.25 256.25  10.063   8.210 0.000
258.25 259.25  20.511  14.741 0.000
261.25 262.25  16.130   9.729 0.000
264.25 265.25   6.532   2.079 0.000
267.25 268.25   5.974   2.699 0.000
270.25 271.25  21.267   4.093 0.000
273.25 274.25  23.172   5.024 0.000
276.25 277.25   4.003   1.902 0.000
279.25 280.25   5.487   1.980 0.000
282.25 283.25   6.467   4.608 0.000
285.25 286.25   3.257   1.789 0.000
288.25 289.25   5.017   3.595 0.000
291.25 292.25  11.173   6.422 0.000
294.25 295.25   2.036   0.509 0.000
297.25 298.25   6.692   3.741 0.000
300.25 301.25   7.505   3.981 0.000
303.25 304.25   2.562   1.340 0.000
306.25 307.25  10.525   3.565 0.000
309.25 310.25  11.382   5.560 0.000
312.25 313.25  12.828   7.992 0.000
315.25 316.25  12.343   7.444 0.000
318.25 319.25   7.321   4.576 0.000
321.25 322.25 999.999 999.999 0.999
324.25 325.25 999.999   6.762 0.000
327.25 328.25 999.999   0.914 0.000
330.25 331.25 999.999   2.827 0.000
333.25 334.25 999.999   1.402 0.000
336.25 337.25 999.999   1.482 0.000
339.25 340.25 999.999   5.795 0.000
342.25 343.25 999.999 999.999 0.999
345.25 346.25 999.999   9.749 0.000
348.25 349.25 999.999   5.333 0.000
351.25 352.25 999.999   1.585 0.000
354.25 355.25 999.999   3.502 0.000
357.25 358.25   8.989   4.521 0.000
360.25 361.25   8.927   2.053 0.000
363.25 364.25 999.999 999.999 0.999
