scripts/IMPROVE-2019_partial/data/US9026R.20030103080000.20191216000000.filterpack..pm25.1y.1w.US03L_filterpack_US9026.US03L_IMPROVE_Davis.lev2.nas
66 1001
MISSING INFORMATION
US03L, IMPROVE, , , , , , , 
MISSING INFORMATION
IMPROVE sel_HTAP
1 1
2003 01 01 2019 12 16
3.000000
days from file reference point
27
1 1 1 1 1 1 1 1 1 1 1 1 1 1 1 1 1 1 1 1 1 1 1 1 1 1 1
999.999999 9999.99 9.999999 9.99 9.999999 9.999 9.999999999 9.99 9.999999999 9.999 9.999 999.999 9.999 999.999 9.999 99.99 9.999999999 999.999 9.999 999.999 9.999 999.999 9.999 9.999 9.999999 9.999 9.999
end_time of measurement, days from the file reference point
iron, ng/m3, Revision date=20181210133000
numflag iron, no unit, Revision date=20181210133000
lead, ng/m3, Revision date=20181210133000
numflag lead, no unit, Revision date=20181210133000
magnesium, ug/m3, Revision date=20181210133000
numflag magnesium, no unit, Revision date=20181210133000
nickel, ng/m3, Revision date=20181210133000
numflag nickel, no unit, Revision date=20181210133000
nitrate, ug N/m3, Revision date=20181210133000
numflag nitrate, no unit, Revision date=20181210133000
organic_carbon, ug C/m3, Revision date=20181210133000
numflag organic_carbon, no unit, Revision date=20181210133000
organic_mass, ug/m3, Revision date=20181210133000
numflag organic_mass, no unit, Revision date=20181210133000
phosphorus, ng/m3, Revision date=20181210133000
numflag phosphorus, no unit, Revision date=20181210133000
pm10_mass, ug/m3, Version=2, Version description=Data extracted from http://views.cira.colostate.edu/fed/DataWizard 2019-12-16, Sample duration=1d, Orig. time res.=3d, Matrix=pm10, Blank correction=Blank corrected, Volume std. temperature=ambient, Volume std. pressure=ambient
numflag pm10_mass, no unit, Version=2, Version description=Data extracted from http://views.cira.colostate.edu/fed/DataWizard 2019-12-16, Sample duration=1d, Orig. time res.=3d, Matrix=pm10, Blank correction=Blank corrected, Volume std. temperature=ambient, Volume std. pressure=ambient
pm10_pm25_mass, ug/m3, Revision date=20181210133000, Matrix=pm10_pm25
numflag pm10_pm25_mass, no unit, Revision date=20181210133000, Matrix=pm10_pm25
pm25_mass, ug/m3, Version=2, Version description=Data extracted from http://views.cira.colostate.edu/fed/DataWizard 2019-12-16, Sample duration=1d, Orig. time res.=3d, Blank correction=Blank corrected, Volume std. temperature=ambient, Volume std. pressure=ambient
numflag pm25_mass, no unit, Version=2, Version description=Data extracted from http://views.cira.colostate.edu/fed/DataWizard 2019-12-16, Sample duration=1d, Orig. time res.=3d, Blank correction=Blank corrected, Volume std. temperature=ambient, Volume std. pressure=ambient
potassium, ug/m3, Revision date=20181210133000
numflag potassium, no unit, Revision date=20181210133000
sulphate_total, ug S/m3, Revision date=20181210133000
numflag sulphate_total, no unit, Revision date=20181210133000
0
25
Data definition:              EBAS_1.1
Set type code:                TU
Timezone:                     UTC
File name:                    US9026R.20030103080000.20191216000000.filterpack..pm25.1y.1w.US03L_filterpack_US9026.US03L_IMPROVE_Davis.lev2.nas
File creation:                20191218120655
Startdate:                    20030103080000
Revision date:                20191216000000
Statistics:                   arithmetic mean
Data level:                   2
Period code:                  1y
Resolution code:              1w
Station code:                 US9026R
Platform code:                US9026S
Station name:                 Pasayten
Station latitude:             48.3877
Station longitude:            -119.9275
Station altitude:             1627.0 m
Regime:                       IMG
Component:                    
Matrix:                       pm25
Laboratory code:              US03L
Instrument type:              filterpack
Instrument name:              filterpack_US9026
Method ref:                   US03L_IMPROVE_Davis
starttime endtime Fe flag_Fe Pb flag_Pb Mg++ flag_Mg++ Ni flag_Ni NO3- flag_NO3- OC flag_OC OM flag_OM P flag_P PM10 flag_PM10 PM10-PM2.5 flag_PM10-PM2.5 PM2.5 flag_PM2.5 K+ flag_K+ SO4-- flag_SO4--
  2.333333   3.333333    1.33 0.000000 0.08 0.000000 0.021 0.000000000 9.99 0.259000000 0.017 0.000   0.114 0.000   0.159 0.000 99.99 0.259000000   3.202 0.000   1.624 0.000   1.578 0.000 0.015 0.000000 0.044 0.000
  5.333333   6.333333    1.48 0.000000 0.10 0.000000 0.015 0.000000000 9.99 0.259000000 0.022 0.000   0.180 0.000   0.252 0.000 99.99 0.259000000   1.289 0.000   0.482 0.000   0.807 0.000 0.005 0.000000 0.027 0.000
  8.333333   9.333333    2.38 0.559000 0.19 0.559000 9.999 0.559259000 9.99 0.559259000 0.013 0.000   0.488 0.000   0.683 0.000 99.99 0.559259000   1.622 0.000   0.448 0.000   1.174 0.559 0.008 0.559000 0.060 0.000
 11.333333  12.333333    0.47 0.000000 0.14 0.000000 9.999 0.259000000 9.99 0.259000000 0.007 0.000   0.171 0.000   0.239 0.000 99.99 0.259000000   0.499 0.000   0.207 0.000   0.292 0.000 0.004 0.000000 0.018 0.000
 14.333333  15.333333    0.39 0.000000 9.99 0.259000 9.999 0.259000000 9.99 0.259000000 0.021 0.000   0.212 0.000   0.297 0.000 99.99 0.259000000   0.749 0.000   0.070 0.000   0.679 0.000 0.003 0.000000 0.047 0.000
 17.333333  18.333333    2.57 0.000000 0.11 0.000000 9.999 0.259000000 9.99 0.259000000 0.001 0.000   0.162 0.000   0.227 0.000 99.99 0.259000000   0.372 0.000   0.089 0.000   0.283 0.000 0.002 0.000000 0.025 0.000
 20.333333  21.333333    6.52 0.000000 0.12 0.000000 0.013 0.000000000 9.99 0.259000000 0.004 0.000   0.296 0.000   0.415 0.000 99.99 0.259000000   0.588 0.000   0.263 0.000   0.325 0.000 0.005 0.000000 0.025 0.000
 23.333333  24.333333    2.19 0.000000 0.05 0.000000 0.013 0.000000000 9.99 0.259000000 0.009 0.000   0.086 0.000   0.120 0.000 99.99 0.259000000   0.624 0.000   0.305 0.000   0.319 0.000 0.002 0.000000 0.014 0.000
 26.333333  27.333333    0.99 0.000000 0.10 0.000000 9.999 0.259000000 9.99 0.259000000 0.012 0.000   0.040 0.000   0.056 0.000  1.12 0.000000000   0.661 0.000   0.247 0.000   0.414 0.000 0.003 0.000000 0.030 0.000
 29.333333  30.333333    0.24 0.000000 0.07 0.000000 9.999 0.259000000 9.99 0.259000000 0.003 0.000 999.999 0.259 999.999 0.259 99.99 0.259000000   0.291 0.000   0.132 0.000   0.159 0.000 0.001 0.000000 0.010 0.000
 32.333333  33.333333    0.91 0.559000 0.16 0.559000 0.020 0.559000000 9.99 0.559259000 0.005 0.000 999.999 0.259 999.999 0.259 99.99 0.559259000   0.541 0.000   0.149 0.000   0.391 0.559 0.002 0.559000 0.066 0.000
 35.333333  36.333333    3.53 0.000000 0.10 0.000000 0.010 0.000000000 9.99 0.259000000 0.013 0.000   0.308 0.000   0.431 0.000 99.99 0.259000000   0.589 0.000 999.999 0.259   0.764 0.000 0.012 0.000000 0.039 0.000
 38.333333  39.333333    4.01 0.000000 0.25 0.000000 9.999 0.259000000 9.99 0.259000000 0.017 0.000   0.707 0.000   0.990 0.000 99.99 0.259000000   1.305 0.000   0.201 0.000   1.103 0.000 0.021 0.000000 0.046 0.000
 41.333333  42.333333    2.58 0.000000 0.17 0.000000 9.999 0.259000000 9.99 0.259000000 0.004 0.000   0.196 0.000   0.274 0.000 99.99 0.259000000   0.126 0.000 999.999 0.259   0.256 0.000 0.005 0.000000 0.060 0.000
 44.333333  45.333333    9.81 0.000000 0.32 0.000000 9.999 0.259000000 9.99 0.259000000 0.029 0.000   0.623 0.000   0.872 0.000 99.99 0.259000000   2.008 0.000   0.344 0.000   1.664 0.000 0.010 0.000000 0.086 0.000
 47.333333  48.333333    0.44 0.000000 9.99 0.259000 9.999 0.259000000 0.04 0.000000000 0.002 0.000   0.105 0.000   0.146 0.000 99.99 0.259000000   0.457 0.000   0.457 0.000 999.999 0.259 9.999 0.259000 0.014 0.000
 50.333333  51.333333    2.01 0.000000 0.14 0.000000 9.999 0.259000000 9.99 0.259000000 0.014 0.000   0.071 0.000   0.099 0.000 99.99 0.259000000   0.627 0.000 999.999 0.259   0.698 0.000 0.003 0.000000 0.028 0.000
 53.333333  54.333333    4.33 0.000000 0.38 0.000000 9.999 0.259000000 9.99 0.259000000 0.006 0.000   0.292 0.000   0.409 0.000 99.99 0.259000000   1.347 0.000   0.561 0.000   0.786 0.000 0.013 0.000000 0.124 0.000
 56.333333  57.333333   23.26 0.559000 0.76 0.559000 9.999 0.559259000 9.99 0.559259000 0.211 0.559   0.750 0.000   1.050 0.000 99.99 0.559259000   4.840 0.000   1.892 0.000   2.948 0.559 0.026 0.559000 0.202 0.559
 59.333333  60.333333    5.47 0.000000 0.19 0.000000 9.999 0.259000000 9.99 0.259000000 0.026 0.000   0.554 0.000   0.775 0.000 99.99 0.259000000   1.263 0.000   0.335 0.000   0.928 0.000 0.016 0.000000 0.071 0.000
 62.333333  63.333333    8.41 0.000000 0.23 0.000000 9.999 0.259000000 9.99 0.259000000 0.008 0.000   0.255 0.000   0.356 0.000 99.99 0.259000000   1.057 0.000   0.407 0.000   0.650 0.000 0.010 0.000000 0.096 0.000
 65.333333  66.333333    3.78 0.000000 0.18 0.000000 9.999 0.259000000 9.99 0.259000000 0.015 0.000   0.184 0.000   0.258 0.000 99.99 0.259000000   1.305 0.000   0.529 0.000   0.775 0.000 0.010 0.000000 0.144 0.000
 68.333333  69.333333    4.29 0.000000 0.20 0.000000 9.999 0.259000000 9.99 0.259000000 0.002 0.000   0.158 0.000   0.222 0.000 99.99 0.259000000   0.707 0.000   0.548 0.000   0.159 0.000 0.006 0.000000 0.044 0.000
 71.333333  72.333333   10.83 0.559000 0.21 0.559000 9.999 0.559259000 9.99 0.559259000 0.011 0.559   0.275 0.000   0.385 0.000 99.99 0.559259000   1.871 0.000   1.380 0.000   0.491 0.559 0.010 0.559000 0.042 0.559
 74.333333  75.333333    4.07 0.559000 0.14 0.559000 9.999 0.559259000 9.99 0.559259000 0.020 0.000   0.320 0.000   0.447 0.000 99.99 0.559259000   1.339 0.000   0.782 0.000   0.557 0.559 0.008 0.559000 0.034 0.000
 77.333333  78.333333   10.78 0.000000 0.35 0.000000 0.025 0.000000000 9.99 0.259000000 0.088 0.000   0.331 0.000   0.463 0.000 99.99 0.259000000   2.625 0.000   1.430 0.000   1.195 0.000 0.014 0.000000 0.067 0.000
 80.333333  81.333333    6.40 0.559000 0.26 0.559000 9.999 0.559259000 9.99 0.559259000 0.020 0.000   0.034 0.000   0.047 0.000 99.99 0.559259000   0.974 0.000   0.515 0.000   0.459 0.559 0.005 0.559000 0.049 0.000
 83.333333  84.333333   10.76 0.559000 0.32 0.559000 0.009 0.559000000 9.99 0.559259000 0.110 0.000   0.479 0.000   0.671 0.000 99.99 0.559259000   3.382 0.000   1.483 0.000   1.898 0.559 0.014 0.559000 0.229 0.000
 86.333333  87.333333    5.03 0.000000 0.18 0.000000 9.999 0.259000000 9.99 0.259000000 0.035 0.000   0.313 0.000   0.438 0.000 99.99 0.259000000   2.217 0.000   1.149 0.000   1.068 0.000 0.010 0.000000 0.074 0.000
 89.333333  90.333333    8.55 0.559000 0.15 0.559000 0.034 0.559000000 9.99 0.559259000 0.014 0.000   0.025 0.000   0.034 0.000 99.99 0.559259000   0.915 0.000   0.491 0.000   0.424 0.559 0.006 0.559000 0.037 0.000
 92.333333  93.333333    4.13 0.000000 0.25 0.000000 9.999 0.259000000 9.99 0.259000000 0.031 0.000   0.126 0.000   0.177 0.000 99.99 0.259000000   1.129 0.000   0.492 0.000   0.637 0.000 0.005 0.000000 0.047 0.000
 95.333333  96.333333    3.63 0.000000 0.16 0.000000 9.999 0.259000000 0.09 0.000000000 0.031 0.000   0.151 0.000   0.211 0.000 99.99 0.259000000   0.926 0.000   0.222 0.000   0.704 0.000 0.006 0.000000 0.054 0.000
 98.333333  99.333333   12.29 0.000000 0.47 0.000000 0.009 0.000000000 9.99 0.259000000 0.018 0.000   0.320 0.000   0.447 0.000 99.99 0.259000000   2.079 0.000   0.793 0.000   1.286 0.000 0.010 0.000000 0.132 0.000
101.333333 102.333333   17.33 0.559000 0.59 0.559000 9.999 0.559259000 9.99 0.559259000 0.102 0.559   0.468 0.000   0.655 0.000 99.99 0.559259000   2.710 0.000   0.656 0.000   2.054 0.559 0.015 0.559000 0.172 0.559
104.333333 105.333333 9999.99 0.999000 9.99 0.999000 9.999 0.999000000 9.99 0.999000000 9.999 0.999 999.999 0.999 999.999 0.999 99.99 0.999000000 999.999 0.999 999.999 0.999 999.999 0.999 9.999 0.999000 9.999 0.999
107.333333 108.333333 9999.99 0.999000 9.99 0.999000 9.999 0.999000000 9.99 0.999000000 9.999 0.999 999.999 0.999 999.999 0.999 99.99 0.999000000 999.999 0.999 999.999 0.999 999.999 0.999 9.999 0.999000 9.999 0.999
110.333333 111.333333   42.57 0.559000 0.64 0.559000 9.999 0.559259000 9.99 0.559259000 0.028 0.000   0.820 0.000   1.148 0.000 99.99 0.559259000   5.655 0.000   2.591 0.000   3.065 0.559 0.036 0.559000 0.192 0.000
113.333333 114.333333   20.30 0.559000 0.45 0.559000 9.999 0.559259000 0.05 0.559000000 0.034 0.000   0.210 0.000   0.294 0.000 99.99 0.559259000   2.147 0.000   0.705 0.000   1.441 0.559 0.016 0.559000 0.086 0.000
116.333333 117.333333   12.03 0.559000 0.64 0.559000 9.999 0.559259000 9.99 0.559259000 0.046 0.000   0.470 0.000   0.659 0.000 99.99 0.559259000   2.635 0.000   0.661 0.000   1.975 0.559 0.028 0.559000 0.226 0.000
119.333333 120.333333   19.72 0.559000 0.32 0.559000 9.999 0.559259000 9.99 0.559259000 0.016 0.000   0.678 0.000   0.949 0.000 99.99 0.559259000   3.877 0.000   1.277 0.000   2.600 0.559 0.015 0.559000 0.256 0.000
122.333333 123.333333   26.70 0.559000 0.55 0.559000 9.999 0.559259000 9.99 0.559259000 0.037 0.000   0.947 0.000   1.326 0.000 99.99 0.559259000   4.588 0.000   1.234 0.000   3.354 0.559 0.026 0.559000 0.221 0.000
125.333333 126.333333   18.27 0.559000 0.48 0.559000 9.999 0.559259000 0.05 0.559000000 0.045 0.000   0.850 0.000   1.190 0.000 99.99 0.559259000   4.168 0.000   0.694 0.000   3.474 0.559 0.020 0.559000 0.275 0.000
128.333333 129.333333    7.86 0.559000 0.24 0.559000 9.999 0.559259000 0.05 0.559000000 0.008 0.000   0.448 0.000   0.628 0.000 99.99 0.559259000   2.736 0.000   0.714 0.000   2.021 0.559 0.008 0.559000 0.216 0.000
131.333333 132.333333 9999.99 0.999000 9.99 0.999000 9.999 0.999000000 9.99 0.999000000 9.999 0.999 999.999 0.999 999.999 0.999 99.99 0.999000000 999.999 0.999 999.999 0.999 999.999 0.999 9.999 0.999000 9.999 0.999
134.333333 135.333333 9999.99 0.999000 9.99 0.999000 9.999 0.999000000 9.99 0.999000000 9.999 0.999 999.999 0.999 999.999 0.999 99.99 0.999000000 999.999 0.999 999.999 0.999 999.999 0.999 9.999 0.999000 9.999 0.999
137.333333 138.333333    4.12 0.000000 0.16 0.000000 0.010 0.000000000 9.99 0.259000000 0.006 0.000   0.605 0.000   0.848 0.000 99.99 0.259000000   2.385 0.000   0.584 0.000   1.800 0.000 0.006 0.000000 0.145 0.000
140.333333 141.333333   10.15 0.000000 0.22 0.000000 9.999 0.259000000 9.99 0.259000000 0.012 0.000   1.103 0.000   1.544 0.000 99.99 0.259000000   4.506 0.000   2.212 0.000   2.293 0.000 0.009 0.000000 0.073 0.000
143.333333 144.333333   60.26 0.559000 0.87 0.559000 9.999 0.559259000 0.06 0.559000000 0.031 0.000   1.655 0.000   2.317 0.000 99.99 0.559259000  11.120 0.000   5.995 0.000   5.124 0.559 0.036 0.559000 0.232 0.000
146.333333 147.333333   19.25 0.559000 0.61 0.559000 9.999 0.559259000 9.99 0.559259000 0.017 0.000   0.905 0.000   1.266 0.000 99.99 0.559259000   5.221 0.000   2.110 0.000   3.112 0.559 0.020 0.559000 0.136 0.000
149.333333 150.333333   32.37 0.699000 0.59 0.699000 9.999 0.699259000 0.07 0.699000000 0.020 0.000   3.954 0.000   5.536 0.000 99.99 0.699259000  10.143 0.000   1.097 0.000   9.046 0.699 0.039 0.699000 0.216 0.000
152.333333 153.333333   17.37 0.699000 0.66 0.699000 9.999 0.699259000 0.06 0.699000000 0.031 0.000   3.632 0.000   5.085 0.000 99.99 0.699259000   9.903 0.000   0.762 0.000   9.141 0.699 0.040 0.699000 0.452 0.000
155.333333 156.333333 9999.99 0.699000 9.99 0.699000 9.999 0.699000000 9.99 0.699000000 0.032 0.559   8.709 0.000  12.192 0.000 99.99 0.699000000  15.861 0.000 999.999 0.999 999.999 0.699 9.999 0.699000 0.215 0.559
158.333333 159.333333   32.82 0.559000 0.78 0.559000 0.022 0.559000000 0.12 0.559000000 0.024 0.000   2.890 0.000   4.046 0.000 99.99 0.559259000   8.358 0.000   2.108 0.000   6.250 0.559 0.029 0.559000 0.218 0.000
161.333333 162.333333   10.12 0.559000 9.99 0.559259 9.999 0.559259000 9.99 0.559259000 0.014 0.000   1.243 0.000   1.740 0.000 99.99 0.559259000   3.896 0.000   0.872 0.000   3.024 0.559 0.012 0.559000 0.118 0.000
164.333333 165.333333    6.44 0.559000 0.36 0.559000 9.999 0.559259000 9.99 0.559259000 0.016 0.000   0.765 0.000   1.071 0.000 99.99 0.559259000   3.451 0.000   0.905 0.000   2.546 0.559 0.011 0.559000 0.186 0.000
167.333333 168.333333   28.82 0.559000 0.80 0.559000 9.999 0.559259000 0.06 0.559000000 0.015 0.000   2.071 0.000   2.899 0.000 99.99 0.559259000   7.853 0.000   2.634 0.000   5.219 0.559 0.039 0.559000 0.192 0.000
170.333333 171.333333    7.71 0.000000 0.23 0.000000 9.999 0.259000000 9.99 0.259000000 0.008 0.000   0.246 0.000   0.345 0.000 99.99 0.259000000   2.635 0.000   1.182 0.000   1.454 0.000 0.007 0.000000 0.135 0.000
173.333333 174.333333    6.11 0.559000 0.22 0.559000 9.999 0.559259000 0.14 0.559000000 0.005 0.000   0.332 0.000   0.464 0.000 99.99 0.559259000   2.646 0.000   1.335 0.000   1.310 0.559 0.005 0.559000 0.067 0.000
176.333333 177.333333   23.58 0.000000 9.99 0.259000 9.999 0.259000000 0.10 0.000000000 0.009 0.000   0.719 0.000   1.006 0.000 99.99 0.259000000   4.948 0.000   2.132 0.000   2.816 0.000 0.017 0.000000 0.177 0.000
179.333333 180.333333   65.77 0.559000 0.40 0.559000 9.999 0.559259000 9.99 0.559259000 0.013 0.000   1.557 0.000   2.180 0.000 99.99 0.559259000  12.070 0.000   7.352 0.000   4.718 0.559 0.041 0.559000 0.134 0.000
182.333333 183.333333    9.69 0.000000 0.32 0.000000 9.999 0.259000000 9.99 0.259000000 0.014 0.000   1.086 0.000   1.521 0.000 99.99 0.259000000   4.671 0.000   1.653 0.000   3.018 0.000 0.010 0.000000 0.141 0.000
185.333333 186.333333   11.70 0.000000 0.31 0.000000 9.999 0.259000000 9.99 0.259000000 0.004 0.000   0.645 0.000   0.904 0.000 99.99 0.259000000   5.146 0.000   3.361 0.000   1.785 0.000 0.010 0.000000 0.071 0.000
188.333333 189.333333   13.34 0.559394 0.35 0.559394 9.999 0.559394259 0.16 0.559394000 0.014 0.394   0.674 0.000   0.944 0.000 99.99 0.559394259   5.922 0.000   2.926 0.000   2.996 0.559 0.017 0.559394 0.206 0.394
191.333333 192.333333 9999.99 0.699000 9.99 0.699000 9.999 0.699000000 9.99 0.699000000 0.021 0.000   4.255 0.000   5.958 0.000 99.99 0.699000000  11.379 0.000 999.999 0.999 999.999 0.699 9.999 0.699000 0.178 0.000
194.333333 195.333333   10.92 0.000000 0.23 0.000000 9.999 0.259000000 0.07 0.000000000 0.014 0.000   0.295 0.000   0.414 0.000 99.99 0.259000000   2.900 0.000   1.421 0.000   1.479 0.000 0.008 0.000000 0.096 0.000
197.333333 198.333333 9999.99 0.699000 9.99 0.699000 9.999 0.699000000 9.99 0.699000000 0.105 0.000  13.867 0.000  19.414 0.000 99.99 0.699000000  25.619 0.559 999.999 0.999 999.999 0.699 9.999 0.699000 0.132 0.000
200.333333 201.333333   45.06 0.559000 0.34 0.559000 9.999 0.559259000 0.06 0.559000000 0.011 0.000   1.872 0.000   2.621 0.000 99.99 0.559259000  12.434 0.000   7.443 0.000   4.990 0.559 0.030 0.559000 0.114 0.000
203.333333 204.333333 9999.99 0.699000 9.99 0.699000 9.999 0.699000000 9.99 0.699000000 0.049 0.000   8.761 0.000  12.265 0.000 99.99 0.699000000  22.067 0.000 999.999 0.999 999.999 0.699 9.999 0.699000 0.152 0.000
206.333333 207.333333   61.12 0.699000 0.37 0.699000 9.999 0.699259000 0.10 0.699000000 0.027 0.000   2.821 0.000   3.950 0.000 99.99 0.699259000   9.789 0.000   2.769 0.000   7.020 0.699 0.050 0.699000 0.134 0.000
209.333333 210.333333   30.68 0.559000 0.21 0.559000 9.999 0.559259000 9.99 0.559259000 0.016 0.000   3.017 0.000   4.224 0.000 99.99 0.559259000   9.524 0.000   3.282 0.000   6.242 0.559 0.024 0.559000 0.107 0.000
212.333333 213.333333   43.02 0.699000 0.21 0.699000 9.999 0.699259000 0.08 0.699000000 0.025 0.000   3.606 0.000   5.049 0.000 99.99 0.699259000  13.633 0.000   5.893 0.000   7.740 0.699 0.028 0.699000 0.117 0.000
215.333333 216.333333   29.67 0.559000 0.47 0.559000 9.999 0.559259000 0.20 0.559000000 0.031 0.000   2.632 0.000   3.685 0.000 99.99 0.559259000  10.169 0.000   3.224 0.000   6.944 0.559 0.024 0.559000 0.268 0.000
218.333333 219.333333   31.85 0.559000 0.59 0.559000 9.999 0.559259000 0.06 0.559000000 0.020 0.000   2.853 0.000   3.994 0.000 99.99 0.559259000   8.638 0.000   1.661 0.000   6.978 0.559 0.039 0.559000 0.194 0.000
221.333333 222.333333   29.11 0.559000 0.33 0.559000 9.999 0.559259000 0.10 0.559000000 0.012 0.000   1.887 0.000   2.642 0.000 99.99 0.559259000   6.696 0.000   2.078 0.000   4.619 0.559 0.024 0.559000 0.140 0.000
