scripts/IMPROVE-2019_partial/data/US9032R.20060102090000.20191216000000.filterpack..pm25.52w.1w.US03L_filterpack_US9032.US03L_IMPROVE_Davis.lev2.nas
66 1001
MISSING INFORMATION
US03L, IMPROVE, , , , , , , 
MISSING INFORMATION
IMPROVE sel_HTAP
1 1
2006 01 01 2019 12 16
3.000
days from file reference point
27
1 1 1 1 1 1 1 1 1 1 1 1 1 1 1 1 1 1 1 1 1 1 1 1 1 1 1
999.999 9999.99 9.999 99.99 9.999 9.999 9.999999 9.99 9.999999 9.999 9.999 99.999 9.999999 99.999 9.999999 999.99 9.999999 999.999 9.999 999.999 9.999 99.999 9.999 9.999 9.999 9.999 9.999
end_time of measurement, days from the file reference point
iron, ng/m3, Revision date=20181210133000
numflag iron, no unit, Revision date=20181210133000
lead, ng/m3, Revision date=20181210133000
numflag lead, no unit, Revision date=20181210133000
magnesium, ug/m3, Revision date=20181210133000
numflag magnesium, no unit, Revision date=20181210133000
nickel, ng/m3, Revision date=20181210133000
numflag nickel, no unit, Revision date=20181210133000
nitrate, ug N/m3, Revision date=20181210133000
numflag nitrate, no unit, Revision date=20181210133000
organic_carbon, ug C/m3, Revision date=20181210133000
numflag organic_carbon, no unit, Revision date=20181210133000
organic_mass, ug/m3, Revision date=20181210133000
numflag organic_mass, no unit, Revision date=20181210133000
phosphorus, ng/m3, Revision date=20181210133000
numflag phosphorus, no unit, Revision date=20181210133000
pm10_mass, ug/m3, Version=2, Version description=Data extracted from http://views.cira.colostate.edu/fed/DataWizard 2019-12-16, Sample duration=1d, Orig. time res.=3d, Matrix=pm10, Blank correction=Blank corrected, Volume std. temperature=ambient, Volume std. pressure=ambient
numflag pm10_mass, no unit, Version=2, Version description=Data extracted from http://views.cira.colostate.edu/fed/DataWizard 2019-12-16, Sample duration=1d, Orig. time res.=3d, Matrix=pm10, Blank correction=Blank corrected, Volume std. temperature=ambient, Volume std. pressure=ambient
pm10_pm25_mass, ug/m3, Revision date=20181210133000, Matrix=pm10_pm25
numflag pm10_pm25_mass, no unit, Revision date=20181210133000, Matrix=pm10_pm25
pm25_mass, ug/m3, Version=2, Version description=Data extracted from http://views.cira.colostate.edu/fed/DataWizard 2019-12-16, Sample duration=1d, Orig. time res.=3d, Blank correction=Blank corrected, Volume std. temperature=ambient, Volume std. pressure=ambient
numflag pm25_mass, no unit, Version=2, Version description=Data extracted from http://views.cira.colostate.edu/fed/DataWizard 2019-12-16, Sample duration=1d, Orig. time res.=3d, Blank correction=Blank corrected, Volume std. temperature=ambient, Volume std. pressure=ambient
potassium, ug/m3, Revision date=20181210133000
numflag potassium, no unit, Revision date=20181210133000
sulphate_total, ug S/m3, Revision date=20181210133000
numflag sulphate_total, no unit, Revision date=20181210133000
0
25
Data definition:              EBAS_1.1
Set type code:                TU
Timezone:                     UTC
File name:                    US9032R.20060102090000.20191216000000.filterpack..pm25.52w.1w.US03L_filterpack_US9032.US03L_IMPROVE_Davis.lev2.nas
File creation:                20191218120722
Startdate:                    20060102090000
Revision date:                20191216000000
Statistics:                   arithmetic mean
Data level:                   2
Period code:                  52w
Resolution code:              1w
Station code:                 US9032R
Platform code:                US9032S
Station name:                 Trapper Creek
Station latitude:             62.3153
Station longitude:            -150.3156
Station altitude:             155.0 m
Regime:                       IMG
Component:                    
Matrix:                       pm25
Laboratory code:              US03L
Instrument type:              filterpack
Instrument name:              filterpack_US9032
Method ref:                   US03L_IMPROVE_Davis
starttime endtime Fe flag_Fe Pb flag_Pb Mg++ flag_Mg++ Ni flag_Ni NO3- flag_NO3- OC flag_OC OM flag_OM P flag_P PM10 flag_PM10 PM10-PM2.5 flag_PM10-PM2.5 PM2.5 flag_PM2.5 K+ flag_K+ SO4-- flag_SO4--
  1.375   2.375    1.73 0.000  0.11 0.000 9.999 0.259000 9.99 0.259000 0.004 0.000  0.034 0.000000  0.048 0.000000 999.99 0.259000   0.209 0.000   0.054 0.000  0.247 0.000 0.001 0.000 0.018 0.000
  4.375   5.375    2.21 0.000  0.10 0.000 9.999 0.259000 9.99 0.259000 0.004 0.000  0.071 0.000000  0.099 0.000000 999.99 0.259000   0.717 0.000   0.258 0.000  0.459 0.000 0.001 0.000 0.029 0.000
  7.375   8.375    2.87 0.000  0.14 0.000 9.999 0.259000 9.99 0.259000 0.001 0.000  0.021 0.000000  0.030 0.000000 999.99 0.259000   0.541 0.000   0.231 0.000  0.310 0.000 0.001 0.000 0.005 0.000
 10.375  11.375    1.96 0.000  0.15 0.000 9.999 0.259000 9.99 0.259000 0.001 0.000  0.018 0.000000  0.026 0.000000 999.99 0.259000   0.586 0.000   0.195 0.000  0.391 0.000 0.002 0.000 0.010 0.000
 13.375  14.375    4.54 0.000  0.18 0.000 0.004 0.000000 9.99 0.259000 0.003 0.000  0.048 0.000000  0.068 0.000000 999.99 0.259000   0.975 0.000   0.244 0.000  0.731 0.000 0.002 0.000 0.076 0.000
 16.375  17.375   10.32 0.000  0.48 0.000 9.999 0.259000 9.99 0.259000 0.002 0.000  0.276 0.000000  0.387 0.000000 999.99 0.259000   2.152 0.000   0.975 0.000  1.176 0.000 0.004 0.000 0.111 0.000
 19.375  20.375    3.09 0.000  0.36 0.000 0.004 0.000000 9.99 0.259000 0.006 0.000 99.999 0.259000 99.999 0.259000 999.99 0.259000   1.735 0.000   0.663 0.000  1.072 0.000 0.004 0.000 0.212 0.000
 22.375  23.375    4.78 0.000  0.37 0.000 9.999 0.259000 9.99 0.259000 0.010 0.000  0.340 0.000000  0.477 0.000000 999.99 0.259000   1.787 0.000   0.692 0.000  1.095 0.000 0.005 0.000 0.130 0.000
 25.375  26.375    2.86 0.000  0.24 0.000 0.009 0.000000 9.99 0.259000 0.024 0.000  0.044 0.000000  0.061 0.000000 999.99 0.259000   1.325 0.000   0.608 0.000  0.717 0.000 0.005 0.000 0.068 0.000
 28.375  29.375    7.83 0.000  0.28 0.000 9.999 0.259000 9.99 0.259000 0.012 0.000  0.068 0.000000  0.095 0.000000 999.99 0.259000   1.741 0.000   0.761 0.000  0.979 0.000 0.005 0.000 0.143 0.000
 31.375  32.375   92.50 0.000  0.41 0.000 9.999 0.259000 9.99 0.259000 0.018 0.000  0.709 0.000000  0.992 0.000000 999.99 0.259000   9.491 0.000   4.280 0.000  5.210 0.000 0.033 0.000 0.276 0.000
 34.375  35.375   61.67 0.000  0.88 0.000 9.999 0.259000 9.99 0.259000 0.005 0.000 99.999 0.259000 99.999 0.259000 999.99 0.259000   8.526 0.000   4.723 0.000  3.804 0.000 0.026 0.000 0.338 0.000
 37.375  38.375    1.78 0.000  0.11 0.000 9.999 0.259000 9.99 0.259000 0.026 0.000  0.140 0.000000  0.195 0.000000 999.99 0.259000   1.834 0.000   0.349 0.000  1.484 0.000 0.007 0.000 0.160 0.000
 40.375  41.375    1.65 0.000  0.17 0.000 9.999 0.259000 9.99 0.259000 0.002 0.000  0.151 0.000000  0.211 0.000000 999.99 0.259000   0.500 0.000   0.204 0.000  0.295 0.000 0.002 0.000 0.040 0.000
 43.375  44.375    4.04 0.000  0.64 0.000 0.017 0.000000 9.99 0.259000 0.027 0.000  0.019 0.000000  0.027 0.000000 999.99 0.259000   4.045 0.000   2.155 0.000  1.890 0.000 0.012 0.000 0.249 0.000
 46.375  47.375    6.99 0.000  0.34 0.000 9.999 0.259000 9.99 0.259000 0.016 0.000  0.407 0.000000  0.570 0.000000 999.99 0.259000   2.086 0.000   0.542 0.000  1.544 0.000 0.008 0.000 0.198 0.000
 49.375  50.375    4.53 0.000  0.34 0.000 0.014 0.000000 9.99 0.259000 0.023 0.000  0.033 0.000000  0.046 0.000000 999.99 0.259000   3.441 0.000   1.367 0.000  2.074 0.000 0.018 0.000 0.169 0.000
 52.375  53.375    9.60 0.000  0.31 0.000 9.999 0.259000 9.99 0.259000 0.027 0.000  0.209 0.000000  0.293 0.000000 999.99 0.259000   3.527 0.000   2.049 0.000  1.478 0.000 0.009 0.000 0.153 0.000
 55.375  56.375   18.17 0.000  1.55 0.000 9.999 0.259000 9.99 0.259000 0.039 0.000  0.394 0.000000  0.552 0.000000 999.99 0.259000   4.458 0.000   1.451 0.000  3.007 0.000 0.028 0.000 0.405 0.000
 58.375  59.375   19.88 0.000  1.77 0.000 9.999 0.259000 0.08 0.000000 0.041 0.000  0.206 0.000000  0.289 0.000000 999.99 0.259000   4.531 0.000   1.435 0.000  3.096 0.000 0.038 0.000 0.414 0.000
 61.375  62.375   52.89 0.000  5.64 0.000 9.999 0.259000 0.07 0.000000 0.045 0.000  0.385 0.000000  0.539 0.000000 999.99 0.259000   7.601 0.000   1.914 0.000  5.686 0.000 0.086 0.000 0.851 0.000
 64.375  65.375   24.44 0.000  2.80 0.000 9.999 0.259000 9.99 0.259000 0.013 0.000  0.197 0.000000  0.275 0.000000 999.99 0.259000   4.001 0.000   0.637 0.000  3.365 0.000 0.041 0.000 0.507 0.000
 67.375  68.375   35.85 0.000  3.48 0.000 9.999 0.259000 9.99 0.259000 0.021 0.000  0.216 0.000000  0.303 0.000000 999.99 0.259000   5.498 0.000   1.641 0.000  3.857 0.000 0.054 0.000 0.734 0.000
 70.375  71.375   26.12 0.000  2.21 0.000 0.004 0.000000 9.99 0.259000 0.012 0.000  0.136 0.000000  0.190 0.000000 999.99 0.259000   3.801 0.000   0.916 0.000  2.885 0.000 0.034 0.000 0.455 0.000
 73.375  74.375   19.88 0.000  1.74 0.000 9.999 0.259000 9.99 0.259000 0.010 0.000  0.041 0.000000  0.057 0.000000 999.99 0.259000   3.162 0.000   0.809 0.000  2.353 0.000 0.026 0.000 0.354 0.000
 76.375  77.375   18.91 0.000  1.20 0.000 9.999 0.259000 9.99 0.259000 0.014 0.000  0.130 0.000000  0.182 0.000000 999.99 0.259000   4.333 0.000   2.372 0.000  1.961 0.000 0.018 0.000 0.276 0.000
 79.375  80.375    8.55 0.394  0.18 0.394 9.999 0.394259 9.99 0.394259 0.006 0.394 99.999 0.394259 99.999 0.394259 999.99 0.394259   1.198 0.000   0.539 0.394  0.658 0.000 0.005 0.394 0.066 0.394
 82.375  83.375   11.52 0.000  0.33 0.000 9.999 0.259000 9.99 0.259000 0.008 0.000  0.039 0.000000  0.054 0.000000 999.99 0.259000   2.465 0.000   1.197 0.000  1.268 0.000 0.007 0.000 0.179 0.000
 85.375  86.375   14.31 0.000  0.47 0.000 9.999 0.259000 9.99 0.259000 0.026 0.000  0.087 0.000000  0.121 0.000000 999.99 0.259000   2.603 0.000   0.950 0.000  1.653 0.000 0.013 0.000 0.235 0.000
 88.375  89.375   37.27 0.000  1.13 0.000 9.999 0.259000 0.06 0.000000 0.016 0.000  0.176 0.000000  0.246 0.000000 999.99 0.259000   3.874 0.000   1.264 0.000  2.610 0.000 0.026 0.000 0.357 0.000
 91.375  92.375   20.76 0.000  0.56 0.000 0.013 0.000000 0.07 0.000000 0.039 0.000  0.216 0.000000  0.303 0.000000 999.99 0.259000   4.459 0.000   2.377 0.000  2.082 0.000 0.023 0.000 0.256 0.000
 94.375  95.375    4.23 0.000 99.99 0.259 9.999 0.259000 0.06 0.000000 0.001 0.000 99.999 0.259000 99.999 0.259000 999.99 0.259000   1.116 0.000   0.613 0.000  0.503 0.000 0.003 0.000 0.054 0.000
 97.375  98.375    9.75 0.000  0.42 0.000 0.003 0.000000 9.99 0.259000 0.004 0.000  0.136 0.000000  0.190 0.000000 999.99 0.259000   2.311 0.000   1.229 0.000  1.081 0.000 0.006 0.000 0.108 0.000
100.375 101.375   24.56 0.000  0.64 0.000 0.009 0.000000 9.99 0.259000 0.014 0.000  0.036 0.000000  0.050 0.000000 999.99 0.259000   2.979 0.000   1.117 0.000  1.862 0.000 0.021 0.000 0.240 0.000
103.375 104.375   20.95 0.000  0.31 0.000 0.010 0.000000 9.99 0.259000 0.009 0.000  0.038 0.000000  0.053 0.000000 999.99 0.259000   2.776 0.000   0.967 0.000  1.810 0.000 0.015 0.000 0.227 0.000
106.375 107.375   12.52 0.000  0.14 0.000 0.007 0.000000 0.07 0.000000 0.006 0.000  0.039 0.000000  0.054 0.000000 999.99 0.259000   2.437 0.000   1.385 0.000  1.052 0.000 0.008 0.000 0.108 0.000
109.375 110.375   12.52 0.000  0.26 0.000 0.010 0.000000 9.99 0.259000 0.035 0.000  0.126 0.000000  0.177 0.000000 999.99 0.259000   3.395 0.000   1.432 0.000  1.963 0.000 0.009 0.000 0.285 0.000
112.375 113.375   30.11 0.000  0.51 0.000 0.012 0.000000 9.99 0.259000 0.025 0.559  0.141 0.000000  0.197 0.000000 999.99 0.259000   2.727 0.000   1.126 0.000  1.601 0.000 0.023 0.000 0.144 0.559
115.375 116.375   22.61 0.000  0.29 0.000 0.016 0.000000 0.08 0.000000 0.038 0.559  0.038 0.000000  0.053 0.000000 999.99 0.259000   3.563 0.000   1.127 0.000  2.436 0.000 0.016 0.000 0.368 0.559
118.375 119.375   13.83 0.000  0.21 0.000 9.999 0.259000 0.08 0.000000 0.021 0.000  0.153 0.000000  0.214 0.000000 999.99 0.259000   2.468 0.000   1.303 0.000  1.165 0.000 0.010 0.000 0.119 0.000
121.375 122.375   15.55 0.000  0.26 0.000 9.999 0.259000 9.99 0.259000 0.007 0.559  0.197 0.000000  0.276 0.000000 999.99 0.259000   2.458 0.000   1.460 0.000  0.999 0.000 0.011 0.000 0.082 0.559
124.375 125.375    8.34 0.000  0.22 0.000 0.007 0.000000 9.99 0.259000 0.018 0.559  0.134 0.000000  0.188 0.000000 999.99 0.259000   1.750 0.000   1.099 0.000  0.651 0.000 0.006 0.000 0.048 0.559
127.375 128.375   12.17 0.000  0.12 0.000 9.999 0.259000 9.99 0.259000 0.017 0.559  0.217 0.000000  0.304 0.000000 999.99 0.259000   4.348 0.000   1.011 0.000  3.337 0.000 0.012 0.000 0.543 0.559
130.375 131.375   12.39 0.000  0.35 0.000 0.004 0.000000 9.99 0.259000 0.012 0.559  0.439 0.000000  0.614 0.000000 999.99 0.259000   2.878 0.000   1.445 0.000  1.433 0.000 0.010 0.000 0.056 0.559
133.375 134.375   19.16 0.699  0.33 0.699 9.999 0.699259 9.99 0.699259 0.015 0.559  1.633 0.000000  2.287 0.000000 999.99 0.699259   5.662 0.000   2.320 0.699  3.342 0.659 0.015 0.699 0.143 0.559
136.375 137.375   20.17 0.000  0.41 0.000 0.005 0.000000 0.17 0.000000 0.044 0.559  0.430 0.000000  0.601 0.000000 999.99 0.259000   5.611 0.000   2.212 0.000  3.400 0.000 0.015 0.000 0.466 0.559
139.375 140.375   24.10 0.699  1.13 0.699 9.999 0.699259 9.99 0.699259 0.028 0.559  0.664 0.000000  0.930 0.000000 999.99 0.699259   5.716 0.000   2.208 0.699  3.508 0.659 0.025 0.699 0.347 0.559
142.375 143.375   26.54 0.000  0.19 0.000 9.999 0.259000 9.99 0.259000 0.002 0.559  0.315 0.000000  0.441 0.000000 999.99 0.259000   5.274 0.000   4.207 0.000  1.066 0.000 0.013 0.000 0.055 0.559
145.375 146.375  130.05 0.000  2.06 0.000 0.020 0.000000 9.99 0.259000 0.014 0.559  1.089 0.000000  1.525 0.000000 999.99 0.259000  14.430 0.000   8.243 0.000  6.187 0.000 0.087 0.000 0.420 0.559
148.375 149.375   83.00 0.699  0.76 0.699 9.999 0.699259 0.19 0.699000 0.014 0.559  1.002 0.000000  1.403 0.000000 999.99 0.699259  13.940 0.000   9.706 0.699  4.233 0.659 0.037 0.699 0.177 0.559
151.375 152.375    9.82 0.000  0.41 0.000 0.005 0.000000 9.99 0.259000 0.012 0.559  0.545 0.000000  0.764 0.000000 999.99 0.259000   3.530 0.000   1.688 0.000  1.841 0.000 0.010 0.000 0.195 0.559
154.375 155.375   15.91 0.000  0.32 0.000 0.005 0.000000 9.99 0.259000 0.003 0.559  0.225 0.000000  0.314 0.000000 999.99 0.259000   5.133 0.000   3.624 0.000  1.509 0.000 0.012 0.000 0.127 0.559
157.375 158.375   18.74 0.000  0.67 0.000 0.012 0.000000 0.14 0.000000 0.019 0.559  0.547 0.000000  0.765 0.000000 999.99 0.259000   6.004 0.000   2.928 0.000  3.076 0.000 0.016 0.000 0.233 0.559
160.375 161.375   48.75 0.000  0.48 0.000 9.999 0.259000 0.04 0.000000 0.004 0.559  0.637 0.000000  0.892 0.000000 999.99 0.259000   6.973 0.000   4.891 0.000  2.082 0.000 0.025 0.000 0.086 0.559
163.375 164.375   10.30 0.000  0.39 0.000 0.007 0.000000 0.05 0.000000 0.005 0.559  0.435 0.000000  0.609 0.000000 999.99 0.259000   4.285 0.000   2.532 0.000  1.752 0.000 0.011 0.000 0.115 0.559
166.375 167.375    4.41 0.000  0.57 0.000 9.999 0.259000 9.99 0.259000 0.004 0.000  0.557 0.000000  0.780 0.000000 999.99 0.259000   2.572 0.000   1.075 0.000  1.496 0.000 0.008 0.000 0.054 0.000
169.375 170.375    5.01 0.000  0.24 0.000 9.999 0.259000 9.99 0.259000 0.006 0.559  0.255 0.000000  0.357 0.000000 999.99 0.259000   2.944 0.000   1.937 0.000  1.007 0.000 0.007 0.000 0.030 0.559
172.375 173.375    2.65 0.000  0.30 0.000 9.999 0.259000 9.99 0.259000 0.004 0.559  0.283 0.000000  0.396 0.000000   4.40 0.000000   1.415 0.000   0.777 0.000  0.637 0.000 0.004 0.000 0.024 0.559
175.375 176.375    3.62 0.000  0.33 0.000 9.999 0.259000 9.99 0.259000 0.005 0.559  0.634 0.000000  0.888 0.000000   7.20 0.000000   3.356 0.000   1.953 0.000  1.403 0.000 0.009 0.000 0.044 0.559
178.375 179.375    3.38 0.000  0.39 0.000 9.999 0.259000 0.09 0.000000 0.025 0.559  0.621 0.000000  0.869 0.000000 999.99 0.259000   5.005 0.000   2.291 0.000  2.714 0.000 0.010 0.000 0.238 0.559
181.375 182.375    2.60 0.000  0.37 0.000 0.007 0.000000 9.99 0.259000 0.019 0.559  0.384 0.000000  0.692 0.000000 999.99 0.259000   3.965 0.000   2.254 0.000  1.710 0.000 0.008 0.000 0.164 0.559
184.375 185.375    5.81 0.000  0.92 0.000 9.999 0.259000 0.14 0.000000 0.038 0.559  0.713 0.000000  1.284 0.000000 999.99 0.259000   5.744 0.000   2.266 0.000  3.478 0.000 0.018 0.000 0.334 0.559
187.375 188.375    3.27 0.000  0.53 0.000 9.999 0.259000 9.99 0.259000 0.008 0.559  0.412 0.000000  0.742 0.000000 999.99 0.259000   3.485 0.000   1.763 0.000  1.722 0.000 0.005 0.000 0.128 0.559
190.375 191.375    3.54 0.000  0.40 0.000 9.999 0.259000 0.19 0.000000 0.024 0.559  0.668 0.000000  1.203 0.000000 999.99 0.259000   4.781 0.000   1.951 0.000  2.830 0.000 0.007 0.000 0.258 0.559
193.375 194.375    8.57 0.000  0.94 0.000 9.999 0.259000 0.14 0.000000 0.012 0.000  0.810 0.000000  1.458 0.000000 999.99 0.259000   4.707 0.000   2.266 0.000  2.441 0.000 0.012 0.000 0.091 0.000
196.375 197.375    1.79 0.000  0.31 0.000 0.012 0.000000 0.30 0.000000 0.023 0.559  0.268 0.000000  0.483 0.000000 999.99 0.259000   4.306 0.000   2.512 0.000  1.794 0.000 0.008 0.000 0.192 0.559
199.375 200.375    2.82 0.000  0.45 0.000 9.999 0.259000 9.99 0.259000 0.005 0.559  0.377 0.000000  0.678 0.000000  10.08 0.000000   3.138 0.000   1.975 0.000  1.163 0.000 0.012 0.000 0.041 0.559
202.375 203.375    4.11 0.000  0.68 0.000 0.008 0.000000 9.99 0.259000 0.005 0.559  0.242 0.000000  0.436 0.000000 999.99 0.259000   2.572 0.000   1.738 0.000  0.834 0.000 0.006 0.000 0.022 0.559
205.375 206.375    3.10 0.000  0.40 0.000 9.999 0.259000 9.99 0.259000 0.005 0.559  0.102 0.000000  0.183 0.000000 999.99 0.259000   2.561 0.000   1.890 0.000  0.671 0.000 0.007 0.000 0.021 0.559
208.375 209.375    4.62 0.000  1.12 0.000 9.999 0.259000 9.99 0.259000 0.025 0.559  0.573 0.000000  1.031 0.000000 999.99 0.259000   4.526 0.000   2.396 0.000  2.130 0.000 0.011 0.000 0.106 0.559
211.375 212.375    1.03 0.000  0.27 0.000 9.999 0.259000 9.99 0.259000 0.001 0.559  0.063 0.000000  0.114 0.000000   4.91 0.000000   2.288 0.000   1.694 0.000  0.594 0.000 0.007 0.000 0.017 0.559
214.375 215.375    1.77 0.000  0.31 0.000 9.999 0.259000 9.99 0.259000 0.006 0.000  0.193 0.000000  0.347 0.000000 999.99 0.259000   2.991 0.000   2.161 0.000  0.830 0.000 0.007 0.000 0.047 0.000
217.375 218.375    4.68 0.000  0.73 0.000 9.999 0.259000 9.99 0.259000 0.005 0.000  0.344 0.000000  0.619 0.000000 999.99 0.259000   3.878 0.000   2.537 0.000  1.341 0.000 0.016 0.000 0.041 0.000
220.375 221.375    6.53 0.000  0.98 0.000 9.999 0.259000 0.14 0.000000 0.014 0.559  0.791 0.000000  1.424 0.000000 999.99 0.259000   4.956 0.000   1.935 0.000  3.021 0.000 0.011 0.000 0.099 0.559
223.375 224.375    0.57 0.000  0.31 0.000 9.999 0.259000 9.99 0.259000 0.003 0.559  0.057 0.000000  0.102 0.000000 999.99 0.259000   2.617 0.000   1.678 0.000  0.939 0.000 0.006 0.000 0.089 0.559
226.375 227.375    0.84 0.000  0.30 0.000 9.999 0.259000 9.99 0.259000 0.002 0.559 99.999 0.259000 99.999 0.259000 999.99 0.259000   2.049 0.000   1.900 0.000  0.267 0.000 0.004 0.000 0.008 0.559
229.375 230.375    1.75 0.000  0.23 0.000 9.999 0.259000 9.99 0.259000 0.004 0.559  0.011 0.000000  0.019 0.000000 999.99 0.259000   2.423 0.000   1.079 0.000  1.344 0.000 0.005 0.000 0.123 0.559
232.375 233.375    1.12 0.000  0.23 0.000 9.999 0.259000 9.99 0.259000 0.002 0.559  0.370 0.000000  0.666 0.000000 999.99 0.259000   2.341 0.000   1.536 0.000  0.805 0.000 0.005 0.000 0.020 0.559
235.375 236.375    2.23 0.000  0.47 0.000 9.999 0.259000 9.99 0.259000 0.003 0.000  0.069 0.000000  0.124 0.000000 999.99 0.259000   4.014 0.000   2.335 0.000  1.680 0.000 0.007 0.000 0.091 0.000
238.375 239.375    2.04 0.000  0.74 0.000 9.999 0.259000 9.99 0.259000 0.004 0.000  0.153 0.000000  0.276 0.000000 999.99 0.259000   5.422 0.000   3.916 0.000  1.506 0.000 0.007 0.000 0.051 0.000
241.375 242.375    3.16 0.000  0.42 0.000 9.999 0.259000 9.99 0.259000 0.002 0.000  0.282 0.000000  0.508 0.000000 999.99 0.259000   5.117 0.000   3.214 0.000  1.903 0.000 0.006 0.000 0.082 0.000
