scripts/IMPROVE-2019_partial/data/US9064R.20070103070000.20191216000000.filterpack...1y.3d.US03L_filterpack_US9064.US03L_IMPROVE_Davis.lev2.nas
52 1001
MISSING INFORMATION
US03L, IMPROVE, , , , , , , 
MISSING INFORMATION
IMPROVE sel_HTAP
1 1
2007 01 01 2019 12 16
3.000000
days from file reference point
5
1 1 1 1 1
999.999999 9999.999 9.999 9999.999 9.999
end_time of measurement, days from the file reference point
pm10_mass, ug/m3, Matrix=pm10
numflag pm10_mass, no unit, Matrix=pm10
pm25_mass, ug/m3, Matrix=pm25
numflag pm25_mass, no unit, Matrix=pm25
0
33
Data definition:              EBAS_1.1
Set type code:                TU
Timezone:                     UTC
File name:                    US9064R.20070103070000.20191216000000.filterpack...1y.3d.US03L_filterpack_US9064.US03L_IMPROVE_Davis.lev2.nas
File creation:                20191218120950
Startdate:                    20070103070000
Revision date:                20191216000000
Version:                      2
Version description:          "Data extracted from http://views.cira.colostate.edu/fed/DataWizard 2019-12-16"
Statistics:                   arithmetic mean
Data level:                   2
Period code:                  1y
Resolution code:              3d
Sample duration:              1d
Orig. time res.:              3d
Station code:                 US9064R
Platform code:                US9064S
Station name:                 Sula Peak
Station latitude:             45.8598
Station longitude:            -114.0001
Station altitude:             1895.0 m
Regime:                       IMG
Component:                    
Unit:                         ug/m3
Matrix:                       
Laboratory code:              US03L
Instrument type:              filterpack
Instrument name:              filterpack_US9064
Method ref:                   US03L_IMPROVE_Davis
Blank correction:             Blank corrected
Volume std. temperature:      ambient
Volume std. pressure:         ambient
starttime endtime PM10 flag_PM10 PM2.5 flag_PM2.5
  2.291667   3.291667 9999.999 0.999 9999.999 0.999
  5.291667   6.291667    3.582 0.000    0.515 0.000
  8.291667   9.291667    1.109 0.000    0.451 0.000
 11.291667  12.291667    2.456 0.000    1.243 0.000
 14.291667  15.291667    1.337 0.000 9999.999 0.456
 17.291667  18.291667    1.008 0.000    0.425 0.000
 20.291667  21.291667    0.417 0.000    0.305 0.000
 23.291667  24.291667    0.790 0.000    0.392 0.000
 26.291667  27.291667    2.637 0.000    1.738 0.000
 29.291667  30.291667    1.381 0.000    1.018 0.000
 32.291667  33.291667    1.178 0.000    0.673 0.000
 35.291667  36.291667    0.370 0.000    0.303 0.000
 38.291667  39.291667    1.200 0.000    0.854 0.000
 41.291667  42.291667    0.663 0.000    0.553 0.000
 44.291667  45.291667    0.832 0.000    0.457 0.000
 47.291667  48.291667    1.039 0.000    0.756 0.000
 50.291667  51.291667    1.499 0.000    0.524 0.000
 53.291667  54.291667    0.790 0.000    0.401 0.000
 56.291667  57.291667    0.667 0.000    0.494 0.000
 59.291667  60.291667    2.133 0.000    0.433 0.000
 62.291667  63.291667    1.038 0.000    0.606 0.000
 65.291667  66.291667    1.979 0.000    0.641 0.000
 68.291667  69.291667    2.231 0.000    1.546 0.000
 71.291667  72.291667 9999.999 0.456    1.127 0.000
 74.291667  75.291667    1.896 0.000    1.336 0.000
 77.291667  78.291667    2.304 0.000    1.767 0.000
 80.291667  81.291667    1.818 0.000    1.248 0.000
 83.291667  84.291667    2.048 0.000    1.192 0.000
 86.291667  87.291667    1.621 0.000    1.246 0.000
 89.291667  90.291667    2.748 0.000    2.050 0.000
 92.291667  93.291667    2.526 0.000    1.692 0.000
 95.291667  96.291667    4.550 0.000    2.436 0.000
 98.291667  99.291667    2.688 0.000    1.694 0.000
101.291667 102.291667    2.612 0.000    1.164 0.000
104.291667 105.291667    0.870 0.000    0.428 0.000
107.291667 108.291667 9999.999 0.999 9999.999 0.999
110.291667 111.291667 9999.999 0.999 9999.999 0.999
113.291667 114.291667 9999.999 0.999 9999.999 0.999
116.291667 117.291667    3.418 0.000    1.990 0.000
119.291667 120.291667    5.549 0.000    3.369 0.000
122.291667 123.291667    0.579 0.000    0.400 0.000
125.291667 126.291667    3.133 0.000    1.759 0.000
128.291667 129.291667    5.081 0.000    2.822 0.000
131.291667 132.291667 9999.999 0.999 9999.999 0.999
134.291667 135.291667 9999.999 0.999 9999.999 0.999
137.291667 138.291667 9999.999 0.999 9999.999 0.999
140.291667 141.291667 9999.999 0.999 9999.999 0.999
143.291667 144.291667 9999.999 0.999 9999.999 0.999
146.291667 147.291667 9999.999 0.999 9999.999 0.999
149.291667 150.291667 9999.999 0.999 9999.999 0.999
152.291667 153.291667 9999.999 0.999 9999.999 0.999
155.291667 156.291667 9999.999 0.999 9999.999 0.999
158.291667 159.291667    9.149 0.000    1.797 0.000
161.291667 162.291667    5.410 0.000    1.293 0.000
164.291667 165.291667    8.418 0.000    2.821 0.000
167.291667 168.291667    5.928 0.000    1.896 0.000
170.291667 171.291667   16.395 0.000    2.925 0.000
173.291667 174.291667   10.884 0.000    4.994 0.000
176.291667 177.291667    4.780 0.000    1.713 0.000
179.291667 180.291667   13.377 0.000    4.966 0.000
182.291667 183.291667 9999.999 0.999    3.809 0.000
185.291667 186.291667   10.300 0.000    4.549 0.000
188.291667 189.291667    8.579 0.000    5.669 0.000
191.291667 192.291667   11.131 0.000    4.210 0.000
194.291667 195.291667   17.441 0.000    6.189 0.000
197.291667 198.291667   10.780 0.000    6.226 0.000
200.291667 201.291667   27.116 0.000   21.218 0.000
203.291667 204.291667   26.623 0.000   16.856 0.000
206.291667 207.291667   19.064 0.000   14.515 0.000
209.291667 210.291667   24.396 0.000   21.049 0.000
212.291667 213.291667   26.312 0.000   20.854 0.000
215.291667 216.291667   67.350 0.000   59.231 0.000
218.291667 219.291667   41.695 0.000   37.332 0.000
221.291667 222.291667   34.355 0.000   24.920 0.000
224.291667 225.291667  169.233 0.659  122.845 0.659
227.291667 228.291667 9999.999 0.699 9999.999 0.699
230.291667 231.291667 9999.999 0.699 9999.999 0.699
233.291667 234.291667   20.213 0.000    9.962 0.000
236.291667 237.291667   35.756 0.000   27.657 0.000
239.291667 240.291667   24.821 0.000   18.038 0.000
242.291667 243.291667 9999.999 0.699 9999.999 0.699
245.291667 246.291667   63.117 0.659   53.997 0.659
248.291667 249.291667 9999.999 0.999 9999.999 0.999
251.291667 252.291667 9999.999 0.999 9999.999 0.999
254.291667 255.291667   54.560 0.000   45.722 0.000
257.291667 258.291667   39.663 0.000   33.535 0.000
260.291667 261.291667    9.608 0.000    7.634 0.000
263.291667 264.291667    8.200 0.000    3.821 0.000
266.291667 267.291667    2.120 0.000    0.985 0.000
269.291667 270.291667    4.783 0.000    2.273 0.000
272.291667 273.291667    3.183 0.000    1.493 0.000
275.291667 276.291667    2.362 0.000    0.925 0.000
278.291667 279.291667    1.633 0.000    1.229 0.000
281.291667 282.291667    8.998 0.000    1.385 0.000
284.291667 285.291667    7.008 0.000    2.376 0.000
287.291667 288.291667   10.747 0.000    3.171 0.000
290.291667 291.291667    3.636 0.000    1.411 0.000
293.291667 294.291667    1.627 0.000    0.696 0.000
296.291667 297.291667    2.705 0.000    1.433 0.000
299.291667 300.291667    3.005 0.000    2.337 0.000
302.291667 303.291667    6.169 0.000    5.029 0.000
305.291667 306.291667    4.543 0.000    2.909 0.000
308.291667 309.291667    3.791 0.000    2.739 0.000
311.291667 312.291667    5.985 0.000    4.425 0.000
314.291667 315.291667    4.517 0.000    1.312 0.000
317.291667 318.291667    2.751 0.000    1.846 0.000
320.291667 321.291667    0.417 0.000    0.246 0.000
323.291667 324.291667 9999.999 0.999 9999.999 0.999
326.291667 327.291667 9999.999 0.999 9999.999 0.999
329.291667 330.291667 9999.999 0.999 9999.999 0.999
332.291667 333.291667    2.085 0.000    1.212 0.000
335.291667 336.291667    4.119 0.000    0.878 0.000
338.291667 339.291667 9999.999 0.999 9999.999 0.999
341.291667 342.291667    2.048 0.000    1.594 0.000
344.291667 345.291667    1.582 0.000    1.298 0.000
347.291667 348.291667    1.414 0.000    0.524 0.000
350.291667 351.291667    1.228 0.000    0.652 0.000
353.291667 354.291667    1.600 0.000    0.280 0.000
356.291667 357.291667    1.225 0.000    0.525 0.000
359.291667 360.291667 9999.999 0.999 9999.999 0.999
362.291667 363.291667    1.907 0.000    0.187 0.000
