scripts/IMPROVE-2019_partial/data/US9078R.20010101080000.20191216000000.filterpack..pm25.52w.1w.US03L_filterpack_US9078.US03L_IMPROVE_Davis.lev2.nas
66 1001
MISSING INFORMATION
US03L, IMPROVE, , , , , , , 
MISSING INFORMATION
IMPROVE sel_HTAP
1 1
2001 01 01 2019 12 16
3.000000
days from file reference point
27
1 1 1 1 1 1 1 1 1 1 1 1 1 1 1 1 1 1 1 1 1 1 1 1 1 1 1
999.999999 9999.99 9.999 99.99 9.999 9.999 9.999999 9.99 9.999999 9.999 9.999 99.999 9.999 99.999 9.999 999.99 9.999999 999.999 9.999 999.999 9.999 99.999 9.999 9.999 9.999 9.999 9.999
end_time of measurement, days from the file reference point
iron, ng/m3, Revision date=20181210133000
numflag iron, no unit, Revision date=20181210133000
lead, ng/m3, Revision date=20181210133000
numflag lead, no unit, Revision date=20181210133000
magnesium, ug/m3, Revision date=20181210133000
numflag magnesium, no unit, Revision date=20181210133000
nickel, ng/m3, Revision date=20181210133000
numflag nickel, no unit, Revision date=20181210133000
nitrate, ug N/m3, Revision date=20181210133000
numflag nitrate, no unit, Revision date=20181210133000
organic_carbon, ug C/m3, Revision date=20181210133000
numflag organic_carbon, no unit, Revision date=20181210133000
organic_mass, ug/m3, Revision date=20181210133000
numflag organic_mass, no unit, Revision date=20181210133000
phosphorus, ng/m3, Revision date=20181210133000
numflag phosphorus, no unit, Revision date=20181210133000
pm10_mass, ug/m3, Version=2, Version description=Data extracted from http://views.cira.colostate.edu/fed/DataWizard 2019-12-16, Sample duration=1d, Orig. time res.=3d, Matrix=pm10, Blank correction=Blank corrected, Volume std. temperature=ambient, Volume std. pressure=ambient
numflag pm10_mass, no unit, Version=2, Version description=Data extracted from http://views.cira.colostate.edu/fed/DataWizard 2019-12-16, Sample duration=1d, Orig. time res.=3d, Matrix=pm10, Blank correction=Blank corrected, Volume std. temperature=ambient, Volume std. pressure=ambient
pm10_pm25_mass, ug/m3, Revision date=20181210133000, Matrix=pm10_pm25
numflag pm10_pm25_mass, no unit, Revision date=20181210133000, Matrix=pm10_pm25
pm25_mass, ug/m3, Version=2, Version description=Data extracted from http://views.cira.colostate.edu/fed/DataWizard 2019-12-16, Sample duration=1d, Orig. time res.=3d, Blank correction=Blank corrected, Volume std. temperature=ambient, Volume std. pressure=ambient
numflag pm25_mass, no unit, Version=2, Version description=Data extracted from http://views.cira.colostate.edu/fed/DataWizard 2019-12-16, Sample duration=1d, Orig. time res.=3d, Blank correction=Blank corrected, Volume std. temperature=ambient, Volume std. pressure=ambient
potassium, ug/m3, Revision date=20181210133000
numflag potassium, no unit, Revision date=20181210133000
sulphate_total, ug S/m3, Revision date=20181210133000
numflag sulphate_total, no unit, Revision date=20181210133000
0
25
Data definition:              EBAS_1.1
Set type code:                TU
Timezone:                     UTC
File name:                    US9078R.20010101080000.20191216000000.filterpack..pm25.52w.1w.US03L_filterpack_US9078.US03L_IMPROVE_Davis.lev2.nas
File creation:                20191218121054
Startdate:                    20010101080000
Revision date:                20191216000000
Statistics:                   arithmetic mean
Data level:                   2
Period code:                  52w
Resolution code:              1w
Station code:                 US9078R
Platform code:                US9078S
Station name:                 White Pass
Station latitude:             46.6243
Station longitude:            -121.3881
Station altitude:             1827.0 m
Regime:                       IMG
Component:                    
Matrix:                       pm25
Laboratory code:              US03L
Instrument type:              filterpack
Instrument name:              filterpack_US9078
Method ref:                   US03L_IMPROVE_Davis
starttime endtime Fe flag_Fe Pb flag_Pb Mg++ flag_Mg++ Ni flag_Ni NO3- flag_NO3- OC flag_OC OM flag_OM P flag_P PM10 flag_PM10 PM10-PM2.5 flag_PM10-PM2.5 PM2.5 flag_PM2.5 K+ flag_K+ SO4-- flag_SO4--
[from data line 82]
246.333333 247.333333   18.48 0.000  0.37 0.000 9.999 0.259000 9.99 0.259000 0.021 0.559  0.317 0.000  0.444 0.000 999.99 0.259000   2.632 0.000   0.385 0.000  2.247 0.000 0.012 0.000 0.253 0.559
249.333333 250.333333   11.01 0.000  0.16 0.000 0.009 0.000000 9.99 0.259000 0.011 0.000  0.329 0.000  0.461 0.000 999.99 0.259000   3.059 0.000   1.553 0.000  1.506 0.000 0.011 0.000 0.153 0.000
252.333333 253.333333   21.22 0.000  0.38 0.000 9.999 0.259000 0.11 0.000000 0.014 0.000  0.356 0.000  0.499 0.000 999.99 0.259000   4.397 0.000   2.971 0.000  1.426 0.000 0.009 0.000 0.070 0.000
255.333333 256.333333   55.79 0.000  0.40 0.000 9.999 0.259000 9.99 0.259000 0.017 0.000  1.481 0.000  2.073 0.000 999.99 0.259000   9.040 0.000   4.685 0.000  4.356 0.000 0.019 0.000 0.124 0.000
258.333333 259.333333   70.93 0.000  0.68 0.000 9.999 0.259000 0.44 0.000000 0.017 0.559  1.060 0.000  1.484 0.000 999.99 0.259000   5.054 0.000   0.249 0.000  4.805 0.000 0.036 0.000 0.281 0.559
261.333333 262.333333   16.22 0.394  0.25 0.394 9.999 0.394259 0.23 0.394000 0.013 0.394  0.109 0.000  0.152 0.000 999.99 0.394259   2.910 0.000   0.493 0.000  2.417 0.000 0.011 0.394 0.327 0.394
264.333333 265.333333   34.07 0.000  0.39 0.000 9.999 0.259000 0.08 0.000000 0.013 0.000  0.437 0.000  0.611 0.000 999.99 0.259000   5.498 0.000   3.417 0.000  2.080 0.000 0.016 0.000 0.143 0.000
267.333333 268.333333   15.45 0.000  0.33 0.000 9.999 0.259000 9.99 0.259000 0.009 0.000  0.648 0.000  0.907 0.000 999.99 0.259000   3.701 0.000   1.235 0.000  2.466 0.000 9.999 0.259 0.195 0.000
270.333333 271.333333    5.85 0.000  0.53 0.000 9.999 0.259000 9.99 0.259000 0.036 0.000  0.148 0.000  0.207 0.000 999.99 0.259000   2.079 0.000   0.697 0.000  1.383 0.000 0.009 0.000 0.120 0.000
273.333333 274.333333   25.49 0.000  0.59 0.000 9.999 0.259000 9.99 0.259000 0.013 0.000  0.630 0.000  0.883 0.000 999.99 0.259000   3.328 0.000   1.014 0.000  2.315 0.000 0.020 0.000 0.120 0.000
276.333333 277.333333   50.84 0.000  0.45 0.000 9.999 0.259000 9.99 0.259000 0.017 0.000  0.600 0.000  0.839 0.000 999.99 0.259000  12.558 0.000   9.870 0.000  2.688 0.000 0.020 0.000 0.105 0.000
279.333333 280.333333    9.03 0.000  0.58 0.000 0.016 0.000000 9.99 0.259000 0.021 0.000  0.319 0.000  0.447 0.000 999.99 0.259000   2.453 0.000   0.740 0.000  1.713 0.000 0.022 0.000 0.144 0.000
282.333333 283.333333    6.01 0.000  0.41 0.000 9.999 0.259000 9.99 0.259000 0.009 0.000  0.239 0.000  0.335 0.000 999.99 0.259000   1.736 0.000   0.539 0.000  1.197 0.000 0.018 0.000 0.090 0.000
285.333333 286.333333 9999.99 0.999 99.99 0.999 9.999 0.999000 9.99 0.999000 9.999 0.999 99.999 0.999 99.999 0.999 999.99 0.999000 999.999 0.999 999.999 0.999 99.999 0.999 9.999 0.999 9.999 0.999
288.333333 289.333333    9.50 0.000  0.25 0.000 9.999 0.259000 9.99 0.259000 0.010 0.000  0.263 0.000  0.368 0.000 999.99 0.259000   2.689 0.000   1.405 0.000  1.284 0.000 0.013 0.000 0.081 0.000
291.333333 292.333333    1.95 0.000  0.17 0.000 0.006 0.000000 0.08 0.000000 0.004 0.000  0.025 0.000  0.035 0.000 999.99 0.259000   0.753 0.000   0.274 0.000  0.479 0.000 9.999 0.259 0.065 0.000
294.333333 295.333333    1.47 0.000  0.30 0.000 9.999 0.259000 9.99 0.259000 0.002 0.000 99.999 0.259 99.999 0.259 999.99 0.259000   0.627 0.000   0.444 0.000  0.184 0.000 9.999 0.259 0.013 0.000
297.333333 298.333333 9999.99 0.999 99.99 0.999 9.999 0.999000 9.99 0.999000 9.999 0.999 99.999 0.999 99.999 0.999 999.99 0.999000 999.999 0.999 999.999 0.999 99.999 0.999 9.999 0.999 9.999 0.999
300.333333 301.333333    6.33 0.000  0.41 0.000 9.999 0.259000 9.99 0.259000 0.013 0.000  0.238 0.000  0.333 0.000 999.99 0.259000   1.389 0.000   0.556 0.000  0.833 0.000 0.012 0.000 0.037 0.000
303.333333 304.333333    0.89 0.000  0.28 0.000 9.999 0.259000 9.99 0.259000 0.002 0.000 99.999 0.259 99.999 0.259 999.99 0.259000   0.168 0.000   0.109 0.000  0.060 0.000 0.004 0.000 0.002 0.000
306.333333 307.333333   11.91 0.000  0.57 0.000 9.999 0.259000 9.99 0.259000 0.006 0.000  0.211 0.000  0.295 0.000 999.99 0.259000   1.860 0.000   0.465 0.000  1.395 0.000 0.012 0.000 0.136 0.000
309.333333 310.333333    2.00 0.000  0.24 0.000 9.999 0.259000 0.06 0.000000 0.043 0.000  0.833 0.000  1.166 0.000 999.99 0.259000   2.593 0.000   0.593 0.000  2.000 0.000 0.033 0.000 0.066 0.000
312.333333 313.333333    9.20 0.000  0.68 0.000 9.999 0.259000 0.09 0.000000 0.043 0.000  0.496 0.000  0.694 0.000 999.99 0.259000   2.911 0.000   0.922 0.000  1.989 0.000 9.999 0.259 0.158 0.000
315.333333 316.333333    2.83 0.000  0.26 0.000 9.999 0.259000 9.99 0.259000 0.009 0.000  0.436 0.000  0.610 0.000  12.98 0.000000   1.331 0.000   0.360 0.000  0.970 0.000 0.013 0.000 0.031 0.000
318.333333 319.333333    8.27 0.000  0.26 0.000 9.999 0.259000 9.99 0.259000 0.004 0.000  0.117 0.000  0.164 0.000 999.99 0.259000   0.956 0.000   0.460 0.000  0.496 0.000 0.009 0.000 0.025 0.000
321.333333 322.333333    2.72 0.000 99.99 0.259 9.999 0.259000 0.14 0.000000 0.023 0.000  0.380 0.000  0.532 0.000 999.99 0.259000   4.251 0.000   3.553 0.000  0.698 0.000 0.011 0.000 0.038 0.000
324.333333 325.333333    0.37 0.000  0.26 0.000 9.999 0.259000 9.99 0.259000 0.003 0.000 99.999 0.259 99.999 0.259 999.99 0.259000   0.753 0.000   0.450 0.000  0.303 0.000 9.999 0.259 0.008 0.000
327.333333 328.333333    7.42 0.000  0.15 0.000 9.999 0.259000 9.99 0.259000 0.010 0.000 99.999 0.259 99.999 0.259  11.31 0.000000   4.924 0.000   4.476 0.000  0.448 0.000 0.004 0.000 0.015 0.000
330.333333 331.333333    4.08 0.000  0.19 0.000 9.999 0.259000 0.12 0.000000 0.017 0.000  0.307 0.000  0.430 0.000 999.99 0.259000   1.596 0.000   0.480 0.000  1.116 0.000 0.014 0.000 0.020 0.000
333.333333 334.333333    0.82 0.000  0.14 0.000 9.999 0.259000 0.06 0.000000 0.003 0.000 99.999 0.259 99.999 0.259   6.63 0.000000   1.347 0.000   1.195 0.000  0.152 0.000 0.001 0.000 0.004 0.000
336.333333 337.333333    0.82 0.000  0.31 0.000 9.999 0.259000 9.99 0.259000 0.009 0.000  0.214 0.000  0.300 0.000 999.99 0.259000   1.448 0.000   0.754 0.000  0.694 0.000 0.003 0.000 0.041 0.000
339.333333 340.333333    0.73 0.000 99.99 0.259 9.999 0.259000 9.99 0.259000 0.006 0.000  0.028 0.000  0.039 0.000 999.99 0.259000   0.749 0.000   0.324 0.000  0.425 0.000 0.002 0.000 0.022 0.000
342.333333 343.333333    1.95 0.000 99.99 0.259 9.999 0.259000 9.99 0.259000 0.025 0.559  0.126 0.000  0.176 0.000 999.99 0.259000   2.079 0.000   0.922 0.000  1.157 0.000 0.006 0.000 0.133 0.559
345.333333 346.333333    0.28 0.000 99.99 0.259 9.999 0.259000 9.99 0.259000 0.005 0.000  0.001 0.000  0.002 0.000 999.99 0.259000   2.287 0.000   1.341 0.000  0.946 0.000 0.004 0.000 0.000 0.000
348.333333 349.333333    0.29 0.000  0.36 0.000 9.999 0.259000 9.99 0.259000 0.007 0.000  0.166 0.000  0.232 0.000 999.99 0.259000   2.453 0.000   1.226 0.000  1.227 0.000 9.999 0.259 0.012 0.000
351.333333 352.333333    2.33 0.000 99.99 0.259 9.999 0.259000 9.99 0.259000 0.009 0.000  0.404 0.000  0.565 0.000 999.99 0.259000   3.417 0.000   1.341 0.000  2.075 0.000 0.004 0.000 0.020 0.000
354.333333 355.333333    0.77 0.000  0.27 0.000 9.999 0.259000 9.99 0.259000 0.008 0.559  0.123 0.000  0.172 0.000 999.99 0.259000   2.522 0.000   0.840 0.000  1.682 0.000 9.999 0.259 0.011 0.559
357.333333 358.333333    0.09 0.000 99.99 0.259 9.999 0.259000 9.99 0.259000 0.013 0.000  0.037 0.000  0.052 0.000 999.99 0.259000   2.343 0.000   0.724 0.000  1.618 0.000 9.999 0.259 0.006 0.000
360.333333 361.333333 9999.99 0.999 99.99 0.999 9.999 0.999000 9.99 0.999000 9.999 0.999 99.999 0.999 99.999 0.999 999.99 0.999000 999.999 0.999 999.999 0.999 99.999 0.999 9.999 0.999 9.999 0.999
363.333333 364.333333 9999.99 0.259 99.99 0.259 9.999 0.259000 9.99 0.259000 0.007 0.000  0.046 0.000  0.065 0.000 999.99 0.259000   2.828 0.000   0.912 0.000  1.916 0.000 9.999 0.259 0.003 0.000
