scripts/IMPROVE-2019_partial/data/US9036R.19880423070000.20191216000000.filterpack...8mo.3d.US03L_filterpack_US9036.US03L_IMPROVE_Davis.lev2.nas
51 1001
MISSING INFORMATION
US03L, IMPROVE, , , , , , , 
MISSING INFORMATION
IMPROVE sel_HTAP
1 1
1988 01 01 2019 12 16
0
days from file reference point
4
1 1 1 1
999.999999 999.999 999.999 9.999
end_time of measurement, days from the file reference point
pm10_mass, ug/m3, Matrix=pm10
pm25_mass, ug/m3, Matrix=pm25
numflag, no unit
0
33
Data definition:              EBAS_1.1
Set type code:                TI
Timezone:                     UTC
File name:                    US9036R.19880423070000.20191216000000.filterpack...8mo.3d.US03L_filterpack_US9036.US03L_IMPROVE_Davis.lev2.nas
File creation:                20191218120743
Startdate:                    19880423070000
Revision date:                20191216000000
Version:                      2
Version description:          "Data extracted from http://views.cira.colostate.edu/fed/DataWizard 2019-12-16"
Statistics:                   arithmetic mean
Data level:                   2
Period code:                  8mo
Resolution code:              3d
Sample duration:              1d
Orig. time res.:              3d
Station code:                 US9036R
Platform code:                US9036S
Station name:                 Tonto NM
Station latitude:             33.6548
Station longitude:            -111.1068
Station altitude:             775.0 m
Regime:                       IMG
Component:                    
Unit:                         ug/m3
Matrix:                       
Laboratory code:              US03L
Instrument type:              filterpack
Instrument name:              filterpack_US9036
Method ref:                   US03L_IMPROVE_Davis
Blank correction:             Blank corrected
Volume std. temperature:      ambient
Volume std. pressure:         ambient
starttime endtime PM10 PM2.5 flag
113.291667 114.291667   6.314   3.289 0.000
117.291667 118.291667  13.725 999.999 0.000
120.291667 121.291667  18.474   8.215 0.000
124.291667 125.291667  12.054   4.804 0.000
127.291667 128.291667  13.682   4.739 0.000
131.291667 132.291667   9.027   5.132 0.000
134.291667 135.291667  20.039  10.490 0.000
138.291667 139.291667  20.581  10.230 0.000
141.291667 142.291667  11.746   5.593 0.000
145.291667 146.291667 999.999 999.999 0.999
148.291667 149.291667 999.999 999.999 0.999
152.291667 153.291667  12.308   5.538 0.000
155.291667 156.291667  25.808   8.377 0.000
159.291667 160.291667  12.976   5.855 0.000
162.291667 163.291667  13.936   4.868 0.000
166.291667 167.291667  25.430  11.369 0.000
169.291667 170.291667  15.753   6.178 0.000
173.291667 174.291667  17.452   9.472 0.000
176.291667 177.291667  13.346   6.766 0.000
180.291667 181.291667   7.538   4.114 0.000
183.291667 184.291667   9.658   4.905 0.000
187.291667 188.291667  16.240   6.895 0.000
190.291667 191.291667  11.084   5.757 0.000
194.291667 195.291667  14.149 999.999 0.000
197.291667 198.291667 999.999 999.999 0.999
201.291667 202.291667  15.792   5.441 0.000
204.291667 205.291667  15.212   6.361 0.000
208.291667 209.291667  12.491 999.999 0.000
211.291667 212.291667 999.999 999.999 0.999
215.291667 216.291667  14.833   6.183 0.000
218.291667 219.291667  12.007   7.189 0.000
222.291667 223.291667  10.407   4.214 0.000
225.291667 226.291667   8.519   3.344 0.000
229.291667 230.291667   7.472   3.206 0.000
232.291667 233.291667  17.245   6.921 0.000
236.291667 237.291667 999.999 999.999 0.999
239.291667 240.291667   8.984   3.967 0.000
243.291667 244.291667   8.314   6.107 0.000
246.291667 247.291667  10.409   7.205 0.000
250.291667 251.291667  15.632   6.304 0.000
253.291667 254.291667  20.498  10.172 0.000
257.291667 258.291667 999.999 999.999 0.999
260.291667 261.291667 999.999 999.999 0.999
264.291667 265.291667 999.999 999.999 0.999
267.291667 268.291667   8.506   4.092 0.000
271.291667 272.291667  12.835   4.235 0.000
274.291667 275.291667  14.981   5.446 0.000
278.291667 279.291667  23.664   7.730 0.000
281.291667 282.291667  12.290   4.675 0.000
285.291667 286.291667  10.261   6.269 0.000
288.291667 289.291667   5.224   2.384 0.000
292.291667 293.291667  12.974   5.483 0.000
295.291667 296.291667  12.974   6.854 0.000
299.291667 300.291667  18.152   9.459 0.000
302.291667 303.291667  12.536   7.635 0.000
306.291667 307.291667 999.999   5.552 0.000
309.291667 310.291667 999.999 999.999 0.999
313.291667 314.291667 999.999   4.206 0.000
316.291667 317.291667  18.222   7.349 0.000
320.291667 321.291667   5.303   2.893 0.000
323.291667 324.291667   4.773   2.261 0.000
327.291667 328.291667   8.893   4.335 0.000
330.291667 331.291667   4.465   2.803 0.000
334.291667 335.291667   8.528   4.968 0.000
337.291667 338.291667   2.528   2.386 0.000
341.291667 342.291667   7.790   4.221 0.000
344.291667 345.291667   4.345 999.999 0.000
348.291667 349.291667   7.445   5.049 0.000
351.291667 352.291667  10.730   5.087 0.000
355.291667 356.291667   7.077   5.294 0.000
358.291667 359.291667  10.731   4.153 0.000
362.291667 363.291667   4.500   2.673 0.000
365.291667 366.291667   7.269   3.277 0.000
