scripts/IMPROVE-2019_partial/data/US9069R.20100102070000.20191216000000.filterpack...52w.3d.US03L_filterpack_US9069.US03L_IMPROVE_Davis.lev2.nas
52 1001
MISSING INFORMATION
US03L, IMPROVE, , , , , , , 
MISSING INFORMATION
IMPROVE sel_HTAP
1 1
2010 01 01 2019 12 16
3.000000
days from file reference point
5
1 1 1 1 1
999.999999 9999.999 9.999 999.999 9.999
end_time of measurement, days from the file reference point
pm10_mass, ug/m3, Matrix=pm10
numflag pm10_mass, no unit, Matrix=pm10
pm25_mass, ug/m3, Matrix=pm25
numflag pm25_mass, no unit, Matrix=pm25
0
33
Data definition:              EBAS_1.1
Set type code:                TU
Timezone:                     UTC
File name:                    US9069R.20100102070000.20191216000000.filterpack...52w.3d.US03L_filterpack_US9069.US03L_IMPROVE_Davis.lev2.nas
File creation:                20191218121016
Startdate:                    20100102070000
Revision date:                20191216000000
Version:                      2
Version description:          "Data extracted from http://views.cira.colostate.edu/fed/DataWizard 2019-12-16"
Statistics:                   arithmetic mean
Data level:                   2
Period code:                  52w
Resolution code:              3d
Sample duration:              1d
Orig. time res.:              3d
Station code:                 US9069R
Platform code:                US9069S
Station name:                 White Mountain
Station latitude:             33.4687
Station longitude:            -105.5349
Station altitude:             2063.0 m
Regime:                       IMG
Component:                    
Unit:                         ug/m3
Matrix:                       
Laboratory code:              US03L
Instrument type:              filterpack
Instrument name:              filterpack_US9069
Method ref:                   US03L_IMPROVE_Davis
Blank correction:             Blank corrected
Volume std. temperature:      ambient
Volume std. pressure:         ambient
starttime endtime PM10 flag_PM10 PM2.5 flag_PM2.5
  1.291667   2.291667 9999.999 0.259   0.636 0.000
  4.291667   5.291667    2.018 0.000   1.207 0.000
  7.291667   8.291667    4.175 0.000   1.997 0.000
 10.291667  11.291667    2.696 0.000   1.044 0.000
 13.291667  14.291667    4.491 0.000   1.689 0.000
 16.291667  17.291667    3.523 0.000   1.503 0.000
 19.291667  20.291667    5.984 0.000   1.418 0.000
 22.291667  23.291667    1.193 0.000   0.807 0.000
 25.291667  26.291667    1.049 0.000   0.696 0.000
 28.291667  29.291667    1.712 0.000   1.224 0.000
 31.291667  32.291667    2.405 0.000   2.039 0.000
 34.291667  35.291667 9999.999 0.999 999.999 0.999
 37.291667  38.291667    2.694 0.000   1.153 0.000
 40.291667  41.291667 9999.999 0.999 999.999 0.999
 43.291667  44.291667    2.401 0.000   0.890 0.000
 46.291667  47.291667    2.992 0.000   1.391 0.000
 49.291667  50.291667    7.410 0.000   3.016 0.000
 52.291667  53.291667    2.845 0.000   1.905 0.000
 55.291667  56.291667    3.085 0.000   1.304 0.000
 58.291667  59.291667    3.093 0.000   1.319 0.000
 61.291667  62.291667    3.762 0.000   2.122 0.000
 64.291667  65.291667    4.897 0.000   2.572 0.000
 67.291667  68.291667    4.822 0.000   1.378 0.000
 70.291667  71.291667    4.874 0.000   2.640 0.000
 73.291667  74.291667 9999.999 0.999 999.999 0.999
 76.291667  77.291667 9999.999 0.999 999.999 0.999
 79.291667  80.291667 9999.999 0.999 999.999 0.999
 82.291667  83.291667 9999.999 0.999 999.999 0.999
 85.291667  86.291667    4.827 0.000   1.498 0.000
 88.291667  89.291667   17.000 0.000   5.214 0.000
 91.291667  92.291667    7.404 0.000   1.673 0.000
 94.291667  95.291667   19.582 0.000   5.802 0.000
 97.291667  98.291667    7.490 0.000   3.825 0.000
100.291667 101.291667    6.863 0.000   2.711 0.000
103.291667 104.291667 9999.999 0.999 999.999 0.999
106.291667 107.291667    1.173 0.000   1.134 0.000
109.291667 110.291667    6.436 0.000   3.897 0.000
112.291667 113.291667    5.070 0.000   1.509 0.000
115.291667 116.291667    7.506 0.000   3.512 0.000
118.291667 119.291667  322.977 0.000  46.187 0.000
121.291667 122.291667 9999.999 0.999 999.999 0.999
124.291667 125.291667    7.298 0.000   3.446 0.000
127.291667 128.291667   12.951 0.000   3.591 0.000
130.291667 131.291667   33.684 0.000  10.448 0.000
133.291667 134.291667    9.556 0.000   5.096 0.000
136.291667 137.291667    9.543 0.000   5.762 0.000
139.291667 140.291667    6.232 0.000   2.766 0.000
142.291667 143.291667    8.716 0.000   4.169 0.000
145.291667 146.291667   11.182 0.000   6.266 0.000
148.291667 149.291667    7.576 0.000   4.058 0.000
151.291667 152.291667   11.081 0.000   5.005 0.000
154.291667 155.291667    7.555 0.000   3.458 0.000
157.291667 158.291667 9999.999 0.999 999.999 0.999
160.291667 161.291667 9999.999 0.999 999.999 0.999
163.291667 164.291667   10.025 0.000   4.599 0.000
166.291667 167.291667   16.038 0.000   5.843 0.000
169.291667 170.291667    7.535 0.000   3.511 0.000
172.291667 173.291667   12.128 0.000   5.243 0.000
175.291667 176.291667    9.818 0.000   4.489 0.000
178.291667 179.291667    5.716 0.000   2.926 0.000
181.291667 182.291667    5.256 0.000   3.992 0.000
184.291667 185.291667    5.893 0.000   2.772 0.000
187.291667 188.291667    6.277 0.000   3.403 0.000
190.291667 191.291667    3.970 0.000   2.987 0.000
193.291667 194.291667    7.462 0.000   3.720 0.000
196.291667 197.291667    8.464 0.000   4.625 0.000
199.291667 200.291667   12.883 0.000   6.673 0.000
202.291667 203.291667    9.850 0.000   4.424 0.000
205.291667 206.291667    2.532 0.000   1.695 0.000
208.291667 209.291667    9.208 0.000   4.097 0.000
211.291667 212.291667    4.585 0.000   2.977 0.000
214.291667 215.291667    4.714 0.000   2.382 0.000
217.291667 218.291667    6.318 0.000   3.329 0.000
220.291667 221.291667    6.276 0.000   2.933 0.000
223.291667 224.291667    6.373 0.000   3.267 0.000
226.291667 227.291667    9.447 0.000   5.644 0.000
229.291667 230.291667    5.297 0.000   2.980 0.000
232.291667 233.291667    8.377 0.000   3.501 0.000
235.291667 236.291667    4.050 0.000   2.084 0.000
238.291667 239.291667    7.505 0.000   3.706 0.000
241.291667 242.291667    4.357 0.000   2.492 0.000
244.291667 245.291667   13.741 0.000   3.295 0.000
247.291667 248.291667    7.369 0.000   3.033 0.000
250.291667 251.291667 9999.999 0.999 999.999 0.999
253.291667 254.291667    8.509 0.000   3.214 0.000
256.291667 257.291667    4.359 0.000   2.982 0.000
259.291667 260.291667 9999.999 0.999 999.999 0.999
262.291667 263.291667 9999.999 0.999 999.999 0.999
265.291667 266.291667    4.364 0.000   2.419 0.000
268.291667 269.291667    8.727 0.000   4.742 0.000
271.291667 272.291667    5.917 0.000   2.675 0.000
274.291667 275.291667    9.154 0.000   3.696 0.000
277.291667 278.291667 9999.999 0.999 999.999 0.999
280.291667 281.291667    6.591 0.000   4.018 0.000
283.291667 284.291667    4.425 0.000   2.478 0.000
286.291667 287.291667    9.250 0.000   4.337 0.000
289.291667 290.291667    3.763 0.000   2.553 0.000
292.291667 293.291667   16.516 0.000   9.335 0.000
295.291667 296.291667    3.699 0.000   1.918 0.000
298.291667 299.291667    4.234 0.000   1.176 0.000
301.291667 302.291667    7.831 0.000   2.626 0.000
304.291667 305.291667    5.900 0.000   2.310 0.000
307.291667 308.291667 9999.999 0.999 999.999 0.999
310.291667 311.291667 9999.999 0.999 999.999 0.999
313.291667 314.291667 9999.999 0.999 999.999 0.999
316.291667 317.291667    4.352 0.000   2.268 0.000
319.291667 320.291667    3.693 0.000   1.190 0.000
322.291667 323.291667    7.665 0.000   2.926 0.000
325.291667 326.291667   29.247 0.000   4.532 0.000
328.291667 329.291667    4.136 0.000   1.418 0.000
331.291667 332.291667   26.415 0.000   3.981 0.000
334.291667 335.291667    1.155 0.000   1.017 0.000
337.291667 338.291667    6.532 0.000   1.730 0.000
340.291667 341.291667    6.357 0.000   1.617 0.000
343.291667 344.291667    4.215 0.000   2.167 0.000
346.291667 347.291667    1.189 0.000   0.647 0.000
349.291667 350.291667    9.372 0.000   2.591 0.000
352.291667 353.291667    1.277 0.000   0.894 0.000
355.291667 356.291667 9999.999 0.999 999.999 0.999
358.291667 359.291667    2.786 0.000   1.800 0.000
361.291667 362.291667    4.772 0.000   2.302 0.000
364.291667 365.291667 9999.999 0.999 999.999 0.999
