scripts/IMPROVE-2019_partial/data/US9055R.20000101070000.20191216000000.filterpack..pm25.52w.1w.US03L_filterpack_US9055.US03L_IMPROVE_Davis.lev2.nas
66 1001
MISSING INFORMATION
US03L, IMPROVE, , , , , , , 
MISSING INFORMATION
IMPROVE sel_HTAP
1 1
2000 01 01 2019 12 16
0
days from file reference point
27
1 1 1 1 1 1 1 1 1 1 1 1 1 1 1 1 1 1 1 1 1 1 1 1 1 1 1
999.999999 9999.99 9.999 99.99 9.999999 9.999 9.999999 99.99 9.999999 9.999 9.999 99.999 9.999 99.999 9.999 99.99 9.999999 99.999 9.999 99.999 9.999 999.999 9.999 9.999 9.999999 9.999 9.999
end_time of measurement, days from the file reference point
iron, ng/m3, Revision date=20181210133000
numflag iron, no unit, Revision date=20181210133000
lead, ng/m3, Revision date=20181210133000
numflag lead, no unit, Revision date=20181210133000
magnesium, ug/m3, Revision date=20181210133000
numflag magnesium, no unit, Revision date=20181210133000
nickel, ng/m3, Revision date=20181210133000
numflag nickel, no unit, Revision date=20181210133000
nitrate, ug N/m3, Revision date=20181210133000
numflag nitrate, no unit, Revision date=20181210133000
organic_carbon, ug C/m3, Revision date=20181210133000
numflag organic_carbon, no unit, Revision date=20181210133000
organic_mass, ug/m3, Revision date=20181210133000
numflag organic_mass, no unit, Revision date=20181210133000
phosphorus, ng/m3, Revision date=20181210133000
numflag phosphorus, no unit, Revision date=20181210133000
pm10_mass, ug/m3, Version=2, Version description=Data extracted from http://views.cira.colostate.edu/fed/DataWizard 2019-12-16, Sample duration=1d, Orig. time res.=3d, Matrix=pm10, Blank correction=Blank corrected, Volume std. temperature=ambient, Volume std. pressure=ambient
numflag pm10_mass, no unit, Version=2, Version description=Data extracted from http://views.cira.colostate.edu/fed/DataWizard 2019-12-16, Sample duration=1d, Orig. time res.=3d, Matrix=pm10, Blank correction=Blank corrected, Volume std. temperature=ambient, Volume std. pressure=ambient
pm10_pm25_mass, ug/m3, Revision date=20181210133000, Matrix=pm10_pm25
numflag pm10_pm25_mass, no unit, Revision date=20181210133000, Matrix=pm10_pm25
pm25_mass, ug/m3, Version=2, Version description=Data extracted from http://views.cira.colostate.edu/fed/DataWizard 2019-12-16, Sample duration=1d, Orig. time res.=3d, Blank correction=Blank corrected, Volume std. temperature=ambient, Volume std. pressure=ambient
numflag pm25_mass, no unit, Version=2, Version description=Data extracted from http://views.cira.colostate.edu/fed/DataWizard 2019-12-16, Sample duration=1d, Orig. time res.=3d, Blank correction=Blank corrected, Volume std. temperature=ambient, Volume std. pressure=ambient
potassium, ug/m3, Revision date=20181210133000
numflag potassium, no unit, Revision date=20181210133000
sulphate_total, ug S/m3, Revision date=20181210133000
numflag sulphate_total, no unit, Revision date=20181210133000
0
25
Data definition:              EBAS_1.1
Set type code:                TI
Timezone:                     UTC
File name:                    US9055R.20000101070000.20191216000000.filterpack..pm25.52w.1w.US03L_filterpack_US9055.US03L_IMPROVE_Davis.lev2.nas
File creation:                20191218120912
Startdate:                    20000101070000
Revision date:                20191216000000
Statistics:                   arithmetic mean
Data level:                   2
Period code:                  52w
Resolution code:              1w
Station code:                 US9055R
Platform code:                US9055S
Station name:                 Sawtooth NF
Station latitude:             44.1705
Station longitude:            -114.9271
Station altitude:             1990.0 m
Regime:                       IMG
Component:                    
Matrix:                       pm25
Laboratory code:              US03L
Instrument type:              filterpack
Instrument name:              filterpack_US9055
Method ref:                   US03L_IMPROVE_Davis
starttime endtime Fe flag_Fe Pb flag_Pb Mg++ flag_Mg++ Ni flag_Ni NO3- flag_NO3- OC flag_OC OM flag_OM P flag_P PM10 flag_PM10 PM10-PM2.5 flag_PM10-PM2.5 PM2.5 flag_PM2.5 K+ flag_K+ SO4-- flag_SO4--
[from data line 80]
276.291667 277.291667 9999.99 0.999 99.99 0.999000 9.999 0.999000 99.99 0.999000 9.999 0.999 99.999 0.999 99.999 0.999 99.99 0.999000 99.999 0.999 99.999 0.999 999.999 0.999 9.999 0.999000 9.999 0.999
279.291667 280.291667 9999.99 0.999 99.99 0.999000 9.999 0.999000 99.99 0.999000 9.999 0.999 99.999 0.999 99.999 0.999 99.99 0.999000 99.999 0.999 99.999 0.999 999.999 0.999 9.999 0.999000 9.999 0.999
282.291667 283.291667 9999.99 0.999 99.99 0.999000 9.999 0.999000 99.99 0.999000 9.999 0.999 99.999 0.999 99.999 0.999 99.99 0.999000 99.999 0.999 99.999 0.999 999.999 0.999 9.999 0.999000 9.999 0.999
285.291667 286.291667 9999.99 0.999 99.99 0.999000 9.999 0.999000 99.99 0.999000 9.999 0.999 99.999 0.999 99.999 0.999 99.99 0.999000 99.999 0.999 99.999 0.999 999.999 0.999 9.999 0.999000 9.999 0.999
288.291667 289.291667 9999.99 0.999 99.99 0.999000 9.999 0.999000 99.99 0.999000 9.999 0.999 99.999 0.999 99.999 0.999 99.99 0.999000 99.999 0.999 99.999 0.999 999.999 0.999 9.999 0.999000 9.999 0.999
291.291667 292.291667   17.18 0.559  0.66 0.559000 9.999 0.559259  1.28 0.559000 0.015 0.559  1.381 0.000  1.934 0.000 99.99 0.559259  5.342 0.000  1.575 0.000   3.767 0.559 0.019 0.559000 0.203 0.559
294.291667 295.291667    2.87 0.559 99.99 0.559259 0.016 0.559000 99.99 0.559259 0.004 0.559  0.502 0.000  0.702 0.000 99.99 0.559259  1.240 0.000  0.516 0.000   0.724 0.559 0.005 0.559000 0.046 0.559
297.291667 298.291667   14.39 0.559  0.53 0.559000 9.999 0.559259 99.99 0.559259 0.016 0.559  1.026 0.000  1.436 0.000 99.99 0.559259  2.879 0.000 99.999 0.259   3.000 0.559 0.014 0.559000 0.136 0.559
300.291667 301.291667   13.54 0.559  0.23 0.559000 9.999 0.559259 99.99 0.559259 0.042 0.559  0.610 0.000  0.853 0.000 99.99 0.559259  2.604 0.000  0.662 0.000   1.942 0.559 0.012 0.559000 0.141 0.559
303.291667 304.291667    1.80 0.559 99.99 0.559259 9.999 0.559259 99.99 0.559259 0.007 0.000  0.702 0.000  0.983 0.000 99.99 0.559259  1.323 0.000  0.171 0.000   1.152 0.559 0.011 0.559000 0.043 0.000
306.291667 307.291667    5.30 0.559  0.16 0.559000 9.999 0.559259 99.99 0.559259 0.012 0.000  0.588 0.000  0.823 0.000 99.99 0.559259  1.871 0.000  0.152 0.000   1.720 0.559 0.011 0.559000 0.117 0.000
309.291667 310.291667    4.99 0.559  0.21 0.559000 9.999 0.559259 99.99 0.559259 0.016 0.000  0.519 0.000  0.727 0.000 99.99 0.559259  1.996 0.000  0.508 0.000   1.488 0.559 0.010 0.559000 0.110 0.000
312.291667 313.291667   66.59 0.559 99.99 0.559259 9.999 0.559259 99.99 0.559259 0.010 0.559  0.734 0.000  1.028 0.000 99.99 0.559259  1.871 0.000  0.152 0.000   1.720 0.559 0.010 0.559000 0.089 0.559
315.291667 316.291667    3.59 0.559  0.27 0.559000 9.999 0.559259 99.99 0.559259 0.011 0.559  0.702 0.000  0.983 0.000 99.99 0.559259  1.954 0.000  0.036 0.000   1.918 0.559 0.012 0.559000 0.113 0.559
318.291667 319.291667    4.35 0.559  0.43 0.559000 9.999 0.559259 99.99 0.559259 0.029 0.000  0.850 0.000  1.190 0.000 99.99 0.559259  2.403 0.000 99.999 0.259   2.414 0.559 0.023 0.559000 0.166 0.000
321.291667 322.291667    3.96 0.559  0.41 0.559000 9.999 0.559259 99.99 0.559259 0.007 0.559  0.733 0.000  1.027 0.000 99.99 0.559259  2.204 0.000  0.011 0.000   2.193 0.559 0.015 0.559000 0.188 0.559
324.291667 325.291667    4.21 0.559  0.21 0.559000 9.999 0.559259 99.99 0.559259 0.007 0.559  0.522 0.000  0.731 0.000 99.99 0.559259  1.248 0.000 99.999 0.259   1.257 0.559 0.009 0.559000 0.082 0.559
327.291667 328.291667 9999.99 0.999 99.99 0.999000 9.999 0.999000 99.99 0.999000 9.999 0.999 99.999 0.999 99.999 0.999 99.99 0.999000 99.999 0.999 99.999 0.999 999.999 0.999 9.999 0.999000 9.999 0.999
330.291667 331.291667 9999.99 0.999 99.99 0.999000 9.999 0.999000 99.99 0.999000 9.999 0.999 99.999 0.999 99.999 0.999 99.99 0.999000 99.999 0.999 99.999 0.999 999.999 0.999 9.999 0.999000 9.999 0.999
333.291667 334.291667 9999.99 0.456 99.99 0.456000 9.999 0.456000 99.99 0.456000 9.999 0.456 99.999 0.999 99.999 0.999 99.99 0.456000 99.999 0.456 99.999 0.999 999.999 0.456 9.999 0.456000 9.999 0.456
336.291667 337.291667 9999.99 0.456 99.99 0.456000 9.999 0.456000 99.99 0.456000 9.999 0.456 99.999 0.999 99.999 0.999 99.99 0.456000 99.999 0.456 99.999 0.999 999.999 0.456 9.999 0.456000 9.999 0.456
339.291667 340.291667 9999.99 0.456 99.99 0.456000 9.999 0.456000 99.99 0.456000 9.999 0.456 99.999 0.999 99.999 0.999 99.99 0.456000 99.999 0.456 99.999 0.999 999.999 0.456 9.999 0.456000 9.999 0.456
342.291667 343.291667    5.51 0.559  0.33 0.559000 9.999 0.559259 99.99 0.559259 0.008 0.559  0.907 0.000  1.270 0.000 99.99 0.559259  1.663 0.000  0.241 0.000   1.422 0.559 0.005 0.559000 0.088 0.559
345.291667 346.291667    9.72 0.559  0.30 0.559000 0.021 0.559000 99.99 0.559259 0.013 0.000  0.699 0.000  0.979 0.000 99.99 0.559259  1.673 0.000  0.477 0.000   1.196 0.559 0.005 0.559000 0.113 0.000
348.291667 349.291667    1.48 0.559  0.13 0.559000 9.999 0.559259  0.18 0.559000 0.004 0.000  0.302 0.000  0.423 0.000 99.99 0.559259  0.873 0.000  0.609 0.000   0.265 0.559 9.999 0.559259 0.034 0.000
351.291667 352.291667    8.60 0.559  0.27 0.559000 0.015 0.559000 99.99 0.559259 0.008 0.000  0.470 0.000  0.658 0.000 99.99 0.559259  1.248 0.000  0.520 0.000   0.728 0.559 0.003 0.559000 0.074 0.000
354.291667 355.291667    2.38 0.559  0.53 0.559000 0.009 0.559000 99.99 0.559259 0.018 0.559  1.132 0.000  1.585 0.000 99.99 0.559259  2.162 0.000  0.302 0.000   1.861 0.559 0.007 0.559000 0.085 0.559
357.291667 358.291667   30.25 0.559 99.99 0.559259 0.011 0.559000 99.99 0.559259 0.007 0.559  0.705 0.000  0.987 0.000  4.68 0.559000  1.331 0.000  0.373 0.000   0.958 0.559 9.999 0.559259 0.031 0.559
360.291667 361.291667    1.31 0.000  0.11 0.000000 9.999 0.259000 99.99 0.259000 0.009 0.559  0.678 0.000  0.949 0.000  2.75 0.000000  1.387 0.000 99.999 0.259   1.714 0.000 0.006 0.000000 0.048 0.559
363.291667 364.291667    4.95 0.559  0.48 0.559000 9.999 0.559259 99.99 0.559259 0.014 0.559  1.948 0.000  2.728 0.000 99.99 0.559259  2.786 0.000  0.240 0.000   2.546 0.559 0.008 0.559000 0.099 0.559
