scripts/IMPROVE-2019_partial/data/US9015R.20140102060000.20191216000000.filterpack...52w.3d.US03L_filterpack_US9015.US03L_IMPROVE_Davis.lev2.nas
52 1001
MISSING INFORMATION
US03L, IMPROVE, , , , , , , 
MISSING INFORMATION
IMPROVE sel_HTAP
1 1
2014 01 01 2019 12 16
3.00
days from file reference point
5
1 1 1 1 1
999.99 999.999 9.999 99.999 9.999
end_time of measurement, days from the file reference point
pm10_mass, ug/m3, Matrix=pm10
numflag pm10_mass, no unit, Matrix=pm10
pm25_mass, ug/m3, Matrix=pm25
numflag pm25_mass, no unit, Matrix=pm25
0
33
Data definition:              EBAS_1.1
Set type code:                TU
Timezone:                     UTC
File name:                    US9015R.20140102060000.20191216000000.filterpack...52w.3d.US03L_filterpack_US9015.US03L_IMPROVE_Davis.lev2.nas
File creation:                20191218120612
Startdate:                    20140102060000
Revision date:                20191216000000
Version:                      2
Version description:          "Data extracted from http://views.cira.colostate.edu/fed/DataWizard 2019-12-16"
Statistics:                   arithmetic mean
Data level:                   2
Period code:                  52w
Resolution code:              3d
Sample duration:              1d
Orig. time res.:              3d
Station code:                 US9015R
Platform code:                US9015S
Station name:                 Nebraska NF
Station latitude:             41.8888
Station longitude:            -100.3387
Station altitude:             883.0 m
Regime:                       IMG
Component:                    
Unit:                         ug/m3
Matrix:                       
Laboratory code:              US03L
Instrument type:              filterpack
Instrument name:              filterpack_US9015
Method ref:                   US03L_IMPROVE_Davis
Blank correction:             Blank corrected
Volume std. temperature:      ambient
Volume std. pressure:         ambient
starttime endtime PM10 flag_PM10 PM2.5 flag_PM2.5
  1.25   2.25   8.127 0.000  4.390 0.000
  4.25   5.25   6.646 0.000  1.419 0.000
  7.25   8.25   5.173 0.000  2.812 0.000
 10.25  11.25   2.509 0.000  0.783 0.000
 13.25  14.25   2.083 0.000  0.899 0.000
 16.25  17.25 999.999 0.999 99.999 0.999
 19.25  20.25 999.999 0.999 99.999 0.999
 22.25  23.25   3.680 0.000  1.596 0.000
 25.25  26.25   6.915 0.000  1.063 0.000
 28.25  29.25 999.999 0.999 99.999 0.999
 31.25  32.25   6.709 0.000  3.288 0.000
 34.25  35.25   9.862 0.000  4.098 0.000
 37.25  38.25 999.999 0.999 99.999 0.999
 40.25  41.25 999.999 0.999 99.999 0.999
 43.25  44.25   2.268 0.000  1.329 0.000
 46.25  47.25   4.091 0.000  1.235 0.000
 49.25  50.25   4.712 0.000  0.968 0.000
 52.25  53.25   3.361 0.000  1.994 0.000
 55.25  56.25   3.954 0.000  2.740 0.000
 58.25  59.25  10.585 0.000  5.191 0.000
 61.25  62.25   8.318 0.000  4.788 0.000
 64.25  65.25 999.999 0.999 99.999 0.999
 67.25  68.25 999.999 0.999 99.999 0.999
 70.25  71.25 999.999 0.999 99.999 0.999
 73.25  74.25   5.686 0.000  2.822 0.000
 76.25  77.25   8.967 0.000  6.277 0.000
 79.25  80.25   3.087 0.000 99.999 0.456
 82.25  83.25   3.530 0.000  2.154 0.000
 85.25  86.25  13.693 0.000  7.855 0.000
 88.25  89.25  21.400 0.000  5.907 0.000
 91.25  92.25  15.667 0.000  5.723 0.000
 94.25  95.25   6.201 0.000  3.382 0.000
 97.25  98.25   4.565 0.000  2.540 0.000
100.25 101.25  11.714 0.000  4.631 0.000
103.25 104.25   5.737 0.000  2.787 0.000
106.25 107.25 999.999 0.999 99.999 0.999
109.25 110.25 999.999 0.999 99.999 0.999
112.25 113.25 999.999 0.999 99.999 0.999
115.25 116.25  23.134 0.000  7.194 0.000
118.25 119.25   2.236 0.000  1.271 0.000
121.25 122.25   6.418 0.000  3.156 0.000
124.25 125.25  17.706 0.000  5.720 0.000
127.25 128.25 999.999 0.999 99.999 0.999
130.25 131.25 999.999 0.999 99.999 0.999
133.25 134.25 999.999 0.999 99.999 0.999
136.25 137.25   9.234 0.000  4.417 0.000
139.25 140.25   6.348 0.000  2.933 0.000
142.25 143.25   8.437 0.000  4.770 0.000
145.25 146.25   6.382 0.000  3.397 0.000
148.25 149.25  15.517 0.000  5.569 0.000
151.25 152.25   9.730 0.000  3.736 0.000
154.25 155.25   5.406 0.000  3.011 0.000
157.25 158.25 999.999 0.999 99.999 0.999
160.25 161.25 999.999 0.999 99.999 0.999
163.25 164.25  18.831 0.000  4.349 0.000
166.25 167.25  18.289 0.000  8.861 0.000
169.25 170.25 999.999 0.999 99.999 0.999
172.25 173.25 999.999 0.999 99.999 0.999
175.25 176.25 999.999 0.999 99.999 0.999
178.25 179.25 999.999 0.999 99.999 0.999
181.25 182.25 999.999 0.999 99.999 0.999
184.25 185.25  23.599 0.000  9.528 0.000
187.25 188.25   9.577 0.000  4.216 0.000
190.25 191.25  15.156 0.000  5.634 0.000
193.25 194.25  10.475 0.000  6.643 0.000
196.25 197.25 999.999 0.999 99.999 0.999
199.25 200.25 999.999 0.999 99.999 0.999
202.25 203.25  13.825 0.000  6.279 0.000
205.25 206.25  20.637 0.000  9.396 0.000
208.25 209.25  11.474 0.000  5.193 0.000
211.25 212.25 999.999 0.999 99.999 0.999
214.25 215.25 999.999 0.999 99.999 0.999
217.25 218.25  13.230 0.000  8.478 0.000
220.25 221.25   7.712 0.000  3.837 0.000
223.25 224.25  11.118 0.000  5.538 0.000
226.25 227.25  15.836 0.000  7.490 0.000
229.25 230.25   9.165 0.000  4.846 0.000
232.25 233.25   8.431 0.000  4.353 0.000
235.25 236.25   5.703 0.000  3.011 0.000
238.25 239.25   7.774 0.000  5.497 0.000
241.25 242.25  11.689 0.000  3.748 0.000
244.25 245.25   8.141 0.000  3.452 0.000
247.25 248.25   4.463 0.000  1.907 0.000
250.25 251.25   7.572 0.000  3.473 0.000
253.25 254.25   2.946 0.000  1.294 0.000
256.25 257.25   5.894 0.000  2.880 0.000
259.25 260.25  12.756 0.000  6.804 0.000
262.25 263.25  11.535 0.000  5.038 0.000
265.25 266.25   7.123 0.000  3.909 0.000
268.25 269.25  15.281 0.000  7.558 0.000
271.25 272.25  18.822 0.000  8.652 0.000
274.25 275.25   4.301 0.000  2.091 0.000
277.25 278.25   4.682 0.000  1.956 0.000
280.25 281.25  12.339 0.000  2.808 0.000
283.25 284.25  10.468 0.000  3.315 0.000
286.25 287.25   2.856 0.000  1.375 0.000
289.25 290.25   6.740 0.000  4.029 0.000
292.25 293.25   9.046 0.000  3.039 0.000
295.25 296.25 999.999 0.999 99.999 0.999
298.25 299.25 999.999 0.999 99.999 0.999
301.25 302.25   6.547 0.000  2.790 0.000
304.25 305.25  29.704 0.000  4.428 0.000
307.25 308.25   4.277 0.000  2.092 0.000
310.25 311.25   8.810 0.000  2.882 0.000
313.25 314.25  11.008 0.000  2.801 0.000
316.25 317.25   5.566 0.000  1.601 0.000
319.25 320.25   6.631 0.000  2.893 0.000
322.25 323.25   5.200 0.000  3.634 0.000
325.25 326.25  10.686 0.000  3.299 0.000
328.25 329.25   3.056 0.000  1.305 0.000
331.25 332.25   3.946 0.000  1.587 0.000
334.25 335.25   7.834 0.000  2.725 0.000
337.25 338.25  14.711 0.000  4.662 0.000
340.25 341.25   7.455 0.000  2.810 0.000
343.25 344.25  15.422 0.000  7.167 0.659
346.25 347.25   8.410 0.000  6.073 0.659
349.25 350.25   2.226 0.000  2.226 0.659
352.25 353.25   6.109 0.000  4.449 0.659
355.25 356.25   1.731 0.000  1.155 0.659
358.25 359.25   3.550 0.000  1.797 0.659
361.25 362.25   3.886 0.000  1.718 0.659
364.25 365.25   4.087 0.000  2.212 0.659
