scripts/IMPROVE-2019_partial/data/US9026R.20020102080000.20191216000000.filterpack..pm25.52w.1w.US03L_filterpack_US9026.US03L_IMPROVE_Davis.lev2.nas
66 1001
MISSING INFORMATION
US03L, IMPROVE, , , , , , , 
MISSING INFORMATION
IMPROVE sel_HTAP
1 1
2002 01 01 2019 12 16
3.000000
days from file reference point
27
1 1 1 1 1 1 1 1 1 1 1 1 1 1 1 1 1 1 1 1 1 1 1 1 1 1 1
999.999999 9999.99 9.999999 99.99 9.999999 9.999 9.999999 9.99 9.999999 9.999 9.999999 999.999 9.999 999.999 9.999 999.99 9.999999999 999.999 9.999 99.999 9.999 999.999 9.999 9.999 9.999999 9.999 9.999999
end_time of measurement, days from the file reference point
iron, ng/m3, Revision date=20181210133000
numflag iron, no unit, Revision date=20181210133000
lead, ng/m3, Revision date=20181210133000
numflag lead, no unit, Revision date=20181210133000
magnesium, ug/m3, Revision date=20181210133000
numflag magnesium, no unit, Revision date=20181210133000
nickel, ng/m3, Revision date=20181210133000
numflag nickel, no unit, Revision date=20181210133000
nitrate, ug N/m3, Revision date=20181210133000
numflag nitrate, no unit, Revision date=20181210133000
organic_carbon, ug C/m3, Revision date=20181210133000
numflag organic_carbon, no unit, Revision date=20181210133000
organic_mass, ug/m3, Revision date=20181210133000
numflag organic_mass, no unit, Revision date=20181210133000
phosphorus, ng/m3, Revision date=20181210133000
numflag phosphorus, no unit, Revision date=20181210133000
pm10_mass, ug/m3, Version=2, Version description=Data extracted from http://views.cira.colostate.edu/fed/DataWizard 2019-12-16, Sample duration=1d, Orig. time res.=3d, Matrix=pm10, Blank correction=Blank corrected, Volume std. temperature=ambient, Volume std. pressure=ambient
numflag pm10_mass, no unit, Version=2, Version description=Data extracted from http://views.cira.colostate.edu/fed/DataWizard 2019-12-16, Sample duration=1d, Orig. time res.=3d, Matrix=pm10, Blank correction=Blank corrected, Volume std. temperature=ambient, Volume std. pressure=ambient
pm10_pm25_mass, ug/m3, Revision date=20181210133000, Matrix=pm10_pm25
numflag pm10_pm25_mass, no unit, Revision date=20181210133000, Matrix=pm10_pm25
pm25_mass, ug/m3, Version=2, Version description=Data extracted from http://views.cira.colostate.edu/fed/DataWizard 2019-12-16, Sample duration=1d, Orig. time res.=3d, Blank correction=Blank corrected, Volume std. temperature=ambient, Volume std. pressure=ambient
numflag pm25_mass, no unit, Version=2, Version description=Data extracted from http://views.cira.colostate.edu/fed/DataWizard 2019-12-16, Sample duration=1d, Orig. time res.=3d, Blank correction=Blank corrected, Volume std. temperature=ambient, Volume std. pressure=ambient
potassium, ug/m3, Revision date=20181210133000
numflag potassium, no unit, Revision date=20181210133000
sulphate_total, ug S/m3, Revision date=20181210133000
numflag sulphate_total, no unit, Revision date=20181210133000
0
25
Data definition:              EBAS_1.1
Set type code:                TU
Timezone:                     UTC
File name:                    US9026R.20020102080000.20191216000000.filterpack..pm25.52w.1w.US03L_filterpack_US9026.US03L_IMPROVE_Davis.lev2.nas
File creation:                20191218120655
Startdate:                    20020102080000
Revision date:                20191216000000
Statistics:                   arithmetic mean
Data level:                   2
Period code:                  52w
Resolution code:              1w
Station code:                 US9026R
Platform code:                US9026S
Station name:                 Pasayten
Station latitude:             48.3877
Station longitude:            -119.9275
Station altitude:             1627.0 m
Regime:                       IMG
Component:                    
Matrix:                       pm25
Laboratory code:              US03L
Instrument type:              filterpack
Instrument name:              filterpack_US9026
Method ref:                   US03L_IMPROVE_Davis
starttime endtime Fe flag_Fe Pb flag_Pb Mg++ flag_Mg++ Ni flag_Ni NO3- flag_NO3- OC flag_OC OM flag_OM P flag_P PM10 flag_PM10 PM10-PM2.5 flag_PM10-PM2.5 PM2.5 flag_PM2.5 K+ flag_K+ SO4-- flag_SO4--
[from data line 75]
226.333333 227.333333   21.86 0.000000  0.12 0.000000 0.019 0.000000 9.99 0.259000 0.014 0.559000   1.561 0.000   2.185 0.000 999.99 0.259000000   6.864 0.000  3.684 0.000   3.180 0.000 0.013 0.000000 0.071 0.559000
229.333333 230.333333   16.10 0.699000  0.19 0.699000 9.999 0.699259 0.13 0.699000 0.015 0.559000   2.528 0.000   3.539 0.000 999.99 0.699259000   6.137 0.000  1.389 0.000   4.748 0.699 0.018 0.699000 0.072 0.559000
232.333333 233.333333   18.95 0.559000  0.24 0.559000 9.999 0.559259 0.14 0.559000 0.013 0.000000   1.253 0.000   1.754 0.000 999.99 0.559259000   5.250 0.000  2.141 0.000   3.108 0.559 0.017 0.559000 0.120 0.000000
235.333333 236.333333   39.59 0.559000  0.26 0.559000 9.999 0.559259 9.99 0.559259 0.013 0.559000   2.319 0.000   3.247 0.000  10.48 0.559000000  11.777 0.000  6.048 0.000   5.729 0.559 0.035 0.559000 0.139 0.559000
238.333333 239.333333 9999.99 0.999000 99.99 0.999000 9.999 0.999000 9.99 0.999000 9.999 0.999000 999.999 0.999 999.999 0.999 999.99 0.999000000 999.999 0.999 99.999 0.999 999.999 0.999 9.999 0.999000 9.999 0.999000
241.333333 242.333333   16.95 0.559000  0.48 0.559000 9.999 0.559259 0.14 0.559000 0.012 0.559000   1.585 0.000   2.218 0.000 999.99 0.559259000   5.753 0.000  1.808 0.000   3.945 0.559 0.017 0.559000 0.194 0.559000
244.333333 245.333333    8.03 0.559000  0.39 0.559000 9.999 0.559259 9.99 0.559259 0.007 0.000000   0.598 0.000   0.838 0.000 999.99 0.559259000   3.082 0.000  1.387 0.000   1.695 0.559 0.010 0.559000 0.115 0.000000
247.333333 248.333333   14.71 0.559000  0.23 0.559000 9.999 0.559259 9.99 0.559259 0.026 0.000000   1.244 0.000   1.741 0.000 999.99 0.559259000 999.999 0.456 99.999 0.999   3.439 0.559 0.034 0.559000 0.140 0.000000
250.333333 251.333333    6.06 0.000000  0.35 0.000000 0.023 0.000000 9.99 0.259000 0.016 0.000000   0.676 0.000   0.947 0.000 999.99 0.259000000 999.999 0.456 99.999 0.999   1.980 0.000 0.006 0.000000 0.188 0.000000
253.333333 254.333333   47.72 0.000000  1.51 0.000000 9.999 0.259000 9.99 0.259000 0.015 0.559000   1.426 0.000   1.997 0.000 999.99 0.259000000   9.868 0.000  5.580 0.000   4.288 0.000 0.038 0.000000 0.238 0.559000
256.333333 257.333333   67.20 0.559000  0.88 0.559000 9.999 0.559259 9.99 0.559259 0.017 0.559000   1.161 0.000   1.625 0.000 999.99 0.559259000  12.010 0.000  8.080 0.000   3.929 0.559 0.037 0.559000 0.177 0.559000
259.333333 260.333333    4.84 0.699000  0.32 0.699000 0.031 0.699000 9.99 0.699259 0.028 0.559000   3.300 0.000   4.620 0.000 999.99 0.699259000   6.266 0.000  0.501 0.000   5.764 0.699 0.013 0.699000 0.089 0.559000
262.333333 263.333333    5.50 0.559000  0.28 0.559000 9.999 0.559259 9.99 0.559259 0.016 0.559000   1.202 0.000   1.683 0.000   3.15 0.559000000   3.472 0.000  1.101 0.000   2.371 0.559 0.009 0.559000 0.054 0.559000
265.333333 266.333333   24.19 0.559000  0.47 0.559000 0.031 0.559000 9.99 0.559259 0.011 0.000000   1.705 0.000   2.387 0.000 999.99 0.559259000   7.068 0.000  3.262 0.000   3.806 0.559 0.022 0.559000 0.081 0.000000
268.333333 269.333333   19.77 0.699000  0.65 0.699000 9.999 0.699259 9.99 0.699259 0.044 0.559000   6.354 0.000   8.895 0.000   7.60 0.699000000  12.425 0.000  0.890 0.000  11.534 0.699 0.046 0.699000 0.128 0.559000
271.333333 272.333333    7.09 0.559000  0.41 0.559000 9.999 0.559259 9.99 0.559259 0.011 0.559000   0.459 0.000   0.642 0.000 999.99 0.559259000   3.555 0.000  2.132 0.000   1.423 0.559 0.009 0.559000 0.091 0.559000
274.333333 275.333333    5.74 0.559000  0.26 0.559000 0.016 0.559000 9.99 0.559259 0.009 0.000000   1.029 0.000   1.441 0.000 999.99 0.559259000   3.638 0.000  1.155 0.000   2.483 0.559 0.008 0.559000 0.071 0.000000
277.333333 278.333333    5.65 0.559000  0.31 0.559000 0.012 0.559000 0.12 0.559000 0.005 0.559000   0.654 0.000   0.916 0.000 999.99 0.559259000   2.260 0.000  0.524 0.000   1.736 0.559 0.009 0.559000 0.037 0.559000
280.333333 281.333333    8.54 0.559000  0.54 0.559000 0.010 0.559000 9.99 0.559259 0.006 0.559000   0.621 0.000   0.870 0.000 999.99 0.559259000   3.721 0.000  1.601 0.000   2.120 0.559 0.016 0.559000 0.108 0.559000
283.333333 284.333333   13.60 0.000000  0.31 0.000000 9.999 0.259000 0.13 0.000000 0.022 0.559000   0.546 0.000   0.765 0.000 999.99 0.259000000   4.158 0.000  2.027 0.000   2.132 0.000 0.014 0.000000 0.092 0.559000
286.333333 287.333333   38.12 0.559000  0.64 0.559000 0.013 0.559000 0.05 0.559000 0.013 0.000000   1.091 0.000   1.527 0.000 999.99 0.559259000   6.820 0.000  3.400 0.000   3.420 0.559 0.032 0.559000 0.090 0.000000
289.333333 290.333333 9999.99 0.699000 99.99 0.699000 9.999 0.699000 9.99 0.699000 0.089 0.559000  14.473 0.000  20.263 0.000 999.99 0.699000000  28.413 0.000 99.999 0.999 999.999 0.699 9.999 0.699000 0.130 0.559000
292.333333 293.333333   21.07 0.559000  0.42 0.559000 9.999 0.559259 9.99 0.559259 0.012 0.559000   1.668 0.000   2.335 0.000 999.99 0.559259000   4.630 0.000  1.275 0.000   3.355 0.559 0.020 0.559000 0.080 0.559000
295.333333 296.333333   21.24 0.559000  0.71 0.559000 0.011 0.559000 0.09 0.559000 0.049 0.000000   2.697 0.000   3.776 0.000 999.99 0.559259000   7.111 0.000  1.483 0.000   5.628 0.559 0.035 0.559000 0.137 0.000000
298.333333 299.333333   43.87 0.699000  0.86 0.699000 0.012 0.699000 9.99 0.699259 0.026 0.000000   2.576 0.000   3.607 0.000 999.99 0.699259000   8.067 0.000  2.079 0.000   5.988 0.699 0.042 0.699000 0.100 0.000000
301.333333 302.333333    7.94 0.699000  0.56 0.699000 0.011 0.699000 0.09 0.699000 0.042 0.559000   1.800 0.000   2.520 0.000 999.99 0.699259000   6.124 0.000  1.503 0.000   4.621 0.699 0.050 0.699000 0.341 0.559000
304.333333 305.333333   20.79 0.699000  0.81 0.699000 9.999 0.699259 9.99 0.699259 0.055 0.000000   4.680 0.000   6.552 0.000 999.99 0.699259000  10.564 0.000  1.750 0.000   8.814 0.699 0.049 0.699000 0.172 0.000000
307.333333 308.333333   17.01 0.559000  0.48 0.559000 9.999 0.559259 9.99 0.559259 0.030 0.559000   1.834 0.000   2.568 0.000 999.99 0.559259000   4.878 0.000  1.475 0.000   3.403 0.559 0.024 0.559000 0.097 0.559000
310.333333 311.333333   72.39 0.699000  1.10 0.699000 9.999 0.699259 9.99 0.699259 0.241 0.000000   2.471 0.000   3.460 0.000 999.99 0.699259000  11.491 0.000  4.990 0.000   6.501 0.699 0.070 0.699000 0.122 0.000000
313.333333 314.333333 9999.99 0.456000 99.99 0.456000 9.999 0.456000 9.99 0.456000 0.029 0.000000   4.817 0.000   6.744 0.000 999.99 0.456000000  10.205 0.000 99.999 0.999 999.999 0.456 9.999 0.456000 0.125 0.000000
316.333333 317.333333 9999.99 0.699000 99.99 0.699000 9.999 0.699000 9.99 0.699000 0.030 0.000000   8.606 0.000  12.049 0.000 999.99 0.699000000  15.228 0.000 99.999 0.999 999.999 0.699 9.999 0.699000 0.036 0.000000
319.333333 320.333333   11.78 0.559000  1.06 0.559000 9.999 0.559259 9.99 0.559259 0.186 0.000000   3.032 0.000   4.245 0.000 999.99 0.559259000   6.861 0.000 99.999 0.259   8.018 0.559 0.048 0.559000 0.221 0.000000
322.333333 323.333333    5.52 0.000000  0.19 0.000000 9.999 0.259000 9.99 0.259000 0.038 0.000000   0.569 0.000   0.796 0.000 999.99 0.259000000   1.754 0.000  0.845 0.000   0.910 0.000 0.009 0.000000 0.014 0.000000
325.333333 326.333333    3.37 0.000000  0.44 0.000000 9.999 0.259000 9.99 0.259000 0.020 0.559000   1.833 0.000   2.567 0.000 999.99 0.259000000   4.010 0.000  0.425 0.000   3.584 0.000 0.027 0.000000 0.099 0.559000
328.333333 329.333333    3.10 0.559000  0.28 0.559000 0.010 0.559000 9.99 0.559259 0.005 0.000000   0.426 0.000   0.597 0.000 999.99 0.559259000   1.488 0.000  0.151 0.000   1.337 0.559 0.010 0.559000 0.067 0.000000
331.333333 332.333333    3.03 0.000000  0.31 0.000000 9.999 0.259000 0.05 0.000000 0.005 0.559000   0.538 0.000   0.754 0.000 999.99 0.259000000   1.571 0.000  0.259 0.000   1.312 0.000 0.008 0.000000 0.054 0.559000
334.333333 335.333333    2.79 0.559000  0.26 0.559000 9.999 0.559259 9.99 0.559259 0.003 0.559000   0.864 0.000   1.210 0.000 999.99 0.559259000   1.943 0.000  0.182 0.000   1.761 0.559 0.011 0.559000 0.040 0.559000
337.333333 338.333333    1.89 0.000000  0.36 0.000000 9.999 0.259000 9.99 0.259000 0.049 0.559000   1.438 0.000   2.013 0.000   4.12 0.000000000   3.368 0.000 99.999 0.259   3.425 0.000 0.017 0.000000 0.093 0.559000
340.333333 341.333333    1.08 0.000000  0.05 0.000000 9.999 0.259000 9.99 0.259000 0.010 0.000000   0.518 0.000   0.726 0.000 999.99 0.259000000   0.665 0.000 99.999 0.259   0.691 0.000 0.006 0.000000 0.008 0.000000
343.333333 344.333333    1.13 0.000000  0.16 0.000000 9.999 0.259000 9.99 0.259000 0.037 0.000000   0.151 0.000   0.212 0.000 999.99 0.259000000   0.924 0.000  0.502 0.000   0.422 0.000 0.007 0.000000 0.013 0.000000
346.333333 347.333333    0.70 0.000000  0.09 0.000000 0.021 0.000000 9.99 0.259000 0.014 0.000000   0.112 0.000   0.156 0.000 999.99 0.259000000   1.248 0.000  0.958 0.000   0.289 0.000 0.008 0.000000 0.014 0.000000
349.333333 350.333333    0.24 0.000000 99.99 0.259000 0.031 0.000000 9.99 0.259000 0.001 0.000000   0.038 0.000   0.053 0.000 999.99 0.259000000 999.999 0.259 99.999 0.259   0.032 0.000 0.004 0.000000 0.004 0.000000
352.333333 353.333333    1.43 0.000000  0.30 0.000000 0.032 0.000000 0.04 0.000000 0.051 0.000000   0.362 0.000   0.507 0.000 999.99 0.259000000   0.878 0.000  0.035 0.000   0.844 0.000 0.007 0.000000 0.032 0.000000
355.333333 356.333333    2.53 0.000000  0.18 0.000000 0.021 0.000000 9.99 0.259000 0.008 0.000000   0.370 0.000   0.518 0.000 999.99 0.259000000   0.749 0.000 99.999 0.259   0.807 0.000 0.005 0.000000 0.054 0.000000
358.333333 359.333333    1.62 0.000000  0.12 0.000000 0.027 0.000000 0.06 0.000000 0.011 0.000000   0.052 0.000   0.073 0.000 999.99 0.259000000   0.832 0.000  0.610 0.000   0.222 0.000 0.004 0.000000 0.015 0.000000
361.333333 362.333333    4.50 0.559000  0.27 0.559000 0.011 0.559000 0.13 0.559000 0.009 0.000000   0.025 0.000   0.035 0.000 999.99 0.559259000   0.707 0.000 99.999 0.259   0.790 0.559 0.007 0.559000 0.058 0.000000
364.333333 365.333333    1.95 0.000000  0.12 0.000000 9.999 0.259000 9.99 0.259000 0.007 0.000000   0.113 0.000   0.158 0.000 999.99 0.259000000   0.835 0.000  0.673 0.000   0.162 0.000 0.004 0.000000 0.030 0.000000
