scripts/IMPROVE-2019_partial/data/US9062R.20000101060000.20191216000000.filterpack..pm25.52w.1w.US03L_filterpack_US9062.US03L_IMPROVE_Davis.lev2.nas
64 1001
MISSING INFORMATION
US03L, IMPROVE, , , , , , , 
MISSING INFORMATION
IMPROVE sel_HTAP
1 1
2000 01 01 2019 12 16
0
days from file reference point
25
1 1 1 1 1 1 1 1 1 1 1 1 1 1 1 1 1 1 1 1 1 1 1 1 1
999.99 9999.99 9.999 99.99 9.999 9.999 9.999999 9.99 9.999999 99.999 9.999999 99.999 9.999 99.999 9.999 999.999 9.999 999.999 9.999 999.999 9.999 9.999 9.999 99.999 9.999999
end_time of measurement, days from the file reference point
iron, ng/m3, Revision date=20181210133000
numflag iron, no unit, Revision date=20181210133000
lead, ng/m3, Revision date=20181210133000
numflag lead, no unit, Revision date=20181210133000
magnesium, ug/m3, Revision date=20181210133000
numflag magnesium, no unit, Revision date=20181210133000
nickel, ng/m3, Revision date=20181210133000
numflag nickel, no unit, Revision date=20181210133000
nitrate, ug N/m3, Revision date=20181210133000
numflag nitrate, no unit, Revision date=20181210133000
organic_carbon, ug C/m3, Revision date=20181210133000
numflag organic_carbon, no unit, Revision date=20181210133000
organic_mass, ug/m3, Revision date=20181210133000
numflag organic_mass, no unit, Revision date=20181210133000
pm10_mass, ug/m3, Version=2, Version description=Data extracted from http://views.cira.colostate.edu/fed/DataWizard 2019-12-16, Sample duration=1d, Orig. time res.=3d, Matrix=pm10, Blank correction=Blank corrected, Volume std. temperature=ambient, Volume std. pressure=ambient
numflag pm10_mass, no unit, Version=2, Version description=Data extracted from http://views.cira.colostate.edu/fed/DataWizard 2019-12-16, Sample duration=1d, Orig. time res.=3d, Matrix=pm10, Blank correction=Blank corrected, Volume std. temperature=ambient, Volume std. pressure=ambient
pm10_pm25_mass, ug/m3, Revision date=20181210133000, Matrix=pm10_pm25
numflag pm10_pm25_mass, no unit, Revision date=20181210133000, Matrix=pm10_pm25
pm25_mass, ug/m3, Version=2, Version description=Data extracted from http://views.cira.colostate.edu/fed/DataWizard 2019-12-16, Sample duration=1d, Orig. time res.=3d, Blank correction=Blank corrected, Volume std. temperature=ambient, Volume std. pressure=ambient
numflag pm25_mass, no unit, Version=2, Version description=Data extracted from http://views.cira.colostate.edu/fed/DataWizard 2019-12-16, Sample duration=1d, Orig. time res.=3d, Blank correction=Blank corrected, Volume std. temperature=ambient, Volume std. pressure=ambient
potassium, ug/m3, Revision date=20181210133000
numflag potassium, no unit, Revision date=20181210133000
sulphate_total, ug S/m3, Revision date=20181210133000
numflag sulphate_total, no unit, Revision date=20181210133000
0
25
Data definition:              EBAS_1.1
Set type code:                TI
Timezone:                     UTC
File name:                    US9062R.20000101060000.20191216000000.filterpack..pm25.52w.1w.US03L_filterpack_US9062.US03L_IMPROVE_Davis.lev2.nas
File creation:                20191218120937
Startdate:                    20000101060000
Revision date:                20191216000000
Statistics:                   arithmetic mean
Data level:                   2
Period code:                  52w
Resolution code:              1w
Station code:                 US9062R
Platform code:                US9062S
Station name:                 Voyageurs NP #2
Station latitude:             48.4126
Station longitude:            -92.8286
Station altitude:             429.0 m
Regime:                       IMG
Component:                    
Matrix:                       pm25
Laboratory code:              US03L
Instrument type:              filterpack
Instrument name:              filterpack_US9062
Method ref:                   US03L_IMPROVE_Davis
starttime endtime Fe flag_Fe Pb flag_Pb Mg++ flag_Mg++ Ni flag_Ni NO3- flag_NO3- OC flag_OC OM flag_OM PM10 flag_PM10 PM10-PM2.5 flag_PM10-PM2.5 PM2.5 flag_PM2.5 K+ flag_K+ SO4-- flag_SO4--
  0.25   1.25    7.78 0.000  0.57 0.000 9.999 0.259000 0.36 0.000000  0.044 0.000000  0.544 0.000  0.761 0.000   2.746 0.559   0.342 0.000   2.404 0.000 0.019 0.000  0.233 0.000000
  4.25   5.25   69.86 0.000  1.81 0.000 9.999 0.259000 9.99 0.259000  0.330 0.000000  0.685 0.000  0.959 0.000 999.999 0.456 999.999 0.999   4.739 0.000 0.031 0.000  0.296 0.000000
  7.25   8.25   10.34 0.000  1.05 0.000 9.999 0.259000 9.99 0.259000  0.602 0.559000  0.905 0.000  1.266 0.000   8.520 0.559   2.112 0.000   6.408 0.000 0.038 0.000  0.273 0.559000
 11.25  12.25    7.15 0.000  1.84 0.000 0.209 0.000000 9.99 0.259000  0.104 0.559000  0.694 0.000  0.972 0.000  11.033 0.559   3.364 0.000   7.669 0.000 0.064 0.000  0.341 0.559000
 14.25  15.25   84.79 0.456  3.07 0.456 9.999 0.456259 9.99 0.456259  1.256 0.699000  1.463 0.000  2.048 0.000  20.055 0.559 999.999 0.999 999.999 0.456 0.065 0.456  0.572 0.699000
 18.25  19.25    9.03 0.000  7.51 0.000 9.999 0.259000 9.99 0.259000  0.094 0.559000  0.996 0.000  1.394 0.000   5.685 0.559   1.135 0.000   4.550 0.000 0.034 0.000  0.537 0.559000
 21.25  22.25   63.61 0.000  2.99 0.000 9.999 0.259000 9.99 0.259000  0.422 0.699000  1.407 0.000  1.970 0.000  12.112 0.559   4.569 0.000   7.543 0.000 0.056 0.000  0.582 0.699000
 25.25  26.25   22.88 0.000  0.78 0.000 9.999 0.259000 9.99 0.259000  0.020 0.000000  0.405 0.000  0.567 0.000   4.662 0.559   2.669 0.000   1.993 0.000 0.017 0.000  0.120 0.000000
 28.25  29.25   37.47 0.000  5.28 0.000 9.999 0.259000 9.99 0.259000  0.954 0.559000  1.742 0.000  2.439 0.000  14.339 0.559   2.715 0.000  11.624 0.000 0.052 0.000  0.554 0.559000
 32.25  33.25   32.07 0.456  0.82 0.456 9.999 0.456259 9.99 0.456259 99.999 0.456000  0.812 0.000  1.137 0.000   9.334 0.559 999.999 0.999 999.999 0.456 0.017 0.456 99.999 0.456000
 35.25  36.25    5.73 0.000  0.41 0.000 9.999 0.259000 9.99 0.259000 99.999 0.456000  0.666 0.000  0.933 0.000   4.205 0.559   1.664 0.000   2.541 0.000 0.021 0.000 99.999 0.456000
 39.25  40.25    6.53 0.000  0.89 0.000 9.999 0.259000 0.17 0.000000  0.043 0.000000  0.549 0.000  0.768 0.000   3.205 0.559   0.731 0.000   2.474 0.000 0.021 0.000  0.312 0.000000
 42.25  43.25   17.84 0.000  5.12 0.000 9.999 0.259000 9.99 0.259000  0.106 0.000000  0.728 0.000  1.019 0.000   5.907 0.559   1.973 0.000   3.934 0.000 0.050 0.000  0.424 0.000000
 46.25  47.25    9.05 0.000  3.28 0.000 9.999 0.259000 0.17 0.000000  0.025 0.559000  0.461 0.000  0.645 0.000   3.264 0.559   0.959 0.000   2.305 0.000 0.018 0.000  0.299 0.559000
 49.25  50.25    7.01 0.000  2.73 0.000 9.999 0.259000 9.99 0.259000  0.149 0.000000  0.966 0.000  1.352 0.000  10.721 0.559   1.350 0.000   9.370 0.000 0.030 0.000  1.781 0.000000
 53.25  54.25   29.06 0.000  3.69 0.000 9.999 0.259000 9.99 0.259000  0.327 0.559000  1.671 0.000  2.339 0.000   9.332 0.559   2.505 0.000   6.826 0.000 0.047 0.000  0.597 0.559000
 56.25  57.25   22.37 0.456  0.83 0.456 9.999 0.456259 9.99 0.456259  0.180 0.559000  0.537 0.000  0.751 0.000   5.301 0.559 999.999 0.999 999.999 0.456 0.016 0.456  0.423 0.559000
 60.25  61.25 9999.99 0.999 99.99 0.999 9.999 0.999000 9.99 0.999000 99.999 0.999000 99.999 0.999 99.999 0.999 999.999 0.999 999.999 0.999 999.999 0.999 9.999 0.999 99.999 0.999000
 63.25  64.25   12.98 0.000  0.78 0.000 9.999 0.259000 9.99 0.259000  0.235 0.000000  1.158 0.000  1.621 0.000   5.766 0.000   1.975 0.000   3.791 0.000 0.040 0.000  0.229 0.000000
 67.25  68.25   12.58 0.000  1.52 0.000 9.999 0.259000 9.99 0.259000  0.339 0.559000  1.269 0.000  1.777 0.000   9.967 0.000   3.566 0.000   6.401 0.000 0.041 0.000  0.555 0.559000
 70.25  71.25    8.24 0.000  0.98 0.000 9.999 0.259000 9.99 0.259000  0.113 0.000000  0.488 0.000  0.683 0.000   3.595 0.000   1.369 0.000   2.226 0.000 0.019 0.000  0.192 0.000000
 74.25  75.25    8.22 0.000  1.60 0.000 0.013 0.000000 9.99 0.259000  0.025 0.000000  0.317 0.000  0.443 0.000   3.115 0.000   0.841 0.000   2.274 0.000 0.015 0.000  0.245 0.000000
 77.25  78.25   71.45 0.000  1.80 0.000 0.046 0.000000 9.99 0.259000  0.399 0.559000  1.171 0.000  1.639 0.000  16.709 0.000  10.278 0.000   6.431 0.000 0.050 0.000  0.495 0.559000
 81.25  82.25   12.16 0.000  1.90 0.000 9.999 0.259000 9.99 0.259000  0.280 0.000000  0.913 0.000  1.278 0.000   7.316 0.000   1.429 0.000   5.888 0.000 0.021 0.000  0.850 0.000000
 84.25  85.25    8.34 0.000  1.15 0.000 9.999 0.259000 9.99 0.259000  0.029 0.559000  0.403 0.000  0.564 0.000   3.018 0.000   1.025 0.000   1.993 0.000 0.021 0.000  0.248 0.559000
 88.25  89.25    5.43 0.000  0.37 0.000 9.999 0.259000 9.99 0.259000  0.023 0.559000  0.565 0.000  0.791 0.000   2.301 0.000   0.480 0.000   1.821 0.000 0.012 0.000  0.230 0.559000
 91.25  92.25   14.10 0.000  1.52 0.000 9.999 0.259000 9.99 0.259000  0.051 0.559000  0.639 0.000  0.895 0.000   5.062 0.000   1.362 0.000   3.700 0.000 0.023 0.000  0.505 0.559000
 95.25  96.25   76.12 0.000  1.01 0.000 0.016 0.000000 9.99 0.259000  0.194 0.000000  1.322 0.000  1.850 0.000   7.781 0.000   3.202 0.000   4.579 0.000 0.045 0.000  0.226 0.000000
 98.25  99.25   13.26 0.000  0.87 0.000 0.011 0.000000 9.99 0.259000  0.054 0.559000  0.624 0.000  0.874 0.000   4.853 0.000   1.881 0.000   2.972 0.000 0.023 0.000  0.437 0.559000
102.25 103.25   29.87 0.000  2.61 0.000 9.999 0.259000 9.99 0.259000  0.019 0.000000  0.746 0.000  1.045 0.000   8.911 0.000   2.967 0.000   5.944 0.000 0.032 0.000  0.538 0.000000
105.25 106.25   12.30 0.000  0.72 0.000 9.999 0.259000 9.99 0.259000  0.022 0.559000  0.624 0.000  0.874 0.000   3.179 0.000   1.024 0.000   2.155 0.000 0.017 0.000  0.286 0.559000
109.25 110.25    9.10 0.000  0.81 0.000 9.999 0.259000 9.99 0.259000  0.014 0.000000  0.607 0.000  0.850 0.000   3.183 0.000   0.797 0.000   2.386 0.000 0.017 0.000  0.342 0.000000
112.25 113.25   76.93 0.000  2.29 0.000 9.999 0.259000 9.99 0.259000  0.047 0.000000  1.464 0.000  2.050 0.000   9.011 0.000   3.658 0.000   5.354 0.000 0.079 0.000  0.403 0.000000
116.25 117.25   80.77 0.000  2.88 0.000 9.999 0.259000 9.99 0.259000  0.056 0.000000  2.288 0.000  3.203 0.000  17.321 0.000   8.830 0.000   8.491 0.000 0.077 0.000  0.922 0.000000
119.25 120.25   38.06 0.000  0.49 0.000 9.999 0.259000 9.99 0.259000  0.013 0.000000  0.932 0.000  1.305 0.000   4.401 0.000   2.429 0.000   1.972 0.000 0.023 0.000  0.137 0.000000
123.25 124.25 9999.99 0.699 99.99 0.699 9.999 0.699000 9.99 0.699000 99.999 0.699000  2.144 0.000  3.001 0.000  20.074 0.559 999.999 0.999 999.999 0.699 9.999 0.699 99.999 0.699000
126.25 127.25 9999.99 0.999 99.99 0.999 9.999 0.999000 9.99 0.999000 99.999 0.999000 99.999 0.999 99.999 0.999 999.999 0.999 999.999 0.999 999.999 0.999 9.999 0.999 99.999 0.999000
130.25 131.25 9999.99 0.999 99.99 0.999 9.999 0.999000 9.99 0.999000 99.999 0.999000 99.999 0.999 99.999 0.999 999.999 0.999 999.999 0.999 999.999 0.999 9.999 0.999 99.999 0.999000
133.25 134.25 9999.99 0.999 99.99 0.999 9.999 0.999000 9.99 0.999000 99.999 0.999000 99.999 0.999 99.999 0.999 999.999 0.999 999.999 0.999 999.999 0.999 9.999 0.999 99.999 0.999000
137.25 138.25 9999.99 0.999 99.99 0.999 9.999 0.999000 9.99 0.999000 99.999 0.999000 99.999 0.999 99.999 0.999 999.999 0.999 999.999 0.999 999.999 0.999 9.999 0.999 99.999 0.999000
140.25 141.25 9999.99 0.999 99.99 0.999 9.999 0.999000 9.99 0.999000 99.999 0.999000 99.999 0.999 99.999 0.999 999.999 0.999 999.999 0.999 999.999 0.999 9.999 0.999 99.999 0.999000
144.25 145.25    6.99 0.000  0.39 0.000 9.999 0.259000 9.99 0.259000  0.015 0.000000  1.302 0.000  1.823 0.000   5.459 0.000   2.663 0.000   2.796 0.000 0.015 0.000  0.219 0.000000
147.25 148.25   16.12 0.000  0.52 0.000 9.999 0.259000 9.99 0.259000  0.010 0.000000  1.531 0.000  2.144 0.000   5.821 0.000   2.410 0.000   3.411 0.000 0.022 0.000  0.218 0.000000
151.25 152.25   15.04 0.000  1.19 0.000 9.999 0.259000 9.99 0.259000  0.017 0.000000  1.432 0.000  2.005 0.000   9.056 0.000   6.266 0.000   2.790 0.000 0.023 0.000  0.124 0.000000
154.25 155.25   13.53 0.000 99.99 0.259 9.999 0.259000 0.07 0.000000  0.012 0.000000  1.240 0.000  1.736 0.000   6.295 0.000   3.138 0.000   3.157 0.000 0.027 0.000  0.120 0.000000
158.25 159.25   83.86 0.000  2.19 0.000 9.999 0.259000 9.99 0.259000  0.055 0.000000  1.836 0.000  2.571 0.000  15.908 0.000   7.769 0.000   8.139 0.000 0.035 0.000  0.812 0.000000
161.25 162.25   10.16 0.000  0.43 0.000 9.999 0.259000 9.99 0.259000  0.014 0.000000  0.586 0.000  0.821 0.000   7.106 0.000   3.587 0.000   3.519 0.000 0.021 0.000  0.368 0.000000
165.25 166.25   17.50 0.000  0.26 0.000 9.999 0.259000 9.99 0.259000  0.020 0.699000  0.832 0.000  1.165 0.000   7.554 0.000   3.972 0.000   3.581 0.000 0.017 0.000  0.400 0.699000
168.25 169.25    7.98 0.000 99.99 0.259 9.999 0.259000 9.99 0.259000  0.005 0.000000  0.669 0.000  0.937 0.000   2.843 0.000   1.317 0.000   1.526 0.000 0.012 0.000  0.093 0.000000
172.25 173.25    7.28 0.000 99.99 0.259 0.004 0.000000 9.99 0.259000  0.006 0.000000  0.874 0.000  1.224 0.000   7.269 0.000   5.015 0.000   2.255 0.000 0.014 0.000  0.104 0.000000
175.25 176.25   15.36 0.000  0.55 0.000 9.999 0.259000 9.99 0.259000  0.023 0.000000  1.550 0.000  2.170 0.000   8.122 0.000   4.115 0.000   4.008 0.000 0.016 0.000  0.240 0.000000
179.25 180.25 9999.99 0.999 99.99 0.999 9.999 0.999000 9.99 0.999000 99.999 0.999000 99.999 0.999 99.999 0.999 999.999 0.999 999.999 0.999 999.999 0.999 9.999 0.999 99.999 0.999000
182.25 183.25 9999.99 0.999 99.99 0.999 9.999 0.999000 9.99 0.999000 99.999 0.999000 99.999 0.999 99.999 0.999 999.999 0.999 999.999 0.999 999.999 0.999 9.999 0.999 99.999 0.999000
186.25 187.25 9999.99 0.999 99.99 0.999 9.999 0.999000 9.99 0.999000 99.999 0.999000 99.999 0.999 99.999 0.999 999.999 0.999 999.999 0.999 999.999 0.999 9.999 0.999 99.999 0.999000
189.25 190.25 9999.99 0.999 99.99 0.999 9.999 0.999000 9.99 0.999000 99.999 0.999000 99.999 0.999 99.999 0.999 999.999 0.999 999.999 0.999 999.999 0.999 9.999 0.999 99.999 0.999000
193.25 194.25 9999.99 0.999 99.99 0.999 9.999 0.999000 9.99 0.999000 99.999 0.999000 99.999 0.999 99.999 0.999 999.999 0.999 999.999 0.999 999.999 0.999 9.999 0.999 99.999 0.999000
196.25 197.25 9999.99 0.999 99.99 0.999 9.999 0.999000 9.99 0.999000 99.999 0.999000 99.999 0.999 99.999 0.999 999.999 0.999 999.999 0.999 999.999 0.999 9.999 0.999 99.999 0.999000
200.25 201.25 9999.99 0.999 99.99 0.999 9.999 0.999000 9.99 0.999000 99.999 0.999000 99.999 0.999 99.999 0.999 999.999 0.999 999.999 0.999 999.999 0.999 9.999 0.999 99.999 0.999000
203.25 204.25 9999.99 0.999 99.99 0.999 9.999 0.999000 9.99 0.999000 99.999 0.999000 99.999 0.999 99.999 0.999 999.999 0.999 999.999 0.999 999.999 0.999 9.999 0.999 99.999 0.999000
207.25 208.25 9999.99 0.999 99.99 0.999 9.999 0.999000 9.99 0.999000 99.999 0.999000 99.999 0.999 99.999 0.999 999.999 0.999 999.999 0.999 999.999 0.999 9.999 0.999 99.999 0.999000
210.25 211.25 9999.99 0.999 99.99 0.999 9.999 0.999000 9.99 0.999000 99.999 0.999000 99.999 0.999 99.999 0.999 999.999 0.999 999.999 0.999 999.999 0.999 9.999 0.999 99.999 0.999000
214.25 215.25    5.60 0.000 99.99 0.259 0.011 0.000000 9.99 0.259000  0.007 0.559000  3.534 0.000  4.948 0.000   8.590 0.000   4.327 0.000   4.264 0.000 0.045 0.000  0.110 0.559000
217.25 218.25   64.18 0.000  2.06 0.000 9.999 0.259000 9.99 0.259000  0.058 0.559000  2.355 0.000  3.297 0.000  17.261 0.000   3.081 0.000  14.180 0.000 0.043 0.000  1.097 0.559000
221.25 222.25    7.58 0.000  0.33 0.000 0.006 0.000000 9.99 0.259000  0.031 0.559000  1.004 0.000  1.406 0.000   7.948 0.000   3.679 0.000   4.269 0.000 0.016 0.000  0.177 0.559000
224.25 225.25   34.10 0.000  0.32 0.000 9.999 0.259000 9.99 0.259000  0.036 0.559000  1.801 0.000  2.522 0.000   6.182 0.000   2.774 0.000   3.407 0.000 0.038 0.000  0.451 0.559000
228.25 229.25   22.21 0.000 99.99 0.259 9.999 0.259000 9.99 0.259000  0.018 0.000000  0.742 0.000  1.039 0.000   5.379 0.000   3.033 0.000   2.346 0.000 0.021 0.000  0.159 0.000000
231.25 232.25   32.59 0.000  0.23 0.000 9.999 0.259000 9.99 0.259000  0.010 0.000000  0.875 0.000  1.225 0.000  11.641 0.000   5.803 0.000   5.838 0.000 0.019 0.000  0.088 0.000000
235.25 236.25   11.94 0.000  0.20 0.000 9.999 0.259000 9.99 0.259000  0.019 0.559000  1.462 0.000  2.047 0.000   8.189 0.000   3.684 0.000   4.505 0.000 0.028 0.000  0.216 0.559000
238.25 239.25   15.39 0.000 99.99 0.259 9.999 0.259000 9.99 0.259000  0.024 0.559000  2.579 0.000  3.610 0.000  11.320 0.000   4.502 0.000   6.818 0.000 0.021 0.000  0.266 0.559000
243.25 244.25 9999.99 0.999 99.99 0.999 9.999 0.999000 9.99 0.999000 99.999 0.999000 99.999 0.999 99.999 0.999 999.999 0.999 999.999 0.999 999.999 0.999 9.999 0.999 99.999 0.999000
246.25 247.25 9999.99 0.999 99.99 0.999 9.999 0.999000 9.99 0.999000 99.999 0.999000 99.999 0.999 99.999 0.999 999.999 0.999 999.999 0.999 999.999 0.999 9.999 0.999 99.999 0.999000
249.25 250.25   40.90 0.000  1.31 0.000 9.999 0.259000 9.99 0.259000  0.073 0.559000  0.969 0.000  1.356 0.000   8.831 0.000   3.639 0.000   5.192 0.000 0.021 0.000  0.487 0.559000
252.25 253.25   54.05 0.394  0.91 0.394 9.999 0.394259 9.99 0.394259  0.049 0.559394  1.686 0.000  2.360 0.000  16.292 0.000   7.940 0.000   8.352 0.000 0.036 0.394  0.954 0.559394
255.25 256.25   10.30 0.000 99.99 0.259 9.999 0.259000 9.99 0.259000  0.030 0.000000  1.017 0.000  1.423 0.000   8.510 0.000   5.591 0.000   2.919 0.000 0.084 0.000  0.178 0.000000
258.25 259.25    2.78 0.000  0.21 0.000 0.012 0.000000 9.99 0.259000  0.013 0.000000  0.658 0.000  0.921 0.000   3.613 0.000   1.831 0.000   1.782 0.000 0.011 0.000  0.183 0.000000
261.25 262.25   92.01 0.000  1.00 0.000 9.999 0.259000 9.99 0.259000  0.049 0.000000  2.376 0.000  3.327 0.000  22.158 0.000  14.668 0.000   7.490 0.000 0.117 0.000  0.445 0.000000
264.25 265.25    3.20 0.000  1.04 0.000 9.999 0.259000 9.99 0.259000  0.026 0.000000  0.606 0.000  0.848 0.000   2.904 0.000   1.295 0.000   1.609 0.000 0.017 0.000  0.188 0.000000
267.25 268.25    4.36 0.000  0.21 0.000 9.999 0.259000 9.99 0.259000  0.032 0.000000  0.919 0.000  1.287 0.000   4.461 0.000   1.952 0.000   2.509 0.000 0.036 0.000  0.235 0.000000
270.25 271.25    2.60 0.000  0.12 0.000 9.999 0.259000 9.99 0.259000  0.010 0.000000  0.387 0.000  0.541 0.000   1.978 0.000   0.930 0.000   1.048 0.000 0.009 0.000  0.098 0.000000
273.25 274.25  122.42 0.559  1.48 0.559 9.999 0.559259 9.99 0.559259  0.119 0.000000  4.198 0.000  5.877 0.000  26.405 0.000  12.685 0.000  13.720 0.559 0.267 0.559  0.661 0.000000
276.25 277.25   15.43 0.000  0.47 0.000 9.999 0.259000 9.99 0.259000  0.049 0.000000  0.890 0.000  1.246 0.000   8.517 0.000   6.010 0.000   2.507 0.000 0.053 0.000  0.156 0.000000
279.25 280.25    2.28 0.000 99.99 0.259 9.999 0.259000 9.99 0.259000  0.007 0.000000  0.044 0.000  0.062 0.000   1.101 0.000   0.732 0.000   0.369 0.000 0.013 0.000  0.071 0.000000
282.25 283.25   13.85 0.000  0.40 0.000 9.999 0.259000 9.99 0.259000  0.159 0.000000  0.699 0.000  0.978 0.000   5.724 0.000   3.034 0.000   2.690 0.000 0.051 0.000  0.266 0.000000
285.25 286.25   74.74 0.000  1.33 0.000 9.999 0.259000 9.99 0.259000  0.088 0.000000  1.852 0.000  2.593 0.000  27.234 0.000  20.227 0.000   7.006 0.000 0.061 0.000  0.493 0.000000
288.25 289.25    4.63 0.000 99.99 0.259 0.006 0.000000 9.99 0.259000  0.008 0.000000  0.322 0.000  0.450 0.000   1.863 0.000   0.905 0.000   0.958 0.000 0.009 0.000  0.132 0.000000
291.25 292.25   55.60 0.000  0.60 0.000 9.999 0.259000 9.99 0.259000  0.226 0.000000  1.749 0.000  2.449 0.000   9.329 0.000   3.603 0.000   5.726 0.000 0.115 0.000  0.389 0.000000
294.25 295.25    4.82 0.000 99.99 0.259 9.999 0.259000 9.99 0.259000  0.009 0.000000  0.463 0.000  0.647 0.000   2.104 0.000   0.942 0.000   1.162 0.000 0.013 0.000  0.125 0.000000
297.25 298.25   35.65 0.000  0.73 0.000 9.999 0.259000 9.99 0.259000  0.128 0.000000  1.499 0.000  2.098 0.000  11.921 0.000   5.264 0.000   6.658 0.000 0.126 0.000  0.680 0.000000
