scripts/IMPROVE-2019_partial/data/US9038R.20050101070000.20191216000000.filterpack..pm25.52w.1w.US03L_filterpack_US9038.US03L_IMPROVE_Davis.lev2.nas
64 1001
MISSING INFORMATION
US03L, IMPROVE, , , , , , , 
MISSING INFORMATION
IMPROVE sel_HTAP
1 1
2005 01 01 2019 12 16
3.000000
days from file reference point
25
1 1 1 1 1 1 1 1 1 1 1 1 1 1 1 1 1 1 1 1 1 1 1 1 1
999.999999 9999.99 9.999 99.99 9.999 9.999 9.999 99.99 9.999 9.999 9.999 99.999 9.999 99.999 9.999 999.999 9.999 999.999 9.999 999.999 9.999 9.999 9.999 99.999 9.999
end_time of measurement, days from the file reference point
iron, ng/m3, Revision date=20181210133000
numflag iron, no unit, Revision date=20181210133000
lead, ng/m3, Revision date=20181210133000
numflag lead, no unit, Revision date=20181210133000
magnesium, ug/m3, Revision date=20181210133000
numflag magnesium, no unit, Revision date=20181210133000
nickel, ng/m3, Revision date=20181210133000
numflag nickel, no unit, Revision date=20181210133000
nitrate, ug N/m3, Revision date=20181210133000
numflag nitrate, no unit, Revision date=20181210133000
organic_carbon, ug C/m3, Revision date=20181210133000
numflag organic_carbon, no unit, Revision date=20181210133000
organic_mass, ug/m3, Revision date=20181210133000
numflag organic_mass, no unit, Revision date=20181210133000
pm10_mass, ug/m3, Version=2, Version description=Data extracted from http://views.cira.colostate.edu/fed/DataWizard 2019-12-16, Sample duration=1d, Orig. time res.=3d, Matrix=pm10, Blank correction=Blank corrected, Volume std. temperature=ambient, Volume std. pressure=ambient
numflag pm10_mass, no unit, Version=2, Version description=Data extracted from http://views.cira.colostate.edu/fed/DataWizard 2019-12-16, Sample duration=1d, Orig. time res.=3d, Matrix=pm10, Blank correction=Blank corrected, Volume std. temperature=ambient, Volume std. pressure=ambient
pm10_pm25_mass, ug/m3, Revision date=20181210133000, Matrix=pm10_pm25
numflag pm10_pm25_mass, no unit, Revision date=20181210133000, Matrix=pm10_pm25
pm25_mass, ug/m3, Version=2, Version description=Data extracted from http://views.cira.colostate.edu/fed/DataWizard 2019-12-16, Sample duration=1d, Orig. time res.=3d, Blank correction=Blank corrected, Volume std. temperature=ambient, Volume std. pressure=ambient
numflag pm25_mass, no unit, Version=2, Version description=Data extracted from http://views.cira.colostate.edu/fed/DataWizard 2019-12-16, Sample duration=1d, Orig. time res.=3d, Blank correction=Blank corrected, Volume std. temperature=ambient, Volume std. pressure=ambient
potassium, ug/m3, Revision date=20181210133000
numflag potassium, no unit, Revision date=20181210133000
sulphate_total, ug S/m3, Revision date=20181210133000
numflag sulphate_total, no unit, Revision date=20181210133000
0
25
Data definition:              EBAS_1.1
Set type code:                TU
Timezone:                     UTC
File name:                    US9038R.20050101070000.20191216000000.filterpack..pm25.52w.1w.US03L_filterpack_US9038.US03L_IMPROVE_Davis.lev2.nas
File creation:                20191218120756
Startdate:                    20050101070000
Revision date:                20191216000000
Statistics:                   arithmetic mean
Data level:                   2
Period code:                  52w
Resolution code:              1w
Station code:                 US9038R
Platform code:                US9038S
Station name:                 Saguaro NM
Station latitude:             32.1746
Station longitude:            -110.7371
Station altitude:             941.0 m
Regime:                       IMG
Component:                    
Matrix:                       pm25
Laboratory code:              US03L
Instrument type:              filterpack
Instrument name:              filterpack_US9038
Method ref:                   US03L_IMPROVE_Davis
starttime endtime Fe flag_Fe Pb flag_Pb Mg++ flag_Mg++ Ni flag_Ni NO3- flag_NO3- OC flag_OC OM flag_OM PM10 flag_PM10 PM10-PM2.5 flag_PM10-PM2.5 PM2.5 flag_PM2.5 K+ flag_K+ SO4-- flag_SO4--
  0.291667   1.291667   21.94 0.000  0.86 0.000 0.010 0.000 99.99 0.259 0.236 0.000  0.996 0.000  1.792 0.000   5.513 0.000   2.444 0.000   3.063 0.000 0.062 0.000  0.124 0.000
  3.291667   4.291667    8.99 0.000  0.44 0.000 9.999 0.259 99.99 0.259 0.018 0.000  0.133 0.000  0.240 0.000   1.955 0.000   1.064 0.000   0.929 0.000 0.010 0.000  0.068 0.000
  6.291667   7.291667 9999.99 0.999 99.99 0.999 9.999 0.999 99.99 0.999 0.407 0.559  0.312 0.000  0.561 0.000   3.602 0.000 999.999 0.999 999.999 0.999 9.999 0.999  0.081 0.559
  9.291667  10.291667   30.43 0.000  0.84 0.000 9.999 0.259 99.99 0.259 0.017 0.559  0.186 0.000  0.335 0.000   2.561 0.000   1.174 0.000   1.386 0.000 0.032 0.000  0.072 0.559
 12.291667  13.291667 9999.99 0.999 99.99 0.999 9.999 0.999 99.99 0.999 0.440 0.000  0.666 0.000  1.200 0.000   7.227 0.000 999.999 0.999 999.999 0.999 9.999 0.999  0.101 0.000
 15.291667  16.291667   58.47 0.000  1.02 0.000 9.999 0.259  0.15 0.000 0.065 0.000  0.599 0.000  1.079 0.000   6.382 0.000   3.783 0.000   2.598 0.000 0.067 0.000  0.089 0.000
 18.291667  19.291667   44.65 0.000  1.84 0.000 0.006 0.000  0.26 0.000 0.036 0.000  0.797 0.000  1.435 0.000   8.494 0.000   4.015 0.000   4.478 0.000 0.071 0.000  0.471 0.000
 21.291667  22.291667   14.77 0.000  1.24 0.000 9.999 0.259  0.19 0.000 0.041 0.000  0.456 0.000  0.821 0.000   4.673 0.000   2.650 0.000   2.022 0.000 0.021 0.000  0.248 0.000
 24.291667  25.291667   30.27 0.000  0.92 0.000 9.999 0.259  0.28 0.000 0.039 0.000  0.610 0.000  1.099 0.000   6.109 0.000   3.024 0.000   3.133 0.000 0.029 0.000  0.389 0.000
 27.291667  28.291667   34.10 0.000  1.16 0.000 9.999 0.259 99.99 0.259 0.167 0.000  0.809 0.000  1.455 0.000   5.812 0.000   2.862 0.000   2.949 0.000 0.024 0.000  0.283 0.000
 30.291667  31.291667   16.42 0.000  0.52 0.000 9.999 0.259  0.16 0.000 0.166 0.000  0.713 0.000  1.283 0.000   4.423 0.000   2.019 0.000   2.404 0.000 0.015 0.000  0.216 0.000
 33.291667  34.291667   14.40 0.000  0.55 0.000 9.999 0.259  0.42 0.000 0.039 0.000  0.279 0.000  0.501 0.000   5.113 0.000   2.503 0.000   2.609 0.000 0.012 0.000  0.373 0.000
 36.291667  37.291667   14.71 0.000  0.97 0.000 9.999 0.259  0.37 0.000 0.057 0.000  0.418 0.000  0.753 0.000   5.182 0.000   1.897 0.000   3.284 0.000 0.019 0.000  0.449 0.000
 39.291667  40.291667   23.58 0.000  1.37 0.000 0.013 0.000  0.17 0.000 0.084 0.559  0.386 0.000  0.696 0.000   5.722 0.000   2.862 0.000   2.859 0.000 0.021 0.000  0.298 0.559
 42.291667  43.291667    9.40 0.000  0.39 0.000 9.999 0.259  0.16 0.000 0.033 0.000  0.356 0.000  0.641 0.000   2.128 0.000   0.842 0.000   1.286 0.000 0.011 0.000  0.096 0.000
 45.291667  46.291667   26.94 0.000  0.55 0.000 9.999 0.259 99.99 0.259 0.033 0.000  0.572 0.000  1.030 0.000   5.027 0.000   2.957 0.000   2.071 0.000 0.015 0.000  0.121 0.000
 48.291667  49.291667   11.51 0.000  0.33 0.000 9.999 0.259  0.21 0.000 0.032 0.000  0.366 0.000  0.658 0.000   3.089 0.000   1.269 0.000   1.819 0.000 0.013 0.000  0.184 0.000
 51.291667  52.291667   13.08 0.000  0.62 0.000 9.999 0.259 99.99 0.259 0.029 0.559  0.204 0.000  0.367 0.000   2.889 0.000   1.576 0.000   1.313 0.000 0.014 0.000  0.086 0.559
 54.291667  55.291667   24.06 0.000  0.45 0.000 0.011 0.000  0.22 0.000 0.145 0.000  0.571 0.000  1.028 0.000   5.451 0.000   3.513 0.000   1.937 0.000 0.016 0.000  0.132 0.000
 57.291667  58.291667   17.01 0.000  1.17 0.000 9.999 0.259 99.99 0.259 0.182 0.000  0.639 0.000  1.150 0.000   5.201 0.000   2.803 0.000   2.397 0.000 0.013 0.000  0.245 0.000
 60.291667  61.291667   46.70 0.000  2.06 0.000 9.999 0.259  0.24 0.000 0.093 0.000  0.867 0.000  1.560 0.000   9.152 0.000   5.489 0.000   3.661 0.000 0.029 0.000  0.333 0.000
 63.291667  64.291667   22.59 0.000  1.06 0.000 9.999 0.259  0.29 0.000 0.099 0.000  0.614 0.000  1.106 0.000   5.377 0.000   2.817 0.000   2.559 0.000 0.024 0.000  0.274 0.000
 66.291667  67.291667   33.52 0.000  1.98 0.000 9.999 0.259 99.99 0.259 0.368 0.559  1.053 0.000  1.896 0.000   6.945 0.000   3.812 0.000   3.175 0.000 0.020 0.000  0.240 0.559
 69.291667  70.291667   69.13 0.000  2.35 0.000 9.999 0.259 99.99 0.259 0.029 0.000  0.864 0.000  1.555 0.000   8.317 0.000   5.002 0.000   3.314 0.000 0.052 0.000  0.182 0.000
 72.291667  73.291667   50.80 0.000  1.29 0.000 0.013 0.000 99.99 0.259 0.052 0.000  0.589 0.000  1.060 0.000  11.250 0.000   7.562 0.000   3.688 0.000 0.043 0.000  0.329 0.000
 75.291667  76.291667   93.86 0.000  2.29 0.000 0.017 0.000 99.99 0.259 0.056 0.000  0.610 0.000  1.098 0.000  10.823 0.000   6.975 0.000   3.847 0.000 0.061 0.000  0.249 0.000
 78.291667  79.291667   33.80 0.000  1.17 0.000 0.010 0.000  0.23 0.000 0.059 0.000  0.531 0.000  0.956 0.000   5.052 0.000   2.609 0.000   2.442 0.000 0.027 0.000  0.188 0.000
 81.291667  82.291667   52.16 0.000  1.09 0.000 9.999 0.259  0.17 0.000 0.049 0.000  0.420 0.000  0.756 0.000   6.037 0.000   3.527 0.000   2.510 0.000 0.038 0.000  0.120 0.000
 84.291667  85.291667   35.32 0.000  1.16 0.000 0.012 0.000 99.99 0.259 0.073 0.000  0.528 0.000  0.951 0.000   6.999 0.000   5.179 0.000   1.820 0.000 0.023 0.000  0.096 0.000
 87.291667  88.291667  101.13 0.000  1.25 0.000 0.027 0.000  0.14 0.000 0.070 0.000  0.541 0.000  0.973 0.000  14.173 0.000  10.399 0.000   3.920 0.000 0.061 0.000  0.199 0.000
 90.291667  91.291667  249.88 0.000  0.60 0.000 9.999 0.259  0.11 0.000 0.032 0.000  0.760 0.000  1.369 0.000  26.076 0.000  17.785 0.000   8.289 0.000 0.166 0.000  0.184 0.000
 93.291667  94.291667  156.94 0.000  1.35 0.000 0.052 0.000  0.16 0.000 0.056 0.000  0.644 0.000  1.160 0.000  16.741 0.000  10.613 0.000   6.127 0.000 0.133 0.000  0.306 0.000
 96.291667  97.291667  142.90 0.000  1.58 0.000 0.043 0.000  0.10 0.000 0.031 0.000  0.594 0.000  1.068 0.000  12.646 0.000   7.481 0.000   5.164 0.000 0.096 0.000  0.277 0.000
 99.291667 100.291667   58.15 0.000  1.15 0.000 0.021 0.000 99.99 0.259 0.056 0.000  0.460 0.000  0.829 0.000   6.860 0.000   4.098 0.000   2.762 0.000 0.049 0.000  0.134 0.000
102.291667 103.291667  201.36 0.000  2.28 0.000 0.061 0.000  0.11 0.000 0.050 0.000  1.252 0.000  2.253 0.000  16.992 0.000  10.029 0.000   6.962 0.000 0.124 0.000  0.358 0.000
105.291667 106.291667  284.90 0.000  3.59 0.000 0.128 0.000  0.18 0.000 0.091 0.000  1.160 0.000  2.088 0.000  25.194 0.000  15.004 0.000  10.189 0.000 0.191 0.000  0.624 0.000
108.291667 109.291667  182.63 0.000  1.93 0.000 0.086 0.000  0.25 0.000 0.080 0.000  0.334 0.000  0.602 0.000  14.562 0.000   8.236 0.000   6.431 0.000 0.115 0.000  0.405 0.000
111.291667 112.291667  192.29 0.000  1.07 0.000 0.075 0.000 99.99 0.259 0.106 0.000  0.828 0.000  1.490 0.000  19.893 0.000  13.056 0.000   6.836 0.000 0.161 0.000  0.262 0.000
114.291667 115.291667   47.33 0.000  0.96 0.000 0.017 0.000 99.99 0.259 0.077 0.000  0.342 0.000  0.616 0.000   5.492 0.000   3.038 0.000   2.454 0.000 0.030 0.000  0.165 0.000
117.291667 118.291667  119.46 0.000  1.34 0.000 9.999 0.259  0.15 0.000 0.056 0.000  0.448 0.000  0.806 0.000   9.560 0.000   5.255 0.000   4.305 0.000 0.075 0.000  0.303 0.000
120.291667 121.291667   70.01 0.000  0.77 0.000 9.999 0.259 99.99 0.259 0.046 0.000  0.513 0.000  0.923 0.000   6.879 0.000   3.898 0.000   2.981 0.000 0.046 0.000  0.171 0.000
123.291667 124.291667  152.52 0.000  2.41 0.000 0.018 0.000 99.99 0.259 0.084 0.000  0.807 0.000  1.453 0.000  14.329 0.000   6.784 0.000   7.543 0.000 0.098 0.000  0.664 0.000
126.291667 127.291667   87.98 0.000  1.86 0.000 0.022 0.000 99.99 0.259 0.067 0.000  0.488 0.000  0.878 0.000   9.720 0.000   6.040 0.000   3.679 0.000 0.062 0.000  0.308 0.000
129.291667 130.291667  203.01 0.000  2.02 0.000 9.999 0.259  0.24 0.000 0.064 0.000  0.435 0.000  0.783 0.000  16.716 0.000  10.661 0.000   6.310 0.000 0.123 0.000  0.463 0.000
132.291667 133.291667  139.22 0.000  1.43 0.000 9.999 0.259  0.18 0.000 0.044 0.000  0.644 0.000  1.159 0.000  11.989 0.000   7.180 0.000   4.808 0.000 0.090 0.000  0.203 0.000
135.291667 136.291667  128.60 0.000  1.51 0.000 9.999 0.259  0.20 0.000 0.056 0.000  0.829 0.000  1.492 0.000  10.881 0.000   4.989 0.000   5.890 0.000 0.115 0.000  0.432 0.000
138.291667 139.291667  219.26 0.000  2.07 0.000 0.058 0.000 99.99 0.259 0.091 0.000  1.051 0.000  1.892 0.000  11.900 0.000   4.081 0.000   7.818 0.000 0.146 0.000  0.430 0.000
141.291667 142.291667  141.32 0.000  2.37 0.000 0.030 0.000 99.99 0.259 0.083 0.000  2.327 0.000  4.189 0.000  18.362 0.000   9.592 0.000   8.770 0.000 0.143 0.000  0.520 0.000
144.291667 145.291667  143.09 0.000  1.23 0.000 0.050 0.000  1.35 0.000 0.201 0.000  1.544 0.000  2.778 0.000  23.452 0.000  13.200 0.000  10.109 0.000 0.151 0.000  0.936 0.000
147.291667 148.291667   25.71 0.000  0.72 0.000 9.999 0.259 99.99 0.259 0.053 0.000  1.078 0.000  1.940 0.000   5.971 0.000   1.706 0.000   4.245 0.000 0.037 0.000  0.448 0.000
150.291667 151.291667   58.26 0.000  0.77 0.000 0.023 0.000  0.37 0.000 0.067 0.000  0.846 0.000  1.522 0.000  17.064 0.000  12.335 0.000   4.597 0.000 0.057 0.000  0.501 0.000
153.291667 154.291667   64.09 0.000  0.63 0.000 0.017 0.000  0.26 0.000 0.067 0.000  0.670 0.000  1.206 0.000  10.944 0.000   6.942 0.000   3.927 0.000 0.060 0.000  0.364 0.000
156.291667 157.291667   71.06 0.000  0.94 0.000 9.999 0.259  0.25 0.000 0.077 0.000  0.705 0.000  1.268 0.000  11.450 0.000   6.660 0.000   4.718 0.000 0.064 0.000  0.454 0.000
159.291667 160.291667   64.32 0.000  0.93 0.000 0.018 0.000  0.66 0.000 0.055 0.000  0.805 0.000  1.450 0.000  13.145 0.000   7.685 0.000   5.377 0.000 0.073 0.000  0.419 0.000
162.291667 163.291667   78.89 0.000  0.55 0.000 0.025 0.000  0.12 0.000 0.067 0.000  0.817 0.000  1.471 0.000  16.452 0.000  11.760 0.000   4.567 0.000 0.079 0.000  0.290 0.000
165.291667 166.291667   78.32 0.000  1.04 0.000 9.999 0.259  0.80 0.000 0.089 0.000  1.437 0.000  2.586 0.000  19.233 0.000  10.489 0.000   8.631 0.000 0.094 0.000  0.965 0.000
168.291667 169.291667   43.73 0.000  0.82 0.000 0.009 0.000  0.26 0.000 0.030 0.000  0.933 0.000  1.679 0.000   9.933 0.000   5.476 0.000   4.398 0.000 0.048 0.000  0.527 0.000
171.291667 172.291667   77.06 0.000  1.12 0.000 9.999 0.259  0.17 0.000 0.041 0.000  1.616 0.559  2.908 0.559  16.798 0.000   9.633 0.000   7.263 0.000 0.089 0.000  0.725 0.000
174.291667 175.291667   54.19 0.000  0.83 0.000 9.999 0.259  0.26 0.000 0.058 0.000  1.232 0.000  2.218 0.000  12.879 0.000   6.560 0.000   6.248 0.000 0.067 0.000  0.586 0.000
177.291667 178.291667   41.13 0.000  0.89 0.000 9.999 0.259  0.13 0.000 0.030 0.000  1.030 0.559  1.853 0.559  10.045 0.000   5.153 0.000   4.836 0.000 0.048 0.000  0.582 0.000
180.291667 181.291667  115.59 0.000  1.07 0.000 0.027 0.000  0.14 0.000 0.037 0.000  1.361 0.000  2.450 0.000  17.183 0.000  11.160 0.000   5.904 0.000 0.138 0.000  0.356 0.000
183.291667 184.291667   53.78 0.000  1.99 0.000 0.017 0.000  0.20 0.000 0.070 0.000  0.948 0.000  1.707 0.000  13.980 0.000   8.146 0.000   5.747 0.000 0.158 0.000  0.622 0.000
186.291667 187.291667  103.52 0.000  0.81 0.000 9.999 0.259  0.17 0.000 0.039 0.000  1.124 0.000  2.023 0.000  15.506 0.000   9.586 0.000   5.818 0.000 0.108 0.000  0.445 0.000
189.291667 190.291667   50.19 0.000  0.68 0.000 0.013 0.000  0.16 0.000 0.052 0.000  0.887 0.000  1.596 0.000  10.024 0.000   5.677 0.000   4.285 0.000 0.077 0.000  0.443 0.000
192.291667 193.291667  175.13 0.000  0.82 0.000 0.043 0.000 99.99 0.259 0.049 0.000  1.007 0.000  1.813 0.000  24.606 0.000  17.878 0.000   6.903 0.000 0.127 0.000  0.346 0.000
195.291667 196.291667  110.60 0.000  0.84 0.000 9.999 0.259  0.32 0.000 0.074 0.000  1.809 0.000  3.256 0.000  21.969 0.000  13.027 0.000   8.801 0.000 0.117 0.000  0.676 0.000
198.291667 199.291667   74.39 0.000  0.59 0.000 9.999 0.259 99.99 0.259 0.054 0.000  2.003 0.000  3.605 0.000  16.074 0.000   8.701 0.000   7.278 0.000 0.111 0.000  0.481 0.000
201.291667 202.291667  112.52 0.000  0.76 0.000 9.999 0.259  0.20 0.000 0.066 0.000  1.437 0.559  2.587 0.559  16.036 0.000   9.045 0.000   6.893 0.000 0.094 0.000  0.557 0.000
204.291667 205.291667   19.37 0.000  1.98 0.000 9.999 0.259 99.99 0.259 0.039 0.000  0.851 0.559  1.532 0.559   5.755 0.000   2.837 0.000   2.887 0.000 0.018 0.000  0.314 0.000
207.291667 208.291667   79.35 0.000  0.68 0.000 9.999 0.259 99.99 0.259 0.037 0.000  0.945 0.559  1.700 0.559  15.662 0.000  10.788 0.000   4.759 0.000 0.061 0.000  0.375 0.000
210.291667 211.291667   58.42 0.000  0.62 0.000 0.010 0.000 99.99 0.259 0.024 0.000  0.730 0.559  1.314 0.559   5.207 0.000   2.273 0.000   2.909 0.000 0.028 0.000  0.249 0.000
213.291667 214.291667   87.78 0.000  0.69 0.000 9.999 0.259  0.15 0.000 0.040 0.000  0.873 0.559  1.572 0.559   7.993 0.000   3.661 0.000   4.369 0.000 0.040 0.000  0.376 0.000
216.291667 217.291667  102.19 0.000  0.54 0.000 9.999 0.259  0.15 0.000 0.050 0.000  0.783 0.559  1.410 0.559   9.073 0.000   3.670 0.000   5.362 0.000 0.048 0.000  0.592 0.000
219.291667 220.291667   44.09 0.000  0.75 0.000 9.999 0.259 99.99 0.259 0.080 0.000  0.782 0.559  1.407 0.559   5.946 0.000   1.992 0.000   3.931 0.000 0.025 0.000  0.406 0.000
222.291667 223.291667   48.07 0.000  0.74 0.000 9.999 0.259  0.27 0.000 0.066 0.000  0.542 0.559  0.976 0.559  10.196 0.000   4.762 0.000   5.382 0.000 0.036 0.000  0.769 0.000
225.291667 226.291667   26.02 0.000  1.24 0.000 9.999 0.259  0.16 0.000 0.028 0.000  0.463 0.559  0.833 0.559   5.284 0.000   2.308 0.000   2.950 0.000 0.019 0.000  0.349 0.000
228.291667 229.291667   41.89 0.000  1.03 0.000 9.999 0.259  0.23 0.000 0.056 0.000  0.738 0.000  1.328 0.000  10.025 0.000   4.767 0.000   5.206 0.000 0.027 0.000  0.686 0.000
231.291667 232.291667   37.95 0.000  0.84 0.000 9.999 0.259 99.99 0.259 0.049 0.000  0.731 0.559  1.315 0.559   9.138 0.000   5.343 0.000   3.738 0.000 0.046 0.000  0.407 0.000
234.291667 235.291667   22.67 0.000 99.99 0.259 9.999 0.259  0.14 0.000 0.029 0.000  0.646 0.559  1.163 0.559   5.025 0.000   1.835 0.000   3.190 0.000 0.022 0.000  0.309 0.000
237.291667 238.291667   52.11 0.000  1.06 0.000 9.999 0.259 99.99 0.259 0.042 0.000  0.833 0.000  1.499 0.000  11.938 0.000   7.319 0.000   4.540 0.000 0.035 0.000  0.406 0.000
240.291667 241.291667   62.82 0.000  0.89 0.000 9.999 0.259  0.07 0.000 0.032 0.000  1.022 0.559  1.840 0.559  11.527 0.000   6.937 0.000   4.515 0.000 0.055 0.000  0.348 0.000
243.291667 244.291667   80.97 0.000  0.80 0.000 9.999 0.259  0.29 0.000 0.062 0.000  1.057 0.000  1.902 0.000  16.502 0.000  10.851 0.000   5.535 0.000 0.084 0.000  0.465 0.000
246.291667 247.291667   49.17 0.000  1.09 0.000 9.999 0.259  0.12 0.000 0.025 0.000  1.062 0.000  1.911 0.000  10.644 0.000   4.599 0.000   5.995 0.000 0.037 0.000  0.774 0.000
249.291667 250.291667   28.50 0.000  0.87 0.000 9.999 0.259  0.13 0.000 0.014 0.000  0.746 0.559  1.343 0.559   6.801 0.000   3.494 0.000   3.269 0.000 0.021 0.000  0.417 0.000
252.291667 253.291667   22.81 0.000  0.68 0.000 9.999 0.259  0.55 0.000 0.086 0.000  0.738 0.559  1.328 0.559  10.855 0.000   5.393 0.000   5.404 0.000 0.029 0.000  0.862 0.000
255.291667 256.291667   34.90 0.000  0.59 0.000 9.999 0.259  0.47 0.000 0.024 0.000  0.472 0.559  0.849 0.559   7.942 0.000   5.392 0.000   2.586 0.000 0.028 0.000  0.264 0.000
258.291667 259.291667   65.42 0.000  0.63 0.000 9.999 0.259 99.99 0.259 0.014 0.000  0.425 0.559  0.766 0.559   6.867 0.000   4.197 0.000   2.625 0.000 0.047 0.000  0.139 0.000
261.291667 262.291667   40.00 0.000  0.92 0.000 9.999 0.259  0.20 0.000 0.018 0.000  0.516 0.559  0.929 0.559   7.900 0.000   4.873 0.000   2.974 0.000 0.029 0.000  0.300 0.000
264.291667 265.291667  140.45 0.000  1.44 0.000 9.999 0.259  0.30 0.000 0.054 0.000  0.951 0.000  1.711 0.000  17.103 0.000   9.653 0.000   7.345 0.000 0.113 0.000  0.589 0.000
267.291667 268.291667   39.49 0.000  0.90 0.000 9.999 0.259  0.25 0.000 0.024 0.000  0.637 0.559  1.147 0.559   7.492 0.000   4.195 0.000   3.252 0.000 0.029 0.000  0.366 0.000
