scripts/IMPROVE-2019_partial/data/US9034R.20110103060000.20191216000000.filterpack...1y.3d.US03L_filterpack_US9034.US03L_IMPROVE_Davis.lev2.nas
51 1001
MISSING INFORMATION
US03L, IMPROVE, , , , , , , 
MISSING INFORMATION
IMPROVE sel_HTAP
1 1
2011 01 01 2019 12 16
3.00
days from file reference point
4
1 1 1 1
999.99 999.999 999.999 9.999
end_time of measurement, days from the file reference point
pm10_mass, ug/m3, Matrix=pm10
pm25_mass, ug/m3, Matrix=pm25
numflag, no unit
0
33
Data definition:              EBAS_1.1
Set type code:                TU
Timezone:                     UTC
File name:                    US9034R.20110103060000.20191216000000.filterpack...1y.3d.US03L_filterpack_US9034.US03L_IMPROVE_Davis.lev2.nas
File creation:                20191218120734
Startdate:                    20110103060000
Revision date:                20191216000000
Version:                      2
Version description:          "Data extracted from http://views.cira.colostate.edu/fed/DataWizard 2019-12-16"
Statistics:                   arithmetic mean
Data level:                   2
Period code:                  1y
Resolution code:              3d
Sample duration:              1d
Orig. time res.:              3d
Station code:                 US9034R
Platform code:                US9034S
Station name:                 Upper Buffalo Wilderness
Station latitude:             35.8258
Station longitude:            -93.203
Station altitude:             722.0 m
Regime:                       IMG
Component:                    
Unit:                         ug/m3
Matrix:                       
Laboratory code:              US03L
Instrument type:              filterpack
Instrument name:              filterpack_US9034
Method ref:                   US03L_IMPROVE_Davis
Blank correction:             Blank corrected
Volume std. temperature:      ambient
Volume std. pressure:         ambient
starttime endtime PM10 PM2.5 flag
  2.25   3.25   7.228   3.985 0.000
  5.25   6.25   8.250   2.940 0.000
  8.25   9.25   6.905   4.216 0.000
 11.25  12.25  13.936   9.993 0.000
 14.25  15.25  16.239   8.341 0.000
 17.25  18.25  12.032   9.399 0.000
 20.25  21.25   6.940   4.963 0.000
 23.25  24.25  11.316   7.637 0.000
 26.25  27.25  11.101   5.806 0.000
 29.25  30.25  22.569  16.476 0.000
 32.25  33.25 999.999 999.999 0.999
 35.25  36.25   9.708   7.557 0.000
 38.25  39.25   5.726   4.455 0.000
 41.25  42.25   9.007   4.077 0.000
 44.25  45.25   7.689   3.696 0.000
 47.25  48.25  28.667   8.626 0.000
 50.25  51.25  15.502   8.961 0.000
 53.25  54.25  20.368   9.589 0.000
 56.25  57.25  13.654   7.174 0.000
 59.25  60.25   7.842   5.106 0.000
 62.25  63.25  19.437  11.315 0.000
 65.25  66.25   9.909   6.726 0.000
 68.25  69.25   6.799   5.306 0.000
 71.25  72.25  16.119  10.843 0.000
 74.25  75.25  11.784   8.194 0.000
 77.25  78.25  20.153  10.757 0.000
 80.25  81.25  20.080  11.741 0.000
 83.25  84.25  22.425  10.638 0.000
 86.25  87.25  10.654   7.579 0.000
 89.25  90.25  14.437  11.339 0.000
 92.25  93.25  22.614  14.339 0.000
 95.25  96.25  17.304   7.623 0.000
 98.25  99.25  20.128  11.263 0.000
101.25 102.25  12.010   4.813 0.000
104.25 105.25  15.412   4.761 0.000
107.25 108.25  25.771  15.640 0.000
110.25 111.25   8.363   3.151 0.000
113.25 114.25   6.688   3.434 0.000
116.25 117.25 999.999 999.999 0.999
119.25 120.25  12.639   4.956 0.000
122.25 123.25  16.463   4.121 0.000
125.25 126.25  17.339   4.139 0.000
128.25 129.25  32.822  15.315 0.000
131.25 132.25  49.628  10.494 0.000
134.25 135.25  12.416   2.003 0.000
137.25 138.25  23.088   8.960 0.000
140.25 141.25  15.927   8.345 0.000
143.25 144.25  23.457   9.946 0.000
146.25 147.25  44.957   8.712 0.000
149.25 150.25  19.701   7.743 0.000
152.25 153.25  57.950  18.289 0.000
155.25 156.25  27.647  14.997 0.000
158.25 159.25  57.721  23.491 0.000
161.25 162.25  27.263  12.357 0.000
164.25 165.25  33.975  16.645 0.000
167.25 168.25  22.737  12.400 0.000
170.25 171.25  16.081   7.554 0.000
173.25 174.25  18.143   5.576 0.000
176.25 177.25  15.219   7.702 0.000
179.25 180.25 999.999 999.999 0.999
182.25 183.25  25.609  16.536 0.000
185.25 186.25  20.790  11.078 0.000
188.25 189.25  20.044  11.413 0.000
191.25 192.25  20.413   9.819 0.000
194.25 195.25  13.920   7.395 0.000
197.25 198.25  17.613  10.089 0.000
200.25 201.25 999.999 999.999 0.999
203.25 204.25  22.833  12.616 0.000
206.25 207.25  21.953  10.288 0.000
209.25 210.25  17.914   9.992 0.000
212.25 213.25  18.892  10.361 0.000
215.25 216.25  18.879  11.785 0.000
218.25 219.25  13.909   7.244 0.000
221.25 222.25 999.999 999.999 0.999
224.25 225.25   7.723   3.532 0.000
227.25 228.25  21.973  11.049 0.000
230.25 231.25  29.834  15.063 0.000
233.25 234.25  18.483  11.406 0.000
236.25 237.25  18.159   6.720 0.000
239.25 240.25  20.596   7.467 0.000
242.25 243.25  36.365  20.727 0.000
245.25 246.25  24.975  13.265 0.000
248.25 249.25   8.327   2.069 0.000
251.25 252.25  22.316   6.362 0.000
254.25 255.25  19.423   7.779 0.000
257.25 258.25   9.740   3.255 0.000
260.25 261.25  13.655   9.107 0.000
263.25 264.25  15.098   5.881 0.000
266.25 267.25  13.610   6.099 0.000
269.25 270.25  24.273   5.410 0.000
272.25 273.25  21.281   3.520 0.000
275.25 276.25  13.920   5.772 0.000
278.25 279.25  28.471  12.899 0.000
281.25 282.25  16.810   7.387 0.000
284.25 285.25 999.999 999.999 0.999
287.25 288.25  10.659   3.320 0.000
290.25 291.25   9.007   3.807 0.000
293.25 294.25  16.906   4.599 0.000
296.25 297.25  10.472   5.394 0.000
299.25 300.25   6.150   3.061 0.000
302.25 303.25  12.208   6.028 0.000
305.25 306.25  17.877  11.593 0.000
308.25 309.25  12.298   9.819 0.000
311.25 312.25   7.471   3.905 0.000
314.25 315.25   8.449   3.607 0.000
317.25 318.25  14.875   7.779 0.000
320.25 321.25   8.448   2.721 0.000
323.25 324.25  11.636   7.624 0.000
326.25 327.25   3.863   1.866 0.000
329.25 330.25   6.960   4.591 0.000
332.25 333.25   8.208   4.816 0.000
335.25 336.25  16.977   9.373 0.000
338.25 339.25   9.508   7.092 0.000
341.25 342.25   7.136   4.162 0.000
344.25 345.25   8.597   5.843 0.000
347.25 348.25   1.670   0.897 0.000
350.25 351.25   6.325   4.080 0.000
353.25 354.25   4.327   2.611 0.000
356.25 357.25  10.749   7.626 0.000
359.25 360.25   3.010   2.012 0.000
362.25 363.25   8.603   5.012 0.000
