scripts/IMPROVE-2019_partial/data/US9002R.19950104070000.20191216000000.filterpack...1y.3d.US03L_filterpack_US9002.US03L_IMPROVE_Davis.lev2.nas
52 1001
MISSING INFORMATION
US03L, IMPROVE, , , , , , , 
MISSING INFORMATION
IMPROVE sel_HTAP
1 1
1995 01 01 2019 12 16
0
days from file reference point
5
1 1 1 1 1
999.999999 999.999 9.999 99.999 9.999
end_time of measurement, days from the file reference point
pm10_mass, ug/m3, Matrix=pm10
numflag pm10_mass, no unit, Matrix=pm10
pm25_mass, ug/m3, Matrix=pm25
numflag pm25_mass, no unit, Matrix=pm25
0
33
Data definition:              EBAS_1.1
Set type code:                TI
Timezone:                     UTC
File name:                    US9002R.19950104070000.20191216000000.filterpack...1y.3d.US03L_filterpack_US9002.US03L_IMPROVE_Davis.lev2.nas
File creation:                20191218120519
Startdate:                    19950104070000
Revision date:                20191216000000
Version:                      2
Version description:          "Data extracted from http://views.cira.colostate.edu/fed/DataWizard 2019-12-16"
Statistics:                   arithmetic mean
Data level:                   2
Period code:                  1y
Resolution code:              3d
Sample duration:              1d
Orig. time res.:              3d
Station code:                 US9002R
Platform code:                US9002S
Station name:                 Mount Zirkel Wilderness
Station latitude:             40.5383
Station longitude:            -106.6766
Station altitude:             3243.0 m
Regime:                       IMG
Component:                    
Unit:                         ug/m3
Matrix:                       
Laboratory code:              US03L
Instrument type:              filterpack
Instrument name:              filterpack_US9002
Method ref:                   US03L_IMPROVE_Davis
Blank correction:             Blank corrected
Volume std. temperature:      ambient
Volume std. pressure:         ambient
starttime endtime PM10 flag_PM10 PM2.5 flag_PM2.5
  3.291667   4.291667   5.859 0.000  0.833 0.000
  6.291667   7.291667   1.897 0.000  0.889 0.000
 10.291667  11.291667 999.999 0.999 99.999 0.999
 13.291667  14.291667 999.999 0.999 99.999 0.999
 17.291667  18.291667 999.999 0.999 99.999 0.999
 20.291667  21.291667 999.999 0.999 99.999 0.999
 24.291667  25.291667   8.182 0.000  1.044 0.000
 27.291667  28.291667  10.303 0.000  1.139 0.000
 31.291667  32.291667   0.815 0.000  0.596 0.000
 34.291667  35.291667   2.918 0.000  0.878 0.000
 38.291667  39.291667   2.974 0.000  0.880 0.000
 41.291667  42.291667   2.278 0.000  1.869 0.000
 45.291667  46.291667   4.924 0.000  0.531 0.000
 48.291667  49.291667   6.818 0.000  0.973 0.000
 52.291667  53.291667   6.167 0.000  2.781 0.000
 55.291667  56.291667   4.229 0.000  1.750 0.000
 59.291667  60.291667   5.894 0.000 99.999 0.999
 62.291667  63.291667   5.482 0.000  0.924 0.000
 66.291667  67.291667 999.999 0.999 99.999 0.999
 69.291667  70.291667   7.078 0.000  1.814 0.000
 73.291667  74.291667   2.678 0.000  1.327 0.000
 76.291667  77.291667   4.140 0.000  1.914 0.000
 80.291667  81.291667   5.197 0.000  1.120 0.000
 83.291667  84.291667   6.141 0.000  0.768 0.000
 87.291667  88.291667   8.624 0.000  3.128 0.000
 90.291667  91.291667   8.170 0.000  3.534 0.000
 94.291667  95.291667   7.171 0.000  2.096 0.000
 97.291667  98.291667   7.308 0.000  2.033 0.000
101.291667 102.291667   5.492 0.000  4.996 0.000
104.291667 105.291667   4.040 0.000  2.042 0.000
108.291667 109.291667  14.947 0.000  7.198 0.000
111.291667 112.291667   2.989 0.000  1.586 0.000
115.291667 116.291667   4.074 0.000  1.603 0.000
118.291667 119.291667   1.713 0.000  0.405 0.000
122.291667 123.291667   1.944 0.000 99.999 0.999
125.291667 126.291667  13.380 0.000  7.384 0.000
129.291667 130.291667   7.707 0.000  1.389 0.000
132.291667 133.291667  11.136 0.000  1.605 0.000
136.291667 137.291667   4.673 0.000  0.720 0.000
139.291667 140.291667   4.973 0.000  1.768 0.000
143.291667 144.291667   8.788 0.000  2.389 0.000
146.291667 147.291667   2.915 0.000  0.758 0.000
150.291667 151.291667   3.684 0.000  2.061 0.000
153.291667 154.291667   6.563 0.000  3.111 0.000
157.291667 158.291667  10.703 0.000  3.807 0.000
160.291667 161.291667   3.854 0.000  2.876 0.000
164.291667 165.291667  13.235 0.000  6.065 0.000
167.291667 168.291667   7.266 0.000  5.726 0.000
171.291667 172.291667   6.787 0.000  2.396 0.000
174.291667 175.291667   3.688 0.000  1.683 0.000
178.291667 179.291667   5.637 0.000  2.406 0.000
181.291667 182.291667   6.291 0.000  2.919 0.000
185.291667 186.291667   7.891 0.000  3.023 0.000
188.291667 189.291667   7.643 0.000  6.588 0.000
192.291667 193.291667  10.022 0.000  4.987 0.000
195.291667 196.291667   7.181 0.000  4.185 0.000
199.291667 200.291667   5.011 0.000  2.254 0.000
202.291667 203.291667   4.853 0.000  1.751 0.000
206.291667 207.291667  10.935 0.000  2.233 0.000
209.291667 210.291667  12.492 0.000  4.973 0.000
213.291667 214.291667  11.345 0.000  3.412 0.000
216.291667 217.291667   8.115 0.000  3.472 0.000
220.291667 221.291667  14.558 0.000  5.347 0.000
223.291667 224.291667   5.397 0.000  2.520 0.000
227.291667 228.291667   7.353 0.000  3.273 0.000
230.291667 231.291667   8.182 0.000  4.245 0.000
234.291667 235.291667   6.699 0.000  2.654 0.000
237.291667 238.291667   5.801 0.000  3.182 0.000
241.291667 242.291667   9.398 0.000  4.008 0.000
244.291667 245.291667  16.093 0.000  5.812 0.000
248.291667 249.291667   4.972 0.000  1.821 0.000
251.291667 252.291667   3.715 0.000  3.179 0.000
255.291667 256.291667 999.999 0.999 99.999 0.999
258.291667 259.291667   8.295 0.000  3.121 0.000
262.291667 263.291667   5.999 0.000  1.874 0.000
265.291667 266.291667   3.871 0.000  1.413 0.000
269.291667 270.291667   7.889 0.000  3.174 0.000
272.291667 273.291667 999.999 0.999 99.999 0.999
276.291667 277.291667 999.999 0.999 99.999 0.999
279.291667 280.291667   1.211 0.000 99.999 0.999
283.291667 284.291667   4.845 0.000  2.059 0.000
286.291667 287.291667   3.809 0.000  1.132 0.000
290.291667 291.291667   7.834 0.000  2.809 0.000
293.291667 294.291667  10.889 0.000  3.125 0.000
297.291667 298.291667   4.882 0.000  1.760 0.000
300.291667 301.291667   3.241 0.000  1.205 0.000
304.291667 305.291667   3.681 0.000  1.068 0.000
307.291667 308.291667   2.970 0.000  0.888 0.000
311.291667 312.291667   2.395 0.000  1.054 0.000
314.291667 315.291667 999.999 0.999 99.999 0.999
318.291667 319.291667   2.707 0.000  1.106 0.000
321.291667 322.291667   3.880 0.000  1.567 0.000
325.291667 326.291667   6.087 0.000  2.061 0.000
328.291667 329.291667   3.227 0.000  0.786 0.000
332.291667 333.291667   6.442 0.000  0.478 0.000
335.291667 336.291667   9.664 0.000  1.934 0.000
339.291667 340.291667   5.854 0.000 99.999 0.259
342.291667 343.291667   4.206 0.000  0.407 0.000
346.291667 347.291667   9.386 0.000  0.412 0.000
349.291667 350.291667   4.167 0.000  0.539 0.000
353.291667 354.291667   6.681 0.000  2.080 0.000
356.291667 357.291667   9.964 0.000  1.625 0.000
360.291667 361.291667 999.999 0.999 99.999 0.999
363.291667 364.291667 999.999 0.999 99.999 0.999
