scripts/IMPROVE-2019_partial/data/US9049R.20030103070000.20191216000000.filterpack..pm25.1y.1w.US03L_filterpack_US9049.US03L_IMPROVE_Davis.lev2.nas
66 1001
MISSING INFORMATION
US03L, IMPROVE, , , , , , , 
MISSING INFORMATION
IMPROVE sel_HTAP
1 1
2003 01 01 2019 12 16
3.000000
days from file reference point
27
1 1 1 1 1 1 1 1 1 1 1 1 1 1 1 1 1 1 1 1 1 1 1 1 1 1 1
999.999999 9999.99 9.999 99.99 9.999999 9.999 9.999999 9.99 9.999999 9.999 9.999 999.999 9.999 999.999 9.999 99.99 9.999999 999.999 9.999 999.999 9.999 999.999 9.999 9.999 9.999 9.999 9.999
end_time of measurement, days from the file reference point
iron, ng/m3, Revision date=20181210133000
numflag iron, no unit, Revision date=20181210133000
lead, ng/m3, Revision date=20181210133000
numflag lead, no unit, Revision date=20181210133000
magnesium, ug/m3, Revision date=20181210133000
numflag magnesium, no unit, Revision date=20181210133000
nickel, ng/m3, Revision date=20181210133000
numflag nickel, no unit, Revision date=20181210133000
nitrate, ug N/m3, Revision date=20181210133000
numflag nitrate, no unit, Revision date=20181210133000
organic_carbon, ug C/m3, Revision date=20181210133000
numflag organic_carbon, no unit, Revision date=20181210133000
organic_mass, ug/m3, Revision date=20181210133000
numflag organic_mass, no unit, Revision date=20181210133000
phosphorus, ng/m3, Revision date=20181210133000
numflag phosphorus, no unit, Revision date=20181210133000
pm10_mass, ug/m3, Version=2, Version description=Data extracted from http://views.cira.colostate.edu/fed/DataWizard 2019-12-16, Sample duration=1d, Orig. time res.=3d, Matrix=pm10, Blank correction=Blank corrected, Volume std. temperature=ambient, Volume std. pressure=ambient
numflag pm10_mass, no unit, Version=2, Version description=Data extracted from http://views.cira.colostate.edu/fed/DataWizard 2019-12-16, Sample duration=1d, Orig. time res.=3d, Matrix=pm10, Blank correction=Blank corrected, Volume std. temperature=ambient, Volume std. pressure=ambient
pm10_pm25_mass, ug/m3, Revision date=20181210133000, Matrix=pm10_pm25
numflag pm10_pm25_mass, no unit, Revision date=20181210133000, Matrix=pm10_pm25
pm25_mass, ug/m3, Version=2, Version description=Data extracted from http://views.cira.colostate.edu/fed/DataWizard 2019-12-16, Sample duration=1d, Orig. time res.=3d, Blank correction=Blank corrected, Volume std. temperature=ambient, Volume std. pressure=ambient
numflag pm25_mass, no unit, Version=2, Version description=Data extracted from http://views.cira.colostate.edu/fed/DataWizard 2019-12-16, Sample duration=1d, Orig. time res.=3d, Blank correction=Blank corrected, Volume std. temperature=ambient, Volume std. pressure=ambient
potassium, ug/m3, Revision date=20181210133000
numflag potassium, no unit, Revision date=20181210133000
sulphate_total, ug S/m3, Revision date=20181210133000
numflag sulphate_total, no unit, Revision date=20181210133000
0
25
Data definition:              EBAS_1.1
Set type code:                TU
Timezone:                     UTC
File name:                    US9049R.20030103070000.20191216000000.filterpack..pm25.1y.1w.US03L_filterpack_US9049.US03L_IMPROVE_Davis.lev2.nas
File creation:                20191218120849
Startdate:                    20030103070000
Revision date:                20191216000000
Statistics:                   arithmetic mean
Data level:                   2
Period code:                  1y
Resolution code:              1w
Station code:                 US9049R
Platform code:                US9049S
Station name:                 Weminuche Wilderness
Station latitude:             37.6594
Station longitude:            -107.7999
Station altitude:             2750.0 m
Regime:                       IMG
Component:                    
Matrix:                       pm25
Laboratory code:              US03L
Instrument type:              filterpack
Instrument name:              filterpack_US9049
Method ref:                   US03L_IMPROVE_Davis
starttime endtime Fe flag_Fe Pb flag_Pb Mg++ flag_Mg++ Ni flag_Ni NO3- flag_NO3- OC flag_OC OM flag_OM P flag_P PM10 flag_PM10 PM10-PM2.5 flag_PM10-PM2.5 PM2.5 flag_PM2.5 K+ flag_K+ SO4-- flag_SO4--
  2.291667   3.291667    2.97 0.559 99.99 0.559259 9.999 0.559259 9.99 0.559259 0.001 0.559   0.125 0.000   0.174 0.000  5.01 0.559000 999.999 0.456 999.999 0.999   0.314 0.559 0.002 0.559 0.033 0.559
  5.291667   6.291667    6.07 0.000  0.13 0.000000 9.999 0.259000 9.99 0.259000 0.004 0.000   0.240 0.000   0.336 0.000 99.99 0.259000 999.999 0.456 999.999 0.999   0.589 0.000 0.004 0.000 0.084 0.000
  8.291667   9.291667   11.71 0.000  0.41 0.000000 9.999 0.259000 0.06 0.000000 0.065 0.000   0.686 0.000   0.960 0.000 99.99 0.259000   4.449 0.000   1.776 0.000   2.673 0.000 0.014 0.000 0.278 0.000
 11.291667  12.291667    4.97 0.000  0.10 0.000000 0.023 0.000000 9.99 0.259000 0.005 0.000   0.248 0.000   0.348 0.000 99.99 0.259000   1.455 0.000   0.864 0.000   0.591 0.000 0.003 0.000 0.046 0.000
 14.291667  15.291667    6.27 0.000  0.09 0.000000 9.999 0.259000 9.99 0.259000 0.016 0.000   0.147 0.000   0.206 0.000 99.99 0.259000   1.123 0.000   0.239 0.000   0.883 0.000 0.004 0.000 0.087 0.000
 17.291667  18.291667   14.37 0.000  0.16 0.000000 9.999 0.259000 9.99 0.259000 0.030 0.000   0.374 0.000   0.524 0.000 99.99 0.259000   1.830 0.000   0.922 0.000   0.907 0.000 0.009 0.000 0.020 0.000
 20.291667  21.291667    4.69 0.000  0.15 0.000000 9.999 0.259000 9.99 0.259000 0.002 0.000   0.197 0.000   0.275 0.000 99.99 0.259000   0.462 0.000   0.162 0.000   0.300 0.000 0.003 0.000 0.025 0.000
 23.291667  24.291667    6.94 0.000  0.08 0.000000 9.999 0.259000 9.99 0.259000 0.003 0.000   0.242 0.000   0.338 0.000 99.99 0.259000   1.081 0.000   0.845 0.000   0.236 0.000 0.005 0.000 0.026 0.000
 26.291667  27.291667   12.07 0.000  1.36 0.000000 0.011 0.000000 0.03 0.000000 0.038 0.000   0.502 0.000   0.703 0.000 99.99 0.259000   2.786 0.000   1.285 0.000   1.502 0.000 0.016 0.000 0.139 0.000
 29.291667  30.291667    7.39 0.000  0.15 0.000000 0.013 0.000000 9.99 0.259000 0.002 0.000   0.126 0.000   0.177 0.000 99.99 0.259000   1.289 0.000   0.683 0.000   0.607 0.000 0.009 0.000 0.042 0.000
 32.291667  33.291667   82.78 0.000  0.58 0.000000 0.040 0.000000 9.99 0.259000 0.024 0.000   0.468 0.000   0.655 0.000 99.99 0.259000  14.388 0.000  10.977 0.000   3.411 0.000 0.068 0.000 0.073 0.000
 35.291667  36.291667    8.79 0.000  0.25 0.000000 0.012 0.000000 9.99 0.259000 0.015 0.000   0.222 0.000   0.311 0.000 99.99 0.259000   2.175 0.000   1.449 0.000   0.726 0.000 0.007 0.000 0.059 0.000
 38.291667  39.291667    8.17 0.000  0.34 0.000000 9.999 0.259000 9.99 0.259000 0.020 0.000   0.272 0.000   0.381 0.000 99.99 0.259000   1.631 0.000   0.844 0.000   0.788 0.000 0.007 0.000 0.071 0.000
 41.291667  42.291667   10.88 0.000  0.19 0.000000 9.999 0.259000 9.99 0.259000 0.009 0.000   0.242 0.000   0.340 0.000 99.99 0.259000 999.999 0.456 999.999 0.999   0.583 0.000 0.007 0.000 0.031 0.000
 44.291667  45.291667    2.31 0.000  0.15 0.000000 0.026 0.000000 9.99 0.259000 0.011 0.000   0.239 0.000   0.334 0.000 99.99 0.259000   0.832 0.000   0.655 0.000   0.177 0.000 0.004 0.000 0.018 0.000
 47.291667  48.291667    6.18 0.000  0.28 0.000000 0.010 0.000000 0.03 0.000000 0.077 0.000   0.441 0.000   0.618 0.000 99.99 0.259000   2.370 0.000   1.053 0.000   1.317 0.000 0.005 0.000 0.148 0.000
 50.291667  51.291667   11.11 0.000  0.36 0.000000 9.999 0.259000 9.99 0.259000 0.038 0.000   0.316 0.000   0.443 0.000 99.99 0.259000   2.952 0.000   1.844 0.000   1.109 0.000 0.009 0.000 0.110 0.000
 53.291667  54.291667   21.28 0.000  0.07 0.000000 0.017 0.000000 9.99 0.259000 0.036 0.000   0.176 0.000   0.246 0.000  6.54 0.000000   4.183 0.000   2.981 0.000   1.203 0.000 0.017 0.000 0.066 0.000
 56.291667  57.291667    3.52 0.000  0.09 0.000000 0.021 0.000000 9.99 0.259000 0.006 0.000   0.155 0.000   0.217 0.000 99.99 0.259000   1.289 0.000   0.425 0.000   0.864 0.000 0.004 0.000 0.106 0.000
 59.291667  60.291667   14.99 0.000  0.16 0.000000 9.999 0.259000 9.99 0.259000 0.011 0.000   0.317 0.000   0.444 0.000 99.99 0.259000   1.590 0.000   0.327 0.000   1.263 0.000 0.004 0.000 0.153 0.000
 62.291667  63.291667   13.81 0.000  0.49 0.000000 9.999 0.259000 9.99 0.259000 0.053 0.000   0.363 0.000   0.509 0.000 99.99 0.259000   2.815 0.000   1.382 0.000   1.433 0.000 0.010 0.000 0.121 0.000
 65.291667  66.291667   25.02 0.000  0.50 0.000000 9.999 0.259000 9.99 0.259000 0.016 0.000   0.335 0.000   0.469 0.000 99.99 0.259000   4.795 0.000   3.284 0.000   1.511 0.000 0.017 0.000 0.101 0.000
 68.291667  69.291667   26.89 0.000  0.39 0.000000 9.999 0.259000 9.99 0.259000 0.012 0.000   0.284 0.000   0.398 0.000 99.99 0.259000   3.244 0.000   1.744 0.000   1.499 0.000 0.020 0.000 0.079 0.000
 71.291667  72.291667   65.50 0.000  0.42 0.000000 0.020 0.000000 9.99 0.259000 0.035 0.000   0.541 0.000   0.757 0.000 99.99 0.259000   6.448 0.000   3.610 0.000   2.838 0.000 0.046 0.000 0.089 0.000
 74.291667  75.291667   11.15 0.000  0.52 0.000000 9.999 0.259000 9.99 0.259000 0.017 0.000   0.378 0.000   0.529 0.000 99.99 0.259000   1.653 0.000   0.516 0.000   1.137 0.000 0.013 0.000 0.105 0.000
 77.291667  78.291667   12.48 0.000 99.99 0.259000 9.999 0.259000 9.99 0.259000 0.016 0.000   0.364 0.000   0.510 0.000 99.99 0.259000   2.563 0.000   1.533 0.000   1.030 0.000 0.008 0.000 0.069 0.000
 80.291667  81.291667   37.67 0.000  0.33 0.000000 9.999 0.259000 9.99 0.259000 0.037 0.000   0.400 0.000   0.560 0.000 99.99 0.259000   3.596 0.000   1.727 0.000   1.870 0.000 0.020 0.000 0.167 0.000
 83.291667  84.291667   28.64 0.000  0.26 0.000000 9.999 0.259000 9.99 0.259000 0.015 0.000   0.175 0.000   0.246 0.000 99.99 0.259000   2.423 0.000   0.988 0.000   1.435 0.000 0.016 0.000 0.117 0.000
 86.291667  87.291667    5.99 0.000  0.20 0.000000 9.999 0.259000 9.99 0.259000 0.028 0.000   0.210 0.000   0.294 0.000 99.99 0.259000   1.799 0.000   0.681 0.000   1.118 0.000 0.005 0.000 0.136 0.000
 89.291667  90.291667   13.23 0.000  0.21 0.000000 0.014 0.000000 9.99 0.259000 0.012 0.000   0.332 0.000   0.465 0.000 99.99 0.259000   2.219 0.000   0.951 0.000   1.268 0.000 0.012 0.000 0.087 0.000
 92.291667  93.291667  104.51 0.000  1.18 0.000000 9.999 0.259000 0.06 0.000000 0.071 0.000   0.350 0.000   0.490 0.000 99.99 0.259000  16.841 0.000  10.493 0.000   6.348 0.000 0.076 0.000 0.349 0.000
 95.291667  96.291667   15.09 0.000  0.27 0.000000 9.999 0.259000 9.99 0.259000 0.026 0.000   0.304 0.000   0.425 0.000 99.99 0.259000   3.036 0.000   1.640 0.000   1.395 0.000 0.012 0.000 0.102 0.000
 98.291667  99.291667   45.09 0.000  0.58 0.000000 0.019 0.000000 0.08 0.000000 0.023 0.000   0.625 0.000   0.875 0.000 99.99 0.259000   3.927 0.000   1.436 0.000   2.491 0.000 0.028 0.000 0.109 0.000
101.291667 102.291667   94.39 0.559  1.32 0.559000 9.999 0.559259 9.99 0.559259 0.020 0.000   1.032 0.000   1.445 0.000 99.99 0.559259   8.143 0.000   2.817 0.000   5.326 0.559 0.057 0.559 0.133 0.000
104.291667 105.291667   47.76 0.000  0.41 0.000000 9.999 0.259000 9.99 0.259000 0.047 0.000   0.591 0.000   0.828 0.000 99.99 0.259000   6.820 0.000   4.362 0.000   2.458 0.000 0.037 0.000 0.287 0.000
107.291667 108.291667   54.50 0.000  0.38 0.000000 9.999 0.259000 0.06 0.000000 0.086 0.000   0.564 0.000   0.790 0.000 99.99 0.259000   6.737 0.000   4.094 0.000   2.643 0.000 0.036 0.000 0.170 0.000
110.291667 111.291667   75.90 0.000  0.43 0.000000 9.999 0.259000 0.06 0.000000 0.032 0.000   0.746 0.000   1.044 0.000 99.99 0.259000   7.730 0.000   4.432 0.000   3.298 0.000 0.047 0.000 0.172 0.000
113.291667 114.291667   44.89 0.000  0.58 0.000000 9.999 0.259000 0.06 0.000000 0.023 0.000   0.534 0.000   0.748 0.000 99.99 0.259000   4.051 0.000   1.888 0.000   2.163 0.000 0.029 0.000 0.163 0.000
116.291667 117.291667   92.16 0.000  0.54 0.000000 0.025 0.000000 0.08 0.000000 0.034 0.000   0.514 0.000   0.720 0.000 99.99 0.259000   6.246 0.000   2.711 0.000   3.535 0.000 0.063 0.000 0.167 0.000
119.291667 120.291667  123.70 0.000  0.56 0.000000 9.999 0.259000 0.13 0.000000 0.062 0.000   0.438 0.000   0.613 0.000 99.99 0.259000   9.451 0.000   5.099 0.000   4.351 0.000 0.080 0.000 0.141 0.000
122.291667 123.291667  271.04 0.000  0.86 0.000000 9.999 0.259000 9.99 0.259000 0.049 0.000   0.548 0.000   0.767 0.000 99.99 0.259000  19.387 0.000  11.310 0.000   8.076 0.000 0.248 0.000 0.153 0.000
125.291667 126.291667 9999.99 0.456 99.99 0.456000 9.999 0.456000 9.99 0.456000 0.015 0.000   0.489 0.000   0.685 0.000 99.99 0.456000   4.219 0.000 999.999 0.999 999.999 0.456 9.999 0.456 0.216 0.000
128.291667 129.291667  142.38 0.000  1.58 0.000000 9.999 0.259000 0.08 0.000000 0.069 0.000   1.099 0.000   1.539 0.000 99.99 0.259000  18.796 0.000  11.288 0.000   7.508 0.000 0.141 0.000 0.369 0.000
131.291667 132.291667   72.82 0.000  0.63 0.000000 9.999 0.259000 9.99 0.259000 0.025 0.000   0.525 0.000   0.735 0.000 99.99 0.259000   5.671 0.000   2.308 0.000   3.362 0.000 0.062 0.000 0.149 0.000
134.291667 135.291667   50.46 0.000  0.37 0.000000 9.999 0.259000 9.99 0.259000 0.019 0.000   0.613 0.000   0.858 0.000 99.99 0.259000   4.671 0.000   1.588 0.000   3.083 0.000 0.060 0.000 0.227 0.000
137.291667 138.291667   63.76 0.000  0.48 0.000000 9.999 0.259000 9.99 0.259000 0.042 0.000   1.234 0.000   1.728 0.000 99.99 0.259000   8.226 0.000   3.184 0.000   5.042 0.000 0.073 0.000 0.306 0.000
140.291667 141.291667   76.75 0.000  0.56 0.000000 9.999 0.259000 9.99 0.259000 0.039 0.000   0.809 0.000   1.132 0.000 99.99 0.259000   9.122 0.000   4.974 0.000   4.148 0.000 0.070 0.000 0.220 0.000
143.291667 144.291667  109.53 0.559  0.63 0.559000 9.999 0.559259 9.99 0.559259 0.041 0.000   1.235 0.000   1.729 0.000 99.99 0.559259  12.574 0.000   5.835 0.000   6.739 0.559 0.109 0.559 0.374 0.000
146.291667 147.291667   52.27 0.000  0.54 0.000000 9.999 0.259000 9.99 0.259000 0.035 0.000   0.991 0.000   1.387 0.000 99.99 0.259000   9.247 0.000   4.372 0.000   4.875 0.000 0.055 0.000 0.427 0.000
149.291667 150.291667   27.06 0.000  0.38 0.000000 9.999 0.259000 9.99 0.259000 0.012 0.000   0.785 0.000   1.099 0.000 99.99 0.259000   5.760 0.000   2.636 0.000   3.123 0.000 0.023 0.000 0.291 0.000
152.291667 153.291667   34.28 0.000  0.59 0.000000 9.999 0.259000 9.99 0.259000 0.018 0.000   0.981 0.000   1.373 0.000 99.99 0.259000   5.630 0.000   1.999 0.000   3.630 0.000 0.029 0.000 0.246 0.000
155.291667 156.291667   38.58 0.559  1.03 0.559000 9.999 0.559259 9.99 0.559259 0.023 0.000   1.065 0.000   1.491 0.000 99.99 0.559259   7.068 0.000   2.615 0.000   4.452 0.559 0.038 0.559 0.322 0.000
158.291667 159.291667   33.95 0.000  0.56 0.000000 0.025 0.000000 9.99 0.259000 0.012 0.000   0.905 0.000   1.267 0.000 99.99 0.259000   6.657 0.000   3.591 0.000   3.066 0.000 0.026 0.000 0.174 0.000
161.291667 162.291667 9999.99 0.999 99.99 0.999000 9.999 0.999000 9.99 0.999000 9.999 0.999 999.999 0.999 999.999 0.999 99.99 0.999000 999.999 0.999 999.999 0.999 999.999 0.999 9.999 0.999 9.999 0.999
164.291667 165.291667   38.72 0.000  0.29 0.000000 9.999 0.259000 0.05 0.000000 0.028 0.000   0.902 0.000   1.263 0.000 99.99 0.259000   8.670 0.000   3.665 0.000   5.005 0.000 0.045 0.000 0.550 0.000
167.291667 168.291667   39.44 0.559  0.36 0.559000 9.999 0.559259 9.99 0.559259 0.018 0.000   1.219 0.000   1.706 0.000 99.99 0.559259   7.516 0.000   2.916 0.000   4.600 0.559 0.049 0.559 0.299 0.000
170.291667 171.291667   55.76 0.000  0.57 0.000000 9.999 0.259000 9.99 0.259000 0.048 0.000   1.647 0.000   2.306 0.000 99.99 0.259000  10.582 0.000   4.996 0.000   5.586 0.000 0.070 0.000 0.311 0.000
173.291667 174.291667   93.56 0.000  0.28 0.000000 9.999 0.259000 0.10 0.000000 0.022 0.000   1.232 0.000   1.725 0.000 99.99 0.259000  12.327 0.000   7.330 0.000   4.997 0.000 0.065 0.000 0.120 0.000
176.291667 177.291667   30.70 0.000  0.35 0.000000 9.999 0.259000 9.99 0.259000 0.009 0.559   0.722 0.000   1.011 0.000 99.99 0.259000   5.794 0.000   3.175 0.000   2.619 0.000 0.020 0.000 0.128 0.559
179.291667 180.291667   23.31 0.559  0.28 0.559000 9.999 0.559259 0.05 0.559000 0.009 0.000   0.725 0.000   1.015 0.000 99.99 0.559259   4.943 0.000   2.683 0.000   2.260 0.559 0.015 0.559 0.097 0.000
182.291667 183.291667   71.97 0.000  0.34 0.000000 9.999 0.259000 0.06 0.000000 0.025 0.000   1.113 0.000   1.558 0.000 99.99 0.259000  11.683 0.000   7.010 0.000   4.673 0.000 0.076 0.000 0.226 0.000
185.291667 186.291667   52.19 0.559  0.45 0.559000 9.999 0.559259 9.99 0.559259 0.015 0.000   1.116 0.000   1.562 0.000 99.99 0.559259   7.476 0.000   3.700 0.000   3.776 0.559 0.047 0.559 0.141 0.000
188.291667 189.291667   63.93 0.000  0.55 0.000000 9.999 0.259000 0.07 0.000000 0.037 0.000   1.115 0.000   1.561 0.000 99.99 0.259000   9.244 0.000   4.600 0.000   4.644 0.000 0.073 0.000 0.190 0.000
191.291667 192.291667   71.86 0.000  0.41 0.000000 9.999 0.259000 0.16 0.000000 0.022 0.000   2.277 0.000   3.187 0.000 99.99 0.259000  12.143 0.000   5.873 0.000   6.269 0.000 0.055 0.000 0.128 0.000
194.291667 195.291667 9999.99 0.699 99.99 0.699000 9.999 0.699000 9.99 0.699000 0.088 0.000   4.701 0.000   6.582 0.000 99.99 0.699000  15.245 0.000 999.999 0.999 999.999 0.699 9.999 0.699 0.356 0.000
197.291667 198.291667   80.86 0.559  0.21 0.559000 9.999 0.559259 9.99 0.559259 0.026 0.000   3.078 0.000   4.310 0.000 99.99 0.559259  12.081 0.000   2.878 0.000   9.203 0.559 0.081 0.559 0.325 0.000
200.291667 201.291667   41.44 0.000  0.21 0.000000 9.999 0.259000 9.99 0.259000 0.014 0.000   2.098 0.000   2.938 0.000 99.99 0.259000   7.761 0.000   1.996 0.000   5.766 0.000 0.043 0.000 0.226 0.000
203.291667 204.291667   24.31 0.000  0.18 0.000000 9.999 0.259000 0.04 0.000000 0.016 0.000   1.292 0.000   1.809 0.000 99.99 0.259000   7.189 0.000   3.113 0.000   4.076 0.000 0.026 0.000 0.218 0.000
206.291667 207.291667   39.76 0.000  0.27 0.000000 9.999 0.259000 9.99 0.259000 0.016 0.000   0.993 0.000   1.390 0.000 99.99 0.259000   5.270 0.000   1.948 0.000   3.321 0.000 0.028 0.000 0.205 0.000
209.291667 210.291667   26.93 0.000 99.99 0.259000 9.999 0.259000 9.99 0.259000 0.016 0.559   1.068 0.000   1.495 0.000 99.99 0.259000   4.485 0.000   1.221 0.000   3.264 0.000 0.024 0.000 0.167 0.559
212.291667 213.291667   32.55 0.000  0.15 0.000000 9.999 0.259000 0.08 0.000000 0.013 0.559   0.917 0.000   1.284 0.000 99.99 0.259000   5.342 0.000   2.215 0.000   3.127 0.000 0.022 0.000 0.151 0.559
215.291667 216.291667   20.12 0.000  0.17 0.000000 9.999 0.259000 0.08 0.000000 0.008 0.000   0.571 0.000   0.799 0.000 99.99 0.259000   3.595 0.000   1.311 0.000   2.284 0.000 0.015 0.000 0.172 0.000
218.291667 219.291667   58.43 0.000  0.29 0.000000 9.999 0.259000 0.19 0.000000 0.011 0.559   0.752 0.000   1.053 0.000 99.99 0.259000   6.164 0.000   2.178 0.000   3.986 0.000 0.037 0.000 0.246 0.559
221.291667 222.291667   23.65 0.000  0.24 0.000000 9.999 0.259000 0.86 0.000000 0.008 0.000   0.679 0.000   0.951 0.000 99.99 0.259000   5.726 0.000   3.317 0.000   2.409 0.000 0.018 0.000 0.140 0.000
224.291667 225.291667   11.24 0.000  0.20 0.000000 9.999 0.259000 9.99 0.259000 0.011 0.000   0.886 0.000   1.240 0.000 99.99 0.259000   5.686 0.000   2.944 0.000   2.742 0.000 0.014 0.000 0.157 0.000
227.291667 228.291667    6.47 0.000  0.30 0.000000 0.021 0.000000 9.99 0.259000 0.018 0.000   0.784 0.000   1.097 0.000 99.99 0.259000   4.467 0.000   1.461 0.000   3.006 0.000 0.009 0.000 0.270 0.000
230.291667 231.291667   16.67 0.000  0.22 0.000000 9.999 0.259000 0.03 0.000000 0.016 0.000   1.301 0.000   1.822 0.000 99.99 0.259000   6.279 0.000   2.845 0.000   3.433 0.000 0.025 0.000 0.150 0.000
233.291667 234.291667   20.36 0.000  0.30 0.000000 9.999 0.259000 9.99 0.259000 0.015 0.000   0.944 0.000   1.321 0.000 99.99 0.259000   6.581 0.000   3.401 0.000   3.180 0.000 0.016 0.000 0.259 0.000
236.291667 237.291667    9.16 0.000  0.29 0.000000 9.999 0.259000 9.99 0.259000 0.008 0.000   0.565 0.000   0.790 0.000 99.99 0.259000   3.799 0.000   2.226 0.000   1.573 0.000 0.010 0.000 0.104 0.000
