scripts/IMPROVE-2019_partial/data/US9012R.20060102070000.20191216000000.filterpack..pm25.52w.1w.US03L_filterpack_US9012.US03L_IMPROVE_Davis.lev2.nas
66 1001
MISSING INFORMATION
US03L, IMPROVE, , , , , , , 
MISSING INFORMATION
IMPROVE sel_HTAP
1 1
2006 01 01 2019 12 16
3.000000
days from file reference point
27
1 1 1 1 1 1 1 1 1 1 1 1 1 1 1 1 1 1 1 1 1 1 1 1 1 1 1
999.999999 9999.99 9.999 99.99 9.999 9.999 9.999999 9.99 9.999999 9.999 9.999999 999.999 9.999 999.999 9.999 99.99 9.999999 999.999 9.999 999.999 9.999 999.999 9.999 9.999 9.999 9.999 9.999999
end_time of measurement, days from the file reference point
iron, ng/m3, Revision date=20181210133000
numflag iron, no unit, Revision date=20181210133000
lead, ng/m3, Revision date=20181210133000
numflag lead, no unit, Revision date=20181210133000
magnesium, ug/m3, Revision date=20181210133000
numflag magnesium, no unit, Revision date=20181210133000
nickel, ng/m3, Revision date=20181210133000
numflag nickel, no unit, Revision date=20181210133000
nitrate, ug N/m3, Revision date=20181210133000
numflag nitrate, no unit, Revision date=20181210133000
organic_carbon, ug C/m3, Revision date=20181210133000
numflag organic_carbon, no unit, Revision date=20181210133000
organic_mass, ug/m3, Revision date=20181210133000
numflag organic_mass, no unit, Revision date=20181210133000
phosphorus, ng/m3, Revision date=20181210133000
numflag phosphorus, no unit, Revision date=20181210133000
pm10_mass, ug/m3, Version=2, Version description=Data extracted from http://views.cira.colostate.edu/fed/DataWizard 2019-12-16, Sample duration=1d, Orig. time res.=3d, Matrix=pm10, Blank correction=Blank corrected, Volume std. temperature=ambient, Volume std. pressure=ambient
numflag pm10_mass, no unit, Version=2, Version description=Data extracted from http://views.cira.colostate.edu/fed/DataWizard 2019-12-16, Sample duration=1d, Orig. time res.=3d, Matrix=pm10, Blank correction=Blank corrected, Volume std. temperature=ambient, Volume std. pressure=ambient
pm10_pm25_mass, ug/m3, Revision date=20181210133000, Matrix=pm10_pm25
numflag pm10_pm25_mass, no unit, Revision date=20181210133000, Matrix=pm10_pm25
pm25_mass, ug/m3, Version=2, Version description=Data extracted from http://views.cira.colostate.edu/fed/DataWizard 2019-12-16, Sample duration=1d, Orig. time res.=3d, Blank correction=Blank corrected, Volume std. temperature=ambient, Volume std. pressure=ambient
numflag pm25_mass, no unit, Version=2, Version description=Data extracted from http://views.cira.colostate.edu/fed/DataWizard 2019-12-16, Sample duration=1d, Orig. time res.=3d, Blank correction=Blank corrected, Volume std. temperature=ambient, Volume std. pressure=ambient
potassium, ug/m3, Revision date=20181210133000
numflag potassium, no unit, Revision date=20181210133000
sulphate_total, ug S/m3, Revision date=20181210133000
numflag sulphate_total, no unit, Revision date=20181210133000
0
25
Data definition:              EBAS_1.1
Set type code:                TU
Timezone:                     UTC
File name:                    US9012R.20060102070000.20191216000000.filterpack..pm25.52w.1w.US03L_filterpack_US9012.US03L_IMPROVE_Davis.lev2.nas
File creation:                20191218120558
Startdate:                    20060102070000
Revision date:                20191216000000
Statistics:                   arithmetic mean
Data level:                   2
Period code:                  52w
Resolution code:              1w
Station code:                 US9012R
Platform code:                US9012S
Station name:                 Monture
Station latitude:             47.1222
Station longitude:            -113.1544
Station altitude:             1282.0 m
Regime:                       IMG
Component:                    
Matrix:                       pm25
Laboratory code:              US03L
Instrument type:              filterpack
Instrument name:              filterpack_US9012
Method ref:                   US03L_IMPROVE_Davis
starttime endtime Fe flag_Fe Pb flag_Pb Mg++ flag_Mg++ Ni flag_Ni NO3- flag_NO3- OC flag_OC OM flag_OM P flag_P PM10 flag_PM10 PM10-PM2.5 flag_PM10-PM2.5 PM2.5 flag_PM2.5 K+ flag_K+ SO4-- flag_SO4--
[from data line 79]
238.291667 239.291667   22.65 0.000  0.38 0.000 9.999 0.259000 9.99 0.259000 0.005 0.000000   1.922 0.000   3.461 0.000 99.99 0.259000   7.410 0.000   2.305 0.000   5.104 0.000 0.041 0.000 0.131 0.000000
241.291667 242.291667  118.76 0.000  0.64 0.000 0.023 0.000000 9.99 0.259000 0.117 0.000000   9.917 0.000  17.851 0.000 99.99 0.259000  31.894 0.000   7.694 0.000  24.201 0.000 0.224 0.000 0.237 0.000000
244.291667 245.291667   21.29 0.000  0.35 0.000 0.008 0.000000 9.99 0.259000 0.004 0.000000   0.985 0.000   1.773 0.000 99.99 0.259000   4.871 0.000   2.408 0.000   2.463 0.000 0.026 0.000 0.036 0.000000
247.291667 248.291667   51.37 0.000  0.30 0.000 0.015 0.000000 0.12 0.000000 0.034 0.000000   8.424 0.000  15.163 0.000 99.99 0.259000  23.003 0.000   3.349 0.000  19.654 0.000 0.160 0.000 0.159 0.000000
250.291667 251.291667   92.62 0.000  0.41 0.000 0.021 0.000000 9.99 0.259000 0.027 0.000000   5.658 0.000  10.185 0.000 99.99 0.259000  20.112 0.000   4.578 0.000  15.534 0.000 0.157 0.000 0.322 0.000000
253.291667 254.291667   57.45 0.000  0.50 0.000 0.028 0.000000 9.99 0.259000 0.011 0.000000   2.955 0.000   5.319 0.000 99.99 0.259000  12.210 0.000   4.655 0.000   7.556 0.000 0.093 0.000 0.088 0.000000
256.291667 257.291667   82.92 0.000  0.24 0.000 0.019 0.000000 9.99 0.259000 0.020 0.000000   2.925 0.000   5.264 0.000 99.99 0.259000  12.470 0.000   4.557 0.000   7.913 0.000 0.085 0.000 0.139 0.000000
259.291667 260.291667    9.64 0.000  0.38 0.000 9.999 0.259000 9.99 0.259000 0.017 0.000000   1.075 0.000   1.936 0.000 99.99 0.259000   4.070 0.000   0.953 0.000   3.117 0.000 0.036 0.000 0.127 0.000000
262.291667 263.291667    4.17 0.000  0.61 0.000 9.999 0.259000 9.99 0.259000 0.004 0.000000   0.460 0.000   0.829 0.000 99.99 0.259000   1.943 0.000   0.862 0.000   1.081 0.000 0.027 0.000 0.032 0.000000
265.291667 266.291667    3.39 0.000  0.20 0.000 9.999 0.259000 9.99 0.259000 0.004 0.000000   0.535 0.000   0.964 0.000 99.99 0.259000   2.539 0.000   0.726 0.000   1.814 0.000 0.012 0.000 0.131 0.000000
268.291667 269.291667   13.34 0.000  0.26 0.000 0.015 0.000000 0.12 0.000000 0.005 0.000000   1.670 0.000   3.007 0.000 99.99 0.259000 999.999 0.456 999.999 0.999   4.152 0.000 0.038 0.000 0.051 0.000000
271.291667 272.291667   55.65 0.000  0.63 0.000 9.999 0.259000 9.99 0.259000 0.010 0.000000   2.395 0.000   4.310 0.000 99.99 0.259000 999.999 0.456 999.999 0.999   6.966 0.000 0.090 0.000 0.105 0.000000
274.291667 275.291667   42.51 0.000  0.73 0.000 9.999 0.259000 9.99 0.259000 0.012 0.000000   2.498 0.000   4.496 0.000 99.99 0.259000 999.999 0.456 999.999 0.999   6.792 0.000 0.068 0.000 0.157 0.000000
277.291667 278.291667   43.28 0.000  0.42 0.000 9.999 0.259000 9.99 0.259000 0.010 0.000000   0.942 0.000   1.695 0.000 99.99 0.259000 999.999 0.456 999.999 0.999   3.694 0.000 0.058 0.000 0.146 0.000000
280.291667 281.291667   14.41 0.000  0.75 0.000 9.999 0.259000 9.99 0.259000 0.006 0.000000   0.691 0.000   1.245 0.000 99.99 0.259000 999.999 0.456 999.999 0.999   2.470 0.000 0.024 0.000 0.142 0.000000
283.291667 284.291667   24.75 0.000  0.23 0.000 9.999 0.259000 9.99 0.259000 0.009 0.000000   0.943 0.000   1.698 0.000 99.99 0.259000   7.104 0.000   3.446 0.000   3.659 0.000 0.038 0.000 0.133 0.000000
286.291667 287.291667   55.21 0.000  0.32 0.000 0.048 0.000000 9.99 0.259000 0.004 0.000000   1.159 0.000   2.086 0.000 99.99 0.259000  10.815 0.000   5.757 0.000   5.057 0.000 0.068 0.000 0.054 0.000000
289.291667 290.291667    1.02 0.000  0.12 0.000 9.999 0.259000 9.99 0.259000 0.004 0.000000   0.396 0.000   0.713 0.000 99.99 0.259000 999.999 0.456 999.999 0.999   1.420 0.000 0.007 0.000 0.057 0.000000
292.291667 293.291667    8.06 0.000  0.18 0.000 9.999 0.259000 0.07 0.000000 0.007 0.000000   0.136 0.000   0.245 0.000 99.99 0.259000 999.999 0.456 999.999 0.999   0.960 0.000 0.014 0.000 0.024 0.000000
295.291667 296.291667    4.60 0.000  1.47 0.000 9.999 0.259000 9.99 0.259000 0.007 0.000000   1.568 0.000   2.822 0.000 99.99 0.259000 999.999 0.456 999.999 0.999   4.099 0.000 0.032 0.000 0.107 0.000000
298.291667 299.291667    5.31 0.000  0.56 0.000 9.999 0.259000 9.99 0.259000 0.035 0.000000   1.349 0.000   2.429 0.000 99.99 0.259000 999.999 0.456 999.999 0.999   3.975 0.000 0.031 0.000 0.090 0.000000
301.291667 302.291667   25.55 0.000  1.33 0.000 0.013 0.000000 9.99 0.259000 0.012 0.000000   1.509 0.000   2.715 0.000 99.99 0.259000 999.999 0.456 999.999 0.999   4.843 0.000 0.037 0.000 0.215 0.000000
304.291667 305.291667    7.31 0.000  3.28 0.000 9.999 0.259000 9.99 0.259000 0.042 0.000000   3.289 0.000   5.920 0.000 99.99 0.259000   8.016 0.000   0.557 0.000   7.459 0.000 0.058 0.000 0.168 0.000000
307.291667 308.291667    0.88 0.000 99.99 0.259 9.999 0.259000 9.99 0.259000 0.001 0.000000   0.462 0.000   0.831 0.000 99.99 0.259000   1.551 0.000   0.467 0.000   1.084 0.000 0.008 0.000 0.011 0.000000
310.291667 311.291667    2.13 0.000  0.32 0.000 9.999 0.259000 0.26 0.000000 0.001 0.000000   0.614 0.000   1.106 0.000  3.32 0.000000 999.999 0.456 999.999 0.999   1.306 0.000 0.018 0.000 0.004 0.000000
313.291667 314.291667    1.72 0.000  0.15 0.000 9.999 0.259000 9.99 0.259000 0.006 0.000000   0.577 0.000   1.038 0.000 99.99 0.259000   2.129 0.000   0.355 0.000   1.773 0.000 0.013 0.000 0.049 0.000000
316.291667 317.291667    3.09 0.000  0.63 0.000 9.999 0.259000 9.99 0.259000 0.004 0.000000   0.373 0.000   0.672 0.000 99.99 0.259000   2.008 0.000   0.313 0.000   1.696 0.000 0.013 0.000 0.133 0.000000
319.291667 320.291667 9999.99 0.456 99.99 0.456 9.999 0.456000 9.99 0.456000 0.193 0.000000  31.919 0.000  57.454 0.000 99.99 0.456000 999.999 0.456 999.999 0.456 999.999 0.456 9.999 0.456 0.111 0.000000
322.291667 323.291667    3.08 0.000  0.63 0.000 9.999 0.259000 9.99 0.259000 0.012 0.000000   3.420 0.000   6.156 0.000 99.99 0.259000   7.152 0.000 999.999 0.259   7.205 0.000 0.034 0.000 0.180 0.000000
325.291667 326.291667    2.29 0.000  0.44 0.000 9.999 0.259000 9.99 0.259000 0.005 0.000000   0.715 0.000   1.286 0.000 99.99 0.259000   1.293 0.000   0.207 0.000   1.086 0.000 0.013 0.000 0.024 0.000000
328.291667 329.291667    0.71 0.000  0.33 0.000 0.008 0.000000 9.99 0.259000 0.007 0.000000   1.064 0.000   1.916 0.000 99.99 0.259000   1.801 0.000 999.999 0.259   1.969 0.000 0.021 0.000 0.037 0.000000
331.291667 332.291667    3.06 0.000  0.51 0.000 9.999 0.259000 9.99 0.259000 0.115 0.000000   1.027 0.000   1.849 0.000 99.99 0.259000   3.145 0.000   0.081 0.000   3.064 0.000 0.033 0.000 0.149 0.000000
334.291667 335.291667    2.33 0.394  0.31 0.394 9.999 0.394259 9.99 0.394259 0.009 0.394000   0.372 0.394   0.669 0.394 99.99 0.394259   1.684 0.000   0.185 0.394   1.500 0.000 0.011 0.394 0.129 0.394000
337.291667 338.291667    1.64 0.000  0.36 0.000 9.999 0.259000 0.12 0.000000 0.013 0.000000   0.920 0.000   1.656 0.000 99.99 0.259000   1.891 0.000   0.166 0.000   1.726 0.000 0.008 0.000 0.052 0.000000
340.291667 341.291667    2.32 0.000  0.19 0.000 9.999 0.259000 9.99 0.259000 0.011 0.000000   0.488 0.000   0.879 0.000 99.99 0.259000   1.429 0.000   0.288 0.000   1.141 0.000 0.006 0.000 0.052 0.000000
343.291667 344.291667    6.88 0.000  0.35 0.000 9.999 0.259000 9.99 0.259000 0.018 0.000000   1.039 0.000   1.870 0.000 99.99 0.259000   2.514 0.000   0.410 0.000   2.104 0.000 0.009 0.000 0.040 0.000000
346.291667 347.291667    1.01 0.000 99.99 0.259 9.999 0.259000 9.99 0.259000 0.010 0.000000   0.177 0.000   0.318 0.000 99.99 0.259000   1.041 0.000   0.231 0.000   0.810 0.000 0.005 0.000 0.038 0.000000
349.291667 350.291667    1.45 0.000  0.17 0.000 9.999 0.259000 9.99 0.259000 0.013 0.000000   0.081 0.000   0.146 0.000  2.68 0.000000   0.839 0.000   0.211 0.000   0.627 0.000 0.004 0.000 0.021 0.000000
352.291667 353.291667    2.33 0.000  0.13 0.000 9.999 0.259000 9.99 0.259000 0.018 0.000000   0.420 0.000   0.757 0.000 99.99 0.259000   1.868 0.000   0.724 0.000   1.144 0.000 0.008 0.000 0.011 0.000000
355.291667 356.291667    2.32 0.000  0.48 0.000 9.999 0.259000 9.99 0.259000 0.031 0.000000   0.687 0.000   1.237 0.000  5.19 0.000000   2.228 0.000   0.334 0.000   1.894 0.000 0.023 0.000 0.071 0.000000
358.291667 359.291667    1.44 0.000  0.24 0.000 9.999 0.259000 9.99 0.259000 0.010 0.000000   0.343 0.000   0.618 0.000 99.99 0.259000   0.876 0.000   0.159 0.000   0.718 0.000 0.005 0.000 0.033 0.000000
361.291667 362.291667    1.15 0.000  0.09 0.000 9.999 0.259000 9.99 0.259000 0.005 0.000000   0.188 0.000   0.339 0.000 99.99 0.259000   3.001 0.000   1.973 0.000   1.028 0.000 0.008 0.000 0.111 0.000000
364.291667 365.291667    1.63 0.000  0.53 0.000 9.999 0.259000 0.11 0.000000 0.034 0.000000   0.466 0.000   0.838 0.000 99.99 0.259000   1.097 0.000   0.002 0.000   1.095 0.000 0.005 0.000 0.057 0.000000
