scripts/IMPROVE-2019_partial/data/US9080R.20160101070000.20191216000000.filterpack...52w.3d.US03L_filterpack_US9080.US03L_IMPROVE_Davis.lev2.nas
51 1001
MISSING INFORMATION
US03L, IMPROVE, , , , , , , 
MISSING INFORMATION
IMPROVE sel_HTAP
1 1
2016 01 01 2019 12 16
3.000000
days from file reference point
4
1 1 1 1
999.999999 999.999 99.999 9.999
end_time of measurement, days from the file reference point
pm10_mass, ug/m3, Matrix=pm10
pm25_mass, ug/m3, Matrix=pm25
numflag, no unit
0
33
Data definition:              EBAS_1.1
Set type code:                TU
Timezone:                     UTC
File name:                    US9080R.20160101070000.20191216000000.filterpack...52w.3d.US03L_filterpack_US9080.US03L_IMPROVE_Davis.lev2.nas
File creation:                20191218121102
Startdate:                    20160101070000
Revision date:                20191216000000
Version:                      2
Version description:          "Data extracted from http://views.cira.colostate.edu/fed/DataWizard 2019-12-16"
Statistics:                   arithmetic mean
Data level:                   2
Period code:                  52w
Resolution code:              3d
Sample duration:              1d
Orig. time res.:              3d
Station code:                 US9080R
Platform code:                US9080S
Station name:                 Thunder Basin
Station latitude:             44.6634
Station longitude:            -105.2874
Station altitude:             1195.0 m
Regime:                       IMG
Component:                    
Unit:                         ug/m3
Matrix:                       
Laboratory code:              US03L
Instrument type:              filterpack
Instrument name:              filterpack_US9080
Method ref:                   US03L_IMPROVE_Davis
Blank correction:             Blank corrected
Volume std. temperature:      ambient
Volume std. pressure:         ambient
starttime endtime PM10 PM2.5 flag
  0.291667   1.291667   4.692  1.395 0.000
  3.291667   4.291667  11.406  2.329 0.000
  6.291667   7.291667  15.513  7.311 0.000
  9.291667  10.291667   4.616  2.425 0.000
 12.291667  13.291667   9.210  1.900 0.000
 15.291667  16.291667   1.330  2.178 0.000
 18.291667  19.291667   1.506  1.240 0.000
 21.291667  22.291667   2.890  0.936 0.000
 24.291667  25.291667   2.518  2.037 0.000
 27.291667  28.291667   3.419  0.974 0.000
 30.291667  31.291667   0.762  0.410 0.000
 33.291667  34.291667 999.999 99.999 0.999
 36.291667  37.291667   7.545  1.447 0.000
 39.291667  40.291667   2.267  0.611 0.000
 42.291667  43.291667   3.520  2.306 0.000
 45.291667  46.291667   0.673  0.219 0.000
 48.291667  49.291667   5.813  1.265 0.000
 51.291667  52.291667   1.980  0.342 0.000
 54.291667  55.291667   2.853  0.841 0.000
 57.291667  58.291667   7.811  1.935 0.000
 60.291667  61.291667   1.038  0.448 0.000
 63.291667  64.291667   2.717  0.687 0.000
 66.291667  67.291667   2.008  0.565 0.000
 69.291667  70.291667 999.999 99.999 0.999
 72.291667  73.291667   6.165  2.783 0.000
 75.291667  76.291667   2.786  0.408 0.000
 78.291667  79.291667   3.252  1.302 0.000
 81.291667  82.291667   5.664  2.198 0.000
 84.291667  85.291667   0.807  0.817 0.000
 87.291667  88.291667   2.894  1.132 0.000
 90.291667  91.291667   3.007  1.656 0.000
 93.291667  94.291667   4.589  2.356 0.000
 96.291667  97.291667   3.729  1.562 0.000
 99.291667 100.291667   7.808  2.846 0.000
102.291667 103.291667   7.697  4.081 0.000
105.291667 106.291667   1.924  0.994 0.000
108.291667 109.291667   0.720  0.279 0.000
111.291667 112.291667   6.723  3.527 0.000
114.291667 115.291667   3.794  2.869 0.000
117.291667 118.291667 999.999 99.999 0.999
120.291667 121.291667   5.052  2.392 0.000
123.291667 124.291667   7.659  3.092 0.000
126.291667 127.291667 999.999 99.999 0.999
129.291667 130.291667   7.322  4.160 0.000
132.291667 133.291667 999.999 99.999 0.999
135.291667 136.291667 999.999 99.999 0.999
138.291667 139.291667   8.657  3.381 0.000
141.291667 142.291667  10.203  4.073 0.000
144.291667 145.291667   5.914  2.097 0.000
147.291667 148.291667   3.310  1.554 0.000
150.291667 151.291667   6.553  3.077 0.000
153.291667 154.291667   9.543  3.410 0.000
156.291667 157.291667   7.570  2.640 0.000
159.291667 160.291667  14.753  5.124 0.000
162.291667 163.291667  15.543  4.755 0.000
165.291667 166.291667   8.791  2.665 0.000
168.291667 169.291667  13.074  3.591 0.000
171.291667 172.291667  14.043  2.805 0.000
174.291667 175.291667  17.363  5.451 0.000
177.291667 178.291667   8.448  2.142 0.000
180.291667 181.291667  15.518  5.343 0.000
183.291667 184.291667   7.742  5.669 0.000
186.291667 187.291667   8.138  3.345 0.000
189.291667 190.291667  13.061  4.513 0.000
192.291667 193.291667   8.558  1.673 0.000
195.291667 196.291667   8.304  2.633 0.000
198.291667 199.291667  10.257  5.697 0.000
201.291667 202.291667  13.870  4.506 0.000
204.291667 205.291667  11.965  3.934 0.000
207.291667 208.291667  10.903  5.331 0.000
210.291667 211.291667   7.636  3.745 0.000
213.291667 214.291667  11.499  6.446 0.000
216.291667 217.291667   7.902  3.482 0.000
219.291667 220.291667   9.980  4.640 0.000
222.291667 223.291667  13.279  6.079 0.000
225.291667 226.291667   6.355  3.618 0.000
228.291667 229.291667   9.946  4.294 0.000
231.291667 232.291667   5.267  2.624 0.000
234.291667 235.291667  16.212  9.059 0.000
237.291667 238.291667   5.435  2.334 0.000
240.291667 241.291667  14.330  7.963 0.000
243.291667 244.291667  12.212  4.612 0.000
246.291667 247.291667  13.698  5.595 0.000
249.291667 250.291667   4.931  2.499 0.000
252.291667 253.291667   3.963  1.847 0.000
255.291667 256.291667   3.073  1.541 0.000
258.291667 259.291667   6.069  3.521 0.000
261.291667 262.291667   8.677  2.588 0.000
264.291667 265.291667  13.922  4.257 0.000
267.291667 268.291667   1.556  1.062 0.000
270.291667 271.291667   4.056  1.886 0.000
273.291667 274.291667  12.489  3.255 0.000
276.291667 277.291667   6.536  2.611 0.000
279.291667 280.291667   4.594  2.660 0.000
282.291667 283.291667   9.321  2.505 0.000
285.291667 286.291667   5.172  1.764 0.000
288.291667 289.291667   9.991  1.810 0.000
291.291667 292.291667   2.024  1.024 0.000
294.291667 295.291667   7.061  2.297 0.000
297.291667 298.291667  15.235  3.568 0.000
300.291667 301.291667  14.168  3.753 0.000
303.291667 304.291667   4.914  2.616 0.000
306.291667 307.291667   6.622  2.715 0.000
309.291667 310.291667  12.526  3.571 0.000
312.291667 313.291667  13.602  3.840 0.000
315.291667 316.291667  12.596  3.400 0.000
318.291667 319.291667  11.836  3.688 0.000
321.291667 322.291667   2.820  1.753 0.000
324.291667 325.291667   4.935  2.183 0.000
327.291667 328.291667 999.999 99.999 0.999
330.291667 331.291667   6.041  3.316 0.000
333.291667 334.291667  10.241  2.338 0.000
336.291667 337.291667   7.436  1.398 0.000
339.291667 340.291667   6.096  1.517 0.000
342.291667 343.291667   7.923  4.145 0.000
345.291667 346.291667   4.526  1.965 0.000
348.291667 349.291667   3.961  1.784 0.000
351.291667 352.291667   3.202  4.495 0.000
354.291667 355.291667   4.847  1.507 0.000
357.291667 358.291667 999.999 99.999 0.999
360.291667 361.291667 999.999 99.999 0.999
363.291667 364.291667 999.999 99.999 0.999
