scripts/IMPROVE-2019_partial/data/US9064R.20020102070000.20191216000000.filterpack..pm25.52w.1w.US03L_filterpack_US9064.US03L_IMPROVE_Davis.lev2.nas
66 1001
MISSING INFORMATION
US03L, IMPROVE, , , , , , , 
MISSING INFORMATION
IMPROVE sel_HTAP
1 1
2002 01 01 2019 12 16
3.000000
days from file reference point
27
1 1 1 1 1 1 1 1 1 1 1 1 1 1 1 1 1 1 1 1 1 1 1 1 1 1 1
999.999999 9999.99 9.999 99.99 9.999 9.999 9.999999 9.99 9.999999 9.999 9.999999 99.999 9.999 99.999 9.999 99.99 9.999999 999.999 9.999 999.999 9.999 99.999 9.999 9.999 9.999 9.999 9.999
end_time of measurement, days from the file reference point
iron, ng/m3, Revision date=20181210133000
numflag iron, no unit, Revision date=20181210133000
lead, ng/m3, Revision date=20181210133000
numflag lead, no unit, Revision date=20181210133000
magnesium, ug/m3, Revision date=20181210133000
numflag magnesium, no unit, Revision date=20181210133000
nickel, ng/m3, Revision date=20181210133000
numflag nickel, no unit, Revision date=20181210133000
nitrate, ug N/m3, Revision date=20181210133000
numflag nitrate, no unit, Revision date=20181210133000
organic_carbon, ug C/m3, Revision date=20181210133000
numflag organic_carbon, no unit, Revision date=20181210133000
organic_mass, ug/m3, Revision date=20181210133000
numflag organic_mass, no unit, Revision date=20181210133000
phosphorus, ng/m3, Revision date=20181210133000
numflag phosphorus, no unit, Revision date=20181210133000
pm10_mass, ug/m3, Version=2, Version description=Data extracted from http://views.cira.colostate.edu/fed/DataWizard 2019-12-16, Sample duration=1d, Orig. time res.=3d, Matrix=pm10, Blank correction=Blank corrected, Volume std. temperature=ambient, Volume std. pressure=ambient
numflag pm10_mass, no unit, Version=2, Version description=Data extracted from http://views.cira.colostate.edu/fed/DataWizard 2019-12-16, Sample duration=1d, Orig. time res.=3d, Matrix=pm10, Blank correction=Blank corrected, Volume std. temperature=ambient, Volume std. pressure=ambient
pm10_pm25_mass, ug/m3, Revision date=20181210133000, Matrix=pm10_pm25
numflag pm10_pm25_mass, no unit, Revision date=20181210133000, Matrix=pm10_pm25
pm25_mass, ug/m3, Version=2, Version description=Data extracted from http://views.cira.colostate.edu/fed/DataWizard 2019-12-16, Sample duration=1d, Orig. time res.=3d, Blank correction=Blank corrected, Volume std. temperature=ambient, Volume std. pressure=ambient
numflag pm25_mass, no unit, Version=2, Version description=Data extracted from http://views.cira.colostate.edu/fed/DataWizard 2019-12-16, Sample duration=1d, Orig. time res.=3d, Blank correction=Blank corrected, Volume std. temperature=ambient, Volume std. pressure=ambient
potassium, ug/m3, Revision date=20181210133000
numflag potassium, no unit, Revision date=20181210133000
sulphate_total, ug S/m3, Revision date=20181210133000
numflag sulphate_total, no unit, Revision date=20181210133000
0
25
Data definition:              EBAS_1.1
Set type code:                TU
Timezone:                     UTC
File name:                    US9064R.20020102070000.20191216000000.filterpack..pm25.52w.1w.US03L_filterpack_US9064.US03L_IMPROVE_Davis.lev2.nas
File creation:                20191218120948
Startdate:                    20020102070000
Revision date:                20191216000000
Statistics:                   arithmetic mean
Data level:                   2
Period code:                  52w
Resolution code:              1w
Station code:                 US9064R
Platform code:                US9064S
Station name:                 Sula Peak
Station latitude:             45.8598
Station longitude:            -114.0001
Station altitude:             1895.0 m
Regime:                       IMG
Component:                    
Matrix:                       pm25
Laboratory code:              US03L
Instrument type:              filterpack
Instrument name:              filterpack_US9064
Method ref:                   US03L_IMPROVE_Davis
starttime endtime Fe flag_Fe Pb flag_Pb Mg++ flag_Mg++ Ni flag_Ni NO3- flag_NO3- OC flag_OC OM flag_OM P flag_P PM10 flag_PM10 PM10-PM2.5 flag_PM10-PM2.5 PM2.5 flag_PM2.5 K+ flag_K+ SO4-- flag_SO4--
[from data line 81]
244.291667 245.291667   38.13 0.000  0.36 0.000 9.999 0.259000 9.99 0.259000 0.014 0.000000  0.502 0.000  0.702 0.000 99.99 0.259000   6.725 0.000   4.696 0.000  2.029 0.000 0.018 0.000 0.100 0.000
247.291667 248.291667  172.82 0.559  0.76 0.559 0.072 0.559000 9.99 0.559259 0.057 0.000000  1.032 0.000  1.444 0.000 99.99 0.559259  15.726 0.000   9.218 0.000  6.508 0.559 0.134 0.559 0.204 0.000
250.291667 251.291667    9.90 0.559  0.33 0.559 9.999 0.559259 9.99 0.559259 0.018 0.000000  0.848 0.000  1.187 0.000 99.99 0.559259   3.398 0.000   0.939 0.000  2.459 0.559 0.018 0.559 0.149 0.000
253.291667 254.291667   15.35 0.000  0.63 0.000 0.023 0.000000 9.99 0.259000 0.014 0.000000  1.142 0.000  1.599 0.000 99.99 0.259000   4.898 0.000   1.903 0.000  2.994 0.000 0.018 0.000 0.092 0.000
256.291667 257.291667   47.25 0.699  1.02 0.699 9.999 0.699259 9.99 0.699259 0.026 0.000000  3.068 0.000  4.295 0.000 99.99 0.699259   9.863 0.000   2.741 0.000  7.122 0.699 0.070 0.699 0.187 0.000
259.291667 260.291667   32.09 0.000  0.52 0.000 0.018 0.000000 9.99 0.259000 0.023 0.559000  1.578 0.000  2.209 0.000 99.99 0.259000   5.516 0.000   1.992 0.000  3.525 0.000 0.053 0.000 0.104 0.559
262.291667 263.291667   43.79 0.000  0.51 0.000 9.999 0.259000 9.99 0.259000 0.014 0.000000  0.408 0.000  0.571 0.000 99.99 0.259000   5.422 0.000   3.244 0.000  2.178 0.000 0.028 0.000 0.124 0.000
265.291667 266.291667    7.33 0.000  0.51 0.000 9.999 0.259000 9.99 0.259000 0.010 0.559000  0.741 0.000  1.037 0.000 99.99 0.259000   2.660 0.000   0.711 0.000  1.948 0.000 0.010 0.000 0.090 0.559
268.291667 269.291667   77.59 0.559  0.91 0.559 9.999 0.559259 9.99 0.559259 0.038 0.000000  4.101 0.000  5.742 0.000 99.99 0.559259  13.438 0.000   3.903 0.000  9.536 0.559 0.111 0.559 0.186 0.000
271.291667 272.291667   27.41 0.000  0.59 0.000 9.999 0.259000 9.99 0.259000 0.010 0.000000  1.297 0.000  1.816 0.000  8.27 0.000000   4.167 0.000   1.154 0.000  3.012 0.000 0.026 0.000 0.093 0.000
274.291667 275.291667    6.42 0.559  0.55 0.559 0.016 0.559000 0.07 0.559000 0.030 0.559000  0.677 0.000  0.947 0.000 99.99 0.559259   2.586 0.000   0.620 0.000  1.965 0.559 0.016 0.559 0.081 0.559
277.291667 278.291667    6.39 0.000  0.39 0.000 9.999 0.259000 9.99 0.259000 0.010 0.559000  0.803 0.000  1.124 0.000 99.99 0.259000   2.682 0.000   0.031 0.000  2.651 0.000 0.016 0.000 0.115 0.559
280.291667 281.291667   15.17 0.559  0.51 0.559 9.999 0.559259 9.99 0.559259 0.028 0.000000  2.638 0.000  3.693 0.000 99.99 0.559259   6.906 0.000   1.395 0.000  5.511 0.559 0.042 0.559 0.138 0.000
283.291667 284.291667   19.49 0.000  0.52 0.000 0.013 0.000000 9.99 0.259000 0.030 0.559000  0.514 0.000  0.720 0.000 99.99 0.259000   3.454 0.000   1.829 0.000  1.625 0.000 0.020 0.000 0.113 0.559
286.291667 287.291667   33.67 0.559  0.51 0.559 9.999 0.559259 9.99 0.559259 0.021 0.559000  1.220 0.000  1.707 0.000 99.99 0.559259   6.425 0.000   3.247 0.000  3.177 0.559 0.032 0.559 0.089 0.559
289.291667 290.291667   34.38 0.559  0.68 0.559 0.016 0.559000 0.05 0.559000 0.011 0.000000  1.097 0.000  1.535 0.000 99.99 0.559259   4.336 0.000   1.451 0.000  2.885 0.559 0.038 0.559 0.074 0.000
292.291667 293.291667   31.21 0.559  0.53 0.559 9.999 0.559259 9.99 0.559259 0.023 0.000000  1.592 0.000  2.228 0.000 99.99 0.559259   4.950 0.000   1.495 0.000  3.455 0.559 0.030 0.559 0.163 0.000
295.291667 296.291667   22.83 0.000  0.47 0.000 0.015 0.000000 0.06 0.000000 0.048 0.559000  0.594 0.000  0.831 0.000 99.99 0.259000   4.519 0.000   1.805 0.000  2.715 0.000 0.025 0.000 0.265 0.559
298.291667 299.291667   38.74 0.559  1.00 0.559 0.009 0.559000 9.99 0.559259 0.034 0.000000  1.800 0.000  2.520 0.000 99.99 0.559259   7.790 0.000   2.882 0.000  4.908 0.559 0.042 0.559 0.204 0.000
301.291667 302.291667    6.94 0.000  0.91 0.000 9.999 0.259000 9.99 0.259000 0.039 0.000000  0.409 0.000  0.572 0.000 99.99 0.259000   3.111 0.000   1.260 0.000  1.850 0.000 0.013 0.000 0.235 0.000
304.291667 305.291667    9.40 0.000  0.55 0.000 9.999 0.259000 9.99 0.259000 0.030 0.000000  1.549 0.000  2.168 0.000 99.99 0.259000   4.189 0.000   0.652 0.000  3.537 0.000 0.021 0.000 0.200 0.000
307.291667 308.291667    8.92 0.000  0.42 0.000 9.999 0.259000 0.09 0.000000 0.023 0.000000  0.697 0.000  0.976 0.000 99.99 0.259000   2.539 0.000   0.725 0.000  1.814 0.000 0.014 0.000 0.104 0.000
310.291667 311.291667   39.53 0.000  0.53 0.000 9.999 0.259000 0.08 0.000000 0.049 0.000000  0.602 0.000  0.843 0.000 99.99 0.259000   4.987 0.000   2.840 0.000  2.147 0.000 0.029 0.000 0.080 0.000
313.291667 314.291667    4.20 0.000  0.13 0.000 9.999 0.259000 9.99 0.259000 0.006 0.000000  0.246 0.000  0.345 0.000 99.99 0.259000   0.731 0.000   0.239 0.000  0.492 0.000 0.005 0.000 0.016 0.000
316.291667 317.291667    2.56 0.000  0.23 0.000 9.999 0.259000 9.99 0.259000 0.016 0.559000  0.978 0.000  1.369 0.000  4.95 0.000000   1.984 0.000   0.264 0.000  1.720 0.000 0.023 0.000 0.037 0.559
319.291667 320.291667   32.50 0.000  0.84 0.000 9.999 0.259000 9.99 0.259000 0.037 0.000000  0.615 0.000  0.861 0.000 99.99 0.259000   7.535 0.000   4.683 0.000  2.852 0.000 0.031 0.000 0.200 0.000
322.291667 323.291667    7.17 0.000  0.20 0.000 9.999 0.259000 9.99 0.259000 0.005 0.559000  0.549 0.000  0.769 0.000 99.99 0.259000   1.151 0.000   0.131 0.000  1.020 0.000 0.010 0.000 0.029 0.559
325.291667 326.291667    7.01 0.000  0.41 0.000 9.999 0.259000 9.99 0.259000 0.055 0.000000  1.377 0.000  1.928 0.000 99.99 0.259000   2.939 0.000   0.488 0.000  2.451 0.000 0.021 0.000 0.040 0.000
328.291667 329.291667    4.78 0.000  0.21 0.000 9.999 0.259000 9.99 0.259000 0.010 0.559000  0.384 0.000  0.537 0.000 99.99 0.259000   1.151 0.000   0.186 0.000  0.965 0.000 0.006 0.000 0.077 0.559
331.291667 332.291667    1.14 0.000  0.18 0.000 9.999 0.259000 9.99 0.259000 0.003 0.000000  0.434 0.000  0.608 0.000 99.99 0.259000   0.661 0.000   0.098 0.000  0.563 0.000 0.003 0.000 0.018 0.000
334.291667 335.291667    1.97 0.000  0.19 0.000 0.022 0.000000 9.99 0.259000 0.002 0.000000  0.484 0.000  0.678 0.000 99.99 0.259000   0.772 0.000   0.071 0.000  0.701 0.000 0.004 0.000 0.021 0.000
337.291667 338.291667    3.38 0.000  0.18 0.000 0.018 0.000000 9.99 0.259000 0.066 0.000000  0.953 0.000  1.334 0.000 99.99 0.259000   2.032 0.000   0.249 0.000  1.783 0.000 0.007 0.000 0.068 0.000
340.291667 341.291667    3.02 0.000 99.99 0.259 9.999 0.259000 9.99 0.259000 0.009 0.000000  0.397 0.000  0.556 0.000 99.99 0.259000   1.040 0.000   0.148 0.000  0.892 0.000 0.004 0.000 0.029 0.000
343.291667 344.291667   18.71 0.000  0.12 0.000 9.999 0.259000 9.99 0.259000 0.050 0.000000  0.394 0.000  0.551 0.000 99.99 0.259000   1.978 0.000   1.039 0.000  0.940 0.000 0.013 0.000 0.062 0.000
346.291667 347.291667   33.32 0.000  0.32 0.000 9.999 0.259000 0.05 0.000000 0.031 0.000000  0.356 0.000  0.498 0.000 99.99 0.259000   4.443 0.000   2.481 0.000  1.962 0.000 0.028 0.000 0.087 0.000
349.291667 350.291667    4.41 0.000 99.99 0.259 9.999 0.259000 9.99 0.259000 0.009 0.000000  0.024 0.000  0.033 0.000 99.99 0.259000   1.139 0.000   0.891 0.000  0.248 0.000 0.004 0.000 0.028 0.000
352.291667 353.291667    0.93 0.000  0.15 0.000 0.025 0.000000 9.99 0.259000 0.022 0.000000  0.275 0.000  0.386 0.000 99.99 0.259000   0.966 0.000   0.222 0.000  0.744 0.000 0.006 0.000 0.030 0.000
355.291667 356.291667    2.41 0.000  0.29 0.000 9.999 0.259000 9.99 0.259000 0.103 0.000000  0.583 0.000  0.816 0.000 99.99 0.259000   2.364 0.000   0.828 0.000  1.536 0.000 0.008 0.000 0.056 0.000
358.291667 359.291667    4.25 0.000  0.20 0.000 0.018 0.000000 0.07 0.000000 0.050 0.559000  0.106 0.000  0.148 0.000 99.99 0.259000   0.668 0.000 999.999 0.259  0.947 0.000 0.004 0.000 0.039 0.559
361.291667 362.291667    1.38 0.000  0.14 0.000 0.022 0.000000 9.99 0.259000 0.006 0.000000  0.140 0.000  0.196 0.000 99.99 0.259000   0.514 0.000   0.173 0.000  0.341 0.000 0.004 0.000 0.016 0.000
364.291667 365.291667    0.76 0.000  0.08 0.000 9.999 0.259000 9.99 0.259000 0.007 0.000000  0.131 0.000  0.183 0.000 99.99 0.259000   0.594 0.000   0.594 0.000 99.999 0.259 0.003 0.000 0.019 0.000
