scripts/IMPROVE-2019_partial/data/US9042R.20020102080000.20191216000000.filterpack...52w.3d.US03L_filterpack_US9042_YOSE1.US03L_IMPROVE_Davis.lev2.nas
60 1001
MISSING INFORMATION
US03L, IMPROVE, , , , , , , 
MISSING INFORMATION
IMPROVE sel_HTAP
1 1
2002 01 01 2019 12 16
3.000000
days from file reference point
5
1 1 1 1 1
999.999999 999.999 9.999 999.999 9.999
end_time of measurement, days from the file reference point
pm10_mass, ug/m3, Matrix=pm10
numflag pm10_mass, no unit, Matrix=pm10
pm25_mass, ug/m3, Matrix=pm25
numflag pm25_mass, no unit, Matrix=pm25
0
41
Data definition:              EBAS_1.1
Set type code:                TU
Timezone:                     UTC
File name:                    US9042R.20020102080000.20191216000000.filterpack...52w.3d.US03L_filterpack_US9042_YOSE1.US03L_IMPROVE_Davis.lev2.nas
File creation:                20191218120811
Startdate:                    20020102080000
Revision date:                20191216000000
Version:                      2
Version description:          "Data extracted from http://views.cira.colostate.edu/fed/DataWizard 2019-12-16"
Statistics:                   arithmetic mean
Data level:                   2
Period code:                  52w
Resolution code:              3d
Sample duration:              1d
Orig. time res.:              3d
Station code:                 US9042R
Platform code:                US9042S
Station name:                 Yosemite NP
Station WDCA-ID:              GAWAUSCAYOS
Station GAW-ID:               YOS
Station GAW-Name:             Yosemite NP - Turtleback Dome
Station state/province:       CA
Station land use:             Remote park
Station setting:              Mountain
Station GAW type:             C
Station WMO region:           4
Station latitude:             37.7133
Station longitude:            -119.7061
Station altitude:             1605.0 m
Regime:                       IMG
Component:                    
Unit:                         ug/m3
Matrix:                       
Laboratory code:              US03L
Instrument type:              filterpack
Instrument name:              filterpack_US9042_YOSE1
Method ref:                   US03L_IMPROVE_Davis
Blank correction:             Blank corrected
Volume std. temperature:      ambient
Volume std. pressure:         ambient
starttime endtime PM10 flag_PM10 PM2.5 flag_PM2.5
  1.333333   2.333333   0.740 0.000   0.432 0.000
  4.333333   5.333333   1.562 0.000   0.968 0.559
  7.333333   8.333333   0.997 0.000   0.754 0.000
 10.333333  11.333333   1.021 0.000   0.600 0.559
 13.333333  14.333333   1.819 0.000   1.360 0.000
 16.333333  17.333333   6.113 0.000   3.067 0.000
 19.333333  20.333333   5.167 0.000   3.935 0.000
 22.333333  23.333333   2.180 0.000   1.627 0.000
 25.333333  26.333333   1.050 0.000   0.626 0.000
 28.333333  29.333333   0.929 0.000   0.615 0.000
 31.333333  32.333333   1.252 0.000   0.755 0.000
 34.333333  35.333333   1.575 0.000   0.996 0.000
 37.333333  38.333333   2.584 0.000   1.813 0.000
 40.333333  41.333333   2.422 0.000   1.075 0.000
 43.333333  44.333333   2.301 0.000   0.955 0.000
 46.333333  47.333333   8.383 0.000   6.076 0.000
 49.333333  50.333333   0.877 0.000   0.348 0.000
 52.333333  53.333333   2.083 0.000   1.291 0.000
 55.333333  56.333333   2.794 0.000   1.693 0.000
 58.333333  59.333333   3.616 0.000   2.257 0.000
 61.333333  62.333333  18.146 0.000   6.570 0.000
 64.333333  65.333333  11.863 0.000   5.906 0.000
 67.333333  68.333333 999.999 0.999 999.999 0.999
 70.333333  71.333333 999.999 0.999 999.999 0.999
 73.333333  74.333333   2.370 0.000   1.220 0.000
 76.333333  77.333333   2.204 0.000   0.980 0.000
 79.333333  80.333333   3.017 0.000   1.399 0.000
 82.333333  83.333333   0.537 0.000   0.550 0.000
 85.333333  86.333333   3.904 0.000   2.248 0.000
 88.333333  89.333333   8.415 0.000   4.936 0.000
 91.333333  92.333333   8.421 0.000   4.950 0.000
 94.333333  95.333333  12.903 0.000   9.896 0.000
 97.333333  98.333333   8.054 0.000   5.579 0.000
100.333333 101.333333   5.999 0.000   3.343 0.000
103.333333 104.333333   7.066 0.000   3.212 0.000
106.333333 107.333333   5.663 0.000   1.881 0.000
109.333333 110.333333   4.258 0.000   2.836 0.000
112.333333 113.333333  18.494 0.000   9.727 0.000
115.333333 116.333333   1.075 0.000   1.021 0.000
118.333333 119.333333   4.588 0.000   2.906 0.000
121.333333 122.333333   8.259 0.000   4.919 0.000
124.333333 125.333333   9.150 0.000   5.093 0.000
127.333333 128.333333  10.478 0.000   3.993 0.000
130.333333 131.333333   5.876 0.000   2.737 0.000
133.333333 134.333333  10.215 0.000   6.254 0.000
136.333333 137.333333  14.379 0.000   6.771 0.000
139.333333 140.333333   0.744 0.000   0.465 0.000
142.333333 143.333333   4.274 0.000   2.604 0.000
145.333333 146.333333   8.742 0.000   4.639 0.000
148.333333 149.333333   7.108 0.000   3.717 0.000
151.333333 152.333333   8.905 0.000   5.637 0.000
154.333333 155.333333  11.311 0.000   6.695 0.000
157.333333 158.333333   9.559 0.000   4.803 0.000
160.333333 161.333333   9.821 0.000   3.196 0.000
163.333333 164.333333  20.793 0.000  10.127 0.000
166.333333 167.333333   7.557 0.000   3.877 0.000
169.333333 170.333333   9.049 0.000   3.927 0.000
172.333333 173.333333  12.368 0.000   6.095 0.000
175.333333 176.333333   9.040 0.000   4.610 0.000
178.333333 179.333333  10.580 0.000   5.567 0.000
181.333333 182.333333  13.971 0.000   7.824 0.000
184.333333 185.333333   8.946 0.000   4.377 0.000
187.333333 188.333333   9.763 0.000   4.337 0.000
190.333333 191.333333  13.930 0.000   5.932 0.000
193.333333 194.333333  18.219 0.000  10.197 0.000
196.333333 197.333333  12.354 0.000 999.999 0.999
199.333333 200.333333  11.870 0.000   5.437 0.000
202.333333 203.333333  11.951 0.000   6.028 0.000
205.333333 206.333333  12.556 0.000   5.940 0.000
208.333333 209.333333  20.349 0.000  11.723 0.000
211.333333 212.333333  18.425 0.000  11.355 0.000
214.333333 215.333333  16.488 0.000   8.151 0.000
217.333333 218.333333  14.457 0.000   8.577 0.000
220.333333 221.333333  16.407 0.000  10.057 0.000
223.333333 224.333333  17.950 0.000  11.896 0.000
226.333333 227.333333  22.672 0.000  17.436 0.000
229.333333 230.333333  23.628 0.000  18.241 0.000
232.333333 233.333333  18.803 0.000  12.446 0.000
235.333333 236.333333  13.122 0.000   7.686 0.000
238.333333 239.333333  20.900 0.000  11.789 0.000
241.333333 242.333333  17.401 0.000   9.427 0.000
244.333333 245.333333  11.789 0.000   6.885 0.000
247.333333 248.333333  11.264 0.000   4.078 0.000
250.333333 251.333333   9.044 0.000   4.267 0.000
253.333333 254.333333  11.426 0.000   5.378 0.000
256.333333 257.333333  11.199 0.000   5.208 0.000
259.333333 260.333333  10.588 0.000   6.092 0.000
262.333333 263.333333  13.364 0.000   6.117 0.000
265.333333 266.333333  10.659 0.000   5.437 0.000
268.333333 269.333333  14.171 0.000   5.901 0.000
271.333333 272.333333  10.924 0.000   5.223 0.000
274.333333 275.333333   8.041 0.000   1.942 0.000
277.333333 278.333333  18.356 0.000  10.628 0.000
280.333333 281.333333  17.852 0.000  12.397 0.000
283.333333 284.333333  16.163 0.000   7.775 0.000
286.333333 287.333333  16.422 0.000  10.796 0.000
289.333333 290.333333  23.284 0.000  14.128 0.000
292.333333 293.333333  16.473 0.000  10.090 0.000
295.333333 296.333333  20.466 0.000  14.038 0.000
298.333333 299.333333  19.371 0.000  12.999 0.000
301.333333 302.333333  13.787 0.000   8.584 0.000
304.333333 305.333333  26.620 0.000  19.481 0.000
307.333333 308.333333  19.888 0.000  13.677 0.000
310.333333 311.333333  10.315 0.000   0.883 0.000
313.333333 314.333333   2.451 0.000   1.206 0.000
316.333333 317.333333   4.467 0.000   2.509 0.000
319.333333 320.333333   2.558 0.000   1.795 0.000
322.333333 323.333333   1.354 0.000   1.007 0.000
325.333333 326.333333   3.149 0.000   1.241 0.000
328.333333 329.333333 999.999 0.999 999.999 0.999
331.333333 332.333333 999.999 0.999 999.999 0.999
334.333333 335.333333 999.999 0.999 999.999 0.999
337.333333 338.333333   2.680 0.000   1.465 0.000
340.333333 341.333333   5.760 0.000   4.669 0.000
343.333333 344.333333   2.188 0.000   1.155 0.000
346.333333 347.333333   5.279 0.000   1.875 0.000
349.333333 350.333333   2.533 0.000   0.356 0.000
352.333333 353.333333   3.472 0.000   0.324 0.000
355.333333 356.333333   0.572 0.000   0.294 0.000
358.333333 359.333333   1.797 0.000   0.440 0.000
361.333333 362.333333   3.268 0.000   0.381 0.000
364.333333 365.333333   3.350 0.000   0.527 0.000
