scripts/IMPROVE-2019_partial/data/US9011R.20090101060000.20191216000000.filterpack...52w.3d.US03L_filterpack_US9011.US03L_IMPROVE_Davis.lev2.nas
52 1001
MISSING INFORMATION
US03L, IMPROVE, , , , , , , 
MISSING INFORMATION
IMPROVE sel_HTAP
1 1
2009 01 01 2019 12 16
3.00
days from file reference point
5
1 1 1 1 1
999.99 999.999 9.999 999.999 9.999
end_time of measurement, days from the file reference point
pm10_mass, ug/m3, Matrix=pm10
numflag pm10_mass, no unit, Matrix=pm10
pm25_mass, ug/m3, Matrix=pm25
numflag pm25_mass, no unit, Matrix=pm25
0
33
Data definition:              EBAS_1.1
Set type code:                TU
Timezone:                     UTC
File name:                    US9011R.20090101060000.20191216000000.filterpack...52w.3d.US03L_filterpack_US9011.US03L_IMPROVE_Davis.lev2.nas
File creation:                20191218120553
Startdate:                    20090101060000
Revision date:                20191216000000
Version:                      2
Version description:          "Data extracted from http://views.cira.colostate.edu/fed/DataWizard 2019-12-16"
Statistics:                   arithmetic mean
Data level:                   2
Period code:                  52w
Resolution code:              3d
Sample duration:              1d
Orig. time res.:              3d
Station code:                 US9011R
Platform code:                US9011S
Station name:                 Mingo
Station latitude:             36.9717
Station longitude:            -90.1432
Station altitude:             111.0 m
Regime:                       IMG
Component:                    
Unit:                         ug/m3
Matrix:                       
Laboratory code:              US03L
Instrument type:              filterpack
Instrument name:              filterpack_US9011
Method ref:                   US03L_IMPROVE_Davis
Blank correction:             Blank corrected
Volume std. temperature:      ambient
Volume std. pressure:         ambient
starttime endtime PM10 flag_PM10 PM2.5 flag_PM2.5
  0.25   1.25 999.999 0.999 999.999 0.999
  3.25   4.25   8.336 0.000   6.366 0.000
  6.25   7.25   8.879 0.000   4.527 0.000
  9.25  10.25  15.350 0.000  12.620 0.000
 12.25  13.25 999.999 0.456   6.357 0.000
 15.25  16.25  12.253 0.000   6.497 0.000
 18.25  19.25   9.253 0.000   6.051 0.000
 21.25  22.25  47.442 0.000  21.145 0.000
 24.25  25.25  12.887 0.000   8.017 0.000
 27.25  28.25 999.999 0.999 999.999 0.999
 30.25  31.25 999.999 0.999 999.999 0.999
 33.25  34.25   5.054 0.000   2.826 0.000
 36.25  37.25  15.834 0.000  10.166 0.000
 39.25  40.25  21.096 0.000   7.350 0.000
 42.25  43.25  12.088 0.000   7.820 0.000
 45.25  46.25  10.453 0.000   8.256 0.000
 48.25  49.25 999.999 0.999 999.999 0.999
 51.25  52.25   9.030 0.000   5.700 0.000
 54.25  55.25  14.843 0.000  10.427 0.000
 57.25  58.25  10.411 0.000   8.273 0.000
 60.25  61.25   6.953 0.000   4.845 0.000
 63.25  64.25  17.369 0.000  10.135 0.000
 66.25  67.25  13.196 0.000   5.683 0.000
 69.25  70.25   5.708 0.000   3.164 0.000
 72.25  73.25  13.984 0.000   9.484 0.000
 75.25  76.25 999.999 0.456  12.593 0.000
 78.25  79.25  21.296 0.000   7.108 0.000
 81.25  82.25  25.160 0.000  14.976 0.000
 84.25  85.25   9.635 0.000   5.424 0.000
 87.25  88.25   4.742 0.000   2.894 0.000
 90.25  91.25  14.860 0.000   6.178 0.000
 93.25  94.25  17.017 0.000   7.694 0.000
 96.25  97.25 999.999 0.999 999.999 0.999
 99.25 100.25  23.732 0.000  19.067 0.000
102.25 103.25   5.853 0.000   4.178 0.000
105.25 106.25  16.110 0.000  10.853 0.000
108.25 109.25   5.947 0.000   4.084 0.000
111.25 112.25  20.768 0.000   7.138 0.000
114.25 115.25  29.824 0.000  10.324 0.000
117.25 118.25   4.148 0.000   4.071 0.000
120.25 121.25 999.999 0.999 999.999 0.999
123.25 124.25 999.999 0.999 999.999 0.999
126.25 127.25  12.119 0.000   6.157 0.000
129.25 130.25  10.242 0.000   4.771 0.000
132.25 133.25 999.999 0.999 999.999 0.999
135.25 136.25  10.166 0.000   3.699 0.000
138.25 139.25  24.782 0.000   9.407 0.000
141.25 142.25  14.196 0.000   6.534 0.000
144.25 145.25  10.457 0.000   6.028 0.000
147.25 148.25   7.762 0.000   3.233 0.000
150.25 151.25  18.288 0.000   6.825 0.000
153.25 154.25  12.194 0.000   8.411 0.000
156.25 157.25  19.917 0.000  10.931 0.000
159.25 160.25 999.999 0.456 999.999 0.456
162.25 163.25  18.240 0.000  11.358 0.000
165.25 166.25  12.631 0.000   7.928 0.000
168.25 169.25  23.608 0.000  15.223 0.000
171.25 172.25  30.783 0.000  12.255 0.000
174.25 175.25 999.999 0.999 999.999 0.999
177.25 178.25  25.893 0.000  14.440 0.000
180.25 181.25  14.435 0.000   6.336 0.000
183.25 184.25  18.048 0.000   8.395 0.000
186.25 187.25  14.404 0.000  10.171 0.000
189.25 190.25 999.999 0.456  13.856 0.000
192.25 193.25 999.999 0.456   8.954 0.000
195.25 196.25  19.413 0.000  10.449 0.000
198.25 199.25   8.124 0.000   3.140 0.000
201.25 202.25  11.937 0.000   7.817 0.000
204.25 205.25  16.862 0.000   8.490 0.000
207.25 208.25  18.161 0.000   8.852 0.000
210.25 211.25 999.999 0.456   7.358 0.000
213.25 214.25 999.999 0.456   6.072 0.000
216.25 217.25  16.703 0.000  11.545 0.000
219.25 220.25  26.576 0.000  16.910 0.000
222.25 223.25  10.127 0.000   4.938 0.000
225.25 226.25  26.198 0.000  16.895 0.000
228.25 229.25  16.895 0.000   7.250 0.000
231.25 232.25   7.245 0.000   3.584 0.000
234.25 235.25   9.580 0.000   4.717 0.000
237.25 238.25  30.278 0.000  15.702 0.000
240.25 241.25  13.243 0.000   9.007 0.000
243.25 244.25  13.336 0.000   8.018 0.000
246.25 247.25 999.999 0.999 999.999 0.999
249.25 250.25 999.999 0.999 999.999 0.999
252.25 253.25  23.242 0.000  17.087 0.000
255.25 256.25  22.340 0.000  14.093 0.000
258.25 259.25  26.239 0.000  18.781 0.000
261.25 262.25  20.674 0.000  13.387 0.000
264.25 265.25 999.999 0.456 999.999 0.456
267.25 268.25  13.795 0.000   5.511 0.000
270.25 271.25  17.286 0.000   3.532 0.000
273.25 274.25  26.455 0.000  11.799 0.000
276.25 277.25   9.648 0.000   4.484 0.000
279.25 280.25   6.322 0.000   2.151 0.000
282.25 283.25   6.514 0.000   3.920 0.000
285.25 286.25  11.725 0.000   8.479 0.000
288.25 289.25   6.173 0.000   3.834 0.000
291.25 292.25  12.819 0.000   5.611 0.000
294.25 295.25  11.028 0.000   8.960 0.000
297.25 298.25   9.951 0.000   4.129 0.000
300.25 301.25   9.175 0.000   5.018 0.000
303.25 304.25   7.228 0.000   3.281 0.000
306.25 307.25  32.638 0.000   5.934 0.000
309.25 310.25  26.052 0.000   7.713 0.000
312.25 313.25  76.353 0.000  22.311 0.000
315.25 316.25 999.999 0.999 999.999 0.999
318.25 319.25  41.041 0.000  21.881 0.000
321.25 322.25   4.202 0.000   2.855 0.000
324.25 325.25  20.509 0.000  10.868 0.000
327.25 328.25   7.709 0.000   5.452 0.000
330.25 331.25  14.734 0.000   4.989 0.000
333.25 334.25  12.606 0.000   7.287 0.000
336.25 337.25 999.999 0.456   4.423 0.000
339.25 340.25 999.999 0.456   9.114 0.000
342.25 343.25 999.999 0.999 999.999 0.999
345.25 346.25 999.999 0.456   6.288 0.000
348.25 349.25 999.999 0.456   7.125 0.000
351.25 352.25   9.747 0.000   8.565 0.000
354.25 355.25  19.606 0.000  14.917 0.000
357.25 358.25 999.999 0.999 999.999 0.999
360.25 361.25 999.999 0.999 999.999 0.999
363.25 364.25  13.126 0.000  11.340 0.000
