scripts/IMPROVE-2019_partial/data/US9073R.20110103060000.20191216000000.filterpack...1y.3d.US03L_filterpack_US9073.US03L_IMPROVE_Davis.lev2.nas
51 1001
MISSING INFORMATION
US03L, IMPROVE, , , , , , , 
MISSING INFORMATION
IMPROVE sel_HTAP
1 1
2011 01 01 2019 12 16
3.00
days from file reference point
4
1 1 1 1
999.99 999.999 999.999 9.999
end_time of measurement, days from the file reference point
pm10_mass, ug/m3, Matrix=pm10
pm25_mass, ug/m3, Matrix=pm25
numflag, no unit
0
33
Data definition:              EBAS_1.1
Set type code:                TU
Timezone:                     UTC
File name:                    US9073R.20110103060000.20191216000000.filterpack...1y.3d.US03L_filterpack_US9073.US03L_IMPROVE_Davis.lev2.nas
File creation:                20191218121032
Startdate:                    20110103060000
Revision date:                20191216000000
Version:                      2
Version description:          "Data extracted from http://views.cira.colostate.edu/fed/DataWizard 2019-12-16"
Statistics:                   arithmetic mean
Data level:                   2
Period code:                  1y
Resolution code:              3d
Sample duration:              1d
Orig. time res.:              3d
Station code:                 US9073R
Platform code:                US9073S
Station name:                 Wichita Mountains
Station latitude:             34.7323
Station longitude:            -98.713
Station altitude:             509.0 m
Regime:                       IMG
Component:                    
Unit:                         ug/m3
Matrix:                       
Laboratory code:              US03L
Instrument type:              filterpack
Instrument name:              filterpack_US9073
Method ref:                   US03L_IMPROVE_Davis
Blank correction:             Blank corrected
Volume std. temperature:      ambient
Volume std. pressure:         ambient
starttime endtime PM10 PM2.5 flag
  2.25   3.25  12.910   4.422 0.000
  5.25   6.25   8.138   1.837 0.000
  8.25   9.25   6.460   4.899 0.000
 11.25  12.25   8.033   4.863 0.000
 14.25  15.25  12.092   7.519 0.000
 17.25  18.25  11.812   9.174 0.000
 20.25  21.25   6.740   3.604 0.000
 23.25  24.25  18.498  11.379 0.000
 26.25  27.25   6.216   1.585 0.000
 29.25  30.25  26.875  17.048 0.000
 32.25  33.25 999.999 999.999 0.999
 35.25  36.25   5.076   2.458 0.000
 38.25  39.25  15.416   5.251 0.000
 41.25  42.25   5.193   1.896 0.000
 44.25  45.25  12.473   4.660 0.000
 47.25  48.25  14.721   8.106 0.000
 50.25  51.25  13.859   7.848 0.000
 53.25  54.25 999.999 999.999 0.999
 56.25  57.25  21.274  14.471 0.000
 59.25  60.25  10.205   3.461 0.000
 62.25  63.25  34.790  16.973 0.000
 65.25  66.25  17.548   8.823 0.000
 68.25  69.25   7.118   2.566 0.000
 71.25  72.25  28.102  16.836 0.000
 74.25  75.25  16.020   7.098 0.000
 77.25  78.25  18.774   7.840 0.000
 80.25  81.25  40.230   8.021 0.000
 83.25  84.25  32.851  14.391 0.000
 86.25  87.25  15.410   9.579 0.000
 89.25  90.25  16.160   9.437 0.000
 92.25  93.25  38.512  16.223 0.000
 95.25  96.25  31.952   7.532 0.000
 98.25  99.25  31.215  14.557 0.000
101.25 102.25  14.109   6.548 0.000
104.25 105.25  42.125   7.428 0.000
107.25 108.25 999.999 999.999 0.999
110.25 111.25  58.775  11.443 0.000
113.25 114.25 999.999 999.999 0.999
116.25 117.25 999.999 999.999 0.999
119.25 120.25  20.342   3.825 0.000
122.25 123.25   8.692   3.033 0.000
125.25 126.25  19.769   6.196 0.000
128.25 129.25  28.846  15.467 0.000
131.25 132.25  13.546   5.234 0.000
134.25 135.25   6.110   1.410 0.000
137.25 138.25  23.107   8.036 0.000
140.25 141.25  16.300   5.817 0.000
143.25 144.25  67.094  16.933 0.000
146.25 147.25  29.084  11.048 0.000
149.25 150.25  34.015  14.534 0.000
152.25 153.25  25.520   9.758 0.000
155.25 156.25  18.685   7.304 0.000
158.25 159.25  29.262  15.076 0.000
161.25 162.25  18.937   7.497 0.000
164.25 165.25  30.302   9.747 0.000
167.25 168.25  31.904  10.806 0.000
170.25 171.25  39.837   8.773 0.000
173.25 174.25  16.419   4.878 0.000
176.25 177.25  20.231   7.283 0.000
179.25 180.25  19.806   6.728 0.000
182.25 183.25  36.881  14.581 0.000
185.25 186.25  24.271  11.596 0.000
188.25 189.25  25.796  11.246 0.000
191.25 192.25  16.685   5.716 0.000
194.25 195.25  16.609   5.081 0.000
197.25 198.25  21.157  11.892 0.000
200.25 201.25  17.826   7.505 0.000
203.25 204.25  18.038   6.312 0.000
206.25 207.25  19.343   6.536 0.000
209.25 210.25  20.748   8.326 0.000
212.25 213.25  16.674   6.032 0.000
215.25 216.25  22.796   8.691 0.000
218.25 219.25  15.188   7.002 0.000
221.25 222.25  21.401   8.361 0.000
224.25 225.25   6.818   3.119 0.000
227.25 228.25  15.523   6.391 0.000
230.25 231.25  17.637   7.839 0.000
233.25 234.25  15.532   7.027 0.000
236.25 237.25  27.846  10.031 0.000
239.25 240.25  20.827   9.612 0.000
242.25 243.25  28.942  15.178 0.000
245.25 246.25  34.418  22.079 0.000
248.25 249.25  17.255   7.704 0.000
251.25 252.25  28.677   6.967 0.000
254.25 255.25  22.714   7.019 0.000
257.25 258.25  15.346   5.653 0.000
260.25 261.25   7.453   3.769 0.000
263.25 264.25  20.523   6.251 0.000
266.25 267.25  12.689   3.949 0.000
269.25 270.25  18.979   6.867 0.000
272.25 273.25  27.334   4.310 0.000
275.25 276.25  25.200   7.649 0.000
278.25 279.25  20.104   8.275 0.000
281.25 282.25   2.061   1.066 0.000
284.25 285.25   6.524   2.880 0.000
287.25 288.25  14.221   5.173 0.000
290.25 291.25  14.991   2.709 0.000
293.25 294.25  16.506   4.992 0.000
296.25 297.25  13.820   4.677 0.000
299.25 300.25  10.984   3.696 0.000
302.25 303.25  10.415   4.593 0.000
305.25 306.25  15.172   4.919 0.000
308.25 309.25  16.059   4.570 0.000
311.25 312.25   2.643   1.456 0.000
314.25 315.25  11.635   3.563 0.000
317.25 318.25  11.994   3.549 0.000
320.25 321.25   8.320   2.842 0.000
323.25 324.25  16.218   9.315 0.000
326.25 327.25   6.251   2.806 0.000
329.25 330.25 999.999 999.999 0.999
332.25 333.25   8.479   2.188 0.000
335.25 336.25  22.695  14.145 0.000
338.25 339.25   6.521   4.524 0.000
341.25 342.25   9.333   6.569 0.000
344.25 345.25  22.298  19.530 0.000
347.25 348.25   5.284   3.515 0.000
350.25 351.25   4.609   3.439 0.000
353.25 354.25   3.225   1.545 0.000
356.25 357.25   4.851   3.727 0.000
359.25 360.25   5.262   4.085 0.000
362.25 363.25   5.117   2.034 0.000
