scripts/IMPROVE-2019_partial/data/US9010R.20150103050000.20191216000000.filterpack...1y.3d.US03L_filterpack_US9010.US03L_IMPROVE_Davis.lev2.nas
51 1001
MISSING INFORMATION
US03L, IMPROVE, , , , , , , 
MISSING INFORMATION
IMPROVE sel_HTAP
1 1
2015 01 01 2019 12 16
3.000000
days from file reference point
4
1 1 1 1
999.999999 999.999 999.999 9.999
end_time of measurement, days from the file reference point
pm10_mass, ug/m3, Matrix=pm10
pm25_mass, ug/m3, Matrix=pm25
numflag, no unit
0
33
Data definition:              EBAS_1.1
Set type code:                TU
Timezone:                     UTC
File name:                    US9010R.20150103050000.20191216000000.filterpack...1y.3d.US03L_filterpack_US9010.US03L_IMPROVE_Davis.lev2.nas
File creation:                20191218120549
Startdate:                    20150103050000
Revision date:                20191216000000
Version:                      2
Version description:          "Data extracted from http://views.cira.colostate.edu/fed/DataWizard 2019-12-16"
Statistics:                   arithmetic mean
Data level:                   2
Period code:                  1y
Resolution code:              3d
Sample duration:              1d
Orig. time res.:              3d
Station code:                 US9010R
Platform code:                US9010S
Station name:                 Moosehorn NWR
Station latitude:             45.1259
Station longitude:            -67.2661
Station altitude:             77.0 m
Regime:                       IMG
Component:                    
Unit:                         ug/m3
Matrix:                       
Laboratory code:              US03L
Instrument type:              filterpack
Instrument name:              filterpack_US9010
Method ref:                   US03L_IMPROVE_Davis
Blank correction:             Blank corrected
Volume std. temperature:      ambient
Volume std. pressure:         ambient
starttime endtime PM10 PM2.5 flag
  2.208333   3.208333   3.460   2.278 0.000
  5.208333   6.208333   3.248   2.314 0.000
  8.208333   9.208333   4.700   3.665 0.000
 11.208333  12.208333   8.539   6.485 0.000
 14.208333  15.208333   4.720   3.884 0.000
 17.208333  18.208333   8.341   4.725 0.000
 20.208333  21.208333   5.136   2.704 0.000
 23.208333  24.208333   5.673   4.476 0.000
 26.208333  27.208333   8.288   5.395 0.000
 29.208333  30.208333   5.567   4.006 0.000
 32.208333  33.208333   5.344   3.179 0.000
 35.208333  36.208333   4.870   3.497 0.000
 38.208333  39.208333   4.122   2.985 0.000
 41.208333  42.208333   4.292   2.261 0.000
 44.208333  45.208333   8.144   6.112 0.000
 47.208333  48.208333   6.929   4.263 0.000
 50.208333  51.208333   5.308   3.456 0.000
 53.208333  54.208333   6.932   5.156 0.000
 56.208333  57.208333   6.048   4.353 0.000
 59.208333  60.208333   6.932   4.830 0.000
 62.208333  63.208333   3.336   2.490 0.000
 65.208333  66.208333   6.279   4.105 0.000
 68.208333  69.208333   5.393   3.798 0.000
 71.208333  72.208333   3.202   1.683 0.000
 74.208333  75.208333   2.857   1.867 0.000
 77.208333  78.208333   3.274   1.952 0.000
 80.208333  81.208333   4.682   3.160 0.000
 83.208333  84.208333 999.999 999.999 0.999
 86.208333  87.208333 999.999 999.999 0.999
 89.208333  90.208333 999.999 999.999 0.999
 92.208333  93.208333   8.254   5.477 0.000
 95.208333  96.208333   4.426   3.010 0.000
 98.208333  99.208333   5.004   3.152 0.000
101.208333 102.208333   3.930   2.912 0.000
104.208333 105.208333   4.231   1.724 0.000
107.208333 108.208333   3.457   2.126 0.000
110.208333 111.208333   2.045   1.255 0.000
113.208333 114.208333   1.522   1.155 0.000
116.208333 117.208333   1.094   0.749 0.000
119.208333 120.208333   1.476   1.018 0.000
122.208333 123.208333   6.380   4.505 0.000
125.208333 126.208333 999.999 999.999 0.999
128.208333 129.208333   4.449   2.486 0.000
131.208333 132.208333   5.186   3.846 0.000
134.208333 135.208333 999.999 999.999 0.999
137.208333 138.208333 999.999 999.999 0.999
140.208333 141.208333   7.192   3.282 0.000
143.208333 144.208333   7.612   4.204 0.000
146.208333 147.208333  19.029  11.716 0.000
149.208333 150.208333   7.872   4.257 0.000
152.208333 153.208333   2.481   1.121 0.000
155.208333 156.208333   3.875   1.812 0.000
158.208333 159.208333   8.941   4.187 0.000
161.208333 162.208333  13.114   8.566 0.000
164.208333 165.208333   3.782   1.982 0.000
167.208333 168.208333   4.532   1.864 0.000
170.208333 171.208333   3.731   2.172 0.000
173.208333 174.208333   2.836   1.636 0.000
176.208333 177.208333   3.596   1.964 0.000
179.208333 180.208333   3.430   1.627 0.000
182.208333 183.208333   4.819   2.601 0.000
185.208333 186.208333  11.454   8.481 0.000
188.208333 189.208333   7.485   5.306 0.000
191.208333 192.208333  14.884  12.359 0.000
194.208333 195.208333  11.820   9.653 0.000
197.208333 198.208333   4.917   3.024 0.000
200.208333 201.208333   4.147   2.529 0.000
203.208333 204.208333   3.071   1.490 0.000
206.208333 207.208333   3.099   2.199 0.000
209.208333 210.208333   6.090   4.000 0.000
212.208333 213.208333   5.398   3.738 0.000
215.208333 216.208333   8.079   6.588 0.000
218.208333 219.208333   3.079   1.679 0.000
221.208333 222.208333   4.925   3.106 0.000
224.208333 225.208333   4.618   2.690 0.000
227.208333 228.208333   8.698   6.911 0.000
230.208333 231.208333   7.032   5.272 0.000
233.208333 234.208333   3.607   2.377 0.000
236.208333 237.208333   5.278   3.885 0.000
239.208333 240.208333   5.069   3.151 0.000
242.208333 243.208333  11.220   8.953 0.000
245.208333 246.208333  12.662   9.119 0.000
248.208333 249.208333   7.778   4.608 0.000
251.208333 252.208333   7.888   5.565 0.000
254.208333 255.208333   2.898   1.125 0.000
257.208333 258.208333   6.369   3.257 0.000
260.208333 261.208333  13.019   9.642 0.000
263.208333 264.208333   2.838   1.427 0.000
266.208333 267.208333   5.349   2.325 0.000
269.208333 270.208333   3.265   1.516 0.000
272.208333 273.208333   2.734   1.092 0.000
275.208333 276.208333   2.407   0.928 0.000
278.208333 279.208333   4.621   2.621 0.000
281.208333 282.208333   3.626   2.039 0.000
284.208333 285.208333   8.590   4.854 0.000
287.208333 288.208333   3.149   1.166 0.000
290.208333 291.208333   1.155   0.562 0.000
293.208333 294.208333   2.592   1.398 0.000
296.208333 297.208333   2.381   1.398 0.000
299.208333 300.208333   3.113   2.122 0.000
302.208333 303.208333   2.956   1.542 0.000
305.208333 306.208333   3.869   2.630 0.000
308.208333 309.208333   6.508   2.901 0.000
311.208333 312.208333   2.816   1.687 0.000
314.208333 315.208333   6.798   5.074 0.000
317.208333 318.208333   2.124   1.608 0.000
320.208333 321.208333   1.981   1.285 0.000
323.208333 324.208333   5.594   2.590 0.000
326.208333 327.208333   1.723   1.136 0.000
329.208333 330.208333   5.673   2.988 0.000
332.208333 333.208333   2.275   1.624 0.000
335.208333 336.208333   2.714   2.471 0.000
338.208333 339.208333   2.618   2.759 0.000
341.208333 342.208333   2.992   2.143 0.000
344.208333 345.208333   4.780   3.500 0.000
347.208333 348.208333   2.328   0.880 0.000
350.208333 351.208333 999.999 999.999 0.999
353.208333 354.208333 999.999 999.999 0.999
356.208333 357.208333 999.999 999.999 0.999
359.208333 360.208333 999.999 999.999 0.999
362.208333 363.208333 999.999 999.999 0.999
