scripts/IMPROVE-2019_partial/data/US9051U.20030103050000.20191216000000.filterpack..pm25.1y.1w.US03L_filterpack_US9051.US03L_IMPROVE_Davis.lev2.nas
64 1001
MISSING INFORMATION
US03L, IMPROVE, , , , , , , 
MISSING INFORMATION
IMPROVE sel_HTAP
1 1
2003 01 01 2019 12 16
3.000000
days from file reference point
25
1 1 1 1 1 1 1 1 1 1 1 1 1 1 1 1 1 1 1 1 1 1 1 1 1
999.999999 9999.99 9.999 999.99 9.999 9.999 9.999999 99.99 9.999999 99.999 9.999999 99.999 9.999 999.999 9.999 999.999 9.999 999.999 9.999 999.999 9.999 99.999 9.999 99.999 9.999999
end_time of measurement, days from the file reference point
iron, ng/m3, Revision date=20181210133000
numflag iron, no unit, Revision date=20181210133000
lead, ng/m3, Revision date=20181210133000
numflag lead, no unit, Revision date=20181210133000
magnesium, ug/m3, Revision date=20181210133000
numflag magnesium, no unit, Revision date=20181210133000
nickel, ng/m3, Revision date=20181210133000
numflag nickel, no unit, Revision date=20181210133000
nitrate, ug N/m3, Revision date=20181210133000
numflag nitrate, no unit, Revision date=20181210133000
organic_carbon, ug C/m3, Revision date=20181210133000
numflag organic_carbon, no unit, Revision date=20181210133000
organic_mass, ug/m3, Revision date=20181210133000
numflag organic_mass, no unit, Revision date=20181210133000
pm10_mass, ug/m3, Version=2, Version description=Data extracted from http://views.cira.colostate.edu/fed/DataWizard 2019-12-16, Sample duration=1d, Orig. time res.=3d, Matrix=pm10, Blank correction=Blank corrected, Volume std. temperature=ambient, Volume std. pressure=ambient
numflag pm10_mass, no unit, Version=2, Version description=Data extracted from http://views.cira.colostate.edu/fed/DataWizard 2019-12-16, Sample duration=1d, Orig. time res.=3d, Matrix=pm10, Blank correction=Blank corrected, Volume std. temperature=ambient, Volume std. pressure=ambient
pm10_pm25_mass, ug/m3, Revision date=20181210133000, Matrix=pm10_pm25
numflag pm10_pm25_mass, no unit, Revision date=20181210133000, Matrix=pm10_pm25
pm25_mass, ug/m3, Version=2, Version description=Data extracted from http://views.cira.colostate.edu/fed/DataWizard 2019-12-16, Sample duration=1d, Orig. time res.=3d, Blank correction=Blank corrected, Volume std. temperature=ambient, Volume std. pressure=ambient
numflag pm25_mass, no unit, Version=2, Version description=Data extracted from http://views.cira.colostate.edu/fed/DataWizard 2019-12-16, Sample duration=1d, Orig. time res.=3d, Blank correction=Blank corrected, Volume std. temperature=ambient, Volume std. pressure=ambient
potassium, ug/m3, Revision date=20181210133000
numflag potassium, no unit, Revision date=20181210133000
sulphate_total, ug S/m3, Revision date=20181210133000
numflag sulphate_total, no unit, Revision date=20181210133000
0
25
Data definition:              EBAS_1.1
Set type code:                TU
Timezone:                     UTC
File name:                    US9051U.20030103050000.20191216000000.filterpack..pm25.1y.1w.US03L_filterpack_US9051.US03L_IMPROVE_Davis.lev2.nas
File creation:                20191218120855
Startdate:                    20030103050000
Revision date:                20191216000000
Statistics:                   arithmetic mean
Data level:                   2
Period code:                  1y
Resolution code:              1w
Station code:                 US9051U
Platform code:                US9051S
Station name:                 Washington D.C.
Station latitude:             38.8762
Station longitude:            -77.0344
Station altitude:             15.0 m
Regime:                       IMG
Component:                    
Matrix:                       pm25
Laboratory code:              US03L
Instrument type:              filterpack
Instrument name:              filterpack_US9051
Method ref:                   US03L_IMPROVE_Davis
starttime endtime Fe flag_Fe Pb flag_Pb Mg++ flag_Mg++ Ni flag_Ni NO3- flag_NO3- OC flag_OC OM flag_OM PM10 flag_PM10 PM10-PM2.5 flag_PM10-PM2.5 PM2.5 flag_PM2.5 K+ flag_K+ SO4-- flag_SO4--
[from data line 83]
251.208333 252.208333   63.97 0.000   1.59 0.000 9.999 0.259000  0.58 0.000000  0.115 0.000000 99.999 0.999 999.999 0.999  14.983 0.000   8.197 0.000   6.787 0.000  0.032 0.000  0.499 0.000000
254.208333 255.208333  104.71 0.000   1.73 0.000 9.999 0.259000  0.89 0.000000  0.163 0.000000  1.876 0.000   2.627 0.000  14.968 0.000   7.559 0.000   7.409 0.000  0.044 0.000  0.572 0.000000
257.208333 258.208333  167.84 0.000   1.23 0.000 9.999 0.259000  0.45 0.000000  0.185 0.000000  3.123 0.000   4.373 0.000  21.376 0.000   6.781 0.000  14.595 0.000  0.038 0.000  1.975 0.000000
260.208333 261.208333   74.02 0.000   2.56 0.000 0.017 0.000000  0.89 0.000000  0.119 0.000000  1.209 0.000   1.693 0.000 999.999 0.456 999.999 0.999   7.535 0.000  0.042 0.000  0.830 0.000000
263.208333 264.208333   83.71 0.000   4.78 0.000 0.206 0.000000  1.25 0.000000  0.256 0.000000  3.628 0.000   5.080 0.000 999.999 0.456 999.999 0.999  23.119 0.000  0.088 0.000  3.425 0.000000
266.208333 267.208333  110.87 0.394   1.59 0.394 0.066 0.394000  0.15 0.394000  0.144 0.394000  1.617 0.000   2.264 0.000  18.512 0.000   6.987 0.000  11.525 0.000  0.050 0.394  1.528 0.394000
269.208333 270.208333   26.77 0.000   1.48 0.000 0.055 0.000000  0.87 0.000000  0.164 0.000000  2.304 0.000   3.226 0.000  19.234 0.000   3.944 0.000  15.290 0.000  0.047 0.000  2.194 0.000000
272.208333 273.208333  108.01 0.000   1.66 0.000 9.999 0.259000 99.99 0.259000  0.104 0.000000  1.033 0.000   1.446 0.000   9.430 0.000   3.315 0.000   6.115 0.000  0.021 0.000  0.809 0.000000
275.208333 276.208333   71.64 0.000   1.63 0.000 9.999 0.259000  0.11 0.000000  0.092 0.559000  1.263 0.000   1.768 0.000   7.952 0.000   3.274 0.000   4.678 0.000  0.026 0.000  0.433 0.559000
278.208333 279.208333  163.37 0.000   4.17 0.000 9.999 0.259000  1.16 0.000000  0.379 0.000000  2.239 0.000   3.135 0.000  18.315 0.000   7.331 0.000  10.983 0.000  0.058 0.000  1.247 0.000000
281.208333 282.208333  385.73 0.000   2.71 0.000 0.049 0.000000  0.57 0.000000  0.585 0.000000  5.273 0.000   7.382 0.000  34.574 0.000  11.567 0.000  23.007 0.000  0.087 0.000  2.243 0.000000
284.208333 285.208333  163.12 0.000   5.00 0.000 9.999 0.259000  0.32 0.000000  0.475 0.000000  3.435 0.000   4.809 0.000  23.693 0.000   5.818 0.000  17.874 0.000  0.079 0.000  2.258 0.000000
287.208333 288.208333   71.41 0.000   0.54 0.000 9.999 0.259000  0.08 0.000000  0.023 0.000000  0.744 0.000   1.041 0.000   7.942 0.000   4.186 0.000   3.755 0.000  0.016 0.000  0.525 0.000000
290.208333 291.208333  132.94 0.000   2.50 0.000 9.999 0.259000  0.09 0.000000  0.648 0.000000  1.639 0.000   2.294 0.000  12.855 0.000   4.575 0.000   8.280 0.000  0.055 0.000  0.866 0.000000
293.208333 294.208333  104.47 0.000   3.24 0.000 9.999 0.259000  0.18 0.000000  0.136 0.000000  3.732 0.000   5.225 0.000  24.673 0.000   7.745 0.000  16.928 0.000  0.086 0.000  1.744 0.000000
296.208333 297.208333   87.30 0.000   1.89 0.000 9.999 0.259000  0.22 0.000000  0.152 0.000000  1.222 0.000   1.711 0.000  10.195 0.000   3.661 0.000   6.534 0.000  0.022 0.000  0.828 0.000000
299.208333 300.208333   38.36 0.000   0.85 0.000 9.999 0.259000  0.17 0.000000  0.102 0.000000  1.303 0.000   1.824 0.000   8.681 0.000   2.064 0.000   6.617 0.000  0.021 0.000  0.673 0.000000
302.208333 303.208333  132.19 0.000   1.67 0.000 9.999 0.259000  0.87 0.000000  0.144 0.000000  3.525 0.000   4.935 0.000  15.525 0.000   4.935 0.000  10.590 0.000  0.053 0.000  0.869 0.000000
305.208333 306.208333  244.73 0.000   2.78 0.000 9.999 0.259000  0.14 0.000000  0.348 0.000000  5.341 0.000   7.477 0.000  28.791 0.000   6.539 0.000  22.252 0.000  0.113 0.000  2.497 0.000000
308.208333 309.208333   65.05 0.000   0.75 0.000 9.999 0.259000  0.38 0.000000  0.268 0.000000  2.877 0.000   4.027 0.000  16.457 0.000   5.422 0.000  11.035 0.000  0.042 0.000  1.041 0.000000
311.208333 312.208333   63.39 0.559   3.05 0.559 9.999 0.559259 99.99 0.559259  0.329 0.000000  1.470 0.000   2.059 0.000   9.621 0.000   3.616 0.000   6.005 0.559  0.040 0.559  0.718 0.000000
314.208333 315.208333   92.33 0.000   2.94 0.000 9.999 0.259000  0.60 0.000000  0.271 0.559000  3.320 0.000   4.648 0.000  15.010 0.000   4.852 0.000  10.158 0.000  0.065 0.000  0.676 0.559000
317.208333 318.208333   68.37 0.559   1.04 0.559 9.999 0.559259  0.09 0.559000  0.103 0.559000  0.788 0.000   1.103 0.000   9.859 0.000   6.586 0.000   3.273 0.559  0.027 0.559  0.323 0.559000
320.208333 321.208333  196.71 0.000   3.87 0.000 9.999 0.259000  0.15 0.000000  0.842 0.000000  4.719 0.000   6.607 0.000  23.460 0.000   5.433 0.000  18.027 0.000  0.078 0.000  1.414 0.000000
323.208333 324.208333  201.13 0.000   2.58 0.000 9.999 0.259000  0.23 0.000000  0.157 0.000000  1.930 0.000   2.703 0.000  13.035 0.000   6.862 0.000   6.173 0.000  0.030 0.000  0.597 0.000000
326.208333 327.208333  220.78 0.000   5.62 0.000 9.999 0.259000  1.20 0.000000  0.695 0.000000  4.998 0.000   6.997 0.000  22.663 0.000   6.649 0.000  16.014 0.000  0.058 0.000  1.038 0.000000
329.208333 330.208333   91.40 0.000   2.25 0.000 9.999 0.259000  0.54 0.000000  0.404 0.000000  3.800 0.000   5.319 0.000  18.705 0.000   6.700 0.000  12.006 0.000  0.050 0.000  1.008 0.000000
332.208333 333.208333   29.20 0.000   0.95 0.000 9.999 0.259000 99.99 0.259000  0.066 0.000000  0.816 0.000   1.143 0.000   5.273 0.000   1.318 0.000   3.956 0.000  0.014 0.000  0.757 0.000000
335.208333 336.208333   54.09 0.000   1.27 0.000 0.110 0.000000  0.09 0.000000  0.137 0.000000  0.795 0.000   1.113 0.000   6.829 0.000   3.716 0.000   3.112 0.000  0.016 0.000  0.294 0.000000
338.208333 339.208333   65.36 0.000   2.15 0.000 9.999 0.259000  3.57 0.000000  0.449 0.000000  1.795 0.000   2.513 0.000  12.396 0.000   3.429 0.000   8.966 0.000  0.040 0.000  0.609 0.000000
341.208333 342.208333  147.91 0.000   2.46 0.000 9.999 0.259000  0.18 0.000000  0.585 0.000000  1.975 0.000   2.765 0.000  19.825 0.000   7.162 0.000  12.663 0.000  0.036 0.000  1.423 0.000000
344.208333 345.208333   37.13 0.000   0.80 0.000 0.103 0.000000 99.99 0.259000  0.032 0.000000  0.627 0.000   0.878 0.000   6.982 0.000   3.331 0.000   3.650 0.000  0.009 0.000  0.622 0.000000
347.208333 348.208333   27.24 0.000   1.47 0.000 0.126 0.000000  1.28 0.000000  0.412 0.000000  1.524 0.000   2.133 0.000   8.811 0.000   1.750 0.000   7.062 0.000  0.027 0.000  0.433 0.000000
350.208333 351.208333   58.57 0.000   1.17 0.000 9.999 0.259000  0.35 0.000000  0.310 0.000000  2.085 0.000   2.919 0.000  12.358 0.000   3.455 0.000   8.903 0.000  0.028 0.000  0.869 0.000000
353.208333 354.208333   65.05 0.000   1.68 0.000 0.084 0.000000 99.99 0.259000  0.391 0.000000  1.369 0.000   1.917 0.000  10.267 0.000   2.156 0.000   8.112 0.000  0.033 0.000  0.920 0.000000
356.208333 357.208333   51.89 0.000   2.26 0.000 9.999 0.259000  0.23 0.000000  0.107 0.000000  3.602 0.000   5.043 0.000  13.280 0.000   4.197 0.000   9.083 0.000  0.062 0.000  0.672 0.000000
359.208333 360.208333   53.37 0.000   1.39 0.000 9.999 0.259000 99.99 0.259000  0.160 0.000000  1.344 0.000   1.882 0.000   9.655 0.000   2.304 0.000   7.351 0.000  0.027 0.000  1.219 0.000000
362.208333 363.208333  125.96 0.000   4.20 0.000 9.999 0.259000  1.50 0.000000  0.441 0.000000  5.373 0.000   7.522 0.000  17.735 0.000   4.407 0.000  13.327 0.000  0.081 0.000  0.900 0.000000
