scripts/IMPROVE-2019_partial/data/US9077R.20010101080000.20191216000000.filterpack..pm25.52w.1w.US03L_filterpack_US9077.US03L_IMPROVE_Davis.lev2.nas
66 1001
MISSING INFORMATION
US03L, IMPROVE, , , , , , , 
MISSING INFORMATION
IMPROVE sel_HTAP
1 1
2001 01 01 2019 12 16
3.000000
days from file reference point
27
1 1 1 1 1 1 1 1 1 1 1 1 1 1 1 1 1 1 1 1 1 1 1 1 1 1 1
999.999999 9999.99 9.999 99.99 9.999999 9.999 9.999999 99.99 9.999999 9.999 9.999 99.999 9.999 99.999 9.999 99.99 9.999999 999.999 9.999 99.999 9.999 999.999 9.999 9.999 9.999999 9.999 9.999
end_time of measurement, days from the file reference point
iron, ng/m3, Revision date=20181210133000
numflag iron, no unit, Revision date=20181210133000
lead, ng/m3, Revision date=20181210133000
numflag lead, no unit, Revision date=20181210133000
magnesium, ug/m3, Revision date=20181210133000
numflag magnesium, no unit, Revision date=20181210133000
nickel, ng/m3, Revision date=20181210133000
numflag nickel, no unit, Revision date=20181210133000
nitrate, ug N/m3, Revision date=20181210133000
numflag nitrate, no unit, Revision date=20181210133000
organic_carbon, ug C/m3, Revision date=20181210133000
numflag organic_carbon, no unit, Revision date=20181210133000
organic_mass, ug/m3, Revision date=20181210133000
numflag organic_mass, no unit, Revision date=20181210133000
phosphorus, ng/m3, Revision date=20181210133000
numflag phosphorus, no unit, Revision date=20181210133000
pm10_mass, ug/m3, Version=2, Version description=Data extracted from http://views.cira.colostate.edu/fed/DataWizard 2019-12-16, Sample duration=1d, Orig. time res.=3d, Matrix=pm10, Blank correction=Blank corrected, Volume std. temperature=ambient, Volume std. pressure=ambient
numflag pm10_mass, no unit, Version=2, Version description=Data extracted from http://views.cira.colostate.edu/fed/DataWizard 2019-12-16, Sample duration=1d, Orig. time res.=3d, Matrix=pm10, Blank correction=Blank corrected, Volume std. temperature=ambient, Volume std. pressure=ambient
pm10_pm25_mass, ug/m3, Revision date=20181210133000, Matrix=pm10_pm25
numflag pm10_pm25_mass, no unit, Revision date=20181210133000, Matrix=pm10_pm25
pm25_mass, ug/m3, Version=2, Version description=Data extracted from http://views.cira.colostate.edu/fed/DataWizard 2019-12-16, Sample duration=1d, Orig. time res.=3d, Blank correction=Blank corrected, Volume std. temperature=ambient, Volume std. pressure=ambient
numflag pm25_mass, no unit, Version=2, Version description=Data extracted from http://views.cira.colostate.edu/fed/DataWizard 2019-12-16, Sample duration=1d, Orig. time res.=3d, Blank correction=Blank corrected, Volume std. temperature=ambient, Volume std. pressure=ambient
potassium, ug/m3, Revision date=20181210133000
numflag potassium, no unit, Revision date=20181210133000
sulphate_total, ug S/m3, Revision date=20181210133000
numflag sulphate_total, no unit, Revision date=20181210133000
0
25
Data definition:              EBAS_1.1
Set type code:                TU
Timezone:                     UTC
File name:                    US9077R.20010101080000.20191216000000.filterpack..pm25.52w.1w.US03L_filterpack_US9077.US03L_IMPROVE_Davis.lev2.nas
File creation:                20191218121048
Startdate:                    20010101080000
Revision date:                20191216000000
Statistics:                   arithmetic mean
Data level:                   2
Period code:                  52w
Resolution code:              1w
Station code:                 US9077R
Platform code:                US9077S
Station name:                 Snoqualmie Pass
Station latitude:             47.422
Station longitude:            -121.4259
Station altitude:             1049.0 m
Regime:                       IMG
Component:                    
Matrix:                       pm25
Laboratory code:              US03L
Instrument type:              filterpack
Instrument name:              filterpack_US9077
Method ref:                   US03L_IMPROVE_Davis
starttime endtime Fe flag_Fe Pb flag_Pb Mg++ flag_Mg++ Ni flag_Ni NO3- flag_NO3- OC flag_OC OM flag_OM P flag_P PM10 flag_PM10 PM10-PM2.5 flag_PM10-PM2.5 PM2.5 flag_PM2.5 K+ flag_K+ SO4-- flag_SO4--
[from data line 80]
240.333333 241.333333   22.63 0.559  0.86 0.559000 9.999 0.559259  0.33 0.559000 0.087 0.000  1.472 0.000  2.060 0.000 99.99 0.559259   7.399 0.000  0.852 0.000   6.548 0.559 0.014 0.559000 0.684 0.000
243.333333 244.333333   37.68 0.000  0.39 0.000000 9.999 0.259000 99.99 0.259000 0.049 0.000  0.382 0.000  0.535 0.000 99.99 0.259000   3.018 0.000  0.956 0.000   2.061 0.000 0.012 0.000000 0.214 0.000
246.333333 247.333333   24.28 0.000  0.46 0.000000 9.999 0.259000  0.17 0.000000 0.090 0.000  0.585 0.000  0.819 0.000 99.99 0.259000   4.767 0.000  1.325 0.000   3.442 0.000 0.019 0.000000 0.435 0.000
249.333333 250.333333   15.30 0.000  0.80 0.000000 9.999 0.259000 99.99 0.259000 0.084 0.000  0.561 0.000  0.785 0.000 99.99 0.259000   3.638 0.000  0.621 0.000   3.017 0.000 9.999 0.259000 0.203 0.000
252.333333 253.333333   10.18 0.000  0.70 0.000000 9.999 0.259000  0.24 0.000000 0.098 0.000  1.151 0.000  1.611 0.000 99.99 0.259000   5.342 0.000  1.630 0.000   3.712 0.000 9.999 0.259000 0.395 0.000
255.333333 256.333333   40.26 0.000  0.84 0.000000 9.999 0.259000  0.29 0.000000 0.095 0.000  2.061 0.000  2.885 0.000 99.99 0.259000  10.067 0.000  3.670 0.000   6.398 0.000 0.033 0.000000 0.305 0.000
258.333333 259.333333   25.23 0.000  1.21 0.000000 9.999 0.259000  0.44 0.000000 0.124 0.000  2.085 0.000  2.919 0.000 99.99 0.259000   8.598 0.000  1.961 0.000   6.637 0.000 0.024 0.000000 0.489 0.000
261.333333 262.333333   43.19 0.000  0.32 0.000000 9.999 0.259000  7.96 0.000000 0.088 0.000  0.419 0.000  0.586 0.000 99.99 0.259000   3.479 0.000  0.490 0.000   2.989 0.000 0.025 0.000000 0.206 0.000
264.333333 265.333333   34.35 0.000  0.72 0.000000 9.999 0.259000  0.51 0.000000 0.013 0.000  0.459 0.000  0.642 0.000 99.99 0.259000   5.351 0.000  3.212 0.000   2.139 0.000 0.015 0.000000 0.164 0.000
267.333333 268.333333   22.28 0.000  0.86 0.000000 9.999 0.259000  0.74 0.000000 0.043 0.000  1.200 0.000  1.680 0.000 99.99 0.259000   6.657 0.000  1.165 0.000   5.492 0.000 0.017 0.000000 0.622 0.000
270.333333 271.333333    6.57 0.000  0.40 0.000000 9.999 0.259000 99.99 0.259000 0.059 0.000  0.363 0.000  0.509 0.000 99.99 0.259000   3.287 0.000  1.171 0.000   2.116 0.000 0.014 0.000000 0.176 0.000
273.333333 274.333333   21.34 0.000  1.21 0.000000 9.999 0.259000 99.99 0.259000 0.041 0.559  1.164 0.000  1.629 0.000 99.99 0.259000   6.372 0.000  2.358 0.000   4.014 0.000 0.032 0.000000 0.179 0.559
276.333333 277.333333   37.03 0.000  0.45 0.000000 9.999 0.259000 99.99 0.259000 0.016 0.000  0.767 0.000  1.074 0.000 99.99 0.259000   9.122 0.000  6.404 0.000   2.719 0.000 0.030 0.000000 0.094 0.000
279.333333 280.333333   14.48 0.000  0.70 0.000000 9.999 0.259000 99.99 0.259000 0.078 0.000  0.687 0.000  0.962 0.000 99.99 0.259000   5.383 0.000  1.882 0.000   3.501 0.000 0.028 0.000000 0.328 0.000
282.333333 283.333333    4.67 0.559  0.41 0.559000 9.999 0.559259 99.99 0.559259 0.055 0.000  0.362 0.000  0.507 0.000 99.99 0.559259   3.183 0.000  0.962 0.000   2.221 0.559 0.022 0.559000 0.248 0.000
285.333333 286.333333    2.44 0.559  0.47 0.559000 9.999 0.559259  0.06 0.559000 0.038 0.000  0.211 0.000  0.296 0.000 99.99 0.559259   3.142 0.000  1.110 0.000   2.031 0.559 0.008 0.559000 0.288 0.000
288.333333 289.333333   12.36 0.559  0.54 0.559000 9.999 0.559259 99.99 0.559259 0.027 0.000  0.836 0.000  1.170 0.000 99.99 0.559259   3.665 0.000  1.357 0.000   2.308 0.559 0.034 0.559000 0.105 0.000
291.333333 292.333333    1.80 0.559 99.99 0.559259 9.999 0.559259 99.99 0.559259 0.034 0.000  0.101 0.000  0.142 0.000 99.99 0.559259   0.575 0.000  0.150 0.000   0.425 0.559 0.006 0.559000 0.062 0.000
294.333333 295.333333    3.77 0.559 99.99 0.559259 9.999 0.559259 99.99 0.559259 0.043 0.000  0.256 0.000  0.359 0.000 99.99 0.559259   2.630 0.000  1.034 0.000   1.596 0.559 0.007 0.559000 0.162 0.000
297.333333 298.333333    0.70 0.559 99.99 0.559259 9.999 0.559259 99.99 0.559259 0.016 0.559  0.247 0.000  0.346 0.000 99.99 0.559259   0.812 0.000 99.999 0.259   0.829 0.559 0.010 0.559000 0.012 0.559
300.333333 301.333333    8.58 0.559  0.39 0.559000 9.999 0.559259 99.99 0.559259 0.021 0.000  0.274 0.000  0.383 0.000 99.99 0.559259   2.030 0.000  0.802 0.000   1.229 0.559 0.015 0.559000 0.054 0.000
303.333333 304.333333    1.16 0.559  0.15 0.559000 0.010 0.559000 99.99 0.559259 0.005 0.000  0.171 0.000  0.239 0.000 99.99 0.559259   0.579 0.000  0.069 0.000   0.510 0.559 9.999 0.559259 0.032 0.000
306.333333 307.333333    8.90 0.559  0.54 0.559000 9.999 0.559259 99.99 0.559259 0.251 0.000  2.999 0.000  4.198 0.000 99.99 0.559259   7.399 0.000  1.008 0.000   6.391 0.559 0.042 0.559000 0.240 0.000
309.333333 310.333333    4.24 0.559 99.99 0.559259 9.999 0.559259 99.99 0.559259 0.033 0.000  0.848 0.000  1.188 0.000 99.99 0.559259   2.799 0.000  0.880 0.000   1.919 0.559 0.047 0.559000 0.101 0.000
312.333333 313.333333   12.61 0.000  0.88 0.000000 9.999 0.259000 99.99 0.259000 0.189 0.000  3.182 0.000  4.454 0.000 99.99 0.259000   8.441 0.000  1.349 0.000   7.092 0.000 0.042 0.000000 0.160 0.000
315.333333 316.333333   11.54 0.559  1.33 0.559000 9.999 0.559259 99.99 0.559259 0.113 0.000  3.352 0.000  4.693 0.000 99.99 0.559259   8.233 0.000  1.004 0.000   7.229 0.559 0.047 0.559000 0.175 0.000
318.333333 319.333333    3.71 0.559 99.99 0.559259 9.999 0.559259 99.99 0.559259 0.041 0.000  0.659 0.000  0.923 0.000 99.99 0.559259   2.067 0.000  0.587 0.000   1.480 0.559 0.011 0.559000 0.052 0.000
321.333333 322.333333    3.13 0.559  0.77 0.559000 9.999 0.559259 99.99 0.559259 0.019 0.000  0.827 0.000  1.157 0.000 99.99 0.559259   2.811 0.000  0.694 0.000   2.117 0.559 0.020 0.559000 0.111 0.000
324.333333 325.333333    5.00 0.000 99.99 0.259000 9.999 0.259000 99.99 0.259000 0.028 0.559  0.257 0.000  0.360 0.000 99.99 0.259000   1.943 0.000  0.548 0.000   1.395 0.000 0.009 0.000000 0.039 0.559
327.333333 328.333333    3.74 0.559 99.99 0.559259 9.999 0.559259 99.99 0.559259 0.016 0.559  0.305 0.000  0.427 0.000 99.99 0.559259   1.323 0.000  0.504 0.000   0.819 0.559 0.009 0.559000 0.047 0.559
330.333333 331.333333    3.88 0.559  0.28 0.559000 9.999 0.559259 99.99 0.559259 0.062 0.559  0.766 0.000  1.072 0.000 99.99 0.559259   2.214 0.000  0.310 0.000   1.903 0.559 0.040 0.559000 0.077 0.559
333.333333 334.333333    2.18 0.000  0.30 0.000000 9.999 0.259000 99.99 0.259000 0.088 0.000  1.802 0.000  2.523 0.000 99.99 0.259000   4.948 0.000  1.001 0.000   3.948 0.000 0.022 0.000000 0.065 0.000
336.333333 337.333333    3.68 0.559  0.21 0.559000 9.999 0.559259 99.99 0.559259 0.029 0.559  0.262 0.000  0.367 0.000  5.57 0.559000   2.245 0.000  0.765 0.000   1.480 0.559 0.013 0.559000 0.108 0.559
339.333333 340.333333    0.84 0.000  0.21 0.000000 9.999 0.259000 99.99 0.259000 0.013 0.559  0.285 0.000  0.399 0.000 99.99 0.259000   1.622 0.000  0.203 0.000   1.418 0.000 0.007 0.000000 0.067 0.559
342.333333 343.333333    3.58 0.559  0.35 0.559000 9.999 0.559259 99.99 0.559259 0.050 0.559  0.162 0.000  0.227 0.000 99.99 0.559259   2.661 0.000  0.925 0.000   1.736 0.559 0.010 0.559000 0.150 0.559
345.333333 346.333333    2.00 0.559  0.22 0.559000 9.999 0.559259 99.99 0.559259 0.043 0.559  0.581 0.000  0.813 0.000 99.99 0.559259   1.331 0.000 99.999 0.259   1.372 0.559 0.007 0.559000 0.044 0.559
348.333333 349.333333    2.32 0.000  0.25 0.000000 9.999 0.259000  0.09 0.000000 0.056 0.559  0.553 0.000  0.775 0.000 99.99 0.259000   1.954 0.000  0.496 0.000   1.459 0.000 0.008 0.000000 0.075 0.559
351.333333 352.333333   13.54 0.559  0.52 0.559000 9.999 0.559259 99.99 0.559259 0.067 0.559  0.935 0.000  1.309 0.000 99.99 0.559259   3.362 0.000  1.099 0.000   2.263 0.559 0.017 0.559000 0.092 0.559
354.333333 355.333333    0.91 0.000 99.99 0.259000 9.999 0.259000 99.99 0.259000 0.026 0.559  0.387 0.000  0.541 0.000 99.99 0.259000   0.992 0.000  0.312 0.000   0.680 0.000 9.999 0.259000 0.024 0.559
357.333333 358.333333    1.72 0.559 99.99 0.559259 0.038 0.559000 99.99 0.559259 0.114 0.559  0.479 0.000  0.671 0.000 99.99 0.559259   1.164 0.000  0.012 0.000   1.153 0.559 0.007 0.559000 0.072 0.559
360.333333 361.333333    6.77 0.000  0.52 0.000000 9.999 0.259000 99.99 0.259000 0.273 0.559  0.720 0.000  1.008 0.000 99.99 0.259000   2.911 0.000  0.144 0.000   2.766 0.000 0.008 0.000000 0.123 0.559
363.333333 364.333333    1.01 0.559 99.99 0.559259 9.999 0.559259 99.99 0.559259 0.049 0.559  0.488 0.000  0.683 0.000 99.99 0.559259   1.123 0.000  0.454 0.000   0.669 0.559 0.006 0.559000 0.033 0.559
