scripts/IMPROVE-2019_partial/data/US9002R.19990102070000.20191216000000.filterpack...1y.3d.US03L_filterpack_US9002.US03L_IMPROVE_Davis.lev2.nas
52 1001
MISSING INFORMATION
US03L, IMPROVE, , , , , , , 
MISSING INFORMATION
IMPROVE sel_HTAP
1 1
1999 01 01 2019 12 16
0
days from file reference point
5
1 1 1 1 1
999.999999 999.999 9.999 999.999 9.999
end_time of measurement, days from the file reference point
pm10_mass, ug/m3, Matrix=pm10
numflag pm10_mass, no unit, Matrix=pm10
pm25_mass, ug/m3, Matrix=pm25
numflag pm25_mass, no unit, Matrix=pm25
0
33
Data definition:              EBAS_1.1
Set type code:                TI
Timezone:                     UTC
File name:                    US9002R.19990102070000.20191216000000.filterpack...1y.3d.US03L_filterpack_US9002.US03L_IMPROVE_Davis.lev2.nas
File creation:                20191218120520
Startdate:                    19990102070000
Revision date:                20191216000000
Version:                      2
Version description:          "Data extracted from http://views.cira.colostate.edu/fed/DataWizard 2019-12-16"
Statistics:                   arithmetic mean
Data level:                   2
Period code:                  1y
Resolution code:              3d
Sample duration:              1d
Orig. time res.:              3d
Station code:                 US9002R
Platform code:                US9002S
Station name:                 Mount Zirkel Wilderness
Station latitude:             40.5383
Station longitude:            -106.6766
Station altitude:             3243.0 m
Regime:                       IMG
Component:                    
Unit:                         ug/m3
Matrix:                       
Laboratory code:              US03L
Instrument type:              filterpack
Instrument name:              filterpack_US9002
Method ref:                   US03L_IMPROVE_Davis
Blank correction:             Blank corrected
Volume std. temperature:      ambient
Volume std. pressure:         ambient
starttime endtime PM10 flag_PM10 PM2.5 flag_PM2.5
  1.291667   2.291667   1.681 0.000   1.314 0.000
  5.291667   6.291667   1.543 0.000   0.758 0.000
  8.291667   9.291667   2.058 0.000   1.425 0.000
 12.291667  13.291667   2.688 0.000   1.564 0.000
 15.291667  16.291667   1.971 0.000   0.594 0.000
 19.291667  20.291667   3.066 0.000   0.701 0.000
 22.291667  23.291667   1.990 0.000   0.892 0.000
 26.291667  27.291667  11.482 0.000   1.518 0.000
 29.291667  30.291667   4.494 0.000   1.184 0.000
 33.291667  34.291667   2.671 0.000   1.205 0.000
 36.291667  37.291667   2.752 0.000   1.064 0.000
 40.291667  41.291667  10.748 0.000   1.445 0.000
 43.291667  44.291667   4.821 0.000   0.346 0.000
 47.291667  48.291667   6.060 0.000   1.120 0.000
 50.291667  51.291667   3.362 0.000   1.216 0.000
 54.291667  55.291667   7.580 0.000   1.454 0.000
 57.291667  58.291667   8.306 0.000   0.768 0.000
 61.291667  62.291667   7.721 0.000   2.548 0.000
 64.291667  65.291667   7.930 0.000   1.704 0.000
 68.291667  69.291667   7.080 0.000   1.920 0.000
 71.291667  72.291667   6.679 0.000   2.765 0.000
 75.291667  76.291667   9.609 0.000   4.501 0.000
 78.291667  79.291667   9.871 0.000   3.693 0.000
 82.291667  83.291667   9.902 0.000   3.785 0.000
 85.291667  86.291667   7.116 0.000   5.817 0.000
 89.291667  90.291667  87.518 0.000  25.969 0.000
 92.291667  93.291667   6.944 0.000   2.294 0.000
 96.291667  97.291667   7.419 0.000   2.222 0.000
 99.291667 100.291667   2.631 0.000   1.557 0.000
103.291667 104.291667   6.293 0.000   1.782 0.000
106.291667 107.291667   6.380 0.000   2.852 0.000
110.291667 111.291667   3.367 0.000   2.099 0.000
113.291667 114.291667   5.911 0.000   2.398 0.000
117.291667 118.291667   4.749 0.000   2.752 0.000
120.291667 121.291667   5.670 0.000   3.008 0.000
124.291667 125.291667   5.041 0.000   1.198 0.000
127.291667 128.291667   6.584 0.000   4.587 0.000
131.291667 132.291667   5.934 0.000   2.028 0.000
134.291667 135.291667   8.013 0.000   4.517 0.000
138.291667 139.291667   7.312 0.000   3.955 0.000
141.291667 142.291667   6.904 0.000   3.652 0.000
145.291667 146.291667   4.335 0.000   2.998 0.000
148.291667 149.291667   5.147 0.000   3.442 0.000
152.291667 153.291667 999.999 0.999 999.999 0.999
155.291667 156.291667  22.181 0.000   5.495 0.000
159.291667 160.291667   6.860 0.000   2.863 0.000
162.291667 163.291667   5.465 0.000   2.426 0.000
166.291667 167.291667   5.115 0.000   1.946 0.000
169.291667 170.291667   8.774 0.000   4.076 0.000
173.291667 174.291667   3.799 0.000   1.698 0.000
176.291667 177.291667   4.289 0.000 999.999 0.999
180.291667 181.291667  10.746 0.000   2.001 0.000
183.291667 184.291667   8.838 0.000   3.942 0.000
187.291667 188.291667   6.982 0.000   2.737 0.000
190.291667 191.291667  11.475 0.000   4.061 0.000
194.291667 195.291667   8.261 0.000   3.835 0.000
197.291667 198.291667   6.984 0.000   3.239 0.000
201.291667 202.291667   6.944 0.000   3.356 0.000
204.291667 205.291667   7.798 0.000   3.573 0.000
208.291667 209.291667   5.111 0.000   2.807 0.000
211.291667 212.291667   3.663 0.000   3.225 0.000
215.291667 216.291667   4.484 0.000   3.132 0.000
218.291667 219.291667   4.721 0.000   2.706 0.000
222.291667 223.291667   7.988 0.000   1.263 0.000
225.291667 226.291667   6.423 0.000   2.840 0.000
229.291667 230.291667   4.402 0.000   2.541 0.000
232.291667 233.291667   4.668 0.000   1.684 0.000
236.291667 237.291667   6.784 0.000   3.040 0.000
239.291667 240.291667   3.048 0.000   2.062 0.000
243.291667 244.291667   4.003 0.000   2.068 0.000
246.291667 247.291667   4.339 0.000   3.004 0.000
250.291667 251.291667   5.964 0.000   1.728 0.000
253.291667 254.291667   4.412 0.000   3.123 0.000
257.291667 258.291667   3.577 0.000   1.806 0.000
260.291667 261.291667 999.999 0.999 999.999 0.999
264.291667 265.291667   6.601 0.000   2.727 0.000
267.291667 268.291667   9.216 0.000   3.776 0.000
271.291667 272.291667   3.368 0.000   1.523 0.000
274.291667 275.291667   9.190 0.000   3.875 0.000
278.291667 279.291667   6.332 0.000   3.273 0.000
281.291667 282.291667   6.618 0.000   2.222 0.000
285.291667 286.291667   8.994 0.000   3.409 0.000
288.291667 289.291667   5.522 0.000   2.565 0.000
292.291667 293.291667   5.976 0.000   2.059 0.000
295.291667 296.291667   7.323 0.000   1.523 0.000
299.291667 300.291667  10.417 0.000   3.773 0.000
302.291667 303.291667   6.297 0.000   1.586 0.000
306.291667 307.291667   4.362 0.000   2.112 0.000
309.291667 310.291667   3.776 0.000   1.984 0.000
313.291667 314.291667   5.830 0.000   3.504 0.000
316.291667 317.291667   4.330 0.000   2.252 0.000
320.291667 321.291667 999.999 0.999 999.999 0.999
323.291667 324.291667 999.999 0.999 999.999 0.999
327.291667 328.291667 999.999 0.999 999.999 0.999
330.291667 331.291667 999.999 0.999 999.999 0.999
334.291667 335.291667   5.759 0.000   2.619 0.000
337.291667 338.291667   0.720 0.000   0.608 0.000
341.291667 342.291667   1.553 0.000   1.089 0.000
344.291667 345.291667   1.639 0.000   1.649 0.000
348.291667 349.291667 999.999 0.259   0.343 0.000
351.291667 352.291667 999.999 0.259   0.309 0.000
355.291667 356.291667 999.999 0.999 999.999 0.999
358.291667 359.291667 999.999 0.999 999.999 0.999
362.291667 363.291667   2.769 0.000   0.502 0.000
