scripts/IMPROVE-2019_partial/data/US9010R.19980103050000.20191216000000.filterpack...1y.3d.US03L_filterpack_US9010.US03L_IMPROVE_Davis.lev2.nas
51 1001
MISSING INFORMATION
US03L, IMPROVE, , , , , , , 
MISSING INFORMATION
IMPROVE sel_HTAP
1 1
1998 01 01 2019 12 16
0
days from file reference point
4
1 1 1 1
999.999999 999.999 999.999 9.999
end_time of measurement, days from the file reference point
pm10_mass, ug/m3, Matrix=pm10
pm25_mass, ug/m3, Matrix=pm25
numflag, no unit
0
33
Data definition:              EBAS_1.1
Set type code:                TI
Timezone:                     UTC
File name:                    US9010R.19980103050000.20191216000000.filterpack...1y.3d.US03L_filterpack_US9010.US03L_IMPROVE_Davis.lev2.nas
File creation:                20191218120546
Startdate:                    19980103050000
Revision date:                20191216000000
Version:                      2
Version description:          "Data extracted from http://views.cira.colostate.edu/fed/DataWizard 2019-12-16"
Statistics:                   arithmetic mean
Data level:                   2
Period code:                  1y
Resolution code:              3d
Sample duration:              1d
Orig. time res.:              3d
Station code:                 US9010R
Platform code:                US9010S
Station name:                 Moosehorn NWR
Station latitude:             45.1259
Station longitude:            -67.2661
Station altitude:             77.0 m
Regime:                       IMG
Component:                    
Unit:                         ug/m3
Matrix:                       
Laboratory code:              US03L
Instrument type:              filterpack
Instrument name:              filterpack_US9010
Method ref:                   US03L_IMPROVE_Davis
Blank correction:             Blank corrected
Volume std. temperature:      ambient
Volume std. pressure:         ambient
starttime endtime PM10 PM2.5 flag
  2.208333   3.208333  16.082  11.105 0.000
  6.208333   7.208333   6.199   4.005 0.000
  9.208333  10.208333 999.999 999.999 0.999
 13.208333  14.208333 999.999 999.999 0.999
 16.208333  17.208333   3.279   2.304 0.000
 20.208333  21.208333   5.152   3.391 0.000
 23.208333  24.208333   1.965   1.227 0.000
 27.208333  28.208333  11.152   4.344 0.000
 30.208333  31.208333  16.684   3.848 0.000
 34.208333  35.208333  12.475   4.070 0.000
 37.208333  38.208333 999.999   7.009 0.000
 41.208333  42.208333  17.443  15.625 0.000
 44.208333  45.208333   7.319   2.608 0.000
 48.208333  49.208333  10.554   8.013 0.000
 51.208333  52.208333   4.739   4.017 0.000
 55.208333  56.208333   1.672   0.764 0.000
 58.208333  59.208333   2.315   1.376 0.000
 62.208333  63.208333   4.615   1.575 0.000
 65.208333  66.208333   6.944   3.472 0.000
 69.208333  70.208333   6.481   3.472 0.000
 72.208333  73.208333   9.142   3.776 0.000
 76.208333  77.208333  11.670   7.756 0.000
 79.208333  80.208333   4.287   3.281 0.000
 83.208333  84.208333   7.967   5.644 0.000
 86.208333  87.208333  16.667  13.289 0.000
 90.208333  91.208333 999.999 999.999 0.999
 93.208333  94.208333   3.450   1.664 0.000
 97.208333  98.208333   7.314   2.262 0.000
100.208333 101.208333  10.017   3.914 0.000
104.208333 105.208333  14.134   6.592 0.000
107.208333 108.208333   6.987   3.727 0.000
111.208333 112.208333   8.904   3.954 0.000
114.208333 115.208333   9.615   2.664 0.000
118.208333 119.208333   9.627   4.588 0.000
121.208333 122.208333   7.561   5.356 0.000
125.208333 126.208333   7.218   5.123 0.000
128.208333 129.208333   4.881   3.272 0.000
132.208333 133.208333   9.810   5.004 0.000
135.208333 136.208333  12.095   6.732 0.000
139.208333 140.208333  14.251   4.812 0.000
142.208333 143.208333   5.695   1.598 0.000
146.208333 147.208333  13.401   4.216 0.000
149.208333 150.208333  10.358   4.867 0.000
153.208333 154.208333   6.865   4.186 0.000
156.208333 157.208333   3.142   1.998 0.000
160.208333 161.208333   9.075   6.444 0.000
163.208333 164.208333  17.710   5.270 0.000
167.208333 168.208333   9.084   7.375 0.000
170.208333 171.208333  18.244  15.501 0.000
174.208333 175.208333  11.334   8.772 0.000
177.208333 178.208333   6.646   4.021 0.000
181.208333 182.208333   3.526   2.092 0.000
184.208333 185.208333   7.054   6.355 0.000
188.208333 189.208333   7.047   7.035 0.000
191.208333 192.208333   6.059   6.133 0.000
195.208333 196.208333  30.012  28.722 0.000
198.208333 199.208333   6.050   4.710 0.000
202.208333 203.208333  18.554  16.163 0.000
205.208333 206.208333   7.968   2.631 0.000
209.208333 210.208333  16.645  17.496 0.000
212.208333 213.208333   9.483   3.712 0.000
216.208333 217.208333  14.033  12.198 0.000
219.208333 220.208333  19.269  14.851 0.000
223.208333 224.208333   4.268   3.730 0.000
226.208333 227.208333   9.810   7.344 0.000
230.208333 231.208333   6.054   3.623 0.000
233.208333 234.208333   5.520   4.690 0.000
237.208333 238.208333  15.222  13.167 0.000
240.208333 241.208333 999.999  11.494 0.000
244.208333 245.208333   5.905   3.689 0.000
247.208333 248.208333  10.455   6.512 0.000
251.208333 252.208333   3.821   2.692 0.000
254.208333 255.208333   5.647   3.029 0.000
258.208333 259.208333   9.013   7.340 0.000
261.208333 262.208333   9.377   5.721 0.000
265.208333 266.208333   3.947   1.852 0.000
268.208333 269.208333  10.456   9.012 0.000
272.208333 273.208333   8.886   6.169 0.000
275.208333 276.208333   2.871   1.451 0.000
279.208333 280.208333   5.587   3.596 0.000
282.208333 283.208333   7.994   6.135 0.000
286.208333 287.208333  12.077   6.422 0.000
289.208333 290.208333   4.553   2.356 0.000
293.208333 294.208333   2.862   1.813 0.000
296.208333 297.208333   9.797   6.668 0.000
300.208333 301.208333 999.999 999.999 0.999
303.208333 304.208333 999.999 999.999 0.999
307.208333 308.208333   4.013   2.190 0.000
310.208333 311.208333   4.505   3.128 0.000
314.208333 315.208333   6.762   4.148 0.000
317.208333 318.208333   4.535   2.639 0.000
321.208333 322.208333   8.117   6.319 0.000
324.208333 325.208333   6.991   6.446 0.000
328.208333 329.208333   4.938   4.705 0.000
331.208333 332.208333   7.227   6.662 0.000
335.208333 336.208333   5.787   4.099 0.000
338.208333 339.208333   4.461   2.356 0.000
342.208333 343.208333   6.635   4.484 0.000
345.208333 346.208333   5.703   4.360 0.000
349.208333 350.208333  12.046   5.369 0.000
352.208333 353.208333   5.282   5.594 0.000
356.208333 357.208333   9.854   2.690 0.000
359.208333 360.208333   8.829   5.099 0.000
363.208333 364.208333   6.757   4.308 0.000
