scripts/IMPROVE-2019_partial/data/US9033R.20060102060000.20191216000000.filterpack..pm25.52w.1w.US03L_filterpack_US9033.US03L_IMPROVE_Davis.lev2.nas
66 1001
MISSING INFORMATION
US03L, IMPROVE, , , , , , , 
MISSING INFORMATION
IMPROVE sel_HTAP
1 1
2006 01 01 2019 12 16
3.00
days from file reference point
27
1 1 1 1 1 1 1 1 1 1 1 1 1 1 1 1 1 1 1 1 1 1 1 1 1 1 1
999.99 99999.99 9.999 99.99 9.999 9.999 9.999999 9.99 9.999999 99.999 9.999999 99.999 9.999 99.999 9.999 9999.99 9.999999 999.999 9.999 999.999 9.999 999.999 9.999 9.999 9.999 99.999 9.999999
end_time of measurement, days from the file reference point
iron, ng/m3, Revision date=20181210133000
numflag iron, no unit, Revision date=20181210133000
lead, ng/m3, Revision date=20181210133000
numflag lead, no unit, Revision date=20181210133000
magnesium, ug/m3, Revision date=20181210133000
numflag magnesium, no unit, Revision date=20181210133000
nickel, ng/m3, Revision date=20181210133000
numflag nickel, no unit, Revision date=20181210133000
nitrate, ug N/m3, Revision date=20181210133000
numflag nitrate, no unit, Revision date=20181210133000
organic_carbon, ug C/m3, Revision date=20181210133000
numflag organic_carbon, no unit, Revision date=20181210133000
organic_mass, ug/m3, Revision date=20181210133000
numflag organic_mass, no unit, Revision date=20181210133000
phosphorus, ng/m3, Revision date=20181210133000
numflag phosphorus, no unit, Revision date=20181210133000
pm10_mass, ug/m3, Version=2, Version description=Data extracted from http://views.cira.colostate.edu/fed/DataWizard 2019-12-16, Sample duration=1d, Orig. time res.=3d, Matrix=pm10, Blank correction=Blank corrected, Volume std. temperature=ambient, Volume std. pressure=ambient
numflag pm10_mass, no unit, Version=2, Version description=Data extracted from http://views.cira.colostate.edu/fed/DataWizard 2019-12-16, Sample duration=1d, Orig. time res.=3d, Matrix=pm10, Blank correction=Blank corrected, Volume std. temperature=ambient, Volume std. pressure=ambient
pm10_pm25_mass, ug/m3, Revision date=20181210133000, Matrix=pm10_pm25
numflag pm10_pm25_mass, no unit, Revision date=20181210133000, Matrix=pm10_pm25
pm25_mass, ug/m3, Version=2, Version description=Data extracted from http://views.cira.colostate.edu/fed/DataWizard 2019-12-16, Sample duration=1d, Orig. time res.=3d, Blank correction=Blank corrected, Volume std. temperature=ambient, Volume std. pressure=ambient
numflag pm25_mass, no unit, Version=2, Version description=Data extracted from http://views.cira.colostate.edu/fed/DataWizard 2019-12-16, Sample duration=1d, Orig. time res.=3d, Blank correction=Blank corrected, Volume std. temperature=ambient, Volume std. pressure=ambient
potassium, ug/m3, Revision date=20181210133000
numflag potassium, no unit, Revision date=20181210133000
sulphate_total, ug S/m3, Revision date=20181210133000
numflag sulphate_total, no unit, Revision date=20181210133000
0
25
Data definition:              EBAS_1.1
Set type code:                TU
Timezone:                     UTC
File name:                    US9033R.20060102060000.20191216000000.filterpack..pm25.52w.1w.US03L_filterpack_US9033.US03L_IMPROVE_Davis.lev2.nas
File creation:                20191218120728
Startdate:                    20060102060000
Revision date:                20191216000000
Statistics:                   arithmetic mean
Data level:                   2
Period code:                  52w
Resolution code:              1w
Station code:                 US9033R
Platform code:                US9033S
Station name:                 Sipsy Wilderness
Station latitude:             34.3433
Station longitude:            -87.3388
Station altitude:             286.0 m
Regime:                       IMG
Component:                    
Matrix:                       pm25
Laboratory code:              US03L
Instrument type:              filterpack
Instrument name:              filterpack_US9033
Method ref:                   US03L_IMPROVE_Davis
starttime endtime Fe flag_Fe Pb flag_Pb Mg++ flag_Mg++ Ni flag_Ni NO3- flag_NO3- OC flag_OC OM flag_OM P flag_P PM10 flag_PM10 PM10-PM2.5 flag_PM10-PM2.5 PM2.5 flag_PM2.5 K+ flag_K+ SO4-- flag_SO4--
  1.25   2.25   109.30 0.000  1.84 0.000 0.034 0.000000 0.55 0.000000  0.082 0.000000  2.056 0.000  2.879 0.000 9999.99 0.259000  28.342 0.000  16.265 0.000  12.078 0.000 0.149 0.000  1.395 0.000000
  4.25   5.25    14.78 0.000  1.93 0.000 0.019 0.000000 9.99 0.259000  0.596 0.000000  0.897 0.000  1.256 0.000 9999.99 0.259000  10.843 0.000   2.636 0.000   8.207 0.000 0.029 0.000  1.368 0.000000
  7.25   8.25    20.55 0.000  2.02 0.000 0.010 0.000000 0.44 0.000000  0.148 0.000000  3.391 0.000  4.748 0.000 9999.99 0.259000  12.469 0.000   3.455 0.000   9.014 0.000 0.079 0.000  0.503 0.000000
 10.25  11.25    14.01 0.000  1.27 0.000 9.999 0.259000 9.99 0.259000  0.218 0.559000  0.970 0.559  1.358 0.559 9999.99 0.259000   7.300 0.000   2.124 0.000   5.176 0.000 0.023 0.000  0.677 0.559000
 13.25  14.25     9.47 0.000  0.90 0.000 9.999 0.259000 9.99 0.259000  0.264 0.559000  0.414 0.000  0.580 0.000 9999.99 0.259000   4.542 0.000   1.755 0.000   2.787 0.000 0.022 0.000  0.352 0.559000
 16.25  17.25     8.20 0.000  0.55 0.000 9.999 0.259000 9.99 0.259000  0.080 0.000000  0.724 0.000  1.014 0.000 9999.99 0.259000   4.171 0.000   1.190 0.000   2.981 0.000 0.020 0.000  0.361 0.000000
 19.25  20.25    38.52 0.000  2.54 0.000 0.019 0.000000 9.99 0.259000  0.124 0.000000  1.808 0.559  2.532 0.559 9999.99 0.259000  12.461 0.000   5.214 0.000   7.247 0.000 0.051 0.000  0.723 0.000000
 22.25  23.25     5.36 0.000  1.27 0.000 0.012 0.000000 9.99 0.259000  0.249 0.559000  0.528 0.000  0.739 0.000 9999.99 0.259000   5.728 0.000   1.031 0.000   4.697 0.000 0.028 0.000  0.830 0.559000
 25.25  26.25    33.41 0.000  5.79 0.000 0.007 0.000000 0.21 0.000000  0.273 0.000000  0.948 0.559  1.327 0.559 9999.99 0.259000   6.139 0.000   2.472 0.000   3.667 0.000 0.030 0.000  0.300 0.000000
 28.25  29.25    21.05 0.000  0.80 0.000 9.999 0.259000 9.99 0.259000  0.031 0.000000  0.978 0.000  1.369 0.000 9999.99 0.259000   6.865 0.000   3.561 0.000   3.304 0.000 0.027 0.000  0.338 0.000000
 31.25  32.25    49.23 0.000  3.41 0.000 9.999 0.259000 0.11 0.000000  0.295 0.000000  3.300 0.000  4.620 0.000 9999.99 0.259000  12.704 0.000   2.917 0.000   9.787 0.000 0.068 0.000  0.496 0.000000
 34.25  35.25     7.21 0.000  1.20 0.000 9.999 0.259000 9.99 0.259000  0.185 0.000000  0.401 0.000  0.562 0.000 9999.99 0.259000   4.149 0.000   1.116 0.000   3.033 0.000 0.015 0.000  0.482 0.000000
 37.25  38.25    19.43 0.000  1.63 0.000 9.999 0.259000 9.99 0.259000  0.399 0.000000  0.771 0.559  1.079 0.559 9999.99 0.259000   6.502 0.000   1.951 0.000   4.551 0.000 0.036 0.000  0.355 0.000000
 40.25  41.25    35.90 0.000  2.56 0.000 9.999 0.259000 9.99 0.259000  0.329 0.000000  2.984 0.000  4.178 0.000 9999.99 0.259000  14.102 0.000   2.960 0.000  11.142 0.000 0.076 0.000  0.853 0.000000
 43.25  44.25    13.28 0.000  1.20 0.000 9.999 0.259000 9.99 0.259000  0.410 0.000000  1.007 0.559  1.410 0.559 9999.99 0.259000   7.609 0.000   1.693 0.000   5.916 0.000 0.021 0.000  0.731 0.000000
 46.25  47.25    18.81 0.000  0.91 0.000 9.999 0.259000 0.88 0.000000  0.122 0.000000  3.013 0.000  4.218 0.000 9999.99 0.259000  16.010 0.000   5.083 0.000  10.927 0.000 0.084 0.000  0.939 0.000000
 49.25  50.25    35.31 0.000  2.15 0.000 9.999 0.259000 0.19 0.000000  0.512 0.559000  0.941 0.559  1.318 0.559 9999.99 0.259000  10.146 0.000   2.565 0.000   7.581 0.000 0.046 0.000  0.732 0.559000
 52.25  53.25    13.47 0.000  1.29 0.000 9.999 0.259000 9.99 0.259000  0.078 0.000000  0.848 0.559  1.187 0.559 9999.99 0.259000   5.151 0.000   0.984 0.000   4.167 0.000 0.036 0.000  0.477 0.000000
 55.25  56.25    62.54 0.000  3.53 0.000 9.999 0.259000 0.36 0.000000  0.251 0.559000  2.274 0.000  3.184 0.000 9999.99 0.259000  11.040 0.000   3.048 0.000   7.992 0.000 0.077 0.000  0.535 0.559000
 58.25  59.25    37.66 0.000  2.05 0.000 9.999 0.259000 0.31 0.000000  0.136 0.559000  5.838 0.559  8.173 0.559 9999.99 0.259000  20.872 0.000   4.449 0.000  16.423 0.000 0.099 0.000  0.914 0.559000
 61.25  62.25    35.09 0.000  2.25 0.000 9.999 0.259000 0.16 0.000000  0.807 0.559000  1.331 0.559  1.864 0.559 9999.99 0.259000  19.753 0.000   7.788 0.000  11.965 0.000 0.047 0.000  1.611 0.559000
 64.25  65.25    33.56 0.000  2.72 0.000 9.999 0.259000 9.99 0.259000  0.394 0.559000  3.324 0.559  4.653 0.559 9999.99 0.259000  14.718 0.000   2.982 0.000  11.736 0.000 0.071 0.000  1.115 0.559000
 67.25  68.25    39.82 0.000  1.13 0.000 9.999 0.259000 0.24 0.000000  0.104 0.000000  1.660 0.000  2.323 0.000 9999.99 0.259000  15.425 0.000   5.907 0.000   9.518 0.000 0.058 0.000  1.263 0.000000
 70.25  71.25    19.57 0.000  1.10 0.000 0.070 0.000000 0.85 0.000000  0.147 0.559000  1.410 0.559  1.974 0.559 9999.99 0.259000  15.880 0.000   5.932 0.000   9.949 0.000 0.132 0.000  1.437 0.559000
 73.25  74.25    26.55 0.000  2.37 0.000 9.999 0.259000 0.15 0.000000  0.217 0.559000  1.985 0.559  2.778 0.559 9999.99 0.259000   8.675 0.000   2.242 0.000   6.434 0.000 0.042 0.000  0.462 0.559000
 76.25  77.25    47.25 0.000  3.20 0.000 0.011 0.000000 0.19 0.000000  0.474 0.559000  1.291 0.000  1.807 0.000 9999.99 0.259000  14.991 0.000   4.780 0.000  10.211 0.000 0.047 0.000  1.502 0.559000
 79.25  80.25    11.55 0.000  1.07 0.000 9.999 0.259000 9.99 0.259000  0.092 0.559000  0.821 0.000  1.150 0.000 9999.99 0.259000   7.290 0.000   1.118 0.000   6.172 0.000 0.022 0.000  0.973 0.559000
 82.25  83.25    22.65 0.000  1.75 0.000 9.999 0.259000 0.18 0.000000  0.511 0.559000  0.745 0.559  1.043 0.559 9999.99 0.259000   7.390 0.000   2.764 0.000   4.626 0.000 0.031 0.000  0.452 0.559000
 85.25  86.25    40.32 0.000  1.97 0.000 9.999 0.259000 0.14 0.000000  0.143 0.559000  1.420 0.559  1.988 0.559 9999.99 0.259000  12.329 0.000   3.278 0.000   9.051 0.000 0.038 0.000  1.166 0.559000
 88.25  89.25    65.99 0.000  3.44 0.000 9.999 0.259000 0.20 0.000000  0.105 0.559000  2.611 0.000  3.656 0.000 9999.99 0.259000  18.771 0.000   6.008 0.000  12.762 0.000 0.079 0.000  1.376 0.559000
 91.25  92.25    31.83 0.000  1.42 0.000 0.044 0.000000 0.80 0.000000  0.125 0.000000  1.935 0.000  2.709 0.000 9999.99 0.259000  18.170 0.000   4.762 0.000  13.408 0.000 0.120 0.000  1.854 0.000000
 94.25  95.25    67.69 0.000  3.93 0.000 0.019 0.000000 0.14 0.000000  0.146 0.559000  1.813 0.000  2.538 0.000 9999.99 0.259000  13.065 0.000   5.311 0.000   7.754 0.000 0.065 0.000  0.684 0.559000
 97.25  98.25 99999.99 0.999 99.99 0.999 9.999 0.999000 9.99 0.999000 99.999 0.999000 99.999 0.999 99.999 0.999 9999.99 0.999000 999.999 0.999 999.999 0.999 999.999 0.999 9.999 0.999 99.999 0.999000
100.25 101.25 99999.99 0.999 99.99 0.999 9.999 0.999000 9.99 0.999000 99.999 0.999000 99.999 0.999 99.999 0.999 9999.99 0.999000 999.999 0.999 999.999 0.999 999.999 0.999 9.999 0.999 99.999 0.999000
103.25 104.25    43.72 0.000  1.62 0.000 0.032 0.000000 0.28 0.000000  0.145 0.000000  2.736 0.559  3.831 0.559 9999.99 0.259000  19.367 0.000   7.638 0.000  11.729 0.000 0.071 0.000  1.031 0.000000
106.25 107.25    61.11 0.000  0.62 0.000 0.068 0.000000 0.43 0.000000  0.195 0.000000  2.192 0.000  3.069 0.000 9999.99 0.259000  21.087 0.000   8.155 0.000  12.932 0.000 0.099 0.000  1.514 0.000000
109.25 110.25    46.52 0.000  1.07 0.000 0.022 0.000000 0.26 0.000000  0.058 0.559000  2.790 0.000  3.906 0.000 9999.99 0.259000  16.923 0.000   4.946 0.000  11.977 0.000 0.090 0.000  1.226 0.559000
112.25 113.25 99999.99 0.456 99.99 0.456 9.999 0.456000 9.99 0.456000  0.040 0.559000  2.260 0.000  3.164 0.000 9999.99 0.456000  20.145 0.000 999.999 0.456 999.999 0.456 9.999 0.456  0.757 0.559000
115.25 116.25    29.90 0.000  0.79 0.000 0.034 0.000000 0.31 0.000000  0.052 0.559000  1.557 0.000  2.180 0.000 9999.99 0.259000  13.322 0.000   3.208 0.000  10.114 0.000 0.053 0.000  1.614 0.559000
118.25 119.25   122.57 0.000  3.79 0.000 0.040 0.000000 9.99 0.259000  0.065 0.559000  2.587 0.000  3.622 0.000 9999.99 0.259000  27.390 0.000  10.421 0.000  16.968 0.000 0.107 0.000  1.982 0.559000
121.25 122.25    76.36 0.000  2.31 0.000 0.016 0.000000 0.37 0.000000  0.111 0.559000  1.875 0.559  2.625 0.559 9999.99 0.259000  17.408 0.000   5.117 0.000  12.291 0.000 0.087 0.000  1.369 0.559000
124.25 125.25    46.28 0.000  2.47 0.000 9.999 0.259000 9.99 0.259000  0.137 0.559000  1.296 0.000  1.814 0.000 9999.99 0.259000  11.837 0.000   4.139 0.000   7.698 0.000 0.048 0.000  0.968 0.559000
127.25 128.25    28.12 0.000  2.55 0.000 9.999 0.259000 9.99 0.259000  0.120 0.559000  1.577 0.000  2.208 0.000  144.86 0.000000  14.650 0.000   4.619 0.000  10.031 0.000 0.050 0.000  1.480 0.559000
130.25 131.25    31.41 0.000  0.92 0.000 9.999 0.259000 9.99 0.259000  0.044 0.559000  0.734 0.000  1.027 0.000 9999.99 0.259000   9.759 0.000   5.316 0.000   4.444 0.000 0.040 0.000  0.430 0.559000
133.25 134.25    31.87 0.000  1.74 0.000 9.999 0.259000 9.99 0.259000  0.039 0.559000  1.005 0.000  1.407 0.000 9999.99 0.259000   9.569 0.000   4.228 0.000   5.342 0.000 0.050 0.000  0.467 0.559000
136.25 137.25    22.63 0.000  1.41 0.000 9.999 0.259000 9.99 0.259000  0.071 0.559000  0.794 0.000  1.111 0.000 9999.99 0.259000   8.950 0.000   2.755 0.000   6.195 0.000 0.031 0.000  0.796 0.559000
139.25 140.25    59.21 0.000  2.80 0.000 9.999 0.259000 0.35 0.000000  0.063 0.559000  2.586 0.000  3.621 0.000 9999.99 0.259000  19.181 0.000   7.539 0.000  11.642 0.000 0.088 0.000  0.977 0.559000
142.25 143.25    61.00 0.000  3.40 0.000 9.999 0.259000 0.14 0.000000  0.070 0.559000  2.889 0.000  4.045 0.000 9999.99 0.259000  22.661 0.000   6.428 0.000  16.233 0.000 0.065 0.000  1.989 0.559000
145.25 146.25    72.32 0.000  1.31 0.000 9.999 0.259000 0.52 0.000000  0.058 0.559000  2.575 0.000  3.605 0.000 9999.99 0.259000  17.002 0.000   4.284 0.000  12.718 0.000 0.082 0.000  1.473 0.559000
148.25 149.25    52.89 0.000  2.24 0.000 9.999 0.259000 9.99 0.259000  0.031 0.559000  2.905 0.000  4.067 0.000 9999.99 0.259000  22.766 0.000   4.215 0.000  18.551 0.000 0.068 0.000  2.571 0.559000
151.25 152.25    60.95 0.000  2.08 0.000 9.999 0.259000 0.12 0.000000  0.028 0.559000  3.732 0.000  5.225 0.000 9999.99 0.259000  34.029 0.000   7.511 0.000  26.518 0.000 0.064 0.000  3.691 0.559000
154.25 155.25    34.95 0.000  2.01 0.000 0.026 0.000000 9.99 0.259000  0.030 0.559000  1.867 0.559  2.614 0.559 9999.99 0.259000  16.606 0.000   5.366 0.000  11.240 0.000 0.043 0.000  1.276 0.559000
157.25 158.25    43.58 0.000  1.71 0.000 9.999 0.259000 9.99 0.259000  0.024 0.559000  2.347 0.000  3.285 0.000 9999.99 0.259000  16.835 0.000   5.225 0.000  11.610 0.000 0.101 0.000  1.068 0.559000
160.25 161.25    58.07 0.000  2.22 0.000 0.060 0.000000 9.99 0.259000  0.031 0.559000  3.420 0.000  4.788 0.000 9999.99 0.259000  24.576 0.000   6.768 0.000  17.808 0.000 0.085 0.000  1.811 0.559000
163.25 164.25    42.66 0.000  3.26 0.000 9.999 0.259000 0.17 0.000000  0.031 0.559000  2.021 0.559  2.829 0.559 9999.99 0.259000  27.225 0.000   6.494 0.000  20.732 0.000 0.046 0.000  3.408 0.559000
166.25 167.25    57.97 0.000  2.47 0.000 9.999 0.259000 0.16 0.000000  0.029 0.559000  3.270 0.559  4.578 0.559 9999.99 0.259000  29.322 0.000   7.238 0.000  22.084 0.000 0.038 0.000  2.935 0.559000
169.25 170.25    69.97 0.000  0.85 0.000 9.999 0.259000 0.24 0.000000  0.042 0.559000  1.238 0.559  1.733 0.559 9999.99 0.259000  11.450 0.000   4.508 0.000   6.942 0.000 0.055 0.000  0.688 0.559000
172.25 173.25 99999.99 0.999 99.99 0.999 9.999 0.999000 9.99 0.999000 99.999 0.999000 99.999 0.999 99.999 0.999 9999.99 0.999000 999.999 0.999 999.999 0.999 999.999 0.999 9.999 0.999 99.999 0.999000
175.25 176.25    25.21 0.000  1.22 0.000 0.038 0.000000 0.10 0.000000  0.028 0.559000  1.754 0.000  2.455 0.000 9999.99 0.259000  17.571 0.000   4.309 0.000  13.263 0.000 0.048 0.000  2.090 0.559000
178.25 179.25 99999.99 0.999 99.99 0.999 9.999 0.999000 9.99 0.999000 99.999 0.999000 99.999 0.999 99.999 0.999 9999.99 0.999000 999.999 0.999 999.999 0.999 999.999 0.999 9.999 0.999 99.999 0.999000
181.25 182.25    39.62 0.000  1.85 0.000 9.999 0.259000 9.99 0.259000  0.023 0.559000  3.210 0.559  5.779 0.559 9999.99 0.259000  20.647 0.000   6.236 0.000  14.411 0.000 0.069 0.000  1.235 0.559000
184.25 185.25    30.18 0.000  1.35 0.000 9.999 0.259000 0.25 0.000000  0.021 0.559000  3.637 0.000  6.546 0.000 9999.99 0.259000  22.737 0.000   3.446 0.000  19.291 0.000 0.085 0.000  2.098 0.559000
187.25 188.25    27.72 0.000  1.74 0.000 9.999 0.259000 9.99 0.259000  0.030 0.559000  2.425 0.000  4.364 0.000 9999.99 0.259000  19.901 0.000   5.288 0.000  14.612 0.000 0.056 0.000  1.850 0.559000
190.25 191.25    24.95 0.000  1.07 0.000 9.999 0.259000 0.17 0.000000  0.023 0.559000  3.801 0.000  6.843 0.000 9999.99 0.259000  21.497 0.000   4.456 0.000  17.041 0.000 0.080 0.000  1.640 0.559000
193.25 194.25    96.83 0.000  1.39 0.000 9.999 0.259000 0.29 0.000000  0.032 0.559000  2.666 0.559  4.798 0.559 9999.99 0.259000  20.723 0.000   6.670 0.000  14.053 0.000 0.089 0.000  1.463 0.559000
196.25 197.25    47.01 0.000  6.80 0.000 0.015 0.000000 9.99 0.259000  0.022 0.559000  2.537 0.559  4.566 0.559 9999.99 0.259000  22.619 0.000   3.008 0.000  19.611 0.000 0.050 0.000  3.018 0.559000
199.25 200.25    36.63 0.000  2.34 0.000 0.014 0.000000 0.06 0.000000  0.022 0.000000  3.235 0.559  5.822 0.559 9999.99 0.259000  23.980 0.000   3.932 0.000  20.048 0.000 0.092 0.000  2.719 0.000000
202.25 203.25    24.53 0.000  1.21 0.000 9.999 0.259000 9.99 0.259000  0.024 0.000000  1.851 0.000  3.332 0.000 9999.99 0.259000  16.108 0.000   3.828 0.000  12.280 0.000 0.047 0.000  1.619 0.000000
205.25 206.25    44.00 0.000  1.78 0.000 9.999 0.259000 0.17 0.000000  0.023 0.559000  2.691 0.000  4.843 0.000 9999.99 0.259000  20.452 0.000   5.304 0.000  15.147 0.000 0.045 0.000  1.787 0.559000
208.25 209.25   206.76 0.000  1.04 0.000 0.025 0.000000 0.55 0.000000  0.064 0.559000  0.732 0.559  1.318 0.559 9999.99 0.259000  16.824 0.000   7.380 0.000   9.444 0.000 0.088 0.000  0.939 0.559000
211.25 212.25    36.25 0.000  0.67 0.000 9.999 0.259000 0.20 0.000000  0.022 0.559000  1.635 0.000  2.944 0.000 9999.99 0.259000  11.693 0.000   4.656 0.000   7.037 0.000 0.041 0.000  0.586 0.559000
214.25 215.25  1068.07 0.000  3.07 0.000 9.999 0.259000 0.62 0.000000  0.158 0.559000  1.658 0.000  2.984 0.000 9999.99 0.259000  53.207 0.000  27.322 0.000  25.885 0.000 0.460 0.000  0.912 0.559000
217.25 218.25   269.39 0.000  1.22 0.000 9.999 0.259000 0.18 0.000000  0.033 0.559000  1.835 0.000  3.304 0.000 9999.99 0.259000  21.754 0.000   6.086 0.000  15.669 0.000 0.129 0.000  1.729 0.559000
220.25 221.25 99999.99 0.999 99.99 0.999 9.999 0.999000 9.99 0.999000 99.999 0.999000 99.999 0.999 99.999 0.999 9999.99 0.999000 999.999 0.999 999.999 0.999 999.999 0.999 9.999 0.999 99.999 0.999000
223.25 224.25    34.27 0.000  1.18 0.000 0.018 0.000000 9.99 0.259000  0.030 0.559000  1.477 0.559  2.659 0.559 9999.99 0.259000  15.087 0.000   5.776 0.000   9.311 0.000 0.048 0.000  1.233 0.559000
226.25 227.25    44.15 0.394  1.27 0.394 9.999 0.394259 9.99 0.394259  0.024 0.559394  2.129 0.394  3.833 0.394 9999.99 0.394259  19.939 0.000   6.542 0.394  13.397 0.000 0.055 0.394  1.757 0.559394
229.25 230.25    37.33 0.000  1.97 0.000 9.999 0.259000 0.23 0.000000  0.028 0.559000  3.571 0.000  6.427 0.000 9999.99 0.259000  34.241 0.000   4.794 0.000  29.447 0.000 0.055 0.000  4.526 0.559000
232.25 233.25    33.76 0.000  1.58 0.000 9.999 0.259000 9.99 0.259000  0.026 0.559000  3.058 0.000  5.503 0.000 9999.99 0.259000  22.879 0.000   4.386 0.000  18.493 0.000 0.045 0.000  2.402 0.559000
235.25 236.25    37.88 0.000  2.65 0.000 9.999 0.259000 0.32 0.000000  0.020 0.559000  2.538 0.000  4.568 0.000 9999.99 0.259000  30.239 0.000   3.017 0.000  27.222 0.000 0.047 0.000  4.554 0.559000
238.25 239.25    23.26 0.000  1.60 0.000 9.999 0.259000 0.24 0.000000  0.020 0.559000  1.523 0.559  2.742 0.559 9999.99 0.259000  14.131 0.000   2.740 0.000  11.392 0.000 0.036 0.000  1.557 0.559000
