scripts/IMPROVE-2019_partial/data/US9025U.20140102080000.20191216000000.filterpack...52w.3d.US03L_filterpack_US9025.US03L_IMPROVE_Davis.lev2.nas
51 1001
MISSING INFORMATION
US03L, IMPROVE, , , , , , , 
MISSING INFORMATION
IMPROVE sel_HTAP
1 1
2014 01 01 2019 12 16
3.000000
days from file reference point
4
1 1 1 1
999.999999 999.999 999.999 9.999
end_time of measurement, days from the file reference point
pm10_mass, ug/m3, Matrix=pm10
pm25_mass, ug/m3, Matrix=pm25
numflag, no unit
0
33
Data definition:              EBAS_1.1
Set type code:                TU
Timezone:                     UTC
File name:                    US9025U.20140102080000.20191216000000.filterpack...52w.3d.US03L_filterpack_US9025.US03L_IMPROVE_Davis.lev2.nas
File creation:                20191218120651
Startdate:                    20140102080000
Revision date:                20191216000000
Version:                      2
Version description:          "Data extracted from http://views.cira.colostate.edu/fed/DataWizard 2019-12-16"
Statistics:                   arithmetic mean
Data level:                   2
Period code:                  52w
Resolution code:              3d
Sample duration:              1d
Orig. time res.:              3d
Station code:                 US9025U
Platform code:                US9025S
Station name:                 Puget Sound
Station latitude:             47.5696
Station longitude:            -122.3119
Station altitude:             97.0 m
Regime:                       IMG
Component:                    
Unit:                         ug/m3
Matrix:                       
Laboratory code:              US03L
Instrument type:              filterpack
Instrument name:              filterpack_US9025
Method ref:                   US03L_IMPROVE_Davis
Blank correction:             Blank corrected
Volume std. temperature:      ambient
Volume std. pressure:         ambient
starttime endtime PM10 PM2.5 flag
  1.333333   2.333333  11.247   8.928 0.000
  4.333333   5.333333   8.688   6.968 0.000
  7.333333   8.333333   5.766   3.748 0.000
 10.333333  11.333333   4.906   2.397 0.000
 13.333333  14.333333   9.966   4.502 0.000
 16.333333  17.333333   8.071   6.233 0.000
 19.333333  20.333333  17.402  13.660 0.000
 22.333333  23.333333  16.872  12.576 0.000
 25.333333  26.333333  18.055  14.716 0.000
 28.333333  29.333333   4.354   3.109 0.000
 31.333333  32.333333  11.290   9.538 0.000
 34.333333  35.333333   6.220   3.646 0.000
 37.333333  38.333333   9.209   5.741 0.000
 40.333333  41.333333   8.480   5.800 0.000
 43.333333  44.333333  11.546   5.053 0.000
 46.333333  47.333333   4.320   1.674 0.000
 49.333333  50.333333 999.999 999.999 0.999
 52.333333  53.333333   8.545   5.505 0.000
 55.333333  56.333333   8.253   3.384 0.000
 58.333333  59.333333  12.463   5.922 0.000
 61.333333  62.333333   3.473   1.582 0.000
 64.333333  65.333333   4.036   1.789 0.000
 67.333333  68.333333   4.474   2.219 0.000
 70.333333  71.333333  10.091   5.045 0.000
 73.333333  74.333333  10.611   5.148 0.000
 76.333333  77.333333   9.884   4.053 0.000
 79.333333  80.333333   8.515   3.398 0.000
 82.333333  83.333333  15.037   6.609 0.000
 85.333333  86.333333   3.418   1.614 0.000
 88.333333  89.333333   7.085   2.593 0.000
 91.333333  92.333333  11.064   3.774 0.000
 94.333333  95.333333   3.823   2.415 0.000
 97.333333  98.333333   5.040   1.750 0.000
100.333333 101.333333   7.996   3.357 0.000
103.333333 104.333333  16.462   7.242 0.000
106.333333 107.333333   4.945   2.812 0.000
109.333333 110.333333  17.898   7.654 0.000
112.333333 113.333333   2.603   1.104 0.000
115.333333 116.333333   6.020   2.421 0.000
118.333333 119.333333  10.554   2.965 0.000
121.333333 122.333333   9.130   3.817 0.000
124.333333 125.333333   3.862   1.875 0.000
127.333333 128.333333   9.733   5.138 0.000
130.333333 131.333333   7.577   4.311 0.000
133.333333 134.333333  16.608   8.664 0.000
136.333333 137.333333   6.840   2.955 0.000
139.333333 140.333333   9.910   3.799 0.000
142.333333 143.333333   7.282   3.151 0.000
145.333333 146.333333   6.385   2.785 0.000
148.333333 149.333333  14.886   7.087 0.000
151.333333 152.333333  12.995   6.705 0.000
154.333333 155.333333  19.453   8.200 0.000
157.333333 158.333333   7.973   3.228 0.000
160.333333 161.333333  13.194   5.038 0.000
163.333333 164.333333 999.999 999.999 0.999
166.333333 167.333333 999.999 999.999 0.999
169.333333 170.333333   8.524   3.218 0.000
172.333333 173.333333   9.113   5.001 0.000
175.333333 176.333333   9.515   4.758 0.000
178.333333 179.333333   3.433   1.616 0.000
181.333333 182.333333  14.736   7.423 0.000
184.333333 185.333333  13.308   8.276 0.000
187.333333 188.333333   9.172   6.199 0.000
190.333333 191.333333  15.123   6.086 0.000
193.333333 194.333333  17.906  10.676 0.000
196.333333 197.333333  15.605   7.791 0.000
199.333333 200.333333   6.388   2.221 0.000
202.333333 203.333333  14.715   6.918 0.000
205.333333 206.333333   8.328   3.912 0.000
208.333333 209.333333  11.362   6.091 0.000
211.333333 212.333333  10.660   4.520 0.000
214.333333 215.333333  16.671   9.712 0.000
217.333333 218.333333  10.151   3.904 0.000
220.333333 221.333333   9.876   4.740 0.000
223.333333 224.333333  23.500  13.448 0.000
226.333333 227.333333 999.999 999.999 0.456
229.333333 230.333333  12.813   7.237 0.000
232.333333 233.333333  14.894   6.842 0.000
235.333333 236.333333  18.865  13.268 0.000
238.333333 239.333333  18.601   9.560 0.000
241.333333 242.333333   6.346   3.738 0.000
244.333333 245.333333   6.526   2.754 0.000
247.333333 248.333333  10.918   5.818 0.000
250.333333 251.333333   8.402   4.589 0.000
253.333333 254.333333   7.956   2.378 0.000
256.333333 257.333333  14.304   8.706 0.000
259.333333 260.333333  22.238  11.366 0.000
262.333333 263.333333   9.824   5.374 0.000
265.333333 266.333333   9.568   5.273 0.000
268.333333 269.333333   5.691   2.749 0.000
271.333333 272.333333   9.016   6.040 0.000
274.333333 275.333333  17.970   7.399 0.000
277.333333 278.333333  17.432  11.880 0.000
280.333333 281.333333  11.281   7.204 0.000
283.333333 284.333333   7.012   3.427 0.000
286.333333 287.333333   6.636   3.136 0.000
289.333333 290.333333   6.116   3.327 0.000
292.333333 293.333333   7.200   3.742 0.000
295.333333 296.333333   5.246   2.408 0.000
298.333333 299.333333   6.096   2.753 0.000
301.333333 302.333333   7.121   3.664 0.000
304.333333 305.333333   9.641   7.128 0.000
307.333333 308.333333   6.080   2.780 0.000
310.333333 311.333333  16.632   6.525 0.000
313.333333 314.333333   6.266   3.696 0.000
316.333333 317.333333   6.812   3.985 0.000
319.333333 320.333333  12.164   9.732 0.000
322.333333 323.333333  25.979  17.474 0.000
325.333333 326.333333  10.878   5.439 0.000
328.333333 329.333333   4.388   2.108 0.000
331.333333 332.333333   4.511   2.012 0.000
334.333333 335.333333  14.199   8.806 0.000
337.333333 338.333333  15.844  11.661 0.000
340.333333 341.333333   7.151   4.287 0.000
343.333333 344.333333   2.484   1.312 0.000
346.333333 347.333333  11.818   7.151 0.000
349.333333 350.333333   3.666   1.845 0.000
352.333333 353.333333   5.211   2.697 0.000
355.333333 356.333333  17.023   7.971 0.000
358.333333 359.333333 999.999 999.999 0.999
361.333333 362.333333 999.999 999.999 0.999
364.333333 365.333333   9.504   6.750 0.000
