scripts/IMPROVE-2019_partial/data/US9013R.20030103070000.20191216000000.filterpack..pm25.1y.1w.US03L_filterpack_US9013.US03L_IMPROVE_Davis.lev2.nas
66 1001
MISSING INFORMATION
US03L, IMPROVE, , , , , , , 
MISSING INFORMATION
IMPROVE sel_HTAP
1 1
2003 01 01 2019 12 16
3.000000
days from file reference point
27
1 1 1 1 1 1 1 1 1 1 1 1 1 1 1 1 1 1 1 1 1 1 1 1 1 1 1
999.999999 9999.99 9.999 99.99 9.999 9.999 9.999999 9.99 9.999999 9.999 9.999 999.999 9.999 999.999 9.999 99.9 9.999999 999.999 9.999 999.999 9.999 999.999 9.999 9.999 9.999 9.999 9.999
end_time of measurement, days from the file reference point
iron, ng/m3, Revision date=20181210133000
numflag iron, no unit, Revision date=20181210133000
lead, ng/m3, Revision date=20181210133000
numflag lead, no unit, Revision date=20181210133000
magnesium, ug/m3, Revision date=20181210133000
numflag magnesium, no unit, Revision date=20181210133000
nickel, ng/m3, Revision date=20181210133000
numflag nickel, no unit, Revision date=20181210133000
nitrate, ug N/m3, Revision date=20181210133000
numflag nitrate, no unit, Revision date=20181210133000
organic_carbon, ug C/m3, Revision date=20181210133000
numflag organic_carbon, no unit, Revision date=20181210133000
organic_mass, ug/m3, Revision date=20181210133000
numflag organic_mass, no unit, Revision date=20181210133000
phosphorus, ng/m3, Revision date=20181210133000
numflag phosphorus, no unit, Revision date=20181210133000
pm10_mass, ug/m3, Version=2, Version description=Data extracted from http://views.cira.colostate.edu/fed/DataWizard 2019-12-16, Sample duration=1d, Orig. time res.=3d, Matrix=pm10, Blank correction=Blank corrected, Volume std. temperature=ambient, Volume std. pressure=ambient
numflag pm10_mass, no unit, Version=2, Version description=Data extracted from http://views.cira.colostate.edu/fed/DataWizard 2019-12-16, Sample duration=1d, Orig. time res.=3d, Matrix=pm10, Blank correction=Blank corrected, Volume std. temperature=ambient, Volume std. pressure=ambient
pm10_pm25_mass, ug/m3, Revision date=20181210133000, Matrix=pm10_pm25
numflag pm10_pm25_mass, no unit, Revision date=20181210133000, Matrix=pm10_pm25
pm25_mass, ug/m3, Version=2, Version description=Data extracted from http://views.cira.colostate.edu/fed/DataWizard 2019-12-16, Sample duration=1d, Orig. time res.=3d, Blank correction=Blank corrected, Volume std. temperature=ambient, Volume std. pressure=ambient
numflag pm25_mass, no unit, Version=2, Version description=Data extracted from http://views.cira.colostate.edu/fed/DataWizard 2019-12-16, Sample duration=1d, Orig. time res.=3d, Blank correction=Blank corrected, Volume std. temperature=ambient, Volume std. pressure=ambient
potassium, ug/m3, Revision date=20181210133000
numflag potassium, no unit, Revision date=20181210133000
sulphate_total, ug S/m3, Revision date=20181210133000
numflag sulphate_total, no unit, Revision date=20181210133000
0
25
Data definition:              EBAS_1.1
Set type code:                TU
Timezone:                     UTC
File name:                    US9013R.20030103070000.20191216000000.filterpack..pm25.1y.1w.US03L_filterpack_US9013.US03L_IMPROVE_Davis.lev2.nas
File creation:                20191218120602
Startdate:                    20030103070000
Revision date:                20191216000000
Statistics:                   arithmetic mean
Data level:                   2
Period code:                  1y
Resolution code:              1w
Station code:                 US9013R
Platform code:                US9013S
Station name:                 Northern Cheyenne
Station latitude:             45.6495
Station longitude:            -106.5574
Station altitude:             1283.0 m
Regime:                       IMG
Component:                    
Matrix:                       pm25
Laboratory code:              US03L
Instrument type:              filterpack
Instrument name:              filterpack_US9013
Method ref:                   US03L_IMPROVE_Davis
starttime endtime Fe flag_Fe Pb flag_Pb Mg++ flag_Mg++ Ni flag_Ni NO3- flag_NO3- OC flag_OC OM flag_OM P flag_P PM10 flag_PM10 PM10-PM2.5 flag_PM10-PM2.5 PM2.5 flag_PM2.5 K+ flag_K+ SO4-- flag_SO4--
[from data line 82]
248.291667 249.291667   66.96 0.000  0.57 0.000 9.999 0.259000 0.07 0.000000 0.064 0.559  10.159 0.000  14.222 0.000 99.9 0.259000  28.830 0.000   6.253 0.000  22.577 0.000 0.166 0.000 0.323 0.559
251.291667 252.291667   23.57 0.000  0.23 0.000 9.999 0.259000 9.99 0.259000 0.010 0.559   0.758 0.000   1.061 0.000 99.9 0.259000   7.101 0.000   5.014 0.000   2.087 0.000 0.018 0.000 0.057 0.559
254.291667 255.291667   14.99 0.000 99.99 0.259 9.999 0.259000 9.99 0.259000 0.005 0.559   0.412 0.000   0.576 0.000 99.9 0.259000   2.026 0.000   0.631 0.000   1.395 0.000 0.011 0.000 0.043 0.559
257.291667 258.291667   11.17 0.000  0.20 0.000 9.999 0.259000 9.99 0.259000 0.010 0.559   0.582 0.000   0.815 0.000 99.9 0.259000   4.602 0.000   2.605 0.000   1.997 0.000 0.012 0.000 0.094 0.559
260.291667 261.291667   13.28 0.000  0.21 0.000 9.999 0.259000 9.99 0.259000 0.012 0.559   0.215 0.000   0.300 0.000 99.9 0.259000   1.705 0.000   0.700 0.000   1.005 0.000 0.004 0.000 0.049 0.559
263.291667 264.291667   12.21 0.000  0.33 0.000 0.037 0.000000 9.99 0.259000 0.021 0.559   0.519 0.000   0.726 0.000 99.9 0.259000   4.811 0.000   2.288 0.000   2.523 0.000 0.009 0.000 0.217 0.559
266.291667 267.291667   12.96 0.000  0.16 0.000 9.999 0.259000 9.99 0.259000 0.013 0.559   0.285 0.000   0.398 0.000 99.9 0.259000   4.588 0.000   3.111 0.000   1.478 0.000 0.009 0.000 0.088 0.559
269.291667 270.291667   15.24 0.000  0.18 0.000 9.999 0.259000 0.14 0.000000 0.008 0.559   0.371 0.000   0.519 0.000 99.9 0.259000   6.366 0.000   4.327 0.000   2.039 0.000 0.011 0.000 0.103 0.559
272.291667 273.291667   14.27 0.000  0.22 0.000 9.999 0.259000 9.99 0.259000 0.015 0.559   0.202 0.000   0.282 0.000 99.9 0.259000   4.385 0.000   2.028 0.000   2.357 0.000 0.010 0.000 0.233 0.559
275.291667 276.291667   71.51 0.000  0.43 0.000 9.999 0.259000 9.99 0.259000 0.031 0.559   0.557 0.000   0.779 0.000 99.9 0.259000  13.021 0.000   8.243 0.000   4.778 0.000 0.034 0.000 0.342 0.559
278.291667 279.291667   46.28 0.000  0.51 0.000 0.044 0.000000 9.99 0.259000 0.021 0.559   1.368 0.000   1.915 0.000 99.9 0.259000   9.879 0.000   4.634 0.000   5.246 0.000 0.035 0.000 0.263 0.559
281.291667 282.291667   58.54 0.000  0.33 0.000 0.039 0.000000 9.99 0.259000 0.014 0.559   0.671 0.000   0.939 0.000 99.9 0.259000  10.645 0.000   7.415 0.000   3.231 0.000 0.034 0.000 0.101 0.559
284.291667 285.291667   12.00 0.000  0.22 0.000 0.043 0.000000 9.99 0.259000 0.010 0.559   0.045 0.000   0.063 0.000 99.9 0.259000   3.451 0.000   2.383 0.000   1.068 0.000 0.009 0.000 0.057 0.559
287.291667 288.291667   12.99 0.000 99.99 0.259 0.042 0.000000 9.99 0.259000 0.020 0.559   0.207 0.000   0.290 0.000 99.9 0.259000   3.410 0.000   1.771 0.000   1.639 0.000 0.007 0.000 0.110 0.559
290.291667 291.291667   22.14 0.000  0.47 0.000 9.999 0.259000 9.99 0.259000 0.008 0.559   0.169 0.000   0.237 0.000  6.7 0.000000   4.315 0.000   2.742 0.000   1.573 0.000 0.021 0.000 0.070 0.559
293.291667 294.291667   20.84 0.000  0.47 0.000 0.045 0.000000 9.99 0.259000 0.008 0.559   0.329 0.000   0.460 0.000 99.9 0.259000   5.757 0.000   3.920 0.000   1.837 0.000 0.018 0.000 0.075 0.559
296.291667 297.291667   16.03 0.000  0.27 0.000 0.045 0.000000 9.99 0.259000 0.009 0.559   0.225 0.000   0.314 0.000 99.9 0.259000   5.406 0.000   3.876 0.000   1.530 0.000 0.014 0.000 0.041 0.559
299.291667 300.291667   18.58 0.000  0.26 0.000 9.999 0.259000 9.99 0.259000 0.005 0.559   0.363 0.000   0.509 0.000 99.9 0.259000   8.691 0.000   6.977 0.000   1.714 0.000 0.014 0.000 0.051 0.559
302.291667 303.291667   25.48 0.559  0.38 0.559 0.028 0.559000 0.05 0.559000 0.016 0.559   0.147 0.000   0.206 0.000 99.9 0.559259   4.861 0.000   2.489 0.000   2.372 0.559 0.018 0.559 0.208 0.559
305.291667 306.291667    4.78 0.000  0.60 0.000 9.999 0.259000 9.99 0.259000 0.042 0.559   0.483 0.000   0.677 0.000 99.9 0.259000   4.258 0.000   1.386 0.000   2.872 0.000 0.008 0.000 0.240 0.559
308.291667 309.291667    6.67 0.000  0.83 0.000 9.999 0.259000 0.05 0.000000 0.058 0.559   1.468 0.000   2.055 0.000 99.9 0.259000   6.887 0.000   1.568 0.000   5.319 0.000 0.043 0.000 0.459 0.559
311.291667 312.291667    6.35 0.000  0.54 0.000 9.999 0.259000 9.99 0.259000 0.014 0.559   0.453 0.000   0.635 0.000 99.9 0.259000   2.079 0.000   0.555 0.000   1.524 0.000 0.011 0.000 0.115 0.559
314.291667 315.291667   23.43 0.000  0.31 0.000 9.999 0.259000 0.14 0.000000 0.016 0.559   0.112 0.000   0.157 0.000 99.9 0.259000   2.191 0.000   1.113 0.000   1.078 0.000 0.016 0.000 0.049 0.559
317.291667 318.291667   21.21 0.000  0.62 0.000 9.999 0.259000 0.04 0.000000 0.017 0.559   0.639 0.000   0.895 0.000 99.9 0.259000   3.679 0.000   1.503 0.000   2.176 0.000 0.023 0.000 0.087 0.559
320.291667 321.291667    7.88 0.000  0.27 0.000 0.034 0.000000 9.99 0.259000 0.007 0.559   0.118 0.000   0.165 0.000 99.9 0.259000   1.788 0.000   0.179 0.000   1.609 0.000 0.007 0.000 0.029 0.559
323.291667 324.291667   10.25 0.000  0.33 0.000 9.999 0.259000 9.99 0.259000 0.064 0.559   0.267 0.000   0.373 0.000 99.9 0.259000   2.191 0.000   1.271 0.000   0.920 0.000 0.007 0.000 0.049 0.559
326.291667 327.291667    8.75 0.000  0.44 0.000 9.999 0.259000 9.99 0.259000 0.045 0.559   0.781 0.000   1.094 0.000 99.9 0.259000   3.389 0.000   0.855 0.000   2.533 0.000 0.023 0.000 0.172 0.559
329.291667 330.291667   22.82 0.000  0.32 0.000 9.999 0.259000 9.99 0.259000 0.018 0.559   0.225 0.000   0.314 0.000 99.9 0.259000   1.841 0.000   0.659 0.000   1.182 0.000 0.015 0.000 0.037 0.559
332.291667 333.291667   17.41 0.000  0.42 0.000 0.030 0.000000 9.99 0.259000 0.005 0.559   0.209 0.000   0.292 0.000 99.9 0.259000   5.655 0.000   4.567 0.000   1.089 0.000 0.014 0.000 0.065 0.559
335.291667 336.291667   14.01 0.000  0.49 0.000 9.999 0.259000 9.99 0.259000 0.069 0.559   0.569 0.000   0.797 0.000 99.9 0.259000   2.773 0.000   0.878 0.000   1.895 0.000 0.011 0.000 0.155 0.559
338.291667 339.291667   15.09 0.000 99.99 0.259 9.999 0.259000 9.99 0.259000 0.025 0.559   0.318 0.000   0.445 0.000 99.9 0.259000   3.077 0.000   1.629 0.000   1.448 0.000 0.015 0.000 0.082 0.559
341.291667 342.291667    4.87 0.000  0.18 0.000 9.999 0.259000 9.99 0.259000 0.090 0.559   0.456 0.000   0.638 0.000 99.9 0.259000   1.123 0.000   0.262 0.000   0.861 0.000 0.006 0.000 0.070 0.559
344.291667 345.291667    8.17 0.000  0.18 0.000 9.999 0.259000 0.11 0.000000 0.135 0.559   0.401 0.000   0.562 0.000 99.9 0.259000   2.886 0.000   0.238 0.000   2.648 0.000 0.010 0.000 0.308 0.559
347.291667 348.291667    8.59 0.000  0.17 0.000 9.999 0.259000 0.09 0.000000 0.015 0.559   0.161 0.000   0.225 0.000 99.9 0.259000   0.909 0.000   0.462 0.000   0.447 0.000 0.006 0.000 0.024 0.559
350.291667 351.291667   24.53 0.000  0.50 0.000 9.999 0.259000 9.99 0.259000 0.007 0.559   0.209 0.000   0.293 0.000 99.9 0.259000   4.491 0.000   3.125 0.000   1.366 0.000 0.016 0.000 0.061 0.559
353.291667 354.291667   20.34 0.000  0.30 0.000 0.085 0.000000 9.99 0.259000 0.005 0.559   0.144 0.000   0.202 0.000 99.9 0.259000   1.520 0.000   0.452 0.000   1.068 0.000 0.013 0.000 0.029 0.559
356.291667 357.291667   11.05 0.000  0.24 0.000 9.999 0.259000 9.99 0.259000 0.011 0.559   0.122 0.000   0.170 0.000 99.9 0.259000   1.370 0.000   0.716 0.000   0.654 0.000 0.010 0.000 0.032 0.559
359.291667 360.291667   13.22 0.000  0.33 0.000 0.048 0.000000 9.99 0.259000 0.033 0.559   0.331 0.000   0.463 0.000 99.9 0.259000   2.038 0.000 999.999 0.259   2.116 0.000 0.008 0.000 0.107 0.559
362.291667 363.291667    4.60 0.000  0.12 0.000 9.999 0.259000 9.99 0.259000 0.030 0.559   0.142 0.000   0.198 0.000 99.9 0.259000   1.123 0.000   0.417 0.000   0.706 0.000 0.005 0.000 0.049 0.559
