scripts/IMPROVE-2019_partial/data/US9058R.20090101060000.20191216000000.filterpack...52w.3d.US03L_filterpack_US9058.US03L_IMPROVE_Davis.lev2.nas
51 1001
MISSING INFORMATION
US03L, IMPROVE, , , , , , , 
MISSING INFORMATION
IMPROVE sel_HTAP
1 1
2009 01 01 2019 12 16
3.00
days from file reference point
4
1 1 1 1
999.99 999.999 999.999 9.999
end_time of measurement, days from the file reference point
pm10_mass, ug/m3, Matrix=pm10
pm25_mass, ug/m3, Matrix=pm25
numflag, no unit
0
33
Data definition:              EBAS_1.1
Set type code:                TU
Timezone:                     UTC
File name:                    US9058R.20090101060000.20191216000000.filterpack...52w.3d.US03L_filterpack_US9058.US03L_IMPROVE_Davis.lev2.nas
File creation:                20191218120924
Startdate:                    20090101060000
Revision date:                20191216000000
Version:                      2
Version description:          "Data extracted from http://views.cira.colostate.edu/fed/DataWizard 2019-12-16"
Statistics:                   arithmetic mean
Data level:                   2
Period code:                  52w
Resolution code:              3d
Sample duration:              1d
Orig. time res.:              3d
Station code:                 US9058R
Platform code:                US9058S
Station name:                 Tallgrass
Station latitude:             38.4341
Station longitude:            -96.5602
Station altitude:             390.0 m
Regime:                       IMG
Component:                    
Unit:                         ug/m3
Matrix:                       
Laboratory code:              US03L
Instrument type:              filterpack
Instrument name:              filterpack_US9058
Method ref:                   US03L_IMPROVE_Davis
Blank correction:             Blank corrected
Volume std. temperature:      ambient
Volume std. pressure:         ambient
starttime endtime PM10 PM2.5 flag
  0.25   1.25   9.194   3.988 0.000
  3.25   4.25   6.598   4.064 0.000
  6.25   7.25   5.519   1.541 0.000
  9.25  10.25  11.418   7.279 0.000
 12.25  13.25   7.480   2.203 0.000
 15.25  16.25  15.793   5.453 0.000
 18.25  19.25   7.983   5.352 0.000
 21.25  22.25  21.797   4.921 0.000
 24.25  25.25  14.615   6.552 0.000
 27.25  28.25  12.818   9.572 0.000
 30.25  31.25   7.034   2.468 0.000
 33.25  34.25   7.610   2.689 0.000
 36.25  37.25  23.891   5.791 0.000
 39.25  40.25   7.626   2.966 0.000
 42.25  43.25   6.241   3.934 0.000
 45.25  46.25  10.195   7.492 0.000
 48.25  49.25  14.003  10.132 0.000
 51.25  52.25   7.425   3.655 0.000
 54.25  55.25  16.760  10.769 0.000
 57.25  58.25  10.296   6.927 0.000
 60.25  61.25  19.748  12.878 0.000
 63.25  64.25  22.373   6.985 0.000
 66.25  67.25   5.982   4.059 0.000
 69.25  70.25   5.841   3.722 0.000
 72.25  73.25  16.266   9.638 0.000
 75.25  76.25  18.776  13.553 0.000
 78.25  79.25  16.873   7.957 0.000
 81.25  82.25  21.713  13.131 0.000
 84.25  85.25  11.928   6.194 0.000
 87.25  88.25   7.393   4.048 0.000
 90.25  91.25  14.284   6.348 0.000
 93.25  94.25  20.595   6.744 0.000
 96.25  97.25  13.555   7.530 0.000
 99.25 100.25   9.253   6.461 0.000
102.25 103.25   8.889   7.119 0.000
105.25 106.25  15.014   9.518 0.000
108.25 109.25   6.401   4.263 0.000
111.25 112.25  24.003  12.390 0.000
114.25 115.25  21.140  12.813 0.000
117.25 118.25   6.130   4.212 0.000
120.25 121.25   5.704   2.595 0.000
123.25 124.25  10.323   6.261 0.000
126.25 127.25  12.130   6.551 0.000
129.25 130.25   8.951   4.031 0.000
132.25 133.25  17.307   8.979 0.000
135.25 136.25   8.063   3.150 0.000
138.25 139.25  13.812   5.895 0.000
141.25 142.25  24.282   9.984 0.000
144.25 145.25  20.047  11.192 0.000
147.25 148.25   6.590   2.488 0.000
150.25 151.25  18.888   6.302 0.000
153.25 154.25  14.640   4.408 0.000
156.25 157.25  28.011  10.232 0.000
159.25 160.25   7.745   3.384 0.000
162.25 163.25  10.842   6.578 0.000
165.25 166.25  11.702   5.686 0.000
168.25 169.25  18.828   7.809 0.000
171.25 172.25  14.931   6.990 0.000
174.25 175.25  16.164   7.052 0.000
177.25 178.25  24.200  13.034 0.000
180.25 181.25  16.511   4.694 0.000
183.25 184.25  14.800   6.951 0.000
186.25 187.25   8.987   4.280 0.000
189.25 190.25  13.640   5.847 0.000
192.25 193.25  15.922   9.685 0.000
195.25 196.25  12.120   4.661 0.000
198.25 199.25   9.429   3.036 0.000
201.25 202.25   7.831   4.250 0.000
204.25 205.25  17.243   6.906 0.000
207.25 208.25  17.296   7.243 0.000
210.25 211.25  10.124   4.637 0.000
213.25 214.25   9.120   4.107 0.000
216.25 217.25  24.693  12.652 0.000
219.25 220.25  21.360   7.878 0.000
222.25 223.25  10.638   5.322 0.000
225.25 226.25  19.289  11.449 0.000
228.25 229.25   8.417   3.995 0.000
231.25 232.25   8.200   2.968 0.000
234.25 235.25  10.068   4.263 0.000
237.25 238.25  16.954  10.168 0.000
240.25 241.25  11.095   5.698 0.000
243.25 244.25  17.185   7.039 0.000
246.25 247.25   7.308   4.974 0.000
249.25 250.25  14.995  11.013 0.000
252.25 253.25  14.840  11.573 0.000
255.25 256.25  24.574  16.718 0.000
258.25 259.25  20.721  12.442 0.000
261.25 262.25  21.468   9.877 0.000
264.25 265.25   5.096   1.697 0.000
267.25 268.25   7.109   2.865 0.000
270.25 271.25  10.800   2.024 0.000
273.25 274.25  23.484   6.593 0.000
276.25 277.25  11.378   3.108 0.000
279.25 280.25   6.455   2.555 0.000
282.25 283.25   4.905   2.462 0.000
285.25 286.25   7.682   4.827 0.000
288.25 289.25   3.048   1.930 0.000
291.25 292.25  11.549   7.052 0.000
294.25 295.25   2.087   1.368 0.000
297.25 298.25   5.019   3.216 0.000
300.25 301.25   8.400   4.590 0.000
303.25 304.25   3.302   1.797 0.000
306.25 307.25   9.528   2.650 0.000
309.25 310.25  18.202   7.940 0.000
312.25 313.25  16.535   8.665 0.000
315.25 316.25  19.269  14.901 0.000
318.25 319.25   7.988   4.665 0.000
321.25 322.25  24.755   9.550 0.000
324.25 325.25  11.889   9.392 0.000
327.25 328.25 999.999 999.999 0.999
330.25 331.25  12.549   2.817 0.000
333.25 334.25   7.819   2.280 0.000
336.25 337.25   8.456   2.450 0.000
339.25 340.25  12.970   8.061 0.000
342.25 343.25   5.603   4.015 0.000
345.25 346.25  11.461   7.314 0.000
348.25 349.25   8.925   4.322 0.000
351.25 352.25  22.487  18.811 0.000
354.25 355.25  14.847   7.126 0.000
357.25 358.25   9.143   6.285 0.000
360.25 361.25   3.844   3.052 0.000
363.25 364.25   6.995   7.295 0.000
