scripts/IMPROVE-2019_partial/data/US9035R.20150103070000.20191216000000.filterpack...43w.3d.US03L_filterpack_US9035.US03L_IMPROVE_Davis.lev2.nas
52 1001
MISSING INFORMATION
US03L, IMPROVE, , , , , , , 
MISSING INFORMATION
IMPROVE sel_HTAP
1 1
2015 01 01 2019 12 16
3.000000
days from file reference point
5
1 1 1 1 1
999.999999 9999.999 9.999 999.999 9.999
end_time of measurement, days from the file reference point
pm10_mass, ug/m3, Matrix=pm10
numflag pm10_mass, no unit, Matrix=pm10
pm25_mass, ug/m3, Matrix=pm25
numflag pm25_mass, no unit, Matrix=pm25
0
33
Data definition:              EBAS_1.1
Set type code:                TU
Timezone:                     UTC
File name:                    US9035R.20150103070000.20191216000000.filterpack...43w.3d.US03L_filterpack_US9035.US03L_IMPROVE_Davis.lev2.nas
File creation:                20191218120740
Startdate:                    20150103070000
Revision date:                20191216000000
Version:                      2
Version description:          "Data extracted from http://views.cira.colostate.edu/fed/DataWizard 2019-12-16"
Statistics:                   arithmetic mean
Data level:                   2
Period code:                  43w
Resolution code:              3d
Sample duration:              1d
Orig. time res.:              3d
Station code:                 US9035R
Platform code:                US9035S
Station name:                 Sycamore Canyon
Station latitude:             35.1406
Station longitude:            -111.9692
Station altitude:             2046.0 m
Regime:                       IMG
Component:                    
Unit:                         ug/m3
Matrix:                       
Laboratory code:              US03L
Instrument type:              filterpack
Instrument name:              filterpack_US9035
Method ref:                   US03L_IMPROVE_Davis
Blank correction:             Blank corrected
Volume std. temperature:      ambient
Volume std. pressure:         ambient
starttime endtime PM10 flag_PM10 PM2.5 flag_PM2.5
  2.291667   3.291667    2.480 0.000   1.826 0.000
  5.291667   6.291667    4.661 0.000   3.169 0.000
  8.291667   9.291667    4.551 0.000   3.294 0.000
 11.291667  12.291667    1.364 0.000   1.351 0.000
 14.291667  15.291667    3.784 0.000   2.364 0.000
 17.291667  18.291667    2.441 0.000   2.327 0.000
 20.291667  21.291667    3.013 0.000   2.851 0.000
 23.291667  24.291667    3.150 0.000   2.029 0.000
 26.291667  27.291667    2.260 0.000   1.460 0.000
 29.291667  30.291667    0.410 0.000   1.348 0.000
 32.291667  33.291667    3.461 0.000   2.397 0.000
 35.291667  36.291667    2.480 0.000   1.805 0.000
 38.291667  39.291667    3.198 0.000   1.436 0.000
 41.291667  42.291667    3.720 0.000   2.120 0.000
 44.291667  45.291667    4.443 0.000   1.909 0.000
 47.291667  48.291667 9999.999 0.456   4.372 0.000
 50.291667  51.291667    9.465 0.000   3.773 0.000
 53.291667  54.291667    1.053 0.000   0.985 0.000
 56.291667  57.291667    3.484 0.000   1.949 0.000
 59.291667  60.291667    1.626 0.000   1.065 0.000
 62.291667  63.291667    1.619 0.000   1.089 0.000
 65.291667  66.291667   10.766 0.000   5.595 0.000
 68.291667  69.291667    6.231 0.000   3.787 0.000
 71.291667  72.291667    4.476 0.000   3.179 0.000
 74.291667  75.291667    8.404 0.000   3.692 0.000
 77.291667  78.291667 9999.999 0.999 999.999 0.999
 80.291667  81.291667 9999.999 0.999 999.999 0.999
 83.291667  84.291667    4.503 0.000   1.953 0.000
 86.291667  87.291667    5.535 0.000   2.310 0.000
 89.291667  90.291667    8.871 0.000   3.691 0.000
 92.291667  93.291667    9.327 0.000   4.184 0.000
 95.291667  96.291667   10.675 0.000   3.969 0.000
 98.291667  99.291667    6.943 0.000   3.168 0.000
101.291667 102.291667   13.130 0.000   5.967 0.000
104.291667 105.291667 9999.999 0.999 999.999 0.999
107.291667 108.291667 9999.999 0.999 999.999 0.999
110.291667 111.291667 9999.999 0.999 999.999 0.999
113.291667 114.291667   10.711 0.000   5.543 0.000
116.291667 117.291667    1.796 0.000   1.295 0.000
119.291667 120.291667    6.636 0.000   2.647 0.000
122.291667 123.291667    5.478 0.000   2.382 0.000
125.291667 126.291667    4.831 0.000   3.271 0.000
128.291667 129.291667    2.677 0.000   1.762 0.000
131.291667 132.291667   10.246 0.000   3.662 0.000
134.291667 135.291667    2.490 0.000   1.523 0.000
137.291667 138.291667    4.869 0.000   2.650 0.000
140.291667 141.291667   10.703 0.000   4.068 0.000
143.291667 144.291667 9999.999 0.999 999.999 0.999
146.291667 147.291667    8.691 0.000   4.317 0.000
149.291667 150.291667   28.339 0.000   6.591 0.000
152.291667 153.291667   25.490 0.000   7.393 0.000
155.291667 156.291667    6.885 0.000   4.337 0.000
158.291667 159.291667   27.829 0.000   5.901 0.000
161.291667 162.291667   16.764 0.000   5.904 0.000
164.291667 165.291667   13.083 0.000   5.348 0.000
167.291667 168.291667   41.587 0.000  15.018 0.000
170.291667 171.291667   57.870 0.000  18.996 0.000
173.291667 174.291667   33.771 0.000  14.343 0.000
176.291667 177.291667   58.804 0.000  21.213 0.000
179.291667 180.291667   12.107 0.000   5.555 0.000
182.291667 183.291667   11.718 0.000   6.259 0.000
185.291667 186.291667    7.934 0.000   4.102 0.000
188.291667 189.291667 9999.999 0.999 999.999 0.999
191.291667 192.291667   29.999 0.000   6.572 0.000
194.291667 195.291667    7.998 0.000   4.087 0.000
197.291667 198.291667   10.444 0.000   5.685 0.000
200.291667 201.291667    6.610 0.000   4.250 0.000
203.291667 204.291667    7.010 0.000   2.509 0.000
206.291667 207.291667   11.294 0.000   7.136 0.000
209.291667 210.291667 9999.999 0.999 999.999 0.999
212.291667 213.291667 9999.999 0.999 999.999 0.999
215.291667 216.291667   11.461 0.000   7.744 0.000
218.291667 219.291667   10.914 0.000   5.541 0.000
221.291667 222.291667    7.317 0.000   4.830 0.000
224.291667 225.291667    8.104 0.000   5.062 0.000
227.291667 228.291667    9.841 0.000   5.024 0.000
230.291667 231.291667   18.472 0.000  10.341 0.000
233.291667 234.291667   17.856 0.000   6.984 0.000
236.291667 237.291667    4.851 0.000   3.759 0.000
239.291667 240.291667   32.878 0.000   7.429 0.000
242.291667 243.291667    5.099 0.000   3.230 0.000
245.291667 246.291667   12.717 0.000   4.939 0.000
248.291667 249.291667    4.508 0.000   3.185 0.000
251.291667 252.291667 9999.999 0.999 999.999 0.999
254.291667 255.291667   55.970 0.000  11.892 0.000
257.291667 258.291667    4.835 0.000   2.076 0.000
260.291667 261.291667  150.040 0.000  28.311 0.000
263.291667 264.291667    9.757 0.000   4.335 0.000
266.291667 267.291667    7.596 0.000   4.902 0.000
269.291667 270.291667   13.457 0.000   5.150 0.000
272.291667 273.291667   14.708 0.000   6.471 0.000
275.291667 276.291667   16.358 0.000   4.622 0.000
278.291667 279.291667    2.858 0.000   3.404 0.000
281.291667 282.291667    5.765 0.000   3.195 0.000
284.291667 285.291667    8.411 0.000   5.870 0.000
287.291667 288.291667   14.953 0.000   9.047 0.000
290.291667 291.291667    5.496 0.000   4.009 0.000
293.291667 294.291667 9999.999 0.999 999.999 0.999
296.291667 297.291667 9999.999 0.999 999.999 0.999
299.291667 300.291667 9999.999 0.999 999.999 0.999
302.291667 303.291667 9999.999 0.999 999.999 0.999
