scripts/IMPROVE-2019_partial/data/US9043R.20060102080000.20191216000000.filterpack..pm25.52w.1w.US03L_filterpack_US9043.US03L_IMPROVE_Davis.lev2.nas
64 1001
MISSING INFORMATION
US03L, IMPROVE, , , , , , , 
MISSING INFORMATION
IMPROVE sel_HTAP
1 1
2006 01 01 2019 12 16
3.000000
days from file reference point
25
1 1 1 1 1 1 1 1 1 1 1 1 1 1 1 1 1 1 1 1 1 1 1 1 1
999.999999 9999.99 9.999 99.99 9.999 9.999 9.999999 9.99 9.999999 99.999 9.999 999.999 9.999 999.999 9.999 999.999 9.999 999.999 9.999 999.999 9.999 9.999 9.999 99.999 9.999
end_time of measurement, days from the file reference point
iron, ng/m3, Revision date=20181210133000
numflag iron, no unit, Revision date=20181210133000
lead, ng/m3, Revision date=20181210133000
numflag lead, no unit, Revision date=20181210133000
magnesium, ug/m3, Revision date=20181210133000
numflag magnesium, no unit, Revision date=20181210133000
nickel, ng/m3, Revision date=20181210133000
numflag nickel, no unit, Revision date=20181210133000
nitrate, ug N/m3, Revision date=20181210133000
numflag nitrate, no unit, Revision date=20181210133000
organic_carbon, ug C/m3, Revision date=20181210133000
numflag organic_carbon, no unit, Revision date=20181210133000
organic_mass, ug/m3, Revision date=20181210133000
numflag organic_mass, no unit, Revision date=20181210133000
pm10_mass, ug/m3, Version=2, Version description=Data extracted from http://views.cira.colostate.edu/fed/DataWizard 2019-12-16, Sample duration=1d, Orig. time res.=3d, Matrix=pm10, Blank correction=Blank corrected, Volume std. temperature=ambient, Volume std. pressure=ambient
numflag pm10_mass, no unit, Version=2, Version description=Data extracted from http://views.cira.colostate.edu/fed/DataWizard 2019-12-16, Sample duration=1d, Orig. time res.=3d, Matrix=pm10, Blank correction=Blank corrected, Volume std. temperature=ambient, Volume std. pressure=ambient
pm10_pm25_mass, ug/m3, Revision date=20181210133000, Matrix=pm10_pm25
numflag pm10_pm25_mass, no unit, Revision date=20181210133000, Matrix=pm10_pm25
pm25_mass, ug/m3, Version=2, Version description=Data extracted from http://views.cira.colostate.edu/fed/DataWizard 2019-12-16, Sample duration=1d, Orig. time res.=3d, Blank correction=Blank corrected, Volume std. temperature=ambient, Volume std. pressure=ambient
numflag pm25_mass, no unit, Version=2, Version description=Data extracted from http://views.cira.colostate.edu/fed/DataWizard 2019-12-16, Sample duration=1d, Orig. time res.=3d, Blank correction=Blank corrected, Volume std. temperature=ambient, Volume std. pressure=ambient
potassium, ug/m3, Revision date=20181210133000
numflag potassium, no unit, Revision date=20181210133000
sulphate_total, ug S/m3, Revision date=20181210133000
numflag sulphate_total, no unit, Revision date=20181210133000
0
25
Data definition:              EBAS_1.1
Set type code:                TU
Timezone:                     UTC
File name:                    US9043R.20060102080000.20191216000000.filterpack..pm25.52w.1w.US03L_filterpack_US9043.US03L_IMPROVE_Davis.lev2.nas
File creation:                20191218120818
Startdate:                    20060102080000
Revision date:                20191216000000
Statistics:                   arithmetic mean
Data level:                   2
Period code:                  52w
Resolution code:              1w
Station code:                 US9043R
Platform code:                US9043S
Station name:                 San Gorgonio Wilderness
Station latitude:             34.1939
Station longitude:            -116.9132
Station altitude:             1726.0 m
Regime:                       IMG
Component:                    
Matrix:                       pm25
Laboratory code:              US03L
Instrument type:              filterpack
Instrument name:              filterpack_US9043
Method ref:                   US03L_IMPROVE_Davis
starttime endtime Fe flag_Fe Pb flag_Pb Mg++ flag_Mg++ Ni flag_Ni NO3- flag_NO3- OC flag_OC OM flag_OM PM10 flag_PM10 PM10-PM2.5 flag_PM10-PM2.5 PM2.5 flag_PM2.5 K+ flag_K+ SO4-- flag_SO4--
[from data line 87]
262.333333 263.333333   58.94 0.559  1.00 0.559 0.012 0.559000 0.20 0.559000  0.276 0.000   0.792 0.559   1.425 0.559  12.611 0.000   8.566 0.559   4.045 0.659 0.045 0.559  0.230 0.000
265.333333 266.333333   23.26 0.559  0.33 0.559 0.012 0.559000 9.99 0.559259  0.016 0.000   0.142 0.559   0.255 0.559   7.956 0.000   6.277 0.559   1.679 0.659 0.016 0.559  0.106 0.000
268.333333 269.333333   65.93 0.559  1.08 0.559 9.999 0.559259 0.56 0.559000  0.696 0.000   1.486 0.559   2.675 0.559  17.558 0.000  10.645 0.559   6.914 0.659 0.044 0.559  0.295 0.000
271.333333 272.333333   64.04 0.559  1.29 0.559 9.999 0.559259 0.30 0.559000  0.373 0.559   1.044 0.559   1.879 0.559  11.643 0.000   7.393 0.559   4.250 0.659 0.023 0.559  0.097 0.559
274.333333 275.333333   28.55 0.559  0.70 0.559 0.005 0.559000 0.46 0.559000  0.333 0.000   0.836 0.559   1.505 0.559   9.501 0.000   5.244 0.559   4.257 0.659 0.012 0.559  0.293 0.000
277.333333 278.333333   44.69 0.559  1.05 0.559 9.999 0.559259 0.50 0.559000  0.640 0.000   0.486 0.000   0.875 0.000  11.508 0.000   6.498 0.559   5.010 0.659 0.018 0.559  0.212 0.000
280.333333 281.333333   40.89 0.559  0.79 0.559 9.999 0.559259 9.99 0.559259  0.032 0.000   0.488 0.000   0.879 0.000  10.046 0.000   7.744 0.559   2.302 0.659 0.026 0.559  0.158 0.000
283.333333 284.333333   46.95 0.559  0.99 0.559 0.008 0.559000 0.24 0.559000  0.240 0.000   0.643 0.000   1.157 0.000  10.016 0.000   7.098 0.559   2.918 0.659 0.023 0.559  0.227 0.000
286.333333 287.333333    7.92 0.559  0.38 0.559 0.005 0.559000 0.22 0.559000  0.339 0.000   0.521 0.000   0.939 0.000   4.449 0.000   1.394 0.559   3.054 0.659 0.007 0.559  0.163 0.000
289.333333 290.333333   36.94 0.559  0.58 0.559 9.999 0.559259 0.36 0.559000  0.859 0.000   0.900 0.000   1.620 0.000  12.934 0.000   5.512 0.559   7.422 0.659 0.020 0.559  0.498 0.000
292.333333 293.333333   27.21 0.559  0.81 0.559 9.999 0.559259 9.99 0.559259  0.081 0.000   0.339 0.000   0.610 0.000   5.029 0.000   3.576 0.559   1.453 0.659 0.016 0.559  0.145 0.000
295.333333 296.333333   19.69 0.559  0.49 0.559 9.999 0.559259 9.99 0.559259  0.013 0.000   0.334 0.000   0.601 0.000   4.363 0.000   2.825 0.559   1.538 0.659 0.023 0.559  0.120 0.000
298.333333 299.333333   40.04 0.559  0.68 0.559 9.999 0.559259 9.99 0.559259  0.020 0.559   0.136 0.559   0.244 0.559   8.457 0.000   6.730 0.559   1.726 0.659 0.022 0.559  0.074 0.559
301.333333 302.333333   65.96 0.000  2.75 0.000 9.999 0.259000 0.25 0.000000  0.794 0.000   2.422 0.559   4.359 0.559  17.526 0.000   7.192 0.000  10.334 0.000 0.111 0.000  0.249 0.000
304.333333 305.333333   54.43 0.559  1.60 0.559 9.999 0.559259 0.24 0.559000  0.343 0.000   0.649 0.559   1.168 0.559  10.750 0.000   5.901 0.559   4.849 0.659 0.029 0.559  0.334 0.000
307.333333 308.333333   27.61 0.559  0.52 0.559 9.999 0.559259 9.99 0.559259  0.013 0.559   0.137 0.559   0.246 0.559   7.561 0.000   6.006 0.559   1.555 0.659 0.015 0.559  0.075 0.559
310.333333 311.333333   31.54 0.559  0.53 0.559 9.999 0.559259 0.20 0.559000  0.013 0.559   0.222 0.559   0.400 0.559   4.947 0.000   3.416 0.559   1.531 0.659 0.011 0.559  0.027 0.559
313.333333 314.333333   45.22 0.559  1.02 0.559 9.999 0.559259 9.99 0.559259  0.051 0.559   0.471 0.559   0.848 0.559  10.812 0.000   7.648 0.559   3.163 0.659 0.028 0.559  0.234 0.559
316.333333 317.333333   31.08 0.559  1.24 0.559 9.999 0.559259 0.13 0.559000  0.086 0.000   0.456 0.559   0.822 0.559   6.592 0.000   4.342 0.559   2.250 0.659 0.019 0.559  0.173 0.000
319.333333 320.333333   28.47 0.559  0.53 0.559 9.999 0.559259 9.99 0.559259  0.052 0.000   0.255 0.559   0.459 0.559   5.142 0.000   4.001 0.559   1.140 0.659 0.013 0.559  0.049 0.000
322.333333 323.333333   15.45 0.559  0.86 0.559 9.999 0.559259 9.99 0.559259  0.007 0.000   0.149 0.559   0.268 0.559   3.912 0.000   2.919 0.559   0.993 0.659 0.009 0.559  0.055 0.000
325.333333 326.333333   49.57 0.559  1.46 0.559 9.999 0.559259 0.08 0.559000  0.167 0.000   2.391 0.559   4.303 0.559  10.702 0.000   4.583 0.559   6.119 0.659 0.101 0.559  0.102 0.000
328.333333 329.333333   40.44 0.559  1.89 0.559 9.999 0.559259 0.77 0.559000  1.202 0.000   0.949 0.559   1.709 0.559  17.897 0.000   6.295 0.559  11.602 0.659 0.023 0.559  0.571 0.000
331.333333 332.333333    5.67 0.559  0.41 0.559 0.020 0.559000 0.26 0.559000  0.159 0.000   0.271 0.559   0.488 0.559   4.325 0.000   1.802 0.559   2.523 0.659 0.008 0.559  0.213 0.000
334.333333 335.333333    6.32 0.559  0.24 0.559 9.999 0.559259 9.99 0.559259  0.004 0.000   0.079 0.559   0.142 0.559   1.754 0.000   0.988 0.559   0.766 0.659 0.004 0.559  0.042 0.000
337.333333 338.333333   29.08 0.559  1.35 0.559 9.999 0.559259 9.99 0.559259  0.011 0.000   0.143 0.559   0.257 0.559   3.880 0.000   2.061 0.559   1.819 0.659 0.023 0.559  0.165 0.000
340.333333 341.333333   17.23 0.559  0.45 0.559 9.999 0.559259 9.99 0.559259  0.005 0.000   0.265 0.000   0.477 0.000   2.771 0.000   2.148 0.559   0.623 0.659 0.009 0.559  0.026 0.000
343.333333 344.333333    4.27 0.559  0.46 0.559 9.999 0.559259 0.23 0.559000  0.157 0.000   0.577 0.000   1.039 0.000   3.644 0.000   1.956 0.559   1.688 0.659 0.007 0.559  0.094 0.000
346.333333 347.333333    6.10 0.559  0.43 0.559 0.009 0.559000 9.99 0.559259  0.007 0.000   0.357 0.000   0.642 0.000   1.332 0.000   0.707 0.559   0.625 0.659 0.006 0.559  0.075 0.000
349.333333 350.333333   14.24 0.000  0.62 0.000 9.999 0.259000 0.25 0.000000  0.292 0.000   0.500 0.000   0.899 0.000   4.112 0.000   1.459 0.000   2.654 0.000 0.012 0.000  0.143 0.000
352.333333 353.333333    6.51 0.559  0.11 0.559 9.999 0.559259 0.16 0.559000  0.024 0.000   0.320 0.000   0.576 0.000   2.445 0.000   1.532 0.559   0.914 0.659 0.008 0.559  0.076 0.000
355.333333 356.333333   16.39 0.559  0.38 0.559 9.999 0.559259 0.19 0.559000  0.173 0.000   0.430 0.000   0.774 0.000   4.658 0.000   3.318 0.559   1.341 0.659 0.011 0.559  0.057 0.000
358.333333 359.333333    4.09 0.559  0.30 0.559 9.999 0.559259 9.99 0.559259  0.004 0.000   0.139 0.000   0.250 0.000   1.790 0.000   0.660 0.559   1.131 0.659 0.006 0.559  0.219 0.000
361.333333 362.333333   69.56 0.559  0.48 0.559 9.999 0.559259 9.99 0.559259  0.041 0.000   0.445 0.000   0.801 0.000  14.303 0.000  11.570 0.559   2.732 0.659 0.050 0.559  0.054 0.000
364.333333 365.333333   17.00 0.559  1.37 0.559 9.999 0.559259 0.14 0.559000  0.376 0.000   0.466 0.000   0.839 0.000   4.896 0.000   1.926 0.559   2.971 0.659 0.011 0.559  0.086 0.000
