scripts/IMPROVE-2019_partial/data/US9009R.20050101050000.20191216000000.filterpack..pm25.52w.1w.US03L_filterpack_US9009.US03L_IMPROVE_Davis.lev2.nas
64 1001
MISSING INFORMATION
US03L, IMPROVE, , , , , , , 
MISSING INFORMATION
IMPROVE sel_HTAP
1 1
2005 01 01 2019 12 16
3.000000
days from file reference point
25
1 1 1 1 1 1 1 1 1 1 1 1 1 1 1 1 1 1 1 1 1 1 1 1 1
999.999999 9999.99 9.999 999.99 9.999 9.999 9.999999 99.99 9.999 9.999 9.999 999.999 9.999 999.999 9.999 999.999 9.999 999.999 9.999 999.999 9.999 9.999 9.999 99.999 9.999
end_time of measurement, days from the file reference point
iron, ng/m3, Revision date=20181210133000
numflag iron, no unit, Revision date=20181210133000
lead, ng/m3, Revision date=20181210133000
numflag lead, no unit, Revision date=20181210133000
magnesium, ug/m3, Revision date=20181210133000
numflag magnesium, no unit, Revision date=20181210133000
nickel, ng/m3, Revision date=20181210133000
numflag nickel, no unit, Revision date=20181210133000
nitrate, ug N/m3, Revision date=20181210133000
numflag nitrate, no unit, Revision date=20181210133000
organic_carbon, ug C/m3, Revision date=20181210133000
numflag organic_carbon, no unit, Revision date=20181210133000
organic_mass, ug/m3, Revision date=20181210133000
numflag organic_mass, no unit, Revision date=20181210133000
pm10_mass, ug/m3, Version=2, Version description=Data extracted from http://views.cira.colostate.edu/fed/DataWizard 2019-12-16, Sample duration=1d, Orig. time res.=3d, Matrix=pm10, Blank correction=Blank corrected, Volume std. temperature=ambient, Volume std. pressure=ambient
numflag pm10_mass, no unit, Version=2, Version description=Data extracted from http://views.cira.colostate.edu/fed/DataWizard 2019-12-16, Sample duration=1d, Orig. time res.=3d, Matrix=pm10, Blank correction=Blank corrected, Volume std. temperature=ambient, Volume std. pressure=ambient
pm10_pm25_mass, ug/m3, Revision date=20181210133000, Matrix=pm10_pm25
numflag pm10_pm25_mass, no unit, Revision date=20181210133000, Matrix=pm10_pm25
pm25_mass, ug/m3, Version=2, Version description=Data extracted from http://views.cira.colostate.edu/fed/DataWizard 2019-12-16, Sample duration=1d, Orig. time res.=3d, Blank correction=Blank corrected, Volume std. temperature=ambient, Volume std. pressure=ambient
numflag pm25_mass, no unit, Version=2, Version description=Data extracted from http://views.cira.colostate.edu/fed/DataWizard 2019-12-16, Sample duration=1d, Orig. time res.=3d, Blank correction=Blank corrected, Volume std. temperature=ambient, Volume std. pressure=ambient
potassium, ug/m3, Revision date=20181210133000
numflag potassium, no unit, Revision date=20181210133000
sulphate_total, ug S/m3, Revision date=20181210133000
numflag sulphate_total, no unit, Revision date=20181210133000
0
25
Data definition:              EBAS_1.1
Set type code:                TU
Timezone:                     UTC
File name:                    US9009R.20050101050000.20191216000000.filterpack..pm25.52w.1w.US03L_filterpack_US9009.US03L_IMPROVE_Davis.lev2.nas
File creation:                20191218120542
Startdate:                    20050101050000
Revision date:                20191216000000
Statistics:                   arithmetic mean
Data level:                   2
Period code:                  52w
Resolution code:              1w
Station code:                 US9009R
Platform code:                US9009S
Station name:                 Old Town
Station latitude:             44.9334
Station longitude:            -68.6457
Station altitude:             51.0 m
Regime:                       IMG
Component:                    
Matrix:                       pm25
Laboratory code:              US03L
Instrument type:              filterpack
Instrument name:              filterpack_US9009
Method ref:                   US03L_IMPROVE_Davis
starttime endtime Fe flag_Fe Pb flag_Pb Mg++ flag_Mg++ Ni flag_Ni NO3- flag_NO3- OC flag_OC OM flag_OM PM10 flag_PM10 PM10-PM2.5 flag_PM10-PM2.5 PM2.5 flag_PM2.5 K+ flag_K+ SO4-- flag_SO4--
  0.208333   1.208333   14.70 0.000   2.37 0.000 9.999 0.259000  1.69 0.000 0.194 0.000   1.315 0.000   2.366 0.000  10.036 0.000   1.969 0.000   8.067 0.000 0.041 0.000  1.058 0.000
  3.208333   4.208333   25.93 0.000   4.49 0.000 9.999 0.259000  1.52 0.000 0.111 0.000   2.692 0.000   4.846 0.000  11.303 0.000   1.734 0.000   9.574 0.000 0.067 0.000  0.941 0.000
  6.208333   7.208333   13.77 0.000   2.48 0.000 9.999 0.259000  1.09 0.000 0.112 0.000   1.424 0.000   2.563 0.000   6.272 0.000   0.786 0.000   5.486 0.000 0.055 0.000  0.500 0.000
  9.208333  10.208333   13.56 0.000   2.09 0.000 9.999 0.259000  2.48 0.000 0.092 0.000   1.288 0.000   2.319 0.000  10.352 0.000   1.054 0.000   9.297 0.000 0.046 0.000  1.483 0.000
 12.208333  13.208333   17.21 0.000   1.62 0.000 9.999 0.259000  6.50 0.000 0.230 0.000   2.049 0.000   3.688 0.000  13.075 0.000   1.174 0.000  11.898 0.000 0.066 0.000  1.456 0.000
 15.208333  16.208333   33.79 0.000   3.01 0.000 9.999 0.259000  2.51 0.000 0.152 0.000   2.180 0.000   3.924 0.000  16.189 0.000   8.682 0.000   7.512 0.000 0.069 0.000  0.629 0.000
 18.208333  19.208333 9999.99 0.999 999.99 0.999 9.999 0.999000 99.99 0.999 9.999 0.999 999.999 0.999 999.999 0.999 999.999 0.999 999.999 0.999 999.999 0.999 9.999 0.999 99.999 0.999
 21.208333  22.208333 9999.99 0.999 999.99 0.999 9.999 0.999000 99.99 0.999 9.999 0.999 999.999 0.999 999.999 0.999 999.999 0.999 999.999 0.999 999.999 0.999 9.999 0.999 99.999 0.999
 24.208333  25.208333   12.06 0.000   1.54 0.000 9.999 0.259000  1.62 0.000 0.089 0.000   1.314 0.000   2.365 0.000   5.468 0.000   1.270 0.000   4.197 0.000 0.036 0.000  0.429 0.000
 27.208333  28.208333   23.42 0.000   1.43 0.000 9.999 0.259000  5.15 0.000 0.123 0.000   2.924 0.000   5.263 0.000  12.460 0.000   3.189 0.000   9.303 0.000 0.074 0.000  0.781 0.000
 30.208333  31.208333   61.76 0.000   1.61 0.000 9.999 0.259000  1.02 0.000 0.093 0.000   3.035 0.000   5.463 0.000  26.877 0.000  17.251 0.000   9.627 0.000 0.097 0.000  0.586 0.000
 33.208333  34.208333   44.11 0.000   2.22 0.000 9.999 0.259000  4.84 0.000 0.205 0.000   3.182 0.000   5.728 0.000  18.297 0.000   6.429 0.000  11.866 0.000 0.082 0.000  0.902 0.000
 36.208333  37.208333  115.46 0.000   2.31 0.000 9.999 0.259000  0.76 0.000 0.083 0.000   3.674 0.000   6.614 0.000  33.392 0.000  20.833 0.000  12.557 0.000 0.117 0.000  1.003 0.000
 39.208333  40.208333   50.17 0.000   3.70 0.000 9.999 0.259000  3.30 0.000 0.292 0.000   2.308 0.000   4.155 0.000  12.824 0.000   1.453 0.000  11.369 0.000 0.059 0.000  1.188 0.000
 42.208333  43.208333   14.13 0.394   4.89 0.394 9.999 0.394259  0.51 0.394 0.087 0.394   2.489 0.000   4.479 0.000   8.774 0.000   0.114 0.000   8.662 0.000 0.069 0.394  0.644 0.394
 45.208333  46.208333   19.34 0.000   1.53 0.000 9.999 0.259000  2.85 0.000 0.075 0.000   1.757 0.000   3.163 0.000   9.067 0.000   2.151 0.000   6.925 0.000 0.053 0.000  0.736 0.000
 48.208333  49.208333   58.30 0.000   2.69 0.000 9.999 0.259000  5.58 0.000 0.110 0.000   1.515 0.000   2.727 0.000  22.096 0.000  15.253 0.000   6.841 0.000 0.061 0.000  0.718 0.000
 51.208333  52.208333   34.26 0.000   2.25 0.000 9.999 0.259000  0.49 0.000 0.069 0.000   1.011 0.000   1.820 0.000  11.729 0.000   7.425 0.000   4.301 0.000 0.052 0.000  0.419 0.000
 54.208333  55.208333  106.50 0.000   0.96 0.000 9.999 0.259000  4.34 0.000 0.104 0.000   1.746 0.000   3.142 0.000  39.544 0.000  31.672 0.000   7.873 0.000 0.075 0.000  0.600 0.000
 57.208333  58.208333   35.57 0.000   1.11 0.000 9.999 0.259000  0.25 0.000 0.062 0.000   0.847 0.000   1.524 0.000  13.242 0.000  10.303 0.000   2.938 0.000 0.037 0.000  0.264 0.000
 60.208333  61.208333    9.90 0.000   1.31 0.000 9.999 0.259000  1.55 0.000 0.061 0.000   1.621 0.000   2.918 0.000   5.276 0.000 999.999 0.259   5.348 0.000 0.036 0.000  0.544 0.000
 63.208333  64.208333   32.46 0.000   1.93 0.000 9.999 0.259000  0.39 0.000 0.049 0.000   1.119 0.000   2.014 0.000  10.259 0.000   6.245 0.000   4.014 0.000 0.043 0.000  0.355 0.000
 66.208333  67.208333   21.81 0.000   1.52 0.000 0.079 0.000000  2.66 0.000 0.247 0.000   2.003 0.000   3.605 0.000  19.215 0.000   5.247 0.000  13.965 0.000 0.076 0.000  1.609 0.000
 69.208333  70.208333 9999.99 0.999 999.99 0.999 9.999 0.999000 99.99 0.999 9.999 0.999 999.999 0.999 999.999 0.999 999.999 0.999 999.999 0.999 999.999 0.999 9.999 0.999 99.999 0.999
 72.208333  73.208333   21.18 0.000   1.71 0.000 9.999 0.259000  2.91 0.000 0.054 0.000   1.126 0.000   2.027 0.000   9.130 0.000   2.985 0.000   6.145 0.000 0.036 0.000  0.900 0.000
 75.208333  76.208333   87.99 0.000   1.54 0.000 9.999 0.259000  2.80 0.000 0.060 0.000   1.356 0.000   2.441 0.000  18.444 0.000  11.880 0.000   6.564 0.000 0.068 0.000  0.702 0.000
 78.208333  79.208333   57.84 0.000   2.55 0.000 0.010 0.000000  0.21 0.000 0.074 0.000   0.941 0.000   1.694 0.000  14.357 0.000  10.292 0.000   4.065 0.000 0.048 0.000  0.351 0.000
 81.208333  82.208333  215.59 0.000   3.18 0.000 9.999 0.259000  1.58 0.000 0.055 0.000   1.361 0.000   2.451 0.000  41.678 0.000  34.355 0.000   7.324 0.000 0.118 0.000  0.491 0.000
 84.208333  85.208333   57.52 0.000   2.93 0.000 9.999 0.259000  1.54 0.000 0.029 0.000   0.853 0.000   1.535 0.000  13.816 0.000   9.322 0.000   4.494 0.000 0.049 0.000  0.590 0.000
 87.208333  88.208333   10.09 0.000   0.51 0.000 9.999 0.259000  0.13 0.000 0.014 0.000   0.413 0.000   0.743 0.000   4.435 0.000   2.891 0.000   1.582 0.000 0.016 0.000  0.222 0.000
 90.208333  91.208333   17.50 0.000   1.42 0.000 9.999 0.259000  0.86 0.000 0.043 0.000   0.585 0.000   1.052 0.000   7.323 0.000   3.169 0.000   4.153 0.000 0.032 0.000  0.677 0.000
 93.208333  94.208333   11.60 0.000   0.94 0.000 0.031 0.000000  1.73 0.000 0.142 0.000   1.253 0.000   2.255 0.000  10.220 0.000   2.192 0.000   8.027 0.000 0.026 0.000  1.338 0.000
 96.208333  97.208333   56.22 0.559   2.28 0.559 0.010 0.559000  1.40 0.559 0.092 0.000   1.037 0.559   1.867 0.559  16.560 0.000  10.461 0.559   6.098 0.659 0.057 0.559  0.731 0.000
 99.208333 100.208333   68.70 0.559   3.07 0.559 0.009 0.559000  1.02 0.559 0.054 0.000   1.854 0.559   3.337 0.559  18.390 0.000  12.422 0.559   5.967 0.659 0.067 0.559  0.515 0.000
102.208333 103.208333   45.92 0.000   0.65 0.000 9.999 0.259000  0.90 0.000 0.023 0.000   0.550 0.000   0.989 0.000   8.836 0.000   6.080 0.000   2.755 0.000 0.034 0.000  0.344 0.000
105.208333 106.208333  100.28 0.000   4.80 0.000 0.013 0.000000  1.26 0.000 0.064 0.000   2.142 0.000   3.856 0.000  22.270 0.000  13.527 0.000   8.743 0.000 0.091 0.000  0.795 0.000
108.208333 109.208333   81.61 0.000   2.14 0.000 9.999 0.259000  0.70 0.000 0.043 0.000   1.132 0.000   2.037 0.000  17.612 0.000  12.012 0.000   5.756 0.000 0.053 0.000  0.535 0.000
111.208333 112.208333   41.54 0.000   1.35 0.000 9.999 0.259000  0.34 0.000 0.029 0.000   0.858 0.000   1.545 0.000   9.523 0.000   5.285 0.000   4.238 0.000 0.037 0.000  0.493 0.000
114.208333 115.208333   11.70 0.000   0.90 0.000 9.999 0.259000  0.83 0.000 0.103 0.000   0.730 0.000   1.313 0.000   8.185 0.000   3.030 0.000   5.154 0.000 0.029 0.000  0.840 0.000
117.208333 118.208333    5.03 0.000   0.45 0.000 9.999 0.259000  0.34 0.000 0.015 0.000   0.372 0.000   0.669 0.000   3.158 0.000   0.891 0.000   2.266 0.000 0.006 0.000  0.360 0.000
120.208333 121.208333    8.75 0.000   1.16 0.000 9.999 0.259000  1.05 0.000 0.030 0.000   0.759 0.000   1.366 0.000   6.616 0.000   1.140 0.000   5.475 0.000 0.022 0.000  0.903 0.000
123.208333 124.208333   24.30 0.000   1.48 0.000 9.999 0.259000  0.78 0.000 0.035 0.000   0.691 0.000   1.245 0.000   8.257 0.000   4.238 0.000   4.019 0.000 0.028 0.000  0.485 0.000
126.208333 127.208333   12.89 0.000   0.82 0.000 9.999 0.259000  0.24 0.000 0.014 0.000   0.701 0.000   1.261 0.000   4.799 0.000   1.522 0.000   3.277 0.000 0.016 0.000  0.416 0.000
129.208333 130.208333   34.93 0.000   1.62 0.000 9.999 0.259000  0.86 0.000 0.035 0.000   1.010 0.000   1.819 0.000   9.488 0.000   5.781 0.000   3.789 0.000 0.031 0.000  0.335 0.000
132.208333 133.208333   35.32 0.000   1.18 0.000 0.016 0.000000  0.38 0.000 0.023 0.000   0.460 0.000   0.827 0.000   7.507 0.000   4.561 0.000   2.946 0.000 0.030 0.000  0.322 0.000
135.208333 136.208333   10.54 0.000   0.69 0.000 9.999 0.259000  0.19 0.000 0.015 0.000   0.632 0.000   1.138 0.000   4.664 0.000   2.797 0.000   1.867 0.000 0.010 0.000  0.160 0.000
138.208333 139.208333   35.42 0.000   1.22 0.000 9.999 0.259000  0.60 0.000 0.039 0.000   0.841 0.000   1.514 0.000  12.700 0.000   7.889 0.000   4.810 0.000 0.031 0.000  0.474 0.000
141.208333 142.208333    1.38 0.000   0.45 0.000 9.999 0.259000  0.17 0.000 0.003 0.000   0.115 0.000   0.206 0.000   1.367 0.000   0.641 0.000   0.726 0.000 0.006 0.000  0.091 0.000
144.208333 145.208333   20.30 0.000   0.54 0.000 9.999 0.259000 99.99 0.259 0.083 0.000   0.387 0.000   0.697 0.000  15.257 0.000  10.890 0.000   4.367 0.000 0.027 0.000  0.605 0.000
147.208333 148.208333   14.50 0.000   1.94 0.000 9.999 0.259000  1.24 0.000 0.028 0.000   1.005 0.000   1.810 0.000   9.066 0.000   5.737 0.000   3.330 0.000 0.019 0.000  0.196 0.000
150.208333 151.208333   21.01 0.000   0.70 0.000 9.999 0.259000  0.87 0.000 0.016 0.000   1.114 0.000   2.006 0.000  11.182 0.000   7.802 0.000   3.490 0.000 0.025 0.000  0.317 0.000
153.208333 154.208333   38.65 0.000   2.81 0.000 9.999 0.259000  1.63 0.000 0.122 0.000   1.730 0.000   3.114 0.000  19.610 0.000   7.936 0.000  11.675 0.000 0.036 0.000  1.659 0.000
156.208333 157.208333   24.21 0.000   0.97 0.000 9.999 0.259000  2.77 0.000 0.079 0.000   2.408 0.000   4.334 0.000  13.656 0.000   5.228 0.000   8.428 0.000 0.065 0.000  0.630 0.000
159.208333 160.208333   30.08 0.000   3.40 0.000 9.999 0.259000  0.49 0.000 0.058 0.000  15.951 0.000  28.711 0.000  42.199 0.000   6.580 0.000  35.608 0.000 0.322 0.000  0.727 0.000
162.208333 163.208333   31.02 0.000   3.59 0.000 9.999 0.259000  2.57 0.000 0.056 0.000   3.311 0.000   5.960 0.000  19.519 0.000   2.594 0.000  16.922 0.000 0.051 0.000  2.293 0.000
165.208333 166.208333   25.29 0.394   0.66 0.394 9.999 0.394259  0.68 0.394 0.034 0.394   0.562 0.000   1.011 0.000   9.034 0.000   6.463 0.000   2.648 0.000 0.024 0.394  0.200 0.394
168.208333 169.208333   17.82 0.000   0.30 0.000 0.007 0.000000  0.43 0.000 0.002 0.000   0.243 0.000   0.438 0.000  10.962 0.000   9.845 0.000   1.117 0.000 0.014 0.000  0.061 0.000
171.208333 172.208333   30.30 0.000   1.80 0.000 9.999 0.259000  4.51 0.000 0.073 0.000   2.024 0.000   3.644 0.000  14.222 0.000   6.391 0.000   7.921 0.000 0.033 0.000  0.812 0.000
174.208333 175.208333   50.41 0.000   1.99 0.000 9.999 0.259000  3.24 0.000 0.049 0.000   2.403 0.000   4.325 0.000  17.852 0.000  10.221 0.000   7.638 0.000 0.046 0.000  0.528 0.000
177.208333 178.208333   37.37 0.000   1.34 0.000 9.999 0.259000  1.04 0.000 0.050 0.000   3.046 0.000   5.482 0.000  21.483 0.000   5.071 0.000  16.408 0.000 0.065 0.000  2.090 0.000
180.208333 181.208333   20.91 0.000   0.71 0.000 9.999 0.259000  0.36 0.000 0.027 0.000   1.369 0.000   2.464 0.000  15.682 0.000   7.264 0.000   8.418 0.000 0.027 0.000  1.159 0.000
183.208333 184.208333   14.74 0.000   9.21 0.000 9.999 0.259000  0.69 0.000 0.026 0.000   2.136 0.000   3.844 0.000   8.685 0.000   3.224 0.000   5.460 0.000 0.054 0.000  0.271 0.000
186.208333 187.208333   18.90 0.000   1.15 0.000 9.999 0.259000  0.47 0.000 0.056 0.000   0.788 0.000   1.418 0.000  10.807 0.000   5.869 0.000   4.937 0.000 0.025 0.000  0.598 0.000
189.208333 190.208333    5.47 0.000   0.55 0.000 0.012 0.000000  0.37 0.000 0.016 0.000   0.741 0.000   1.334 0.000   4.947 0.000   1.200 0.000   3.747 0.000 0.016 0.000  0.437 0.000
192.208333 193.208333   17.55 0.000   0.44 0.000 9.999 0.259000  0.29 0.000 0.023 0.000   2.362 0.000   4.252 0.000   9.901 0.000   3.164 0.000   6.750 0.000 0.041 0.000  0.327 0.000
195.208333 196.208333   22.91 0.000   0.98 0.000 9.999 0.259000  0.22 0.000 0.023 0.000   1.687 0.000   3.037 0.000  12.009 0.000   6.213 0.000   5.796 0.000 0.030 0.000  0.396 0.000
198.208333 199.208333   36.32 0.699   1.45 0.699 9.999 0.699259  0.97 0.699 0.036 0.000 999.999 0.999 999.999 0.999  15.916 0.000   1.831 0.699  14.218 0.000 0.033 0.699  2.671 0.000
201.208333 202.208333   31.18 0.000   0.95 0.000 9.999 0.259000  0.46 0.000 0.017 0.000   2.347 0.000   4.224 0.000  11.896 0.000   5.255 0.000   6.640 0.000 0.027 0.000  0.400 0.000
204.208333 205.208333   10.51 0.000   1.83 0.000 9.999 0.259000 99.99 0.259 0.005 0.000   0.922 0.000   1.660 0.000   4.364 0.000   2.207 0.000   2.157 0.000 0.016 0.000  0.094 0.000
207.208333 208.208333   34.56 0.000   2.24 0.000 0.019 0.000000  1.30 0.000 0.061 0.000   1.813 0.000   3.264 0.000  20.712 0.000   3.934 0.000  16.776 0.000 0.031 0.000  2.507 0.000
210.208333 211.208333   13.24 0.000   1.42 0.000 0.007 0.000000 99.99 0.259 0.011 0.000   1.202 0.000   2.164 0.000   6.322 0.000   2.689 0.000   3.633 0.000 0.018 0.000  0.238 0.000
213.208333 214.208333   19.28 0.000   1.61 0.000 9.999 0.259000  0.65 0.000 0.066 0.000   1.418 0.000   2.552 0.000  11.478 0.000   2.975 0.000   8.552 0.000 0.022 0.000  1.113 0.000
216.208333 217.208333   27.31 0.000   1.59 0.000 9.999 0.259000  1.29 0.000 0.038 0.000   1.795 0.000   3.231 0.000  18.426 0.000   4.835 0.000  13.589 0.000 0.027 0.000  2.037 0.000
219.208333 220.208333   27.82 0.000   1.90 0.000 9.999 0.259000  0.80 0.000 0.046 0.000   2.431 0.000   4.376 0.000  14.023 0.000   5.268 0.000   8.754 0.000 0.033 0.000  0.660 0.000
222.208333 223.208333   19.97 0.000   2.40 0.000 9.999 0.259000  0.38 0.000 0.046 0.000   1.093 0.000   1.968 0.000  11.267 0.000   4.255 0.000   7.011 0.000 0.022 0.000  0.986 0.000
225.208333 226.208333   23.71 0.000   3.05 0.000 9.999 0.259000  0.52 0.000 0.019 0.000   2.146 0.000   3.863 0.000  12.062 0.000   3.407 0.000   8.655 0.000 0.036 0.000  0.845 0.000
228.208333 229.208333   14.08 0.000   0.83 0.000 9.999 0.259000  0.51 0.000 0.015 0.000   0.922 0.000   1.660 0.000   7.736 0.000   3.565 0.000   4.170 0.000 0.016 0.000  0.393 0.000
231.208333 232.208333   23.11 0.000   0.86 0.000 9.999 0.259000  0.78 0.000 0.055 0.000   0.669 0.000   1.205 0.000  10.239 0.000   4.544 0.000   5.694 0.000 0.051 0.000  0.657 0.000
234.208333 235.208333   19.39 0.000   1.30 0.000 9.999 0.259000  0.14 0.000 0.011 0.000   0.816 0.000   1.468 0.000   7.281 0.000   4.035 0.000   3.312 0.000 0.018 0.000  0.211 0.000
237.208333 238.208333   46.86 0.000   1.88 0.000 9.999 0.259000  0.23 0.000 0.024 0.000   2.073 0.000   3.732 0.000  12.132 0.000   6.074 0.000   6.056 0.000 0.038 0.000  0.166 0.000
240.208333 241.208333    6.18 0.000   3.40 0.000 9.999 0.259000  1.15 0.000 0.033 0.000   0.392 0.000   0.706 0.000   7.551 0.000   3.532 0.000   4.019 0.000 0.019 0.000  0.543 0.000
243.208333 244.208333   12.58 0.000   1.01 0.000 0.008 0.000000  0.26 0.000 0.012 0.000   0.914 0.000   1.645 0.000   8.212 0.000   3.258 0.000   4.954 0.000 0.016 0.000  0.654 0.000
246.208333 247.208333   12.84 0.000   6.31 0.000 9.999 0.259000 99.99 0.259 0.020 0.000   1.681 0.000   3.026 0.000   6.984 0.000   1.385 0.000   5.599 0.000 0.034 0.000  0.414 0.000
249.208333 250.208333   30.76 0.000   1.85 0.000 9.999 0.259000  1.67 0.000 0.069 0.000   1.549 0.000   2.787 0.000  14.473 0.000   6.944 0.000   7.528 0.000 0.031 0.000  0.680 0.000
252.208333 253.208333    6.92 0.000   1.35 0.000 9.999 0.259000  0.15 0.000 0.008 0.000   0.711 0.000   1.279 0.000   4.198 0.000   2.519 0.000   1.679 0.000 0.015 0.000  0.091 0.000
255.208333 256.208333   21.58 0.000   0.68 0.000 9.999 0.259000  0.39 0.000 0.033 0.000   0.893 0.000   1.608 0.000   8.784 0.000   5.037 0.000   3.747 0.000 0.018 0.000  0.292 0.000
258.208333 259.208333 9999.99 0.999 999.99 0.999 9.999 0.999000 99.99 0.999 9.999 0.999 999.999 0.999 999.999 0.999 999.999 0.999 999.999 0.999 999.999 0.999 9.999 0.999 99.999 0.999
