scripts/IMPROVE-2019_partial/data/US9046R.20080101080000.20191216000000.filterpack...52w.3d.US03L_filterpack_US9046.US03L_IMPROVE_Davis.lev2.nas
52 1001
MISSING INFORMATION
US03L, IMPROVE, , , , , , , 
MISSING INFORMATION
IMPROVE sel_HTAP
1 1
2008 01 01 2019 12 16
3.000000
days from file reference point
5
1 1 1 1 1
999.999999 999.999 9.999 999.999 9.999
end_time of measurement, days from the file reference point
pm10_mass, ug/m3, Matrix=pm10
numflag pm10_mass, no unit, Matrix=pm10
pm25_mass, ug/m3, Matrix=pm25
numflag pm25_mass, no unit, Matrix=pm25
0
33
Data definition:              EBAS_1.1
Set type code:                TU
Timezone:                     UTC
File name:                    US9046R.20080101080000.20191216000000.filterpack...52w.3d.US03L_filterpack_US9046.US03L_IMPROVE_Davis.lev2.nas
File creation:                20191218120835
Startdate:                    20080101080000
Revision date:                20191216000000
Version:                      2
Version description:          "Data extracted from http://views.cira.colostate.edu/fed/DataWizard 2019-12-16"
Statistics:                   arithmetic mean
Data level:                   2
Period code:                  52w
Resolution code:              3d
Sample duration:              1d
Orig. time res.:              3d
Station code:                 US9046R
Platform code:                US9046S
Station name:                 San Rafael
Station latitude:             34.7339
Station longitude:            -120.0074
Station altitude:             956.0 m
Regime:                       IMG
Component:                    
Unit:                         ug/m3
Matrix:                       
Laboratory code:              US03L
Instrument type:              filterpack
Instrument name:              filterpack_US9046
Method ref:                   US03L_IMPROVE_Davis
Blank correction:             Blank corrected
Volume std. temperature:      ambient
Volume std. pressure:         ambient
starttime endtime PM10 flag_PM10 PM2.5 flag_PM2.5
  0.333333   1.333333   6.397 0.000   1.482 0.000
  3.333333   4.333333   7.615 0.000   1.581 0.000
  6.333333   7.333333   1.029 0.000   0.646 0.000
  9.333333  10.333333   1.017 0.000   0.316 0.000
 12.333333  13.333333   2.683 0.000   1.292 0.000
 15.333333  16.333333   7.760 0.000   2.899 0.000
 18.333333  19.333333   6.313 0.000   2.282 0.000
 21.333333  22.333333   0.375 0.000   0.256 0.000
 24.333333  25.333333 999.999 0.999 999.999 0.999
 27.333333  28.333333 999.999 0.999 999.999 0.999
 30.333333  31.333333 999.999 0.999 999.999 0.999
 33.333333  34.333333 999.999 0.999 999.999 0.999
 36.333333  37.333333   4.740 0.000   1.640 0.000
 39.333333  40.333333   6.438 0.000   2.098 0.000
 42.333333  43.333333   8.670 0.000   2.109 0.000
 45.333333  46.333333   9.141 0.000   2.058 0.000
 48.333333  49.333333  10.077 0.000   5.109 0.000
 51.333333  52.333333   3.212 0.000   1.560 0.000
 54.333333  55.333333   5.086 0.000   2.305 0.000
 57.333333  58.333333 999.999 0.999 999.999 0.999
 60.333333  61.333333   8.007 0.000   3.278 0.000
 63.333333  64.333333  12.850 0.000   4.828 0.000
 66.333333  67.333333  10.182 0.000   4.439 0.000
 69.333333  70.333333   7.223 0.000   2.585 0.000
 72.333333  73.333333   7.189 0.000   2.452 0.000
 75.333333  76.333333   7.444 0.000   2.132 0.000
 78.333333  79.333333   8.524 0.000   4.380 0.000
 81.333333  82.333333   8.777 0.000   3.758 0.000
 84.333333  85.333333  11.310 0.000   3.589 0.000
 87.333333  88.333333  18.537 0.000   5.728 0.000
 90.333333  91.333333  16.763 0.000   6.212 0.000
 93.333333  94.333333   6.827 0.000   3.080 0.000
 96.333333  97.333333  12.305 0.000   4.540 0.000
 99.333333 100.333333  16.319 0.000   4.444 0.000
102.333333 103.333333  11.996 0.000   4.434 0.000
105.333333 106.333333  15.198 0.000   4.706 0.000
108.333333 109.333333  16.494 0.000   7.792 0.000
111.333333 112.333333  16.206 0.000   9.642 0.000
114.333333 115.333333  14.688 0.000   4.873 0.000
117.333333 118.333333  19.258 0.000   9.763 0.000
120.333333 121.333333  26.076 0.000   6.242 0.000
123.333333 124.333333  24.675 0.000   9.794 0.000
126.333333 127.333333  20.297 0.000   8.197 0.000
129.333333 130.333333  27.134 0.000   9.941 0.000
132.333333 133.333333  19.217 0.000   7.071 0.000
135.333333 136.333333  16.596 0.000   4.565 0.000
138.333333 139.333333  15.956 0.000   4.948 0.000
141.333333 142.333333  33.505 0.000   8.411 0.000
144.333333 145.333333   5.937 0.000   2.969 0.000
147.333333 148.333333   7.176 0.000   2.922 0.000
150.333333 151.333333  13.809 0.000   4.318 0.000
153.333333 154.333333  18.706 0.000   6.816 0.000
156.333333 157.333333  15.562 0.000   4.636 0.000
159.333333 160.333333  19.432 0.000   5.501 0.000
162.333333 163.333333  22.245 0.000   6.057 0.000
165.333333 166.333333  14.114 0.000   7.459 0.000
168.333333 169.333333  21.275 0.000  10.167 0.000
171.333333 172.333333  15.246 0.000   7.037 0.000
174.333333 175.333333  15.504 0.000  10.084 0.000
177.333333 178.333333  30.291 0.000  17.616 0.000
180.333333 181.333333   8.824 0.000   6.159 0.000
183.333333 184.333333  27.701 0.000  13.955 0.000
186.333333 187.333333  26.844 0.000  18.197 0.000
189.333333 190.333333  25.063 0.000  16.789 0.000
192.333333 193.333333  26.219 0.000  17.488 0.000
195.333333 196.333333  17.747 0.000   9.529 0.000
198.333333 199.333333  30.365 0.000  20.355 0.000
201.333333 202.333333   9.156 0.000   6.624 0.000
204.333333 205.333333  22.476 0.000  12.713 0.000
207.333333 208.333333  26.515 0.000  14.878 0.000
210.333333 211.333333  16.363 0.000   6.952 0.000
213.333333 214.333333  21.299 0.000   7.162 0.000
216.333333 217.333333  17.413 0.000   8.295 0.000
219.333333 220.333333  16.565 0.000   6.164 0.000
222.333333 223.333333  12.823 0.000   4.438 0.000
225.333333 226.333333  19.763 0.000   5.856 0.000
228.333333 229.333333  16.982 0.000   9.827 0.000
231.333333 232.333333  11.985 0.000   3.582 0.000
234.333333 235.333333  17.522 0.000   5.907 0.000
237.333333 238.333333  17.428 0.000   5.974 0.000
240.333333 241.333333  27.442 0.000   8.471 0.000
243.333333 244.333333  14.677 0.000   6.268 0.000
246.333333 247.333333  22.649 0.000   6.758 0.000
249.333333 250.333333  19.755 0.000   7.425 0.000
252.333333 253.333333 999.999 0.456   8.856 0.000
255.333333 256.333333  14.906 0.000   7.511 0.000
258.333333 259.333333  10.888 0.000   5.648 0.000
261.333333 262.333333  18.061 0.000   6.420 0.000
264.333333 265.333333  16.974 0.000   4.952 0.000
267.333333 268.333333   7.173 0.000   2.758 0.000
270.333333 271.333333   7.197 0.000   2.660 0.000
273.333333 274.333333   5.670 0.000   2.670 0.000
276.333333 277.333333  17.611 0.000   4.600 0.000
279.333333 280.333333   5.876 0.000   2.562 0.000
282.333333 283.333333  37.638 0.000   8.150 0.000
285.333333 286.333333  14.842 0.000   4.115 0.000
288.333333 289.333333 999.999 0.999 999.999 0.999
291.333333 292.333333   9.722 0.000   4.959 0.000
294.333333 295.333333   7.099 0.000   3.270 0.000
297.333333 298.333333  11.107 0.000   4.743 0.000
300.333333 301.333333   9.213 0.000   4.530 0.000
303.333333 304.333333  16.369 0.000   5.238 0.000
306.333333 307.333333  10.598 0.000   2.460 0.000
309.333333 310.333333   5.023 0.000   2.015 0.000
312.333333 313.333333   3.380 0.000   1.619 0.000
315.333333 316.333333   3.438 0.000   1.891 0.000
318.333333 319.333333   6.772 0.000   3.502 0.000
321.333333 322.333333   4.546 0.000   1.856 0.000
324.333333 325.333333  10.260 0.000   4.691 0.000
327.333333 328.333333  11.931 0.000   6.345 0.000
330.333333 331.333333   0.699 0.000   0.095 0.000
333.333333 334.333333   2.805 0.000   1.644 0.000
336.333333 337.333333   2.349 0.000 999.999 0.456
339.333333 340.333333   6.157 0.000   1.859 0.000
342.333333 343.333333   4.992 0.000   2.473 0.000
345.333333 346.333333   2.217 0.000   0.715 0.000
348.333333 349.333333   2.794 0.000   1.185 0.000
351.333333 352.333333   1.610 0.000   1.030 0.000
354.333333 355.333333   2.044 0.000   1.279 0.000
357.333333 358.333333   2.222 0.000   0.886 0.000
360.333333 361.333333   4.374 0.000   1.918 0.000
363.333333 364.333333   1.369 0.000   0.933 0.000
