scripts/IMPROVE-2019_partial/data/US9052R.20020102050000.20191216000000.filterpack..pm25.52w.1w.US03L_filterpack_US9052.US03L_IMPROVE_Davis.lev2.nas
68 1001
MISSING INFORMATION
US03L, IMPROVE, , , , , , , 
MISSING INFORMATION
IMPROVE sel_HTAP
1 1
2002 01 01 2019 12 16
3.000000
days from file reference point
29
1 1 1 1 1 1 1 1 1 1 1 1 1 1 1 1 1 1 1 1 1 1 1 1 1 1 1 1 1
999.999999 99.999 9.999999 9999.99 9.999 99.99 9.999 9.999 9.999999 99.99 9.999 9.999 9.999999 99.999 9.999 999.999 9.999 999.99 9.999999 999.999 9.999 999.999 9.999 999.999 9.999 9.999 9.999 99.999 9.999999
end_time of measurement, days from the file reference point
ammonium, ug N/m3, Revision date=20181210133000
numflag ammonium, no unit, Revision date=20181210133000
iron, ng/m3, Revision date=20181210133000
numflag iron, no unit, Revision date=20181210133000
lead, ng/m3, Revision date=20181210133000
numflag lead, no unit, Revision date=20181210133000
magnesium, ug/m3, Revision date=20181210133000
numflag magnesium, no unit, Revision date=20181210133000
nickel, ng/m3, Revision date=20181210133000
numflag nickel, no unit, Revision date=20181210133000
nitrate, ug N/m3, Revision date=20181210133000
numflag nitrate, no unit, Revision date=20181210133000
organic_carbon, ug C/m3, Revision date=20181210133000
numflag organic_carbon, no unit, Revision date=20181210133000
organic_mass, ug/m3, Revision date=20181210133000
numflag organic_mass, no unit, Revision date=20181210133000
phosphorus, ng/m3, Revision date=20181210133000
numflag phosphorus, no unit, Revision date=20181210133000
pm10_mass, ug/m3, Version=2, Version description=Data extracted from http://views.cira.colostate.edu/fed/DataWizard 2019-12-16, Sample duration=1d, Orig. time res.=3d, Matrix=pm10, Blank correction=Blank corrected, Volume std. temperature=ambient, Volume std. pressure=ambient
numflag pm10_mass, no unit, Version=2, Version description=Data extracted from http://views.cira.colostate.edu/fed/DataWizard 2019-12-16, Sample duration=1d, Orig. time res.=3d, Matrix=pm10, Blank correction=Blank corrected, Volume std. temperature=ambient, Volume std. pressure=ambient
pm10_pm25_mass, ug/m3, Revision date=20181210133000, Matrix=pm10_pm25
numflag pm10_pm25_mass, no unit, Revision date=20181210133000, Matrix=pm10_pm25
pm25_mass, ug/m3, Version=2, Version description=Data extracted from http://views.cira.colostate.edu/fed/DataWizard 2019-12-16, Sample duration=1d, Orig. time res.=3d, Blank correction=Blank corrected, Volume std. temperature=ambient, Volume std. pressure=ambient
numflag pm25_mass, no unit, Version=2, Version description=Data extracted from http://views.cira.colostate.edu/fed/DataWizard 2019-12-16, Sample duration=1d, Orig. time res.=3d, Blank correction=Blank corrected, Volume std. temperature=ambient, Volume std. pressure=ambient
potassium, ug/m3, Revision date=20181210133000
numflag potassium, no unit, Revision date=20181210133000
sulphate_total, ug S/m3, Revision date=20181210133000
numflag sulphate_total, no unit, Revision date=20181210133000
0
25
Data definition:              EBAS_1.1
Set type code:                TU
Timezone:                     UTC
File name:                    US9052R.20020102050000.20191216000000.filterpack..pm25.52w.1w.US03L_filterpack_US9052.US03L_IMPROVE_Davis.lev2.nas
File creation:                20191218120901
Startdate:                    20020102050000
Revision date:                20191216000000
Statistics:                   arithmetic mean
Data level:                   2
Period code:                  52w
Resolution code:              1w
Station code:                 US9052R
Platform code:                US9052S
Station name:                 St. Marks
Station latitude:             30.0926
Station longitude:            -84.1614
Station altitude:             7.0 m
Regime:                       IMG
Component:                    
Matrix:                       pm25
Laboratory code:              US03L
Instrument type:              filterpack
Instrument name:              filterpack_US9052
Method ref:                   US03L_IMPROVE_Davis
starttime endtime NH4+ flag_NH4+ Fe flag_Fe Pb flag_Pb Mg++ flag_Mg++ Ni flag_Ni NO3- flag_NO3- OC flag_OC OM flag_OM P flag_P PM10 flag_PM10 PM10-PM2.5 flag_PM10-PM2.5 PM2.5 flag_PM2.5 K+ flag_K+ SO4-- flag_SO4--
  1.208333   2.208333 99.999 0.999000 9999.99 0.999 99.99 0.999 9.999 0.999000 99.99 0.999 9.999 0.999000 99.999 0.999 999.999 0.999 999.99 0.999000 999.999 0.999 999.999 0.999 999.999 0.999 9.999 0.999 99.999 0.999000
  4.208333   5.208333 99.999 0.999000 9999.99 0.999 99.99 0.999 9.999 0.999000 99.99 0.999 9.999 0.999000 99.999 0.999 999.999 0.999 999.99 0.999000 999.999 0.999 999.999 0.999 999.999 0.999 9.999 0.999 99.999 0.999000
  7.208333   8.208333 99.999 0.999000 9999.99 0.999 99.99 0.999 9.999 0.999000 99.99 0.999 9.999 0.999000 99.999 0.999 999.999 0.999 999.99 0.999000 999.999 0.999 999.999 0.999 999.999 0.999 9.999 0.999 99.999 0.999000
 10.208333  11.208333 99.999 0.999000    2.50 0.000  0.97 0.000 9.999 0.259000  0.29 0.000 0.041 0.000000  0.324 0.000   0.453 0.000  19.60 0.000000   4.774 0.000   1.811 0.000   2.963 0.000 0.012 0.000  0.461 0.000000
 13.208333  14.208333 99.999 0.999000    9.12 0.000  1.52 0.000 9.999 0.259000  0.22 0.000 0.070 0.000000  1.179 0.000   1.650 0.000 999.99 0.259000   5.054 0.000   1.133 0.000   3.921 0.000 0.035 0.000  0.278 0.000000
 16.208333  17.208333 99.999 0.999000   22.86 0.000  2.22 0.000 9.999 0.259000 99.99 0.259 0.144 0.000000  3.008 0.000   4.211 0.000 999.99 0.259000  13.162 0.000   1.628 0.000  11.534 0.000 0.066 0.000  1.047 0.000000
 19.208333  20.208333 99.999 0.559999   11.85 0.000  0.96 0.000 9.999 0.259000 99.99 0.259 0.033 0.559000  0.775 0.000   1.085 0.000 999.99 0.259000   5.932 0.000   2.027 0.000   3.904 0.000 0.030 0.000  0.457 0.559000
 22.208333  23.208333 99.999 0.999000   23.31 0.000  1.16 0.000 9.999 0.259000  1.21 0.000 0.075 0.000000  0.907 0.000   1.270 0.000 999.99 0.259000  10.980 0.000   2.833 0.000   8.147 0.000 0.055 0.000  1.129 0.000000
 25.208333  26.208333 99.999 0.559999   10.09 0.000  0.62 0.000 9.999 0.259000 99.99 0.259 0.061 0.559000  0.768 0.000   1.076 0.000 999.99 0.259000  10.091 0.000   3.895 0.000   6.196 0.000 0.029 0.000  0.842 0.559000
 28.208333  29.208333 99.999 0.999000    4.52 0.000  1.45 0.000 9.999 0.259000  0.66 0.000 0.033 0.000000  0.961 0.000   1.345 0.000 999.99 0.259000  10.563 0.000   1.601 0.000   8.962 0.000 0.055 0.000  1.390 0.000000
 31.208333  32.208333 99.999 0.999000    6.97 0.000  0.83 0.000 9.999 0.259000  0.77 0.000 0.072 0.000000  0.819 0.000   1.146 0.000 999.99 0.259000   9.042 0.000   4.172 0.000   4.870 0.000 0.047 0.000  0.528 0.000000
 34.208333  35.208333 99.999 0.999000   17.90 0.000  2.08 0.000 0.064 0.000000 99.99 0.259 0.097 0.000000  6.371 0.000   8.920 0.000 999.99 0.259000  16.288 0.000   2.070 0.000  14.218 0.000 0.112 0.000  0.590 0.000000
 37.208333  38.208333 99.999 0.999000    3.10 0.000 99.99 0.259 9.999 0.259000 99.99 0.259 0.020 0.000000  0.673 0.000   0.942 0.000 999.99 0.259000   4.702 0.000   1.305 0.000   3.397 0.000 0.018 0.000  0.363 0.000000
 40.208333  41.208333 99.999 0.999000    8.67 0.000  1.30 0.000 9.999 0.259000  0.51 0.000 0.075 0.000000  1.863 0.000   2.608 0.000 999.99 0.259000  12.725 0.000   1.873 0.000  10.853 0.000 0.052 0.000  1.424 0.000000
 43.208333  44.208333 99.999 0.999000   41.03 0.000  3.49 0.000 9.999 0.259000  0.10 0.000 0.312 0.000000  8.150 0.000  11.411 0.000 999.99 0.259000  36.127 0.000   9.019 0.000  27.108 0.000 0.112 0.000  1.301 0.000000
 46.208333  47.208333 99.999 0.559999   33.69 0.000  2.00 0.000 0.048 0.000000  0.20 0.000 0.138 0.559000  4.282 0.000   5.995 0.000 999.99 0.259000  23.457 0.000   6.261 0.000  17.196 0.000 0.102 0.000  1.458 0.559000
 49.208333  50.208333 99.999 0.999000    8.47 0.000  0.77 0.000 9.999 0.259000  0.65 0.000 0.127 0.000000 99.999 0.999 999.999 0.999 999.99 0.259000 999.999 0.456 999.999 0.999   5.936 0.000 0.079 0.000  0.747 0.000000
 52.208333  53.208333 99.999 0.999000   27.65 0.000  1.89 0.000 9.999 0.259000 99.99 0.259 0.049 0.000000  4.489 0.000   6.284 0.000 999.99 0.259000  13.525 0.000   2.093 0.000  11.433 0.000 0.092 0.000  0.610 0.000000
 55.208333  56.208333 99.999 0.999000   17.63 0.000  2.74 0.000 0.144 0.000000  0.24 0.000 0.092 0.000000  2.915 0.000   4.081 0.000 999.99 0.259000  17.471 0.000   1.688 0.000  15.783 0.000 0.042 0.000  2.156 0.000000
 58.208333  59.208333 99.999 0.999000   23.49 0.000  1.85 0.000 9.999 0.259000 99.99 0.259 0.235 0.000000  2.085 0.000   2.918 0.000 999.99 0.259000  10.362 0.000   2.542 0.000   7.820 0.000 0.041 0.000  0.671 0.000000
 61.208333  62.208333 99.999 0.999000   13.22 0.000  0.74 0.000 9.999 0.259000  0.39 0.000 0.044 0.000000  0.803 0.000   1.124 0.000 999.99 0.259000  10.289 0.000   4.127 0.000   6.163 0.000 0.050 0.000  0.672 0.000000
 64.208333  65.208333 99.999 0.999000   31.10 0.000  1.48 0.000 9.999 0.259000  0.68 0.000 0.089 0.000000  2.104 0.000   2.945 0.000 999.99 0.259000  12.427 0.000   3.979 0.000   8.448 0.000 0.072 0.000  0.842 0.000000
 67.208333  68.208333 99.999 0.999000    4.85 0.000  0.40 0.000 9.999 0.259000  0.47 0.000 0.077 0.000000  1.125 0.000   1.575 0.000 999.99 0.259000   8.312 0.000   4.361 0.000   3.951 0.000 0.047 0.000  0.220 0.000000
 70.208333  71.208333 99.999 0.999000   37.13 0.394  1.37 0.394 9.999 0.394259  0.69 0.394 0.171 0.394000  1.230 0.000   1.723 0.000 999.99 0.394259  17.936 0.000   9.375 0.000   8.561 0.000 0.060 0.394  0.920 0.394000
 73.208333  74.208333 99.999 0.999000   49.93 0.000  0.80 0.000 9.999 0.259000  1.64 0.000 0.070 0.000000  0.554 0.000   0.776 0.000 999.99 0.259000  15.292 0.000   5.251 0.000  10.041 0.000 0.067 0.000  1.715 0.000000
 76.208333  77.208333 99.999 0.999000   20.24 0.000  0.93 0.000 9.999 0.259000  2.42 0.000 0.082 0.000000  0.826 0.000   1.157 0.000 999.99 0.259000  12.522 0.000   3.082 0.000   9.440 0.000 0.095 0.000  1.476 0.000000
 79.208333  80.208333 99.999 0.999000   15.54 0.000  0.84 0.000 9.999 0.259000  0.47 0.000 0.032 0.000000  0.949 0.000   1.329 0.000 999.99 0.259000   9.223 0.000   3.734 0.000   5.489 0.000 0.044 0.000  0.591 0.000000
 82.208333  83.208333 99.999 0.999000   32.36 0.000  2.88 0.000 9.999 0.259000  0.52 0.000 0.099 0.000000  1.720 0.000   2.408 0.000 999.99 0.259000  16.216 0.000   4.742 0.000  11.473 0.000 0.063 0.000  1.684 0.000000
 85.208333  86.208333 99.999 0.999000   25.03 0.000  1.13 0.000 9.999 0.259000  0.23 0.000 0.061 0.000000  1.465 0.000   2.052 0.000 999.99 0.259000  12.587 0.000   4.525 0.000   8.062 0.000 0.047 0.000  0.965 0.000000
 88.208333  89.208333 99.999 0.999000   25.32 0.000  1.35 0.000 9.999 0.259000  1.57 0.000 0.033 0.000000  1.024 0.000   1.433 0.000 999.99 0.259000  18.880 0.000   1.110 0.000  17.770 0.000 0.054 0.000  3.050 0.000000
 91.208333  92.208333 99.999 0.999000   25.15 0.000  0.66 0.000 9.999 0.259000  0.65 0.000 0.062 0.000000  1.200 0.000   1.679 0.000 999.99 0.259000  12.756 0.000   3.593 0.000   9.163 0.000 0.055 0.000  1.236 0.000000
 94.208333  95.208333 99.999 0.999000   47.03 0.000  2.12 0.000 9.999 0.259000  0.43 0.000 0.089 0.000000  4.480 0.000   6.272 0.000 999.99 0.259000  22.360 0.000   4.651 0.000  17.710 0.000 0.091 0.000  1.870 0.000000
 97.208333  98.208333 99.999 0.999000   52.37 0.000  1.88 0.000 9.999 0.259000  0.39 0.000 0.149 0.000000  0.980 0.000   1.372 0.000 999.99 0.259000  24.450 0.000  12.996 0.000  11.454 0.000 0.074 0.000  1.776 0.000000
100.208333 101.208333 99.999 0.999000   27.43 0.000  1.07 0.000 9.999 0.259000  1.00 0.000 0.133 0.000000  1.289 0.000   1.804 0.000 999.99 0.259000  13.889 0.000   6.152 0.000   7.736 0.000 0.080 0.000  0.832 0.000000
103.208333 104.208333 99.999 0.559999   29.71 0.000  1.87 0.000 9.999 0.259000  0.93 0.000 0.106 0.559000  1.250 0.000   1.750 0.000 999.99 0.259000  14.071 0.000   6.341 0.000   7.729 0.000 0.071 0.000  0.786 0.559000
106.208333 107.208333 99.999 0.999000   33.31 0.000  1.16 0.000 9.999 0.259000  2.32 0.000 0.077 0.000000  1.282 0.000   1.795 0.000 999.99 0.259000  17.072 0.000   2.368 0.000  14.704 0.000 0.037 0.000  2.498 0.000000
109.208333 110.208333 99.999 0.559999    8.50 0.000  0.95 0.000 9.999 0.259000  1.06 0.000 0.054 0.559000  1.000 0.000   1.400 0.000 999.99 0.259000  12.486 0.000   2.914 0.000   9.571 0.000 0.031 0.000  1.770 0.559000
112.208333 113.208333 99.999 0.999000   53.73 0.000  1.99 0.000 9.999 0.259000  0.29 0.000 0.037 0.000000  2.250 0.000   3.150 0.000 999.99 0.259000  13.344 0.000   5.689 0.000   7.655 0.000 0.056 0.000  0.615 0.000000
115.208333 116.208333 99.999 0.999000   47.60 0.000  0.94 0.000 9.999 0.259000  0.75 0.000 0.052 0.000000  1.451 0.000   2.031 0.000 999.99 0.259000  18.459 0.000   4.750 0.000  13.709 0.000 0.069 0.000  2.235 0.000000
118.208333 119.208333 99.999 0.999000   39.74 0.000  1.26 0.000 9.999 0.259000  0.71 0.000 0.094 0.000000  1.196 0.000   1.675 0.000 999.99 0.259000  19.286 0.000   8.614 0.000  10.672 0.000 0.096 0.000  1.587 0.000000
121.208333 122.208333 99.999 0.999000   41.30 0.000  1.48 0.000 9.999 0.259000  1.32 0.000 0.083 0.000000  2.164 0.000   3.029 0.000 999.99 0.259000  22.569 0.000   6.679 0.000  15.890 0.000 0.178 0.000  2.040 0.000000
124.208333 125.208333 99.999 0.999000   94.44 0.000  1.76 0.000 9.999 0.259000  1.07 0.000 0.109 0.000000  6.262 0.000   8.767 0.000 999.99 0.259000  27.958 0.000   4.449 0.000  23.509 0.000 0.213 0.000  2.411 0.000000
127.208333 128.208333 99.999 0.999000   56.81 0.000  0.74 0.000 9.999 0.259000  2.27 0.000 0.099 0.000000  1.976 0.000   2.767 0.000 999.99 0.259000  23.542 0.000   4.892 0.000  18.650 0.000 0.091 0.000  2.594 0.000000
130.208333 131.208333 99.999 0.559999   71.61 0.000  1.38 0.000 9.999 0.259000  1.30 0.000 0.106 0.559000  2.021 0.000   2.829 0.000 999.99 0.259000  22.083 0.000   8.254 0.000  13.829 0.000 0.099 0.000  1.763 0.559000
133.208333 134.208333 99.999 0.999000   26.13 0.000  0.72 0.000 0.053 0.000000  0.18 0.000 0.028 0.000000  1.145 0.000   1.602 0.000 999.99 0.259000  10.799 0.000   3.495 0.000   7.304 0.000 0.034 0.000  1.006 0.000000
136.208333 137.208333 99.999 0.559999   25.05 0.000  0.67 0.000 9.999 0.259000  0.89 0.000 0.078 0.559000  0.827 0.000   1.158 0.000 999.99 0.259000  13.125 0.000   5.422 0.000   7.703 0.000 0.050 0.000  1.074 0.559000
139.208333 140.208333 99.999 0.559999   21.49 0.000  1.30 0.000 9.999 0.259000  0.24 0.000 0.034 0.559000  1.459 0.000   2.043 0.000 999.99 0.259000  10.833 0.000   1.160 0.000   9.674 0.000 0.043 0.000  1.350 0.559000
142.208333 143.208333 99.999 0.559999   23.87 0.000  1.35 0.000 9.999 0.259000  0.35 0.000 0.092 0.559000  1.339 0.000   1.874 0.000 999.99 0.259000  16.076 0.000   5.002 0.000  11.074 0.000 0.055 0.000  1.567 0.559000
145.208333 146.208333 99.999 0.559999   21.45 0.000  0.91 0.000 9.999 0.259000  0.58 0.000 0.060 0.559000  1.336 0.000   1.870 0.000 999.99 0.259000  12.049 0.000   4.775 0.000   7.274 0.000 0.044 0.000  0.792 0.559000
148.208333 149.208333 99.999 0.999000   25.86 0.000  0.75 0.000 9.999 0.259000  0.26 0.000 0.097 0.000000  3.327 0.000   4.657 0.000  58.03 0.000000  15.580 0.000   5.073 0.000  10.507 0.000 0.091 0.000  0.833 0.000000
151.208333 152.208333 99.999 0.559999   35.37 0.000  0.64 0.000 9.999 0.259000  0.49 0.000 0.042 0.559000  1.289 0.000   1.805 0.000 999.99 0.259000   9.715 0.000   2.983 0.000   6.732 0.000 0.066 0.000  0.805 0.559000
154.208333 155.208333 99.999 0.999000   35.40 0.000  0.89 0.000 9.999 0.259000  0.38 0.000 0.036 0.000000  3.660 0.000   5.124 0.000 999.99 0.259000  22.758 0.000   3.639 0.000  19.119 0.000 0.073 0.000  2.252 0.000000
157.208333 158.208333 99.999 0.999000   12.57 0.000  0.51 0.000 9.999 0.259000 99.99 0.259 0.036 0.000000  0.428 0.000   0.599 0.000 999.99 0.259000   5.649 0.000   2.222 0.000   3.427 0.000 0.020 0.000  0.443 0.000000
160.208333 161.208333 99.999 0.999000   15.37 0.000  0.45 0.000 9.999 0.259000  0.43 0.000 0.079 0.000000  0.901 0.000   1.262 0.000 999.99 0.259000  10.507 0.000   5.576 0.000   4.930 0.000 0.063 0.000  0.490 0.000000
163.208333 164.208333 99.999 0.999000  112.01 0.000  0.66 0.000 9.999 0.259000 99.99 0.259 0.068 0.000000  2.610 0.000   3.654 0.000 999.99 0.259000  16.155 0.000   4.285 0.000  11.870 0.000 0.065 0.000  0.958 0.000000
166.208333 167.208333 99.999 0.999000   18.42 0.000  1.26 0.000 9.999 0.259000 99.99 0.259 0.031 0.000000  1.928 0.000   2.699 0.000 999.99 0.259000  14.181 0.000   3.658 0.000  10.524 0.000 0.040 0.000  1.154 0.000000
169.208333 170.208333 99.999 0.999000   58.48 0.000  0.51 0.000 9.999 0.259000  0.32 0.000 0.063 0.000000  0.980 0.000   1.371 0.000 999.99 0.259000  12.189 0.000   4.850 0.000   7.339 0.000 0.042 0.000  0.902 0.000000
172.208333 173.208333 99.999 0.999000   35.00 0.000  0.66 0.000 0.025 0.000000  0.21 0.000 0.049 0.000000  0.636 0.000   0.891 0.000 999.99 0.259000   7.736 0.000   2.814 0.000   4.921 0.000 0.023 0.000  0.648 0.000000
175.208333 176.208333 99.999 0.999000   41.49 0.000  0.46 0.000 0.037 0.000000  0.24 0.000 0.041 0.000000  0.344 0.000   0.481 0.000 999.99 0.259000   8.856 0.000   5.573 0.000   3.283 0.000 0.024 0.000  0.301 0.000000
178.208333 179.208333 99.999 0.999000   89.82 0.000  0.43 0.000 9.999 0.259000  0.29 0.000 0.048 0.000000  0.479 0.000   0.671 0.000 999.99 0.259000   8.456 0.000   4.877 0.000   3.578 0.000 0.039 0.000  0.282 0.000000
181.208333 182.208333 99.999 0.999000   37.53 0.000  0.40 0.000 0.029 0.000000 99.99 0.259 0.030 0.000000  0.994 0.000   1.392 0.000 999.99 0.259000  12.587 0.000   7.333 0.000   5.254 0.000 0.065 0.000  0.550 0.000000
184.208333 185.208333 99.999 0.999000   53.23 0.000  0.70 0.000 0.063 0.000000 99.99 0.259 0.025 0.000000  1.994 0.000   2.792 0.000 999.99 0.259000  20.074 0.000   7.383 0.000  12.691 0.000 0.071 0.000  1.483 0.000000
187.208333 188.208333 99.999 0.999000   43.58 0.000  0.96 0.000 9.999 0.259000  0.77 0.000 0.032 0.000000  1.812 0.000   2.537 0.000 999.99 0.259000  20.182 0.000   4.527 0.000  15.655 0.000 0.090 0.000  2.342 0.000000
190.208333 191.208333 99.999 0.999000   19.86 0.000  0.42 0.000 9.999 0.259000  0.52 0.000 0.109 0.000000  0.814 0.000   1.139 0.000 999.99 0.259000  13.672 0.000   7.789 0.000   5.883 0.000 0.048 0.000  0.731 0.000000
193.208333 194.208333 99.999 0.559999   30.53 0.000  0.24 0.000 9.999 0.259000  0.13 0.000 0.023 0.559000  0.712 0.000   0.997 0.000 999.99 0.259000   8.384 0.000   4.682 0.000   3.702 0.000 0.028 0.000  0.337 0.559000
196.208333 197.208333 99.999 0.559999  247.45 0.000  1.10 0.000 9.999 0.259000  0.31 0.000 0.053 0.559000  1.622 0.000   2.271 0.000 999.99 0.259000  21.971 0.000   7.290 0.000  14.681 0.000 0.100 0.000  1.535 0.559000
199.208333 200.208333 99.999 0.559999   50.31 0.000  1.24 0.000 9.999 0.259000  0.20 0.000 0.029 0.559000  2.911 0.000   4.076 0.000 999.99 0.259000  22.129 0.000   3.498 0.000  18.631 0.000 0.046 0.000  2.514 0.559000
202.208333 203.208333 99.999 0.559999   14.72 0.000  0.38 0.000 0.046 0.000000 99.99 0.259 0.041 0.559000  0.653 0.000   0.914 0.000 999.99 0.259000  12.117 0.000   6.591 0.000   5.525 0.000 0.028 0.000  0.764 0.559000
205.208333 206.208333 99.999 0.559999   92.91 0.000  0.29 0.000 9.999 0.259000  0.29 0.000 0.044 0.559000  0.653 0.000   0.914 0.000 999.99 0.259000  11.936 0.000   6.690 0.000   5.246 0.000 0.051 0.000  0.478 0.559000
208.208333 209.208333 99.999 0.559999  134.52 0.000  0.32 0.000 9.999 0.259000  0.21 0.000 0.062 0.559000  0.766 0.000   1.072 0.000 999.99 0.259000  13.997 0.000   8.149 0.000   5.848 0.000 0.062 0.000  0.414 0.559000
211.208333 212.208333 99.999 0.999000  282.37 0.000  0.51 0.000 9.999 0.259000  0.28 0.000 0.081 0.000000  0.833 0.000   1.166 0.000 999.99 0.259000  18.736 0.000   9.324 0.000   9.412 0.000 0.100 0.000  0.653 0.000000
214.208333 215.208333 99.999 0.999000   14.16 0.000  0.69 0.000 9.999 0.259000  0.32 0.000 0.045 0.000000  1.205 0.000   1.687 0.000 999.99 0.259000  14.289 0.000   7.040 0.000   7.249 0.000 0.035 0.000  0.893 0.000000
217.208333 218.208333 99.999 0.999000   80.91 0.000  0.55 0.000 9.999 0.259000  0.24 0.000 0.043 0.000000  1.277 0.000   1.787 0.000 999.99 0.259000  11.827 0.000   5.614 0.000   6.213 0.000 0.046 0.000  0.519 0.000000
