scripts/IMPROVE-2019_partial/data/US9020R.20020102080000.20191216000000.filterpack..pm25.52w.1w.US03L_filterpack_US9020.US03L_IMPROVE_Davis.lev2.nas
66 1001
MISSING INFORMATION
US03L, IMPROVE, , , , , , , 
MISSING INFORMATION
IMPROVE sel_HTAP
1 1
2002 01 01 2019 12 16
3.000000
days from file reference point
27
1 1 1 1 1 1 1 1 1 1 1 1 1 1 1 1 1 1 1 1 1 1 1 1 1 1 1
999.999999 999.99 9.999 99.99 9.999 9.999 9.999999 9.99 9.999999 9.999 9.999999 99.999 9.999 99.999 9.999 999.99 9.999999 999.999 9.999 999.999 9.999 99.999 9.999 9.999 9.999 9.999 9.999999
end_time of measurement, days from the file reference point
iron, ng/m3, Revision date=20181210133000
numflag iron, no unit, Revision date=20181210133000
lead, ng/m3, Revision date=20181210133000
numflag lead, no unit, Revision date=20181210133000
magnesium, ug/m3, Revision date=20181210133000
numflag magnesium, no unit, Revision date=20181210133000
nickel, ng/m3, Revision date=20181210133000
numflag nickel, no unit, Revision date=20181210133000
nitrate, ug N/m3, Revision date=20181210133000
numflag nitrate, no unit, Revision date=20181210133000
organic_carbon, ug C/m3, Revision date=20181210133000
numflag organic_carbon, no unit, Revision date=20181210133000
organic_mass, ug/m3, Revision date=20181210133000
numflag organic_mass, no unit, Revision date=20181210133000
phosphorus, ng/m3, Revision date=20181210133000
numflag phosphorus, no unit, Revision date=20181210133000
pm10_mass, ug/m3, Version=2, Version description=Data extracted from http://views.cira.colostate.edu/fed/DataWizard 2019-12-16, Sample duration=1d, Orig. time res.=3d, Matrix=pm10, Blank correction=Blank corrected, Volume std. temperature=ambient, Volume std. pressure=ambient
numflag pm10_mass, no unit, Version=2, Version description=Data extracted from http://views.cira.colostate.edu/fed/DataWizard 2019-12-16, Sample duration=1d, Orig. time res.=3d, Matrix=pm10, Blank correction=Blank corrected, Volume std. temperature=ambient, Volume std. pressure=ambient
pm10_pm25_mass, ug/m3, Revision date=20181210133000, Matrix=pm10_pm25
numflag pm10_pm25_mass, no unit, Revision date=20181210133000, Matrix=pm10_pm25
pm25_mass, ug/m3, Version=2, Version description=Data extracted from http://views.cira.colostate.edu/fed/DataWizard 2019-12-16, Sample duration=1d, Orig. time res.=3d, Blank correction=Blank corrected, Volume std. temperature=ambient, Volume std. pressure=ambient
numflag pm25_mass, no unit, Version=2, Version description=Data extracted from http://views.cira.colostate.edu/fed/DataWizard 2019-12-16, Sample duration=1d, Orig. time res.=3d, Blank correction=Blank corrected, Volume std. temperature=ambient, Volume std. pressure=ambient
potassium, ug/m3, Revision date=20181210133000
numflag potassium, no unit, Revision date=20181210133000
sulphate_total, ug S/m3, Revision date=20181210133000
numflag sulphate_total, no unit, Revision date=20181210133000
0
25
Data definition:              EBAS_1.1
Set type code:                TU
Timezone:                     UTC
File name:                    US9020R.20020102080000.20191216000000.filterpack..pm25.52w.1w.US03L_filterpack_US9020.US03L_IMPROVE_Davis.lev2.nas
File creation:                20191218120626
Startdate:                    20020102080000
Revision date:                20191216000000
Statistics:                   arithmetic mean
Data level:                   2
Period code:                  52w
Resolution code:              1w
Station code:                 US9020R
Platform code:                US9020S
Station name:                 Mount Hood
Station latitude:             45.2888
Station longitude:            -121.7837
Station altitude:             1531.0 m
Regime:                       IMG
Component:                    
Matrix:                       pm25
Laboratory code:              US03L
Instrument type:              filterpack
Instrument name:              filterpack_US9020
Method ref:                   US03L_IMPROVE_Davis
starttime endtime Fe flag_Fe Pb flag_Pb Mg++ flag_Mg++ Ni flag_Ni NO3- flag_NO3- OC flag_OC OM flag_OM P flag_P PM10 flag_PM10 PM10-PM2.5 flag_PM10-PM2.5 PM2.5 flag_PM2.5 K+ flag_K+ SO4-- flag_SO4--
[from data line 80]
241.333333 242.333333  17.51 0.000  0.54 0.000 9.999 0.259000 9.99 0.259000 0.137 0.559000  0.540 0.000  0.757 0.000 999.99 0.259000   7.241 0.000   3.633 0.000  3.607 0.000 0.019 0.000 0.334 0.559000
244.333333 245.333333   9.37 0.000  0.85 0.000 9.999 0.259000 9.99 0.259000 0.024 0.559000  0.455 0.000  0.637 0.000 999.99 0.259000   3.260 0.000   1.644 0.000  1.616 0.000 0.012 0.000 0.104 0.559000
247.333333 248.333333  36.03 0.000  1.30 0.000 9.999 0.259000 0.32 0.000000 0.150 0.000000  0.776 0.000  1.087 0.000 999.99 0.259000   9.175 0.000   5.177 0.000  3.998 0.000 0.035 0.000 0.259 0.000000
250.333333 251.333333  23.35 0.000  0.47 0.000 9.999 0.259000 9.99 0.259000 0.032 0.000000  0.346 0.000  0.484 0.000  11.61 0.000000   4.209 0.000   2.361 0.000  1.848 0.000 0.010 0.000 0.193 0.000000
253.333333 254.333333  62.77 0.000  1.55 0.000 9.999 0.259000 9.99 0.259000 0.023 0.559000  1.554 0.000  2.175 0.000 999.99 0.259000  10.995 0.000   5.915 0.000  5.081 0.000 0.043 0.000 0.280 0.559000
256.333333 257.333333  87.67 0.000  2.00 0.000 9.999 0.259000 0.23 0.000000 0.034 0.559000  2.194 0.000  3.071 0.000 999.99 0.259000  12.779 0.000   6.199 0.000  6.580 0.000 0.062 0.000 0.314 0.559000
259.333333 260.333333   6.08 0.000  0.43 0.000 9.999 0.259000 0.18 0.000000 0.079 0.559000  0.172 0.000  0.240 0.000   6.46 0.000000   0.919 0.000   0.095 0.000  0.824 0.000 0.005 0.000 0.097 0.559000
262.333333 263.333333  11.99 0.000  0.50 0.000 9.999 0.259000 9.99 0.259000 0.024 0.559000  0.312 0.000  0.437 0.000 999.99 0.259000   2.273 0.000   1.081 0.000  1.192 0.000 0.009 0.000 0.096 0.559000
265.333333 266.333333  22.14 0.000  0.95 0.000 9.999 0.259000 9.99 0.259000 0.020 0.559000  1.031 0.000  1.444 0.000 999.99 0.259000   4.588 0.000   1.835 0.000  2.754 0.000 0.021 0.000 0.145 0.559000
268.333333 269.333333  37.36 0.000  1.13 0.000 9.999 0.259000 9.99 0.259000 0.041 0.559000  1.717 0.000  2.404 0.000 999.99 0.259000   7.399 0.000   2.850 0.000  4.549 0.000 0.031 0.000 0.163 0.559000
271.333333 272.333333   2.28 0.000  0.36 0.000 9.999 0.259000 0.16 0.000000 0.017 0.559000  0.095 0.000  0.133 0.000   6.73 0.000000   2.079 0.000   1.500 0.000  0.579 0.000 0.006 0.000 0.052 0.559000
274.333333 275.333333   6.65 0.000  1.03 0.000 0.017 0.000000 9.99 0.259000 0.065 0.559000  0.818 0.000  1.145 0.000 999.99 0.259000   3.025 0.000   0.581 0.000  2.444 0.000 0.027 0.000 0.136 0.559000
277.333333 278.333333 999.99 0.259  0.29 0.000 9.999 0.259000 9.99 0.259000 0.003 0.559000  0.009 0.000  0.012 0.000   2.56 0.000000   0.253 0.000 999.999 0.259  0.329 0.000 0.006 0.000 9.999 0.559259
280.333333 281.333333  10.68 0.000  0.86 0.000 0.033 0.000000 9.99 0.259000 0.013 0.559000  0.448 0.000  0.627 0.000 999.99 0.259000   3.779 0.000   1.520 0.000  2.259 0.000 0.025 0.000 0.204 0.559000
283.333333 284.333333   4.58 0.000  0.29 0.000 0.014 0.000000 0.16 0.000000 0.040 0.000000  0.352 0.000  0.492 0.000   9.62 0.000000   3.853 0.000   1.848 0.000  2.006 0.000 0.017 0.000 0.101 0.000000
286.333333 287.333333  34.82 0.000  0.84 0.000 0.019 0.000000 9.99 0.259000 0.025 0.559000  0.783 0.000  1.096 0.000 999.99 0.259000   4.814 0.000   2.469 0.000  2.345 0.000 0.034 0.000 0.107 0.559000
289.333333 290.333333  44.29 0.000  1.15 0.000 9.999 0.259000 9.99 0.259000 0.014 0.559000  0.547 0.000  0.765 0.000 999.99 0.259000   4.277 0.000   1.710 0.000  2.566 0.000 0.035 0.000 0.123 0.559000
292.333333 293.333333   2.36 0.000  0.60 0.000 9.999 0.259000 9.99 0.259000 0.023 0.559000  0.174 0.000  0.243 0.000 999.99 0.259000   0.589 0.000   0.016 0.000  0.574 0.000 0.005 0.000 0.047 0.559000
295.333333 296.333333  29.19 0.000  0.93 0.000 0.013 0.000000 9.99 0.259000 0.016 0.559000  0.821 0.000  1.149 0.000 999.99 0.259000   7.028 0.000   3.952 0.000  3.076 0.000 0.022 0.000 0.208 0.559000
298.333333 299.333333  73.99 0.000  2.04 0.000 9.999 0.259000 0.09 0.000000 0.196 0.000000  2.832 0.000  3.964 0.000 999.99 0.259000  11.827 0.000   4.483 0.000  7.344 0.000 0.068 0.000 0.300 0.000000
301.333333 302.333333  38.40 0.000  0.49 0.000 9.999 0.259000 9.99 0.259000 0.053 0.559000  0.298 0.000  0.417 0.000 999.99 0.259000   8.201 0.000   5.677 0.000  2.524 0.000 0.024 0.000 0.251 0.559000
304.333333 305.333333  88.33 0.000  0.45 0.000 9.999 0.259000 9.99 0.259000 0.044 0.000000  1.709 0.000  2.393 0.000 999.99 0.259000  22.727 0.000  17.802 0.000  4.925 0.000 0.036 0.000 0.208 0.000000
307.333333 308.333333   9.50 0.000  0.47 0.000 9.999 0.259000 9.99 0.259000 0.007 0.559000  0.516 0.000  0.723 0.000 999.99 0.259000   1.612 0.000   0.253 0.000  1.359 0.000 0.013 0.000 0.063 0.559000
310.333333 311.333333  51.26 0.000  0.54 0.000 9.999 0.259000 0.06 0.000000 0.108 0.000000  0.850 0.000  1.190 0.000 999.99 0.259000  10.770 0.000   7.833 0.000  2.937 0.000 0.032 0.000 0.066 0.000000
313.333333 314.333333  10.14 0.000  0.10 0.000 9.999 0.259000 9.99 0.259000 0.003 0.000000  0.009 0.000  0.012 0.000 999.99 0.259000   1.539 0.000   0.869 0.000  0.670 0.000 0.004 0.000 0.020 0.000000
316.333333 317.333333   3.72 0.000 99.99 0.259 9.999 0.259000 9.99 0.259000 0.027 0.559000  1.404 0.000  1.965 0.000 999.99 0.259000   3.134 0.000 999.999 0.259  3.187 0.000 0.043 0.000 0.058 0.559000
319.333333 320.333333   4.94 0.000  0.66 0.000 0.016 0.000000 9.99 0.259000 0.015 0.559000  1.497 0.000  2.096 0.000 999.99 0.259000   3.386 0.000   0.067 0.000  3.320 0.000 0.030 0.000 0.114 0.559000
322.333333 323.333333   4.16 0.000 99.99 0.259 9.999 0.259000 0.06 0.000000 0.003 0.559000  0.280 0.000  0.391 0.000 999.99 0.259000   0.794 0.000 999.999 0.259  1.114 0.000 0.010 0.000 0.040 0.559000
325.333333 326.333333   3.75 0.000  0.39 0.000 9.999 0.259000 9.99 0.259000 0.008 0.000000  1.547 0.000  2.166 0.000 999.99 0.259000   3.049 0.000   0.090 0.000  2.959 0.000 0.014 0.000 0.042 0.000000
328.333333 329.333333   4.05 0.000 99.99 0.259 9.999 0.259000 9.99 0.259000 0.005 0.559000  0.134 0.000  0.188 0.000 999.99 0.259000   1.193 0.000   0.661 0.000  0.532 0.000 0.005 0.000 0.055 0.559000
331.333333 332.333333  48.98 0.000  0.32 0.000 9.999 0.259000 0.54 0.000000 0.018 0.559000  1.517 0.000  2.124 0.000 999.99 0.259000   3.472 0.000   0.165 0.000  3.307 0.000 0.020 0.000 0.032 0.559000
334.333333 335.333333   5.91 0.000  0.69 0.000 9.999 0.259000 9.99 0.259000 0.095 0.559000  1.976 0.000  2.766 0.000 999.99 0.259000   4.658 0.000   0.230 0.000  4.428 0.000 0.026 0.000 0.135 0.559000
337.333333 338.333333   8.98 0.000 99.99 0.259 9.999 0.259000 0.14 0.000000 0.010 0.000000  0.644 0.000  0.901 0.000 999.99 0.259000   1.331 0.000 999.999 0.259  1.449 0.000 0.008 0.000 0.051 0.000000
340.333333 341.333333   8.38 0.000  0.18 0.000 9.999 0.259000 0.19 0.000000 0.011 0.559000  0.667 0.000  0.934 0.000 999.99 0.259000   1.788 0.000   0.321 0.000  1.467 0.000 0.010 0.000 0.037 0.559000
343.333333 344.333333   5.50 0.000  0.24 0.000 0.025 0.000000 9.99 0.259000 0.009 0.559000  0.166 0.000  0.233 0.000 999.99 0.259000   1.765 0.000   0.263 0.000  1.502 0.000 0.014 0.000 0.050 0.559000
346.333333 347.333333   5.05 0.000  0.16 0.000 0.023 0.000000 9.99 0.259000 0.017 0.559000  0.719 0.000  1.006 0.000 999.99 0.259000   1.414 0.000   0.068 0.000  1.346 0.000 0.012 0.000 0.023 0.559000
349.333333 350.333333   0.64 0.000  0.19 0.000 0.037 0.000000 9.99 0.259000 0.009 0.000000  0.284 0.000  0.398 0.000 999.99 0.259000   1.123 0.000   0.140 0.000  0.983 0.000 0.013 0.000 0.027 0.000000
352.333333 353.333333   8.48 0.000  0.29 0.000 9.999 0.259000 0.22 0.000000 0.042 0.559000  0.296 0.000  0.414 0.000 999.99 0.259000   1.405 0.000   0.253 0.000  1.152 0.000 0.008 0.000 0.067 0.559000
355.333333 356.333333   0.60 0.000  0.16 0.000 9.999 0.259000 9.99 0.259000 0.005 0.559000  0.042 0.000  0.059 0.000   2.40 0.000000   1.414 0.000   1.082 0.000  0.332 0.000 0.005 0.000 0.030 0.559000
358.333333 359.333333   6.16 0.000  0.25 0.000 9.999 0.259000 0.18 0.000000 0.008 0.559000  0.057 0.000  0.080 0.000 999.99 0.259000   0.631 0.000   0.083 0.000  0.548 0.000 0.006 0.000 0.055 0.559000
361.333333 362.333333   2.83 0.000  0.13 0.000 9.999 0.259000 0.19 0.000000 0.002 0.000000  0.033 0.000  0.047 0.000   1.19 0.000000 999.999 0.259 999.999 0.259  0.031 0.000 9.999 0.259 0.005 0.000000
364.333333 365.333333   2.49 0.000 99.99 0.259 9.999 0.259000 9.99 0.259000 0.009 0.000000  0.018 0.000  0.025 0.000 999.99 0.259000   0.336 0.000   0.092 0.000  0.244 0.000 0.004 0.000 0.029 0.000000
