scripts/IMPROVE-2019_partial/data/US9027R.20170101080000.20191216000000.filterpack...52w.3d.US03L_filterpack_US9027.US03L_IMPROVE_Davis.lev2.nas
52 1001
MISSING INFORMATION
US03L, IMPROVE, , , , , , , 
MISSING INFORMATION
IMPROVE sel_HTAP
1 1
2017 01 01 2019 12 16
3.000000
days from file reference point
5
1 1 1 1 1
999.999999 9999.999 9.999 9999.999 9.999
end_time of measurement, days from the file reference point
pm10_mass, ug/m3, Matrix=pm10
numflag pm10_mass, no unit, Matrix=pm10
pm25_mass, ug/m3, Matrix=pm25
numflag pm25_mass, no unit, Matrix=pm25
0
33
Data definition:              EBAS_1.1
Set type code:                TU
Timezone:                     UTC
File name:                    US9027R.20170101080000.20191216000000.filterpack...52w.3d.US03L_filterpack_US9027.US03L_IMPROVE_Davis.lev2.nas
File creation:                20191218120703
Startdate:                    20170101080000
Revision date:                20191216000000
Version:                      2
Version description:          "Data extracted from http://views.cira.colostate.edu/fed/DataWizard 2019-12-16"
Statistics:                   arithmetic mean
Data level:                   2
Period code:                  52w
Resolution code:              3d
Sample duration:              1d
Orig. time res.:              3d
Station code:                 US9027R
Platform code:                US9027S
Station name:                 North Cascades
Station latitude:             48.7316
Station longitude:            -121.0646
Station altitude:             568.0 m
Regime:                       IMG
Component:                    
Unit:                         ug/m3
Matrix:                       
Laboratory code:              US03L
Instrument type:              filterpack
Instrument name:              filterpack_US9027
Method ref:                   US03L_IMPROVE_Davis
Blank correction:             Blank corrected
Volume std. temperature:      ambient
Volume std. pressure:         ambient
starttime endtime PM10 flag_PM10 PM2.5 flag_PM2.5
  0.333333   1.333333 9999.999 0.999 9999.999 0.999
  3.333333   4.333333    0.954 0.000    0.650 0.000
  6.333333   7.333333    1.157 0.000    0.124 0.000
  9.333333  10.333333    1.687 0.000    1.294 0.000
 12.333333  13.333333    0.388 0.000    0.370 0.000
 15.333333  16.333333    0.720 0.000    0.555 0.000
 18.333333  19.333333    0.168 0.000    0.093 0.000
 21.333333  22.333333    0.295 0.000 9999.999 0.259
 24.333333  25.333333    1.693 0.000    1.414 0.000
 27.333333  28.333333    1.102 0.000    0.729 0.000
 30.333333  31.333333    1.487 0.000    0.554 0.000
 33.333333  34.333333    0.851 0.000    0.721 0.000
 36.333333  37.333333    1.930 0.000    1.868 0.000
 39.333333  40.333333 9999.999 0.999 9999.999 0.999
 42.333333  43.333333 9999.999 0.999 9999.999 0.999
 45.333333  46.333333    0.589 0.000    0.528 0.000
 48.333333  49.333333    0.421 0.000    0.188 0.000
 51.333333  52.333333    0.883 0.000    0.621 0.000
 54.333333  55.333333    1.355 0.000    0.925 0.000
 57.333333  58.333333    1.988 0.000    1.658 0.000
 60.333333  61.333333    0.169 0.000    0.153 0.000
 63.333333  64.333333    0.337 0.000    0.375 0.000
 66.333333  67.333333    0.887 0.000    0.491 0.000
 69.333333  70.333333    0.294 0.000    0.308 0.000
 72.333333  73.333333    0.126 0.000    0.247 0.000
 75.333333  76.333333    1.266 0.000    0.921 0.000
 78.333333  79.333333    0.930 0.000    1.046 0.000
 81.333333  82.333333    1.339 0.000    0.797 0.000
 84.333333  85.333333    0.588 0.000    0.463 0.000
 87.333333  88.333333 9999.999 0.999 9999.999 0.999
 90.333333  91.333333 9999.999 0.999 9999.999 0.999
 93.333333  94.333333 9999.999 0.999 9999.999 0.999
 96.333333  97.333333 9999.999 0.999 9999.999 0.999
 99.333333 100.333333 9999.999 0.999 9999.999 0.999
102.333333 103.333333 9999.999 0.999 9999.999 0.999
105.333333 106.333333 9999.999 0.999 9999.999 0.999
108.333333 109.333333 9999.999 0.999 9999.999 0.999
111.333333 112.333333 9999.999 0.999 9999.999 0.999
114.333333 115.333333 9999.999 0.999 9999.999 0.999
117.333333 118.333333    2.316 0.000    1.431 0.000
120.333333 121.333333    1.348 0.000    0.842 0.000
123.333333 124.333333    2.652 0.000    1.647 0.000
126.333333 127.333333    2.686 0.000    1.471 0.000
129.333333 130.333333    6.393 0.000    3.491 0.000
132.333333 133.333333 9999.999 0.999 9999.999 0.999
135.333333 136.333333 9999.999 0.999 9999.999 0.999
138.333333 139.333333    3.392 0.000    1.871 0.000
141.333333 142.333333 9999.999 0.999 9999.999 0.999
144.333333 145.333333 9999.999 0.999 9999.999 0.999
147.333333 148.333333 9999.999 0.999 9999.999 0.999
150.333333 151.333333 9999.999 0.999 9999.999 0.999
153.333333 154.333333 9999.999 0.999 9999.999 0.999
156.333333 157.333333 9999.999 0.999 9999.999 0.999
159.333333 160.333333 9999.999 0.999 9999.999 0.999
162.333333 163.333333 9999.999 0.999 9999.999 0.999
165.333333 166.333333    1.871 0.000 9999.999 0.999
168.333333 169.333333    1.330 0.000 9999.999 0.999
171.333333 172.333333    6.218 0.000 9999.999 0.999
174.333333 175.333333    6.171 0.000 9999.999 0.999
177.333333 178.333333    9.267 0.000 9999.999 0.999
180.333333 181.333333    9.257 0.000    4.516 0.000
183.333333 184.333333    6.201 0.000    2.275 0.000
186.333333 187.333333   11.194 0.000    5.583 0.000
189.333333 190.333333    6.360 0.000    2.825 0.000
192.333333 193.333333    9.849 0.000    4.499 0.000
195.333333 196.333333    9.337 0.000    3.651 0.000
198.333333 199.333333   11.885 0.000    7.437 0.000
201.333333 202.333333    7.009 0.000    2.746 0.000
204.333333 205.333333    8.585 0.000    4.047 0.000
207.333333 208.333333    7.276 0.000    2.626 0.000
210.333333 211.333333    5.788 0.000    1.913 0.000
213.333333 214.333333   96.368 0.000   89.476 0.659
216.333333 217.333333  117.206 0.659  107.395 0.659
219.333333 220.333333   53.974 0.000   49.255 0.000
222.333333 223.333333   32.837 0.000   26.413 0.000
225.333333 226.333333    8.243 0.000    3.396 0.000
228.333333 229.333333    6.396 0.000    2.498 0.000
231.333333 232.333333    7.775 0.000    3.553 0.000
234.333333 235.333333    6.665 0.000    2.472 0.000
237.333333 238.333333    5.579 0.000    2.339 0.000
240.333333 241.333333   37.366 0.000   32.407 0.000
243.333333 244.333333    6.736 0.000    2.745 0.000
246.333333 247.333333   40.615 0.000   34.181 0.000
249.333333 250.333333   78.785 0.000   71.080 0.659
252.333333 253.333333    4.021 0.000    1.155 0.000
255.333333 256.333333    3.751 0.000    1.676 0.000
258.333333 259.333333   17.068 0.000   13.073 0.000
261.333333 262.333333    1.176 0.000    0.650 0.000
264.333333 265.333333    3.444 0.000    2.252 0.000
267.333333 268.333333    4.276 0.000    3.193 0.000
270.333333 271.333333 9999.999 0.456    2.702 0.000
273.333333 274.333333 9999.999 0.456    0.489 0.000
276.333333 277.333333    2.468 0.000    1.711 0.000
279.333333 280.333333    2.011 0.000    1.043 0.000
282.333333 283.333333    2.384 0.000    1.319 0.000
285.333333 286.333333    0.673 0.000    0.335 0.000
288.333333 289.333333    2.972 0.000    1.577 0.000
291.333333 292.333333    0.375 0.000    0.124 0.000
294.333333 295.333333    1.638 0.000    0.761 0.000
297.333333 298.333333    2.299 0.000    0.969 0.000
300.333333 301.333333    2.467 0.000    1.452 0.000
303.333333 304.333333    5.120 0.000    3.847 0.000
306.333333 307.333333    4.912 0.000    4.222 0.000
309.333333 310.333333    9.101 0.000    8.275 0.000
312.333333 313.333333    3.782 0.000    3.404 0.000
315.333333 316.333333    0.628 0.000    0.243 0.000
318.333333 319.333333    1.217 0.000    0.308 0.000
321.333333 322.333333    1.181 0.000    0.484 0.000
324.333333 325.333333    0.716 0.000    0.275 0.000
327.333333 328.333333    1.010 0.000    0.397 0.000
330.333333 331.333333    1.183 0.000    0.579 0.000
333.333333 334.333333 9999.999 0.456    0.152 0.000
336.333333 337.333333 9999.999 0.456    0.669 0.000
339.333333 340.333333 9999.999 0.456    0.661 0.000
342.333333 343.333333 9999.999 0.456    0.512 0.000
345.333333 346.333333 9999.999 0.456    3.783 0.000
348.333333 349.333333 9999.999 0.456    1.126 0.000
351.333333 352.333333 9999.999 0.456    0.212 0.000
354.333333 355.333333    1.068 0.000    0.819 0.000
357.333333 358.333333    0.559 0.000    0.365 0.000
360.333333 361.333333    0.340 0.000    0.274 0.000
363.333333 364.333333    0.595 0.000    0.516 0.000
