scripts/IMPROVE-2019_partial/data/US9034R.19970101060000.20191216000000.filterpack...1y.3d.US03L_filterpack_US9034.US03L_IMPROVE_Davis.lev2.nas
51 1001
MISSING INFORMATION
US03L, IMPROVE, , , , , , , 
MISSING INFORMATION
IMPROVE sel_HTAP
1 1
1997 01 01 2019 12 16
0
days from file reference point
4
1 1 1 1
999.99 999.999 999.999 9.999
end_time of measurement, days from the file reference point
pm10_mass, ug/m3, Matrix=pm10
pm25_mass, ug/m3, Matrix=pm25
numflag, no unit
0
33
Data definition:              EBAS_1.1
Set type code:                TI
Timezone:                     UTC
File name:                    US9034R.19970101060000.20191216000000.filterpack...1y.3d.US03L_filterpack_US9034.US03L_IMPROVE_Davis.lev2.nas
File creation:                20191218120732
Startdate:                    19970101060000
Revision date:                20191216000000
Version:                      2
Version description:          "Data extracted from http://views.cira.colostate.edu/fed/DataWizard 2019-12-16"
Statistics:                   arithmetic mean
Data level:                   2
Period code:                  1y
Resolution code:              3d
Sample duration:              1d
Orig. time res.:              3d
Station code:                 US9034R
Platform code:                US9034S
Station name:                 Upper Buffalo Wilderness
Station latitude:             35.8258
Station longitude:            -93.203
Station altitude:             722.0 m
Regime:                       IMG
Component:                    
Unit:                         ug/m3
Matrix:                       
Laboratory code:              US03L
Instrument type:              filterpack
Instrument name:              filterpack_US9034
Method ref:                   US03L_IMPROVE_Davis
Blank correction:             Blank corrected
Volume std. temperature:      ambient
Volume std. pressure:         ambient
starttime endtime PM10 PM2.5 flag
  0.25   1.25  10.078   4.929 0.000
  3.25   4.25  15.969  10.229 0.000
  7.25   8.25   9.055   5.422 0.000
 10.25  11.25  12.153   8.193 0.000
 14.25  15.25   8.165   7.067 0.000
 17.25  18.25   9.653   5.673 0.000
 21.25  22.25   9.826   8.290 0.000
 24.25  25.25   6.720   5.850 0.000
 28.25  29.25   7.804   2.387 0.000
 31.25  32.25  20.946   9.822 0.000
 35.25  36.25  10.753   9.722 0.000
 38.25  39.25   7.817   6.562 0.000
 42.25  43.25  21.390  20.340 0.000
 45.25  46.25  11.036   7.699 0.000
 49.25  50.25  12.643  11.707 0.000
 52.25  53.25   5.793   5.394 0.000
 56.25  57.25 999.999 999.999 0.999
 59.25  60.25  12.275   5.146 0.000
 63.25  64.25  15.263   9.456 0.000
 66.25  67.25  18.909  12.200 0.000
 70.25  71.25  16.571  10.308 0.000
 73.25  74.25   8.838   5.636 0.000
 77.25  78.25  10.434   7.648 0.000
 80.25  81.25   7.198   3.906 0.000
 84.25  85.25   8.939   6.479 0.000
 87.25  88.25  11.978   4.379 0.000
 91.25  92.25  18.772  14.702 0.000
 94.25  95.25   8.524   4.661 0.000
 98.25  99.25  10.756   8.207 0.000
101.25 102.25  14.309   9.473 0.000
105.25 106.25  17.343  13.277 0.000
108.25 109.25  17.677  13.176 0.000
112.25 113.25  14.385  12.277 0.000
115.25 116.25  17.999  16.459 0.000
119.25 120.25  12.611   7.870 0.000
122.25 123.25   5.822   3.350 0.000
126.25 127.25  20.973  12.329 0.000
129.25 130.25   8.096   3.902 0.000
133.25 134.25  10.178   4.245 0.000
136.25 137.25  20.237  10.856 0.000
140.25 141.25  10.676   5.874 0.000
143.25 144.25  12.300  10.216 0.000
147.25 148.25   6.253   4.484 0.000
150.25 151.25   9.247   8.898 0.000
154.25 155.25  18.630  16.679 0.000
157.25 158.25  16.768   9.973 0.000
161.25 162.25  11.708  10.202 0.000
164.25 165.25  13.889  12.291 0.000
168.25 169.25  16.336   6.795 0.000
171.25 172.25  63.703 999.999 0.000
175.25 176.25  72.865  34.099 0.000
178.25 179.25  18.564  12.214 0.000
182.25 183.25  29.439  14.620 0.000
185.25 186.25   5.562   2.547 0.000
189.25 190.25  11.073   6.974 0.000
192.25 193.25  19.457  13.650 0.000
196.25 197.25  22.108  13.979 0.000
199.25 200.25  25.452  18.578 0.000
203.25 204.25  17.092  11.900 0.000
206.25 207.25  23.373  19.349 0.000
210.25 211.25  16.311  11.879 0.000
213.25 214.25  20.090  16.857 0.000
217.25 218.25  17.087   9.279 0.000
220.25 221.25 999.999   7.034 0.000
224.25 225.25  11.563  10.175 0.000
227.25 228.25  16.148  10.236 0.000
231.25 232.25  11.434   8.357 0.000
234.25 235.25  10.174   6.824 0.000
238.25 239.25  27.204  20.230 0.000
241.25 242.25  28.133  21.492 0.000
245.25 246.25  20.639  16.822 0.000
248.25 249.25  18.835  14.610 0.000
252.25 253.25  14.291   8.137 0.000
255.25 256.25 999.999 999.999 0.999
259.25 260.25  14.795  12.037 0.000
262.25 263.25  15.064  13.308 0.000
266.25 267.25   0.987   1.066 0.000
269.25 270.25  13.820   9.065 0.000
273.25 274.25   9.139   4.436 0.000
276.25 277.25  22.485  15.345 0.000
280.25 281.25  19.398  12.932 0.000
283.25 284.25  26.953  15.610 0.000
287.25 288.25   4.327   2.440 0.000
290.25 291.25  10.452   7.320 0.000
294.25 295.25   9.389   4.735 0.000
297.25 298.25   4.618   3.710 0.000
301.25 302.25  12.514   9.429 0.000
304.25 305.25   7.202   4.046 0.000
308.25 309.25  10.238   7.804 0.000
311.25 312.25  14.701  12.774 0.000
315.25 316.25  10.098   2.616 0.000
318.25 319.25  12.162   9.585 0.000
322.25 323.25  17.651  10.479 0.000
325.25 326.25  22.156  18.362 0.000
329.25 330.25  12.190   7.464 0.000
332.25 333.25   4.808   2.856 0.000
336.25 337.25   4.616   3.083 0.000
339.25 340.25   7.721   4.718 0.000
343.25 344.25   9.455   7.796 0.000
346.25 347.25 999.999  16.837 0.000
350.25 351.25   7.759   4.486 0.000
353.25 354.25  25.702  19.704 0.000
357.25 358.25   2.770   1.395 0.000
360.25 361.25   6.279   4.607 0.000
364.25 365.25  13.693   4.813 0.000
