scripts/IMPROVE-2019_partial/data/US9034R.19960103060000.20191216000000.filterpack...1y.3d.US03L_filterpack_US9034.US03L_IMPROVE_Davis.lev2.nas
51 1001
MISSING INFORMATION
US03L, IMPROVE, , , , , , , 
MISSING INFORMATION
IMPROVE sel_HTAP
1 1
1996 01 01 2019 12 16
0
days from file reference point
4
1 1 1 1
999.99 999.999 999.999 9.999
end_time of measurement, days from the file reference point
pm10_mass, ug/m3, Matrix=pm10
pm25_mass, ug/m3, Matrix=pm25
numflag, no unit
0
33
Data definition:              EBAS_1.1
Set type code:                TI
Timezone:                     UTC
File name:                    US9034R.19960103060000.20191216000000.filterpack...1y.3d.US03L_filterpack_US9034.US03L_IMPROVE_Davis.lev2.nas
File creation:                20191218120732
Startdate:                    19960103060000
Revision date:                20191216000000
Version:                      2
Version description:          "Data extracted from http://views.cira.colostate.edu/fed/DataWizard 2019-12-16"
Statistics:                   arithmetic mean
Data level:                   2
Period code:                  1y
Resolution code:              3d
Sample duration:              1d
Orig. time res.:              3d
Station code:                 US9034R
Platform code:                US9034S
Station name:                 Upper Buffalo Wilderness
Station latitude:             35.8258
Station longitude:            -93.203
Station altitude:             722.0 m
Regime:                       IMG
Component:                    
Unit:                         ug/m3
Matrix:                       
Laboratory code:              US03L
Instrument type:              filterpack
Instrument name:              filterpack_US9034
Method ref:                   US03L_IMPROVE_Davis
Blank correction:             Blank corrected
Volume std. temperature:      ambient
Volume std. pressure:         ambient
starttime endtime PM10 PM2.5 flag
  2.25   3.25  10.502   9.420 0.000
  5.25   6.25  15.389   7.752 0.000
  9.25  10.25   7.703   3.519 0.000
 12.25  13.25   5.689   2.727 0.000
 16.25  17.25  13.798   7.680 0.000
 19.25  20.25  22.239   5.835 0.000
 23.25  24.25   6.348   3.264 0.000
 26.25  27.25   6.427   3.264 0.000
 30.25  31.25  10.938   5.282 0.000
 33.25  34.25  11.828   7.970 0.000
 37.25  38.25   9.371   5.957 0.000
 40.25  41.25  21.977  10.257 0.000
 44.25  45.25  20.296   7.936 0.000
 47.25  48.25  18.030   7.200 0.000
 51.25  52.25  25.625  15.743 0.000
 54.25  55.25   8.041   2.158 0.000
 58.25  59.25  11.002   6.080 0.000
 61.25  62.25  19.624   4.043 0.000
 65.25  66.25  13.488   8.924 0.000
 68.25  69.25  12.377   5.051 0.000
 72.25  73.25  24.952  13.827 0.000
 75.25  76.25  22.529  11.793 0.000
 79.25  80.25  13.406   8.307 0.000
 82.25  83.25  18.208 999.999 0.000
 86.25  87.25  12.500   8.049 0.000
 89.25  90.25   8.563   4.776 0.000
 93.25  94.25  16.961  10.589 0.000
 96.25  97.25  12.994   9.113 0.000
100.25 101.25  25.557  13.670 0.000
103.25 104.25  16.231   6.543 0.000
107.25 108.25  14.284   8.521 0.000
110.25 111.25  18.465   5.701 0.000
114.25 115.25  10.982   4.978 0.000
117.25 118.25  19.501   6.207 0.000
121.25 122.25  11.615   5.966 0.000
124.25 125.25  29.845  19.671 0.000
128.25 129.25  17.568  11.093 0.000
131.25 132.25 999.999 999.999 0.999
135.25 136.25  19.805  13.285 0.000
138.25 139.25  15.345  10.054 0.000
142.25 143.25  19.682  13.185 0.000
145.25 146.25  24.137  17.560 0.000
149.25 150.25  12.338   8.066 0.000
152.25 153.25  12.855   9.340 0.000
156.25 157.25  23.895  14.807 0.000
159.25 160.25   8.662   6.577 0.000
163.25 164.25  23.748  17.122 0.000
166.25 167.25  14.145   8.770 0.000
170.25 171.25   5.119   2.946 0.000
173.25 174.25  19.857  14.851 0.000
177.25 178.25  18.318  14.334 0.000
180.25 181.25  36.341  29.796 0.000
184.25 185.25  18.041   9.758 0.000
187.25 188.25  24.306  19.756 0.000
191.25 192.25  13.002   5.888 0.000
194.25 195.25   9.752   7.186 0.000
198.25 199.25  15.205  11.165 0.000
201.25 202.25  20.285  14.128 0.000
205.25 206.25   9.332   6.497 0.000
208.25 209.25  13.129  10.268 0.000
212.25 213.25  13.525   7.603 0.000
215.25 216.25  24.104  17.810 0.000
219.25 220.25  23.733  15.958 0.000
222.25 223.25  20.122  11.104 0.000
226.25 227.25  36.822  24.701 0.000
229.25 230.25  35.045  26.321 0.000
233.25 234.25  28.347  22.400 0.000
236.25 237.25  32.597  26.119 0.000
240.25 241.25  21.171  13.889 0.000
243.25 244.25  48.495  39.434 0.000
247.25 248.25  23.717  21.325 0.000
250.25 251.25  46.489  38.827 0.000
254.25 255.25  23.252  16.861 0.000
257.25 258.25  24.911  10.038 0.000
261.25 262.25  16.958  13.393 0.000
264.25 265.25   9.016   4.743 0.000
268.25 269.25  16.380  12.262 0.000
271.25 272.25   8.479   3.675 0.000
275.25 276.25  16.116  13.135 0.000
278.25 279.25  28.655  21.650 0.000
282.25 283.25  13.664   8.272 0.000
285.25 286.25  20.983  17.685 0.000
289.25 290.25  27.587  20.328 0.000
292.25 293.25  11.678   5.823 0.000
296.25 297.25   7.743   2.406 0.000
299.25 300.25   8.813   6.031 0.000
303.25 304.25  12.117   4.506 0.000
306.25 307.25   5.952   2.377 0.000
310.25 311.25  14.330   9.921 0.000
313.25 314.25  10.287   3.193 0.000
317.25 318.25   5.577   3.675 0.000
320.25 321.25  25.364  19.183 0.000
324.25 325.25   6.337   2.007 0.000
327.25 328.25  20.370  12.455 0.000
331.25 332.25 999.999 999.999 0.999
334.25 335.25  10.242   8.625 0.000
338.25 339.25  12.403   7.037 0.000
341.25 342.25 999.999   1.837 0.000
345.25 346.25  18.416  12.774 0.000
348.25 349.25  13.695  11.022 0.000
352.25 353.25   7.498   4.017 0.000
355.25 356.25  11.340  10.806 0.000
359.25 360.25   6.165   3.810 0.000
362.25 363.25  12.278   9.372 0.000
