scripts/IMPROVE-2019_partial/data/US9018U.20070103050000.20191216000000.filterpack...1y.3d.US03L_filterpack_US9018.US03L_IMPROVE_Davis.lev2.nas
51 1001
MISSING INFORMATION
US03L, IMPROVE, , , , , , , 
MISSING INFORMATION
IMPROVE sel_HTAP
1 1
2007 01 01 2019 12 16
3.000000
days from file reference point
4
1 1 1 1
999.999999 999.999 999.999 9.999
end_time of measurement, days from the file reference point
pm10_mass, ug/m3, Matrix=pm10
pm25_mass, ug/m3, Matrix=pm25
numflag, no unit
0
33
Data definition:              EBAS_1.1
Set type code:                TU
Timezone:                     UTC
File name:                    US9018U.20070103050000.20191216000000.filterpack...1y.3d.US03L_filterpack_US9018.US03L_IMPROVE_Davis.lev2.nas
File creation:                20191218120618
Startdate:                    20070103050000
Revision date:                20191216000000
Version:                      2
Version description:          "Data extracted from http://views.cira.colostate.edu/fed/DataWizard 2019-12-16"
Statistics:                   arithmetic mean
Data level:                   2
Period code:                  1y
Resolution code:              3d
Sample duration:              1d
Orig. time res.:              3d
Station code:                 US9018U
Platform code:                US9018S
Station name:                 New York City
Station latitude:             40.8161
Station longitude:            -73.9019
Station altitude:             45.0 m
Regime:                       IMG
Component:                    
Unit:                         ug/m3
Matrix:                       
Laboratory code:              US03L
Instrument type:              filterpack
Instrument name:              filterpack_US9018
Method ref:                   US03L_IMPROVE_Davis
Blank correction:             Blank corrected
Volume std. temperature:      ambient
Volume std. pressure:         ambient
starttime endtime PM10 PM2.5 flag
  2.208333   3.208333  20.412  12.546 0.000
  5.208333   6.208333   9.843   6.640 0.000
  8.208333   9.208333  12.642   8.277 0.000
 11.208333  12.208333  26.259  16.264 0.000
 14.208333  15.208333  29.747  22.326 0.000
 17.208333  18.208333  27.931  20.213 0.000
 20.208333  21.208333  11.655   7.928 0.000
 23.208333  24.208333  18.741  13.443 0.000
 26.208333  27.208333  28.496  19.170 0.000
 29.208333  30.208333  27.529  17.875 0.000
 32.208333  33.208333  42.625  34.806 0.000
 35.208333  36.208333  16.846   8.223 0.000
 38.208333  39.208333  21.294  11.183 0.000
 41.208333  42.208333  20.034  14.223 0.000
 44.208333  45.208333  14.413   8.900 0.000
 47.208333  48.208333  21.852  14.492 0.000
 50.208333  51.208333  40.320  25.203 0.000
 53.208333  54.208333  12.362   5.365 0.000
 56.208333  57.208333  19.896  16.126 0.000
 59.208333  60.208333  23.962  13.768 0.000
 62.208333  63.208333   7.542   5.475 0.000
 65.208333  66.208333  22.288  14.108 0.000
 68.208333  69.208333  38.319  23.929 0.000
 71.208333  72.208333  43.824  26.490 0.000
 74.208333  75.208333  11.751   7.945 0.000
 77.208333  78.208333  19.397  10.571 0.000
 80.208333  81.208333  45.789  20.168 0.000
 83.208333  84.208333  13.241   8.345 0.000
 86.208333  87.208333  10.317   4.083 0.000
 89.208333  90.208333  11.353   4.697 0.000
 92.208333  93.208333  28.046  20.064 0.000
 95.208333  96.208333   8.918   5.222 0.000
 98.208333  99.208333   9.131   5.549 0.000
101.208333 102.208333  15.231  10.338 0.000
104.208333 105.208333  13.012   9.424 0.000
107.208333 108.208333   8.413   4.619 0.000
110.208333 111.208333  22.184  11.538 0.000
113.208333 114.208333  19.491   9.482 0.000
116.208333 117.208333  20.649  14.460 0.000
119.208333 120.208333  18.242   8.279 0.000
122.208333 123.208333  15.081   5.787 0.000
125.208333 126.208333  12.335   3.725 0.000
128.208333 129.208333  25.572   9.469 0.000
131.208333 132.208333  20.614  11.110 0.000
134.208333 135.208333  38.481  16.450 0.000
137.208333 138.208333  15.860   4.642 0.000
140.208333 141.208333  12.827   5.911 0.000
143.208333 144.208333  39.647  13.713 0.000
146.208333 147.208333  27.959  16.764 0.000
149.208333 150.208333  42.990  14.600 0.000
152.208333 153.208333  35.300  24.646 0.000
155.208333 156.208333  31.227  19.538 0.000
158.208333 159.208333  48.033  31.845 0.000
161.208333 162.208333  17.506   9.936 0.000
164.208333 165.208333  14.152   5.642 0.000
167.208333 168.208333  28.397  20.589 0.000
170.208333 171.208333  23.904  11.628 0.000
173.208333 174.208333   9.338   3.106 0.000
176.208333 177.208333  48.499  34.868 0.000
179.208333 180.208333  26.486   8.344 0.000
182.208333 183.208333   7.316   2.653 0.000
185.208333 186.208333  47.774  22.703 0.000
188.208333 189.208333  34.536  27.978 0.000
191.208333 192.208333  25.534  13.616 0.000
194.208333 195.208333  26.398  18.148 0.000
197.208333 198.208333  33.952  22.743 0.000
200.208333 201.208333  20.253  10.087 0.000
203.208333 204.208333  10.007   5.883 0.000
206.208333 207.208333  20.013  10.941 0.000
209.208333 210.208333  38.955  31.844 0.000
212.208333 213.208333  25.373  16.621 0.000
215.208333 216.208333  29.547  22.399 0.000
218.208333 219.208333  42.648  31.776 0.000
221.208333 222.208333  29.851   3.578 0.000
224.208333 225.208333  19.961  13.171 0.000
227.208333 228.208333  40.551  26.548 0.000
230.208333 231.208333   9.489   5.621 0.000
233.208333 234.208333  11.650   4.358 0.000
236.208333 237.208333  42.228  33.355 0.000
239.208333 240.208333  16.874   9.425 0.000
242.208333 243.208333  23.095  14.118 0.000
245.208333 246.208333  24.557  17.193 0.000
248.208333 249.208333  22.548   7.320 0.000
251.208333 252.208333  17.514   6.619 0.000
254.208333 255.208333   9.517   4.451 0.000
257.208333 258.208333   7.428   4.106 0.000
260.208333 261.208333  14.399   6.055 0.000
263.208333 264.208333  37.748  23.443 0.000
266.208333 267.208333  15.036   5.749 0.000
269.208333 270.208333  36.922  17.136 0.000
272.208333 273.208333  10.748   5.108 0.000
275.208333 276.208333  16.954   7.209 0.000
278.208333 279.208333  31.126  22.168 0.000
281.208333 282.208333  23.363  12.371 0.000
284.208333 285.208333 999.999 999.999 0.999
287.208333 288.208333 999.999 999.999 0.999
290.208333 291.208333  37.069  21.480 0.000
293.208333 294.208333  17.771  10.425 0.000
296.208333 297.208333   8.007   3.757 0.000
299.208333 300.208333   9.835   6.240 0.000
302.208333 303.208333  25.452  13.235 0.000
305.208333 306.208333  12.098   5.575 0.000
308.208333 309.208333  23.938  12.348 0.000
311.208333 312.208333  16.306  10.191 0.000
314.208333 315.208333  11.467   8.690 0.000
317.208333 318.208333  44.551  32.633 0.659
320.208333 321.208333  10.281   6.920 0.000
323.208333 324.208333  18.267  12.543 0.000
326.208333 327.208333   7.059   3.932 0.000
329.208333 330.208333  26.554  21.505 0.659
332.208333 333.208333  20.675  10.784 0.000
335.208333 336.208333  18.516  13.672 0.000
338.208333 339.208333  13.307   9.655 0.000
341.208333 342.208333  33.682  25.631 0.000
344.208333 345.208333  24.641  18.329 0.000
347.208333 348.208333  26.279  19.992 0.000
350.208333 351.208333   8.674   4.058 0.000
353.208333 354.208333  25.642  19.400 0.000
356.208333 357.208333  19.619   7.050 0.000
359.208333 360.208333  19.860  13.635 0.000
362.208333 363.208333  12.901   9.507 0.000
