scripts/IMPROVE-2019_partial/data/US9048R.20000101070000.20191216000000.filterpack..pm25.52w.1w.US03L_filterpack_US9048.US03L_IMPROVE_Davis.lev2.nas
64 1001
MISSING INFORMATION
US03L, IMPROVE, , , , , , , 
MISSING INFORMATION
IMPROVE sel_HTAP
1 1
2000 01 01 2019 12 16
0
days from file reference point
25
1 1 1 1 1 1 1 1 1 1 1 1 1 1 1 1 1 1 1 1 1 1 1 1 1
999.999999 9999.99 9.999 99.99 9.999999 9.999 9.999999 9.99 9.999999 9.999 9.999 99.999 9.999 99.999 9.999 999.999 9.999 99.999 9.999 999.999 9.999 9.999 9.999999 9.999 9.999
end_time of measurement, days from the file reference point
iron, ng/m3, Revision date=20181210133000
numflag iron, no unit, Revision date=20181210133000
lead, ng/m3, Revision date=20181210133000
numflag lead, no unit, Revision date=20181210133000
magnesium, ug/m3, Revision date=20181210133000
numflag magnesium, no unit, Revision date=20181210133000
nickel, ng/m3, Revision date=20181210133000
numflag nickel, no unit, Revision date=20181210133000
nitrate, ug N/m3, Revision date=20181210133000
numflag nitrate, no unit, Revision date=20181210133000
organic_carbon, ug C/m3, Revision date=20181210133000
numflag organic_carbon, no unit, Revision date=20181210133000
organic_mass, ug/m3, Revision date=20181210133000
numflag organic_mass, no unit, Revision date=20181210133000
pm10_mass, ug/m3, Version=2, Version description=Data extracted from http://views.cira.colostate.edu/fed/DataWizard 2019-12-16, Sample duration=1d, Orig. time res.=3d, Matrix=pm10, Blank correction=Blank corrected, Volume std. temperature=ambient, Volume std. pressure=ambient
numflag pm10_mass, no unit, Version=2, Version description=Data extracted from http://views.cira.colostate.edu/fed/DataWizard 2019-12-16, Sample duration=1d, Orig. time res.=3d, Matrix=pm10, Blank correction=Blank corrected, Volume std. temperature=ambient, Volume std. pressure=ambient
pm10_pm25_mass, ug/m3, Revision date=20181210133000, Matrix=pm10_pm25
numflag pm10_pm25_mass, no unit, Revision date=20181210133000, Matrix=pm10_pm25
pm25_mass, ug/m3, Version=2, Version description=Data extracted from http://views.cira.colostate.edu/fed/DataWizard 2019-12-16, Sample duration=1d, Orig. time res.=3d, Blank correction=Blank corrected, Volume std. temperature=ambient, Volume std. pressure=ambient
numflag pm25_mass, no unit, Version=2, Version description=Data extracted from http://views.cira.colostate.edu/fed/DataWizard 2019-12-16, Sample duration=1d, Orig. time res.=3d, Blank correction=Blank corrected, Volume std. temperature=ambient, Volume std. pressure=ambient
potassium, ug/m3, Revision date=20181210133000
numflag potassium, no unit, Revision date=20181210133000
sulphate_total, ug S/m3, Revision date=20181210133000
numflag sulphate_total, no unit, Revision date=20181210133000
0
25
Data definition:              EBAS_1.1
Set type code:                TI
Timezone:                     UTC
File name:                    US9048R.20000101070000.20191216000000.filterpack..pm25.52w.1w.US03L_filterpack_US9048.US03L_IMPROVE_Davis.lev2.nas
File creation:                20191218120841
Startdate:                    20000101070000
Revision date:                20191216000000
Statistics:                   arithmetic mean
Data level:                   2
Period code:                  52w
Resolution code:              1w
Station code:                 US9048R
Platform code:                US9048S
Station name:                 White River NF
Station latitude:             39.1536
Station longitude:            -106.8209
Station altitude:             3413.0 m
Regime:                       IMG
Component:                    
Matrix:                       pm25
Laboratory code:              US03L
Instrument type:              filterpack
Instrument name:              filterpack_US9048
Method ref:                   US03L_IMPROVE_Davis
starttime endtime Fe flag_Fe Pb flag_Pb Mg++ flag_Mg++ Ni flag_Ni NO3- flag_NO3- OC flag_OC OM flag_OM PM10 flag_PM10 PM10-PM2.5 flag_PM10-PM2.5 PM2.5 flag_PM2.5 K+ flag_K+ SO4-- flag_SO4--
  0.291667   1.291667    6.64 0.559  0.25 0.559000 9.999 0.559259 9.99 0.559259 9.999 0.999 99.999 0.999 99.999 0.999 999.999 0.999 99.999 0.999   1.058 0.559 0.025 0.559000 9.999 0.999
  4.291667   5.291667 9999.99 0.999 99.99 0.999000 9.999 0.999000 9.99 0.999000 9.999 0.999 99.999 0.999 99.999 0.999 999.999 0.999 99.999 0.999 999.999 0.999 9.999 0.999000 9.999 0.999
  7.291667   8.291667 9999.99 0.999 99.99 0.999000 9.999 0.999000 9.99 0.999000 9.999 0.999 99.999 0.999 99.999 0.999 999.999 0.999 99.999 0.999 999.999 0.999 9.999 0.999000 9.999 0.999
 11.291667  12.291667 9999.99 0.999 99.99 0.999000 9.999 0.999000 9.99 0.999000 9.999 0.999 99.999 0.999 99.999 0.999 999.999 0.999 99.999 0.999 999.999 0.999 9.999 0.999000 9.999 0.999
 14.291667  15.291667    7.67 0.559  0.16 0.559000 9.999 0.559259 0.39 0.559000 9.999 0.999 99.999 0.999 99.999 0.999 999.999 0.999 99.999 0.999   0.935 0.559 0.012 0.559000 9.999 0.999
 18.291667  19.291667   11.59 0.559  0.40 0.559000 9.999 0.559259 9.99 0.559259 9.999 0.999 99.999 0.999 99.999 0.999 999.999 0.999 99.999 0.999   2.270 0.559 0.021 0.559000 9.999 0.999
 21.291667  22.291667    4.94 0.559 99.99 0.559259 9.999 0.559259 9.99 0.559259 9.999 0.999 99.999 0.999 99.999 0.999 999.999 0.999 99.999 0.999   0.573 0.559 0.007 0.559000 9.999 0.999
 25.291667  26.291667    1.71 0.559 99.99 0.559259 9.999 0.559259 9.99 0.559259 9.999 0.999 99.999 0.999 99.999 0.999 999.999 0.999 99.999 0.999   0.573 0.559 0.006 0.559000 9.999 0.999
 28.291667  29.291667    4.81 0.559  0.54 0.559000 9.999 0.559259 9.99 0.559259 9.999 0.999 99.999 0.999 99.999 0.999 999.999 0.999 99.999 0.999   1.416 0.559 0.005 0.559000 9.999 0.999
 32.291667  33.291667    3.00 0.559 99.99 0.559259 9.999 0.559259 0.08 0.559000 9.999 0.999 99.999 0.999 99.999 0.999 999.999 0.999 99.999 0.999   1.308 0.559 0.004 0.559000 9.999 0.999
 35.291667  36.291667 9999.99 0.999 99.99 0.999000 9.999 0.999000 9.99 0.999000 9.999 0.456  0.260 0.000  0.363 0.000 999.999 0.999 99.999 0.999 999.999 0.999 9.999 0.999000 9.999 0.456
 39.291667  40.291667 9999.99 0.999 99.99 0.999000 9.999 0.999000 9.99 0.999000 9.999 0.456  0.193 0.000  0.270 0.000 999.999 0.999 99.999 0.999 999.999 0.999 9.999 0.999000 9.999 0.456
 42.291667  43.291667 9999.99 0.999 99.99 0.999000 9.999 0.999000 9.99 0.999000 9.999 0.456  0.149 0.000  0.209 0.000 999.999 0.999 99.999 0.999 999.999 0.999 9.999 0.999000 9.999 0.456
 46.291667  47.291667 9999.99 0.999 99.99 0.999000 9.999 0.999000 9.99 0.999000 9.999 0.456  0.228 0.000  0.319 0.000 999.999 0.999 99.999 0.999 999.999 0.999 9.999 0.999000 9.999 0.456
 49.291667  50.291667 9999.99 0.999 99.99 0.999000 9.999 0.999000 9.99 0.999000 9.999 0.456  0.214 0.000  0.299 0.000 999.999 0.999 99.999 0.999 999.999 0.999 9.999 0.999000 9.999 0.456
 53.291667  54.291667 9999.99 0.999 99.99 0.999000 9.999 0.999000 9.99 0.999000 9.999 0.699  0.185 0.000  0.259 0.000 999.999 0.999 99.999 0.999 999.999 0.999 9.999 0.999000 9.999 0.699
 56.291667  57.291667 9999.99 0.999 99.99 0.999000 9.999 0.999000 9.99 0.999000 9.999 0.699  0.312 0.000  0.437 0.000 999.999 0.999 99.999 0.999 999.999 0.999 9.999 0.999000 9.999 0.699
 60.291667  61.291667 9999.99 0.699 99.99 0.699000 9.999 0.699000 9.99 0.699000 9.999 0.699  0.173 0.000  0.242 0.000   4.404 0.000 99.999 0.999 999.999 0.699 9.999 0.699000 9.999 0.699
 63.291667  64.291667 9999.99 0.699 99.99 0.699000 9.999 0.699000 9.99 0.699000 9.999 0.699  0.330 0.000  0.462 0.000   3.006 0.000 99.999 0.999 999.999 0.699 9.999 0.699000 9.999 0.699
 67.291667  68.291667   11.61 0.699 99.99 0.699259 9.999 0.699259 9.99 0.699259 9.999 0.699  0.026 0.000  0.036 0.000   3.664 0.000  1.184 0.000   2.480 0.699 0.016 0.699000 9.999 0.699
 70.291667  71.291667    9.25 0.699  0.82 0.699000 9.999 0.699259 9.99 0.699259 0.021 0.699  0.020 0.000  0.028 0.000   3.579 0.000  1.754 0.000   1.825 0.699 0.016 0.699000 0.121 0.699
 74.291667  75.291667   11.75 0.699  0.56 0.699000 9.999 0.699259 9.99 0.699259 0.014 0.699  0.048 0.000  0.067 0.000   7.472 0.000  6.480 0.000   0.992 0.699 0.012 0.699000 0.070 0.699
 77.291667  78.291667    8.80 0.699  0.38 0.699000 9.999 0.699259 9.99 0.699259 9.999 0.699  0.083 0.000  0.116 0.000   3.366 0.000  1.652 0.000   1.714 0.699 0.008 0.699000 9.999 0.699
 81.291667  82.291667 9999.99 0.999 99.99 0.999000 9.999 0.999000 9.99 0.999000 9.999 0.999 99.999 0.999 99.999 0.999 999.999 0.999 99.999 0.999 999.999 0.999 9.999 0.999000 9.999 0.999
 84.291667  85.291667 9999.99 0.999 99.99 0.999000 9.999 0.999000 9.99 0.999000 9.999 0.999 99.999 0.999 99.999 0.999 999.999 0.999 99.999 0.999 999.999 0.999 9.999 0.999000 9.999 0.999
 88.291667  89.291667 9999.99 0.999 99.99 0.999000 9.999 0.999000 9.99 0.999000 9.999 0.999 99.999 0.999 99.999 0.999 999.999 0.999 99.999 0.999 999.999 0.999 9.999 0.999000 9.999 0.999
 91.291667  92.291667    5.79 0.699  0.27 0.699000 9.999 0.699259 9.99 0.699259 0.008 0.699  0.054 0.000  0.075 0.000   4.175 0.000  2.156 0.000   2.019 0.699 0.005 0.699000 0.156 0.699
 95.291667  96.291667   51.26 0.699  0.69 0.699000 0.025 0.699000 9.99 0.699259 0.041 0.559 99.999 0.999 99.999 0.999 999.999 0.999 99.999 0.999   3.494 0.699 0.035 0.699000 0.137 0.559
 98.291667  99.291667    1.14 0.699  0.44 0.699000 0.011 0.699000 0.07 0.699000 0.000 0.559 99.999 0.999 99.999 0.999 999.999 0.999 99.999 0.999   0.776 0.699 9.999 0.699259 0.003 0.559
102.291667 103.291667 9999.99 0.999 99.99 0.999000 9.999 0.999000 9.99 0.999000 9.999 0.999 99.999 0.999 99.999 0.999 999.999 0.999 99.999 0.999 999.999 0.999 9.999 0.999000 9.999 0.999
105.291667 106.291667 9999.99 0.999 99.99 0.999000 9.999 0.999000 9.99 0.999000 9.999 0.999 99.999 0.999 99.999 0.999 999.999 0.999 99.999 0.999 999.999 0.999 9.999 0.999000 9.999 0.999
109.291667 110.291667 9999.99 0.999 99.99 0.999000 9.999 0.999000 9.99 0.999000 9.999 0.999 99.999 0.999 99.999 0.999 999.999 0.999 99.999 0.999 999.999 0.999 9.999 0.999000 9.999 0.999
112.291667 113.291667 9999.99 0.999 99.99 0.999000 9.999 0.999000 9.99 0.999000 9.999 0.999 99.999 0.999 99.999 0.999 999.999 0.999 99.999 0.999 999.999 0.999 9.999 0.999000 9.999 0.999
116.291667 117.291667 9999.99 0.999 99.99 0.999000 9.999 0.999000 9.99 0.999000 9.999 0.999 99.999 0.999 99.999 0.999 999.999 0.999 99.999 0.999 999.999 0.999 9.999 0.999000 9.999 0.999
119.291667 120.291667 9999.99 0.999 99.99 0.999000 9.999 0.999000 9.99 0.999000 9.999 0.999 99.999 0.999 99.999 0.999 999.999 0.999 99.999 0.999 999.999 0.999 9.999 0.999000 9.999 0.999
123.291667 124.291667  112.22 0.000  1.30 0.000000 9.999 0.259000 9.99 0.259000 0.051 0.559  0.655 0.000  0.918 0.000   7.702 0.000  3.354 0.000   4.348 0.000 0.072 0.000000 0.209 0.559
126.291667 127.291667   71.09 0.000  0.45 0.000000 9.999 0.259000 9.99 0.259000 0.038 0.559  0.360 0.000  0.504 0.000   6.481 0.000  3.858 0.000   2.623 0.000 0.039 0.000000 0.131 0.559
130.291667 131.291667   91.23 0.000  0.63 0.000000 9.999 0.259000 9.99 0.259000 0.036 0.000  1.164 0.000  1.629 0.000  12.855 0.000  9.146 0.000   3.710 0.000 0.061 0.000000 0.125 0.000
133.291667 134.291667   41.41 0.559  1.11 0.559000 9.999 0.559259 9.99 0.559259 0.035 0.000  0.895 0.000  1.252 0.000   4.464 0.000  0.975 0.000   3.489 0.559 0.037 0.559000 0.159 0.000
137.291667 138.291667   87.75 0.559  0.29 0.559000 9.999 0.559259 9.99 0.559259 0.053 0.000  0.828 0.000  1.159 0.000  11.987 0.000  7.624 0.000   4.363 0.559 0.066 0.559000 0.126 0.000
140.291667 141.291667   48.73 0.559  1.09 0.559000 0.033 0.559000 9.99 0.559259 0.064 0.000  0.723 0.000  1.012 0.000   5.291 0.000  1.731 0.000   3.560 0.559 0.039 0.559000 0.269 0.000
144.291667 145.291667   35.81 0.000  0.84 0.000000 0.019 0.000000 9.99 0.259000 0.063 0.000  1.345 0.000  1.884 0.000   9.944 0.000  7.056 0.000   2.888 0.000 0.025 0.000000 0.109 0.000
147.291667 148.291667   22.16 0.559  1.01 0.559000 9.999 0.559259 9.99 0.559259 0.041 0.000  0.852 0.000  1.193 0.000   3.821 0.000  1.469 0.000   2.352 0.559 0.020 0.559000 0.176 0.000
151.291667 152.291667   48.46 0.559  0.47 0.559000 9.999 0.559259 9.99 0.559259 0.040 0.000  1.563 0.000  2.188 0.000   8.177 0.000  3.990 0.000   4.187 0.559 0.049 0.559000 0.134 0.000
154.291667 155.291667   55.59 0.000 99.99 0.259000 9.999 0.259000 9.99 0.259000 0.063 0.559  0.855 0.000  1.197 0.000   7.766 0.000  4.217 0.000   3.549 0.000 0.056 0.000000 0.229 0.559
158.291667 159.291667   57.50 0.559 99.99 0.559259 9.999 0.559259 9.99 0.559259 0.030 0.000  0.999 0.000  1.399 0.000   8.917 0.000  4.455 0.000   4.462 0.559 0.051 0.559000 0.197 0.000
161.291667 162.291667  103.16 0.559 99.99 0.559259 9.999 0.559259 9.99 0.559259 0.053 0.000  0.743 0.000  1.040 0.000  11.834 0.000  7.157 0.000   4.678 0.559 0.088 0.559000 0.175 0.000
165.291667 166.291667   26.42 0.559 99.99 0.559259 9.999 0.559259 9.99 0.559259 0.017 0.000  0.470 0.000  0.659 0.000   5.323 0.000  2.984 0.000   2.339 0.559 0.020 0.559000 0.068 0.000
168.291667 169.291667   94.82 0.559 99.99 0.559259 9.999 0.559259 9.99 0.559259 0.012 0.000  0.479 0.000  0.671 0.000   5.073 0.000  2.953 0.000   2.120 0.559 0.024 0.559000 0.091 0.000
172.291667 173.291667   23.10 0.559 99.99 0.559259 9.999 0.559259 9.99 0.559259 0.122 0.000  0.739 0.000  1.034 0.000   4.109 0.000  1.970 0.000   2.139 0.559 0.015 0.559000 0.086 0.000
175.291667 176.291667   24.64 0.559 99.99 0.559259 9.999 0.559259 9.99 0.559259 0.026 0.000  0.565 0.000  0.791 0.000   4.356 0.000  1.901 0.000   2.455 0.559 0.020 0.559000 0.147 0.000
179.291667 180.291667   29.80 0.559 99.99 0.559259 9.999 0.559259 9.99 0.559259 0.044 0.000  0.841 0.000  1.177 0.000   5.334 0.000  2.145 0.000   3.189 0.559 0.033 0.559000 0.126 0.000
182.291667 183.291667   33.07 0.559 99.99 0.559259 9.999 0.559259 0.71 0.559000 0.046 0.000  0.672 0.000  0.941 0.000   5.281 0.000  2.199 0.000   3.083 0.559 0.023 0.559000 0.191 0.000
186.291667 187.291667   21.04 0.000 99.99 0.259000 9.999 0.259000 9.99 0.259000 0.018 0.559  0.558 0.000  0.781 0.000   5.239 0.000  2.935 0.000   2.304 0.000 0.032 0.000000 0.133 0.559
189.291667 190.291667   18.14 0.000  0.31 0.000000 9.999 0.259000 9.99 0.259000 0.039 0.559  0.656 0.000  0.918 0.000   4.948 0.000  1.954 0.000   2.994 0.000 0.032 0.000000 0.232 0.559
193.291667 194.291667   17.98 0.000 99.99 0.259000 9.999 0.259000 9.99 0.259000 0.015 0.000  0.816 0.000  1.142 0.000   5.167 0.000  2.173 0.000   2.994 0.000 0.014 0.000000 0.174 0.000
196.291667 197.291667   10.94 0.000 99.99 0.259000 9.999 0.259000 9.99 0.259000 0.018 0.000  0.758 0.000  1.061 0.000   4.836 0.000  1.804 0.000   3.033 0.000 0.015 0.000000 0.218 0.000
200.291667 201.291667   19.12 0.000  0.12 0.000000 9.999 0.259000 9.99 0.259000 0.011 0.000  0.500 0.000  0.700 0.000   5.084 0.000  3.261 0.000   1.823 0.000 0.019 0.000000 0.078 0.000
203.291667 204.291667   17.65 0.559 99.99 0.559259 9.999 0.559259 9.99 0.559259 0.025 0.000  1.325 0.000  1.855 0.000   7.441 0.000  4.039 0.000   3.401 0.559 0.051 0.559000 0.102 0.000
207.291667 208.291667   26.42 0.000  0.24 0.000000 9.999 0.259000 9.99 0.259000 0.034 0.559  1.784 0.000  2.497 0.000   8.887 0.000  3.368 0.000   5.519 0.000 0.052 0.000000 0.265 0.559
210.291667 211.291667   35.92 0.000  0.35 0.000000 9.999 0.259000 9.99 0.259000 0.095 0.559  4.601 0.000  6.442 0.000  16.080 0.000  4.484 0.000  11.595 0.000 0.219 0.000000 0.410 0.559
214.291667 215.291667   44.64 0.000 99.99 0.259000 9.999 0.259000 9.99 0.259000 0.039 0.559  4.632 0.000  6.485 0.000  17.341 0.000  6.816 0.000  10.525 0.000 0.124 0.000000 0.355 0.559
217.291667 218.291667   24.07 0.000 99.99 0.259000 9.999 0.259000 9.99 0.259000 0.034 0.559  1.903 0.000  2.664 0.000   9.040 0.000  3.670 0.000   5.370 0.000 0.059 0.000000 0.234 0.559
221.291667 222.291667   36.21 0.000 99.99 0.259000 9.999 0.259000 9.99 0.259000 0.026 0.000  1.604 0.000  2.246 0.000  10.602 0.000  5.117 0.000   5.484 0.000 0.061 0.000000 0.283 0.000
224.291667 225.291667   11.88 0.000  0.22 0.000000 9.999 0.259000 9.99 0.259000 0.009 0.000  0.611 0.000  0.855 0.000   4.602 0.000  1.909 0.000   2.693 0.000 0.016 0.000000 0.194 0.000
228.291667 229.291667   21.74 0.559  0.04 0.559000 9.999 0.559259 9.99 0.559259 0.021 0.559  0.566 0.000  0.793 0.000   3.950 0.000  1.186 0.000   2.765 0.559 0.020 0.559000 0.212 0.559
231.291667 232.291667   20.44 0.559  0.18 0.559000 0.007 0.559000 9.99 0.559259 0.039 0.000  0.406 0.000  0.569 0.000   4.782 0.000  2.149 0.000   2.633 0.559 0.018 0.559000 0.211 0.000
235.291667 236.291667   13.49 0.000  0.19 0.000000 9.999 0.259000 9.99 0.259000 0.013 0.559  0.406 0.000  0.569 0.000   3.826 0.000  1.254 0.000   2.572 0.000 0.017 0.000000 0.202 0.559
238.291667 239.291667    7.81 0.000 99.99 0.259000 9.999 0.259000 9.99 0.259000 0.013 0.559  0.397 0.000  0.556 0.000   3.784 0.000  1.310 0.000   2.474 0.000 0.008 0.000000 0.238 0.559
242.291667 243.291667    7.36 0.000 99.99 0.259000 9.999 0.259000 0.12 0.000000 0.032 0.559  0.214 0.000  0.300 0.000   2.620 0.000  0.828 0.000   1.792 0.000 0.007 0.000000 0.151 0.559
245.291667 246.291667    3.30 0.000 99.99 0.259000 9.999 0.259000 9.99 0.259000 0.007 0.559  0.139 0.000  0.195 0.000   1.954 0.000  1.026 0.000   0.928 0.000 0.005 0.000000 0.144 0.559
249.291667 250.291667   10.31 0.000  0.36 0.000000 9.999 0.259000 9.99 0.259000 0.035 0.559  0.228 0.000  0.319 0.000   3.327 0.000  1.085 0.000   2.242 0.000 0.009 0.000000 0.277 0.559
252.291667 253.291667   11.90 0.000  0.23 0.000000 9.999 0.259000 9.99 0.259000 0.032 0.000  0.228 0.000  0.319 0.000   3.659 0.000  1.461 0.000   2.198 0.000 0.012 0.000000 0.268 0.000
255.291667 256.291667 9999.99 0.999 99.99 0.999000 9.999 0.999000 9.99 0.999000 9.999 0.999 99.999 0.999 99.999 0.999 999.999 0.999 99.999 0.999 999.999 0.999 9.999 0.999000 9.999 0.999
258.291667 259.291667 9999.99 0.999 99.99 0.999000 9.999 0.999000 9.99 0.999000 9.999 0.999 99.999 0.999 99.999 0.999 999.999 0.999 99.999 0.999 999.999 0.999 9.999 0.999000 9.999 0.999
261.291667 262.291667 9999.99 0.999 99.99 0.999000 9.999 0.999000 9.99 0.999000 9.999 0.999 99.999 0.999 99.999 0.999 999.999 0.999 99.999 0.999 999.999 0.999 9.999 0.999000 9.999 0.999
264.291667 265.291667 9999.99 0.999 99.99 0.999000 9.999 0.999000 9.99 0.999000 9.999 0.999 99.999 0.999 99.999 0.999 999.999 0.999 99.999 0.999 999.999 0.999 9.999 0.999000 9.999 0.999
267.291667 268.291667 9999.99 0.999 99.99 0.999000 9.999 0.999000 9.99 0.999000 9.999 0.999 99.999 0.999 99.999 0.999 999.999 0.999 99.999 0.999 999.999 0.999 9.999 0.999000 9.999 0.999
270.291667 271.291667    9.48 0.559  0.29 0.559000 9.999 0.559259 9.99 0.559259 0.011 0.559  0.470 0.000  0.658 0.000   3.241 0.000  1.209 0.000   2.032 0.559 0.013 0.559000 0.214 0.559
273.291667 274.291667   14.86 0.559  0.52 0.559000 9.999 0.559259 9.99 0.559259 0.016 0.559  0.596 0.000  0.834 0.000   5.252 0.000  1.410 0.000   3.842 0.559 0.017 0.559000 0.602 0.559
276.291667 277.291667   17.35 0.559  0.34 0.559000 9.999 0.559259 9.99 0.559259 0.022 0.559  0.325 0.000  0.454 0.000   5.177 0.000  2.280 0.000   2.896 0.559 0.017 0.559000 0.341 0.559
279.291667 280.291667   23.61 0.559  0.59 0.559000 9.999 0.559259 9.99 0.559259 0.018 0.559  0.305 0.000  0.427 0.000   3.956 0.000  1.555 0.000   2.401 0.559 0.029 0.559000 0.235 0.559
282.291667 283.291667   19.62 0.559  0.43 0.559000 9.999 0.559259 9.99 0.559259 0.029 0.559  0.467 0.000  0.653 0.000   5.780 0.000  2.418 0.000   3.361 0.559 0.017 0.559000 0.396 0.559
285.291667 286.291667   12.44 0.559 99.99 0.559259 9.999 0.559259 9.99 0.559259 0.025 0.559  0.241 0.000  0.337 0.000   2.609 0.000  1.243 0.000   1.367 0.559 0.012 0.559000 0.147 0.559
288.291667 289.291667   10.51 0.559 99.99 0.559259 9.999 0.559259 9.99 0.559259 0.019 0.559  0.499 0.000  0.699 0.000   2.904 0.000  1.057 0.000   1.847 0.559 0.013 0.559000 0.160 0.559
291.291667 292.291667   25.38 0.559 99.99 0.559259 0.017 0.559000 9.99 0.559259 0.015 0.000  0.478 0.000  0.670 0.000   5.268 0.000  2.778 0.000   2.490 0.559 0.020 0.559000 0.192 0.000
