scripts/IMPROVE-2019_partial/data/US9033R.20010101060000.20191216000000.filterpack..pm25.52w.1w.US03L_filterpack_US9033.US03L_IMPROVE_Davis.lev2.nas
64 1001
MISSING INFORMATION
US03L, IMPROVE, , , , , , , 
MISSING INFORMATION
IMPROVE sel_HTAP
1 1
2001 01 01 2019 12 16
3.00
days from file reference point
25
1 1 1 1 1 1 1 1 1 1 1 1 1 1 1 1 1 1 1 1 1 1 1 1 1
999.99 9999.99 9.999 99.99 9.999 9.999 9.999999 99.99 9.999999 9.999 9.999 999.999 9.999 999.999 9.999 999.999 9.999 999.999 9.999 999.999 9.999 9.999 9.999 99.999 9.999
end_time of measurement, days from the file reference point
iron, ng/m3, Revision date=20181210133000
numflag iron, no unit, Revision date=20181210133000
lead, ng/m3, Revision date=20181210133000
numflag lead, no unit, Revision date=20181210133000
magnesium, ug/m3, Revision date=20181210133000
numflag magnesium, no unit, Revision date=20181210133000
nickel, ng/m3, Revision date=20181210133000
numflag nickel, no unit, Revision date=20181210133000
nitrate, ug N/m3, Revision date=20181210133000
numflag nitrate, no unit, Revision date=20181210133000
organic_carbon, ug C/m3, Revision date=20181210133000
numflag organic_carbon, no unit, Revision date=20181210133000
organic_mass, ug/m3, Revision date=20181210133000
numflag organic_mass, no unit, Revision date=20181210133000
pm10_mass, ug/m3, Version=2, Version description=Data extracted from http://views.cira.colostate.edu/fed/DataWizard 2019-12-16, Sample duration=1d, Orig. time res.=3d, Matrix=pm10, Blank correction=Blank corrected, Volume std. temperature=ambient, Volume std. pressure=ambient
numflag pm10_mass, no unit, Version=2, Version description=Data extracted from http://views.cira.colostate.edu/fed/DataWizard 2019-12-16, Sample duration=1d, Orig. time res.=3d, Matrix=pm10, Blank correction=Blank corrected, Volume std. temperature=ambient, Volume std. pressure=ambient
pm10_pm25_mass, ug/m3, Revision date=20181210133000, Matrix=pm10_pm25
numflag pm10_pm25_mass, no unit, Revision date=20181210133000, Matrix=pm10_pm25
pm25_mass, ug/m3, Version=2, Version description=Data extracted from http://views.cira.colostate.edu/fed/DataWizard 2019-12-16, Sample duration=1d, Orig. time res.=3d, Blank correction=Blank corrected, Volume std. temperature=ambient, Volume std. pressure=ambient
numflag pm25_mass, no unit, Version=2, Version description=Data extracted from http://views.cira.colostate.edu/fed/DataWizard 2019-12-16, Sample duration=1d, Orig. time res.=3d, Blank correction=Blank corrected, Volume std. temperature=ambient, Volume std. pressure=ambient
potassium, ug/m3, Revision date=20181210133000
numflag potassium, no unit, Revision date=20181210133000
sulphate_total, ug S/m3, Revision date=20181210133000
numflag sulphate_total, no unit, Revision date=20181210133000
0
25
Data definition:              EBAS_1.1
Set type code:                TU
Timezone:                     UTC
File name:                    US9033R.20010101060000.20191216000000.filterpack..pm25.52w.1w.US03L_filterpack_US9033.US03L_IMPROVE_Davis.lev2.nas
File creation:                20191218120726
Startdate:                    20010101060000
Revision date:                20191216000000
Statistics:                   arithmetic mean
Data level:                   2
Period code:                  52w
Resolution code:              1w
Station code:                 US9033R
Platform code:                US9033S
Station name:                 Sipsy Wilderness
Station latitude:             34.3433
Station longitude:            -87.3388
Station altitude:             286.0 m
Regime:                       IMG
Component:                    
Matrix:                       pm25
Laboratory code:              US03L
Instrument type:              filterpack
Instrument name:              filterpack_US9033
Method ref:                   US03L_IMPROVE_Davis
starttime endtime Fe flag_Fe Pb flag_Pb Mg++ flag_Mg++ Ni flag_Ni NO3- flag_NO3- OC flag_OC OM flag_OM PM10 flag_PM10 PM10-PM2.5 flag_PM10-PM2.5 PM2.5 flag_PM2.5 K+ flag_K+ SO4-- flag_SO4--
  0.25   1.25   10.57 0.000  2.77 0.000 9.999 0.259000 99.99 0.259000 0.517 0.000   1.250 0.000   1.750 0.000   9.386 0.000   1.761 0.000   7.624 0.000 0.052 0.000  0.947 0.000
  3.25   4.25   18.19 0.000  2.32 0.000 9.999 0.259000  0.37 0.000000 0.421 0.000   1.828 0.000   2.559 0.000  11.881 0.000   0.993 0.000  10.887 0.000 0.035 0.000  1.418 0.000
  6.25   7.25   15.32 0.000  1.87 0.000 9.999 0.259000  0.39 0.000000 0.411 0.000   4.263 0.000   5.969 0.000  11.560 0.000   1.422 0.000  10.138 0.000 0.139 0.000  0.470 0.000
  9.25  10.25   54.71 0.000  3.97 0.000 9.999 0.259000  0.26 0.000000 0.695 0.000   1.886 0.000   2.641 0.000  13.512 0.000   2.595 0.000  10.917 0.000 0.035 0.000  0.958 0.000
 12.25  13.25   36.97 0.000  3.92 0.000 9.999 0.259000 99.99 0.259000 0.568 0.000   2.570 0.000   3.598 0.000  15.303 0.000   2.146 0.000  13.156 0.000 0.058 0.000  1.837 0.000
 15.25  16.25 9999.99 0.999 99.99 0.999 9.999 0.999000 99.99 0.999000 9.999 0.999 999.999 0.999 999.999 0.999 999.999 0.999 999.999 0.999 999.999 0.999 9.999 0.999 99.999 0.999
 18.25  19.25    6.23 0.000  1.66 0.000 0.019 0.000000 99.99 0.259000 0.302 0.000   0.518 0.000   0.726 0.000   4.948 0.000   0.172 0.000   4.776 0.000 0.026 0.000  0.627 0.000
 21.25  22.25   20.98 0.000  3.96 0.000 9.999 0.259000 99.99 0.259000 0.688 0.000   1.409 0.000   1.973 0.000  10.500 0.000   0.996 0.000   9.505 0.000 0.054 0.000  0.999 0.000
 24.25  25.25   25.92 0.000  3.06 0.000 0.027 0.000000 99.99 0.259000 0.679 0.000   0.944 0.000   1.321 0.000   9.590 0.000   2.558 0.000   7.032 0.000 0.028 0.000  0.593 0.000
 27.25  28.25   27.11 0.000  2.45 0.000 9.999 0.259000 99.99 0.259000 0.542 0.000   1.803 0.000   2.524 0.000  11.491 0.000   1.917 0.000   9.575 0.000 0.039 0.000  1.186 0.000
 30.25  31.25   17.21 0.000  0.75 0.000 9.999 0.259000 99.99 0.259000 0.154 0.000   0.903 0.000   1.265 0.000   6.487 0.000   2.940 0.000   3.547 0.000 0.020 0.000  0.438 0.000
 33.25  34.25   14.31 0.000  2.88 0.000 9.999 0.259000 99.99 0.259000 0.336 0.000   1.390 0.000   1.947 0.000   7.113 0.000   1.972 0.000   5.141 0.000 0.050 0.000  0.365 0.000
 36.25  37.25   13.62 0.000  1.15 0.000 9.999 0.259000 99.99 0.259000 0.122 0.000   2.946 0.000   4.125 0.000 999.999 0.456 999.999 0.999   8.086 0.000 0.057 0.000  0.568 0.000
 39.25  40.25   26.27 0.000  1.01 0.000 9.999 0.259000  0.57 0.000000 0.173 0.000   2.967 0.000   4.154 0.000  15.136 0.000   4.809 0.000  10.328 0.000 0.096 0.000  0.912 0.000
 42.25  43.25   11.57 0.000  1.67 0.000 9.999 0.259000 99.99 0.259000 0.549 0.000   1.832 0.000   2.565 0.000  10.375 0.000   0.492 0.000   9.883 0.000 0.032 0.000  1.129 0.000
 45.25  46.25   12.47 0.000 99.99 0.259 9.999 0.259000  0.37 0.000000 0.159 0.000   0.959 0.000   1.343 0.000  10.665 0.000   4.397 0.000   6.268 0.000 0.042 0.000  1.040 0.000
 48.25  49.25   25.82 0.000  2.57 0.000 9.999 0.259000  0.23 0.000000 0.322 0.000   0.823 0.000   1.152 0.000   6.233 0.000   1.948 0.000   4.285 0.000 0.030 0.000  0.613 0.000
 51.25  52.25 9999.99 0.999 99.99 0.999 9.999 0.999000 99.99 0.999000 9.999 0.999 999.999 0.999 999.999 0.999 999.999 0.999 999.999 0.999 999.999 0.999 9.999 0.999 99.999 0.999
 54.25  55.25   23.25 0.000  2.08 0.000 9.999 0.259000  0.61 0.000000 0.157 0.000   1.990 0.000   2.785 0.000  18.047 0.000   2.823 0.000  15.224 0.000 0.057 0.000  2.588 0.000
 57.25  58.25   29.40 0.000  1.79 0.000 9.999 0.259000  0.42 0.000000 0.232 0.000   1.311 0.000   1.836 0.000   6.848 0.000   1.728 0.000   5.120 0.000 0.034 0.000  0.592 0.000
 60.25  61.25   33.34 0.000  2.33 0.000 9.999 0.259000 99.99 0.259000 0.581 0.000   2.181 0.000   3.053 0.000  14.887 0.000   3.463 0.000  11.424 0.000 0.051 0.000  1.542 0.000
 63.25  64.25   20.08 0.000  2.29 0.000 9.999 0.259000 99.99 0.259000 0.720 0.000   0.918 0.000   1.285 0.000   9.287 0.000   0.876 0.000   8.411 0.000 0.032 0.000  1.081 0.000
 66.25  67.25   26.35 0.000  1.93 0.000 9.999 0.259000 99.99 0.259000 0.241 0.000   2.017 0.000   2.824 0.000  10.542 0.000   3.838 0.000   6.704 0.000 0.053 0.000  0.514 0.000
 69.25  70.25   44.47 0.000  2.19 0.000 9.999 0.259000 99.99 0.259000 0.244 0.559   6.761 0.000   9.465 0.000  19.150 0.000   2.035 0.000  17.115 0.000 0.084 0.000  1.084 0.559
 72.25  73.25   27.83 0.000 99.99 0.259 9.999 0.259000 99.99 0.259000 0.042 0.000   1.478 0.000   2.069 0.000   6.570 0.000   2.200 0.000   4.370 0.000 0.039 0.000  0.325 0.000
 75.25  76.25   11.06 0.000  1.43 0.000 9.999 0.259000  0.28 0.000000 0.077 0.000   0.677 0.000   0.948 0.000  10.710 0.000   1.000 0.000   9.710 0.000 0.018 0.000  1.802 0.000
 78.25  79.25    9.81 0.000  0.67 0.000 0.027 0.000000 99.99 0.259000 0.100 0.000   0.599 0.000   0.839 0.000   4.270 0.000   0.837 0.000   3.433 0.000 0.017 0.000  0.457 0.000
 81.25  82.25 9999.99 0.456 99.99 0.456 9.999 0.456000 99.99 0.456000 0.520 0.000  16.542 0.000  23.158 0.000  39.533 0.000 999.999 0.999 999.999 0.456 9.999 0.456  1.597 0.000
 84.25  85.25   26.06 0.000  1.67 0.000 9.999 0.259000 99.99 0.259000 0.298 0.000   1.007 0.000   1.410 0.000  10.438 0.000   4.305 0.000   6.133 0.000 0.028 0.000  0.809 0.000
 87.25  88.25   28.79 0.000  0.70 0.000 9.999 0.259000  0.34 0.000000 0.432 0.000   2.507 0.000   3.510 0.000  15.855 0.000   3.018 0.000  12.837 0.000 0.041 0.000  1.633 0.000
 90.25  91.25   13.38 0.000  1.27 0.000 0.026 0.000000 99.99 0.259000 0.196 0.000   0.589 0.000   0.824 0.000   6.570 0.000   2.099 0.000   4.471 0.000 0.023 0.000  0.624 0.000
 93.25  94.25   14.84 0.000 99.99 0.259 9.999 0.259000 99.99 0.259000 0.164 0.000   0.899 0.000   1.259 0.000   5.406 0.000   1.210 0.000   4.196 0.000 0.024 0.000  0.550 0.000
 96.25  97.25   26.21 0.000  1.09 0.000 9.999 0.259000  1.07 0.000000 0.080 0.000   2.179 0.000   3.050 0.000  19.304 0.000   3.537 0.000  15.767 0.000 0.074 0.000  2.510 0.000
 99.25 100.25   26.97 0.000  0.60 0.000 9.999 0.259000 99.99 0.259000 0.148 0.000   3.424 0.000   4.794 0.000 999.999 0.456 999.999 0.999  15.171 0.000 0.147 0.000  1.753 0.000
102.25 103.25  125.94 0.000  0.59 0.000 9.999 0.259000 99.99 0.259000 0.120 0.000   1.093 0.000   1.530 0.000  13.310 0.000   6.336 0.000   6.974 0.000 0.095 0.000  0.536 0.000
105.25 106.25 9999.99 0.456 99.99 0.456 9.999 0.456000 99.99 0.456000 0.124 0.000   1.002 0.000   1.403 0.000  13.598 0.000 999.999 0.999 999.999 0.456 9.999 0.456  0.872 0.000
108.25 109.25 9999.99 0.456 99.99 0.456 9.999 0.456000 99.99 0.456000 0.144 0.559   2.348 0.000   3.287 0.000  30.730 0.000 999.999 0.999 999.999 0.456 9.999 0.456  0.742 0.559
111.25 112.25  326.01 0.000  2.32 0.000 9.999 0.259000 99.99 0.259000 0.192 0.000   2.907 0.000   4.070 0.000  29.390 0.000  14.017 0.000  15.373 0.000 0.222 0.000  1.328 0.000
114.25 115.25 9999.99 0.999 99.99 0.999 9.999 0.999000 99.99 0.999000 9.999 0.999 999.999 0.999 999.999 0.999 999.999 0.999 999.999 0.999 999.999 0.999 9.999 0.999 99.999 0.999
117.25 118.25 9999.99 0.999 99.99 0.999 9.999 0.999000 99.99 0.999000 9.999 0.999 999.999 0.999 999.999 0.999 999.999 0.999 999.999 0.999 999.999 0.999 9.999 0.999 99.999 0.999
120.25 121.25 9999.99 0.999 99.99 0.999 9.999 0.999000 99.99 0.999000 9.999 0.999 999.999 0.999 999.999 0.999 999.999 0.999 999.999 0.999 999.999 0.999 9.999 0.999 99.999 0.999
123.25 124.25  189.24 0.000  1.64 0.000 9.999 0.259000 99.99 0.259000 0.158 0.000   2.806 0.000   3.929 0.000  25.504 0.000  12.033 0.000  13.472 0.000 0.100 0.000  1.168 0.000
126.25 127.25  138.90 0.000  1.85 0.000 9.999 0.259000 99.99 0.259000 0.130 0.000   4.144 0.000   5.801 0.000  31.167 0.000  10.035 0.000  21.133 0.000 0.096 0.000  2.521 0.000
129.25 130.25   37.58 0.000  1.13 0.000 9.999 0.259000 99.99 0.259000 0.085 0.000   2.014 0.000   2.820 0.000  13.031 0.000   4.343 0.000   8.688 0.000 0.051 0.000  0.991 0.000
132.25 133.25   86.82 0.000  2.21 0.000 9.999 0.259000 99.99 0.259000 0.093 0.000   1.848 0.000   2.587 0.000  15.482 0.000   6.410 0.000   9.072 0.000 0.045 0.000  0.977 0.000
135.25 136.25 9999.99 0.999 99.99 0.999 9.999 0.999000 99.99 0.999000 9.999 0.999 999.999 0.999 999.999 0.999 999.999 0.999 999.999 0.999 999.999 0.999 9.999 0.999 99.999 0.999
138.25 139.25 9999.99 0.999 99.99 0.999 9.999 0.999000 99.99 0.999000 9.999 0.999 999.999 0.999 999.999 0.999 999.999 0.999 999.999 0.999 999.999 0.999 9.999 0.999 99.999 0.999
141.25 142.25 9999.99 0.999 99.99 0.999 9.999 0.999000 99.99 0.999000 9.999 0.999 999.999 0.999 999.999 0.999 999.999 0.999 999.999 0.999 999.999 0.999 9.999 0.999 99.999 0.999
144.25 145.25 9999.99 0.456 99.99 0.456 9.999 0.456000 99.99 0.456000 9.999 0.456 999.999 0.999 999.999 0.999 999.999 0.456 999.999 0.999 999.999 0.456 9.999 0.456 99.999 0.456
147.25 148.25 9999.99 0.456 99.99 0.456 9.999 0.456000 99.99 0.456000 9.999 0.456 999.999 0.999 999.999 0.999 999.999 0.456 999.999 0.999 999.999 0.456 9.999 0.456 99.999 0.456
150.25 151.25   28.92 0.000  1.21 0.000 9.999 0.259000 99.99 0.259000 0.077 0.000   1.747 0.000   2.445 0.000  10.417 0.000   3.919 0.000   6.497 0.000 0.040 0.000  0.752 0.000
153.25 154.25   19.71 0.000  1.97 0.000 9.999 0.259000  0.12 0.000000 0.180 0.000   2.726 0.000   3.817 0.000  15.997 0.000   4.543 0.000  11.454 0.000 0.055 0.000  1.341 0.000
156.25 157.25  136.26 0.000  1.80 0.000 9.999 0.259000  0.49 0.000000 0.122 0.000   1.774 0.000   2.484 0.000  20.337 0.000   8.714 0.000  11.624 0.000 0.084 0.000  1.335 0.000
159.25 160.25   39.59 0.000  2.62 0.000 9.999 0.259000 99.99 0.259000 0.044 0.000   2.014 0.000   2.819 0.000  25.353 0.000   5.121 0.000  20.232 0.000 0.039 0.000  3.856 0.000
162.25 163.25 9999.99 0.456 99.99 0.456 9.999 0.456000 99.99 0.456000 0.074 0.000   1.930 0.000   2.701 0.000 999.999 0.456 999.999 0.999 999.999 0.456 9.999 0.456  2.882 0.000
165.25 166.25  185.72 0.000  1.14 0.000 9.999 0.259000 99.99 0.259000 0.119 0.000   1.676 0.000   2.346 0.000  19.559 0.000   9.592 0.000   9.968 0.000 0.112 0.000  0.964 0.000
168.25 169.25   36.01 0.000  1.89 0.000 9.999 0.259000 99.99 0.259000 0.054 0.000   3.496 0.000   4.895 0.000  22.682 0.000   6.070 0.000  16.613 0.000 0.042 0.000  1.943 0.000
171.25 172.25   48.67 0.394  1.06 0.394 9.999 0.394259 99.99 0.394259 0.046 0.394   2.508 0.000   3.511 0.000  22.317 0.000   5.082 0.000  17.235 0.000 0.062 0.394  2.595 0.394
174.25 175.25   25.32 0.000  1.79 0.000 9.999 0.259000 99.99 0.259000 0.050 0.000   2.682 0.000   3.754 0.000  20.833 0.000   6.140 0.000  14.694 0.000 0.057 0.000  2.198 0.000
177.25 178.25   26.54 0.000  1.77 0.000 9.999 0.259000  0.12 0.000000 0.131 0.000   3.183 0.000   4.456 0.000  19.552 0.000   5.154 0.000  14.398 0.000 0.190 0.000  1.838 0.000
180.25 181.25  156.45 0.000  0.80 0.000 9.999 0.259000 99.99 0.259000 0.055 0.000   2.126 0.000   2.976 0.000  19.929 0.000   8.106 0.000  11.823 0.000 0.082 0.000  1.289 0.000
183.25 184.25   44.39 0.000  0.71 0.000 9.999 0.259000 99.99 0.259000 0.034 0.000   2.108 0.000   2.951 0.000  11.022 0.000   0.601 0.000  10.421 0.000 0.049 0.000  1.273 0.000
186.25 187.25   23.31 0.000  1.49 0.000 9.999 0.259000 99.99 0.259000 0.029 0.000   2.143 0.000   3.000 0.000  15.368 0.000   4.788 0.000  10.581 0.000 0.060 0.000  1.317 0.000
189.25 190.25   49.60 0.000  0.86 0.000 9.999 0.259000  0.49 0.000000 0.033 0.000   3.418 0.000   4.786 0.000  23.856 0.000   5.338 0.000  18.518 0.000 0.057 0.000  2.167 0.000
192.25 193.25   37.19 0.000  2.22 0.000 9.999 0.259000 99.99 0.259000 0.317 0.000   2.945 0.000   4.122 0.000  25.723 0.000   5.672 0.000  20.052 0.000 0.046 0.000  3.283 0.000
195.25 196.25   29.05 0.000  2.41 0.000 9.999 0.259000 99.99 0.259000 0.058 0.000   3.179 0.000   4.451 0.000  24.860 0.000   5.583 0.000  19.277 0.000 0.044 0.000  3.083 0.000
198.25 199.25   38.68 0.000  1.26 0.000 9.999 0.259000 99.99 0.259000 0.037 0.000   4.227 0.000   5.918 0.000  31.270 0.000   5.738 0.000  25.533 0.000 0.034 0.000  3.851 0.000
201.25 202.25   18.35 0.000  1.57 0.000 9.999 0.259000  0.25 0.000000 0.080 0.000   2.541 0.000   3.558 0.000  20.669 0.000   5.493 0.000  15.176 0.000 0.038 0.000  2.492 0.000
204.25 205.25 9999.99 0.456 99.99 0.456 9.999 0.456000 99.99 0.456000 0.039 0.000   3.402 0.000   4.763 0.000  40.859 0.000 999.999 0.999 999.999 0.456 9.999 0.456  6.639 0.000
207.25 208.25  139.78 0.000  0.39 0.000 9.999 0.259000 99.99 0.259000 0.075 0.000   1.311 0.000   1.835 0.000  14.094 0.000   5.234 0.000   8.860 0.000 0.074 0.000  0.962 0.000
210.25 211.25 9999.99 0.456 99.99 0.456 9.999 0.456000 99.99 0.456000 0.064 0.000   1.631 0.000   2.284 0.000  15.574 0.000 999.999 0.999 999.999 0.456 9.999 0.456  1.347 0.000
213.25 214.25   27.79 0.000  1.41 0.000 9.999 0.259000 99.99 0.259000 0.067 0.000   2.369 0.000   3.317 0.000  26.833 0.000   4.807 0.000  22.026 0.000 0.030 0.000  3.675 0.000
216.25 217.25   80.20 0.000  2.24 0.000 9.999 0.259000  0.24 0.000000 0.052 0.000   2.322 0.000   3.251 0.000  28.189 0.000   9.181 0.000  19.007 0.000 0.056 0.000  2.968 0.000
219.25 220.25   38.41 0.000  0.50 0.000 9.999 0.259000  0.41 0.000000 0.042 0.000   2.135 0.000   2.989 0.000  17.464 0.000   5.095 0.000  12.369 0.000 0.048 0.000  1.726 0.000
222.25 223.25   46.31 0.000  0.73 0.000 9.999 0.259000  0.17 0.000000 0.055 0.000   2.068 0.000   2.896 0.000  15.163 0.000   6.817 0.000   8.345 0.000 0.050 0.000  0.885 0.000
225.25 226.25   35.06 0.394  2.64 0.394 9.999 0.394259 99.99 0.394259 0.071 0.394   2.546 0.000   3.564 0.000 999.999 0.456 999.999 0.999  19.447 0.000 0.044 0.394  3.000 0.394
228.25 229.25   33.59 0.000  1.90 0.000 0.111 0.000000  1.32 0.000000 0.041 0.000   3.787 0.000   5.301 0.000  67.022 0.000  48.290 0.000  18.733 0.000 0.048 0.000  2.271 0.000
231.25 232.25   26.37 0.000  1.93 0.000 9.999 0.259000  0.18 0.000000 0.026 0.000   1.576 0.000   2.207 0.000  11.029 0.000   2.101 0.000   8.929 0.000 0.026 0.000  1.103 0.000
234.25 235.25   50.38 0.000  1.71 0.000 9.999 0.259000  0.23 0.000000 0.154 0.000   4.559 0.000   6.383 0.000  30.392 0.000   6.072 0.000  24.320 0.000 0.070 0.000  3.177 0.000
237.25 238.25   31.61 0.000  1.38 0.000 9.999 0.259000  0.47 0.000000 0.131 0.000   3.131 0.000   4.383 0.000  26.756 0.000   4.019 0.000  22.738 0.000 0.066 0.000  3.446 0.000
240.25 241.25   16.51 0.000  0.57 0.000 9.999 0.259000 99.99 0.259000 0.042 0.000   1.940 0.000   2.717 0.000  13.603 0.000   5.779 0.000   7.824 0.000 0.046 0.000  0.645 0.000
243.25 244.25   10.47 0.559  0.79 0.559 9.999 0.559259 99.99 0.559259 0.041 0.000   1.186 0.000   1.660 0.000  11.547 0.000   5.764 0.000   5.782 0.559 0.055 0.559  0.750 0.000
246.25 247.25   14.26 0.559  0.57 0.559 9.999 0.559259 99.99 0.559259 0.059 0.000   1.352 0.000   1.893 0.000  13.830 0.000   3.821 0.000  10.009 0.559 0.022 0.559  1.681 0.000
249.25 250.25   37.86 0.559  3.01 0.559 9.999 0.559259  0.17 0.559000 0.063 0.000   2.445 0.000   3.423 0.000  18.954 0.000   4.494 0.000  14.460 0.559 0.048 0.559  2.129 0.000
252.25 253.25   18.86 0.559  1.48 0.559 9.999 0.559259 99.99 0.559259 0.093 0.000   1.335 0.000   1.869 0.000  15.196 0.000   7.056 0.000   8.140 0.559 0.039 0.559  1.037 0.000
255.25 256.25   32.70 0.000  2.31 0.000 9.999 0.259000 99.99 0.259000 0.101 0.000   3.437 0.000   4.811 0.000  32.026 0.000   6.724 0.000  25.302 0.000 0.034 0.000  3.737 0.000
258.25 259.25   26.13 0.000  3.00 0.000 9.999 0.259000 99.99 0.259000 0.064 0.000   3.038 0.000   4.253 0.000  25.148 0.000   5.842 0.000  19.306 0.000 0.044 0.000  3.044 0.000
261.25 262.25   16.27 0.000  1.19 0.000 9.999 0.259000  0.24 0.000000 0.031 0.000   1.824 0.000   2.553 0.000  17.565 0.000   3.532 0.000  14.033 0.000 0.044 0.000  2.346 0.000
264.25 265.25   27.14 0.000  2.15 0.000 9.999 0.259000 99.99 0.259000 0.032 0.559   3.242 0.000   4.539 0.000  19.853 0.000   6.829 0.000  13.024 0.000 0.089 0.000  1.525 0.559
267.25 268.25   22.60 0.000  1.33 0.000 9.999 0.259000 99.99 0.259000 0.047 0.000   0.548 0.000   0.768 0.000   6.561 0.000   3.448 0.000   3.112 0.000 0.021 0.000  0.386 0.000
