scripts/IMPROVE-2019_partial/data/US9055R.20120101070000.20191216000000.filterpack...52w.3d.US03L_filterpack_US9055.US03L_IMPROVE_Davis.lev2.nas
52 1001
MISSING INFORMATION
US03L, IMPROVE, , , , , , , 
MISSING INFORMATION
IMPROVE sel_HTAP
1 1
2012 01 01 2019 12 16
3.000000
days from file reference point
5
1 1 1 1 1
999.999999 999.999 9.999 999.999 9.999
end_time of measurement, days from the file reference point
pm10_mass, ug/m3, Matrix=pm10
numflag pm10_mass, no unit, Matrix=pm10
pm25_mass, ug/m3, Matrix=pm25
numflag pm25_mass, no unit, Matrix=pm25
0
33
Data definition:              EBAS_1.1
Set type code:                TU
Timezone:                     UTC
File name:                    US9055R.20120101070000.20191216000000.filterpack...52w.3d.US03L_filterpack_US9055.US03L_IMPROVE_Davis.lev2.nas
File creation:                20191218120914
Startdate:                    20120101070000
Revision date:                20191216000000
Version:                      2
Version description:          "Data extracted from http://views.cira.colostate.edu/fed/DataWizard 2019-12-16"
Statistics:                   arithmetic mean
Data level:                   2
Period code:                  52w
Resolution code:              3d
Sample duration:              1d
Orig. time res.:              3d
Station code:                 US9055R
Platform code:                US9055S
Station name:                 Sawtooth NF
Station latitude:             44.1705
Station longitude:            -114.9271
Station altitude:             1990.0 m
Regime:                       IMG
Component:                    
Unit:                         ug/m3
Matrix:                       
Laboratory code:              US03L
Instrument type:              filterpack
Instrument name:              filterpack_US9055
Method ref:                   US03L_IMPROVE_Davis
Blank correction:             Blank corrected
Volume std. temperature:      ambient
Volume std. pressure:         ambient
starttime endtime PM10 flag_PM10 PM2.5 flag_PM2.5
  0.291667   1.291667   1.925 0.000   1.830 0.000
  3.291667   4.291667 999.999 0.999 999.999 0.999
  6.291667   7.291667 999.999 0.999 999.999 0.999
  9.291667  10.291667 999.999 0.999 999.999 0.999
 12.291667  13.291667   1.250 0.000   0.936 0.000
 15.291667  16.291667   0.669 0.000   0.536 0.000
 18.291667  19.291667   0.293 0.000   0.125 0.000
 21.291667  22.291667   2.377 0.000   0.437 0.000
 24.291667  25.291667   2.207 0.000   0.834 0.000
 27.291667  28.291667   2.304 0.000   1.429 0.000
 30.291667  31.291667   1.044 0.000   0.626 0.000
 33.291667  34.291667   1.085 0.000   0.466 0.000
 36.291667  37.291667   2.293 0.000   2.151 0.000
 39.291667  40.291667   1.261 0.000   1.353 0.000
 42.291667  43.291667   1.250 0.000   1.250 0.000
 45.291667  46.291667   1.420 0.000   0.941 0.000
 48.291667  49.291667   2.840 0.000   1.090 0.000
 51.291667  52.291667   0.964 0.000   0.190 0.000
 54.291667  55.291667   0.708 0.000   2.000 0.000
 57.291667  58.291667   1.372 0.000   3.191 0.000
 60.291667  61.291667   3.996 0.000   0.410 0.000
 63.291667  64.291667   5.351 0.000   0.921 0.000
 66.291667  67.291667   2.666 0.000   0.903 0.000
 69.291667  70.291667   4.074 0.000   2.730 0.000
 72.291667  73.291667   5.288 0.000   2.785 0.000
 75.291667  76.291667   0.691 0.000   0.334 0.000
 78.291667  79.291667   0.849 0.000   0.520 0.000
 81.291667  82.291667   2.039 0.000   1.237 0.000
 84.291667  85.291667   5.330 0.000   3.457 0.000
 87.291667  88.291667 999.999 0.999 999.999 0.999
 90.291667  91.291667   5.208 0.000   2.354 0.000
 93.291667  94.291667   1.824 0.000   1.082 0.000
 96.291667  97.291667   1.578 0.000   0.623 0.000
 99.291667 100.291667  11.014 0.000   7.452 0.000
102.291667 103.291667   2.079 0.000   1.545 0.000
105.291667 106.291667   3.364 0.000   1.915 0.000
108.291667 109.291667   1.159 0.000   0.834 0.000
111.291667 112.291667   6.171 0.000   4.202 0.000
114.291667 115.291667   2.483 0.000   1.807 0.000
117.291667 118.291667   1.621 0.000   1.075 0.000
120.291667 121.291667   3.649 0.000   2.250 0.000
123.291667 124.291667   4.801 0.000   3.630 0.000
126.291667 127.291667   5.691 0.000   3.183 0.000
129.291667 130.291667   7.166 0.000   4.596 0.000
132.291667 133.291667   4.312 0.000   2.748 0.000
135.291667 136.291667  11.778 0.000   5.875 0.000
138.291667 139.291667 999.999 0.456 999.999 0.456
141.291667 142.291667 999.999 0.456 999.999 0.456
144.291667 145.291667 999.999 0.999 999.999 0.999
147.291667 148.291667 999.999 0.456   1.024 0.000
150.291667 151.291667   4.219 0.000   3.014 0.000
153.291667 154.291667   3.618 0.000   2.168 0.000
156.291667 157.291667   1.165 0.000   0.805 0.000
159.291667 160.291667   2.443 0.000   1.444 0.000
162.291667 163.291667   2.609 0.000   1.812 0.000
165.291667 166.291667   2.403 0.000   1.793 0.000
168.291667 169.291667   4.474 0.000   2.245 0.000
171.291667 172.291667 999.999 0.999 999.999 0.999
174.291667 175.291667  13.066 0.000   3.647 0.000
177.291667 178.291667   4.837 0.000   1.714 0.000
180.291667 181.291667   5.995 0.000   2.491 0.000
183.291667 184.291667   5.451 0.000   2.390 0.000
186.291667 187.291667   9.613 0.000   4.551 0.000
189.291667 190.291667   7.659 0.000   4.022 0.000
192.291667 193.291667  15.009 0.000  11.412 0.000
195.291667 196.291667   7.941 0.000   6.110 0.000
198.291667 199.291667   6.270 0.000   3.485 0.000
201.291667 202.291667  10.005 0.000   3.319 0.000
204.291667 205.291667  12.372 0.000   8.303 0.000
207.291667 208.291667  10.331 0.000   4.166 0.000
210.291667 211.291667   8.212 0.000   4.470 0.000
213.291667 214.291667  10.252 0.000   6.310 0.000
216.291667 217.291667  32.415 0.000  27.121 0.000
219.291667 220.291667  22.725 0.000  18.278 0.000
222.291667 223.291667  52.120 0.000  42.217 0.000
225.291667 226.291667  28.611 0.000  22.517 0.000
228.291667 229.291667  10.133 0.000   5.648 0.000
231.291667 232.291667  92.206 0.000  82.037 0.659
234.291667 235.291667  31.358 0.000  26.587 0.000
237.291667 238.291667  46.237 0.000  39.744 0.000
240.291667 241.291667  32.520 0.000  24.893 0.000
243.291667 244.291667  35.653 0.000  28.775 0.000
246.291667 247.291667  13.631 0.000   9.806 0.000
249.291667 250.291667  11.802 0.000   6.647 0.000
252.291667 253.291667  32.576 0.000  19.241 0.000
255.291667 256.291667  23.290 0.000  19.251 0.000
258.291667 259.291667  11.730 0.000   5.307 0.000
261.291667 262.291667  29.235 0.000  26.022 0.000
264.291667 265.291667  64.117 0.000  57.564 0.000
267.291667 268.291667  15.668 0.000  13.689 0.000
270.291667 271.291667  14.150 0.000  11.908 0.000
273.291667 274.291667   6.535 0.000   4.607 0.000
276.291667 277.291667 999.999 0.999 999.999 0.999
279.291667 280.291667  20.401 0.000  18.466 0.000
282.291667 283.291667  11.166 0.000   9.214 0.000
285.291667 286.291667   5.915 0.000   2.899 0.000
288.291667 289.291667   2.311 0.000   0.972 0.000
291.291667 292.291667 999.999 0.999 999.999 0.999
294.291667 295.291667   2.319 0.000   1.540 0.000
297.291667 298.291667   0.672 0.000   0.557 0.000
300.291667 301.291667   1.171 0.000   1.076 0.000
303.291667 304.291667 999.999 0.456 999.999 0.456
306.291667 307.291667 999.999 0.456   0.642 0.000
309.291667 310.291667 999.999 0.456   1.176 0.000
312.291667 313.291667 999.999 0.456   2.264 0.000
315.291667 316.291667 999.999 0.456   2.707 0.000
318.291667 319.291667   1.216 0.000   0.956 0.000
321.291667 322.291667   0.790 0.000   0.861 0.000
324.291667 325.291667   1.054 0.000   0.532 0.000
327.291667 328.291667   0.628 0.000   0.490 0.000
330.291667 331.291667   0.838 0.000   0.708 0.000
333.291667 334.291667   1.163 0.000   0.740 0.000
336.291667 337.291667   0.497 0.000   0.251 0.000
339.291667 340.291667   0.166 0.000   0.093 0.000
342.291667 343.291667   0.627 0.000   0.311 0.000
345.291667 346.291667   1.232 0.000   0.603 0.000
348.291667 349.291667   2.715 0.000   2.486 0.000
351.291667 352.291667   0.957 0.000   0.220 0.000
354.291667 355.291667   1.463 0.000   0.617 0.000
357.291667 358.291667   0.874 0.000   0.313 0.000
360.291667 361.291667 999.999 0.999 999.999 0.999
363.291667 364.291667 999.999 0.999 999.999 0.999
