scripts/IMPROVE-2019_partial/data/US9026R.20050101080000.20191216000000.filterpack..pm25.52w.1w.US03L_filterpack_US9026.US03L_IMPROVE_Davis.lev2.nas
66 1001
MISSING INFORMATION
US03L, IMPROVE, , , , , , , 
MISSING INFORMATION
IMPROVE sel_HTAP
1 1
2005 01 01 2019 12 16
3.000000
days from file reference point
27
1 1 1 1 1 1 1 1 1 1 1 1 1 1 1 1 1 1 1 1 1 1 1 1 1 1 1
999.999999 999.99 9.999 99.99 9.999 9.999 9.999999 99.99 9.999 9.999 9.999 99.999 9.999 99.999 9.999 99.99 9.999999 999.999 9.999 99.999 9.999 99.999 9.999 9.999 9.999 9.999 9.999
end_time of measurement, days from the file reference point
iron, ng/m3, Revision date=20181210133000
numflag iron, no unit, Revision date=20181210133000
lead, ng/m3, Revision date=20181210133000
numflag lead, no unit, Revision date=20181210133000
magnesium, ug/m3, Revision date=20181210133000
numflag magnesium, no unit, Revision date=20181210133000
nickel, ng/m3, Revision date=20181210133000
numflag nickel, no unit, Revision date=20181210133000
nitrate, ug N/m3, Revision date=20181210133000
numflag nitrate, no unit, Revision date=20181210133000
organic_carbon, ug C/m3, Revision date=20181210133000
numflag organic_carbon, no unit, Revision date=20181210133000
organic_mass, ug/m3, Revision date=20181210133000
numflag organic_mass, no unit, Revision date=20181210133000
phosphorus, ng/m3, Revision date=20181210133000
numflag phosphorus, no unit, Revision date=20181210133000
pm10_mass, ug/m3, Version=2, Version description=Data extracted from http://views.cira.colostate.edu/fed/DataWizard 2019-12-16, Sample duration=1d, Orig. time res.=3d, Matrix=pm10, Blank correction=Blank corrected, Volume std. temperature=ambient, Volume std. pressure=ambient
numflag pm10_mass, no unit, Version=2, Version description=Data extracted from http://views.cira.colostate.edu/fed/DataWizard 2019-12-16, Sample duration=1d, Orig. time res.=3d, Matrix=pm10, Blank correction=Blank corrected, Volume std. temperature=ambient, Volume std. pressure=ambient
pm10_pm25_mass, ug/m3, Revision date=20181210133000, Matrix=pm10_pm25
numflag pm10_pm25_mass, no unit, Revision date=20181210133000, Matrix=pm10_pm25
pm25_mass, ug/m3, Version=2, Version description=Data extracted from http://views.cira.colostate.edu/fed/DataWizard 2019-12-16, Sample duration=1d, Orig. time res.=3d, Blank correction=Blank corrected, Volume std. temperature=ambient, Volume std. pressure=ambient
numflag pm25_mass, no unit, Version=2, Version description=Data extracted from http://views.cira.colostate.edu/fed/DataWizard 2019-12-16, Sample duration=1d, Orig. time res.=3d, Blank correction=Blank corrected, Volume std. temperature=ambient, Volume std. pressure=ambient
potassium, ug/m3, Revision date=20181210133000
numflag potassium, no unit, Revision date=20181210133000
sulphate_total, ug S/m3, Revision date=20181210133000
numflag sulphate_total, no unit, Revision date=20181210133000
0
25
Data definition:              EBAS_1.1
Set type code:                TU
Timezone:                     UTC
File name:                    US9026R.20050101080000.20191216000000.filterpack..pm25.52w.1w.US03L_filterpack_US9026.US03L_IMPROVE_Davis.lev2.nas
File creation:                20191218120656
Startdate:                    20050101080000
Revision date:                20191216000000
Statistics:                   arithmetic mean
Data level:                   2
Period code:                  52w
Resolution code:              1w
Station code:                 US9026R
Platform code:                US9026S
Station name:                 Pasayten
Station latitude:             48.3877
Station longitude:            -119.9275
Station altitude:             1627.0 m
Regime:                       IMG
Component:                    
Matrix:                       pm25
Laboratory code:              US03L
Instrument type:              filterpack
Instrument name:              filterpack_US9026
Method ref:                   US03L_IMPROVE_Davis
starttime endtime Fe flag_Fe Pb flag_Pb Mg++ flag_Mg++ Ni flag_Ni NO3- flag_NO3- OC flag_OC OM flag_OM P flag_P PM10 flag_PM10 PM10-PM2.5 flag_PM10-PM2.5 PM2.5 flag_PM2.5 K+ flag_K+ SO4-- flag_SO4--
[from data line 84]
252.333333 253.333333   7.74 0.000  0.33 0.000 9.999 0.259000 99.99 0.259 0.006 0.000  0.197 0.000  0.354 0.000 99.99 0.259000   1.758 0.000  1.038 0.000  0.705 0.000 0.007 0.000 0.029 0.000
255.333333 256.333333  29.01 0.000  0.68 0.000 9.999 0.259000  0.49 0.000 0.012 0.000  0.849 0.000  1.528 0.000 99.99 0.259000   2.658 0.000  0.042 0.000  2.601 0.000 0.017 0.000 0.121 0.000
258.333333 259.333333  21.72 0.000  0.71 0.000 9.999 0.259000  0.28 0.000 0.016 0.000  0.359 0.000  0.646 0.000 99.99 0.259000   3.187 0.000  0.932 0.000  2.232 0.000 0.014 0.000 0.171 0.000
261.333333 262.333333  22.97 0.000  0.77 0.000 9.999 0.259000  0.41 0.000 0.009 0.000  0.135 0.000  0.243 0.000 99.99 0.259000   2.294 0.000  0.702 0.000  1.575 0.000 0.013 0.000 0.147 0.000
264.333333 265.333333  20.55 0.000  0.43 0.000 9.999 0.259000  0.31 0.000 0.018 0.000  0.151 0.000  0.271 0.000 99.99 0.259000   1.591 0.000  0.220 0.000  1.360 0.000 0.010 0.000 0.073 0.000
267.333333 268.333333  44.94 0.000  0.51 0.000 9.999 0.259000  0.69 0.000 0.007 0.000  0.219 0.000  0.394 0.000 99.99 0.259000   3.092 0.000  1.120 0.000  1.948 0.000 0.018 0.000 0.053 0.000
270.333333 271.333333  40.02 0.000  0.50 0.000 9.999 0.259000  0.36 0.000 0.009 0.000  0.960 0.000  1.728 0.000 99.99 0.259000   6.215 0.000  3.423 0.000  2.791 0.000 0.025 0.000 0.103 0.000
273.333333 274.333333  31.53 0.000  0.25 0.000 0.011 0.000000  0.86 0.000 0.017 0.000  0.795 0.000  1.431 0.000 99.99 0.259000   2.223 0.000 99.999 0.259  2.518 0.000 0.024 0.000 0.076 0.000
276.333333 277.333333   1.23 0.000  0.15 0.000 0.008 0.000000 99.99 0.259 0.023 0.000  0.462 0.000  0.832 0.000 99.99 0.259000   1.035 0.000  0.311 0.000  0.724 0.000 0.003 0.000 0.023 0.000
279.333333 280.333333   6.84 0.394  0.35 0.394 9.999 0.394259  0.35 0.394 0.008 0.394  0.196 0.000  0.352 0.000 99.99 0.394259   1.170 0.000  0.013 0.000  1.157 0.000 0.009 0.394 0.046 0.394
282.333333 283.333333  32.65 0.000  0.55 0.000 9.999 0.259000  0.94 0.000 0.271 0.000  1.049 0.000  1.889 0.000 99.99 0.259000   4.220 0.000  0.557 0.000  3.636 0.000 0.024 0.000 0.165 0.000
285.333333 286.333333  25.36 0.000  0.26 0.000 9.999 0.259000  0.93 0.000 0.008 0.000  0.206 0.000  0.370 0.000 99.99 0.259000   1.008 0.000 99.999 0.259  1.333 0.000 0.013 0.000 0.056 0.000
288.333333 289.333333  13.56 0.000  0.23 0.000 9.999 0.259000  0.55 0.000 0.002 0.000  0.194 0.000  0.349 0.000 99.99 0.259000   1.177 0.000  0.408 0.000  0.760 0.000 0.007 0.000 0.032 0.000
291.333333 292.333333   7.81 0.000  0.47 0.000 9.999 0.259000  0.30 0.000 0.023 0.000  1.257 0.000  2.262 0.000 99.99 0.259000   2.829 0.000  0.159 0.000  2.669 0.000 0.014 0.000 0.036 0.000
294.333333 295.333333  18.78 0.000  0.92 0.000 9.999 0.259000  0.55 0.000 0.094 0.000  1.476 0.000  2.658 0.000 99.99 0.259000   4.856 0.000  0.830 0.000  4.025 0.000 0.025 0.000 0.108 0.000
297.333333 298.333333  29.16 0.000  0.85 0.000 9.999 0.259000  0.60 0.000 0.142 0.000  3.654 0.000  6.578 0.000 99.99 0.259000  10.248 0.000  1.353 0.000  8.910 0.000 0.039 0.000 0.131 0.000
300.333333 301.333333   7.63 0.000  0.28 0.000 9.999 0.259000  0.56 0.000 0.064 0.000  1.249 0.000  2.248 0.000 99.99 0.259000   3.016 0.000  0.008 0.000  3.007 0.000 0.025 0.000 0.039 0.000
303.333333 304.333333   3.43 0.000  0.17 0.000 9.999 0.259000  0.37 0.000 0.011 0.000  0.020 0.000  0.036 0.000 99.99 0.259000   0.664 0.000  0.150 0.000  0.514 0.000 0.005 0.000 0.022 0.000
306.333333 307.333333   1.11 0.000  0.30 0.000 9.999 0.259000  0.16 0.000 0.016 0.000  0.157 0.000  0.282 0.000 99.99 0.259000   0.814 0.000 99.999 0.259  0.887 0.000 0.008 0.000 0.011 0.000
309.333333 310.333333   4.86 0.000  0.20 0.000 9.999 0.259000  0.40 0.000 0.001 0.000 99.999 0.259 99.999 0.259 99.99 0.259000   0.503 0.000  0.077 0.000  0.426 0.000 0.004 0.000 0.041 0.000
312.333333 313.333333   7.55 0.000  0.68 0.000 0.007 0.000000  0.31 0.000 0.232 0.000  1.140 0.000  2.053 0.000 99.99 0.259000   3.523 0.000  0.372 0.000  3.151 0.000 0.026 0.000 0.109 0.000
315.333333 316.333333   1.53 0.000  0.26 0.000 9.999 0.259000  0.20 0.000 0.010 0.000  0.038 0.000  0.068 0.000 99.99 0.259000   0.588 0.000  0.079 0.000  0.510 0.000 0.005 0.000 0.026 0.000
318.333333 319.333333   2.96 0.000  0.42 0.000 9.999 0.259000  0.25 0.000 0.006 0.000  0.281 0.000  0.506 0.000 99.99 0.259000   0.964 0.000  0.045 0.000  0.920 0.000 0.008 0.000 0.063 0.000
321.333333 322.333333  10.98 0.000  0.65 0.000 9.999 0.259000  0.38 0.000 0.007 0.000  0.126 0.000  0.228 0.000 99.99 0.259000   1.162 0.000  0.360 0.000  0.802 0.000 0.011 0.000 0.101 0.000
324.333333 325.333333   9.91 0.000  0.47 0.000 9.999 0.259000  0.35 0.000 0.006 0.000  0.478 0.000  0.861 0.000 99.99 0.259000   1.536 0.000  0.231 0.000  1.305 0.000 0.010 0.000 0.069 0.000
327.333333 328.333333   6.13 0.000  0.29 0.000 9.999 0.259000  0.32 0.000 0.009 0.000  0.339 0.000  0.610 0.000 99.99 0.259000   0.756 0.000  0.155 0.000  0.601 0.000 0.005 0.000 0.028 0.000
330.333333 331.333333   3.36 0.000  0.32 0.000 9.999 0.259000  0.51 0.000 0.015 0.000  0.070 0.000  0.125 0.000 99.99 0.259000   0.630 0.000  0.093 0.000  0.537 0.000 0.004 0.000 0.059 0.000
333.333333 334.333333   4.76 0.000  0.25 0.000 9.999 0.259000  0.40 0.000 0.010 0.000  0.309 0.000  0.557 0.000 99.99 0.259000   1.044 0.000  0.132 0.000  0.912 0.000 0.009 0.000 0.059 0.000
336.333333 337.333333   5.56 0.000  0.33 0.000 9.999 0.259000  0.22 0.000 0.006 0.000  0.129 0.000  0.231 0.000 99.99 0.259000   1.169 0.000  0.105 0.000  1.064 0.000 0.007 0.000 0.130 0.000
339.333333 340.333333   2.69 0.000  0.17 0.000 9.999 0.259000 99.99 0.259 0.011 0.000  0.355 0.000  0.639 0.000 99.99 0.259000   1.136 0.000  0.156 0.000  0.980 0.000 0.011 0.000 0.037 0.000
342.333333 343.333333   7.76 0.000  0.53 0.000 9.999 0.259000  0.25 0.000 0.015 0.000  0.186 0.000  0.335 0.000 99.99 0.259000   1.368 0.000  0.221 0.000  1.147 0.000 0.010 0.000 0.100 0.000
345.333333 346.333333   6.56 0.000  0.45 0.000 9.999 0.259000  0.27 0.000 0.093 0.000  0.516 0.000  0.930 0.000 99.99 0.259000   1.907 0.000  0.337 0.000  1.570 0.000 0.012 0.000 0.091 0.000
348.333333 349.333333   4.83 0.000  0.31 0.000 9.999 0.259000  0.23 0.000 0.008 0.000  0.298 0.000  0.536 0.000 99.99 0.259000   0.919 0.000 99.999 0.259  1.216 0.000 0.007 0.000 0.071 0.000
351.333333 352.333333   4.19 0.000  0.19 0.000 9.999 0.259000  0.23 0.000 0.005 0.000  0.134 0.000  0.242 0.000 99.99 0.259000   1.127 0.000  0.002 0.000  1.125 0.000 0.006 0.000 0.135 0.000
354.333333 355.333333   3.26 0.000 99.99 0.259 9.999 0.259000  0.41 0.000 0.002 0.000  0.064 0.000  0.116 0.000  2.62 0.000000   0.167 0.000 99.999 0.259  0.274 0.000 0.002 0.000 0.006 0.000
357.333333 358.333333   1.31 0.000  0.25 0.000 9.999 0.259000  0.21 0.000 0.003 0.000  0.133 0.000  0.240 0.000 99.99 0.259000   0.544 0.000  0.239 0.000  0.305 0.000 0.003 0.000 0.030 0.000
360.333333 361.333333   1.22 0.000  0.37 0.000 0.003 0.000000  0.14 0.000 0.006 0.000  0.074 0.000  0.133 0.000 99.99 0.259000   0.720 0.000  0.257 0.000  0.463 0.000 0.003 0.000 0.015 0.000
363.333333 364.333333   6.70 0.456  0.10 0.456 9.999 0.456259  0.26 0.456 0.000 0.000  0.030 0.000  0.055 0.000 99.99 0.456259   0.084 0.000 99.999 0.456 99.999 0.456 0.003 0.456 9.999 0.259
