scripts/IMPROVE-2019_partial/data/US9032R.20010913090000.20191216000000.filterpack..pm25.4mo.1w.US03L_filterpack_US9032.US03L_IMPROVE_Davis.lev2.nas
64 1001
MISSING INFORMATION
US03L, IMPROVE, , , , , , , 
MISSING INFORMATION
IMPROVE sel_HTAP
1 1
2001 01 01 2019 12 16
3.000
days from file reference point
25
1 1 1 1 1 1 1 1 1 1 1 1 1 1 1 1 1 1 1 1 1 1 1 1 1
999.999 999.99 9.999 9.99 9.999 9.999 9.999 99.99 9.999 9.999 9.999 99.999 9.999 99.999 9.999 999.999 9.999 999.999 9.999 99.999 9.999 9.999 9.999 9.999 9.999
end_time of measurement, days from the file reference point
iron, ng/m3, Revision date=20181210133000
numflag iron, no unit, Revision date=20181210133000
lead, ng/m3, Revision date=20181210133000
numflag lead, no unit, Revision date=20181210133000
magnesium, ug/m3, Revision date=20181210133000
numflag magnesium, no unit, Revision date=20181210133000
nickel, ng/m3, Revision date=20181210133000
numflag nickel, no unit, Revision date=20181210133000
nitrate, ug N/m3, Revision date=20181210133000
numflag nitrate, no unit, Revision date=20181210133000
organic_carbon, ug C/m3, Revision date=20181210133000
numflag organic_carbon, no unit, Revision date=20181210133000
organic_mass, ug/m3, Revision date=20181210133000
numflag organic_mass, no unit, Revision date=20181210133000
pm10_mass, ug/m3, Version=2, Version description=Data extracted from http://views.cira.colostate.edu/fed/DataWizard 2019-12-16, Sample duration=1d, Orig. time res.=3d, Matrix=pm10, Blank correction=Blank corrected, Volume std. temperature=ambient, Volume std. pressure=ambient
numflag pm10_mass, no unit, Version=2, Version description=Data extracted from http://views.cira.colostate.edu/fed/DataWizard 2019-12-16, Sample duration=1d, Orig. time res.=3d, Matrix=pm10, Blank correction=Blank corrected, Volume std. temperature=ambient, Volume std. pressure=ambient
pm10_pm25_mass, ug/m3, Revision date=20181210133000, Matrix=pm10_pm25
numflag pm10_pm25_mass, no unit, Revision date=20181210133000, Matrix=pm10_pm25
pm25_mass, ug/m3, Version=2, Version description=Data extracted from http://views.cira.colostate.edu/fed/DataWizard 2019-12-16, Sample duration=1d, Orig. time res.=3d, Blank correction=Blank corrected, Volume std. temperature=ambient, Volume std. pressure=ambient
numflag pm25_mass, no unit, Version=2, Version description=Data extracted from http://views.cira.colostate.edu/fed/DataWizard 2019-12-16, Sample duration=1d, Orig. time res.=3d, Blank correction=Blank corrected, Volume std. temperature=ambient, Volume std. pressure=ambient
potassium, ug/m3, Revision date=20181210133000
numflag potassium, no unit, Revision date=20181210133000
sulphate_total, ug S/m3, Revision date=20181210133000
numflag sulphate_total, no unit, Revision date=20181210133000
0
25
Data definition:              EBAS_1.1
Set type code:                TU
Timezone:                     UTC
File name:                    US9032R.20010913090000.20191216000000.filterpack..pm25.4mo.1w.US03L_filterpack_US9032.US03L_IMPROVE_Davis.lev2.nas
File creation:                20191218120720
Startdate:                    20010913090000
Revision date:                20191216000000
Statistics:                   arithmetic mean
Data level:                   2
Period code:                  4mo
Resolution code:              1w
Station code:                 US9032R
Platform code:                US9032S
Station name:                 Trapper Creek
Station latitude:             62.3153
Station longitude:            -150.3156
Station altitude:             155.0 m
Regime:                       IMG
Component:                    
Matrix:                       pm25
Laboratory code:              US03L
Instrument type:              filterpack
Instrument name:              filterpack_US9032
Method ref:                   US03L_IMPROVE_Davis
starttime endtime Fe flag_Fe Pb flag_Pb Mg++ flag_Mg++ Ni flag_Ni NO3- flag_NO3- OC flag_OC OM flag_OM PM10 flag_PM10 PM10-PM2.5 flag_PM10-PM2.5 PM2.5 flag_PM2.5 K+ flag_K+ SO4-- flag_SO4--
255.375 256.375   4.20 0.000 0.22 0.000 9.999 0.259  5.77 0.000 0.005 0.000  0.736 0.000  1.031 0.000   2.696 0.000   1.718 0.000  0.979 0.000 0.009 0.000 0.031 0.000
258.375 259.375  13.28 0.000 0.45 0.000 9.999 0.259  1.21 0.000 0.014 0.000  1.088 0.000  1.523 0.000   5.459 0.000   3.510 0.000  1.949 0.000 0.017 0.000 0.081 0.000
261.375 262.375   3.48 0.000 0.73 0.000 9.999 0.259 99.99 0.259 0.016 0.000  1.501 0.000  2.101 0.000   6.387 0.000   2.721 0.000  3.666 0.000 0.017 0.000 0.130 0.000
264.375 265.375   2.87 0.000 0.34 0.000 9.999 0.259 99.99 0.259 0.005 0.000  0.613 0.000  0.858 0.000   2.451 0.000   1.350 0.000  1.101 0.000 0.012 0.000 0.052 0.000
267.375 268.375   6.60 0.000 0.35 0.000 9.999 0.259 99.99 0.259 0.008 0.559  0.611 0.000  0.856 0.000   2.822 0.000   1.178 0.000  1.645 0.000 0.014 0.000 0.023 0.559
270.375 271.375   6.92 0.000 9.99 0.259 9.999 0.259 99.99 0.259 0.006 0.000  0.632 0.000  0.885 0.000   2.971 0.000   1.855 0.000  1.116 0.000 0.007 0.000 0.035 0.000
273.375 274.375   1.95 0.000 0.24 0.000 0.004 0.000 99.99 0.259 0.007 0.000  0.369 0.000  0.516 0.000   1.232 0.000   0.560 0.000  0.672 0.000 0.007 0.000 0.030 0.000
276.375 277.375   6.17 0.000 0.17 0.000 9.999 0.259  0.28 0.000 0.320 0.000  0.622 0.000  0.871 0.000   3.045 0.000   1.379 0.000  1.667 0.000 0.013 0.000 0.062 0.000
279.375 280.375   5.43 0.000 0.12 0.000 9.999 0.259  0.28 0.000 0.011 0.000  0.539 0.000  0.755 0.000   2.748 0.000   1.687 0.000  1.061 0.000 0.012 0.000 0.042 0.000
282.375 283.375   2.41 0.000 0.20 0.000 9.999 0.259 99.99 0.259 0.009 0.000  0.309 0.000  0.432 0.000   1.374 0.000   0.714 0.000  0.660 0.000 0.006 0.000 0.020 0.000
285.375 286.375   4.13 0.000 0.28 0.000 0.008 0.000 99.99 0.259 0.008 0.000  0.164 0.000  0.230 0.000   1.802 0.000   0.810 0.000  0.992 0.000 9.999 0.259 0.045 0.000
288.375 289.375  11.80 0.000 0.26 0.000 9.999 0.259 99.99 0.259 0.005 0.000  0.177 0.000  0.247 0.000   3.224 0.000   1.982 0.000  1.242 0.000 0.010 0.000 0.085 0.000
291.375 292.375  47.44 0.000 0.23 0.000 9.999 0.259  0.22 0.000 0.005 0.000  0.045 0.000  0.063 0.000  16.441 0.000  15.342 0.000  1.100 0.000 0.017 0.000 0.053 0.000
294.375 295.375   5.13 0.000 9.99 0.259 9.999 0.259  0.23 0.000 0.025 0.000  0.275 0.000  0.385 0.000   1.952 0.000   0.784 0.000  1.168 0.000 0.010 0.000 0.074 0.000
297.375 298.375  12.85 0.000 9.99 0.259 9.999 0.259  0.17 0.000 0.007 0.000  0.092 0.000  0.129 0.000   2.717 0.000   1.627 0.000  1.090 0.000 0.010 0.000 0.056 0.000
300.375 301.375  24.07 0.000 0.29 0.000 9.999 0.259  0.08 0.000 0.009 0.000  0.383 0.000  0.536 0.000   5.743 0.000   4.255 0.000  1.488 0.000 0.016 0.000 0.045 0.000
303.375 304.375  11.87 0.000 0.12 0.000 9.999 0.259 99.99 0.259 0.008 0.000  0.031 0.000  0.043 0.000   4.542 0.000   3.528 0.000  1.014 0.000 0.009 0.000 0.043 0.000
306.375 307.375  16.15 0.000 9.99 0.259 0.010 0.000 99.99 0.259 0.003 0.000 99.999 0.259 99.999 0.259   3.862 0.000   3.242 0.000  0.620 0.000 0.006 0.000 0.033 0.000
309.375 310.375   7.80 0.000 0.13 0.000 9.999 0.259 99.99 0.259 0.023 0.000 99.999 0.259 99.999 0.259   1.689 0.000   1.050 0.000  0.640 0.000 0.007 0.000 0.036 0.000
312.375 313.375 999.99 0.456 9.99 0.456 9.999 0.456 99.99 0.456 9.999 0.456 99.999 0.999 99.999 0.999 999.999 0.456 999.999 0.999 99.999 0.456 9.999 0.456 9.999 0.456
315.375 316.375 999.99 0.456 9.99 0.456 9.999 0.456 99.99 0.456 9.999 0.456 99.999 0.999 99.999 0.999 999.999 0.456 999.999 0.999 99.999 0.456 9.999 0.456 9.999 0.456
318.375 319.375  29.61 0.000 9.99 0.259 9.999 0.259 99.99 0.259 0.008 0.000  0.409 0.000  0.572 0.000   6.341 0.000   4.683 0.000  1.658 0.000 0.019 0.000 0.033 0.000
321.375 322.375   6.94 0.000 9.99 0.259 9.999 0.259  0.13 0.000 0.003 0.000 99.999 0.259 99.999 0.259   0.672 0.000   0.267 0.000  0.405 0.000 0.005 0.000 0.022 0.000
324.375 325.375  11.72 0.000 9.99 0.259 9.999 0.259  0.35 0.000 0.004 0.000 99.999 0.259 99.999 0.259   1.680 0.000   1.010 0.000  0.670 0.000 0.007 0.000 0.052 0.000
327.375 328.375   1.68 0.000 0.16 0.000 9.999 0.259 99.99 0.259 0.003 0.000  0.010 0.000  0.014 0.000   0.635 0.000   0.234 0.000  0.401 0.000 9.999 0.259 0.021 0.000
330.375 331.375   3.55 0.000 9.99 0.259 9.999 0.259 99.99 0.259 0.002 0.559 99.999 0.259 99.999 0.259   1.080 0.000   0.710 0.000  0.369 0.000 0.003 0.000 0.023 0.559
333.375 334.375  14.58 0.000 0.22 0.000 9.999 0.259  0.05 0.000 0.008 0.000  0.225 0.000  0.315 0.000   4.491 0.000   2.511 0.000  1.980 0.000 0.014 0.000 0.220 0.000
336.375 337.375  17.82 0.000 9.99 0.259 9.999 0.259 99.99 0.259 0.009 0.559  0.420 0.000  0.588 0.000   2.595 0.000   1.089 0.000  1.506 0.000 0.012 0.000 0.109 0.559
339.375 340.375  36.71 0.000 0.34 0.000 9.999 0.259 99.99 0.259 0.011 0.559  0.387 0.000  0.542 0.000   6.413 0.000   4.531 0.000  1.883 0.000 0.018 0.000 0.104 0.559
342.375 343.375   6.58 0.000 9.99 0.259 9.999 0.259 99.99 0.259 0.014 0.559  0.083 0.000  0.116 0.000   2.175 0.000   1.379 0.000  0.795 0.000 0.005 0.000 0.047 0.559
345.375 346.375   4.74 0.000 0.20 0.000 9.999 0.259 99.99 0.259 0.008 0.000  0.369 0.000  0.517 0.000   1.351 0.000   0.364 0.000  0.988 0.000 0.005 0.000 0.022 0.000
348.375 349.375  12.76 0.000 0.23 0.000 9.999 0.259 99.99 0.259 0.013 0.559 99.999 0.999 99.999 0.999   2.709 0.000   1.704 0.000  1.005 0.000 0.008 0.000 0.064 0.559
351.375 352.375   4.63 0.000 0.19 0.000 9.999 0.259 99.99 0.259 0.015 0.559  0.094 0.000  0.131 0.000   1.654 0.000   0.809 0.000  0.845 0.000 0.004 0.000 0.040 0.559
354.375 355.375   2.85 0.000 9.99 0.259 9.999 0.259 99.99 0.259 0.008 0.000  0.013 0.000  0.018 0.000   0.859 0.000   0.360 0.000  0.498 0.000 0.003 0.000 0.015 0.000
357.375 358.375   3.16 0.000 0.34 0.000 9.999 0.259 99.99 0.259 0.026 0.000  0.189 0.000  0.265 0.000   1.632 0.000   0.384 0.000  1.248 0.000 0.008 0.000 0.075 0.000
360.375 361.375   2.42 0.000 0.19 0.000 9.999 0.259 99.99 0.259 0.001 0.000  0.378 0.000  0.529 0.000   0.933 0.000   0.214 0.000  0.720 0.000 0.005 0.000 0.016 0.000
363.375 364.375   8.25 0.000 0.30 0.000 9.999 0.259  0.18 0.000 0.002 0.000  0.207 0.000  0.290 0.000   0.523 0.000   0.149 0.000  0.374 0.000 0.007 0.000 0.009 0.000
