scripts/IMPROVE-2019_partial/data/US9031R.20020102090000.20191216000000.filterpack..pm25.52w.1w.US03L_filterpack_US9031.US03L_IMPROVE_Davis.lev2.nas
66 1001
MISSING INFORMATION
US03L, IMPROVE, , , , , , , 
MISSING INFORMATION
IMPROVE sel_HTAP
1 1
2002 01 01 2019 12 16
3.000
days from file reference point
27
1 1 1 1 1 1 1 1 1 1 1 1 1 1 1 1 1 1 1 1 1 1 1 1 1 1 1
999.999 999.99 9.999999 99.99 9.999999 9.999 9.999999999 9.99 9.999999999 9.999 9.999 999.999 9.999 999.999 9.999 999.99 9.999999999 999.999 9.999 99.999 9.999 99.999 9.999 9.999 9.999999 9.999 9.999
end_time of measurement, days from the file reference point
iron, ng/m3, Revision date=20181210133000
numflag iron, no unit, Revision date=20181210133000
lead, ng/m3, Revision date=20181210133000
numflag lead, no unit, Revision date=20181210133000
magnesium, ug/m3, Revision date=20181210133000
numflag magnesium, no unit, Revision date=20181210133000
nickel, ng/m3, Revision date=20181210133000
numflag nickel, no unit, Revision date=20181210133000
nitrate, ug N/m3, Revision date=20181210133000
numflag nitrate, no unit, Revision date=20181210133000
organic_carbon, ug C/m3, Revision date=20181210133000
numflag organic_carbon, no unit, Revision date=20181210133000
organic_mass, ug/m3, Revision date=20181210133000
numflag organic_mass, no unit, Revision date=20181210133000
phosphorus, ng/m3, Revision date=20181210133000
numflag phosphorus, no unit, Revision date=20181210133000
pm10_mass, ug/m3, Version=2, Version description=Data extracted from http://views.cira.colostate.edu/fed/DataWizard 2019-12-16, Sample duration=1d, Orig. time res.=3d, Matrix=pm10, Blank correction=Blank corrected, Volume std. temperature=ambient, Volume std. pressure=ambient
numflag pm10_mass, no unit, Version=2, Version description=Data extracted from http://views.cira.colostate.edu/fed/DataWizard 2019-12-16, Sample duration=1d, Orig. time res.=3d, Matrix=pm10, Blank correction=Blank corrected, Volume std. temperature=ambient, Volume std. pressure=ambient
pm10_pm25_mass, ug/m3, Revision date=20181210133000, Matrix=pm10_pm25
numflag pm10_pm25_mass, no unit, Revision date=20181210133000, Matrix=pm10_pm25
pm25_mass, ug/m3, Version=2, Version description=Data extracted from http://views.cira.colostate.edu/fed/DataWizard 2019-12-16, Sample duration=1d, Orig. time res.=3d, Blank correction=Blank corrected, Volume std. temperature=ambient, Volume std. pressure=ambient
numflag pm25_mass, no unit, Version=2, Version description=Data extracted from http://views.cira.colostate.edu/fed/DataWizard 2019-12-16, Sample duration=1d, Orig. time res.=3d, Blank correction=Blank corrected, Volume std. temperature=ambient, Volume std. pressure=ambient
potassium, ug/m3, Revision date=20181210133000
numflag potassium, no unit, Revision date=20181210133000
sulphate_total, ug S/m3, Revision date=20181210133000
numflag sulphate_total, no unit, Revision date=20181210133000
0
25
Data definition:              EBAS_1.1
Set type code:                TU
Timezone:                     UTC
File name:                    US9031R.20020102090000.20191216000000.filterpack..pm25.52w.1w.US03L_filterpack_US9031.US03L_IMPROVE_Davis.lev2.nas
File creation:                20191218120716
Startdate:                    20020102090000
Revision date:                20191216000000
Statistics:                   arithmetic mean
Data level:                   2
Period code:                  52w
Resolution code:              1w
Station code:                 US9031R
Platform code:                US9031S
Station name:                 Tuxedni
Station latitude:             59.9925
Station longitude:            -152.6656
Station altitude:             15.0 m
Regime:                       IMG
Component:                    
Matrix:                       pm25
Laboratory code:              US03L
Instrument type:              filterpack
Instrument name:              filterpack_US9031
Method ref:                   US03L_IMPROVE_Davis
starttime endtime Fe flag_Fe Pb flag_Pb Mg++ flag_Mg++ Ni flag_Ni NO3- flag_NO3- OC flag_OC OM flag_OM P flag_P PM10 flag_PM10 PM10-PM2.5 flag_PM10-PM2.5 PM2.5 flag_PM2.5 K+ flag_K+ SO4-- flag_SO4--
[from data line 77]
232.375 233.375   1.06 0.000000  1.11 0.000000 9.999 0.259000000 9.99 0.259000000 0.020 0.000   0.500 0.000   0.700 0.000 999.99 0.259000000   4.960 0.000  2.036 0.000  2.924 0.000 0.020 0.000000 0.139 0.000
235.375 236.375   1.42 0.000000  0.27 0.000000 9.999 0.259000000 9.99 0.259000000 0.029 0.000   0.373 0.000   0.522 0.000  11.24 0.000000000   4.630 0.000  2.724 0.000  1.905 0.000 0.017 0.000000 0.146 0.000
238.375 239.375   2.33 0.000000  0.80 0.000000 9.999 0.259000000 9.99 0.259000000 0.056 0.000   0.515 0.000   0.721 0.000 999.99 0.259000000   5.339 0.000  2.817 0.000  2.522 0.000 0.012 0.000000 0.152 0.000
241.375 242.375   0.91 0.000000  0.27 0.000000 9.999 0.259000000 9.99 0.259000000 0.008 0.000   0.193 0.000   0.270 0.000 999.99 0.259000000   2.205 0.000  1.466 0.000  0.739 0.000 0.005 0.000000 0.054 0.000
244.375 245.375   1.15 0.000000  0.92 0.000000 9.999 0.259000000 9.99 0.259000000 0.012 0.559   0.905 0.000   1.267 0.000 999.99 0.259000000   4.987 0.000  2.589 0.000  2.398 0.000 0.015 0.000000 0.074 0.559
247.375 248.375   0.71 0.000000  0.36 0.000000 9.999 0.259000000 9.99 0.259000000 0.009 0.000   0.518 0.000   0.725 0.000 999.99 0.259000000   2.609 0.000  1.421 0.000  1.188 0.000 0.009 0.000000 0.051 0.000
250.375 251.375   4.13 0.000000  1.60 0.000000 9.999 0.259000000 9.99 0.259000000 0.022 0.000   0.496 0.000   0.694 0.000   2.12 0.000000000   4.580 0.000  3.192 0.000  1.389 0.000 0.012 0.000000 0.092 0.000
253.375 254.375   1.26 0.000000  0.48 0.000000 0.020 0.000000000 9.99 0.259000000 0.011 0.000   0.419 0.000   0.587 0.000   1.36 0.000000000   4.568 0.000  2.839 0.000  1.728 0.000 0.012 0.000000 0.079 0.000
256.375 257.375   1.56 0.000000  0.28 0.000000 9.999 0.259000000 9.99 0.259000000 9.999 0.259   0.209 0.000   0.292 0.000   1.45 0.000000000   1.921 0.000  1.163 0.000  0.758 0.000 0.007 0.000000 0.026 0.000
259.375 260.375   1.12 0.000000  0.91 0.000000 0.038 0.000000000 9.99 0.259000000 9.999 0.259   0.280 0.000   0.392 0.000 999.99 0.259000000   2.623 0.000  1.652 0.000  0.970 0.000 0.007 0.000000 0.042 0.000
262.375 263.375   1.18 0.000000  0.49 0.000000 9.999 0.259000000 9.99 0.259000000 9.999 0.259   0.276 0.000   0.386 0.000 999.99 0.259000000   2.253 0.000  1.509 0.000  0.744 0.000 0.006 0.000000 0.024 0.000
265.375 266.375   2.23 0.000000  0.32 0.000000 0.016 0.000000000 9.99 0.259000000 0.011 0.000   0.414 0.000   0.580 0.000   2.28 0.000000000   3.509 0.000  1.986 0.000  1.523 0.000 0.010 0.000000 0.051 0.000
268.375 269.375   1.10 0.000000  0.41 0.000000 0.098 0.000000000 9.99 0.259000000 0.001 0.000   0.313 0.000   0.438 0.000 999.99 0.259000000  12.090 0.000  6.769 0.000  5.321 0.000 0.041 0.000000 0.176 0.000
271.375 272.375   2.26 0.000000  0.21 0.000000 0.102 0.000000000 9.99 0.259000000 0.014 0.000   1.274 0.000   1.783 0.000  52.68 0.000000000   5.937 0.000  2.340 0.000  3.597 0.000 0.048 0.000000 0.181 0.000
274.375 275.375   1.61 0.000000  0.26 0.000000 0.007 0.000000000 9.99 0.259000000 0.009 0.000   0.460 0.000   0.644 0.000 999.99 0.259000000   3.508 0.000  2.012 0.000  1.497 0.000 0.013 0.000000 0.058 0.000
277.375 278.375   1.07 0.000000 99.99 0.259000 9.999 0.259000000 9.99 0.259000000 9.999 0.259   0.164 0.000   0.229 0.000   3.93 0.000000000   1.591 0.000  0.891 0.000  0.701 0.000 0.005 0.000000 0.047 0.000
280.375 281.375   0.87 0.000000  0.17 0.000000 9.999 0.259000000 9.99 0.259000000 9.999 0.259   0.125 0.000   0.174 0.000   2.28 0.000000000   1.555 0.000  0.977 0.000  0.579 0.000 0.007 0.000000 0.017 0.000
283.375 284.375   1.35 0.000000  0.25 0.000000 9.999 0.259000000 9.99 0.259000000 9.999 0.259   0.018 0.000   0.025 0.000 999.99 0.259000000   0.832 0.000  0.654 0.000  0.178 0.000 0.006 0.000000 0.004 0.000
286.375 287.375   2.00 0.000000  0.11 0.000000 0.070 0.000000000 9.99 0.259000000 0.038 0.000   0.332 0.000   0.465 0.000 999.99 0.259000000  14.685 0.000  8.997 0.000  5.688 0.000 0.046 0.000000 0.168 0.000
289.375 290.375   2.69 0.000000  0.21 0.000000 9.999 0.259000000 9.99 0.259000000 0.017 0.000  14.790 0.000  20.706 0.000   2.77 0.000000000   2.080 0.000  1.130 0.000  0.950 0.000 0.007 0.000000 0.052 0.000
292.375 293.375   1.62 0.000000  0.20 0.000000 0.025 0.000000000 9.99 0.259000000 0.023 0.000   0.432 0.000   0.605 0.000  18.86 0.000000000   4.802 0.000  2.547 0.000  2.256 0.000 0.020 0.000000 0.081 0.000
295.375 296.375   1.95 0.000000 99.99 0.259000 9.999 0.259000000 9.99 0.259000000 9.999 0.259   0.240 0.000   0.335 0.000 999.99 0.259000000   3.066 0.000  1.665 0.000  1.401 0.000 0.012 0.000000 0.024 0.000
298.375 299.375   8.88 0.000000  0.19 0.000000 9.999 0.259000000 9.99 0.259000000 0.013 0.000   0.076 0.000   0.107 0.000 999.99 0.259000000   7.129 0.000  4.449 0.000  2.680 0.000 0.031 0.000000 0.117 0.000
301.375 302.375   1.91 0.000000  0.11 0.000000 9.999 0.259000000 9.99 0.259000000 0.004 0.000   0.015 0.000   0.021 0.000   0.79 0.000000000   1.947 0.000  1.166 0.000  0.782 0.000 0.006 0.000000 0.020 0.000
304.375 305.375   3.05 0.000000  0.23 0.000000 9.999 0.259000000 0.12 0.000000000 0.021 0.559   0.281 0.000   0.394 0.000 999.99 0.259000000   1.894 0.000  1.018 0.000  0.876 0.000 0.007 0.000000 0.054 0.559
307.375 308.375   1.27 0.000000  0.14 0.000000 0.010 0.000000000 9.99 0.259000000 0.460 0.000   0.275 0.000   0.385 0.000 999.99 0.259000000   2.734 0.000  1.586 0.000  1.147 0.000 0.008 0.000000 0.086 0.000
310.375 311.375   1.30 0.000000  0.32 0.000000 9.999 0.259000000 0.07 0.000000000 0.012 0.000   0.105 0.000   0.147 0.000   2.77 0.000000000   1.145 0.000  0.963 0.000  0.182 0.000 0.005 0.000000 0.013 0.000
313.375 314.375   3.59 0.000000  0.30 0.000000 9.999 0.259000000 9.99 0.259000000 0.015 0.000   0.006 0.000   0.009 0.000 999.99 0.259000000   1.300 0.000  0.895 0.000  0.405 0.000 0.004 0.000000 0.035 0.000
316.375 317.375   0.69 0.000000 99.99 0.259000 9.999 0.259000000 0.05 0.000000000 0.005 0.000   0.034 0.000   0.047 0.000 999.99 0.259000000   0.560 0.000  0.468 0.000  0.092 0.000 0.002 0.000000 0.025 0.000
319.375 320.375   1.16 0.000000  0.17 0.000000 9.999 0.259000000 9.99 0.259000000 0.019 0.000 999.999 0.259 999.999 0.259 999.99 0.259000000   1.108 0.000  0.668 0.000  0.440 0.000 0.004 0.000000 0.035 0.000
322.375 323.375   3.83 0.000000 99.99 0.259000 9.999 0.259000000 0.05 0.000000000 0.012 0.000   0.096 0.000   0.134 0.000 999.99 0.259000000   2.800 0.000  1.708 0.000  1.092 0.000 0.012 0.000000 0.042 0.000
325.375 326.375   1.97 0.000000  0.28 0.000000 0.018 0.000000000 9.99 0.259000000 0.017 0.000 999.999 0.259 999.999 0.259 999.99 0.259000000   2.711 0.000  1.335 0.000  1.376 0.000 0.012 0.000000 0.051 0.000
328.375 329.375   1.58 0.000000  0.16 0.000000 9.999 0.259000000 9.99 0.259000000 0.007 0.000 999.999 0.259 999.999 0.259 999.99 0.259000000   0.817 0.000  0.479 0.000  0.338 0.000 0.004 0.000000 0.022 0.000
331.375 332.375 999.99 0.999000 99.99 0.999000 9.999 0.999000000 9.99 0.999000000 9.999 0.999 999.999 0.999 999.999 0.999 999.99 0.999000000 999.999 0.999 99.999 0.999 99.999 0.999 9.999 0.999000 9.999 0.999
334.375 335.375 999.99 0.999000 99.99 0.999000 9.999 0.999000000 9.99 0.999000000 9.999 0.999 999.999 0.999 999.999 0.999 999.99 0.999000000 999.999 0.999 99.999 0.999 99.999 0.999 9.999 0.999000 9.999 0.999
337.375 338.375 999.99 0.999000 99.99 0.999000 9.999 0.999000000 9.99 0.999000000 9.999 0.999 999.999 0.999 999.999 0.999 999.99 0.999000000 999.999 0.999 99.999 0.999 99.999 0.999 9.999 0.999000 9.999 0.999
340.375 341.375   1.60 0.000000  0.24 0.000000 9.999 0.259000000 9.99 0.259000000 0.010 0.000   0.142 0.000   0.200 0.000 999.99 0.259000000   1.108 0.000  0.746 0.000  0.362 0.000 0.004 0.000000 0.016 0.000
343.375 344.375   2.25 0.000000  0.17 0.000000 9.999 0.259000000 9.99 0.259000000 0.011 0.000 999.999 0.259 999.999 0.259 999.99 0.259000000   1.588 0.000  0.827 0.000  0.761 0.000 0.004 0.000000 0.051 0.000
346.375 347.375   3.16 0.394000  0.14 0.394000 9.999 0.394259000 0.06 0.394000000 0.007 0.394 999.999 0.259 999.999 0.259 999.99 0.394259000   1.028 0.000  0.659 0.000  0.369 0.000 0.004 0.394000 0.029 0.394
349.375 350.375   6.97 0.000000  0.11 0.000000 9.999 0.259000000 9.99 0.259000000 0.028 0.559   0.031 0.000   0.044 0.000 999.99 0.259000000   1.727 0.000  1.138 0.000  0.589 0.000 0.003 0.000000 0.038 0.559
352.375 353.375 999.99 0.999000 99.99 0.999000 9.999 0.999000000 9.99 0.999000000 9.999 0.999 999.999 0.999 999.999 0.999 999.99 0.999000000 999.999 0.999 99.999 0.999 99.999 0.999 9.999 0.999000 9.999 0.999
355.375 356.375 999.99 0.999000 99.99 0.999000 9.999 0.999000000 9.99 0.999000000 9.999 0.999 999.999 0.999 999.999 0.999 999.99 0.999000000 999.999 0.999 99.999 0.999 99.999 0.999 9.999 0.999000 9.999 0.999
358.375 359.375 999.99 0.999000 99.99 0.999000 9.999 0.999000000 9.99 0.999000000 9.999 0.999 999.999 0.999 999.999 0.999 999.99 0.999000000 999.999 0.999 99.999 0.999 99.999 0.999 9.999 0.999000 9.999 0.999
361.375 362.375 999.99 0.999000 99.99 0.999000 9.999 0.999000000 9.99 0.999000000 9.999 0.999 999.999 0.999 999.999 0.999 999.99 0.999000000 999.999 0.999 99.999 0.999 99.999 0.999 9.999 0.999000 9.999 0.999
364.375 365.375 999.99 0.999000 99.99 0.999000 9.999 0.999000000 9.99 0.999000000 9.999 0.999 999.999 0.999 999.999 0.999 999.99 0.999000000 999.999 0.999 99.999 0.999 99.999 0.999 9.999 0.999000 9.999 0.999
