scripts/IMPROVE-2019_partial/data/US9043R.20100102080000.20191216000000.filterpack...52w.3d.US03L_filterpack_US9043.US03L_IMPROVE_Davis.lev2.nas
51 1001
MISSING INFORMATION
US03L, IMPROVE, , , , , , , 
MISSING INFORMATION
IMPROVE sel_HTAP
1 1
2010 01 01 2019 12 16
3.000000
days from file reference point
4
1 1 1 1
999.999999 999.999 99.999 9.999
end_time of measurement, days from the file reference point
pm10_mass, ug/m3, Matrix=pm10
pm25_mass, ug/m3, Matrix=pm25
numflag, no unit
0
33
Data definition:              EBAS_1.1
Set type code:                TU
Timezone:                     UTC
File name:                    US9043R.20100102080000.20191216000000.filterpack...52w.3d.US03L_filterpack_US9043.US03L_IMPROVE_Davis.lev2.nas
File creation:                20191218120818
Startdate:                    20100102080000
Revision date:                20191216000000
Version:                      2
Version description:          "Data extracted from http://views.cira.colostate.edu/fed/DataWizard 2019-12-16"
Statistics:                   arithmetic mean
Data level:                   2
Period code:                  52w
Resolution code:              3d
Sample duration:              1d
Orig. time res.:              3d
Station code:                 US9043R
Platform code:                US9043S
Station name:                 San Gorgonio Wilderness
Station latitude:             34.1939
Station longitude:            -116.9132
Station altitude:             1726.0 m
Regime:                       IMG
Component:                    
Unit:                         ug/m3
Matrix:                       
Laboratory code:              US03L
Instrument type:              filterpack
Instrument name:              filterpack_US9043
Method ref:                   US03L_IMPROVE_Davis
Blank correction:             Blank corrected
Volume std. temperature:      ambient
Volume std. pressure:         ambient
starttime endtime PM10 PM2.5 flag
  1.333333   2.333333   1.095  0.458 0.000
  4.333333   5.333333   0.843  0.555 0.000
  7.333333   8.333333   1.265  0.673 0.000
 10.333333  11.333333   1.222  0.705 0.000
 13.333333  14.333333   2.231  0.795 0.000
 16.333333  17.333333   4.788  2.600 0.000
 19.333333  20.333333   2.301  1.036 0.000
 22.333333  23.333333 999.999 99.999 0.999
 25.333333  26.333333 999.999 99.999 0.999
 28.333333  29.333333 999.999 99.999 0.999
 31.333333  32.333333 999.999 99.999 0.999
 34.333333  35.333333   7.123  5.358 0.000
 37.333333  38.333333   1.917  1.293 0.000
 40.333333  41.333333   1.074  0.900 0.000
 43.333333  44.333333   6.201  2.165 0.000
 46.333333  47.333333   5.591  2.513 0.000
 49.333333  50.333333   9.634  6.098 0.000
 52.333333  53.333333   2.686  1.088 0.000
 55.333333  56.333333   4.365  2.349 0.000
 58.333333  59.333333   1.269  0.523 0.000
 61.333333  62.333333   5.864  3.602 0.000
 64.333333  65.333333   4.380  2.385 0.000
 67.333333  68.333333   6.123  3.183 0.000
 70.333333  71.333333  11.724  6.649 0.000
 73.333333  74.333333   3.977  2.108 0.000
 76.333333  77.333333  18.176  6.838 0.000
 79.333333  80.333333  12.239  5.033 0.000
 82.333333  83.333333  17.088  8.402 0.000
 85.333333  86.333333  11.898  3.619 0.000
 88.333333  89.333333   7.717  4.122 0.000
 91.333333  92.333333  12.133  6.410 0.000
 94.333333  95.333333   3.191  1.803 0.000
 97.333333  98.333333   5.813  2.753 0.000
100.333333 101.333333  10.764  5.590 0.000
103.333333 104.333333  12.155  6.963 0.000
106.333333 107.333333  16.167  8.965 0.000
109.333333 110.333333   5.435  2.565 0.000
112.333333 113.333333   8.143  5.488 0.000
115.333333 116.333333  15.034  8.347 0.000
118.333333 119.333333   8.225  2.729 0.000
121.333333 122.333333  14.819  4.894 0.000
124.333333 125.333333  15.616  7.161 0.000
127.333333 128.333333  17.930  7.676 0.000
130.333333 131.333333  11.262  4.403 0.000
133.333333 134.333333  11.194  5.068 0.000
136.333333 137.333333  12.157  7.627 0.000
139.333333 140.333333  14.590  7.323 0.000
142.333333 143.333333   9.490  4.259 0.000
145.333333 146.333333   7.409  3.537 0.000
148.333333 149.333333   6.656  1.399 0.000
151.333333 152.333333  13.377  6.009 0.000
154.333333 155.333333  14.504  7.221 0.000
157.333333 158.333333   8.056  3.736 0.000
160.333333 161.333333  12.613  6.558 0.000
163.333333 164.333333  17.213  6.459 0.000
166.333333 167.333333  12.442  4.515 0.000
169.333333 170.333333   9.805  3.944 0.000
172.333333 173.333333  14.216  5.406 0.000
175.333333 176.333333  13.533  4.465 0.000
178.333333 179.333333  11.371  3.801 0.000
181.333333 182.333333  18.524  5.722 0.000
184.333333 185.333333  15.606  5.976 0.000
187.333333 188.333333  10.008  3.148 0.000
190.333333 191.333333  16.537  7.468 0.000
193.333333 194.333333   7.824  3.884 0.000
196.333333 197.333333  16.624  7.387 0.000
199.333333 200.333333  13.124  7.191 0.000
202.333333 203.333333  14.888  6.331 0.000
205.333333 206.333333  10.082  5.210 0.000
208.333333 209.333333  13.696  5.458 0.000
211.333333 212.333333  10.383  4.582 0.000
214.333333 215.333333  11.498  5.139 0.000
217.333333 218.333333  15.311  6.739 0.000
220.333333 221.333333  12.848  5.761 0.000
223.333333 224.333333   9.021  2.762 0.000
226.333333 227.333333   7.093  2.615 0.000
229.333333 230.333333  13.445  5.586 0.000
232.333333 233.333333  10.863  4.492 0.000
235.333333 236.333333  15.508  5.496 0.000
238.333333 239.333333  19.531  6.030 0.000
241.333333 242.333333  11.861  5.167 0.000
244.333333 245.333333  12.246  4.607 0.000
247.333333 248.333333   7.659  3.885 0.000
250.333333 251.333333  12.619  7.463 0.000
253.333333 254.333333   9.445  3.812 0.000
256.333333 257.333333   4.350  1.677 0.000
259.333333 260.333333  10.002  4.349 0.000
262.333333 263.333333   5.523  2.320 0.000
265.333333 266.333333  11.354  3.613 0.000
268.333333 269.333333   6.019  2.498 0.000
271.333333 272.333333   7.284  2.660 0.000
274.333333 275.333333   4.027  1.986 0.000
277.333333 278.333333   5.041  2.175 0.000
280.333333 281.333333   5.900  2.487 0.000
283.333333 284.333333   5.826  2.810 0.000
286.333333 287.333333   7.216  2.997 0.000
289.333333 290.333333   6.803  3.762 0.000
292.333333 293.333333   3.654  2.239 0.000
295.333333 296.333333   3.518  2.264 0.000
298.333333 299.333333   5.964  2.645 0.000
301.333333 302.333333   4.463  1.526 0.000
304.333333 305.333333   1.898  0.785 0.000
307.333333 308.333333   4.748  1.845 0.000
310.333333 311.333333   8.954  4.351 0.000
313.333333 314.333333   5.932  3.184 0.000
316.333333 317.333333   2.790  1.326 0.000
319.333333 320.333333   3.813  1.853 0.000
322.333333 323.333333  10.404  7.992 0.000
325.333333 326.333333   5.976  3.852 0.000
328.333333 329.333333   2.278  0.848 0.000
331.333333 332.333333   2.680  1.108 0.000
334.333333 335.333333   0.839  0.342 0.000
337.333333 338.333333   1.301  0.748 0.000
340.333333 341.333333   0.834  0.371 0.000
343.333333 344.333333   1.080  0.280 0.000
346.333333 347.333333   0.753  0.340 0.000
349.333333 350.333333   2.485  1.637 0.000
352.333333 353.333333   0.546  0.251 0.000
355.333333 356.333333   0.591  0.346 0.000
358.333333 359.333333   2.734  1.781 0.000
361.333333 362.333333   2.502  1.093 0.000
364.333333 365.333333   1.840  1.025 0.000
