scripts/IMPROVE-2019_partial/data/US9042R.20120101080000.20191216000000.filterpack...52w.3d.US03L_filterpack_US9042_YOSE1.US03L_IMPROVE_Davis.lev2.nas
59 1001
MISSING INFORMATION
US03L, IMPROVE, , , , , , , 
MISSING INFORMATION
IMPROVE sel_HTAP
1 1
2012 01 01 2019 12 16
3.000000
days from file reference point
4
1 1 1 1
999.999999 999.999 999.999 9.999
end_time of measurement, days from the file reference point
pm10_mass, ug/m3, Matrix=pm10
pm25_mass, ug/m3, Matrix=pm25
numflag, no unit
0
41
Data definition:              EBAS_1.1
Set type code:                TU
Timezone:                     UTC
File name:                    US9042R.20120101080000.20191216000000.filterpack...52w.3d.US03L_filterpack_US9042_YOSE1.US03L_IMPROVE_Davis.lev2.nas
File creation:                20191218120811
Startdate:                    20120101080000
Revision date:                20191216000000
Version:                      2
Version description:          "Data extracted from http://views.cira.colostate.edu/fed/DataWizard 2019-12-16"
Statistics:                   arithmetic mean
Data level:                   2
Period code:                  52w
Resolution code:              3d
Sample duration:              1d
Orig. time res.:              3d
Station code:                 US9042R
Platform code:                US9042S
Station name:                 Yosemite NP
Station WDCA-ID:              GAWAUSCAYOS
Station GAW-ID:               YOS
Station GAW-Name:             Yosemite NP - Turtleback Dome
Station state/province:       CA
Station land use:             Remote park
Station setting:              Mountain
Station GAW type:             C
Station WMO region:           4
Station latitude:             37.7133
Station longitude:            -119.7061
Station altitude:             1605.0 m
Regime:                       IMG
Component:                    
Unit:                         ug/m3
Matrix:                       
Laboratory code:              US03L
Instrument type:              filterpack
Instrument name:              filterpack_US9042_YOSE1
Method ref:                   US03L_IMPROVE_Davis
Blank correction:             Blank corrected
Volume std. temperature:      ambient
Volume std. pressure:         ambient
starttime endtime PM10 PM2.5 flag
  0.333333   1.333333   1.444   0.773 0.000
  3.333333   4.333333   0.908   0.585 0.000
  6.333333   7.333333   4.168   3.349 0.000
  9.333333  10.333333   1.941   0.952 0.000
 12.333333  13.333333   1.579   0.807 0.000
 15.333333  16.333333  12.900   6.793 0.000
 18.333333  19.333333   1.002   0.594 0.000
 21.333333  22.333333   1.097   0.505 0.000
 24.333333  25.333333   2.777   0.834 0.000
 27.333333  28.333333   2.242   0.960 0.000
 30.333333  31.333333   5.647   2.680 0.000
 33.333333  34.333333   5.553   2.010 0.000
 36.333333  37.333333   2.455   1.440 0.000
 39.333333  40.333333   1.826   1.147 0.000
 42.333333  43.333333   2.054   1.643 0.000
 45.333333  46.333333   1.427   0.666 0.000
 48.333333  49.333333   4.893   3.746 0.000
 51.333333  52.333333   2.662   1.428 0.000
 54.333333  55.333333   4.252   1.867 0.000
 57.333333  58.333333   6.009   3.710 0.000
 60.333333  61.333333   0.967   0.537 0.000
 63.333333  64.333333   2.024   1.084 0.000
 66.333333  67.333333   3.389   1.201 0.000
 69.333333  70.333333   6.345   3.383 0.000
 72.333333  73.333333   8.054   3.100 0.000
 75.333333  76.333333   3.292   1.908 0.000
 78.333333  79.333333   3.713   2.170 0.000
 81.333333  82.333333   4.154   2.778 0.000
 84.333333  85.333333   3.045   1.218 0.000
 87.333333  88.333333   3.942   1.731 0.000
 90.333333  91.333333   8.300   4.480 0.000
 93.333333  94.333333   6.412   3.566 0.000
 96.333333  97.333333   2.794   1.730 0.000
 99.333333 100.333333  15.964   9.056 0.000
102.333333 103.333333   3.262   2.001 0.000
105.333333 106.333333   4.073   2.609 0.000
108.333333 109.333333   5.496   2.978 0.000
111.333333 112.333333   5.400   3.366 0.000
114.333333 115.333333  11.410   6.197 0.000
117.333333 118.333333   8.694   4.337 0.000
120.333333 121.333333  16.198   8.360 0.000
123.333333 124.333333  12.191   5.098 0.000
126.333333 127.333333  13.161   5.901 0.000
129.333333 130.333333  10.137   4.702 0.000
132.333333 133.333333  14.071   6.854 0.000
135.333333 136.333333  15.952   4.804 0.000
138.333333 139.333333  18.137   7.049 0.000
141.333333 142.333333  16.340   6.372 0.000
144.333333 145.333333  14.631   3.998 0.000
147.333333 148.333333   8.491   3.179 0.000
150.333333 151.333333  12.040   4.438 0.000
153.333333 154.333333  23.291   5.446 0.000
156.333333 157.333333   9.444   1.579 0.000
159.333333 160.333333   9.054   2.999 0.000
162.333333 163.333333  15.741   5.218 0.000
165.333333 166.333333  15.790   6.545 0.000
168.333333 169.333333  14.151   4.819 0.000
171.333333 172.333333  16.383  10.390 0.000
174.333333 175.333333   8.719   2.758 0.000
177.333333 178.333333   8.911   3.343 0.000
180.333333 181.333333  15.621   5.099 0.000
183.333333 184.333333   9.050   3.742 0.000
186.333333 187.333333  20.101   7.155 0.000
189.333333 190.333333  19.662   8.289 0.000
192.333333 193.333333  18.113   8.356 0.000
195.333333 196.333333  20.997   7.629 0.000
198.333333 199.333333  22.130   5.922 0.000
201.333333 202.333333   9.940   3.169 0.000
204.333333 205.333333  18.820   6.905 0.000
207.333333 208.333333  16.265   5.956 0.000
210.333333 211.333333  12.604   5.917 0.000
213.333333 214.333333  11.308   5.424 0.000
216.333333 217.333333  14.558   6.526 0.000
219.333333 220.333333   8.621   4.028 0.000
222.333333 223.333333  11.869   5.581 0.000
225.333333 226.333333  12.156   7.722 0.000
228.333333 229.333333  16.387   7.766 0.000
231.333333 232.333333  10.853   5.355 0.000
234.333333 235.333333   6.169   3.101 0.000
237.333333 238.333333  14.292   5.513 0.000
240.333333 241.333333   7.642   2.566 0.000
243.333333 244.333333  17.443   5.185 0.000
246.333333 247.333333  11.677   4.593 0.000
249.333333 250.333333  18.058   6.111 0.000
252.333333 253.333333  11.059   4.291 0.000
255.333333 256.333333  15.904   6.331 0.000
258.333333 259.333333  13.476   5.287 0.000
261.333333 262.333333  13.770   5.458 0.000
264.333333 265.333333  19.941   7.260 0.000
267.333333 268.333333  14.163   4.675 0.000
270.333333 271.333333  15.569   6.082 0.000
273.333333 274.333333  12.256   5.476 0.000
276.333333 277.333333  24.345   8.820 0.000
279.333333 280.333333   7.893   3.459 0.000
282.333333 283.333333  13.571   4.455 0.000
285.333333 286.333333   2.060   0.796 0.000
288.333333 289.333333   6.295   3.321 0.000
291.333333 292.333333  10.412   4.747 0.000
294.333333 295.333333   7.191   2.740 0.000
297.333333 298.333333   3.338   1.916 0.000
300.333333 301.333333   3.159   1.755 0.000
303.333333 304.333333   3.389   1.510 0.000
306.333333 307.333333   3.389   1.451 0.000
309.333333 310.333333   2.313   1.129 0.000
312.333333 313.333333   9.056   4.155 0.000
315.333333 316.333333   4.084   2.554 0.000
318.333333 319.333333   1.086   0.525 0.000
321.333333 322.333333   0.504   0.280 0.000
324.333333 325.333333   2.976   1.748 0.000
327.333333 328.333333   1.245   0.522 0.000
330.333333 331.333333   1.377   0.895 0.000
333.333333 334.333333   1.383   0.555 0.000
336.333333 337.333333   0.547   0.218 0.000
339.333333 340.333333   0.794   0.247 0.000
342.333333 343.333333   1.842   0.778 0.000
345.333333 346.333333   4.275   1.740 0.000
348.333333 349.333333   1.658   1.066 0.000
351.333333 352.333333 999.999 999.999 0.999
354.333333 355.333333   1.101   0.774 0.000
357.333333 358.333333   0.342   0.126 0.000
360.333333 361.333333 999.999 999.999 0.999
363.333333 364.333333   1.526   0.682 0.000
