scripts/IMPROVE-2019_partial/data/US9010R.20030103050000.20191216000000.filterpack..pm25.1y.1w.US03L_filterpack_US9010.US03L_IMPROVE_Davis.lev2.nas
64 1001
MISSING INFORMATION
US03L, IMPROVE, , , , , , , 
MISSING INFORMATION
IMPROVE sel_HTAP
1 1
2003 01 01 2019 12 16
3.000000
days from file reference point
25
1 1 1 1 1 1 1 1 1 1 1 1 1 1 1 1 1 1 1 1 1 1 1 1 1
999.999999 999.99 9.999 99.99 9.999999 9.999 9.999999 99.99 9.999999 9.999 9.999 99.999 9.999 99.999 9.999 999.999 9.999 99.999 9.999 999.999 9.999 9.999 9.999 99.999 9.999
end_time of measurement, days from the file reference point
iron, ng/m3, Revision date=20181210133000
numflag iron, no unit, Revision date=20181210133000
lead, ng/m3, Revision date=20181210133000
numflag lead, no unit, Revision date=20181210133000
magnesium, ug/m3, Revision date=20181210133000
numflag magnesium, no unit, Revision date=20181210133000
nickel, ng/m3, Revision date=20181210133000
numflag nickel, no unit, Revision date=20181210133000
nitrate, ug N/m3, Revision date=20181210133000
numflag nitrate, no unit, Revision date=20181210133000
organic_carbon, ug C/m3, Revision date=20181210133000
numflag organic_carbon, no unit, Revision date=20181210133000
organic_mass, ug/m3, Revision date=20181210133000
numflag organic_mass, no unit, Revision date=20181210133000
pm10_mass, ug/m3, Version=2, Version description=Data extracted from http://views.cira.colostate.edu/fed/DataWizard 2019-12-16, Sample duration=1d, Orig. time res.=3d, Matrix=pm10, Blank correction=Blank corrected, Volume std. temperature=ambient, Volume std. pressure=ambient
numflag pm10_mass, no unit, Version=2, Version description=Data extracted from http://views.cira.colostate.edu/fed/DataWizard 2019-12-16, Sample duration=1d, Orig. time res.=3d, Matrix=pm10, Blank correction=Blank corrected, Volume std. temperature=ambient, Volume std. pressure=ambient
pm10_pm25_mass, ug/m3, Revision date=20181210133000, Matrix=pm10_pm25
numflag pm10_pm25_mass, no unit, Revision date=20181210133000, Matrix=pm10_pm25
pm25_mass, ug/m3, Version=2, Version description=Data extracted from http://views.cira.colostate.edu/fed/DataWizard 2019-12-16, Sample duration=1d, Orig. time res.=3d, Blank correction=Blank corrected, Volume std. temperature=ambient, Volume std. pressure=ambient
numflag pm25_mass, no unit, Version=2, Version description=Data extracted from http://views.cira.colostate.edu/fed/DataWizard 2019-12-16, Sample duration=1d, Orig. time res.=3d, Blank correction=Blank corrected, Volume std. temperature=ambient, Volume std. pressure=ambient
potassium, ug/m3, Revision date=20181210133000
numflag potassium, no unit, Revision date=20181210133000
sulphate_total, ug S/m3, Revision date=20181210133000
numflag sulphate_total, no unit, Revision date=20181210133000
0
25
Data definition:              EBAS_1.1
Set type code:                TU
Timezone:                     UTC
File name:                    US9010R.20030103050000.20191216000000.filterpack..pm25.1y.1w.US03L_filterpack_US9010.US03L_IMPROVE_Davis.lev2.nas
File creation:                20191218120547
Startdate:                    20030103050000
Revision date:                20191216000000
Statistics:                   arithmetic mean
Data level:                   2
Period code:                  1y
Resolution code:              1w
Station code:                 US9010R
Platform code:                US9010S
Station name:                 Moosehorn NWR
Station latitude:             45.1259
Station longitude:            -67.2661
Station altitude:             77.0 m
Regime:                       IMG
Component:                    
Matrix:                       pm25
Laboratory code:              US03L
Instrument type:              filterpack
Instrument name:              filterpack_US9010
Method ref:                   US03L_IMPROVE_Davis
starttime endtime Fe flag_Fe Pb flag_Pb Mg++ flag_Mg++ Ni flag_Ni NO3- flag_NO3- OC flag_OC OM flag_OM PM10 flag_PM10 PM10-PM2.5 flag_PM10-PM2.5 PM2.5 flag_PM2.5 K+ flag_K+ SO4-- flag_SO4--
  2.208333   3.208333  12.26 0.000  0.50 0.000000 9.999 0.259000  0.25 0.000000 0.034 0.000  0.758 0.000  1.061 0.000   5.689 0.000  3.582 0.000   2.107 0.000 0.030 0.000  0.160 0.000
  5.208333   6.208333   5.60 0.000  0.94 0.000000 9.999 0.259000  0.27 0.000000 0.098 0.000  1.919 0.000  2.686 0.000   6.693 0.000  1.605 0.000   5.089 0.000 0.047 0.000  0.411 0.000
  8.208333   9.208333   7.43 0.000  0.81 0.000000 9.999 0.259000  0.24 0.000000 0.124 0.000  0.899 0.000  1.259 0.000   4.769 0.000  1.433 0.000   3.336 0.000 0.058 0.000  0.344 0.000
 11.208333  12.208333   4.43 0.000  1.47 0.000000 9.999 0.259000  0.28 0.000000 0.109 0.000  0.749 0.000  1.049 0.000   3.998 0.000  1.783 0.000   2.215 0.000 0.036 0.000  0.270 0.000
 14.208333  15.208333  15.64 0.000  2.21 0.000000 0.022 0.000000  0.97 0.000000 0.374 0.000  1.237 0.000  1.731 0.000   8.460 0.000  2.533 0.000   5.927 0.000 0.100 0.000  0.373 0.000
 17.208333  18.208333   7.86 0.000  0.83 0.000000 0.023 0.000000  0.31 0.000000 0.131 0.000  0.819 0.000  1.146 0.000   5.124 0.000  1.309 0.000   3.815 0.000 0.069 0.000  0.254 0.000
 20.208333  21.208333  23.64 0.000  1.72 0.000000 9.999 0.259000  0.50 0.000000 0.128 0.000  0.655 0.000  0.917 0.000   6.295 0.000  2.619 0.000   3.676 0.000 0.096 0.000  0.368 0.000
 23.208333  24.208333   7.24 0.000  0.72 0.000000 0.020 0.000000  0.33 0.000000 0.128 0.000  0.920 0.000  1.288 0.000   7.155 0.000  3.936 0.000   3.219 0.000 0.077 0.000  0.270 0.000
 26.208333  27.208333  15.17 0.000  1.78 0.000000 0.014 0.000000  0.50 0.000000 0.234 0.000  1.355 0.000  1.898 0.000  11.784 0.000  5.862 0.000   5.922 0.000 0.061 0.000  0.685 0.000
 29.208333  30.208333  25.01 0.000  3.68 0.000000 9.999 0.259000  0.98 0.000000 0.348 0.000  2.959 0.000  4.142 0.000  15.867 0.000  4.323 0.000  11.544 0.000 0.080 0.000  1.458 0.000
 32.208333  33.208333   3.73 0.394 99.99 0.394259 9.999 0.394259 99.99 0.394259 0.004 0.394  0.537 0.000  0.751 0.000   1.387 0.000  0.440 0.000   0.947 0.000 0.010 0.394  0.168 0.394
 35.208333  36.208333   5.38 0.000  0.57 0.000000 9.999 0.259000  0.26 0.000000 0.042 0.000  0.453 0.000  0.634 0.000   5.056 0.000  1.955 0.000   3.101 0.000 0.064 0.000  0.258 0.000
 38.208333  39.208333   8.71 0.000  1.99 0.000000 9.999 0.259000  0.40 0.000000 0.144 0.000  0.986 0.000  1.381 0.000   4.840 0.000  1.142 0.000   3.698 0.000 0.098 0.000  0.463 0.000
 41.208333  42.208333 999.99 0.456 99.99 0.456000 9.999 0.456000 99.99 0.456000 0.214 0.000  1.363 0.000  1.908 0.000   8.751 0.000 99.999 0.999 999.999 0.456 9.999 0.456  0.741 0.000
 44.208333  45.208333   8.15 0.000  1.96 0.000000 0.039 0.000000  0.60 0.000000 0.088 0.000  1.146 0.000  1.605 0.000  14.698 0.000  3.429 0.000  11.270 0.000 0.180 0.000  0.461 0.000
 47.208333  48.208333   8.23 0.000  1.16 0.000000 9.999 0.259000  0.44 0.000000 0.079 0.000  1.018 0.000  1.425 0.000   5.886 0.000  2.590 0.000   3.296 0.000 0.042 0.000  0.376 0.000
 50.208333  51.208333  16.36 0.000  1.62 0.000000 9.999 0.259000  0.82 0.000000 0.134 0.000  1.259 0.000  1.762 0.000  12.683 0.000  4.874 0.000   7.809 0.000 0.042 0.000  1.245 0.000
 53.208333  54.208333   2.46 0.000  0.33 0.000000 9.999 0.259000  0.30 0.000000 0.017 0.000  0.341 0.000  0.477 0.000   3.493 0.000  1.522 0.000   1.971 0.000 0.012 0.000  0.326 0.000
 56.208333  57.208333  14.98 0.000  1.97 0.000000 9.999 0.259000  0.28 0.000000 0.035 0.000  0.624 0.000  0.874 0.000   7.072 0.000  3.319 0.000   3.753 0.000 0.081 0.000  0.555 0.000
 59.208333  60.208333  27.23 0.000  4.41 0.000000 9.999 0.259000  1.44 0.000000 0.102 0.000  1.927 0.000  2.698 0.000  14.014 0.000  4.358 0.000   9.657 0.000 0.086 0.000  1.475 0.000
 62.208333  63.208333  13.03 0.000  2.40 0.000000 9.999 0.259000  0.47 0.000000 0.088 0.000  0.831 0.000  1.163 0.000   5.742 0.000  2.188 0.000   3.554 0.000 0.061 0.000  0.457 0.000
 65.208333  66.208333  15.04 0.000  2.59 0.000000 9.999 0.259000  0.66 0.000000 0.065 0.000  0.831 0.000  1.163 0.000   9.975 0.000  5.939 0.000   4.036 0.000 0.100 0.000  0.562 0.000
 68.208333  69.208333  22.19 0.000  2.58 0.000000 0.032 0.000000  0.29 0.000000 0.077 0.000  0.829 0.000  1.161 0.000   6.608 0.000  2.746 0.000   3.861 0.000 0.067 0.000  0.570 0.000
 71.208333  72.208333  15.82 0.000  1.37 0.000000 0.026 0.000000  0.17 0.000000 0.082 0.000  0.566 0.000  0.792 0.000   7.194 0.000  3.379 0.000   3.815 0.000 0.032 0.000  0.405 0.000
 74.208333  75.208333  14.37 0.000  2.56 0.000000 0.023 0.000000  0.46 0.000000 0.115 0.000  1.212 0.000  1.697 0.000   7.236 0.000  2.536 0.000   4.700 0.000 0.053 0.000  0.609 0.000
 77.208333  78.208333  11.09 0.000  0.51 0.000000 9.999 0.259000 99.99 0.259000 0.055 0.000  0.386 0.000  0.541 0.000   5.655 0.000  3.498 0.000   2.157 0.000 0.036 0.000  0.255 0.000
 80.208333  81.208333   5.26 0.000  0.82 0.000000 9.999 0.259000  0.23 0.000000 0.051 0.000  1.174 0.000  1.643 0.000   4.175 0.000  0.838 0.000   3.337 0.000 0.058 0.000  0.302 0.000
 83.208333  84.208333   4.34 0.000  0.26 0.000000 0.019 0.000000  0.33 0.000000 0.055 0.000  0.544 0.000  0.761 0.000   7.769 0.000  1.324 0.000   6.445 0.000 0.020 0.000  1.164 0.000
 86.208333  87.208333  12.93 0.000  1.29 0.000000 0.018 0.000000  0.27 0.000000 0.047 0.000  0.814 0.000  1.140 0.000   7.234 0.000  3.002 0.000   4.232 0.000 0.083 0.000  0.622 0.000
 89.208333  90.208333   3.75 0.000  0.33 0.000000 9.999 0.259000  0.09 0.000000 0.018 0.000  0.372 0.000  0.520 0.000   3.036 0.000  1.617 0.000   1.419 0.000 0.024 0.000  0.233 0.000
 92.208333  93.208333  20.81 0.000  1.12 0.000000 9.999 0.259000  0.28 0.000000 0.061 0.000  0.594 0.000  0.831 0.000   7.527 0.000  3.336 0.000   4.191 0.000 0.041 0.000  0.665 0.000
 95.208333  96.208333   7.66 0.000  0.75 0.000000 9.999 0.259000  0.33 0.000000 0.058 0.000  0.570 0.000  0.798 0.000   4.183 0.000  0.621 0.000   3.562 0.000 0.080 0.000  0.536 0.000
 98.208333  99.208333  24.93 0.000  1.36 0.000000 9.999 0.259000  0.63 0.000000 0.049 0.000  0.917 0.000  1.285 0.000   8.556 0.000  3.199 0.000   5.358 0.000 0.035 0.000  0.788 0.000
101.208333 102.208333  11.95 0.000  0.26 0.000000 0.023 0.000000 99.99 0.259000 0.056 0.000  0.745 0.000  1.042 0.000   4.366 0.000  0.986 0.000   3.381 0.000 0.025 0.000  0.390 0.000
104.208333 105.208333  32.71 0.000  3.64 0.000000 9.999 0.259000  1.08 0.000000 0.309 0.000  1.576 0.000  2.206 0.000  14.662 0.000  5.752 0.000   8.909 0.000 0.059 0.000  0.759 0.000
107.208333 108.208333  11.00 0.000  0.95 0.000000 9.999 0.259000  0.22 0.000000 0.054 0.000  0.658 0.000  0.921 0.000   5.531 0.000  2.282 0.000   3.249 0.000 0.031 0.000  0.399 0.000
110.208333 111.208333  31.47 0.000  1.41 0.000000 9.999 0.259000  0.33 0.000000 0.056 0.000  1.168 0.000  1.635 0.000   7.191 0.000  1.998 0.000   5.193 0.000 0.034 0.000  0.619 0.000
113.208333 114.208333   1.45 0.000  0.75 0.000000 0.022 0.000000  0.52 0.000000 0.039 0.000  0.690 0.000  0.966 0.000   4.092 0.000  0.982 0.000   3.110 0.000 0.009 0.000  0.411 0.000
116.208333 117.208333   5.20 0.000  0.91 0.000000 9.999 0.259000  0.27 0.000000 0.013 0.000  0.711 0.000  0.996 0.000   3.596 0.000  0.861 0.000   2.736 0.000 0.016 0.000  0.320 0.000
119.208333 120.208333  29.39 0.000  0.82 0.000000 9.999 0.259000  0.12 0.000000 0.025 0.000  3.036 0.000  4.250 0.000   9.301 0.000  2.627 0.000   6.674 0.000 0.071 0.000  0.211 0.000
122.208333 123.208333  15.43 0.000  1.57 0.000000 9.999 0.259000 99.99 0.259000 0.015 0.000  0.617 0.000  0.864 0.000   4.258 0.000  1.221 0.000   3.036 0.000 0.023 0.000  0.305 0.000
125.208333 126.208333  31.32 0.000  2.52 0.000000 9.999 0.259000 99.99 0.259000 0.045 0.000  0.949 0.000  1.329 0.000   6.519 0.000  2.285 0.000   4.235 0.000 0.041 0.000  0.305 0.000
128.208333 129.208333   5.67 0.000  0.72 0.000000 9.999 0.259000  0.20 0.000000 0.014 0.000  0.854 0.000  1.196 0.000   5.054 0.000  2.216 0.000   2.838 0.000 0.013 0.000  0.242 0.000
131.208333 132.208333   1.06 0.000  0.30 0.000000 0.024 0.000000  0.21 0.000000 0.023 0.000  0.260 0.000  0.364 0.000   5.332 0.000  3.028 0.000   2.305 0.000 0.005 0.000  0.290 0.000
134.208333 135.208333   3.11 0.000  0.17 0.000000 9.999 0.259000 99.99 0.259000 0.015 0.000  0.391 0.000  0.548 0.000   3.328 0.000  2.011 0.000   1.317 0.000 0.009 0.000  0.082 0.000
137.208333 138.208333  29.26 0.000  1.55 0.000000 9.999 0.259000  0.30 0.000000 0.068 0.000  2.070 0.000  2.898 0.000   9.314 0.000  1.914 0.000   7.399 0.000 0.138 0.000  0.622 0.000
140.208333 141.208333  50.75 0.000  1.73 0.000000 9.999 0.259000  0.70 0.000000 0.106 0.000  2.828 0.000  3.959 0.000  16.422 0.000  7.294 0.000   9.128 0.000 0.043 0.000  0.771 0.000
143.208333 144.208333  14.57 0.000  0.85 0.000000 9.999 0.259000  0.59 0.000000 0.072 0.000  1.089 0.000  1.524 0.000   7.234 0.000  2.003 0.000   5.231 0.000 0.023 0.000  0.670 0.000
146.208333 147.208333   4.80 0.000  0.71 0.000000 0.023 0.000000  0.40 0.000000 0.032 0.000  0.802 0.000  1.123 0.000   5.149 0.000  1.671 0.000   3.478 0.000 0.013 0.000  0.484 0.000
149.208333 150.208333  15.54 0.000  2.03 0.000000 9.999 0.259000  1.18 0.000000 0.174 0.000  1.988 0.000  2.783 0.000  18.729 0.000  4.303 0.000  14.426 0.000 0.028 0.000  2.343 0.000
152.208333 153.208333   5.21 0.000 99.99 0.259000 9.999 0.259000  0.19 0.000000 0.010 0.000  0.768 0.000  1.075 0.000   7.435 0.000  5.089 0.000   2.345 0.000 0.032 0.000  0.163 0.000
155.208333 156.208333  21.12 0.000  1.08 0.000000 9.999 0.259000  0.48 0.000000 0.040 0.000  2.010 0.000  2.814 0.000  12.903 0.000  5.928 0.000   6.975 0.000 0.031 0.000  0.552 0.000
158.208333 159.208333  24.84 0.000  2.35 0.000000 9.999 0.259000  0.68 0.000000 0.042 0.000  1.799 0.000  2.518 0.000  20.710 0.000  0.799 0.000  19.912 0.000 0.035 0.000  3.358 0.000
161.208333 162.208333  16.27 0.000  0.72 0.000000 9.999 0.259000  0.35 0.000000 0.048 0.000  1.438 0.000  2.013 0.000  13.399 0.000  6.545 0.000   6.854 0.000 0.040 0.000  0.815 0.000
164.208333 165.208333   4.86 0.000  0.60 0.000000 9.999 0.259000  0.34 0.000000 0.023 0.000  0.725 0.000  1.015 0.000   5.547 0.000  2.136 0.000   3.411 0.000 0.015 0.000  0.259 0.000
167.208333 168.208333   7.71 0.000  0.99 0.000000 9.999 0.259000  0.26 0.000000 0.036 0.000  0.924 0.000  1.294 0.000   7.306 0.000  4.530 0.000   2.776 0.000 0.015 0.000  0.204 0.000
170.208333 171.208333  12.93 0.000  2.07 0.000000 9.999 0.259000  0.10 0.000000 0.013 0.000  1.541 0.000  2.157 0.000   9.300 0.000  4.803 0.000   4.497 0.000 0.029 0.000  0.175 0.000
173.208333 174.208333  13.86 0.000  1.25 0.000000 9.999 0.259000  0.30 0.000000 0.016 0.000  2.633 0.000  3.687 0.000   8.742 0.000  3.365 0.000   5.377 0.000 0.046 0.000  0.343 0.000
176.208333 177.208333  44.77 0.000  2.06 0.000000 9.999 0.259000  1.74 0.000000 0.073 0.000  3.809 0.000  5.332 0.000  26.884 0.000  7.224 0.000  19.660 0.000 0.112 0.000  2.675 0.000
179.208333 180.208333  29.25 0.000  2.04 0.000000 9.999 0.259000  0.31 0.000000 0.070 0.000  3.905 0.000  5.468 0.000  17.688 0.000  4.540 0.000  13.148 0.000 0.354 0.000  1.101 0.000
182.208333 183.208333  12.28 0.000  0.41 0.000000 9.999 0.259000  0.22 0.000000 0.014 0.000  1.256 0.000  1.758 0.000   6.660 0.000  3.710 0.000   2.950 0.000 0.077 0.000  0.147 0.000
185.208333 186.208333  17.36 0.000  4.72 0.000000 9.999 0.259000  0.43 0.000000 0.019 0.000  2.341 0.000  3.277 0.000  14.454 0.000  2.807 0.000  11.647 0.000 0.040 0.000  1.714 0.000
188.208333 189.208333  12.71 0.000  0.70 0.000000 9.999 0.259000  0.92 0.000000 0.028 0.000  1.871 0.000  2.620 0.000  13.296 0.000  1.850 0.000  11.446 0.000 0.034 0.000  1.578 0.000
191.208333 192.208333  12.68 0.000  0.44 0.000000 9.999 0.259000  0.75 0.000000 0.023 0.000  0.906 0.000  1.269 0.000   6.451 0.000  2.566 0.000   3.885 0.000 0.018 0.000  0.405 0.000
194.208333 195.208333   8.94 0.000  0.87 0.000000 0.084 0.000000  0.56 0.000000 0.013 0.000  1.417 0.000  1.983 0.000   8.783 0.000  2.146 0.000   6.637 0.000 0.035 0.000  0.930 0.000
197.208333 198.208333  11.42 0.000  0.44 0.000000 9.999 0.259000  0.29 0.000000 0.022 0.000  1.235 0.000  1.729 0.000   9.016 0.000  4.427 0.000   4.589 0.000 0.051 0.000  0.653 0.000
200.208333 201.208333   9.66 0.000  1.08 0.000000 0.043 0.000000  0.40 0.000000 0.019 0.000  1.370 0.000  1.919 0.000   8.538 0.000  1.869 0.000   6.669 0.000 0.016 0.000  0.863 0.000
203.208333 204.208333  20.83 0.000  0.59 0.000000 9.999 0.259000  0.63 0.000000 0.036 0.000  0.701 0.000  0.982 0.000  11.009 0.000  2.809 0.000   8.200 0.000 0.022 0.000  1.358 0.000
206.208333 207.208333  23.14 0.000  1.26 0.000000 9.999 0.259000  0.31 0.000000 0.028 0.000  2.882 0.000  4.035 0.000  14.092 0.000  4.119 0.000   9.973 0.000 0.028 0.000  0.955 0.000
209.208333 210.208333   6.32 0.394  0.56 0.394000 0.107 0.394000  0.25 0.394000 0.026 0.394  1.265 0.000  1.770 0.000   5.388 0.000  2.092 0.000   3.297 0.000 0.175 0.394  0.205 0.394
212.208333 213.208333   9.45 0.000  0.40 0.000000 9.999 0.259000  0.24 0.000000 0.011 0.000  1.650 0.000  2.310 0.000   7.269 0.000  3.054 0.000   4.215 0.000 0.015 0.000  0.174 0.000
215.208333 216.208333   5.02 0.000  0.62 0.000000 9.999 0.259000  0.28 0.000000 0.006 0.000  0.750 0.000  1.049 0.000   5.923 0.000  2.072 0.000   3.851 0.000 0.015 0.000  0.441 0.000
218.208333 219.208333   3.42 0.000  0.81 0.000000 9.999 0.259000  0.43 0.000000 0.008 0.000  0.667 0.000  0.933 0.000   3.268 0.000  1.418 0.000   1.850 0.000 0.011 0.000  0.199 0.000
221.208333 222.208333  10.59 0.000  0.39 0.000000 9.999 0.259000  0.70 0.000000 0.036 0.000  0.956 0.000  1.338 0.000   9.681 0.000  2.280 0.000   7.401 0.000 0.020 0.000  1.047 0.000
224.208333 225.208333   6.45 0.000  0.37 0.000000 9.999 0.259000  0.43 0.000000 0.016 0.000  1.907 0.000  2.670 0.000   8.975 0.000  3.244 0.000   5.731 0.000 0.017 0.000  0.473 0.000
227.208333 228.208333  18.24 0.000  1.41 0.000000 0.049 0.000000  0.52 0.000000 0.036 0.000  3.170 0.000  4.438 0.000  13.726 0.000  3.634 0.000  10.093 0.000 0.033 0.000  0.923 0.000
230.208333 231.208333  18.48 0.000  0.44 0.000000 9.999 0.259000  0.29 0.000000 0.026 0.000  2.009 0.000  2.812 0.000   9.300 0.000  4.252 0.000   5.048 0.000 0.056 0.000  0.205 0.000
233.208333 234.208333  33.78 0.000  2.53 0.000000 9.999 0.259000  2.31 0.000000 0.064 0.000  3.773 0.000  5.282 0.000  36.996 0.000  3.049 0.000  33.947 0.000 0.036 0.000  5.463 0.000
236.208333 237.208333  20.85 0.000  0.92 0.000000 9.999 0.259000  0.36 0.000000 0.027 0.000  0.905 0.000  1.267 0.000   5.760 0.000  2.805 0.000   2.954 0.000 0.115 0.000  0.196 0.000
239.208333 240.208333   6.72 0.000  0.49 0.000000 9.999 0.259000  0.34 0.000000 0.012 0.000  0.825 0.000  1.155 0.000   7.026 0.000  4.691 0.000   2.335 0.000 0.135 0.000  0.167 0.000
242.208333 243.208333   3.65 0.000  0.60 0.000000 9.999 0.259000  0.38 0.000000 0.022 0.000  0.999 0.000  1.398 0.000   3.452 0.000  1.006 0.000   2.446 0.000 0.147 0.000  0.145 0.000
245.208333 246.208333   9.05 0.000  0.28 0.000000 9.999 0.259000  0.10 0.000000 0.019 0.000  0.786 0.000  1.101 0.000   3.082 0.000  1.723 0.000   1.359 0.000 0.009 0.000  0.069 0.000
248.208333 249.208333   6.59 0.000  1.13 0.000000 9.999 0.259000  0.33 0.000000 0.022 0.000  1.221 0.000  1.710 0.000   5.270 0.000  2.071 0.000   3.198 0.000 0.182 0.000  0.201 0.000
251.208333 252.208333   9.78 0.000  0.19 0.000000 9.999 0.259000  0.12 0.000000 0.008 0.000  0.631 0.000  0.883 0.000   3.197 0.000  2.038 0.000   1.159 0.000 0.023 0.000  0.063 0.000
254.208333 255.208333  20.56 0.000  0.40 0.000000 0.021 0.000000  0.41 0.000000 0.034 0.000  1.387 0.000  1.942 0.000   8.374 0.000  5.144 0.000   3.231 0.000 0.018 0.000  0.193 0.000
257.208333 258.208333   9.14 0.000  0.30 0.000000 9.999 0.259000  0.40 0.000000 0.048 0.000  1.069 0.000  1.496 0.000   6.660 0.000  3.493 0.000   3.168 0.000 0.018 0.000  0.246 0.000
