scripts/IMPROVE-2019_partial/data/US9057R.20030103060000.20191216000000.filterpack..pm25.1y.1w.US03L_filterpack_US9057.US03L_IMPROVE_Davis.lev2.nas
66 1001
MISSING INFORMATION
US03L, IMPROVE, , , , , , , 
MISSING INFORMATION
IMPROVE sel_HTAP
1 1
2003 01 01 2019 12 16
3.00
days from file reference point
27
1 1 1 1 1 1 1 1 1 1 1 1 1 1 1 1 1 1 1 1 1 1 1 1 1 1 1
999.99 9999.99 9.999 99.99 9.999 9.999 9.999 9.99 9.999 99.999 9.999 99.999 9.999 999.999 9.999 999.9 9.999 999.999 9.999 999.999 9.999 999.999 9.999 9.999 9.999 99.999 9.999
end_time of measurement, days from the file reference point
iron, ng/m3, Revision date=20181210133000
numflag iron, no unit, Revision date=20181210133000
lead, ng/m3, Revision date=20181210133000
numflag lead, no unit, Revision date=20181210133000
magnesium, ug/m3, Revision date=20181210133000
numflag magnesium, no unit, Revision date=20181210133000
nickel, ng/m3, Revision date=20181210133000
numflag nickel, no unit, Revision date=20181210133000
nitrate, ug N/m3, Revision date=20181210133000
numflag nitrate, no unit, Revision date=20181210133000
organic_carbon, ug C/m3, Revision date=20181210133000
numflag organic_carbon, no unit, Revision date=20181210133000
organic_mass, ug/m3, Revision date=20181210133000
numflag organic_mass, no unit, Revision date=20181210133000
phosphorus, ng/m3, Revision date=20181210133000
numflag phosphorus, no unit, Revision date=20181210133000
pm10_mass, ug/m3, Version=2, Version description=Data extracted from http://views.cira.colostate.edu/fed/DataWizard 2019-12-16, Sample duration=1d, Orig. time res.=3d, Matrix=pm10, Blank correction=Blank corrected, Volume std. temperature=ambient, Volume std. pressure=ambient
numflag pm10_mass, no unit, Version=2, Version description=Data extracted from http://views.cira.colostate.edu/fed/DataWizard 2019-12-16, Sample duration=1d, Orig. time res.=3d, Matrix=pm10, Blank correction=Blank corrected, Volume std. temperature=ambient, Volume std. pressure=ambient
pm10_pm25_mass, ug/m3, Revision date=20181210133000, Matrix=pm10_pm25
numflag pm10_pm25_mass, no unit, Revision date=20181210133000, Matrix=pm10_pm25
pm25_mass, ug/m3, Version=2, Version description=Data extracted from http://views.cira.colostate.edu/fed/DataWizard 2019-12-16, Sample duration=1d, Orig. time res.=3d, Blank correction=Blank corrected, Volume std. temperature=ambient, Volume std. pressure=ambient
numflag pm25_mass, no unit, Version=2, Version description=Data extracted from http://views.cira.colostate.edu/fed/DataWizard 2019-12-16, Sample duration=1d, Orig. time res.=3d, Blank correction=Blank corrected, Volume std. temperature=ambient, Volume std. pressure=ambient
potassium, ug/m3, Revision date=20181210133000
numflag potassium, no unit, Revision date=20181210133000
sulphate_total, ug S/m3, Revision date=20181210133000
numflag sulphate_total, no unit, Revision date=20181210133000
0
25
Data definition:              EBAS_1.1
Set type code:                TU
Timezone:                     UTC
File name:                    US9057R.20030103060000.20191216000000.filterpack..pm25.1y.1w.US03L_filterpack_US9057.US03L_IMPROVE_Davis.lev2.nas
File creation:                20191218120918
Startdate:                    20030103060000
Revision date:                20191216000000
Statistics:                   arithmetic mean
Data level:                   2
Period code:                  1y
Resolution code:              1w
Station code:                 US9057R
Platform code:                US9057S
Station name:                 Sac and Fox
Station latitude:             39.9791
Station longitude:            -95.5682
Station altitude:             293.0 m
Regime:                       IMG
Component:                    
Matrix:                       pm25
Laboratory code:              US03L
Instrument type:              filterpack
Instrument name:              filterpack_US9057
Method ref:                   US03L_IMPROVE_Davis
starttime endtime Fe flag_Fe Pb flag_Pb Mg++ flag_Mg++ Ni flag_Ni NO3- flag_NO3- OC flag_OC OM flag_OM P flag_P PM10 flag_PM10 PM10-PM2.5 flag_PM10-PM2.5 PM2.5 flag_PM2.5 K+ flag_K+ SO4-- flag_SO4--
  2.25   3.25   53.80 0.000  4.02 0.000 9.999 0.259 9.99 0.259  1.174 0.000  1.589 0.000   2.225 0.000  48.4 0.000  26.397 0.000  13.365 0.000  13.032 0.000 0.061 0.000  0.478 0.000
  5.25   6.25   12.66 0.000  4.51 0.000 9.999 0.259 9.99 0.259  0.561 0.000  0.503 0.000   0.704 0.000 999.9 0.259  13.805 0.000   5.790 0.000   8.015 0.000 0.020 0.000  0.800 0.000
  8.25   9.25   30.12 0.000  0.69 0.000 9.999 0.259 0.06 0.000  0.078 0.000  0.275 0.000   0.386 0.000 999.9 0.259  20.999 0.000  18.342 0.000   2.657 0.000 0.026 0.000  0.166 0.000
 11.25  12.25   60.13 0.000  0.87 0.000 9.999 0.259 0.05 0.000  0.551 0.000  1.610 0.000   2.255 0.000 999.9 0.259  13.145 0.000   5.778 0.000   7.367 0.000 0.066 0.000  0.154 0.000
 14.25  15.25   48.15 0.000  2.52 0.000 9.999 0.259 9.99 0.259  0.530 0.000  0.824 0.000   1.154 0.000 999.9 0.259  23.332 0.000  16.722 0.000   6.609 0.000 0.038 0.000  0.209 0.000
 17.25  18.25   28.66 0.000  2.28 0.000 9.999 0.259 9.99 0.259  0.502 0.000  1.428 0.000   1.999 0.000 999.9 0.259  14.524 0.000   7.213 0.000   7.312 0.000 0.060 0.000  0.367 0.000
 20.25  21.25   19.36 0.000  2.52 0.000 9.999 0.259 9.99 0.259  0.289 0.000  0.662 0.000   0.927 0.000 999.9 0.259  14.466 0.000   9.309 0.000   5.156 0.000 0.029 0.000  0.345 0.000
 23.25  24.25   31.62 0.000  3.11 0.000 9.999 0.259 0.07 0.000  1.044 0.000  1.785 0.000   2.499 0.000 999.9 0.259  22.904 0.000  10.887 0.000  12.017 0.000 0.052 0.000  0.337 0.000
 26.25  27.25   26.58 0.000  2.28 0.000 9.999 0.259 0.08 0.000  0.881 0.000  2.206 0.000   3.088 0.000 999.9 0.259  23.688 0.000  11.718 0.000  11.970 0.000 0.051 0.000  0.544 0.000
 29.25  30.25   24.31 0.000  3.02 0.000 9.999 0.259 9.99 0.259  1.613 0.000  1.962 0.000   2.748 0.000 999.9 0.259  24.747 0.000   7.325 0.000  17.422 0.000 0.056 0.000  0.912 0.000
 32.25  33.25   41.93 0.000  3.06 0.000 9.999 0.259 0.07 0.000  0.689 0.000  3.128 0.000   4.379 0.000 999.9 0.259  20.958 0.000   8.619 0.000  12.339 0.000 0.075 0.000  0.696 0.000
 35.25  36.25   30.28 0.000  2.06 0.000 9.999 0.259 9.99 0.259  0.876 0.000  1.063 0.000   1.488 0.000 999.9 0.259  14.102 0.000   4.771 0.000   9.331 0.000 0.037 0.000  0.306 0.000
 38.25  39.25    7.05 0.000  1.03 0.000 0.029 0.000 0.03 0.000  0.469 0.000  0.583 0.000   0.816 0.000 999.9 0.259   8.638 0.000   2.729 0.000   5.909 0.000 0.014 0.000  0.488 0.000
 41.25  42.25   16.48 0.000  0.50 0.000 9.999 0.259 9.99 0.259  0.456 0.000  0.482 0.000   0.675 0.000 999.9 0.259  11.568 0.000   6.736 0.000   4.832 0.000 0.020 0.000  0.285 0.000
 44.25  45.25   10.94 0.000  1.86 0.000 9.999 0.259 9.99 0.259  1.113 0.000  1.593 0.000   2.230 0.000 999.9 0.259  12.626 0.000   0.752 0.000  11.874 0.000 0.042 0.000  0.381 0.000
 47.25  48.25   25.57 0.000  3.89 0.000 9.999 0.259 9.99 0.259  1.621 0.000  1.591 0.000   2.228 0.000 999.9 0.259  17.361 0.000   2.515 0.000  14.846 0.000 0.043 0.000  0.477 0.000
 50.25  51.25   16.25 0.000  1.05 0.000 0.016 0.000 9.99 0.259  0.583 0.000  1.187 0.000   1.662 0.000 999.9 0.259   9.470 0.000   3.744 0.000   5.726 0.000 0.028 0.000  0.195 0.000
 53.25  54.25   12.90 0.000  1.72 0.000 9.999 0.259 9.99 0.259  0.546 0.000  0.607 0.000   0.850 0.000 999.9 0.259  15.210 0.000   7.409 0.000   7.801 0.000 0.022 0.000  0.704 0.000
 56.25  57.25   42.16 0.000  2.00 0.000 9.999 0.259 9.99 0.259  1.613 0.000  2.186 0.000   3.060 0.000 999.9 0.259  24.715 0.000   7.664 0.000  17.051 0.000 0.069 0.000  0.834 0.000
 59.25  60.25   40.76 0.000  7.78 0.000 9.999 0.259 9.99 0.259  2.957 0.000  2.210 0.000   3.093 0.000 999.9 0.259  30.718 0.000   1.651 0.000  29.066 0.000 0.045 0.000  1.752 0.000
 62.25  63.25   32.31 0.000  1.65 0.000 9.999 0.259 9.99 0.259  1.182 0.000  1.180 0.000   1.651 0.000 999.9 0.259  21.529 0.000   7.525 0.000  14.004 0.000 0.040 0.000  1.044 0.000
 65.25  66.25   34.46 0.000  2.43 0.000 9.999 0.259 9.99 0.259  1.702 0.000  1.302 0.000   1.823 0.000 999.9 0.259  22.282 0.000   3.968 0.000  18.314 0.000 0.044 0.000  1.223 0.000
 68.25  69.25   28.03 0.000  2.20 0.000 9.999 0.259 0.15 0.000  0.553 0.000  1.247 0.000   1.746 0.000 999.9 0.259  14.961 0.000   6.701 0.000   8.260 0.000 0.043 0.000  0.571 0.000
 71.25  72.25   33.53 0.000  2.88 0.000 0.026 0.000 9.99 0.259  3.506 0.000  2.233 0.000   3.127 0.000 999.9 0.259 999.999 0.456 999.999 0.999  33.072 0.000 0.068 0.000  1.942 0.000
 74.25  75.25   49.62 0.000  3.43 0.000 9.999 0.259 0.16 0.000  0.591 0.000  5.271 0.000   7.379 0.000 999.9 0.259  27.985 0.000   8.754 0.000  19.231 0.000 0.110 0.000  1.661 0.000
 77.25  78.25   21.23 0.000  2.91 0.000 9.999 0.259 9.99 0.259  1.706 0.000  1.013 0.000   1.418 0.000 999.9 0.259  21.311 0.000   1.169 0.000  20.142 0.000 0.029 0.000  1.774 0.000
 80.25  81.25   38.67 0.000  1.99 0.000 9.999 0.259 9.99 0.259  0.482 0.000  1.263 0.000   1.768 0.000 999.9 0.259   8.723 0.000   4.001 0.000   4.722 0.000 0.030 0.000  0.415 0.000
 83.25  84.25   43.70 0.000  2.45 0.000 9.999 0.259 9.99 0.259  0.171 0.000  2.205 0.000   3.088 0.000 999.9 0.259  14.420 0.000   9.483 0.000   4.937 0.000 0.056 0.000  0.148 0.000
 86.25  87.25   15.03 0.000  0.88 0.000 9.999 0.259 9.99 0.259  0.396 0.000  0.413 0.000   0.578 0.000 999.9 0.259  10.564 0.000   4.050 0.000   6.514 0.000 0.017 0.000  0.907 0.000
 89.25  90.25   32.18 0.000  0.86 0.000 0.022 0.000 0.06 0.000  0.201 0.000  3.140 0.000   4.396 0.000 999.9 0.259  19.066 0.000  11.779 0.000   7.287 0.000 0.084 0.000  0.234 0.000
 92.25  93.25   57.17 0.000  2.85 0.000 9.999 0.259 0.23 0.000  0.471 0.000  1.842 0.000   2.579 0.000 999.9 0.259  35.057 0.000  24.175 0.000  10.882 0.000 0.066 0.000  0.987 0.000
 95.25  96.25   20.03 0.000  2.58 0.000 9.999 0.259 0.08 0.000  0.938 0.000  0.657 0.000   0.920 0.000 999.9 0.259  11.588 0.000   0.526 0.000  11.062 0.000 0.023 0.000  0.878 0.000
 98.25  99.25   22.01 0.000  2.20 0.000 9.999 0.259 0.07 0.000  0.994 0.000  1.087 0.000   1.521 0.000 999.9 0.259  10.247 0.000   1.223 0.000   9.025 0.000 0.026 0.000  0.629 0.000
101.25 102.25   68.94 0.000  3.01 0.000 9.999 0.259 9.99 0.259  0.719 0.000  7.153 0.000  10.014 0.000 999.9 0.259  36.951 0.000  18.921 0.000  18.030 0.000 0.178 0.000  0.642 0.000
104.25 105.25   52.53 0.000  1.43 0.000 9.999 0.259 0.30 0.000  0.131 0.000  5.751 0.000   8.051 0.000 999.9 0.259  35.044 0.000  18.113 0.000  16.930 0.000 0.108 0.000  1.272 0.000
107.25 108.25   48.60 0.000  2.76 0.000 9.999 0.259 0.12 0.000  1.527 0.000  1.548 0.000   2.167 0.000 999.9 0.259  26.126 0.000   7.308 0.000  18.818 0.000 0.044 0.000  1.664 0.000
110.25 111.25   23.64 0.000  0.90 0.000 9.999 0.259 9.99 0.259  0.146 0.000  0.750 0.000   1.051 0.000 999.9 0.259   9.133 0.000   6.288 0.000   2.845 0.000 0.020 0.000  0.238 0.000
113.25 114.25   29.59 0.000  2.31 0.000 9.999 0.259 9.99 0.259  0.316 0.000  1.192 0.000   1.669 0.000 999.9 0.259   9.107 0.000   2.069 0.000   7.038 0.000 0.033 0.000  0.764 0.000
116.25 117.25   70.43 0.000  5.44 0.000 9.999 0.259 9.99 0.259  0.330 0.000  2.252 0.000   3.152 0.000 999.9 0.259  17.981 0.000   7.192 0.000  10.789 0.000 0.075 0.000  1.146 0.000
119.25 120.25   49.73 0.000  3.28 0.000 9.999 0.259 0.15 0.000  1.168 0.000  1.861 0.000   2.605 0.000 999.9 0.259  20.497 0.000   6.670 0.000  13.827 0.000 0.052 0.000  1.388 0.000
122.25 123.25   79.50 0.000  2.51 0.000 9.999 0.259 0.07 0.000  0.407 0.000  1.662 0.000   2.327 0.000 999.9 0.259  20.666 0.000  11.438 0.000   9.228 0.000 0.053 0.000  1.113 0.000
125.25 126.25   26.03 0.000  1.92 0.000 9.999 0.259 9.99 0.259  0.483 0.000  0.903 0.000   1.265 0.000 999.9 0.259   8.782 0.000   5.071 0.000   3.712 0.000 0.015 0.000  0.418 0.000
128.25 129.25   12.46 0.000  0.45 0.000 9.999 0.259 9.99 0.259  0.062 0.000  0.623 0.000   0.872 0.000 999.9 0.259   6.612 0.000   4.473 0.000   2.139 0.000 0.019 0.000  0.170 0.000
131.25 132.25   31.32 0.000  1.38 0.000 9.999 0.259 9.99 0.259  0.058 0.000  0.974 0.000   1.363 0.000 999.9 0.259   9.315 0.000   4.685 0.000   4.630 0.000 0.025 0.000  0.454 0.000
134.25 135.25   16.83 0.000  2.09 0.000 9.999 0.259 9.99 0.259  0.400 0.000  0.717 0.000   1.004 0.000 999.9 0.259  10.124 0.000   5.957 0.000   4.167 0.000 0.014 0.000  0.502 0.000
137.25 138.25   67.22 0.000  4.04 0.000 9.999 0.259 9.99 0.259  0.217 0.000  2.018 0.000   2.825 0.000 999.9 0.259  27.522 0.000   9.336 0.000  18.186 0.000 0.066 0.000  2.848 0.000
140.25 141.25   28.18 0.000  1.46 0.000 9.999 0.259 9.99 0.259  0.241 0.000  0.804 0.000   1.126 0.000 999.9 0.259  12.885 0.000   8.449 0.000   4.436 0.000 0.022 0.000  0.388 0.000
143.25 144.25   27.49 0.000  4.86 0.000 0.014 0.000 9.99 0.259  0.455 0.000  1.853 0.000   2.595 0.000 999.9 0.259  14.430 0.000   3.827 0.000  10.603 0.000 0.027 0.000  1.175 0.000
146.25 147.25   44.28 0.000  1.94 0.000 9.999 0.259 9.99 0.259  0.129 0.000  1.899 0.000   2.659 0.000 999.9 0.259  22.935 0.000  13.173 0.000   9.762 0.000 0.045 0.000  0.943 0.000
149.25 150.25   97.99 0.000  1.54 0.000 9.999 0.259 9.99 0.259  0.056 0.000  2.489 0.000   3.484 0.000 999.9 0.259  51.221 0.000  41.648 0.000   9.572 0.000 0.088 0.000  0.493 0.000
152.25 153.25   19.02 0.000  2.91 0.000 9.999 0.259 9.99 0.259  0.266 0.000  2.487 0.000   3.481 0.000 999.9 0.259  10.816 0.000   2.626 0.000   8.190 0.000 0.028 0.000  0.812 0.000
155.25 156.25   60.14 0.000  2.23 0.000 9.999 0.259 9.99 0.259  0.259 0.000  1.929 0.000   2.700 0.000 999.9 0.259  18.203 0.000   5.679 0.000  12.525 0.000 0.035 0.000  1.641 0.000
158.25 159.25   14.62 0.000  0.80 0.000 9.999 0.259 9.99 0.259  0.060 0.000  0.393 0.000   0.549 0.000 999.9 0.259   5.999 0.000   4.033 0.000   1.967 0.000 0.011 0.000  0.201 0.000
161.25 162.25   24.23 0.000  2.49 0.000 9.999 0.259 9.99 0.259  0.169 0.000  0.944 0.000   1.322 0.000 999.9 0.259  10.978 0.000   6.359 0.000   4.619 0.000 0.020 0.000  0.468 0.000
164.25 165.25   45.95 0.000  1.64 0.000 9.999 0.259 9.99 0.259  0.059 0.000  1.123 0.000   1.572 0.000 999.9 0.259  16.741 0.000  11.432 0.000   5.309 0.000 0.028 0.000  0.418 0.000
167.25 168.25   68.85 0.000  1.77 0.000 9.999 0.259 9.99 0.259  0.082 0.000  1.907 0.000   2.670 0.000 999.9 0.259  23.742 0.000  14.198 0.000   9.544 0.000 0.037 0.000  0.945 0.000
170.25 171.25   31.96 0.000  1.59 0.000 9.999 0.259 9.99 0.259  0.041 0.000  1.551 0.000   2.172 0.000 999.9 0.259  18.030 0.000  12.377 0.000   5.654 0.000 0.032 0.000  0.307 0.000
173.25 174.25   30.71 0.000  1.44 0.000 9.999 0.259 0.10 0.000  0.043 0.000  1.756 0.000   2.458 0.000 999.9 0.259  16.782 0.000   5.447 0.000  11.335 0.000 0.080 0.000  1.355 0.000
176.25 177.25   17.48 0.000 99.99 0.259 9.999 0.259 9.99 0.259  0.034 0.000  0.593 0.000   0.830 0.000 999.9 0.259  10.919 0.000   7.798 0.000   3.120 0.000 0.015 0.000  0.295 0.000
179.25 180.25   20.62 0.000  2.19 0.000 9.999 0.259 9.99 0.259  0.039 0.000  1.350 0.000   1.889 0.000 999.9 0.259  10.169 0.000   5.354 0.000   4.815 0.000 0.035 0.000  0.316 0.000
182.25 183.25   64.97 0.000  1.69 0.000 9.999 0.259 0.08 0.000  0.108 0.000  2.144 0.000   3.002 0.000 999.9 0.259  26.455 0.000  13.093 0.000  13.362 0.000 0.115 0.000  1.553 0.000
185.25 186.25   61.68 0.000  6.76 0.000 0.051 0.000 0.11 0.000  0.143 0.000  2.678 0.000   3.749 0.000 999.9 0.259  25.298 0.000   7.968 0.000  17.330 0.000 0.309 0.000  2.036 0.000
188.25 189.25  128.92 0.000  0.97 0.000 9.999 0.259 0.22 0.000  0.154 0.000  1.031 0.000   1.444 0.000 999.9 0.259  21.222 0.000  12.745 0.000   8.477 0.000 0.104 0.000  0.772 0.000
191.25 192.25   57.09 0.000  1.31 0.000 9.999 0.259 9.99 0.259  0.062 0.000  1.337 0.000   1.872 0.000 999.9 0.259  16.775 0.000  11.164 0.000   5.611 0.000 0.026 0.000  0.412 0.000
194.25 195.25  134.14 0.000  1.67 0.000 9.999 0.259 0.13 0.000  0.107 0.000  2.204 0.000   3.086 0.000 999.9 0.259  26.481 0.000  14.049 0.000  12.432 0.000 0.066 0.000  1.174 0.000
197.25 198.25  159.57 0.000  1.36 0.000 9.999 0.259 0.15 0.000  0.108 0.000  1.350 0.000   1.890 0.000 999.9 0.259  24.020 0.000  14.452 0.000   9.568 0.000 0.096 0.000  0.774 0.000
200.25 201.25  116.77 0.000  1.22 0.000 9.999 0.259 0.09 0.000  0.236 0.000  2.089 0.000   2.925 0.000 999.9 0.259  26.144 0.000  12.038 0.000  14.106 0.000 0.071 0.000  1.575 0.000
203.25 204.25   59.66 0.000  3.20 0.000 9.999 0.259 9.99 0.259  0.067 0.000  0.921 0.000   1.289 0.000 999.9 0.259  15.960 0.000  11.022 0.000   4.938 0.000 0.037 0.000  0.233 0.000
206.25 207.25  234.97 0.000  1.60 0.000 9.999 0.259 0.16 0.000  0.085 0.000  2.340 0.000   3.276 0.000 999.9 0.259  34.641 0.000  19.178 0.000  15.463 0.000 0.111 0.000  1.400 0.000
209.25 210.25   67.17 0.000  2.29 0.000 0.023 0.000 9.99 0.259  0.078 0.559  2.084 0.000   2.917 0.000 999.9 0.259  22.807 0.000  13.687 0.000   9.120 0.000 0.038 0.000  0.732 0.559
212.25 213.25   48.41 0.000  0.75 0.000 9.999 0.259 9.99 0.259  0.097 0.559  3.092 0.000   4.329 0.000 999.9 0.259  14.977 0.000   6.527 0.000   8.450 0.000 0.056 0.000  0.350 0.559
215.25 216.25   73.79 0.000  3.29 0.000 9.999 0.259 9.99 0.259  0.047 0.559  1.704 0.000   2.386 0.000 999.9 0.259  17.774 0.000   9.989 0.000   7.785 0.000 0.033 0.000  0.554 0.559
218.25 219.25   58.52 0.000  1.81 0.000 9.999 0.259 0.07 0.000  0.088 0.559  1.313 0.000   1.839 0.000 999.9 0.259  21.416 0.000  13.027 0.000   8.389 0.000 0.042 0.000  0.862 0.559
221.25 222.25   47.44 0.000  3.66 0.000 9.999 0.259 0.06 0.000  0.041 0.559  1.597 0.000   2.236 0.000 999.9 0.259  19.309 0.000   9.864 0.000   9.444 0.000 0.038 0.000  0.994 0.559
224.25 225.25   37.37 0.000  5.49 0.000 0.082 0.000 0.08 0.000  0.124 0.559  1.810 0.000   2.535 0.000 999.9 0.259  20.420 0.000   7.112 0.000  13.308 0.000 0.035 0.000  1.653 0.559
227.25 228.25   74.00 0.000  0.89 0.000 9.999 0.259 0.19 0.000  0.143 0.559  1.279 0.000   1.790 0.000 999.9 0.259  23.644 0.000  13.763 0.000   9.881 0.000 0.050 0.000  1.226 0.559
230.25 231.25 9999.99 0.999 99.99 0.999 9.999 0.999 9.99 0.999  0.059 0.559  1.060 0.000   1.484 0.000 999.9 0.999  17.943 0.000 999.999 0.999 999.999 0.999 9.999 0.999  0.671 0.559
233.25 234.25 9999.99 0.999 99.99 0.999 9.999 0.999 9.99 0.999  0.055 0.559  5.958 0.000   8.341 0.000 999.9 0.999  33.813 0.000 999.999 0.999 999.999 0.999 9.999 0.999  0.513 0.559
236.25 237.25 9999.99 0.999 99.99 0.999 9.999 0.999 9.99 0.999  0.049 0.559  3.631 0.000   5.084 0.000 999.9 0.999  33.807 0.000 999.999 0.999 999.999 0.999 9.999 0.999  1.612 0.559
239.25 240.25 9999.99 0.999 99.99 0.999 9.999 0.999 9.99 0.999  0.165 0.559  1.939 0.000   2.714 0.000 999.9 0.999  18.178 0.000 999.999 0.999 999.999 0.999 9.999 0.999  1.027 0.559
242.25 243.25   24.21 0.000  2.82 0.000 9.999 0.259 9.99 0.259  0.542 0.559  2.564 0.000   3.589 0.000 999.9 0.259  14.916 0.000   3.651 0.000  11.265 0.000 0.053 0.000  0.985 0.559
245.25 246.25   64.60 0.000  1.63 0.000 9.999 0.259 9.99 0.259  0.084 0.000  1.926 0.000   2.697 0.000 999.9 0.259  25.937 0.000  18.622 0.000   7.315 0.000 0.039 0.000  0.526 0.000
248.25 249.25   75.38 0.000  2.62 0.000 9.999 0.259 0.04 0.000  0.080 0.000  1.677 0.000   2.347 0.000 999.9 0.259  25.200 0.000  17.206 0.000   7.994 0.000 0.048 0.000  0.715 0.000
251.25 252.25   57.08 0.000  1.53 0.000 9.999 0.259 0.09 0.000  0.120 0.559  3.571 0.000   4.999 0.000 999.9 0.259  34.182 0.000  12.488 0.000  21.694 0.000 0.057 0.000  2.924 0.559
254.25 255.25   18.52 0.000  2.69 0.000 9.999 0.259 9.99 0.259  0.118 0.000  0.799 0.000   1.119 0.000 999.9 0.259   8.483 0.000   4.919 0.000   3.564 0.000 0.020 0.000  0.313 0.000
257.25 258.25   33.29 0.000  0.68 0.000 9.999 0.259 0.11 0.000  0.025 0.559  0.808 0.000   1.131 0.000 999.9 0.259  13.437 0.000  10.721 0.000   2.716 0.000 0.014 0.000  0.163 0.559
260.25 261.25   17.40 0.000  1.76 0.000 9.999 0.259 0.04 0.000  0.032 0.000  1.466 0.000   2.053 0.000 999.9 0.259  11.532 0.000   5.448 0.000   6.084 0.000 0.034 0.000  0.494 0.000
