scripts/IMPROVE-2019_partial/data/US9068R.20070103070000.20191216000000.filterpack...1y.3d.US03L_filterpack_US9068.US03L_IMPROVE_Davis.lev2.nas
52 1001
MISSING INFORMATION
US03L, IMPROVE, , , , , , , 
MISSING INFORMATION
IMPROVE sel_HTAP
1 1
2007 01 01 2019 12 16
3.000000
days from file reference point
5
1 1 1 1 1
999.999999 999.999 9.999 999.999 9.999
end_time of measurement, days from the file reference point
pm10_mass, ug/m3, Matrix=pm10
numflag pm10_mass, no unit, Matrix=pm10
pm25_mass, ug/m3, Matrix=pm25
numflag pm25_mass, no unit, Matrix=pm25
0
33
Data definition:              EBAS_1.1
Set type code:                TU
Timezone:                     UTC
File name:                    US9068R.20070103070000.20191216000000.filterpack...1y.3d.US03L_filterpack_US9068.US03L_IMPROVE_Davis.lev2.nas
File creation:                20191218121012
Startdate:                    20070103070000
Revision date:                20191216000000
Version:                      2
Version description:          "Data extracted from http://views.cira.colostate.edu/fed/DataWizard 2019-12-16"
Statistics:                   arithmetic mean
Data level:                   2
Period code:                  1y
Resolution code:              3d
Sample duration:              1d
Orig. time res.:              3d
Station code:                 US9068R
Platform code:                US9068S
Station name:                 Salt Creek
Station latitude:             33.4598
Station longitude:            -104.4042
Station altitude:             1072.0 m
Regime:                       IMG
Component:                    
Unit:                         ug/m3
Matrix:                       
Laboratory code:              US03L
Instrument type:              filterpack
Instrument name:              filterpack_US9068
Method ref:                   US03L_IMPROVE_Davis
Blank correction:             Blank corrected
Volume std. temperature:      ambient
Volume std. pressure:         ambient
starttime endtime PM10 flag_PM10 PM2.5 flag_PM2.5
  2.291667   3.291667  12.567 0.000   8.575 0.000
  5.291667   6.291667   4.157 0.000   1.861 0.000
  8.291667   9.291667  14.104 0.000   2.751 0.000
 11.291667  12.291667  12.317 0.000   7.866 0.000
 14.291667  15.291667   5.583 0.000   4.400 0.000
 17.291667  18.291667  12.747 0.000 999.999 0.456
 20.291667  21.291667   5.206 0.000   4.601 0.000
 23.291667  24.291667   2.280 0.000   1.836 0.000
 26.291667  27.291667   4.809 0.000   3.490 0.000
 29.291667  30.291667   8.941 0.000   5.566 0.000
 32.291667  33.291667   7.370 0.000   5.266 0.000
 35.291667  36.291667   7.464 0.000   4.321 0.000
 38.291667  39.291667  25.534 0.000  21.516 0.000
 41.291667  42.291667  10.941 0.000   8.271 0.000
 44.291667  45.291667 999.999 0.999 999.999 0.999
 47.291667  48.291667   4.860 0.000   1.382 0.000
 50.291667  51.291667   5.333 0.000   1.509 0.000
 53.291667  54.291667  36.559 0.000   4.686 0.000
 56.291667  57.291667   7.839 0.000   1.820 0.000
 59.291667  60.291667   7.372 0.000   1.216 0.000
 62.291667  63.291667   9.348 0.000   2.602 0.000
 65.291667  66.291667 999.999 0.999 999.999 0.999
 68.291667  69.291667  15.512 0.000   3.692 0.000
 71.291667  72.291667   3.662 0.000   2.240 0.000
 74.291667  75.291667 999.999 0.999 999.999 0.999
 77.291667  78.291667 999.999 0.999 999.999 0.999
 80.291667  81.291667  11.648 0.000   7.511 0.000
 83.291667  84.291667   3.111 0.000   1.578 0.000
 86.291667  87.291667  21.191 0.000   5.570 0.000
 89.291667  90.291667   2.745 0.000   1.512 0.000
 92.291667  93.291667  12.332 0.000   3.488 0.000
 95.291667  96.291667  16.494 0.000   7.957 0.000
 98.291667  99.291667   8.018 0.000   4.995 0.000
101.291667 102.291667  21.883 0.000   4.835 0.000
104.291667 105.291667   9.476 0.000   2.811 0.000
107.291667 108.291667  13.187 0.000   5.076 0.000
110.291667 111.291667  30.565 0.000   6.954 0.000
113.291667 114.291667   8.235 0.000   2.135 0.000
116.291667 117.291667  18.984 0.000   4.714 0.000
119.291667 120.291667   6.230 0.000   3.597 0.000
122.291667 123.291667   9.852 0.000   4.048 0.000
125.291667 126.291667  10.280 0.000   3.920 0.000
128.291667 129.291667 999.999 0.999 999.999 0.999
131.291667 132.291667   9.353 0.000   4.879 0.000
134.291667 135.291667  14.648 0.000   5.736 0.000
137.291667 138.291667  11.982 0.000   6.435 0.000
140.291667 141.291667  13.301 0.000   6.854 0.000
143.291667 144.291667  11.108 0.000   4.112 0.000
146.291667 147.291667   7.262 0.000   3.831 0.000
149.291667 150.291667 999.999 0.999 999.999 0.999
152.291667 153.291667  11.161 0.000   5.543 0.000
155.291667 156.291667   9.155 0.000   4.246 0.000
158.291667 159.291667  31.513 0.000   7.126 0.000
161.291667 162.291667  13.705 0.000   7.917 0.000
164.291667 165.291667  11.486 0.000   3.389 0.000
167.291667 168.291667  12.804 0.000   4.587 0.000
170.291667 171.291667  13.915 0.000   4.590 0.000
173.291667 174.291667  12.719 0.000   7.852 0.000
176.291667 177.291667 999.999 0.999  12.227 0.000
179.291667 180.291667 999.999 0.999   6.223 0.000
182.291667 183.291667 999.999 0.999   7.365 0.000
185.291667 186.291667 999.999 0.999   4.341 0.000
188.291667 189.291667 999.999 0.999   5.493 0.000
191.291667 192.291667 999.999 0.999   8.307 0.000
194.291667 195.291667 999.999 0.999   7.179 0.000
197.291667 198.291667 999.999 0.999   6.473 0.000
200.291667 201.291667 999.999 0.999   3.820 0.000
203.291667 204.291667 999.999 0.999 999.999 0.999
206.291667 207.291667  12.913 0.000   5.647 0.000
209.291667 210.291667   7.241 0.000   4.441 0.000
212.291667 213.291667  12.167 0.000   7.723 0.000
215.291667 216.291667  16.554 0.000  10.900 0.000
218.291667 219.291667   7.485 0.000   2.787 0.000
221.291667 222.291667  17.097 0.000   7.748 0.000
224.291667 225.291667  19.196 0.000  10.825 0.000
227.291667 228.291667  27.570 0.000  16.654 0.000
230.291667 231.291667  18.566 0.000   7.825 0.000
233.291667 234.291667  23.841 0.000   7.337 0.000
236.291667 237.291667  12.720 0.000   5.604 0.000
239.291667 240.291667  12.028 0.000   4.238 0.000
242.291667 243.291667  10.136 0.000   6.303 0.000
245.291667 246.291667  16.319 0.000  10.858 0.000
248.291667 249.291667  12.579 0.000   4.066 0.000
251.291667 252.291667   5.610 0.000   3.956 0.000
254.291667 255.291667   9.123 0.000   5.524 0.000
257.291667 258.291667  14.843 0.000   8.903 0.000
260.291667 261.291667   7.328 0.000   3.563 0.000
263.291667 264.291667 999.999 0.999 999.999 0.999
266.291667 267.291667 999.999 0.999 999.999 0.999
269.291667 270.291667   7.454 0.000   3.379 0.000
272.291667 273.291667 999.999 0.999   2.852 0.000
275.291667 276.291667  11.460 0.000   4.222 0.000
278.291667 279.291667  15.554 0.000   5.800 0.000
281.291667 282.291667  20.907 0.000   5.206 0.000
284.291667 285.291667  17.622 0.000   6.809 0.000
287.291667 288.291667  10.917 0.000   2.994 0.000
290.291667 291.291667  15.320 0.000   3.855 0.000
293.291667 294.291667  20.752 0.000   2.811 0.000
296.291667 297.291667   9.429 0.000   2.193 0.000
299.291667 300.291667  17.294 0.000   5.569 0.000
302.291667 303.291667  16.104 0.000   5.076 0.000
305.291667 306.291667  25.262 0.000   6.749 0.000
308.291667 309.291667  22.604 0.000   5.747 0.000
311.291667 312.291667 999.999 0.999 999.999 0.999
314.291667 315.291667 999.999 0.999 999.999 0.999
317.291667 318.291667  32.974 0.000   4.306 0.000
320.291667 321.291667  16.154 0.000   5.266 0.000
323.291667 324.291667  17.374 0.000   4.199 0.000
326.291667 327.291667   7.234 0.000   5.402 0.000
329.291667 330.291667  10.177 0.000   9.702 0.000
332.291667 333.291667 999.999 0.999   4.321 0.000
335.291667 336.291667 999.999 0.999   1.922 0.000
338.291667 339.291667  10.948 0.000   2.023 0.000
341.291667 342.291667  15.129 0.000   4.309 0.000
344.291667 345.291667   2.462 0.000   2.086 0.000
347.291667 348.291667 999.999 0.999   4.398 0.000
350.291667 351.291667   5.421 0.000   3.205 0.000
353.291667 354.291667   7.157 0.000   2.163 0.000
356.291667 357.291667   4.605 0.000   1.915 0.000
359.291667 360.291667   1.622 0.000   1.071 0.000
362.291667 363.291667   3.483 0.000   1.294 0.000
