scripts/IMPROVE-2019_partial/data/US9065R.20060102050000.20191216000000.filterpack..pm25.52w.1w.US03L_filterpack_US9065.US03L_IMPROVE_Davis.lev2.nas
64 1001
MISSING INFORMATION
US03L, IMPROVE, , , , , , , 
MISSING INFORMATION
IMPROVE sel_HTAP
1 1
2006 01 01 2019 12 16
3.000000
days from file reference point
25
1 1 1 1 1 1 1 1 1 1 1 1 1 1 1 1 1 1 1 1 1 1 1 1 1
999.999999 9999.99 9.999 99.99 9.999 9.999 9.999999 9.99 9.999999 9.999 9.999 99.999 9.999 99.999 9.999 999.999 9.999 999.999 9.999 999.999 9.999 9.999 9.999 99.999 9.999
end_time of measurement, days from the file reference point
iron, ng/m3, Revision date=20181210133000
numflag iron, no unit, Revision date=20181210133000
lead, ng/m3, Revision date=20181210133000
numflag lead, no unit, Revision date=20181210133000
magnesium, ug/m3, Revision date=20181210133000
numflag magnesium, no unit, Revision date=20181210133000
nickel, ng/m3, Revision date=20181210133000
numflag nickel, no unit, Revision date=20181210133000
nitrate, ug N/m3, Revision date=20181210133000
numflag nitrate, no unit, Revision date=20181210133000
organic_carbon, ug C/m3, Revision date=20181210133000
numflag organic_carbon, no unit, Revision date=20181210133000
organic_mass, ug/m3, Revision date=20181210133000
numflag organic_mass, no unit, Revision date=20181210133000
pm10_mass, ug/m3, Version=2, Version description=Data extracted from http://views.cira.colostate.edu/fed/DataWizard 2019-12-16, Sample duration=1d, Orig. time res.=3d, Matrix=pm10, Blank correction=Blank corrected, Volume std. temperature=ambient, Volume std. pressure=ambient
numflag pm10_mass, no unit, Version=2, Version description=Data extracted from http://views.cira.colostate.edu/fed/DataWizard 2019-12-16, Sample duration=1d, Orig. time res.=3d, Matrix=pm10, Blank correction=Blank corrected, Volume std. temperature=ambient, Volume std. pressure=ambient
pm10_pm25_mass, ug/m3, Revision date=20181210133000, Matrix=pm10_pm25
numflag pm10_pm25_mass, no unit, Revision date=20181210133000, Matrix=pm10_pm25
pm25_mass, ug/m3, Version=2, Version description=Data extracted from http://views.cira.colostate.edu/fed/DataWizard 2019-12-16, Sample duration=1d, Orig. time res.=3d, Blank correction=Blank corrected, Volume std. temperature=ambient, Volume std. pressure=ambient
numflag pm25_mass, no unit, Version=2, Version description=Data extracted from http://views.cira.colostate.edu/fed/DataWizard 2019-12-16, Sample duration=1d, Orig. time res.=3d, Blank correction=Blank corrected, Volume std. temperature=ambient, Volume std. pressure=ambient
potassium, ug/m3, Revision date=20181210133000
numflag potassium, no unit, Revision date=20181210133000
sulphate_total, ug S/m3, Revision date=20181210133000
numflag sulphate_total, no unit, Revision date=20181210133000
0
25
Data definition:              EBAS_1.1
Set type code:                TU
Timezone:                     UTC
File name:                    US9065R.20060102050000.20191216000000.filterpack..pm25.52w.1w.US03L_filterpack_US9065.US03L_IMPROVE_Davis.lev2.nas
File creation:                20191218120955
Startdate:                    20060102050000
Revision date:                20191216000000
Statistics:                   arithmetic mean
Data level:                   2
Period code:                  52w
Resolution code:              1w
Station code:                 US9065R
Platform code:                US9065S
Station name:                 Shining Rock Wilderness
Station latitude:             35.3937
Station longitude:            -82.7744
Station altitude:             1617.0 m
Regime:                       IMG
Component:                    
Matrix:                       pm25
Laboratory code:              US03L
Instrument type:              filterpack
Instrument name:              filterpack_US9065
Method ref:                   US03L_IMPROVE_Davis
starttime endtime Fe flag_Fe Pb flag_Pb Mg++ flag_Mg++ Ni flag_Ni NO3- flag_NO3- OC flag_OC OM flag_OM PM10 flag_PM10 PM10-PM2.5 flag_PM10-PM2.5 PM2.5 flag_PM2.5 K+ flag_K+ SO4-- flag_SO4--
  1.208333   2.208333   14.69 0.000  0.62 0.000 9.999 0.259000 9.99 0.259000 0.020 0.000  0.563 0.000  0.788 0.000   3.329 0.000   1.428 0.000   1.901 0.000 0.022 0.000  0.177 0.000
  4.208333   5.208333 9999.99 0.999 99.99 0.999 9.999 0.999000 9.99 0.999000 9.999 0.999 99.999 0.999 99.999 0.999 999.999 0.999 999.999 0.999 999.999 0.999 9.999 0.999 99.999 0.999
  7.208333   8.208333   12.03 0.000  0.54 0.000 9.999 0.259000 9.99 0.259000 0.052 0.000  0.678 0.000  0.949 0.000   3.625 0.000   1.268 0.000   2.357 0.000 0.020 0.000  0.207 0.000
 10.208333  11.208333   47.26 0.000  0.93 0.000 9.999 0.259000 9.99 0.259000 0.033 0.000  0.642 0.000  0.899 0.000   6.913 0.000   3.792 0.000   3.121 0.000 0.045 0.000  0.269 0.000
 13.208333  14.208333    2.97 0.000  0.59 0.000 9.999 0.259000 9.99 0.259000 0.014 0.000  0.282 0.000  0.395 0.000   1.564 0.000   0.315 0.000   1.248 0.000 0.005 0.000  0.233 0.000
 16.208333  17.208333    4.84 0.000  0.52 0.000 9.999 0.259000 9.99 0.259000 0.015 0.000  0.468 0.000  0.655 0.000   2.077 0.000   0.094 0.000   1.983 0.000 0.015 0.000  0.209 0.000
 19.208333  20.208333    9.41 0.000  0.50 0.000 9.999 0.259000 9.99 0.259000 0.046 0.000  0.885 0.000  1.239 0.000   3.333 0.000   0.680 0.000   2.653 0.000 0.022 0.000  0.255 0.000
 22.208333  23.208333    3.79 0.000  0.23 0.000 9.999 0.259000 9.99 0.259000 0.007 0.000  0.343 0.000  0.481 0.000   0.946 0.000   0.121 0.000   0.826 0.000 0.006 0.000  0.091 0.000
 25.208333  26.208333    7.19 0.000  0.49 0.000 9.999 0.259000 0.08 0.000000 0.088 0.000  0.278 0.000  0.389 0.000   1.889 0.000   0.488 0.000   1.402 0.000 0.010 0.000  0.240 0.000
 28.208333  29.208333   12.04 0.000  0.82 0.000 9.999 0.259000 9.99 0.259000 0.036 0.000  0.754 0.000  1.056 0.000   4.313 0.000   0.985 0.000   3.328 0.000 0.019 0.000  0.436 0.000
 31.208333  32.208333    7.68 0.000  0.35 0.000 9.999 0.259000 9.99 0.259000 0.009 0.000  0.489 0.000  0.684 0.000   2.341 0.000   0.285 0.000   2.056 0.000 0.014 0.000  0.299 0.000
 34.208333  35.208333 9999.99 0.999 99.99 0.999 9.999 0.999000 9.99 0.999000 9.999 0.999 99.999 0.999 99.999 0.999 999.999 0.999 999.999 0.999 999.999 0.999 9.999 0.999 99.999 0.999
 37.208333  38.208333 9999.99 0.999 99.99 0.999 9.999 0.999000 9.99 0.999000 9.999 0.999 99.999 0.999 99.999 0.999 999.999 0.999 999.999 0.999 999.999 0.999 9.999 0.999 99.999 0.999
 40.208333  41.208333   14.50 0.000  0.72 0.000 9.999 0.259000 9.99 0.259000 0.151 0.000  1.399 0.000  1.958 0.000   5.154 0.000   0.599 0.000   4.556 0.000 0.024 0.000  0.423 0.000
 43.208333  44.208333    6.31 0.000  0.76 0.000 9.999 0.259000 9.99 0.259000 0.132 0.000  0.400 0.000  0.560 0.000   3.206 0.000 999.999 0.259   3.382 0.000 0.016 0.000  0.553 0.000
 46.208333  47.208333   17.00 0.000  0.93 0.000 9.999 0.259000 0.48 0.000000 0.186 0.000  3.583 0.000  5.016 0.000  12.766 0.000   2.009 0.000  10.758 0.000 0.074 0.000  0.734 0.000
 49.208333  50.208333   15.93 0.000  0.64 0.000 9.999 0.259000 9.99 0.259000 0.028 0.000  0.511 0.000  0.715 0.000   4.563 0.000   1.221 0.000   3.342 0.000 0.022 0.000  0.464 0.000
 52.208333  53.208333    6.73 0.000  0.73 0.000 9.999 0.259000 9.99 0.259000 0.016 0.000  0.190 0.000  0.266 0.000   1.846 0.000   0.475 0.000   1.371 0.000 0.011 0.000  0.193 0.000
 55.208333  56.208333   18.98 0.000  1.61 0.000 9.999 0.259000 0.14 0.000000 0.085 0.000  1.227 0.000  1.718 0.000   6.929 0.000   2.061 0.000   4.867 0.000 0.038 0.000  0.464 0.000
 58.208333  59.208333   30.39 0.000  1.69 0.000 0.008 0.000000 9.99 0.259000 0.100 0.000  1.179 0.000  1.651 0.000   8.608 0.000   2.462 0.000   6.146 0.000 0.048 0.000  0.720 0.000
 61.208333  62.208333   17.27 0.000  1.44 0.000 9.999 0.259000 9.99 0.259000 0.246 0.000  1.022 0.000  1.431 0.000   8.441 0.000   1.175 0.000   7.266 0.000 0.024 0.000  1.108 0.000
 64.208333  65.208333   28.58 0.000  1.79 0.000 9.999 0.259000 9.99 0.259000 0.135 0.000  1.617 0.000  2.264 0.000  11.192 0.000   2.335 0.000   8.857 0.000 0.049 0.000  1.197 0.000
 67.208333  68.208333   26.89 0.000  1.04 0.000 9.999 0.259000 9.99 0.259000 0.124 0.000  2.773 0.000  3.882 0.000  12.159 0.000   1.954 0.000  10.204 0.000 0.059 0.000  0.991 0.000
 70.208333  71.208333   21.91 0.000  0.76 0.000 9.999 0.259000 0.63 0.000000 0.142 0.000  1.724 0.000  2.413 0.000  13.607 0.000   3.779 0.000   9.829 0.000 0.113 0.000  1.284 0.000
 73.208333  74.208333   23.56 0.000  1.08 0.000 9.999 0.259000 0.10 0.000000 0.210 0.000  0.704 0.000  0.985 0.000   5.705 0.000   1.680 0.000   4.025 0.000 0.024 0.000  0.529 0.000
 76.208333  77.208333   17.02 0.000  1.06 0.000 9.999 0.259000 0.25 0.000000 0.132 0.000  0.507 0.000  0.710 0.000   5.191 0.000   0.614 0.000   4.577 0.000 0.021 0.000  0.719 0.000
 79.208333  80.208333   12.84 0.000  0.47 0.000 9.999 0.259000 0.12 0.000000 0.013 0.000  0.353 0.000  0.494 0.000   3.587 0.000   1.373 0.000   2.214 0.000 0.016 0.000  0.285 0.000
 82.208333  83.208333    3.48 0.000  0.95 0.000 9.999 0.259000 0.09 0.000000 0.030 0.000  0.521 0.000  0.730 0.000   3.663 0.000   0.302 0.000   3.361 0.000 0.015 0.000  0.506 0.000
 85.208333  86.208333   10.11 0.000  1.14 0.000 9.999 0.259000 0.13 0.000000 0.100 0.000  1.187 0.000  1.662 0.000   7.275 0.000   0.881 0.000   6.394 0.000 0.019 0.000  0.929 0.000
 88.208333  89.208333   42.74 0.000  1.96 0.000 9.999 0.259000 0.22 0.000000 0.127 0.000  3.218 0.000  4.505 0.000  21.949 0.000   3.065 0.000  18.884 0.000 0.081 0.000  2.662 0.000
 91.208333  92.208333   23.21 0.000  0.51 0.000 0.019 0.000000 0.28 0.000000 0.071 0.000  0.957 0.000  1.340 0.000   8.650 0.000   2.418 0.000   6.232 0.000 0.046 0.000  0.918 0.000
 94.208333  95.208333   58.44 0.000  2.13 0.000 0.029 0.000000 9.99 0.259000 0.093 0.000  0.577 0.000  0.808 0.000   6.452 0.000   2.218 0.000   4.234 0.000 0.051 0.000  0.472 0.000
 97.208333  98.208333 9999.99 0.999 99.99 0.999 9.999 0.999000 9.99 0.999000 9.999 0.999 99.999 0.999 99.999 0.999 999.999 0.999 999.999 0.999 999.999 0.999 9.999 0.999 99.999 0.999
100.208333 101.208333 9999.99 0.999 99.99 0.999 9.999 0.999000 9.99 0.999000 9.999 0.999 99.999 0.999 99.999 0.999 999.999 0.999 999.999 0.999 999.999 0.999 9.999 0.999 99.999 0.999
103.208333 104.208333   49.56 0.000  1.15 0.000 0.023 0.000000 0.18 0.000000 0.124 0.000  1.941 0.000  2.717 0.000  14.294 0.000   5.521 0.000   8.772 0.000 0.059 0.000  0.881 0.000
106.208333 107.208333   65.47 0.000  0.64 0.000 0.044 0.000000 0.19 0.000000 0.131 0.000  1.472 0.000  2.061 0.000  14.995 0.000   5.792 0.000   9.203 0.000 0.063 0.000  1.186 0.000
109.208333 110.208333   78.31 0.000  1.01 0.000 0.024 0.000000 0.16 0.000000 0.092 0.000  2.206 0.000  3.089 0.000  13.556 0.000   3.441 0.000  10.116 0.000 0.087 0.000  1.064 0.000
112.208333 113.208333   92.24 0.394  1.07 0.394 0.034 0.394000 9.99 0.394259 0.097 0.394  1.930 0.394  2.702 0.394  16.687 0.000   8.072 0.394   8.616 0.000 0.097 0.394  0.690 0.394
115.208333 116.208333  148.71 0.000  4.11 0.000 0.067 0.000000 0.35 0.000000 0.192 0.559  2.985 0.000  4.178 0.000  21.937 0.000   6.039 0.000  15.898 0.000 0.125 0.000  1.766 0.559
118.208333 119.208333  143.73 0.000  4.58 0.000 0.056 0.000000 0.29 0.000000 0.199 0.000  2.311 0.000  3.235 0.000  22.306 0.000   7.335 0.000  14.971 0.000 0.117 0.000  1.618 0.000
121.208333 122.208333  145.27 0.000  4.39 0.000 9.999 0.259000 0.27 0.000000 0.190 0.559  2.485 0.000  3.480 0.000  19.395 0.000   4.878 0.000  14.517 0.000 0.119 0.000  1.674 0.559
124.208333 125.208333   25.55 0.000  0.68 0.000 0.009 0.000000 9.99 0.259000 0.044 0.559  0.766 0.000  1.073 0.000   5.524 0.000   1.302 0.000   4.222 0.000 0.032 0.000  0.538 0.559
127.208333 128.208333    5.87 0.000  0.72 0.000 9.999 0.259000 9.99 0.259000 0.017 0.000  0.763 0.000  1.068 0.000   4.850 0.000   0.455 0.000   4.395 0.000 0.021 0.000  0.723 0.000
130.208333 131.208333   22.22 0.000  0.40 0.000 9.999 0.259000 9.99 0.259000 0.038 0.000  0.599 0.000  0.839 0.000   5.488 0.000   1.912 0.000   3.576 0.000 0.031 0.000  0.456 0.000
133.208333 134.208333   40.73 0.000  0.83 0.000 9.999 0.259000 9.99 0.259000 0.040 0.000  0.760 0.000  1.064 0.000   7.074 0.000   1.741 0.000   5.333 0.000 0.035 0.000  0.660 0.000
136.208333 137.208333   19.16 0.000  0.80 0.000 9.999 0.259000 9.99 0.259000 0.016 0.000  0.519 0.000  0.726 0.000   7.687 0.000   1.259 0.000   6.428 0.000 0.021 0.000  1.228 0.000
139.208333 140.208333   49.95 0.000  1.30 0.000 9.999 0.259000 9.99 0.259000 0.074 0.000  1.938 0.000  2.713 0.000  12.839 0.000   3.709 0.000   9.130 0.000 0.052 0.000  1.003 0.000
142.208333 143.208333   34.11 0.559  1.42 0.559 9.999 0.559259 9.99 0.559259 0.046 0.559  1.045 0.559  1.462 0.559  22.312 0.659  16.672 0.559   5.640 0.659 0.037 0.559  0.702 0.559
145.208333 146.208333 9999.99 0.999 99.99 0.999 9.999 0.999000 9.99 0.999000 9.999 0.999 99.999 0.999 99.999 0.999 999.999 0.999 999.999 0.999 999.999 0.999 9.999 0.999 99.999 0.999
148.208333 149.208333 9999.99 0.999 99.99 0.999 9.999 0.999000 9.99 0.999000 9.999 0.999 99.999 0.999 99.999 0.999 999.999 0.999 999.999 0.999 999.999 0.999 9.999 0.999 99.999 0.999
151.208333 152.208333 9999.99 0.999 99.99 0.999 9.999 0.999000 9.99 0.999000 9.999 0.999 99.999 0.999 99.999 0.999 999.999 0.999 999.999 0.999 999.999 0.999 9.999 0.999 99.999 0.999
154.208333 155.208333 9999.99 0.999 99.99 0.999 9.999 0.999000 9.99 0.999000 9.999 0.999 99.999 0.999 99.999 0.999 999.999 0.999 999.999 0.999 999.999 0.999 9.999 0.999 99.999 0.999
157.208333 158.208333   57.58 0.394  1.74 0.394 9.999 0.394259 0.10 0.394000 0.048 0.394  2.355 0.394  3.297 0.394  18.414 0.000   5.771 0.394  12.643 0.000 0.061 0.394  1.469 0.394
160.208333 161.208333   53.70 0.000  1.28 0.000 0.048 0.000000 9.99 0.259000 0.068 0.000  2.729 0.000  3.821 0.000  27.390 0.000  13.885 0.000  13.504 0.000 0.119 0.000  1.571 0.000
163.208333 164.208333   11.50 0.000  0.69 0.000 9.999 0.259000 9.99 0.259000 0.020 0.559  0.420 0.000  0.588 0.000   7.600 0.000   3.394 0.000   4.206 0.000 0.014 0.000  0.587 0.559
166.208333 167.208333   37.18 0.000  1.82 0.000 0.037 0.000000 0.20 0.000000 0.026 0.559  2.411 0.000  3.376 0.000  22.259 0.000   4.532 0.000  17.728 0.000 0.034 0.000  2.469 0.559
169.208333 170.208333   34.00 0.000  1.15 0.000 9.999 0.259000 0.16 0.000000 0.039 0.000  2.358 0.000  3.301 0.000  17.936 0.000   4.775 0.000  13.161 0.000 0.037 0.000  1.688 0.000
172.208333 173.208333   40.32 0.000  0.91 0.000 9.999 0.259000 0.19 0.000000 0.035 0.559  2.843 0.000  3.980 0.000  20.325 0.000   3.780 0.000  16.545 0.000 0.053 0.000  1.949 0.559
175.208333 176.208333 9999.99 0.999 99.99 0.999 9.999 0.999000 9.99 0.999000 9.999 0.999 99.999 0.999 99.999 0.999 999.999 0.999 999.999 0.999 999.999 0.999 9.999 0.999 99.999 0.999
178.208333 179.208333   10.60 0.000  0.66 0.000 9.999 0.259000 9.99 0.259000 0.009 0.000  1.270 0.000  1.778 0.000   8.774 0.000   1.600 0.000   7.173 0.000 0.020 0.000  0.921 0.000
181.208333 182.208333   30.39 0.000  1.53 0.000 9.999 0.259000 9.99 0.259000 0.029 0.559  2.278 0.000  4.100 0.000  15.736 0.000   3.069 0.000  12.668 0.000 0.052 0.000  1.530 0.559
184.208333 185.208333   35.54 0.000  1.13 0.000 9.999 0.259000 0.12 0.000000 0.023 0.559  4.819 0.000  8.674 0.000  37.406 0.000   9.908 0.000  27.498 0.000 0.057 0.000  3.616 0.559
187.208333 188.208333   16.84 0.000  1.59 0.000 9.999 0.259000 0.16 0.000000 0.024 0.000  2.134 0.000  3.841 0.000  13.684 0.000   2.279 0.000  11.405 0.000 0.041 0.000  1.540 0.000
190.208333 191.208333   22.67 0.000  1.45 0.000 9.999 0.259000 9.99 0.259000 0.023 0.559  3.986 0.000  7.175 0.000  22.216 0.000   1.627 0.000  20.589 0.000 0.047 0.000  2.666 0.559
193.208333 194.208333   98.35 0.000  0.65 0.000 9.999 0.259000 9.99 0.259000 0.037 0.559  3.184 0.000  5.731 0.000  21.044 0.000   4.166 0.000  16.878 0.000 0.086 0.000  2.002 0.559
196.208333 197.208333   33.90 0.000  0.95 0.000 9.999 0.259000 0.13 0.000000 0.018 0.559  1.501 0.000  2.701 0.000  14.997 0.000   1.421 0.000  13.576 0.000 0.028 0.000  2.356 0.559
199.208333 200.208333   34.66 0.000  1.27 0.000 9.999 0.259000 0.20 0.000000 0.030 0.000  4.043 0.000  7.278 0.000  24.994 0.000   3.775 0.000  21.220 0.000 0.047 0.000  2.542 0.000
202.208333 203.208333   11.60 0.000  0.71 0.000 9.999 0.259000 0.12 0.000000 0.019 0.000  1.458 0.000  2.624 0.000   8.143 0.000   1.673 0.000   6.470 0.000 0.037 0.000  0.617 0.000
205.208333 206.208333   15.54 0.000  1.07 0.000 9.999 0.259000 9.99 0.259000 0.021 0.000  1.719 0.000  3.095 0.000  23.172 0.000   1.101 0.000  22.070 0.000 0.026 0.000  3.837 0.000
208.208333 209.208333  359.37 0.000  0.98 0.000 9.999 0.259000 0.30 0.000000 0.084 0.000  1.219 0.000  2.195 0.000  21.887 0.000   8.429 0.000  13.458 0.000 0.136 0.000  1.040 0.000
211.208333 212.208333   54.54 0.000  1.40 0.000 9.999 0.259000 9.99 0.259000 0.020 0.000  1.859 0.000  3.345 0.000  16.609 0.000   1.719 0.000  14.890 0.000 0.040 0.000  2.323 0.000
214.208333 215.208333  154.72 0.000  1.17 0.000 9.999 0.259000 0.29 0.000000 0.030 0.000  3.997 0.000  7.195 0.000  30.896 0.000   4.183 0.000  26.712 0.000 0.103 0.000  3.592 0.000
217.208333 218.208333 9999.99 0.999 99.99 0.999 9.999 0.999000 9.99 0.999000 9.999 0.999 99.999 0.999 99.999 0.999 999.999 0.999 999.999 0.999 999.999 0.999 9.999 0.999 99.999 0.999
220.208333 221.208333 9999.99 0.999 99.99 0.999 9.999 0.999000 9.99 0.999000 9.999 0.999 99.999 0.999 99.999 0.999 999.999 0.999 999.999 0.999 999.999 0.999 9.999 0.999 99.999 0.999
223.208333 224.208333    4.04 0.000  0.64 0.000 9.999 0.259000 0.12 0.000000 0.022 0.000  0.308 0.000  0.554 0.000   3.143 0.000   0.522 0.000   2.621 0.000 0.009 0.000  0.415 0.000
226.208333 227.208333   24.94 0.000  0.92 0.000 0.024 0.000000 0.18 0.000000 0.025 0.000  2.018 0.000  3.633 0.000  14.339 0.000   2.333 0.000  12.006 0.000 0.034 0.000  1.787 0.000
229.208333 230.208333   33.39 0.000  2.54 0.000 9.999 0.259000 0.31 0.000000 0.035 0.000  3.013 0.000  5.423 0.000  22.433 0.000   3.118 0.000  19.315 0.000 0.037 0.000  2.851 0.000
232.208333 233.208333   20.25 0.000  0.70 0.000 9.999 0.259000 0.11 0.000000 0.025 0.000  1.424 0.000  2.564 0.000  10.815 0.000   2.168 0.000   8.647 0.000 0.031 0.000  1.310 0.000
235.208333 236.208333   21.85 0.000  1.85 0.000 9.999 0.259000 9.99 0.259000 0.033 0.000  1.822 0.000  3.280 0.000  22.823 0.000   0.155 0.000  22.668 0.000 0.043 0.000  3.980 0.000
238.208333 239.208333   15.99 0.000  1.19 0.000 9.999 0.259000 0.26 0.000000 0.024 0.000  2.472 0.000  4.450 0.000  15.280 0.000   2.067 0.000  13.213 0.000 0.033 0.000  1.785 0.000
241.208333 242.208333  141.90 0.000  1.25 0.000 9.999 0.259000 0.12 0.000000 0.054 0.559  1.060 0.000  1.908 0.000  12.208 0.000   3.593 0.000   8.615 0.000 0.066 0.000  0.907 0.559
244.208333 245.208333    6.98 0.000  0.81 0.000 9.999 0.259000 9.99 0.259000 0.010 0.000  0.798 0.000  1.436 0.000   7.336 0.000   1.424 0.000   5.912 0.000 0.016 0.000  1.023 0.000
247.208333 248.208333    9.58 0.000  0.85 0.000 9.999 0.259000 9.99 0.259000 0.013 0.000  1.327 0.000  2.388 0.000  10.038 0.000   1.786 0.000   8.252 0.000 0.019 0.000  1.255 0.000
250.208333 251.208333   14.44 0.000  1.35 0.000 9.999 0.259000 9.99 0.259000 0.020 0.559  1.650 0.000  2.969 0.000  15.001 0.000   2.029 0.000  12.972 0.000 0.028 0.000  2.179 0.559
253.208333 254.208333   17.37 0.000  3.04 0.000 0.028 0.000000 9.99 0.259000 0.029 0.559  1.867 0.000  3.361 0.000  24.081 0.000   0.171 0.000  23.910 0.000 0.038 0.000  4.025 0.559
256.208333 257.208333    6.95 0.000  0.89 0.000 9.999 0.259000 9.99 0.259000 0.021 0.000  0.765 0.000  1.377 0.000   7.574 0.000   1.554 0.000   6.020 0.000 0.017 0.000  1.017 0.000
259.208333 260.208333   16.86 0.000  1.33 0.000 9.999 0.259000 9.99 0.259000 0.044 0.000  1.969 0.000  3.544 0.000  15.292 0.000   2.684 0.000  12.608 0.000 0.028 0.000  1.907 0.000
