scripts/IMPROVE-2019_partial/data/US9081R.19920101070000.20191216000000.filterpack...1y.3d.US03L_filterpack_US9081_YELL1.US03L_IMPROVE_Davis.lev2.nas
52 1001
MISSING INFORMATION
US03L, IMPROVE, , , , , , , 
MISSING INFORMATION
IMPROVE sel_HTAP
1 1
1992 01 01 2019 12 16
0
days from file reference point
5
1 1 1 1 1
999.999999 999.999 9.999 999.999 9.999999
end_time of measurement, days from the file reference point
pm10_mass, ug/m3, Matrix=pm10
numflag pm10_mass, no unit, Matrix=pm10
pm25_mass, ug/m3, Matrix=pm25
numflag pm25_mass, no unit, Matrix=pm25
0
33
Data definition:              EBAS_1.1
Set type code:                TI
Timezone:                     UTC
File name:                    US9081R.19920101070000.20191216000000.filterpack...1y.3d.US03L_filterpack_US9081_YELL1.US03L_IMPROVE_Davis.lev2.nas
File creation:                20191218121106
Startdate:                    19920101070000
Revision date:                20191216000000
Version:                      2
Version description:          "Data extracted from http://views.cira.colostate.edu/fed/DataWizard 2019-12-16"
Statistics:                   arithmetic mean
Data level:                   2
Period code:                  1y
Resolution code:              3d
Sample duration:              1d
Orig. time res.:              3d
Station code:                 US9081R
Platform code:                US9081S
Station name:                 Yellowstone NP 1
Station latitude:             44.5654
Station longitude:            -110.4003
Station altitude:             2442.0 m
Regime:                       IMG
Component:                    
Unit:                         ug/m3
Matrix:                       
Laboratory code:              US03L
Instrument type:              filterpack
Instrument name:              filterpack_US9081_YELL1
Method ref:                   US03L_IMPROVE_Davis
Blank correction:             Blank corrected
Volume std. temperature:      ambient
Volume std. pressure:         ambient
starttime endtime PM10 flag_PM10 PM2.5 flag_PM2.5
  0.291667   1.291667  10.234 0.000   3.754 0.559000
  3.291667   4.291667   3.391 0.000   2.020 0.559000
  7.291667   8.291667   2.791 0.000   1.634 0.559000
 10.291667  11.291667   6.816 0.000   1.656 0.559000
 14.291667  15.291667   1.848 0.000   1.100 0.559000
 17.291667  18.291667 999.999 0.999   2.733 0.559000
 21.291667  22.291667   4.578 0.000   3.452 0.559000
 24.291667  25.291667   8.912 0.000   1.911 0.559000
 28.291667  29.291667   3.230 0.000   2.110 0.559000
 31.291667  32.291667   2.041 0.000   1.851 0.559000
 35.291667  36.291667   6.457 0.000   1.661 0.559000
 38.291667  39.291667   4.578 0.000   2.926 0.559000
 42.291667  43.291667  15.023 0.000   3.558 0.559000
 45.291667  46.291667   5.605 0.000   1.262 0.559000
 49.291667  50.291667   4.939 0.000   1.351 0.559000
 52.291667  53.291667   0.931 0.000 999.999 0.559259
 56.291667  57.291667   3.735 0.000   0.662 0.559000
 59.291667  60.291667   8.774 0.000   1.735 0.000000
 63.291667  64.291667   6.200 0.000   3.948 0.000000
 66.291667  67.291667   3.920 0.000   3.139 0.000000
 70.291667  71.291667   4.701 0.000   3.143 0.000000
 73.291667  74.291667  11.935 0.000   2.825 0.000000
 77.291667  78.291667   1.826 0.000   1.071 0.000000
 80.291667  81.291667   3.684 0.000   2.760 0.000000
 84.291667  85.291667  13.512 0.000   6.433 0.000000
 87.291667  88.291667   4.132 0.000   2.461 0.000000
 91.291667  92.291667 999.999 0.999 999.999 0.999000
 94.291667  95.291667 999.999 0.999 999.999 0.999000
 98.291667  99.291667 999.999 0.999 999.999 0.999000
101.291667 102.291667 999.999 0.999 999.999 0.999000
105.291667 106.291667   5.641 0.000   3.271 0.000000
108.291667 109.291667   1.750 0.000   0.743 0.000000
112.291667 113.291667   3.571 0.000 999.999 0.999000
115.291667 116.291667   3.893 0.000   3.808 0.000000
119.291667 120.291667   7.976 0.000   4.591 0.000000
122.291667 123.291667  13.556 0.000   5.108 0.000000
126.291667 127.291667  10.426 0.000   6.387 0.000000
129.291667 130.291667   6.695 0.000   2.516 0.000000
133.291667 134.291667   7.325 0.000   3.388 0.000000
136.291667 137.291667   5.287 0.000   4.475 0.000000
140.291667 141.291667  14.186 0.000   6.420 0.000000
143.291667 144.291667   9.283 0.000   3.920 0.000000
147.291667 148.291667   3.569 0.000 999.999 0.999000
150.291667 151.291667   4.015 0.000   2.650 0.000000
154.291667 155.291667   5.885 0.000   3.108 0.000000
157.291667 158.291667  15.538 0.000   2.831 0.000000
161.291667 162.291667  10.653 0.000   5.918 0.000000
164.291667 165.291667   8.735 0.000   3.639 0.000000
168.291667 169.291667 999.999 0.999 999.999 0.999000
171.291667 172.291667 999.999 0.999 999.999 0.999000
175.291667 176.291667 999.999 0.999 999.999 0.999000
178.291667 179.291667   8.258 0.000   3.589 0.000000
182.291667 183.291667   3.383 0.000   2.123 0.000000
185.291667 186.291667   6.917 0.000   2.954 0.000000
189.291667 190.291667  10.198 0.000   2.978 0.000000
192.291667 193.291667   6.834 0.000   1.755 0.000000
196.291667 197.291667   7.854 0.000   3.283 0.000000
199.291667 200.291667  10.833 0.000   4.273 0.000000
203.291667 204.291667   8.165 0.000   4.660 0.000000
206.291667 207.291667  15.547 0.000   3.939 0.000000
210.291667 211.291667  10.295 0.000   4.390 0.000000
213.291667 214.291667  12.662 0.000   4.831 0.000000
217.291667 218.291667  25.771 0.000  10.812 0.000000
220.291667 221.291667  31.622 0.000   7.913 0.000000
224.291667 225.291667  10.620 0.000   4.985 0.000000
227.291667 228.291667  12.453 0.000   5.157 0.000000
231.291667 232.291667  10.189 0.000   5.576 0.000000
234.291667 235.291667  42.607 0.000  25.392 0.000000
238.291667 239.291667   9.817 0.000   4.719 0.000000
241.291667 242.291667   8.141 0.000   3.281 0.000000
245.291667 246.291667  10.310 0.000   5.159 0.000000
248.291667 249.291667   6.085 0.000   2.797 0.000000
252.291667 253.291667  11.409 0.000   3.228 0.000000
255.291667 256.291667  20.365 0.000   4.051 0.000000
259.291667 260.291667  20.731 0.000   5.584 0.000000
262.291667 263.291667  14.465 0.000   5.615 0.000000
266.291667 267.291667  16.169 0.000   5.639 0.000000
269.291667 270.291667   7.724 0.000   3.176 0.000000
273.291667 274.291667   5.341 0.000   3.565 0.000000
276.291667 277.291667   6.742 0.000   3.849 0.000000
280.291667 281.291667 999.999 0.999   3.395 0.000000
283.291667 284.291667   8.853 0.000   4.019 0.000000
287.291667 288.291667   7.007 0.000   3.407 0.000000
290.291667 291.291667   6.569 0.000   3.217 0.000000
294.291667 295.291667   9.399 0.000   4.635 0.000000
297.291667 298.291667   9.816 0.000   3.651 0.000000
301.291667 302.291667   4.217 0.000   3.204 0.000000
304.291667 305.291667   2.346 0.000 999.999 0.999000
308.291667 309.291667   7.951 0.000   4.053 0.000000
311.291667 312.291667   5.618 0.000   4.718 0.000000
315.291667 316.291667 999.999 0.999   3.758 0.000000
318.291667 319.291667   1.970 0.000   1.210 0.000000
322.291667 323.291667 999.999 0.999 999.999 0.999000
325.291667 326.291667 999.999 0.999 999.999 0.999000
329.291667 330.291667 999.999 0.999 999.999 0.999000
332.291667 333.291667 999.999 0.999 999.999 0.999000
336.291667 337.291667   3.086 0.000   1.151 0.000000
339.291667 340.291667 999.999 0.999   2.632 0.000000
343.291667 344.291667   3.089 0.000   1.242 0.000000
346.291667 347.291667   2.213 0.000   1.175 0.000000
350.291667 351.291667   2.782 0.000   2.211 0.000000
353.291667 354.291667   4.484 0.000   2.367 0.000000
357.291667 358.291667   1.774 0.000   1.233 0.000000
360.291667 361.291667   7.472 0.000   1.533 0.000000
364.291667 365.291667   1.444 0.000   0.767 0.000000
