scripts/IMPROVE-2019_partial/data/US9069R.20090101070000.20191216000000.filterpack...52w.3d.US03L_filterpack_US9069.US03L_IMPROVE_Davis.lev2.nas
51 1001
MISSING INFORMATION
US03L, IMPROVE, , , , , , , 
MISSING INFORMATION
IMPROVE sel_HTAP
1 1
2009 01 01 2019 12 16
3.000000
days from file reference point
4
1 1 1 1
999.999999 9999.999 999.999 9.999
end_time of measurement, days from the file reference point
pm10_mass, ug/m3, Matrix=pm10
pm25_mass, ug/m3, Matrix=pm25
numflag, no unit
0
33
Data definition:              EBAS_1.1
Set type code:                TU
Timezone:                     UTC
File name:                    US9069R.20090101070000.20191216000000.filterpack...52w.3d.US03L_filterpack_US9069.US03L_IMPROVE_Davis.lev2.nas
File creation:                20191218121016
Startdate:                    20090101070000
Revision date:                20191216000000
Version:                      2
Version description:          "Data extracted from http://views.cira.colostate.edu/fed/DataWizard 2019-12-16"
Statistics:                   arithmetic mean
Data level:                   2
Period code:                  52w
Resolution code:              3d
Sample duration:              1d
Orig. time res.:              3d
Station code:                 US9069R
Platform code:                US9069S
Station name:                 White Mountain
Station latitude:             33.4687
Station longitude:            -105.5349
Station altitude:             2063.0 m
Regime:                       IMG
Component:                    
Unit:                         ug/m3
Matrix:                       
Laboratory code:              US03L
Instrument type:              filterpack
Instrument name:              filterpack_US9069
Method ref:                   US03L_IMPROVE_Davis
Blank correction:             Blank corrected
Volume std. temperature:      ambient
Volume std. pressure:         ambient
starttime endtime PM10 PM2.5 flag
  0.291667   1.291667    3.232   1.187 0.000
  3.291667   4.291667    4.513   1.204 0.000
  6.291667   7.291667    1.552   0.468 0.000
  9.291667  10.291667    1.268   0.566 0.000
 12.291667  13.291667    4.420   0.914 0.000
 15.291667  16.291667    3.997   1.367 0.000
 18.291667  19.291667    1.544   0.527 0.000
 21.291667  22.291667    9.286   2.380 0.000
 24.291667  25.291667    3.118   1.358 0.000
 27.291667  28.291667    3.681   1.078 0.000
 30.291667  31.291667    3.613   1.248 0.000
 33.291667  34.291667    3.082   1.016 0.000
 36.291667  37.291667   12.106   2.817 0.000
 39.291667  40.291667    3.329   0.726 0.000
 42.291667  43.291667 9999.999 999.999 0.999
 45.291667  46.291667 9999.999 999.999 0.999
 48.291667  49.291667    3.421   1.004 0.000
 51.291667  52.291667   20.525   4.276 0.000
 54.291667  55.291667    3.234   1.078 0.000
 57.291667  58.291667    6.477   2.484 0.000
 60.291667  61.291667    5.798   2.128 0.000
 63.291667  64.291667   20.485   4.020 0.000
 66.291667  67.291667    5.862   2.290 0.000
 69.291667  70.291667 9999.999 999.999 0.999
 72.291667  73.291667    2.727   1.661 0.000
 75.291667  76.291667    5.045   2.240 0.000
 78.291667  79.291667   17.005   8.326 0.000
 81.291667  82.291667  111.537  16.479 0.000
 84.291667  85.291667   22.262   7.300 0.000
 87.291667  88.291667   15.065   4.299 0.000
 90.291667  91.291667   37.993   8.898 0.000
 93.291667  94.291667   29.451   6.706 0.000
 96.291667  97.291667    6.712   2.716 0.000
 99.291667 100.291667   16.261   6.967 0.000
102.291667 103.291667 9999.999 999.999 0.999
105.291667 106.291667   21.025   6.497 0.000
108.291667 109.291667    3.989   1.615 0.000
111.291667 112.291667    9.054   3.556 0.000
114.291667 115.291667   10.578   2.930 0.000
117.291667 118.291667   11.354   5.741 0.000
120.291667 121.291667    9.646   4.516 0.000
123.291667 124.291667    8.886   4.017 0.000
126.291667 127.291667    9.394   4.566 0.000
129.291667 130.291667   11.598   4.921 0.000
132.291667 133.291667    7.322   3.728 0.000
135.291667 136.291667 9999.999 999.999 0.999
138.291667 139.291667 9999.999 999.999 0.999
141.291667 142.291667    5.793   3.264 0.000
144.291667 145.291667    4.867   2.752 0.000
147.291667 148.291667    3.754   2.414 0.000
150.291667 151.291667    3.434   1.981 0.000
153.291667 154.291667    5.137   1.854 0.000
156.291667 157.291667   12.452   5.125 0.000
159.291667 160.291667    4.665   2.422 0.000
162.291667 163.291667    6.866   2.382 0.000
165.291667 166.291667    7.003   2.562 0.000
168.291667 169.291667    9.187   4.891 0.000
171.291667 172.291667    7.125   4.119 0.000
174.291667 175.291667 9999.999 999.999 0.999
177.291667 178.291667    3.705   2.539 0.000
180.291667 181.291667   29.774   2.831 0.000
183.291667 184.291667    6.585   4.706 0.000
186.291667 187.291667    5.679   3.061 0.000
189.291667 190.291667    7.523   3.686 0.000
192.291667 193.291667    8.291   4.646 0.000
195.291667 196.291667   10.909   4.770 0.000
198.291667 199.291667   28.674   8.260 0.000
201.291667 202.291667    9.172   4.359 0.000
204.291667 205.291667    5.107   4.146 0.000
207.291667 208.291667    4.931   3.246 0.000
210.291667 211.291667    4.178   2.514 0.000
213.291667 214.291667    7.920   5.099 0.000
216.291667 217.291667 9999.999 999.999 0.999
219.291667 220.291667    7.019   3.514 0.000
222.291667 223.291667    7.498   5.000 0.000
225.291667 226.291667    4.138   2.549 0.000
228.291667 229.291667    4.810   2.759 0.000
231.291667 232.291667   20.352   5.856 0.000
234.291667 235.291667    7.791   4.555 0.000
237.291667 238.291667 9999.999 999.999 0.999
240.291667 241.291667    7.382   3.690 0.000
243.291667 244.291667    8.151   5.611 0.000
246.291667 247.291667    6.120   4.051 0.000
249.291667 250.291667    5.439   4.065 0.000
252.291667 253.291667    4.574   3.025 0.000
255.291667 256.291667    5.456   3.486 0.000
258.291667 259.291667    6.286   4.606 0.000
261.291667 262.291667    5.171   4.274 0.000
264.291667 265.291667    3.008   1.282 0.000
267.291667 268.291667    4.503   2.237 0.000
270.291667 271.291667   17.285   6.174 0.000
273.291667 274.291667    8.802   2.755 0.000
276.291667 277.291667    2.389   1.477 0.000
279.291667 280.291667 9999.999 999.999 0.999
282.291667 283.291667    7.623   3.004 0.000
285.291667 286.291667    3.292   1.154 0.000
288.291667 289.291667    5.402   1.964 0.000
291.291667 292.291667 9999.999 999.999 0.999
294.291667 295.291667 9999.999 999.999 0.999
297.291667 298.291667 9999.999 999.999 0.999
300.291667 301.291667   30.020   5.441 0.000
303.291667 304.291667    1.837   1.062 0.000
306.291667 307.291667    3.710   1.719 0.000
309.291667 310.291667    5.419   2.356 0.000
312.291667 313.291667   11.201   5.308 0.000
315.291667 316.291667    8.861   5.364 0.000
318.291667 319.291667    3.907   1.783 0.000
321.291667 322.291667    5.029   2.426 0.000
324.291667 325.291667    5.531   2.475 0.000
327.291667 328.291667    5.682   1.686 0.000
330.291667 331.291667    6.606   3.450 0.000
333.291667 334.291667    1.846   1.156 0.000
336.291667 337.291667    2.879   2.606 0.000
339.291667 340.291667    2.810   1.445 0.000
342.291667 343.291667    6.566   2.603 0.000
345.291667 346.291667    2.520   1.433 0.000
348.291667 349.291667    1.351   1.324 0.000
351.291667 352.291667    4.129   1.727 0.000
354.291667 355.291667    3.664   2.159 0.000
357.291667 358.291667    3.183   2.054 0.000
360.291667 361.291667    1.875   1.252 0.000
363.291667 364.291667 9999.999 999.999 0.999
