scripts/IMPROVE-2019_partial/data/US9000R.20020102070000.20191216000000.filterpack..pm25.52w.1w.US03L_filterpack_US9000.US03L_IMPROVE_Davis.lev2.nas
66 1001
MISSING INFORMATION
US03L, IMPROVE, , , , , , , 
MISSING INFORMATION
IMPROVE sel_HTAP
1 1
2002 01 01 2019 12 16
3.000000
days from file reference point
27
1 1 1 1 1 1 1 1 1 1 1 1 1 1 1 1 1 1 1 1 1 1 1 1 1 1 1
999.999999 9999.99 9.999 99.99 9.999999 9.999 9.999999 9.99 9.999999 9.999 9.999999 99.999 9.999 999.999 9.999 99.99 9.999999 999.999 9.999 999.999 9.999 999.999 9.999 9.999 9.999 9.999 9.999999
end_time of measurement, days from the file reference point
iron, ng/m3, Revision date=20181210133000
numflag iron, no unit, Revision date=20181210133000
lead, ng/m3, Revision date=20181210133000
numflag lead, no unit, Revision date=20181210133000
magnesium, ug/m3, Revision date=20181210133000
numflag magnesium, no unit, Revision date=20181210133000
nickel, ng/m3, Revision date=20181210133000
numflag nickel, no unit, Revision date=20181210133000
nitrate, ug N/m3, Revision date=20181210133000
numflag nitrate, no unit, Revision date=20181210133000
organic_carbon, ug C/m3, Revision date=20181210133000
numflag organic_carbon, no unit, Revision date=20181210133000
organic_mass, ug/m3, Revision date=20181210133000
numflag organic_mass, no unit, Revision date=20181210133000
phosphorus, ng/m3, Revision date=20181210133000
numflag phosphorus, no unit, Revision date=20181210133000
pm10_mass, ug/m3, Version=2, Version description=Data extracted from http://views.cira.colostate.edu/fed/DataWizard 2019-12-16, Sample duration=1d, Orig. time res.=3d, Matrix=pm10, Blank correction=Blank corrected, Volume std. temperature=ambient, Volume std. pressure=ambient
numflag pm10_mass, no unit, Version=2, Version description=Data extracted from http://views.cira.colostate.edu/fed/DataWizard 2019-12-16, Sample duration=1d, Orig. time res.=3d, Matrix=pm10, Blank correction=Blank corrected, Volume std. temperature=ambient, Volume std. pressure=ambient
pm10_pm25_mass, ug/m3, Revision date=20181210133000, Matrix=pm10_pm25
numflag pm10_pm25_mass, no unit, Revision date=20181210133000, Matrix=pm10_pm25
pm25_mass, ug/m3, Version=2, Version description=Data extracted from http://views.cira.colostate.edu/fed/DataWizard 2019-12-16, Sample duration=1d, Orig. time res.=3d, Blank correction=Blank corrected, Volume std. temperature=ambient, Volume std. pressure=ambient
numflag pm25_mass, no unit, Version=2, Version description=Data extracted from http://views.cira.colostate.edu/fed/DataWizard 2019-12-16, Sample duration=1d, Orig. time res.=3d, Blank correction=Blank corrected, Volume std. temperature=ambient, Volume std. pressure=ambient
potassium, ug/m3, Revision date=20181210133000
numflag potassium, no unit, Revision date=20181210133000
sulphate_total, ug S/m3, Revision date=20181210133000
numflag sulphate_total, no unit, Revision date=20181210133000
0
25
Data definition:              EBAS_1.1
Set type code:                TU
Timezone:                     UTC
File name:                    US9000R.20020102070000.20191216000000.filterpack..pm25.52w.1w.US03L_filterpack_US9000.US03L_IMPROVE_Davis.lev2.nas
File creation:                20191218120514
Startdate:                    20020102070000
Revision date:                20191216000000
Statistics:                   arithmetic mean
Data level:                   2
Period code:                  52w
Resolution code:              1w
Station code:                 US9000R
Platform code:                US9000S
Station name:                 Rocky Mountain NP
Station latitude:             40.2783
Station longitude:            -105.5457
Station altitude:             2760.0 m
Regime:                       IMG
Component:                    
Matrix:                       pm25
Laboratory code:              US03L
Instrument type:              filterpack
Instrument name:              filterpack_US9000
Method ref:                   US03L_IMPROVE_Davis
starttime endtime Fe flag_Fe Pb flag_Pb Mg++ flag_Mg++ Ni flag_Ni NO3- flag_NO3- OC flag_OC OM flag_OM P flag_P PM10 flag_PM10 PM10-PM2.5 flag_PM10-PM2.5 PM2.5 flag_PM2.5 K+ flag_K+ SO4-- flag_SO4--
[from data line 78]
235.291667 236.291667   47.82 0.000  0.60 0.000000 9.999 0.259000 0.10 0.000000 0.106 0.559000  0.988 0.000   1.383 0.000 99.99 0.259000  11.547 0.000   6.980 0.000   4.567 0.000 0.041 0.000 0.345 0.559000
238.291667 239.291667   26.55 0.000  0.22 0.000000 9.999 0.259000 9.99 0.259000 0.139 0.000000  0.750 0.000   1.050 0.000 99.99 0.259000   7.609 0.000   4.127 0.000   3.481 0.000 0.022 0.000 0.311 0.000000
241.291667 242.291667   51.58 0.000  0.53 0.000000 9.999 0.259000 0.10 0.000000 0.060 0.000000  0.891 0.000   1.248 0.000 99.99 0.259000  10.643 0.000   6.425 0.000   4.217 0.000 0.050 0.000 0.255 0.000000
244.291667 245.291667   81.85 0.559  0.99 0.559000 9.999 0.559259 9.99 0.559259 0.055 0.000000  1.413 0.000   1.979 0.000 99.99 0.559259  15.697 0.000   9.735 0.000   5.962 0.559 0.066 0.559 0.313 0.000000
247.291667 248.291667  172.53 0.699  1.05 0.699000 9.999 0.699259 9.99 0.699259 0.096 0.000000  3.382 0.000   4.734 0.000 99.99 0.699259  19.272 0.000   8.836 0.000  10.436 0.699 0.177 0.699 0.345 0.000000
250.291667 251.291667   23.41 0.000  0.40 0.000000 9.999 0.259000 9.99 0.259000 0.032 0.559000  0.481 0.000   0.673 0.000 99.99 0.259000   4.575 0.000   2.676 0.000   1.900 0.000 0.019 0.000 0.190 0.559000
253.291667 254.291667    8.65 0.000  0.49 0.000000 9.999 0.259000 9.99 0.259000 0.167 0.559000  0.911 0.000   1.275 0.000 99.99 0.259000   3.986 0.000   1.226 0.000   2.760 0.000 0.010 0.000 0.223 0.559000
256.291667 257.291667   29.57 0.000  0.99 0.000000 9.999 0.259000 9.99 0.259000 0.044 0.000000  1.419 0.000   1.986 0.000 99.99 0.259000   7.602 0.000   3.211 0.000   4.391 0.000 0.030 0.000 0.218 0.000000
259.291667 260.291667   42.92 0.000  0.39 0.000000 9.999 0.259000 9.99 0.259000 0.029 0.559000  0.548 0.000   0.767 0.000 99.99 0.259000  10.208 0.000   7.448 0.000   2.759 0.000 0.032 0.000 0.182 0.559000
262.291667 263.291667   57.72 0.000  0.25 0.000000 9.999 0.259000 9.99 0.259000 0.011 0.559000  0.382 0.000   0.535 0.000 99.99 0.259000  10.090 0.000   7.817 0.000   2.273 0.000 0.049 0.000 0.128 0.559000
265.291667 266.291667   56.55 0.000  1.21 0.000000 9.999 0.259000 9.99 0.259000 0.204 0.000000  1.341 0.000   1.877 0.000 99.99 0.259000  11.037 0.000   6.677 0.000   4.360 0.000 0.047 0.000 0.200 0.000000
268.291667 269.291667   27.04 0.000  0.59 0.000000 9.999 0.259000 9.99 0.259000 0.055 0.000000  0.763 0.000   1.068 0.000 99.99 0.259000   3.679 0.000   1.102 0.000   2.577 0.000 0.026 0.000 0.196 0.000000
271.291667 272.291667   15.78 0.000  0.34 0.000000 0.018 0.000000 9.99 0.259000 0.015 0.000000  0.199 0.000   0.278 0.000 99.99 0.259000   4.010 0.000   2.533 0.000   1.477 0.000 0.013 0.000 0.191 0.000000
274.291667 275.291667    0.46 0.000  0.20 0.000000 0.015 0.000000 9.99 0.259000 0.033 0.000000  0.080 0.000   0.112 0.000 99.99 0.259000   0.790 0.000   0.609 0.000   0.181 0.000 9.999 0.259 0.006 0.000000
277.291667 278.291667    4.51 0.000  0.36 0.000000 9.999 0.259000 9.99 0.259000 0.008 0.000000  0.396 0.000   0.555 0.000 99.99 0.259000   2.067 0.000   0.838 0.000   1.229 0.000 0.006 0.000 0.111 0.000000
280.291667 281.291667   37.91 0.000  0.44 0.000000 9.999 0.259000 9.99 0.259000 0.122 0.000000  0.602 0.000   0.843 0.000 99.99 0.259000   9.052 0.000   6.413 0.000   2.640 0.000 0.030 0.000 0.106 0.000000
283.291667 284.291667   53.77 0.000  0.52 0.000000 9.999 0.259000 9.99 0.259000 0.046 0.000000  0.636 0.000   0.890 0.000 99.99 0.259000   9.492 0.000   6.462 0.000   3.030 0.000 0.048 0.000 0.146 0.000000
286.291667 287.291667   58.38 0.000  0.65 0.000000 9.999 0.259000 0.03 0.000000 0.197 0.000000  0.660 0.000   0.925 0.000 99.99 0.259000  10.895 0.000   7.865 0.000   3.030 0.000 0.046 0.000 0.103 0.000000
289.291667 290.291667   28.87 0.559  0.52 0.559000 9.999 0.559259 9.99 0.559259 0.024 0.000000  0.608 0.000   0.851 0.000 99.99 0.559259   6.035 0.000   3.844 0.000   2.191 0.559 0.024 0.559 0.094 0.000000
292.291667 293.291667   35.94 0.000  0.71 0.000000 9.999 0.259000 0.04 0.000000 0.045 0.000000  0.497 0.000   0.696 0.000 99.99 0.259000   7.527 0.000   5.565 0.000   1.961 0.000 0.028 0.000 0.078 0.000000
295.291667 296.291667    5.82 0.000  0.63 0.000000 9.999 0.259000 9.99 0.259000 0.158 0.000000  0.453 0.000   0.634 0.000 99.99 0.259000   1.871 0.000   0.245 0.000   1.627 0.000 0.010 0.000 0.045 0.000000
298.291667 299.291667   24.21 0.000  1.59 0.000000 0.009 0.000000 9.99 0.259000 0.241 0.000000  0.744 0.000   1.041 0.000 99.99 0.259000   5.655 0.000   1.696 0.000   3.959 0.000 0.029 0.000 0.330 0.000000
301.291667 302.291667    1.19 0.000 99.99 0.259000 0.019 0.000000 0.11 0.000000 0.017 0.000000  0.140 0.000   0.197 0.000 99.99 0.259000   2.071 0.000   1.405 0.000   0.667 0.000 0.003 0.000 0.112 0.000000
304.291667 305.291667    7.74 0.000  0.58 0.000000 0.014 0.000000 0.05 0.000000 0.298 0.000000  0.802 0.000   1.123 0.000 99.99 0.259000   5.480 0.000   0.224 0.000   5.256 0.000 0.011 0.000 0.606 0.000000
307.291667 308.291667    7.32 0.000  0.38 0.000000 9.999 0.259000 0.10 0.000000 0.023 0.559000  0.276 0.000   0.386 0.000 99.99 0.259000   2.245 0.000   0.955 0.000   1.291 0.000 0.007 0.000 0.145 0.559000
310.291667 311.291667    5.63 0.000  0.25 0.000000 9.999 0.259000 9.99 0.259000 0.008 0.000000  0.303 0.000   0.424 0.000 99.99 0.259000   2.315 0.000   1.574 0.000   0.741 0.000 0.006 0.000 0.048 0.000000
313.291667 314.291667    4.15 0.000  0.20 0.000000 9.999 0.259000 9.99 0.259000 0.012 0.559000  0.136 0.000   0.190 0.000 99.99 0.259000   5.281 0.000   4.943 0.000   0.338 0.000 0.007 0.000 0.059 0.559000
316.291667 317.291667    1.78 0.000  0.11 0.000000 9.999 0.259000 9.99 0.259000 0.003 0.000000  0.125 0.000   0.175 0.000 99.99 0.259000   1.685 0.000   1.534 0.000   0.151 0.000 0.002 0.000 0.039 0.000000
319.291667 320.291667    6.64 0.000  0.35 0.000000 9.999 0.259000 9.99 0.259000 0.005 0.000000  0.184 0.000   0.257 0.000 99.99 0.259000   1.860 0.000   1.031 0.000   0.830 0.000 0.007 0.000 0.142 0.000000
322.291667 323.291667    6.15 0.000 99.99 0.259000 9.999 0.259000 9.99 0.259000 0.012 0.000000  0.043 0.000   0.061 0.000 99.99 0.259000   1.838 0.000   1.305 0.000   0.533 0.000 0.005 0.000 0.072 0.000000
325.291667 326.291667    3.27 0.000  0.11 0.000000 9.999 0.259000 9.99 0.259000 0.004 0.000000  0.230 0.000   0.323 0.000 99.99 0.259000   1.447 0.000   1.202 0.000   0.245 0.000 0.003 0.000 0.027 0.000000
328.291667 329.291667    4.40 0.000  0.38 0.000000 9.999 0.259000 9.99 0.259000 0.051 0.000000  0.231 0.000   0.324 0.000 99.99 0.259000   2.259 0.000   1.403 0.000   0.856 0.000 0.005 0.000 0.118 0.000000
331.291667 332.291667    1.05 0.000  0.13 0.000000 9.999 0.259000 9.99 0.259000 0.002 0.000000  0.201 0.000   0.281 0.000 99.99 0.259000   0.575 0.000   0.297 0.000   0.278 0.000 0.002 0.000 0.011 0.000000
334.291667 335.291667    1.71 0.000 99.99 0.259000 9.999 0.259000 9.99 0.259000 0.002 0.000000  0.221 0.000   0.310 0.000 99.99 0.259000   0.909 0.000   0.387 0.000   0.522 0.000 0.003 0.000 0.083 0.000000
337.291667 338.291667   10.02 0.000  0.16 0.000000 9.999 0.259000 0.06 0.000000 0.092 0.000000  0.326 0.000   0.456 0.000 99.99 0.259000   4.990 0.000   3.146 0.000   1.844 0.000 0.008 0.000 0.282 0.000000
340.291667 341.291667    6.56 0.000  0.16 0.000000 9.999 0.259000 9.99 0.259000 0.012 0.559000  0.215 0.000   0.301 0.000 99.99 0.259000   1.871 0.000   1.288 0.000   0.584 0.000 0.005 0.000 0.054 0.559000
343.291667 344.291667   20.39 0.000 99.99 0.259000 9.999 0.259000 9.99 0.259000 0.006 0.000000  0.096 0.000   0.135 0.000 99.99 0.259000   3.992 0.000   3.351 0.000   0.641 0.000 0.014 0.000 0.021 0.000000
346.291667 347.291667   76.33 0.000  0.25 0.000000 9.999 0.259000 9.99 0.259000 0.016 0.000000  0.172 0.000   0.241 0.000 99.99 0.259000   8.608 0.000   5.954 0.000   2.654 0.000 0.053 0.000 0.125 0.000000
349.291667 350.291667 9999.99 0.456 99.99 0.456000 9.999 0.456000 9.99 0.456000 0.025 0.000000  0.106 0.000   0.148 0.000 99.99 0.456000   5.704 0.000 999.999 0.999 999.999 0.456 9.999 0.456 0.074 0.000000
352.291667 353.291667   18.63 0.000  0.41 0.000000 0.020 0.000000 9.99 0.259000 0.027 0.559000  0.298 0.000   0.417 0.000 99.99 0.259000   5.564 0.000   4.758 0.000   0.806 0.000 0.011 0.000 0.100 0.559000
355.291667 356.291667    8.85 0.000  0.35 0.000000 9.999 0.259000 9.99 0.259000 0.247 0.000000  0.293 0.000   0.410 0.000 99.99 0.259000   3.974 0.000   2.026 0.000   1.948 0.000 0.011 0.000 0.140 0.000000
358.291667 359.291667    4.86 0.000  0.14 0.000000 9.999 0.259000 9.99 0.259000 0.019 0.000000  0.370 0.000   0.519 0.000 99.99 0.259000   2.594 0.000   1.468 0.000   1.126 0.000 0.005 0.000 0.159 0.000000
361.291667 362.291667   12.35 0.000  0.10 0.000000 9.999 0.259000 9.99 0.259000 0.002 0.559000  0.221 0.000   0.310 0.000 99.99 0.259000   1.943 0.000   1.640 0.000   0.303 0.000 0.010 0.000 0.032 0.559000
364.291667 365.291667    8.42 0.000  0.13 0.000000 9.999 0.259000 9.99 0.259000 0.006 0.000000  0.140 0.000   0.196 0.000 99.99 0.259000   1.921 0.000   1.766 0.000   0.155 0.000 0.007 0.000 0.043 0.000000
