scripts/IMPROVE-2019_partial/data/US9014R.20050101070000.20191216000000.filterpack..pm25.52w.1w.US03L_filterpack_US9014.US03L_IMPROVE_Davis.lev2.nas
66 1001
MISSING INFORMATION
US03L, IMPROVE, , , , , , , 
MISSING INFORMATION
IMPROVE sel_HTAP
1 1
2005 01 01 2019 12 16
3.000000
days from file reference point
27
1 1 1 1 1 1 1 1 1 1 1 1 1 1 1 1 1 1 1 1 1 1 1 1 1 1 1
999.999999 9999.99 9.999 99.99 9.999 9.999 9.999 9.99 9.999 9.999 9.999 99.999 9.999 99.999 9.999 99.99 9.999 999.999 9.999 999.999 9.999 999.999 9.999 9.999 9.999 99.999 9.999
end_time of measurement, days from the file reference point
iron, ng/m3, Revision date=20181210133000
numflag iron, no unit, Revision date=20181210133000
lead, ng/m3, Revision date=20181210133000
numflag lead, no unit, Revision date=20181210133000
magnesium, ug/m3, Revision date=20181210133000
numflag magnesium, no unit, Revision date=20181210133000
nickel, ng/m3, Revision date=20181210133000
numflag nickel, no unit, Revision date=20181210133000
nitrate, ug N/m3, Revision date=20181210133000
numflag nitrate, no unit, Revision date=20181210133000
organic_carbon, ug C/m3, Revision date=20181210133000
numflag organic_carbon, no unit, Revision date=20181210133000
organic_mass, ug/m3, Revision date=20181210133000
numflag organic_mass, no unit, Revision date=20181210133000
phosphorus, ng/m3, Revision date=20181210133000
numflag phosphorus, no unit, Revision date=20181210133000
pm10_mass, ug/m3, Version=2, Version description=Data extracted from http://views.cira.colostate.edu/fed/DataWizard 2019-12-16, Sample duration=1d, Orig. time res.=3d, Matrix=pm10, Blank correction=Blank corrected, Volume std. temperature=ambient, Volume std. pressure=ambient
numflag pm10_mass, no unit, Version=2, Version description=Data extracted from http://views.cira.colostate.edu/fed/DataWizard 2019-12-16, Sample duration=1d, Orig. time res.=3d, Matrix=pm10, Blank correction=Blank corrected, Volume std. temperature=ambient, Volume std. pressure=ambient
pm10_pm25_mass, ug/m3, Revision date=20181210133000, Matrix=pm10_pm25
numflag pm10_pm25_mass, no unit, Revision date=20181210133000, Matrix=pm10_pm25
pm25_mass, ug/m3, Version=2, Version description=Data extracted from http://views.cira.colostate.edu/fed/DataWizard 2019-12-16, Sample duration=1d, Orig. time res.=3d, Blank correction=Blank corrected, Volume std. temperature=ambient, Volume std. pressure=ambient
numflag pm25_mass, no unit, Version=2, Version description=Data extracted from http://views.cira.colostate.edu/fed/DataWizard 2019-12-16, Sample duration=1d, Orig. time res.=3d, Blank correction=Blank corrected, Volume std. temperature=ambient, Volume std. pressure=ambient
potassium, ug/m3, Revision date=20181210133000
numflag potassium, no unit, Revision date=20181210133000
sulphate_total, ug S/m3, Revision date=20181210133000
numflag sulphate_total, no unit, Revision date=20181210133000
0
25
Data definition:              EBAS_1.1
Set type code:                TU
Timezone:                     UTC
File name:                    US9014R.20050101070000.20191216000000.filterpack..pm25.52w.1w.US03L_filterpack_US9014.US03L_IMPROVE_Davis.lev2.nas
File creation:                20191218120607
Startdate:                    20050101070000
Revision date:                20191216000000
Statistics:                   arithmetic mean
Data level:                   2
Period code:                  52w
Resolution code:              1w
Station code:                 US9014R
Platform code:                US9014S
Station name:                 Medicine Lake
Station latitude:             48.4871
Station longitude:            -104.4757
Station altitude:             606.0 m
Regime:                       IMG
Component:                    
Matrix:                       pm25
Laboratory code:              US03L
Instrument type:              filterpack
Instrument name:              filterpack_US9014
Method ref:                   US03L_IMPROVE_Davis
starttime endtime Fe flag_Fe Pb flag_Pb Mg++ flag_Mg++ Ni flag_Ni NO3- flag_NO3- OC flag_OC OM flag_OM P flag_P PM10 flag_PM10 PM10-PM2.5 flag_PM10-PM2.5 PM2.5 flag_PM2.5 K+ flag_K+ SO4-- flag_SO4--
  0.291667   1.291667   12.78 0.000  1.96 0.000 9.999 0.259 0.20 0.000 0.051 0.000  0.301 0.000  0.543 0.000 99.99 0.259   2.415 0.000 999.999 0.259   2.597 0.000 0.017 0.000  0.319 0.000
  3.291667   4.291667   10.59 0.000  1.28 0.000 9.999 0.259 0.17 0.000 0.427 0.000  0.738 0.000  1.328 0.000 99.99 0.259   5.090 0.000 999.999 0.259   5.843 0.000 0.030 0.000  0.535 0.000
  6.291667   7.291667    6.39 0.000  0.28 0.000 9.999 0.259 0.19 0.000 0.112 0.000  0.297 0.000  0.535 0.000 99.99 0.259   2.365 0.000 999.999 0.259   2.437 0.000 0.056 0.000  0.221 0.000
  9.291667  10.291667    7.83 0.000  0.37 0.000 9.999 0.259 0.20 0.000 0.274 0.000  0.531 0.000  0.956 0.000 99.99 0.259   3.688 0.000 999.999 0.259   3.845 0.000 0.057 0.000  0.214 0.000
 12.291667  13.291667   23.85 0.000  1.35 0.000 0.011 0.000 0.15 0.000 0.082 0.000  0.329 0.000  0.593 0.000 99.99 0.259   3.453 0.000   1.090 0.000   2.362 0.000 0.024 0.000  0.228 0.000
 15.291667  16.291667   14.99 0.000  1.07 0.000 0.007 0.000 0.14 0.000 0.225 0.000  0.891 0.000  1.605 0.000 99.99 0.259   4.281 0.000   0.070 0.000   4.209 0.000 0.027 0.000  0.257 0.000
 18.291667  19.291667    7.52 0.000  0.44 0.000 9.999 0.259 9.99 0.259 0.346 0.000  0.739 0.000  1.331 0.000 99.99 0.259   4.606 0.000   0.805 0.000   3.800 0.000 0.027 0.000  0.322 0.000
 21.291667  22.291667    8.14 0.000  1.19 0.000 0.008 0.000 0.23 0.000 0.033 0.000  0.115 0.000  0.206 0.000 99.99 0.259   2.705 0.000   1.115 0.000   1.590 0.000 0.021 0.000  0.224 0.000
 24.291667  25.291667    3.63 0.000  0.35 0.000 9.999 0.259 9.99 0.259 0.023 0.000  0.359 0.000  0.647 0.000 99.99 0.259   2.607 0.000   1.085 0.000   1.543 0.000 0.013 0.000  0.180 0.000
 27.291667  28.291667    7.43 0.000  0.40 0.000 9.999 0.259 9.99 0.259 0.470 0.000  0.644 0.000  1.160 0.000 99.99 0.259   7.298 0.000   1.317 0.000   5.979 0.000 0.033 0.000  0.752 0.000
 30.291667  31.291667    7.73 0.000  0.92 0.000 9.999 0.259 0.20 0.000 0.508 0.000  0.453 0.000  0.816 0.000 99.99 0.259   3.624 0.000   1.653 0.000   1.970 0.000 0.011 0.000  0.142 0.000
 33.291667  34.291667   20.56 0.000  0.95 0.000 0.010 0.000 0.17 0.000 0.031 0.000  0.233 0.000  0.419 0.000 99.99 0.259   4.751 0.000   3.213 0.000   1.537 0.000 0.017 0.000  0.115 0.000
 36.291667  37.291667    8.13 0.000  1.50 0.000 9.999 0.259 0.23 0.000 0.043 0.000  0.184 0.000  0.330 0.000 99.99 0.259   2.809 0.000   1.064 0.000   1.744 0.000 0.047 0.000  0.167 0.000
 39.291667  40.291667   25.47 0.000  0.78 0.000 0.010 0.000 0.18 0.000 0.279 0.000  0.467 0.000  0.841 0.000 99.99 0.259   4.955 0.000   2.494 0.000   2.462 0.000 0.021 0.000  0.172 0.000
 42.291667  43.291667   66.89 0.000  0.35 0.000 0.021 0.000 0.09 0.000 0.052 0.000  0.462 0.000  0.832 0.000 99.99 0.259   6.163 0.000   3.812 0.000   2.350 0.000 0.032 0.000  0.101 0.000
 45.291667  46.291667   14.43 0.000  0.53 0.000 9.999 0.259 0.22 0.000 0.123 0.000  0.366 0.000  0.658 0.000 99.99 0.259   5.517 0.000   2.950 0.000   2.628 0.000 0.030 0.000  0.230 0.000
 48.291667  49.291667   14.22 0.000  0.56 0.000 0.007 0.000 9.99 0.259 0.136 0.000  0.489 0.000  0.881 0.000 99.99 0.259   5.093 0.000   1.627 0.000   3.466 0.000 0.039 0.000  0.402 0.000
 51.291667  52.291667   19.19 0.000  0.37 0.000 9.999 0.259 0.17 0.000 0.740 0.000  0.406 0.000  0.732 0.000 99.99 0.259  10.175 0.000   2.676 0.000   7.496 0.000 0.029 0.000  0.596 0.000
 54.291667  55.291667   52.87 0.000  0.75 0.000 9.999 0.259 9.99 0.259 0.161 0.000  0.625 0.000  1.126 0.000 99.99 0.259  10.357 0.000   7.090 0.000   3.264 0.000 0.033 0.000  0.188 0.000
 57.291667  58.291667   14.39 0.000  0.88 0.000 9.999 0.259 0.20 0.000 0.410 0.000  0.961 0.000  1.729 0.000 99.99 0.259   6.103 0.000   1.005 0.000   5.097 0.000 0.054 0.000  0.425 0.000
 60.291667  61.291667   61.38 0.000  0.69 0.000 9.999 0.259 9.99 0.259 0.757 0.000  0.420 0.000  0.755 0.000 99.99 0.259  16.234 0.000   9.482 0.000   6.751 0.000 0.033 0.000  0.507 0.000
 63.291667  64.291667   38.11 0.000  0.86 0.000 9.999 0.259 9.99 0.259 0.046 0.000  0.444 0.000  0.799 0.000 99.99 0.259   7.616 0.000   5.029 0.000   2.585 0.000 0.024 0.000  0.132 0.000
 66.291667  67.291667    9.40 0.000  0.43 0.000 9.999 0.259 9.99 0.259 0.131 0.000  0.174 0.000  0.312 0.000 99.99 0.259   3.933 0.000   1.181 0.000   2.766 0.000 0.029 0.000  0.368 0.000
 69.291667  70.291667   36.28 0.000  0.70 0.000 9.999 0.259 9.99 0.259 0.118 0.000  0.208 0.000  0.375 0.000 99.99 0.259   4.654 0.000   2.454 0.000   2.199 0.000 0.024 0.000  0.135 0.000
 72.291667  73.291667    7.67 0.000  0.60 0.000 0.005 0.000 9.99 0.259 0.040 0.000  0.063 0.000  0.113 0.000 99.99 0.259   2.657 0.000   0.987 0.000   1.669 0.000 0.012 0.000  0.223 0.000
 75.291667  76.291667   16.26 0.000  0.85 0.000 0.009 0.000 9.99 0.259 0.700 0.000  0.423 0.000  0.761 0.000 99.99 0.259  11.653 0.000   1.824 0.000   9.827 0.000 0.018 0.000  1.236 0.000
 78.291667  79.291667   35.59 0.000  1.44 0.000 9.999 0.259 9.99 0.259 0.476 0.000  0.414 0.000  0.745 0.000 99.99 0.259   6.231 0.000   2.653 0.000   3.577 0.000 0.021 0.000  0.302 0.000
 81.291667  82.291667   10.34 0.000  0.88 0.000 9.999 0.259 9.99 0.259 0.469 0.000  0.408 0.000  0.735 0.000 99.99 0.259   7.603 0.000   0.012 0.000   7.589 0.000 0.022 0.000  0.944 0.000
 84.291667  85.291667   10.04 0.000  0.93 0.000 9.999 0.259 9.99 0.259 0.176 0.000  0.472 0.000  0.849 0.000 99.99 0.259   4.023 0.000   0.631 0.000   3.390 0.000 0.015 0.000  0.534 0.000
 87.291667  88.291667    9.48 0.000  0.26 0.000 9.999 0.259 9.99 0.259 0.022 0.000  0.065 0.000  0.117 0.000 99.99 0.259   1.611 0.000   1.092 0.000   0.531 0.000 0.007 0.000  0.088 0.000
 90.291667  91.291667   26.75 0.000  1.27 0.000 9.999 0.259 0.15 0.000 0.030 0.000  0.216 0.000  0.388 0.000 99.99 0.259   5.217 0.000   3.318 0.000   1.898 0.000 0.022 0.000  0.235 0.000
 93.291667  94.291667   38.40 0.000  2.29 0.000 9.999 0.259 9.99 0.259 0.376 0.000  1.024 0.000  1.844 0.000 99.99 0.259  10.687 0.000   5.722 0.000   4.964 0.000 0.057 0.000  0.334 0.000
 96.291667  97.291667   87.31 0.000  2.14 0.000 0.017 0.000 9.99 0.259 0.049 0.000  0.690 0.000  1.242 0.000 99.99 0.259  12.268 0.000   8.277 0.000   3.990 0.000 0.048 0.000  0.316 0.000
 99.291667 100.291667   10.49 0.000  0.62 0.000 9.999 0.259 9.99 0.259 0.024 0.000  0.355 0.000  0.639 0.000 99.99 0.259   3.540 0.000   1.618 0.000   1.923 0.000 0.011 0.000  0.339 0.000
102.291667 103.291667   34.57 0.000  0.90 0.000 9.999 0.259 0.16 0.000 0.208 0.000  0.406 0.000  0.730 0.000 99.99 0.259   9.293 0.000   5.154 0.000   4.138 0.000 0.022 0.000  0.647 0.000
105.291667 106.291667   79.11 0.000  0.93 0.000 9.999 0.259 9.99 0.259 0.025 0.000  0.322 0.000  0.580 0.000 99.99 0.259  10.912 0.000   8.227 0.000   2.684 0.000 0.043 0.000  0.174 0.000
108.291667 109.291667   36.37 0.000  0.69 0.000 9.999 0.259 0.15 0.000 0.018 0.000  0.464 0.000  0.836 0.000 99.99 0.259   4.940 0.000   2.543 0.000   2.427 0.000 0.073 0.000  0.156 0.000
111.291667 112.291667   50.19 0.000  0.75 0.000 0.015 0.000 9.99 0.259 0.036 0.000  0.511 0.000  0.919 0.000 99.99 0.259  11.866 0.000   7.923 0.000   3.942 0.000 0.052 0.000  0.435 0.000
114.291667 115.291667   47.08 0.000  0.87 0.000 9.999 0.259 9.99 0.259 0.028 0.000  0.526 0.000  0.946 0.000 99.99 0.259  16.872 0.000  14.107 0.000   2.921 0.000 0.090 0.000  0.222 0.000
117.291667 118.291667 9999.99 0.999 99.99 0.999 9.999 0.999 9.99 0.999 9.999 0.999 99.999 0.999 99.999 0.999 99.99 0.999 999.999 0.999 999.999 0.999 999.999 0.999 9.999 0.999 99.999 0.999
120.291667 121.291667   26.19 0.000  0.74 0.000 9.999 0.259 9.99 0.259 0.023 0.000  0.174 0.000  0.314 0.000 99.99 0.259   7.832 0.000   5.718 0.000   2.114 0.000 0.042 0.000  0.240 0.000
123.291667 124.291667  142.08 0.000  1.25 0.000 0.031 0.000 9.99 0.259 0.036 0.000  0.559 0.000  1.007 0.000 99.99 0.259  21.907 0.000  16.442 0.000   5.464 0.000 0.070 0.000  0.400 0.000
126.291667 127.291667   94.77 0.000  1.91 0.000 9.999 0.259 9.99 0.259 0.171 0.000  1.795 0.000  3.230 0.000 99.99 0.259  19.312 0.000   9.580 0.000   9.730 0.000 0.096 0.000  0.967 0.000
129.291667 130.291667   34.74 0.000  1.62 0.000 9.999 0.259 9.99 0.259 0.189 0.000  1.234 0.000  2.222 0.000 99.99 0.259  14.061 0.000   6.659 0.000   7.486 0.000 0.088 0.000  0.784 0.000
132.291667 133.291667   31.83 0.000  1.07 0.000 9.999 0.259 0.21 0.000 0.114 0.000  0.246 0.000  0.443 0.000 99.99 0.259   6.382 0.000   3.577 0.000   2.804 0.000 0.030 0.000  0.300 0.000
135.291667 136.291667   41.53 0.000  1.92 0.000 9.999 0.259 9.99 0.259 0.110 0.000  0.643 0.000  1.157 0.000 99.99 0.259   9.355 0.000   4.954 0.000   4.401 0.000 0.031 0.000  0.506 0.000
138.291667 139.291667   24.85 0.000  1.11 0.000 9.999 0.259 0.13 0.000 0.022 0.000  0.301 0.000  0.542 0.000 99.99 0.259   4.204 0.000   2.690 0.000   1.514 0.000 0.018 0.000  0.137 0.000
141.291667 142.291667   20.98 0.000  0.63 0.000 9.999 0.259 0.09 0.000 0.015 0.000  0.294 0.000  0.528 0.000 99.99 0.259   5.558 0.000   3.764 0.000   1.794 0.000 0.016 0.000  0.187 0.000
144.291667 145.291667   23.60 0.000  0.65 0.000 0.009 0.000 9.99 0.259 0.015 0.000  0.410 0.000  0.738 0.000 99.99 0.259   8.155 0.000   5.685 0.000   2.470 0.000 0.016 0.000  0.277 0.000
147.291667 148.291667   12.66 0.000  0.42 0.000 9.999 0.259 9.99 0.259 0.017 0.000  0.333 0.000  0.599 0.000 99.99 0.259   3.652 0.000   2.508 0.000   1.144 0.000 0.016 0.000  0.088 0.000
150.291667 151.291667   10.53 0.000  0.78 0.000 9.999 0.259 9.99 0.259 0.085 0.000  0.283 0.000  0.509 0.000 99.99 0.259   6.061 0.000   2.997 0.000   3.099 0.000 0.010 0.000  0.391 0.000
153.291667 154.291667    6.44 0.000  0.20 0.000 9.999 0.259 9.99 0.259 0.003 0.000  0.018 0.000  0.033 0.000 99.99 0.259   2.411 0.000   1.701 0.000   0.710 0.000 0.004 0.000  0.040 0.000
156.291667 157.291667   18.93 0.000  0.51 0.000 9.999 0.259 9.99 0.259 0.088 0.000  0.557 0.000  1.002 0.000 99.99 0.259  13.004 0.000  10.001 0.000   3.003 0.000 0.017 0.000  0.246 0.000
159.291667 160.291667    4.75 0.000  0.54 0.000 9.999 0.259 9.99 0.259 0.016 0.000  1.083 0.000  1.949 0.000 99.99 0.259   5.931 0.000   2.712 0.000   3.219 0.000 0.027 0.000  0.097 0.000
162.291667 163.291667    9.00 0.000  0.69 0.000 9.999 0.259 9.99 0.259 0.027 0.000  0.575 0.000  1.036 0.000 99.99 0.259   4.861 0.000   2.598 0.000   2.262 0.000 0.007 0.000  0.283 0.000
165.291667 166.291667   40.17 0.000  0.20 0.000 9.999 0.259 9.99 0.259 0.017 0.000  0.593 0.000  1.067 0.000 99.99 0.259  16.389 0.000  13.537 0.000   2.852 0.000 0.018 0.000  0.232 0.000
168.291667 169.291667   25.39 0.000  0.19 0.000 0.009 0.000 9.99 0.259 0.015 0.000  0.881 0.000  1.587 0.000 99.99 0.259   9.607 0.000   6.333 0.000   3.274 0.000 0.022 0.000  0.282 0.000
171.291667 172.291667   30.70 0.000  0.39 0.000 9.999 0.259 9.99 0.259 0.051 0.000  0.927 0.000  1.668 0.000 99.99 0.259   9.986 0.000   4.910 0.000   5.172 0.000 0.024 0.000  0.225 0.000
174.291667 175.291667 9999.99 0.999 99.99 0.999 9.999 0.999 9.99 0.999 9.999 0.999 99.999 0.999 99.999 0.999 99.99 0.999 999.999 0.999 999.999 0.999 999.999 0.999 9.999 0.999 99.999 0.999
177.291667 178.291667 9999.99 0.999 99.99 0.999 9.999 0.999 9.99 0.999 9.999 0.999 99.999 0.999 99.999 0.999 99.99 0.999 999.999 0.999 999.999 0.999 999.999 0.999 9.999 0.999 99.999 0.999
180.291667 181.291667 9999.99 0.999 99.99 0.999 9.999 0.999 9.99 0.999 9.999 0.999 99.999 0.999 99.999 0.999 99.99 0.999 999.999 0.999 999.999 0.999 999.999 0.999 9.999 0.999 99.999 0.999
183.291667 184.291667    9.07 0.000  0.44 0.000 9.999 0.259 9.99 0.259 0.011 0.000  0.780 0.000  1.405 0.000 99.99 0.259   8.699 0.000   5.969 0.000   2.739 0.000 0.016 0.000  0.156 0.000
186.291667 187.291667   85.84 0.000  0.85 0.000 9.999 0.259 9.99 0.259 0.018 0.000  1.221 0.000  2.198 0.000 99.99 0.259  18.603 0.000  13.886 0.000   4.772 0.000 0.053 0.000  0.241 0.000
189.291667 190.291667   86.41 0.000  1.03 0.000 9.999 0.259 9.99 0.259 0.022 0.000  1.805 0.000  3.248 0.000 99.99 0.259  21.064 0.000  14.409 0.000   6.795 0.000 0.065 0.000  0.418 0.000
192.291667 193.291667   67.01 0.000  0.41 0.000 0.012 0.000 0.15 0.000 0.014 0.000  0.738 0.000  1.328 0.000 99.99 0.259  13.569 0.000  10.662 0.000   3.005 0.000 0.032 0.000  0.104 0.000
195.291667 196.291667   67.22 0.000  0.28 0.000 9.999 0.259 9.99 0.259 0.010 0.000  0.795 0.000  1.430 0.000 99.99 0.259  13.494 0.000   9.583 0.000   3.910 0.000 0.029 0.000  0.137 0.000
198.291667 199.291667   15.52 0.000  0.40 0.000 9.999 0.259 9.99 0.259 0.014 0.000  1.593 0.000  2.868 0.000 99.99 0.259  10.207 0.000   5.125 0.000   5.080 0.000 0.022 0.000  0.265 0.000
201.291667 202.291667   51.40 0.000  0.63 0.000 9.999 0.259 9.99 0.259 0.024 0.000  0.976 0.000  1.758 0.000 99.99 0.259  14.921 0.000   9.747 0.000   5.173 0.000 0.029 0.000  0.465 0.000
204.291667 205.291667   33.41 0.000  0.22 0.000 9.999 0.259 9.99 0.259 0.012 0.000  0.748 0.000  1.346 0.000 99.99 0.259   9.015 0.000   6.114 0.000   2.900 0.000 0.030 0.000  0.137 0.000
207.291667 208.291667 9999.99 0.999 99.99 0.999 9.999 0.999 9.99 0.999 9.999 0.999 99.999 0.999 99.999 0.999 99.99 0.999 999.999 0.999 999.999 0.999 999.999 0.999 9.999 0.999 99.999 0.999
210.291667 211.291667   71.36 0.000  0.81 0.000 0.016 0.000 9.99 0.259 0.016 0.000  1.499 0.000  2.698 0.000 99.99 0.259  15.982 0.000  10.317 0.000   5.664 0.000 0.042 0.000  0.385 0.000
213.291667 214.291667   75.04 0.000  0.50 0.000 9.999 0.259 9.99 0.259 0.033 0.000  1.681 0.000  3.026 0.000 99.99 0.259  37.412 0.000  32.210 0.000   5.675 0.000 0.054 0.000  0.321 0.000
216.291667 217.291667   41.97 0.000 99.99 0.259 0.009 0.000 9.99 0.259 0.014 0.000  1.447 0.000  2.605 0.000 99.99 0.259  12.445 0.000   8.392 0.000   4.052 0.000 0.029 0.000  0.189 0.000
219.291667 220.291667   51.97 0.000  0.41 0.000 9.999 0.259 9.99 0.259 0.008 0.000  1.020 0.000  1.836 0.000 99.99 0.259  15.505 0.000  11.818 0.000   3.687 0.000 0.034 0.000  0.120 0.000
222.291667 223.291667   33.23 0.000  0.52 0.000 9.999 0.259 9.99 0.259 0.019 0.000  0.843 0.000  1.518 0.000 99.99 0.259   9.314 0.000   5.747 0.000   3.567 0.000 0.028 0.000  0.199 0.000
225.291667 226.291667   23.51 0.000 99.99 0.259 9.999 0.259 9.99 0.259 0.014 0.000  2.191 0.000  3.943 0.000 99.99 0.259  11.210 0.000   5.733 0.000   5.476 0.000 0.029 0.000  0.183 0.000
228.291667 229.291667   22.21 0.000  0.71 0.000 9.999 0.259 9.99 0.259 0.024 0.000  1.349 0.000  2.428 0.000 99.99 0.259  11.156 0.000   5.891 0.000   5.263 0.000 0.040 0.000  0.399 0.000
231.291667 232.291667   11.64 0.000 99.99 0.259 9.999 0.259 0.07 0.000 0.014 0.000  0.546 0.000  0.983 0.000 99.99 0.259   6.633 0.000   3.770 0.000   2.862 0.000 0.007 0.000  0.343 0.000
234.291667 235.291667   52.32 0.000  0.63 0.000 9.999 0.259 9.99 0.259 0.032 0.000  0.959 0.000  1.726 0.000 99.99 0.259  14.896 0.000  10.011 0.000   4.885 0.000 0.063 0.000  0.379 0.000
237.291667 238.291667   65.51 0.000 99.99 0.259 9.999 0.259 9.99 0.259 0.030 0.000  4.824 0.000  8.683 0.000 99.99 0.259  25.416 0.000  14.498 0.000  10.918 0.000 0.053 0.000  0.170 0.000
240.291667 241.291667   74.69 0.000  0.45 0.000 0.010 0.000 9.99 0.259 0.018 0.000  2.296 0.000  4.132 0.000 99.99 0.259  19.652 0.000  13.014 0.000   6.637 0.000 0.045 0.000  0.257 0.000
243.291667 244.291667   43.55 0.000  0.54 0.000 9.999 0.259 9.99 0.259 0.013 0.000  0.530 0.000  0.954 0.000 99.99 0.259  14.217 0.000  11.131 0.000   3.087 0.000 0.018 0.000  0.240 0.000
246.291667 247.291667   88.99 0.000  0.97 0.000 9.999 0.259 9.99 0.259 0.022 0.000  2.356 0.000  4.241 0.000 99.99 0.259  25.253 0.000  18.031 0.000   7.221 0.000 0.071 0.000  0.328 0.000
249.291667 250.291667   71.31 0.000  0.54 0.000 0.017 0.000 9.99 0.259 0.015 0.000  0.726 0.000  1.308 0.000 99.99 0.259  13.616 0.000   9.938 0.000   3.678 0.000 0.052 0.000  0.201 0.000
252.291667 253.291667   60.32 0.000  0.65 0.000 9.999 0.259 9.99 0.259 0.022 0.000  1.501 0.000  2.702 0.000 99.99 0.259  19.002 0.000  13.362 0.000   5.640 0.000 0.039 0.000  0.532 0.000
