scripts/IMPROVE-2019_partial/data/US9025U.19990102080000.20191216000000.filterpack.pm25_mass.pm25.1y.3d.US03L_filterpack_US9025.US03L_IMPROVE_Davis.lev2.nas
50 1001
MISSING INFORMATION
US03L, IMPROVE, , , , , , , 
MISSING INFORMATION
IMPROVE sel_HTAP
1 1
1999 01 01 2019 12 16
0
days from file reference point
3
1 1 1
999.999999 999.999 9.999
end_time of measurement, days from the file reference point
pm25_mass, ug/m3
numflag pm25_mass, no unit
0
33
Data definition:              EBAS_1.1
Set type code:                TI
Timezone:                     UTC
File name:                    US9025U.19990102080000.20191216000000.filterpack.pm25_mass.pm25.1y.3d.US03L_filterpack_US9025.US03L_IMPROVE_Davis.lev2.nas
File creation:                20191218120652
Startdate:                    19990102080000
Revision date:                20191216000000
Version:                      2
Version description:          "Data extracted from http://views.cira.colostate.edu/fed/DataWizard 2019-12-16"
Statistics:                   arithmetic mean
Data level:                   2
Period code:                  1y
Resolution code:              3d
Sample duration:              1d
Orig. time res.:              3d
Station code:                 US9025U
Platform code:                US9025S
Station name:                 Puget Sound
Station latitude:             47.5696
Station longitude:            -122.3119
Station altitude:             97.0 m
Regime:                       IMG
Component:                    pm25_mass
Unit:                         ug/m3
Matrix:                       pm25
Laboratory code:              US03L
Instrument type:              filterpack
Instrument name:              filterpack_US9025
Method ref:                   US03L_IMPROVE_Davis
Blank correction:             Blank corrected
Volume std. temperature:      ambient
Volume std. pressure:         ambient
starttime endtime PM2.5 flag_PM2.5
  1.333333   2.333333  11.062 0.000
  5.333333   6.333333  10.601 0.000
  8.333333   9.333333   9.771 0.000
 12.333333  13.333333  10.696 0.000
 15.333333  16.333333   4.660 0.000
 19.333333  20.333333   3.286 0.000
 22.333333  23.333333   8.086 0.000
 26.333333  27.333333  10.152 0.000
 29.333333  30.333333   7.963 0.000
 33.333333  34.333333  17.140 0.000
 36.333333  37.333333   6.758 0.000
 40.333333  41.333333   6.541 0.000
 43.333333  44.333333   5.864 0.000
 47.333333  48.333333   6.727 0.000
 50.333333  51.333333   3.255 0.000
 54.333333  55.333333   6.111 0.000
 57.333333  58.333333   2.901 0.000
 61.333333  62.333333   3.595 0.000
 64.333333  65.333333  12.959 0.000
 68.333333  69.333333   6.664 0.000
 71.333333  72.333333   6.512 0.000
 75.333333  76.333333  13.103 0.000
 78.333333  79.333333  16.040 0.000
 82.333333  83.333333   4.784 0.000
 85.333333  86.333333   3.303 0.000
 89.333333  90.333333   6.448 0.000
 92.333333  93.333333   5.332 0.000
 96.333333  97.333333  11.239 0.000
 99.333333 100.333333   6.004 0.000
103.333333 104.333333   7.679 0.000
106.333333 107.333333  14.407 0.000
110.333333 111.333333   5.470 0.000
113.333333 114.333333  11.472 0.000
117.333333 118.333333   8.556 0.000
120.333333 121.333333   4.142 0.000
124.333333 125.333333   9.422 0.000
127.333333 128.333333   3.929 0.000
131.333333 132.333333   4.599 0.000
134.333333 135.333333   7.493 0.000
138.333333 139.333333   7.340 0.000
141.333333 142.333333   5.592 0.000
145.333333 146.333333   6.274 0.000
148.333333 149.333333   7.614 0.000
152.333333 153.333333 999.999 0.999
155.333333 156.333333   5.170 0.000
159.333333 160.333333   6.396 0.000
162.333333 163.333333  11.270 0.000
166.333333 167.333333   8.471 0.000
169.333333 170.333333 999.999 0.999
173.333333 174.333333 999.999 0.999
176.333333 177.333333   4.076 0.000
180.333333 181.333333   7.310 0.000
183.333333 184.333333   3.350 0.000
187.333333 188.333333 999.999 0.999
190.333333 191.333333  14.911 0.000
194.333333 195.333333   7.308 0.000
197.333333 198.333333   5.807 0.000
201.333333 202.333333   5.284 0.000
204.333333 205.333333   3.532 0.000
208.333333 209.333333  10.537 0.000
211.333333 212.333333   8.062 0.000
215.333333 216.333333  12.464 0.000
218.333333 219.333333   5.328 0.000
222.333333 223.333333   5.246 0.000
225.333333 226.333333 999.999 0.999
229.333333 230.333333 999.999 0.999
232.333333 233.333333   5.405 0.000
236.333333 237.333333   4.003 0.000
239.333333 240.333333 999.999 0.999
243.333333 244.333333   6.363 0.000
246.333333 247.333333  15.747 0.000
250.333333 251.333333  10.492 0.000
253.333333 254.333333   6.552 0.000
257.333333 258.333333  13.315 0.000
260.333333 261.333333  13.164 0.000
264.333333 265.333333  22.147 0.000
267.333333 268.333333 999.999 0.999
271.333333 272.333333   9.986 0.000
274.333333 275.333333   9.960 0.000
278.333333 279.333333   9.506 0.000
281.333333 282.333333   8.955 0.000
285.333333 286.333333   6.396 0.000
288.333333 289.333333  10.585 0.000
292.333333 293.333333  26.287 0.000
295.333333 296.333333  18.221 0.000
299.333333 300.333333   4.772 0.000
302.333333 303.333333   8.973 0.000
306.333333 307.333333  15.120 0.000
309.333333 310.333333   5.704 0.000
313.333333 314.333333   4.630 0.000
316.333333 317.333333  13.182 0.000
320.333333 321.333333   5.952 0.000
323.333333 324.333333   5.123 0.000
327.333333 328.333333   7.963 0.000
330.333333 331.333333   4.877 0.000
334.333333 335.333333   4.179 0.000
337.333333 338.333333   9.115 0.000
341.333333 342.333333 999.999 0.999
344.333333 345.333333 999.999 0.999
348.333333 349.333333   3.029 0.000
351.333333 352.333333   6.088 0.000
355.333333 356.333333  14.684 0.000
358.333333 359.333333  13.173 0.000
362.333333 363.333333  19.665 0.000
