scripts/IMPROVE-2019_partial/data/US9078R.20000216080000.20191216000000.filterpack..pm25.10mo.1w.US03L_filterpack_US9078.US03L_IMPROVE_Davis.lev2.nas
66 1001
MISSING INFORMATION
US03L, IMPROVE, , , , , , , 
MISSING INFORMATION
IMPROVE sel_HTAP
1 1
2000 01 01 2019 12 16
0
days from file reference point
27
1 1 1 1 1 1 1 1 1 1 1 1 1 1 1 1 1 1 1 1 1 1 1 1 1 1 1
999.999999 999.99 9.999 99.99 9.999999 9.999 9.999999 9.99 9.999999 9.999 9.999999 99.999 9.999 99.999 9.999 99.99 9.999999 999.999 9.999 99.999 9.999 99.999 9.999 9.999 9.999 9.999 9.999999
end_time of measurement, days from the file reference point
iron, ng/m3, Revision date=20181210133000
numflag iron, no unit, Revision date=20181210133000
lead, ng/m3, Revision date=20181210133000
numflag lead, no unit, Revision date=20181210133000
magnesium, ug/m3, Revision date=20181210133000
numflag magnesium, no unit, Revision date=20181210133000
nickel, ng/m3, Revision date=20181210133000
numflag nickel, no unit, Revision date=20181210133000
nitrate, ug N/m3, Revision date=20181210133000
numflag nitrate, no unit, Revision date=20181210133000
organic_carbon, ug C/m3, Revision date=20181210133000
numflag organic_carbon, no unit, Revision date=20181210133000
organic_mass, ug/m3, Revision date=20181210133000
numflag organic_mass, no unit, Revision date=20181210133000
phosphorus, ng/m3, Revision date=20181210133000
numflag phosphorus, no unit, Revision date=20181210133000
pm10_mass, ug/m3, Version=2, Version description=Data extracted from http://views.cira.colostate.edu/fed/DataWizard 2019-12-16, Sample duration=1d, Orig. time res.=3d, Matrix=pm10, Blank correction=Blank corrected, Volume std. temperature=ambient, Volume std. pressure=ambient
numflag pm10_mass, no unit, Version=2, Version description=Data extracted from http://views.cira.colostate.edu/fed/DataWizard 2019-12-16, Sample duration=1d, Orig. time res.=3d, Matrix=pm10, Blank correction=Blank corrected, Volume std. temperature=ambient, Volume std. pressure=ambient
pm10_pm25_mass, ug/m3, Revision date=20181210133000, Matrix=pm10_pm25
numflag pm10_pm25_mass, no unit, Revision date=20181210133000, Matrix=pm10_pm25
pm25_mass, ug/m3, Version=2, Version description=Data extracted from http://views.cira.colostate.edu/fed/DataWizard 2019-12-16, Sample duration=1d, Orig. time res.=3d, Blank correction=Blank corrected, Volume std. temperature=ambient, Volume std. pressure=ambient
numflag pm25_mass, no unit, Version=2, Version description=Data extracted from http://views.cira.colostate.edu/fed/DataWizard 2019-12-16, Sample duration=1d, Orig. time res.=3d, Blank correction=Blank corrected, Volume std. temperature=ambient, Volume std. pressure=ambient
potassium, ug/m3, Revision date=20181210133000
numflag potassium, no unit, Revision date=20181210133000
sulphate_total, ug S/m3, Revision date=20181210133000
numflag sulphate_total, no unit, Revision date=20181210133000
0
25
Data definition:              EBAS_1.1
Set type code:                TI
Timezone:                     UTC
File name:                    US9078R.20000216080000.20191216000000.filterpack..pm25.10mo.1w.US03L_filterpack_US9078.US03L_IMPROVE_Davis.lev2.nas
File creation:                20191218121053
Startdate:                    20000216080000
Revision date:                20191216000000
Statistics:                   arithmetic mean
Data level:                   2
Period code:                  10mo
Resolution code:              1w
Station code:                 US9078R
Platform code:                US9078S
Station name:                 White Pass
Station latitude:             46.6243
Station longitude:            -121.3881
Station altitude:             1827.0 m
Regime:                       IMG
Component:                    
Matrix:                       pm25
Laboratory code:              US03L
Instrument type:              filterpack
Instrument name:              filterpack_US9078
Method ref:                   US03L_IMPROVE_Davis
starttime endtime Fe flag_Fe Pb flag_Pb Mg++ flag_Mg++ Ni flag_Ni NO3- flag_NO3- OC flag_OC OM flag_OM P flag_P PM10 flag_PM10 PM10-PM2.5 flag_PM10-PM2.5 PM2.5 flag_PM2.5 K+ flag_K+ SO4-- flag_SO4--
 46.333333  47.333333 999.99 0.999 99.99 0.999000 9.999 0.999000 9.99 0.999000 9.999 0.999000 99.999 0.999 99.999 0.999 99.99 0.999000 999.999 0.999 99.999 0.999 99.999 0.999 9.999 0.999 9.999 0.999000
 49.333333  50.333333 999.99 0.999 99.99 0.999000 9.999 0.999000 9.99 0.999000 9.999 0.999000 99.999 0.999 99.999 0.999 99.99 0.999000 999.999 0.999 99.999 0.999 99.999 0.999 9.999 0.999 9.999 0.999000
 53.333333  54.333333 999.99 0.999 99.99 0.999000 9.999 0.999000 9.99 0.999000 9.999 0.999000 99.999 0.999 99.999 0.999 99.99 0.999000 999.999 0.999 99.999 0.999 99.999 0.999 9.999 0.999 9.999 0.999000
 56.333333  57.333333 999.99 0.999 99.99 0.999000 9.999 0.999000 9.99 0.999000 0.001 0.559000  0.126 0.000  0.177 0.000 99.99 0.999000 999.999 0.999 99.999 0.999 99.999 0.999 9.999 0.999 0.001 0.559000
 60.333333  61.333333 999.99 0.999 99.99 0.999000 9.999 0.999000 9.99 0.999000 9.999 0.999000 99.999 0.999 99.999 0.999 99.99 0.999000 999.999 0.999 99.999 0.999 99.999 0.999 9.999 0.999 9.999 0.999000
 63.333333  64.333333   1.62 0.000 99.99 0.259000 0.006 0.000000 9.99 0.259000 0.001 0.559000 99.999 0.259 99.999 0.259  5.47 0.000000   0.193 0.559  0.097 0.000  0.096 0.000 0.004 0.000 0.002 0.559000
 67.333333  68.333333   1.09 0.000  0.28 0.000000 9.999 0.259000 9.99 0.259000 9.999 0.699000  0.186 0.000  0.261 0.000  2.36 0.000000   0.837 0.000  0.072 0.000  0.764 0.000 0.005 0.000 9.999 0.699000
 70.333333  71.333333   9.01 0.000  1.17 0.000000 9.999 0.259000 9.99 0.259000 9.999 0.699000  0.082 0.000  0.115 0.000 99.99 0.259000   2.552 0.000  0.768 0.000  1.784 0.000 0.022 0.000 9.999 0.699000
 74.333333  75.333333 999.99 0.999 99.99 0.999000 9.999 0.999000 9.99 0.999000 9.999 0.999000 99.999 0.999 99.999 0.999 99.99 0.999000 999.999 0.999 99.999 0.999 99.999 0.999 9.999 0.999 9.999 0.999000
 77.333333  78.333333   2.34 0.000  0.29 0.000000 9.999 0.259000 9.99 0.259000 0.003 0.559000  0.034 0.000  0.047 0.000 99.99 0.259000   0.847 0.559  0.299 0.000  0.548 0.000 9.999 0.259 0.021 0.559000
 81.333333  82.333333   6.32 0.000  0.33 0.000000 9.999 0.259000 0.26 0.000000 0.004 0.559000  0.016 0.000  0.022 0.000 99.99 0.259000   1.559 0.559  1.125 0.000  0.434 0.000 0.006 0.000 0.032 0.559000
 84.333333  85.333333  15.03 0.000  1.25 0.000000 9.999 0.259000 9.99 0.259000 0.055 0.559000  0.566 0.000  0.792 0.000 99.99 0.259000  10.272 0.559  6.521 0.000  3.751 0.000 0.024 0.000 0.312 0.559000
 88.333333  89.333333  41.06 0.000  0.36 0.000000 9.999 0.259000 9.99 0.259000 0.012 0.559000  0.144 0.000  0.202 0.000 99.99 0.259000   3.932 0.000  1.521 0.000  2.411 0.000 0.028 0.000 0.239 0.559000
 91.333333  92.333333  46.75 0.559  1.62 0.559000 9.999 0.559259 9.99 0.559259 0.044 0.559000  0.874 0.000  1.223 0.000 99.99 0.559259   5.104 0.000  1.420 0.000  3.684 0.559 0.038 0.559 0.221 0.559000
 95.333333  96.333333   3.07 0.000 99.99 0.259000 9.999 0.259000 9.99 0.259000 0.007 0.559000  0.162 0.000  0.226 0.000 99.99 0.259000   2.216 0.559  1.388 0.000  0.828 0.000 0.005 0.000 0.154 0.559000
 98.333333  99.333333  40.09 0.559  1.27 0.559000 9.999 0.559259 9.99 0.559259 0.039 0.559000  0.862 0.000  1.207 0.000 99.99 0.559259   6.747 0.559  3.063 0.000  3.684 0.559 0.036 0.559 0.212 0.559000
102.333333 103.333333  77.39 0.000  1.20 0.000000 0.058 0.000000 9.99 0.259000 0.026 0.559000  0.962 0.000  1.346 0.000 99.99 0.259000   7.936 0.559  3.479 0.000  4.457 0.000 0.051 0.000 0.316 0.559000
105.333333 106.333333  17.01 0.000  0.41 0.000000 0.017 0.000000 9.99 0.259000 0.011 0.559000  0.016 0.000  0.022 0.000 99.99 0.259000   1.370 0.559  0.616 0.000  0.754 0.000 0.012 0.000 0.052 0.559000
109.333333 110.333333  40.39 0.000  0.85 0.000000 9.999 0.259000 9.99 0.259000 0.044 0.559000  0.485 0.000  0.680 0.000 99.99 0.259000   4.044 0.000  1.464 0.000  2.580 0.000 0.038 0.000 0.335 0.559000
112.333333 113.333333   5.45 0.000  0.23 0.000000 9.999 0.259000 9.99 0.259000 0.006 0.559000  0.094 0.000  0.132 0.000  2.50 0.000000   0.572 0.000  0.226 0.000  0.346 0.000 0.005 0.000 0.036 0.559000
116.333333 117.333333  16.26 0.000 99.99 0.259000 9.999 0.259000 9.99 0.259000 0.072 0.559000  0.375 0.000  0.525 0.000 99.99 0.259000   4.277 0.000  2.280 0.000  1.997 0.000 0.019 0.000 0.103 0.559000
119.333333 120.333333   8.28 0.000  0.43 0.000000 9.999 0.259000 0.05 0.000000 0.014 0.559000  0.406 0.000  0.568 0.000 99.99 0.259000   1.059 0.000 99.999 0.259  1.178 0.000 0.013 0.000 0.085 0.559000
123.333333 124.333333   7.26 0.000  0.33 0.000000 9.999 0.259000 9.99 0.259000 0.008 0.559000  0.058 0.000  0.082 0.000 99.99 0.259000   1.103 0.000  0.359 0.000  0.744 0.000 0.009 0.000 0.065 0.559000
126.333333 127.333333   8.23 0.000  0.31 0.000000 0.015 0.000000 9.99 0.259000 0.009 0.559000  0.178 0.000  0.249 0.000 99.99 0.259000   1.797 0.000  0.415 0.000  1.383 0.000 0.011 0.000 0.102 0.559000
130.333333 131.333333   6.40 0.394  0.21 0.394000 0.010 0.394000 9.99 0.394259 0.001 0.559394  0.021 0.000  0.029 0.000 99.99 0.394259   0.318 0.000  0.004 0.000  0.315 0.000 0.006 0.394 0.016 0.559394
133.333333 134.333333  26.04 0.000  0.69 0.000000 9.999 0.259000 9.99 0.259000 0.064 0.559000  0.701 0.000  0.981 0.000 99.99 0.259000   5.106 0.000  3.064 0.000  2.042 0.000 0.021 0.000 0.124 0.559000
137.333333 138.333333   8.70 0.000  0.39 0.000000 0.015 0.000000 9.99 0.259000 0.008 0.559000  0.135 0.000  0.189 0.000 99.99 0.259000   2.216 0.559  0.834 0.000  1.383 0.000 0.010 0.000 0.129 0.559000
140.333333 141.333333  24.22 0.000  0.70 0.000000 9.999 0.259000 9.99 0.259000 0.013 0.559000  1.018 0.000  1.425 0.000 99.99 0.259000   5.498 0.559  1.643 0.000  3.854 0.000 0.029 0.000 0.230 0.559000
144.333333 145.333333  36.80 0.000  1.02 0.000000 9.999 0.259000 9.99 0.259000 0.066 0.559000  1.458 0.000  2.041 0.000 99.99 0.259000   7.990 0.000  1.839 0.000  6.152 0.000 0.043 0.000 0.699 0.559000
147.333333 148.333333  13.27 0.000  0.40 0.000000 9.999 0.259000 9.99 0.259000 0.015 0.559000  0.295 0.000  0.414 0.000 99.99 0.259000   2.845 0.000  0.905 0.000  1.939 0.000 0.020 0.000 0.165 0.559000
151.333333 152.333333   2.17 0.000  0.17 0.000000 9.999 0.259000 9.99 0.259000 0.003 0.559000  0.210 0.000  0.295 0.000 99.99 0.259000   1.046 0.000  0.295 0.000  0.751 0.000 0.006 0.000 0.018 0.559000
154.333333 155.333333  17.00 0.000 99.99 0.259000 9.999 0.259000 9.99 0.259000 0.018 0.559000  0.704 0.000  0.985 0.000 99.99 0.259000   5.313 0.000  2.122 0.000  3.191 0.000 0.017 0.000 0.185 0.559000
158.333333 159.333333  13.30 0.000 99.99 0.259000 9.999 0.259000 9.99 0.259000 0.017 0.559000  0.330 0.000  0.462 0.000 99.99 0.259000   2.622 0.559  1.190 0.000  1.433 0.000 0.011 0.000 0.088 0.559000
161.333333 162.333333   1.91 0.000 99.99 0.259000 0.004 0.000000 9.99 0.259000 0.000 0.559000  0.062 0.000  0.087 0.000 99.99 0.259000   0.923 0.559  0.456 0.000  0.467 0.000 0.004 0.000 0.017 0.559000
165.333333 166.333333   2.33 0.000  0.13 0.000000 9.999 0.259000 9.99 0.259000 0.002 0.559000 99.999 0.259 99.999 0.259 99.99 0.259000   0.194 0.559 99.999 0.259  0.334 0.000 0.003 0.000 0.043 0.559000
168.333333 169.333333  17.49 0.000  0.36 0.000000 9.999 0.259000 9.99 0.259000 0.020 0.559000  0.838 0.000  1.173 0.000 99.99 0.259000   6.231 0.559  3.844 0.000  2.387 0.000 0.016 0.000 0.136 0.559000
172.333333 173.333333  23.71 0.000  0.52 0.000000 9.999 0.259000 9.99 0.259000 0.062 0.559000  0.919 0.000  1.286 0.000 99.99 0.259000   6.992 0.559  2.680 0.000  4.312 0.000 0.025 0.000 0.365 0.559000
175.333333 176.333333   3.14 0.000 99.99 0.259000 9.999 0.259000 9.99 0.259000 0.011 0.559000  0.234 0.000  0.327 0.000 99.99 0.259000   2.426 0.559  0.944 0.000  1.482 0.000 0.006 0.000 0.157 0.559000
179.333333 180.333333  50.39 0.000  0.39 0.000000 9.999 0.259000 9.99 0.259000 0.027 0.559000  2.087 0.000  2.921 0.000 99.99 0.259000   9.855 0.000  4.496 0.000  5.359 0.000 0.075 0.000 0.174 0.559000
182.333333 183.333333   5.21 0.000  0.24 0.000000 9.999 0.259000 9.99 0.259000 0.012 0.559000  0.074 0.000  0.103 0.000 99.99 0.259000   3.493 0.000  0.800 0.000  2.693 0.000 0.010 0.000 0.364 0.559000
186.333333 187.333333   6.95 0.000  3.14 0.000000 9.999 0.259000 9.99 0.259000 0.029 0.559000  0.504 0.000  0.706 0.000 99.99 0.259000   3.205 0.000 99.999 0.259  3.567 0.000 0.082 0.000 0.236 0.559000
189.333333 190.333333  13.72 0.000  1.60 0.000000 9.999 0.259000 9.99 0.259000 0.020 0.559000  0.950 0.000  1.330 0.000 99.99 0.259000   6.205 0.000  2.343 0.000  3.861 0.000 0.023 0.000 0.333 0.559000
193.333333 194.333333  16.31 0.000  0.23 0.000000 9.999 0.259000 9.99 0.259000 0.015 0.559000  0.653 0.000  0.914 0.000 99.99 0.259000   6.768 0.559  3.392 0.000  3.376 0.000 0.019 0.000 0.367 0.559000
196.333333 197.333333  15.77 0.000  0.26 0.000000 9.999 0.259000 0.08 0.000000 0.011 0.559000  0.384 0.000  0.537 0.000 99.99 0.259000   7.356 0.559  5.588 0.000  1.768 0.000 0.006 0.000 0.141 0.559000
200.333333 201.333333  29.95 0.000 99.99 0.259000 9.999 0.259000 9.99 0.259000 0.027 0.559000  0.947 0.000  1.326 0.000 99.99 0.259000  10.652 0.559  6.085 0.000  4.567 0.000 0.017 0.000 0.359 0.559000
203.333333 204.333333  10.65 0.000  0.35 0.000000 9.999 0.259000 9.99 0.259000 0.017 0.559000  0.590 0.000  0.827 0.000 99.99 0.259000   5.767 0.559  2.882 0.000  2.886 0.000 0.010 0.000 0.235 0.559000
207.333333 208.333333  13.65 0.000 99.99 0.259000 9.999 0.259000 0.19 0.000000 0.010 0.559000  0.358 0.000  0.501 0.000 99.99 0.259000   4.494 0.559  2.250 0.000  2.243 0.000 0.018 0.000 0.188 0.559000
210.333333 211.333333  12.96 0.000  0.14 0.000000 9.999 0.259000 9.99 0.259000 0.005 0.559000  0.603 0.000  0.845 0.000 99.99 0.259000   4.781 0.559  2.797 0.000  1.984 0.000 0.007 0.000 0.150 0.559000
214.333333 215.333333  35.00 0.000 99.99 0.259000 9.999 0.259000 9.99 0.259000 0.035 0.559000  2.313 0.000  3.238 0.000 99.99 0.259000  12.339 0.559  6.105 0.000  6.234 0.000 0.034 0.000 0.175 0.559000
217.333333 218.333333  27.12 0.000 99.99 0.259000 9.999 0.259000 9.99 0.259000 0.029 0.559000  1.751 0.000  2.452 0.000 99.99 0.259000  14.807 0.559  8.491 0.000  6.316 0.000 0.016 0.000 0.405 0.559000
221.333333 222.333333  20.49 0.000 99.99 0.259000 9.999 0.259000 9.99 0.259000 0.019 0.559000  0.867 0.000  1.214 0.000 99.99 0.259000   7.748 0.559  4.276 0.000  3.472 0.000 0.012 0.000 0.259 0.559000
224.333333 225.333333  21.23 0.000 99.99 0.259000 9.999 0.259000 9.99 0.259000 0.036 0.559000  0.855 0.000  1.197 0.000 99.99 0.259000   7.691 0.559  4.045 0.000  3.645 0.000 0.020 0.000 0.247 0.559000
228.333333 229.333333  17.72 0.559 99.99 0.559259 9.999 0.559259 9.99 0.559259 0.015 0.559000  0.521 0.000  0.730 0.000 99.99 0.559259   5.739 0.559  3.119 0.000  2.620 0.559 0.015 0.559 0.246 0.559000
231.333333 232.333333   2.06 0.000  0.09 0.000000 9.999 0.259000 0.39 0.000000 0.003 0.559000 99.999 0.259 99.999 0.259 99.99 0.259000   1.033 0.559  0.506 0.000  0.527 0.000 0.004 0.000 0.060 0.559000
234.333333 235.333333 999.99 0.999 99.99 0.999000 9.999 0.999000 9.99 0.999000 9.999 0.999000 99.999 0.999 99.999 0.999 99.99 0.999000 999.999 0.999 99.999 0.999 99.999 0.999 9.999 0.999 9.999 0.999000
237.333333 238.333333  17.11 0.000 99.99 0.259000 9.999 0.259000 9.99 0.259000 0.007 0.000000  0.226 0.000  0.316 0.000 99.99 0.259000   6.777 0.000  3.949 0.000  2.828 0.000 0.010 0.000 0.321 0.000000
240.333333 241.333333  17.72 0.000 99.99 0.259000 9.999 0.259000 9.99 0.259000 0.031 0.000000  0.425 0.000  0.595 0.000 99.99 0.259000   5.940 0.000  2.878 0.000  3.062 0.000 0.008 0.000 0.280 0.000000
243.333333 244.333333   4.32 0.000  0.12 0.000000 9.999 0.259000 9.99 0.259000 0.020 0.000000  0.132 0.000  0.185 0.000 99.99 0.259000   2.492 0.000  0.875 0.000  1.617 0.000 0.006 0.000 0.176 0.000000
246.333333 247.333333   2.81 0.000  0.15 0.000000 9.999 0.259000 9.99 0.259000 0.013 0.000000  0.035 0.000  0.050 0.000 99.99 0.259000   0.932 0.000  0.171 0.000  0.761 0.000 9.999 0.259 0.082 0.000000
249.333333 250.333333   1.17 0.000 99.99 0.259000 0.007 0.000000 9.99 0.259000 0.008 0.000000  0.115 0.000  0.161 0.000 99.99 0.259000   1.726 0.000  0.240 0.000  1.486 0.000 0.005 0.000 0.239 0.000000
252.333333 253.333333   2.01 0.000 99.99 0.259000 9.999 0.259000 9.99 0.259000 0.015 0.000000  0.057 0.000  0.080 0.000 99.99 0.259000   1.143 0.000  0.188 0.000  0.956 0.000 0.006 0.000 0.139 0.000000
255.333333 256.333333   3.82 0.000  0.25 0.000000 9.999 0.259000 9.99 0.259000 0.006 0.000000  0.302 0.000  0.423 0.000 99.99 0.259000   1.627 0.000  0.487 0.000  1.140 0.000 0.011 0.000 0.122 0.000000
258.333333 259.333333   7.30 0.559  0.44 0.559000 9.999 0.559259 9.99 0.559259 0.028 0.000000  0.592 0.000  0.829 0.000 99.99 0.559259   2.152 0.000  0.013 0.000  2.139 0.559 0.021 0.559 0.210 0.000000
261.333333 262.333333   1.75 0.000  0.23 0.000000 9.999 0.259000 9.99 0.259000 0.009 0.000000  0.100 0.000  0.139 0.000 99.99 0.259000   2.071 0.000  0.100 0.000  1.971 0.000 0.003 0.000 0.360 0.000000
264.333333 265.333333   4.99 0.000  0.17 0.000000 9.999 0.259000 9.99 0.259000 0.007 0.000000  0.048 0.000  0.067 0.000 99.99 0.259000   0.550 0.000  0.041 0.000  0.510 0.000 0.011 0.000 0.070 0.000000
267.333333 268.333333  13.53 0.000  0.29 0.000000 9.999 0.259000 9.99 0.259000 0.025 0.000000  0.358 0.000  0.501 0.000 99.99 0.259000   3.241 0.000  1.909 0.000  1.332 0.000 0.012 0.000 0.107 0.000000
270.333333 271.333333  32.98 0.000  0.32 0.000000 0.017 0.000000 9.99 0.259000 0.019 0.000000  1.186 0.000  1.661 0.000 99.99 0.259000   6.903 0.000  3.289 0.000  3.614 0.000 0.030 0.000 0.196 0.000000
273.333333 274.333333   0.99 0.000  0.55 0.000000 9.999 0.259000 9.99 0.259000 0.003 0.000000  0.017 0.000  0.023 0.000 99.99 0.259000 999.999 0.259 99.999 0.259  0.063 0.000 9.999 0.259 0.027 0.000000
276.333333 277.333333   9.31 0.000  0.81 0.000000 9.999 0.259000 9.99 0.259000 0.038 0.000000  0.626 0.000  0.876 0.000 99.99 0.259000   3.530 0.000  1.031 0.000  2.499 0.000 0.019 0.000 0.273 0.000000
279.333333 280.333333  46.66 0.559  0.42 0.559000 9.999 0.559259 9.99 0.559259 0.038 0.000000  2.184 0.000  3.057 0.000 99.99 0.559259  10.544 0.000  5.460 0.000  5.084 0.559 0.035 0.559 0.135 0.000000
282.333333 283.333333   9.43 0.000  0.19 0.000000 9.999 0.259000 9.99 0.259000 0.009 0.000000  0.324 0.000  0.454 0.000 99.99 0.259000   1.683 0.000  0.447 0.000  1.237 0.000 0.011 0.000 0.162 0.000000
285.333333 286.333333  13.86 0.000  0.33 0.000000 9.999 0.259000 9.99 0.259000 0.026 0.000000  1.062 0.000  1.486 0.000 99.99 0.259000   3.914 0.000  1.092 0.000  2.822 0.000 0.025 0.000 0.167 0.000000
288.333333 289.333333   7.84 0.000  0.41 0.000000 9.999 0.259000 9.99 0.259000 0.015 0.000000  0.613 0.000  0.858 0.000 99.99 0.259000   2.357 0.000  0.613 0.000  1.744 0.000 0.017 0.000 0.163 0.000000
291.333333 292.333333   3.41 0.000 99.99 0.259000 9.999 0.259000 9.99 0.259000 0.017 0.000000  0.230 0.000  0.322 0.000 99.99 0.259000   1.397 0.000  0.378 0.000  1.019 0.000 0.013 0.000 0.090 0.000000
294.333333 295.333333  10.06 0.394  0.33 0.394000 9.999 0.394259 0.41 0.394000 0.034 0.394000  0.063 0.000  0.087 0.000 99.99 0.394259   1.952 0.000  0.261 0.000  1.691 0.000 0.009 0.394 0.305 0.394000
297.333333 298.333333  24.33 0.000  0.23 0.000000 9.999 0.259000 9.99 0.259000 0.015 0.000000  0.526 0.000  0.736 0.000 99.99 0.259000   2.873 0.000  0.863 0.000  2.010 0.000 0.025 0.000 0.121 0.000000
300.333333 301.333333  11.95 0.559  0.24 0.559000 9.999 0.559259 9.99 0.559259 0.025 0.000000  1.122 0.000  1.571 0.000 99.99 0.559259   3.186 0.000 99.999 0.259  3.190 0.559 0.027 0.559 0.211 0.000000
303.333333 304.333333   1.57 0.000  0.28 0.000000 9.999 0.259000 9.99 0.259000 0.045 0.000000  0.233 0.000  0.326 0.000 99.99 0.259000   1.151 0.000  0.068 0.000  1.083 0.000 0.013 0.000 0.121 0.000000
306.333333 307.333333   8.12 0.000 99.99 0.259000 9.999 0.259000 9.99 0.259000 0.024 0.000000  0.681 0.000  0.953 0.000 99.99 0.259000   1.990 0.000  0.334 0.000  1.656 0.000 0.015 0.000 0.066 0.000000
