scripts/IMPROVE-2019_partial/data/US9051U.20140102050000.20191216000000.filterpack...52w.3d.US03L_filterpack_US9051.US03L_IMPROVE_Davis.lev2.nas
52 1001
MISSING INFORMATION
US03L, IMPROVE, , , , , , , 
MISSING INFORMATION
IMPROVE sel_HTAP
1 1
2014 01 01 2019 12 16
3.000000
days from file reference point
5
1 1 1 1 1
999.999999 999.999 9.999 999.999 9.999
end_time of measurement, days from the file reference point
pm10_mass, ug/m3, Matrix=pm10
numflag pm10_mass, no unit, Matrix=pm10
pm25_mass, ug/m3, Matrix=pm25
numflag pm25_mass, no unit, Matrix=pm25
0
33
Data definition:              EBAS_1.1
Set type code:                TU
Timezone:                     UTC
File name:                    US9051U.20140102050000.20191216000000.filterpack...52w.3d.US03L_filterpack_US9051.US03L_IMPROVE_Davis.lev2.nas
File creation:                20191218120857
Startdate:                    20140102050000
Revision date:                20191216000000
Version:                      2
Version description:          "Data extracted from http://views.cira.colostate.edu/fed/DataWizard 2019-12-16"
Statistics:                   arithmetic mean
Data level:                   2
Period code:                  52w
Resolution code:              3d
Sample duration:              1d
Orig. time res.:              3d
Station code:                 US9051U
Platform code:                US9051S
Station name:                 Washington D.C.
Station latitude:             38.8762
Station longitude:            -77.0344
Station altitude:             15.0 m
Regime:                       IMG
Component:                    
Unit:                         ug/m3
Matrix:                       
Laboratory code:              US03L
Instrument type:              filterpack
Instrument name:              filterpack_US9051
Method ref:                   US03L_IMPROVE_Davis
Blank correction:             Blank corrected
Volume std. temperature:      ambient
Volume std. pressure:         ambient
starttime endtime PM10 flag_PM10 PM2.5 flag_PM2.5
  1.208333   2.208333 999.999 0.999 999.999 0.999
  4.208333   5.208333  21.020 0.000  17.760 0.000
  7.208333   8.208333  11.621 0.000   7.126 0.000
 10.208333  11.208333   7.715 0.000   6.662 0.000
 13.208333  14.208333  17.121 0.000  13.588 0.000
 16.208333  17.208333  47.945 0.000  20.667 0.000
 19.208333  20.208333  42.222 0.000  24.823 0.000
 22.208333  23.208333 999.999 0.999 999.999 0.999
 25.208333  26.208333 999.999 0.999 999.999 0.999
 28.208333  29.208333 999.999 0.999 999.999 0.999
 31.208333  32.208333 999.999 0.999 999.999 0.999
 34.208333  35.208333 999.999 0.999 999.999 0.999
 37.208333  38.208333  15.979 0.000  10.349 0.000
 40.208333  41.208333  21.859 0.000  15.663 0.000
 43.208333  44.208333   4.850 0.000   4.100 0.000
 46.208333  47.208333  13.642 0.000  10.441 0.000
 49.208333  50.208333  16.601 0.000  10.109 0.000
 52.208333  53.208333   8.505 0.000   5.041 0.000
 55.208333  56.208333  10.440 0.000   5.376 0.000
 58.208333  59.208333  11.318 0.000   6.514 0.000
 61.208333  62.208333  11.907 0.000   9.902 0.000
 64.208333  65.208333  15.523 0.000   9.983 0.000
 67.208333  68.208333  16.796 0.000  12.487 0.000
 70.208333  71.208333  18.890 0.000  10.886 0.000
 73.208333  74.208333  10.220 0.000   6.563 0.000
 76.208333  77.208333  17.396 0.000   8.055 0.000
 79.208333  80.208333  19.476 0.000  11.210 0.000
 82.208333  83.208333   9.550 0.000   5.155 0.000
 85.208333  86.208333  14.289 0.000   6.658 0.000
 88.208333  89.208333   3.003 0.000   2.313 0.000
 91.208333  92.208333 999.999 0.999 999.999 0.999
 94.208333  95.208333  11.239 0.000   6.840 0.000
 97.208333  98.208333   8.808 0.000   5.465 0.000
100.208333 101.208333  14.369 0.000   8.189 0.000
103.208333 104.208333  12.555 0.000   5.272 0.000
106.208333 107.208333 999.999 0.999 999.999 0.999
109.208333 110.208333  13.222 0.000   6.989 0.000
112.208333 113.208333  15.379 0.000   5.293 0.000
115.208333 116.208333  11.293 0.000   6.514 0.000
118.208333 119.208333   4.527 0.000   2.399 0.000
121.208333 122.208333  10.234 0.000   6.040 0.000
124.208333 125.208333   7.567 0.000   3.355 0.000
127.208333 128.208333 999.999 0.456  13.233 0.000
130.208333 131.208333 999.999 0.456   6.058 0.000
133.208333 134.208333  17.913 0.000   8.139 0.000
136.208333 137.208333  11.904 0.000   7.741 0.000
139.208333 140.208333  16.828 0.000   9.576 0.000
142.208333 143.208333  16.792 0.000   5.771 0.000
145.208333 146.208333  13.551 0.000   9.229 0.000
148.208333 149.208333   5.780 0.000   1.748 0.000
151.208333 152.208333   8.723 0.000   5.192 0.000
154.208333 155.208333  20.991 0.000  11.288 0.000
157.208333 158.208333  11.518 0.000   7.032 0.000
160.208333 161.208333  14.134 0.000  11.513 0.000
163.208333 164.208333  11.770 0.000   7.064 0.000
166.208333 167.208333  19.182 0.000  12.852 0.000
169.208333 170.208333  16.651 0.000  10.363 0.000
172.208333 173.208333  11.517 0.000   8.481 0.000
175.208333 176.208333  13.002 0.000   8.768 0.000
178.208333 179.208333   9.707 0.000   5.263 0.000
181.208333 182.208333  16.497 0.000  11.634 0.000
184.208333 185.208333  17.750 0.000   6.859 0.000
187.208333 188.208333  17.797 0.000  12.910 0.000
190.208333 191.208333  19.635 0.000  10.195 0.000
193.208333 194.208333  14.601 0.000  12.428 0.000
196.208333 197.208333  15.563 0.000   8.917 0.000
199.208333 200.208333  11.344 0.000   7.024 0.000
202.208333 203.208333  10.719 0.000   7.270 0.000
205.208333 206.208333  13.391 0.000   5.767 0.000
208.208333 209.208333  10.398 0.000   6.007 0.000
211.208333 212.208333  18.685 0.000  13.382 0.000
214.208333 215.208333   5.723 0.000   4.566 0.000
217.208333 218.208333  23.242 0.000  17.109 0.000
220.208333 221.208333  18.789 0.000  15.306 0.000
223.208333 224.208333   8.008 0.000   5.045 0.000
226.208333 227.208333  12.268 0.000   6.354 0.000
229.208333 230.208333  12.832 0.000   8.041 0.000
232.208333 233.208333  18.280 0.000  10.913 0.000
235.208333 236.208333  10.876 0.000   5.841 0.000
238.208333 239.208333  19.572 0.000  13.847 0.000
241.208333 242.208333  13.536 0.000   8.767 0.000
244.208333 245.208333  20.381 0.000  11.956 0.000
247.208333 248.208333  13.600 0.000  10.000 0.000
250.208333 251.208333  13.766 0.000   5.268 0.000
253.208333 254.208333   9.993 0.000   5.941 0.000
256.208333 257.208333 999.999 0.456   3.732 0.000
259.208333 260.208333  12.114 0.000   6.474 0.000
262.208333 263.208333  14.042 0.000   7.220 0.000
265.208333 266.208333   8.886 0.000   4.302 0.000
268.208333 269.208333 999.999 0.456 999.999 0.456
271.208333 272.208333 999.999 0.456 999.999 0.456
274.208333 275.208333 999.999 0.999 999.999 0.999
277.208333 278.208333 999.999 0.999 999.999 0.999
280.208333 281.208333   8.755 0.000   4.511 0.000
283.208333 284.208333   9.306 0.000   8.348 0.000
286.208333 287.208333  11.488 0.000   4.312 0.000
289.208333 290.208333   7.549 0.000   4.962 0.000
292.208333 293.208333   8.338 0.000   5.970 0.000
295.208333 296.208333 999.999 0.999 999.999 0.999
298.208333 299.208333   9.605 0.000   4.715 0.000
301.208333 302.208333 999.999 0.999 999.999 0.999
304.208333 305.208333   7.103 0.000   3.596 0.000
307.208333 308.208333  16.644 0.000  10.820 0.000
310.208333 311.208333   3.943 0.000   2.282 0.000
313.208333 314.208333  16.483 0.000  13.051 0.000
316.208333 317.208333 999.999 0.999 999.999 0.999
319.208333 320.208333  11.242 0.000   9.890 0.000
322.208333 323.208333 999.999 0.999 999.999 0.999
325.208333 326.208333  16.528 0.000  13.280 0.000
328.208333 329.208333   9.969 0.000   6.209 0.000
331.208333 332.208333   7.355 0.000   5.910 0.000
334.208333 335.208333  11.245 0.000   8.167 0.000
337.208333 338.208333 999.999 0.456   8.830 0.000
340.208333 341.208333   5.683 0.000   4.425 0.000
343.208333 344.208333 999.999 0.999 999.999 0.999
346.208333 347.208333  20.774 0.000  18.992 0.000
349.208333 350.208333 999.999 0.456  21.004 0.000
352.208333 353.208333 999.999 0.456   7.536 0.000
355.208333 356.208333 999.999 0.456  22.567 0.000
358.208333 359.208333   2.557 0.000   2.048 0.000
361.208333 362.208333   9.299 0.000   9.090 0.000
364.208333 365.208333  11.974 0.000  10.315 0.000
