scripts/IMPROVE-2019_partial/data/US9024R.20060102080000.20191216000000.filterpack..pm25.52w.1w.US03L_filterpack_US9024_2.US03L_IMPROVE_Davis.lev2.nas
55 1001
MISSING INFORMATION
US03L, IMPROVE, , , , , , , 
MISSING INFORMATION
IMPROVE sel_HTAP
1 1
2006 01 01 2019 12 16
3.000000
days from file reference point
15
1 1 1 1 1 1 1 1 1 1 1 1 1 1 1
999.999999 999.99 9.999 99.99 9.999 9.999 9.999999 99.99 9.999 99.99 9.999999 99.999 9.999 9.999 9.999
end_time of measurement, days from the file reference point
iron, ng/m3, Revision date=20181210133000
numflag iron, no unit, Revision date=20181210133000
lead, ng/m3, Revision date=20181210133000
numflag lead, no unit, Revision date=20181210133000
magnesium, ug/m3, Revision date=20181210133000
numflag magnesium, no unit, Revision date=20181210133000
nickel, ng/m3, Revision date=20181210133000
numflag nickel, no unit, Revision date=20181210133000
phosphorus, ng/m3, Revision date=20181210133000
numflag phosphorus, no unit, Revision date=20181210133000
pm25_mass, ug/m3, Version=2, Version description=Data extracted from http://views.cira.colostate.edu/fed/DataWizard 2019-12-16, Sample duration=1d, Orig. time res.=3d, Blank correction=Blank corrected, Volume std. temperature=ambient, Volume std. pressure=ambient
numflag pm25_mass, no unit, Version=2, Version description=Data extracted from http://views.cira.colostate.edu/fed/DataWizard 2019-12-16, Sample duration=1d, Orig. time res.=3d, Blank correction=Blank corrected, Volume std. temperature=ambient, Volume std. pressure=ambient
potassium, ug/m3, Revision date=20181210133000
numflag potassium, no unit, Revision date=20181210133000
0
26
Data definition:              EBAS_1.1
Set type code:                TU
Timezone:                     UTC
File name:                    US9024R.20060102080000.20191216000000.filterpack..pm25.52w.1w.US03L_filterpack_US9024_2.US03L_IMPROVE_Davis.lev2.nas
File creation:                20191218120646
Startdate:                    20060102080000
Revision date:                20191216000000
Statistics:                   arithmetic mean
Data level:                   2
Period code:                  52w
Resolution code:              1w
Station code:                 US9024R
Platform code:                US9024S
Station name:                 Olympic
Station latitude:             48.0065
Station longitude:            -122.9727
Station altitude:             599.0 m
Regime:                       IMG
Component:                    
Unit:                         ng/m3
Matrix:                       pm25
Laboratory code:              US03L
Instrument type:              filterpack
Instrument name:              filterpack_US9024_2
Method ref:                   US03L_IMPROVE_Davis
starttime endtime Fe flag_Fe Pb flag_Pb Mg++ flag_Mg++ Ni flag_Ni P flag_P PM2.5 flag_PM2.5 K+ flag_K+
  1.333333   2.333333   0.58 0.000  0.23 0.000 9.999 0.259000  0.16 0.000 99.99 0.259000  0.950 0.000 0.010 0.000
  4.333333   5.333333   1.71 0.000  0.21 0.000 0.003 0.000000  0.22 0.000 99.99 0.259000  0.395 0.000 0.005 0.000
  7.333333   8.333333   0.25 0.000  0.12 0.000 0.005 0.000000 99.99 0.259 99.99 0.259000  0.367 0.000 0.003 0.000
 10.333333  11.333333   0.82 0.000  0.23 0.000 0.004 0.000000 99.99 0.259 99.99 0.259000  0.769 0.000 0.011 0.000
 13.333333  14.333333   1.15 0.000  1.00 0.000 0.025 0.000000  0.18 0.000 99.99 0.259000  1.339 0.000 0.013 0.000
 16.333333  17.333333   1.51 0.000  0.31 0.000 0.081 0.000000  0.21 0.000 99.99 0.259000  3.216 0.000 0.028 0.000
 19.333333  20.333333   0.64 0.000  0.17 0.000 9.999 0.259000  0.09 0.000 99.99 0.259000  0.545 0.000 0.008 0.000
 22.333333  23.333333   2.84 0.000  0.30 0.000 9.999 0.259000  0.15 0.000 99.99 0.259000  0.720 0.000 0.006 0.000
 25.333333  26.333333   0.93 0.000  0.23 0.000 9.999 0.259000  0.20 0.000 99.99 0.259000  0.769 0.000 0.007 0.000
 28.333333  29.333333   0.74 0.000  0.27 0.000 0.005 0.000000  0.11 0.000 99.99 0.259000  0.593 0.000 0.006 0.000
 31.333333  32.333333   0.56 0.000  0.21 0.000 9.999 0.259000 99.99 0.259 99.99 0.259000  0.984 0.000 0.007 0.000
 34.333333  35.333333   0.55 0.000 99.99 0.259 9.999 0.259000 99.99 0.259 99.99 0.259000  0.675 0.000 0.005 0.000
 37.333333  38.333333  16.04 0.000  2.33 0.000 9.999 0.259000  0.31 0.000 99.99 0.259000  2.883 0.000 0.026 0.000
 40.333333  41.333333  15.99 0.000  0.93 0.000 9.999 0.259000  0.23 0.000 99.99 0.259000  1.820 0.000 0.017 0.000
 43.333333  44.333333   4.55 0.000  1.26 0.000 9.999 0.259000  0.73 0.000 99.99 0.259000  3.865 0.000 0.032 0.000
 46.333333  47.333333   8.92 0.000 99.99 0.259 9.999 0.259000  0.30 0.000 99.99 0.259000  1.789 0.000 0.023 0.000
 49.333333  50.333333  13.69 0.000  1.28 0.000 9.999 0.259000  0.57 0.000 99.99 0.259000  3.082 0.000 0.032 0.000
 52.333333  53.333333   4.64 0.000  0.32 0.000 9.999 0.259000  0.24 0.000 99.99 0.259000  2.167 0.000 0.014 0.000
 55.333333  56.333333  20.95 0.000  1.91 0.000 9.999 0.259000  0.23 0.000 99.99 0.259000  3.699 0.000 0.041 0.000
 58.333333  59.333333  13.81 0.000  1.25 0.000 9.999 0.259000  0.32 0.000 99.99 0.259000  2.109 0.000 0.022 0.000
 61.333333  62.333333  10.26 0.000  0.81 0.000 9.999 0.259000 99.99 0.259 99.99 0.259000  1.656 0.000 0.018 0.000
 64.333333  65.333333   2.38 0.000  0.36 0.000 0.006 0.000000 99.99 0.259 99.99 0.259000  0.730 0.000 0.005 0.000
 67.333333  68.333333   3.75 0.000  0.52 0.000 9.999 0.259000  0.14 0.000 99.99 0.259000  1.081 0.000 0.011 0.000
 70.333333  71.333333  14.80 0.000  1.41 0.000 9.999 0.259000  0.31 0.000 99.99 0.259000  3.272 0.000 0.030 0.000
 73.333333  74.333333  44.31 0.000  0.57 0.000 0.017 0.000000 99.99 0.259 99.99 0.259000  1.785 0.000 0.039 0.000
 76.333333  77.333333   9.81 0.000  0.51 0.000 0.020 0.000000  0.42 0.000 99.99 0.259000  2.111 0.000 0.020 0.000
 79.333333  80.333333  15.60 0.699  0.99 0.699 9.999 0.699259  0.22 0.699 99.99 0.699259  4.769 0.659 0.048 0.699
 82.333333  83.333333  11.85 0.000  0.53 0.000 0.007 0.000000  0.47 0.000 99.99 0.259000  1.141 0.000 0.016 0.000
 85.333333  86.333333  16.83 0.000  0.96 0.000 0.010 0.000000  0.44 0.000 99.99 0.259000  2.079 0.000 0.021 0.000
 88.333333  89.333333   9.94 0.000  0.93 0.000 0.015 0.000000  0.77 0.000 99.99 0.259000  3.093 0.000 0.026 0.000
 91.333333  92.333333  64.65 0.000  1.32 0.000 0.022 0.000000 99.99 0.259 99.99 0.259000  2.483 0.000 0.043 0.000
 94.333333  95.333333  12.91 0.000  0.91 0.000 0.009 0.000000  0.99 0.000 99.99 0.259000  2.457 0.000 0.020 0.000
 97.333333  98.333333  46.38 0.000  2.79 0.000 0.015 0.000000  0.27 0.000 99.99 0.259000  5.914 0.000 0.052 0.000
100.333333 101.333333   9.09 0.000  0.94 0.000 9.999 0.259000  0.64 0.000 99.99 0.259000  3.593 0.000 0.017 0.000
103.333333 104.333333   6.41 0.000  0.31 0.000 0.005 0.000000  0.21 0.000 99.99 0.259000  0.973 0.000 0.011 0.000
106.333333 107.333333   5.75 0.000  0.94 0.000 0.012 0.000000  0.53 0.000 99.99 0.259000  2.040 0.000 0.023 0.000
109.333333 110.333333  40.73 0.000  1.90 0.000 0.016 0.000000  0.93 0.000 99.99 0.259000  3.806 0.000 0.042 0.000
112.333333 113.333333  36.40 0.000  0.84 0.000 0.018 0.000000  0.30 0.000 99.99 0.259000  2.486 0.000 0.030 0.000
115.333333 116.333333  28.91 0.000  0.85 0.000 0.023 0.000000  0.73 0.000 99.99 0.259000  3.369 0.000 0.032 0.000
118.333333 119.333333  27.23 0.000  1.16 0.000 0.022 0.000000  0.42 0.000 99.99 0.259000  3.002 0.000 0.038 0.000
121.333333 122.333333  18.88 0.000  0.51 0.000 0.008 0.000000  0.31 0.000 99.99 0.259000  2.666 0.000 0.024 0.000
124.333333 125.333333  60.80 0.000  1.02 0.000 9.999 0.259000  1.06 0.000 99.99 0.259000  5.173 0.000 0.046 0.000
127.333333 128.333333  19.38 0.000  0.34 0.000 0.031 0.000000  0.52 0.000 99.99 0.259000  3.395 0.000 0.030 0.000
130.333333 131.333333  37.64 0.000  1.35 0.000 9.999 0.259000  1.60 0.000 99.99 0.259000  4.770 0.000 0.047 0.000
133.333333 134.333333  31.96 0.699  1.44 0.699 9.999 0.699259  0.85 0.699 99.99 0.699259  4.312 0.659 0.034 0.699
136.333333 137.333333  38.73 0.000  1.17 0.000 9.999 0.259000  0.84 0.000 99.99 0.259000  5.409 0.000 0.039 0.000
139.333333 140.333333   9.27 0.000  0.67 0.000 9.999 0.259000  1.59 0.000 99.99 0.259000  2.937 0.000 0.016 0.000
142.333333 143.333333   5.74 0.000  0.49 0.000 9.999 0.259000  0.25 0.000 99.99 0.259000  2.210 0.000 0.017 0.000
145.333333 146.333333   1.58 0.000  0.50 0.000 9.999 0.259000  1.01 0.000 99.99 0.259000  1.065 0.000 0.010 0.000
148.333333 149.333333   1.17 0.000  0.54 0.000 9.999 0.259000  0.15 0.000 99.99 0.259000  1.112 0.000 0.011 0.000
151.333333 152.333333   5.61 0.000  0.75 0.000 9.999 0.259000  0.55 0.000 99.99 0.259000  2.660 0.000 0.021 0.000
154.333333 155.333333   6.25 0.000  0.97 0.000 0.007 0.000000  0.68 0.000 99.99 0.259000  3.186 0.000 0.018 0.000
157.333333 158.333333  13.26 0.000  0.63 0.000 0.034 0.000000  1.10 0.000 99.99 0.259000  4.673 0.000 0.033 0.000
160.333333 161.333333   5.68 0.000  0.79 0.000 0.012 0.000000  0.96 0.000 99.99 0.259000  3.695 0.000 0.025 0.000
163.333333 164.333333   4.84 0.000  0.61 0.000 0.007 0.000000  1.13 0.000 99.99 0.259000  2.872 0.000 0.022 0.000
166.333333 167.333333   4.91 0.000  0.62 0.000 0.008 0.000000  1.03 0.000 99.99 0.259000  2.609 0.000 0.029 0.000
169.333333 170.333333   6.91 0.000  0.32 0.000 0.022 0.000000  0.75 0.000 99.99 0.259000  3.082 0.000 0.028 0.000
172.333333 173.333333  13.50 0.000  0.33 0.000 0.012 0.000000  0.59 0.000 99.99 0.259000  2.508 0.000 0.025 0.000
175.333333 176.333333  24.85 0.000  0.64 0.000 0.012 0.000000  0.33 0.000 99.99 0.259000  3.982 0.000 0.027 0.000
178.333333 179.333333 999.99 0.456 99.99 0.456 9.999 0.456000 99.99 0.456 99.99 0.456000 99.999 0.456 9.999 0.456
181.333333 182.333333  30.46 0.000  0.64 0.000 0.031 0.000000  1.23 0.000 99.99 0.259000  5.540 0.000 0.033 0.000
184.333333 185.333333  25.42 0.000  1.13 0.000 0.017 0.000000  0.89 0.000 99.99 0.259000  6.937 0.000 0.065 0.000
187.333333 188.333333   8.75 0.000  0.77 0.000 9.999 0.259000  0.95 0.000 99.99 0.259000  2.179 0.000 0.018 0.000
190.333333 191.333333   9.04 0.000  0.70 0.000 0.012 0.000000  0.63 0.000 99.99 0.259000  3.624 0.000 0.019 0.000
193.333333 194.333333   1.15 0.000  0.34 0.000 9.999 0.259000  0.18 0.000 99.99 0.259000  0.903 0.000 0.007 0.000
196.333333 197.333333   6.08 0.000  0.67 0.000 0.010 0.000000  1.02 0.000 99.99 0.259000  2.891 0.000 0.015 0.000
199.333333 200.333333  16.38 0.000  0.57 0.000 0.011 0.000000  0.76 0.000 99.99 0.259000  3.008 0.000 0.013 0.000
202.333333 203.333333  32.95 0.000  0.91 0.000 9.999 0.259000  0.71 0.000 99.99 0.259000  6.526 0.000 0.018 0.000
205.333333 206.333333  17.97 0.000  0.87 0.000 0.021 0.000000  0.97 0.000 99.99 0.259000  4.608 0.000 0.033 0.000
208.333333 209.333333  12.56 0.000  0.53 0.000 0.028 0.000000  1.32 0.000 99.99 0.259000  3.935 0.000 0.028 0.000
211.333333 212.333333   4.24 0.000  0.33 0.000 9.999 0.259000  0.50 0.000 99.99 0.259000  1.443 0.000 0.009 0.000
214.333333 215.333333  13.42 0.000  0.55 0.000 0.013 0.000000  0.76 0.000 99.99 0.259000  3.001 0.000 0.014 0.000
217.333333 218.333333  12.44 0.000  0.41 0.000 0.010 0.000000  0.53 0.000 99.99 0.259000  2.799 0.000 0.015 0.000
220.333333 221.333333   5.01 0.000  0.24 0.000 9.999 0.259000  0.63 0.000 99.99 0.259000  1.716 0.000 0.008 0.000
223.333333 224.333333  12.04 0.000  0.64 0.000 0.021 0.000000  1.03 0.000 99.99 0.259000  3.995 0.000 0.016 0.000
226.333333 227.333333  15.60 0.000  0.41 0.000 0.031 0.000000  0.51 0.000 99.99 0.259000  3.818 0.000 0.026 0.000
229.333333 230.333333  26.66 0.000  1.24 0.000 0.019 0.000000  0.93 0.000 99.99 0.259000  4.749 0.000 0.022 0.000
232.333333 233.333333  32.83 0.000  1.06 0.000 9.999 0.259000  1.10 0.000 99.99 0.259000  5.232 0.000 0.026 0.000
235.333333 236.333333  13.59 0.000  0.54 0.000 9.999 0.259000  0.89 0.000 99.99 0.259000  3.036 0.000 0.012 0.000
238.333333 239.333333  24.02 0.000  0.68 0.000 0.013 0.000000  3.15 0.000 99.99 0.259000  3.001 0.000 0.016 0.000
241.333333 242.333333   6.51 0.000  0.44 0.000 0.016 0.000000  0.72 0.000 99.99 0.259000  2.772 0.000 0.018 0.000
244.333333 245.333333 999.99 0.456 99.99 0.456 9.999 0.456000 99.99 0.456 99.99 0.456000 99.999 0.456 9.999 0.456
247.333333 248.333333  17.12 0.000  0.37 0.000 0.005 0.000000  0.74 0.000 99.99 0.259000  2.711 0.000 0.016 0.000
250.333333 251.333333  20.35 0.000  0.57 0.000 0.011 0.000000  1.24 0.000 99.99 0.259000  3.902 0.000 0.023 0.000
253.333333 254.333333   5.85 0.000  0.74 0.000 9.999 0.259000  1.06 0.000 99.99 0.259000  3.037 0.000 0.015 0.000
256.333333 257.333333   4.29 0.000  0.19 0.000 0.025 0.000000  0.43 0.000 99.99 0.259000  2.715 0.000 0.017 0.000
259.333333 260.333333   3.27 0.000  0.32 0.000 0.011 0.000000  0.35 0.000 99.99 0.259000  2.034 0.000 0.013 0.000
262.333333 263.333333   3.88 0.000  0.51 0.000 9.999 0.259000  0.70 0.000 99.99 0.259000  1.746 0.000 0.012 0.000
265.333333 266.333333   8.93 0.000  0.83 0.000 9.999 0.259000  1.48 0.000 99.99 0.259000  3.322 0.000 0.018 0.000
268.333333 269.333333  12.87 0.000  0.89 0.000 9.999 0.259000  0.72 0.000 99.99 0.259000  3.320 0.000 0.013 0.000
271.333333 272.333333  19.64 0.000  0.86 0.000 9.999 0.259000  0.97 0.000 99.99 0.259000  3.210 0.000 0.019 0.000
274.333333 275.333333 999.99 0.456 99.99 0.456 9.999 0.456000 99.99 0.456 99.99 0.456000 99.999 0.456 9.999 0.456
277.333333 278.333333  28.47 0.000  1.51 0.000 9.999 0.259000  1.07 0.000 99.99 0.259000  4.197 0.000 0.038 0.000
280.333333 281.333333   3.42 0.000  1.00 0.000 9.999 0.259000  0.74 0.000 99.99 0.259000  2.335 0.000 0.016 0.000
283.333333 284.333333  11.36 0.000  0.88 0.000 9.999 0.259000  0.21 0.000 99.99 0.259000  2.439 0.000 0.016 0.000
286.333333 287.333333  24.17 0.000  2.49 0.000 9.999 0.259000  0.65 0.000 99.99 0.259000  6.204 0.000 0.033 0.000
289.333333 290.333333   6.63 0.000  0.54 0.000 9.999 0.259000  1.06 0.000 99.99 0.259000  3.397 0.000 0.027 0.000
292.333333 293.333333   2.53 0.000  0.59 0.000 9.999 0.259000  0.50 0.000 99.99 0.259000  4.039 0.000 0.039 0.000
295.333333 296.333333   6.03 0.000  1.24 0.000 9.999 0.259000  0.63 0.000 99.99 0.259000  4.223 0.000 0.042 0.000
298.333333 299.333333   2.03 0.000  0.50 0.000 9.999 0.259000  0.10 0.000 99.99 0.259000  1.342 0.000 0.015 0.000
301.333333 302.333333   2.47 0.000  0.42 0.000 9.999 0.259000  0.26 0.000 99.99 0.259000  1.689 0.000 0.018 0.000
304.333333 305.333333  18.54 0.000  1.31 0.000 9.999 0.259000  0.52 0.000 99.99 0.259000  4.675 0.000 0.044 0.000
307.333333 308.333333   0.35 0.000  0.14 0.000 9.999 0.259000  0.11 0.000 99.99 0.259000  0.642 0.000 0.009 0.000
310.333333 311.333333 999.99 0.456 99.99 0.456 9.999 0.456000 99.99 0.456 99.99 0.456000 99.999 0.456 9.999 0.456
313.333333 314.333333   0.72 0.000  0.23 0.000 9.999 0.259000  0.12 0.000 99.99 0.259000  1.056 0.000 0.016 0.000
316.333333 317.333333   1.02 0.000 99.99 0.259 9.999 0.259000  0.10 0.000 99.99 0.259000  0.842 0.000 0.007 0.000
319.333333 320.333333   1.69 0.000  0.26 0.000 0.026 0.000000  0.22 0.000 99.99 0.259000  3.273 0.000 0.033 0.000
322.333333 323.333333   2.65 0.000  0.67 0.000 9.999 0.259000  0.30 0.000 99.99 0.259000  2.388 0.000 0.021 0.000
325.333333 326.333333   0.52 0.000  0.14 0.000 9.999 0.259000  0.13 0.000  1.43 0.000000  0.362 0.000 0.002 0.000
328.333333 329.333333   2.28 0.000  0.60 0.000 0.010 0.000000  0.13 0.000 99.99 0.259000  1.382 0.000 0.011 0.000
331.333333 332.333333   5.91 0.000  0.42 0.000 9.999 0.259000  0.17 0.000 99.99 0.259000  2.416 0.000 0.023 0.000
334.333333 335.333333 999.99 0.999 99.99 0.999 9.999 0.999000 99.99 0.999 99.99 0.999000 99.999 0.999 9.999 0.999
337.333333 338.333333 999.99 0.999 99.99 0.999 9.999 0.999000 99.99 0.999 99.99 0.999000 99.999 0.999 9.999 0.999
340.333333 341.333333  12.78 0.000  0.90 0.000 9.999 0.259000  0.20 0.000 99.99 0.259000  3.441 0.000 0.036 0.000
343.333333 344.333333   2.37 0.000  0.13 0.000 9.999 0.259000  0.32 0.000 99.99 0.259000  1.097 0.000 0.011 0.000
346.333333 347.333333   0.43 0.000  0.08 0.000 0.029 0.000000 99.99 0.259 99.99 0.259000  0.823 0.000 0.008 0.000
349.333333 350.333333   0.96 0.000  0.12 0.000 9.999 0.259000  0.13 0.000 99.99 0.259000  1.270 0.000 0.014 0.000
352.333333 353.333333   1.41 0.000  0.24 0.000 9.999 0.259000 99.99 0.259 99.99 0.259000  0.861 0.000 0.009 0.000
355.333333 356.333333   1.02 0.000  0.06 0.000 0.013 0.000000 99.99 0.259 99.99 0.259000  0.948 0.000 0.008 0.000
358.333333 359.333333   0.91 0.000  0.24 0.000 0.073 0.000000  0.23 0.000 99.99 0.259000  1.400 0.000 0.012 0.000
361.333333 362.333333   9.47 0.000  0.71 0.000 9.999 0.259000  0.36 0.000 99.99 0.259000  3.131 0.000 0.022 0.000
364.333333 365.333333   4.79 0.000  1.38 0.000 0.006 0.000000  0.42 0.000 99.99 0.259000  3.616 0.000 0.030 0.000
