scripts/IMPROVE-2019_partial/data/US9081R.20090101070000.20191216000000.filterpack...52w.3d.US03L_filterpack_US9081_YELL2.US03L_IMPROVE_Davis.lev2.nas
52 1001
MISSING INFORMATION
US03L, IMPROVE, , , , , , , 
MISSING INFORMATION
IMPROVE sel_HTAP
1 1
2009 01 01 2019 12 16
3.000000
days from file reference point
5
1 1 1 1 1
999.999999 999.999 9.999 999.999 9.999
end_time of measurement, days from the file reference point
pm10_mass, ug/m3, Matrix=pm10
numflag pm10_mass, no unit, Matrix=pm10
pm25_mass, ug/m3, Matrix=pm25
numflag pm25_mass, no unit, Matrix=pm25
0
33
Data definition:              EBAS_1.1
Set type code:                TU
Timezone:                     UTC
File name:                    US9081R.20090101070000.20191216000000.filterpack...52w.3d.US03L_filterpack_US9081_YELL2.US03L_IMPROVE_Davis.lev2.nas
File creation:                20191218121109
Startdate:                    20090101070000
Revision date:                20191216000000
Version:                      2
Version description:          "Data extracted from http://views.cira.colostate.edu/fed/DataWizard 2019-12-16"
Statistics:                   arithmetic mean
Data level:                   2
Period code:                  52w
Resolution code:              3d
Sample duration:              1d
Orig. time res.:              3d
Station code:                 US9081R
Platform code:                US9081S
Station name:                 Yellowstone NP 1
Station latitude:             44.5654
Station longitude:            -110.4003
Station altitude:             2442.0 m
Regime:                       IMG
Component:                    
Unit:                         ug/m3
Matrix:                       
Laboratory code:              US03L
Instrument type:              filterpack
Instrument name:              filterpack_US9081_YELL2
Method ref:                   US03L_IMPROVE_Davis
Blank correction:             Blank corrected
Volume std. temperature:      ambient
Volume std. pressure:         ambient
starttime endtime PM10 flag_PM10 PM2.5 flag_PM2.5
  0.291667   1.291667 999.999 0.999 999.999 0.999
  3.291667   4.291667 999.999 0.999 999.999 0.999
  6.291667   7.291667   0.317 0.000   0.130 0.000
  9.291667  10.291667   1.057 0.000   0.887 0.000
 12.291667  13.291667   0.684 0.000   0.524 0.000
 15.291667  16.291667   0.549 0.000   0.360 0.000
 18.291667  19.291667   0.501 0.000   0.488 0.000
 21.291667  22.291667   1.182 0.000   1.014 0.000
 24.291667  25.291667   1.226 0.000   1.241 0.000
 27.291667  28.291667 999.999 0.999 999.999 0.999
 30.291667  31.291667   2.556 0.000   1.747 0.000
 33.291667  34.291667   1.588 0.000   1.200 0.000
 36.291667  37.291667   2.080 0.000   1.063 0.000
 39.291667  40.291667   1.271 0.000   1.066 0.000
 42.291667  43.291667   0.921 0.000   0.630 0.000
 45.291667  46.291667   1.058 0.000   0.659 0.000
 48.291667  49.291667 999.999 0.456   0.755 0.000
 51.291667  52.291667 999.999 0.456   1.246 0.000
 54.291667  55.291667 999.999 0.456   0.462 0.000
 57.291667  58.291667   1.144 0.000   0.596 0.000
 60.291667  61.291667   3.275 0.000   1.773 0.000
 63.291667  64.291667   3.159 0.000   0.499 0.000
 66.291667  67.291667   2.931 0.000   1.153 0.000
 69.291667  70.291667 999.999 0.999 999.999 0.999
 72.291667  73.291667   2.242 0.000   1.302 0.000
 75.291667  76.291667   7.603 0.000   3.747 0.000
 78.291667  79.291667   7.474 0.000   3.871 0.000
 81.291667  82.291667   2.998 0.000   1.716 0.000
 84.291667  85.291667   2.515 0.000   1.863 0.000
 87.291667  88.291667   1.864 0.000   0.804 0.000
 90.291667  91.291667   1.215 0.000   0.659 0.000
 93.291667  94.291667   1.234 0.000   0.883 0.659
 96.291667  97.291667   2.442 0.000   1.192 0.659
 99.291667 100.291667   2.026 0.000   1.251 0.659
102.291667 103.291667   2.912 0.000   1.678 0.659
105.291667 106.291667   2.060 0.000   1.014 0.659
108.291667 109.291667   3.548 0.000   2.528 0.659
111.291667 112.291667   5.146 0.000   2.108 0.659
114.291667 115.291667   3.490 0.000   1.913 0.659
117.291667 118.291667   2.602 0.000   1.716 0.659
120.291667 121.291667   1.564 0.000   1.017 0.659
123.291667 124.291667   2.277 0.000   1.068 0.000
126.291667 127.291667   4.629 0.000   1.644 0.659
129.291667 130.291667   4.397 0.000   2.393 0.659
132.291667 133.291667   4.518 0.000   1.352 0.659
135.291667 136.291667 999.999 0.999 999.999 0.999
138.291667 139.291667 999.999 0.999 999.999 0.999
141.291667 142.291667   8.902 0.000   4.190 0.659
144.291667 145.291667   4.049 0.000   2.624 0.659
147.291667 148.291667   4.817 0.000   2.573 0.659
150.291667 151.291667   3.435 0.000   1.960 0.659
153.291667 154.291667   1.669 0.000   0.903 0.659
156.291667 157.291667   1.728 0.000   0.801 0.659
159.291667 160.291667   2.841 0.000   1.817 0.659
162.291667 163.291667   3.017 0.000   1.646 0.659
165.291667 166.291667   2.670 0.000   1.443 0.659
168.291667 169.291667 999.999 0.999 999.999 0.999
171.291667 172.291667 999.999 0.999 999.999 0.999
174.291667 175.291667   5.523 0.000   2.471 0.659
177.291667 178.291667   4.390 0.000   2.810 0.659
180.291667 181.291667   5.005 0.000   2.860 0.000
183.291667 184.291667   5.357 0.000   2.981 0.659
186.291667 187.291667   7.059 0.000   3.170 0.659
189.291667 190.291667   5.802 0.000   2.446 0.659
192.291667 193.291667   8.554 0.000   2.198 0.659
195.291667 196.291667   5.362 0.000   2.641 0.659
198.291667 199.291667   7.518 0.000   4.362 0.659
201.291667 202.291667   6.050 0.000   3.348 0.659
204.291667 205.291667   4.487 0.000   2.067 0.659
207.291667 208.291667   4.269 0.000   2.442 0.659
210.291667 211.291667   5.226 0.000   3.509 0.659
213.291667 214.291667   7.480 0.000   4.603 0.659
216.291667 217.291667   6.112 0.000   2.503 0.659
219.291667 220.291667   4.486 0.000   2.693 0.659
222.291667 223.291667   7.512 0.000   4.719 0.659
225.291667 226.291667  10.131 0.000   4.417 0.659
228.291667 229.291667   2.757 0.000   1.090 0.659
231.291667 232.291667   7.154 0.000   4.658 0.659
234.291667 235.291667   9.202 0.000   4.104 0.659
237.291667 238.291667  11.909 0.000   3.906 0.659
240.291667 241.291667   7.749 0.000   3.402 0.659
243.291667 244.291667   5.756 0.000   2.690 0.000
246.291667 247.291667   9.466 0.000   4.877 0.000
249.291667 250.291667   7.756 0.000   2.618 0.000
252.291667 253.291667   6.801 0.000   2.560 0.000
255.291667 256.291667   9.836 0.000   3.506 0.000
258.291667 259.291667   8.388 0.000   4.002 0.000
261.291667 262.291667   8.091 0.000   3.472 0.000
264.291667 265.291667   2.346 0.000   1.071 0.000
267.291667 268.291667   6.469 0.000   3.185 0.000
270.291667 271.291667  49.872 0.000  36.062 0.000
273.291667 274.291667   6.283 0.000   3.569 0.000
276.291667 277.291667   4.041 0.000   1.683 0.000
279.291667 280.291667   3.462 0.000   2.065 0.000
282.291667 283.291667   2.677 0.000   1.297 0.000
285.291667 286.291667   3.991 0.000   2.183 0.000
288.291667 289.291667   1.710 0.000   1.035 0.000
291.291667 292.291667   2.353 0.000   1.300 0.000
294.291667 295.291667   2.534 0.000   1.659 0.000
297.291667 298.291667   1.743 0.000   1.013 0.000
300.291667 301.291667   1.043 0.000   0.497 0.000
303.291667 304.291667   1.725 0.000   1.157 0.000
306.291667 307.291667   3.368 0.000   1.912 0.000
309.291667 310.291667   7.281 0.000   2.197 0.000
312.291667 313.291667   1.401 0.000   0.826 0.000
315.291667 316.291667   2.011 0.000   1.434 0.000
318.291667 319.291667   1.513 0.000   1.294 0.000
321.291667 322.291667   2.422 0.000   1.632 0.000
324.291667 325.291667  12.006 0.000   3.145 0.000
327.291667 328.291667   1.039 0.000   0.795 0.000
330.291667 331.291667   1.449 0.000   0.768 0.000
333.291667 334.291667   0.727 0.000   0.581 0.000
336.291667 337.291667   1.487 0.000   0.931 0.000
339.291667 340.291667   1.855 0.000   1.352 0.000
342.291667 343.291667   4.469 0.000   3.361 0.000
345.291667 346.291667   0.860 0.000   0.522 0.000
348.291667 349.291667   0.727 0.000   0.426 0.000
351.291667 352.291667   0.214 0.000 999.999 0.259
354.291667 355.291667   1.319 0.000   0.803 0.000
357.291667 358.291667   1.175 0.000   0.995 0.000
360.291667 361.291667   1.260 0.000   0.647 0.000
363.291667 364.291667   2.216 0.000   1.913 0.000
