scripts/IMPROVE-2019_partial/data/US9012R.20010101070000.20191216000000.filterpack..pm25.52w.1w.US03L_filterpack_US9012.US03L_IMPROVE_Davis.lev2.nas
64 1001
MISSING INFORMATION
US03L, IMPROVE, , , , , , , 
MISSING INFORMATION
IMPROVE sel_HTAP
1 1
2001 01 01 2019 12 16
3.000000
days from file reference point
25
1 1 1 1 1 1 1 1 1 1 1 1 1 1 1 1 1 1 1 1 1 1 1 1 1
999.999999 9999.99 9.999 99.99 9.999999 9.999 9.999999 99.99 9.999999 9.999 9.999 99.999 9.999 99.999 9.999 999.999 9.999 999.999 9.999 999.999 9.999 9.999 9.999 9.999 9.999
end_time of measurement, days from the file reference point
iron, ng/m3, Revision date=20181210133000
numflag iron, no unit, Revision date=20181210133000
lead, ng/m3, Revision date=20181210133000
numflag lead, no unit, Revision date=20181210133000
magnesium, ug/m3, Revision date=20181210133000
numflag magnesium, no unit, Revision date=20181210133000
nickel, ng/m3, Revision date=20181210133000
numflag nickel, no unit, Revision date=20181210133000
nitrate, ug N/m3, Revision date=20181210133000
numflag nitrate, no unit, Revision date=20181210133000
organic_carbon, ug C/m3, Revision date=20181210133000
numflag organic_carbon, no unit, Revision date=20181210133000
organic_mass, ug/m3, Revision date=20181210133000
numflag organic_mass, no unit, Revision date=20181210133000
pm10_mass, ug/m3, Version=2, Version description=Data extracted from http://views.cira.colostate.edu/fed/DataWizard 2019-12-16, Sample duration=1d, Orig. time res.=3d, Matrix=pm10, Blank correction=Blank corrected, Volume std. temperature=ambient, Volume std. pressure=ambient
numflag pm10_mass, no unit, Version=2, Version description=Data extracted from http://views.cira.colostate.edu/fed/DataWizard 2019-12-16, Sample duration=1d, Orig. time res.=3d, Matrix=pm10, Blank correction=Blank corrected, Volume std. temperature=ambient, Volume std. pressure=ambient
pm10_pm25_mass, ug/m3, Revision date=20181210133000, Matrix=pm10_pm25
numflag pm10_pm25_mass, no unit, Revision date=20181210133000, Matrix=pm10_pm25
pm25_mass, ug/m3, Version=2, Version description=Data extracted from http://views.cira.colostate.edu/fed/DataWizard 2019-12-16, Sample duration=1d, Orig. time res.=3d, Blank correction=Blank corrected, Volume std. temperature=ambient, Volume std. pressure=ambient
numflag pm25_mass, no unit, Version=2, Version description=Data extracted from http://views.cira.colostate.edu/fed/DataWizard 2019-12-16, Sample duration=1d, Orig. time res.=3d, Blank correction=Blank corrected, Volume std. temperature=ambient, Volume std. pressure=ambient
potassium, ug/m3, Revision date=20181210133000
numflag potassium, no unit, Revision date=20181210133000
sulphate_total, ug S/m3, Revision date=20181210133000
numflag sulphate_total, no unit, Revision date=20181210133000
0
25
Data definition:              EBAS_1.1
Set type code:                TU
Timezone:                     UTC
File name:                    US9012R.20010101070000.20191216000000.filterpack..pm25.52w.1w.US03L_filterpack_US9012.US03L_IMPROVE_Davis.lev2.nas
File creation:                20191218120557
Startdate:                    20010101070000
Revision date:                20191216000000
Statistics:                   arithmetic mean
Data level:                   2
Period code:                  52w
Resolution code:              1w
Station code:                 US9012R
Platform code:                US9012S
Station name:                 Monture
Station latitude:             47.1222
Station longitude:            -113.1544
Station altitude:             1282.0 m
Regime:                       IMG
Component:                    
Matrix:                       pm25
Laboratory code:              US03L
Instrument type:              filterpack
Instrument name:              filterpack_US9012
Method ref:                   US03L_IMPROVE_Davis
starttime endtime Fe flag_Fe Pb flag_Pb Mg++ flag_Mg++ Ni flag_Ni NO3- flag_NO3- OC flag_OC OM flag_OM PM10 flag_PM10 PM10-PM2.5 flag_PM10-PM2.5 PM2.5 flag_PM2.5 K+ flag_K+ SO4-- flag_SO4--
[from data line 87]
261.291667 262.291667 9999.99 0.999 99.99 0.999000 9.999 0.999000 99.99 0.999000 9.999 0.999 99.999 0.999 99.999 0.999 999.999 0.999 999.999 0.999 999.999 0.999 9.999 0.999 9.999 0.999
264.291667 265.291667   77.92 0.000  0.44 0.000000 9.999 0.259000 99.99 0.259000 0.012 0.000  1.121 0.000  1.569 0.000  10.989 0.000   7.092 0.000   3.896 0.000 0.085 0.000 0.126 0.000
267.291667 268.291667  105.97 0.000  0.38 0.000000 9.999 0.259000 99.99 0.259000 0.031 0.000  3.562 0.000  4.987 0.000  20.629 0.000  11.738 0.000   8.892 0.000 0.121 0.000 0.258 0.000
270.291667 271.291667   56.06 0.000  0.52 0.000000 9.999 0.259000  0.07 0.000000 0.027 0.000  5.551 0.000  7.772 0.000  14.461 0.000   5.941 0.000   8.520 0.000 0.114 0.000 0.110 0.000
273.291667 274.291667   69.33 0.000  0.57 0.000000 9.999 0.259000 99.99 0.259000 0.024 0.000  5.997 0.000  8.396 0.000  17.402 0.000   7.720 0.000   9.682 0.000 0.111 0.000 0.110 0.000
276.291667 277.291667   34.55 0.000  0.20 0.000000 9.999 0.259000  0.10 0.000000 0.052 0.000  5.258 0.000  7.361 0.000  15.441 0.000   5.576 0.000   9.865 0.000 0.055 0.000 0.200 0.000
279.291667 280.291667   57.42 0.000  0.48 0.000000 9.999 0.259000  0.11 0.000000 0.034 0.000  1.300 0.000  1.820 0.000  11.070 0.000   6.290 0.000   4.780 0.000 0.053 0.000 0.330 0.000
282.291667 283.291667   12.95 0.559 99.99 0.559259 9.999 0.559259  0.14 0.559000 0.031 0.559  0.493 0.000  0.690 0.000   3.676 0.000   1.570 0.000   2.106 0.559 0.033 0.559 0.114 0.559
285.291667 286.291667   13.25 0.559  0.39 0.559000 9.999 0.559259 99.99 0.559259 0.015 0.000  0.408 0.000  0.572 0.000   3.513 0.000   1.891 0.000   1.622 0.559 0.025 0.559 0.097 0.000
288.291667 289.291667    6.25 0.559  0.36 0.559000 9.999 0.559259 99.99 0.559259 0.007 0.559  0.824 0.000  1.153 0.000   2.890 0.000   0.790 0.000   2.099 0.559 0.013 0.559 0.058 0.559
291.291667 292.291667    3.83 0.000  0.33 0.000000 9.999 0.259000 99.99 0.259000 0.018 0.000  0.970 0.000  1.358 0.000   3.105 0.000   0.712 0.000   2.393 0.000 0.027 0.000 0.095 0.000
294.291667 295.291667    4.00 0.559  0.32 0.559000 9.999 0.559259  0.08 0.559000 0.009 0.000  0.622 0.000  0.871 0.000   1.838 0.000   0.427 0.000   1.411 0.559 0.019 0.559 0.049 0.000
297.291667 298.291667    2.95 0.000  0.21 0.000000 9.999 0.259000 99.99 0.259000 0.043 0.000  2.636 0.000  3.691 0.000   6.128 0.000   0.671 0.000   5.456 0.000 0.034 0.000 0.119 0.000
300.291667 301.291667    2.43 0.559  0.14 0.559000 0.007 0.559000 99.99 0.559259 0.005 0.000  0.490 0.000  0.686 0.000   2.574 0.000   1.065 0.000   1.508 0.559 0.013 0.559 0.088 0.000
303.291667 304.291667   14.13 0.000  0.16 0.000000 9.999 0.259000 99.99 0.259000 0.006 0.000  0.846 0.000  1.184 0.000   2.928 0.000   1.062 0.000   1.866 0.000 0.030 0.000 0.051 0.000
306.291667 307.291667    3.46 0.000  0.32 0.000000 9.999 0.259000 99.99 0.259000 0.007 0.000  1.162 0.000  1.627 0.000   3.765 0.000   1.561 0.000   2.204 0.000 0.028 0.000 0.065 0.000
309.291667 310.291667    4.69 0.000  0.58 0.000000 0.008 0.000000  0.15 0.000000 0.009 0.000  1.454 0.000  2.036 0.000   4.058 0.000   1.120 0.000   2.938 0.000 0.027 0.000 0.071 0.000
312.291667 313.291667   19.37 0.559  0.57 0.559000 9.999 0.559259 99.99 0.559259 0.018 0.000  4.098 0.000  5.737 0.000  16.430 0.000   7.724 0.000   8.706 0.559 0.080 0.559 0.106 0.000
315.291667 316.291667   16.72 0.000  0.46 0.000000 9.999 0.259000  0.17 0.000000 0.012 0.559  1.524 0.000  2.133 0.000   9.664 0.000   5.157 0.000   4.506 0.000 0.024 0.000 0.194 0.559
318.291667 319.291667    4.88 0.699  0.38 0.699000 9.999 0.699259 99.99 0.699259 0.017 0.000  4.996 0.000  6.995 0.000  10.249 0.000   1.601 0.000   8.648 0.699 0.126 0.699 0.065 0.000
321.291667 322.291667    4.21 0.000  0.19 0.000000 9.999 0.259000 99.99 0.259000 0.025 0.000  0.826 0.000  1.157 0.000   3.472 0.000   0.920 0.000   2.552 0.000 0.019 0.000 0.143 0.000
324.291667 325.291667 9999.99 0.999 99.99 0.999000 9.999 0.999000 99.99 0.999000 9.999 0.999 99.999 0.999 99.999 0.999 999.999 0.999 999.999 0.999 999.999 0.999 9.999 0.999 9.999 0.999
327.291667 328.291667 9999.99 0.999 99.99 0.999000 9.999 0.999000 99.99 0.999000 9.999 0.999 99.999 0.999 99.999 0.999 999.999 0.999 999.999 0.999 999.999 0.999 9.999 0.999 9.999 0.999
330.291667 331.291667 9999.99 0.999 99.99 0.999000 9.999 0.999000 99.99 0.999000 9.999 0.999 99.999 0.999 99.999 0.999 999.999 0.999 999.999 0.999 999.999 0.999 9.999 0.999 9.999 0.999
333.291667 334.291667 9999.99 0.999 99.99 0.999000 9.999 0.999000 99.99 0.999000 9.999 0.999 99.999 0.999 99.999 0.999 999.999 0.999 999.999 0.999 999.999 0.999 9.999 0.999 9.999 0.999
336.291667 337.291667 9999.99 0.999 99.99 0.999000 9.999 0.999000 99.99 0.999000 9.999 0.999 99.999 0.999 99.999 0.999 999.999 0.999 999.999 0.999 999.999 0.999 9.999 0.999 9.999 0.999
339.291667 340.291667 9999.99 0.456 99.99 0.456000 9.999 0.456000 99.99 0.456000 0.012 0.559  0.268 0.000  0.375 0.000   0.968 0.000 999.999 0.999 999.999 0.456 9.999 0.456 0.066 0.559
342.291667 343.291667    2.23 0.000  0.45 0.000000 9.999 0.259000 99.99 0.259000 0.015 0.559  0.340 0.000  0.476 0.000   1.010 0.000   0.229 0.000   0.781 0.000 0.008 0.000 0.054 0.559
345.291667 346.291667    1.02 0.000  0.15 0.000000 9.999 0.259000 99.99 0.259000 0.012 0.000  0.279 0.000  0.391 0.000   1.101 0.000 999.999 0.259   1.172 0.000 0.009 0.000 0.055 0.000
348.291667 349.291667    3.20 0.000  0.26 0.000000 9.999 0.259000 99.99 0.259000 0.027 0.000  0.159 0.000  0.222 0.000   1.220 0.000   0.194 0.000   1.027 0.000 0.008 0.000 0.039 0.000
351.291667 352.291667    1.93 0.000 99.99 0.259000 9.999 0.259000 99.99 0.259000 0.028 0.000  0.425 0.000  0.596 0.000   1.968 0.000   0.601 0.000   1.368 0.000 0.007 0.000 0.101 0.000
354.291667 355.291667    4.41 0.000  0.29 0.000000 9.999 0.259000 99.99 0.259000 0.035 0.000  0.770 0.000  1.078 0.000   1.515 0.000   0.174 0.000   1.341 0.000 0.011 0.000 0.028 0.000
357.291667 358.291667    1.01 0.000  0.35 0.000000 9.999 0.259000 99.99 0.259000 0.050 0.000  0.458 0.000  0.641 0.000   1.515 0.000   0.284 0.000   1.231 0.000 0.011 0.000 0.040 0.000
360.291667 361.291667    1.01 0.000 99.99 0.259000 9.999 0.259000 99.99 0.259000 0.077 0.559  0.791 0.000  1.107 0.000   2.258 0.000   0.214 0.000   2.044 0.000 0.009 0.000 0.030 0.559
363.291667 364.291667    1.53 0.000  0.28 0.000000 9.999 0.259000 99.99 0.259000 0.028 0.000  0.502 0.000  0.702 0.000   2.357 0.000   0.288 0.000   2.069 0.000 0.007 0.000 0.206 0.000
