scripts/IMPROVE-2019_partial/data/US9061R.19910102060000.20191216000000.filterpack...1y.3d.US03L_filterpack_US9061.US03L_IMPROVE_Davis.lev2.nas
52 1001
MISSING INFORMATION
US03L, IMPROVE, , , , , , , 
MISSING INFORMATION
IMPROVE sel_HTAP
1 1
1991 01 01 2019 12 16
0
days from file reference point
5
1 1 1 1 1
999.99 999.999 9.999 999.999 9.999999
end_time of measurement, days from the file reference point
pm10_mass, ug/m3, Matrix=pm10
numflag pm10_mass, no unit, Matrix=pm10
pm25_mass, ug/m3, Matrix=pm25
numflag pm25_mass, no unit, Matrix=pm25
0
33
Data definition:              EBAS_1.1
Set type code:                TI
Timezone:                     UTC
File name:                    US9061R.19910102060000.20191216000000.filterpack...1y.3d.US03L_filterpack_US9061.US03L_IMPROVE_Davis.lev2.nas
File creation:                20191218120934
Startdate:                    19910102060000
Revision date:                20191216000000
Version:                      2
Version description:          "Data extracted from http://views.cira.colostate.edu/fed/DataWizard 2019-12-16"
Statistics:                   arithmetic mean
Data level:                   2
Period code:                  1y
Resolution code:              3d
Sample duration:              1d
Orig. time res.:              3d
Station code:                 US9061R
Platform code:                US9061S
Station name:                 Voyageurs NP #1
Station latitude:             48.4132
Station longitude:            -92.8303
Station altitude:             425.0 m
Regime:                       IMG
Component:                    
Unit:                         ug/m3
Matrix:                       
Laboratory code:              US03L
Instrument type:              filterpack
Instrument name:              filterpack_US9061
Method ref:                   US03L_IMPROVE_Davis
Blank correction:             Blank corrected
Volume std. temperature:      ambient
Volume std. pressure:         ambient
starttime endtime PM10 flag_PM10 PM2.5 flag_PM2.5
  1.25   2.25   9.107 0.000   5.623 0.559000
  4.25   5.25 999.999 0.999 999.999 0.999000
  8.25   9.25  14.017 0.000   7.430 0.559000
 11.25  12.25  12.944 0.000  11.745 0.559000
 15.25  16.25   8.852 0.000   7.398 0.559000
 18.25  19.25 999.999 0.999   5.472 0.559000
 22.25  23.25   7.113 0.000   4.254 0.559000
 25.25  26.25 999.999 0.999   5.000 0.559000
 29.25  30.25 999.999 0.999 999.999 0.999000
 32.25  33.25  11.301 0.000   5.092 0.559000
 36.25  37.25   8.057 0.000   4.985 0.559000
 39.25  40.25   3.595 0.000   1.641 0.559000
 43.25  44.25   5.484 0.000   3.189 0.559000
 46.25  47.25   6.774 0.000   3.642 0.559000
 50.25  51.25   8.496 0.000   5.786 0.559000
 53.25  54.25   5.081 0.000   3.458 0.559000
 57.25  58.25   6.440 0.000   3.851 0.559000
 60.25  61.25  10.451 0.000   6.522 0.559000
 64.25  65.25   7.884 0.000   4.689 0.559000
 67.25  68.25  11.411 0.000   5.463 0.559000
 71.25  72.25   5.391 0.000   2.719 0.559000
 74.25  75.25  10.949 0.000   6.979 0.559000
 78.25  79.25   8.828 0.000   5.294 0.559000
 81.25  82.25   5.927 0.000   4.393 0.559000
 85.25  86.25   5.182 0.000   2.896 0.559000
 88.25  89.25   7.296 0.000   4.182 0.559000
 92.25  93.25  17.871 0.000  12.061 0.559000
 95.25  96.25  11.654 0.000  10.500 0.559000
 99.25 100.25   3.423 0.000   2.440 0.559000
102.25 103.25   4.427 0.000   3.425 0.559000
106.25 107.25   7.181 0.000   5.579 0.559000
109.25 110.25   9.880 0.000   5.245 0.559000
113.25 114.25  11.836 0.000   4.909 0.559000
116.25 117.25  20.242 0.000  12.883 0.559000
120.25 121.25   4.183 0.000   2.632 0.559000
123.25 124.25   3.598 0.000   2.853 0.559000
127.25 128.25   5.254 0.000   4.737 0.559000
130.25 131.25  20.971 0.000  19.157 0.559000
134.25 135.25  16.159 0.000   6.439 0.559000
137.25 138.25   3.700 0.000   2.389 0.559000
141.25 142.25  28.851 0.000  22.545 0.559000
144.25 145.25   9.318 0.000   5.685 0.559000
148.25 149.25  11.245 0.000   6.369 0.559000
151.25 152.25  14.259 0.000   6.071 0.559000
155.25 156.25   7.116 0.000   1.881 0.559000
158.25 159.25  33.707 0.000  17.920 0.559000
162.25 163.25   6.858 0.000   2.706 0.559000
165.25 166.25  12.426 0.000   6.070 0.559000
169.25 170.25  10.520 0.000   4.184 0.559000
172.25 173.25   7.695 0.000   3.196 0.559000
176.25 177.25 999.999 0.999 999.999 0.999000
179.25 180.25   5.194 0.000   1.940 0.559000
183.25 184.25   5.778 0.000   1.791 0.559000
186.25 187.25  13.184 0.000   4.748 0.559000
190.25 191.25   9.889 0.000   4.779 0.559000
193.25 194.25  11.444 0.000   6.726 0.559000
197.25 198.25  14.328 0.000   5.289 0.559000
200.25 201.25  12.231 0.000   4.529 0.559000
204.25 205.25   6.000 0.000 999.999 0.559259
207.25 208.25   7.811 0.000   4.054 0.559000
211.25 212.25  12.437 0.000   2.967 0.559000
214.25 215.25   6.268 0.000   3.196 0.559000
218.25 219.25  17.891 0.000   6.279 0.559000
221.25 222.25   8.364 0.000 999.999 0.559259
225.25 226.25  19.457 0.000  11.877 0.559000
228.25 229.25  13.407 0.000  11.593 0.559000
232.25 233.25  14.894 0.000   6.111 0.559000
235.25 236.25  17.670 0.000  10.585 0.559000
239.25 240.25  37.179 0.000  18.006 0.559000
242.25 243.25   3.956 0.000   2.054 0.559000
246.25 247.25   6.394 0.000   2.831 0.559000
249.25 250.25   7.804 0.000   4.699 0.559000
253.25 254.25   7.683 0.000 999.999 0.559259
256.25 257.25   9.409 0.000 999.999 0.559259
260.25 261.25   2.917 0.000   1.027 0.559000
263.25 264.25  16.107 0.000   7.287 0.559000
267.25 268.25   3.938 0.000   1.557 0.559000
270.25 271.25   4.664 0.000   2.861 0.559000
274.25 275.25   7.061 0.000   3.946 0.559000
277.25 278.25  10.413 0.000   2.628 0.559000
281.25 282.25  13.346 0.000   4.708 0.559000
284.25 285.25   3.214 0.000   0.831 0.559000
288.25 289.25  10.927 0.000   4.185 0.559000
291.25 292.25   6.976 0.000   3.323 0.559000
295.25 296.25   8.118 0.000   5.457 0.559000
298.25 299.25   8.294 0.000   5.457 0.559000
302.25 303.25  10.435 0.000   2.656 0.559000
305.25 306.25   5.940 0.000   2.555 0.559000
309.25 310.25   3.281 0.000   1.385 0.559000
312.25 313.25  19.028 0.000 999.999 0.559259
316.25 317.25   5.857 0.000   2.294 0.559000
319.25 320.25  18.765 0.000   3.823 0.559000
323.25 324.25   4.512 0.000   2.839 0.559000
326.25 327.25   8.235 0.000   1.348 0.559000
330.25 331.25  11.355 0.000   6.487 0.559000
333.25 334.25   7.647 0.000   3.228 0.559000
337.25 338.25   4.900 0.000   4.537 0.559000
340.25 341.25  13.482 0.000   9.752 0.559000
344.25 345.25   3.648 0.000   1.709 0.559000
347.25 348.25   5.714 0.000   3.500 0.559000
351.25 352.25   4.622 0.000   2.702 0.559000
354.25 355.25   6.229 0.000   3.313 0.559000
358.25 359.25   5.893 0.000   2.945 0.559000
361.25 362.25  30.776 0.000   7.870 0.559000
