scripts/IMPROVE-2019_partial/data/US9051U.20130101050000.20191216000000.filterpack...52w.3d.US03L_filterpack_US9051.US03L_IMPROVE_Davis.lev2.nas
52 1001
MISSING INFORMATION
US03L, IMPROVE, , , , , , , 
MISSING INFORMATION
IMPROVE sel_HTAP
1 1
2013 01 01 2019 12 16
3.000000
days from file reference point
5
1 1 1 1 1
999.999999 999.999 9.999 999.999 9.999
end_time of measurement, days from the file reference point
pm10_mass, ug/m3, Matrix=pm10
numflag pm10_mass, no unit, Matrix=pm10
pm25_mass, ug/m3, Matrix=pm25
numflag pm25_mass, no unit, Matrix=pm25
0
33
Data definition:              EBAS_1.1
Set type code:                TU
Timezone:                     UTC
File name:                    US9051U.20130101050000.20191216000000.filterpack...52w.3d.US03L_filterpack_US9051.US03L_IMPROVE_Davis.lev2.nas
File creation:                20191218120857
Startdate:                    20130101050000
Revision date:                20191216000000
Version:                      2
Version description:          "Data extracted from http://views.cira.colostate.edu/fed/DataWizard 2019-12-16"
Statistics:                   arithmetic mean
Data level:                   2
Period code:                  52w
Resolution code:              3d
Sample duration:              1d
Orig. time res.:              3d
Station code:                 US9051U
Platform code:                US9051S
Station name:                 Washington D.C.
Station latitude:             38.8762
Station longitude:            -77.0344
Station altitude:             15.0 m
Regime:                       IMG
Component:                    
Unit:                         ug/m3
Matrix:                       
Laboratory code:              US03L
Instrument type:              filterpack
Instrument name:              filterpack_US9051
Method ref:                   US03L_IMPROVE_Davis
Blank correction:             Blank corrected
Volume std. temperature:      ambient
Volume std. pressure:         ambient
starttime endtime PM10 flag_PM10 PM2.5 flag_PM2.5
  0.208333   1.208333  10.975 0.000   8.732 0.659
  3.208333   4.208333  14.451 0.000   9.006 0.659
  6.208333   7.208333  13.224 0.000   9.306 0.659
  9.208333  10.208333  12.776 0.000   5.841 0.659
 12.208333  13.208333   8.582 0.000   7.677 0.659
 15.208333  16.208333 999.999 0.999 999.999 0.999
 18.208333  19.208333   6.534 0.000   4.726 0.659
 21.208333  22.208333   8.358 0.000   4.474 0.659
 24.208333  25.208333  13.671 0.000   7.411 0.000
 27.208333  28.208333  26.559 0.000  22.823 0.000
 30.208333  31.208333   4.904 0.000   2.236 0.000
 33.208333  34.208333  14.436 0.000  12.624 0.000
 36.208333  37.208333  22.615 0.000  15.709 0.000
 39.208333  40.208333   8.074 0.000   5.299 0.659
 42.208333  43.208333  12.108 0.000   5.252 0.000
 45.208333  46.208333  11.322 0.000   7.509 0.659
 48.208333  49.208333   7.054 0.000   4.362 0.659
 51.208333  52.208333  10.966 0.000   6.142 0.659
 54.208333  55.208333  11.789 0.000   9.764 0.659
 57.208333  58.208333   4.852 0.000   2.353 0.659
 60.208333  61.208333   5.996 0.000   4.389 0.659
 63.208333  64.208333  13.407 0.000   7.648 0.659
 66.208333  67.208333   7.657 0.000   2.971 0.659
 69.208333  70.208333  14.765 0.000   5.853 0.659
 72.208333  73.208333 999.999 0.456   3.308 0.659
 75.208333  76.208333 999.999 0.456  11.030 0.659
 78.208333  79.208333   6.194 0.000   2.784 0.659
 81.208333  82.208333  12.972 0.000   8.870 0.000
 84.208333  85.208333   7.379 0.000   4.737 0.659
 87.208333  88.208333   9.208 0.000   4.920 0.659
 90.208333  91.208333  11.682 0.000   8.623 0.659
 93.208333  94.208333   9.642 0.000   4.475 0.659
 96.208333  97.208333  11.043 0.000   5.592 0.659
 99.208333 100.208333  24.581 0.000  12.423 0.659
102.208333 103.208333   9.963 0.000   6.953 0.659
105.208333 106.208333  15.318 0.000   6.017 0.659
108.208333 109.208333  10.079 0.000   4.419 0.659
111.208333 112.208333   9.847 0.000   4.108 0.659
114.208333 115.208333  11.133 0.000   4.674 0.659
117.208333 118.208333  11.419 0.000   7.255 0.659
120.208333 121.208333  12.089 0.000   4.375 0.659
123.208333 124.208333   9.541 0.000   3.686 0.659
126.208333 127.208333   5.289 0.000   2.548 0.659
129.208333 130.208333  16.337 0.000   8.400 0.659
132.208333 133.208333   8.443 0.000   4.410 0.659
135.208333 136.208333  25.414 0.000  11.106 0.659
138.208333 139.208333   9.627 0.000   6.255 0.659
141.208333 142.208333  24.198 0.000  14.679 0.659
144.208333 145.208333  10.426 0.000   5.279 0.659
147.208333 148.208333  16.816 0.000  11.134 0.659
150.208333 151.208333  20.932 0.000   9.452 0.659
153.208333 154.208333  11.846 0.000   7.518 0.659
156.208333 157.208333  17.246 0.000   5.064 0.659
159.208333 160.208333  16.179 0.000  11.344 0.659
162.208333 163.208333  24.999 0.000  14.428 0.659
165.208333 166.208333  16.039 0.000  10.921 0.659
168.208333 169.208333 999.999 0.456 999.999 0.456
171.208333 172.208333  21.494 0.000   7.323 0.659
174.208333 175.208333  15.937 0.000  10.136 0.659
177.208333 178.208333  15.729 0.000   9.526 0.659
180.208333 181.208333  15.711 0.000  12.484 0.000
183.208333 184.208333 999.999 0.999 999.999 0.999
186.208333 187.208333   9.751 0.000   5.513 0.659
189.208333 190.208333  18.468 0.000  13.155 0.659
192.208333 193.208333  14.520 0.000   9.374 0.659
195.208333 196.208333  18.207 0.000  10.635 0.659
198.208333 199.208333  29.687 0.000  18.829 0.659
201.208333 202.208333  11.971 0.000   8.744 0.659
204.208333 205.208333  13.461 0.000   6.931 0.659
207.208333 208.208333  13.672 0.000  10.715 0.000
210.208333 211.208333  18.165 0.000  12.704 0.000
213.208333 214.208333  20.779 0.000  11.240 0.000
216.208333 217.208333   9.493 0.000   5.479 0.000
219.208333 220.208333  15.173 0.000   8.755 0.000
222.208333 223.208333  13.604 0.000  10.995 0.000
225.208333 226.208333  10.731 0.000   4.408 0.000
228.208333 229.208333  14.671 0.000   8.034 0.000
231.208333 232.208333  12.827 0.000   9.415 0.000
234.208333 235.208333  17.872 0.000  11.296 0.000
237.208333 238.208333  12.771 0.000   7.423 0.000
240.208333 241.208333  20.216 0.000  14.651 0.000
243.208333 244.208333  11.469 0.000   8.596 0.000
246.208333 247.208333  11.904 0.000   5.588 0.000
249.208333 250.208333  14.313 0.000   8.530 0.000
252.208333 253.208333  21.952 0.000  16.912 0.000
255.208333 256.208333  12.768 0.000   6.982 0.000
258.208333 259.208333  11.110 0.000   8.004 0.000
261.208333 262.208333 999.999 0.999 999.999 0.999
264.208333 265.208333 999.999 0.999 999.999 0.999
267.208333 268.208333 999.999 0.999 999.999 0.999
270.208333 271.208333 999.999 0.999 999.999 0.999
273.208333 274.208333 999.999 0.456 999.999 0.456
276.208333 277.208333 999.999 0.456 999.999 0.456
279.208333 280.208333 999.999 0.456 999.999 0.456
282.208333 283.208333 999.999 0.999 999.999 0.999
285.208333 286.208333 999.999 0.999 999.999 0.999
288.208333 289.208333 999.999 0.999 999.999 0.999
291.208333 292.208333 999.999 0.999 999.999 0.999
294.208333 295.208333 999.999 0.999 999.999 0.999
297.208333 298.208333   8.143 0.000   4.285 0.000
300.208333 301.208333  19.684 0.000  11.324 0.000
303.208333 304.208333  22.843 0.000  17.060 0.000
306.208333 307.208333   4.013 0.000   2.277 0.000
309.208333 310.208333 999.999 0.999 999.999 0.999
312.208333 313.208333  10.869 0.000   7.943 0.000
315.208333 316.208333   7.367 0.000   3.551 0.000
318.208333 319.208333  26.326 0.000  16.282 0.000
321.208333 322.208333   5.710 0.000   2.839 0.000
324.208333 325.208333  20.360 0.000   8.113 0.000
327.208333 328.208333   3.643 0.000   1.645 0.000
330.208333 331.208333   4.714 0.000   3.131 0.000
333.208333 334.208333  14.515 0.000  11.143 0.000
336.208333 337.208333  29.359 0.000  22.566 0.000
339.208333 340.208333   7.178 0.000   5.507 0.000
342.208333 343.208333   9.360 0.000   7.897 0.000
345.208333 346.208333  17.140 0.000   9.441 0.000
348.208333 349.208333   7.294 0.000   6.396 0.000
351.208333 352.208333  18.338 0.000  12.927 0.000
354.208333 355.208333  11.980 0.000   8.123 0.000
357.208333 358.208333   8.040 0.000   5.228 0.000
360.208333 361.208333  14.768 0.000  12.158 0.000
363.208333 364.208333   7.110 0.000   5.065 0.000
