scripts/IMPROVE-2019_partial/data/US9049R.19960103070000.20191216000000.filterpack...1y.3d.US03L_filterpack_US9049.US03L_IMPROVE_Davis.lev2.nas
51 1001
MISSING INFORMATION
US03L, IMPROVE, , , , , , , 
MISSING INFORMATION
IMPROVE sel_HTAP
1 1
1996 01 01 2019 12 16
0
days from file reference point
4
1 1 1 1
999.999999 999.999 999.999 9.999
end_time of measurement, days from the file reference point
pm10_mass, ug/m3, Matrix=pm10
pm25_mass, ug/m3, Matrix=pm25
numflag, no unit
0
33
Data definition:              EBAS_1.1
Set type code:                TI
Timezone:                     UTC
File name:                    US9049R.19960103070000.20191216000000.filterpack...1y.3d.US03L_filterpack_US9049.US03L_IMPROVE_Davis.lev2.nas
File creation:                20191218120848
Startdate:                    19960103070000
Revision date:                20191216000000
Version:                      2
Version description:          "Data extracted from http://views.cira.colostate.edu/fed/DataWizard 2019-12-16"
Statistics:                   arithmetic mean
Data level:                   2
Period code:                  1y
Resolution code:              3d
Sample duration:              1d
Orig. time res.:              3d
Station code:                 US9049R
Platform code:                US9049S
Station name:                 Weminuche Wilderness
Station latitude:             37.6594
Station longitude:            -107.7999
Station altitude:             2750.0 m
Regime:                       IMG
Component:                    
Unit:                         ug/m3
Matrix:                       
Laboratory code:              US03L
Instrument type:              filterpack
Instrument name:              filterpack_US9049
Method ref:                   US03L_IMPROVE_Davis
Blank correction:             Blank corrected
Volume std. temperature:      ambient
Volume std. pressure:         ambient
starttime endtime PM10 PM2.5 flag
  2.291667   3.291667 999.999 999.999 0.999
  5.291667   6.291667 999.999 999.999 0.999
  9.291667  10.291667 999.999 999.999 0.999
 12.291667  13.291667 999.999 999.999 0.999
 16.291667  17.291667   1.263   0.598 0.000
 19.291667  20.291667 999.999 999.999 0.999
 23.291667  24.291667   2.433   1.229 0.000
 26.291667  27.291667   2.746   0.987 0.000
 30.291667  31.291667   1.068   1.042 0.000
 33.291667  34.291667   1.547   0.473 0.000
 37.291667  38.291667   3.834   0.957 0.000
 40.291667  41.291667   1.781   0.772 0.000
 44.291667  45.291667 999.999 999.999 0.999
 47.291667  48.291667 999.999 999.999 0.999
 51.291667  52.291667   2.288   1.476 0.000
 54.291667  55.291667   8.269   2.501 0.000
 58.291667  59.291667   4.143   1.761 0.000
 61.291667  62.291667   7.520   1.218 0.000
 65.291667  66.291667   1.764   0.979 0.000
 68.291667  69.291667   3.602   1.318 0.000
 72.291667  73.291667   4.813   2.208 0.000
 75.291667  76.291667   5.622   2.251 0.000
 79.291667  80.291667   3.545   1.681 0.000
 82.291667  83.291667  14.404   4.340 0.000
 86.291667  87.291667   6.169   2.398 0.000
 89.291667  90.291667   3.166   1.744 0.000
 93.291667  94.291667   2.423   1.023 0.000
 96.291667  97.291667   8.178   2.581 0.000
100.291667 101.291667   8.233   4.793 0.000
103.291667 104.291667  12.144   1.260 0.000
107.291667 108.291667  11.799   4.099 0.000
110.291667 111.291667   4.960   2.662 0.000
114.291667 115.291667   5.698   2.852 0.000
117.291667 118.291667   6.944   3.224 0.000
121.291667 122.291667   3.922   2.500 0.000
124.291667 125.291667   5.086   2.685 0.000
128.291667 129.291667   8.845   3.780 0.000
131.291667 132.291667   4.698   3.134 0.000
135.291667 136.291667   8.841   4.650 0.000
138.291667 139.291667  11.890   4.008 0.000
142.291667 143.291667  15.838   9.352 0.000
145.291667 146.291667  12.507   5.813 0.000
149.291667 150.291667   7.511   4.203 0.000
152.291667 153.291667   5.932   4.486 0.000
156.291667 157.291667   5.938   4.408 0.000
159.291667 160.291667   6.843   4.660 0.000
163.291667 164.291667 999.999 999.999 0.999
166.291667 167.291667   2.647   1.989 0.000
170.291667 171.291667   5.630   2.802 0.000
173.291667 174.291667   7.450   4.119 0.000
177.291667 178.291667   6.072   3.788 0.000
180.291667 181.291667 999.999 999.999 0.999
184.291667 185.291667 999.999 999.999 0.999
187.291667 188.291667 999.999 999.999 0.999
191.291667 192.291667 999.999 999.999 0.999
194.291667 195.291667 999.999 999.999 0.999
198.291667 199.291667 999.999 999.999 0.999
201.291667 202.291667 999.999 999.999 0.999
205.291667 206.291667 999.999 999.999 0.999
208.291667 209.291667   6.298   4.318 0.000
212.291667 213.291667   5.060   2.881 0.000
215.291667 216.291667   6.119   4.562 0.000
219.291667 220.291667   5.342   2.709 0.000
222.291667 223.291667   8.010   4.097 0.000
226.291667 227.291667  10.027   5.515 0.000
229.291667 230.291667   6.875   3.561 0.000
233.291667 234.291667   4.919   3.815 0.000
236.291667 237.291667   3.038   2.183 0.000
240.291667 241.291667   5.015   3.835 0.000
243.291667 244.291667  13.047  10.550 0.000
247.291667 248.291667   8.600   6.091 0.000
250.291667 251.291667   4.606   3.170 0.000
254.291667 255.291667   4.960   3.272 0.000
257.291667 258.291667   1.884   1.268 0.000
261.291667 262.291667   3.781   1.837 0.000
264.291667 265.291667   1.643   1.728 0.000
268.291667 269.291667   4.898   2.227 0.000
271.291667 272.291667  10.974   1.121 0.000
275.291667 276.291667  10.543   4.542 0.000
278.291667 279.291667   3.437   2.225 0.000
282.291667 283.291667   7.425   3.712 0.000
285.291667 286.291667   9.889   4.497 0.000
289.291667 290.291667   6.983   3.286 0.000
292.291667 293.291667   6.944   3.441 0.000
296.291667 297.291667   2.976   0.950 0.000
299.291667 300.291667   2.137   0.937 0.000
303.291667 304.291667   4.282   1.874 0.000
306.291667 307.291667   1.755   0.951 0.000
310.291667 311.291667   4.282   2.729 0.000
313.291667 314.291667   5.920   0.498 0.000
317.291667 318.291667   4.900   1.789 0.000
320.291667 321.291667   3.643   1.574 0.000
324.291667 325.291667   6.793   1.401 0.000
327.291667 328.291667   1.582   0.948 0.000
331.291667 332.291667   2.994   1.389 0.000
334.291667 335.291667   2.410 999.999 0.000
338.291667 339.291667   4.849   0.534 0.000
341.291667 342.291667   2.019   0.554 0.000
345.291667 346.291667   2.610   1.342 0.000
348.291667 349.291667   3.819   1.250 0.000
352.291667 353.291667   2.415   1.061 0.000
355.291667 356.291667   6.653   1.375 0.000
359.291667 360.291667   2.910   1.218 0.000
362.291667 363.291667   2.542   1.550 0.000
