scripts/IMPROVE-2019_partial/data/US9011R.20130101060000.20191216000000.filterpack...52w.3d.US03L_filterpack_US9011.US03L_IMPROVE_Davis.lev2.nas
52 1001
MISSING INFORMATION
US03L, IMPROVE, , , , , , , 
MISSING INFORMATION
IMPROVE sel_HTAP
1 1
2013 01 01 2019 12 16
3.00
days from file reference point
5
1 1 1 1 1
999.99 999.999 9.999 999.999 9.999
end_time of measurement, days from the file reference point
pm10_mass, ug/m3, Matrix=pm10
numflag pm10_mass, no unit, Matrix=pm10
pm25_mass, ug/m3, Matrix=pm25
numflag pm25_mass, no unit, Matrix=pm25
0
33
Data definition:              EBAS_1.1
Set type code:                TU
Timezone:                     UTC
File name:                    US9011R.20130101060000.20191216000000.filterpack...52w.3d.US03L_filterpack_US9011.US03L_IMPROVE_Davis.lev2.nas
File creation:                20191218120554
Startdate:                    20130101060000
Revision date:                20191216000000
Version:                      2
Version description:          "Data extracted from http://views.cira.colostate.edu/fed/DataWizard 2019-12-16"
Statistics:                   arithmetic mean
Data level:                   2
Period code:                  52w
Resolution code:              3d
Sample duration:              1d
Orig. time res.:              3d
Station code:                 US9011R
Platform code:                US9011S
Station name:                 Mingo
Station latitude:             36.9717
Station longitude:            -90.1432
Station altitude:             111.0 m
Regime:                       IMG
Component:                    
Unit:                         ug/m3
Matrix:                       
Laboratory code:              US03L
Instrument type:              filterpack
Instrument name:              filterpack_US9011
Method ref:                   US03L_IMPROVE_Davis
Blank correction:             Blank corrected
Volume std. temperature:      ambient
Volume std. pressure:         ambient
starttime endtime PM10 flag_PM10 PM2.5 flag_PM2.5
  0.25   1.25  11.598 0.000  11.210 0.000
  3.25   4.25  19.706 0.000  14.105 0.000
  6.25   7.25  23.763 0.000  17.633 0.000
  9.25  10.25   6.314 0.000   4.774 0.000
 12.25  13.25   6.159 0.000   5.101 0.000
 15.25  16.25  14.080 0.000   9.155 0.000
 18.25  19.25   8.170 0.000   5.479 0.000
 21.25  22.25   9.616 0.000   3.828 0.000
 24.25  25.25  24.617 0.000  14.057 0.000
 27.25  28.25  11.772 0.000   9.107 0.000
 30.25  31.25   5.226 0.000   3.708 0.000
 33.25  34.25   8.828 0.000   3.979 0.000
 36.25  37.25 999.999 0.999 999.999 0.999
 39.25  40.25  11.210 0.000   9.960 0.000
 42.25  43.25   9.167 0.000   5.424 0.000
 45.25  46.25   5.512 0.000   2.447 0.000
 48.25  49.25   8.164 0.000   4.877 0.000
 51.25  52.25  10.619 0.000   8.180 0.000
 54.25  55.25  10.677 0.000   8.527 0.000
 57.25  58.25   8.693 0.000   8.802 0.000
 60.25  61.25   6.335 0.000   4.427 0.000
 63.25  64.25   8.531 0.000   5.607 0.000
 66.25  67.25  14.424 0.000  10.237 0.000
 69.25  70.25   3.417 0.000   2.814 0.000
 72.25  73.25  13.612 0.000   6.816 0.000
 75.25  76.25   2.259 0.000   1.938 0.000
 78.25  79.25   4.971 0.000   2.719 0.000
 81.25  82.25  12.634 0.000   8.495 0.000
 84.25  85.25   4.595 0.000   2.517 0.000
 87.25  88.25  12.443 0.000   9.701 0.000
 90.25  91.25   7.123 0.000   4.224 0.000
 93.25  94.25  61.465 0.000  11.942 0.000
 96.25  97.25  17.533 0.000   8.253 0.000
 99.25 100.25  18.164 0.000   8.620 0.000
102.25 103.25  12.300 0.000   5.125 0.000
105.25 106.25  22.231 0.000  10.468 0.000
108.25 109.25   5.143 0.000   2.498 0.000
111.25 112.25  16.997 0.000   7.749 0.000
114.25 115.25  10.438 0.000   5.618 0.000
117.25 118.25   4.409 0.000   2.361 0.000
120.25 121.25  19.339 0.000   9.268 0.000
123.25 124.25   2.489 0.000   1.471 0.000
126.25 127.25   7.844 0.000   4.269 0.000
129.25 130.25   8.679 0.000   5.641 0.000
132.25 133.25  20.020 0.000   5.289 0.000
135.25 136.25  22.035 0.000   9.961 0.000
138.25 139.25  21.310 0.000  13.997 0.000
141.25 142.25   8.835 0.000   3.514 0.000
144.25 145.25  20.050 0.000   7.580 0.000
147.25 148.25  24.327 0.000   8.085 0.000
150.25 151.25   8.548 0.000   4.310 0.000
153.25 154.25   9.282 0.000   4.719 0.000
156.25 157.25  19.016 0.000  14.808 0.000
159.25 160.25  13.557 0.000   8.200 0.000
162.25 163.25 999.999 0.999 999.999 0.999
165.25 166.25  31.248 0.000  12.538 0.000
168.25 169.25  10.798 0.000   5.050 0.000
171.25 172.25  28.989 0.000  15.368 0.000
174.25 175.25  22.991 0.000  13.628 0.000
177.25 178.25  19.977 0.000   9.051 0.000
180.25 181.25   9.767 0.000   6.972 0.000
183.25 184.25  20.653 0.000  13.449 0.000
186.25 187.25  12.866 0.000   8.316 0.000
189.25 190.25 999.999 0.999 999.999 0.999
192.25 193.25  16.132 0.000   9.921 0.000
195.25 196.25 999.999 0.999 999.999 0.999
198.25 199.25  19.650 0.000  11.271 0.000
201.25 202.25   9.643 0.000   5.143 0.000
204.25 205.25  11.884 0.000   5.493 0.000
207.25 208.25  10.400 0.000   6.016 0.000
210.25 211.25  14.479 0.000  10.156 0.000
213.25 214.25  18.459 0.000  10.882 0.000
216.25 217.25  14.877 0.000  10.569 0.000
219.25 220.25   9.254 0.000   4.759 0.000
222.25 223.25  21.850 0.000  12.932 0.000
225.25 226.25   9.603 0.000   4.797 0.000
228.25 229.25 999.999 0.999 999.999 0.999
231.25 232.25 999.999 0.999 999.999 0.999
234.25 235.25  25.432 0.000  15.321 0.000
237.25 238.25  30.544 0.000  17.126 0.000
240.25 241.25  30.602 0.000  11.830 0.000
243.25 244.25  22.546 0.000  14.328 0.000
246.25 247.25  19.111 0.000   8.800 0.000
249.25 250.25  31.294 0.000  14.495 0.000
252.25 253.25  36.052 0.000  19.090 0.000
255.25 256.25  11.327 0.000   4.658 0.000
258.25 259.25  13.287 0.000   9.165 0.000
261.25 262.25  29.502 0.000  16.496 0.000
264.25 265.25   9.577 0.000   4.710 0.000
267.25 268.25  10.118 0.000   6.069 0.000
270.25 271.25  24.796 0.000  12.270 0.000
273.25 274.25  18.772 0.000  11.648 0.000
276.25 277.25  20.596 0.000  11.637 0.000
279.25 280.25 999.999 0.999 999.999 0.999
282.25 283.25 999.999 0.999 999.999 0.999
285.25 286.25 999.999 0.999 999.999 0.999
288.25 289.25 999.999 0.999 999.999 0.999
291.25 292.25   5.765 0.000   2.463 0.000
294.25 295.25   9.876 0.000   3.368 0.000
297.25 298.25  25.375 0.000 999.999 0.456
300.25 301.25  34.618 0.000 999.999 0.456
303.25 304.25   6.369 0.000   3.595 0.000
306.25 307.25  12.857 0.000   6.187 0.000
309.25 310.25   8.164 0.000   4.698 0.000
312.25 313.25 999.999 0.999 999.999 0.999
315.25 316.25   7.187 0.000   3.664 0.000
318.25 319.25  24.099 0.000  13.363 0.000
321.25 322.25 999.999 0.999 999.999 0.999
324.25 325.25  16.681 0.000  10.612 0.000
327.25 328.25   6.522 0.000   4.098 0.000
330.25 331.25  19.203 0.000   5.983 0.000
333.25 334.25  23.760 0.000  11.217 0.000
336.25 337.25  15.994 0.000  12.838 0.000
339.25 340.25   8.915 0.000   6.920 0.000
342.25 343.25   7.702 0.000   6.376 0.000
345.25 346.25  15.857 0.000   9.990 0.000
348.25 349.25  13.852 0.000  11.510 0.000
351.25 352.25 999.999 0.999 999.999 0.999
354.25 355.25   1.510 0.000   1.060 0.000
357.25 358.25   7.514 0.000   3.691 0.000
360.25 361.25  16.377 0.000  10.699 0.000
363.25 364.25  11.409 0.000   4.225 0.000
