scripts/IMPROVE-2019_partial/data/US9065R.20020102050000.20191216000000.filterpack..pm25.52w.1w.US03L_filterpack_US9065.US03L_IMPROVE_Davis.lev2.nas
68 1001
MISSING INFORMATION
US03L, IMPROVE, , , , , , , 
MISSING INFORMATION
IMPROVE sel_HTAP
1 1
2002 01 01 2019 12 16
3.000000
days from file reference point
29
1 1 1 1 1 1 1 1 1 1 1 1 1 1 1 1 1 1 1 1 1 1 1 1 1 1 1 1 1
999.999999 99.999 9.999999 999.99 9.999 99.99 9.999999 9.999 9.999999 99.99 9.999999 9.999 9.999 99.999 9.999 99.999 9.999 99.99 9.999999 999.999 9.999 99.999 9.999 999.999 9.999 9.999 9.999 99.999 9.999
end_time of measurement, days from the file reference point
ammonium, ug N/m3, Revision date=20181210133000
numflag ammonium, no unit, Revision date=20181210133000
iron, ng/m3, Revision date=20181210133000
numflag iron, no unit, Revision date=20181210133000
lead, ng/m3, Revision date=20181210133000
numflag lead, no unit, Revision date=20181210133000
magnesium, ug/m3, Revision date=20181210133000
numflag magnesium, no unit, Revision date=20181210133000
nickel, ng/m3, Revision date=20181210133000
numflag nickel, no unit, Revision date=20181210133000
nitrate, ug N/m3, Revision date=20181210133000
numflag nitrate, no unit, Revision date=20181210133000
organic_carbon, ug C/m3, Revision date=20181210133000
numflag organic_carbon, no unit, Revision date=20181210133000
organic_mass, ug/m3, Revision date=20181210133000
numflag organic_mass, no unit, Revision date=20181210133000
phosphorus, ng/m3, Revision date=20181210133000
numflag phosphorus, no unit, Revision date=20181210133000
pm10_mass, ug/m3, Version=2, Version description=Data extracted from http://views.cira.colostate.edu/fed/DataWizard 2019-12-16, Sample duration=1d, Orig. time res.=3d, Matrix=pm10, Blank correction=Blank corrected, Volume std. temperature=ambient, Volume std. pressure=ambient
numflag pm10_mass, no unit, Version=2, Version description=Data extracted from http://views.cira.colostate.edu/fed/DataWizard 2019-12-16, Sample duration=1d, Orig. time res.=3d, Matrix=pm10, Blank correction=Blank corrected, Volume std. temperature=ambient, Volume std. pressure=ambient
pm10_pm25_mass, ug/m3, Revision date=20181210133000, Matrix=pm10_pm25
numflag pm10_pm25_mass, no unit, Revision date=20181210133000, Matrix=pm10_pm25
pm25_mass, ug/m3, Version=2, Version description=Data extracted from http://views.cira.colostate.edu/fed/DataWizard 2019-12-16, Sample duration=1d, Orig. time res.=3d, Blank correction=Blank corrected, Volume std. temperature=ambient, Volume std. pressure=ambient
numflag pm25_mass, no unit, Version=2, Version description=Data extracted from http://views.cira.colostate.edu/fed/DataWizard 2019-12-16, Sample duration=1d, Orig. time res.=3d, Blank correction=Blank corrected, Volume std. temperature=ambient, Volume std. pressure=ambient
potassium, ug/m3, Revision date=20181210133000
numflag potassium, no unit, Revision date=20181210133000
sulphate_total, ug S/m3, Revision date=20181210133000
numflag sulphate_total, no unit, Revision date=20181210133000
0
25
Data definition:              EBAS_1.1
Set type code:                TU
Timezone:                     UTC
File name:                    US9065R.20020102050000.20191216000000.filterpack..pm25.52w.1w.US03L_filterpack_US9065.US03L_IMPROVE_Davis.lev2.nas
File creation:                20191218120954
Startdate:                    20020102050000
Revision date:                20191216000000
Statistics:                   arithmetic mean
Data level:                   2
Period code:                  52w
Resolution code:              1w
Station code:                 US9065R
Platform code:                US9065S
Station name:                 Shining Rock Wilderness
Station latitude:             35.3937
Station longitude:            -82.7744
Station altitude:             1617.0 m
Regime:                       IMG
Component:                    
Matrix:                       pm25
Laboratory code:              US03L
Instrument type:              filterpack
Instrument name:              filterpack_US9065
Method ref:                   US03L_IMPROVE_Davis
starttime endtime NH4+ flag_NH4+ Fe flag_Fe Pb flag_Pb Mg++ flag_Mg++ Ni flag_Ni NO3- flag_NO3- OC flag_OC OM flag_OM P flag_P PM10 flag_PM10 PM10-PM2.5 flag_PM10-PM2.5 PM2.5 flag_PM2.5 K+ flag_K+ SO4-- flag_SO4--
[from data line 75]
226.208333 227.208333 99.999 0.999000  18.41 0.000  0.46 0.000000 9.999 0.259000  0.14 0.000000 0.049 0.000  1.803 0.000  2.524 0.000 99.99 0.259000 999.999 0.999 99.999 0.999  10.576 0.000 0.031 0.000  1.363 0.000
229.208333 230.208333 99.999 0.559999  10.58 0.559  0.25 0.559000 9.999 0.559259  0.14 0.559000 0.034 0.559  0.902 0.000  1.263 0.000 99.99 0.559259 999.999 0.999 99.999 0.999   4.053 0.559 0.017 0.559  0.532 0.559
232.208333 233.208333 99.999 0.999000  25.46 0.000  0.92 0.000000 9.999 0.259000 99.99 0.259000 0.074 0.000  2.709 0.000  3.792 0.000 99.99 0.259000 999.999 0.999 99.999 0.999  15.348 0.000 0.049 0.000  2.026 0.000
235.208333 236.208333 99.999 0.999000  17.70 0.000  0.38 0.000000 0.032 0.000000 99.99 0.259000 0.022 0.000  1.684 0.000  2.358 0.000 99.99 0.259000 999.999 0.999 99.999 0.999  10.056 0.000 0.026 0.000  1.382 0.000
238.208333 239.208333 99.999 0.999000   3.70 0.559  0.20 0.559000 9.999 0.559259 99.99 0.559259 0.014 0.000  1.007 0.000  1.410 0.000 99.99 0.559259 999.999 0.999 99.999 0.999   4.507 0.559 0.013 0.559  0.765 0.000
241.208333 242.208333 99.999 0.999000   3.60 0.559  0.15 0.559000 9.999 0.559259 99.99 0.559259 0.028 0.000  0.979 0.000  1.371 0.000 99.99 0.559259 999.999 0.999 99.999 0.999   7.029 0.559 0.011 0.559  1.295 0.000
244.208333 245.208333  0.390 0.000000   4.99 0.000  0.89 0.000000 9.999 0.259000 99.99 0.259000 0.035 0.000  1.156 0.000  1.619 0.000 99.99 0.259000 999.999 0.999 99.999 0.999   5.748 0.000 0.020 0.000  0.912 0.000
247.208333 248.208333  1.882 0.000000  73.24 0.000  1.86 0.000000 9.999 0.259000  1.64 0.000000 0.053 0.000  2.610 0.000  3.654 0.000 99.99 0.259000 999.999 0.999 99.999 0.999  22.075 0.000 0.069 0.000  3.339 0.000
250.208333 251.208333  1.288 0.000000  24.83 0.000  1.72 0.000000 9.999 0.259000  0.53 0.000000 0.047 0.000  2.054 0.000  2.875 0.000 99.99 0.259000 999.999 0.999 99.999 0.999  13.098 0.000 0.030 0.000  2.163 0.000
253.208333 254.208333  2.506 0.559000  44.23 0.000  2.42 0.000000 9.999 0.259000  0.31 0.000000 0.044 0.559  2.726 0.000  3.816 0.000 99.99 0.259000  26.429 0.000  4.907 0.000  21.522 0.000 0.047 0.000  3.899 0.559
256.208333 257.208333  0.014 0.559000   3.85 0.000  0.43 0.000000 9.999 0.259000 99.99 0.259000 0.033 0.559  0.533 0.000  0.746 0.000 99.99 0.259000   1.667 0.000  0.296 0.000   1.371 0.000 0.008 0.000  0.204 0.559
259.208333 260.208333  1.363 0.559000  18.45 0.000  1.26 0.000000 9.999 0.259000 99.99 0.259000 0.051 0.559  2.246 0.000  3.145 0.000 99.99 0.259000  17.427 0.000  1.989 0.000  15.438 0.000 0.051 0.000  2.718 0.559
262.208333 263.208333  0.063 0.559000   2.12 0.000  0.74 0.000000 9.999 0.259000 99.99 0.259000 0.052 0.559  0.561 0.000  0.785 0.000 99.99 0.259000   2.489 0.000 99.999 0.259   2.896 0.000 0.009 0.000  0.397 0.559
265.208333 266.208333  0.889 0.559000  16.66 0.000  2.08 0.000000 0.043 0.000000 99.99 0.259000 0.028 0.559  1.286 0.000  1.801 0.000 99.99 0.259000  11.168 0.000  0.302 0.000  10.866 0.000 0.028 0.000  2.017 0.559
268.208333 269.208333 99.999 0.259000   0.29 0.000  0.38 0.000000 0.066 0.000000 99.99 0.259000 9.999 0.259  0.265 0.000  0.371 0.000  4.04 0.000000   0.361 0.000 99.999 0.259   0.414 0.000 0.007 0.000  0.024 0.000
271.208333 272.208333  0.549 0.559000  12.45 0.000  1.04 0.000000 0.041 0.000000 99.99 0.259000 0.046 0.559  1.262 0.000  1.767 0.000 99.99 0.259000   7.594 0.000 99.999 0.259   7.936 0.000 0.014 0.000  1.312 0.559
274.208333 275.208333  0.567 0.559000   7.69 0.000  0.93 0.000000 9.999 0.259000  0.21 0.000000 0.032 0.559  1.352 0.000  1.893 0.000 99.99 0.259000   9.097 0.000  2.449 0.000   6.648 0.000 0.023 0.000  1.011 0.559
277.208333 278.208333  0.700 0.559000  16.95 0.000  0.83 0.000000 9.999 0.259000  0.34 0.000000 0.039 0.559  1.912 0.000  2.677 0.000 99.99 0.259000  12.990 0.000  4.083 0.000   8.907 0.000 0.032 0.000  1.265 0.559
280.208333 281.208333  0.866 0.559000  15.68 0.000  1.49 0.000000 9.999 0.259000  0.13 0.000000 0.042 0.559  1.613 0.000  2.259 0.000 99.99 0.259000  10.824 0.000  0.998 0.000   9.827 0.000 0.032 0.000  1.600 0.559
283.208333 284.208333  0.138 0.559000   2.54 0.000  0.55 0.000000 0.029 0.000000 99.99 0.259000 0.027 0.559  0.716 0.000  1.002 0.000 99.99 0.259000   4.167 0.000  1.113 0.000   3.053 0.000 0.015 0.000  0.423 0.559
286.208333 287.208333  0.339 0.559000   7.81 0.000  0.91 0.000000 9.999 0.259000 99.99 0.259000 0.022 0.559  0.728 0.000  1.019 0.000 99.99 0.259000   5.036 0.000  0.875 0.000   4.161 0.000 0.017 0.000  0.704 0.559
289.208333 290.208333  0.830 0.000000  21.85 0.000  1.58 0.000000 9.999 0.259000  0.11 0.000000 0.069 0.000  0.949 0.000  1.328 0.000 99.99 0.259000   8.660 0.000  1.565 0.000   7.095 0.000 0.034 0.000  1.157 0.000
292.208333 293.208333  0.383 0.559000  11.79 0.000  1.04 0.000000 0.033 0.000000  0.18 0.000000 0.020 0.559  0.758 0.000  1.062 0.000 99.99 0.259000   6.168 0.000  1.104 0.000   5.064 0.000 0.023 0.000  0.798 0.559
295.208333 296.208333  0.532 0.000000  12.44 0.000  1.21 0.000000 9.999 0.259000 99.99 0.259000 0.020 0.000  1.221 0.000  1.709 0.000 99.99 0.259000   7.476 0.000  1.549 0.000   5.927 0.000 0.027 0.000  0.870 0.000
298.208333 299.208333  0.118 0.000000   1.69 0.000  1.91 0.000000 0.022 0.000000  0.07 0.000000 0.022 0.000  0.582 0.000  0.814 0.000 99.99 0.259000   2.900 0.000  0.726 0.000   2.174 0.000 0.015 0.000  0.313 0.000
301.208333 302.208333 99.999 0.456000 999.99 0.456 99.99 0.456000 9.999 0.456000 99.99 0.456000 9.999 0.456 99.999 0.999 99.999 0.999 99.99 0.456000 999.999 0.456 99.999 0.999 999.999 0.456 9.999 0.456 99.999 0.456
304.208333 305.208333 99.999 0.456000 999.99 0.456 99.99 0.456000 9.999 0.456000 99.99 0.456000 9.999 0.456 99.999 0.999 99.999 0.999 99.99 0.456000 999.999 0.456 99.999 0.999 999.999 0.456 9.999 0.456 99.999 0.456
307.208333 308.208333 99.999 0.456000 999.99 0.456 99.99 0.456000 9.999 0.456000 99.99 0.456000 9.999 0.456 99.999 0.999 99.999 0.999 99.99 0.456000 999.999 0.456 99.999 0.999 999.999 0.456 9.999 0.456 99.999 0.456
310.208333 311.208333 99.999 0.456000 999.99 0.456 99.99 0.456000 9.999 0.456000 99.99 0.456000 9.999 0.456 99.999 0.999 99.999 0.999 99.99 0.456000 999.999 0.456 99.999 0.999 999.999 0.456 9.999 0.456 99.999 0.456
313.208333 314.208333 99.999 0.456000 999.99 0.456 99.99 0.456000 9.999 0.456000 99.99 0.456000 9.999 0.456 99.999 0.999 99.999 0.999 99.99 0.456000 999.999 0.456 99.999 0.999 999.999 0.456 9.999 0.456 99.999 0.456
316.208333 317.208333  0.469 0.000000   5.26 0.000  0.64 0.000000 0.013 0.000000 99.99 0.259000 0.072 0.000  0.502 0.000  0.703 0.000 99.99 0.259000   2.819 0.000  0.424 0.000   2.395 0.000 0.009 0.000  0.556 0.000
319.208333 320.208333  0.072 0.000000   1.16 0.000  0.33 0.000000 0.011 0.000000 99.99 0.259000 0.011 0.000  0.328 0.000  0.460 0.000 99.99 0.259000   0.701 0.000 99.999 0.259   0.768 0.000 0.005 0.000  0.127 0.000
322.208333 323.208333  0.549 0.000000   9.61 0.000  0.82 0.000000 0.031 0.000000 99.99 0.259000 0.053 0.000  0.874 0.000  1.224 0.000 99.99 0.259000   5.735 0.000  0.770 0.000   4.965 0.000 0.022 0.000  0.754 0.000
325.208333 326.208333  0.255 0.000000   5.16 0.000  0.53 0.000000 9.999 0.259000 99.99 0.259000 0.091 0.000  0.393 0.000  0.550 0.000 99.99 0.259000   2.492 0.000  0.421 0.000   2.071 0.000 0.010 0.000  0.362 0.000
328.208333 329.208333  0.316 0.000000  13.69 0.000  0.91 0.000000 9.999 0.259000  0.09 0.000000 0.048 0.000 99.999 0.999 99.999 0.999 99.99 0.259000   5.013 0.000  1.049 0.000   3.964 0.000 0.038 0.000  0.377 0.000
331.208333 332.208333  0.380 0.000000   7.33 0.000  0.77 0.000000 0.024 0.000000 99.99 0.259000 0.038 0.000 99.999 0.999 99.999 0.999 99.99 0.259000   4.102 0.000  0.026 0.000   4.076 0.000 0.018 0.000  0.687 0.000
334.208333 335.208333  0.344 0.000000   9.86 0.000  0.61 0.000000 0.045 0.000000 99.99 0.259000 0.216 0.000 99.999 0.999 99.999 0.999 99.99 0.259000   5.117 0.000  1.149 0.000   3.968 0.000 0.031 0.000  0.474 0.000
337.208333 338.208333  0.482 0.000000  14.35 0.000  1.13 0.000000 9.999 0.259000 99.99 0.259000 0.265 0.000 99.999 0.999 99.999 0.999 99.99 0.259000   6.164 0.000  0.493 0.000   5.671 0.000 0.036 0.000  0.529 0.000
340.208333 341.208333  0.054 0.000000   2.96 0.000  0.26 0.000000 0.030 0.000000 99.99 0.259000 0.010 0.000 99.999 0.999 99.999 0.999 99.99 0.259000   0.899 0.000  0.103 0.000   0.795 0.000 0.011 0.000  0.090 0.000
343.208333 344.208333  0.142 0.000000   1.24 0.000  0.12 0.000000 0.034 0.000000 99.99 0.259000 0.011 0.000 99.999 0.999 99.999 0.999 99.99 0.259000   1.835 0.000 99.999 0.259   1.970 0.000 0.006 0.000  0.298 0.000
346.208333 347.208333  0.040 0.000000   0.80 0.000  0.28 0.000000 9.999 0.259000  0.10 0.000000 0.022 0.000 99.999 0.999 99.999 0.999 99.99 0.259000   0.776 0.000 99.999 0.259   0.857 0.000 0.010 0.000  0.083 0.000
349.208333 350.208333  0.300 0.000000  55.43 0.000  0.96 0.000000 9.999 0.259000 99.99 0.259000 0.141 0.000 99.999 0.999 99.999 0.999 99.99 0.259000   8.095 0.000  3.848 0.000   4.247 0.000 0.049 0.000  0.364 0.000
352.208333 353.208333  0.151 0.394000   2.79 0.394 99.99 0.394259 9.999 0.394259  0.15 0.394000 0.010 0.394 99.999 0.999 99.999 0.999 99.99 0.394259   1.697 0.000 99.999 0.259   1.938 0.000 0.015 0.394  0.281 0.394
355.208333 356.208333  0.286 0.000000   9.13 0.000  0.78 0.000000 9.999 0.259000 99.99 0.259000 0.041 0.000 99.999 0.999 99.999 0.999 99.99 0.259000   4.438 0.000  1.493 0.000   2.945 0.000 0.021 0.000  0.393 0.000
358.208333 359.208333  0.178 0.000000   3.01 0.000 99.99 0.259000 9.999 0.259000 99.99 0.259000 0.014 0.000 99.999 0.999 99.999 0.999 99.99 0.259000   1.808 0.000  0.018 0.000   1.790 0.000 0.006 0.000  0.325 0.000
361.208333 362.208333  0.271 0.000000   9.96 0.000  0.48 0.000000 9.999 0.259000  0.14 0.000000 0.040 0.000 99.999 0.999 99.999 0.999 99.99 0.259000   3.720 0.000  1.240 0.000   2.480 0.000 0.025 0.000  0.315 0.000
364.208333 365.208333  0.187 0.394000   4.74 0.394  0.66 0.394000 9.999 0.394259 99.99 0.394259 0.026 0.394 99.999 0.999 99.999 0.999 99.99 0.394259   2.451 0.000  0.076 0.000   2.375 0.000 0.027 0.394  0.327 0.394
