scripts/IMPROVE-2019_partial/data/US9068R.20140102070000.20191216000000.filterpack...52w.3d.US03L_filterpack_US9068.US03L_IMPROVE_Davis.lev2.nas
51 1001
MISSING INFORMATION
US03L, IMPROVE, , , , , , , 
MISSING INFORMATION
IMPROVE sel_HTAP
1 1
2014 01 01 2019 12 16
3.000000
days from file reference point
4
1 1 1 1
999.999999 9999.999 999.999 9.999
end_time of measurement, days from the file reference point
pm10_mass, ug/m3, Matrix=pm10
pm25_mass, ug/m3, Matrix=pm25
numflag, no unit
0
33
Data definition:              EBAS_1.1
Set type code:                TU
Timezone:                     UTC
File name:                    US9068R.20140102070000.20191216000000.filterpack...52w.3d.US03L_filterpack_US9068.US03L_IMPROVE_Davis.lev2.nas
File creation:                20191218121012
Startdate:                    20140102070000
Revision date:                20191216000000
Version:                      2
Version description:          "Data extracted from http://views.cira.colostate.edu/fed/DataWizard 2019-12-16"
Statistics:                   arithmetic mean
Data level:                   2
Period code:                  52w
Resolution code:              3d
Sample duration:              1d
Orig. time res.:              3d
Station code:                 US9068R
Platform code:                US9068S
Station name:                 Salt Creek
Station latitude:             33.4598
Station longitude:            -104.4042
Station altitude:             1072.0 m
Regime:                       IMG
Component:                    
Unit:                         ug/m3
Matrix:                       
Laboratory code:              US03L
Instrument type:              filterpack
Instrument name:              filterpack_US9068
Method ref:                   US03L_IMPROVE_Davis
Blank correction:             Blank corrected
Volume std. temperature:      ambient
Volume std. pressure:         ambient
starttime endtime PM10 PM2.5 flag
  1.291667   2.291667    8.726   2.305 0.000
  4.291667   5.291667    5.363   1.794 0.000
  7.291667   8.291667   13.891   2.913 0.000
 10.291667  11.291667   11.993   1.766 0.000
 13.291667  14.291667   11.579   1.896 0.000
 16.291667  17.291667   18.425   3.991 0.000
 19.291667  20.291667   13.756   2.709 0.000
 22.291667  23.291667   16.769   3.548 0.000
 25.291667  26.291667    8.530   1.810 0.000
 28.291667  29.291667   33.333   4.913 0.000
 31.291667  32.291667   17.977   3.584 0.000
 34.291667  35.291667    6.877   3.016 0.000
 37.291667  38.291667   18.296   7.849 0.000
 40.291667  41.291667   14.765  10.085 0.000
 43.291667  44.291667    9.241   1.666 0.000
 46.291667  47.291667   14.443   2.909 0.000
 49.291667  50.291667   29.642   4.508 0.000
 52.291667  53.291667   11.335   2.931 0.000
 55.291667  56.291667   52.147  12.777 0.000
 58.291667  59.291667   34.395   3.309 0.000
 61.291667  62.291667   15.439   7.385 0.000
 64.291667  65.291667   22.158   5.166 0.000
 67.291667  68.291667    7.748   1.571 0.000
 70.291667  71.291667   12.913   3.450 0.000
 73.291667  74.291667   57.793   9.743 0.000
 76.291667  77.291667  147.010  20.701 0.000
 79.291667  80.291667   80.462  13.806 0.000
 82.291667  83.291667   44.085   7.921 0.000
 85.291667  86.291667   42.465   8.059 0.000
 88.291667  89.291667   21.294   5.854 0.000
 91.291667  92.291667   79.291  13.450 0.000
 94.291667  95.291667   30.393   4.804 0.000
 97.291667  98.291667   22.619   3.715 0.000
100.291667 101.291667   25.577   5.178 0.000
103.291667 104.291667   16.549   2.535 0.000
106.291667 107.291667   38.201   6.013 0.000
109.291667 110.291667    6.629   1.969 0.000
112.291667 113.291667   60.884  10.865 0.000
115.291667 116.291667  108.067  23.410 0.000
118.291667 119.291667   45.193   8.717 0.000
121.291667 122.291667   28.756   7.161 0.000
124.291667 125.291667   17.982   5.131 0.000
127.291667 128.291667   29.073   6.461 0.000
130.291667 131.291667   65.226  12.533 0.000
133.291667 134.291667   18.312   4.226 0.000
136.291667 137.291667   83.176  11.796 0.000
139.291667 140.291667   28.745   8.149 0.000
142.291667 143.291667 9999.999 999.999 0.999
145.291667 146.291667 9999.999 999.999 0.999
148.291667 149.291667   20.638   5.182 0.000
151.291667 152.291667   21.547   5.880 0.000
154.291667 155.291667   27.835   6.782 0.000
157.291667 158.291667   32.654   8.912 0.000
160.291667 161.291667   36.285   5.686 0.000
163.291667 164.291667   31.890   7.817 0.000
166.291667 167.291667   26.975   6.148 0.000
169.291667 170.291667 9999.999 999.999 0.999
172.291667 173.291667 9999.999 999.999 0.999
175.291667 176.291667   64.691   9.881 0.000
178.291667 179.291667   30.945   7.274 0.000
181.291667 182.291667   56.521  20.647 0.000
184.291667 185.291667   28.114  13.101 0.000
187.291667 188.291667   16.655   6.936 0.000
190.291667 191.291667   24.994  10.740 0.000
193.291667 194.291667   23.194  10.582 0.000
196.291667 197.291667   31.258   4.531 0.000
199.291667 200.291667   31.209   6.839 0.000
202.291667 203.291667   25.440  11.530 0.000
205.291667 206.291667   30.184  11.469 0.000
208.291667 209.291667   34.691  10.587 0.000
211.291667 212.291667    7.276   4.146 0.000
214.291667 215.291667   12.301   6.841 0.000
217.291667 218.291667   27.616  14.559 0.000
220.291667 221.291667   23.887  12.382 0.000
223.291667 224.291667 9999.999 999.999 0.999
226.291667 227.291667   10.155   3.138 0.000
229.291667 230.291667   13.171   5.524 0.000
232.291667 233.291667   12.339   3.888 0.000
235.291667 236.291667    9.494   3.426 0.000
238.291667 239.291667    8.984   3.951 0.000
241.291667 242.291667   14.155   5.209 0.000
244.291667 245.291667   15.196   4.470 0.000
247.291667 248.291667    6.602   3.834 0.000
250.291667 251.291667    9.914   6.435 0.000
253.291667 254.291667   11.133   5.781 0.000
256.291667 257.291667    6.910   5.937 0.000
259.291667 260.291667    5.281   4.185 0.000
262.291667 263.291667    4.084   3.081 0.000
265.291667 266.291667   13.691   9.788 0.000
268.291667 269.291667   11.466   7.462 0.000
271.291667 272.291667   11.430   5.716 0.000
274.291667 275.291667    8.135   2.149 0.000
277.291667 278.291667    8.137   2.782 0.000
280.291667 281.291667    9.862   3.312 0.000
283.291667 284.291667    7.446   1.609 0.000
286.291667 287.291667   14.870   2.665 0.000
289.291667 290.291667   14.541   3.669 0.000
292.291667 293.291667   10.181   6.340 0.000
295.291667 296.291667   10.849   6.283 0.000
298.291667 299.291667   11.386   4.235 0.000
301.291667 302.291667   21.961   5.233 0.000
304.291667 305.291667   19.266   4.662 0.000
307.291667 308.291667    5.948   1.639 0.000
310.291667 311.291667    6.701   2.090 0.000
313.291667 314.291667   23.061   4.499 0.000
316.291667 317.291667   23.597   9.818 0.000
319.291667 320.291667   16.289   6.755 0.000
322.291667 323.291667    7.530   2.558 0.000
325.291667 326.291667    4.987   2.108 0.000
328.291667 329.291667    4.739   0.953 0.000
331.291667 332.291667   13.141   3.344 0.000
334.291667 335.291667   14.046   4.765 0.000
337.291667 338.291667   34.047  11.815 0.000
340.291667 341.291667   11.947   6.851 0.000
343.291667 344.291667   17.165  13.025 0.000
346.291667 347.291667   10.708   7.293 0.000
349.291667 350.291667   15.385   4.113 0.000
352.291667 353.291667    3.239   1.303 0.000
355.291667 356.291667    4.834   0.585 0.000
358.291667 359.291667 9999.999 999.999 0.999
361.291667 362.291667 9999.999 999.999 0.999
364.291667 365.291667 9999.999 999.999 0.999
