scripts/IMPROVE-2019_partial/data/US9045R.19940101080000.20191216000000.filterpack...1y.3d.US03L_filterpack_US9045.US03L_IMPROVE_Davis.lev2.nas
51 1001
MISSING INFORMATION
US03L, IMPROVE, , , , , , , 
MISSING INFORMATION
IMPROVE sel_HTAP
1 1
1994 01 01 2019 12 16
0
days from file reference point
4
1 1 1 1
999.999999 9999.999 999.999 9.999
end_time of measurement, days from the file reference point
pm10_mass, ug/m3, Matrix=pm10
pm25_mass, ug/m3, Matrix=pm25
numflag, no unit
0
33
Data definition:              EBAS_1.1
Set type code:                TI
Timezone:                     UTC
File name:                    US9045R.19940101080000.20191216000000.filterpack...1y.3d.US03L_filterpack_US9045.US03L_IMPROVE_Davis.lev2.nas
File creation:                20191218120827
Startdate:                    19940101080000
Revision date:                20191216000000
Version:                      2
Version description:          "Data extracted from http://views.cira.colostate.edu/fed/DataWizard 2019-12-16"
Statistics:                   arithmetic mean
Data level:                   2
Period code:                  1y
Resolution code:              3d
Sample duration:              1d
Orig. time res.:              3d
Station code:                 US9045R
Platform code:                US9045S
Station name:                 Sequoia NP
Station latitude:             36.4894
Station longitude:            -118.8291
Station altitude:             519.0 m
Regime:                       IMG
Component:                    
Unit:                         ug/m3
Matrix:                       
Laboratory code:              US03L
Instrument type:              filterpack
Instrument name:              filterpack_US9045
Method ref:                   US03L_IMPROVE_Davis
Blank correction:             Blank corrected
Volume std. temperature:      ambient
Volume std. pressure:         ambient
starttime endtime PM10 PM2.5 flag
  0.333333   1.333333   15.657  11.307 0.000
  4.333333   5.333333   16.190  11.115 0.000
  7.333333   8.333333    7.280   1.743 0.000
 11.333333  12.333333   16.654   4.103 0.000
 14.333333  15.333333   24.825  14.103 0.000
 18.333333  19.333333    8.716   5.563 0.000
 21.333333  22.333333   14.091   8.942 0.000
 25.333333  26.333333    8.127   3.069 0.000
 28.333333  29.333333   19.044   9.055 0.000
 32.333333  33.333333   10.280   4.441 0.000
 35.333333  36.333333   11.748   1.612 0.000
 39.333333  40.333333   10.812   5.552 0.000
 42.333333  43.333333   17.754   2.987 0.000
 46.333333  47.333333    3.496   2.451 0.000
 49.333333  50.333333    9.367   0.882 0.000
 53.333333  54.333333   12.432   7.011 0.000
 56.333333  57.333333   30.395  13.192 0.000
 60.333333  61.333333   17.043   4.448 0.000
 63.333333  64.333333   56.944  10.261 0.000
 67.333333  68.333333   22.558   9.038 0.000
 70.333333  71.333333   29.084   5.865 0.000
 74.333333  75.333333   34.111  12.283 0.000
 77.333333  78.333333   69.641  13.087 0.000
 81.333333  82.333333   26.680   6.857 0.000
 84.333333  85.333333   25.019   7.270 0.000
 88.333333  89.333333   48.192  15.513 0.000
 91.333333  92.333333   94.264  16.206 0.000
 95.333333  96.333333   35.437   8.994 0.000
 98.333333  99.333333    3.398   2.751 0.000
102.333333 103.333333   30.487  10.444 0.000
105.333333 106.333333   57.698  14.776 0.000
109.333333 110.333333   71.080  24.262 0.000
112.333333 113.333333   28.456   9.253 0.000
116.333333 117.333333   19.389   3.750 0.000
119.333333 120.333333   61.947  12.548 0.000
123.333333 124.333333  117.846  20.575 0.000
126.333333 127.333333    5.623   3.249 0.000
130.333333 131.333333  100.039  28.750 0.000
133.333333 134.333333  161.680  35.132 0.000
137.333333 138.333333   26.475   8.173 0.000
140.333333 141.333333  157.756  28.125 0.000
144.333333 145.333333  136.679  21.763 0.000
147.333333 148.333333   76.783  36.086 0.000
151.333333 152.333333 9999.999  23.257 0.000
154.333333 155.333333 9999.999  23.094 0.000
158.333333 159.333333   37.303  15.335 0.000
161.333333 162.333333   45.455  18.019 0.000
165.333333 166.333333   41.083  18.476 0.000
168.333333 169.333333   72.491  19.553 0.000
172.333333 173.333333   76.655  25.723 0.000
175.333333 176.333333   92.982  27.896 0.000
179.333333 180.333333   73.118  35.184 0.000
182.333333 183.333333  134.739  48.671 0.000
186.333333 187.333333   88.911  35.497 0.000
189.333333 190.333333   42.366  22.825 0.000
193.333333 194.333333   81.418  40.581 0.000
196.333333 197.333333   57.185  33.935 0.000
200.333333 201.333333   77.185  30.841 0.000
203.333333 204.333333  100.000  30.586 0.000
207.333333 208.333333   67.086  34.342 0.000
210.333333 211.333333  137.396  42.633 0.000
214.333333 215.333333  102.436  30.000 0.000
217.333333 218.333333   80.182  30.841 0.000
221.333333 222.333333   34.549  19.522 0.000
224.333333 225.333333 9999.999  14.367 0.000
228.333333 229.333333   31.217  21.538 0.000
231.333333 232.333333   30.113  15.367 0.000
235.333333 236.333333   32.247  14.936 0.000
238.333333 239.333333 9999.999  29.435 0.000
242.333333 243.333333   30.037  13.677 0.000
245.333333 246.333333   32.377  13.025 0.000
249.333333 250.333333   22.410   9.183 0.000
252.333333 253.333333   36.908  12.788 0.000
256.333333 257.333333   37.544  11.161 0.000
259.333333 260.333333   18.877   6.040 0.000
263.333333 264.333333   17.948   7.451 0.000
266.333333 267.333333   14.495   7.211 0.000
270.333333 271.333333    7.607   2.877 0.000
273.333333 274.333333   17.619   9.713 0.000
277.333333 278.333333    8.339   3.420 0.000
280.333333 281.333333   12.076   7.023 0.000
284.333333 285.333333   17.666   8.559 0.000
287.333333 288.333333   13.993   5.850 0.000
291.333333 292.333333   16.738   6.103 0.000
294.333333 295.333333   23.368  11.590 0.000
298.333333 299.333333   32.138  20.917 0.000
301.333333 302.333333   39.792  19.713 0.000
305.333333 306.333333   18.419  14.559 0.000
308.333333 309.333333   15.288   4.647 0.000
312.333333 313.333333   14.545   6.287 0.000
315.333333 316.333333   11.527   6.199 0.000
319.333333 320.333333    5.204   3.012 0.000
322.333333 323.333333    6.145   2.324 0.000
326.333333 327.333333    5.874   3.589 0.000
329.333333 330.333333    4.535   1.646 0.000
333.333333 334.333333   12.262   2.817 0.000
336.333333 337.333333    9.880   1.362 0.000
340.333333 341.333333   15.120  11.609 0.000
343.333333 344.333333    3.496   1.651 0.000
347.333333 348.333333    2.548   0.788 0.000
350.333333 351.333333    8.589   2.822 0.000
354.333333 355.333333    6.602   3.364 0.000
357.333333 358.333333    6.458   2.152 0.000
361.333333 362.333333    5.527   1.770 0.000
364.333333 365.333333   11.368   3.951 0.000
