scripts/IMPROVE-2019_partial/data/US9020R.20030103080000.20191216000000.filterpack..pm25.1y.1w.US03L_filterpack_US9020.US03L_IMPROVE_Davis.lev2.nas
66 1001
MISSING INFORMATION
US03L, IMPROVE, , , , , , , 
MISSING INFORMATION
IMPROVE sel_HTAP
1 1
2003 01 01 2019 12 16
3.000000
days from file reference point
27
1 1 1 1 1 1 1 1 1 1 1 1 1 1 1 1 1 1 1 1 1 1 1 1 1 1 1
999.999999 9999.99 9.999 99.99 9.999 9.999 9.999999 9.99 9.999 9.999 9.999999 999.999 9.999 999.999 9.999 99.99 9.999999 999.999 9.999 999.999 9.999 999.999 9.999 9.999 9.999 9.999 9.999
end_time of measurement, days from the file reference point
iron, ng/m3, Revision date=20181210133000
numflag iron, no unit, Revision date=20181210133000
lead, ng/m3, Revision date=20181210133000
numflag lead, no unit, Revision date=20181210133000
magnesium, ug/m3, Revision date=20181210133000
numflag magnesium, no unit, Revision date=20181210133000
nickel, ng/m3, Revision date=20181210133000
numflag nickel, no unit, Revision date=20181210133000
nitrate, ug N/m3, Revision date=20181210133000
numflag nitrate, no unit, Revision date=20181210133000
organic_carbon, ug C/m3, Revision date=20181210133000
numflag organic_carbon, no unit, Revision date=20181210133000
organic_mass, ug/m3, Revision date=20181210133000
numflag organic_mass, no unit, Revision date=20181210133000
phosphorus, ng/m3, Revision date=20181210133000
numflag phosphorus, no unit, Revision date=20181210133000
pm10_mass, ug/m3, Version=2, Version description=Data extracted from http://views.cira.colostate.edu/fed/DataWizard 2019-12-16, Sample duration=1d, Orig. time res.=3d, Matrix=pm10, Blank correction=Blank corrected, Volume std. temperature=ambient, Volume std. pressure=ambient
numflag pm10_mass, no unit, Version=2, Version description=Data extracted from http://views.cira.colostate.edu/fed/DataWizard 2019-12-16, Sample duration=1d, Orig. time res.=3d, Matrix=pm10, Blank correction=Blank corrected, Volume std. temperature=ambient, Volume std. pressure=ambient
pm10_pm25_mass, ug/m3, Revision date=20181210133000, Matrix=pm10_pm25
numflag pm10_pm25_mass, no unit, Revision date=20181210133000, Matrix=pm10_pm25
pm25_mass, ug/m3, Version=2, Version description=Data extracted from http://views.cira.colostate.edu/fed/DataWizard 2019-12-16, Sample duration=1d, Orig. time res.=3d, Blank correction=Blank corrected, Volume std. temperature=ambient, Volume std. pressure=ambient
numflag pm25_mass, no unit, Version=2, Version description=Data extracted from http://views.cira.colostate.edu/fed/DataWizard 2019-12-16, Sample duration=1d, Orig. time res.=3d, Blank correction=Blank corrected, Volume std. temperature=ambient, Volume std. pressure=ambient
potassium, ug/m3, Revision date=20181210133000
numflag potassium, no unit, Revision date=20181210133000
sulphate_total, ug S/m3, Revision date=20181210133000
numflag sulphate_total, no unit, Revision date=20181210133000
0
25
Data definition:              EBAS_1.1
Set type code:                TU
Timezone:                     UTC
File name:                    US9020R.20030103080000.20191216000000.filterpack..pm25.1y.1w.US03L_filterpack_US9020.US03L_IMPROVE_Davis.lev2.nas
File creation:                20191218120626
Startdate:                    20030103080000
Revision date:                20191216000000
Statistics:                   arithmetic mean
Data level:                   2
Period code:                  1y
Resolution code:              1w
Station code:                 US9020R
Platform code:                US9020S
Station name:                 Mount Hood
Station latitude:             45.2888
Station longitude:            -121.7837
Station altitude:             1531.0 m
Regime:                       IMG
Component:                    
Matrix:                       pm25
Laboratory code:              US03L
Instrument type:              filterpack
Instrument name:              filterpack_US9020
Method ref:                   US03L_IMPROVE_Davis
starttime endtime Fe flag_Fe Pb flag_Pb Mg++ flag_Mg++ Ni flag_Ni NO3- flag_NO3- OC flag_OC OM flag_OM P flag_P PM10 flag_PM10 PM10-PM2.5 flag_PM10-PM2.5 PM2.5 flag_PM2.5 K+ flag_K+ SO4-- flag_SO4--
  2.333333   3.333333   15.22 0.000  0.13 0.000 9.999 0.259000 0.31 0.000 0.018 0.559000   0.048 0.000   0.067 0.000  5.06 0.000000   1.136 0.000   0.234 0.000   0.902 0.000 0.010 0.000 0.026 0.559
  5.333333   6.333333   12.68 0.000  0.18 0.000 9.999 0.259000 0.25 0.000 0.027 0.000000   0.400 0.000   0.559 0.000 99.99 0.259000   1.479 0.000   0.324 0.000   1.155 0.000 0.010 0.000 0.025 0.000
  8.333333   9.333333    2.10 0.000  0.48 0.000 0.033 0.000000 9.99 0.259 0.157 0.559000   0.666 0.000   0.932 0.000 99.99 0.259000   1.801 0.000   0.228 0.000   1.573 0.000 0.008 0.000 0.095 0.559
 11.333333  12.333333   16.41 0.000 99.99 0.259 0.021 0.000000 0.50 0.000 0.003 0.000000 999.999 0.259 999.999 0.259 99.99 0.259000   0.042 0.000 999.999 0.259   0.391 0.000 0.004 0.000 0.005 0.000
 14.333333  15.333333    1.95 0.000  0.17 0.000 9.999 0.259000 9.99 0.259 0.027 0.559000   0.436 0.000   0.611 0.000 99.99 0.259000   0.749 0.000   0.063 0.000   0.685 0.000 0.004 0.000 0.013 0.559
 17.333333  18.333333   30.44 0.000  0.19 0.000 9.999 0.259000 9.99 0.259 0.004 0.559000   0.370 0.000   0.518 0.000 99.99 0.259000   0.795 0.000   0.049 0.000   0.747 0.000 0.004 0.000 0.018 0.559
 20.333333  21.333333    5.70 0.000  0.21 0.000 9.999 0.259000 9.99 0.259 0.009 0.559000   0.201 0.000   0.281 0.000 99.99 0.259000   1.044 0.000   0.288 0.000   0.756 0.000 0.011 0.000 0.050 0.559
 23.333333  24.333333    0.54 0.000  0.14 0.000 9.999 0.259000 9.99 0.259 0.004 0.559000 999.999 0.259 999.999 0.259 99.99 0.259000   0.413 0.000   0.114 0.000   0.299 0.000 0.002 0.000 0.007 0.559
 26.333333  27.333333    0.82 0.000 99.99 0.259 9.999 0.259000 9.99 0.259 0.010 0.000000 999.999 0.259 999.999 0.259 99.99 0.259000   0.582 0.000   0.011 0.000   0.571 0.000 0.004 0.000 0.029 0.000
 29.333333  30.333333    0.34 0.000  0.23 0.000 9.999 0.259000 9.99 0.259 0.002 0.000000 999.999 0.259 999.999 0.259 99.99 0.259000   0.082 0.000 999.999 0.259   0.237 0.000 0.003 0.000 0.010 0.000
 32.333333  33.333333    0.06 0.000 99.99 0.259 9.999 0.259000 9.99 0.259 9.999 0.559259 999.999 0.259 999.999 0.259 99.99 0.259000   0.665 0.000   0.635 0.000   0.030 0.000 9.999 0.259 0.000 0.559
 35.333333  36.333333   16.38 0.000 99.99 0.259 9.999 0.259000 0.32 0.000 0.013 0.559000   0.171 0.000   0.239 0.000 99.99 0.259000   0.804 0.000   0.059 0.000   0.745 0.000 0.009 0.000 0.031 0.559
 38.333333  39.333333    5.92 0.000 99.99 0.259 9.999 0.259000 9.99 0.259 0.034 0.559000   0.379 0.000   0.530 0.000 99.99 0.259000   1.372 0.000   0.324 0.000   1.048 0.000 0.014 0.000 0.075 0.559
 41.333333  42.333333    7.95 0.000  0.49 0.000 9.999 0.259000 9.99 0.259 0.009 0.559000   0.478 0.000   0.669 0.000 99.99 0.259000   1.471 0.000   0.225 0.000   1.246 0.000 0.016 0.000 0.062 0.559
 44.333333  45.333333    3.63 0.000  0.32 0.000 9.999 0.259000 9.99 0.259 0.039 0.000000   0.522 0.000   0.731 0.000 99.99 0.259000   1.263 0.000   0.060 0.000   1.203 0.000 0.008 0.000 0.046 0.000
 47.333333  48.333333    0.25 0.000 99.99 0.259 9.999 0.259000 9.99 0.259 0.001 0.000000 999.999 0.259 999.999 0.259 99.99 0.259000   0.085 0.000   0.025 0.000   0.060 0.000 0.002 0.000 0.007 0.000
 50.333333  51.333333    2.30 0.000  0.20 0.000 9.999 0.259000 9.99 0.259 9.999 0.259000 999.999 0.259 999.999 0.259 99.99 0.259000 999.999 0.259 999.999 0.259 999.999 0.259 0.003 0.000 0.001 0.000
 53.333333  54.333333    7.57 0.000  0.29 0.000 9.999 0.259000 9.99 0.259 0.034 0.000000   0.174 0.000   0.243 0.000 99.99 0.259000   2.456 0.000   1.169 0.000   1.287 0.000 0.014 0.000 0.133 0.000
 56.333333  57.333333   35.53 0.000  0.83 0.000 9.999 0.259000 9.99 0.259 0.134 0.000000   1.043 0.000   1.460 0.000 99.99 0.259000   4.158 0.000   1.065 0.000   3.093 0.000 0.031 0.000 0.154 0.000
 59.333333  60.333333    6.57 0.000  0.30 0.000 9.999 0.259000 9.99 0.259 0.057 0.000000   0.297 0.000   0.416 0.000 99.99 0.259000   1.081 0.000   0.423 0.000   0.658 0.000 0.010 0.000 0.072 0.000
 62.333333  63.333333    1.11 0.000  0.34 0.000 9.999 0.259000 0.10 0.000 0.030 0.000000   0.184 0.000   0.257 0.000  3.42 0.000000   0.882 0.000   0.181 0.000   0.702 0.000 0.006 0.000 0.079 0.000
 65.333333  66.333333    0.42 0.000 99.99 0.259 0.036 0.000000 9.99 0.259 0.002 0.559000 999.999 0.259 999.999 0.259 99.99 0.259000   0.207 0.000   0.207 0.000 999.999 0.259 0.005 0.000 0.004 0.559
 68.333333  69.333333    7.18 0.000  0.17 0.000 9.999 0.259000 0.18 0.000 0.007 0.000000   0.112 0.000   0.157 0.000 99.99 0.259000   0.496 0.000   0.168 0.000   0.328 0.000 0.007 0.000 0.038 0.000
 71.333333  72.333333   16.45 0.000  0.36 0.000 9.999 0.259000 0.21 0.000 0.007 0.000000   0.177 0.000   0.248 0.000 99.99 0.259000   1.849 0.000   0.848 0.000   1.001 0.000 0.019 0.000 0.068 0.000
 74.333333  75.333333    2.14 0.000 99.99 0.259 0.016 0.000000 9.99 0.259 0.006 0.000000   0.099 0.000   0.139 0.000 99.99 0.259000   1.206 0.000   0.842 0.000   0.364 0.000 0.005 0.000 0.022 0.000
 77.333333  78.333333   15.86 0.000  0.44 0.000 9.999 0.259000 0.12 0.000 0.029 0.559000   0.173 0.000   0.242 0.000 99.99 0.259000   1.821 0.000   0.653 0.000   1.167 0.000 0.019 0.000 0.073 0.559
 80.333333  81.333333   27.89 0.000 99.99 0.259 9.999 0.259000 0.47 0.000 0.010 0.559000 999.999 0.259 999.999 0.259 99.99 0.259000   0.423 0.000 999.999 0.259   0.691 0.000 0.008 0.000 0.016 0.559
 83.333333  84.333333    4.06 0.000 99.99 0.259 9.999 0.259000 9.99 0.259 0.014 0.000000   0.035 0.000   0.050 0.000 99.99 0.259000   0.714 0.000   0.170 0.000   0.544 0.000 0.004 0.000 0.032 0.000
 86.333333  87.333333    4.63 0.000  0.34 0.000 9.999 0.259000 9.99 0.259 0.026 0.000000   0.206 0.000   0.289 0.000 99.99 0.259000   1.422 0.000   0.532 0.000   0.890 0.000 0.008 0.000 0.046 0.000
 89.333333  90.333333    5.50 0.000  0.33 0.000 0.016 0.000000 9.99 0.259 0.055 0.559000   0.256 0.000   0.359 0.000 99.99 0.259000   1.101 0.000   0.289 0.000   0.812 0.000 0.007 0.000 0.057 0.559
 92.333333  93.333333    1.76 0.000  0.26 0.000 9.999 0.259000 9.99 0.259 0.014 0.000000 999.999 0.259 999.999 0.259 99.99 0.259000   0.673 0.000   0.100 0.000   0.574 0.000 0.003 0.000 0.043 0.000
 95.333333  96.333333    4.07 0.000  0.23 0.000 0.023 0.000000 9.99 0.259 0.022 0.000000   0.156 0.000   0.218 0.000 99.99 0.259000   1.255 0.000   0.113 0.000   1.142 0.000 0.008 0.000 0.087 0.000
 98.333333  99.333333    8.67 0.000  0.24 0.000 9.999 0.259000 0.13 0.000 0.006 0.559000   0.002 0.000   0.002 0.000 99.99 0.259000   1.799 0.000   1.047 0.000   0.752 0.000 0.006 0.000 0.043 0.559
101.333333 102.333333   21.96 0.000  0.42 0.000 9.999 0.259000 9.99 0.259 0.045 0.000000   0.328 0.000   0.459 0.000 99.99 0.259000   3.430 0.000   1.701 0.000   1.728 0.000 0.017 0.000 0.173 0.000
104.333333 105.333333    3.37 0.000 99.99 0.259 9.999 0.259000 9.99 0.259 0.017 0.559000   0.133 0.000   0.186 0.000 99.99 0.259000   1.701 0.000   0.908 0.000   0.793 0.000 0.005 0.000 0.040 0.559
107.333333 108.333333    8.35 0.000  0.77 0.000 9.999 0.259000 9.99 0.259 0.115 0.559000   0.846 0.000   1.184 0.000 99.99 0.259000   4.335 0.000   0.998 0.000   3.337 0.000 0.025 0.000 0.298 0.559
110.333333 111.333333    0.50 0.000 99.99 0.259 9.999 0.259000 9.99 0.259 0.003 0.000000   0.087 0.000   0.123 0.000  2.33 0.000000   0.209 0.000 999.999 0.259   0.241 0.000 9.999 0.259 0.005 0.000
113.333333 114.333333    2.91 0.000  0.19 0.000 9.999 0.259000 9.99 0.259 0.002 0.559000   0.007 0.000   0.011 0.000 99.99 0.259000   0.421 0.000 999.999 0.259   0.425 0.000 0.004 0.000 0.028 0.559
116.333333 117.333333   10.27 0.000  0.48 0.000 0.027 0.000000 9.99 0.259 0.019 0.559000   0.119 0.000   0.167 0.000 99.99 0.259000   1.852 0.000   0.409 0.000   1.443 0.000 0.009 0.000 0.101 0.559
119.333333 120.333333    4.18 0.000  0.51 0.000 9.999 0.259000 9.99 0.259 0.102 0.559000   0.284 0.000   0.398 0.000 99.99 0.259000   0.720 0.000 999.999 0.259   0.782 0.000 0.004 0.000 0.062 0.559
122.333333 123.333333   14.48 0.000  0.54 0.000 0.013 0.000000 9.99 0.259 0.064 0.000000   0.675 0.000   0.945 0.000 99.99 0.259000   3.536 0.000   0.795 0.000   2.741 0.000 0.018 0.000 0.240 0.000
125.333333 126.333333   23.43 0.000  0.90 0.000 9.999 0.259000 9.99 0.259 0.078 0.000000   0.985 0.000   1.379 0.000 99.99 0.259000   5.092 0.000   0.986 0.000   4.106 0.000 0.027 0.000 0.334 0.000
128.333333 129.333333    2.62 0.000  0.45 0.000 0.019 0.000000 0.15 0.000 0.021 0.000000   0.207 0.000   0.290 0.000 99.99 0.259000   0.720 0.000 999.999 0.259   0.845 0.000 0.003 0.000 0.064 0.000
131.333333 132.333333    7.40 0.000  0.50 0.000 9.999 0.259000 9.99 0.259 0.024 0.559000   0.443 0.000   0.620 0.000 99.99 0.259000   2.736 0.000   0.541 0.000   2.195 0.000 0.009 0.000 0.256 0.559
134.333333 135.333333    3.35 0.000  0.24 0.000 0.018 0.000000 9.99 0.259 0.006 0.559000   0.155 0.000   0.217 0.000 99.99 0.259000   1.059 0.000   0.187 0.000   0.872 0.000 0.003 0.000 0.071 0.559
137.333333 138.333333    3.10 0.000  0.31 0.000 9.999 0.259000 0.06 0.000 0.013 0.559000   0.381 0.000   0.533 0.000 99.99 0.259000   1.852 0.000   0.338 0.000   1.514 0.000 0.004 0.000 0.145 0.559
140.333333 141.333333   27.48 0.000  1.11 0.000 9.999 0.259000 9.99 0.259 0.037 0.000000   1.591 0.000   2.228 0.000 99.99 0.259000   6.524 0.000   1.894 0.000   4.630 0.000 0.031 0.000 0.230 0.000
143.333333 144.333333   35.41 0.000  1.20 0.000 9.999 0.259000 9.99 0.259 0.050 0.000000   1.567 0.000   2.194 0.000 99.99 0.259000   7.744 0.000   3.577 0.000   4.167 0.000 0.025 0.000 0.171 0.000
146.333333 147.333333   26.98 0.000  1.02 0.000 9.999 0.259000 9.99 0.259 0.058 0.000000   1.193 0.000   1.670 0.000 99.99 0.259000   5.876 0.000   2.727 0.000   3.149 0.000 0.025 0.000 0.178 0.000
149.333333 150.333333   33.39 0.000  1.00 0.000 9.999 0.259000 9.99 0.259 0.053 0.559000   1.319 0.000   1.846 0.000 99.99 0.259000   5.982 0.000   2.070 0.000   3.912 0.000 0.027 0.000 0.192 0.559
152.333333 153.333333   16.77 0.000  0.89 0.000 9.999 0.259000 9.99 0.259 0.065 0.000000   1.892 0.000   2.649 0.000 99.99 0.259000   7.410 0.000   1.398 0.000   6.013 0.000 0.035 0.000 0.388 0.000
155.333333 156.333333   48.69 0.000  0.88 0.000 9.999 0.259000 9.99 0.259 0.019 0.000000   1.813 0.000   2.538 0.000 99.99 0.259000  10.078 0.000   4.847 0.000   5.231 0.000 0.039 0.000 0.190 0.000
158.333333 159.333333   34.38 0.000  1.41 0.000 9.999 0.259000 9.99 0.259 0.111 0.559000   2.101 0.000   2.942 0.000 99.99 0.259000   8.375 0.000   2.186 0.000   6.190 0.000 0.033 0.000 0.347 0.559
161.333333 162.333333 9999.99 0.999 99.99 0.999 9.999 0.999000 9.99 0.999 9.999 0.999000 999.999 0.999 999.999 0.999 99.99 0.999000 999.999 0.999 999.999 0.999 999.999 0.999 9.999 0.999 9.999 0.999
164.333333 165.333333    4.14 0.000  1.45 0.000 9.999 0.259000 0.18 0.000 0.087 0.559000   0.461 0.000   0.645 0.000 99.99 0.259000   3.792 0.000   1.188 0.000   2.604 0.000 0.017 0.000 0.255 0.559
167.333333 168.333333   62.60 0.000  1.47 0.000 9.999 0.259000 0.17 0.000 0.057 0.559000   1.996 0.000   2.794 0.000 99.99 0.259000  12.899 0.000   6.716 0.000   6.183 0.000 0.055 0.000 0.311 0.559
170.333333 171.333333   18.38 0.000 99.99 0.259 9.999 0.259000 9.99 0.259 0.009 0.000000 999.999 0.259 999.999 0.259 99.99 0.259000   0.293 0.000 999.999 0.259   0.513 0.000 0.005 0.000 0.021 0.000
173.333333 174.333333   11.84 0.000 99.99 0.259 9.999 0.259000 0.20 0.000 0.026 0.000000   0.104 0.000   0.145 0.000 99.99 0.259000   0.762 0.000 999.999 0.259   0.898 0.000 0.006 0.000 0.082 0.000
176.333333 177.333333   40.00 0.000  1.11 0.000 9.999 0.259000 0.22 0.000 0.036 0.559000   1.084 0.000   1.518 0.000 99.99 0.259000   6.055 0.000   1.930 0.000   4.125 0.000 0.032 0.000 0.271 0.559
179.333333 180.333333   43.46 0.000  1.00 0.000 9.999 0.259000 0.11 0.000 0.053 0.000000   2.095 0.000   2.933 0.000 99.99 0.259000   9.496 0.000   3.790 0.000   5.707 0.000 0.048 0.000 0.218 0.000
182.333333 183.333333   14.75 0.000  0.36 0.000 9.999 0.259000 9.99 0.259 0.046 0.000000   0.384 0.000   0.537 0.000 99.99 0.259000   4.630 0.000   2.285 0.000   2.345 0.000 0.011 0.000 0.149 0.000
185.333333 186.333333    3.72 0.000  0.53 0.000 9.999 0.259000 9.99 0.259 0.027 0.559000   0.241 0.000   0.338 0.000 99.99 0.259000   2.189 0.000   0.686 0.000   1.503 0.000 0.037 0.000 0.113 0.559
188.333333 189.333333   15.74 0.000  0.22 0.000 9.999 0.259000 0.14 0.000 0.020 0.559000   0.112 0.000   0.156 0.000 99.99 0.259000   2.242 0.000   1.062 0.000   1.181 0.000 0.017 0.000 0.072 0.559
191.333333 192.333333   47.36 0.000  1.19 0.000 9.999 0.259000 0.28 0.000 0.132 0.559000   1.711 0.000   2.396 0.000 99.99 0.259000  11.322 0.000   5.305 0.000   6.016 0.000 0.046 0.000 0.456 0.559
194.333333 195.333333   19.35 0.000  0.53 0.000 9.999 0.259000 0.14 0.000 0.082 0.559000   1.415 0.000   1.981 0.000 99.99 0.259000   7.072 0.000   2.809 0.000   4.262 0.000 0.026 0.000 0.213 0.559
197.333333 198.333333   29.94 0.000  0.62 0.000 9.999 0.259000 0.11 0.000 0.041 0.559000   0.703 0.000   0.985 0.000 99.99 0.259000   5.229 0.000   2.262 0.000   2.968 0.000 0.013 0.000 0.165 0.559
200.333333 201.333333   10.29 0.000  0.55 0.000 0.067 0.000000 9.99 0.259 0.010 0.559000   0.476 0.000   0.667 0.000 99.99 0.259000   2.677 0.000   1.151 0.000   1.527 0.000 0.014 0.000 0.129 0.559
203.333333 204.333333   36.33 0.000  0.50 0.000 9.999 0.259000 0.20 0.000 0.075 0.559000   0.955 0.000   1.336 0.000 99.99 0.259000   5.976 0.000   2.055 0.000   3.921 0.000 0.019 0.000 0.230 0.559
206.333333 207.333333   28.34 0.000  0.77 0.000 0.086 0.000000 0.19 0.000 0.105 0.559000   0.832 0.000   1.164 0.000 99.99 0.259000   6.259 0.000   2.726 0.000   3.533 0.000 0.039 0.000 0.235 0.559
209.333333 210.333333   45.42 0.000  1.00 0.000 0.019 0.000000 0.13 0.000 0.027 0.559000   1.537 0.000   2.152 0.000 99.99 0.259000   7.277 0.000   2.990 0.000   4.287 0.000 0.025 0.000 0.212 0.559
212.333333 213.333333   14.35 0.000  0.35 0.000 0.077 0.000000 9.99 0.259 0.013 0.559000   0.390 0.000   0.546 0.000 99.99 0.259000   2.175 0.000   0.877 0.000   1.298 0.000 0.010 0.000 0.067 0.559
215.333333 216.333333   25.28 0.000  0.42 0.000 9.999 0.259000 0.11 0.000 0.057 0.559000   1.298 0.000   1.817 0.000 99.99 0.259000   6.271 0.000   2.268 0.000   4.003 0.000 0.021 0.000 0.237 0.559
218.333333 219.333333   11.16 0.000  0.54 0.000 9.999 0.259000 0.14 0.000 0.076 0.559000   0.929 0.000   1.300 0.000 99.99 0.259000   3.980 0.000   1.596 0.000   2.384 0.000 0.027 0.000 0.087 0.559
221.333333 222.333333   17.42 0.000  1.06 0.000 9.999 0.259000 9.99 0.259 0.182 0.559000   1.133 0.000   1.586 0.000 99.99 0.259000   7.534 0.000   3.283 0.000   4.250 0.000 0.022 0.000 0.334 0.559
224.333333 225.333333   13.18 0.000  0.63 0.000 9.999 0.259000 0.14 0.000 0.031 0.559000   0.625 0.000   0.875 0.000 99.99 0.259000   4.907 0.000   2.213 0.000   2.694 0.000 0.021 0.000 0.184 0.559
227.333333 228.333333    9.22 0.000  0.66 0.000 9.999 0.259000 0.08 0.000 0.064 0.559000   0.724 0.000   1.013 0.000 99.99 0.259000   4.267 0.000   1.406 0.000   2.861 0.000 0.042 0.000 0.193 0.559
230.333333 231.333333   14.79 0.000  0.38 0.000 0.052 0.000000 0.16 0.000 0.059 0.559000   0.904 0.000   1.266 0.000 99.99 0.259000   5.496 0.000   2.743 0.000   2.753 0.000 0.018 0.000 0.173 0.559
233.333333 234.333333   53.32 0.000  0.68 0.000 9.999 0.259000 0.16 0.000 0.266 0.559000   4.301 0.000   6.022 0.000 99.99 0.259000  18.631 0.000   6.966 0.000  11.665 0.000 0.447 0.000 0.397 0.559
236.333333 237.333333   33.81 0.000  1.64 0.000 9.999 0.259000 0.12 0.000 0.036 0.559000   4.035 0.000   5.649 0.000 99.99 0.259000  13.381 0.000   4.323 0.000   9.058 0.000 0.039 0.000 0.230 0.559
239.333333 240.333333   54.59 0.699  0.56 0.699 9.999 0.699259 0.07 0.699 0.165 0.559000  16.888 0.000  23.644 0.000 99.99 0.699259  36.526 0.000   4.408 0.000  32.118 0.699 0.085 0.699 0.213 0.559
