scripts/IMPROVE-2019_partial/data/US9058R.20030103060000.20191216000000.filterpack..pm25.1y.1w.US03L_filterpack_US9058.US03L_IMPROVE_Davis.lev2.nas
64 1001
MISSING INFORMATION
US03L, IMPROVE, , , , , , , 
MISSING INFORMATION
IMPROVE sel_HTAP
1 1
2003 01 01 2019 12 16
3.00
days from file reference point
25
1 1 1 1 1 1 1 1 1 1 1 1 1 1 1 1 1 1 1 1 1 1 1 1 1
999.99 9999.99 9.999 999.99 9.999 9.999 9.999999 9.99 9.999999 99.999 9.999 999.999 9.999 999.999 9.999 999.999 9.999 999.999 9.999 999.999 9.999 9.999 9.999 99.999 9.999
end_time of measurement, days from the file reference point
iron, ng/m3, Revision date=20181210133000
numflag iron, no unit, Revision date=20181210133000
lead, ng/m3, Revision date=20181210133000
numflag lead, no unit, Revision date=20181210133000
magnesium, ug/m3, Revision date=20181210133000
numflag magnesium, no unit, Revision date=20181210133000
nickel, ng/m3, Revision date=20181210133000
numflag nickel, no unit, Revision date=20181210133000
nitrate, ug N/m3, Revision date=20181210133000
numflag nitrate, no unit, Revision date=20181210133000
organic_carbon, ug C/m3, Revision date=20181210133000
numflag organic_carbon, no unit, Revision date=20181210133000
organic_mass, ug/m3, Revision date=20181210133000
numflag organic_mass, no unit, Revision date=20181210133000
pm10_mass, ug/m3, Version=2, Version description=Data extracted from http://views.cira.colostate.edu/fed/DataWizard 2019-12-16, Sample duration=1d, Orig. time res.=3d, Matrix=pm10, Blank correction=Blank corrected, Volume std. temperature=ambient, Volume std. pressure=ambient
numflag pm10_mass, no unit, Version=2, Version description=Data extracted from http://views.cira.colostate.edu/fed/DataWizard 2019-12-16, Sample duration=1d, Orig. time res.=3d, Matrix=pm10, Blank correction=Blank corrected, Volume std. temperature=ambient, Volume std. pressure=ambient
pm10_pm25_mass, ug/m3, Revision date=20181210133000, Matrix=pm10_pm25
numflag pm10_pm25_mass, no unit, Revision date=20181210133000, Matrix=pm10_pm25
pm25_mass, ug/m3, Version=2, Version description=Data extracted from http://views.cira.colostate.edu/fed/DataWizard 2019-12-16, Sample duration=1d, Orig. time res.=3d, Blank correction=Blank corrected, Volume std. temperature=ambient, Volume std. pressure=ambient
numflag pm25_mass, no unit, Version=2, Version description=Data extracted from http://views.cira.colostate.edu/fed/DataWizard 2019-12-16, Sample duration=1d, Orig. time res.=3d, Blank correction=Blank corrected, Volume std. temperature=ambient, Volume std. pressure=ambient
potassium, ug/m3, Revision date=20181210133000
numflag potassium, no unit, Revision date=20181210133000
sulphate_total, ug S/m3, Revision date=20181210133000
numflag sulphate_total, no unit, Revision date=20181210133000
0
25
Data definition:              EBAS_1.1
Set type code:                TU
Timezone:                     UTC
File name:                    US9058R.20030103060000.20191216000000.filterpack..pm25.1y.1w.US03L_filterpack_US9058.US03L_IMPROVE_Davis.lev2.nas
File creation:                20191218120922
Startdate:                    20030103060000
Revision date:                20191216000000
Statistics:                   arithmetic mean
Data level:                   2
Period code:                  1y
Resolution code:              1w
Station code:                 US9058R
Platform code:                US9058S
Station name:                 Tallgrass
Station latitude:             38.4341
Station longitude:            -96.5602
Station altitude:             390.0 m
Regime:                       IMG
Component:                    
Matrix:                       pm25
Laboratory code:              US03L
Instrument type:              filterpack
Instrument name:              filterpack_US9058
Method ref:                   US03L_IMPROVE_Davis
starttime endtime Fe flag_Fe Pb flag_Pb Mg++ flag_Mg++ Ni flag_Ni NO3- flag_NO3- OC flag_OC OM flag_OM PM10 flag_PM10 PM10-PM2.5 flag_PM10-PM2.5 PM2.5 flag_PM2.5 K+ flag_K+ SO4-- flag_SO4--
  2.25   3.25   19.01 0.000   1.25 0.000 0.026 0.000000 0.23 0.000000  0.900 0.000   0.646 0.000   0.904 0.000  11.438 0.000   3.814 0.000   7.623 0.000 0.027 0.000  0.380 0.000
  5.25   6.25    5.28 0.000   0.45 0.000 9.999 0.259000 9.99 0.259000  0.794 0.000   0.397 0.000   0.555 0.000  12.949 0.000   2.181 0.000  10.768 0.000 0.011 0.000  1.338 0.000
  8.25   9.25   26.11 0.000   0.14 0.000 9.999 0.259000 9.99 0.259000  0.046 0.000   0.318 0.000   0.446 0.000  16.953 0.000  14.977 0.000   1.975 0.000 0.022 0.000  0.072 0.000
 11.25  12.25   37.30 0.000   1.18 0.000 9.999 0.259000 9.99 0.259000  0.764 0.000   1.485 0.000   2.079 0.000  18.423 0.000  10.653 0.000   7.770 0.000 0.040 0.000  0.215 0.000
 14.25  15.25   59.84 0.000   1.97 0.000 0.020 0.000000 9.99 0.259000  0.875 0.000   1.004 0.000   1.405 0.000  26.322 0.000  15.783 0.000  10.540 0.000 0.054 0.000  0.250 0.000
 17.25  18.25   16.53 0.000   0.48 0.000 9.999 0.259000 9.99 0.259000  0.416 0.000   0.812 0.000   1.137 0.000   7.984 0.000   3.068 0.000   4.916 0.000 0.037 0.000  0.260 0.000
 20.25  21.25   22.46 0.000   4.76 0.000 0.016 0.000000 9.99 0.259000  0.377 0.000   0.635 0.000   0.889 0.000  11.556 0.000   6.526 0.000   5.030 0.000 0.036 0.000  0.282 0.000
 23.25  24.25   34.89 0.000   1.69 0.000 9.999 0.259000 9.99 0.259000  0.850 0.000   0.871 0.000   1.220 0.000  18.198 0.000   9.510 0.000   8.688 0.000 0.039 0.000  0.324 0.000
 26.25  27.25   28.06 0.000   1.98 0.000 9.999 0.259000 9.99 0.259000  1.031 0.000   1.501 0.000   2.102 0.000  22.239 0.000  11.208 0.000  11.031 0.000 0.041 0.000  0.703 0.000
 29.25  30.25   28.35 0.000   1.41 0.000 9.999 0.259000 9.99 0.259000  1.460 0.000   1.071 0.000   1.499 0.000  20.255 0.000   5.843 0.000  14.411 0.000 0.030 0.000  1.050 0.000
 32.25  33.25   42.95 0.000   1.49 0.000 9.999 0.259000 0.12 0.000000  0.305 0.000   1.225 0.000   1.715 0.000  18.260 0.000  10.938 0.000   7.322 0.000 0.056 0.000  0.504 0.000
 35.25  36.25   28.27 0.000   0.97 0.000 9.999 0.259000 9.99 0.259000  0.668 0.000   1.087 0.000   1.522 0.000  13.973 0.000   6.503 0.000   7.469 0.000 0.030 0.000  0.256 0.000
 38.25  39.25   12.35 0.000   0.49 0.000 9.999 0.259000 9.99 0.259000  0.816 0.000   0.845 0.000   1.183 0.000   8.732 0.000   1.327 0.000   7.405 0.000 0.021 0.000  0.368 0.000
 41.25  42.25    8.17 0.559   0.55 0.559 9.999 0.559259 9.99 0.559259  0.384 0.000   0.388 0.000   0.542 0.000   6.764 0.000   3.289 0.000   3.475 0.559 0.011 0.559  0.303 0.000
 44.25  45.25 9999.99 0.999 999.99 0.999 9.999 0.999000 9.99 0.999000  0.398 0.000   1.130 0.000   1.582 0.000   5.415 0.000 999.999 0.999 999.999 0.999 9.999 0.999  0.506 0.000
 47.25  48.25 9999.99 0.999 999.99 0.999 9.999 0.999000 9.99 0.999000  1.373 0.000   1.039 0.000   1.454 0.000  12.921 0.000 999.999 0.999 999.999 0.999 9.999 0.999  0.376 0.000
 50.25  51.25   16.69 0.000   1.64 0.000 9.999 0.259000 9.99 0.259000  0.433 0.000   0.498 0.000   0.697 0.000   5.281 0.000   2.133 0.000   3.148 0.000 0.013 0.000  0.204 0.000
 53.25  54.25   17.36 0.000   1.38 0.000 9.999 0.259000 9.99 0.259000  0.657 0.000   0.570 0.000   0.798 0.000  12.257 0.000   2.659 0.000   9.599 0.000 0.022 0.000  0.985 0.000
 56.25  57.25   17.91 0.000   2.14 0.000 9.999 0.259000 9.99 0.259000  1.571 0.000   1.194 0.000   1.672 0.000  18.449 0.000   4.124 0.000  14.325 0.000 0.048 0.000  0.712 0.000
 59.25  60.25   14.22 0.000   2.40 0.000 9.999 0.259000 9.99 0.259000  2.384 0.000   1.574 0.000   2.204 0.000  24.035 0.000   1.222 0.000  22.813 0.000 0.033 0.000  1.528 0.000
 62.25  63.25   16.61 0.000   2.51 0.000 9.999 0.259000 0.17 0.000000  1.062 0.000   1.223 0.000   1.713 0.000  13.367 0.000   1.503 0.000  11.864 0.000 0.027 0.000  0.903 0.000
 65.25  66.25   35.54 0.000   2.36 0.000 0.031 0.000000 0.26 0.000000  2.294 0.000   1.843 0.000   2.580 0.000  22.363 0.000   4.675 0.000  17.688 0.000 0.044 0.000  1.088 0.000
 68.25  69.25   45.60 0.000   3.20 0.000 9.999 0.259000 0.13 0.000000  0.916 0.000   1.422 0.000   1.991 0.000  18.047 0.000   7.785 0.000  10.262 0.000 0.046 0.000  0.684 0.000
 71.25  72.25   32.91 0.000   3.05 0.000 9.999 0.259000 9.99 0.259000  3.346 0.000   1.916 0.000   2.682 0.000  38.010 0.000   5.654 0.000  32.355 0.000 0.045 0.000  2.760 0.000
 74.25  75.25   49.71 0.000   3.10 0.000 9.999 0.259000 0.25 0.000000  0.389 0.000   6.049 0.000   8.469 0.000  25.939 0.000   5.487 0.000  20.453 0.000 0.104 0.000  1.877 0.000
 77.25  78.25   15.58 0.000   1.88 0.000 9.999 0.259000 9.99 0.259000  0.829 0.000   0.824 0.000   1.153 0.000   9.016 0.000 999.999 0.259   9.791 0.000 0.022 0.000  1.114 0.000
 80.25  81.25   20.75 0.000   1.26 0.000 9.999 0.259000 9.99 0.259000  0.372 0.000   0.768 0.000   1.075 0.000   6.498 0.000   2.150 0.000   4.348 0.000 0.019 0.000  0.500 0.000
 83.25  84.25   25.68 0.000   1.39 0.000 9.999 0.259000 9.99 0.259000  0.184 0.000   3.236 0.000   4.530 0.000  11.858 0.000   4.601 0.000   7.257 0.000 0.068 0.000  0.153 0.000
 86.25  87.25   14.71 0.000   0.68 0.000 9.999 0.259000 0.09 0.000000  0.350 0.000   0.440 0.000   0.615 0.000   7.310 0.000   3.275 0.000   4.035 0.000 0.018 0.000  0.512 0.000
 89.25  90.25   33.32 0.000   1.14 0.000 9.999 0.259000 9.99 0.259000  0.226 0.000   2.710 0.000   3.794 0.000  14.661 0.000   7.747 0.000   6.913 0.000 0.074 0.000  0.290 0.000
 92.25  93.25   39.26 0.000   0.52 0.000 9.999 0.259000 0.23 0.000000  0.185 0.000   1.843 0.000   2.581 0.000  19.412 0.000  10.931 0.000   8.481 0.000 0.062 0.000  0.818 0.000
 95.25  96.25   14.12 0.000   2.21 0.000 9.999 0.259000 9.99 0.259000  0.636 0.000   1.270 0.000   1.777 0.000  10.640 0.000   3.757 0.000   6.883 0.000 0.028 0.000  0.489 0.000
 98.25  99.25   26.35 0.559   2.54 0.559 9.999 0.559259 0.10 0.559000  2.043 0.000  37.357 0.000  52.300 0.000  68.688 0.000   9.825 0.000  58.862 0.559 0.331 0.559  0.675 0.000
101.25 102.25   70.87 0.559  21.30 0.559 9.999 0.559259 9.99 0.559259  0.731 0.000  21.572 0.000  30.201 0.000  52.904 0.000  11.810 0.000  41.094 0.559 0.337 0.559  0.555 0.000
104.25 105.25   48.26 0.000   1.36 0.000 9.999 0.259000 0.32 0.000000  0.126 0.000   3.099 0.000   4.338 0.000  27.108 0.000  15.090 0.000  12.018 0.000 0.078 0.000  1.278 0.000
107.25 108.25  104.98 0.000   1.38 0.000 9.999 0.259000 0.10 0.000000  0.886 0.000   2.870 0.000   4.018 0.000  27.737 0.000  13.287 0.000  14.449 0.000 0.135 0.000  1.385 0.000
110.25 111.25   26.84 0.000   0.77 0.000 9.999 0.259000 0.06 0.000000  0.075 0.000   1.396 0.000   1.955 0.000   7.598 0.000   3.573 0.000   4.025 0.000 0.053 0.000  0.217 0.000
113.25 114.25   57.67 0.000   1.31 0.000 9.999 0.259000 9.99 0.259000  0.215 0.000   1.121 0.000   1.570 0.000   9.436 0.000   3.639 0.000   5.797 0.000 0.047 0.000  0.624 0.000
116.25 117.25   48.87 0.000   2.48 0.000 9.999 0.259000 0.11 0.000000  0.285 0.000   2.813 0.000   3.938 0.000  19.976 0.000   5.746 0.000  14.230 0.000 0.080 0.000  1.696 0.000
119.25 120.25   61.28 0.000   1.34 0.000 9.999 0.259000 0.28 0.000000  0.351 0.000   2.167 0.000   3.034 0.000  22.806 0.000   8.135 0.000  14.671 0.000 0.100 0.000  1.930 0.000
122.25 123.25   36.12 0.000   1.98 0.000 9.999 0.259000 0.06 0.000000  0.346 0.000   1.438 0.000   2.014 0.000  13.641 0.000   6.138 0.000   7.502 0.000 0.050 0.000  0.918 0.000
125.25 126.25   38.38 0.000   1.57 0.000 0.012 0.000000 9.99 0.259000  0.298 0.000   1.170 0.000   1.638 0.000   9.482 0.000   5.171 0.000   4.311 0.000 0.037 0.000  0.478 0.000
128.25 129.25   44.17 0.000   0.55 0.000 9.999 0.259000 9.99 0.259000  0.118 0.000   1.150 0.000   1.610 0.000  13.601 0.000   8.269 0.000   5.332 0.000 0.058 0.000  0.459 0.000
131.25 132.25   20.64 0.000   0.83 0.000 9.999 0.259000 0.09 0.000000  0.064 0.000   0.848 0.000   1.187 0.000   8.350 0.000   4.755 0.000   3.595 0.000 0.025 0.000  0.294 0.000
134.25 135.25   20.60 0.000   0.75 0.000 9.999 0.259000 9.99 0.259000  0.079 0.000   0.977 0.000   1.367 0.000  11.863 0.000   6.863 0.000   5.000 0.000 0.025 0.000  0.537 0.000
137.25 138.25   41.44 0.000   2.79 0.000 9.999 0.259000 9.99 0.259000  0.286 0.000   1.646 0.000   2.304 0.000  23.120 0.000   3.657 0.000  19.463 0.000 0.046 0.000  3.473 0.000
140.25 141.25   18.44 0.000   1.15 0.000 9.999 0.259000 9.99 0.259000  0.234 0.000   0.896 0.000   1.255 0.000  10.762 0.000   6.224 0.000   4.538 0.000 0.026 0.000  0.523 0.000
143.25 144.25   29.47 0.000   2.62 0.000 9.999 0.259000 9.99 0.259000  0.177 0.000   1.601 0.000   2.241 0.000  16.041 0.000   4.955 0.000  11.086 0.000 0.034 0.000  1.506 0.000
146.25 147.25   26.20 0.000   2.38 0.000 9.999 0.259000 9.99 0.259000  0.097 0.000   1.844 0.000   2.581 0.000  15.800 0.000   7.886 0.000   7.914 0.000 0.036 0.000  0.801 0.000
149.25 150.25   64.02 0.000   1.67 0.000 9.999 0.259000 9.99 0.259000  0.070 0.000   2.659 0.000   3.723 0.000  27.495 0.000  18.133 0.000   9.363 0.000 0.071 0.000  0.616 0.000
152.25 153.25   15.27 0.000   1.76 0.000 9.999 0.259000 9.99 0.259000  0.069 0.000   1.256 0.000   1.758 0.000   9.341 0.000   2.058 0.000   7.282 0.000 0.025 0.000  0.956 0.000
155.25 156.25   32.91 0.000   2.13 0.000 9.999 0.259000 9.99 0.259000  0.182 0.000   2.237 0.000   3.132 0.000  16.732 0.000   6.008 0.000  10.724 0.000 0.035 0.000  1.253 0.000
158.25 159.25    8.74 0.000   0.52 0.000 0.036 0.000000 9.99 0.259000  0.033 0.000   0.589 0.000   0.825 0.000   5.076 0.000   3.263 0.000   1.813 0.000 0.007 0.000  0.128 0.000
161.25 162.25   58.65 0.000   2.08 0.000 9.999 0.259000 0.10 0.000000  0.145 0.000   1.652 0.000   2.313 0.000  19.567 0.000  10.111 0.000   9.456 0.000 0.044 0.000  1.143 0.000
164.25 165.25   26.11 0.000   1.02 0.000 9.999 0.259000 9.99 0.259000  0.045 0.000   1.200 0.000   1.680 0.000  14.502 0.000   9.193 0.000   5.309 0.000 0.020 0.000  0.540 0.000
167.25 168.25   41.32 0.000   1.72 0.000 9.999 0.259000 9.99 0.259000  0.174 0.000   2.009 0.000   2.813 0.000  24.102 0.000  11.665 0.000  12.437 0.000 0.033 0.000  1.709 0.000
170.25 171.25   50.14 0.000   2.05 0.000 9.999 0.259000 9.99 0.259000  0.118 0.000   2.541 0.000   3.558 0.000  28.067 0.000  12.203 0.000  15.864 0.000 0.147 0.000  2.104 0.000
173.25 174.25   31.07 0.000   1.33 0.000 9.999 0.259000 9.99 0.259000  0.046 0.000   2.305 0.000   3.226 0.000  20.135 0.000   7.517 0.000  12.618 0.000 0.050 0.000  1.625 0.000
176.25 177.25   18.98 0.000 999.99 0.259 9.999 0.259000 9.99 0.259000  0.033 0.000   0.613 0.000   0.859 0.000   8.929 0.000   6.237 0.000   2.692 0.000 0.019 0.000  0.278 0.000
179.25 180.25   19.64 0.000   1.27 0.000 0.031 0.000000 9.99 0.259000  0.042 0.000   1.265 0.000   1.771 0.000   9.232 0.000   3.731 0.000   5.500 0.000 0.055 0.000  0.496 0.000
182.25 183.25   56.94 0.000   1.30 0.000 9.999 0.259000 9.99 0.259000  0.067 0.000   2.008 0.000   2.811 0.000  21.197 0.000   9.160 0.000  12.037 0.000 0.090 0.000  1.453 0.000
185.25 186.25   60.05 0.000   2.88 0.000 0.055 0.000000 0.13 0.000000  0.066 0.000   2.317 0.000   3.244 0.000  20.874 0.000   6.458 0.000  14.416 0.000 0.253 0.000  1.827 0.000
188.25 189.25  130.55 0.000   0.51 0.000 9.999 0.259000 0.27 0.000000  0.105 0.000   1.271 0.000   1.779 0.000  21.742 0.000  12.530 0.000   9.213 0.000 0.125 0.000  0.949 0.000
191.25 192.25   52.32 0.000   0.57 0.000 9.999 0.259000 0.10 0.000000  0.051 0.000   2.021 0.000   2.829 0.000  19.340 0.000  12.519 0.000   6.821 0.000 0.084 0.000  0.397 0.000
194.25 195.25  136.83 0.000   2.00 0.000 9.999 0.259000 0.17 0.000000  0.063 0.000   1.865 0.000   2.611 0.000  23.175 0.000  12.496 0.000  10.679 0.000 0.090 0.000  0.936 0.000
197.25 198.25  154.02 0.000   0.57 0.000 9.999 0.259000 0.17 0.000000  0.114 0.000   1.079 0.000   1.511 0.000  24.629 0.000  15.841 0.000   8.788 0.000 0.091 0.000  0.705 0.000
200.25 201.25  212.84 0.000   1.46 0.000 0.054 0.000000 0.15 0.000000  0.104 0.000   2.546 0.000   3.565 0.000  31.953 0.000  19.221 0.000  12.732 0.000 0.108 0.000  0.837 0.000
203.25 204.25   27.15 0.000   0.85 0.000 9.999 0.259000 9.99 0.259000  0.042 0.000   1.036 0.000   1.450 0.000  12.589 0.000   7.765 0.000   4.824 0.000 0.022 0.000  0.385 0.000
206.25 207.25  260.96 0.000   2.29 0.000 9.999 0.259000 0.17 0.000000  0.085 0.559   2.354 0.000   3.295 0.000  31.659 0.000  15.856 0.000  15.803 0.000 0.123 0.000  1.340 0.559
209.25 210.25   45.01 0.000   1.42 0.000 9.999 0.259000 9.99 0.259000  0.061 0.000   2.387 0.000   3.342 0.000  18.354 0.000   8.155 0.000  10.199 0.000 0.044 0.000  0.923 0.000
212.25 213.25   47.22 0.000   0.89 0.000 9.999 0.259000 9.99 0.259000  0.051 0.559   2.485 0.000   3.479 0.000  16.848 0.000   8.920 0.000   7.928 0.000 0.067 0.000  0.414 0.559
215.25 216.25  177.77 0.000   0.52 0.000 9.999 0.259000 0.11 0.000000  0.087 0.559   1.889 0.000   2.644 0.000  21.943 0.000  11.819 0.000  10.123 0.000 0.088 0.000  0.636 0.559
218.25 219.25   40.11 0.000   1.81 0.000 9.999 0.259000 0.09 0.000000  0.070 0.559   1.416 0.000   1.983 0.000  21.409 0.000  11.254 0.000  10.154 0.000 0.031 0.000  1.257 0.559
221.25 222.25   44.48 0.000   1.50 0.000 9.999 0.259000 0.06 0.000000  0.052 0.000   2.513 0.000   3.518 0.000  25.204 0.000  13.167 0.000  12.037 0.000 0.037 0.000  1.166 0.000
224.25 225.25   41.30 0.000   1.58 0.000 0.109 0.000000 0.06 0.000000  0.065 0.000   1.861 0.000   2.605 0.000  21.762 0.000   8.703 0.000  13.059 0.000 0.043 0.000  1.826 0.000
227.25 228.25  144.58 0.000   1.01 0.000 9.999 0.259000 0.13 0.000000  0.060 0.000   1.025 0.000   1.435 0.000  19.629 0.000  10.864 0.000   8.765 0.000 0.074 0.000  0.833 0.000
230.25 231.25   67.47 0.000   0.97 0.000 9.999 0.259000 0.14 0.000000  0.036 0.559   1.871 0.000   2.620 0.000  22.432 0.000   9.707 0.000  12.725 0.000 0.050 0.000  1.489 0.559
233.25 234.25  101.44 0.000   1.58 0.000 9.999 0.259000 9.99 0.259000  0.068 0.559   4.568 0.000   6.395 0.000  36.368 0.000  22.200 0.000  14.168 0.000 0.106 0.000  0.787 0.559
236.25 237.25   68.24 0.000   1.16 0.000 9.999 0.259000 9.99 0.259000  0.044 0.000   3.792 0.000   5.309 0.000  30.909 0.000  13.579 0.000  17.330 0.000 0.093 0.000  1.779 0.000
239.25 240.25   42.10 0.000   0.62 0.000 0.031 0.000000 0.16 0.000000  0.045 0.559   1.651 0.000   2.312 0.000  17.140 0.000   8.076 0.000   9.065 0.000 0.043 0.000  1.042 0.559
242.25 243.25    6.36 0.000   0.61 0.000 9.999 0.259000 0.08 0.000000  0.016 0.559   0.646 0.000   0.904 0.000   3.777 0.000   1.157 0.000   2.619 0.000 0.012 0.000  0.247 0.559
245.25 246.25   29.09 0.000   1.80 0.000 9.999 0.259000 0.07 0.000000  0.185 0.000   1.820 0.000   2.548 0.000  15.196 0.000   5.813 0.000   9.383 0.000 0.030 0.000  1.170 0.000
248.25 249.25   36.36 0.000   1.23 0.000 9.999 0.259000 9.99 0.259000  0.040 0.000   1.487 0.000   2.081 0.000  16.149 0.000  10.587 0.000   5.562 0.000 0.025 0.000  0.406 0.000
251.25 252.25   34.87 0.000   0.99 0.000 9.999 0.259000 0.15 0.000000  0.095 0.000   3.483 0.000   4.876 0.000  32.424 0.000   9.210 0.000  23.214 0.000 0.054 0.000  3.439 0.000
254.25 255.25    8.92 0.000   0.62 0.000 9.999 0.259000 9.99 0.259000  0.064 0.000   0.910 0.000   1.274 0.000   5.178 0.000   2.289 0.000   2.888 0.000 0.013 0.000  0.204 0.000
257.25 258.25   14.97 0.000   0.83 0.000 9.999 0.259000 0.17 0.000000  0.015 0.559   0.888 0.000   1.244 0.000   7.399 0.000   4.572 0.000   2.827 0.000 0.009 0.000  0.183 0.559
260.25 261.25   10.87 0.000   1.06 0.000 9.999 0.259000 0.10 0.000000  0.018 0.000   1.697 0.000   2.376 0.000   9.523 0.000   3.165 0.000   6.358 0.000 0.026 0.000  0.528 0.000
263.25 264.25   28.79 0.000   1.05 0.000 9.999 0.259000 9.99 0.259000  0.075 0.000   1.612 0.000   2.257 0.000   9.107 0.000   2.379 0.000   6.727 0.000 0.035 0.000  0.548 0.000
266.25 267.25   28.71 0.000   0.76 0.000 0.040 0.000000 0.10 0.000000  0.035 0.559   1.254 0.000   1.755 0.000  18.640 0.000  10.708 0.000   7.932 0.000 0.038 0.000  0.827 0.559
