scripts/IMPROVE-2019_partial/data/US9042R.19990102080000.20191216000000.filterpack...1y.3d.US03L_filterpack_US9042_YOSE1.US03L_IMPROVE_Davis.lev2.nas
59 1001
MISSING INFORMATION
US03L, IMPROVE, , , , , , , 
MISSING INFORMATION
IMPROVE sel_HTAP
1 1
1999 01 01 2019 12 16
0
days from file reference point
4
1 1 1 1
999.999999 999.999 999.999 9.999
end_time of measurement, days from the file reference point
pm10_mass, ug/m3, Matrix=pm10
pm25_mass, ug/m3, Matrix=pm25
numflag, no unit
0
41
Data definition:              EBAS_1.1
Set type code:                TI
Timezone:                     UTC
File name:                    US9042R.19990102080000.20191216000000.filterpack...1y.3d.US03L_filterpack_US9042_YOSE1.US03L_IMPROVE_Davis.lev2.nas
File creation:                20191218120811
Startdate:                    19990102080000
Revision date:                20191216000000
Version:                      2
Version description:          "Data extracted from http://views.cira.colostate.edu/fed/DataWizard 2019-12-16"
Statistics:                   arithmetic mean
Data level:                   2
Period code:                  1y
Resolution code:              3d
Sample duration:              1d
Orig. time res.:              3d
Station code:                 US9042R
Platform code:                US9042S
Station name:                 Yosemite NP
Station WDCA-ID:              GAWAUSCAYOS
Station GAW-ID:               YOS
Station GAW-Name:             Yosemite NP - Turtleback Dome
Station state/province:       CA
Station land use:             Remote park
Station setting:              Mountain
Station GAW type:             C
Station WMO region:           4
Station latitude:             37.7133
Station longitude:            -119.7061
Station altitude:             1605.0 m
Regime:                       IMG
Component:                    
Unit:                         ug/m3
Matrix:                       
Laboratory code:              US03L
Instrument type:              filterpack
Instrument name:              filterpack_US9042_YOSE1
Method ref:                   US03L_IMPROVE_Davis
Blank correction:             Blank corrected
Volume std. temperature:      ambient
Volume std. pressure:         ambient
starttime endtime PM10 PM2.5 flag
  1.333333   2.333333   1.337   0.807 0.000
  5.333333   6.333333   2.237   1.342 0.000
  8.333333   9.333333   5.291   4.395 0.000
 12.333333  13.333333   9.549   7.453 0.000
 15.333333  16.333333   1.111   0.886 0.000
 19.333333  20.333333   1.628   0.412 0.000
 22.333333  23.333333   1.266   0.742 0.000
 26.333333  27.333333   1.228   1.026 0.000
 29.333333  30.333333   0.982   1.152 0.000
 33.333333  34.333333   7.050   3.143 0.000
 36.333333  37.333333   4.139   2.018 0.000
 40.333333  41.333333 999.999 999.999 0.999
 43.333333  44.333333   3.280   1.934 0.000
 47.333333  48.333333   1.202   0.547 0.000
 50.333333  51.333333   2.604   0.803 0.000
 54.333333  55.333333   5.290   2.538 0.000
 57.333333  58.333333   4.608   1.585 0.000
 61.333333  62.333333   8.305   2.612 0.000
 64.333333  65.333333  15.444   9.835 0.000
 68.333333  69.333333   2.649   1.494 0.000
 71.333333  72.333333   6.944   3.710 0.000
 75.333333  76.333333   4.910   3.175 0.000
 78.333333  79.333333   1.894   1.009 0.000
 82.333333  83.333333   8.178   2.706 0.000
 85.333333  86.333333   8.072   4.776 0.000
 89.333333  90.333333   4.188 999.999 0.000
 92.333333  93.333333   7.302   2.980 0.000
 96.333333  97.333333   2.908 999.999 0.000
 99.333333 100.333333   3.896   2.354 0.000
103.333333 104.333333   5.841   3.673 0.000
106.333333 107.333333   9.281   5.424 0.000
110.333333 111.333333   7.448   4.514 0.000
113.333333 114.333333   5.515   2.615 0.000
117.333333 118.333333   6.777   3.266 0.000
120.333333 121.333333  15.780   7.613 0.000
124.333333 125.333333  10.532   4.668 0.000
127.333333 128.333333  11.762   6.051 0.000
131.333333 132.333333  12.268   4.092 0.000
134.333333 135.333333   8.818   4.525 0.000
138.333333 139.333333  12.056   2.812 0.000
141.333333 142.333333   5.948   5.801 0.000
145.333333 146.333333  14.156   9.530 0.000
148.333333 149.333333  13.622   7.287 0.000
152.333333 153.333333   9.203   3.717 0.000
155.333333 156.333333  10.267   6.516 0.000
159.333333 160.333333   6.393   3.271 0.000
162.333333 163.333333   9.995   5.442 0.000
166.333333 167.333333  12.328   6.402 0.000
169.333333 170.333333  20.613   5.096 0.000
173.333333 174.333333  12.866   7.936 0.000
176.333333 177.333333   6.180   2.717 0.000
180.333333 181.333333   7.479   4.667 0.000
183.333333 184.333333   9.553   4.723 0.000
187.333333 188.333333  11.285   5.876 0.000
190.333333 191.333333  11.378   7.251 0.000
194.333333 195.333333  14.178   8.300 0.000
197.333333 198.333333  13.117   7.030 0.000
201.333333 202.333333   9.248   6.973 0.000
204.333333 205.333333  16.096  10.573 0.000
208.333333 209.333333  13.889   8.408 0.000
211.333333 212.333333   8.001   5.342 0.000
215.333333 216.333333   8.300   5.014 0.000
218.333333 219.333333   9.425   4.847 0.000
222.333333 223.333333  10.417   6.239 0.000
225.333333 226.333333   8.975   5.251 0.000
229.333333 230.333333  12.513   9.344 0.000
232.333333 233.333333  22.369  18.922 0.000
236.333333 237.333333  30.425  28.744 0.000
239.333333 240.333333  25.104  23.932 0.000
243.333333 244.333333  16.686  13.508 0.000
246.333333 247.333333  23.105  21.848 0.000
250.333333 251.333333  20.058  19.821 0.000
253.333333 254.333333  17.248  15.026 0.000
257.333333 258.333333 999.999 999.999 0.999
260.333333 261.333333  13.856   8.184 0.000
264.333333 265.333333  14.952  10.575 0.000
267.333333 268.333333  15.783  12.765 0.000
271.333333 272.333333  19.371  18.738 0.000
274.333333 275.333333  41.263  24.962 0.000
278.333333 279.333333   8.689   6.633 0.000
281.333333 282.333333  25.253  19.770 0.000
285.333333 286.333333  28.409  19.231 0.000
288.333333 289.333333  26.389  23.641 0.000
292.333333 293.333333  21.727  17.836 0.000
295.333333 296.333333  19.836  17.556 0.000
299.333333 300.333333  18.014  14.104 0.000
302.333333 303.333333   6.773   3.744 0.000
306.333333 307.333333   4.966   3.650 0.000
309.333333 310.333333  29.552  23.804 0.000
313.333333 314.333333   9.061   7.645 0.000
316.333333 317.333333   6.833   5.354 0.000
320.333333 321.333333   4.085   2.364 0.000
323.333333 324.333333   1.470   0.798 0.000
327.333333 328.333333   2.498   1.596 0.000
330.333333 331.333333   3.219   2.579 0.000
334.333333 335.333333   0.950   0.574 0.000
337.333333 338.333333   3.546   1.929 0.000
341.333333 342.333333   2.711   1.804 0.000
344.333333 345.333333   2.005   1.347 0.000
348.333333 349.333333   1.439   1.348 0.000
351.333333 352.333333   1.115   0.850 0.000
355.333333 356.333333   5.441   2.760 0.000
358.333333 359.333333   1.157   0.715 0.000
362.333333 363.333333 999.999 999.999 0.999
