scripts/IMPROVE-2019_partial/data/US9026R.20010113080000.20191216000000.filterpack..pm25.12mo.1w.US03L_filterpack_US9026.US03L_IMPROVE_Davis.lev2.nas
66 1001
MISSING INFORMATION
US03L, IMPROVE, , , , , , , 
MISSING INFORMATION
IMPROVE sel_HTAP
1 1
2001 01 01 2019 12 16
3.000000
days from file reference point
27
1 1 1 1 1 1 1 1 1 1 1 1 1 1 1 1 1 1 1 1 1 1 1 1 1 1 1
999.999999 9999.99 9.999 99.99 9.999999 9.999 9.999999 9.99 9.999999 9.999 9.999 999.999 9.999 999.999 9.999 99.99 9.999999 999.999 9.999 999.999 9.999 999.999 9.999 99.999 9.999999 9.999 9.999
end_time of measurement, days from the file reference point
iron, ng/m3, Revision date=20181210133000
numflag iron, no unit, Revision date=20181210133000
lead, ng/m3, Revision date=20181210133000
numflag lead, no unit, Revision date=20181210133000
magnesium, ug/m3, Revision date=20181210133000
numflag magnesium, no unit, Revision date=20181210133000
nickel, ng/m3, Revision date=20181210133000
numflag nickel, no unit, Revision date=20181210133000
nitrate, ug N/m3, Revision date=20181210133000
numflag nitrate, no unit, Revision date=20181210133000
organic_carbon, ug C/m3, Revision date=20181210133000
numflag organic_carbon, no unit, Revision date=20181210133000
organic_mass, ug/m3, Revision date=20181210133000
numflag organic_mass, no unit, Revision date=20181210133000
phosphorus, ng/m3, Revision date=20181210133000
numflag phosphorus, no unit, Revision date=20181210133000
pm10_mass, ug/m3, Version=2, Version description=Data extracted from http://views.cira.colostate.edu/fed/DataWizard 2019-12-16, Sample duration=1d, Orig. time res.=3d, Matrix=pm10, Blank correction=Blank corrected, Volume std. temperature=ambient, Volume std. pressure=ambient
numflag pm10_mass, no unit, Version=2, Version description=Data extracted from http://views.cira.colostate.edu/fed/DataWizard 2019-12-16, Sample duration=1d, Orig. time res.=3d, Matrix=pm10, Blank correction=Blank corrected, Volume std. temperature=ambient, Volume std. pressure=ambient
pm10_pm25_mass, ug/m3, Revision date=20181210133000, Matrix=pm10_pm25
numflag pm10_pm25_mass, no unit, Revision date=20181210133000, Matrix=pm10_pm25
pm25_mass, ug/m3, Version=2, Version description=Data extracted from http://views.cira.colostate.edu/fed/DataWizard 2019-12-16, Sample duration=1d, Orig. time res.=3d, Blank correction=Blank corrected, Volume std. temperature=ambient, Volume std. pressure=ambient
numflag pm25_mass, no unit, Version=2, Version description=Data extracted from http://views.cira.colostate.edu/fed/DataWizard 2019-12-16, Sample duration=1d, Orig. time res.=3d, Blank correction=Blank corrected, Volume std. temperature=ambient, Volume std. pressure=ambient
potassium, ug/m3, Revision date=20181210133000
numflag potassium, no unit, Revision date=20181210133000
sulphate_total, ug S/m3, Revision date=20181210133000
numflag sulphate_total, no unit, Revision date=20181210133000
0
25
Data definition:              EBAS_1.1
Set type code:                TU
Timezone:                     UTC
File name:                    US9026R.20010113080000.20191216000000.filterpack..pm25.12mo.1w.US03L_filterpack_US9026.US03L_IMPROVE_Davis.lev2.nas
File creation:                20191218120654
Startdate:                    20010113080000
Revision date:                20191216000000
Statistics:                   arithmetic mean
Data level:                   2
Period code:                  12mo
Resolution code:              1w
Station code:                 US9026R
Platform code:                US9026S
Station name:                 Pasayten
Station latitude:             48.3877
Station longitude:            -119.9275
Station altitude:             1627.0 m
Regime:                       IMG
Component:                    
Matrix:                       pm25
Laboratory code:              US03L
Instrument type:              filterpack
Instrument name:              filterpack_US9026
Method ref:                   US03L_IMPROVE_Davis
starttime endtime Fe flag_Fe Pb flag_Pb Mg++ flag_Mg++ Ni flag_Ni NO3- flag_NO3- OC flag_OC OM flag_OM P flag_P PM10 flag_PM10 PM10-PM2.5 flag_PM10-PM2.5 PM2.5 flag_PM2.5 K+ flag_K+ SO4-- flag_SO4--
[from data line 79]
249.333333 250.333333   13.12 0.000 99.99 0.259000 9.999 0.259000 9.99 0.259000 0.015 0.000   0.144 0.000   0.201 0.000 99.99 0.259000   3.131 0.000   1.326 0.000   1.805 0.000 99.999 0.259000 0.138 0.000
252.333333 253.333333   16.43 0.000  0.19 0.000000 9.999 0.259000 9.99 0.259000 0.011 0.000   0.521 0.000   0.730 0.000 99.99 0.259000   3.552 0.000   1.475 0.000   2.077 0.000  0.010 0.000000 0.083 0.000
255.333333 256.333333   39.50 0.000  0.25 0.000000 9.999 0.259000 9.99 0.259000 0.008 0.000   1.024 0.000   1.433 0.000 99.99 0.259000   5.907 0.000   2.559 0.000   3.348 0.000  0.025 0.000000 0.059 0.000
258.333333 259.333333   32.58 0.000  0.41 0.000000 9.999 0.259000 9.99 0.259000 0.012 0.000   1.928 0.000   2.699 0.000 99.99 0.259000   6.904 0.000   1.704 0.000   5.200 0.000  0.029 0.000000 0.102 0.000
261.333333 262.333333   12.50 0.000  0.27 0.000000 9.999 0.259000 0.57 0.000000 0.017 0.000   2.400 0.000   3.360 0.000 99.99 0.259000   7.854 0.000   3.460 0.000   4.394 0.000  0.018 0.000000 0.068 0.000
264.333333 265.333333   52.96 0.000  0.65 0.000000 9.999 0.259000 0.12 0.000000 0.018 0.000   1.106 0.000   1.549 0.000 99.99 0.259000   9.574 0.000   6.040 0.000   3.535 0.000  0.020 0.000000 0.152 0.000
267.333333 268.333333  334.02 0.559  0.75 0.559000 9.999 0.559259 0.13 0.559000 0.036 0.000   2.650 0.000   3.709 0.000 99.99 0.559259  38.451 0.000  26.371 0.000  12.080 0.559  0.123 0.559000 0.197 0.000
270.333333 271.333333   36.74 0.000  0.35 0.000000 9.999 0.259000 0.32 0.000000 0.021 0.000   0.778 0.000   1.089 0.000 99.99 0.259000   3.041 0.000   1.031 0.000   2.010 0.000  0.015 0.000000 0.074 0.000
273.333333 274.333333   39.73 0.000  0.72 0.000000 9.999 0.259000 0.11 0.000000 0.017 0.000   0.919 0.000   1.287 0.000 99.99 0.259000   5.392 0.000   2.627 0.000   2.765 0.000  0.018 0.000000 0.123 0.000
276.333333 277.333333   34.74 0.000  0.33 0.000000 9.999 0.259000 0.14 0.000000 0.010 0.559   0.778 0.000   1.089 0.000 99.99 0.259000   3.059 0.000   0.653 0.000   2.406 0.000  0.030 0.000000 0.100 0.559
279.333333 280.333333   36.88 0.000  0.68 0.000000 9.999 0.259000 0.34 0.000000 0.025 0.000   1.272 0.000   1.781 0.000 99.99 0.259000   6.362 0.000   1.743 0.000   4.619 0.000  0.023 0.000000 0.327 0.000
282.333333 283.333333   36.94 0.000  0.24 0.000000 9.999 0.259000 0.37 0.000000 0.053 0.000   0.352 0.000   0.492 0.000 99.99 0.259000   3.202 0.000   0.753 0.000   2.449 0.000  0.024 0.000000 0.172 0.000
285.333333 286.333333   23.68 0.000  0.70 0.000000 9.999 0.259000 0.15 0.000000 0.033 0.000   0.452 0.000   0.632 0.000 99.99 0.259000   4.051 0.000   1.403 0.000   2.648 0.000  0.031 0.000000 0.187 0.000
288.333333 289.333333   22.15 0.000  1.08 0.000000 9.999 0.259000 0.12 0.000000 0.072 0.000   1.480 0.000   2.073 0.000 99.99 0.259000   5.918 0.000   2.396 0.000   3.522 0.000  0.030 0.000000 0.081 0.000
291.333333 292.333333   11.77 0.394  0.20 0.394000 9.999 0.394259 9.99 0.394259 0.004 0.394 999.999 0.259 999.999 0.259 99.99 0.394259   1.348 0.000   1.031 0.000   0.317 0.000  0.006 0.394000 0.039 0.394
294.333333 295.333333    4.75 0.394 99.99 0.394259 0.005 0.394000 9.99 0.394259 0.014 0.394   0.319 0.000   0.447 0.000 99.99 0.394259   0.775 0.000   0.036 0.000   0.739 0.000  0.005 0.394000 0.020 0.394
297.333333 298.333333    0.77 0.000  0.18 0.000000 0.004 0.000000 0.94 0.000000 0.005 0.000   0.105 0.000   0.146 0.000  5.41 0.000000   0.125 0.000   0.007 0.000   0.118 0.000  0.005 0.000000 0.008 0.000
300.333333 301.333333    5.55 0.000  0.41 0.000000 9.999 0.259000 0.08 0.000000 0.018 0.000   0.343 0.000   0.480 0.000 99.99 0.259000   1.663 0.000   0.466 0.000   1.197 0.000  0.016 0.000000 0.064 0.000
303.333333 304.333333    1.42 0.000  0.14 0.000000 0.003 0.000000 9.99 0.259000 0.005 0.000   0.294 0.000   0.412 0.000 99.99 0.259000   0.832 0.000   0.228 0.000   0.604 0.000  0.006 0.000000 0.020 0.000
306.333333 307.333333    4.32 0.000  0.36 0.000000 9.999 0.259000 9.99 0.259000 0.184 0.000   1.257 0.000   1.760 0.000 99.99 0.259000   3.679 0.000   0.207 0.000   3.472 0.000  0.018 0.000000 0.204 0.000
309.333333 310.333333    1.01 0.000  0.17 0.000000 9.999 0.259000 0.04 0.000000 0.009 0.000   0.245 0.000   0.344 0.000 99.99 0.259000   0.840 0.000   0.235 0.000   0.605 0.000  0.005 0.000000 0.033 0.000
312.333333 313.333333   10.26 0.000  0.68 0.000000 9.999 0.259000 9.99 0.259000 0.138 0.000   2.135 0.000   2.990 0.000 99.99 0.259000   6.529 0.000   1.498 0.000   5.031 0.000  0.029 0.000000 0.141 0.000
315.333333 316.333333   16.93 0.000  1.38 0.000000 9.999 0.259000 9.99 0.259000 0.278 0.000   2.654 0.000   3.715 0.000 99.99 0.259000   7.984 0.000   1.970 0.000   6.014 0.000  0.032 0.000000 0.217 0.000
318.333333 319.333333    5.00 0.000  0.25 0.000000 9.999 0.259000 9.99 0.259000 0.055 0.000   0.696 0.000   0.974 0.000 99.99 0.259000   1.663 0.000 999.999 0.259   1.714 0.000  0.010 0.000000 0.065 0.000
321.333333 322.333333    1.97 0.000  0.61 0.000000 0.004 0.000000 0.05 0.000000 0.012 0.000   0.569 0.000   0.796 0.000 99.99 0.259000   1.788 0.000   0.235 0.000   1.553 0.000  0.014 0.000000 0.076 0.000
324.333333 325.333333    0.39 0.000  0.12 0.000000 9.999 0.259000 9.99 0.259000 0.009 0.000   0.002 0.000   0.002 0.000 99.99 0.259000   0.333 0.000   0.102 0.000   0.231 0.000  0.002 0.000000 0.007 0.000
327.333333 328.333333    1.99 0.000  0.16 0.000000 9.999 0.259000 0.04 0.000000 0.033 0.000   0.217 0.000   0.304 0.000 99.99 0.259000   0.915 0.000   0.058 0.000   0.857 0.000  0.003 0.000000 0.043 0.000
330.333333 331.333333    0.86 0.000  0.15 0.000000 9.999 0.259000 9.99 0.259000 0.016 0.559   0.090 0.000   0.126 0.000  7.83 0.000000   0.840 0.000   0.097 0.000   0.743 0.000 99.999 0.259000 0.064 0.559
333.333333 334.333333    2.48 0.000  0.17 0.000000 9.999 0.259000 9.99 0.259000 0.009 0.000   0.004 0.000   0.006 0.000 99.99 0.259000   0.377 0.000   0.023 0.000   0.353 0.000  0.008 0.000000 0.017 0.000
336.333333 337.333333    2.57 0.000 99.99 0.259000 9.999 0.259000 9.99 0.259000 0.014 0.000   0.129 0.000   0.180 0.000 99.99 0.259000   0.832 0.000   0.152 0.000   0.680 0.000  0.006 0.000000 0.056 0.000
339.333333 340.333333    0.88 0.000  0.22 0.000000 9.999 0.259000 9.99 0.259000 0.009 0.000   0.057 0.000   0.080 0.000 99.99 0.259000   0.502 0.000   0.116 0.000   0.386 0.000 99.999 0.259000 0.054 0.000
342.333333 343.333333    1.90 0.000  0.17 0.000000 9.999 0.259000 9.99 0.259000 0.015 0.000   0.007 0.000   0.010 0.000 99.99 0.259000   0.627 0.000   0.180 0.000   0.447 0.000  0.003 0.000000 0.052 0.000
345.333333 346.333333    0.91 0.000 99.99 0.259000 9.999 0.259000 9.99 0.259000 0.012 0.000   0.121 0.000   0.169 0.000 99.99 0.259000   0.295 0.000 999.999 0.259   0.329 0.000  0.005 0.000000 0.021 0.000
348.333333 349.333333    1.55 0.000 99.99 0.259000 9.999 0.259000 9.99 0.259000 0.019 0.000   0.091 0.000   0.127 0.000 99.99 0.259000   0.627 0.000   0.093 0.000   0.534 0.000  0.003 0.000000 0.027 0.000
351.333333 352.333333    1.80 0.000  0.21 0.000000 9.999 0.259000 9.99 0.259000 0.025 0.559   0.077 0.000   0.109 0.000 99.99 0.259000   1.021 0.000   0.418 0.000   0.602 0.000  0.005 0.000000 0.024 0.559
354.333333 355.333333    1.22 0.000  0.19 0.000000 9.999 0.259000 9.99 0.259000 0.009 0.559   0.177 0.000   0.247 0.000 99.99 0.259000   0.333 0.000   0.069 0.000   0.264 0.000  0.003 0.000000 0.015 0.559
357.333333 358.333333 9999.99 0.999 99.99 0.999000 9.999 0.999000 9.99 0.999000 9.999 0.999 999.999 0.999 999.999 0.999 99.99 0.999000 999.999 0.999 999.999 0.999 999.999 0.999 99.999 0.999000 9.999 0.999
360.333333 361.333333 9999.99 0.999 99.99 0.999000 9.999 0.999000 9.99 0.999000 9.999 0.999 999.999 0.999 999.999 0.999 99.99 0.999000 999.999 0.999 999.999 0.999 999.999 0.999 99.999 0.999000 9.999 0.999
363.333333 364.333333 9999.99 0.999 99.99 0.999000 9.999 0.999000 9.99 0.999000 9.999 0.999 999.999 0.999 999.999 0.999 99.99 0.999000 999.999 0.999 999.999 0.999 999.999 0.999 99.999 0.999000 9.999 0.999
