scripts/IMPROVE-2019_partial/data/US9062R.20030103060000.20191216000000.filterpack..pm25.1y.1w.US03L_filterpack_US9062.US03L_IMPROVE_Davis.lev2.nas
64 1001
MISSING INFORMATION
US03L, IMPROVE, , , , , , , 
MISSING INFORMATION
IMPROVE sel_HTAP
1 1
2003 01 01 2019 12 16
3.00
days from file reference point
25
1 1 1 1 1 1 1 1 1 1 1 1 1 1 1 1 1 1 1 1 1 1 1 1 1
999.99 9999.99 9.999 99.99 9.999999 9.999 9.999999 99.99 9.999999 99.999 9.999 99.999 9.999 99.999 9.999 999.999 9.999 999.999 9.999 999.999 9.999 9.999 9.999 99.999 9.999
end_time of measurement, days from the file reference point
iron, ng/m3, Revision date=20181210133000
numflag iron, no unit, Revision date=20181210133000
lead, ng/m3, Revision date=20181210133000
numflag lead, no unit, Revision date=20181210133000
magnesium, ug/m3, Revision date=20181210133000
numflag magnesium, no unit, Revision date=20181210133000
nickel, ng/m3, Revision date=20181210133000
numflag nickel, no unit, Revision date=20181210133000
nitrate, ug N/m3, Revision date=20181210133000
numflag nitrate, no unit, Revision date=20181210133000
organic_carbon, ug C/m3, Revision date=20181210133000
numflag organic_carbon, no unit, Revision date=20181210133000
organic_mass, ug/m3, Revision date=20181210133000
numflag organic_mass, no unit, Revision date=20181210133000
pm10_mass, ug/m3, Version=2, Version description=Data extracted from http://views.cira.colostate.edu/fed/DataWizard 2019-12-16, Sample duration=1d, Orig. time res.=3d, Matrix=pm10, Blank correction=Blank corrected, Volume std. temperature=ambient, Volume std. pressure=ambient
numflag pm10_mass, no unit, Version=2, Version description=Data extracted from http://views.cira.colostate.edu/fed/DataWizard 2019-12-16, Sample duration=1d, Orig. time res.=3d, Matrix=pm10, Blank correction=Blank corrected, Volume std. temperature=ambient, Volume std. pressure=ambient
pm10_pm25_mass, ug/m3, Revision date=20181210133000, Matrix=pm10_pm25
numflag pm10_pm25_mass, no unit, Revision date=20181210133000, Matrix=pm10_pm25
pm25_mass, ug/m3, Version=2, Version description=Data extracted from http://views.cira.colostate.edu/fed/DataWizard 2019-12-16, Sample duration=1d, Orig. time res.=3d, Blank correction=Blank corrected, Volume std. temperature=ambient, Volume std. pressure=ambient
numflag pm25_mass, no unit, Version=2, Version description=Data extracted from http://views.cira.colostate.edu/fed/DataWizard 2019-12-16, Sample duration=1d, Orig. time res.=3d, Blank correction=Blank corrected, Volume std. temperature=ambient, Volume std. pressure=ambient
potassium, ug/m3, Revision date=20181210133000
numflag potassium, no unit, Revision date=20181210133000
sulphate_total, ug S/m3, Revision date=20181210133000
numflag sulphate_total, no unit, Revision date=20181210133000
0
25
Data definition:              EBAS_1.1
Set type code:                TU
Timezone:                     UTC
File name:                    US9062R.20030103060000.20191216000000.filterpack..pm25.1y.1w.US03L_filterpack_US9062.US03L_IMPROVE_Davis.lev2.nas
File creation:                20191218120938
Startdate:                    20030103060000
Revision date:                20191216000000
Statistics:                   arithmetic mean
Data level:                   2
Period code:                  1y
Resolution code:              1w
Station code:                 US9062R
Platform code:                US9062S
Station name:                 Voyageurs NP #2
Station latitude:             48.4126
Station longitude:            -92.8286
Station altitude:             429.0 m
Regime:                       IMG
Component:                    
Matrix:                       pm25
Laboratory code:              US03L
Instrument type:              filterpack
Instrument name:              filterpack_US9062
Method ref:                   US03L_IMPROVE_Davis
starttime endtime Fe flag_Fe Pb flag_Pb Mg++ flag_Mg++ Ni flag_Ni NO3- flag_NO3- OC flag_OC OM flag_OM PM10 flag_PM10 PM10-PM2.5 flag_PM10-PM2.5 PM2.5 flag_PM2.5 K+ flag_K+ SO4-- flag_SO4--
  2.25   3.25   82.33 0.559  0.88 0.559000 9.999 0.559259 99.99 0.559259  0.087 0.000  1.072 0.000  1.500 0.000   4.573 0.000   2.287 0.000   2.286 0.559 0.036 0.559  0.113 0.000
  5.25   6.25    1.94 0.000  0.35 0.000000 9.999 0.259000 99.99 0.259000  0.090 0.000  0.580 0.000  0.812 0.000   2.879 0.000   0.498 0.000   2.382 0.000 0.016 0.000  0.368 0.000
  8.25   9.25    1.39 0.000  0.20 0.000000 9.999 0.259000  0.04 0.000000  0.023 0.000  0.394 0.000  0.552 0.000   2.329 0.000   1.119 0.000   1.210 0.000 0.009 0.000  0.165 0.000
 11.25  12.25   21.08 0.000  0.61 0.000000 0.018 0.000000 99.99 0.259000  0.186 0.000  0.626 0.000  0.877 0.000   4.072 0.000   1.324 0.000   2.749 0.000 0.028 0.000  0.173 0.000
 14.25  15.25    8.32 0.559  1.15 0.559000 9.999 0.559259  0.08 0.559000  0.104 0.000  0.645 0.000  0.903 0.000   3.962 0.000   1.787 0.000   2.175 0.559 0.036 0.559  0.185 0.000
 17.25  18.25    3.64 0.000  0.51 0.000000 9.999 0.259000  0.06 0.000000  0.035 0.000  0.546 0.000  0.765 0.000   2.641 0.000   0.898 0.000   1.743 0.000 0.018 0.000  0.271 0.000
 20.25  21.25    5.70 0.559  0.77 0.559000 0.012 0.559000 99.99 0.559259  0.071 0.000  0.599 0.000  0.838 0.000   3.531 0.000   1.316 0.000   2.215 0.559 0.027 0.559  0.235 0.000
 23.25  24.25   37.04 0.000  1.33 0.000000 9.999 0.259000  0.04 0.000000  0.240 0.000  0.946 0.000  1.325 0.000   7.243 0.000   2.837 0.000   4.406 0.000 0.049 0.000  0.339 0.000
 26.25  27.25   55.50 0.000  1.41 0.000000 9.999 0.259000 99.99 0.259000  0.308 0.000  0.875 0.000  1.225 0.000  10.949 0.000   6.064 0.000   4.885 0.000 0.034 0.000  0.419 0.000
 29.25  30.25    4.69 0.000  0.93 0.000000 9.999 0.259000  0.03 0.000000  0.479 0.000  0.858 0.000  1.201 0.000   6.859 0.000   0.894 0.000   5.965 0.000 0.017 0.000  0.699 0.000
 32.25  33.25    9.76 0.000  0.50 0.000000 0.018 0.000000 99.99 0.259000  0.063 0.000  0.962 0.000  1.346 0.000   5.093 0.000   0.132 0.000   4.960 0.000 0.030 0.000  0.845 0.000
 35.25  36.25    3.11 0.000  0.53 0.000000 0.022 0.000000 99.99 0.259000  0.102 0.000  0.554 0.000  0.775 0.000   2.599 0.000   0.644 0.000   1.955 0.000 0.020 0.000  0.173 0.000
 38.25  39.25    5.41 0.000  1.00 0.000000 9.999 0.259000  0.10 0.000000  0.036 0.000  0.416 0.000  0.583 0.000   2.443 0.000   0.922 0.000   1.521 0.000 0.014 0.000  0.256 0.000
 41.25  42.25    9.24 0.559  2.53 0.559000 0.022 0.559000 99.99 0.559259  0.135 0.000  0.575 0.000  0.805 0.000   5.501 0.000   2.238 0.000   3.263 0.559 0.034 0.559  0.370 0.000
 44.25  45.25    3.87 0.559  1.21 0.559000 0.017 0.559000  0.05 0.559000  0.033 0.000  0.426 0.000  0.596 0.000   2.556 0.000   0.701 0.000   1.856 0.559 0.013 0.559  0.324 0.000
 47.25  48.25   45.38 0.000  1.69 0.000000 0.015 0.000000  0.08 0.000000  0.287 0.000  0.776 0.000  1.087 0.000   7.576 0.000   3.666 0.000   3.910 0.000 0.022 0.000  0.241 0.000
 50.25  51.25    5.36 0.000  1.02 0.000000 0.012 0.000000 99.99 0.259000  0.325 0.000  0.773 0.000  1.082 0.000   5.081 0.000   0.944 0.000   4.137 0.000 0.022 0.000  0.544 0.000
 53.25  54.25    5.65 0.559  1.49 0.559000 9.999 0.559259  0.11 0.559000  0.018 0.000  0.542 0.000  0.759 0.000   2.786 0.000   0.414 0.000   2.372 0.559 0.020 0.559  0.403 0.000
 56.25  57.25   17.55 0.000  1.61 0.000000 0.010 0.000000 99.99 0.259000  0.961 0.000  1.013 0.000  1.419 0.000  12.534 0.000   3.432 0.000   9.102 0.000 0.037 0.000  0.577 0.000
 59.25  60.25   11.24 0.000  1.21 0.000000 9.999 0.259000 99.99 0.259000  0.269 0.000  1.261 0.000  1.765 0.000   6.182 0.000   1.827 0.000   4.355 0.000 0.032 0.000  0.452 0.000
 62.25  63.25   16.50 0.559  2.20 0.559000 9.999 0.559259  0.08 0.559000  0.073 0.000  0.929 0.000  1.301 0.000   4.332 0.000   1.011 0.000   3.321 0.559 0.039 0.559  0.477 0.000
 65.25  66.25   16.58 0.000  2.81 0.000000 9.999 0.259000  0.14 0.000000  0.113 0.000  0.791 0.000  1.108 0.000   4.758 0.000   1.112 0.000   3.646 0.000 0.034 0.000  0.547 0.000
 68.25  69.25   26.42 0.000  1.76 0.000000 9.999 0.259000  0.10 0.000000  0.196 0.000  0.735 0.000  1.029 0.000   6.220 0.000   2.277 0.000   3.943 0.000 0.042 0.000  0.428 0.000
 71.25  72.25   28.31 0.000  1.24 0.000000 9.999 0.259000  0.07 0.000000  0.091 0.000  0.541 0.000  0.758 0.000   4.150 0.000   1.659 0.000   2.491 0.000 0.022 0.000  0.336 0.000
 74.25  75.25   30.72 0.559  2.20 0.559000 9.999 0.559259 99.99 0.559259  0.935 0.559  1.794 0.000  2.511 0.000  11.504 0.000   1.326 0.000  10.178 0.559 0.051 0.559  0.817 0.559
 77.25  78.25   15.81 0.000  1.83 0.000000 0.026 0.000000  0.09 0.000000  0.098 0.000  0.911 0.000  1.275 0.000   6.066 0.000   1.123 0.000   4.943 0.000 0.038 0.000  0.744 0.000
 80.25  81.25   22.78 0.000  3.91 0.000000 0.013 0.000000  0.10 0.000000  0.044 0.000  1.028 0.000  1.439 0.000   7.610 0.000   1.632 0.000   5.978 0.000 0.035 0.000  0.963 0.000
 83.25  84.25    3.46 0.559  0.46 0.559000 0.026 0.559000 99.99 0.559259  0.023 0.000  0.378 0.000  0.529 0.000   2.959 0.000   0.278 0.000   2.681 0.559 0.008 0.559  0.540 0.000
 86.25  87.25    5.70 0.559  0.77 0.559000 0.008 0.559000  0.05 0.559000  0.036 0.000  0.381 0.000  0.534 0.000   2.567 0.000   0.880 0.000   1.687 0.559 0.011 0.559  0.314 0.000
 89.25  90.25   29.75 0.000  1.38 0.000000 9.999 0.259000  0.11 0.000000  0.206 0.000  0.769 0.000  1.077 0.000   5.892 0.000   1.451 0.000   4.441 0.000 0.030 0.000  0.653 0.000
 92.25  93.25   16.38 0.000  1.00 0.000000 0.010 0.000000  0.09 0.000000  0.016 0.000  0.296 0.000  0.415 0.000   4.234 0.000   2.213 0.000   2.022 0.000 0.017 0.000  0.320 0.000
 95.25  96.25   50.00 0.000  1.22 0.000000 9.999 0.259000  0.06 0.000000  0.048 0.000  0.447 0.000  0.626 0.000   4.630 0.000   1.931 0.000   2.699 0.000 0.035 0.000  0.344 0.000
 98.25  99.25   26.42 0.000  1.72 0.000000 9.999 0.259000  0.06 0.000000  0.214 0.000  0.834 0.000  1.168 0.000   6.196 0.000   2.972 0.000   3.224 0.000 0.032 0.000  0.302 0.000
101.25 102.25    5.43 0.000  0.35 0.000000 9.999 0.259000  0.06 0.000000  0.013 0.000  0.543 0.000  0.761 0.000   2.845 0.000   0.356 0.000   2.489 0.000 0.008 0.000  0.396 0.000
104.25 105.25    5.21 0.000  0.34 0.000000 9.999 0.259000  0.04 0.000000  0.010 0.559  0.491 0.000  0.687 0.000   2.240 0.000   0.537 0.000   1.703 0.000 0.009 0.000  0.215 0.559
107.25 108.25   23.48 0.000  1.44 0.000000 0.009 0.000000 99.99 0.259000  0.072 0.559  0.715 0.000  1.000 0.000   3.389 0.000   0.461 0.000   2.927 0.000 0.019 0.000  0.347 0.559
110.25 111.25   12.30 0.000  0.44 0.000000 9.999 0.259000 99.99 0.259000  0.007 0.000  0.470 0.000  0.658 0.000   2.911 0.000   0.647 0.000   2.264 0.000 0.014 0.000  0.322 0.000
113.25 114.25   56.15 0.000  1.39 0.000000 9.999 0.259000  0.03 0.000000  0.101 0.000  1.277 0.000  1.788 0.000   7.901 0.000   3.292 0.000   4.609 0.000 0.044 0.000  0.404 0.000
116.25 117.25   37.42 0.000  1.04 0.000000 9.999 0.259000  0.06 0.000000  0.052 0.000  1.111 0.000  1.556 0.000   8.143 0.000   4.184 0.000   3.960 0.000 0.037 0.000  0.375 0.000
119.25 120.25   34.86 0.000  0.89 0.000000 9.999 0.259000 99.99 0.259000  0.073 0.559  1.192 0.000  1.669 0.000   7.942 0.000   3.103 0.000   4.839 0.000 0.055 0.000  0.486 0.559
122.25 123.25  125.07 0.000  1.76 0.000000 9.999 0.259000 99.99 0.259000  0.061 0.000  1.054 0.000  1.476 0.000   9.564 0.000   4.195 0.000   5.369 0.000 0.068 0.000  0.430 0.000
125.25 126.25   34.76 0.000  2.16 0.000000 9.999 0.259000  0.16 0.000000  0.028 0.000  1.810 0.000  2.534 0.000   9.791 0.000   2.316 0.000   7.475 0.000 0.045 0.000  0.794 0.000
128.25 129.25   17.61 0.000  0.75 0.000000 9.999 0.259000 99.99 0.259000  0.010 0.559  0.725 0.000  1.014 0.000   4.560 0.000   1.490 0.000   3.070 0.000 0.020 0.000  0.292 0.559
131.25 132.25   17.30 0.000  0.65 0.000000 9.999 0.259000  0.06 0.000000  0.008 0.000  1.302 0.000  1.823 0.000   5.156 0.000   1.275 0.000   3.882 0.000 0.022 0.000  0.348 0.000
134.25 135.25   33.70 0.000  0.99 0.000000 9.999 0.259000 99.99 0.259000  0.015 0.000  2.066 0.000  2.892 0.000   7.606 0.000   2.235 0.000   5.370 0.000 0.035 0.000  0.394 0.000
137.25 138.25   64.71 0.559  2.55 0.559000 9.999 0.559259  0.11 0.559000  0.045 0.000  1.986 0.000  2.781 0.000  21.453 0.000   4.520 0.000  16.933 0.559 0.055 0.559  3.248 0.000
140.25 141.25   10.98 0.000  0.71 0.000000 9.999 0.259000 99.99 0.259000  0.023 0.000  1.318 0.000  1.845 0.000   7.194 0.000   3.636 0.000   3.558 0.000 0.021 0.000  0.297 0.000
143.25 144.25   21.35 0.000  0.88 0.000000 9.999 0.259000 99.99 0.259000  0.017 0.000  1.679 0.000  2.350 0.000   6.903 0.000   2.349 0.000   4.554 0.000 0.028 0.000  0.307 0.000
146.25 147.25   30.60 0.000  1.36 0.000000 9.999 0.259000 99.99 0.259000  0.041 0.000  3.774 0.000  5.284 0.000  16.458 0.000   7.341 0.000   9.117 0.000 0.035 0.000  0.504 0.000
149.25 150.25   11.61 0.000  0.49 0.000000 9.999 0.259000  0.05 0.000000  0.023 0.000  1.767 0.000  2.473 0.000   8.857 0.000   4.460 0.000   4.397 0.000 0.019 0.000  0.257 0.000
152.25 153.25   20.83 0.699  1.17 0.699000 0.043 0.699000 99.99 0.699259  0.019 0.000  3.992 0.000  5.589 0.000  12.607 0.000   2.673 0.000   9.935 0.699 0.047 0.699  0.391 0.000
155.25 156.25   27.04 0.000  1.44 0.000000 9.999 0.259000 99.99 0.259000  0.030 0.000  3.655 0.000  5.116 0.000  14.716 0.000   3.431 0.000  11.285 0.000 0.049 0.000  0.843 0.000
158.25 159.25    7.77 0.000  0.38 0.000000 9.999 0.259000 99.99 0.259000  0.010 0.000  1.704 0.000  2.386 0.000   6.655 0.000   2.556 0.000   4.099 0.000 0.016 0.000  0.219 0.000
161.25 162.25   12.22 0.000  0.52 0.000000 9.999 0.259000 99.99 0.259000  0.015 0.000  1.915 0.000  2.680 0.000   7.232 0.000   3.324 0.000   3.908 0.000 0.014 0.000  0.154 0.000
164.25 165.25    6.26 0.000  0.39 0.000000 0.073 0.000000 99.99 0.259000  0.022 0.000  2.420 0.000  3.387 0.000   9.177 0.000   3.186 0.000   5.991 0.000 0.016 0.000  0.522 0.000
167.25 168.25   30.42 0.000  0.85 0.000000 9.999 0.259000 99.99 0.259000  0.023 0.000  2.170 0.000  3.037 0.000  10.339 0.000   4.207 0.000   6.133 0.000 0.025 0.000  0.507 0.000
170.25 171.25   38.61 0.000  0.68 0.000000 9.999 0.259000 99.99 0.259000  0.015 0.000  1.953 0.000  2.735 0.000  12.245 0.000   7.676 0.000   4.569 0.000 0.029 0.000  0.186 0.000
173.25 174.25   30.41 0.000  1.06 0.000000 9.999 0.259000  0.06 0.000000  0.033 0.000  1.890 0.000  2.645 0.000  10.643 0.000   2.561 0.000   8.081 0.000 0.033 0.000  1.050 0.000
176.25 177.25 9999.99 0.999 99.99 0.999000 9.999 0.999000 99.99 0.999000 99.999 0.999 99.999 0.999 99.999 0.999 999.999 0.999 999.999 0.999 999.999 0.999 9.999 0.999 99.999 0.999
179.25 180.25 9999.99 0.999 99.99 0.999000 9.999 0.999000 99.99 0.999000 99.999 0.999 99.999 0.999 99.999 0.999 999.999 0.999 999.999 0.999 999.999 0.999 9.999 0.999 99.999 0.999
182.25 183.25 9999.99 0.999 99.99 0.999000 9.999 0.999000 99.99 0.999000 99.999 0.999 99.999 0.999 99.999 0.999 999.999 0.999 999.999 0.999 999.999 0.999 9.999 0.999 99.999 0.999
185.25 186.25   14.66 0.000  0.94 0.000000 0.048 0.000000 99.99 0.259000  0.018 0.000  1.379 0.000  1.931 0.000   8.465 0.000   4.621 0.000   3.844 0.000 0.057 0.000  0.184 0.000
188.25 189.25 9999.99 0.999 99.99 0.999000 9.999 0.999000 99.99 0.999000 99.999 0.999 99.999 0.999 99.999 0.999 999.999 0.999 999.999 0.999 999.999 0.999 9.999 0.999 99.999 0.999
191.25 192.25    3.82 0.000  0.36 0.000000 9.999 0.259000 99.99 0.259000  0.007 0.559  1.145 0.000  1.603 0.000   4.547 0.000   1.992 0.000   2.555 0.000 0.010 0.000  0.052 0.559
194.25 195.25 9999.99 0.999 99.99 0.999000 9.999 0.999000 99.99 0.999000 99.999 0.999 99.999 0.999 99.999 0.999 999.999 0.999 999.999 0.999 999.999 0.999 9.999 0.999 99.999 0.999
197.25 198.25    2.14 0.000  0.16 0.000000 9.999 0.259000 99.99 0.259000 99.999 0.259  0.840 0.000  1.176 0.000   2.728 0.000   1.381 0.000   1.347 0.000 0.009 0.000  0.056 0.000
200.25 201.25   16.57 0.000  0.31 0.000000 9.999 0.259000 99.99 0.259000  0.018 0.000  2.016 0.000  2.823 0.000   7.972 0.000   2.907 0.000   5.065 0.000 0.027 0.000  0.199 0.000
203.25 204.25    9.31 0.000  0.24 0.000000 9.999 0.259000 99.99 0.259000  0.007 0.000  1.046 0.000  1.465 0.000   3.863 0.000   1.488 0.000   2.375 0.000 0.009 0.000  0.085 0.000
206.25 207.25   69.68 0.000  1.44 0.000000 9.999 0.259000 99.99 0.259000  0.078 0.000  3.408 0.000  4.771 0.000  19.518 0.000   8.092 0.000  11.427 0.000 0.049 0.000  0.860 0.000
209.25 210.25   29.04 0.000  0.33 0.000000 9.999 0.259000 99.99 0.259000  0.022 0.000  2.639 0.000  3.694 0.000  13.911 0.000   5.861 0.000   8.050 0.000 0.043 0.000  0.571 0.000
212.25 213.25    4.55 0.000  0.23 0.000000 9.999 0.259000 99.99 0.259000  0.011 0.000  1.581 0.000  2.213 0.000   5.498 0.000   2.055 0.000   3.442 0.000 0.015 0.000  0.160 0.000
215.25 216.25    5.25 0.000  0.42 0.000000 0.043 0.000000 99.99 0.259000  0.006 0.000  1.949 0.000  2.728 0.000   7.438 0.000   1.906 0.000   5.531 0.000 0.020 0.000  0.397 0.000
218.25 219.25    6.23 0.000  0.44 0.000000 0.025 0.000000  0.05 0.000000  0.054 0.000  4.351 0.000  6.092 0.000  19.056 0.000  10.258 0.000   8.798 0.000 0.037 0.000  0.218 0.000
221.25 222.25   60.07 0.000  0.69 0.000000 9.999 0.259000  3.12 0.000000  0.012 0.000  3.301 0.000  4.621 0.000  11.806 0.000   2.090 0.000   9.716 0.000 0.066 0.000  0.284 0.000
224.25 225.25   53.10 0.559  0.41 0.559000 0.016 0.559000 99.99 0.559259  0.021 0.559  2.063 0.000  2.888 0.000  11.212 0.000   5.154 0.000   6.059 0.559 0.036 0.559  0.335 0.559
227.25 228.25   18.47 0.000  0.74 0.000000 9.999 0.259000 99.99 0.259000  0.010 0.559  3.505 0.000  4.907 0.000  10.610 0.000   2.467 0.000   8.143 0.000 0.038 0.000  0.364 0.559
230.25 231.25   83.78 0.000  1.15 0.000000 9.999 0.259000  0.07 0.000000  0.039 0.559  2.012 0.000  2.817 0.000  17.149 0.000   6.497 0.000  10.653 0.000 0.042 0.000  1.148 0.559
233.25 234.25    7.70 0.000  0.55 0.000000 9.999 0.259000 99.99 0.259000  0.008 0.559  1.597 0.000  2.235 0.000   6.526 0.000   2.549 0.000   3.977 0.000 0.021 0.000  0.177 0.559
236.25 237.25 9999.99 0.699 99.99 0.699000 9.999 0.699000 99.99 0.699000  0.013 0.000  6.679 0.000  9.351 0.000  17.905 0.000 999.999 0.999 999.999 0.699 9.999 0.699  0.528 0.000
239.25 240.25   14.45 0.000  0.69 0.000000 9.999 0.259000  0.07 0.000000  0.031 0.559  1.284 0.000  1.797 0.000   6.652 0.000   2.856 0.000   3.796 0.000 0.021 0.000  0.191 0.559
242.25 243.25   17.67 0.000  0.51 0.000000 9.999 0.259000 99.99 0.259000  0.013 0.559  2.107 0.000  2.950 0.000   9.622 0.000   4.355 0.000   5.267 0.000 0.034 0.000  0.462 0.559
245.25 246.25    2.84 0.559 99.99 0.559259 0.028 0.559000 99.99 0.559259  0.010 0.559  0.639 0.000  0.895 0.000   2.677 0.000   1.277 0.000   1.400 0.559 0.015 0.559  0.063 0.559
248.25 249.25   48.15 0.000  0.71 0.000000 9.999 0.259000 99.99 0.259000  0.026 0.559  2.442 0.000  3.419 0.000  15.060 0.000   8.029 0.000   7.032 0.000 0.060 0.000  0.321 0.559
251.25 252.25   64.24 0.000  1.99 0.000000 9.999 0.259000 99.99 0.259000  0.044 0.559  2.182 0.000  3.055 0.000  21.935 0.000   9.036 0.000  12.899 0.000 0.046 0.000  1.562 0.559
254.25 255.25   22.12 0.559  0.36 0.559000 9.999 0.559259 99.99 0.559259  0.013 0.559  1.313 0.000  1.838 0.000   5.815 0.000   2.924 0.000   2.891 0.559 0.027 0.559  0.120 0.559
257.25 258.25    2.15 0.559  0.20 0.559000 9.999 0.559259 99.99 0.559259  0.005 0.559  0.539 0.000  0.754 0.000   2.217 0.000   1.353 0.000   0.865 0.559 0.006 0.559  0.048 0.559
260.25 261.25   15.13 0.000  0.51 0.000000 9.999 0.259000 99.99 0.259000  0.019 0.559  0.782 0.000  1.095 0.000  11.616 0.000   6.431 0.000   5.185 0.000 0.018 0.000  0.573 0.559
263.25 264.25   21.18 0.000  1.79 0.000000 9.999 0.259000 99.99 0.259000  0.042 0.559  1.063 0.000  1.488 0.000   8.367 0.000   3.989 0.000   4.378 0.000 0.025 0.000  0.381 0.559
266.25 267.25    6.48 0.559  0.21 0.559000 9.999 0.559259  0.04 0.559000  0.010 0.000  0.380 0.000  0.532 0.000   4.658 0.000   3.315 0.000   1.343 0.559 0.015 0.559  0.084 0.000
