scripts/IMPROVE-2019_partial/data/US9036R.19900103070000.20191216000000.filterpack...1y.3d.US03L_filterpack_US9036.US03L_IMPROVE_Davis.lev2.nas
52 1001
MISSING INFORMATION
US03L, IMPROVE, , , , , , , 
MISSING INFORMATION
IMPROVE sel_HTAP
1 1
1990 01 01 2019 12 16
0
days from file reference point
5
1 1 1 1 1
999.999999 999.999 9.999 999.999 9.999999
end_time of measurement, days from the file reference point
pm10_mass, ug/m3, Matrix=pm10
numflag pm10_mass, no unit, Matrix=pm10
pm25_mass, ug/m3, Matrix=pm25
numflag pm25_mass, no unit, Matrix=pm25
0
33
Data definition:              EBAS_1.1
Set type code:                TI
Timezone:                     UTC
File name:                    US9036R.19900103070000.20191216000000.filterpack...1y.3d.US03L_filterpack_US9036.US03L_IMPROVE_Davis.lev2.nas
File creation:                20191218120744
Startdate:                    19900103070000
Revision date:                20191216000000
Version:                      2
Version description:          "Data extracted from http://views.cira.colostate.edu/fed/DataWizard 2019-12-16"
Statistics:                   arithmetic mean
Data level:                   2
Period code:                  1y
Resolution code:              3d
Sample duration:              1d
Orig. time res.:              3d
Station code:                 US9036R
Platform code:                US9036S
Station name:                 Tonto NM
Station latitude:             33.6548
Station longitude:            -111.1068
Station altitude:             775.0 m
Regime:                       IMG
Component:                    
Unit:                         ug/m3
Matrix:                       
Laboratory code:              US03L
Instrument type:              filterpack
Instrument name:              filterpack_US9036
Method ref:                   US03L_IMPROVE_Davis
Blank correction:             Blank corrected
Volume std. temperature:      ambient
Volume std. pressure:         ambient
starttime endtime PM10 flag_PM10 PM2.5 flag_PM2.5
  2.291667   3.291667   4.868 0.000   2.603 0.000000
  5.291667   6.291667   4.932 0.000   2.724 0.000000
  9.291667  10.291667   5.324 0.000   3.531 0.000000
 12.291667  13.291667  21.449 0.000   6.916 0.000000
 16.291667  17.291667   5.242 0.000   3.639 0.000000
 19.291667  20.291667   4.684 0.000   3.662 0.000000
 23.291667  24.291667   7.536 0.000   2.358 0.000000
 26.291667  27.291667   6.797 0.000   2.397 0.000000
 30.291667  31.291667   7.556 0.000   2.461 0.000000
 33.291667  34.291667   2.691 0.000   1.810 0.000000
 37.291667  38.291667  11.300 0.000   5.723 0.000000
 40.291667  41.291667   8.195 0.000   5.503 0.000000
 44.291667  45.291667  17.283 0.000   4.277 0.000000
 47.291667  48.291667   6.148 0.000   2.588 0.000000
 51.291667  52.291667   7.692 0.000   1.543 0.000000
 54.291667  55.291667  10.256 0.000   1.371 0.000000
 58.291667  59.291667  10.873 0.000   3.271 0.000000
 61.291667  62.291667 999.999 0.999   4.798 0.000000
 65.291667  66.291667 999.999 0.999   7.327 0.000000
 68.291667  69.291667   3.937 0.000   2.095 0.000000
 72.291667  73.291667   4.596 0.000   3.529 0.000000
 75.291667  76.291667   7.609 0.000   2.978 0.000000
 79.291667  80.291667  16.145 0.000   7.339 0.000000
 82.291667  83.291667  15.208 0.000   5.538 0.000000
 86.291667  87.291667 999.999 0.999 999.999 0.999000
 89.291667  90.291667 999.999 0.999 999.999 0.999000
 93.291667  94.291667   8.874 0.000   3.302 0.000000
 96.291667  97.291667  14.028 0.000   5.562 0.000000
100.291667 101.291667  10.394 0.000   6.728 0.000000
103.291667 104.291667  12.873 0.000   6.142 0.000000
107.291667 108.291667  17.218 0.000   5.810 0.000000
110.291667 111.291667  14.596 0.000   5.000 0.000000
114.291667 115.291667  10.870 0.000   4.828 0.000000
117.291667 118.291667  17.232 0.000   5.314 0.000000
121.291667 122.291667  17.101 0.000   6.627 0.000000
124.291667 125.291667   9.239 0.000   4.394 0.000000
128.291667 129.291667  18.058 0.000   6.517 0.000000
131.291667 132.291667  20.683 0.000   7.069 0.000000
135.291667 136.291667  16.357 0.000   8.255 0.000000
138.291667 139.291667  18.029 0.000   6.542 0.000000
142.291667 143.291667 999.999 0.999 999.999 0.999000
145.291667 146.291667 999.999 0.999   6.991 0.000000
149.291667 150.291667  23.803 0.000  10.931 0.000000
152.291667 153.291667  13.172 0.000   5.046 0.000000
156.291667 157.291667  18.321 0.000   5.380 0.000000
159.291667 160.291667  29.046 0.000   6.231 0.000000
163.291667 164.291667  17.105 0.000   5.373 0.000000
166.291667 167.291667  17.638 0.000   5.406 0.000000
170.291667 171.291667  10.926 0.000   5.688 0.000000
173.291667 174.291667  11.779 0.000   6.386 0.000000
177.291667 178.291667  29.385 0.000 999.999 0.999000
180.291667 181.291667  42.115 0.000  11.041 0.000000
184.291667 185.291667 999.999 0.999 999.999 0.999000
187.291667 188.291667 999.999 0.999 999.999 0.999000
191.291667 192.291667   7.595 0.000 999.999 0.999000
194.291667 195.291667 999.999 0.999   4.817 0.000000
198.291667 199.291667  12.234 0.000   5.593 0.000000
201.291667 202.291667  12.582 0.000   4.704 0.000000
205.291667 206.291667  10.355 0.000   4.773 0.000000
208.291667 209.291667   8.845 0.000   4.195 0.000000
212.291667 213.291667  10.221 0.000   5.788 0.000000
215.291667 216.291667  23.542 0.000  11.368 0.000000
219.291667 220.291667   5.779 0.000   5.078 0.000000
222.291667 223.291667  16.844 0.000   7.040 0.000000
226.291667 227.291667 999.999 0.999  12.785 0.000000
229.291667 230.291667  12.862 0.000   6.646 0.000000
233.291667 234.291667   8.114 0.000   7.902 0.000000
236.291667 237.291667   9.004 0.000   3.634 0.000000
240.291667 241.291667 999.999 0.999 999.999 0.999000
243.291667 244.291667 999.999 0.999 999.999 0.999000
247.291667 248.291667 999.999 0.999 999.999 0.999000
250.291667 251.291667 999.999 0.999 999.999 0.999000
254.291667 255.291667 999.999 0.999 999.999 0.999000
257.291667 258.291667 999.999 0.999 999.999 0.999000
261.291667 262.291667 999.999 0.999 999.999 0.999000
264.291667 265.291667 999.999 0.999 999.999 0.999000
268.291667 269.291667  11.444 0.000  11.021 0.559000
271.291667 272.291667   8.852 0.000   3.724 0.559000
275.291667 276.291667 999.999 0.999 999.999 0.999000
278.291667 279.291667 999.999 0.999 999.999 0.999000
282.291667 283.291667 999.999 0.999 999.999 0.999000
285.291667 286.291667 999.999 0.999 999.999 0.999000
289.291667 290.291667  16.692 0.000   7.152 0.559000
292.291667 293.291667  37.615 0.000   5.468 0.559000
296.291667 297.291667   9.044 0.000   5.976 0.559000
299.291667 300.291667  10.515 0.000 999.999 0.559259
303.291667 304.291667  12.910 0.000   7.462 0.559000
306.291667 307.291667 999.999 0.999   8.328 0.559000
310.291667 311.291667 999.999 0.999 999.999 0.999000
313.291667 314.291667  13.223 0.000   2.470 0.559000
317.291667 318.291667 999.999 0.999 999.999 0.999000
320.291667 321.291667  34.291 0.000  14.037 0.559000
324.291667 325.291667  16.160 0.000   3.988 0.559000
327.291667 328.291667  10.618 0.000 999.999 0.559259
331.291667 332.291667  19.923 0.000   5.015 0.559000
334.291667 335.291667  12.500 0.000   9.399 0.559000
338.291667 339.291667   8.134 0.000 999.999 0.559259
341.291667 342.291667   6.906 0.000   5.757 0.559000
345.291667 346.291667   9.684 0.000   5.228 0.559000
348.291667 349.291667   4.585 0.000   2.348 0.559000
352.291667 353.291667   8.664 0.000 999.999 0.559259
355.291667 356.291667   6.559 0.000 999.999 0.559259
359.291667 360.291667   6.508 0.000   3.595 0.559000
362.291667 363.291667 999.999 0.999   4.390 0.559000
