scripts/IMPROVE-2019_partial/data/US9049R.19900103070000.20191216000000.filterpack...1y.3d.US03L_filterpack_US9049.US03L_IMPROVE_Davis.lev2.nas
52 1001
MISSING INFORMATION
US03L, IMPROVE, , , , , , , 
MISSING INFORMATION
IMPROVE sel_HTAP
1 1
1990 01 01 2019 12 16
0
days from file reference point
5
1 1 1 1 1
999.999999 999.999 9.999 999.999 9.999999
end_time of measurement, days from the file reference point
pm10_mass, ug/m3, Matrix=pm10
numflag pm10_mass, no unit, Matrix=pm10
pm25_mass, ug/m3, Matrix=pm25
numflag pm25_mass, no unit, Matrix=pm25
0
33
Data definition:              EBAS_1.1
Set type code:                TI
Timezone:                     UTC
File name:                    US9049R.19900103070000.20191216000000.filterpack...1y.3d.US03L_filterpack_US9049.US03L_IMPROVE_Davis.lev2.nas
File creation:                20191218120847
Startdate:                    19900103070000
Revision date:                20191216000000
Version:                      2
Version description:          "Data extracted from http://views.cira.colostate.edu/fed/DataWizard 2019-12-16"
Statistics:                   arithmetic mean
Data level:                   2
Period code:                  1y
Resolution code:              3d
Sample duration:              1d
Orig. time res.:              3d
Station code:                 US9049R
Platform code:                US9049S
Station name:                 Weminuche Wilderness
Station latitude:             37.6594
Station longitude:            -107.7999
Station altitude:             2750.0 m
Regime:                       IMG
Component:                    
Unit:                         ug/m3
Matrix:                       
Laboratory code:              US03L
Instrument type:              filterpack
Instrument name:              filterpack_US9049
Method ref:                   US03L_IMPROVE_Davis
Blank correction:             Blank corrected
Volume std. temperature:      ambient
Volume std. pressure:         ambient
starttime endtime PM10 flag_PM10 PM2.5 flag_PM2.5
  2.291667   3.291667   2.559 0.000   1.815 0.000000
  5.291667   6.291667   2.402 0.000   1.138 0.000000
  9.291667  10.291667   2.627 0.000   0.774 0.000000
 12.291667  13.291667   5.098 0.000   3.053 0.000000
 16.291667  17.291667   3.720 0.000 999.999 0.999000
 19.291667  20.291667   5.960 0.000   1.923 0.000000
 23.291667  24.291667   3.735 0.000   0.828 0.000000
 26.291667  27.291667   3.592 0.000   0.940 0.000000
 30.291667  31.291667   5.063 0.000 999.999 0.999000
 33.291667  34.291667   7.021 0.000   2.219 0.000000
 37.291667  38.291667   6.761 0.000   3.988 0.000000
 40.291667  41.291667   5.344 0.000   1.682 0.000000
 44.291667  45.291667  13.108 0.000   2.665 0.000000
 47.291667  48.291667   6.773 0.000   1.944 0.000000
 51.291667  52.291667   3.640 0.000   1.905 0.000000
 54.291667  55.291667   9.600 0.000   1.651 0.000000
 58.291667  59.291667   4.487 0.000   2.927 0.000000
 61.291667  62.291667   7.137 0.000   5.662 0.000000
 65.291667  66.291667   6.025 0.000   2.444 0.000000
 68.291667  69.291667   6.792 0.000   2.843 0.000000
 72.291667  73.291667   3.397 0.000   2.492 0.000000
 75.291667  76.291667   2.977 0.000   1.402 0.000000
 79.291667  80.291667   5.039 0.000   1.750 0.000000
 82.291667  83.291667   5.394 0.000   2.074 0.000000
 86.291667  87.291667   5.020 0.000   3.135 0.000000
 89.291667  90.291667   8.845 0.000   1.340 0.000000
 93.291667  94.291667   7.579 0.000   2.939 0.000000
 96.291667  97.291667   5.898 0.000 999.999 0.999000
100.291667 101.291667   5.098 0.000   3.282 0.000000
103.291667 104.291667   4.039 0.000   2.617 0.000000
107.291667 108.291667   2.908 0.000   1.567 0.000000
110.291667 111.291667 999.999 0.999 999.999 0.999000
114.291667 115.291667 999.999 0.999 999.999 0.999000
117.291667 118.291667 999.999 0.999 999.999 0.999000
121.291667 122.291667   2.124 0.000   1.564 0.000000
124.291667 125.291667  11.004 0.000   2.888 0.000000
128.291667 129.291667   4.682 0.000   2.000 0.000000
131.291667 132.291667   8.390 0.000   5.662 0.000000
135.291667 136.291667   6.605 0.000   2.649 0.000000
138.291667 139.291667  17.978 0.000   7.957 0.000000
142.291667 143.291667   6.935 0.000   3.773 0.000000
145.291667 146.291667   7.395 0.000   3.804 0.000000
149.291667 150.291667 999.999 0.999   1.957 0.000000
152.291667 153.291667   6.434 0.000   1.376 0.000000
156.291667 157.291667 999.999 0.999 999.999 0.999000
159.291667 160.291667  10.229 0.000   4.367 0.000000
163.291667 164.291667 999.999 0.999 999.999 0.999000
166.291667 167.291667   9.609 0.000   3.780 0.000000
170.291667 171.291667 999.999 0.999 999.999 0.999000
173.291667 174.291667   7.158 0.000   4.157 0.000000
177.291667 178.291667  13.271 0.000   8.723 0.000000
180.291667 181.291667  15.887 0.000  10.285 0.000000
184.291667 185.291667  23.086 0.000   4.268 0.000000
187.291667 188.291667  45.117 0.000   4.604 0.000000
191.291667 192.291667  18.288 0.000   9.149 0.000000
194.291667 195.291667  18.288 0.000 999.999 0.999000
198.291667 199.291667   7.237 0.000   4.110 0.000000
201.291667 202.291667   5.613 0.000   4.663 0.000000
205.291667 206.291667  12.337 0.000   4.969 0.000000
208.291667 209.291667  14.269 0.000 999.999 0.999000
212.291667 213.291667   6.912 0.000   6.235 0.000000
215.291667 216.291667   5.000 0.000   3.887 0.000000
219.291667 220.291667   6.981 0.000   3.404 0.000000
222.291667 223.291667  14.023 0.000   4.571 0.000000
226.291667 227.291667 999.999 0.999   8.885 0.000000
229.291667 230.291667  10.635 0.000 999.999 0.999000
233.291667 234.291667   6.552 0.000   4.356 0.000000
236.291667 237.291667  22.763 0.000   5.491 0.000000
240.291667 241.291667   9.774 0.000   5.623 0.000000
243.291667 244.291667 999.999 0.999  18.073 0.559000
247.291667 248.291667   3.257 0.000   2.577 0.559000
250.291667 251.291667   4.789 0.000   3.354 0.559000
254.291667 255.291667   8.627 0.000   3.858 0.559000
257.291667 258.291667  18.039 0.000   5.607 0.559000
261.291667 262.291667   7.632 0.000   6.947 0.559000
264.291667 265.291667 999.999 0.999 999.999 0.559259
268.291667 269.291667   6.858 0.000   2.553 0.559000
271.291667 272.291667   5.824 0.000   3.860 0.559000
275.291667 276.291667   7.510 0.000   4.622 0.559000
278.291667 279.291667   8.438 0.000 999.999 0.559259
282.291667 283.291667   3.202 0.000   2.274 0.559000
285.291667 286.291667   5.968 0.000   3.003 0.559000
289.291667 290.291667   8.289 0.000   3.354 0.559000
292.291667 293.291667   5.133 0.000 999.999 0.559259
296.291667 297.291667   4.531 0.000   2.938 0.559000
299.291667 300.291667   3.571 0.000   2.344 0.559000
303.291667 304.291667  10.984 0.000   7.729 0.559000
306.291667 307.291667   3.400 0.000   2.444 0.559000
310.291667 311.291667 999.999 0.999 999.999 0.999000
313.291667 314.291667 999.999 0.999   9.298 0.559000
317.291667 318.291667  10.453 0.000   1.497 0.559000
320.291667 321.291667   7.280 0.000   4.096 0.559000
324.291667 325.291667  10.000 0.000 999.999 0.559259
327.291667 328.291667  15.498 0.000 999.999 0.559259
331.291667 332.291667   5.189 0.000   2.090 0.559000
334.291667 335.291667   4.886 0.000   2.299 0.559000
338.291667 339.291667   2.015 0.000   0.725 0.559000
341.291667 342.291667   2.364 0.000   1.733 0.559000
345.291667 346.291667   3.586 0.000   2.215 0.559000
348.291667 349.291667   4.183 0.000 999.999 0.559259
352.291667 353.291667 999.999 0.999 999.999 0.999000
355.291667 356.291667 999.999 0.999 999.999 0.999000
359.291667 360.291667   4.431 0.000   2.141 0.559000
362.291667 363.291667   6.039 0.000   2.171 0.559000
