scripts/IMPROVE-2019_partial/data/US9042R.19930102080000.20191216000000.filterpack...1y.3d.US03L_filterpack_US9042_YOSE1.US03L_IMPROVE_Davis.lev2.nas
60 1001
MISSING INFORMATION
US03L, IMPROVE, , , , , , , 
MISSING INFORMATION
IMPROVE sel_HTAP
1 1
1993 01 01 2019 12 16
0
days from file reference point
5
1 1 1 1 1
999.999999 999.999 9.999 999.999 9.999
end_time of measurement, days from the file reference point
pm10_mass, ug/m3, Matrix=pm10
numflag pm10_mass, no unit, Matrix=pm10
pm25_mass, ug/m3, Matrix=pm25
numflag pm25_mass, no unit, Matrix=pm25
0
41
Data definition:              EBAS_1.1
Set type code:                TI
Timezone:                     UTC
File name:                    US9042R.19930102080000.20191216000000.filterpack...1y.3d.US03L_filterpack_US9042_YOSE1.US03L_IMPROVE_Davis.lev2.nas
File creation:                20191218120810
Startdate:                    19930102080000
Revision date:                20191216000000
Version:                      2
Version description:          "Data extracted from http://views.cira.colostate.edu/fed/DataWizard 2019-12-16"
Statistics:                   arithmetic mean
Data level:                   2
Period code:                  1y
Resolution code:              3d
Sample duration:              1d
Orig. time res.:              3d
Station code:                 US9042R
Platform code:                US9042S
Station name:                 Yosemite NP
Station WDCA-ID:              GAWAUSCAYOS
Station GAW-ID:               YOS
Station GAW-Name:             Yosemite NP - Turtleback Dome
Station state/province:       CA
Station land use:             Remote park
Station setting:              Mountain
Station GAW type:             C
Station WMO region:           4
Station latitude:             37.7133
Station longitude:            -119.7061
Station altitude:             1605.0 m
Regime:                       IMG
Component:                    
Unit:                         ug/m3
Matrix:                       
Laboratory code:              US03L
Instrument type:              filterpack
Instrument name:              filterpack_US9042_YOSE1
Method ref:                   US03L_IMPROVE_Davis
Blank correction:             Blank corrected
Volume std. temperature:      ambient
Volume std. pressure:         ambient
starttime endtime PM10 flag_PM10 PM2.5 flag_PM2.5
  1.333333   2.333333   1.030 0.000 999.999 0.259
  5.333333   6.333333   1.037 0.000 999.999 0.259
  8.333333   9.333333 999.999 0.999 999.999 0.999
 12.333333  13.333333   1.198 0.000   0.351 0.000
 15.333333  16.333333   2.278 0.000   0.863 0.000
 19.333333  20.333333   1.373 0.000   0.346 0.000
 22.333333  23.333333   5.020 0.000   1.038 0.000
 26.333333  27.333333   2.717 0.000 999.999 0.999
 29.333333  30.333333   3.253 0.000   1.709 0.000
 33.333333  34.333333   6.100 0.000   1.839 0.000
 36.333333  37.333333   6.121 0.000   2.143 0.000
 40.333333  41.333333   4.515 0.000   1.129 0.000
 43.333333  44.333333   5.991 0.000   2.500 0.000
 47.333333  48.333333   3.008 0.000   1.359 0.000
 50.333333  51.333333   1.212 0.000   0.554 0.000
 54.333333  55.333333   2.944 0.000   2.332 0.000
 57.333333  58.333333   2.705 0.000   0.823 0.000
 61.333333  62.333333   6.031 0.000   3.312 0.000
 64.333333  65.333333   6.151 0.000   1.969 0.000
 68.333333  69.333333   5.038 0.000   3.115 0.000
 71.333333  72.333333   9.611 0.000   3.839 0.000
 75.333333  76.333333   4.084 0.000   1.090 0.000
 78.333333  79.333333   7.315 0.000   3.084 0.000
 82.333333  83.333333   2.784 0.000   1.911 0.000
 85.333333  86.333333   2.275 0.000   0.786 0.000
 89.333333  90.333333   9.639 0.000   5.064 0.000
 92.333333  93.333333   9.958 0.000   4.013 0.000
 96.333333  97.333333  11.514 0.000   5.457 0.000
 99.333333 100.333333  14.146 0.000   5.773 0.000
103.333333 104.333333   9.070 0.000   3.805 0.000
106.333333 107.333333   3.976 0.000   1.950 0.000
110.333333 111.333333  12.179 0.000   6.317 0.000
113.333333 114.333333   5.357 0.000   2.516 0.000
117.333333 118.333333  11.116 0.000   6.270 0.000
120.333333 121.333333  22.033 0.000   8.553 0.000
124.333333 125.333333  12.143 0.000 999.999 0.999
127.333333 128.333333  11.532 0.000 999.999 0.999
131.333333 132.333333   9.884 0.000   2.884 0.000
134.333333 135.333333  10.811 0.000   5.222 0.000
138.333333 139.333333  14.079 0.000   8.719 0.000
141.333333 142.333333   9.883 0.000   4.308 0.000
145.333333 146.333333   8.656 0.000   3.817 0.000
148.333333 149.333333   8.427 0.000   4.196 0.000
152.333333 153.333333   5.992 0.000   3.428 0.000
155.333333 156.333333   2.257 0.000   1.059 0.000
159.333333 160.333333   8.722 0.000   4.486 0.000
162.333333 163.333333  10.000 0.000   3.832 0.000
166.333333 167.333333   8.571 0.000   4.019 0.000
169.333333 170.333333  12.355 0.000   6.258 0.000
173.333333 174.333333   5.977 0.000   3.176 0.000
176.333333 177.333333  13.086 0.000   6.918 0.000
180.333333 181.333333  10.599 0.000   6.997 0.000
183.333333 184.333333   9.963 0.000   5.248 0.000
187.333333 188.333333 999.999 0.999   8.711 0.000
190.333333 191.333333  14.150 0.000   9.037 0.000
194.333333 195.333333 999.999 0.999 999.999 0.999
197.333333 198.333333 999.999 0.999 999.999 0.999
201.333333 202.333333   9.416 0.000   4.785 0.000
204.333333 205.333333  11.012 0.000   7.222 0.000
208.333333 209.333333  17.345 0.000  10.212 0.000
211.333333 212.333333  12.546 0.000   5.788 0.000
215.333333 216.333333  13.051 0.000   7.932 0.000
218.333333 219.333333   6.615 0.000   4.074 0.000
222.333333 223.333333  13.074 0.000   7.117 0.000
225.333333 226.333333  14.567 0.000   8.098 0.000
229.333333 230.333333 999.999 0.999   5.793 0.000
232.333333 233.333333   8.206 0.000   4.055 0.000
236.333333 237.333333  14.044 0.000   6.883 0.000
239.333333 240.333333  14.254 0.000   5.399 0.000
243.333333 244.333333   9.011 0.000   4.862 0.000
246.333333 247.333333  20.191 0.000  10.712 0.000
250.333333 251.333333  12.285 0.000   7.640 0.000
253.333333 254.333333  13.808 0.000   5.621 0.000
257.333333 258.333333  20.868 0.000   9.438 0.000
260.333333 261.333333  10.275 0.000   5.660 0.000
264.333333 265.333333  12.529 0.000   6.697 0.000
267.333333 268.333333  27.160 0.000   5.199 0.000
271.333333 272.333333  13.529 0.000   7.051 0.000
274.333333 275.333333  17.224 0.000   9.427 0.000
278.333333 279.333333   8.692 0.000   7.547 0.000
281.333333 282.333333  12.269 0.000   9.494 0.000
285.333333 286.333333 999.999 0.999   6.780 0.000
288.333333 289.333333   3.137 0.000   2.353 0.000
292.333333 293.333333   4.077 0.000   3.150 0.000
295.333333 296.333333  10.170 0.000   4.220 0.000
299.333333 300.333333   6.772 0.000   3.396 0.000
302.333333 303.333333   7.126 0.000   4.295 0.000
306.333333 307.333333   7.467 0.000   5.899 0.000
309.333333 310.333333  13.089 0.000   5.268 0.000
313.333333 314.333333  20.840 0.000  12.875 0.000
316.333333 317.333333   6.132 0.000   4.058 0.000
320.333333 321.333333   9.673 0.000   4.822 0.000
323.333333 324.333333  20.868 0.000   1.865 0.000
327.333333 328.333333   4.257 0.000   2.937 0.000
330.333333 331.333333   2.553 0.000   1.683 0.000
334.333333 335.333333 999.999 0.999   2.968 0.000
337.333333 338.333333   6.091 0.000   2.968 0.000
341.333333 342.333333   7.888 0.000   4.180 0.000
344.333333 345.333333   3.911 0.000   1.479 0.000
348.333333 349.333333   2.594 0.000   1.282 0.000
351.333333 352.333333   9.121 0.000   0.929 0.000
355.333333 356.333333   1.893 0.000   0.637 0.000
358.333333 359.333333   3.493 0.000   1.369 0.000
362.333333 363.333333   3.080 0.000   1.478 0.000
