scripts/IMPROVE-2019_partial/data/US9055R.20060102070000.20191216000000.filterpack..pm25.52w.1w.US03L_filterpack_US9055.US03L_IMPROVE_Davis.lev2.nas
64 1001
MISSING INFORMATION
US03L, IMPROVE, , , , , , , 
MISSING INFORMATION
IMPROVE sel_HTAP
1 1
2006 01 01 2019 12 16
3.000000
days from file reference point
25
1 1 1 1 1 1 1 1 1 1 1 1 1 1 1 1 1 1 1 1 1 1 1 1 1
999.999999 9999.99 9.999 999.99 9.999 9.999 9.999999 99.99 9.999999 9.999 9.999999 999.999 9.999 999.999 9.999 999.999 9.999 999.999 9.999 999.999 9.999 9.999 9.999 9.999 9.999999
end_time of measurement, days from the file reference point
iron, ng/m3, Revision date=20181210133000
numflag iron, no unit, Revision date=20181210133000
lead, ng/m3, Revision date=20181210133000
numflag lead, no unit, Revision date=20181210133000
magnesium, ug/m3, Revision date=20181210133000
numflag magnesium, no unit, Revision date=20181210133000
nickel, ng/m3, Revision date=20181210133000
numflag nickel, no unit, Revision date=20181210133000
nitrate, ug N/m3, Revision date=20181210133000
numflag nitrate, no unit, Revision date=20181210133000
organic_carbon, ug C/m3, Revision date=20181210133000
numflag organic_carbon, no unit, Revision date=20181210133000
organic_mass, ug/m3, Revision date=20181210133000
numflag organic_mass, no unit, Revision date=20181210133000
pm10_mass, ug/m3, Version=2, Version description=Data extracted from http://views.cira.colostate.edu/fed/DataWizard 2019-12-16, Sample duration=1d, Orig. time res.=3d, Matrix=pm10, Blank correction=Blank corrected, Volume std. temperature=ambient, Volume std. pressure=ambient
numflag pm10_mass, no unit, Version=2, Version description=Data extracted from http://views.cira.colostate.edu/fed/DataWizard 2019-12-16, Sample duration=1d, Orig. time res.=3d, Matrix=pm10, Blank correction=Blank corrected, Volume std. temperature=ambient, Volume std. pressure=ambient
pm10_pm25_mass, ug/m3, Revision date=20181210133000, Matrix=pm10_pm25
numflag pm10_pm25_mass, no unit, Revision date=20181210133000, Matrix=pm10_pm25
pm25_mass, ug/m3, Version=2, Version description=Data extracted from http://views.cira.colostate.edu/fed/DataWizard 2019-12-16, Sample duration=1d, Orig. time res.=3d, Blank correction=Blank corrected, Volume std. temperature=ambient, Volume std. pressure=ambient
numflag pm25_mass, no unit, Version=2, Version description=Data extracted from http://views.cira.colostate.edu/fed/DataWizard 2019-12-16, Sample duration=1d, Orig. time res.=3d, Blank correction=Blank corrected, Volume std. temperature=ambient, Volume std. pressure=ambient
potassium, ug/m3, Revision date=20181210133000
numflag potassium, no unit, Revision date=20181210133000
sulphate_total, ug S/m3, Revision date=20181210133000
numflag sulphate_total, no unit, Revision date=20181210133000
0
25
Data definition:              EBAS_1.1
Set type code:                TU
Timezone:                     UTC
File name:                    US9055R.20060102070000.20191216000000.filterpack..pm25.52w.1w.US03L_filterpack_US9055.US03L_IMPROVE_Davis.lev2.nas
File creation:                20191218120913
Startdate:                    20060102070000
Revision date:                20191216000000
Statistics:                   arithmetic mean
Data level:                   2
Period code:                  52w
Resolution code:              1w
Station code:                 US9055R
Platform code:                US9055S
Station name:                 Sawtooth NF
Station latitude:             44.1705
Station longitude:            -114.9271
Station altitude:             1990.0 m
Regime:                       IMG
Component:                    
Matrix:                       pm25
Laboratory code:              US03L
Instrument type:              filterpack
Instrument name:              filterpack_US9055
Method ref:                   US03L_IMPROVE_Davis
starttime endtime Fe flag_Fe Pb flag_Pb Mg++ flag_Mg++ Ni flag_Ni NO3- flag_NO3- OC flag_OC OM flag_OM PM10 flag_PM10 PM10-PM2.5 flag_PM10-PM2.5 PM2.5 flag_PM2.5 K+ flag_K+ SO4-- flag_SO4--
  1.291667   2.291667 9999.99 0.999 999.99 0.999 9.999 0.999000 99.99 0.999000 9.999 0.999000 999.999 0.999 999.999 0.999 999.999 0.999 999.999 0.999 999.999 0.999 9.999 0.999 9.999 0.999000
  4.291667   5.291667 9999.99 0.999 999.99 0.999 9.999 0.999000 99.99 0.999000 9.999 0.999000 999.999 0.999 999.999 0.999 999.999 0.999 999.999 0.999 999.999 0.999 9.999 0.999 9.999 0.999000
  7.291667   8.291667 9999.99 0.999 999.99 0.999 9.999 0.999000 99.99 0.999000 9.999 0.999000 999.999 0.999 999.999 0.999 999.999 0.999 999.999 0.999 999.999 0.999 9.999 0.999 9.999 0.999000
 10.291667  11.291667    5.37 0.000 999.99 0.259 9.999 0.259000 99.99 0.259000 0.001 0.000000   0.352 0.000   0.493 0.000   1.265 0.000   0.889 0.000   0.375 0.000 0.003 0.000 0.009 0.000000
 13.291667  14.291667   16.38 0.000   0.45 0.000 0.009 0.000000 99.99 0.259000 0.011 0.000000   0.476 0.000   0.667 0.000   1.809 0.000   0.903 0.000   0.905 0.000 0.010 0.000 0.025 0.000000
 16.291667  17.291667    6.18 0.000   0.30 0.000 9.999 0.259000 99.99 0.259000 0.003 0.000000   0.532 0.000   0.745 0.000   1.907 0.000   1.055 0.000   0.853 0.000 0.004 0.000 0.020 0.000000
 19.291667  20.291667    4.18 0.000   0.23 0.000 9.999 0.259000 99.99 0.259000 0.002 0.000000   0.234 0.000   0.327 0.000   3.253 0.000   2.626 0.000   0.627 0.000 0.002 0.000 0.035 0.000000
 22.291667  23.291667    8.89 0.000   0.34 0.000 9.999 0.259000 99.99 0.259000 0.005 0.559000   0.693 0.000   0.971 0.000   1.989 0.000   0.483 0.000   1.506 0.000 0.006 0.000 0.032 0.559000
 25.291667  26.291667   20.22 0.000   0.65 0.000 9.999 0.259000 99.99 0.259000 0.022 0.000000   0.935 0.000   1.309 0.000   2.875 0.000   0.645 0.000   2.231 0.000 0.014 0.000 0.046 0.000000
 28.291667  29.291667    2.57 0.000   0.17 0.000 9.999 0.259000 99.99 0.259000 0.009 0.000000   0.277 0.000   0.387 0.000   1.225 0.000   0.692 0.000   0.533 0.000 0.002 0.000 0.020 0.000000
 31.291667  32.291667    7.88 0.000 999.99 0.259 9.999 0.259000 99.99 0.259000 0.006 0.559000   0.389 0.000   0.545 0.000   1.658 0.000   0.938 0.000   0.720 0.000 0.005 0.000 0.041 0.559000
 34.291667  35.291667    6.71 0.000   1.14 0.000 9.999 0.259000 99.99 0.259000 0.006 0.559000   0.502 0.000   0.703 0.000   2.597 0.000   0.938 0.000   1.660 0.000 0.011 0.000 0.132 0.559000
 37.291667  38.291667    8.49 0.000   0.19 0.000 9.999 0.259000 99.99 0.259000 0.009 0.559000   0.749 0.000   1.049 0.000   1.880 0.000   0.491 0.000   1.389 0.000 0.008 0.000 0.029 0.559000
 40.291667  41.291667   11.66 0.000   0.79 0.000 9.999 0.259000 99.99 0.259000 0.012 0.559000   0.660 0.000   0.925 0.000   2.095 0.000   0.396 0.000   1.699 0.000 0.010 0.000 0.078 0.559000
 43.291667  44.291667   13.41 0.000   0.29 0.000 9.999 0.259000 99.99 0.259000 0.007 0.559000   0.756 0.000   1.058 0.000   2.663 0.000   0.988 0.000   1.674 0.000 0.008 0.000 0.044 0.559000
 46.291667  47.291667    5.01 0.000   0.37 0.000 9.999 0.259000 99.99 0.259000 0.018 0.559000   0.563 0.000   0.788 0.000   2.184 0.000   0.363 0.000   1.822 0.000 0.008 0.000 0.150 0.559000
 49.291667  50.291667    7.44 0.000   0.56 0.000 9.999 0.259000 99.99 0.259000 0.024 0.559000   1.078 0.000   1.510 0.000   3.343 0.000   0.501 0.000   2.842 0.000 0.012 0.000 0.145 0.559000
 52.291667  53.291667    6.40 0.000   0.36 0.000 9.999 0.259000 99.99 0.259000 0.011 0.559000   0.323 0.000   0.452 0.000   1.493 0.000   0.499 0.000   0.994 0.000 0.006 0.000 0.073 0.559000
 55.291667  56.291667   20.55 0.000   0.96 0.000 9.999 0.259000 99.99 0.259000 0.012 0.559000   0.792 0.000   1.109 0.000   2.640 0.000   0.690 0.000   1.950 0.000 0.018 0.000 0.125 0.559000
 58.291667  59.291667    4.56 0.000 999.99 0.259 9.999 0.259000 99.99 0.259000 0.006 0.559000   0.352 0.000   0.493 0.000   1.059 0.000   0.618 0.000   0.441 0.000 0.003 0.000 0.023 0.559000
 61.291667  62.291667   23.46 0.000   0.54 0.000 9.999 0.259000 99.99 0.259000 0.079 0.559000   0.632 0.000   0.885 0.000   4.079 0.000   2.069 0.000   2.009 0.000 0.017 0.000 0.093 0.559000
 64.291667  65.291667    7.50 0.000   0.50 0.000 9.999 0.259000 99.99 0.259000 0.015 0.559000   0.497 0.000   0.696 0.000   1.314 0.000   0.222 0.000   1.092 0.000 0.005 0.000 0.062 0.559000
 67.291667  68.291667    6.88 0.000   0.47 0.000 9.999 0.259000 99.99 0.259000 0.009 0.000000   0.319 0.000   0.447 0.000   2.425 0.000   1.606 0.000   0.819 0.000 0.007 0.000 0.088 0.000000
 70.291667  71.291667   34.88 0.000   1.63 0.000 9.999 0.259000 99.99 0.259000 0.067 0.000000   0.486 0.000   0.681 0.000   4.028 0.000   1.291 0.000   2.737 0.000 0.027 0.000 0.267 0.000000
 73.291667  74.291667    6.82 0.000   0.36 0.000 9.999 0.259000 99.99 0.259000 0.009 0.000000   0.321 0.000   0.449 0.000   1.070 0.000   0.508 0.000   0.562 0.000 0.005 0.000 0.035 0.000000
 76.291667  77.291667   13.04 0.000   0.28 0.000 0.011 0.000000 99.99 0.259000 0.011 0.000000   0.489 0.000   0.685 0.000   1.532 0.000   0.653 0.000   0.879 0.000 0.008 0.000 0.060 0.000000
 79.291667  80.291667   12.46 0.000   0.44 0.000 9.999 0.259000 99.99 0.259000 0.027 0.000000   0.773 0.000   1.082 0.000   2.039 0.000   0.629 0.000   1.410 0.000 0.009 0.000 0.134 0.000000
 82.291667  83.291667  134.31 0.000   0.88 0.000 0.068 0.000000 99.99 0.259000 0.055 0.000000   0.575 0.000   0.805 0.000   9.141 0.000   5.374 0.000   3.767 0.000 0.070 0.000 0.159 0.000000
 85.291667  86.291667   53.76 0.000   0.74 0.000 9.999 0.259000  0.14 0.000000 0.022 0.000000   0.420 0.000   0.588 0.000   3.962 0.000   2.081 0.000   1.881 0.000 0.034 0.000 0.139 0.000000
 88.291667  89.291667   25.15 0.000   0.72 0.000 9.999 0.259000  0.10 0.000000 0.013 0.000000   0.423 0.000   0.592 0.000   2.248 0.000   0.709 0.000   1.540 0.000 0.019 0.000 0.148 0.000000
 91.291667  92.291667   29.37 0.000   0.82 0.000 0.016 0.000000 99.99 0.259000 0.009 0.000000   0.298 0.000   0.417 0.000   2.198 0.000   0.723 0.000   1.476 0.000 0.022 0.000 0.075 0.000000
 94.291667  95.291667    2.71 0.000   0.11 0.000 9.999 0.259000 99.99 0.259000 0.002 0.000000   0.337 0.000   0.472 0.000   2.454 0.000   0.077 0.000   2.377 0.000 0.002 0.000 0.005 0.000000
 97.291667  98.291667   10.39 0.000   0.20 0.000 9.999 0.259000  0.18 0.000000 0.013 0.000000   0.384 0.000   0.538 0.000   1.568 0.000   0.447 0.000   1.121 0.000 0.008 0.000 0.087 0.000000
100.291667 101.291667   15.95 0.000 999.99 0.259 0.013 0.000000 99.99 0.259000 0.011 0.000000   0.146 0.000   0.204 0.000   1.522 0.000   0.518 0.000   1.004 0.000 0.010 0.000 0.071 0.000000
103.291667 104.291667   14.15 0.000 999.99 0.259 0.011 0.000000  0.07 0.000000 0.013 0.000000   0.365 0.000   0.512 0.000   1.855 0.000   0.411 0.000   1.444 0.000 0.013 0.000 0.151 0.000000
106.291667 107.291667   12.93 0.000 999.99 0.259 9.999 0.259000  0.12 0.000000 0.007 0.000000   0.268 0.000   0.376 0.000   2.078 0.000   1.198 0.000   0.879 0.000 0.009 0.000 0.055 0.000000
109.291667 110.291667  205.07 0.000   0.71 0.000 0.133 0.000000 99.99 0.259000 0.024 0.000000   0.674 0.000   0.944 0.000  11.180 0.000   5.662 0.000   5.518 0.000 0.111 0.000 0.156 0.000000
112.291667 113.291667   72.29 0.000   1.22 0.000 0.039 0.000000 99.99 0.259000 0.033 0.000000   0.684 0.000   0.958 0.000   5.855 0.000   2.283 0.000   3.571 0.000 0.045 0.000 0.183 0.000000
115.291667 116.291667  214.39 0.000   2.79 0.000 0.112 0.000000  0.08 0.000000 0.058 0.559000   0.880 0.000   1.232 0.000  12.381 0.000   4.977 0.000   7.404 0.000 0.128 0.000 0.415 0.559000
118.291667 119.291667   33.94 0.000   0.55 0.000 0.016 0.000000 99.99 0.259000 0.008 0.559000   1.018 0.000   1.426 0.000   3.699 0.000   0.897 0.000   2.802 0.000 0.024 0.000 0.108 0.559000
121.291667 122.291667  105.65 0.000   1.19 0.000 9.999 0.259000 99.99 0.259000 0.035 0.559000   1.651 0.000   2.312 0.000  11.457 0.000   5.336 0.000   6.121 0.000 0.061 0.000 0.247 0.559000
124.291667 125.291667   98.59 0.000   2.02 0.000 9.999 0.259000 99.99 0.259000 0.024 0.559000   1.163 0.000   1.628 0.000   8.281 0.000   2.364 0.000   5.917 0.000 0.060 0.000 0.435 0.559000
127.291667 128.291667   33.06 0.000   0.98 0.000 0.007 0.000000 99.99 0.259000 0.011 0.559000   0.761 0.000   1.065 0.000   4.540 0.000   1.841 0.000   2.699 0.000 0.029 0.000 0.173 0.559000
130.291667 131.291667   96.38 0.000   1.67 0.000 0.018 0.000000 99.99 0.259000 0.028 0.559000   0.959 0.000   1.342 0.000   7.676 0.000   3.063 0.000   4.614 0.000 0.060 0.000 0.264 0.559000
133.291667 134.291667   64.57 0.000   1.47 0.000 9.999 0.259000 99.99 0.259000 0.016 0.559000   1.466 0.000   2.053 0.000   6.791 0.000   1.958 0.000   4.833 0.000 0.043 0.000 0.208 0.559000
136.291667 137.291667   64.68 0.000   1.03 0.000 0.012 0.000000 99.99 0.259000 0.013 0.559000   1.522 0.000   2.131 0.000   8.239 0.000   3.378 0.000   4.861 0.000 0.043 0.000 0.189 0.559000
139.291667 140.291667   19.04 0.000   0.30 0.000 9.999 0.259000 99.99 0.259000 0.008 0.559000   0.661 0.000   0.926 0.000   3.563 0.000   1.607 0.000   1.956 0.000 0.014 0.000 0.089 0.559000
142.291667 143.291667   29.82 0.000   1.41 0.000 9.999 0.259000 99.99 0.259000 0.006 0.559000   0.525 0.000   0.734 0.000   4.026 0.000   1.228 0.000   2.798 0.000 0.026 0.000 0.203 0.559000
145.291667 146.291667   41.54 0.000   1.03 0.000 0.008 0.000000 99.99 0.259000 0.019 0.559000   0.702 0.000   0.982 0.000   4.926 0.000   1.413 0.000   3.513 0.000 0.030 0.000 0.185 0.559000
148.291667 149.291667    5.73 0.000 999.99 0.259 0.015 0.000000 99.99 0.259000 0.003 0.559000   0.319 0.000   0.447 0.000   1.431 0.000   0.346 0.000   1.085 0.000 0.006 0.000 0.048 0.559000
151.291667 152.291667   25.51 0.000   0.47 0.000 9.999 0.259000  0.08 0.000000 0.010 0.559000   0.830 0.000   1.162 0.000   5.486 0.000   3.149 0.000   2.337 0.000 0.019 0.000 0.129 0.559000
154.291667 155.291667   22.53 0.000   0.50 0.000 0.014 0.000000 99.99 0.259000 0.008 0.559000   0.705 0.000   0.988 0.000   4.736 0.000   2.119 0.000   2.617 0.000 0.017 0.000 0.150 0.559000
157.291667 158.291667   39.86 0.000   0.51 0.000 0.015 0.000000 99.99 0.259000 0.009 0.559000   1.399 0.000   1.958 0.000   7.593 0.000   3.051 0.000   4.543 0.000 0.029 0.000 0.139 0.559000
160.291667 161.291667   26.88 0.000   0.46 0.000 0.007 0.000000 99.99 0.259000 0.012 0.559000   1.069 0.000   1.496 0.000   4.490 0.000   1.110 0.000   3.381 0.000 0.021 0.000 0.176 0.559000
163.291667 164.291667   71.50 0.000   0.80 0.000 0.037 0.000000  0.07 0.000000 0.040 0.559000   0.874 0.000   1.223 0.000   9.661 0.000   5.399 0.000   4.262 0.000 0.058 0.000 0.263 0.559000
166.291667 167.291667   17.67 0.000   0.55 0.000 0.011 0.000000 99.99 0.259000 0.004 0.559000   0.607 0.000   0.849 0.000   2.938 0.000   1.138 0.000   1.800 0.000 0.017 0.000 0.104 0.559000
169.291667 170.291667   31.38 0.000   0.80 0.000 0.015 0.000000  0.07 0.000000 0.009 0.559000   1.329 0.000   1.860 0.000   7.345 0.000   3.066 0.000   4.279 0.000 0.034 0.000 0.266 0.559000
172.291667 173.291667 9999.99 0.999 999.99 0.999 9.999 0.999000 99.99 0.999000 0.007 0.559000   0.915 0.000   1.282 0.000   6.940 0.000 999.999 0.999 999.999 0.999 9.999 0.999 0.211 0.559000
175.291667 176.291667 9999.99 0.999 999.99 0.999 9.999 0.999000 99.99 0.999000 0.004 0.559000   1.864 0.000   2.610 0.000   9.609 0.000 999.999 0.999 999.999 0.999 9.999 0.999 0.188 0.559000
178.291667 179.291667   48.54 0.000   0.48 0.000 9.999 0.259000 99.99 0.259000 0.012 0.559000   2.281 0.000   3.194 0.000  10.710 0.000   3.590 0.000   7.120 0.000 0.044 0.000 0.171 0.559000
181.291667 182.291667   23.77 0.000   0.57 0.000 0.010 0.000000 99.99 0.259000 0.010 0.559000   2.410 0.000   4.338 0.000   8.547 0.000   2.403 0.000   6.144 0.000 0.035 0.000 0.158 0.559000
184.291667 185.291667  113.20 0.394   2.29 0.394 9.999 0.394259 99.99 0.394259 0.066 0.559394  16.712 0.394  30.082 0.394  53.772 0.000  15.578 0.394  38.194 0.000 0.165 0.394 0.662 0.559394
187.291667 188.291667 9999.99 0.999 999.99 0.999 9.999 0.999000 99.99 0.999000 9.999 0.999000 999.999 0.999 999.999 0.999 999.999 0.999 999.999 0.999 999.999 0.999 9.999 0.999 9.999 0.999000
190.291667 191.291667 9999.99 0.999 999.99 0.999 9.999 0.999000 99.99 0.999000 9.999 0.999000 999.999 0.999 999.999 0.999 999.999 0.999 999.999 0.999 999.999 0.999 9.999 0.999 9.999 0.999000
193.291667 194.291667  200.72 0.000   0.59 0.000 9.999 0.259000  0.62 0.000000 0.009 0.559000   1.242 0.000   2.235 0.000   5.862 0.000   2.020 0.000   3.842 0.000 0.024 0.000 0.080 0.559000
196.291667 197.291667   29.53 0.000   0.56 0.000 9.999 0.259000 99.99 0.259000 0.007 0.559000   2.549 0.000   4.589 0.000   9.423 0.000   3.700 0.000   5.723 0.000 0.043 0.000 0.112 0.559000
199.291667 200.291667  111.04 0.000   0.84 0.000 0.036 0.000000  0.20 0.000000 0.027 0.559000   5.364 0.000   9.655 0.000  15.270 0.000   2.817 0.000  12.454 0.000 0.117 0.000 0.128 0.559000
202.291667 203.291667   78.35 0.000   0.71 0.000 0.015 0.000000  0.97 0.000000 0.012 0.000000   3.438 0.000   6.189 0.000  14.629 0.000   5.304 0.000   9.325 0.000 0.069 0.000 0.155 0.000000
205.291667 206.291667  131.41 0.000   1.20 0.000 9.999 0.259000  1.03 0.000000 0.010 0.000000   2.732 0.000   4.918 0.000  14.243 0.000   6.323 0.000   7.920 0.000 0.060 0.000 0.149 0.000000
208.291667 209.291667   58.05 0.000   0.71 0.000 9.999 0.259000  0.13 0.000000 0.014 0.000000   3.538 0.000   6.368 0.000  15.002 0.000   6.421 0.000   8.581 0.000 0.062 0.000 0.140 0.000000
211.291667 212.291667   33.34 0.000   1.11 0.000 9.999 0.259000 99.99 0.259000 0.021 0.000000   2.763 0.000   4.973 0.000  11.621 0.000   4.496 0.000   7.126 0.000 0.039 0.000 0.087 0.000000
214.291667 215.291667   58.50 0.000   1.25 0.000 9.999 0.259000  0.25 0.000000 0.013 0.000000   2.771 0.000   4.988 0.000  12.177 0.000   4.131 0.000   8.046 0.000 0.041 0.000 0.077 0.000000
217.291667 218.291667   41.01 0.000   1.08 0.000 0.013 0.000000 99.99 0.259000 0.023 0.000000   3.668 0.000   6.602 0.000  12.951 0.000   3.489 0.000   9.462 0.000 0.052 0.000 0.210 0.000000
220.291667 221.291667   81.81 0.000   0.63 0.000 9.999 0.259000  0.24 0.000000 0.019 0.000000   1.768 0.000   3.182 0.000  11.889 0.000   5.979 0.000   5.910 0.000 0.066 0.000 0.159 0.000000
223.291667 224.291667   32.97 0.000   0.50 0.000 9.999 0.259000 99.99 0.259000 0.028 0.000000   4.052 0.000   7.294 0.000  12.895 0.000   3.677 0.000   9.218 0.000 0.087 0.000 0.114 0.000000
226.291667 227.291667 9999.99 0.999 999.99 0.999 9.999 0.999000 99.99 0.999000 9.999 0.999000 999.999 0.999 999.999 0.999 999.999 0.999 999.999 0.999 999.999 0.999 9.999 0.999 9.999 0.999000
229.291667 230.291667 9999.99 0.999 999.99 0.999 9.999 0.999000 99.99 0.999000 9.999 0.999000 999.999 0.999 999.999 0.999 999.999 0.999 999.999 0.999 999.999 0.999 9.999 0.999 9.999 0.999000
232.291667 233.291667 9999.99 0.999 999.99 0.999 9.999 0.999000 99.99 0.999000 9.999 0.999000 999.999 0.999 999.999 0.999 999.999 0.999 999.999 0.999 999.999 0.999 9.999 0.999 9.999 0.999000
235.291667 236.291667   81.78 0.699   1.43 0.699 9.999 0.699259  0.12 0.699000 0.264 0.000000  37.416 0.000  67.350 0.000  76.394 0.000   6.534 0.699  69.860 0.659 0.526 0.699 0.370 0.000000
238.291667 239.291667   28.25 0.000   0.68 0.000 9.999 0.259000 99.99 0.259000 0.041 0.000000  18.198 0.000  32.757 0.000  38.241 0.000   3.957 0.000  34.283 0.000 0.111 0.000 0.156 0.000000
241.291667 242.291667   56.70 0.000   0.42 0.000 9.999 0.259000  0.15 0.000000 0.050 0.000000   4.747 0.000   8.544 0.000  16.107 0.000   5.536 0.000  10.571 0.000 0.071 0.000 0.083 0.000000
244.291667 245.291667   48.79 0.000   0.53 0.000 9.999 0.259000 99.99 0.259000 0.049 0.000000  16.446 0.000  29.602 0.000  37.263 0.000   4.121 0.000  33.142 0.000 0.126 0.000 0.086 0.000000
247.291667 248.291667 9999.99 0.999 999.99 0.999 9.999 0.999000 99.99 0.999000 9.999 0.999000 999.999 0.999 999.999 0.999 999.999 0.999 999.999 0.999 999.999 0.999 9.999 0.999 9.999 0.999000
