scripts/IMPROVE-2019_partial/data/US9052R.20030103050000.20191216000000.filterpack..pm25.1y.1w.US03L_filterpack_US9052.US03L_IMPROVE_Davis.lev2.nas
66 1001
MISSING INFORMATION
US03L, IMPROVE, , , , , , , 
MISSING INFORMATION
IMPROVE sel_HTAP
1 1
2003 01 01 2019 12 16
3.000000
days from file reference point
27
1 1 1 1 1 1 1 1 1 1 1 1 1 1 1 1 1 1 1 1 1 1 1 1 1 1 1
999.999999 99.999 9.999 9999.99 9.999 99.99 9.999 9.999 9.999999 99.99 9.999 9.999 9.999 999.999 9.999 999.999 9.999 999.999 9.999 999.999 9.999 999.999 9.999 9.999 9.999 99.999 9.999
end_time of measurement, days from the file reference point
ammonium, ug N/m3, Revision date=20181210133000
numflag ammonium, no unit, Revision date=20181210133000
iron, ng/m3, Revision date=20181210133000
numflag iron, no unit, Revision date=20181210133000
lead, ng/m3, Revision date=20181210133000
numflag lead, no unit, Revision date=20181210133000
magnesium, ug/m3, Revision date=20181210133000
numflag magnesium, no unit, Revision date=20181210133000
nickel, ng/m3, Revision date=20181210133000
numflag nickel, no unit, Revision date=20181210133000
nitrate, ug N/m3, Revision date=20181210133000
numflag nitrate, no unit, Revision date=20181210133000
organic_carbon, ug C/m3, Revision date=20181210133000
numflag organic_carbon, no unit, Revision date=20181210133000
organic_mass, ug/m3, Revision date=20181210133000
numflag organic_mass, no unit, Revision date=20181210133000
pm10_mass, ug/m3, Version=2, Version description=Data extracted from http://views.cira.colostate.edu/fed/DataWizard 2019-12-16, Sample duration=1d, Orig. time res.=3d, Matrix=pm10, Blank correction=Blank corrected, Volume std. temperature=ambient, Volume std. pressure=ambient
numflag pm10_mass, no unit, Version=2, Version description=Data extracted from http://views.cira.colostate.edu/fed/DataWizard 2019-12-16, Sample duration=1d, Orig. time res.=3d, Matrix=pm10, Blank correction=Blank corrected, Volume std. temperature=ambient, Volume std. pressure=ambient
pm10_pm25_mass, ug/m3, Revision date=20181210133000, Matrix=pm10_pm25
numflag pm10_pm25_mass, no unit, Revision date=20181210133000, Matrix=pm10_pm25
pm25_mass, ug/m3, Version=2, Version description=Data extracted from http://views.cira.colostate.edu/fed/DataWizard 2019-12-16, Sample duration=1d, Orig. time res.=3d, Blank correction=Blank corrected, Volume std. temperature=ambient, Volume std. pressure=ambient
numflag pm25_mass, no unit, Version=2, Version description=Data extracted from http://views.cira.colostate.edu/fed/DataWizard 2019-12-16, Sample duration=1d, Orig. time res.=3d, Blank correction=Blank corrected, Volume std. temperature=ambient, Volume std. pressure=ambient
potassium, ug/m3, Revision date=20181210133000
numflag potassium, no unit, Revision date=20181210133000
sulphate_total, ug S/m3, Revision date=20181210133000
numflag sulphate_total, no unit, Revision date=20181210133000
0
25
Data definition:              EBAS_1.1
Set type code:                TU
Timezone:                     UTC
File name:                    US9052R.20030103050000.20191216000000.filterpack..pm25.1y.1w.US03L_filterpack_US9052.US03L_IMPROVE_Davis.lev2.nas
File creation:                20191218120901
Startdate:                    20030103050000
Revision date:                20191216000000
Statistics:                   arithmetic mean
Data level:                   2
Period code:                  1y
Resolution code:              1w
Station code:                 US9052R
Platform code:                US9052S
Station name:                 St. Marks
Station latitude:             30.0926
Station longitude:            -84.1614
Station altitude:             7.0 m
Regime:                       IMG
Component:                    
Matrix:                       pm25
Laboratory code:              US03L
Instrument type:              filterpack
Instrument name:              filterpack_US9052
Method ref:                   US03L_IMPROVE_Davis
starttime endtime NH4+ flag_NH4+ Fe flag_Fe Pb flag_Pb Mg++ flag_Mg++ Ni flag_Ni NO3- flag_NO3- OC flag_OC OM flag_OM PM10 flag_PM10 PM10-PM2.5 flag_PM10-PM2.5 PM2.5 flag_PM2.5 K+ flag_K+ SO4-- flag_SO4--
[from data line 83]
251.208333 252.208333  1.432 0.559   18.52 0.000  1.48 0.000 9.999 0.259000  0.31 0.000 0.028 0.559   3.026 0.000   4.237 0.000  21.525 0.000   3.723 0.000  17.802 0.000 0.036 0.000  2.789 0.559
254.208333 255.208333  0.542 0.559   21.88 0.000  0.85 0.000 9.999 0.259000  0.69 0.000 0.055 0.559   3.477 0.000   4.867 0.000  15.652 0.000   3.665 0.000  11.987 0.000 0.055 0.000  1.147 0.559
257.208333 258.208333  0.905 0.559   16.57 0.000  0.83 0.000 9.999 0.259000  0.69 0.000 0.029 0.559   2.999 0.000   4.198 0.000  17.254 0.000   3.485 0.000  13.769 0.000 0.037 0.000  1.821 0.559
260.208333 261.208333  1.168 0.559   33.09 0.000  1.43 0.000 0.039 0.000000  0.30 0.000 0.031 0.559   3.086 0.000   4.321 0.000  20.222 0.000   5.388 0.000  14.833 0.000 0.038 0.000  1.757 0.559
263.208333 264.208333  0.160 0.559    8.49 0.000  0.41 0.000 9.999 0.259000  0.47 0.000 0.047 0.559   1.020 0.000   1.427 0.000   9.823 0.000   4.854 0.000   4.969 0.000 0.054 0.000  0.566 0.559
266.208333 267.208333  0.736 0.559   15.80 0.000  1.04 0.000 9.999 0.259000  1.10 0.000 0.054 0.559   1.636 0.000   2.291 0.000  14.748 0.000   2.952 0.000  11.796 0.000 0.049 0.000  1.727 0.559
269.208333 270.208333  0.169 0.559    6.15 0.000  0.28 0.000 9.999 0.259000  0.75 0.000 0.039 0.559   0.678 0.000   0.949 0.000   7.052 0.000   2.663 0.000   4.389 0.000 0.030 0.000  0.567 0.559
272.208333 273.208333  0.516 0.559   26.98 0.000  1.22 0.000 0.062 0.000000  0.15 0.000 0.035 0.559   1.820 0.000   2.548 0.000  12.225 0.000   4.379 0.000   7.846 0.000 0.046 0.000  0.740 0.559
275.208333 276.208333  1.229 0.559   36.12 0.000  1.85 0.000 9.999 0.259000  0.20 0.000 0.052 0.559   2.855 0.000   3.997 0.000  19.929 0.000   5.262 0.000  14.667 0.000 0.067 0.000  1.796 0.559
278.208333 279.208333  0.995 0.559   22.10 0.000  1.23 0.000 9.999 0.259000  0.48 0.000 0.058 0.559   2.170 0.000   3.038 0.000  17.163 0.000   2.793 0.000  14.370 0.000 0.045 0.000  1.858 0.559
281.208333 282.208333  0.794 0.559   13.46 0.000  0.83 0.000 9.999 0.259000  0.50 0.000 0.042 0.559   1.377 0.000   1.928 0.000  12.774 0.000   2.522 0.000  10.251 0.000 0.038 0.000  1.491 0.559
284.208333 285.208333  0.438 0.559    6.12 0.000  0.29 0.000 0.046 0.000000  0.51 0.000 0.020 0.559   0.780 0.000   1.093 0.000   8.753 0.000   2.946 0.000   5.807 0.000 0.032 0.000  0.870 0.559
287.208333 288.208333  0.370 0.559   15.43 0.000  2.28 0.000 9.999 0.259000 99.99 0.259 0.019 0.559   1.464 0.000   2.049 0.000   8.887 0.000   3.284 0.000   5.603 0.000 0.035 0.000  0.466 0.559
290.208333 291.208333  0.782 0.559   23.39 0.000  1.80 0.000 9.999 0.259000  0.29 0.000 0.035 0.559   2.769 0.000   3.876 0.000  14.860 0.000   2.730 0.000  12.130 0.000 0.056 0.000  1.267 0.559
293.208333 294.208333  0.997 0.559   26.58 0.000  3.11 0.000 9.999 0.259000  0.21 0.000 0.034 0.559   3.179 0.000   4.450 0.000  20.398 0.000   3.743 0.000  16.655 0.000 0.054 0.000  1.810 0.559
296.208333 297.208333  0.986 0.559   38.20 0.000  1.73 0.000 9.999 0.259000  0.12 0.000 0.032 0.559   2.146 0.000   3.005 0.000  19.314 0.000   4.493 0.000  14.821 0.000 0.077 0.000  1.793 0.559
299.208333 300.208333  0.215 0.559    3.98 0.000  1.34 0.000 9.999 0.259000  0.25 0.000 0.022 0.559   0.980 0.000   1.372 0.000   8.492 0.000   4.331 0.000   4.161 0.000 0.028 0.000  0.370 0.559
302.208333 303.208333  0.823 0.559   26.90 0.000  1.25 0.000 9.999 0.259000  0.23 0.000 0.044 0.559   2.697 0.000   3.776 0.000  15.806 0.000   4.671 0.000  11.135 0.000 0.057 0.000  1.204 0.559
305.208333 306.208333  0.541 0.559   22.93 0.000  1.79 0.000 9.999 0.259000  0.31 0.000 0.031 0.559   2.501 0.000   3.501 0.000  12.306 0.000   3.156 0.000   9.150 0.000 0.057 0.000  0.783 0.559
308.208333 309.208333  0.430 0.559    7.19 0.000  0.46 0.000 0.049 0.000000  0.96 0.000 0.091 0.559   1.031 0.000   1.444 0.000   8.412 0.000   2.369 0.000   6.043 0.000 0.032 0.000  0.905 0.559
311.208333 312.208333  1.968 0.559   27.24 0.000  1.24 0.000 9.999 0.259000  0.15 0.000 0.067 0.559   4.730 0.000   6.623 0.000  24.812 0.000   2.475 0.000  22.337 0.000 0.061 0.000  2.876 0.559
314.208333 315.208333  0.172 0.559   16.16 0.000  1.00 0.000 0.032 0.000000  0.30 0.000 0.089 0.559   1.641 0.000   2.297 0.000  10.183 0.000   4.752 0.000   5.431 0.000 0.055 0.000  0.381 0.559
317.208333 318.208333  0.204 0.559   22.17 0.000  0.79 0.000 9.999 0.259000 99.99 0.259 0.044 0.559   1.307 0.000   1.830 0.000   6.799 0.000   2.987 0.000   3.812 0.000 0.038 0.000  0.228 0.559
320.208333 321.208333  0.413 0.559   13.88 0.000  0.98 0.000 9.999 0.259000  0.37 0.000 0.051 0.559   0.989 0.000   1.385 0.000   9.499 0.000   3.419 0.000   6.080 0.000 0.096 0.000  0.782 0.559
323.208333 324.208333  0.146 0.559   21.47 0.000  1.49 0.000 0.036 0.000000  0.09 0.000 0.023 0.559   1.593 0.000   2.230 0.000   5.534 0.000   1.093 0.000   4.441 0.000 0.034 0.000  0.224 0.559
326.208333 327.208333  0.549 0.559   10.29 0.000  1.06 0.000 9.999 0.259000  0.39 0.000 0.051 0.559   1.520 0.000   2.128 0.000   9.621 0.000   1.603 0.000   8.017 0.000 0.049 0.000  0.963 0.559
329.208333 330.208333  0.509 0.559   14.02 0.000  0.99 0.000 9.999 0.259000  0.15 0.000 0.036 0.559   1.875 0.000   2.626 0.000   9.729 0.000   2.067 0.000   7.663 0.000 0.040 0.000  0.804 0.559
332.208333 333.208333  0.189 0.559    8.07 0.000  0.66 0.000 0.077 0.000000 99.99 0.259 0.022 0.559   1.262 0.000   1.767 0.000   3.890 0.000   0.728 0.000   3.162 0.000 0.026 0.000  0.192 0.559
335.208333 336.208333  0.267 0.559   32.61 0.000  1.54 0.000 9.999 0.259000 99.99 0.259 0.039 0.559   3.078 0.000   4.309 0.000   9.847 0.000   1.989 0.000   7.857 0.000 0.079 0.000  0.349 0.559
338.208333 339.208333  0.978 0.559   14.20 0.000  0.91 0.000 0.090 0.000000  0.36 0.000 0.132 0.559   1.788 0.000   2.503 0.000  10.272 0.000   1.271 0.000   9.001 0.000 0.051 0.000  1.182 0.559
341.208333 342.208333  1.086 0.559   15.62 0.000  1.87 0.000 9.999 0.259000  0.18 0.000 0.134 0.559   2.295 0.000   3.213 0.000  11.198 0.000   0.678 0.000  10.520 0.000 0.056 0.000  1.320 0.559
344.208333 345.208333  0.653 0.559   12.59 0.000  5.43 0.000 9.999 0.259000  0.20 0.000 0.047 0.559   1.940 0.000   2.716 0.000   8.508 0.000   0.759 0.000   7.749 0.000 0.053 0.000  0.792 0.559
347.208333 348.208333  0.654 0.559   13.25 0.000  1.17 0.000 9.999 0.259000  0.51 0.000 0.036 0.559   1.462 0.000   2.046 0.000   8.472 0.000   1.168 0.000   7.304 0.000 0.054 0.000  0.513 0.559
350.208333 351.208333  0.583 0.559   17.41 0.000  0.72 0.000 9.999 0.259000 99.99 0.259 0.062 0.559   0.864 0.000   1.210 0.000   6.290 0.000   1.660 0.000   4.630 0.000 0.023 0.000  0.631 0.559
353.208333 354.208333  0.263 0.559   12.41 0.000  2.96 0.000 0.056 0.000000  0.44 0.000 0.069 0.559   1.914 0.000   2.680 0.000   5.817 0.000   1.089 0.000   4.728 0.000 0.038 0.000  0.261 0.559
356.208333 357.208333  0.515 0.559   13.80 0.000  0.64 0.000 9.999 0.259000  0.64 0.000 0.081 0.559   2.098 0.000   2.937 0.000   8.671 0.000   1.442 0.000   7.228 0.000 0.068 0.000  0.734 0.559
359.208333 360.208333  0.533 0.559  180.52 0.000  1.28 0.000 9.999 0.259000 99.99 0.259 0.083 0.559   1.963 0.000   2.748 0.000   7.529 0.000   0.377 0.000   7.152 0.000 0.047 0.000  0.615 0.559
362.208333 363.208333  0.597 0.559   19.81 0.000  1.69 0.000 0.103 0.000000  1.05 0.000 0.097 0.559   1.852 0.000   2.593 0.000  11.827 0.000   3.908 0.000   7.920 0.000 0.059 0.000  0.815 0.559
