scripts/IMPROVE-2019_partial/data/US9033R.20120101060000.20191216000000.filterpack...52w.3d.US03L_filterpack_US9033.US03L_IMPROVE_Davis.lev2.nas
52 1001
MISSING INFORMATION
US03L, IMPROVE, , , , , , , 
MISSING INFORMATION
IMPROVE sel_HTAP
1 1
2012 01 01 2019 12 16
3.00
days from file reference point
5
1 1 1 1 1
999.99 999.999 9.999 999.999 9.999
end_time of measurement, days from the file reference point
pm10_mass, ug/m3, Matrix=pm10
numflag pm10_mass, no unit, Matrix=pm10
pm25_mass, ug/m3, Matrix=pm25
numflag pm25_mass, no unit, Matrix=pm25
0
33
Data definition:              EBAS_1.1
Set type code:                TU
Timezone:                     UTC
File name:                    US9033R.20120101060000.20191216000000.filterpack...52w.3d.US03L_filterpack_US9033.US03L_IMPROVE_Davis.lev2.nas
File creation:                20191218120728
Startdate:                    20120101060000
Revision date:                20191216000000
Version:                      2
Version description:          "Data extracted from http://views.cira.colostate.edu/fed/DataWizard 2019-12-16"
Statistics:                   arithmetic mean
Data level:                   2
Period code:                  52w
Resolution code:              3d
Sample duration:              1d
Orig. time res.:              3d
Station code:                 US9033R
Platform code:                US9033S
Station name:                 Sipsy Wilderness
Station latitude:             34.3433
Station longitude:            -87.3388
Station altitude:             286.0 m
Regime:                       IMG
Component:                    
Unit:                         ug/m3
Matrix:                       
Laboratory code:              US03L
Instrument type:              filterpack
Instrument name:              filterpack_US9033
Method ref:                   US03L_IMPROVE_Davis
Blank correction:             Blank corrected
Volume std. temperature:      ambient
Volume std. pressure:         ambient
starttime endtime PM10 flag_PM10 PM2.5 flag_PM2.5
  0.25   1.25  12.704 0.000   5.394 0.000
  3.25   4.25 999.999 0.999 999.999 0.999
  6.25   7.25   7.167 0.000   7.299 0.000
  9.25  10.25   6.513 0.000   4.884 0.000
 12.25  13.25 999.999 0.999 999.999 0.999
 15.25  16.25   9.652 0.000   5.557 0.000
 18.25  19.25   7.833 0.000   5.466 0.000
 21.25  22.25   7.164 0.000   5.888 0.000
 24.25  25.25  10.569 0.000   5.102 0.000
 27.25  28.25   4.170 0.000   2.580 0.000
 30.25  31.25  13.305 0.000   8.437 0.000
 33.25  34.25   5.905 0.000   4.311 0.000
 36.25  37.25   7.378 0.000   6.191 0.000
 39.25  40.25 999.999 0.999 999.999 0.999
 42.25  43.25   4.940 0.000   2.215 0.000
 45.25  46.25  10.124 0.000   7.634 0.000
 48.25  49.25  11.041 0.000  11.612 0.000
 51.25  52.25   6.986 0.000   3.547 0.000
 54.25  55.25   8.909 0.000   3.636 0.000
 57.25  58.25   9.918 0.000   6.835 0.000
 60.25  61.25  14.260 0.000   5.786 0.000
 63.25  64.25   4.699 0.000   2.484 0.000
 66.25  67.25 999.999 0.999 999.999 0.999
 69.25  70.25   7.161 0.000   4.567 0.000
 72.25  73.25   8.405 0.000   5.303 0.000
 75.25  76.25  14.554 0.000   6.859 0.000
 78.25  79.25  19.582 0.000   9.529 0.000
 81.25  82.25  25.912 0.000   7.690 0.000
 84.25  85.25  13.142 0.000   6.825 0.000
 87.25  88.25 999.999 0.999 999.999 0.999
 90.25  91.25   9.949 0.000   7.751 0.000
 93.25  94.25   6.452 0.000   4.425 0.000
 96.25  97.25   8.300 0.000   4.640 0.000
 99.25 100.25   9.431 0.000   5.958 0.000
102.25 103.25  18.322 0.000  15.261 0.000
105.25 106.25  13.767 0.000  10.244 0.000
108.25 109.25   7.918 0.000   4.891 0.000
111.25 112.25   8.585 0.000   5.744 0.000
114.25 115.25   9.142 0.000   4.460 0.000
117.25 118.25  17.714 0.000   9.336 0.000
120.25 121.25  11.922 0.000   6.758 0.000
123.25 124.25   9.680 0.000   5.580 0.000
126.25 127.25 999.999 0.999 999.999 0.999
129.25 130.25 999.999 0.999 999.999 0.999
132.25 133.25  15.122 0.000  12.660 0.000
135.25 136.25   8.347 0.000   5.264 0.000
138.25 139.25  16.522 0.000  11.535 0.000
141.25 142.25  14.205 0.000  10.078 0.000
144.25 145.25  19.092 0.000  14.390 0.000
147.25 148.25  19.983 0.000  14.998 0.000
150.25 151.25  12.854 0.000   7.652 0.000
153.25 154.25   7.231 0.000   4.902 0.000
156.25 157.25  12.229 0.000   7.637 0.000
159.25 160.25  13.419 0.000   9.506 0.000
162.25 163.25   8.546 0.000   5.257 0.000
165.25 166.25  14.489 0.000   9.218 0.000
168.25 169.25  11.992 0.000   8.953 0.000
171.25 172.25  13.949 0.000  10.095 0.000
174.25 175.25  13.826 0.000  11.429 0.000
177.25 178.25  18.383 0.000 999.999 0.456
180.25 181.25  27.665 0.000 999.999 0.456
183.25 184.25  18.381 0.000 999.999 0.456
186.25 187.25  24.218 0.000  14.700 0.000
189.25 190.25  14.799 0.000  11.841 0.000
192.25 193.25   8.418 0.000   5.363 0.000
195.25 196.25  10.647 0.000   6.319 0.000
198.25 199.25  12.889 0.000   6.612 0.000
201.25 202.25  13.675 0.000   8.194 0.000
204.25 205.25  21.090 0.000   8.915 0.000
207.25 208.25  18.000 0.000   9.481 0.000
210.25 211.25  14.439 0.000   9.988 0.000
213.25 214.25  17.718 0.000  12.047 0.000
216.25 217.25  15.773 0.000  10.094 0.000
219.25 220.25  18.823 0.000  11.663 0.000
222.25 223.25  12.224 0.000   6.927 0.000
225.25 226.25  11.403 0.000   6.978 0.000
228.25 229.25  17.582 0.000  12.079 0.000
231.25 232.25  13.756 0.000   9.024 0.000
234.25 235.25  17.631 0.000  10.146 0.000
237.25 238.25  14.722 0.000 999.999 0.999
240.25 241.25  10.477 0.000   6.809 0.000
243.25 244.25  10.842 0.000   5.272 0.000
246.25 247.25  10.098 0.000 999.999 0.999
249.25 250.25  11.282 0.000   5.347 0.000
252.25 253.25   8.254 0.000   4.027 0.000
255.25 256.25  12.622 0.000   8.242 0.000
258.25 259.25  13.328 0.000   9.634 0.000
261.25 262.25   9.912 0.000   5.125 0.000
264.25 265.25   7.786 0.000   4.324 0.000
267.25 268.25   7.184 0.000   3.726 0.000
270.25 271.25  13.709 0.000   8.584 0.000
273.25 274.25  13.004 0.000   9.005 0.000
276.25 277.25  10.782 0.000   6.568 0.000
279.25 280.25   7.679 0.000   4.397 0.000
282.25 283.25   5.694 0.000   3.771 0.000
285.25 286.25 999.999 0.456   9.269 0.000
288.25 289.25 999.999 0.456   5.602 0.000
291.25 292.25  10.866 0.000   3.285 0.000
294.25 295.25   6.041 0.000   6.403 0.000
297.25 298.25   9.932 0.000   9.943 0.000
300.25 301.25   6.374 0.000   4.729 0.000
303.25 304.25   2.368 0.000   3.323 0.000
306.25 307.25 999.999 0.999   7.893 0.000
309.25 310.25   6.874 0.000   6.342 0.000
312.25 313.25 999.999 0.999   9.988 0.000
315.25 316.25   7.767 0.000   7.452 0.000
318.25 319.25   4.540 0.000   5.442 0.000
321.25 322.25 999.999 0.999   8.784 0.000
324.25 325.25   5.566 0.000   6.749 0.000
327.25 328.25  10.721 0.000   9.122 0.000
330.25 331.25  11.574 0.000   9.083 0.000
333.25 334.25   6.375 0.000   7.096 0.000
336.25 337.25  10.308 0.000   6.185 0.000
339.25 340.25 999.999 0.999 999.999 0.999
342.25 343.25  10.035 0.000   7.350 0.000
345.25 346.25   8.096 0.000   5.801 0.000
348.25 349.25   5.953 0.000   5.816 0.000
351.25 352.25   6.651 0.000   3.385 0.000
354.25 355.25  16.973 0.000   5.774 0.000
357.25 358.25   8.717 0.000   5.382 0.000
360.25 361.25   4.467 0.000   3.612 0.000
363.25 364.25   8.119 0.000   6.736 0.000
