scripts/IMPROVE-2019_partial/data/US9042R.20140102080000.20191216000000.filterpack...52w.3d.US03L_filterpack_US9042_YOSE1.US03L_IMPROVE_Davis.lev2.nas
60 1001
MISSING INFORMATION
US03L, IMPROVE, , , , , , , 
MISSING INFORMATION
IMPROVE sel_HTAP
1 1
2014 01 01 2019 12 16
3.000000
days from file reference point
5
1 1 1 1 1
999.999999 999.999 9.999 999.999 9.999
end_time of measurement, days from the file reference point
pm10_mass, ug/m3, Matrix=pm10
numflag pm10_mass, no unit, Matrix=pm10
pm25_mass, ug/m3, Matrix=pm25
numflag pm25_mass, no unit, Matrix=pm25
0
41
Data definition:              EBAS_1.1
Set type code:                TU
Timezone:                     UTC
File name:                    US9042R.20140102080000.20191216000000.filterpack...52w.3d.US03L_filterpack_US9042_YOSE1.US03L_IMPROVE_Davis.lev2.nas
File creation:                20191218120812
Startdate:                    20140102080000
Revision date:                20191216000000
Version:                      2
Version description:          "Data extracted from http://views.cira.colostate.edu/fed/DataWizard 2019-12-16"
Statistics:                   arithmetic mean
Data level:                   2
Period code:                  52w
Resolution code:              3d
Sample duration:              1d
Orig. time res.:              3d
Station code:                 US9042R
Platform code:                US9042S
Station name:                 Yosemite NP
Station WDCA-ID:              GAWAUSCAYOS
Station GAW-ID:               YOS
Station GAW-Name:             Yosemite NP - Turtleback Dome
Station state/province:       CA
Station land use:             Remote park
Station setting:              Mountain
Station GAW type:             C
Station WMO region:           4
Station latitude:             37.7133
Station longitude:            -119.7061
Station altitude:             1605.0 m
Regime:                       IMG
Component:                    
Unit:                         ug/m3
Matrix:                       
Laboratory code:              US03L
Instrument type:              filterpack
Instrument name:              filterpack_US9042_YOSE1
Method ref:                   US03L_IMPROVE_Davis
Blank correction:             Blank corrected
Volume std. temperature:      ambient
Volume std. pressure:         ambient
starttime endtime PM10 flag_PM10 PM2.5 flag_PM2.5
  1.333333   2.333333   2.161 0.000   0.970 0.000
  4.333333   5.333333   1.881 0.000   0.970 0.000
  7.333333   8.333333   2.299 0.000   1.018 0.000
 10.333333  11.333333   3.328 0.000   2.150 0.000
 13.333333  14.333333   2.381 0.000   1.378 0.000
 16.333333  17.333333   1.695 0.000   1.040 0.000
 19.333333  20.333333   1.994 0.000   1.622 0.000
 22.333333  23.333333   3.495 0.000   2.102 0.000
 25.333333  26.333333   7.376 0.000   2.928 0.000
 28.333333  29.333333   6.155 0.000   2.253 0.000
 31.333333  32.333333   2.576 0.000   1.304 0.000
 34.333333  35.333333   4.106 0.000   1.923 0.000
 37.333333  38.333333   0.716 0.000   0.248 0.000
 40.333333  41.333333   1.418 0.000   0.677 0.000
 43.333333  44.333333   1.281 0.000   1.108 0.000
 46.333333  47.333333   1.912 0.000   1.293 0.000
 49.333333  50.333333   3.495 0.000   1.824 0.000
 52.333333  53.333333   3.452 0.000   1.914 0.000
 55.333333  56.333333   8.250 0.000   3.411 0.000
 58.333333  59.333333   0.839 0.000   0.597 0.000
 61.333333  62.333333   1.715 0.000   0.676 0.000
 64.333333  65.333333   3.999 0.000   1.817 0.000
 67.333333  68.333333   2.400 0.000   1.380 0.000
 70.333333  71.333333   3.014 0.000   0.991 0.000
 73.333333  74.333333  10.787 0.000   5.349 0.000
 76.333333  77.333333   5.659 0.000   2.345 0.000
 79.333333  80.333333  10.922 0.000   4.234 0.000
 82.333333  83.333333   6.423 0.000   3.638 0.000
 85.333333  86.333333   3.526 0.000   2.341 0.000
 88.333333  89.333333   2.609 0.000   1.813 0.000
 91.333333  92.333333   0.798 0.000   0.461 0.000
 94.333333  95.333333   2.765 0.000   1.932 0.000
 97.333333  98.333333   5.810 0.000   3.686 0.000
100.333333 101.333333 999.999 0.456   5.035 0.000
103.333333 104.333333 999.999 0.456   5.718 0.000
106.333333 107.333333  10.488 0.000   5.151 0.000
109.333333 110.333333   9.198 0.000   5.901 0.000
112.333333 113.333333   3.914 0.000   1.718 0.000
115.333333 116.333333   1.675 0.000   1.050 0.000
118.333333 119.333333   5.818 0.000   3.358 0.000
121.333333 122.333333   8.798 0.000   4.759 0.000
124.333333 125.333333   8.603 0.000   3.451 0.000
127.333333 128.333333  10.940 0.000   4.576 0.000
130.333333 131.333333   5.967 0.000   1.442 0.000
133.333333 134.333333  11.684 0.000   4.964 0.000
136.333333 137.333333   7.296 0.000   3.224 0.000
139.333333 140.333333   3.265 0.000   1.510 0.000
142.333333 143.333333   9.445 0.000   4.078 0.000
145.333333 146.333333   9.785 0.000   4.803 0.000
148.333333 149.333333  11.939 0.000   3.923 0.000
151.333333 152.333333  14.361 0.000   7.869 0.000
154.333333 155.333333  15.733 0.000   6.707 0.000
157.333333 158.333333  12.662 0.000   6.018 0.000
160.333333 161.333333  20.836 0.000   7.454 0.000
163.333333 164.333333  12.894 0.000   4.284 0.000
166.333333 167.333333  13.887 0.000   4.424 0.000
169.333333 170.333333  12.305 0.000   3.755 0.000
172.333333 173.333333   7.156 0.000   2.778 0.000
175.333333 176.333333  10.056 0.000   2.684 0.000
178.333333 179.333333   5.233 0.000   2.299 0.000
181.333333 182.333333  14.468 0.000   6.376 0.000
184.333333 185.333333  14.006 0.000   5.148 0.000
187.333333 188.333333  14.885 0.000   9.864 0.000
190.333333 191.333333  16.972 0.000   5.611 0.000
193.333333 194.333333  11.164 0.000   4.690 0.000
196.333333 197.333333  14.080 0.000   6.500 0.000
199.333333 200.333333  10.665 0.000   5.514 0.000
202.333333 203.333333  15.737 0.000   6.888 0.000
205.333333 206.333333  18.494 0.000   9.554 0.000
208.333333 209.333333  46.610 0.000  38.228 0.000
211.333333 212.333333  27.811 0.000  20.676 0.000
214.333333 215.333333  27.414 0.000  17.300 0.000
217.333333 218.333333  20.184 0.000  15.037 0.000
220.333333 221.333333  21.509 0.000  12.669 0.000
223.333333 224.333333 999.999 0.999 999.999 0.999
226.333333 227.333333  21.743 0.000   7.843 0.000
229.333333 230.333333  17.151 0.000   8.640 0.000
232.333333 233.333333  19.101 0.000   7.739 0.000
235.333333 236.333333  17.178 0.000   4.862 0.000
238.333333 239.333333  24.365 0.000   7.362 0.000
241.333333 242.333333   9.272 0.000   3.600 0.000
244.333333 245.333333  20.737 0.000   8.030 0.000
247.333333 248.333333  31.148 0.000  14.176 0.000
250.333333 251.333333  18.214 0.000   9.033 0.000
253.333333 254.333333 999.999 0.699 999.999 0.699
256.333333 257.333333  11.002 0.000   4.923 0.000
259.333333 260.333333  13.027 0.000   4.700 0.000
262.333333 263.333333  31.941 0.000  25.817 0.000
265.333333 266.333333  15.867 0.000   5.787 0.000
268.333333 269.333333   6.029 0.000   1.970 0.000
271.333333 272.333333   3.769 0.000   2.186 0.000
274.333333 275.333333   9.993 0.000   4.070 0.000
277.333333 278.333333   8.754 0.000   3.555 0.000
280.333333 281.333333  31.505 0.000  24.202 0.000
283.333333 284.333333  10.272 0.000   3.812 0.000
286.333333 287.333333  22.510 0.000   4.599 0.000
289.333333 290.333333  25.777 0.000   7.329 0.000
292.333333 293.333333  10.667 0.000   3.281 0.000
295.333333 296.333333   5.653 0.000   1.729 0.000
298.333333 299.333333   7.402 0.000   2.149 0.000
301.333333 302.333333   4.982 0.000   2.172 0.000
304.333333 305.333333   1.091 0.000   0.755 0.000
307.333333 308.333333   2.277 0.000   1.402 0.000
310.333333 311.333333   1.785 0.000   1.112 0.000
313.333333 314.333333   3.889 0.000   2.655 0.000
316.333333 317.333333   1.708 0.000   0.876 0.000
319.333333 320.333333   5.016 0.000   2.620 0.000
322.333333 323.333333   1.793 0.000   0.776 0.000
325.333333 326.333333   0.752 0.000   0.375 0.000
328.333333 329.333333   1.984 0.000   1.213 0.000
331.333333 332.333333   1.031 0.000   0.586 0.000
334.333333 335.333333   1.166 0.000   0.621 0.000
337.333333 338.333333   2.203 0.000   1.180 0.000
340.333333 341.333333   2.251 0.000   1.119 0.000
343.333333 344.333333   2.154 0.000   1.059 0.000
346.333333 347.333333   0.461 0.000   0.094 0.000
349.333333 350.333333   1.072 0.000   0.478 0.000
352.333333 353.333333   0.882 0.000   0.249 0.000
355.333333 356.333333   1.164 0.000   0.554 0.000
358.333333 359.333333 999.999 0.999 999.999 0.999
361.333333 362.333333 999.999 0.999 999.999 0.999
364.333333 365.333333   6.965 0.000   1.201 0.000
