scripts/IMPROVE-2019_partial/data/US9045R.20080101080000.20191216000000.filterpack...52w.3d.US03L_filterpack_US9045.US03L_IMPROVE_Davis.lev2.nas
52 1001
MISSING INFORMATION
US03L, IMPROVE, , , , , , , 
MISSING INFORMATION
IMPROVE sel_HTAP
1 1
2008 01 01 2019 12 16
3.000000
days from file reference point
5
1 1 1 1 1
999.999999 999.999 9.999 999.999 9.999
end_time of measurement, days from the file reference point
pm10_mass, ug/m3, Matrix=pm10
numflag pm10_mass, no unit, Matrix=pm10
pm25_mass, ug/m3, Matrix=pm25
numflag pm25_mass, no unit, Matrix=pm25
0
33
Data definition:              EBAS_1.1
Set type code:                TU
Timezone:                     UTC
File name:                    US9045R.20080101080000.20191216000000.filterpack...52w.3d.US03L_filterpack_US9045.US03L_IMPROVE_Davis.lev2.nas
File creation:                20191218120830
Startdate:                    20080101080000
Revision date:                20191216000000
Version:                      2
Version description:          "Data extracted from http://views.cira.colostate.edu/fed/DataWizard 2019-12-16"
Statistics:                   arithmetic mean
Data level:                   2
Period code:                  52w
Resolution code:              3d
Sample duration:              1d
Orig. time res.:              3d
Station code:                 US9045R
Platform code:                US9045S
Station name:                 Sequoia NP
Station latitude:             36.4894
Station longitude:            -118.8291
Station altitude:             519.0 m
Regime:                       IMG
Component:                    
Unit:                         ug/m3
Matrix:                       
Laboratory code:              US03L
Instrument type:              filterpack
Instrument name:              filterpack_US9045
Method ref:                   US03L_IMPROVE_Davis
Blank correction:             Blank corrected
Volume std. temperature:      ambient
Volume std. pressure:         ambient
starttime endtime PM10 flag_PM10 PM2.5 flag_PM2.5
  0.333333   1.333333   3.918 0.000   2.272 0.000
  3.333333   4.333333   3.081 0.000   1.200 0.000
  6.333333   7.333333   4.587 0.000   2.824 0.000
  9.333333  10.333333  10.461 0.000   7.698 0.000
 12.333333  13.333333   7.175 0.000   5.470 0.000
 15.333333  16.333333  18.574 0.000  19.138 0.000
 18.333333  19.333333   7.094 0.000   5.921 0.000
 21.333333  22.333333 999.999 0.999 999.999 0.999
 24.333333  25.333333   1.075 0.000   0.330 0.000
 27.333333  28.333333 999.999 0.999 999.999 0.999
 30.333333  31.333333 999.999 0.999 999.999 0.999
 33.333333  34.333333 999.999 0.999 999.999 0.999
 36.333333  37.333333 999.999 0.999 999.999 0.999
 39.333333  40.333333   5.297 0.000   3.961 0.000
 42.333333  43.333333   7.059 0.000   5.639 0.000
 45.333333  46.333333   5.521 0.000   2.652 0.000
 48.333333  49.333333 999.999 0.456   3.746 0.000
 51.333333  52.333333   1.500 0.000   0.541 0.000
 54.333333  55.333333   2.990 0.000   1.142 0.000
 57.333333  58.333333   4.707 0.000   3.011 0.000
 60.333333  61.333333  14.462 0.000  13.019 0.000
 63.333333  64.333333   8.495 0.000   5.161 0.000
 66.333333  67.333333   9.730 0.000   6.370 0.000
 69.333333  70.333333   5.568 0.000   3.659 0.000
 72.333333  73.333333 999.999 0.456   7.400 0.000
 75.333333  76.333333 999.999 0.456   2.105 0.000
 78.333333  79.333333   8.068 0.000   4.428 0.000
 81.333333  82.333333  11.879 0.000   7.159 0.000
 84.333333  85.333333  11.766 0.000   7.061 0.000
 87.333333  88.333333  10.918 0.000   6.532 0.000
 90.333333  91.333333   7.532 0.000   4.884 0.000
 93.333333  94.333333  15.880 0.000   9.505 0.000
 96.333333  97.333333   9.208 0.000   5.095 0.000
 99.333333 100.333333 999.999 0.999 999.999 0.999
102.333333 103.333333 999.999 0.999 999.999 0.999
105.333333 106.333333 999.999 0.999 999.999 0.999
108.333333 109.333333  15.034 0.000   8.975 0.000
111.333333 112.333333  12.803 0.000   7.797 0.000
114.333333 115.333333  12.435 0.000   7.239 0.000
117.333333 118.333333  19.333 0.000  12.941 0.000
120.333333 121.333333  13.732 0.000   6.096 0.000
123.333333 124.333333  20.025 0.000   9.974 0.000
126.333333 127.333333  19.999 0.000  10.685 0.000
129.333333 130.333333  22.718 0.000  11.904 0.000
132.333333 133.333333  20.773 0.000   9.052 0.000
135.333333 136.333333  24.444 0.000   8.546 0.000
138.333333 139.333333  23.346 0.000  11.689 0.000
141.333333 142.333333  25.999 0.000   8.084 0.000
144.333333 145.333333  18.741 0.000   7.402 0.000
147.333333 148.333333  12.691 0.000   7.764 0.000
150.333333 151.333333  14.853 0.000   9.795 0.000
153.333333 154.333333  13.536 0.000   7.744 0.000
156.333333 157.333333  14.575 0.000   5.577 0.000
159.333333 160.333333  13.232 0.000   6.853 0.000
162.333333 163.333333  27.782 0.000  11.115 0.000
165.333333 166.333333  20.532 0.000  11.499 0.000
168.333333 169.333333  22.962 0.000  14.398 0.000
171.333333 172.333333  21.907 0.000   8.666 0.000
174.333333 175.333333  23.258 0.000  16.584 0.000
177.333333 178.333333  69.916 0.000  53.154 0.000
180.333333 181.333333  30.711 0.000  25.482 0.000
183.333333 184.333333  30.352 0.000  17.720 0.000
186.333333 187.333333  18.840 0.000  11.363 0.000
189.333333 190.333333  32.884 0.000  25.261 0.000
192.333333 193.333333  39.684 0.000  28.723 0.000
195.333333 196.333333  20.786 0.000  14.551 0.000
198.333333 199.333333  25.982 0.000  16.155 0.000
201.333333 202.333333  20.673 0.000  13.058 0.000
204.333333 205.333333  26.544 0.000  12.517 0.000
207.333333 208.333333  28.462 0.000  18.136 0.000
210.333333 211.333333  22.421 0.000  12.234 0.000
213.333333 214.333333  27.818 0.000   9.751 0.000
216.333333 217.333333  14.592 0.000   6.526 0.000
219.333333 220.333333  26.388 0.000   8.816 0.000
222.333333 223.333333  14.648 0.000   6.098 0.000
225.333333 226.333333  26.903 0.000  11.175 0.000
228.333333 229.333333  22.498 0.000  11.393 0.000
231.333333 232.333333 999.999 0.456   7.397 0.000
234.333333 235.333333 999.999 0.456   8.973 0.000
237.333333 238.333333 999.999 0.456   8.488 0.000
240.333333 241.333333  29.276 0.000  10.116 0.000
243.333333 244.333333  17.565 0.000   6.880 0.000
246.333333 247.333333  29.409 0.000   9.731 0.000
249.333333 250.333333  25.048 0.000  12.244 0.000
252.333333 253.333333  22.972 0.000   9.566 0.000
255.333333 256.333333  40.655 0.000  17.512 0.000
258.333333 259.333333  29.212 0.000  15.571 0.000
261.333333 262.333333  51.108 0.000  25.013 0.000
264.333333 265.333333  31.047 0.000  22.409 0.000
267.333333 268.333333  34.626 0.659  20.703 0.659
270.333333 271.333333  23.925 0.000  13.968 0.659
273.333333 274.333333  14.960 0.000   5.828 0.000
276.333333 277.333333  27.680 0.000   8.655 0.000
279.333333 280.333333  12.339 0.000   6.325 0.000
282.333333 283.333333  36.940 0.000   9.823 0.000
285.333333 286.333333  11.966 0.000   3.782 0.000
288.333333 289.333333  13.380 0.000   4.055 0.000
291.333333 292.333333  18.733 0.000   5.900 0.000
294.333333 295.333333  23.714 0.000   9.680 0.000
297.333333 298.333333  30.853 0.000   9.004 0.000
300.333333 301.333333  17.514 0.000   7.535 0.000
303.333333 304.333333  25.839 0.000   8.268 0.000
306.333333 307.333333   6.950 0.000   3.039 0.000
309.333333 310.333333   8.589 0.000   3.398 0.000
312.333333 313.333333  15.996 0.000  10.094 0.000
315.333333 316.333333  11.278 0.000   4.708 0.000
318.333333 319.333333  10.945 0.000   4.383 0.000
321.333333 322.333333   2.451 0.000   1.016 0.000
324.333333 325.333333  49.518 0.000  35.676 0.000
327.333333 328.333333   5.824 0.000   3.594 0.000
330.333333 331.333333  26.851 0.000  22.143 0.000
333.333333 334.333333  11.793 0.000   3.371 0.000
336.333333 337.333333   6.814 0.000   5.477 0.000
339.333333 340.333333   4.326 0.000   2.101 0.000
342.333333 343.333333   9.257 0.000   7.981 0.000
345.333333 346.333333   7.973 0.000   5.854 0.000
348.333333 349.333333   4.695 0.000   3.162 0.000
351.333333 352.333333   6.095 0.000   5.293 0.000
354.333333 355.333333   7.342 0.000   5.601 0.000
357.333333 358.333333   3.206 0.000   1.241 0.000
360.333333 361.333333   4.619 0.000   2.483 0.000
363.333333 364.333333   8.786 0.000   6.195 0.000
