scripts/IMPROVE-2019_partial/data/US9043R.20080101080000.20191216000000.filterpack...52w.3d.US03L_filterpack_US9043.US03L_IMPROVE_Davis.lev2.nas
51 1001
MISSING INFORMATION
US03L, IMPROVE, , , , , , , 
MISSING INFORMATION
IMPROVE sel_HTAP
1 1
2008 01 01 2019 12 16
3.000000
days from file reference point
4
1 1 1 1
999.999999 999.999 999.999 9.999
end_time of measurement, days from the file reference point
pm10_mass, ug/m3, Matrix=pm10
pm25_mass, ug/m3, Matrix=pm25
numflag, no unit
0
33
Data definition:              EBAS_1.1
Set type code:                TU
Timezone:                     UTC
File name:                    US9043R.20080101080000.20191216000000.filterpack...52w.3d.US03L_filterpack_US9043.US03L_IMPROVE_Davis.lev2.nas
File creation:                20191218120818
Startdate:                    20080101080000
Revision date:                20191216000000
Version:                      2
Version description:          "Data extracted from http://views.cira.colostate.edu/fed/DataWizard 2019-12-16"
Statistics:                   arithmetic mean
Data level:                   2
Period code:                  52w
Resolution code:              3d
Sample duration:              1d
Orig. time res.:              3d
Station code:                 US9043R
Platform code:                US9043S
Station name:                 San Gorgonio Wilderness
Station latitude:             34.1939
Station longitude:            -116.9132
Station altitude:             1726.0 m
Regime:                       IMG
Component:                    
Unit:                         ug/m3
Matrix:                       
Laboratory code:              US03L
Instrument type:              filterpack
Instrument name:              filterpack_US9043
Method ref:                   US03L_IMPROVE_Davis
Blank correction:             Blank corrected
Volume std. temperature:      ambient
Volume std. pressure:         ambient
starttime endtime PM10 PM2.5 flag
  0.333333   1.333333   1.620   0.551 0.000
  3.333333   4.333333   5.785   2.198 0.000
  6.333333   7.333333 999.999 999.999 0.999
  9.333333  10.333333   1.424   0.736 0.000
 12.333333  13.333333   1.891   0.950 0.000
 15.333333  16.333333   5.801   1.678 0.000
 18.333333  19.333333   3.076   1.827 0.000
 21.333333  22.333333   1.399   1.088 0.000
 24.333333  25.333333   1.183   0.495 0.000
 27.333333  28.333333   1.574   1.091 0.000
 30.333333  31.333333   2.924   1.115 0.000
 33.333333  34.333333   1.617   0.939 0.000
 36.333333  37.333333   4.218   1.329 0.000
 39.333333  40.333333   1.671   0.613 0.000
 42.333333  43.333333   2.176   0.460 0.000
 45.333333  46.333333   9.157   1.425 0.000
 48.333333  49.333333   7.871   3.478 0.000
 51.333333  52.333333   7.214   1.061 0.000
 54.333333  55.333333   2.207   0.959 0.000
 57.333333  58.333333   2.003   0.828 0.000
 60.333333  61.333333   7.864   5.681 0.000
 63.333333  64.333333   5.412   2.502 0.000
 66.333333  67.333333   4.885   1.843 0.000
 69.333333  70.333333   3.866   1.438 0.000
 72.333333  73.333333  12.314   5.807 0.000
 75.333333  76.333333   5.298   1.445 0.000
 78.333333  79.333333  13.074   7.148 0.000
 81.333333  82.333333   7.199   3.186 0.000
 84.333333  85.333333  17.129   9.725 0.000
 87.333333  88.333333  24.694  13.161 0.000
 90.333333  91.333333  11.929   5.422 0.000
 93.333333  94.333333   9.008   4.654 0.000
 96.333333  97.333333  15.914   9.273 0.000
 99.333333 100.333333  17.985   8.887 0.000
102.333333 103.333333   4.148   2.016 0.000
105.333333 106.333333  10.366   5.218 0.000
108.333333 109.333333  19.930   8.823 0.000
111.333333 112.333333  25.915  15.473 0.000
114.333333 115.333333  16.222   6.821 0.000
117.333333 118.333333  20.657   9.331 0.000
120.333333 121.333333  24.075  12.628 0.000
123.333333 124.333333  25.970  10.450 0.000
126.333333 127.333333  17.899   9.661 0.000
129.333333 130.333333  25.169  13.704 0.000
132.333333 133.333333  17.779   8.899 0.000
135.333333 136.333333   9.521   2.195 0.000
138.333333 139.333333  13.950   6.235 0.000
141.333333 142.333333  50.141  12.531 0.000
144.333333 145.333333   3.213   2.111 0.000
147.333333 148.333333  13.065   8.144 0.000
150.333333 151.333333  15.828   8.489 0.000
153.333333 154.333333  13.496   6.608 0.000
156.333333 157.333333  24.004   7.972 0.000
159.333333 160.333333  14.023   5.681 0.000
162.333333 163.333333  21.402   7.735 0.000
165.333333 166.333333  14.014   6.829 0.000
168.333333 169.333333   8.447   3.514 0.000
171.333333 172.333333  16.143   6.575 0.000
174.333333 175.333333  13.351   6.894 0.000
177.333333 178.333333  38.483  26.045 0.000
180.333333 181.333333  10.939   5.920 0.000
183.333333 184.333333   9.704   4.394 0.000
186.333333 187.333333  13.041   7.851 0.000
189.333333 190.333333  15.021   8.009 0.000
192.333333 193.333333  28.584  12.178 0.000
195.333333 196.333333  19.619  10.422 0.000
198.333333 199.333333  24.237  14.505 0.000
201.333333 202.333333  21.398   8.930 0.000
204.333333 205.333333  11.977   5.253 0.000
207.333333 208.333333  19.427   8.430 0.000
210.333333 211.333333  14.182   6.706 0.000
213.333333 214.333333   8.803   3.958 0.000
216.333333 217.333333  20.096   8.402 0.000
219.333333 220.333333  16.250   6.434 0.000
222.333333 223.333333   6.402   3.448 0.000
225.333333 226.333333  17.586   5.652 0.000
228.333333 229.333333  15.500   7.230 0.000
231.333333 232.333333   6.791   3.081 0.000
234.333333 235.333333  15.142   5.549 0.000
237.333333 238.333333  17.308   5.673 0.000
240.333333 241.333333  14.911   6.790 0.000
243.333333 244.333333  13.942   6.784 0.000
246.333333 247.333333  12.308   5.869 0.000
249.333333 250.333333  10.027   4.533 0.000
252.333333 253.333333  10.507   4.011 0.000
255.333333 256.333333  14.437   6.115 0.000
258.333333 259.333333  10.955   5.330 0.000
261.333333 262.333333   8.872   3.933 0.000
264.333333 265.333333   6.470   2.823 0.000
267.333333 268.333333  10.599   3.370 0.000
270.333333 271.333333   9.946   4.737 0.000
273.333333 274.333333  13.720   6.541 0.000
276.333333 277.333333  12.162   4.603 0.000
279.333333 280.333333   4.137   1.591 0.000
282.333333 283.333333  13.977   6.172 0.000
285.333333 286.333333   8.829   2.459 0.000
288.333333 289.333333   4.256   1.500 0.000
291.333333 292.333333  11.046   3.794 0.000
294.333333 295.333333   4.746   1.655 0.000
297.333333 298.333333   7.141   2.135 0.000
300.333333 301.333333   7.320   2.970 0.000
303.333333 304.333333  23.611   3.890 0.000
306.333333 307.333333   7.599   2.260 0.000
309.333333 310.333333   3.260   1.418 0.000
312.333333 313.333333   7.174   3.804 0.000
315.333333 316.333333   2.755   1.546 0.000
318.333333 319.333333   4.053   0.855 0.000
321.333333 322.333333   2.274   0.871 0.000
324.333333 325.333333  10.936   4.229 0.000
327.333333 328.333333  10.207   5.222 0.000
330.333333 331.333333   1.929   1.148 0.000
333.333333 334.333333   1.736   0.731 0.000
336.333333 337.333333   1.329   0.706 0.000
339.333333 340.333333   5.155   1.351 0.000
342.333333 343.333333  13.483   7.482 0.000
345.333333 346.333333   0.909   0.309 0.000
348.333333 349.333333   1.953   1.133 0.000
351.333333 352.333333 999.999 999.999 0.999
354.333333 355.333333 999.999 999.999 0.999
357.333333 358.333333 999.999 999.999 0.999
360.333333 361.333333   2.811   1.228 0.000
363.333333 364.333333   0.584   0.399 0.000
