scripts/IMPROVE-2019_partial/data/US9074R.19960103080000.20191216000000.filterpack...1y.3d.US03L_filterpack_US9074.US03L_IMPROVE_Davis.lev2.nas
52 1001
MISSING INFORMATION
US03L, IMPROVE, , , , , , , 
MISSING INFORMATION
IMPROVE sel_HTAP
1 1
1996 01 01 2019 12 16
0
days from file reference point
5
1 1 1 1 1
999.999999 999.999 9.999 999.999 9.999
end_time of measurement, days from the file reference point
pm10_mass, ug/m3, Matrix=pm10
numflag pm10_mass, no unit, Matrix=pm10
pm25_mass, ug/m3, Matrix=pm25
numflag pm25_mass, no unit, Matrix=pm25
0
33
Data definition:              EBAS_1.1
Set type code:                TI
Timezone:                     UTC
File name:                    US9074R.19960103080000.20191216000000.filterpack...1y.3d.US03L_filterpack_US9074.US03L_IMPROVE_Davis.lev2.nas
File creation:                20191218121035
Startdate:                    19960103080000
Revision date:                20191216000000
Version:                      2
Version description:          "Data extracted from http://views.cira.colostate.edu/fed/DataWizard 2019-12-16"
Statistics:                   arithmetic mean
Data level:                   2
Period code:                  1y
Resolution code:              3d
Sample duration:              1d
Orig. time res.:              3d
Station code:                 US9074R
Platform code:                US9074S
Station name:                 Three Sisters Wilderness
Station latitude:             44.291
Station longitude:            -122.0434
Station altitude:             885.0 m
Regime:                       IMG
Component:                    
Unit:                         ug/m3
Matrix:                       
Laboratory code:              US03L
Instrument type:              filterpack
Instrument name:              filterpack_US9074
Method ref:                   US03L_IMPROVE_Davis
Blank correction:             Blank corrected
Volume std. temperature:      ambient
Volume std. pressure:         ambient
starttime endtime PM10 flag_PM10 PM2.5 flag_PM2.5
  2.333333   3.333333 999.999 0.999 999.999 0.999
  5.333333   6.333333 999.999 0.999 999.999 0.999
  9.333333  10.333333   0.857 0.000   0.344 0.000
 12.333333  13.333333   2.229 0.000   1.251 0.000
 16.333333  17.333333   0.753 0.000 999.999 0.999
 19.333333  20.333333   3.765 0.000 999.999 0.259
 23.333333  24.333333   0.557 0.000 999.999 0.259
 26.333333  27.333333   1.220 0.000   0.436 0.000
 30.333333  31.333333 999.999 0.999 999.999 0.999
 33.333333  34.333333 999.999 0.999 999.999 0.999
 37.333333  38.333333   3.386 0.000   1.588 0.000
 40.333333  41.333333   3.129 0.000   1.408 0.000
 44.333333  45.333333   2.358 0.000   2.315 0.000
 47.333333  48.333333   4.544 0.000   1.457 0.000
 51.333333  52.333333   1.113 0.000   0.473 0.000
 54.333333  55.333333   1.202 0.000   0.566 0.000
 58.333333  59.333333   8.854 0.000   3.599 0.000
 61.333333  62.333333   2.951 0.000   1.294 0.000
 65.333333  66.333333   1.022 0.000 999.999 0.259
 68.333333  69.333333   6.007 0.000   2.191 0.000
 72.333333  73.333333   7.859 0.000 999.999 0.259
 75.333333  76.333333   1.996 0.000   1.963 0.000
 79.333333  80.333333   7.453 0.000   4.880 0.000
 82.333333  83.333333   2.117 0.000   1.389 0.000
 86.333333  87.333333   2.498 0.000   1.936 0.000
 89.333333  90.333333   5.124 0.000   2.458 0.000
 93.333333  94.333333   2.907 0.000   1.473 0.000
 96.333333  97.333333   6.097 0.000   2.886 0.000
100.333333 101.333333   1.182 0.000   0.752 0.000
103.333333 104.333333   4.857 0.000   1.553 0.000
107.333333 108.333333   1.736 0.000   1.310 0.000
110.333333 111.333333   2.356 0.000   0.887 0.000
114.333333 115.333333   2.355 0.000   1.304 0.000
117.333333 118.333333   5.835 0.000   3.096 0.000
121.333333 122.333333   4.524 0.000   2.989 0.000
124.333333 125.333333   5.410 0.000   2.566 0.000
128.333333 129.333333   7.300 0.000   4.750 0.000
131.333333 132.333333   7.931 0.000   5.501 0.000
135.333333 136.333333   4.183 0.000   0.918 0.000
138.333333 139.333333   7.310 0.000   0.579 0.000
142.333333 143.333333   3.012 0.000 999.999 0.999
145.333333 146.333333  12.508 0.000   5.208 0.000
149.333333 150.333333   3.296 0.000   1.867 0.000
152.333333 153.333333   6.474 0.000   3.502 0.000
156.333333 157.333333  12.163 0.000   5.633 0.000
159.333333 160.333333  11.339 0.000   6.229 0.000
163.333333 164.333333  11.218 0.000 999.999 0.999
166.333333 167.333333  10.519 0.000   6.335 0.000
170.333333 171.333333   4.027 0.000   1.946 0.000
173.333333 174.333333   8.547 0.000   4.801 0.000
177.333333 178.333333   3.472 0.000   1.537 0.000
180.333333 181.333333   4.710 0.000   2.737 0.000
184.333333 185.333333   7.682 0.000   2.772 0.000
187.333333 188.333333   7.837 0.000   2.795 0.000
191.333333 192.333333   7.936 0.000   4.952 0.000
194.333333 195.333333  15.873 0.000   7.794 0.000
198.333333 199.333333   6.983 0.000   3.443 0.000
201.333333 202.333333   6.067 0.000   2.947 0.000
205.333333 206.333333  15.301 0.000   9.806 0.000
208.333333 209.333333  15.783 0.000  10.284 0.000
212.333333 213.333333   9.978 0.000   5.872 0.000
215.333333 216.333333   7.344 0.000   3.083 0.000
219.333333 220.333333   6.629 0.000   4.003 0.000
222.333333 223.333333  22.230 0.000  16.414 0.000
226.333333 227.333333  16.493 0.000  12.063 0.000
229.333333 230.333333  17.034 0.000  12.715 0.000
233.333333 234.333333   7.176 0.000   3.796 0.000
236.333333 237.333333  27.339 0.000  21.348 0.000
240.333333 241.333333   8.457 0.000   6.766 0.000
243.333333 244.333333  10.553 0.000   5.246 0.000
247.333333 248.333333   8.022 0.000   5.081 0.000
250.333333 251.333333  11.414 0.000   2.997 0.000
254.333333 255.333333  18.409 0.000   8.057 0.000
257.333333 258.333333   4.548 0.000   1.661 0.000
261.333333 262.333333   4.335 0.000   1.929 0.000
264.333333 265.333333  12.596 0.000   3.973 0.000
268.333333 269.333333  11.547 0.000   4.102 0.000
271.333333 272.333333   6.739 0.000   2.295 0.000
275.333333 276.333333  10.999 0.000   4.085 0.000
278.333333 279.333333   5.098 0.000   0.963 0.000
282.333333 283.333333  12.932 0.000   4.767 0.000
285.333333 286.333333   5.032 0.000   1.255 0.000
289.333333 290.333333   4.686 0.000   3.848 0.000
292.333333 293.333333   1.875 0.000   1.543 0.000
296.333333 297.333333   3.536 0.000   2.849 0.000
299.333333 300.333333   4.516 0.000   3.442 0.000
303.333333 304.333333  10.243 0.000   3.291 0.000
306.333333 307.333333  11.458 0.000   5.381 0.000
310.333333 311.333333   8.267 0.000   1.084 0.000
313.333333 314.333333  11.987 0.000   2.784 0.000
317.333333 318.333333 999.999 0.999   2.641 0.000
320.333333 321.333333   1.757 0.000   0.295 0.000
324.333333 325.333333   2.045 0.000   0.898 0.000
327.333333 328.333333   1.704 0.000   0.916 0.000
331.333333 332.333333   4.244 0.000   0.872 0.000
334.333333 335.333333   0.986 0.000   0.389 0.000
338.333333 339.333333   1.065 0.000   1.048 0.000
341.333333 342.333333 999.999 0.999 999.999 0.999
345.333333 346.333333   4.895 0.000   0.445 0.000
348.333333 349.333333   2.426 0.000   0.742 0.000
352.333333 353.333333   3.556 0.000   1.073 0.000
355.333333 356.333333   2.092 0.000   0.447 0.000
359.333333 360.333333 999.999 0.999 999.999 0.999
362.333333 363.333333   2.456 0.000   1.596 0.000
