scripts/IMPROVE-2019_partial/data/US9048R.20050101070000.20191216000000.filterpack..pm25.52w.1w.US03L_filterpack_US9048.US03L_IMPROVE_Davis.lev2.nas
64 1001
MISSING INFORMATION
US03L, IMPROVE, , , , , , , 
MISSING INFORMATION
IMPROVE sel_HTAP
1 1
2005 01 01 2019 12 16
3.000000
days from file reference point
25
1 1 1 1 1 1 1 1 1 1 1 1 1 1 1 1 1 1 1 1 1 1 1 1 1
999.999999 9999.99 9.999 99.99 9.999 9.999 9.999999 99.99 9.999999 9.999 9.999 99.999 9.999 99.999 9.999 999.999 9.999 99.999 9.999 99.999 9.999 9.999 9.999 9.999 9.999
end_time of measurement, days from the file reference point
iron, ng/m3, Revision date=20181210133000
numflag iron, no unit, Revision date=20181210133000
lead, ng/m3, Revision date=20181210133000
numflag lead, no unit, Revision date=20181210133000
magnesium, ug/m3, Revision date=20181210133000
numflag magnesium, no unit, Revision date=20181210133000
nickel, ng/m3, Revision date=20181210133000
numflag nickel, no unit, Revision date=20181210133000
nitrate, ug N/m3, Revision date=20181210133000
numflag nitrate, no unit, Revision date=20181210133000
organic_carbon, ug C/m3, Revision date=20181210133000
numflag organic_carbon, no unit, Revision date=20181210133000
organic_mass, ug/m3, Revision date=20181210133000
numflag organic_mass, no unit, Revision date=20181210133000
pm10_mass, ug/m3, Version=2, Version description=Data extracted from http://views.cira.colostate.edu/fed/DataWizard 2019-12-16, Sample duration=1d, Orig. time res.=3d, Matrix=pm10, Blank correction=Blank corrected, Volume std. temperature=ambient, Volume std. pressure=ambient
numflag pm10_mass, no unit, Version=2, Version description=Data extracted from http://views.cira.colostate.edu/fed/DataWizard 2019-12-16, Sample duration=1d, Orig. time res.=3d, Matrix=pm10, Blank correction=Blank corrected, Volume std. temperature=ambient, Volume std. pressure=ambient
pm10_pm25_mass, ug/m3, Revision date=20181210133000, Matrix=pm10_pm25
numflag pm10_pm25_mass, no unit, Revision date=20181210133000, Matrix=pm10_pm25
pm25_mass, ug/m3, Version=2, Version description=Data extracted from http://views.cira.colostate.edu/fed/DataWizard 2019-12-16, Sample duration=1d, Orig. time res.=3d, Blank correction=Blank corrected, Volume std. temperature=ambient, Volume std. pressure=ambient
numflag pm25_mass, no unit, Version=2, Version description=Data extracted from http://views.cira.colostate.edu/fed/DataWizard 2019-12-16, Sample duration=1d, Orig. time res.=3d, Blank correction=Blank corrected, Volume std. temperature=ambient, Volume std. pressure=ambient
potassium, ug/m3, Revision date=20181210133000
numflag potassium, no unit, Revision date=20181210133000
sulphate_total, ug S/m3, Revision date=20181210133000
numflag sulphate_total, no unit, Revision date=20181210133000
0
25
Data definition:              EBAS_1.1
Set type code:                TU
Timezone:                     UTC
File name:                    US9048R.20050101070000.20191216000000.filterpack..pm25.52w.1w.US03L_filterpack_US9048.US03L_IMPROVE_Davis.lev2.nas
File creation:                20191218120843
Startdate:                    20050101070000
Revision date:                20191216000000
Statistics:                   arithmetic mean
Data level:                   2
Period code:                  52w
Resolution code:              1w
Station code:                 US9048R
Platform code:                US9048S
Station name:                 White River NF
Station latitude:             39.1536
Station longitude:            -106.8209
Station altitude:             3413.0 m
Regime:                       IMG
Component:                    
Matrix:                       pm25
Laboratory code:              US03L
Instrument type:              filterpack
Instrument name:              filterpack_US9048
Method ref:                   US03L_IMPROVE_Davis
starttime endtime Fe flag_Fe Pb flag_Pb Mg++ flag_Mg++ Ni flag_Ni NO3- flag_NO3- OC flag_OC OM flag_OM PM10 flag_PM10 PM10-PM2.5 flag_PM10-PM2.5 PM2.5 flag_PM2.5 K+ flag_K+ SO4-- flag_SO4--
  0.291667   1.291667    6.51 0.000  0.35 0.000 9.999 0.259000 99.99 0.259000 0.011 0.000  0.174 0.000  0.314 0.000   1.264 0.000  0.771 0.000  0.493 0.000 0.007 0.000 0.061 0.000
  3.291667   4.291667    1.86 0.000  0.21 0.000 9.999 0.259000  0.12 0.000000 0.005 0.000  0.074 0.000  0.133 0.000   0.412 0.000  0.045 0.000  0.368 0.000 0.002 0.000 0.018 0.000
  6.291667   7.291667    4.05 0.000  0.47 0.000 9.999 0.259000  0.07 0.000000 0.007 0.000  0.228 0.000  0.409 0.000   1.105 0.000  0.525 0.000  0.580 0.000 0.010 0.000 0.045 0.000
  9.291667  10.291667    0.99 0.000  0.10 0.000 9.999 0.259000 99.99 0.259000 0.003 0.000  0.099 0.000  0.178 0.000   0.366 0.000  0.275 0.000  0.091 0.000 0.002 0.000 0.006 0.000
 12.291667  13.291667   11.76 0.000  0.20 0.000 0.004 0.000000 99.99 0.259000 0.021 0.000  0.009 0.000  0.016 0.000   1.595 0.000  1.004 0.000  0.590 0.000 0.009 0.000 0.056 0.000
 15.291667  16.291667    3.80 0.000  0.32 0.000 9.999 0.259000  0.10 0.000000 0.005 0.000  0.002 0.000  0.004 0.000   0.409 0.000  0.167 0.000  0.242 0.000 0.003 0.000 0.027 0.000
 18.291667  19.291667    2.87 0.000  0.16 0.000 9.999 0.259000  0.15 0.000000 0.003 0.000 99.999 0.259 99.999 0.259   0.654 0.000 99.999 0.259  0.830 0.000 0.008 0.000 0.030 0.000
 21.291667  22.291667    4.71 0.000 99.99 0.259 9.999 0.259000 99.99 0.259000 0.004 0.000  0.021 0.000  0.038 0.000   0.771 0.000  0.204 0.000  0.567 0.000 0.007 0.000 0.031 0.000
 24.291667  25.291667    8.18 0.000  0.43 0.000 9.999 0.259000 99.99 0.259000 0.020 0.000  0.196 0.000  0.353 0.000   1.470 0.000  0.036 0.000  1.434 0.000 0.011 0.000 0.065 0.000
 27.291667  28.291667    0.39 0.000  0.13 0.000 9.999 0.259000  0.17 0.000000 0.004 0.000  0.072 0.000  0.130 0.000   1.059 0.000  0.599 0.000  0.459 0.000 0.001 0.000 0.041 0.000
 30.291667  31.291667    1.00 0.000  0.20 0.000 9.999 0.259000 99.99 0.259000 0.013 0.000  0.181 0.000  0.326 0.000   1.390 0.000  0.297 0.000  1.092 0.000 0.003 0.000 0.129 0.000
 33.291667  34.291667    3.69 0.000  0.26 0.000 9.999 0.259000  0.17 0.000000 0.002 0.000  0.146 0.000  0.262 0.000   1.510 0.000  0.869 0.000  0.642 0.000 0.004 0.000 0.027 0.000
 36.291667  37.291667    8.12 0.000  0.37 0.000 9.999 0.259000 99.99 0.259000 0.027 0.000  0.227 0.000  0.409 0.000   1.632 0.000  0.631 0.000  1.001 0.000 0.009 0.000 0.057 0.000
 39.291667  40.291667   19.84 0.000  0.44 0.000 0.008 0.000000 99.99 0.259000 0.019 0.000  0.104 0.000  0.187 0.000   1.950 0.000  1.082 0.000  0.869 0.000 0.008 0.000 0.075 0.000
 42.291667  43.291667    1.54 0.000  0.18 0.000 0.003 0.000000 99.99 0.259000 0.002 0.000  0.011 0.000  0.019 0.000   0.447 0.000  0.267 0.000  0.180 0.000 0.001 0.000 0.007 0.000
 45.291667  46.291667    5.84 0.000 99.99 0.259 9.999 0.259000 99.99 0.259000 0.012 0.000  0.021 0.000  0.037 0.000   1.444 0.000  0.789 0.000  0.671 0.000 0.004 0.000 0.080 0.000
 48.291667  49.291667    7.48 0.000  0.45 0.000 9.999 0.259000 99.99 0.259000 0.005 0.000  0.279 0.000  0.501 0.000   1.827 0.000  0.597 0.000  1.230 0.000 0.010 0.000 0.062 0.000
 51.291667  52.291667    4.86 0.000  0.21 0.000 9.999 0.259000 99.99 0.259000 0.005 0.000  0.018 0.000  0.033 0.000   0.731 0.000  0.302 0.000  0.429 0.000 0.003 0.000 0.028 0.000
 54.291667  55.291667   22.83 0.000  0.37 0.000 0.010 0.000000  0.10 0.000000 0.013 0.000  0.175 0.000  0.314 0.000   2.488 0.000  1.137 0.000  1.351 0.000 0.015 0.000 0.090 0.000
 57.291667  58.291667   21.16 0.000  0.47 0.000 0.004 0.000000 99.99 0.259000 0.058 0.000  0.254 0.000  0.458 0.000   3.711 0.000  1.450 0.000  2.261 0.000 0.016 0.000 0.232 0.000
 60.291667  61.291667   14.05 0.000  0.60 0.000 9.999 0.259000 99.99 0.259000 0.018 0.000  0.325 0.000  0.585 0.000   1.385 0.000  0.271 0.000  1.114 0.000 0.013 0.000 0.062 0.000
 63.291667  64.291667   24.91 0.000  1.14 0.000 9.999 0.259000  0.15 0.000000 0.050 0.000  0.514 0.559  0.925 0.559   3.499 0.000  1.425 0.000  2.074 0.000 0.020 0.000 0.172 0.000
 66.291667  67.291667   15.96 0.000  0.48 0.000 9.999 0.259000  0.15 0.000000 0.040 0.000  0.257 0.559  0.463 0.559   2.292 0.000  1.061 0.000  1.246 0.000 0.016 0.000 0.108 0.000
 69.291667  70.291667   29.19 0.000  0.31 0.000 0.009 0.000000 99.99 0.259000 0.030 0.000  0.273 0.559  0.491 0.559   3.248 0.000  1.890 0.000  1.358 0.000 0.015 0.000 0.082 0.000
 72.291667  73.291667   13.55 0.000  0.51 0.000 9.999 0.259000 99.99 0.259000 0.029 0.000  0.074 0.000  0.134 0.000   1.597 0.000  0.773 0.000  0.824 0.000 0.007 0.000 0.086 0.000
 75.291667  76.291667 9999.99 0.456 99.99 0.456 9.999 0.456000 99.99 0.456000 9.999 0.456 99.999 0.259 99.999 0.259   4.387 0.000 99.999 0.456 99.999 0.456 9.999 0.456 9.999 0.456
 78.291667  79.291667 9999.99 0.456 99.99 0.456 9.999 0.456000 99.99 0.456000 9.999 0.456  0.294 0.000  0.528 0.000   0.847 0.000 99.999 0.456 99.999 0.456 9.999 0.456 9.999 0.456
 81.291667  82.291667    8.41 0.000  0.40 0.000 9.999 0.259000 99.99 0.259000 0.009 0.000  0.086 0.000  0.156 0.000   1.262 0.000  0.707 0.000  0.555 0.000 0.006 0.000 0.079 0.000
 84.291667  85.291667    3.67 0.000  0.34 0.000 9.999 0.259000 99.99 0.259000 0.038 0.000  0.117 0.000  0.211 0.000   0.490 0.000  0.067 0.000  0.424 0.000 0.003 0.000 0.081 0.000
 87.291667  88.291667   14.80 0.000  0.69 0.000 9.999 0.259000 99.99 0.259000 0.028 0.000  0.052 0.000  0.094 0.000   1.989 0.000  1.135 0.000  0.868 0.000 0.008 0.000 0.124 0.000
 90.291667  91.291667    7.94 0.000  0.51 0.000 9.999 0.259000  0.22 0.000000 0.011 0.000  0.116 0.559  0.209 0.559   0.975 0.000  0.558 0.000  0.417 0.000 0.006 0.000 0.095 0.000
 93.291667  94.291667   30.39 0.000  0.73 0.000 9.999 0.259000 99.99 0.259000 0.039 0.000  0.161 0.559  0.290 0.559   3.000 0.000  1.454 0.000  1.545 0.000 0.020 0.000 0.137 0.000
 96.291667  97.291667   51.48 0.000  1.19 0.000 0.020 0.000000  0.09 0.000000 0.024 0.000  0.187 0.000  0.337 0.000   3.205 0.000  0.968 0.000  2.235 0.000 0.034 0.000 0.182 0.000
 99.291667 100.291667    9.56 0.000  0.50 0.000 9.999 0.259000 99.99 0.259000 0.017 0.000  0.017 0.000  0.030 0.000   1.147 0.000  0.619 0.000  0.527 0.000 0.010 0.000 0.113 0.000
102.291667 103.291667  179.31 0.000  1.97 0.000 0.085 0.000000 99.99 0.259000 0.047 0.000  0.655 0.000  1.180 0.000  10.206 0.000  4.632 0.000  5.570 0.000 0.110 0.000 0.317 0.000
105.291667 106.291667  124.34 0.000  2.36 0.000 0.041 0.000000 99.99 0.259000 0.080 0.000  0.426 0.000  0.767 0.000   9.189 0.000  3.805 0.000  5.380 0.000 0.084 0.000 0.398 0.000
108.291667 109.291667  185.21 0.000  1.80 0.000 0.063 0.000000  0.10 0.000000 0.075 0.000  0.313 0.000  0.563 0.000  13.300 0.000  7.225 0.000  6.302 0.000 0.109 0.000 0.325 0.000
111.291667 112.291667   57.18 0.000  0.59 0.000 0.023 0.000000  0.09 0.000000 0.038 0.000  0.106 0.000  0.191 0.000   4.755 0.000  2.443 0.000  2.311 0.000 0.034 0.000 0.139 0.000
114.291667 115.291667   13.57 0.000  0.31 0.000 9.999 0.259000 99.99 0.259000 0.034 0.000  0.172 0.000  0.309 0.000   1.302 0.000  0.383 0.000  0.918 0.000 0.010 0.000 0.100 0.000
117.291667 118.291667   29.69 0.000  0.50 0.000 9.999 0.259000  0.08 0.000000 0.036 0.000  0.113 0.000  0.203 0.000   3.138 0.000  1.232 0.000  1.906 0.000 0.018 0.000 0.223 0.000
120.291667 121.291667    7.38 0.000  0.17 0.000 0.004 0.000000 99.99 0.259000 0.017 0.000  0.094 0.000  0.169 0.000   0.979 0.000  0.135 0.000  0.843 0.000 0.005 0.000 0.112 0.000
123.291667 124.291667   21.53 0.000  0.51 0.000 9.999 0.259000 99.99 0.259000 0.038 0.000  0.221 0.000  0.397 0.000   2.818 0.000  0.758 0.000  2.059 0.000 0.013 0.000 0.249 0.000
126.291667 127.291667   15.94 0.000  0.39 0.000 9.999 0.259000 99.99 0.259000 0.007 0.000 99.999 0.259 99.999 0.259   1.591 0.000  0.914 0.000  0.677 0.000 0.010 0.000 0.070 0.000
129.291667 130.291667  108.35 0.000  1.33 0.000 0.025 0.000000 99.99 0.259000 0.051 0.000  0.244 0.000  0.439 0.000   6.252 0.000  2.483 0.000  3.796 0.000 0.064 0.000 0.291 0.000
132.291667 133.291667   13.80 0.000  0.31 0.000 0.006 0.000000 99.99 0.259000 0.017 0.000 99.999 0.259 99.999 0.259   1.624 0.000  0.798 0.000  0.826 0.000 0.008 0.000 0.082 0.000
135.291667 136.291667   99.82 0.000  1.03 0.000 0.032 0.000000 99.99 0.259000 0.054 0.000  0.199 0.000  0.359 0.000   5.954 0.000  2.290 0.000  3.661 0.000 0.057 0.000 0.244 0.000
138.291667 139.291667   18.20 0.000  0.40 0.000 9.999 0.259000  0.09 0.000000 0.037 0.000  1.017 0.000  1.831 0.000   3.814 0.000  0.992 0.000  2.818 0.000 0.020 0.000 0.114 0.000
141.291667 142.291667   32.99 0.000  0.74 0.000 0.010 0.000000 99.99 0.259000 0.015 0.000  0.520 0.000  0.935 0.000   5.006 0.000  2.818 0.000  2.186 0.000 0.022 0.000 0.138 0.000
144.291667 145.291667   37.64 0.000  0.96 0.000 0.006 0.000000 99.99 0.259000 0.028 0.000  0.602 0.000  1.083 0.000   6.048 0.000  3.203 0.000  2.844 0.000 0.024 0.000 0.246 0.000
147.291667 148.291667   24.02 0.000  0.53 0.000 9.999 0.259000 99.99 0.259000 0.018 0.000  0.442 0.000  0.796 0.000   4.578 0.000  2.096 0.000  2.481 0.000 0.017 0.000 0.278 0.000
150.291667 151.291667   13.88 0.000  0.29 0.000 9.999 0.259000 99.99 0.259000 0.030 0.000  0.298 0.000  0.537 0.000   2.159 0.000  0.899 0.000  1.271 0.000 0.010 0.000 0.126 0.000
153.291667 154.291667   16.39 0.000  0.30 0.000 9.999 0.259000 99.99 0.259000 0.067 0.000  0.203 0.000  0.366 0.000   3.164 0.000  1.722 0.000  1.442 0.000 0.014 0.000 0.444 0.000
156.291667 157.291667   28.41 0.000  0.53 0.000 0.007 0.000000  0.06 0.000000 0.055 0.000  0.272 0.000  0.489 0.000   4.526 0.000  1.998 0.000  2.526 0.000 0.025 0.000 0.528 0.000
159.291667 160.291667   32.83 0.000  0.67 0.000 9.999 0.259000 99.99 0.259000 0.057 0.000 99.999 0.259 99.999 0.259   5.432 0.000  3.070 0.000  2.361 0.000 0.025 0.000 0.249 0.000
162.291667 163.291667   15.89 0.000  0.22 0.000 0.007 0.000000 99.99 0.259000 0.009 0.000  0.241 0.000  0.434 0.000   0.526 0.000 99.999 0.259  0.657 0.000 0.011 0.000 0.074 0.000
165.291667 166.291667   34.33 0.559  0.49 0.559 0.006 0.559000 99.99 0.559259 0.023 0.000  0.607 0.000  1.092 0.000   5.568 0.000  1.822 0.559  3.745 0.659 0.032 0.559 0.366 0.000
168.291667 169.291667   25.25 0.559  0.25 0.559 0.011 0.559000 99.99 0.559259 0.020 0.000  0.490 0.000  0.883 0.000   4.507 0.000  2.370 0.559  2.136 0.659 0.040 0.559 0.209 0.000
171.291667 172.291667   44.02 0.559  0.60 0.559 0.015 0.559000 99.99 0.559259 0.019 0.000  0.961 0.000  1.730 0.000   9.730 0.000  5.196 0.559  4.640 0.659 0.048 0.559 0.354 0.000
174.291667 175.291667   28.54 0.559  0.38 0.559 9.999 0.559259 99.99 0.559259 0.026 0.000  0.477 0.000  0.858 0.000   5.818 0.000  2.541 0.559  3.277 0.659 0.046 0.559 0.300 0.000
177.291667 178.291667   34.21 0.559  0.79 0.559 9.999 0.559259 99.99 0.559259 0.070 0.000  2.247 0.000  4.045 0.000   9.361 0.000  2.706 0.559  6.654 0.659 0.111 0.559 0.344 0.000
180.291667 181.291667   26.20 0.000  0.46 0.000 9.999 0.259000 99.99 0.259000 0.034 0.000  1.470 0.000  2.645 0.000   7.345 0.000  2.814 0.000  4.530 0.000 0.075 0.000 0.209 0.000
183.291667 184.291667   31.01 0.559  0.88 0.559 9.999 0.559259 99.99 0.559259 0.039 0.000  1.399 0.000  2.518 0.000   7.436 0.000  2.463 0.559  4.972 0.659 0.077 0.559 0.286 0.000
186.291667 187.291667   31.55 0.699  0.55 0.699 0.005 0.699000 99.99 0.699259 0.024 0.000  1.041 0.000  1.873 0.000   8.157 0.000  3.773 0.699  4.380 0.659 0.054 0.699 0.238 0.000
189.291667 190.291667   33.33 0.699  0.48 0.699 9.999 0.699259 99.99 0.699259 0.025 0.000  0.971 0.000  1.747 0.000   7.923 0.000  3.795 0.699  4.126 0.659 0.046 0.699 0.241 0.000
192.291667 193.291667   56.88 0.000  0.74 0.000 9.999 0.259000 99.99 0.259000 0.030 0.000  0.904 0.000  1.627 0.000   9.051 0.000  4.457 0.000  4.672 0.000 0.047 0.000 0.287 0.000
195.291667 196.291667   35.87 0.000  0.44 0.000 0.006 0.000000 99.99 0.259000 0.018 0.000  0.992 0.000  1.786 0.000   8.819 0.000  4.505 0.000  4.311 0.000 0.033 0.000 0.285 0.000
198.291667 199.291667   53.00 0.000  0.58 0.000 9.999 0.259000 99.99 0.259000 0.014 0.000  0.971 0.000  1.748 0.000   8.566 0.000  4.457 0.000  4.107 0.000 0.059 0.000 0.130 0.000
201.291667 202.291667   46.06 0.699  0.53 0.699 0.006 0.699000 99.99 0.699259 0.023 0.000  2.114 0.000  3.805 0.000  14.614 0.000  7.843 0.699  6.765 0.659 0.100 0.699 0.285 0.000
204.291667 205.291667   12.22 0.000  0.28 0.000 9.999 0.259000 99.99 0.259000 0.014 0.000  0.672 0.000  1.210 0.000   3.637 0.000  1.149 0.000  2.487 0.000 0.028 0.000 0.123 0.000
207.291667 208.291667   22.07 0.559  0.51 0.559 9.999 0.559259 99.99 0.559259 0.019 0.000  0.758 0.000  1.365 0.000   5.621 0.000  2.886 0.559  2.735 0.659 0.021 0.559 0.121 0.000
210.291667 211.291667   44.06 0.000  0.65 0.000 9.999 0.259000  1.30 0.000000 0.014 0.000  1.203 0.000  2.164 0.000   6.261 0.000  1.791 0.000  4.470 0.000 0.030 0.000 0.134 0.000
213.291667 214.291667   84.09 0.000 99.99 0.259 9.999 0.259000  1.14 0.000000 0.033 0.000  0.389 0.000  0.701 0.000   8.423 0.000  4.728 0.000  3.695 0.000 0.035 0.000 0.248 0.000
216.291667 217.291667   16.20 0.000  0.43 0.000 9.999 0.259000  0.97 0.000000 0.009 0.000  0.388 0.000  0.698 0.000   2.764 0.000  0.715 0.000  2.048 0.000 0.009 0.000 0.165 0.000
219.291667 220.291667   26.53 0.000  0.69 0.000 9.999 0.259000  0.60 0.000000 0.012 0.000  1.072 0.000  1.929 0.000   5.797 0.000  2.395 0.000  3.401 0.000 0.016 0.000 0.222 0.000
222.291667 223.291667   11.99 0.000  0.48 0.000 9.999 0.259000  1.06 0.000000 0.017 0.000  0.528 0.000  0.950 0.000   2.414 0.000  0.415 0.000  1.999 0.000 0.015 0.000 0.108 0.000
225.291667 226.291667   15.15 0.000  0.38 0.000 9.999 0.259000  0.75 0.000000 0.011 0.000  0.778 0.000  1.401 0.000   4.302 0.000  1.917 0.000  2.385 0.000 0.016 0.000 0.137 0.000
228.291667 229.291667   13.72 0.000  0.28 0.000 0.003 0.000000  0.49 0.000000 0.014 0.000  0.115 0.000  0.207 0.000   3.017 0.000  0.916 0.000  2.099 0.000 0.009 0.000 0.224 0.000
231.291667 232.291667   13.26 0.000  0.38 0.000 9.999 0.259000  0.54 0.000000 0.011 0.000  0.151 0.000  0.273 0.000   3.336 0.000  1.535 0.000  1.800 0.000 0.009 0.000 0.164 0.000
234.291667 235.291667    9.82 0.000  0.23 0.000 9.999 0.259000  0.66 0.000000 0.010 0.000  0.305 0.000  0.550 0.000   3.345 0.000  1.249 0.000  2.099 0.000 0.007 0.000 0.228 0.000
237.291667 238.291667   15.11 0.000  0.29 0.000 9.999 0.259000  0.55 0.000000 0.034 0.000  0.195 0.000  0.352 0.000   5.401 0.000  2.355 0.000  3.045 0.000 0.013 0.000 0.367 0.000
240.291667 241.291667   21.93 0.000  0.44 0.000 9.999 0.259000  0.66 0.000000 0.025 0.000  1.150 0.000  2.070 0.000   6.772 0.000  2.948 0.000  3.821 0.000 0.042 0.000 0.203 0.000
243.291667 244.291667   43.99 0.000  0.33 0.000 9.999 0.259000  0.58 0.000000 0.030 0.000  0.566 0.000  1.018 0.000   7.786 0.000  4.564 0.000  3.221 0.000 0.032 0.000 0.130 0.000
246.291667 247.291667   13.76 0.000  0.24 0.000 9.999 0.259000  0.60 0.000000 0.018 0.000  0.382 0.000  0.688 0.000   4.136 0.000  1.664 0.000  2.472 0.000 0.011 0.000 0.212 0.000
249.291667 250.291667   18.63 0.000  0.54 0.000 9.999 0.259000  0.82 0.000000 0.010 0.000  0.145 0.000  0.260 0.000   3.927 0.000  1.316 0.000  2.611 0.000 0.011 0.000 0.222 0.000
252.291667 253.291667   12.24 0.000  0.34 0.000 9.999 0.259000  0.55 0.000000 0.021 0.000  0.118 0.000  0.213 0.000   3.026 0.000  1.178 0.000  1.847 0.000 0.010 0.000 0.175 0.000
255.291667 256.291667   16.75 0.000  0.31 0.000 9.999 0.259000  0.46 0.000000 0.028 0.000  0.226 0.000  0.408 0.000   3.989 0.000  1.785 0.000  2.229 0.000 0.015 0.000 0.176 0.000
258.291667 259.291667   16.10 0.000  0.27 0.000 9.999 0.259000  0.57 0.000000 0.026 0.000  0.590 0.000  1.062 0.000   5.590 0.000  3.257 0.000  2.332 0.000 0.013 0.000 0.168 0.000
261.291667 262.291667   22.69 0.000  0.87 0.000 9.999 0.259000  0.48 0.000000 0.022 0.000  0.336 0.000  0.604 0.000   5.619 0.000  3.091 0.000  2.527 0.000 0.016 0.000 0.186 0.000
