scripts/IMPROVE-2019_partial/data/US9030R.20050101090000.20191216000000.filterpack..pm25.52w.1w.US03L_filterpack_US9030.US03L_IMPROVE_Davis.lev2.nas
66 1001
MISSING INFORMATION
US03L, IMPROVE, , , , , , , 
MISSING INFORMATION
IMPROVE sel_HTAP
1 1
2005 01 01 2019 12 16
3.000
days from file reference point
27
1 1 1 1 1 1 1 1 1 1 1 1 1 1 1 1 1 1 1 1 1 1 1 1 1 1 1
999.999 9999.99 9.999 99.99 9.999 9.999 9.999999 99.99 9.999999 9.999 9.999 99.999 9.999 99.999 9.999 999.99 9.999999 999.999 9.999 999.999 9.999 99.999 9.999 9.999 9.999 9.999 9.999
end_time of measurement, days from the file reference point
iron, ng/m3, Revision date=20181210133000
numflag iron, no unit, Revision date=20181210133000
lead, ng/m3, Revision date=20181210133000
numflag lead, no unit, Revision date=20181210133000
magnesium, ug/m3, Revision date=20181210133000
numflag magnesium, no unit, Revision date=20181210133000
nickel, ng/m3, Revision date=20181210133000
numflag nickel, no unit, Revision date=20181210133000
nitrate, ug N/m3, Revision date=20181210133000
numflag nitrate, no unit, Revision date=20181210133000
organic_carbon, ug C/m3, Revision date=20181210133000
numflag organic_carbon, no unit, Revision date=20181210133000
organic_mass, ug/m3, Revision date=20181210133000
numflag organic_mass, no unit, Revision date=20181210133000
phosphorus, ng/m3, Revision date=20181210133000
numflag phosphorus, no unit, Revision date=20181210133000
pm10_mass, ug/m3, Version=2, Version description=Data extracted from http://views.cira.colostate.edu/fed/DataWizard 2019-12-16, Sample duration=1d, Orig. time res.=3d, Matrix=pm10, Blank correction=Blank corrected, Volume std. temperature=ambient, Volume std. pressure=ambient
numflag pm10_mass, no unit, Version=2, Version description=Data extracted from http://views.cira.colostate.edu/fed/DataWizard 2019-12-16, Sample duration=1d, Orig. time res.=3d, Matrix=pm10, Blank correction=Blank corrected, Volume std. temperature=ambient, Volume std. pressure=ambient
pm10_pm25_mass, ug/m3, Revision date=20181210133000, Matrix=pm10_pm25
numflag pm10_pm25_mass, no unit, Revision date=20181210133000, Matrix=pm10_pm25
pm25_mass, ug/m3, Version=2, Version description=Data extracted from http://views.cira.colostate.edu/fed/DataWizard 2019-12-16, Sample duration=1d, Orig. time res.=3d, Blank correction=Blank corrected, Volume std. temperature=ambient, Volume std. pressure=ambient
numflag pm25_mass, no unit, Version=2, Version description=Data extracted from http://views.cira.colostate.edu/fed/DataWizard 2019-12-16, Sample duration=1d, Orig. time res.=3d, Blank correction=Blank corrected, Volume std. temperature=ambient, Volume std. pressure=ambient
potassium, ug/m3, Revision date=20181210133000
numflag potassium, no unit, Revision date=20181210133000
sulphate_total, ug S/m3, Revision date=20181210133000
numflag sulphate_total, no unit, Revision date=20181210133000
0
25
Data definition:              EBAS_1.1
Set type code:                TU
Timezone:                     UTC
File name:                    US9030R.20050101090000.20191216000000.filterpack..pm25.52w.1w.US03L_filterpack_US9030.US03L_IMPROVE_Davis.lev2.nas
File creation:                20191218120712
Startdate:                    20050101090000
Revision date:                20191216000000
Statistics:                   arithmetic mean
Data level:                   2
Period code:                  52w
Resolution code:              1w
Station code:                 US9030R
Platform code:                US9030S
Station name:                 Simeonof
Station latitude:             55.3255
Station longitude:            -160.5063
Station altitude:             57.0 m
Regime:                       IMG
Component:                    
Matrix:                       pm25
Laboratory code:              US03L
Instrument type:              filterpack
Instrument name:              filterpack_US9030
Method ref:                   US03L_IMPROVE_Davis
starttime endtime Fe flag_Fe Pb flag_Pb Mg++ flag_Mg++ Ni flag_Ni NO3- flag_NO3- OC flag_OC OM flag_OM P flag_P PM10 flag_PM10 PM10-PM2.5 flag_PM10-PM2.5 PM2.5 flag_PM2.5 K+ flag_K+ SO4-- flag_SO4--
  0.375   1.375    0.16 0.000  0.15 0.000 0.128 0.000000  0.09 0.000000 0.018 0.000 99.999 0.259 99.999 0.259 999.99 0.259000   9.433 0.000   5.545 0.000  3.887 0.000 0.028 0.000 0.116 0.000
  3.375   4.375    0.74 0.000  0.14 0.000 9.999 0.259000 99.99 0.259000 0.016 0.000  0.050 0.000  0.090 0.000 999.99 0.259000   7.567 0.000   5.281 0.000  2.353 0.000 0.018 0.000 0.137 0.000
  6.375   7.375    6.40 0.000  0.15 0.000 9.999 0.259000 99.99 0.259000 0.015 0.000  0.109 0.000  0.195 0.000 999.99 0.259000   8.132 0.000   6.584 0.000  1.547 0.000 0.009 0.000 0.090 0.000
  9.375  10.375    6.97 0.000  0.71 0.000 0.016 0.000000 99.99 0.259000 0.045 0.000  0.329 0.000  0.592 0.000 999.99 0.259000   5.200 0.000   2.789 0.000  2.410 0.000 0.015 0.000 0.193 0.000
 12.375  13.375    0.50 0.000  0.12 0.000 9.999 0.259000 99.99 0.259000 0.013 0.000 99.999 0.259 99.999 0.259 999.99 0.259000   4.146 0.000   2.866 0.000  1.280 0.000 0.009 0.000 0.055 0.000
 15.375  16.375    0.68 0.000  0.11 0.000 0.129 0.000000 99.99 0.259000 0.011 0.000 99.999 0.259 99.999 0.259 999.99 0.259000   7.555 0.000   4.259 0.000  3.295 0.000 0.026 0.000 0.089 0.000
 18.375  19.375    6.70 0.000  0.18 0.000 9.999 0.259000 99.99 0.259000 0.007 0.000  0.038 0.000  0.068 0.000 999.99 0.259000   4.252 0.000   2.996 0.000  1.255 0.000 0.009 0.000 0.031 0.000
 21.375  22.375    0.21 0.000  0.09 0.000 9.999 0.259000 99.99 0.259000 0.004 0.000  0.012 0.000  0.022 0.000 999.99 0.259000   1.542 0.000   1.060 0.000  0.482 0.000 0.003 0.000 0.023 0.000
 24.375  25.375    1.06 0.000 99.99 0.259 0.137 0.000000  0.32 0.000000 0.023 0.000  0.016 0.000  0.029 0.000 999.99 0.259000   9.052 0.000   5.669 0.000  3.460 0.000 0.027 0.000 0.152 0.000
 27.375  28.375    2.46 0.000  0.22 0.000 0.025 0.000000  0.12 0.000000 0.013 0.000  0.013 0.000  0.024 0.000 999.99 0.259000   2.469 0.000   1.235 0.000  1.234 0.000 0.008 0.000 0.039 0.000
 30.375  31.375    7.60 0.000  0.21 0.000 0.030 0.000000 99.99 0.259000 0.011 0.000  0.058 0.000  0.104 0.000 999.99 0.259000   8.865 0.000   6.749 0.000  2.116 0.000 0.015 0.000 0.121 0.000
 33.375  34.375    2.77 0.000  0.38 0.000 9.999 0.259000  0.17 0.000000 0.011 0.000 99.999 0.259 99.999 0.259 999.99 0.259000   7.515 0.000   6.471 0.000  1.043 0.000 0.006 0.000 0.120 0.000
 36.375  37.375    2.54 0.000  0.11 0.000 0.145 0.000000  0.26 0.000000 0.034 0.000  0.005 0.000  0.009 0.000 999.99 0.259000  11.389 0.000   5.431 0.000  5.955 0.000 0.043 0.000 0.195 0.000
 39.375  40.375    3.70 0.000  0.43 0.000 0.035 0.000000 99.99 0.259000 0.008 0.000 99.999 0.259 99.999 0.259 999.99 0.259000   7.156 0.000   4.848 0.000  2.308 0.000 0.016 0.000 0.277 0.000
 42.375  43.375    1.09 0.000  0.14 0.000 0.123 0.000000 99.99 0.259000 0.009 0.000 99.999 0.259 99.999 0.259 999.99 0.259000   8.424 0.000   4.916 0.000  3.507 0.000 0.026 0.000 0.111 0.000
 45.375  46.375    4.07 0.000  0.37 0.000 0.103 0.000000  0.13 0.000000 0.026 0.000 99.999 0.259 99.999 0.259 999.99 0.259000  13.412 0.000   8.874 0.000  4.643 0.000 0.034 0.000 0.270 0.000
 48.375  49.375    2.32 0.000 99.99 0.259 0.308 0.000000  0.17 0.000000 0.011 0.000 99.999 0.259 99.999 0.259 999.99 0.259000  23.071 0.000  14.410 0.000  8.659 0.000 0.056 0.000 0.208 0.000
 51.375  52.375    1.36 0.000  0.11 0.000 0.093 0.000000  0.15 0.000000 0.040 0.000  0.093 0.000  0.167 0.000 999.99 0.259000   8.124 0.000   4.741 0.000  3.381 0.000 0.023 0.000 0.132 0.000
 54.375  55.375    0.55 0.000  0.10 0.000 9.999 0.259000  0.09 0.000000 0.001 0.000 99.999 0.259 99.999 0.259 999.99 0.259000   1.336 0.000   1.160 0.000  0.177 0.000 0.003 0.000 0.033 0.000
 57.375  58.375   40.76 0.000  0.12 0.000 9.999 0.259000  0.12 0.000000 0.010 0.000  0.082 0.000  0.147 0.000 999.99 0.259000   2.279 0.000   0.834 0.000  1.444 0.000 0.004 0.000 0.171 0.000
 60.375  61.375    4.27 0.000 99.99 0.259 0.060 0.000000 99.99 0.259000 0.015 0.000 99.999 0.259 99.999 0.259 999.99 0.259000   6.803 0.000   4.712 0.000  2.090 0.000 0.016 0.000 0.085 0.000
 63.375  64.375    1.39 0.000  0.27 0.000 0.126 0.000000 99.99 0.259000 0.008 0.000 99.999 0.259 99.999 0.259 999.99 0.259000   8.735 0.000   4.916 0.000  3.819 0.000 0.027 0.000 0.117 0.000
 66.375  67.375  113.75 0.000 99.99 0.259 9.999 0.259000 99.99 0.259000 0.004 0.000  0.007 0.000  0.013 0.000 999.99 0.259000  12.732 0.000   9.069 0.000  3.788 0.000 0.022 0.000 0.056 0.000
 69.375  70.375    6.84 0.000  0.77 0.000 0.243 0.000000 99.99 0.259000 0.020 0.000  0.044 0.000  0.079 0.000 999.99 0.259000  19.711 0.000  11.895 0.000  7.813 0.000 0.062 0.000 0.334 0.000
 72.375  73.375    1.70 0.000  0.28 0.000 0.036 0.000000  0.43 0.000000 0.043 0.000 99.999 0.259 99.999 0.259 999.99 0.259000   4.461 0.000   2.676 0.000  1.784 0.000 0.012 0.000 0.190 0.000
 75.375  76.375   18.23 0.000  0.44 0.000 0.028 0.000000 99.99 0.259000 0.014 0.000 99.999 0.259 99.999 0.259 999.99 0.259000   5.069 0.000   3.358 0.000  1.710 0.000 0.016 0.000 0.106 0.000
 78.375  79.375   10.35 0.000  0.63 0.000 0.058 0.000000 99.99 0.259000 0.028 0.000  0.081 0.000  0.146 0.000 999.99 0.259000   8.606 0.000   5.385 0.000  3.220 0.000 0.028 0.000 0.288 0.000
 81.375  82.375    8.58 0.000  0.56 0.000 9.999 0.259000 99.99 0.259000 0.018 0.000  0.229 0.000  0.413 0.000 999.99 0.259000   5.688 0.000   4.445 0.000  1.243 0.000 0.008 0.000 0.194 0.000
 84.375  85.375   10.46 0.000  0.32 0.000 9.999 0.259000  0.23 0.000000 0.016 0.000  0.002 0.000  0.003 0.000 999.99 0.259000   5.223 0.000   3.162 0.000  2.060 0.000 0.010 0.000 0.371 0.000
 87.375  88.375    9.50 0.000  0.86 0.000 9.999 0.259000 99.99 0.259000 0.014 0.000  0.039 0.000  0.069 0.000 999.99 0.259000   5.415 0.000   2.947 0.000  2.476 0.000 0.021 0.000 0.351 0.000
 90.375  91.375   21.08 0.000  1.26 0.000 9.999 0.259000 99.99 0.259000 0.020 0.000  0.140 0.000  0.251 0.000 999.99 0.259000  12.626 0.000   9.802 0.000  2.821 0.000 0.026 0.000 0.433 0.000
 93.375  94.375    7.85 0.000  0.79 0.000 0.016 0.000000 99.99 0.259000 0.013 0.000 99.999 0.259 99.999 0.259 999.99 0.259000   7.746 0.000   5.691 0.000  2.055 0.000 0.019 0.000 0.328 0.000
 96.375  97.375    5.90 0.000  0.74 0.000 0.011 0.000000 99.99 0.259000 0.018 0.000  0.170 0.000  0.306 0.000 999.99 0.259000   4.430 0.000   2.149 0.000  2.280 0.000 0.015 0.000 0.309 0.000
 99.375 100.375    2.44 0.000  0.13 0.000 0.051 0.000000 99.99 0.259000 0.014 0.000 99.999 0.259 99.999 0.259 999.99 0.259000   4.843 0.000   2.904 0.000  1.938 0.000 0.016 0.000 0.153 0.000
102.375 103.375 9999.99 0.999 99.99 0.999 9.999 0.999000 99.99 0.999000 9.999 0.999 99.999 0.999 99.999 0.999 999.99 0.999000 999.999 0.999 999.999 0.999 99.999 0.999 9.999 0.999 9.999 0.999
105.375 106.375    9.34 0.000  0.36 0.000 9.999 0.259000 99.99 0.259000 0.023 0.000  0.059 0.000  0.106 0.000 999.99 0.259000   4.259 0.000   2.766 0.000  1.492 0.000 0.012 0.000 0.170 0.000
108.375 109.375    4.59 0.000  0.45 0.000 0.016 0.000000 99.99 0.259000 0.011 0.000  0.120 0.000  0.216 0.000 999.99 0.259000   4.502 0.000   2.732 0.000  1.770 0.000 0.012 0.000 0.209 0.000
111.375 112.375    8.09 0.000  0.59 0.000 0.152 0.000000 99.99 0.259000 0.036 0.000  0.121 0.000  0.218 0.000 999.99 0.259000  16.002 0.000  10.201 0.000  5.798 0.000 0.048 0.000 0.430 0.000
114.375 115.375   13.63 0.000  0.32 0.000 0.007 0.000000  0.25 0.000000 0.016 0.000  0.087 0.000  0.156 0.000 999.99 0.259000   3.125 0.000   1.728 0.000  1.397 0.000 0.005 0.000 0.184 0.000
117.375 118.375    8.64 0.000  0.20 0.000 0.028 0.000000 99.99 0.259000 0.033 0.000  0.087 0.000  0.158 0.000 999.99 0.259000   4.453 0.000   2.437 0.000  2.015 0.000 0.019 0.000 0.168 0.000
120.375 121.375    5.59 0.000  0.19 0.000 0.011 0.000000 99.99 0.259000 0.021 0.000  0.270 0.000  0.486 0.000 999.99 0.259000   3.502 0.000   1.617 0.000  1.884 0.000 0.013 0.000 0.192 0.000
123.375 124.375    2.85 0.000  0.30 0.000 0.010 0.000000  0.20 0.000000 0.015 0.000 99.999 0.456  0.422 0.456 999.99 0.259000   2.565 0.000   1.550 0.000  1.015 0.000 0.006 0.000 0.106 0.000
126.375 127.375    2.17 0.000  0.29 0.000 9.999 0.259000  0.13 0.000000 0.008 0.000 99.999 0.456  0.422 0.456 999.99 0.259000   2.469 0.000   1.385 0.000  1.084 0.000 0.007 0.000 0.073 0.000
129.375 130.375    8.04 0.000  0.22 0.000 0.021 0.000000  0.24 0.000000 0.027 0.000  0.085 0.000  0.153 0.000   5.95 0.000000   4.994 0.000   2.870 0.000  2.160 0.000 0.016 0.000 0.175 0.000
132.375 133.375   24.36 0.000  0.32 0.000 0.010 0.000000  0.10 0.000000 0.021 0.000  0.057 0.000  0.102 0.000 999.99 0.259000 999.999 0.456   3.099 0.000  1.892 0.000 0.010 0.000 0.122 0.000
135.375 136.375   62.02 0.000  0.36 0.000 9.999 0.259000 99.99 0.259000 0.025 0.000  0.287 0.000  0.517 0.000 999.99 0.259000 999.999 0.456   3.099 0.000  3.170 0.000 0.012 0.000 0.273 0.000
138.375 139.375    1.97 0.000 99.99 0.259 0.023 0.000000 99.99 0.259000 0.008 0.000  0.149 0.000  0.269 0.000 999.99 0.259000   3.801 0.000   2.597 0.000  1.204 0.000 0.010 0.000 0.073 0.000
141.375 142.375    6.51 0.000  0.28 0.000 0.010 0.000000 99.99 0.259000 0.025 0.000 99.999 0.259 99.999 0.259 999.99 0.259000   6.752 0.000   3.835 0.000  2.915 0.000 0.020 0.000 0.374 0.000
144.375 145.375    5.36 0.000  0.26 0.000 0.005 0.000000 99.99 0.259000 0.016 0.000  0.151 0.000  0.272 0.000 999.99 0.259000   5.141 0.000   3.377 0.000  1.764 0.000 0.009 0.000 0.225 0.000
147.375 148.375    4.11 0.000  0.24 0.000 0.035 0.000000 99.99 0.259000 0.012 0.000 99.999 0.259 99.999 0.259 999.99 0.259000   6.100 0.000   4.113 0.000  1.987 0.000 0.014 0.000 0.123 0.000
150.375 151.375   13.26 0.000  0.15 0.000 0.021 0.000000  0.12 0.000000 0.028 0.000  0.247 0.000  0.444 0.000 999.99 0.259000   9.544 0.000   7.318 0.000  2.332 0.000 0.015 0.000 0.244 0.000
153.375 154.375   14.12 0.000  0.25 0.000 0.023 0.000000  0.10 0.000000 0.043 0.000  0.220 0.000  0.395 0.000 999.99 0.259000   8.577 0.000   5.434 0.000  3.140 0.000 0.017 0.000 0.316 0.000
156.375 157.375    2.98 0.000  0.15 0.000 0.037 0.000000 99.99 0.259000 0.011 0.000 99.999 0.259 99.999 0.259 999.99 0.259000   4.941 0.000   3.410 0.000  1.531 0.000 0.013 0.000 0.079 0.000
159.375 160.375    0.47 0.000  0.18 0.000 0.004 0.000000 99.99 0.259000 0.007 0.000  0.182 0.000  0.327 0.000 999.99 0.259000   1.737 0.000   1.026 0.000  0.711 0.000 0.005 0.000 0.054 0.000
162.375 163.375    1.08 0.000  0.20 0.000 9.999 0.259000 99.99 0.259000 0.007 0.000 99.999 0.259 99.999 0.259 999.99 0.259000   2.963 0.000   1.866 0.000  1.097 0.000 0.010 0.000 0.053 0.000
165.375 166.375   16.45 0.000  0.27 0.000 9.999 0.259000  0.13 0.000000 0.023 0.000  0.220 0.000  0.397 0.000 999.99 0.259000   6.716 0.000   4.903 0.000  1.812 0.000 0.005 0.000 0.236 0.000
168.375 169.375    4.88 0.394  0.27 0.394 0.038 0.394000  0.09 0.394000 0.015 0.394  0.040 0.000  0.072 0.000 999.99 0.394259   7.500 0.000   4.976 0.000  2.388 0.000 0.018 0.394 0.224 0.394
171.375 172.375    1.26 0.000  0.16 0.000 9.999 0.259000  0.04 0.000000 0.004 0.000  0.049 0.000  0.088 0.000 999.99 0.259000   1.898 0.000   1.146 0.000  0.755 0.000 0.005 0.000 0.086 0.000
174.375 175.375   12.72 0.000  0.52 0.000 0.005 0.000000 99.99 0.259000 0.003 0.000  0.258 0.000  0.465 0.000 999.99 0.259000   3.154 0.000   1.863 0.000  1.290 0.000 0.005 0.000 0.114 0.000
177.375 178.375   28.54 0.000  0.57 0.000 0.013 0.000000 99.99 0.259000 0.020 0.000  0.965 0.000  1.736 0.000  11.03 0.000000   9.440 0.000   6.700 0.000  2.738 0.000 0.018 0.000 0.144 0.000
180.375 181.375    4.07 0.000  0.20 0.000 9.999 0.259000  0.06 0.000000 0.010 0.000  0.207 0.000  0.373 0.000 999.99 0.259000   3.452 0.000   1.584 0.000  1.867 0.000 0.009 0.000 0.227 0.000
183.375 184.375   31.74 0.000  0.17 0.000 9.999 0.259000 99.99 0.259000 0.002 0.000  0.011 0.000  0.020 0.000 999.99 0.259000   4.295 0.000   2.650 0.000  1.643 0.000 0.009 0.000 0.044 0.000
186.375 187.375    1.20 0.000  0.08 0.000 9.999 0.259000 99.99 0.259000 0.010 0.000  0.043 0.000  0.076 0.000 999.99 0.259000   4.030 0.000   2.503 0.000  1.526 0.000 0.011 0.000 0.159 0.000
189.375 190.375    1.37 0.000 99.99 0.259 0.019 0.000000 99.99 0.259000 0.027 0.000  0.436 0.000  0.784 0.000 999.99 0.259000   6.152 0.000   3.302 0.000  2.849 0.000 0.014 0.000 0.283 0.000
192.375 193.375    1.36 0.000  0.13 0.000 9.999 0.259000  0.11 0.000000 0.005 0.000  0.073 0.000  0.132 0.000 999.99 0.259000   1.930 0.000   1.257 0.000  0.690 0.000 0.004 0.000 0.087 0.000
195.375 196.375    4.72 0.000  0.12 0.000 9.999 0.259000 99.99 0.259000 0.012 0.000 99.999 0.259 99.999 0.259 999.99 0.259000   6.491 0.000   5.108 0.000  1.383 0.000 0.006 0.000 0.142 0.000
198.375 199.375    0.85 0.000 99.99 0.259 9.999 0.259000  1.28 0.000000 0.014 0.000  0.477 0.000  0.860 0.000 999.99 0.259000   4.161 0.000   1.972 0.000  2.189 0.000 0.006 0.000 0.270 0.000
201.375 202.375    6.78 0.000  0.16 0.000 0.026 0.000000  0.13 0.000000 0.028 0.000  0.144 0.000  0.259 0.000 999.99 0.259000   5.681 0.000   3.320 0.000  2.360 0.000 0.014 0.000 0.252 0.000
204.375 205.375   13.29 0.000  0.11 0.000 9.999 0.259000 99.99 0.259000 0.011 0.000  0.092 0.000  0.165 0.000 999.99 0.259000   6.951 0.000   5.054 0.000  1.897 0.000 0.013 0.000 0.095 0.000
207.375 208.375    3.42 0.000  0.12 0.000 9.999 0.259000 99.99 0.259000 0.013 0.000  0.111 0.000  0.199 0.000 999.99 0.259000   5.423 0.000   2.911 0.000  2.511 0.000 0.008 0.000 0.388 0.000
210.375 211.375    1.52 0.000  0.18 0.000 9.999 0.259000 99.99 0.259000 0.004 0.000  0.404 0.000  0.726 0.000 999.99 0.259000   2.212 0.000   0.989 0.000  1.222 0.000 0.005 0.000 0.066 0.000
213.375 214.375    4.14 0.000  0.23 0.000 9.999 0.259000 99.99 0.259000 0.026 0.000  3.155 0.000  5.679 0.000 999.99 0.259000  12.675 0.000   3.632 0.000  9.105 0.000 0.040 0.000 0.505 0.000
216.375 217.375   15.54 0.000  0.35 0.000 9.999 0.259000 99.99 0.259000 0.013 0.000  0.285 0.000  0.512 0.000 999.99 0.259000  25.052 0.000  22.652 0.000  2.400 0.000 0.009 0.000 0.203 0.000
219.375 220.375   13.98 0.000  0.22 0.000 9.999 0.259000  0.18 0.000000 0.030 0.000  1.625 0.000  2.925 0.000 999.99 0.259000  10.068 0.000   3.835 0.000  6.230 0.000 0.030 0.000 0.550 0.000
222.375 223.375    9.23 0.000  0.26 0.000 9.999 0.259000  0.16 0.000000 0.027 0.000  0.213 0.000  0.384 0.000 999.99 0.259000  10.629 0.000   8.083 0.000  2.545 0.000 0.013 0.000 0.314 0.000
225.375 226.375   68.88 0.000  0.30 0.000 0.009 0.000000 99.99 0.259000 0.007 0.000  0.255 0.000  0.459 0.000 999.99 0.259000  10.199 0.000   7.151 0.000  3.046 0.000 0.013 0.000 0.149 0.000
228.375 229.375    8.54 0.000  0.19 0.000 9.999 0.259000  0.08 0.000000 0.016 0.000  0.002 0.000  0.003 0.000 999.99 0.259000   3.705 0.000   2.277 0.000  1.428 0.000 0.007 0.000 0.168 0.000
231.375 232.375    2.59 0.000  0.16 0.000 9.999 0.259000 99.99 0.259000 0.030 0.000  2.451 0.000  4.412 0.000 999.99 0.259000   7.117 0.000   1.725 0.000  5.389 0.000 0.023 0.000 0.127 0.000
234.375 235.375    2.02 0.000  0.12 0.000 0.093 0.000000 99.99 0.259000 0.011 0.000  0.068 0.000  0.122 0.000 999.99 0.259000   9.694 0.000   6.471 0.000  3.307 0.000 0.024 0.000 0.109 0.000
237.375 238.375    1.36 0.000 99.99 0.259 9.999 0.259000  0.07 0.000000 0.015 0.000  0.012 0.000  0.021 0.000 999.99 0.259000  11.507 0.000   9.039 0.000  2.467 0.000 0.017 0.000 0.141 0.000
240.375 241.375    1.76 0.000  0.15 0.000 9.999 0.259000  0.05 0.000000 0.015 0.000 99.999 0.259 99.999 0.259 999.99 0.259000   7.484 0.000   4.403 0.000  3.080 0.000 0.018 0.000 0.130 0.000
243.375 244.375    3.01 0.000 99.99 0.259 0.009 0.000000 99.99 0.259000 0.003 0.000 99.999 0.259 99.999 0.259 999.99 0.259000   2.000 0.000   1.289 0.000  0.710 0.000 0.003 0.000 0.049 0.000
246.375 247.375    0.33 0.000 99.99 0.259 0.050 0.000000 99.99 0.259000 0.008 0.000  0.021 0.000  0.038 0.000 999.99 0.259000   3.927 0.000   2.367 0.000  1.560 0.000 0.011 0.000 0.062 0.000
