scripts/IMPROVE-2019_partial/data/US9006R.20110103050000.20191216000000.filterpack...1y.3d.US03L_filterpack_US9006.US03L_IMPROVE_Davis.lev2.nas
52 1001
MISSING INFORMATION
US03L, IMPROVE, , , , , , , 
MISSING INFORMATION
IMPROVE sel_HTAP
1 1
2011 01 01 2019 12 16
3.000000
days from file reference point
5
1 1 1 1 1
999.999999 999.999 9.999 999.999 9.999
end_time of measurement, days from the file reference point
pm10_mass, ug/m3, Matrix=pm10
numflag pm10_mass, no unit, Matrix=pm10
pm25_mass, ug/m3, Matrix=pm25
numflag pm25_mass, no unit, Matrix=pm25
0
33
Data definition:              EBAS_1.1
Set type code:                TU
Timezone:                     UTC
File name:                    US9006R.20110103050000.20191216000000.filterpack...1y.3d.US03L_filterpack_US9006.US03L_IMPROVE_Davis.lev2.nas
File creation:                20191218120530
Startdate:                    20110103050000
Revision date:                20191216000000
Version:                      2
Version description:          "Data extracted from http://views.cira.colostate.edu/fed/DataWizard 2019-12-16"
Statistics:                   arithmetic mean
Data level:                   2
Period code:                  1y
Resolution code:              3d
Sample duration:              1d
Orig. time res.:              3d
Station code:                 US9006R
Platform code:                US9006S
Station name:                 Martha's Vineyard
Station latitude:             41.3309
Station longitude:            -70.7846
Station altitude:             2.0 m
Regime:                       IMG
Component:                    
Unit:                         ug/m3
Matrix:                       
Laboratory code:              US03L
Instrument type:              filterpack
Instrument name:              filterpack_US9006
Method ref:                   US03L_IMPROVE_Davis
Blank correction:             Blank corrected
Volume std. temperature:      ambient
Volume std. pressure:         ambient
starttime endtime PM10 flag_PM10 PM2.5 flag_PM2.5
  2.208333   3.208333   8.977 0.000   3.290 0.000
  5.208333   6.208333  14.696 0.000   2.516 0.000
  8.208333   9.208333  10.057 0.000   4.277 0.000
 11.208333  12.208333   5.961 0.000   5.462 0.000
 14.208333  15.208333   9.478 0.000   4.550 0.000
 17.208333  18.208333  13.189 0.000   5.587 0.000
 20.208333  21.208333   9.881 0.000   6.022 0.000
 23.208333  24.208333   9.242 0.000   4.208 0.000
 26.208333  27.208333  10.343 0.000   6.576 0.000
 29.208333  30.208333  14.547 0.000  10.187 0.000
 32.208333  33.208333 999.999 0.999 999.999 0.999
 35.208333  36.208333  15.532 0.000   7.707 0.000
 38.208333  39.208333  12.046 0.000   7.371 0.000
 41.208333  42.208333  13.237 0.000   5.838 0.000
 44.208333  45.208333  34.589 0.000  13.331 0.000
 47.208333  48.208333  27.191 0.000  10.839 0.000
 50.208333  51.208333   8.476 0.000   4.035 0.000
 53.208333  54.208333   8.746 0.000   3.028 0.000
 56.208333  57.208333  11.487 0.000 999.999 0.999
 59.208333  60.208333   8.382 0.000 999.999 0.999
 62.208333  63.208333   9.293 0.000   3.399 0.000
 65.208333  66.208333  14.115 0.000   6.599 0.000
 68.208333  69.208333  27.070 0.000  10.363 0.000
 71.208333  72.208333  18.867 0.000   9.103 0.000
 74.208333  75.208333   9.282 0.000   4.663 0.000
 77.208333  78.208333   7.574 0.000   3.026 0.000
 80.208333  81.208333   5.933 0.000   3.327 0.000
 83.208333  84.208333   8.554 0.000   4.266 0.000
 86.208333  87.208333  10.054 0.000   2.886 0.000
 89.208333  90.208333  20.790 0.000   2.793 0.000
 92.208333  93.208333  14.994 0.000   4.077 0.000
 95.208333  96.208333  15.095 0.000   6.162 0.000
 98.208333  99.208333   7.248 0.000   2.821 0.000
101.208333 102.208333  12.028 0.000   5.948 0.000
104.208333 105.208333  10.246 0.000   3.676 0.000
107.208333 108.208333  16.882 0.000   6.961 0.000
110.208333 111.208333   9.105 0.000   4.357 0.000
113.208333 114.208333   9.689 0.000   8.121 0.000
116.208333 117.208333   8.693 0.000   4.143 0.000
119.208333 120.208333  85.225 0.000   4.159 0.000
122.208333 123.208333  30.288 0.000   4.304 0.000
125.208333 126.208333  17.663 0.000   6.317 0.000
128.208333 129.208333  11.752 0.000   4.375 0.000
131.208333 132.208333   9.401 0.000   4.454 0.000
134.208333 135.208333   7.223 0.000   4.049 0.000
137.208333 138.208333   7.598 0.000   4.722 0.000
140.208333 141.208333   6.811 0.000   5.272 0.000
143.208333 144.208333  22.431 0.000  14.937 0.000
146.208333 147.208333  14.663 0.000  10.066 0.000
149.208333 150.208333  16.281 0.000   9.063 0.000
152.208333 153.208333  34.840 0.000   9.236 0.000
155.208333 156.208333   6.570 0.000   1.925 0.000
158.208333 159.208333  36.082 0.000  24.742 0.000
161.208333 162.208333  12.404 0.000   5.070 0.000
164.208333 165.208333   6.201 0.000   2.615 0.000
167.208333 168.208333  16.632 0.000   8.647 0.000
170.208333 171.208333  12.786 0.000   6.346 0.000
173.208333 174.208333   8.432 0.000   4.785 0.000
176.208333 177.208333   8.129 0.000   6.562 0.000
179.208333 180.208333  11.580 0.000   7.104 0.000
182.208333 183.208333   9.656 0.000   5.925 0.000
185.208333 186.208333  20.285 0.000  13.513 0.000
188.208333 189.208333  17.419 0.000  12.317 0.000
191.208333 192.208333  16.674 0.000  11.836 0.000
194.208333 195.208333  11.303 0.000   4.196 0.000
197.208333 198.208333  22.470 0.000   9.877 0.000
200.208333 201.208333  15.665 0.000  13.149 0.000
203.208333 204.208333  32.444 0.000  25.816 0.000
206.208333 207.208333  11.698 0.000   6.229 0.000
209.208333 210.208333  15.109 0.000   7.431 0.000
212.208333 213.208333  19.721 0.000  10.514 0.000
215.208333 216.208333   8.817 0.000   4.191 0.000
218.208333 219.208333  13.734 0.000   7.952 0.000
221.208333 222.208333  20.115 0.000  11.425 0.000
224.208333 225.208333  13.109 0.000   5.730 0.000
227.208333 228.208333 999.999 0.456   2.370 0.000
230.208333 231.208333 999.999 0.456   5.149 0.000
233.208333 234.208333  11.706 0.000   4.980 0.000
236.208333 237.208333  18.782 0.000   8.206 0.000
239.208333 240.208333 999.999 0.999 999.999 0.999
242.208333 243.208333   9.914 0.000   5.768 0.000
245.208333 246.208333  12.161 0.659   4.735 0.000
248.208333 249.208333   9.133 0.659   3.650 0.000
251.208333 252.208333   7.315 0.659   3.167 0.000
254.208333 255.208333   6.592 0.659   4.971 0.000
257.208333 258.208333   9.153 0.659   6.710 0.000
260.208333 261.208333   5.494 0.659   1.788 0.000
263.208333 264.208333   8.012 0.659   5.471 0.000
266.208333 267.208333   8.603 0.659   5.275 0.000
269.208333 270.208333  89.973 0.659  39.289 0.000
272.208333 273.208333 999.999 0.999 999.999 0.999
275.208333 276.208333 999.999 0.999 999.999 0.999
278.208333 279.208333   5.347 0.659   1.570 0.000
281.208333 282.208333  16.543 0.659   8.322 0.000
284.208333 285.208333   7.652 0.659   2.630 0.000
287.208333 288.208333  22.756 0.659   6.608 0.000
290.208333 291.208333  16.040 0.659   5.544 0.000
293.208333 294.208333  12.685 0.659   3.295 0.000
296.208333 297.208333   5.805 0.659   4.242 0.000
299.208333 300.208333   6.682 0.659   2.409 0.000
302.208333 303.208333   4.832 0.659   1.904 0.000
305.208333 306.208333  10.400 0.659   3.659 0.000
308.208333 309.208333   7.613 0.659   2.978 0.000
311.208333 312.208333  18.128 0.659   9.474 0.000
314.208333 315.208333   7.521 0.659   2.915 0.000
317.208333 318.208333  29.903 0.659  11.236 0.000
320.208333 321.208333   7.397 0.659   3.625 0.000
323.208333 324.208333  24.691 0.659   9.889 0.000
326.208333 327.208333  14.672 0.659   6.031 0.000
329.208333 330.208333  15.646 0.659   7.188 0.000
332.208333 333.208333  10.759 0.659   4.252 0.000
335.208333 336.208333   7.449 0.659   3.100 0.000
338.208333 339.208333   7.113 0.659   2.995 0.000
341.208333 342.208333   7.947 0.659   3.138 0.000
344.208333 345.208333   5.061 0.659   3.277 0.000
347.208333 348.208333  11.052 0.659   5.905 0.000
350.208333 351.208333   4.623 0.659   2.821 0.000
353.208333 354.208333  10.611 0.659   4.466 0.000
356.208333 357.208333  11.093 0.659   3.560 0.000
359.208333 360.208333   8.139 0.659   4.349 0.000
362.208333 363.208333   7.852 0.659   2.324 0.000
