scripts/IMPROVE-2019_partial/data/US9072R.20050101080000.20191216000000.filterpack..pm25.10mo.1w.US03L_filterpack_US9072.US03L_IMPROVE_Davis.lev2.nas
64 1001
MISSING INFORMATION
US03L, IMPROVE, , , , , , , 
MISSING INFORMATION
IMPROVE sel_HTAP
1 1
2005 01 01 2019 12 16
3.000000
days from file reference point
25
1 1 1 1 1 1 1 1 1 1 1 1 1 1 1 1 1 1 1 1 1 1 1 1 1
999.999999 9999.99 9.999 99.99 9.999999 9.999 9.999999 9.99 9.999999 99.999 9.999 99.999 9.999 99.999 9.999 999.999 9.999 999.999 9.999999 999.999 9.999 99.999 9.999 9.999 9.999
end_time of measurement, days from the file reference point
iron, ng/m3, Revision date=20181210133000
numflag iron, no unit, Revision date=20181210133000
lead, ng/m3, Revision date=20181210133000
numflag lead, no unit, Revision date=20181210133000
magnesium, ug/m3, Revision date=20181210133000
numflag magnesium, no unit, Revision date=20181210133000
nickel, ng/m3, Revision date=20181210133000
numflag nickel, no unit, Revision date=20181210133000
nitrate, ug N/m3, Revision date=20181210133000
numflag nitrate, no unit, Revision date=20181210133000
organic_carbon, ug C/m3, Revision date=20181210133000
numflag organic_carbon, no unit, Revision date=20181210133000
organic_mass, ug/m3, Revision date=20181210133000
numflag organic_mass, no unit, Revision date=20181210133000
pm10_mass, ug/m3, Version=2, Version description=Data extracted from http://views.cira.colostate.edu/fed/DataWizard 2019-12-16, Sample duration=1d, Orig. time res.=3d, Matrix=pm10, Blank correction=Blank corrected, Volume std. temperature=ambient, Volume std. pressure=ambient
numflag pm10_mass, no unit, Version=2, Version description=Data extracted from http://views.cira.colostate.edu/fed/DataWizard 2019-12-16, Sample duration=1d, Orig. time res.=3d, Matrix=pm10, Blank correction=Blank corrected, Volume std. temperature=ambient, Volume std. pressure=ambient
pm10_pm25_mass, ug/m3, Revision date=20181210133000, Matrix=pm10_pm25
numflag pm10_pm25_mass, no unit, Revision date=20181210133000, Matrix=pm10_pm25
pm25_mass, ug/m3, Version=2, Version description=Data extracted from http://views.cira.colostate.edu/fed/DataWizard 2019-12-16, Sample duration=1d, Orig. time res.=3d, Blank correction=Blank corrected, Volume std. temperature=ambient, Volume std. pressure=ambient
numflag pm25_mass, no unit, Version=2, Version description=Data extracted from http://views.cira.colostate.edu/fed/DataWizard 2019-12-16, Sample duration=1d, Orig. time res.=3d, Blank correction=Blank corrected, Volume std. temperature=ambient, Volume std. pressure=ambient
potassium, ug/m3, Revision date=20181210133000
numflag potassium, no unit, Revision date=20181210133000
sulphate_total, ug S/m3, Revision date=20181210133000
numflag sulphate_total, no unit, Revision date=20181210133000
0
25
Data definition:              EBAS_1.1
Set type code:                TU
Timezone:                     UTC
File name:                    US9072R.20050101080000.20191216000000.filterpack..pm25.10mo.1w.US03L_filterpack_US9072.US03L_IMPROVE_Davis.lev2.nas
File creation:                20191218121027
Startdate:                    20050101080000
Revision date:                20191216000000
Statistics:                   arithmetic mean
Data level:                   2
Period code:                  10mo
Resolution code:              1w
Station code:                 US9072R
Platform code:                US9072S
Station name:                 Walker River Paiute Tribe
Station latitude:             38.9519
Station longitude:            -118.8146
Station altitude:             1250.0 m
Regime:                       IMG
Component:                    
Matrix:                       pm25
Laboratory code:              US03L
Instrument type:              filterpack
Instrument name:              filterpack_US9072
Method ref:                   US03L_IMPROVE_Davis
starttime endtime Fe flag_Fe Pb flag_Pb Mg++ flag_Mg++ Ni flag_Ni NO3- flag_NO3- OC flag_OC OM flag_OM PM10 flag_PM10 PM10-PM2.5 flag_PM10-PM2.5 PM2.5 flag_PM2.5 K+ flag_K+ SO4-- flag_SO4--
[from data line 85]
255.333333 256.333333  105.37 0.000  0.62 0.000000 9.999 0.259000 9.99 0.259000  0.029 0.000  0.870 0.000  1.565 0.000  16.797 0.000  12.821 0.000000   4.157 0.000  0.072 0.000 0.092 0.000
258.333333 259.333333  212.87 0.000  1.09 0.000000 9.999 0.259000 9.99 0.259000  0.049 0.000  1.652 0.000  2.974 0.000  52.080 0.000  43.444 0.000000   8.637 0.000  0.138 0.000 0.252 0.000
261.333333 262.333333   86.56 0.000  1.33 0.000000 9.999 0.259000 9.99 0.259000  0.019 0.559  0.544 0.000  0.979 0.000  13.801 0.000   9.754 0.000000   4.045 0.000  0.066 0.000 0.191 0.559
264.333333 265.333333  214.71 0.000  2.24 0.000000 9.999 0.259000 9.99 0.259000  0.020 0.559  1.260 0.000  2.267 0.000  35.069 0.000  27.767 0.000000   7.299 0.000  0.139 0.000 0.225 0.559
267.333333 268.333333   80.72 0.000  0.70 0.000000 0.026 0.000000 9.99 0.259000  0.018 0.559  0.846 0.000  1.522 0.000  13.368 0.000   9.484 0.000000   3.882 0.000  0.064 0.000 0.120 0.559
270.333333 271.333333  214.93 0.000  0.85 0.000000 9.999 0.259000 9.99 0.259000  0.022 0.000  0.837 0.000  1.506 0.000  19.406 0.000  12.114 0.000000   7.290 0.000  0.145 0.000 0.142 0.000
273.333333 274.333333  101.93 0.000  0.64 0.000000 0.042 0.000000 9.99 0.259000  0.037 0.000  2.018 0.000  3.632 0.000  19.621 0.000  13.031 0.000000   6.590 0.000  0.111 0.000 0.140 0.000
276.333333 277.333333   49.60 0.000  0.35 0.000000 9.999 0.259000 9.99 0.259000  0.012 0.000  0.598 0.000  1.076 0.000   8.082 0.000   6.087 0.000000   2.020 0.000  0.037 0.000 0.059 0.000
279.333333 280.333333  161.86 0.000  0.53 0.000000 0.057 0.000000 9.99 0.259000  0.015 0.000  0.908 0.000  1.634 0.000  21.369 0.000  15.829 0.000000   5.538 0.000  0.110 0.000 0.081 0.000
282.333333 283.333333   93.00 0.000  0.35 0.000000 0.036 0.000000 9.99 0.259000  0.024 0.559  0.533 0.000  0.960 0.000   5.507 0.000   2.044 0.000000   3.462 0.000  0.060 0.000 0.066 0.559
285.333333 286.333333  104.81 0.000  0.46 0.000000 0.044 0.000000 0.12 0.000000  0.023 0.000  0.657 0.000  1.183 0.000  10.976 0.000   6.785 0.000000   4.189 0.000  0.075 0.000 0.161 0.000
288.333333 289.333333   39.04 0.000  0.39 0.000000 0.014 0.000000 9.99 0.259000  0.012 0.559  0.362 0.000  0.652 0.000   7.629 0.000   5.580 0.000000   2.049 0.000  0.031 0.000 0.071 0.559
291.333333 292.333333   88.04 0.000  0.99 0.000000 0.025 0.000000 9.99 0.259000  0.044 0.559  1.455 0.000  2.618 0.000  16.893 0.000  10.987 0.000000   5.906 0.000  0.073 0.000 0.228 0.559
294.333333 295.333333   66.28 0.000  0.51 0.000000 0.021 0.000000 9.99 0.259000  0.047 0.000  1.074 0.000  1.933 0.000  15.603 0.000  10.982 0.000000   4.619 0.000  0.094 0.000 0.203 0.000
297.333333 298.333333   27.44 0.000  0.33 0.000000 0.010 0.000000 9.99 0.259000  0.018 0.000  1.209 0.000  2.175 0.000  16.504 0.000  12.957 0.000000   3.701 0.000  0.031 0.000 0.209 0.000
300.333333 301.333333   32.82 0.000  0.38 0.000000 0.010 0.000000 9.99 0.259000  0.074 0.000  0.974 0.000  1.753 0.000   5.769 0.000   2.805 0.000000   2.963 0.000  0.032 0.000 0.090 0.000
303.333333 304.333333   94.64 0.000  1.96 0.000000 0.031 0.000000 9.99 0.259000  0.033 0.559  1.209 0.000  2.176 0.000  12.577 0.000   6.977 0.000000   5.599 0.000  0.078 0.000 0.399 0.559
