scripts/IMPROVE-2019_partial/data/US9070R.20040101070000.20191216000000.filterpack..pm25.52w.1w.US03L_filterpack_US9070.US03L_IMPROVE_Davis.lev2.nas
66 1001
MISSING INFORMATION
US03L, IMPROVE, , , , , , , 
MISSING INFORMATION
IMPROVE sel_HTAP
1 1
2004 01 01 2019 12 16
3.000000
days from file reference point
27
1 1 1 1 1 1 1 1 1 1 1 1 1 1 1 1 1 1 1 1 1 1 1 1 1 1 1
999.999999 9999.99 9.999 99.99 9.999 9.999 9.999999 9.99 9.999999 9.999 9.999 99.999 9.999 99.999 9.999 999.99 9.999999 999.999 9.999 99.999 9.999 99.999 9.999 9.999 9.999 9.999 9.999
end_time of measurement, days from the file reference point
iron, ng/m3, Revision date=20181210133000
numflag iron, no unit, Revision date=20181210133000
lead, ng/m3, Revision date=20181210133000
numflag lead, no unit, Revision date=20181210133000
magnesium, ug/m3, Revision date=20181210133000
numflag magnesium, no unit, Revision date=20181210133000
nickel, ng/m3, Revision date=20181210133000
numflag nickel, no unit, Revision date=20181210133000
nitrate, ug N/m3, Revision date=20181210133000
numflag nitrate, no unit, Revision date=20181210133000
organic_carbon, ug C/m3, Revision date=20181210133000
numflag organic_carbon, no unit, Revision date=20181210133000
organic_mass, ug/m3, Revision date=20181210133000
numflag organic_mass, no unit, Revision date=20181210133000
phosphorus, ng/m3, Revision date=20181210133000
numflag phosphorus, no unit, Revision date=20181210133000
pm10_mass, ug/m3, Version=2, Version description=Data extracted from http://views.cira.colostate.edu/fed/DataWizard 2019-12-16, Sample duration=1d, Orig. time res.=3d, Matrix=pm10, Blank correction=Blank corrected, Volume std. temperature=ambient, Volume std. pressure=ambient
numflag pm10_mass, no unit, Version=2, Version description=Data extracted from http://views.cira.colostate.edu/fed/DataWizard 2019-12-16, Sample duration=1d, Orig. time res.=3d, Matrix=pm10, Blank correction=Blank corrected, Volume std. temperature=ambient, Volume std. pressure=ambient
pm10_pm25_mass, ug/m3, Revision date=20181210133000, Matrix=pm10_pm25
numflag pm10_pm25_mass, no unit, Revision date=20181210133000, Matrix=pm10_pm25
pm25_mass, ug/m3, Version=2, Version description=Data extracted from http://views.cira.colostate.edu/fed/DataWizard 2019-12-16, Sample duration=1d, Orig. time res.=3d, Blank correction=Blank corrected, Volume std. temperature=ambient, Volume std. pressure=ambient
numflag pm25_mass, no unit, Version=2, Version description=Data extracted from http://views.cira.colostate.edu/fed/DataWizard 2019-12-16, Sample duration=1d, Orig. time res.=3d, Blank correction=Blank corrected, Volume std. temperature=ambient, Volume std. pressure=ambient
potassium, ug/m3, Revision date=20181210133000
numflag potassium, no unit, Revision date=20181210133000
sulphate_total, ug S/m3, Revision date=20181210133000
numflag sulphate_total, no unit, Revision date=20181210133000
0
25
Data definition:              EBAS_1.1
Set type code:                TU
Timezone:                     UTC
File name:                    US9070R.20040101070000.20191216000000.filterpack..pm25.52w.1w.US03L_filterpack_US9070.US03L_IMPROVE_Davis.lev2.nas
File creation:                20191218121019
Startdate:                    20040101070000
Revision date:                20191216000000
Statistics:                   arithmetic mean
Data level:                   2
Period code:                  52w
Resolution code:              1w
Station code:                 US9070R
Platform code:                US9070S
Station name:                 San Pedro Parks
Station latitude:             36.0139
Station longitude:            -106.8447
Station altitude:             2935.0 m
Regime:                       IMG
Component:                    
Matrix:                       pm25
Laboratory code:              US03L
Instrument type:              filterpack
Instrument name:              filterpack_US9070
Method ref:                   US03L_IMPROVE_Davis
starttime endtime Fe flag_Fe Pb flag_Pb Mg++ flag_Mg++ Ni flag_Ni NO3- flag_NO3- OC flag_OC OM flag_OM P flag_P PM10 flag_PM10 PM10-PM2.5 flag_PM10-PM2.5 PM2.5 flag_PM2.5 K+ flag_K+ SO4-- flag_SO4--
[from data line 83]
249.291667 250.291667   18.71 0.000 99.99 0.259 9.999 0.259000 9.99 0.259000 0.030 0.000  0.810 0.000  1.133 0.000 999.99 0.259000   3.410 0.000  1.260 0.000  2.150 0.000 0.017 0.000 0.134 0.000
252.291667 253.291667   30.76 0.000  0.20 0.000 9.999 0.259000 9.99 0.259000 0.028 0.000  1.161 0.000  1.625 0.000 999.99 0.259000   5.663 0.000  2.424 0.000  3.239 0.000 0.022 0.000 0.231 0.000
255.291667 256.291667   25.92 0.000  0.35 0.000 9.999 0.259000 0.11 0.000000 0.023 0.000  3.615 0.000  5.061 0.000 999.99 0.259000   6.657 0.000  3.360 0.000  3.297 0.000 0.020 0.000 0.322 0.000
258.291667 259.291667   40.63 0.000 99.99 0.259 9.999 0.259000 9.99 0.259000 0.032 0.000  0.682 0.000  0.955 0.000 999.99 0.259000   5.291 0.000  2.496 0.000  2.795 0.000 0.036 0.000 0.142 0.000
261.291667 262.291667   26.62 0.000 99.99 0.259 0.059 0.000000 9.99 0.259000 0.040 0.000  0.899 0.000  1.258 0.000 999.99 0.259000   7.443 0.000  3.693 0.000  3.751 0.000 0.022 0.000 0.390 0.000
264.291667 265.291667   20.15 0.000  0.62 0.000 9.999 0.259000 9.99 0.259000 0.071 0.000  0.554 0.000  0.776 0.000 999.99 0.259000   4.645 0.000  1.935 0.000  2.710 0.000 0.016 0.000 0.312 0.000
267.291667 268.291667    8.62 0.000  0.23 0.000 0.087 0.000000 9.99 0.259000 0.016 0.000  0.432 0.000  0.605 0.000 999.99 0.259000   2.067 0.000  0.943 0.000  1.124 0.000 0.007 0.000 0.108 0.000
270.291667 271.291667    8.61 0.000  0.71 0.000 9.999 0.259000 9.99 0.259000 0.025 0.000  0.608 0.000  0.851 0.000 999.99 0.259000   2.439 0.000  0.463 0.000  1.976 0.000 0.008 0.000 0.172 0.000
273.291667 274.291667   14.60 0.000 99.99 0.259 9.999 0.259000 9.99 0.259000 0.026 0.000  0.233 0.000  0.327 0.000 999.99 0.259000   3.221 0.000  1.325 0.000  1.897 0.000 0.012 0.000 0.206 0.000
276.291667 277.291667    8.33 0.000  0.54 0.000 9.999 0.259000 9.99 0.259000 0.037 0.000  0.350 0.000  0.490 0.000 999.99 0.259000   3.221 0.000  0.916 0.000  2.305 0.000 0.011 0.000 0.325 0.000
279.291667 280.291667    9.46 0.000 99.99 0.259 9.999 0.259000 9.99 0.259000 0.036 0.000  0.507 0.000  0.710 0.000 999.99 0.259000   2.744 0.000  0.864 0.000  1.881 0.000 0.009 0.000 0.238 0.000
282.291667 283.291667   13.35 0.394  0.35 0.394 0.088 0.394000 0.10 0.394000 0.021 0.394  0.522 0.000  0.731 0.000 999.99 0.394259   3.596 0.000  0.724 0.000  2.872 0.000 0.011 0.394 0.225 0.394
285.291667 286.291667    6.40 0.000  0.14 0.000 9.999 0.259000 9.99 0.259000 0.039 0.000  0.464 0.000  0.650 0.000 999.99 0.259000   2.656 0.000  0.365 0.000  2.291 0.000 0.010 0.000 0.252 0.000
288.291667 289.291667   18.57 0.000  0.34 0.000 9.999 0.259000 9.99 0.259000 0.016 0.000  0.119 0.000  0.167 0.000 999.99 0.259000   2.315 0.000  1.157 0.000  1.157 0.000 0.015 0.000 0.110 0.000
291.291667 292.291667   26.96 0.000  0.21 0.000 9.999 0.259000 0.13 0.000000 0.092 0.000  0.282 0.000  0.395 0.000 999.99 0.259000   4.491 0.000  1.950 0.000  2.541 0.000 0.026 0.000 0.229 0.000
294.291667 295.291667   17.58 0.000  0.29 0.000 9.999 0.259000 0.06 0.000000 0.037 0.000  0.296 0.000  0.415 0.000 999.99 0.259000   3.849 0.000  2.171 0.000  1.678 0.000 0.031 0.000 0.123 0.000
297.291667 298.291667   11.18 0.000  0.47 0.000 9.999 0.259000 0.07 0.000000 0.037 0.000  0.181 0.000  0.254 0.000 999.99 0.259000   2.204 0.000  0.833 0.000  1.371 0.000 0.011 0.000 0.161 0.000
300.291667 301.291667    1.27 0.000  0.23 0.000 9.999 0.259000 9.99 0.259000 0.035 0.000  0.205 0.000  0.286 0.000   4.41 0.000000   0.878 0.000  0.239 0.000  0.639 0.000 0.003 0.000 0.036 0.000
303.291667 304.291667    1.72 0.000 99.99 0.259 9.999 0.259000 9.99 0.259000 0.013 0.000  0.219 0.000  0.307 0.000 999.99 0.259000   0.795 0.000  0.124 0.000  0.671 0.000 0.003 0.000 0.064 0.000
306.291667 307.291667    4.08 0.000 99.99 0.259 0.112 0.000000 9.99 0.259000 0.016 0.000  0.258 0.000  0.361 0.000 999.99 0.259000 999.999 0.456 99.999 0.999  1.056 0.000 0.006 0.000 0.095 0.000
309.291667 310.291667    7.03 0.000  0.22 0.000 0.095 0.000000 9.99 0.259000 0.011 0.000  0.215 0.000  0.301 0.000 999.99 0.259000 999.999 0.456 99.999 0.999  0.926 0.000 0.007 0.000 0.065 0.000
312.291667 313.291667   11.34 0.000  0.50 0.000 9.999 0.259000 9.99 0.259000 0.041 0.000  0.426 0.000  0.596 0.000 999.99 0.259000 999.999 0.456 99.999 0.999  1.875 0.000 0.014 0.000 0.145 0.000
315.291667 316.291667    9.22 0.000  0.32 0.000 0.346 0.000000 9.99 0.259000 0.102 0.000  0.374 0.000  0.523 0.000 999.99 0.259000   3.956 0.000  1.603 0.000  2.354 0.000 0.013 0.000 0.290 0.000
318.291667 319.291667    1.80 0.000  0.26 0.000 0.179 0.000000 9.99 0.259000 0.006 0.000  0.135 0.000  0.189 0.000 999.99 0.259000   0.968 0.000  0.038 0.000  0.930 0.000 0.003 0.000 0.114 0.000
321.291667 322.291667    3.01 0.000  0.29 0.000 9.999 0.259000 9.99 0.259000 0.028 0.000  0.287 0.000  0.401 0.000 999.99 0.259000 999.999 0.999 99.999 0.999  1.534 0.000 0.005 0.000 0.166 0.000
324.291667 325.291667    5.65 0.000  0.59 0.000 0.086 0.000000 9.99 0.259000 0.060 0.000  0.340 0.000  0.476 0.000 999.99 0.259000 999.999 0.999 99.999 0.999  2.157 0.000 0.006 0.000 0.262 0.000
327.291667 328.291667    4.17 0.000  0.27 0.000 9.999 0.259000 9.99 0.259000 0.026 0.000  0.216 0.000  0.302 0.000 999.99 0.259000 999.999 0.999 99.999 0.999  1.662 0.000 0.006 0.000 0.160 0.000
330.291667 331.291667    6.54 0.000  0.41 0.000 9.999 0.259000 9.99 0.259000 0.016 0.000  0.164 0.000  0.230 0.000 999.99 0.259000   1.389 0.000  0.543 0.000  0.846 0.000 0.005 0.000 0.068 0.000
333.291667 334.291667    6.07 0.000  0.35 0.000 9.999 0.259000 9.99 0.259000 0.017 0.000  0.042 0.000  0.059 0.000 999.99 0.259000   1.263 0.000  0.140 0.000  1.123 0.000 0.006 0.000 0.155 0.000
336.291667 337.291667    6.00 0.000  0.40 0.000 9.999 0.259000 9.99 0.259000 0.016 0.000  0.176 0.000  0.246 0.000 999.99 0.259000   1.263 0.000  0.395 0.000  0.868 0.000 0.007 0.000 0.070 0.000
339.291667 340.291667    1.44 0.000  0.28 0.000 9.999 0.259000 9.99 0.259000 0.013 0.559  0.095 0.000  0.133 0.000 999.99 0.259000   0.673 0.000 99.999 0.259  0.680 0.000 0.003 0.000 0.094 0.559
342.291667 343.291667 9999.99 0.999 99.99 0.999 9.999 0.999000 9.99 0.999000 9.999 0.999 99.999 0.999 99.999 0.999 999.99 0.999000 999.999 0.999 99.999 0.999 99.999 0.999 9.999 0.999 9.999 0.999
345.291667 346.291667    3.57 0.559  0.30 0.559 9.999 0.559259 9.99 0.559259 0.003 0.000  0.059 0.000  0.083 0.000 999.99 0.559259   0.207 0.000 99.999 0.259  0.228 0.559 0.004 0.559 0.026 0.000
348.291667 349.291667    7.18 0.559  0.40 0.559 9.999 0.559259 9.99 0.559259 0.055 0.000  0.229 0.000  0.321 0.000 999.99 0.559259   1.622 0.000  0.758 0.000  0.864 0.559 0.007 0.559 0.086 0.000
351.291667 352.291667    3.50 0.559  0.33 0.559 9.999 0.559259 0.19 0.559000 0.019 0.000  0.114 0.000  0.159 0.000 999.99 0.559259   0.980 0.000  0.331 0.000  0.649 0.559 0.006 0.559 0.067 0.000
354.291667 355.291667   12.28 0.000  0.68 0.000 9.999 0.259000 0.22 0.000000 0.013 0.000  0.079 0.000  0.111 0.000 999.99 0.259000   1.226 0.000  0.361 0.000  0.865 0.000 0.014 0.000 0.067 0.000
357.291667 358.291667    6.42 0.559  0.42 0.559 9.999 0.559259 9.99 0.559259 0.081 0.000  0.182 0.000  0.254 0.000 999.99 0.559259   1.266 0.000  0.109 0.000  1.157 0.559 0.007 0.559 0.126 0.000
360.291667 361.291667    1.05 0.559  0.35 0.559 9.999 0.559259 9.99 0.559259 0.007 0.000  0.006 0.000  0.008 0.000 999.99 0.559259   0.646 0.000  0.336 0.000  0.310 0.559 0.003 0.559 0.035 0.000
363.291667 364.291667    4.57 0.000  0.40 0.000 0.118 0.000000 0.17 0.000000 0.080 0.000  0.245 0.000  0.343 0.000 999.99 0.259000   1.539 0.000  0.347 0.000  1.191 0.000 0.011 0.000 0.120 0.000
