scripts/IMPROVE-2019_partial/data/US9048R.20030103070000.20191216000000.filterpack..pm25.1y.1w.US03L_filterpack_US9048.US03L_IMPROVE_Davis.lev2.nas
66 1001
MISSING INFORMATION
US03L, IMPROVE, , , , , , , 
MISSING INFORMATION
IMPROVE sel_HTAP
1 1
2003 01 01 2019 12 16
3.000000
days from file reference point
27
1 1 1 1 1 1 1 1 1 1 1 1 1 1 1 1 1 1 1 1 1 1 1 1 1 1 1
999.999999 9999.99 9.999 99.99 9.999 9.999 9.999999 9.99 9.999999 9.999 9.999 999.999 9.999 999.999 9.999 99.99 9.999999 999.999 9.999 999.999 9.999 99.999 9.999 9.999 9.999 9.999 9.999
end_time of measurement, days from the file reference point
iron, ng/m3, Revision date=20181210133000
numflag iron, no unit, Revision date=20181210133000
lead, ng/m3, Revision date=20181210133000
numflag lead, no unit, Revision date=20181210133000
magnesium, ug/m3, Revision date=20181210133000
numflag magnesium, no unit, Revision date=20181210133000
nickel, ng/m3, Revision date=20181210133000
numflag nickel, no unit, Revision date=20181210133000
nitrate, ug N/m3, Revision date=20181210133000
numflag nitrate, no unit, Revision date=20181210133000
organic_carbon, ug C/m3, Revision date=20181210133000
numflag organic_carbon, no unit, Revision date=20181210133000
organic_mass, ug/m3, Revision date=20181210133000
numflag organic_mass, no unit, Revision date=20181210133000
phosphorus, ng/m3, Revision date=20181210133000
numflag phosphorus, no unit, Revision date=20181210133000
pm10_mass, ug/m3, Version=2, Version description=Data extracted from http://views.cira.colostate.edu/fed/DataWizard 2019-12-16, Sample duration=1d, Orig. time res.=3d, Matrix=pm10, Blank correction=Blank corrected, Volume std. temperature=ambient, Volume std. pressure=ambient
numflag pm10_mass, no unit, Version=2, Version description=Data extracted from http://views.cira.colostate.edu/fed/DataWizard 2019-12-16, Sample duration=1d, Orig. time res.=3d, Matrix=pm10, Blank correction=Blank corrected, Volume std. temperature=ambient, Volume std. pressure=ambient
pm10_pm25_mass, ug/m3, Revision date=20181210133000, Matrix=pm10_pm25
numflag pm10_pm25_mass, no unit, Revision date=20181210133000, Matrix=pm10_pm25
pm25_mass, ug/m3, Version=2, Version description=Data extracted from http://views.cira.colostate.edu/fed/DataWizard 2019-12-16, Sample duration=1d, Orig. time res.=3d, Blank correction=Blank corrected, Volume std. temperature=ambient, Volume std. pressure=ambient
numflag pm25_mass, no unit, Version=2, Version description=Data extracted from http://views.cira.colostate.edu/fed/DataWizard 2019-12-16, Sample duration=1d, Orig. time res.=3d, Blank correction=Blank corrected, Volume std. temperature=ambient, Volume std. pressure=ambient
potassium, ug/m3, Revision date=20181210133000
numflag potassium, no unit, Revision date=20181210133000
sulphate_total, ug S/m3, Revision date=20181210133000
numflag sulphate_total, no unit, Revision date=20181210133000
0
25
Data definition:              EBAS_1.1
Set type code:                TU
Timezone:                     UTC
File name:                    US9048R.20030103070000.20191216000000.filterpack..pm25.1y.1w.US03L_filterpack_US9048.US03L_IMPROVE_Davis.lev2.nas
File creation:                20191218120842
Startdate:                    20030103070000
Revision date:                20191216000000
Statistics:                   arithmetic mean
Data level:                   2
Period code:                  1y
Resolution code:              1w
Station code:                 US9048R
Platform code:                US9048S
Station name:                 White River NF
Station latitude:             39.1536
Station longitude:            -106.8209
Station altitude:             3413.0 m
Regime:                       IMG
Component:                    
Matrix:                       pm25
Laboratory code:              US03L
Instrument type:              filterpack
Instrument name:              filterpack_US9048
Method ref:                   US03L_IMPROVE_Davis
starttime endtime Fe flag_Fe Pb flag_Pb Mg++ flag_Mg++ Ni flag_Ni NO3- flag_NO3- OC flag_OC OM flag_OM P flag_P PM10 flag_PM10 PM10-PM2.5 flag_PM10-PM2.5 PM2.5 flag_PM2.5 K+ flag_K+ SO4-- flag_SO4--
  2.291667   3.291667    0.91 0.000  0.09 0.000 9.999 0.259000 9.99 0.259000 0.001 0.000   0.105 0.000   0.148 0.000 99.99 0.259000   0.370 0.000   0.120 0.000  0.250 0.000 0.002 0.000 0.039 0.000
  5.291667   6.291667    1.35 0.000  0.15 0.000 0.015 0.000000 9.99 0.259000 0.008 0.000   0.208 0.000   0.291 0.000 99.99 0.259000   0.699 0.000   0.141 0.000  0.558 0.000 0.002 0.000 0.089 0.000
  8.291667   9.291667   11.17 0.000  0.47 0.000 9.999 0.259000 0.05 0.000000 0.026 0.000   0.371 0.000   0.519 0.000 99.99 0.259000   2.383 0.000   0.783 0.000  1.600 0.000 0.016 0.000 0.195 0.000
 11.291667  12.291667    1.24 0.000  0.12 0.000 9.999 0.259000 9.99 0.259000 0.006 0.000   0.210 0.000   0.294 0.000 99.99 0.259000   0.579 0.000   0.005 0.000  0.574 0.000 0.002 0.000 0.071 0.000
 14.291667  15.291667    3.24 0.000  0.15 0.000 9.999 0.259000 0.08 0.000000 0.044 0.000   0.196 0.000   0.275 0.000 99.99 0.259000   1.151 0.000   0.554 0.000  0.597 0.000 0.003 0.000 0.087 0.000
 17.291667  18.291667    1.21 0.000  0.11 0.000 0.011 0.000000 9.99 0.259000 0.005 0.000   0.119 0.000   0.167 0.000 99.99 0.259000   0.124 0.000 999.999 0.259  0.154 0.000 0.002 0.000 0.014 0.000
 20.291667  21.291667    6.10 0.000  0.23 0.000 9.999 0.259000 9.99 0.259000 0.064 0.000   0.211 0.000   0.296 0.000 99.99 0.259000   1.325 0.000   0.709 0.000  0.616 0.000 0.006 0.000 0.053 0.000
 23.291667  24.291667    2.73 0.000  0.12 0.000 9.999 0.259000 9.99 0.259000 0.042 0.559   0.148 0.000   0.208 0.000 99.99 0.259000   0.945 0.000   0.474 0.000  0.471 0.000 0.003 0.000 0.068 0.559
 26.291667  27.291667    5.45 0.559  1.63 0.559 0.008 0.559000 9.99 0.559259 0.003 0.000   0.240 0.000   0.336 0.000 99.99 0.559259   1.479 0.000   0.163 0.000  1.317 0.559 0.018 0.559 0.178 0.000
 29.291667  30.291667    6.17 0.000  0.32 0.000 9.999 0.259000 9.99 0.259000 0.012 0.000   0.085 0.000   0.119 0.000 99.99 0.259000   0.986 0.000   0.421 0.000  0.566 0.000 0.008 0.000 0.058 0.000
 32.291667  33.291667   53.20 0.559  0.30 0.559 9.999 0.559259 9.99 0.559259 0.028 0.000   0.262 0.000   0.367 0.000 99.99 0.559259   5.999 0.000   3.663 0.000  2.337 0.559 0.044 0.559 0.091 0.000
 35.291667  36.291667    2.22 0.000  0.14 0.000 0.025 0.000000 9.99 0.259000 0.049 0.000   0.224 0.000   0.314 0.000 99.99 0.259000   0.827 0.000   0.266 0.000  0.560 0.000 0.004 0.000 0.092 0.000
 38.291667  39.291667    3.62 0.000  0.17 0.000 9.999 0.259000 9.99 0.259000 0.024 0.000   0.150 0.000   0.210 0.000 99.99 0.259000   0.790 0.000   0.346 0.000  0.444 0.000 0.004 0.000 0.052 0.000
 41.291667  42.291667    3.89 0.000  0.14 0.000 0.026 0.000000 9.99 0.259000 0.014 0.000   0.124 0.000   0.173 0.000 99.99 0.259000   0.827 0.000   0.393 0.000  0.434 0.000 0.004 0.000 0.054 0.000
 44.291667  45.291667    1.09 0.000 99.99 0.259 0.026 0.000000 9.99 0.259000 0.017 0.000   0.094 0.000   0.132 0.000 99.99 0.259000   0.205 0.000   0.143 0.000  0.062 0.000 0.003 0.000 0.016 0.000
 47.291667  48.291667    5.98 0.000  0.21 0.000 9.999 0.259000 0.06 0.000000 0.024 0.000   0.241 0.000   0.337 0.000 99.99 0.259000   1.068 0.000   0.485 0.000  0.584 0.000 0.007 0.000 0.062 0.000
 50.291667  51.291667    6.38 0.000  0.21 0.000 9.999 0.259000 9.99 0.259000 0.049 0.000   0.153 0.000   0.214 0.000 99.99 0.259000   1.027 0.000   0.498 0.000  0.529 0.000 0.007 0.000 0.065 0.000
 53.291667  54.291667   12.93 0.000  0.10 0.000 9.999 0.259000 9.99 0.259000 0.048 0.000   0.116 0.000   0.163 0.000 99.99 0.259000   2.026 0.000   1.353 0.000  0.673 0.000 0.010 0.000 0.078 0.000
 56.291667  57.291667    9.43 0.000 99.99 0.259 0.017 0.000000 9.99 0.259000 0.006 0.559   0.034 0.000   0.048 0.000 99.99 0.259000   0.909 0.000   0.266 0.000  0.643 0.000 0.005 0.000 0.040 0.559
 59.291667  60.291667    7.89 0.000  0.35 0.000 9.999 0.259000 9.99 0.259000 0.043 0.000   0.278 0.000   0.389 0.000 99.99 0.259000   2.604 0.000   0.268 0.000  2.336 0.000 0.007 0.000 0.406 0.000
 62.291667  63.291667    9.80 0.394  0.42 0.394 9.999 0.394259 9.99 0.394259 0.026 0.394   0.035 0.000   0.049 0.000 99.99 0.394259   1.732 0.000   0.561 0.000  1.171 0.000 0.007 0.394 0.142 0.394
 65.291667  66.291667    9.00 0.000  0.41 0.000 9.999 0.259000 0.05 0.000000 0.021 0.000   0.205 0.000   0.288 0.000 99.99 0.259000   2.178 0.000   1.164 0.000  1.014 0.000 0.009 0.000 0.134 0.000
 68.291667  69.291667   26.83 0.000  0.37 0.000 9.999 0.259000 9.99 0.259000 0.043 0.000   0.136 0.000   0.190 0.000 99.99 0.259000   3.534 0.000   2.026 0.000  1.508 0.000 0.023 0.000 0.093 0.000
 71.291667  72.291667   71.83 0.000  0.39 0.000 0.022 0.000000 0.05 0.000000 0.041 0.000   0.352 0.000   0.492 0.000 99.99 0.259000   5.311 0.000   2.203 0.000  3.108 0.000 0.052 0.000 0.083 0.000
 74.291667  75.291667   12.97 0.000  0.23 0.000 9.999 0.259000 9.99 0.259000 0.021 0.000   0.213 0.000   0.298 0.000 99.99 0.259000   2.260 0.000   0.877 0.000  1.383 0.000 0.013 0.000 0.132 0.000
 77.291667  78.291667    2.39 0.000  0.07 0.000 9.999 0.259000 0.14 0.000000 0.020 0.000   0.130 0.000   0.182 0.000 99.99 0.259000   0.735 0.000   0.585 0.000  0.150 0.000 0.003 0.000 0.060 0.000
 80.291667  81.291667   16.57 0.000  0.24 0.000 0.015 0.000000 9.99 0.259000 0.077 0.000   0.246 0.000   0.344 0.000 99.99 0.259000   2.383 0.000   1.252 0.000  1.131 0.000 0.013 0.000 0.098 0.000
 83.291667  84.291667   20.51 0.000  0.33 0.000 0.011 0.000000 9.99 0.259000 0.048 0.000   0.143 0.000   0.200 0.000 99.99 0.259000   1.785 0.000   0.669 0.000  1.116 0.000 0.013 0.000 0.103 0.000
 86.291667  87.291667    7.81 0.000 99.99 0.259 9.999 0.259000 9.99 0.259000 0.023 0.000   0.202 0.000   0.282 0.000 99.99 0.259000   1.447 0.000   0.135 0.000  1.312 0.000 0.008 0.000 0.174 0.000
 89.291667  90.291667   11.84 0.000  0.33 0.000 9.999 0.259000 9.99 0.259000 0.039 0.000   0.143 0.000   0.200 0.000 99.99 0.259000   1.266 0.000   0.560 0.000  0.707 0.000 0.011 0.000 0.078 0.000
 92.291667  93.291667   84.97 0.559  1.03 0.559 9.999 0.559259 9.99 0.559259 0.047 0.000   0.206 0.000   0.289 0.000 99.99 0.559259  12.533 0.000   8.479 0.000  4.054 0.559 0.054 0.559 0.240 0.000
 95.291667  96.291667   15.38 0.000  0.36 0.000 9.999 0.259000 9.99 0.259000 0.075 0.000   0.079 0.000   0.111 0.000 99.99 0.259000   1.808 0.000   0.523 0.000  1.285 0.000 0.012 0.000 0.171 0.000
 98.291667  99.291667   67.58 0.559  0.56 0.559 0.032 0.559000 0.07 0.559000 0.036 0.000   0.203 0.000   0.284 0.000 99.99 0.559259   4.109 0.000   1.377 0.000  2.732 0.559 0.038 0.559 0.114 0.000
101.291667 102.291667   91.88 0.559  1.49 0.559 9.999 0.559259 0.06 0.559000 0.057 0.000   0.571 0.000   0.800 0.000 99.99 0.559259   8.465 0.000   4.161 0.000  4.304 0.559 0.054 0.559 0.289 0.000
104.291667 105.291667   17.71 0.000  0.28 0.000 9.999 0.259000 9.99 0.259000 0.014 0.000   0.293 0.000   0.410 0.000 99.99 0.259000   3.031 0.000   1.525 0.000  1.506 0.000 0.014 0.000 0.133 0.000
107.291667 108.291667   48.50 0.000  0.44 0.000 9.999 0.259000 9.99 0.259000 0.048 0.000   0.276 0.000   0.387 0.000 99.99 0.259000   3.968 0.000   1.920 0.000  2.048 0.000 0.033 0.000 0.104 0.000
110.291667 111.291667   51.04 0.559  0.36 0.559 9.999 0.559259 9.99 0.559259 0.037 0.000   0.350 0.000   0.490 0.000 99.99 0.559259   4.289 0.000   1.864 0.000  2.426 0.559 0.034 0.559 0.153 0.000
113.291667 114.291667   21.58 0.000  0.19 0.000 9.999 0.259000 9.99 0.259000 0.046 0.000   0.236 0.000   0.331 0.000 99.99 0.259000   1.890 0.000   0.462 0.000  1.428 0.000 0.016 0.000 0.113 0.000
116.291667 117.291667   88.64 0.559  0.59 0.559 9.999 0.559259 9.99 0.559259 0.049 0.000   0.295 0.000   0.413 0.000 99.99 0.559259   5.188 0.000   2.250 0.000  2.938 0.559 0.058 0.559 0.149 0.000
119.291667 120.291667  104.60 0.000  0.56 0.000 9.999 0.259000 0.05 0.000000 0.073 0.000   0.360 0.000   0.503 0.000 99.99 0.259000  10.191 0.000   6.277 0.000  3.914 0.000 0.070 0.000 0.154 0.000
122.291667 123.291667  212.33 0.000  0.67 0.000 9.999 0.259000 9.99 0.259000 0.064 0.000   0.340 0.000   0.475 0.000 99.99 0.259000  22.518 0.000  14.540 0.000  7.978 0.000 0.196 0.000 0.133 0.000
125.291667 126.291667   22.35 0.000  0.80 0.000 9.999 0.259000 0.03 0.000000 0.030 0.000   0.306 0.000   0.428 0.000 99.99 0.259000   3.446 0.000   0.718 0.000  2.729 0.000 0.023 0.000 0.263 0.000
128.291667 129.291667   51.83 0.559  1.03 0.559 9.999 0.559259 9.99 0.559259 0.061 0.000   0.866 0.000   1.212 0.000 99.99 0.559259   7.766 0.000   3.194 0.000  4.572 0.559 0.052 0.559 0.221 0.000
131.291667 132.291667   62.17 0.000  0.58 0.000 9.999 0.259000 9.99 0.259000 0.038 0.000   0.306 0.000   0.429 0.000 99.99 0.259000   5.147 0.000   1.930 0.000  3.217 0.000 0.052 0.000 0.158 0.000
134.291667 135.291667   14.01 0.000  0.18 0.000 9.999 0.259000 9.99 0.259000 0.012 0.000   0.240 0.000   0.336 0.000 99.99 0.259000   2.383 0.000   0.576 0.000  1.808 0.000 0.015 0.000 0.141 0.000
137.291667 138.291667   30.32 0.000  0.39 0.000 9.999 0.259000 9.99 0.259000 0.032 0.000   0.333 0.000   0.467 0.000 99.99 0.259000   4.207 0.000   1.553 0.000  2.654 0.000 0.035 0.000 0.169 0.000
140.291667 141.291667   57.51 0.559  0.51 0.559 9.999 0.559259 9.99 0.559259 0.032 0.000   0.509 0.000   0.713 0.000 99.99 0.559259   5.506 0.000   2.383 0.000  3.123 0.559 0.057 0.559 0.126 0.000
143.291667 144.291667   64.12 0.000  0.37 0.000 9.999 0.259000 0.03 0.000000 0.035 0.000   0.724 0.000   1.013 0.000 99.99 0.259000   5.923 0.000   2.547 0.000  3.376 0.000 0.056 0.000 0.188 0.000
146.291667 147.291667   47.58 0.000  0.57 0.000 9.999 0.259000 9.99 0.259000 0.042 0.000   0.754 0.000   1.055 0.000 99.99 0.259000   7.795 0.000   3.596 0.000  4.199 0.000 0.050 0.000 0.345 0.000
149.291667 150.291667   29.91 0.000  0.44 0.000 9.999 0.259000 9.99 0.259000 0.022 0.000   0.508 0.000   0.711 0.000 99.99 0.259000   6.051 0.000   2.753 0.000  3.298 0.000 0.030 0.000 0.289 0.000
152.291667 153.291667   29.57 0.699  0.51 0.699 0.023 0.699000 9.99 0.699259 0.035 0.000   2.569 0.000   3.596 0.000 99.99 0.699259   9.110 0.000   2.303 0.000  6.807 0.699 0.041 0.699 0.240 0.000
155.291667 156.291667   24.53 0.559  0.55 0.559 9.999 0.559259 9.99 0.559259 0.030 0.000   0.877 0.000   1.228 0.000 99.99 0.559259   6.291 0.000   2.448 0.000  3.843 0.559 0.026 0.559 0.275 0.000
158.291667 159.291667   20.65 0.559  0.46 0.559 0.016 0.559000 9.99 0.559259 0.016 0.000   0.515 0.000   0.722 0.000 99.99 0.559259   4.534 0.000   2.075 0.000  2.459 0.559 0.020 0.559 0.174 0.000
161.291667 162.291667   40.49 0.000  0.08 0.000 9.999 0.259000 0.06 0.000000 0.023 0.000   0.299 0.000   0.419 0.000 99.99 0.259000   7.312 0.000   4.434 0.000  2.878 0.000 0.036 0.000 0.153 0.000
164.291667 165.291667   37.66 0.000  0.38 0.000 9.999 0.259000 9.99 0.259000 0.031 0.000   1.279 0.000   1.790 0.000 99.99 0.259000   6.781 0.000   1.958 0.000  4.822 0.000 0.035 0.000 0.260 0.000
167.291667 168.291667   31.98 0.559  0.70 0.559 9.999 0.559259 9.99 0.559259 0.020 0.000   1.004 0.000   1.405 0.000 99.99 0.559259   8.252 0.000   3.567 0.000  4.684 0.559 0.041 0.559 0.322 0.000
170.291667 171.291667   52.54 0.559  0.41 0.559 9.999 0.559259 0.08 0.559000 0.034 0.000   1.225 0.000   1.714 0.000 99.99 0.559259  10.721 0.000   5.277 0.000  5.445 0.559 0.058 0.559 0.280 0.000
173.291667 174.291667  105.84 0.559  0.40 0.559 9.999 0.559259 0.05 0.559000 0.022 0.000   0.808 0.000   1.131 0.000 99.99 0.559259   9.990 0.000   4.448 0.000  5.543 0.559 0.066 0.559 0.104 0.000
176.291667 177.291667   48.08 0.000  0.72 0.000 9.999 0.259000 9.99 0.259000 0.014 0.000   0.574 0.000   0.804 0.000 99.99 0.259000   9.763 0.000   6.541 0.000  3.222 0.000 0.030 0.000 0.130 0.000
179.291667 180.291667   26.75 0.000  0.47 0.000 9.999 0.259000 9.99 0.259000 0.012 0.000   0.891 0.000   1.248 0.000 99.99 0.259000   7.310 0.000   4.338 0.000  2.972 0.000 0.019 0.000 0.122 0.000
182.291667 183.291667   41.24 0.559  0.28 0.559 9.999 0.559259 9.99 0.559259 0.029 0.000   0.776 0.000   1.087 0.000 99.99 0.559259   9.771 0.000   5.916 0.000  3.854 0.559 0.060 0.559 0.194 0.000
185.291667 186.291667   39.72 0.000  0.79 0.000 9.999 0.259000 9.99 0.259000 0.024 0.000   0.770 0.000   1.079 0.000 99.99 0.259000   8.122 0.000   4.811 0.000  3.312 0.000 0.042 0.000 0.139 0.000
188.291667 189.291667   84.37 0.000  0.88 0.000 9.999 0.259000 0.09 0.000000 0.058 0.000   0.874 0.000   1.224 0.000 99.99 0.259000   8.495 0.000   3.207 0.000  5.288 0.000 0.087 0.000 0.186 0.000
191.291667 192.291667   54.43 0.000  0.58 0.000 9.999 0.259000 9.99 0.259000 0.032 0.000   1.114 0.000   1.560 0.000 99.99 0.259000  12.386 0.000   8.018 0.000  4.368 0.000 0.044 0.000 0.107 0.000
194.291667 195.291667   73.16 0.699  0.75 0.699 9.999 0.699259 0.05 0.699000 0.040 0.000   2.007 0.000   2.811 0.000 99.99 0.699259  15.645 0.000   8.592 0.000  7.053 0.699 0.072 0.699 0.255 0.000
197.291667 198.291667   88.43 0.699  0.88 0.699 9.999 0.699259 9.99 0.699259 0.026 0.000   2.975 0.000   4.165 0.000 99.99 0.699259  16.930 0.000   7.128 0.000  9.802 0.699 0.090 0.699 0.351 0.000
200.291667 201.291667   59.20 0.559  0.58 0.559 9.999 0.559259 0.06 0.559000 0.017 0.000   1.553 0.000   2.175 0.000 99.99 0.559259   8.853 0.000   3.285 0.000  5.569 0.559 0.053 0.559 0.253 0.000
203.291667 204.291667   57.84 0.000  0.69 0.000 9.999 0.259000 0.04 0.000000 0.022 0.559   1.413 0.000   1.978 0.000 99.99 0.259000  15.148 0.000   9.736 0.000  5.412 0.000 0.052 0.000 0.260 0.559
206.291667 207.291667   28.32 0.000  0.40 0.000 9.999 0.259000 9.99 0.259000 0.015 0.559   0.509 0.000   0.713 0.000 99.99 0.259000   6.250 0.000   3.894 0.000  2.356 0.000 0.021 0.000 0.155 0.559
209.291667 210.291667   22.76 0.000  0.43 0.000 9.999 0.259000 9.99 0.259000 0.019 0.559   1.008 0.000   1.411 0.000 99.99 0.259000   5.614 0.000   2.010 0.000  3.604 0.000 0.029 0.000 0.194 0.559
212.291667 213.291667   26.73 0.000  0.34 0.000 9.999 0.259000 0.03 0.000000 0.019 0.559   0.869 0.000   1.216 0.000 99.99 0.259000   8.406 0.000   5.032 0.000  3.375 0.000 0.023 0.000 0.189 0.559
215.291667 216.291667   16.32 0.000  0.31 0.000 9.999 0.259000 0.08 0.000000 0.024 0.559   0.743 0.000   1.040 0.000 99.99 0.259000   3.777 0.000   1.659 0.000  2.118 0.000 0.012 0.000 0.144 0.559
218.291667 219.291667   33.11 0.000  0.44 0.000 9.999 0.259000 9.99 0.259000 0.014 0.559   1.011 0.000   1.416 0.000 99.99 0.259000   8.772 0.000   5.692 0.000  3.079 0.000 0.023 0.000 0.204 0.559
221.291667 222.291667   59.61 0.000  0.65 0.000 9.999 0.259000 0.91 0.000000 0.019 0.000   0.638 0.000   0.893 0.000 99.99 0.259000  10.478 0.000   6.706 0.000  3.772 0.000 0.036 0.000 0.187 0.000
224.291667 225.291667   13.56 0.000  0.20 0.000 9.999 0.259000 9.99 0.259000 0.011 0.000   0.521 0.000   0.729 0.000 99.99 0.259000   6.904 0.000   4.569 0.000  2.336 0.000 0.011 0.000 0.142 0.000
227.291667 228.291667   12.21 0.000  0.29 0.000 9.999 0.259000 9.99 0.259000 0.021 0.000   0.541 0.000   0.758 0.000 99.99 0.259000   4.630 0.000   1.746 0.000  2.883 0.000 0.013 0.000 0.262 0.000
230.291667 231.291667   24.23 0.000  0.23 0.000 9.999 0.259000 9.99 0.259000 0.030 0.000   2.097 0.000   2.936 0.000 99.99 0.259000   8.962 0.000   3.627 0.000  5.335 0.000 0.046 0.000 0.178 0.000
233.291667 234.291667   14.95 0.000  0.18 0.000 9.999 0.259000 9.99 0.259000 0.011 0.000   0.595 0.000   0.833 0.000 99.99 0.259000   4.305 0.000   1.613 0.000  2.692 0.000 0.014 0.000 0.188 0.000
236.291667 237.291667    8.03 0.000  0.26 0.000 9.999 0.259000 0.06 0.000000 0.009 0.000   0.375 0.000   0.525 0.000 99.99 0.259000   2.518 0.000   1.003 0.000  1.515 0.000 0.006 0.000 0.095 0.000
239.291667 240.291667    9.64 0.000  0.33 0.000 9.999 0.259000 9.99 0.259000 0.014 0.000   0.550 0.000   0.769 0.000 99.99 0.259000   3.817 0.000   1.482 0.000  2.336 0.000 0.008 0.000 0.178 0.000
242.291667 243.291667   12.24 0.000  0.23 0.000 9.999 0.259000 9.99 0.259000 0.021 0.000   0.674 0.000   0.943 0.000 99.99 0.259000   3.655 0.000   1.309 0.000  2.346 0.000 0.018 0.000 0.142 0.000
