scripts/IMPROVE-2019_partial/data/US9051U.20050101050000.20191216000000.filterpack..pm25.52w.1w.US03L_filterpack_US9051.US03L_IMPROVE_Davis.lev2.nas
64 1001
MISSING INFORMATION
US03L, IMPROVE, , , , , , , 
MISSING INFORMATION
IMPROVE sel_HTAP
1 1
2005 01 01 2019 12 16
3.000000
days from file reference point
25
1 1 1 1 1 1 1 1 1 1 1 1 1 1 1 1 1 1 1 1 1 1 1 1 1
999.999999 9999.99 9.999 999.99 9.999 9.999 9.999999 99.99 9.999 99.999 9.999 99.999 9.999 999.999 9.999 999.999 9.999 999.999 9.999 999.999 9.999 9.999 9.999 99.999 9.999
end_time of measurement, days from the file reference point
iron, ng/m3, Revision date=20181210133000
numflag iron, no unit, Revision date=20181210133000
lead, ng/m3, Revision date=20181210133000
numflag lead, no unit, Revision date=20181210133000
magnesium, ug/m3, Revision date=20181210133000
numflag magnesium, no unit, Revision date=20181210133000
nickel, ng/m3, Revision date=20181210133000
numflag nickel, no unit, Revision date=20181210133000
nitrate, ug N/m3, Revision date=20181210133000
numflag nitrate, no unit, Revision date=20181210133000
organic_carbon, ug C/m3, Revision date=20181210133000
numflag organic_carbon, no unit, Revision date=20181210133000
organic_mass, ug/m3, Revision date=20181210133000
numflag organic_mass, no unit, Revision date=20181210133000
pm10_mass, ug/m3, Version=2, Version description=Data extracted from http://views.cira.colostate.edu/fed/DataWizard 2019-12-16, Sample duration=1d, Orig. time res.=3d, Matrix=pm10, Blank correction=Blank corrected, Volume std. temperature=ambient, Volume std. pressure=ambient
numflag pm10_mass, no unit, Version=2, Version description=Data extracted from http://views.cira.colostate.edu/fed/DataWizard 2019-12-16, Sample duration=1d, Orig. time res.=3d, Matrix=pm10, Blank correction=Blank corrected, Volume std. temperature=ambient, Volume std. pressure=ambient
pm10_pm25_mass, ug/m3, Revision date=20181210133000, Matrix=pm10_pm25
numflag pm10_pm25_mass, no unit, Revision date=20181210133000, Matrix=pm10_pm25
pm25_mass, ug/m3, Version=2, Version description=Data extracted from http://views.cira.colostate.edu/fed/DataWizard 2019-12-16, Sample duration=1d, Orig. time res.=3d, Blank correction=Blank corrected, Volume std. temperature=ambient, Volume std. pressure=ambient
numflag pm25_mass, no unit, Version=2, Version description=Data extracted from http://views.cira.colostate.edu/fed/DataWizard 2019-12-16, Sample duration=1d, Orig. time res.=3d, Blank correction=Blank corrected, Volume std. temperature=ambient, Volume std. pressure=ambient
potassium, ug/m3, Revision date=20181210133000
numflag potassium, no unit, Revision date=20181210133000
sulphate_total, ug S/m3, Revision date=20181210133000
numflag sulphate_total, no unit, Revision date=20181210133000
0
25
Data definition:              EBAS_1.1
Set type code:                TU
Timezone:                     UTC
File name:                    US9051U.20050101050000.20191216000000.filterpack..pm25.52w.1w.US03L_filterpack_US9051.US03L_IMPROVE_Davis.lev2.nas
File creation:                20191218120856
Startdate:                    20050101050000
Revision date:                20191216000000
Statistics:                   arithmetic mean
Data level:                   2
Period code:                  52w
Resolution code:              1w
Station code:                 US9051U
Platform code:                US9051S
Station name:                 Washington D.C.
Station latitude:             38.8762
Station longitude:            -77.0344
Station altitude:             15.0 m
Regime:                       IMG
Component:                    
Matrix:                       pm25
Laboratory code:              US03L
Instrument type:              filterpack
Instrument name:              filterpack_US9051
Method ref:                   US03L_IMPROVE_Davis
starttime endtime Fe flag_Fe Pb flag_Pb Mg++ flag_Mg++ Ni flag_Ni NO3- flag_NO3- OC flag_OC OM flag_OM PM10 flag_PM10 PM10-PM2.5 flag_PM10-PM2.5 PM2.5 flag_PM2.5 K+ flag_K+ SO4-- flag_SO4--
  0.208333   1.208333  241.67 0.000  10.16 0.000 9.999 0.259000  0.34 0.000  0.431 0.559  5.019 0.000   9.035 0.000  26.070 0.000   6.178 0.000  19.889 0.000 0.449 0.000  1.795 0.559
  3.208333   4.208333  100.24 0.000   6.24 0.000 9.999 0.259000  0.46 0.000  0.414 0.559  2.477 0.000   4.459 0.000  18.505 0.000   5.630 0.000  12.892 0.000 0.066 0.000  1.254 0.559
  6.208333   7.208333   93.55 0.000   2.34 0.000 9.999 0.259000 99.99 0.259  0.331 0.559  1.001 0.000   1.802 0.000  13.514 0.000   4.883 0.000   8.631 0.000 0.032 0.000  1.253 0.559
  9.208333  10.208333  191.83 0.000   2.90 0.000 9.999 0.259000  0.33 0.000  0.694 0.559  2.340 0.000   4.213 0.000  22.096 0.000   5.659 0.000  16.433 0.000 0.050 0.000  1.764 0.559
 12.208333  13.208333  103.77 0.000   2.38 0.000 9.999 0.259000  0.94 0.000  0.418 0.000  1.985 0.000   3.572 0.000  17.956 0.000   5.259 0.000  12.694 0.000 0.057 0.000  1.060 0.000
 15.208333  16.208333  152.21 0.000  14.82 0.000 9.999 0.259000  7.37 0.000  1.003 0.000  2.748 0.000   4.947 0.000  20.613 0.000   4.984 0.000  15.625 0.000 0.125 0.000  0.983 0.000
 18.208333  19.208333   42.28 0.000   4.42 0.000 9.999 0.259000  0.78 0.000  0.599 0.000  2.456 0.000   4.421 0.000  16.858 0.000   5.704 0.000  11.153 0.000 0.069 0.000  0.633 0.000
 21.208333  22.208333   83.45 0.000   7.94 0.000 0.008 0.000000  3.53 0.000  0.980 0.559  4.132 0.000   7.437 0.000  23.428 0.000   5.290 0.000  18.134 0.000 0.106 0.000  0.615 0.559
 24.208333  25.208333   81.97 0.000   2.83 0.000 9.999 0.259000  1.12 0.000  1.192 0.000  2.422 0.000   4.360 0.000  26.900 0.000  10.563 0.000  16.472 0.000 0.064 0.000  1.025 0.000
 27.208333  28.208333  102.08 0.000   3.25 0.000 9.999 0.259000  0.59 0.000  0.658 0.559  1.805 0.000   3.249 0.000  21.235 0.000  10.756 0.000  10.478 0.000 0.043 0.000  0.477 0.559
 30.208333  31.208333  138.83 0.000   5.87 0.000 9.999 0.259000  1.26 0.000  0.932 0.000  2.729 0.000   4.912 0.000  26.617 0.000  11.503 0.000  15.114 0.000 0.070 0.000  0.803 0.000
 33.208333  34.208333  236.14 0.000  12.41 0.000 0.008 0.000000  6.55 0.000  1.649 0.559  3.873 0.559   6.972 0.559  42.460 0.000  17.141 0.000  25.320 0.000 0.082 0.000  1.221 0.559
 36.208333  37.208333  175.09 0.000   8.32 0.000 9.999 0.259000  1.73 0.000  1.011 0.559  4.181 0.000   7.527 0.000  26.656 0.000   7.371 0.000  19.289 0.000 0.103 0.000  1.199 0.559
 39.208333  40.208333  394.39 0.000   6.92 0.000 9.999 0.259000  2.49 0.000  0.859 0.559  5.187 0.000   9.337 0.000  47.739 0.000  23.590 0.000  24.168 0.000 0.126 0.000  1.529 0.559
 42.208333  43.208333   81.72 0.000   2.21 0.000 9.999 0.259000  0.17 0.000  0.491 0.559  1.406 0.000   2.530 0.000  13.948 0.000   4.328 0.000   9.620 0.000 0.035 0.000  1.073 0.559
 45.208333  46.208333  132.51 0.000   3.07 0.000 9.999 0.259000  0.47 0.000  0.827 0.559  2.874 0.000   5.173 0.000  22.657 0.000   5.867 0.000  16.790 0.000 0.066 0.000  1.439 0.559
 48.208333  49.208333   64.06 0.000   1.53 0.000 9.999 0.259000 99.99 0.259  0.362 0.000  0.789 0.000   1.421 0.000  12.989 0.000   5.441 0.000   7.548 0.000 0.028 0.000  0.805 0.000
 51.208333  52.208333  122.48 0.000  11.17 0.000 9.999 0.259000  2.98 0.000  1.277 0.559  3.328 0.000   5.990 0.000  30.118 0.000   5.306 0.000  24.812 0.000 0.110 0.000  2.027 0.559
 54.208333  55.208333   51.87 0.000   2.90 0.000 9.999 0.259000  1.51 0.000  0.764 0.000  1.395 0.000   2.511 0.000  14.647 0.000   3.115 0.000  11.531 0.000 0.038 0.000  0.849 0.000
 57.208333  58.208333   58.91 0.000   4.67 0.000 9.999 0.259000  0.35 0.000  0.573 0.000  1.324 0.000   2.383 0.000  13.416 0.000   7.724 0.000   5.692 0.000 0.050 0.000  0.690 0.000
 60.208333  61.208333   49.62 0.000   2.03 0.000 9.999 0.259000 99.99 0.259  0.137 0.000  0.758 0.000   1.364 0.000  12.349 0.000   6.741 0.000   5.608 0.000 0.023 0.000  0.832 0.000
 63.208333  64.208333  203.91 0.000   9.54 0.000 9.999 0.259000  0.59 0.000  1.989 0.000  2.618 0.000   4.712 0.000  34.887 0.000  11.945 0.000  22.936 0.000 0.072 0.000  1.446 0.000
 66.208333  67.208333   53.18 0.000   2.24 0.000 9.999 0.259000  0.27 0.000  0.095 0.000  1.483 0.000   2.669 0.000  10.827 0.000   4.720 0.000   6.107 0.000 0.031 0.000  0.630 0.000
 69.208333  70.208333   97.49 0.000   2.14 0.000 9.999 0.259000  0.86 0.000  0.892 0.000  2.042 0.000   3.676 0.000  19.414 0.000   6.395 0.000  13.015 0.000 0.047 0.000  1.000 0.000
 72.208333  73.208333   89.94 0.000   2.44 0.000 0.010 0.000000  0.22 0.000  0.432 0.000  1.199 0.000   2.157 0.000  17.177 0.000   8.364 0.000   8.813 0.000 0.032 0.000  0.959 0.000
 75.208333  76.208333  109.23 0.000   5.35 0.000 0.007 0.000000  1.65 0.000  1.375 0.000  1.888 0.000   3.398 0.000  28.524 0.000   9.931 0.000  18.590 0.000 0.049 0.000  1.550 0.000
 78.208333  79.208333   56.42 0.000   5.06 0.000 9.999 0.259000  0.49 0.000  1.466 0.000  2.080 0.000   3.744 0.000  35.334 0.000   4.927 0.000  30.403 0.000 0.056 0.000  3.777 0.000
 81.208333  82.208333   48.67 0.000   1.70 0.000 9.999 0.259000  0.81 0.000  0.683 0.000  1.094 0.000   1.969 0.000  14.113 0.000   1.982 0.000  12.130 0.000 0.023 0.000  1.288 0.000
 84.208333  85.208333   64.66 0.000   8.33 0.000 9.999 0.259000  1.77 0.000  1.062 0.000  1.534 0.000   2.761 0.000  25.220 0.000   4.821 0.000  20.396 0.000 0.044 0.000  2.796 0.000
 87.208333  88.208333  110.22 0.000   1.44 0.000 9.999 0.259000 99.99 0.259  0.222 0.000  1.005 0.000   1.809 0.000   8.437 0.000   4.404 0.000   4.100 0.000 0.018 0.000  0.371 0.000
 90.208333  91.208333   71.23 0.000   3.48 0.000 9.999 0.259000  1.02 0.000  0.958 0.000  1.043 0.000   1.878 0.000  23.791 0.000   8.874 0.000  14.913 0.000 0.047 0.000  2.011 0.000
 93.208333  94.208333  118.01 0.000   1.56 0.000 9.999 0.259000  0.11 0.000  0.032 0.000  1.103 0.000   1.986 0.000   9.887 0.000   5.739 0.000   4.147 0.000 0.024 0.000  0.465 0.000
 96.208333  97.208333   84.63 0.000   2.17 0.000 9.999 0.259000  0.20 0.000  0.179 0.000  2.552 0.000   4.593 0.000  23.761 0.000   8.768 0.000  14.991 0.000 0.071 0.000  1.700 0.000
 99.208333 100.208333  145.00 0.000   3.88 0.000 0.011 0.000000  0.51 0.000  0.377 0.000  2.171 0.000   3.908 0.000  15.391 0.000   5.968 0.000   9.421 0.000 0.045 0.000  0.911 0.000
102.208333 103.208333   89.76 0.000   4.52 0.000 0.010 0.000000  0.79 0.000  0.453 0.000  1.240 0.000   2.233 0.000  17.377 0.000  10.897 0.000   6.479 0.000 0.052 0.000  0.536 0.000
105.208333 106.208333   82.07 0.000   4.05 0.000 9.999 0.259000  1.13 0.000  0.191 0.000  0.959 0.000   1.726 0.000  14.714 0.000   9.671 0.000   5.042 0.000 0.056 0.000  0.438 0.000
108.208333 109.208333  273.81 0.000   7.30 0.000 0.018 0.000000  0.28 0.000  0.401 0.000  3.778 0.000   6.801 0.000  43.076 0.000  15.780 0.000  27.344 0.000 0.085 0.000  3.947 0.000
111.208333 112.208333   74.74 0.000   1.45 0.000 0.019 0.000000  0.82 0.000  0.644 0.000  0.911 0.000   1.641 0.000  20.363 0.000   8.082 0.000  12.280 0.000 0.039 0.000  0.916 0.000
114.208333 115.208333  138.25 0.000   1.27 0.000 9.999 0.259000 99.99 0.259  0.074 0.000  0.987 0.000   1.777 0.000  12.192 0.000   5.944 0.000   6.247 0.000 0.022 0.000  0.845 0.000
117.208333 118.208333  103.71 0.000   1.82 0.000 0.011 0.000000 99.99 0.259  0.163 0.000  0.739 0.000   1.330 0.000  17.102 0.000   9.061 0.000   8.041 0.000 0.031 0.000  1.264 0.000
120.208333 121.208333   77.60 0.000   3.99 0.000 9.999 0.259000 99.99 0.259  0.202 0.000  1.122 0.000   2.020 0.000  19.744 0.000   5.070 0.000  14.673 0.000 0.037 0.000  2.647 0.000
123.208333 124.208333   93.60 0.000   3.38 0.000 9.999 0.259000  0.27 0.000  0.293 0.000  1.166 0.000   2.098 0.000  23.283 0.000  10.251 0.000  13.030 0.000 0.033 0.000  2.220 0.000
126.208333 127.208333  137.05 0.000   5.82 0.000 9.999 0.259000  1.04 0.000  0.643 0.000  1.639 0.000   2.949 0.000  25.163 0.000   9.613 0.000  15.548 0.000 0.052 0.000  2.470 0.000
129.208333 130.208333   41.50 0.000   1.80 0.000 9.999 0.259000  1.13 0.000  0.181 0.000  1.643 0.000   2.957 0.000  17.767 0.000   8.807 0.000   9.193 0.000 0.029 0.000  1.212 0.000
132.208333 133.208333   84.62 0.000   2.29 0.000 0.014 0.000000  0.79 0.000  0.156 0.000  1.252 0.000   2.253 0.000  19.462 0.000  10.706 0.000   8.756 0.000 0.045 0.000  0.493 0.000
135.208333 136.208333 9999.99 0.999 999.99 0.999 9.999 0.999000 99.99 0.999 99.999 0.999 99.999 0.999 999.999 0.999 999.999 0.999 999.999 0.999 999.999 0.999 9.999 0.999 99.999 0.999
138.208333 139.208333   92.35 0.000   4.21 0.000 9.999 0.259000  1.63 0.000  0.578 0.000  2.009 0.000   3.615 0.000  31.773 0.000  10.363 0.000  21.408 0.000 0.037 0.000  3.670 0.000
141.208333 142.208333   71.42 0.000   4.51 0.000 9.999 0.259000  0.17 0.000  0.081 0.000  1.586 0.000   2.854 0.000  15.496 0.000   5.178 0.000  10.316 0.000 0.041 0.000  1.515 0.000
144.208333 145.208333   77.20 0.000   2.25 0.000 9.999 0.259000  0.27 0.000  0.326 0.000  0.823 0.000   1.481 0.000  11.567 0.000   5.953 0.000   5.614 0.000 0.017 0.000  0.668 0.000
147.208333 148.208333  191.86 0.000   2.35 0.000 9.999 0.259000  0.14 0.000  0.148 0.000  2.086 0.000   3.755 0.000  20.691 0.000   8.703 0.000  11.987 0.000 0.039 0.000  1.530 0.000
150.208333 151.208333  115.07 0.000   3.30 0.000 9.999 0.259000  0.15 0.000  0.534 0.000  1.901 0.000   3.421 0.000  18.577 0.000   5.961 0.000  12.703 0.000 0.044 0.000  1.723 0.000
153.208333 154.208333   69.60 0.000   0.86 0.000 9.999 0.259000  0.34 0.000  0.234 0.000  0.709 0.000   1.277 0.000   9.213 0.000   4.999 0.000   4.213 0.000 0.013 0.000  0.463 0.000
156.208333 157.208333   75.94 0.000   6.24 0.000 9.999 0.259000  0.43 0.000  0.242 0.000  4.342 0.000   7.815 0.000  39.429 0.000  10.911 0.000  28.512 0.000 0.043 0.000  3.623 0.000
159.208333 160.208333  105.93 0.000   1.36 0.000 9.999 0.259000  0.89 0.000  0.125 0.000  2.877 0.000   5.178 0.000  29.258 0.000   8.225 0.000  21.030 0.000 0.074 0.000  2.891 0.000
162.208333 163.208333   30.62 0.000   2.00 0.000 0.017 0.000000  1.63 0.000  0.109 0.000  2.071 0.000   3.729 0.000  15.214 0.000   5.837 0.000   9.375 0.000 0.062 0.000  1.015 0.000
165.208333 166.208333  128.51 0.000   1.01 0.000 9.999 0.259000 99.99 0.259  0.042 0.000  2.704 0.000   4.866 0.000  29.543 0.000  12.804 0.000  16.738 0.000 0.043 0.000  2.306 0.000
168.208333 169.208333  100.09 0.000   2.10 0.000 9.999 0.259000  0.08 0.000  0.071 0.000  1.773 0.000   3.191 0.000  21.606 0.000   6.427 0.000  15.175 0.000 0.047 0.000  2.333 0.000
171.208333 172.208333  125.35 0.000   2.19 0.000 9.999 0.259000  0.53 0.000  0.207 0.000  2.652 0.000   4.774 0.000  26.995 0.000  10.184 0.000  16.801 0.000 0.038 0.000  2.238 0.000
174.208333 175.208333   42.54 0.000   2.34 0.000 9.999 0.259000  0.59 0.000  0.105 0.000  3.257 0.000   5.863 0.000  23.349 0.000   8.965 0.000  14.381 0.000 0.058 0.000  1.445 0.000
177.208333 178.208333  102.47 0.000   1.42 0.000 0.008 0.000000  0.50 0.000  0.087 0.000  1.113 0.000   2.002 0.000  15.135 0.000   7.787 0.000   7.348 0.000 0.046 0.000  0.890 0.000
180.208333 181.208333   96.92 0.000   1.57 0.000 9.999 0.259000  0.22 0.000  0.263 0.000  2.371 0.000   4.268 0.000  31.339 0.000   6.487 0.000  24.847 0.000 0.029 0.000  4.277 0.000
183.208333 184.208333   48.15 0.000   3.91 0.000 9.999 0.259000  1.18 0.000  0.163 0.000  2.418 0.000   4.353 0.000  19.216 0.000   6.123 0.000  13.091 0.000 0.254 0.000  1.606 0.000
186.208333 187.208333  125.72 0.000   2.29 0.000 9.999 0.259000  0.11 0.000  0.201 0.000  2.116 0.000   3.810 0.000  30.114 0.000   7.482 0.000  22.628 0.000 0.082 0.000  3.658 0.000
189.208333 190.208333 9999.99 0.899 999.99 0.899 9.999 0.899000 99.99 0.899  0.099 0.000  2.128 0.000   3.830 0.000  22.312 0.000 999.999 0.899  16.541 0.000 9.999 0.899  2.314 0.000
192.208333 193.208333 9999.99 0.456 999.99 0.456 9.999 0.456000 99.99 0.456  0.147 0.000  3.142 0.000   5.655 0.000  44.608 0.000 999.999 0.456 999.999 0.456 9.999 0.456  4.525 0.000
195.208333 196.208333  159.00 0.000   1.32 0.000 9.999 0.259000  3.18 0.000  0.372 0.000  2.307 0.000   4.152 0.000  33.179 0.000   6.912 0.000  26.262 0.000 0.057 0.000  3.760 0.000
198.208333 199.208333  109.37 0.000   1.64 0.000 9.999 0.259000  0.22 0.000  0.052 0.000  2.103 0.000   3.786 0.000  25.204 0.000   4.806 0.000  20.394 0.000 0.032 0.000  3.400 0.000
201.208333 202.208333  156.50 0.000   2.48 0.000 0.015 0.000000  0.48 0.000  0.074 0.000  3.535 0.000   6.363 0.000  41.722 0.000   9.334 0.000  32.383 0.000 0.054 0.000  5.251 0.000
204.208333 205.208333   98.78 0.000   3.69 0.000 9.999 0.259000  0.56 0.000  0.045 0.000  2.659 0.000   4.786 0.000  15.099 0.000   4.705 0.000  10.392 0.000 0.056 0.000  0.744 0.000
207.208333 208.208333 9999.99 0.999 999.99 0.999 9.999 0.999000 99.99 0.999 99.999 0.999 99.999 0.999 999.999 0.999 999.999 0.999 999.999 0.999 999.999 0.999 9.999 0.999 99.999 0.999
210.208333 211.208333  112.60 0.000   2.55 0.000 9.999 0.259000  1.39 0.000  0.232 0.000  1.612 0.000   2.902 0.000  20.734 0.000   3.181 0.000  16.659 0.000 0.038 0.000  2.890 0.000
213.208333 214.208333  243.48 0.000   3.57 0.000 0.009 0.000000  2.84 0.000  0.078 0.000 99.999 0.999 999.999 0.999  30.863 0.000   5.229 0.000  24.408 0.000 0.050 0.000  3.762 0.000
216.208333 217.208333  166.94 0.000   2.96 0.000 9.999 0.259000  2.74 0.000  0.070 0.000  3.770 0.559   6.786 0.559  46.169 0.000   8.315 0.000  35.893 0.000 0.044 0.000  5.626 0.000
219.208333 220.208333  196.88 0.000   2.69 0.000 9.999 0.259000  0.67 0.000  0.098 0.000  1.081 0.000   1.945 0.000  31.851 0.000   5.079 0.000  25.419 0.000 0.048 0.000  3.464 0.000
222.208333 223.208333  200.08 0.000   2.53 0.000 9.999 0.259000  1.11 0.000  0.088 0.000  3.153 0.559   5.676 0.559  37.733 0.000   5.282 0.000  30.802 0.000 0.050 0.000  5.320 0.000
225.208333 226.208333   65.17 0.000   1.97 0.000 9.999 0.259000  3.86 0.000  0.043 0.000  5.024 0.559   9.044 0.559  40.964 0.000   1.336 0.000  37.628 0.000 0.050 0.000  6.506 0.000
228.208333 229.208333   96.47 0.000   2.22 0.000 9.999 0.259000  0.59 0.000  0.176 0.000  1.694 0.559   3.049 0.559  17.276 0.000   4.857 0.000  11.783 0.000 0.033 0.000  1.582 0.000
231.208333 232.208333   72.30 0.000   2.44 0.000 9.999 0.259000  1.84 0.000  0.159 0.000  2.845 0.559   5.122 0.559  28.026 0.000   3.580 0.000  23.197 0.000 0.033 0.000  3.934 0.000
234.208333 235.208333  142.28 0.000   3.49 0.000 9.999 0.259000  0.85 0.000  0.073 0.000  1.604 0.559   2.888 0.559  21.214 0.000   7.342 0.000  13.268 0.000 0.030 0.000  1.978 0.000
237.208333 238.208333   94.57 0.000   2.24 0.000 9.999 0.259000  0.72 0.000  0.071 0.000  2.006 0.559   3.612 0.559  18.137 0.000   5.807 0.000  11.698 0.000 0.031 0.000  1.403 0.000
240.208333 241.208333   52.46 0.000   0.93 0.000 0.025 0.000000  6.88 0.000  0.082 0.000  1.151 0.559   2.073 0.559  15.041 0.000   4.390 0.000  10.101 0.000 0.028 0.000  1.522 0.000
243.208333 244.208333  202.35 0.000   3.02 0.000 9.999 0.259000  0.23 0.000  0.056 0.000  2.059 0.000   3.706 0.000  23.659 0.000   4.978 0.000  17.776 0.000 0.029 0.000  3.041 0.000
246.208333 247.208333   78.44 0.000   2.57 0.000 9.999 0.259000  0.08 0.000  0.029 0.000  1.474 0.000   2.654 0.000  10.397 0.000   3.305 0.000   6.725 0.000 0.042 0.000  0.728 0.000
249.208333 250.208333  140.27 0.000   1.68 0.000 9.999 0.259000  1.02 0.000  0.126 0.000  1.379 0.000   2.483 0.000  16.756 0.000   9.630 0.000   6.744 0.000 0.032 0.000  0.618 0.000
252.208333 253.208333  192.88 0.000   6.37 0.000 9.999 0.259000  2.66 0.000  0.330 0.000  3.611 0.000   6.500 0.000  40.773 0.000   6.639 0.000  32.402 0.000 0.061 0.000  5.355 0.000
255.208333 256.208333  148.46 0.000   2.12 0.000 9.999 0.259000  5.83 0.000  0.113 0.000  2.318 0.000   4.172 0.000  24.202 0.000   8.567 0.000  14.868 0.000 0.045 0.000  2.003 0.000
258.208333 259.208333  133.18 0.000   1.31 0.000 9.999 0.259000  1.03 0.000  0.197 0.000  1.946 0.559   3.504 0.559  25.131 0.000   8.817 0.000  15.463 0.000 0.058 0.000  2.325 0.000
