scripts/IMPROVE-2019_partial/data/US9066R.20170101050000.20191216000000.filterpack...52w.3d.US03L_filterpack_US9066.US03L_IMPROVE_Davis.lev2.nas
52 1001
MISSING INFORMATION
US03L, IMPROVE, , , , , , , 
MISSING INFORMATION
IMPROVE sel_HTAP
1 1
2017 01 01 2019 12 16
3.000000
days from file reference point
5
1 1 1 1 1
999.999999 999.999 9.999 999.999 9.999
end_time of measurement, days from the file reference point
pm10_mass, ug/m3, Matrix=pm10
numflag pm10_mass, no unit, Matrix=pm10
pm25_mass, ug/m3, Matrix=pm25
numflag pm25_mass, no unit, Matrix=pm25
0
33
Data definition:              EBAS_1.1
Set type code:                TU
Timezone:                     UTC
File name:                    US9066R.20170101050000.20191216000000.filterpack...52w.3d.US03L_filterpack_US9066.US03L_IMPROVE_Davis.lev2.nas
File creation:                20191218121001
Startdate:                    20170101050000
Revision date:                20191216000000
Version:                      2
Version description:          "Data extracted from http://views.cira.colostate.edu/fed/DataWizard 2019-12-16"
Statistics:                   arithmetic mean
Data level:                   2
Period code:                  52w
Resolution code:              3d
Sample duration:              1d
Orig. time res.:              3d
Station code:                 US9066R
Platform code:                US9066S
Station name:                 Swanquarter
Station latitude:             35.451
Station longitude:            -76.2075
Station altitude:             -3.0 m
Regime:                       IMG
Component:                    
Unit:                         ug/m3
Matrix:                       
Laboratory code:              US03L
Instrument type:              filterpack
Instrument name:              filterpack_US9066
Method ref:                   US03L_IMPROVE_Davis
Blank correction:             Blank corrected
Volume std. temperature:      ambient
Volume std. pressure:         ambient
starttime endtime PM10 flag_PM10 PM2.5 flag_PM2.5
  0.208333   1.208333   6.312 0.000   4.629 0.000
  3.208333   4.208333   6.798 0.000   4.623 0.000
  6.208333   7.208333   4.910 0.000   4.722 0.000
  9.208333  10.208333   5.548 0.000   2.435 0.000
 12.208333  13.208333   7.819 0.000   4.146 0.000
 15.208333  16.208333   7.504 0.000   3.691 0.000
 18.208333  19.208333   6.434 0.000   3.407 0.000
 21.208333  22.208333   5.773 0.000   3.614 0.000
 24.208333  25.208333   5.916 0.000   3.461 0.000
 27.208333  28.208333   4.755 0.000   3.351 0.000
 30.208333  31.208333  13.613 0.000   7.669 0.000
 33.208333  34.208333   7.734 0.000   3.372 0.000
 36.208333  37.208333  12.646 0.000   9.060 0.000
 39.208333  40.208333   6.113 0.000   3.607 0.000
 42.208333  43.208333  19.364 0.000  12.478 0.000
 45.208333  46.208333   8.108 0.000   5.185 0.000
 48.208333  49.208333  15.017 0.000  11.944 0.000
 51.208333  52.208333  16.546 0.000   6.794 0.000
 54.208333  55.208333  11.799 0.000   4.199 0.000
 57.208333  58.208333   6.412 0.000   3.069 0.000
 60.208333  61.208333   4.678 0.000   2.759 0.000
 63.208333  64.208333   5.114 0.000   2.224 0.000
 66.208333  67.208333   9.124 0.000   3.520 0.000
 69.208333  70.208333   5.350 0.000   2.638 0.000
 72.208333  73.208333   4.821 0.000   3.170 0.000
 75.208333  76.208333   7.421 0.000   4.850 0.000
 78.208333  79.208333 999.999 0.999 999.999 0.999
 81.208333  82.208333  14.394 0.000   5.685 0.000
 84.208333  85.208333   9.681 0.000   3.184 0.000
 87.208333  88.208333   7.671 0.000   4.031 0.000
 90.208333  91.208333   4.372 0.000   2.082 0.000
 93.208333  94.208333  14.901 0.000   7.294 0.000
 96.208333  97.208333   4.398 0.000   1.300 0.000
 99.208333 100.208333   6.206 0.000   2.733 0.000
102.208333 103.208333  12.184 0.000   4.408 0.000
105.208333 106.208333  15.499 0.000   6.844 0.000
108.208333 109.208333 999.999 0.999 999.999 0.999
111.208333 112.208333  12.344 0.000   4.859 0.000
114.208333 115.208333   8.607 0.000   4.033 0.000
117.208333 118.208333  17.447 0.000   8.846 0.000
120.208333 121.208333  16.441 0.000   5.669 0.000
123.208333 124.208333  16.468 0.000   5.215 0.000
126.208333 127.208333   5.321 0.000   3.455 0.000
129.208333 130.208333  10.210 0.000   5.978 0.000
132.208333 133.208333   3.830 0.000   1.906 0.000
135.208333 136.208333  10.873 0.000   4.572 0.000
138.208333 139.208333  11.771 0.000   4.828 0.000
141.208333 142.208333  12.467 0.000   5.360 0.000
144.208333 145.208333  11.361 0.000   4.444 0.000
147.208333 148.208333  17.218 0.000  10.735 0.000
150.208333 151.208333  14.881 0.000   8.295 0.000
153.208333 154.208333  15.004 0.000   7.867 0.000
156.208333 157.208333   8.648 0.000   4.605 0.000
159.208333 160.208333   7.824 0.000   4.069 0.000
162.208333 163.208333  10.592 0.000   4.842 0.000
165.208333 166.208333  14.750 0.000   8.368 0.000
168.208333 169.208333  14.910 0.000   6.365 0.000
171.208333 172.208333   7.317 0.000 999.999 0.456
174.208333 175.208333  12.243 0.000 999.999 0.456
177.208333 178.208333  14.082 0.000   8.039 0.000
180.208333 181.208333  13.030 0.000 999.999 0.456
183.208333 184.208333  15.082 0.000 999.999 0.456
186.208333 187.208333  15.863 0.000   8.829 0.000
189.208333 190.208333   9.282 0.000   5.437 0.000
192.208333 193.208333 999.999 0.999 999.999 0.999
195.208333 196.208333  12.123 0.000   5.546 0.000
198.208333 199.208333  10.062 0.000   3.122 0.000
201.208333 202.208333  15.317 0.000   9.907 0.000
204.208333 205.208333  12.323 0.000   7.284 0.000
207.208333 208.208333  11.035 0.000   3.592 0.000
210.208333 211.208333  12.228 0.000   4.071 0.000
213.208333 214.208333  10.291 0.000   5.903 0.000
216.208333 217.208333   8.506 0.000   5.178 0.000
219.208333 220.208333  13.356 0.000   5.883 0.000
222.208333 223.208333  10.028 0.000   3.796 0.000
225.208333 226.208333  12.281 0.000   5.386 0.000
228.208333 229.208333  14.972 0.000   7.273 0.000
231.208333 232.208333  18.961 0.000   9.309 0.000
234.208333 235.208333 999.999 0.999 999.999 0.999
237.208333 238.208333  16.521 0.000   6.676 0.000
240.208333 241.208333   4.659 0.000   1.687 0.000
243.208333 244.208333  18.100 0.000   8.570 0.000
246.208333 247.208333  13.890 0.000   6.109 0.000
249.208333 250.208333  12.425 0.000   6.896 0.000
252.208333 253.208333   6.535 0.000   2.324 0.000
255.208333 256.208333   8.543 0.000   4.175 0.000
258.208333 259.208333   9.569 0.000   5.472 0.000
261.208333 262.208333  15.493 0.000   8.056 0.000
264.208333 265.208333  11.276 0.000   6.242 0.000
267.208333 268.208333   6.380 0.000   2.037 0.000
270.208333 271.208333  18.588 0.000  10.976 0.000
273.208333 274.208333   9.898 0.000   3.297 0.000
276.208333 277.208333  14.884 0.000   4.240 0.000
279.208333 280.208333  10.799 0.000   3.377 0.000
282.208333 283.208333  11.483 0.000   4.075 0.000
285.208333 286.208333   5.779 0.000   2.115 0.000
288.208333 289.208333   7.417 0.000   3.452 0.000
291.208333 292.208333   7.911 0.000   2.001 0.000
294.208333 295.208333   8.864 0.000   4.147 0.000
297.208333 298.208333   8.862 0.000   4.751 0.000
300.208333 301.208333   7.653 0.000   3.148 0.000
303.208333 304.208333   7.184 0.000   3.957 0.000
306.208333 307.208333   7.412 0.000   4.420 0.000
309.208333 310.208333   7.007 0.000   4.304 0.000
312.208333 313.208333   4.258 0.000   1.572 0.000
315.208333 316.208333   4.918 0.000   2.330 0.000
318.208333 319.208333  12.068 0.000   4.896 0.000
321.208333 322.208333   9.091 0.000   3.447 0.000
324.208333 325.208333   5.991 0.000   3.005 0.000
327.208333 328.208333   5.328 0.000   3.263 0.000
330.208333 331.208333   6.502 0.000   4.130 0.000
333.208333 334.208333  12.326 0.000   6.818 0.000
336.208333 337.208333   5.427 0.000   2.491 0.000
339.208333 340.208333   7.898 0.000   3.561 0.000
342.208333 343.208333   0.744 0.000   0.308 0.000
345.208333 346.208333   9.604 0.000   5.746 0.000
348.208333 349.208333  12.735 0.000   6.866 0.000
351.208333 352.208333  16.071 0.000   8.591 0.000
354.208333 355.208333   9.387 0.000   2.924 0.000
357.208333 358.208333   5.395 0.000   3.754 0.000
360.208333 361.208333   4.861 0.000   2.612 0.000
363.208333 364.208333   6.302 0.000   4.010 0.000
