scripts/IMPROVE-2019_partial/data/US9080R.20040101070000.20191216000000.filterpack..pm25.52w.1w.US03L_filterpack_US9080.US03L_IMPROVE_Davis.lev2.nas
64 1001
MISSING INFORMATION
US03L, IMPROVE, , , , , , , 
MISSING INFORMATION
IMPROVE sel_HTAP
1 1
2004 01 01 2019 12 16
3.000000
days from file reference point
25
1 1 1 1 1 1 1 1 1 1 1 1 1 1 1 1 1 1 1 1 1 1 1 1 1
999.999999 9999.99 9.999 99.99 9.999 9.999 9.999999 9.99 9.999999 9.999 9.999 99.999 9.999 99.999 9.999 999.999 9.999 999.999 9.999 999.999 9.999 9.999 9.999 9.999 9.999
end_time of measurement, days from the file reference point
iron, ng/m3, Revision date=20181210133000
numflag iron, no unit, Revision date=20181210133000
lead, ng/m3, Revision date=20181210133000
numflag lead, no unit, Revision date=20181210133000
magnesium, ug/m3, Revision date=20181210133000
numflag magnesium, no unit, Revision date=20181210133000
nickel, ng/m3, Revision date=20181210133000
numflag nickel, no unit, Revision date=20181210133000
nitrate, ug N/m3, Revision date=20181210133000
numflag nitrate, no unit, Revision date=20181210133000
organic_carbon, ug C/m3, Revision date=20181210133000
numflag organic_carbon, no unit, Revision date=20181210133000
organic_mass, ug/m3, Revision date=20181210133000
numflag organic_mass, no unit, Revision date=20181210133000
pm10_mass, ug/m3, Version=2, Version description=Data extracted from http://views.cira.colostate.edu/fed/DataWizard 2019-12-16, Sample duration=1d, Orig. time res.=3d, Matrix=pm10, Blank correction=Blank corrected, Volume std. temperature=ambient, Volume std. pressure=ambient
numflag pm10_mass, no unit, Version=2, Version description=Data extracted from http://views.cira.colostate.edu/fed/DataWizard 2019-12-16, Sample duration=1d, Orig. time res.=3d, Matrix=pm10, Blank correction=Blank corrected, Volume std. temperature=ambient, Volume std. pressure=ambient
pm10_pm25_mass, ug/m3, Revision date=20181210133000, Matrix=pm10_pm25
numflag pm10_pm25_mass, no unit, Revision date=20181210133000, Matrix=pm10_pm25
pm25_mass, ug/m3, Version=2, Version description=Data extracted from http://views.cira.colostate.edu/fed/DataWizard 2019-12-16, Sample duration=1d, Orig. time res.=3d, Blank correction=Blank corrected, Volume std. temperature=ambient, Volume std. pressure=ambient
numflag pm25_mass, no unit, Version=2, Version description=Data extracted from http://views.cira.colostate.edu/fed/DataWizard 2019-12-16, Sample duration=1d, Orig. time res.=3d, Blank correction=Blank corrected, Volume std. temperature=ambient, Volume std. pressure=ambient
potassium, ug/m3, Revision date=20181210133000
numflag potassium, no unit, Revision date=20181210133000
sulphate_total, ug S/m3, Revision date=20181210133000
numflag sulphate_total, no unit, Revision date=20181210133000
0
25
Data definition:              EBAS_1.1
Set type code:                TU
Timezone:                     UTC
File name:                    US9080R.20040101070000.20191216000000.filterpack..pm25.52w.1w.US03L_filterpack_US9080.US03L_IMPROVE_Davis.lev2.nas
File creation:                20191218121101
Startdate:                    20040101070000
Revision date:                20191216000000
Statistics:                   arithmetic mean
Data level:                   2
Period code:                  52w
Resolution code:              1w
Station code:                 US9080R
Platform code:                US9080S
Station name:                 Thunder Basin
Station latitude:             44.6634
Station longitude:            -105.2874
Station altitude:             1195.0 m
Regime:                       IMG
Component:                    
Matrix:                       pm25
Laboratory code:              US03L
Instrument type:              filterpack
Instrument name:              filterpack_US9080
Method ref:                   US03L_IMPROVE_Davis
starttime endtime Fe flag_Fe Pb flag_Pb Mg++ flag_Mg++ Ni flag_Ni NO3- flag_NO3- OC flag_OC OM flag_OM PM10 flag_PM10 PM10-PM2.5 flag_PM10-PM2.5 PM2.5 flag_PM2.5 K+ flag_K+ SO4-- flag_SO4--
[from data line 89]
267.291667 268.291667   62.22 0.000 99.99 0.259 0.069 0.000000 9.99 0.259000 0.011 0.000  0.709 0.000  0.993 0.000   7.510 0.000   4.990 0.000   2.520 0.000 0.018 0.000 0.111 0.000
270.291667 271.291667   43.62 0.000  0.59 0.000 9.999 0.259000 0.11 0.000000 0.026 0.000  0.915 0.000  1.281 0.000  11.423 0.000   8.140 0.000   3.283 0.000 0.033 0.000 0.182 0.000
273.291667 274.291667   51.35 0.000  0.53 0.000 9.999 0.259000 9.99 0.259000 0.024 0.000  0.881 0.000  1.234 0.000   8.129 0.000   4.627 0.000   3.502 0.000 0.023 0.000 0.226 0.000
276.291667 277.291667  100.48 0.000 99.99 0.259 9.999 0.259000 9.99 0.259000 0.016 0.000  1.032 0.000  1.444 0.000  15.033 0.000  10.884 0.000   4.149 0.000 0.028 0.000 0.165 0.000
279.291667 280.291667  102.38 0.000  0.54 0.000 9.999 0.259000 9.99 0.259000 0.037 0.000  0.823 0.000  1.152 0.000  10.457 0.000   6.206 0.000   4.250 0.000 0.025 0.000 0.322 0.000
282.291667 283.291667  614.61 0.000  0.86 0.000 9.999 0.259000 9.99 0.259000 0.022 0.000  0.963 0.000  1.348 0.000  28.219 0.000  21.072 0.000   7.147 0.000 0.111 0.000 0.178 0.000
285.291667 286.291667  139.50 0.000  0.22 0.000 9.999 0.259000 9.99 0.259000 0.037 0.000  0.687 0.000  0.962 0.000  12.605 0.000   8.902 0.000   3.703 0.000 0.036 0.000 0.234 0.000
288.291667 289.291667   39.72 0.000  0.27 0.000 0.111 0.000000 9.99 0.259000 0.040 0.000  0.337 0.000  0.472 0.000   3.069 0.000   1.317 0.000   1.751 0.000 0.014 0.000 0.143 0.000
291.291667 292.291667   24.13 0.000  0.17 0.000 0.139 0.000000 9.99 0.259000 0.100 0.000  0.333 0.000  0.466 0.000   5.652 0.000   3.962 0.000   1.691 0.000 0.015 0.000 0.160 0.000
294.291667 295.291667   93.30 0.000  0.69 0.000 9.999 0.259000 9.99 0.259000 0.106 0.000  0.657 0.000  0.920 0.000   9.032 0.000   5.633 0.000   3.399 0.000 0.019 0.000 0.289 0.000
297.291667 298.291667    8.73 0.000  1.49 0.000 9.999 0.259000 9.99 0.259000 0.021 0.000  0.548 0.000  0.767 0.000   2.786 0.000   0.550 0.000   2.236 0.000 0.022 0.000 0.254 0.000
300.291667 301.291667 9999.99 0.999 99.99 0.999 9.999 0.999000 9.99 0.999000 9.999 0.999 99.999 0.999 99.999 0.999 999.999 0.999 999.999 0.999 999.999 0.999 9.999 0.999 9.999 0.999
303.291667 304.291667 9999.99 0.999 99.99 0.999 9.999 0.999000 9.99 0.999000 9.999 0.999 99.999 0.999 99.999 0.999 999.999 0.999 999.999 0.999 999.999 0.999 9.999 0.999 9.999 0.999
306.291667 307.291667   13.67 0.000  0.92 0.000 0.165 0.000000 9.99 0.259000 0.021 0.000  0.429 0.000  0.601 0.000   2.900 0.000   1.484 0.000   1.415 0.000 0.011 0.000 0.082 0.000
309.291667 310.291667   27.69 0.000  0.65 0.000 9.999 0.259000 0.15 0.000000 0.017 0.000  0.404 0.000  0.565 0.000   4.726 0.000   2.695 0.000   2.030 0.000 0.010 0.000 0.150 0.000
312.291667 313.291667   33.04 0.000  0.55 0.000 0.102 0.000000 9.99 0.259000 0.016 0.000  0.456 0.000  0.638 0.000   4.960 0.000   3.099 0.000   1.862 0.000 0.013 0.000 0.126 0.000
315.291667 316.291667   60.42 0.000  0.80 0.000 9.999 0.259000 9.99 0.259000 0.049 0.000  0.388 0.000  0.543 0.000   8.670 0.000   6.404 0.000   2.266 0.000 0.037 0.000 0.199 0.000
318.291667 319.291667   13.98 0.000  0.55 0.000 9.999 0.259000 9.99 0.259000 0.426 0.000  0.332 0.000  0.465 0.000   6.614 0.000   1.876 0.000   4.737 0.000 0.009 0.000 0.544 0.000
321.291667 322.291667  107.42 0.000  0.27 0.000 9.999 0.259000 9.99 0.259000 0.019 0.000  0.686 0.000  0.961 0.000  13.645 0.000  10.389 0.000   3.256 0.000 0.026 0.000 0.171 0.000
324.291667 325.291667    9.90 0.000  0.20 0.000 0.057 0.000000 9.99 0.259000 0.068 0.000  0.350 0.000  0.490 0.000   3.780 0.000   2.015 0.000   1.765 0.000 0.018 0.000 0.239 0.000
327.291667 328.291667   52.65 0.000 99.99 0.259 9.999 0.259000 9.99 0.259000 0.073 0.000  0.281 0.000  0.393 0.000   1.895 0.000   0.512 0.000   1.383 0.000 0.006 0.000 0.156 0.000
330.291667 331.291667   10.83 0.000  0.25 0.000 9.999 0.259000 0.12 0.000000 0.080 0.559  0.121 0.000  0.170 0.000   1.868 0.000   0.788 0.000   1.080 0.000 0.006 0.000 0.095 0.559
333.291667 334.291667   21.55 0.000 99.99 0.259 0.162 0.000000 9.99 0.259000 0.189 0.000  0.409 0.000  0.573 0.000   4.712 0.000   2.302 0.000   2.410 0.000 0.013 0.000 0.143 0.000
336.291667 337.291667   51.79 0.000  0.37 0.000 0.090 0.000000 0.08 0.000000 0.036 0.559  0.427 0.000  0.598 0.000   9.927 0.000   8.168 0.000   1.758 0.000 0.014 0.000 0.097 0.559
339.291667 340.291667   87.16 0.000  0.58 0.000 9.999 0.259000 9.99 0.259000 0.146 0.000  0.321 0.000  0.449 0.000   9.559 0.000   7.125 0.000   2.433 0.000 0.017 0.000 0.109 0.000
342.291667 343.291667   94.33 0.000  0.52 0.000 9.999 0.259000 9.99 0.259000 0.015 0.000  0.218 0.000  0.305 0.000   9.110 0.000   6.893 0.000   2.216 0.000 0.019 0.000 0.172 0.000
345.291667 346.291667  198.12 0.000  0.44 0.000 9.999 0.259000 9.99 0.259000 0.008 0.000  0.408 0.000  0.571 0.000  16.366 0.000  13.913 0.000   2.453 0.000 0.031 0.000 0.075 0.000
348.291667 349.291667   92.61 0.000  0.88 0.000 9.999 0.259000 9.99 0.259000 0.087 0.000  0.282 0.000  0.394 0.000  11.752 0.000   9.486 0.000   2.266 0.000 0.019 0.000 0.089 0.000
351.291667 352.291667   52.05 0.000  0.41 0.000 9.999 0.259000 0.12 0.000000 0.006 0.000  0.159 0.000  0.223 0.000   3.614 0.000   2.341 0.000   1.273 0.000 0.012 0.000 0.038 0.000
354.291667 355.291667   19.30 0.000 99.99 0.259 9.999 0.259000 0.13 0.000000 0.008 0.000  0.125 0.000  0.175 0.000   4.902 0.000   3.956 0.000   0.946 0.000 0.010 0.000 0.042 0.000
357.291667 358.291667   36.32 0.559  0.42 0.559 0.049 0.559000 9.99 0.559259 0.100 0.000  0.350 0.000  0.490 0.000   8.067 0.000   5.724 0.000   2.343 0.559 0.018 0.559 0.184 0.000
360.291667 361.291667   68.27 0.000  0.48 0.000 0.051 0.000000 0.24 0.000000 0.060 0.000  0.297 0.000  0.416 0.000   8.136 0.000   6.085 0.000   2.051 0.000 0.013 0.000 0.117 0.000
363.291667 364.291667   75.94 0.000  0.57 0.000 9.999 0.259000 0.13 0.000000 0.045 0.000  0.314 0.000  0.439 0.000   8.293 0.000   5.939 0.000   2.354 0.000 0.019 0.000 0.184 0.000
