scripts/IMPROVE-2019_partial/data/US9065R.20140102050000.20191216000000.filterpack...52w.3d.US03L_filterpack_US9065.US03L_IMPROVE_Davis.lev2.nas
51 1001
MISSING INFORMATION
US03L, IMPROVE, , , , , , , 
MISSING INFORMATION
IMPROVE sel_HTAP
1 1
2014 01 01 2019 12 16
3.000000
days from file reference point
4
1 1 1 1
999.999999 999.999 999.999 9.999
end_time of measurement, days from the file reference point
pm10_mass, ug/m3, Matrix=pm10
pm25_mass, ug/m3, Matrix=pm25
numflag, no unit
0
33
Data definition:              EBAS_1.1
Set type code:                TU
Timezone:                     UTC
File name:                    US9065R.20140102050000.20191216000000.filterpack...52w.3d.US03L_filterpack_US9065.US03L_IMPROVE_Davis.lev2.nas
File creation:                20191218120956
Startdate:                    20140102050000
Revision date:                20191216000000
Version:                      2
Version description:          "Data extracted from http://views.cira.colostate.edu/fed/DataWizard 2019-12-16"
Statistics:                   arithmetic mean
Data level:                   2
Period code:                  52w
Resolution code:              3d
Sample duration:              1d
Orig. time res.:              3d
Station code:                 US9065R
Platform code:                US9065S
Station name:                 Shining Rock Wilderness
Station latitude:             35.3937
Station longitude:            -82.7744
Station altitude:             1617.0 m
Regime:                       IMG
Component:                    
Unit:                         ug/m3
Matrix:                       
Laboratory code:              US03L
Instrument type:              filterpack
Instrument name:              filterpack_US9065
Method ref:                   US03L_IMPROVE_Davis
Blank correction:             Blank corrected
Volume std. temperature:      ambient
Volume std. pressure:         ambient
starttime endtime PM10 PM2.5 flag
  1.208333   2.208333 999.999 999.999 0.999
  4.208333   5.208333   1.239   0.992 0.000
  7.208333   8.208333 999.999 999.999 0.999
 10.208333  11.208333   5.145   1.240 0.000
 13.208333  14.208333 999.999 999.999 0.999
 16.208333  17.208333 999.999 999.999 0.999
 19.208333  20.208333   9.402   2.411 0.000
 22.208333  23.208333   4.885   3.206 0.000
 25.208333  26.208333   2.705   1.093 0.000
 28.208333  29.208333   3.029   2.228 0.000
 31.208333  32.208333   1.521   0.672 0.000
 34.208333  35.208333   0.827   0.404 0.000
 37.208333  38.208333   6.605   5.171 0.000
 40.208333  41.208333   3.101   2.119 0.000
 43.208333  44.208333 999.999 999.999 0.999
 46.208333  47.208333 999.999 999.999 0.999
 49.208333  50.208333 999.999 999.999 0.999
 52.208333  53.208333   1.781   0.835 0.000
 55.208333  56.208333 999.999 999.999 0.999
 58.208333  59.208333   7.408   5.059 0.000
 61.208333  62.208333   5.887   4.063 0.000
 64.208333  65.208333   5.726   4.115 0.000
 67.208333  68.208333   7.534   5.991 0.000
 70.208333  71.208333   7.708   6.394 0.000
 73.208333  74.208333  10.952   7.125 0.000
 76.208333  77.208333   2.725   0.843 0.000
 79.208333  80.208333   8.111   6.870 0.000
 82.208333  83.208333   6.317   5.293 0.000
 85.208333  86.208333  10.952   8.424 0.000
 88.208333  89.208333   2.584   2.104 0.000
 91.208333  92.208333  10.954   7.830 0.000
 94.208333  95.208333   5.304   3.757 0.000
 97.208333  98.208333   5.418   4.607 0.000
100.208333 101.208333  10.056   6.947 0.000
103.208333 104.208333   2.912   1.773 0.000
106.208333 107.208333   6.414   4.281 0.000
109.208333 110.208333  10.466   6.330 0.000
112.208333 113.208333   5.673   3.086 0.000
115.208333 116.208333   7.164   4.196 0.000
118.208333 119.208333   4.489   2.249 0.000
121.208333 122.208333   8.216   3.384 0.000
124.208333 125.208333  12.405   5.368 0.000
127.208333 128.208333  10.775   6.421 0.000
130.208333 131.208333   9.991   5.650 0.000
133.208333 134.208333  13.824   6.756 0.000
136.208333 137.208333   8.957   4.411 0.000
139.208333 140.208333  15.457   7.250 0.000
142.208333 143.208333  17.516   9.659 0.000
145.208333 146.208333  17.300  10.611 0.000
148.208333 149.208333  15.040   7.596 0.000
151.208333 152.208333  10.464   4.645 0.000
154.208333 155.208333   9.289   5.289 0.000
157.208333 158.208333   9.925   7.213 0.000
160.208333 161.208333   7.566   3.333 0.000
163.208333 164.208333   7.025   4.587 0.000
166.208333 167.208333  14.744  12.111 0.000
169.208333 170.208333  16.573  11.819 0.000
172.208333 173.208333   9.417   6.188 0.000
175.208333 176.208333  13.034   8.432 0.000
178.208333 179.208333   8.002   5.867 0.000
181.208333 182.208333  42.887  17.193 0.000
184.208333 185.208333   7.315   6.006 0.000
187.208333 188.208333  14.555  11.436 0.000
190.208333 191.208333   8.353   5.945 0.000
193.208333 194.208333  12.837  10.436 0.000
196.208333 197.208333   8.721   6.767 0.000
199.208333 200.208333   0.925   1.432 0.000
202.208333 203.208333   2.581   2.021 0.000
205.208333 206.208333   8.512   7.212 0.000
208.208333 209.208333   8.149   4.758 0.000
211.208333 212.208333   8.773   7.851 0.000
214.208333 215.208333  12.507  10.541 0.000
217.208333 218.208333  18.273  15.045 0.000
220.208333 221.208333   7.186   6.274 0.000
223.208333 224.208333   8.875   6.669 0.000
226.208333 227.208333  10.576   8.129 0.000
229.208333 230.208333   8.453   6.321 0.000
232.208333 233.208333  12.037   7.524 0.000
235.208333 236.208333   5.670   5.472 0.000
238.208333 239.208333   9.474   5.887 0.000
241.208333 242.208333  12.977  10.562 0.000
244.208333 245.208333  15.604   9.059 0.000
247.208333 248.208333   6.673   5.134 0.000
250.208333 251.208333   1.295   0.804 0.000
253.208333 254.208333   6.476   5.023 0.000
256.208333 257.208333  20.963   1.313 0.000
259.208333 260.208333   7.344   5.880 0.000
262.208333 263.208333   6.421   5.315 0.000
265.208333 266.208333   5.749   3.805 0.000
268.208333 269.208333   0.633   0.616 0.000
271.208333 272.208333   5.272   4.742 0.000
274.208333 275.208333 999.999 999.999 0.999
277.208333 278.208333   4.209   1.730 0.000
280.208333 281.208333   5.270   3.109 0.000
283.208333 284.208333 999.999 999.999 0.999
286.208333 287.208333 999.999 999.999 0.999
289.208333 290.208333 999.999 999.999 0.999
292.208333 293.208333 999.999 999.999 0.999
295.208333 296.208333   4.018   2.773 0.000
298.208333 299.208333   8.700   4.662 0.000
301.208333 302.208333   5.771   4.111 0.000
304.208333 305.208333   0.043   0.129 0.000
307.208333 308.208333   4.281   2.097 0.000
310.208333 311.208333   2.580   1.642 0.000
313.208333 314.208333   7.154   4.724 0.000
316.208333 317.208333   7.698   2.765 0.000
319.208333 320.208333   4.490   3.466 0.000
322.208333 323.208333   3.512   2.122 0.000
325.208333 326.208333   6.555   3.831 0.000
328.208333 329.208333   5.193   2.621 0.000
331.208333 332.208333   3.210   2.053 0.000
334.208333 335.208333   5.632   3.151 0.000
337.208333 338.208333   4.625   3.154 0.000
340.208333 341.208333   2.278   1.617 0.000
343.208333 344.208333   0.998   1.177 0.000
346.208333 347.208333   1.030   0.441 0.000
349.208333 350.208333   4.234   2.805 0.000
352.208333 353.208333   2.957   2.333 0.000
355.208333 356.208333   0.343   0.221 0.000
358.208333 359.208333 999.999 999.999 0.999
361.208333 362.208333 999.999 999.999 0.999
364.208333 365.208333   3.245   2.484 0.000
