scripts/IMPROVE-2019_partial/data/US9074R.20060102080000.20191216000000.filterpack..pm25.52w.1w.US03L_filterpack_US9074.US03L_IMPROVE_Davis.lev2.nas
66 1001
MISSING INFORMATION
US03L, IMPROVE, , , , , , , 
MISSING INFORMATION
IMPROVE sel_HTAP
1 1
2006 01 01 2019 12 16
3.000000
days from file reference point
27
1 1 1 1 1 1 1 1 1 1 1 1 1 1 1 1 1 1 1 1 1 1 1 1 1 1 1
999.999999 9999.99 9.999 99.99 9.999999 9.999 9.999999 9.99 9.999999 9.999 9.999 99.999 9.999 999.999 9.999 99.99 9.999999 999.999 9.999 999.999 9.999 999.999 9.999 9.999 9.999 9.999 9.999
end_time of measurement, days from the file reference point
iron, ng/m3, Revision date=20181210133000
numflag iron, no unit, Revision date=20181210133000
lead, ng/m3, Revision date=20181210133000
numflag lead, no unit, Revision date=20181210133000
magnesium, ug/m3, Revision date=20181210133000
numflag magnesium, no unit, Revision date=20181210133000
nickel, ng/m3, Revision date=20181210133000
numflag nickel, no unit, Revision date=20181210133000
nitrate, ug N/m3, Revision date=20181210133000
numflag nitrate, no unit, Revision date=20181210133000
organic_carbon, ug C/m3, Revision date=20181210133000
numflag organic_carbon, no unit, Revision date=20181210133000
organic_mass, ug/m3, Revision date=20181210133000
numflag organic_mass, no unit, Revision date=20181210133000
phosphorus, ng/m3, Revision date=20181210133000
numflag phosphorus, no unit, Revision date=20181210133000
pm10_mass, ug/m3, Version=2, Version description=Data extracted from http://views.cira.colostate.edu/fed/DataWizard 2019-12-16, Sample duration=1d, Orig. time res.=3d, Matrix=pm10, Blank correction=Blank corrected, Volume std. temperature=ambient, Volume std. pressure=ambient
numflag pm10_mass, no unit, Version=2, Version description=Data extracted from http://views.cira.colostate.edu/fed/DataWizard 2019-12-16, Sample duration=1d, Orig. time res.=3d, Matrix=pm10, Blank correction=Blank corrected, Volume std. temperature=ambient, Volume std. pressure=ambient
pm10_pm25_mass, ug/m3, Revision date=20181210133000, Matrix=pm10_pm25
numflag pm10_pm25_mass, no unit, Revision date=20181210133000, Matrix=pm10_pm25
pm25_mass, ug/m3, Version=2, Version description=Data extracted from http://views.cira.colostate.edu/fed/DataWizard 2019-12-16, Sample duration=1d, Orig. time res.=3d, Blank correction=Blank corrected, Volume std. temperature=ambient, Volume std. pressure=ambient
numflag pm25_mass, no unit, Version=2, Version description=Data extracted from http://views.cira.colostate.edu/fed/DataWizard 2019-12-16, Sample duration=1d, Orig. time res.=3d, Blank correction=Blank corrected, Volume std. temperature=ambient, Volume std. pressure=ambient
potassium, ug/m3, Revision date=20181210133000
numflag potassium, no unit, Revision date=20181210133000
sulphate_total, ug S/m3, Revision date=20181210133000
numflag sulphate_total, no unit, Revision date=20181210133000
0
25
Data definition:              EBAS_1.1
Set type code:                TU
Timezone:                     UTC
File name:                    US9074R.20060102080000.20191216000000.filterpack..pm25.52w.1w.US03L_filterpack_US9074.US03L_IMPROVE_Davis.lev2.nas
File creation:                20191218121037
Startdate:                    20060102080000
Revision date:                20191216000000
Statistics:                   arithmetic mean
Data level:                   2
Period code:                  52w
Resolution code:              1w
Station code:                 US9074R
Platform code:                US9074S
Station name:                 Three Sisters Wilderness
Station latitude:             44.291
Station longitude:            -122.0434
Station altitude:             885.0 m
Regime:                       IMG
Component:                    
Matrix:                       pm25
Laboratory code:              US03L
Instrument type:              filterpack
Instrument name:              filterpack_US9074
Method ref:                   US03L_IMPROVE_Davis
starttime endtime Fe flag_Fe Pb flag_Pb Mg++ flag_Mg++ Ni flag_Ni NO3- flag_NO3- OC flag_OC OM flag_OM P flag_P PM10 flag_PM10 PM10-PM2.5 flag_PM10-PM2.5 PM2.5 flag_PM2.5 K+ flag_K+ SO4-- flag_SO4--
[from data line 81]
244.333333 245.333333  229.55 0.000  0.64 0.000000 0.029 0.000000 0.11 0.000000 0.075 0.000  9.063 0.000  16.314 0.000 99.99 0.259000  70.736 0.000  48.410 0.000  22.326 0.000 0.217 0.000 0.174 0.000
247.333333 248.333333   88.36 0.000  1.33 0.000000 0.008 0.000000 0.35 0.000000 0.027 0.000  7.584 0.000  13.652 0.000 99.99 0.259000  23.363 0.000   6.153 0.000  17.211 0.000 0.069 0.000 0.297 0.000
250.333333 251.333333  217.40 0.000  0.83 0.000000 0.028 0.000000 0.51 0.000000 0.135 0.000  4.232 0.000   7.618 0.000 99.99 0.259000  35.988 0.000  22.858 0.000  13.129 0.000 0.323 0.000 0.274 0.000
253.333333 254.333333   92.73 0.000  0.64 0.000000 0.018 0.000000 9.99 0.259000 0.022 0.000  1.239 0.000   2.229 0.000 99.99 0.259000  32.060 0.000  27.808 0.000   4.253 0.000 0.025 0.000 0.116 0.000
256.333333 257.333333   53.46 0.000  0.23 0.000000 0.011 0.000000 9.99 0.259000 0.043 0.000  0.218 0.000   0.393 0.000 99.99 0.259000   7.638 0.000   4.790 0.000   2.848 0.000 0.027 0.000 0.153 0.000
259.333333 260.333333    3.21 0.000  0.35 0.000000 9.999 0.259000 9.99 0.259000 0.016 0.000  0.428 0.000   0.770 0.000 99.99 0.259000   2.149 0.000   0.784 0.000   1.365 0.000 0.008 0.000 0.084 0.000
262.333333 263.333333    2.49 0.000  0.28 0.000000 9.999 0.259000 0.14 0.000000 0.024 0.000  0.335 0.000   0.604 0.000 99.99 0.259000   1.952 0.000   1.166 0.000   0.787 0.000 0.007 0.000 0.086 0.000
265.333333 266.333333   11.98 0.000  0.26 0.000000 9.999 0.259000 9.99 0.259000 0.010 0.000  0.404 0.000   0.727 0.000 99.99 0.259000   3.365 0.000   1.881 0.000   1.484 0.000 0.011 0.000 0.072 0.000
268.333333 269.333333   17.66 0.000  0.41 0.000000 9.999 0.259000 9.99 0.259000 0.006 0.000  0.965 0.000   1.736 0.000 99.99 0.259000   2.290 0.000 999.999 0.259   2.683 0.000 0.016 0.000 0.072 0.000
271.333333 272.333333   22.05 0.000  0.66 0.000000 0.007 0.000000 9.99 0.259000 0.008 0.000  2.420 0.000   4.355 0.000 99.99 0.259000   7.250 0.000   1.638 0.000   5.611 0.000 0.047 0.000 0.084 0.000
274.333333 275.333333   21.48 0.000  1.71 0.000000 9.999 0.259000 9.99 0.259000 0.024 0.000  0.941 0.000   1.695 0.000 99.99 0.259000   4.991 0.000   1.714 0.000   3.277 0.000 0.023 0.000 0.172 0.000
277.333333 278.333333   29.93 0.000  0.70 0.000000 0.008 0.000000 9.99 0.259000 0.009 0.000  1.256 0.000   2.260 0.000 99.99 0.259000   5.121 0.000   1.268 0.000   3.853 0.000 0.029 0.000 0.192 0.000
280.333333 281.333333   10.77 0.000  0.41 0.000000 0.005 0.000000 9.99 0.259000 0.009 0.000  0.421 0.000   0.758 0.000 99.99 0.259000   3.413 0.000   1.503 0.000   1.910 0.000 0.011 0.000 0.106 0.000
283.333333 284.333333   20.73 0.000  0.22 0.000000 9.999 0.259000 9.99 0.259000 0.004 0.000  0.580 0.000   1.043 0.000 99.99 0.259000   4.491 0.000   2.454 0.000   2.037 0.000 0.014 0.000 0.102 0.000
286.333333 287.333333   59.39 0.000  1.17 0.000000 9.999 0.259000 0.19 0.000000 0.019 0.000  1.665 0.000   2.997 0.000 99.99 0.259000  13.931 0.000   9.062 0.000   4.869 0.000 0.039 0.000 0.124 0.000
289.333333 290.333333    1.27 0.000  0.36 0.000000 0.008 0.000000 9.99 0.259000 0.010 0.000  0.358 0.000   0.644 0.000 99.99 0.259000   1.877 0.000   0.706 0.000   1.171 0.000 0.008 0.000 0.049 0.000
292.333333 293.333333    1.87 0.000  0.22 0.000000 9.999 0.259000 9.99 0.259000 0.011 0.000  0.292 0.000   0.525 0.000 99.99 0.259000   2.118 0.000   0.949 0.000   1.169 0.000 0.007 0.000 0.044 0.000
295.333333 296.333333   10.89 0.000  2.13 0.000000 0.007 0.000000 9.99 0.259000 0.020 0.000  2.076 0.000   3.736 0.000 99.99 0.259000   6.822 0.000   1.494 0.000   5.327 0.000 0.049 0.000 0.097 0.000
298.333333 299.333333    4.58 0.000  0.37 0.000000 9.999 0.259000 9.99 0.259000 0.011 0.000  0.290 0.000   0.522 0.000 99.99 0.259000   2.139 0.000   0.747 0.000   1.392 0.000 0.013 0.000 0.105 0.000
301.333333 302.333333    8.04 0.000  1.09 0.000000 0.018 0.000000 9.99 0.259000 0.015 0.000  4.141 0.000   7.453 0.000 99.99 0.259000   9.873 0.000   0.889 0.000   8.984 0.000 0.045 0.000 0.191 0.000
304.333333 305.333333   19.50 0.000  0.45 0.000000 0.008 0.000000 9.99 0.259000 0.081 0.000  5.539 0.000   9.970 0.000 99.99 0.259000  12.258 0.000   2.458 0.000   9.800 0.000 0.039 0.000 0.116 0.000
307.333333 308.333333    1.97 0.000  0.19 0.000000 0.018 0.000000 9.99 0.259000 0.016 0.000  0.622 0.000   1.120 0.000 99.99 0.259000   2.279 0.000   0.760 0.000   1.519 0.000 0.021 0.000 0.043 0.000
310.333333 311.333333    0.58 0.000  0.55 0.000000 0.012 0.000000 9.99 0.259000 0.012 0.000  1.017 0.000   1.831 0.000 99.99 0.259000   2.637 0.000   0.821 0.000   1.816 0.000 0.022 0.000 0.015 0.000
313.333333 314.333333    1.53 0.000 99.99 0.259000 9.999 0.259000 9.99 0.259000 0.005 0.000  1.076 0.000   1.937 0.000 99.99 0.259000   2.749 0.000   0.414 0.000   2.335 0.000 0.045 0.000 0.034 0.000
316.333333 317.333333    0.94 0.000  0.33 0.000000 9.999 0.259000 9.99 0.259000 0.009 0.000  0.331 0.000   0.595 0.000 99.99 0.259000   1.305 0.000   0.222 0.000   1.083 0.000 0.006 0.000 0.031 0.000
319.333333 320.333333    0.88 0.000  0.29 0.000000 9.999 0.259000 9.99 0.259000 0.008 0.000  0.479 0.000   0.863 0.000 99.99 0.259000   2.037 0.000   0.727 0.000   1.310 0.000 0.008 0.000 0.098 0.000
322.333333 323.333333    1.47 0.000  0.31 0.000000 9.999 0.259000 9.99 0.259000 0.002 0.000  1.074 0.000   1.933 0.000 99.99 0.259000   2.890 0.000   0.843 0.000   2.048 0.000 0.012 0.000 0.045 0.000
325.333333 326.333333    0.62 0.000  0.30 0.000000 9.999 0.259000 0.07 0.000000 0.001 0.000  0.085 0.000   0.153 0.000  1.14 0.000000   0.451 0.000   0.305 0.000   0.116 0.000 0.002 0.000 0.005 0.000
328.333333 329.333333    0.80 0.000  0.22 0.000000 9.999 0.259000 9.99 0.259000 0.004 0.000  0.034 0.000   0.062 0.000 99.99 0.259000   0.735 0.000   0.213 0.000   0.522 0.000 0.004 0.000 0.046 0.000
331.333333 332.333333    1.03 0.000  0.15 0.000000 9.999 0.259000 9.99 0.259000 0.011 0.000  0.137 0.000   0.246 0.000 99.99 0.259000   1.150 0.000   0.485 0.000   0.665 0.000 0.004 0.000 0.054 0.000
334.333333 335.333333    0.82 0.559  0.22 0.559000 9.999 0.559259 9.99 0.559259 0.009 0.000  0.115 0.000   0.207 0.000  2.34 0.559000   0.737 0.000   0.049 0.559   0.688 0.659 0.003 0.559 0.061 0.000
337.333333 338.333333    5.71 0.559  0.58 0.559000 9.999 0.559259 9.99 0.559259 0.003 0.000  0.507 0.000   0.912 0.000 99.99 0.559259   1.724 0.000   0.399 0.559   1.325 0.659 0.009 0.559 0.090 0.000
340.333333 341.333333    7.92 0.000  0.24 0.000000 9.999 0.259000 9.99 0.259000 0.007 0.000  1.224 0.000   2.203 0.000 99.99 0.259000   2.787 0.000   0.233 0.000   2.554 0.000 0.015 0.000 0.044 0.000
343.333333 344.333333    0.42 0.000  0.17 0.000000 9.999 0.259000 9.99 0.259000 0.003 0.000  0.204 0.000   0.367 0.000 99.99 0.259000   0.735 0.000   0.589 0.000   0.234 0.000 0.003 0.000 0.012 0.000
346.333333 347.333333    0.93 0.000  0.11 0.000000 0.096 0.000000 9.99 0.259000 0.022 0.000  0.145 0.000   0.260 0.000 99.99 0.259000   4.118 0.000   1.741 0.000   2.377 0.000 0.021 0.000 0.122 0.000
349.333333 350.333333    2.45 0.000  0.19 0.000000 9.999 0.259000 9.99 0.259000 0.008 0.000  0.150 0.000   0.270 0.000 99.99 0.259000   0.989 0.000   0.353 0.000   0.636 0.000 0.004 0.000 0.011 0.000
352.333333 353.333333    0.84 0.559  0.27 0.559000 9.999 0.559259 0.15 0.559000 0.002 0.000  0.123 0.000   0.221 0.000 99.99 0.559259   0.657 0.000   0.082 0.559   0.576 0.659 0.003 0.559 0.017 0.000
355.333333 356.333333    0.24 0.559 99.99 0.559259 9.999 0.559259 9.99 0.559259 0.001 0.000  0.041 0.000   0.074 0.000 99.99 0.559259   0.696 0.000   0.322 0.559   0.374 0.659 0.002 0.559 0.004 0.000
358.333333 359.333333    0.27 0.000 99.99 0.259000 9.999 0.259000 0.13 0.000000 0.003 0.000  0.020 0.000   0.035 0.000 99.99 0.259000   0.408 0.000   0.118 0.000   0.290 0.000 0.001 0.000 0.002 0.000
361.333333 362.333333    7.22 0.559  0.34 0.559000 9.999 0.559259 9.99 0.559259 0.035 0.000  0.339 0.000   0.611 0.000 99.99 0.559259   2.915 0.000   1.081 0.559   1.834 0.659 0.012 0.559 0.068 0.000
364.333333 365.333333    3.78 0.000  0.55 0.000000 9.999 0.259000 0.12 0.000000 0.014 0.000  0.646 0.000   1.163 0.000 99.99 0.259000   2.091 0.000   0.418 0.000   1.672 0.000 0.012 0.000 0.038 0.000
