scripts/IMPROVE-2019_partial/data/US9062R.20010101060000.20191216000000.filterpack..pm25.52w.1w.US03L_filterpack_US9062.US03L_IMPROVE_Davis.lev2.nas
66 1001
MISSING INFORMATION
US03L, IMPROVE, , , , , , , 
MISSING INFORMATION
IMPROVE sel_HTAP
1 1
2001 01 01 2019 12 16
3.00
days from file reference point
27
1 1 1 1 1 1 1 1 1 1 1 1 1 1 1 1 1 1 1 1 1 1 1 1 1 1 1
999.99 9999.99 9.999 99.99 9.999999 9.999 9.999999 9.99 9.999999 99.999 9.999 99.999 9.999 99.999 9.999 999.99 9.999999 999.999 9.999 999.999 9.999 999.999 9.999 9.999 9.999 99.999 9.999
end_time of measurement, days from the file reference point
iron, ng/m3, Revision date=20181210133000
numflag iron, no unit, Revision date=20181210133000
lead, ng/m3, Revision date=20181210133000
numflag lead, no unit, Revision date=20181210133000
magnesium, ug/m3, Revision date=20181210133000
numflag magnesium, no unit, Revision date=20181210133000
nickel, ng/m3, Revision date=20181210133000
numflag nickel, no unit, Revision date=20181210133000
nitrate, ug N/m3, Revision date=20181210133000
numflag nitrate, no unit, Revision date=20181210133000
organic_carbon, ug C/m3, Revision date=20181210133000
numflag organic_carbon, no unit, Revision date=20181210133000
organic_mass, ug/m3, Revision date=20181210133000
numflag organic_mass, no unit, Revision date=20181210133000
phosphorus, ng/m3, Revision date=20181210133000
numflag phosphorus, no unit, Revision date=20181210133000
pm10_mass, ug/m3, Version=2, Version description=Data extracted from http://views.cira.colostate.edu/fed/DataWizard 2019-12-16, Sample duration=1d, Orig. time res.=3d, Matrix=pm10, Blank correction=Blank corrected, Volume std. temperature=ambient, Volume std. pressure=ambient
numflag pm10_mass, no unit, Version=2, Version description=Data extracted from http://views.cira.colostate.edu/fed/DataWizard 2019-12-16, Sample duration=1d, Orig. time res.=3d, Matrix=pm10, Blank correction=Blank corrected, Volume std. temperature=ambient, Volume std. pressure=ambient
pm10_pm25_mass, ug/m3, Revision date=20181210133000, Matrix=pm10_pm25
numflag pm10_pm25_mass, no unit, Revision date=20181210133000, Matrix=pm10_pm25
pm25_mass, ug/m3, Version=2, Version description=Data extracted from http://views.cira.colostate.edu/fed/DataWizard 2019-12-16, Sample duration=1d, Orig. time res.=3d, Blank correction=Blank corrected, Volume std. temperature=ambient, Volume std. pressure=ambient
numflag pm25_mass, no unit, Version=2, Version description=Data extracted from http://views.cira.colostate.edu/fed/DataWizard 2019-12-16, Sample duration=1d, Orig. time res.=3d, Blank correction=Blank corrected, Volume std. temperature=ambient, Volume std. pressure=ambient
potassium, ug/m3, Revision date=20181210133000
numflag potassium, no unit, Revision date=20181210133000
sulphate_total, ug S/m3, Revision date=20181210133000
numflag sulphate_total, no unit, Revision date=20181210133000
0
25
Data definition:              EBAS_1.1
Set type code:                TU
Timezone:                     UTC
File name:                    US9062R.20010101060000.20191216000000.filterpack..pm25.52w.1w.US03L_filterpack_US9062.US03L_IMPROVE_Davis.lev2.nas
File creation:                20191218120937
Startdate:                    20010101060000
Revision date:                20191216000000
Statistics:                   arithmetic mean
Data level:                   2
Period code:                  52w
Resolution code:              1w
Station code:                 US9062R
Platform code:                US9062S
Station name:                 Voyageurs NP #2
Station latitude:             48.4126
Station longitude:            -92.8286
Station altitude:             429.0 m
Regime:                       IMG
Component:                    
Matrix:                       pm25
Laboratory code:              US03L
Instrument type:              filterpack
Instrument name:              filterpack_US9062
Method ref:                   US03L_IMPROVE_Davis
starttime endtime Fe flag_Fe Pb flag_Pb Mg++ flag_Mg++ Ni flag_Ni NO3- flag_NO3- OC flag_OC OM flag_OM P flag_P PM10 flag_PM10 PM10-PM2.5 flag_PM10-PM2.5 PM2.5 flag_PM2.5 K+ flag_K+ SO4-- flag_SO4--
  0.25   1.25    3.73 0.000  0.30 0.000000 9.999 0.259000 9.99 0.259000  0.076 0.000  0.852 0.000  1.192 0.000 999.99 0.259000   3.753 0.000   0.357 0.000   3.396 0.000 0.036 0.000  0.354 0.000
  3.25   4.25   12.03 0.000  0.52 0.000000 0.025 0.000000 9.99 0.259000  0.479 0.000  0.722 0.000  1.011 0.000 999.99 0.259000   7.115 0.000   1.883 0.000   5.232 0.000 0.018 0.000  0.600 0.000
  6.25   7.25    1.41 0.000  0.38 0.000000 9.999 0.259000 0.09 0.000000  0.058 0.000  0.387 0.000  0.541 0.000 999.99 0.259000   1.996 0.000   0.338 0.000   1.658 0.000 0.020 0.000  0.249 0.000
  9.25  10.25   11.39 0.000  1.41 0.000000 9.999 0.259000 9.99 0.259000  1.175 0.000  0.727 0.000  1.018 0.000 999.99 0.259000  10.747 0.000   1.982 0.000   8.765 0.000 0.031 0.000  0.270 0.000
 12.25  13.25    3.75 0.000  0.55 0.000000 9.999 0.259000 9.99 0.259000  0.856 0.559  0.573 0.000  0.802 0.000 999.99 0.259000   9.527 0.000   1.352 0.000   8.175 0.000 0.017 0.000  0.629 0.559
 15.25  16.25    1.10 0.000  0.44 0.000000 9.999 0.259000 0.07 0.000000  0.030 0.559  0.240 0.000  0.336 0.000 999.99 0.259000   2.521 0.000   0.032 0.000   2.489 0.000 0.014 0.000  0.420 0.559
 18.25  19.25    2.35 0.000  0.29 0.000000 9.999 0.259000 0.07 0.000000  0.025 0.000  0.195 0.000  0.274 0.000 999.99 0.259000   1.924 0.000   0.797 0.000   1.127 0.000 0.016 0.000  0.211 0.000
 21.25  22.25    4.50 0.000  0.80 0.000000 9.999 0.259000 9.99 0.259000  0.437 0.000  0.653 0.000  0.914 0.000 999.99 0.259000   6.490 0.000   0.564 0.000   5.926 0.000 0.023 0.000  0.555 0.000
 24.25  25.25    8.09 0.000  0.69 0.000000 9.999 0.259000 9.99 0.259000  0.323 0.000  0.531 0.000  0.744 0.000 999.99 0.259000   4.602 0.000   1.129 0.000   3.472 0.000 0.018 0.000  0.189 0.000
 27.25  28.25    5.35 0.000  1.70 0.000000 9.999 0.259000 0.10 0.000000  0.120 0.000  0.702 0.000  0.982 0.000 999.99 0.259000   5.062 0.000   0.392 0.000   4.670 0.000 0.025 0.000  0.668 0.000
 30.25  31.25    6.29 0.000  1.01 0.000000 9.999 0.259000 9.99 0.259000  0.371 0.000  0.509 0.000  0.712 0.000 999.99 0.259000   6.103 0.000   1.077 0.000   5.026 0.000 0.026 0.000  0.544 0.000
 33.25  34.25   37.61 0.000  1.71 0.000000 9.999 0.259000 0.06 0.000000  0.802 0.000  1.039 0.000  1.454 0.000 999.99 0.259000  11.941 0.000   2.713 0.000   9.228 0.000 0.031 0.000  0.724 0.000
 36.25  37.25    6.04 0.000  1.85 0.000000 0.014 0.000000 0.25 0.000000  0.108 0.000  0.521 0.000  0.729 0.000 999.99 0.259000   4.678 0.000   0.766 0.000   3.912 0.000 0.030 0.000  0.598 0.000
 39.25  40.25    2.32 0.000  0.36 0.000000 9.999 0.259000 0.14 0.000000  0.040 0.000  0.252 0.000  0.352 0.000 999.99 0.259000   2.329 0.000   0.684 0.000   1.645 0.000 0.014 0.000  0.215 0.000
 42.25  43.25   20.76 0.000  1.62 0.000000 9.999 0.259000 9.99 0.259000  0.301 0.000  0.923 0.000  1.293 0.000 999.99 0.259000   6.191 0.000   0.543 0.000   5.648 0.000 0.034 0.000  0.525 0.000
 45.25  46.25   16.26 0.000  1.19 0.000000 9.999 0.259000 0.11 0.000000  0.243 0.000  0.927 0.000  1.298 0.000 999.99 0.259000   6.775 0.000   1.308 0.000   5.468 0.000 0.029 0.000  0.574 0.000
 48.25  49.25    8.79 0.000  0.39 0.000000 9.999 0.259000 0.18 0.000000  0.407 0.000  0.756 0.000  1.058 0.000 999.99 0.259000   7.197 0.000   1.321 0.000   5.876 0.000 0.025 0.000  0.546 0.000
 51.25  52.25   17.38 0.000  2.01 0.000000 9.999 0.259000 0.21 0.000000  0.097 0.000  0.622 0.000  0.871 0.000 999.99 0.259000   5.453 0.000   2.347 0.000   3.107 0.000 0.039 0.000  0.259 0.000
 54.25  55.25   10.71 0.000  0.97 0.000000 9.999 0.259000 9.99 0.259000  0.045 0.000  0.604 0.000  0.845 0.000 999.99 0.259000   3.577 0.000   0.614 0.000   2.963 0.000 0.026 0.000  0.397 0.000
 57.25  58.25    7.55 0.000  0.95 0.000000 9.999 0.259000 0.17 0.000000  0.107 0.000  0.382 0.000  0.535 0.000 999.99 0.259000   3.100 0.000   0.650 0.000   2.450 0.000 0.033 0.000  0.255 0.000
 60.25  61.25   12.18 0.000  0.52 0.000000 9.999 0.259000 9.99 0.259000  0.281 0.000  0.760 0.000  1.064 0.000 999.99 0.259000   4.242 0.000   0.451 0.000   3.791 0.000 0.041 0.000  0.284 0.000
 63.25  64.25    4.37 0.000  0.27 0.000000 9.999 0.259000 9.99 0.259000  0.048 0.559  0.344 0.000  0.482 0.000 999.99 0.259000   2.609 0.000   0.812 0.000   1.797 0.000 0.016 0.000  0.142 0.559
 66.25  67.25    2.91 0.000  0.31 0.000000 9.999 0.259000 9.99 0.259000  0.010 0.000  0.195 0.000  0.272 0.000 999.99 0.259000   1.206 0.000   0.327 0.000   0.879 0.000 0.006 0.000  0.128 0.000
 69.25  70.25   22.28 0.000 99.99 0.259000 0.033 0.000000 0.13 0.000000  0.035 0.559  0.386 0.000  0.540 0.000 999.99 0.259000   2.803 0.000   0.823 0.000   1.980 0.000 0.020 0.000  0.272 0.559
 72.25  73.25    5.27 0.000  0.46 0.000000 9.999 0.259000 9.99 0.259000  0.176 0.000  0.580 0.000  0.812 0.000 999.99 0.259000   3.160 0.000   0.529 0.000   2.631 0.000 0.011 0.000  0.378 0.000
 75.25  76.25   19.83 0.000  0.53 0.000000 9.999 0.259000 0.25 0.000000  0.034 0.559  0.578 0.000  0.809 0.000 999.99 0.259000   3.950 0.000   0.697 0.000   3.253 0.000 0.015 0.000  0.445 0.559
 78.25  79.25   14.89 0.000  0.42 0.000000 9.999 0.259000 9.99 0.259000  0.827 0.000  0.583 0.000  0.816 0.000 999.99 0.259000  10.379 0.000   0.991 0.000   9.388 0.000 0.015 0.000  0.981 0.000
 81.25  82.25   13.32 0.000  0.68 0.000000 9.999 0.259000 9.99 0.259000  0.043 0.000  0.403 0.000  0.564 0.000 999.99 0.259000   3.956 0.000   1.154 0.000   2.803 0.000 0.018 0.000  0.384 0.000
 84.25  85.25   10.67 0.000  0.57 0.000000 9.999 0.259000 9.99 0.259000  0.017 0.559  0.373 0.000  0.522 0.000 999.99 0.259000   2.928 0.000   0.789 0.000   2.139 0.000 0.012 0.000  0.302 0.559
 87.25  88.25   25.39 0.000  1.65 0.000000 9.999 0.259000 0.18 0.000000  0.420 0.000  1.295 0.000  1.813 0.000 999.99 0.259000  10.751 0.000   2.665 0.000   8.086 0.000 0.030 0.000  0.848 0.000
 90.25  91.25   19.24 0.000  0.53 0.000000 0.011 0.000000 9.99 0.259000  0.017 0.000  0.393 0.000  0.550 0.000 999.99 0.259000   4.117 0.000   0.614 0.000   3.503 0.000 0.013 0.000  0.587 0.000
 93.25  94.25   85.50 0.000  1.33 0.000000 9.999 0.259000 9.99 0.259000  0.034 0.000  0.589 0.000  0.825 0.000 999.99 0.259000   5.905 0.000   0.971 0.000   4.934 0.000 0.030 0.000  0.757 0.000
 96.25  97.25    7.43 0.000  0.50 0.000000 9.999 0.259000 0.49 0.000000  0.011 0.000  0.346 0.000  0.484 0.000 999.99 0.259000   2.620 0.000   0.263 0.000   2.357 0.000 0.008 0.000  0.327 0.000
 99.25 100.25   25.47 0.000  0.60 0.000000 9.999 0.259000 9.99 0.259000  0.048 0.559  0.472 0.000  0.661 0.000 999.99 0.259000   5.505 0.000   1.447 0.000   4.058 0.000 0.021 0.000  0.588 0.559
102.25 103.25   12.88 0.000  0.43 0.000000 9.999 0.259000 9.99 0.259000  0.028 0.000  0.428 0.000  0.600 0.000 999.99 0.259000   3.743 0.000   0.877 0.000   2.865 0.000 0.018 0.000  0.416 0.000
105.25 106.25   12.15 0.000  0.88 0.000000 9.999 0.259000 9.99 0.259000  0.009 0.000  0.249 0.000  0.348 0.000 999.99 0.259000   4.016 0.000   1.238 0.000   2.778 0.000 0.015 0.000  0.376 0.000
108.25 109.25  114.73 0.559  3.16 0.559000 9.999 0.559259 9.99 0.559259  0.384 0.000  2.831 0.000  3.964 0.000 999.99 0.559259  22.528 0.000  12.325 0.000  10.203 0.559 0.100 0.559  0.832 0.000
111.25 112.25   13.99 0.000  0.58 0.000000 9.999 0.259000 9.99 0.259000  0.024 0.000  0.314 0.000  0.439 0.000 999.99 0.259000   3.430 0.000   1.105 0.000   2.325 0.000 0.017 0.000  0.302 0.000
114.25 115.25   77.13 0.000  0.75 0.000000 9.999 0.259000 9.99 0.259000  0.033 0.000  0.889 0.000  1.245 0.000 999.99 0.259000  10.375 0.000   5.424 0.000   4.951 0.000 0.064 0.000  0.451 0.000
117.25 118.25   64.76 0.000  0.98 0.000000 9.999 0.259000 9.99 0.259000  0.023 0.000  0.986 0.000  1.380 0.000 999.99 0.259000   8.054 0.000   3.855 0.000   4.199 0.000 0.047 0.000  0.369 0.000
120.25 121.25   70.20 0.000  0.84 0.000000 9.999 0.259000 9.99 0.259000  0.046 0.000  1.036 0.000  1.450 0.000 999.99 0.259000   9.891 0.000   4.804 0.000   5.087 0.000 0.044 0.000  0.426 0.000
123.25 124.25   20.63 0.000 99.99 0.259000 9.999 0.259000 9.99 0.259000  0.007 0.000  0.495 0.000  0.692 0.000 999.99 0.259000   3.082 0.000   1.794 0.000   1.288 0.000 0.021 0.000  0.163 0.000
126.25 127.25   26.46 0.000 99.99 0.259000 9.999 0.259000 9.99 0.259000  0.026 0.000  0.484 0.000  0.677 0.000 999.99 0.259000   6.492 0.000   3.916 0.000   2.577 0.000 0.020 0.000  0.244 0.000
129.25 130.25   60.68 0.000  0.87 0.000000 9.999 0.259000 9.99 0.259000  0.025 0.000  1.029 0.000  1.440 0.000 999.99 0.259000   6.665 0.000   2.309 0.000   4.356 0.000 0.054 0.000  0.294 0.000
132.25 133.25   86.16 0.000  1.89 0.000000 9.999 0.259000 9.99 0.259000  0.064 0.000  1.445 0.000  2.023 0.000 999.99 0.259000  10.377 0.000   4.328 0.000   6.048 0.000 0.058 0.000  0.461 0.000
135.25 136.25   49.64 0.000  0.47 0.000000 9.999 0.259000 9.99 0.259000  0.061 0.000  2.076 0.000  2.906 0.000 999.99 0.259000  17.565 0.000  10.938 0.000   6.627 0.000 0.045 0.000  0.482 0.000
138.25 139.25   68.72 0.000  0.82 0.000000 9.999 0.259000 9.99 0.259000  0.026 0.000  1.595 0.000  2.234 0.000 999.99 0.259000  11.193 0.000   5.496 0.000   5.696 0.000 0.059 0.000  0.363 0.000
141.25 142.25    0.80 0.000  0.34 0.000000 0.006 0.000000 9.99 0.259000  0.002 0.000  0.212 0.000  0.296 0.000  10.37 0.000000   0.715 0.000   0.499 0.000   0.217 0.000 0.002 0.000  0.032 0.000
144.25 145.25    8.86 0.000  0.47 0.000000 9.999 0.259000 0.19 0.000000  0.006 0.000  0.782 0.000  1.095 0.000 999.99 0.259000   5.958 0.000   2.847 0.000   3.111 0.000 0.012 0.000  0.281 0.000
147.25 148.25    4.91 0.000 99.99 0.259000 0.019 0.000000 9.99 0.259000  0.006 0.000  0.937 0.000  1.312 0.000 999.99 0.259000   7.191 0.000   3.093 0.000   4.098 0.000 0.009 0.000  0.528 0.000
150.25 151.25   61.97 0.000  1.25 0.000000 9.999 0.259000 9.99 0.259000  0.032 0.000  1.425 0.000  1.995 0.000 999.99 0.259000  12.368 0.000   6.953 0.000   5.415 0.000 0.045 0.000  0.362 0.000
153.25 154.25   16.38 0.000  0.37 0.000000 9.999 0.259000 0.16 0.000000  0.011 0.000  0.429 0.000  0.600 0.000 999.99 0.259000   4.643 0.000   2.752 0.000   1.891 0.000 0.018 0.000  0.111 0.000
156.25 157.25   16.84 0.000  0.34 0.000000 9.999 0.259000 9.99 0.259000  0.011 0.000  1.017 0.000  1.424 0.000 999.99 0.259000   7.602 0.000   4.512 0.000   3.090 0.000 0.013 0.000  0.150 0.000
159.25 160.25  102.04 0.000  0.54 0.000000 9.999 0.259000 9.99 0.259000  0.036 0.000  1.075 0.000  1.505 0.000 999.99 0.259000   8.252 0.000   4.683 0.000   3.569 0.000 0.023 0.000  0.273 0.000
162.25 163.25   17.57 0.000  0.55 0.000000 9.999 0.259000 9.99 0.259000  0.025 0.000  0.963 0.000  1.348 0.000 999.99 0.259000   9.618 0.000   6.173 0.000   3.445 0.000 0.030 0.000  0.238 0.000
165.25 166.25 9999.99 0.999 99.99 0.999000 9.999 0.999000 9.99 0.999000 99.999 0.999 99.999 0.999 99.999 0.999 999.99 0.999000 999.999 0.999 999.999 0.999 999.999 0.999 9.999 0.999 99.999 0.999
168.25 169.25 9999.99 0.999 99.99 0.999000 9.999 0.999000 9.99 0.999000 99.999 0.999 99.999 0.999 99.999 0.999 999.99 0.999000 999.999 0.999 999.999 0.999 999.999 0.999 9.999 0.999 99.999 0.999
171.25 172.25 9999.99 0.999 99.99 0.999000 9.999 0.999000 9.99 0.999000 99.999 0.999 99.999 0.999 99.999 0.999 999.99 0.999000 999.999 0.999 999.999 0.999 999.999 0.999 9.999 0.999 99.999 0.999
174.25 175.25 9999.99 0.999 99.99 0.999000 9.999 0.999000 9.99 0.999000 99.999 0.999 99.999 0.999 99.999 0.999 999.99 0.999000 999.999 0.999 999.999 0.999 999.999 0.999 9.999 0.999 99.999 0.999
177.25 178.25   21.96 0.000  0.54 0.000000 9.999 0.259000 9.99 0.259000  0.012 0.000  1.743 0.000  2.441 0.000 999.99 0.259000   9.192 0.000   4.197 0.000   4.995 0.000 0.025 0.000  0.192 0.000
180.25 181.25    7.16 0.000  0.20 0.000000 9.999 0.259000 9.99 0.259000  0.011 0.000  0.712 0.000  0.997 0.000 999.99 0.259000   5.499 0.000   3.215 0.000   2.284 0.000 0.015 0.000  0.114 0.000
183.25 184.25    8.57 0.000  0.63 0.000000 9.999 0.259000 9.99 0.259000  0.052 0.000  1.262 0.000  1.767 0.000 999.99 0.259000   7.837 0.000   3.018 0.000   4.819 0.000 0.023 0.000  0.350 0.000
186.25 187.25   44.43 0.000  1.74 0.000000 9.999 0.259000 9.99 0.259000  0.034 0.000  1.511 0.000  2.115 0.000 999.99 0.259000  12.255 0.000   6.468 0.000   5.787 0.000 0.053 0.000  0.394 0.000
189.25 190.25   17.06 0.000  0.36 0.000000 9.999 0.259000 9.99 0.259000  0.010 0.000  1.573 0.000  2.202 0.000 999.99 0.259000   8.325 0.000   3.810 0.000   4.515 0.000 0.022 0.000  0.210 0.000
192.25 193.25    6.47 0.000  0.12 0.000000 9.999 0.259000 9.99 0.259000  0.009 0.000  1.022 0.000  1.430 0.000 999.99 0.259000   4.345 0.000   1.772 0.000   2.573 0.000 0.014 0.000  0.053 0.000
195.25 196.25   51.95 0.000  2.00 0.000000 9.999 0.259000 9.99 0.259000  0.043 0.000  1.586 0.000  2.220 0.000 999.99 0.259000  16.830 0.000   7.089 0.000   9.741 0.000 0.034 0.000  1.138 0.000
198.25 199.25   41.82 0.000  0.84 0.000000 9.999 0.259000 9.99 0.259000  0.031 0.000  1.722 0.000  2.410 0.000 999.99 0.259000  12.467 0.000   4.628 0.000   7.840 0.000 0.032 0.000  0.815 0.000
201.25 202.25   18.59 0.000  0.85 0.000000 9.999 0.259000 9.99 0.259000  0.017 0.000  1.058 0.000  1.481 0.000 999.99 0.259000   8.497 0.000   4.016 0.000   4.480 0.000 0.033 0.000  0.350 0.000
204.25 205.25    2.45 0.000  0.17 0.000000 9.999 0.259000 9.99 0.259000  0.006 0.000  0.352 0.000  0.493 0.000 999.99 0.259000   2.477 0.000   1.359 0.000   1.118 0.000 0.006 0.000  0.030 0.000
207.25 208.25   26.18 0.000  1.00 0.000000 9.999 0.259000 9.99 0.259000  0.024 0.559  0.909 0.000  1.272 0.000 999.99 0.259000   5.958 0.000   3.299 0.000   2.659 0.000 0.016 0.000  0.301 0.559
210.25 211.25   31.05 0.000  1.28 0.000000 9.999 0.259000 9.99 0.259000  0.068 0.000  1.084 0.000  1.517 0.000 999.99 0.259000  10.191 0.000   4.552 0.000   5.638 0.000 0.021 0.000  0.989 0.000
213.25 214.25 9999.99 0.999 99.99 0.999000 9.999 0.999000 9.99 0.999000 99.999 0.999 99.999 0.999 99.999 0.999 999.99 0.999000 999.999 0.999 999.999 0.999 999.999 0.999 9.999 0.999 99.999 0.999
216.25 217.25 9999.99 0.999 99.99 0.999000 9.999 0.999000 9.99 0.999000 99.999 0.999 99.999 0.999 99.999 0.999 999.99 0.999000 999.999 0.999 999.999 0.999 999.999 0.999 9.999 0.999 99.999 0.999
219.25 220.25   23.57 0.000  0.21 0.000000 9.999 0.259000 9.99 0.259000  0.014 0.000  1.327 0.000  1.858 0.000 999.99 0.259000   9.543 0.000   5.223 0.000   4.321 0.000 0.029 0.000  0.267 0.000
222.25 223.25   17.83 0.000  0.28 0.000000 9.999 0.259000 9.99 0.259000  0.012 0.000  1.246 0.000  1.745 0.000 999.99 0.259000   9.477 0.000   4.943 0.000   4.534 0.000 0.024 0.000  0.244 0.000
225.25 226.25   31.65 0.000  0.87 0.000000 9.999 0.259000 9.99 0.259000  0.014 0.000  1.141 0.000  1.598 0.000 999.99 0.259000   9.717 0.000   5.729 0.000   3.988 0.000 0.026 0.000  0.197 0.000
228.25 229.25    7.23 0.000  0.38 0.000000 0.017 0.000000 9.99 0.259000  0.008 0.000  1.045 0.000  1.462 0.000 999.99 0.259000   8.013 0.000   4.130 0.000   3.883 0.000 0.018 0.000  0.204 0.000
231.25 232.25   61.82 0.000  0.42 0.000000 9.999 0.259000 9.99 0.259000  0.010 0.000  1.540 0.000  2.156 0.000 999.99 0.259000   7.972 0.000   3.558 0.000   4.414 0.000 0.019 0.000  0.131 0.000
234.25 235.25    4.22 0.000  1.18 0.000000 9.999 0.259000 9.99 0.259000  0.007 0.000  1.292 0.000  1.808 0.000 999.99 0.259000   5.986 0.000   2.676 0.000   3.310 0.000 0.011 0.000  0.123 0.000
237.25 238.25   20.49 0.000  0.38 0.000000 9.999 0.259000 9.99 0.259000  0.023 0.000  0.862 0.000  1.207 0.000 999.99 0.259000   7.108 0.000   3.980 0.000   3.128 0.000 0.022 0.000  0.218 0.000
240.25 241.25   63.93 0.000  0.94 0.000000 9.999 0.259000 9.99 0.259000  0.025 0.000  1.293 0.000  1.810 0.000 999.99 0.259000  11.724 0.000   6.916 0.000   4.808 0.000 0.031 0.000  0.314 0.000
243.25 244.25   45.19 0.000  1.30 0.000000 9.999 0.259000 0.05 0.000000  0.022 0.000  0.898 0.000  1.257 0.000 999.99 0.259000   7.438 0.000   4.512 0.000   2.926 0.000 0.022 0.000  0.187 0.000
