scripts/IMPROVE-2019_partial/data/US9052R.20130101050000.20191216000000.filterpack...52w.3d.US03L_filterpack_US9052.US03L_IMPROVE_Davis.lev2.nas
52 1001
MISSING INFORMATION
US03L, IMPROVE, , , , , , , 
MISSING INFORMATION
IMPROVE sel_HTAP
1 1
2013 01 01 2019 12 16
3.000000
days from file reference point
5
1 1 1 1 1
999.999999 999.999 9.999 999.999 9.999
end_time of measurement, days from the file reference point
pm10_mass, ug/m3, Matrix=pm10
numflag pm10_mass, no unit, Matrix=pm10
pm25_mass, ug/m3, Matrix=pm25
numflag pm25_mass, no unit, Matrix=pm25
0
33
Data definition:              EBAS_1.1
Set type code:                TU
Timezone:                     UTC
File name:                    US9052R.20130101050000.20191216000000.filterpack...52w.3d.US03L_filterpack_US9052.US03L_IMPROVE_Davis.lev2.nas
File creation:                20191218120903
Startdate:                    20130101050000
Revision date:                20191216000000
Version:                      2
Version description:          "Data extracted from http://views.cira.colostate.edu/fed/DataWizard 2019-12-16"
Statistics:                   arithmetic mean
Data level:                   2
Period code:                  52w
Resolution code:              3d
Sample duration:              1d
Orig. time res.:              3d
Station code:                 US9052R
Platform code:                US9052S
Station name:                 St. Marks
Station latitude:             30.0926
Station longitude:            -84.1614
Station altitude:             7.0 m
Regime:                       IMG
Component:                    
Unit:                         ug/m3
Matrix:                       
Laboratory code:              US03L
Instrument type:              filterpack
Instrument name:              filterpack_US9052
Method ref:                   US03L_IMPROVE_Davis
Blank correction:             Blank corrected
Volume std. temperature:      ambient
Volume std. pressure:         ambient
starttime endtime PM10 flag_PM10 PM2.5 flag_PM2.5
  0.208333   1.208333  21.948 0.000   8.983 0.000
  3.208333   4.208333 999.999 0.999   8.086 0.000
  6.208333   7.208333 999.999 0.999   5.344 0.000
  9.208333  10.208333  10.031 0.000   6.056 0.000
 12.208333  13.208333   8.710 0.000   5.637 0.000
 15.208333  16.208333   6.942 0.000   4.236 0.000
 18.208333  19.208333   9.962 0.000   6.080 0.000
 21.208333  22.208333 999.999 0.456  24.739 0.000
 24.208333  25.208333 999.999 0.456  16.958 0.000
 27.208333  28.208333 999.999 0.456   7.789 0.000
 30.208333  31.208333   7.100 0.000   4.523 0.000
 33.208333  34.208333   6.409 0.000   4.135 0.000
 36.208333  37.208333   5.746 0.000   5.487 0.000
 39.208333  40.208333   4.600 0.000   4.763 0.000
 42.208333  43.208333   4.247 0.000 999.999 0.999
 45.208333  46.208333   5.595 0.000   6.516 0.000
 48.208333  49.208333   3.326 0.000   3.519 0.000
 51.208333  52.208333 999.999 0.999 999.999 0.999
 54.208333  55.208333   4.888 0.000   3.711 0.000
 57.208333  58.208333   7.406 0.000   4.604 0.000
 60.208333  61.208333   8.323 0.000   6.428 0.000
 63.208333  64.208333  14.181 0.000   6.440 0.000
 66.208333  67.208333  21.724 0.000  21.490 0.000
 69.208333  70.208333  15.155 0.000   6.382 0.000
 72.208333  73.208333  11.205 0.000   9.357 0.000
 75.208333  76.208333  14.153 0.000   9.984 0.000
 78.208333  79.208333   9.289 0.000   6.447 0.000
 81.208333  82.208333   8.930 0.000   6.251 0.000
 84.208333  85.208333   6.466 0.000   4.272 0.000
 87.208333  88.208333  16.007 0.000  12.639 0.000
 90.208333  91.208333  10.479 0.000   5.795 0.000
 93.208333  94.208333  13.197 0.000   6.945 0.000
 96.208333  97.208333  12.619 0.000   6.414 0.000
 99.208333 100.208333  10.820 0.000   4.932 0.000
102.208333 103.208333   8.917 0.000   4.747 0.000
105.208333 106.208333  11.814 0.000   7.212 0.000
108.208333 109.208333  12.817 0.000   5.460 0.000
111.208333 112.208333  11.450 0.000   6.593 0.000
114.208333 115.208333   7.943 0.000   5.517 0.000
117.208333 118.208333  16.235 0.000   6.953 0.000
120.208333 121.208333   8.959 0.000   5.902 0.000
123.208333 124.208333   9.508 0.000   4.296 0.000
126.208333 127.208333   6.770 0.000   4.138 0.000
129.208333 130.208333  10.755 0.000   7.984 0.000
132.208333 133.208333  11.980 0.000   8.505 0.000
135.208333 136.208333  12.219 0.000   7.508 0.000
138.208333 139.208333  11.323 0.000   7.297 0.000
141.208333 142.208333   7.704 0.000   5.096 0.000
144.208333 145.208333  10.694 0.000   5.058 0.000
147.208333 148.208333  11.768 0.000   5.358 0.000
150.208333 151.208333  13.267 0.000   5.533 0.000
153.208333 154.208333   8.229 0.000   4.718 0.000
156.208333 157.208333   8.352 0.000   3.536 0.000
159.208333 160.208333  24.617 0.000   9.928 0.000
162.208333 163.208333  22.071 0.000  10.157 0.000
165.208333 166.208333  15.159 0.000   8.577 0.000
168.208333 169.208333  13.495 0.000   6.797 0.000
171.208333 172.208333  11.322 0.000   6.051 0.000
174.208333 175.208333  20.186 0.000  10.278 0.000
177.208333 178.208333   9.626 0.000   5.321 0.000
180.208333 181.208333  13.416 0.000   5.915 0.000
183.208333 184.208333  13.592 0.000   6.514 0.000
186.208333 187.208333  15.053 0.000   6.147 0.000
189.208333 190.208333   9.295 0.000   4.691 0.000
192.208333 193.208333   8.097 0.000   4.081 0.000
195.208333 196.208333  12.545 0.000   6.212 0.000
198.208333 199.208333  11.199 0.000   4.268 0.000
201.208333 202.208333  19.137 0.000   9.173 0.000
204.208333 205.208333  14.623 0.000   7.391 0.000
207.208333 208.208333  16.405 0.000  11.954 0.000
210.208333 211.208333  22.766 0.000  12.344 0.000
213.208333 214.208333  10.540 0.000   6.949 0.000
216.208333 217.208333  14.473 0.000  11.512 0.000
219.208333 220.208333  12.559 0.000   7.010 0.000
222.208333 223.208333  23.977 0.000  11.483 0.000
225.208333 226.208333  10.325 0.000   5.266 0.000
228.208333 229.208333   7.879 0.000   3.540 0.000
231.208333 232.208333   7.743 0.000   4.039 0.000
234.208333 235.208333  10.229 0.000   4.284 0.000
237.208333 238.208333  13.286 0.000   5.938 0.000
240.208333 241.208333  14.184 0.000  10.195 0.000
243.208333 244.208333  13.098 0.000   9.903 0.000
246.208333 247.208333   5.968 0.000   4.211 0.000
249.208333 250.208333  10.931 0.000   7.967 0.000
252.208333 253.208333  12.888 0.000   5.688 0.000
255.208333 256.208333   9.522 0.000   6.654 0.000
258.208333 259.208333  10.084 0.000   4.521 0.000
261.208333 262.208333  10.727 0.000   4.589 0.000
264.208333 265.208333   6.513 0.000   2.194 0.000
267.208333 268.208333   8.171 0.000   2.728 0.000
270.208333 271.208333   7.655 0.000   4.555 0.000
273.208333 274.208333  10.061 0.000   5.497 0.000
276.208333 277.208333   6.271 0.000   3.824 0.000
279.208333 280.208333   8.479 0.000   3.422 0.000
282.208333 283.208333 999.999 0.999 999.999 0.999
285.208333 286.208333 999.999 0.999 999.999 0.999
288.208333 289.208333 999.999 0.999 999.999 0.999
291.208333 292.208333 999.999 0.999 999.999 0.999
294.208333 295.208333 999.999 0.999 999.999 0.999
297.208333 298.208333  10.080 0.000   6.709 0.000
300.208333 301.208333  11.234 0.000   8.238 0.000
303.208333 304.208333  11.469 0.000   6.431 0.000
306.208333 307.208333   6.383 0.000   4.709 0.000
309.208333 310.208333   9.416 0.000   4.922 0.000
312.208333 313.208333   7.941 0.000   3.744 0.000
315.208333 316.208333  12.710 0.000   8.999 0.000
318.208333 319.208333   7.121 0.000   4.317 0.000
321.208333 322.208333   4.195 0.000   2.195 0.000
324.208333 325.208333  12.030 0.000   6.957 0.000
327.208333 328.208333   6.157 0.000   4.391 0.000
330.208333 331.208333   5.309 0.000   4.266 0.000
333.208333 334.208333   8.190 0.000   6.779 0.000
336.208333 337.208333   6.839 0.000   5.220 0.000
339.208333 340.208333   5.759 0.000   4.231 0.000
342.208333 343.208333   9.929 0.000   5.698 0.000
345.208333 346.208333   7.066 0.000   5.398 0.000
348.208333 349.208333   8.046 0.000   5.171 0.000
351.208333 352.208333   6.639 0.000   5.798 0.000
354.208333 355.208333  12.202 0.000   7.244 0.000
357.208333 358.208333   4.612 0.000   3.653 0.000
360.208333 361.208333   8.533 0.000   6.125 0.000
363.208333 364.208333   6.259 0.000   4.990 0.000
