scripts/IMPROVE-2019_partial/data/US9059R.20030103060000.20191216000000.filterpack..pm25.1y.1w.US03L_filterpack_US9059.US03L_IMPROVE_Davis.lev2.nas
66 1001
MISSING INFORMATION
US03L, IMPROVE, , , , , , , 
MISSING INFORMATION
IMPROVE sel_HTAP
1 1
2003 01 01 2019 12 16
3.00
days from file reference point
27
1 1 1 1 1 1 1 1 1 1 1 1 1 1 1 1 1 1 1 1 1 1 1 1 1 1 1
999.99 9999.99 9.999 99.99 9.999 9.999 9.999999 99.99 9.999 9.999 9.999 999.999 9.999 999.999 9.999 99.99 9.999999 999.999 9.999 999.999 9.999 999.999 9.999 9.999 9.999 99.999 9.999
end_time of measurement, days from the file reference point
iron, ng/m3, Revision date=20181210133000
numflag iron, no unit, Revision date=20181210133000
lead, ng/m3, Revision date=20181210133000
numflag lead, no unit, Revision date=20181210133000
magnesium, ug/m3, Revision date=20181210133000
numflag magnesium, no unit, Revision date=20181210133000
nickel, ng/m3, Revision date=20181210133000
numflag nickel, no unit, Revision date=20181210133000
nitrate, ug N/m3, Revision date=20181210133000
numflag nitrate, no unit, Revision date=20181210133000
organic_carbon, ug C/m3, Revision date=20181210133000
numflag organic_carbon, no unit, Revision date=20181210133000
organic_mass, ug/m3, Revision date=20181210133000
numflag organic_mass, no unit, Revision date=20181210133000
phosphorus, ng/m3, Revision date=20181210133000
numflag phosphorus, no unit, Revision date=20181210133000
pm10_mass, ug/m3, Version=2, Version description=Data extracted from http://views.cira.colostate.edu/fed/DataWizard 2019-12-16, Sample duration=1d, Orig. time res.=3d, Matrix=pm10, Blank correction=Blank corrected, Volume std. temperature=ambient, Volume std. pressure=ambient
numflag pm10_mass, no unit, Version=2, Version description=Data extracted from http://views.cira.colostate.edu/fed/DataWizard 2019-12-16, Sample duration=1d, Orig. time res.=3d, Matrix=pm10, Blank correction=Blank corrected, Volume std. temperature=ambient, Volume std. pressure=ambient
pm10_pm25_mass, ug/m3, Revision date=20181210133000, Matrix=pm10_pm25
numflag pm10_pm25_mass, no unit, Revision date=20181210133000, Matrix=pm10_pm25
pm25_mass, ug/m3, Version=2, Version description=Data extracted from http://views.cira.colostate.edu/fed/DataWizard 2019-12-16, Sample duration=1d, Orig. time res.=3d, Blank correction=Blank corrected, Volume std. temperature=ambient, Volume std. pressure=ambient
numflag pm25_mass, no unit, Version=2, Version description=Data extracted from http://views.cira.colostate.edu/fed/DataWizard 2019-12-16, Sample duration=1d, Orig. time res.=3d, Blank correction=Blank corrected, Volume std. temperature=ambient, Volume std. pressure=ambient
potassium, ug/m3, Revision date=20181210133000
numflag potassium, no unit, Revision date=20181210133000
sulphate_total, ug S/m3, Revision date=20181210133000
numflag sulphate_total, no unit, Revision date=20181210133000
0
25
Data definition:              EBAS_1.1
Set type code:                TU
Timezone:                     UTC
File name:                    US9059R.20030103060000.20191216000000.filterpack..pm25.1y.1w.US03L_filterpack_US9059.US03L_IMPROVE_Davis.lev2.nas
File creation:                20191218120926
Startdate:                    20030103060000
Revision date:                20191216000000
Statistics:                   arithmetic mean
Data level:                   2
Period code:                  1y
Resolution code:              1w
Station code:                 US9059R
Platform code:                US9059S
Station name:                 Sikes
Station latitude:             32.0574
Station longitude:            -92.435
Station altitude:             45.0 m
Regime:                       IMG
Component:                    
Matrix:                       pm25
Laboratory code:              US03L
Instrument type:              filterpack
Instrument name:              filterpack_US9059
Method ref:                   US03L_IMPROVE_Davis
starttime endtime Fe flag_Fe Pb flag_Pb Mg++ flag_Mg++ Ni flag_Ni NO3- flag_NO3- OC flag_OC OM flag_OM P flag_P PM10 flag_PM10 PM10-PM2.5 flag_PM10-PM2.5 PM2.5 flag_PM2.5 K+ flag_K+ SO4-- flag_SO4--
  2.25   3.25   10.18 0.000  1.21 0.000 9.999 0.259000 99.99 0.259 0.157 0.000   1.380 0.000   1.932 0.000 99.99 0.259000   6.076 0.000   2.167 0.000   3.910 0.000 0.031 0.000  0.289 0.000
  5.25   6.25   15.22 0.000  1.35 0.000 9.999 0.259000 99.99 0.259 0.121 0.000   1.575 0.000   2.206 0.000 99.99 0.259000   9.301 0.000   4.340 0.000   4.960 0.000 0.039 0.000  0.457 0.000
  8.25   9.25   28.33 0.000  1.67 0.000 9.999 0.259000  0.37 0.000 0.098 0.000   2.985 0.000   4.179 0.000 99.99 0.259000  15.902 0.000   4.238 0.000  11.664 0.000 0.076 0.000  1.324 0.000
 11.25  12.25   11.95 0.000  1.15 0.000 9.999 0.259000 99.99 0.259 0.144 0.000   1.182 0.000   1.655 0.000 99.99 0.259000   7.027 0.000   3.468 0.000   3.559 0.000 0.032 0.000  0.163 0.000
 14.25  15.25   19.04 0.000  1.67 0.000 9.999 0.259000  0.11 0.000 0.872 0.000   2.594 0.000   3.632 0.000 99.99 0.259000  19.503 0.000   4.593 0.000  14.910 0.000 0.074 0.000  1.590 0.000
 17.25  18.25   12.20 0.000  0.99 0.000 9.999 0.259000 99.99 0.259 0.149 0.000   2.284 0.000   3.197 0.000 99.99 0.259000   6.819 0.000   2.286 0.000   4.533 0.000 0.035 0.000  0.189 0.000
 20.25  21.25   18.39 0.000  1.28 0.000 9.999 0.259000  0.42 0.000 0.289 0.000   2.390 0.000   3.346 0.000 99.99 0.259000  19.649 0.000   7.204 0.000  12.446 0.000 0.115 0.000  1.787 0.000
 23.25  24.25   11.88 0.000  2.78 0.000 9.999 0.259000 99.99 0.259 0.264 0.559   1.026 0.000   1.437 0.000 99.99 0.259000   8.150 0.000   4.305 0.000   3.845 0.000 0.032 0.000  0.208 0.559
 26.25  27.25   22.68 0.000  2.94 0.000 0.024 0.000000  0.34 0.000 0.684 0.000   2.492 0.000   3.489 0.000 99.99 0.259000  15.749 0.000   5.173 0.000  10.576 0.000 0.058 0.000  0.978 0.000
 29.25  30.25   17.76 0.000  2.39 0.000 9.999 0.259000  0.25 0.000 0.741 0.000   1.601 0.000   2.241 0.000 99.99 0.259000  17.631 0.000   2.780 0.000  14.852 0.000 0.070 0.000  1.864 0.000
 32.25  33.25   16.30 0.000  1.60 0.000 9.999 0.259000  0.62 0.000 0.090 0.000   1.663 0.000   2.328 0.000 99.99 0.259000  16.765 0.000   3.320 0.000  13.446 0.000 0.058 0.000  2.278 0.000
 35.25  36.25    8.04 0.000  0.78 0.000 9.999 0.259000 99.99 0.259 0.081 0.000   0.953 0.000   1.333 0.000 99.99 0.259000   4.574 0.000   1.581 0.000   2.993 0.000 0.038 0.000  0.287 0.000
 38.25  39.25    7.61 0.000  2.96 0.000 9.999 0.259000  0.12 0.000 0.222 0.000   0.889 0.000   1.244 0.000 99.99 0.259000   4.200 0.000   1.335 0.000   2.865 0.000 0.035 0.000  0.226 0.000
 41.25  42.25    7.30 0.000  0.59 0.000 0.034 0.000000 99.99 0.259 0.038 0.000   1.149 0.000   1.609 0.000 99.99 0.259000   6.777 0.000   1.874 0.000   4.902 0.000 0.044 0.000  0.596 0.000
 44.25  45.25   17.37 0.000  0.80 0.000 9.999 0.259000  0.39 0.000 0.123 0.000   1.674 0.000   2.344 0.000 99.99 0.259000  12.467 0.000   5.288 0.000   7.180 0.000 0.119 0.000  0.834 0.000
 47.25  48.25    9.64 0.000  1.28 0.000 9.999 0.259000 99.99 0.259 0.272 0.559   1.131 0.000   1.583 0.000 99.99 0.259000   8.763 0.000   1.557 0.000   7.206 0.000 0.034 0.000  1.181 0.559
 50.25  51.25    5.57 0.000  0.65 0.000 0.027 0.000000 99.99 0.259 0.079 0.000   1.181 0.000   1.653 0.000 99.99 0.259000   4.150 0.000   1.007 0.000   3.143 0.000 0.022 0.000  0.358 0.000
 53.25  54.25   11.09 0.000  0.79 0.000 9.999 0.259000  0.16 0.000 0.205 0.000   0.862 0.000   1.207 0.000 99.99 0.259000   8.711 0.000   2.984 0.000   5.728 0.000 0.031 0.000  0.775 0.000
 56.25  57.25    5.36 0.000  0.99 0.000 0.017 0.000000  0.28 0.000 0.129 0.000   0.525 0.000   0.734 0.000 99.99 0.259000   4.657 0.000   0.456 0.000   4.202 0.000 0.032 0.000  0.674 0.000
 59.25  60.25    5.49 0.000  2.49 0.000 9.999 0.259000 99.99 0.259 0.152 0.000   0.973 0.000   1.362 0.000 99.99 0.259000   8.506 0.000   1.474 0.000   7.032 0.000 0.037 0.000  1.199 0.000
 62.25  63.25   10.19 0.000  1.51 0.000 9.999 0.259000  0.19 0.000 0.116 0.000   1.096 0.000   1.535 0.000 99.99 0.259000  10.287 0.000   1.709 0.000   8.578 0.000 0.037 0.000  1.434 0.000
 65.25  66.25   13.71 0.000  1.70 0.000 9.999 0.259000 99.99 0.259 0.243 0.559   1.094 0.000   1.531 0.000 99.99 0.259000   7.643 0.000   1.716 0.000   5.928 0.000 0.031 0.000  0.849 0.559
 68.25  69.25   28.81 0.000  2.45 0.000 9.999 0.259000  0.69 0.000 0.704 0.000   1.313 0.000   1.838 0.000 99.99 0.259000  12.533 0.000   3.361 0.000   9.171 0.000 0.047 0.000  1.257 0.000
 71.25  72.25   17.84 0.000  0.59 0.000 9.999 0.259000  0.20 0.000 0.055 0.000   1.738 0.000   2.433 0.000 99.99 0.259000  10.090 0.000   3.817 0.000   6.273 0.000 0.056 0.000  0.756 0.000
 74.25  75.25   26.43 0.000  1.36 0.000 9.999 0.259000 99.99 0.259 0.053 0.000   2.359 0.000   3.303 0.000 99.99 0.259000  12.663 0.000   2.776 0.000   9.887 0.000 0.046 0.000  1.346 0.000
 77.25  78.25  126.62 0.000  0.59 0.000 9.999 0.259000  0.20 0.000 0.059 0.000   1.055 0.000   1.477 0.000 99.99 0.259000  29.257 0.000  23.524 0.000   5.733 0.000 0.100 0.000  0.328 0.000
 80.25  81.25   40.47 0.000  1.10 0.000 0.014 0.000000 99.99 0.259 0.033 0.000   2.026 0.000   2.836 0.000 99.99 0.259000   9.492 0.000   2.197 0.000   7.295 0.000 0.026 0.000  0.896 0.000
 83.25  84.25   26.92 0.000  0.96 0.000 9.999 0.259000  0.28 0.000 0.069 0.000   2.761 0.000   3.866 0.000 99.99 0.259000  15.073 0.000   4.339 0.000  10.735 0.000 0.048 0.000  1.266 0.000
 86.25  87.25   15.24 0.000  0.78 0.000 9.999 0.259000  0.40 0.000 0.064 0.000   1.996 0.000   2.794 0.000 99.99 0.259000  12.091 0.000   4.024 0.000   8.067 0.000 0.032 0.000  1.072 0.000
 89.25  90.25   15.99 0.000  0.89 0.000 0.018 0.000000 99.99 0.259 0.046 0.000   2.318 0.000   3.245 0.000 99.99 0.259000  10.478 0.000   3.824 0.000   6.654 0.000 0.037 0.000  0.637 0.000
 92.25  93.25   23.21 0.000  1.12 0.000 0.033 0.000000  0.20 0.000 0.085 0.000   1.167 0.000   1.634 0.000 99.99 0.259000  14.216 0.000   7.271 0.000   6.944 0.000 0.039 0.000  1.023 0.000
 95.25  96.25   14.79 0.000  1.21 0.000 9.999 0.259000  0.40 0.000 0.072 0.000   1.641 0.000   2.297 0.000 99.99 0.259000  14.910 0.000   5.200 0.000   9.710 0.000 0.060 0.000  1.333 0.000
 98.25  99.25    7.46 0.000  1.25 0.000 9.999 0.259000  0.06 0.000 0.101 0.000   0.883 0.000   1.236 0.000 99.99 0.259000   9.425 0.000   2.041 0.000   7.384 0.000 0.014 0.000  1.438 0.000
101.25 102.25   45.78 0.000  1.27 0.000 9.999 0.259000  0.10 0.000 0.047 0.000   4.760 0.000   6.664 0.000 99.99 0.259000  16.095 0.000   3.719 0.000  12.375 0.000 0.061 0.000  0.986 0.000
104.25 105.25   43.30 0.000  1.92 0.000 9.999 0.259000  0.26 0.000 0.046 0.000   2.833 0.000   3.966 0.000 99.99 0.259000  15.975 0.000   5.899 0.000  10.076 0.000 0.061 0.000  1.231 0.000
107.25 108.25   63.91 0.000  1.63 0.000 9.999 0.259000  0.23 0.000 0.041 0.000   3.326 0.000   4.657 0.000 99.99 0.259000  21.199 0.000  10.872 0.000  10.327 0.000 0.066 0.000  0.816 0.000
110.25 111.25   20.67 0.000  0.60 0.000 9.999 0.259000  0.11 0.000 0.039 0.000   1.732 0.000   2.424 0.000 99.99 0.259000  10.049 0.000   5.182 0.000   4.867 0.000 0.036 0.000  0.425 0.000
113.25 114.25   34.43 0.000  1.33 0.000 9.999 0.259000  0.66 0.000 0.126 0.000   2.432 0.000   3.405 0.000 99.99 0.259000  17.239 0.000   5.161 0.000  12.077 0.000 0.120 0.000  1.604 0.000
116.25 117.25   10.79 0.000  0.95 0.000 9.999 0.259000 99.99 0.259 0.020 0.000   1.508 0.000   2.112 0.000 99.99 0.259000   8.742 0.000   2.005 0.000   6.737 0.000 0.018 0.000  1.004 0.000
119.25 120.25   38.52 0.000  2.23 0.000 9.999 0.259000  0.48 0.000 0.047 0.000   3.961 0.000   5.545 0.000 99.99 0.259000  20.916 0.000   4.261 0.000  16.655 0.000 0.079 0.000  1.932 0.000
122.25 123.25   38.12 0.000  0.82 0.000 9.999 0.259000  0.56 0.000 0.070 0.000   4.003 0.000   5.605 0.000 99.99 0.259000  21.124 0.000   3.344 0.000  17.780 0.000 0.214 0.000  2.149 0.000
125.25 126.25  358.72 0.000  1.04 0.000 9.999 0.259000  0.30 0.000 0.240 0.000   3.197 0.000   4.476 0.000 99.99 0.259000  37.704 0.000  18.787 0.000  18.917 0.000 0.360 0.000  1.132 0.000
128.25 129.25   65.70 0.000  0.43 0.000 9.999 0.259000  0.57 0.000 0.171 0.000   2.061 0.000   2.885 0.000 99.99 0.259000  18.112 0.000   8.132 0.000   9.981 0.000 0.170 0.000  1.126 0.000
131.25 132.25   15.49 0.000  0.65 0.000 9.999 0.259000 99.99 0.259 0.015 0.000   1.596 0.000   2.234 0.000 99.99 0.259000   7.516 0.000   3.094 0.000   4.422 0.000 0.043 0.000  0.288 0.000
134.25 135.25  208.89 0.394  1.21 0.394 9.999 0.394259  0.29 0.394 0.114 0.394   3.384 0.000   4.737 0.000 99.99 0.394259  23.281 0.000   6.828 0.000  16.453 0.000 0.265 0.394  1.555 0.394
137.25 138.25   24.59 0.000  1.47 0.000 9.999 0.259000 99.99 0.259 0.045 0.000   2.181 0.000   3.053 0.000 99.99 0.259000  12.671 0.000   2.680 0.000   9.990 0.000 0.049 0.000  1.329 0.000
140.25 141.25   12.65 0.000  0.85 0.000 9.999 0.259000 99.99 0.259 0.028 0.000   1.246 0.000   1.744 0.000 99.99 0.259000  10.090 0.000   3.026 0.000   7.064 0.000 0.037 0.000  0.997 0.000
143.25 144.25   31.44 0.000  3.69 0.000 9.999 0.259000 99.99 0.259 0.048 0.000   3.837 0.000   5.372 0.000 99.99 0.259000  18.750 0.000   3.125 0.000  15.625 0.000 0.041 0.000  1.883 0.000
146.25 147.25   24.85 0.000  1.92 0.000 9.999 0.259000 99.99 0.259 0.030 0.000   2.217 0.000   3.103 0.000 99.99 0.259000  16.140 0.000   3.360 0.000  12.781 0.000 0.061 0.000  1.771 0.000
149.25 150.25   36.65 0.000  1.78 0.000 9.999 0.259000  0.16 0.000 0.042 0.000   5.290 0.000   7.405 0.000 99.99 0.259000  24.001 0.000   5.242 0.000  18.759 0.000 0.064 0.000  1.624 0.000
152.25 153.25   96.86 0.394  0.86 0.394 9.999 0.394259  0.32 0.394 0.106 0.394   2.462 0.000   3.447 0.000 99.99 0.394259  16.719 0.000   4.196 0.000  12.523 0.000 0.112 0.394  1.364 0.394
155.25 156.25   21.14 0.000  2.18 0.000 9.999 0.259000 99.99 0.259 0.073 0.000   3.312 0.000   4.636 0.000 99.99 0.259000  17.503 0.000   3.018 0.000  14.485 0.000 0.154 0.000  1.479 0.000
158.25 159.25   14.52 0.000  1.45 0.000 9.999 0.259000  0.16 0.000 0.026 0.000   2.689 0.000   3.764 0.000 99.99 0.259000  12.711 0.000   2.941 0.000   9.770 0.000 0.045 0.000  0.950 0.000
161.25 162.25   61.32 0.000  0.64 0.000 9.999 0.259000  0.41 0.000 0.125 0.000   2.074 0.000   2.903 0.000 99.99 0.259000  15.237 0.000   5.928 0.000   9.309 0.000 0.126 0.000  0.964 0.000
164.25 165.25   81.93 0.000 99.99 0.259 9.999 0.259000  0.18 0.000 0.060 0.000   1.520 0.000   2.128 0.000 99.99 0.259000   9.615 0.000   4.689 0.000   4.926 0.000 0.081 0.000  0.347 0.000
167.25 168.25   37.23 0.000  0.24 0.000 9.999 0.259000  0.29 0.000 0.031 0.000   2.215 0.000   3.101 0.000 99.99 0.259000  15.678 0.000   8.646 0.000   7.032 0.000 0.045 0.000  0.719 0.000
170.25 171.25   23.96 0.000  1.22 0.000 9.999 0.259000 99.99 0.259 0.019 0.000   2.154 0.000   3.016 0.000 99.99 0.259000  18.722 0.000   4.002 0.000  14.720 0.000 0.047 0.000  2.302 0.000
173.25 174.25   16.61 0.000  1.30 0.000 9.999 0.259000  0.25 0.000 0.030 0.000   2.343 0.000   3.280 0.000 99.99 0.259000  15.423 0.000   3.799 0.000  11.624 0.000 0.028 0.000  1.484 0.000
176.25 177.25  137.98 0.000  1.15 0.000 9.999 0.259000  0.20 0.000 0.066 0.000   1.852 0.000   2.593 0.000 99.99 0.259000  15.432 0.000   6.534 0.000   8.899 0.000 0.077 0.000  0.786 0.000
179.25 180.25   37.52 0.000  0.75 0.000 0.070 0.000000 99.99 0.259 0.028 0.000   1.645 0.000   2.303 0.000 99.99 0.259000  11.209 0.000   4.871 0.000   6.338 0.000 0.042 0.000  0.585 0.000
182.25 183.25   87.50 0.000  0.44 0.000 9.999 0.259000  0.18 0.000 0.033 0.000   2.274 0.000   3.184 0.000 99.99 0.259000  14.823 0.000   5.673 0.000   9.150 0.000 0.056 0.000  0.782 0.000
185.25 186.25  380.98 0.000  1.03 0.000 9.999 0.259000  0.23 0.000 0.086 0.000   1.444 0.000   2.021 0.000 99.99 0.259000  22.712 0.000  11.446 0.000  11.266 0.000 0.205 0.000  0.599 0.000
188.25 189.25 9999.99 0.999 99.99 0.999 9.999 0.999000 99.99 0.999 0.046 0.000   2.284 0.000   3.197 0.000 99.99 0.999000  15.736 0.000 999.999 0.999 999.999 0.999 9.999 0.999  0.941 0.000
191.25 192.25   40.49 0.000  0.54 0.000 9.999 0.259000  0.13 0.000 0.029 0.000   1.484 0.000   2.077 0.000 99.99 0.259000  10.971 0.000   5.553 0.000   5.418 0.000 0.043 0.000  0.448 0.000
194.25 195.25   76.58 0.000  0.68 0.000 0.040 0.000000  0.18 0.000 0.075 0.000   1.845 0.000   2.583 0.000 99.99 0.259000  17.546 0.000  11.200 0.000   6.346 0.000 0.060 0.000  0.428 0.000
197.25 198.25  266.11 0.000  0.82 0.000 9.999 0.259000  0.40 0.000 0.092 0.000   2.030 0.000   2.842 0.000 99.99 0.259000  25.148 0.000  12.001 0.000  13.147 0.000 0.158 0.000  1.028 0.000
200.25 201.25  213.15 0.000  0.99 0.000 9.999 0.259000  0.29 0.000 0.072 0.000   2.837 0.000   3.972 0.000 99.99 0.259000  26.422 0.000  11.695 0.000  14.727 0.000 0.161 0.000  1.366 0.000
203.25 204.25   31.03 0.000  0.47 0.000 0.075 0.000000 99.99 0.259 0.040 0.000   2.312 0.000   3.237 0.000 99.99 0.259000  15.386 0.000   6.802 0.000   8.584 0.000 0.044 0.000  0.642 0.000
206.25 207.25  490.43 0.000  1.23 0.000 9.999 0.259000  0.30 0.000 0.113 0.000   1.306 0.000   1.829 0.000 99.99 0.259000  32.338 0.000  17.440 0.000  14.898 0.000 0.190 0.000  1.092 0.000
209.25 210.25  376.28 0.000  0.70 0.000 9.999 0.259000  0.36 0.000 0.081 0.000   2.015 0.000   2.821 0.000 99.99 0.259000  27.151 0.000  12.816 0.000  14.335 0.000 0.157 0.000  1.006 0.000
212.25 213.25  275.68 0.000  0.95 0.000 9.999 0.259000  0.21 0.000 0.072 0.000   1.813 0.000   2.538 0.000 99.99 0.259000  24.162 0.000  12.568 0.000  11.594 0.000 0.127 0.000  0.741 0.000
215.25 216.25  564.91 0.000  0.88 0.000 9.999 0.259000  0.54 0.000 0.105 0.000   1.748 0.000   2.447 0.000 99.99 0.259000  35.626 0.000  17.559 0.000  18.068 0.000 0.259 0.000  1.067 0.000
218.25 219.25  104.41 0.000  1.41 0.000 9.999 0.259000  0.13 0.000 0.034 0.000   2.931 0.000   4.104 0.000 99.99 0.259000  20.792 0.000   5.816 0.000  14.976 0.000 0.090 0.000  1.604 0.000
221.25 222.25   22.37 0.000  2.11 0.000 9.999 0.259000  0.20 0.000 0.017 0.000   3.142 0.000   4.398 0.000 99.99 0.259000  20.998 0.000   4.764 0.000  16.234 0.000 0.050 0.000  1.913 0.000
224.25 225.25   10.65 0.000  0.82 0.000 9.999 0.259000  0.11 0.000 0.039 0.000   2.110 0.000   2.954 0.000 99.99 0.259000  17.774 0.000   6.240 0.000  11.534 0.000 0.035 0.000  1.595 0.000
227.25 228.25   76.31 0.000  1.18 0.000 0.052 0.000000  0.22 0.000 0.025 0.000   4.575 0.000   6.405 0.000 99.99 0.259000  25.395 0.000   4.771 0.000  20.624 0.000 0.084 0.000  2.539 0.000
230.25 231.25   43.14 0.000  0.69 0.000 9.999 0.259000  0.19 0.000 0.024 0.000   3.673 0.000   5.142 0.000 99.99 0.259000  22.043 0.000   5.135 0.000  16.909 0.000 0.058 0.000  2.169 0.000
233.25 234.25   21.15 0.000  0.53 0.000 0.033 0.000000  0.13 0.000 0.020 0.559   2.386 0.000   3.340 0.000 99.99 0.259000  11.916 0.000   2.817 0.000   9.100 0.000 0.062 0.000  0.929 0.559
236.25 237.25   27.53 0.000  0.72 0.000 0.126 0.000000  0.21 0.000 0.017 0.559   3.514 0.000   4.919 0.000 99.99 0.259000  25.846 0.000   4.000 0.000  21.847 0.000 0.049 0.000  3.384 0.559
239.25 240.25    6.43 0.000  0.37 0.000 9.999 0.259000  0.25 0.000 0.017 0.000   1.598 0.000   2.238 0.000 99.99 0.259000  12.492 0.000   7.120 0.000   5.372 0.000 0.037 0.000  0.555 0.000
242.25 243.25  116.69 0.000  1.10 0.000 9.999 0.259000  0.29 0.000 0.046 0.000   0.870 0.000   1.218 0.000 99.99 0.259000  14.592 0.000   8.094 0.000   6.497 0.000 0.070 0.000  0.543 0.000
245.25 246.25    6.09 0.000  0.20 0.000 9.999 0.259000  0.25 0.000 0.024 0.559   1.780 0.000   2.492 0.000 99.99 0.259000  11.987 0.000   8.156 0.000   3.831 0.000 0.028 0.000  0.310 0.559
248.25 249.25   25.14 0.000  1.76 0.000 9.999 0.259000 99.99 0.259 0.040 0.559   3.067 0.000   4.294 0.000 99.99 0.259000  17.277 0.000   5.236 0.000  12.041 0.000 0.078 0.000  1.261 0.559
251.25 252.25   12.04 0.000  1.08 0.000 0.036 0.000000  0.31 0.000 0.022 0.000   2.067 0.000   2.893 0.000 99.99 0.259000  17.836 0.000   6.191 0.000  11.646 0.000 0.040 0.000  1.732 0.000
