scripts/IMPROVE-2019_partial/data/US9058R.20140102060000.20191216000000.filterpack...52w.3d.US03L_filterpack_US9058.US03L_IMPROVE_Davis.lev2.nas
52 1001
MISSING INFORMATION
US03L, IMPROVE, , , , , , , 
MISSING INFORMATION
IMPROVE sel_HTAP
1 1
2014 01 01 2019 12 16
3.00
days from file reference point
5
1 1 1 1 1
999.99 999.999 9.999 999.999 9.999
end_time of measurement, days from the file reference point
pm10_mass, ug/m3, Matrix=pm10
numflag pm10_mass, no unit, Matrix=pm10
pm25_mass, ug/m3, Matrix=pm25
numflag pm25_mass, no unit, Matrix=pm25
0
33
Data definition:              EBAS_1.1
Set type code:                TU
Timezone:                     UTC
File name:                    US9058R.20140102060000.20191216000000.filterpack...52w.3d.US03L_filterpack_US9058.US03L_IMPROVE_Davis.lev2.nas
File creation:                20191218120924
Startdate:                    20140102060000
Revision date:                20191216000000
Version:                      2
Version description:          "Data extracted from http://views.cira.colostate.edu/fed/DataWizard 2019-12-16"
Statistics:                   arithmetic mean
Data level:                   2
Period code:                  52w
Resolution code:              3d
Sample duration:              1d
Orig. time res.:              3d
Station code:                 US9058R
Platform code:                US9058S
Station name:                 Tallgrass
Station latitude:             38.4341
Station longitude:            -96.5602
Station altitude:             390.0 m
Regime:                       IMG
Component:                    
Unit:                         ug/m3
Matrix:                       
Laboratory code:              US03L
Instrument type:              filterpack
Instrument name:              filterpack_US9058
Method ref:                   US03L_IMPROVE_Davis
Blank correction:             Blank corrected
Volume std. temperature:      ambient
Volume std. pressure:         ambient
starttime endtime PM10 flag_PM10 PM2.5 flag_PM2.5
  1.25   2.25  11.306 0.000   8.218 0.000
  4.25   5.25   7.677 0.000   3.247 0.000
  7.25   8.25  20.320 0.000  10.884 0.000
 10.25  11.25   1.976 0.000   0.927 0.000
 13.25  14.25   5.874 0.000   1.078 0.000
 16.25  17.25   5.495 0.000   1.595 0.000
 19.25  20.25  14.427 0.000   2.912 0.000
 22.25  23.25   7.040 0.000   1.377 0.000
 25.25  26.25  11.650 0.000   1.902 0.000
 28.25  29.25  16.526 0.000   3.635 0.000
 31.25  32.25  10.778 0.000   8.261 0.000
 34.25  35.25  15.074 0.000   9.994 0.000
 37.25  38.25  12.991 0.000   8.195 0.000
 40.25  41.25   9.602 0.000   6.442 0.000
 43.25  44.25  15.016 0.000  12.739 0.000
 46.25  47.25  10.705 0.000   7.216 0.000
 49.25  50.25   9.330 0.000   3.206 0.000
 52.25  53.25   4.577 0.000   1.764 0.000
 55.25  56.25  14.103 0.000   8.679 0.000
 58.25  59.25  22.550 0.000  14.186 0.000
 61.25  62.25   6.780 0.000   4.204 0.000
 64.25  65.25  29.216 0.000  27.492 0.000
 67.25  68.25   7.616 0.000   4.501 0.000
 70.25  71.25   4.320 0.000   2.783 0.000
 73.25  74.25  17.489 0.000   6.789 0.000
 76.25  77.25  15.138 0.000   5.848 0.000
 79.25  80.25  31.000 0.000   8.194 0.000
 82.25  83.25  18.306 0.000  11.816 0.000
 85.25  86.25  24.629 0.000   7.444 0.000
 88.25  89.25  70.401 0.000  33.929 0.000
 91.25  92.25  20.166 0.000  11.054 0.000
 94.25  95.25  70.200 0.000  59.212 0.659
 97.25  98.25   8.743 0.000   4.096 0.000
100.25 101.25  50.377 0.000  29.232 0.000
103.25 104.25  11.377 0.000   7.046 0.000
106.25 107.25  41.368 0.000  34.920 0.000
109.25 110.25  23.471 0.000  15.495 0.000
112.25 113.25  25.189 0.000   9.314 0.000
115.25 116.25  22.299 0.000  10.443 0.000
118.25 119.25   2.215 0.000   0.924 0.000
121.25 122.25  13.386 0.000   7.046 0.000
124.25 125.25  31.515 0.000  11.131 0.000
127.25 128.25  18.411 0.000   5.920 0.000
130.25 131.25  20.843 0.000   9.813 0.000
133.25 134.25   8.868 0.000   3.690 0.000
136.25 137.25  13.943 0.000   5.836 0.000
139.25 140.25  26.392 0.000   8.782 0.000
142.25 143.25  10.790 0.000   5.211 0.000
145.25 146.25   7.254 0.000   3.487 0.000
148.25 149.25  15.447 0.000   6.447 0.000
151.25 152.25  12.229 0.000   7.031 0.000
154.25 155.25  15.776 0.000   7.503 0.000
157.25 158.25   8.396 0.000   5.128 0.000
160.25 161.25  14.979 0.000   9.860 0.000
163.25 164.25  15.048 0.000   3.841 0.000
166.25 167.25  29.155 0.000  13.110 0.000
169.25 170.25  17.459 0.000   7.745 0.000
172.25 173.25  24.282 0.000  10.709 0.000
175.25 176.25   8.552 0.000   3.641 0.000
178.25 179.25   7.051 0.000   3.394 0.000
181.25 182.25  14.888 0.000   6.402 0.000
184.25 185.25  17.896 0.000   6.276 0.000
187.25 188.25  27.021 0.000  10.153 0.000
190.25 191.25  10.990 0.000   5.979 0.000
193.25 194.25  27.092 0.000  13.790 0.000
196.25 197.25  17.181 0.000   5.301 0.000
199.25 200.25   8.951 0.000   6.043 0.000
202.25 203.25  26.188 0.000  15.786 0.000
205.25 206.25  24.413 0.000  12.979 0.000
208.25 209.25  12.420 0.000   4.326 0.000
211.25 212.25  18.168 0.000   7.185 0.000
214.25 215.25  20.865 0.000  12.042 0.000
217.25 218.25  21.514 0.000  11.988 0.000
220.25 221.25  11.258 0.000   6.262 0.000
223.25 224.25  12.641 0.000   5.101 0.000
226.25 227.25  22.108 0.659  12.095 0.000
229.25 230.25  12.763 0.000   4.228 0.000
232.25 233.25  39.344 0.000  16.131 0.000
235.25 236.25  28.048 0.000  10.945 0.000
238.25 239.25  24.379 0.000  10.846 0.000
241.25 242.25   9.470 0.000   3.860 0.000
244.25 245.25   9.236 0.000   5.360 0.000
247.25 248.25  11.715 0.000   3.972 0.000
250.25 251.25  10.521 0.000   5.298 0.000
253.25 254.25   5.613 0.000   3.001 0.000
256.25 257.25   9.984 0.000   3.896 0.000
259.25 260.25  16.107 0.000   9.551 0.000
262.25 263.25  14.566 0.000   9.249 0.000
265.25 266.25  13.295 0.000   4.541 0.000
268.25 269.25  19.412 0.000  10.480 0.000
271.25 272.25  18.952 0.000   9.983 0.000
274.25 275.25   7.623 0.000   3.982 0.000
277.25 278.25   6.838 0.000   1.907 0.000
280.25 281.25  20.593 0.000   3.931 0.000
283.25 284.25   9.017 0.000   3.276 0.000
286.25 287.25   8.962 0.000   2.214 0.000
289.25 290.25  22.261 0.000   5.562 0.000
292.25 293.25  14.574 0.000   5.126 0.000
295.25 296.25  18.045 0.000  10.705 0.000
298.25 299.25  27.378 0.000   7.058 0.000
301.25 302.25  18.099 0.000   2.978 0.000
304.25 305.25  19.762 0.000   2.692 0.000
307.25 308.25   5.731 0.000   1.447 0.000
310.25 311.25  20.182 0.000   3.449 0.000
313.25 314.25  27.948 0.000   4.694 0.000
316.25 317.25   9.423 0.000   2.868 0.000
319.25 320.25  11.707 0.000   5.773 0.000
322.25 323.25   8.704 0.000   3.022 0.000
325.25 326.25   5.622 0.000   5.200 0.000
328.25 329.25   4.629 0.000   1.673 0.000
331.25 332.25  12.528 0.000   3.700 0.000
334.25 335.25   8.773 0.000   2.430 0.000
337.25 338.25  24.763 0.000   8.833 0.000
340.25 341.25  11.415 0.000   9.865 0.000
343.25 344.25  14.961 0.000  10.970 0.000
346.25 347.25  10.085 0.000   8.371 0.000
349.25 350.25   3.468 0.000   2.187 0.000
352.25 353.25   7.442 0.000   5.913 0.000
355.25 356.25   4.582 0.000   2.088 0.000
358.25 359.25 999.999 0.999 999.999 0.999
361.25 362.25 999.999 0.999 999.999 0.999
364.25 365.25   8.563 0.000   4.618 0.000
