scripts/IMPROVE-2019_partial/data/US9052R.20080101050000.20191216000000.filterpack...52w.3d.US03L_filterpack_US9052.US03L_IMPROVE_Davis.lev2.nas
51 1001
MISSING INFORMATION
US03L, IMPROVE, , , , , , , 
MISSING INFORMATION
IMPROVE sel_HTAP
1 1
2008 01 01 2019 12 16
3.000000
days from file reference point
4
1 1 1 1
999.999999 999.999 999.999 9.999
end_time of measurement, days from the file reference point
pm10_mass, ug/m3, Matrix=pm10
pm25_mass, ug/m3, Matrix=pm25
numflag, no unit
0
33
Data definition:              EBAS_1.1
Set type code:                TU
Timezone:                     UTC
File name:                    US9052R.20080101050000.20191216000000.filterpack...52w.3d.US03L_filterpack_US9052.US03L_IMPROVE_Davis.lev2.nas
File creation:                20191218120903
Startdate:                    20080101050000
Revision date:                20191216000000
Version:                      2
Version description:          "Data extracted from http://views.cira.colostate.edu/fed/DataWizard 2019-12-16"
Statistics:                   arithmetic mean
Data level:                   2
Period code:                  52w
Resolution code:              3d
Sample duration:              1d
Orig. time res.:              3d
Station code:                 US9052R
Platform code:                US9052S
Station name:                 St. Marks
Station latitude:             30.0926
Station longitude:            -84.1614
Station altitude:             7.0 m
Regime:                       IMG
Component:                    
Unit:                         ug/m3
Matrix:                       
Laboratory code:              US03L
Instrument type:              filterpack
Instrument name:              filterpack_US9052
Method ref:                   US03L_IMPROVE_Davis
Blank correction:             Blank corrected
Volume std. temperature:      ambient
Volume std. pressure:         ambient
starttime endtime PM10 PM2.5 flag
  0.208333   1.208333   9.133   6.163 0.000
  3.208333   4.208333  12.692  10.236 0.000
  6.208333   7.208333   5.053   3.381 0.000
  9.208333  10.208333   6.919   5.058 0.000
 12.208333  13.208333   8.668   6.937 0.000
 15.208333  16.208333   9.108   7.310 0.000
 18.208333  19.208333   8.427   7.388 0.000
 21.208333  22.208333  10.189   7.220 0.000
 24.208333  25.208333   7.225   5.939 0.000
 27.208333  28.208333   7.683   6.121 0.000
 30.208333  31.208333  13.275   8.324 0.000
 33.208333  34.208333  16.053  13.639 0.000
 36.208333  37.208333  16.428   8.845 0.000
 39.208333  40.208333 999.999 999.999 0.999
 42.208333  43.208333  14.683   7.876 0.000
 45.208333  46.208333  19.160  16.709 0.000
 48.208333  49.208333   9.642   5.480 0.000
 51.208333  52.208333  10.840   7.513 0.000
 54.208333  55.208333  10.954   8.693 0.000
 57.208333  58.208333   5.977   4.136 0.000
 60.208333  61.208333  31.470  26.260 0.000
 63.208333  64.208333  17.319   8.974 0.000
 66.208333  67.208333  11.570   7.517 0.000
 69.208333  70.208333   8.680   7.034 0.000
 72.208333  73.208333 999.999 999.999 0.699
 75.208333  76.208333  15.533  12.694 0.000
 78.208333  79.208333  28.645  12.503 0.000
 81.208333  82.208333  14.480  11.024 0.000
 84.208333  85.208333  19.811  16.933 0.000
 87.208333  88.208333  17.053  12.431 0.000
 90.208333  91.208333   9.789   7.198 0.000
 93.208333  94.208333   8.825   6.829 0.000
 96.208333  97.208333   8.304   3.766 0.000
 99.208333 100.208333 999.999 999.999 0.999
102.208333 103.208333  10.212   5.512 0.000
105.208333 106.208333  11.571   9.638 0.000
108.208333 109.208333  16.590   8.944 0.000
111.208333 112.208333  15.039   9.756 0.000
114.208333 115.208333  12.595   6.010 0.000
117.208333 118.208333  16.416   8.846 0.000
120.208333 121.208333  30.507  24.266 0.000
123.208333 124.208333  22.229   9.537 0.000
126.208333 127.208333  21.260  12.544 0.000
129.208333 130.208333  23.663  11.276 0.000
132.208333 133.208333  13.536   6.671 0.000
135.208333 136.208333  28.240  12.735 0.000
138.208333 139.208333  14.456  10.258 0.000
141.208333 142.208333  17.814  10.132 0.000
144.208333 145.208333  11.839   6.371 0.000
147.208333 148.208333  10.520   3.822 0.000
150.208333 151.208333  13.429   6.640 0.000
153.208333 154.208333  12.926   8.730 0.000
156.208333 157.208333   9.004   5.681 0.000
159.208333 160.208333  12.029   6.469 0.000
162.208333 163.208333   8.955   4.837 0.000
165.208333 166.208333   8.804   5.889 0.000
168.208333 169.208333  11.975   9.730 0.000
171.208333 172.208333  28.787  17.096 0.000
174.208333 175.208333   8.982   4.897 0.000
177.208333 178.208333  11.657   5.610 0.000
180.208333 181.208333  33.489  15.896 0.000
183.208333 184.208333  14.625   9.166 0.000
186.208333 187.208333  16.044   8.892 0.000
189.208333 190.208333  10.547   5.280 0.000
192.208333 193.208333  27.671  13.213 0.000
195.208333 196.208333  11.668   7.005 0.000
198.208333 199.208333  14.317   9.946 0.000
201.208333 202.208333  16.462  12.699 0.000
204.208333 205.208333  17.598   8.730 0.000
207.208333 208.208333  18.364  12.445 0.000
210.208333 211.208333  12.432   6.947 0.000
213.208333 214.208333  15.078   7.154 0.000
216.208333 217.208333  13.889   7.562 0.000
219.208333 220.208333  19.981  13.988 0.000
222.208333 223.208333  16.697  13.302 0.000
225.208333 226.208333 999.999 999.999 0.999
228.208333 229.208333   7.617   4.579 0.000
231.208333 232.208333  12.812   6.929 0.000
234.208333 235.208333   5.879   2.969 0.000
237.208333 238.208333  13.491   7.327 0.000
240.208333 241.208333  16.400  10.990 0.000
243.208333 244.208333  17.015   7.883 0.000
246.208333 247.208333  14.733   7.652 0.000
249.208333 250.208333  15.413   9.140 0.000
252.208333 253.208333  15.659   7.586 0.000
255.208333 256.208333  12.657   6.582 0.000
258.208333 259.208333   7.898   4.231 0.000
261.208333 262.208333  13.647  10.128 0.000
264.208333 265.208333  12.943   7.763 0.000
267.208333 268.208333  28.221  10.986 0.000
270.208333 271.208333  14.344  10.230 0.000
273.208333 274.208333  24.963  10.619 0.000
276.208333 277.208333  17.075   9.617 0.000
279.208333 280.208333  12.434   7.421 0.000
282.208333 283.208333   8.284   5.307 0.000
285.208333 286.208333   5.818   3.722 0.000
288.208333 289.208333 999.999 999.999 0.999
291.208333 292.208333   9.345   6.781 0.000
294.208333 295.208333  11.372   5.736 0.000
297.208333 298.208333   9.312   4.768 0.000
300.208333 301.208333   8.988   5.463 0.000
303.208333 304.208333  11.480   7.630 0.000
306.208333 307.208333  10.864   7.042 0.000
309.208333 310.208333   7.756   5.764 0.000
312.208333 313.208333   7.142   3.759 0.000
315.208333 316.208333  12.665   8.278 0.000
318.208333 319.208333  12.122   6.778 0.000
321.208333 322.208333   5.843   4.633 0.000
324.208333 325.208333  15.468  12.469 0.000
327.208333 328.208333   7.221   3.803 0.000
330.208333 331.208333 999.999 999.999 0.999
333.208333 334.208333 999.999 999.999 0.999
336.208333 337.208333 999.999 999.999 0.999
339.208333 340.208333  23.938  22.531 0.000
342.208333 343.208333   8.867   5.959 0.000
345.208333 346.208333  10.293   4.883 0.000
348.208333 349.208333  11.200   5.974 0.000
351.208333 352.208333   7.509   5.035 0.000
354.208333 355.208333   6.125   4.576 0.000
357.208333 358.208333 999.999 999.999 0.999
360.208333 361.208333 999.999 999.999 0.999
363.208333 364.208333 999.999 999.999 0.999
