scripts/IMPROVE-2019_partial/data/US9002R.20050101070000.20191216000000.filterpack..pm25.52w.1w.US03L_filterpack_US9002.US03L_IMPROVE_Davis.lev2.nas
66 1001
MISSING INFORMATION
US03L, IMPROVE, , , , , , , 
MISSING INFORMATION
IMPROVE sel_HTAP
1 1
2005 01 01 2019 12 16
3.000000
days from file reference point
27
1 1 1 1 1 1 1 1 1 1 1 1 1 1 1 1 1 1 1 1 1 1 1 1 1 1 1
999.999999 9999.99 9.999 99.99 9.999 9.999 9.999999 9.99 9.999999 9.999 9.999 99.999 9.999 99.999 9.999 99.99 9.999999 999.999 9.999 999.999 9.999 99.999 9.999 9.999 9.999 9.999 9.999
end_time of measurement, days from the file reference point
iron, ng/m3, Revision date=20181210133000
numflag iron, no unit, Revision date=20181210133000
lead, ng/m3, Revision date=20181210133000
numflag lead, no unit, Revision date=20181210133000
magnesium, ug/m3, Revision date=20181210133000
numflag magnesium, no unit, Revision date=20181210133000
nickel, ng/m3, Revision date=20181210133000
numflag nickel, no unit, Revision date=20181210133000
nitrate, ug N/m3, Revision date=20181210133000
numflag nitrate, no unit, Revision date=20181210133000
organic_carbon, ug C/m3, Revision date=20181210133000
numflag organic_carbon, no unit, Revision date=20181210133000
organic_mass, ug/m3, Revision date=20181210133000
numflag organic_mass, no unit, Revision date=20181210133000
phosphorus, ng/m3, Revision date=20181210133000
numflag phosphorus, no unit, Revision date=20181210133000
pm10_mass, ug/m3, Version=2, Version description=Data extracted from http://views.cira.colostate.edu/fed/DataWizard 2019-12-16, Sample duration=1d, Orig. time res.=3d, Matrix=pm10, Blank correction=Blank corrected, Volume std. temperature=ambient, Volume std. pressure=ambient
numflag pm10_mass, no unit, Version=2, Version description=Data extracted from http://views.cira.colostate.edu/fed/DataWizard 2019-12-16, Sample duration=1d, Orig. time res.=3d, Matrix=pm10, Blank correction=Blank corrected, Volume std. temperature=ambient, Volume std. pressure=ambient
pm10_pm25_mass, ug/m3, Revision date=20181210133000, Matrix=pm10_pm25
numflag pm10_pm25_mass, no unit, Revision date=20181210133000, Matrix=pm10_pm25
pm25_mass, ug/m3, Version=2, Version description=Data extracted from http://views.cira.colostate.edu/fed/DataWizard 2019-12-16, Sample duration=1d, Orig. time res.=3d, Blank correction=Blank corrected, Volume std. temperature=ambient, Volume std. pressure=ambient
numflag pm25_mass, no unit, Version=2, Version description=Data extracted from http://views.cira.colostate.edu/fed/DataWizard 2019-12-16, Sample duration=1d, Orig. time res.=3d, Blank correction=Blank corrected, Volume std. temperature=ambient, Volume std. pressure=ambient
potassium, ug/m3, Revision date=20181210133000
numflag potassium, no unit, Revision date=20181210133000
sulphate_total, ug S/m3, Revision date=20181210133000
numflag sulphate_total, no unit, Revision date=20181210133000
0
25
Data definition:              EBAS_1.1
Set type code:                TU
Timezone:                     UTC
File name:                    US9002R.20050101070000.20191216000000.filterpack..pm25.52w.1w.US03L_filterpack_US9002.US03L_IMPROVE_Davis.lev2.nas
File creation:                20191218120521
Startdate:                    20050101070000
Revision date:                20191216000000
Statistics:                   arithmetic mean
Data level:                   2
Period code:                  52w
Resolution code:              1w
Station code:                 US9002R
Platform code:                US9002S
Station name:                 Mount Zirkel Wilderness
Station latitude:             40.5383
Station longitude:            -106.6766
Station altitude:             3243.0 m
Regime:                       IMG
Component:                    
Matrix:                       pm25
Laboratory code:              US03L
Instrument type:              filterpack
Instrument name:              filterpack_US9002
Method ref:                   US03L_IMPROVE_Davis
starttime endtime Fe flag_Fe Pb flag_Pb Mg++ flag_Mg++ Ni flag_Ni NO3- flag_NO3- OC flag_OC OM flag_OM P flag_P PM10 flag_PM10 PM10-PM2.5 flag_PM10-PM2.5 PM2.5 flag_PM2.5 K+ flag_K+ SO4-- flag_SO4--
[from data line 83]
249.291667 250.291667   21.08 0.394  0.59 0.394 9.999 0.394259 9.99 0.394259 0.011 0.394  0.300 0.000  0.540 0.000 99.99 0.394259   4.758 0.000   2.378 0.000  2.411 0.000 0.013 0.394 0.252 0.394
252.291667 253.291667   15.66 0.000  0.52 0.000 9.999 0.259000 9.99 0.259000 0.019 0.000  0.384 0.000  0.691 0.000 99.99 0.259000   3.307 0.000   1.369 0.000  1.938 0.000 0.014 0.000 0.192 0.000
255.291667 256.291667   15.38 0.394  0.47 0.394 9.999 0.394259 9.99 0.394259 0.030 0.394  0.405 0.000  0.728 0.000 99.99 0.394259   4.456 0.000   2.690 0.000  1.830 0.000 0.011 0.394 0.144 0.394
258.291667 259.291667 9999.99 0.999 99.99 0.999 9.999 0.999000 9.99 0.999000 9.999 0.999 99.999 0.999 99.999 0.999 99.99 0.999000 999.999 0.999 999.999 0.999 99.999 0.999 9.999 0.999 9.999 0.999
261.291667 262.291667 9999.99 0.999 99.99 0.999 9.999 0.999000 9.99 0.999000 9.999 0.999 99.999 0.999 99.999 0.999 99.99 0.999000 999.999 0.999 999.999 0.999 99.999 0.999 9.999 0.999 9.999 0.999
264.291667 265.291667    7.66 0.000  0.32 0.000 9.999 0.259000 9.99 0.259000 0.045 0.000  0.707 0.000  1.273 0.000 99.99 0.259000   3.171 0.000   0.684 0.000  2.487 0.000 0.008 0.000 0.161 0.000
267.291667 268.291667   50.45 0.000  1.79 0.000 9.999 0.259000 9.99 0.259000 0.039 0.000  0.538 0.000  0.968 0.000 99.99 0.259000   7.249 0.000   4.142 0.000  3.107 0.000 0.035 0.000 0.210 0.000
270.291667 271.291667   10.09 0.000  0.69 0.000 9.999 0.259000 9.99 0.259000 0.027 0.000  0.686 0.000  1.234 0.000 99.99 0.259000   3.178 0.000   0.626 0.000  2.551 0.000 0.008 0.000 0.254 0.000
273.291667 274.291667   13.82 0.000  0.37 0.000 9.999 0.259000 9.99 0.259000 0.008 0.000  0.478 0.000  0.860 0.000 99.99 0.259000   3.245 0.000   1.557 0.000  1.688 0.000 0.014 0.000 0.089 0.000
276.291667 277.291667    7.16 0.000  0.42 0.000 9.999 0.259000 9.99 0.259000 0.007 0.000  0.332 0.000  0.598 0.000 99.99 0.259000   2.561 0.000   1.119 0.000  1.457 0.000 0.007 0.000 0.154 0.000
279.291667 280.291667   10.24 0.000  0.26 0.000 9.999 0.259000 9.99 0.259000 0.014 0.000  0.493 0.000  0.888 0.000 99.99 0.259000   3.366 0.000   1.307 0.000  2.003 0.000 0.007 0.000 0.131 0.000
282.291667 283.291667    0.22 0.000  0.25 0.000 9.999 0.259000 9.99 0.259000 0.000 0.000  0.029 0.000  0.053 0.000 99.99 0.259000   0.646 0.000   0.397 0.000  0.249 0.000 0.001 0.000 0.017 0.000
285.291667 286.291667    8.47 0.000  0.36 0.000 9.999 0.259000 9.99 0.259000 0.049 0.000  0.401 0.000  0.722 0.000 99.99 0.259000   3.559 0.000   1.227 0.000  2.332 0.000 0.009 0.000 0.196 0.000
288.291667 289.291667    9.20 0.000  0.34 0.000 9.999 0.259000 9.99 0.259000 0.015 0.000  0.605 0.000  1.090 0.000 99.99 0.259000   3.197 0.000   1.121 0.000  2.076 0.000 0.008 0.000 0.166 0.000
291.291667 292.291667    5.38 0.000  0.28 0.000 9.999 0.259000 9.99 0.259000 0.045 0.000  0.217 0.000  0.391 0.000 99.99 0.259000   2.308 0.000   1.494 0.000  0.814 0.000 0.005 0.000 0.073 0.000
294.291667 295.291667   17.99 0.000  0.44 0.000 9.999 0.259000 9.99 0.259000 0.046 0.000  0.541 0.000  0.975 0.000 99.99 0.259000   4.932 0.000   2.485 0.000  2.447 0.000 0.017 0.000 0.169 0.000
297.291667 298.291667    6.64 0.000  0.28 0.000 0.004 0.000000 9.99 0.259000 0.009 0.000  0.447 0.000  0.804 0.000 99.99 0.259000   2.583 0.000   1.153 0.000  1.453 0.000 0.005 0.000 0.066 0.000
300.291667 301.291667   10.54 0.000  0.40 0.000 9.999 0.259000 9.99 0.259000 0.021 0.000  0.462 0.000  0.832 0.000 99.99 0.259000   4.604 0.000   2.628 0.000  1.976 0.000 0.009 0.000 0.175 0.000
303.291667 304.291667   17.52 0.000  0.54 0.000 9.999 0.259000 0.19 0.000000 0.045 0.000  0.390 0.000  0.702 0.000 99.99 0.259000   2.875 0.000   0.805 0.000  2.070 0.000 0.016 0.000 0.215 0.000
306.291667 307.291667   37.98 0.000  0.84 0.000 0.016 0.000000 9.99 0.259000 0.028 0.000  0.432 0.000  0.778 0.000 99.99 0.259000   6.032 0.000   4.593 0.000  2.695 0.000 0.028 0.000 0.231 0.000
309.291667 310.291667   10.62 0.000  0.21 0.000 0.016 0.000000 9.99 0.259000 0.008 0.000  0.136 0.000  0.245 0.000 99.99 0.259000   1.321 0.000   0.878 0.000  0.718 0.000 0.009 0.000 0.053 0.000
312.291667 313.291667   12.60 0.000  0.33 0.000 9.999 0.259000 9.99 0.259000 0.021 0.000  0.358 0.000  0.645 0.000 99.99 0.259000   2.728 0.000   1.650 0.000  1.647 0.000 0.010 0.000 0.149 0.000
315.291667 316.291667    1.59 0.000  0.33 0.000 9.999 0.259000 9.99 0.259000 0.019 0.000  0.218 0.000  0.392 0.000 99.99 0.259000   0.558 0.000   0.108 0.000  0.567 0.000 0.003 0.000 0.063 0.000
318.291667 319.291667    2.79 0.000  0.20 0.000 9.999 0.259000 9.99 0.259000 0.018 0.000  0.141 0.000  0.253 0.000 99.99 0.259000   0.853 0.000   0.054 0.000  0.978 0.000 0.005 0.000 0.110 0.000
321.291667 322.291667    4.10 0.000  0.33 0.000 0.009 0.000000 9.99 0.259000 0.016 0.000  0.277 0.000  0.498 0.000 99.99 0.259000   1.085 0.000   0.309 0.000  1.002 0.000 0.006 0.000 0.132 0.000
324.291667 325.291667   10.17 0.000  0.35 0.000 9.999 0.259000 9.99 0.259000 0.004 0.000  0.093 0.000  0.167 0.000 99.99 0.259000   1.116 0.000   0.512 0.000  0.837 0.000 0.008 0.000 0.094 0.000
327.291667 328.291667    6.70 0.000  0.43 0.000 0.008 0.000000 9.99 0.259000 0.009 0.000  0.148 0.000  0.267 0.000 99.99 0.259000   1.455 0.000   0.853 0.000  0.906 0.000 0.005 0.000 0.081 0.000
330.291667 331.291667    2.25 0.000  0.31 0.000 9.999 0.259000 9.99 0.259000 0.022 0.000  0.252 0.000  0.453 0.000 99.99 0.259000   2.206 0.000   1.800 0.000  0.867 0.000 0.003 0.000 0.114 0.000
333.291667 334.291667    1.86 0.000  0.15 0.000 9.999 0.259000 9.99 0.259000 0.011 0.000  0.127 0.000  0.228 0.000 99.99 0.259000   2.385 0.000   2.630 0.000  0.254 0.000 0.004 0.000 0.028 0.000
336.291667 337.291667    1.23 0.000  0.22 0.000 9.999 0.259000 9.99 0.259000 0.011 0.000  0.218 0.000  0.393 0.000 99.99 0.259000   0.533 0.000   0.039 0.000  0.606 0.000 0.003 0.000 0.087 0.000
339.291667 340.291667    4.40 0.000  0.34 0.000 9.999 0.259000 9.99 0.259000 0.016 0.000  0.110 0.000  0.197 0.000 99.99 0.259000   0.843 0.000   0.126 0.000  0.894 0.000 0.004 0.000 0.106 0.000
342.291667 343.291667    2.38 0.000  0.37 0.000 9.999 0.259000 9.99 0.259000 0.006 0.000  0.167 0.000  0.301 0.000 99.99 0.259000   1.337 0.000   1.020 0.000  0.596 0.000 0.003 0.000 0.071 0.000
345.291667 346.291667    8.79 0.000  0.27 0.000 9.999 0.259000 9.99 0.259000 0.003 0.000  0.172 0.000  0.309 0.000 99.99 0.259000   0.338 0.000   0.005 0.000  0.404 0.000 0.007 0.000 0.044 0.000
348.291667 349.291667    6.77 0.000  0.17 0.000 9.999 0.259000 0.10 0.000000 0.038 0.000  0.101 0.000  0.181 0.000 99.99 0.259000   0.727 0.000   0.398 0.000  0.480 0.000 0.007 0.000 0.053 0.000
351.291667 352.291667    8.51 0.000  0.37 0.000 9.999 0.259000 9.99 0.259000 0.052 0.000  0.308 0.000  0.555 0.000 99.99 0.259000   1.031 0.000 999.999 0.259  1.300 0.000 0.008 0.000 0.106 0.000
354.291667 355.291667    1.75 0.000  0.08 0.000 9.999 0.259000 9.99 0.259000 0.007 0.000  0.108 0.000  0.194 0.000 99.99 0.259000   0.488 0.000   0.404 0.000  0.186 0.000 0.002 0.000 0.018 0.000
357.291667 358.291667    1.95 0.000  0.17 0.000 9.999 0.259000 9.99 0.259000 0.021 0.000  0.244 0.000  0.440 0.000 99.99 0.259000   0.417 0.000   0.099 0.000  0.405 0.000 0.003 0.000 0.028 0.000
360.291667 361.291667    0.88 0.000 99.99 0.259 9.999 0.259000 0.14 0.000000 0.016 0.000  0.063 0.000  0.114 0.000 99.99 0.259000   0.528 0.000   0.454 0.000  0.188 0.000 0.002 0.000 0.021 0.000
363.291667 364.291667    1.46 0.000  0.17 0.000 0.011 0.000000 9.99 0.259000 0.028 0.000 99.999 0.259 99.999 0.259 99.99 0.259000   0.569 0.000   0.435 0.000  0.253 0.000 0.002 0.000 0.034 0.000
