scripts/IMPROVE-2019_partial/data/US9006R.20030103050000.20191216000000.filterpack..pm25.1y.1w.US03L_filterpack_US9006.US03L_IMPROVE_Davis.lev2.nas
66 1001
MISSING INFORMATION
US03L, IMPROVE, , , , , , , 
MISSING INFORMATION
IMPROVE sel_HTAP
1 1
2003 01 01 2019 12 16
3.000000
days from file reference point
27
1 1 1 1 1 1 1 1 1 1 1 1 1 1 1 1 1 1 1 1 1 1 1 1 1 1 1
999.999999 9999.99 9.999 99.99 9.999 9.999 9.999999 99.99 9.999999 9.999 9.999 99.999 9.999 999.999 9.999 999.9 9.999999 999.999 9.999 999.999 9.999 999.999 9.999 9.999 9.999 99.999 9.999
end_time of measurement, days from the file reference point
iron, ng/m3, Revision date=20181210133000
numflag iron, no unit, Revision date=20181210133000
lead, ng/m3, Revision date=20181210133000
numflag lead, no unit, Revision date=20181210133000
magnesium, ug/m3, Revision date=20181210133000
numflag magnesium, no unit, Revision date=20181210133000
nickel, ng/m3, Revision date=20181210133000
numflag nickel, no unit, Revision date=20181210133000
nitrate, ug N/m3, Revision date=20181210133000
numflag nitrate, no unit, Revision date=20181210133000
organic_carbon, ug C/m3, Revision date=20181210133000
numflag organic_carbon, no unit, Revision date=20181210133000
organic_mass, ug/m3, Revision date=20181210133000
numflag organic_mass, no unit, Revision date=20181210133000
phosphorus, ng/m3, Revision date=20181210133000
numflag phosphorus, no unit, Revision date=20181210133000
pm10_mass, ug/m3, Version=2, Version description=Data extracted from http://views.cira.colostate.edu/fed/DataWizard 2019-12-16, Sample duration=1d, Orig. time res.=3d, Matrix=pm10, Blank correction=Blank corrected, Volume std. temperature=ambient, Volume std. pressure=ambient
numflag pm10_mass, no unit, Version=2, Version description=Data extracted from http://views.cira.colostate.edu/fed/DataWizard 2019-12-16, Sample duration=1d, Orig. time res.=3d, Matrix=pm10, Blank correction=Blank corrected, Volume std. temperature=ambient, Volume std. pressure=ambient
pm10_pm25_mass, ug/m3, Revision date=20181210133000, Matrix=pm10_pm25
numflag pm10_pm25_mass, no unit, Revision date=20181210133000, Matrix=pm10_pm25
pm25_mass, ug/m3, Version=2, Version description=Data extracted from http://views.cira.colostate.edu/fed/DataWizard 2019-12-16, Sample duration=1d, Orig. time res.=3d, Blank correction=Blank corrected, Volume std. temperature=ambient, Volume std. pressure=ambient
numflag pm25_mass, no unit, Version=2, Version description=Data extracted from http://views.cira.colostate.edu/fed/DataWizard 2019-12-16, Sample duration=1d, Orig. time res.=3d, Blank correction=Blank corrected, Volume std. temperature=ambient, Volume std. pressure=ambient
potassium, ug/m3, Revision date=20181210133000
numflag potassium, no unit, Revision date=20181210133000
sulphate_total, ug S/m3, Revision date=20181210133000
numflag sulphate_total, no unit, Revision date=20181210133000
0
25
Data definition:              EBAS_1.1
Set type code:                TU
Timezone:                     UTC
File name:                    US9006R.20030103050000.20191216000000.filterpack..pm25.1y.1w.US03L_filterpack_US9006.US03L_IMPROVE_Davis.lev2.nas
File creation:                20191218120529
Startdate:                    20030103050000
Revision date:                20191216000000
Statistics:                   arithmetic mean
Data level:                   2
Period code:                  1y
Resolution code:              1w
Station code:                 US9006R
Platform code:                US9006S
Station name:                 Martha's Vineyard
Station latitude:             41.3309
Station longitude:            -70.7846
Station altitude:             2.0 m
Regime:                       IMG
Component:                    
Matrix:                       pm25
Laboratory code:              US03L
Instrument type:              filterpack
Instrument name:              filterpack_US9006
Method ref:                   US03L_IMPROVE_Davis
starttime endtime Fe flag_Fe Pb flag_Pb Mg++ flag_Mg++ Ni flag_Ni NO3- flag_NO3- OC flag_OC OM flag_OM P flag_P PM10 flag_PM10 PM10-PM2.5 flag_PM10-PM2.5 PM2.5 flag_PM2.5 K+ flag_K+ SO4-- flag_SO4--
[from data line 81]
245.208333 246.208333    5.98 0.000  0.95 0.000 9.999 0.259000  0.39 0.000000 0.061 0.000  1.013 0.000   1.419 0.000 999.9 0.259000   9.538 0.000   4.552 0.000   4.987 0.000 0.023 0.000  0.423 0.000
248.208333 249.208333   17.71 0.000  1.20 0.000 9.999 0.259000  0.70 0.000000 0.079 0.000  1.506 0.000   2.109 0.000 999.9 0.259000  10.877 0.000   5.008 0.000   5.869 0.000 0.029 0.000  0.506 0.000
251.208333 252.208333    8.07 0.000  0.53 0.000 9.999 0.259000  0.26 0.000000 0.034 0.000  0.669 0.000   0.936 0.000  15.2 0.000000   6.819 0.000   4.090 0.000   2.729 0.000 0.014 0.000  0.179 0.000
254.208333 255.208333   11.51 0.000  0.47 0.000 9.999 0.259000  0.36 0.000000 0.074 0.000  0.586 0.000   0.820 0.000 999.9 0.259000  12.843 0.000   8.918 0.000   3.925 0.000 0.025 0.000  0.206 0.000
257.208333 258.208333    5.20 0.000  0.22 0.000 9.999 0.259000  1.05 0.000000 0.109 0.000  0.426 0.000   0.596 0.000 999.9 0.259000  12.525 0.000   7.885 0.000   4.640 0.000 0.032 0.000  0.314 0.000
260.208333 261.208333   10.69 0.000  0.69 0.000 9.999 0.259000  0.40 0.000000 0.080 0.000  1.199 0.000   1.678 0.000 999.9 0.259000  13.303 0.000   7.790 0.000   5.513 0.000 0.031 0.000  0.358 0.000
263.208333 264.208333   24.56 0.000  4.14 0.000 9.999 0.259000  0.61 0.000000 0.061 0.000  1.886 0.000   2.641 0.000 999.9 0.259000  17.256 0.000   4.897 0.000  12.359 0.000 0.047 0.000  1.683 0.000
266.208333 267.208333   16.08 0.000  1.30 0.000 0.025 0.000000  0.46 0.000000 0.039 0.000  0.953 0.000   1.335 0.000 999.9 0.259000  11.186 0.000   5.490 0.000   5.696 0.000 0.022 0.000  0.726 0.000
269.208333 270.208333    7.00 0.000  0.35 0.000 0.020 0.000000  0.72 0.000000 0.071 0.000  0.729 0.000   1.021 0.000 999.9 0.259000   9.470 0.000   5.861 0.000   3.609 0.000 0.019 0.000  0.407 0.000
272.208333 273.208333   20.96 0.000  1.20 0.000 0.025 0.000000  0.23 0.000000 0.031 0.000  0.562 0.000   0.787 0.000 999.9 0.259000   9.174 0.000   5.357 0.000   3.817 0.000 0.014 0.000  0.428 0.000
275.208333 276.208333    4.11 0.000  0.80 0.000 0.041 0.000000  0.23 0.000000 0.016 0.000  0.230 0.000   0.323 0.000 999.9 0.259000   3.285 0.000   2.108 0.000   1.177 0.000 0.009 0.000  0.094 0.000
278.208333 279.208333   14.38 0.000  1.06 0.000 9.999 0.259000  0.38 0.000000 0.029 0.000  0.633 0.000   0.886 0.000 999.9 0.259000   6.275 0.000   2.909 0.000   3.366 0.000 0.014 0.000  0.382 0.000
281.208333 282.208333   58.75 0.000  4.24 0.000 9.999 0.259000  2.12 0.000000 0.266 0.000  2.930 0.000   4.101 0.000 999.9 0.259000  30.779 0.000   5.693 0.000  25.086 0.000 0.055 0.000  4.074 0.000
284.208333 285.208333    8.97 0.000  0.91 0.000 0.040 0.000000  0.68 0.000000 0.053 0.000  0.775 0.000   1.086 0.000 999.9 0.259000   8.367 0.000   2.225 0.000   6.142 0.000 0.026 0.000  0.835 0.000
287.208333 288.208333    7.78 0.000  0.41 0.000 0.136 0.000000  0.22 0.000000 0.092 0.000  0.657 0.000   0.919 0.000 999.9 0.259000  25.184 0.000  16.901 0.000   8.284 0.000 0.052 0.000  0.466 0.000
290.208333 291.208333   12.05 0.000  1.53 0.000 0.041 0.000000  0.51 0.000000 0.054 0.000  0.710 0.000   0.994 0.000 999.9 0.259000   5.522 0.000   1.606 0.000   3.916 0.000 0.015 0.000  0.404 0.000
293.208333 294.208333   24.78 0.000  1.90 0.000 0.089 0.000000  0.76 0.000000 0.305 0.000  2.391 0.000   3.347 0.000 999.9 0.259000  32.605 0.000  14.399 0.000  18.206 0.000 0.100 0.000  2.171 0.000
296.208333 297.208333    7.20 0.000  0.49 0.000 9.999 0.259000  0.12 0.000000 0.012 0.000  0.222 0.000   0.311 0.000 999.9 0.259000   3.409 0.000   2.105 0.000   1.304 0.000 0.008 0.000  0.099 0.000
299.208333 300.208333    2.39 0.000  0.13 0.000 0.088 0.000000  0.36 0.000000 0.054 0.000  0.180 0.000   0.252 0.000 999.9 0.259000  12.974 0.000   7.167 0.000   5.808 0.000 0.032 0.000  0.293 0.000
302.208333 303.208333   17.82 0.000  1.00 0.000 9.999 0.259000  0.62 0.000000 0.100 0.000  0.598 0.000   0.837 0.000 999.9 0.259000  11.588 0.000   6.672 0.000   4.916 0.000 0.015 0.000  0.606 0.000
305.208333 306.208333   28.67 0.000  2.52 0.000 9.999 0.259000  0.97 0.000000 0.160 0.000  2.577 0.000   3.608 0.000 999.9 0.259000  20.118 0.000   7.624 0.000  12.494 0.000 0.063 0.000  1.392 0.000
308.208333 309.208333    4.08 0.000  0.38 0.000 9.999 0.259000  0.66 0.000000 0.099 0.000  0.679 0.000   0.951 0.000 999.9 0.259000  11.615 0.000   5.218 0.000   6.396 0.000 0.031 0.000  0.842 0.000
311.208333 312.208333   10.83 0.000  0.88 0.000 9.999 0.259000  0.26 0.000000 0.057 0.000  0.646 0.000   0.904 0.000 999.9 0.259000   6.986 0.000   3.379 0.000   3.606 0.000 0.023 0.000  0.382 0.000
314.208333 315.208333   34.71 0.000  2.93 0.000 9.999 0.259000  2.98 0.000000 0.218 0.000  1.217 0.000   1.703 0.000 999.9 0.259000   9.180 0.000   3.939 0.000   5.241 0.000 0.027 0.000  0.451 0.000
317.208333 318.208333   14.73 0.000  0.44 0.000 9.999 0.259000  0.18 0.000000 0.015 0.000  0.429 0.000   0.601 0.000 999.9 0.259000  10.965 0.000   8.193 0.000   2.772 0.000 0.021 0.000  0.198 0.000
320.208333 321.208333   27.00 0.000  4.71 0.000 9.999 0.259000  0.95 0.000000 0.281 0.000  2.135 0.000   2.989 0.000 999.9 0.259000  11.012 0.000   3.124 0.000   7.889 0.000 0.041 0.000  0.712 0.000
323.208333 324.208333    9.12 0.000  0.20 0.000 0.106 0.000000  0.44 0.000000 0.034 0.000  0.432 0.000   0.605 0.000 999.9 0.259000  11.818 0.000   6.152 0.000   5.665 0.000 0.043 0.000  0.247 0.000
326.208333 327.208333    8.24 0.000  0.87 0.000 9.999 0.259000  0.78 0.000000 0.069 0.000  0.984 0.000   1.377 0.000 999.9 0.259000  11.330 0.000   6.609 0.000   4.721 0.000 0.037 0.000  0.250 0.000
329.208333 330.208333   21.88 0.000  1.54 0.000 0.066 0.000000  1.07 0.000000 0.245 0.000  0.819 0.000   1.147 0.000 999.9 0.259000   9.036 0.000   3.736 0.000   5.300 0.000 0.018 0.000  0.628 0.000
332.208333 333.208333    6.65 0.000  0.58 0.000 0.095 0.000000  0.48 0.000000 0.096 0.000  0.445 0.000   0.623 0.000 999.9 0.259000  16.399 0.000   9.640 0.000   6.758 0.000 0.052 0.000  0.494 0.000
335.208333 336.208333 9999.99 0.999 99.99 0.999 9.999 0.999000 99.99 0.999000 9.999 0.999 99.999 0.999 999.999 0.999 999.9 0.999000 999.999 0.999 999.999 0.999 999.999 0.999 9.999 0.999 99.999 0.999
338.208333 339.208333   10.16 0.000  1.47 0.000 0.043 0.000000  0.70 0.000000 0.060 0.000  0.635 0.000   0.888 0.000 999.9 0.259000   5.666 0.000   2.919 0.000   2.748 0.000 0.024 0.000  0.236 0.000
341.208333 342.208333    9.66 0.000  0.72 0.000 9.999 0.259000  1.55 0.000000 0.117 0.000  0.820 0.000   1.148 0.000 999.9 0.259000   6.140 0.000   2.377 0.000   3.763 0.000 0.027 0.000  0.242 0.000
344.208333 345.208333    6.74 0.000  0.16 0.000 9.999 0.259000  0.31 0.000000 0.134 0.000  0.411 0.000   0.576 0.000 999.9 0.259000  22.012 0.000  11.470 0.000  10.542 0.000 0.086 0.000  0.596 0.000
347.208333 348.208333    9.81 0.000  1.08 0.000 0.020 0.000000  0.74 0.000000 0.044 0.000  0.583 0.000   0.816 0.000 999.9 0.259000   9.680 0.000   5.647 0.000   4.033 0.000 0.037 0.000  0.246 0.000
350.208333 351.208333    7.03 0.000  0.58 0.000 0.044 0.000000  0.49 0.000000 0.159 0.000  0.443 0.000   0.620 0.000 999.9 0.259000  19.997 0.000  10.819 0.000   9.178 0.000 0.074 0.000  0.734 0.000
353.208333 354.208333   22.46 0.000  1.44 0.000 0.101 0.000000  2.39 0.000000 0.128 0.000  1.313 0.000   1.838 0.000 999.9 0.259000   7.502 0.000   2.546 0.000   4.956 0.000 0.031 0.000  0.458 0.000
356.208333 357.208333   20.74 0.000  1.44 0.000 9.999 0.259000  1.50 0.000000 0.380 0.000  1.681 0.000   2.353 0.000 999.9 0.259000  28.285 0.000  16.340 0.000  11.945 0.000 0.095 0.000  0.686 0.000
359.208333 360.208333   10.91 0.000  1.10 0.000 0.066 0.000000  0.65 0.000000 0.095 0.000  0.656 0.000   0.919 0.000 999.9 0.259000  10.859 0.000   5.437 0.000   5.421 0.000 0.034 0.000  0.611 0.000
362.208333 363.208333   22.13 0.000  3.14 0.000 9.999 0.259000  2.02 0.000000 0.488 0.000  1.445 0.000   2.023 0.000 999.9 0.259000  19.478 0.000   9.884 0.000   9.594 0.000 0.063 0.000  0.575 0.000
