scripts/IMPROVE-2019_partial/data/US9061R.19880302060000.20191216000000.filterpack...10mo.3d.US03L_filterpack_US9061.US03L_IMPROVE_Davis.lev2.nas
51 1001
MISSING INFORMATION
US03L, IMPROVE, , , , , , , 
MISSING INFORMATION
IMPROVE sel_HTAP
1 1
1988 01 01 2019 12 16
0
days from file reference point
4
1 1 1 1
999.99 999.999 999.999 9.999
end_time of measurement, days from the file reference point
pm10_mass, ug/m3, Matrix=pm10
pm25_mass, ug/m3, Matrix=pm25
numflag, no unit
0
33
Data definition:              EBAS_1.1
Set type code:                TI
Timezone:                     UTC
File name:                    US9061R.19880302060000.20191216000000.filterpack...10mo.3d.US03L_filterpack_US9061.US03L_IMPROVE_Davis.lev2.nas
File creation:                20191218120934
Startdate:                    19880302060000
Revision date:                20191216000000
Version:                      2
Version description:          "Data extracted from http://views.cira.colostate.edu/fed/DataWizard 2019-12-16"
Statistics:                   arithmetic mean
Data level:                   2
Period code:                  10mo
Resolution code:              3d
Sample duration:              1d
Orig. time res.:              3d
Station code:                 US9061R
Platform code:                US9061S
Station name:                 Voyageurs NP #1
Station latitude:             48.4132
Station longitude:            -92.8303
Station altitude:             425.0 m
Regime:                       IMG
Component:                    
Unit:                         ug/m3
Matrix:                       
Laboratory code:              US03L
Instrument type:              filterpack
Instrument name:              filterpack_US9061
Method ref:                   US03L_IMPROVE_Davis
Blank correction:             Blank corrected
Volume std. temperature:      ambient
Volume std. pressure:         ambient
starttime endtime PM10 PM2.5 flag
 61.25  62.25 999.999 999.999 0.999
 64.25  65.25 999.999 999.999 0.999
 68.25  69.25 999.999   4.081 0.000
 71.25  72.25 999.999 999.999 0.999
 75.25  76.25 999.999   1.459 0.000
 78.25  79.25 999.999   2.401 0.000
 82.25  83.25 999.999   8.050 0.000
 85.25  86.25 999.999   4.582 0.000
 89.25  90.25 999.999   5.912 0.000
 92.25  93.25 999.999   6.415 0.000
 96.25  97.25 999.999   2.657 0.000
 99.25 100.25 999.999   6.418 0.000
103.25 104.25 999.999   6.768 0.000
106.25 107.25 999.999   9.841 0.000
110.25 111.25 999.999   3.444 0.000
113.25 114.25 999.999   3.049 0.000
117.25 118.25 999.999   3.205 0.000
120.25 121.25 999.999   5.886 0.000
124.25 125.25 999.999  10.795 0.000
127.25 128.25 999.999   9.878 0.000
131.25 132.25 999.999   2.749 0.000
134.25 135.25 999.999   5.831 0.000
138.25 139.25 999.999   7.324 0.000
141.25 142.25 999.999   2.456 0.000
145.25 146.25 999.999   4.272 0.000
148.25 149.25 999.999 999.999 0.999
152.25 153.25  29.884 999.999 0.000
155.25 156.25  66.818 999.999 0.000
159.25 160.25  10.345   4.390 0.000
162.25 163.25 999.999   9.465 0.000
166.25 167.25  11.606   5.329 0.000
169.25 170.25  29.145  11.254 0.000
173.25 174.25 999.999 999.999 0.999
176.25 177.25  16.383   8.193 0.000
180.25 181.25   6.333   3.079 0.000
183.25 184.25 999.999  10.515 0.000
187.25 188.25  26.119  11.688 0.000
190.25 191.25  39.580   7.075 0.000
194.25 195.25  18.371   4.828 0.000
197.25 198.25  20.891   4.922 0.000
201.25 202.25  21.692   5.385 0.000
204.25 205.25  27.016   6.811 0.000
208.25 209.25  20.854   6.278 0.000
211.25 212.25  10.717   3.730 0.000
215.25 216.25  22.069   5.443 0.000
218.25 219.25  18.016   5.346 0.000
222.25 223.25 999.999 999.999 0.999
225.25 226.25 999.999 999.999 0.999
229.25 230.25 999.999 999.999 0.999
232.25 233.25  13.607   5.051 0.000
236.25 237.25 999.999 999.999 0.999
239.25 240.25   7.863   1.797 0.000
243.25 244.25  27.808   8.300 0.000
246.25 247.25  15.041   3.445 0.000
250.25 251.25  29.697   6.379 0.000
253.25 254.25  14.603   2.185 0.000
257.25 258.25   9.402   3.149 0.000
260.25 261.25 999.999   7.354 0.000
264.25 265.25   8.872   2.000 0.000
267.25 268.25  16.122   5.000 0.000
271.25 272.25   4.174   1.755 0.000
274.25 275.25  12.137   3.885 0.000
278.25 279.25   6.713   1.745 0.000
281.25 282.25  14.519   7.211 0.000
285.25 286.25   3.983   1.351 0.000
288.25 289.25 999.999 999.999 0.999
292.25 293.25   9.873   5.951 0.000
295.25 296.25   5.270   2.867 0.000
299.25 300.25  10.086 999.999 0.000
302.25 303.25   8.253   5.952 0.000
306.25 307.25   9.244   6.446 0.000
309.25 310.25   2.979   2.302 0.000
313.25 314.25   4.661   2.764 0.000
316.25 317.25   9.330   5.799 0.000
320.25 321.25   5.070   0.479 0.000
323.25 324.25 999.999   5.034 0.000
327.25 328.25 999.999 999.999 0.999
330.25 331.25   6.740   3.472 0.000
334.25 335.25 999.999 999.999 0.999
337.25 338.25   4.361   2.475 0.000
341.25 342.25   3.517   1.818 0.000
344.25 345.25   9.828   7.254 0.000
348.25 349.25   4.505   2.590 0.000
351.25 352.25   3.699   2.598 0.000
355.25 356.25   6.419   4.476 0.000
358.25 359.25   5.948   3.951 0.000
362.25 363.25   5.242   3.772 0.000
365.25 366.25 999.999   3.559 0.000
