scripts/IMPROVE-2019_partial/data/US9034R.20170101060000.20191216000000.filterpack...52w.3d.US03L_filterpack_US9034.US03L_IMPROVE_Davis.lev2.nas
52 1001
MISSING INFORMATION
US03L, IMPROVE, , , , , , , 
MISSING INFORMATION
IMPROVE sel_HTAP
1 1
2017 01 01 2019 12 16
3.00
days from file reference point
5
1 1 1 1 1
999.99 999.999 9.999 999.999 9.999
end_time of measurement, days from the file reference point
pm10_mass, ug/m3, Matrix=pm10
numflag pm10_mass, no unit, Matrix=pm10
pm25_mass, ug/m3, Matrix=pm25
numflag pm25_mass, no unit, Matrix=pm25
0
33
Data definition:              EBAS_1.1
Set type code:                TU
Timezone:                     UTC
File name:                    US9034R.20170101060000.20191216000000.filterpack...52w.3d.US03L_filterpack_US9034.US03L_IMPROVE_Davis.lev2.nas
File creation:                20191218120735
Startdate:                    20170101060000
Revision date:                20191216000000
Version:                      2
Version description:          "Data extracted from http://views.cira.colostate.edu/fed/DataWizard 2019-12-16"
Statistics:                   arithmetic mean
Data level:                   2
Period code:                  52w
Resolution code:              3d
Sample duration:              1d
Orig. time res.:              3d
Station code:                 US9034R
Platform code:                US9034S
Station name:                 Upper Buffalo Wilderness
Station latitude:             35.8258
Station longitude:            -93.203
Station altitude:             722.0 m
Regime:                       IMG
Component:                    
Unit:                         ug/m3
Matrix:                       
Laboratory code:              US03L
Instrument type:              filterpack
Instrument name:              filterpack_US9034
Method ref:                   US03L_IMPROVE_Davis
Blank correction:             Blank corrected
Volume std. temperature:      ambient
Volume std. pressure:         ambient
starttime endtime PM10 flag_PM10 PM2.5 flag_PM2.5
  0.25   1.25   8.183 0.000   4.908 0.000
  3.25   4.25   3.870 0.000   1.956 0.000
  6.25   7.25   7.011 0.000   4.454 0.000
  9.25  10.25   8.085 0.000   4.128 0.000
 12.25  13.25   3.533 0.000   2.688 0.000
 15.25  16.25   2.696 0.000   1.539 0.000
 18.25  19.25   1.122 0.000   0.609 0.000
 21.25  22.25   2.901 0.000   2.386 0.000
 24.25  25.25   7.522 0.000   3.290 0.000
 27.25  28.25   5.810 0.000   1.968 0.000
 30.25  31.25  13.356 0.000   7.048 0.000
 33.25  34.25   8.946 0.000   5.199 0.000
 36.25  37.25   6.168 0.000   4.130 0.000
 39.25  40.25   7.032 0.000   3.914 0.000
 42.25  43.25  10.924 0.000   6.457 0.000
 45.25  46.25 999.999 0.999 999.999 0.999
 48.25  49.25  12.375 0.000   8.127 0.000
 51.25  52.25   2.843 0.000   1.709 0.000
 54.25  55.25  10.728 0.000   5.942 0.000
 57.25  58.25 999.999 0.999 999.999 0.999
 60.25  61.25   7.687 0.000   2.428 0.000
 63.25  64.25   7.902 0.000   5.635 0.000
 66.25  67.25   9.758 0.000   3.406 0.000
 69.25  70.25   2.706 0.000   1.612 0.000
 72.25  73.25  13.016 0.000  11.650 0.000
 75.25  76.25   7.866 0.000   5.018 0.000
 78.25  79.25 999.999 0.999 999.999 0.999
 81.25  82.25  11.354 0.000   6.350 0.000
 84.25  85.25   8.820 0.000   4.883 0.000
 87.25  88.25 999.999 0.999 999.999 0.999
 90.25  91.25 999.999 0.999 999.999 0.999
 93.25  94.25 999.999 0.999 999.999 0.999
 96.25  97.25   5.864 0.000   3.109 0.000
 99.25 100.25  10.383 0.000   7.191 0.000
102.25 103.25  11.607 0.000   7.444 0.000
105.25 106.25   9.944 0.000   6.590 0.000
108.25 109.25  10.841 0.000   5.647 0.000
111.25 112.25   0.789 0.000   0.790 0.000
114.25 115.25  12.011 0.000   6.789 0.000
117.25 118.25  11.977 0.000   8.187 0.000
120.25 121.25   3.822 0.000   1.811 0.000
123.25 124.25  10.380 0.000   2.338 0.000
126.25 127.25 999.999 0.999 999.999 0.999
129.25 130.25  14.653 0.000  10.196 0.000
132.25 133.25   9.175 0.000   5.993 0.000
135.25 136.25  12.136 0.000   8.369 0.000
138.25 139.25   7.386 0.000   4.713 0.000
141.25 142.25   5.982 0.000   3.084 0.000
144.25 145.25   6.678 0.000   3.504 0.000
147.25 148.25   4.392 0.000   2.608 0.000
150.25 151.25 999.999 0.456   5.620 0.000
153.25 154.25 999.999 0.456   3.626 0.000
156.25 157.25 999.999 0.456   5.888 0.000
159.25 160.25 999.999 0.456   5.693 0.000
162.25 163.25   7.014 0.000   4.672 0.000
165.25 166.25   9.704 0.000   6.575 0.000
168.25 169.25   6.874 0.000   5.001 0.000
171.25 172.25   9.062 0.000   5.838 0.000
174.25 175.25   7.471 0.000   2.622 0.000
177.25 178.25  10.763 0.000   6.473 0.000
180.25 181.25   4.062 0.000   2.851 0.000
183.25 184.25   6.558 0.000   4.485 0.000
186.25 187.25   8.068 0.000   5.259 0.000
189.25 190.25   9.624 0.000   6.358 0.000
192.25 193.25  14.554 0.000   9.365 0.000
195.25 196.25   6.178 0.000   3.963 0.000
198.25 199.25  15.718 0.000  11.007 0.000
201.25 202.25  18.943 0.000  14.580 0.000
204.25 205.25   8.621 0.000   5.709 0.000
207.25 208.25  20.418 0.000   9.710 0.000
210.25 211.25   7.229 0.000   4.655 0.000
213.25 214.25   8.272 0.000   6.351 0.000
216.25 217.25  10.021 0.000   5.679 0.000
219.25 220.25  11.558 0.000   8.893 0.000
222.25 223.25   7.243 0.000   4.479 0.000
225.25 226.25   3.408 0.000   1.992 0.000
228.25 229.25   6.120 0.000   3.287 0.000
231.25 232.25  16.827 0.000  11.113 0.000
234.25 235.25  10.782 0.000   5.593 0.000
237.25 238.25  12.720 0.000   7.024 0.000
240.25 241.25  12.374 0.000   7.334 0.000
243.25 244.25  15.734 0.000  11.566 0.000
246.25 247.25  22.164 0.000  15.386 0.000
249.25 250.25  16.425 0.000   5.301 0.000
252.25 253.25  16.653 0.000   8.267 0.000
255.25 256.25  11.117 0.000   4.252 0.000
258.25 259.25  16.342 0.000  11.034 0.000
261.25 262.25  13.750 0.000   8.929 0.000
264.25 265.25  13.210 0.000   8.160 0.000
267.25 268.25  17.409 0.000  10.260 0.000
270.25 271.25   9.156 0.000   1.978 0.000
273.25 274.25  16.075 0.000   8.009 0.000
276.25 277.25  12.451 0.000   6.491 0.000
279.25 280.25  11.350 0.000   7.399 0.000
282.25 283.25   8.024 0.000   4.931 0.000
285.25 286.25  18.080 0.000  10.626 0.000
288.25 289.25   5.303 0.000   2.619 0.000
291.25 292.25  13.774 0.000   8.286 0.000
294.25 295.25   2.301 0.000   1.082 0.000
297.25 298.25  10.922 0.000   2.905 0.000
300.25 301.25   9.617 0.000   2.152 0.000
303.25 304.25  13.731 0.000   3.184 0.000
306.25 307.25   6.498 0.000   4.826 0.000
309.25 310.25   4.564 0.000   2.929 0.000
312.25 313.25   5.596 0.000   3.075 0.000
315.25 316.25   9.131 0.000   6.572 0.000
318.25 319.25  10.068 0.000   7.501 0.000
321.25 322.25   6.519 0.000   3.969 0.000
324.25 325.25  11.045 0.000   5.908 0.000
327.25 328.25  12.287 0.000   4.571 0.000
330.25 331.25  16.673 0.000  12.901 0.000
333.25 334.25  13.410 0.000   5.561 0.000
336.25 337.25  19.382 0.000  12.108 0.000
339.25 340.25   7.451 0.000   1.714 0.000
342.25 343.25   8.000 0.000   2.489 0.000
345.25 346.25   8.157 0.000   2.463 0.000
348.25 349.25  11.857 0.000   4.137 0.000
351.25 352.25  10.069 0.000   6.435 0.000
354.25 355.25   6.271 0.000   4.535 0.000
357.25 358.25   4.890 0.000   2.948 0.000
360.25 361.25   5.915 0.000   4.470 0.000
363.25 364.25  15.984 0.000  12.119 0.000
