scripts/IMPROVE-2019_partial/data/US9043R.20070103080000.20191216000000.filterpack...1y.3d.US03L_filterpack_US9043.US03L_IMPROVE_Davis.lev2.nas
52 1001
MISSING INFORMATION
US03L, IMPROVE, , , , , , , 
MISSING INFORMATION
IMPROVE sel_HTAP
1 1
2007 01 01 2019 12 16
3.000000
days from file reference point
5
1 1 1 1 1
999.999999 9999.999 9.999 999.999 9.999
end_time of measurement, days from the file reference point
pm10_mass, ug/m3, Matrix=pm10
numflag pm10_mass, no unit, Matrix=pm10
pm25_mass, ug/m3, Matrix=pm25
numflag pm25_mass, no unit, Matrix=pm25
0
33
Data definition:              EBAS_1.1
Set type code:                TU
Timezone:                     UTC
File name:                    US9043R.20070103080000.20191216000000.filterpack...1y.3d.US03L_filterpack_US9043.US03L_IMPROVE_Davis.lev2.nas
File creation:                20191218120818
Startdate:                    20070103080000
Revision date:                20191216000000
Version:                      2
Version description:          "Data extracted from http://views.cira.colostate.edu/fed/DataWizard 2019-12-16"
Statistics:                   arithmetic mean
Data level:                   2
Period code:                  1y
Resolution code:              3d
Sample duration:              1d
Orig. time res.:              3d
Station code:                 US9043R
Platform code:                US9043S
Station name:                 San Gorgonio Wilderness
Station latitude:             34.1939
Station longitude:            -116.9132
Station altitude:             1726.0 m
Regime:                       IMG
Component:                    
Unit:                         ug/m3
Matrix:                       
Laboratory code:              US03L
Instrument type:              filterpack
Instrument name:              filterpack_US9043
Method ref:                   US03L_IMPROVE_Davis
Blank correction:             Blank corrected
Volume std. temperature:      ambient
Volume std. pressure:         ambient
starttime endtime PM10 flag_PM10 PM2.5 flag_PM2.5
  2.333333   3.333333    2.960 0.000   1.135 0.659
  5.333333   6.333333    3.005 0.000   0.962 0.659
  8.333333   9.333333    6.944 0.000   1.761 0.659
 11.333333  12.333333    5.111 0.000   2.136 0.000
 14.333333  15.333333    3.033 0.000   1.142 0.659
 17.333333  18.333333    6.546 0.000   2.001 0.659
 20.333333  21.333333   10.386 0.000   2.204 0.659
 23.333333  24.333333    3.843 0.000   0.974 0.659
 26.333333  27.333333   10.117 0.000   6.183 0.000
 29.333333  30.333333    3.507 0.000   2.096 0.000
 32.333333  33.333333    7.592 0.000   2.772 0.000
 35.333333  36.333333    2.999 0.000   0.882 0.659
 38.333333  39.333333    3.209 0.000   0.832 0.659
 41.333333  42.333333    6.295 0.000   4.739 0.659
 44.333333  45.333333    3.168 0.000   1.650 0.659
 47.333333  48.333333    2.119 0.000   0.714 0.659
 50.333333  51.333333    5.443 0.000   3.680 0.659
 53.333333  54.333333    2.819 0.000   1.127 0.000
 56.333333  57.333333    6.781 0.000   4.342 0.000
 59.333333  60.333333    2.827 0.000   1.463 0.659
 62.333333  63.333333    4.181 0.000   1.538 0.659
 65.333333  66.333333    4.585 0.000   1.614 0.000
 68.333333  69.333333    7.986 0.000   2.893 0.659
 71.333333  72.333333    9.627 0.000   3.901 0.000
 74.333333  75.333333   16.541 0.000   5.965 0.659
 77.333333  78.333333    8.569 0.000   4.810 0.659
 80.333333  81.333333    5.140 0.000   1.580 0.659
 83.333333  84.333333   11.085 0.000   5.478 0.659
 86.333333  87.333333    8.789 0.000   2.466 0.000
 89.333333  90.333333    8.216 0.000   3.749 0.000
 92.333333  93.333333   14.084 0.000   6.724 0.000
 95.333333  96.333333   24.651 0.000  13.978 0.000
 98.333333  99.333333   14.238 0.000   7.806 0.000
101.333333 102.333333   54.439 0.000   8.439 0.000
104.333333 105.333333    5.696 0.000   3.483 0.000
107.333333 108.333333   11.750 0.000   4.536 0.000
110.333333 111.333333    7.058 0.000   5.062 0.659
113.333333 114.333333    6.048 0.000   2.349 0.659
116.333333 117.333333   10.349 0.000   3.634 0.000
119.333333 120.333333   11.699 0.000   5.218 0.659
122.333333 123.333333   23.308 0.000  11.415 0.000
125.333333 126.333333    7.453 0.000   1.817 0.000
128.333333 129.333333   25.160 0.000   6.906 0.000
131.333333 132.333333   13.695 0.000   7.132 0.000
134.333333 135.333333   27.683 0.000  13.245 0.000
137.333333 138.333333   28.209 0.000   8.101 0.000
140.333333 141.333333  110.861 0.000  14.429 0.000
143.333333 144.333333   28.823 0.000   5.950 0.000
146.333333 147.333333   14.929 0.000   5.029 0.659
149.333333 150.333333   15.920 0.000   5.342 0.000
152.333333 153.333333   22.359 0.000   8.320 0.000
155.333333 156.333333   20.701 0.000   4.853 0.000
158.333333 159.333333   28.738 0.000   5.909 0.000
161.333333 162.333333   33.894 0.000   9.077 0.000
164.333333 165.333333   31.159 0.000   8.852 0.000
167.333333 168.333333   12.905 0.000   4.813 0.000
170.333333 171.333333   15.540 0.000   2.789 0.659
173.333333 174.333333   23.014 0.000   7.409 0.000
176.333333 177.333333   15.203 0.000   6.201 0.000
179.333333 180.333333   14.927 0.000   5.719 0.000
182.333333 183.333333   12.933 0.000   5.067 0.000
185.333333 186.333333   17.515 0.000   7.861 0.000
188.333333 189.333333   10.993 0.000   4.691 0.000
191.333333 192.333333   18.160 0.000   6.460 0.000
194.333333 195.333333   18.358 0.000   7.971 0.000
197.333333 198.333333   14.246 0.000   6.816 0.000
200.333333 201.333333   17.328 0.000   5.186 0.000
203.333333 204.333333   16.988 0.000   7.873 0.000
206.333333 207.333333   21.596 0.000   8.600 0.000
209.333333 210.333333   14.645 0.000   5.997 0.000
212.333333 213.333333   30.510 0.000  10.054 0.000
215.333333 216.333333   23.381 0.000  13.718 0.000
218.333333 219.333333   13.204 0.000   4.783 0.000
221.333333 222.333333   16.299 0.000   6.560 0.000
224.333333 225.333333   11.214 0.000   4.255 0.000
227.333333 228.333333   23.326 0.000   9.790 0.000
230.333333 231.333333   11.871 0.000   5.298 0.000
233.333333 234.333333   33.698 0.000  21.699 0.000
236.333333 237.333333   37.975 0.000  12.471 0.000
239.333333 240.333333    7.542 0.000   3.660 0.000
242.333333 243.333333    8.384 0.000   4.013 0.000
245.333333 246.333333   12.399 0.000   4.946 0.000
248.333333 249.333333    9.616 0.000 999.999 0.456
251.333333 252.333333   10.786 0.000   5.456 0.000
254.333333 255.333333    7.491 0.000   3.623 0.000
257.333333 258.333333   11.490 0.000   4.835 0.000
260.333333 261.333333   18.799 0.000   8.187 0.000
263.333333 264.333333   11.941 0.000   3.143 0.000
266.333333 267.333333    6.559 0.000   3.246 0.000
269.333333 270.333333   19.880 0.000  10.221 0.000
272.333333 273.333333   12.120 0.000   5.010 0.000
275.333333 276.333333   13.199 0.000   6.561 0.000
278.333333 279.333333    7.142 0.000   1.635 0.000
281.333333 282.333333   13.415 0.000   5.698 0.000
284.333333 285.333333   16.149 0.000  10.118 0.000
287.333333 288.333333    7.241 0.000   4.035 0.000
290.333333 291.333333    7.591 0.000   2.386 0.000
293.333333 294.333333   18.150 0.000   3.414 0.000
296.333333 297.333333   51.842 0.659  43.519 0.659
299.333333 300.333333   43.183 0.000  36.710 0.659
302.333333 303.333333   11.935 0.000   6.379 0.000
305.333333 306.333333    3.802 0.000   2.196 0.000
308.333333 309.333333    9.221 0.000   4.184 0.000
311.333333 312.333333    8.548 0.000   3.304 0.000
314.333333 315.333333   15.031 0.000   9.059 0.000
317.333333 318.333333    2.601 0.000   0.643 0.000
320.333333 321.333333    4.339 0.000   2.063 0.000
323.333333 324.333333    4.042 0.000   1.825 0.000
326.333333 327.333333   11.818 0.000   2.903 0.000
329.333333 330.333333    6.143 0.000   1.636 0.000
332.333333 333.333333    7.652 0.000   1.819 0.000
335.333333 336.333333    1.742 0.000   0.804 0.000
338.333333 339.333333    5.178 0.000   2.211 0.000
341.333333 342.333333    2.648 0.000   1.862 0.000
344.333333 345.333333    3.000 0.000   1.313 0.000
347.333333 348.333333    4.455 0.000   3.235 0.000
350.333333 351.333333   10.649 0.000   8.108 0.000
353.333333 354.333333    2.614 0.000   1.937 0.000
356.333333 357.333333    1.247 0.000   0.490 0.000
359.333333 360.333333   21.991 0.000   3.732 0.000
362.333333 363.333333    2.885 0.000   1.273 0.000
