scripts/IMPROVE-2019_partial/data/US9062R.20080101060000.20191216000000.filterpack...52w.3d.US03L_filterpack_US9062.US03L_IMPROVE_Davis.lev2.nas
52 1001
MISSING INFORMATION
US03L, IMPROVE, , , , , , , 
MISSING INFORMATION
IMPROVE sel_HTAP
1 1
2008 01 01 2019 12 16
3.00
days from file reference point
5
1 1 1 1 1
999.99 999.999 9.999 999.999 9.999
end_time of measurement, days from the file reference point
pm10_mass, ug/m3, Matrix=pm10
numflag pm10_mass, no unit, Matrix=pm10
pm25_mass, ug/m3, Matrix=pm25
numflag pm25_mass, no unit, Matrix=pm25
0
33
Data definition:              EBAS_1.1
Set type code:                TU
Timezone:                     UTC
File name:                    US9062R.20080101060000.20191216000000.filterpack...52w.3d.US03L_filterpack_US9062.US03L_IMPROVE_Davis.lev2.nas
File creation:                20191218120939
Startdate:                    20080101060000
Revision date:                20191216000000
Version:                      2
Version description:          "Data extracted from http://views.cira.colostate.edu/fed/DataWizard 2019-12-16"
Statistics:                   arithmetic mean
Data level:                   2
Period code:                  52w
Resolution code:              3d
Sample duration:              1d
Orig. time res.:              3d
Station code:                 US9062R
Platform code:                US9062S
Station name:                 Voyageurs NP #2
Station latitude:             48.4126
Station longitude:            -92.8286
Station altitude:             429.0 m
Regime:                       IMG
Component:                    
Unit:                         ug/m3
Matrix:                       
Laboratory code:              US03L
Instrument type:              filterpack
Instrument name:              filterpack_US9062
Method ref:                   US03L_IMPROVE_Davis
Blank correction:             Blank corrected
Volume std. temperature:      ambient
Volume std. pressure:         ambient
starttime endtime PM10 flag_PM10 PM2.5 flag_PM2.5
  0.25   1.25   1.887 0.000   1.680 0.000
  3.25   4.25  17.969 0.000  13.956 0.000
  6.25   7.25   2.319 0.000   1.964 0.000
  9.25  10.25   2.890 0.000   2.629 0.000
 12.25  13.25   2.902 0.000   2.689 0.000
 15.25  16.25   9.288 0.000   6.382 0.000
 18.25  19.25   2.561 0.000   1.964 0.000
 21.25  22.25 999.999 0.456   2.179 0.000
 24.25  25.25   7.681 0.000   5.545 0.000
 27.25  28.25  15.483 0.000  13.794 0.000
 30.25  31.25   4.860 0.000   3.075 0.000
 33.25  34.25   9.636 0.000   8.358 0.000
 36.25  37.25 999.999 0.999 999.999 0.999
 39.25  40.25 999.999 0.999 999.999 0.999
 42.25  43.25 999.999 0.999 999.999 0.999
 45.25  46.25   5.156 0.000   3.763 0.000
 48.25  49.25   2.445 0.000   1.852 0.000
 51.25  52.25 999.999 0.999 999.999 0.999
 54.25  55.25 999.999 0.999 999.999 0.999
 57.25  58.25 999.999 0.999 999.999 0.999
 60.25  61.25   3.707 0.000   3.049 0.000
 63.25  64.25   4.629 0.000   2.788 0.000
 66.25  67.25   4.627 0.000   3.046 0.000
 69.25  70.25   7.309 0.000   5.962 0.000
 72.25  73.25   3.914 0.000   3.705 0.000
 75.25  76.25   2.610 0.000   1.848 0.000
 78.25  79.25   3.970 0.000   3.066 0.000
 81.25  82.25   2.556 0.000   1.838 0.000
 84.25  85.25   5.777 0.000   5.339 0.000
 87.25  88.25   2.916 0.000   2.292 0.000
 90.25  91.25   3.120 0.000   2.777 0.000
 93.25  94.25   7.329 0.000   6.005 0.000
 96.25  97.25   3.314 0.000   2.957 0.000
 99.25 100.25 999.999 0.999 999.999 0.999
102.25 103.25   2.025 0.000   1.380 0.000
105.25 106.25  14.767 0.000   9.675 0.000
108.25 109.25   5.406 0.000   3.320 0.000
111.25 112.25   9.066 0.000   7.054 0.000
114.25 115.25   4.849 0.000   3.402 0.000
117.25 118.25   3.729 0.000   3.102 0.000
120.25 121.25   8.131 0.000   5.946 0.000
123.25 124.25   2.943 0.000   2.229 0.000
126.25 127.25   9.234 0.000   5.044 0.000
129.25 130.25   3.737 0.000   2.636 0.000
132.25 133.25   2.929 0.000   2.491 0.000
135.25 136.25   6.845 0.000   4.763 0.000
138.25 139.25   1.809 0.000   1.614 0.000
141.25 142.25 999.999 0.456 999.999 0.456
144.25 145.25   3.810 0.000   2.003 0.000
147.25 148.25   2.349 0.000   1.945 0.000
150.25 151.25   5.926 0.000   4.429 0.000
153.25 154.25  14.470 0.000  12.740 0.000
156.25 157.25   4.925 0.000   2.607 0.000
159.25 160.25   6.217 0.000   2.688 0.000
162.25 163.25   4.875 0.000   0.909 0.000
165.25 166.25   7.528 0.000   4.193 0.000
168.25 169.25   4.436 0.000   1.749 0.000
171.25 172.25   7.803 0.000   3.460 0.000
174.25 175.25   4.839 0.000   3.067 0.000
177.25 178.25  13.951 0.000   4.107 0.000
180.25 181.25   6.320 0.000   2.301 0.000
183.25 184.25  16.820 0.000   8.177 0.000
186.25 187.25  18.776 0.000   9.477 0.000
189.25 190.25   4.802 0.000   1.417 0.000
192.25 193.25 999.999 0.999 999.999 0.999
195.25 196.25 999.999 0.999 999.999 0.999
198.25 199.25   9.921 0.000   6.095 0.000
201.25 202.25   4.342 0.000   2.603 0.000
204.25 205.25   4.678 0.000   2.899 0.000
207.25 208.25  20.578 0.000  17.531 0.000
210.25 211.25   7.689 0.000   4.833 0.000
213.25 214.25   5.885 0.000   2.753 0.000
216.25 217.25   8.158 0.000   4.845 0.000
219.25 220.25   3.357 0.000   2.436 0.000
222.25 223.25   2.733 0.000   1.550 0.000
225.25 226.25   3.821 0.000   2.211 0.000
228.25 229.25   9.145 0.000   4.398 0.000
231.25 232.25   4.850 0.000   2.624 0.000
234.25 235.25  13.052 0.000   9.603 0.000
237.25 238.25   3.484 0.000   2.138 0.000
240.25 241.25   3.891 0.000   1.961 0.000
243.25 244.25  13.429 0.000   6.183 0.000
246.25 247.25   3.181 0.000   1.473 0.000
249.25 250.25   3.068 0.000   2.048 0.000
252.25 253.25   3.597 0.000   2.393 0.000
255.25 256.25   7.715 0.000   4.505 0.000
258.25 259.25   3.283 0.000   1.458 0.000
261.25 262.25   9.561 0.000   4.446 0.000
264.25 265.25   7.139 0.000   3.819 0.000
267.25 268.25   5.947 0.000   2.127 0.000
270.25 271.25 999.999 0.999 999.999 0.999
273.25 274.25 999.999 0.999 999.999 0.999
276.25 277.25   1.656 0.000   0.938 0.000
279.25 280.25   8.527 0.000   5.742 0.000
282.25 283.25   4.974 0.000   1.597 0.000
285.25 286.25  14.010 0.000   9.546 0.000
288.25 289.25 999.999 0.999 999.999 0.999
291.25 292.25   5.850 0.000   3.622 0.000
294.25 295.25   2.149 0.000   1.502 0.000
297.25 298.25  10.107 0.000   7.416 0.000
300.25 301.25   1.256 0.000   0.560 0.000
303.25 304.25  14.440 0.000   5.469 0.000
306.25 307.25  16.032 0.000   8.263 0.000
309.25 310.25  11.913 0.000   9.099 0.000
312.25 313.25   0.610 0.000   0.239 0.000
315.25 316.25   2.442 0.000   1.541 0.000
318.25 319.25   1.204 0.000   0.920 0.000
321.25 322.25   1.346 0.000   1.028 0.000
324.25 325.25 999.999 0.999 999.999 0.999
327.25 328.25  10.748 0.000   8.020 0.000
330.25 331.25   5.121 0.000   3.694 0.000
333.25 334.25   2.479 0.000   2.182 0.000
336.25 337.25   3.825 0.000   2.155 0.000
339.25 340.25   6.915 0.000   2.974 0.000
342.25 343.25   5.218 0.000   3.796 0.000
345.25 346.25   1.867 0.000   1.619 0.000
348.25 349.25   4.080 0.000   2.067 0.000
351.25 352.25  10.443 0.000   8.327 0.000
354.25 355.25   2.806 0.000   2.085 0.000
357.25 358.25   6.331 0.000   5.289 0.000
360.25 361.25   7.468 0.000   6.607 0.000
363.25 364.25   5.771 0.000   5.116 0.000
