scripts/IMPROVE-2019_partial/data/US9071R.20110103070000.20191216000000.filterpack...1y.3d.US03L_filterpack_US9071.US03L_IMPROVE_Davis.lev2.nas
51 1001
MISSING INFORMATION
US03L, IMPROVE, , , , , , , 
MISSING INFORMATION
IMPROVE sel_HTAP
1 1
2011 01 01 2019 12 16
3.000000
days from file reference point
4
1 1 1 1
999.999999 999.999 999.999 9.999
end_time of measurement, days from the file reference point
pm10_mass, ug/m3, Matrix=pm10
pm25_mass, ug/m3, Matrix=pm25
numflag, no unit
0
33
Data definition:              EBAS_1.1
Set type code:                TU
Timezone:                     UTC
File name:                    US9071R.20110103070000.20191216000000.filterpack...1y.3d.US03L_filterpack_US9071.US03L_IMPROVE_Davis.lev2.nas
File creation:                20191218121025
Startdate:                    20110103070000
Revision date:                20191216000000
Version:                      2
Version description:          "Data extracted from http://views.cira.colostate.edu/fed/DataWizard 2019-12-16"
Statistics:                   arithmetic mean
Data level:                   2
Period code:                  1y
Resolution code:              3d
Sample duration:              1d
Orig. time res.:              3d
Station code:                 US9071R
Platform code:                US9071S
Station name:                 Wheeler Peak
Station latitude:             36.5854
Station longitude:            -105.452
Station altitude:             3366.0 m
Regime:                       IMG
Component:                    
Unit:                         ug/m3
Matrix:                       
Laboratory code:              US03L
Instrument type:              filterpack
Instrument name:              filterpack_US9071
Method ref:                   US03L_IMPROVE_Davis
Blank correction:             Blank corrected
Volume std. temperature:      ambient
Volume std. pressure:         ambient
starttime endtime PM10 PM2.5 flag
  2.291667   3.291667 999.999 999.999 0.999
  5.291667   6.291667 999.999 999.999 0.999
  8.291667   9.291667 999.999   0.728 0.000
 11.291667  12.291667   0.797   0.494 0.000
 14.291667  15.291667 999.999 999.999 0.999
 17.291667  18.291667   1.010   0.683 0.000
 20.291667  21.291667 999.999 999.999 0.999
 23.291667  24.291667 999.999 999.999 0.999
 26.291667  27.291667   1.773   0.772 0.000
 29.291667  30.291667   1.891   1.020 0.000
 32.291667  33.291667   1.608   1.684 0.000
 35.291667  36.291667 999.999   0.815 0.000
 38.291667  39.291667   2.209   0.924 0.000
 41.291667  42.291667 999.999   0.651 0.000
 44.291667  45.291667   2.279   0.819 0.000
 47.291667  48.291667 999.999   1.929 0.000
 50.291667  51.291667 999.999   0.856 0.000
 53.291667  54.291667   2.312   1.219 0.000
 56.291667  57.291667   3.917   1.491 0.000
 59.291667  60.291667   1.286   0.668 0.000
 62.291667  63.291667   5.252   2.375 0.000
 65.291667  66.291667   2.735   1.557 0.000
 68.291667  69.291667   4.372   2.562 0.000
 71.291667  72.291667   5.250   3.035 0.000
 74.291667  75.291667   4.318   2.153 0.000
 77.291667  78.291667  10.441   4.451 0.000
 80.291667  81.291667   8.210   1.791 0.000
 83.291667  84.291667   9.944   4.509 0.000
 86.291667  87.291667   4.675   2.510 0.000
 89.291667  90.291667   1.862   0.702 0.000
 92.291667  93.291667 999.999 999.999 0.999
 95.291667  96.291667   4.652   1.501 0.000
 98.291667  99.291667  13.952   3.184 0.000
101.291667 102.291667   5.233   2.804 0.000
104.291667 105.291667  15.169   8.583 0.000
107.291667 108.291667  10.455   3.796 0.000
110.291667 111.291667   9.695   3.788 0.000
113.291667 114.291667   3.122   2.298 0.000
116.291667 117.291667   1.971   1.285 0.000
119.291667 120.291667  10.163   3.495 0.000
122.291667 123.291667   3.483   2.239 0.000
125.291667 126.291667   4.890   2.541 0.000
128.291667 129.291667  18.062   6.132 0.000
131.291667 132.291667   3.655   1.625 0.000
134.291667 135.291667   8.565   3.765 0.000
137.291667 138.291667   3.632   1.275 0.000
140.291667 141.291667   1.288   1.302 0.000
143.291667 144.291667   5.269   2.876 0.000
146.291667 147.291667 999.999 999.999 0.999
149.291667 150.291667 999.999 999.999 0.999
152.291667 153.291667  19.903   9.602 0.000
155.291667 156.291667  17.274  12.343 0.000
158.291667 159.291667  14.326  12.006 0.000
161.291667 162.291667  13.669   8.232 0.000
164.291667 165.291667   6.031   2.508 0.000
167.291667 168.291667  13.352   3.804 0.000
170.291667 171.291667   3.213   1.335 0.000
173.291667 174.291667 999.999   2.169 0.000
176.291667 177.291667 999.999   4.690 0.000
179.291667 180.291667  14.459   8.432 0.000
182.291667 183.291667  17.217  11.367 0.000
185.291667 186.291667   7.539   4.317 0.000
188.291667 189.291667  12.664   7.989 0.000
191.291667 192.291667   7.292   4.170 0.000
194.291667 195.291667 999.999   4.036 0.000
197.291667 198.291667  10.974   5.442 0.000
200.291667 201.291667   3.646   1.980 0.000
203.291667 204.291667   3.730   2.194 0.000
206.291667 207.291667   3.651   2.168 0.000
209.291667 210.291667   3.634   1.914 0.000
212.291667 213.291667   3.358   1.082 0.000
215.291667 216.291667   4.626   1.662 0.000
218.291667 219.291667   6.872   2.424 0.000
221.291667 222.291667   5.718   2.396 0.000
224.291667 225.291667   4.963   2.658 0.000
227.291667 228.291667   2.922   1.594 0.000
230.291667 231.291667   3.364   1.659 0.000
233.291667 234.291667   2.134   1.473 0.000
236.291667 237.291667   4.949   2.737 0.000
239.291667 240.291667   2.993   1.648 0.000
242.291667 243.291667   6.502   3.277 0.000
245.291667 246.291667   4.772   3.079 0.000
248.291667 249.291667   4.166   2.741 0.000
251.291667 252.291667   3.033   2.316 0.000
254.291667 255.291667   2.405   1.650 0.000
257.291667 258.291667   1.794   0.813 0.000
260.291667 261.291667   6.885   4.244 0.000
263.291667 264.291667  10.248   5.382 0.000
266.291667 267.291667 999.999 999.999 0.999
269.291667 270.291667 999.999 999.999 0.999
272.291667 273.291667 999.999 999.999 0.999
275.291667 276.291667   5.327   2.689 0.000
278.291667 279.291667 999.999 999.999 0.456
281.291667 282.291667 999.999 999.999 0.999
284.291667 285.291667   3.083   1.679 0.000
287.291667 288.291667   1.855   1.123 0.000
290.291667 291.291667   2.543   1.182 0.000
293.291667 294.291667 999.999 999.999 0.999
296.291667 297.291667 999.999 999.999 0.999
299.291667 300.291667   1.597   0.974 0.000
302.291667 303.291667 999.999 999.999 0.999
305.291667 306.291667   4.823   1.591 0.000
308.291667 309.291667  10.034   2.708 0.000
311.291667 312.291667   2.287   1.088 0.000
314.291667 315.291667   2.439   1.345 0.000
317.291667 318.291667   2.984   1.883 0.000
320.291667 321.291667   2.154   0.580 0.000
323.291667 324.291667 999.999 999.999 0.999
326.291667 327.291667   1.006   0.768 0.000
329.291667 330.291667   4.261   1.122 0.000
332.291667 333.291667   2.806   1.084 0.000
335.291667 336.291667  11.001   3.184 0.000
338.291667 339.291667   3.584   1.156 0.000
341.291667 342.291667   3.594   0.909 0.000
344.291667 345.291667   1.863   0.984 0.000
347.291667 348.291667   1.000   0.723 0.000
350.291667 351.291667 999.999 999.999 0.999
353.291667 354.291667   1.317   0.676 0.000
356.291667 357.291667 999.999 999.999 0.999
359.291667 360.291667 999.999 999.999 0.999
362.291667 363.291667 999.999 999.999 0.999
