scripts/IMPROVE-2019_partial/data/US9062R.20110103060000.20191216000000.filterpack...1y.3d.US03L_filterpack_US9062.US03L_IMPROVE_Davis.lev2.nas
51 1001
MISSING INFORMATION
US03L, IMPROVE, , , , , , , 
MISSING INFORMATION
IMPROVE sel_HTAP
1 1
2011 01 01 2019 12 16
3.00
days from file reference point
4
1 1 1 1
999.99 999.999 999.999 9.999
end_time of measurement, days from the file reference point
pm10_mass, ug/m3, Matrix=pm10
pm25_mass, ug/m3, Matrix=pm25
numflag, no unit
0
33
Data definition:              EBAS_1.1
Set type code:                TU
Timezone:                     UTC
File name:                    US9062R.20110103060000.20191216000000.filterpack...1y.3d.US03L_filterpack_US9062.US03L_IMPROVE_Davis.lev2.nas
File creation:                20191218120939
Startdate:                    20110103060000
Revision date:                20191216000000
Version:                      2
Version description:          "Data extracted from http://views.cira.colostate.edu/fed/DataWizard 2019-12-16"
Statistics:                   arithmetic mean
Data level:                   2
Period code:                  1y
Resolution code:              3d
Sample duration:              1d
Orig. time res.:              3d
Station code:                 US9062R
Platform code:                US9062S
Station name:                 Voyageurs NP #2
Station latitude:             48.4126
Station longitude:            -92.8286
Station altitude:             429.0 m
Regime:                       IMG
Component:                    
Unit:                         ug/m3
Matrix:                       
Laboratory code:              US03L
Instrument type:              filterpack
Instrument name:              filterpack_US9062
Method ref:                   US03L_IMPROVE_Davis
Blank correction:             Blank corrected
Volume std. temperature:      ambient
Volume std. pressure:         ambient
starttime endtime PM10 PM2.5 flag
  2.25   3.25   3.753   3.272 0.000
  5.25   6.25   2.571   2.450 0.000
  8.25   9.25   3.534   3.156 0.000
 11.25  12.25   0.601   0.407 0.000
 14.25  15.25   1.267   1.096 0.000
 17.25  18.25   1.151   0.987 0.000
 20.25  21.25   2.966   2.223 0.000
 23.25  24.25   8.100   7.178 0.000
 26.25  27.25   4.502   3.769 0.000
 29.25  30.25   1.786   1.532 0.000
 32.25  33.25   2.844   2.037 0.000
 35.25  36.25   1.489   1.361 0.000
 38.25  39.25   4.161   2.779 0.000
 41.25  42.25   5.360   4.229 0.000
 44.25  45.25   2.866   2.146 0.000
 47.25  48.25  11.569   9.848 0.000
 50.25  51.25   2.373   1.843 0.000
 53.25  54.25  14.020  12.300 0.000
 56.25  57.25   4.389   2.748 0.000
 59.25  60.25   6.563   5.207 0.000
 62.25  63.25   9.640   7.101 0.000
 65.25  66.25   3.017   2.671 0.000
 68.25  69.25   5.109   4.423 0.000
 71.25  72.25   4.256   3.515 0.000
 74.25  75.25   5.399   4.726 0.000
 77.25  78.25   4.178   3.209 0.000
 80.25  81.25   2.544   3.222 0.000
 83.25  84.25   1.199   1.542 0.000
 86.25  87.25   2.042   1.623 0.000
 89.25  90.25   8.515   6.539 0.000
 92.25  93.25   2.284   1.308 0.000
 95.25  96.25   3.075   2.495 0.000
 98.25  99.25   9.631   6.860 0.000
101.25 102.25   5.090   2.687 0.000
104.25 105.25   3.140   1.624 0.000
107.25 108.25   3.057   1.704 0.000
110.25 111.25   4.911   3.226 0.000
113.25 114.25   5.476   3.789 0.000
116.25 117.25   2.071   1.446 0.000
119.25 120.25   4.454   3.137 0.000
122.25 123.25   2.387   1.968 0.000
125.25 126.25   2.837   1.554 0.000
128.25 129.25   7.770   5.920 0.000
131.25 132.25   1.127   0.464 0.000
134.25 135.25   3.040   2.322 0.000
137.25 138.25   4.770   3.097 0.000
140.25 141.25   7.415   5.181 0.000
143.25 144.25   2.420   1.299 0.000
146.25 147.25   7.248   3.415 0.000
149.25 150.25   7.369   4.197 0.000
152.25 153.25   6.489   1.904 0.000
155.25 156.25   7.248   3.691 0.000
158.25 159.25 999.999 999.999 0.999
161.25 162.25   7.223   1.955 0.000
164.25 165.25  13.271   4.534 0.000
167.25 168.25   9.305   6.019 0.000
170.25 171.25   8.447   3.041 0.000
173.25 174.25 999.999 999.999 0.999
176.25 177.25 999.999 999.999 0.999
179.25 180.25 999.999 999.999 0.999
182.25 183.25 999.999 999.999 0.999
185.25 186.25 999.999 999.999 0.999
188.25 189.25 999.999 999.999 0.999
191.25 192.25 999.999 999.999 0.999
194.25 195.25   5.311   3.053 0.000
197.25 198.25  12.418   9.519 0.000
200.25 201.25  15.976   8.477 0.000
203.25 204.25   6.310   4.994 0.000
206.25 207.25   4.626   2.436 0.000
209.25 210.25   8.577   4.097 0.000
212.25 213.25   6.677   3.873 0.000
215.25 216.25   8.398   3.626 0.000
218.25 219.25  12.088   9.704 0.000
221.25 222.25   4.466   2.594 0.000
224.25 225.25   7.152   4.273 0.000
227.25 228.25  14.142   7.485 0.000
230.25 231.25   6.860   3.399 0.000
233.25 234.25   6.894   3.108 0.000
236.25 237.25   5.988   3.100 0.000
239.25 240.25   7.090   2.790 0.000
242.25 243.25   8.017   5.404 0.000
245.25 246.25   5.814   2.979 0.000
248.25 249.25   6.314   2.743 0.000
251.25 252.25  14.198   6.009 0.000
254.25 255.25  19.017  11.731 0.000
257.25 258.25   1.389   0.890 0.000
260.25 261.25   8.760   6.258 0.000
263.25 264.25   3.686   1.438 0.000
266.25 267.25   3.462   2.760 0.000
269.25 270.25   7.380   4.916 0.000
272.25 273.25   2.039   0.505 0.000
275.25 276.25  23.389   6.740 0.000
278.25 279.25  23.251  10.244 0.000
281.25 282.25   6.152   3.861 0.000
284.25 285.25  10.026   6.263 0.000
287.25 288.25   2.001   1.107 0.000
290.25 291.25   0.287   0.208 0.000
293.25 294.25   7.120   2.831 0.000
296.25 297.25   1.226   0.983 0.000
299.25 300.25   2.667   1.941 0.000
302.25 303.25   5.920   3.380 0.000
305.25 306.25   6.059   3.929 0.000
308.25 309.25   9.081   5.776 0.000
311.25 312.25   6.910   4.169 0.000
314.25 315.25   6.210   3.376 0.000
317.25 318.25   7.022   4.128 0.000
320.25 321.25   1.877   1.254 0.000
323.25 324.25   1.397   0.962 0.000
326.25 327.25  11.728  10.204 0.000
329.25 330.25   0.750   0.737 0.000
332.25 333.25   1.473   1.217 0.000
335.25 336.25  15.780   3.026 0.000
338.25 339.25   2.264   1.634 0.000
341.25 342.25   5.222   2.247 0.000
344.25 345.25   7.592   3.496 0.000
347.25 348.25   9.609   9.385 0.000
350.25 351.25   6.572   4.988 0.000
353.25 354.25   3.983   1.940 0.000
356.25 357.25   6.813   3.011 0.000
359.25 360.25   3.206   1.355 0.000
362.25 363.25   3.083   2.282 0.000
