scripts/IMPROVE-2019_partial/data/US9076R.20110103070000.20191216000000.filterpack...1y.3d.US03L_filterpack_US9076.US03L_IMPROVE_Davis.lev2.nas
51 1001
MISSING INFORMATION
US03L, IMPROVE, , , , , , , 
MISSING INFORMATION
IMPROVE sel_HTAP
1 1
2011 01 01 2019 12 16
3.000000
days from file reference point
4
1 1 1 1
999.999999 999.999 999.999 9.999
end_time of measurement, days from the file reference point
pm10_mass, ug/m3, Matrix=pm10
pm25_mass, ug/m3, Matrix=pm25
numflag, no unit
0
33
Data definition:              EBAS_1.1
Set type code:                TU
Timezone:                     UTC
File name:                    US9076R.20110103070000.20191216000000.filterpack...1y.3d.US03L_filterpack_US9076.US03L_IMPROVE_Davis.lev2.nas
File creation:                20191218121044
Startdate:                    20110103070000
Revision date:                20191216000000
Version:                      2
Version description:          "Data extracted from http://views.cira.colostate.edu/fed/DataWizard 2019-12-16"
Statistics:                   arithmetic mean
Data level:                   2
Period code:                  1y
Resolution code:              3d
Sample duration:              1d
Orig. time res.:              3d
Station code:                 US9076R
Platform code:                US9076S
Station name:                 Zion Canyon
Station latitude:             37.1983
Station longitude:            -113.1508
Station altitude:             1215.0 m
Regime:                       IMG
Component:                    
Unit:                         ug/m3
Matrix:                       
Laboratory code:              US03L
Instrument type:              filterpack
Instrument name:              filterpack_US9076
Method ref:                   US03L_IMPROVE_Davis
Blank correction:             Blank corrected
Volume std. temperature:      ambient
Volume std. pressure:         ambient
starttime endtime PM10 PM2.5 flag
  2.291667   3.291667   3.004   2.323 0.000
  5.291667   6.291667   2.084   1.271 0.000
  8.291667   9.291667   3.459   2.270 0.000
 11.291667  12.291667   1.975   0.777 0.000
 14.291667  15.291667   1.646   0.807 0.000
 17.291667  18.291667   3.105   1.324 0.000
 20.291667  21.291667   3.031   1.116 0.000
 23.291667  24.291667   2.325   1.055 0.000
 26.291667  27.291667   3.361   1.287 0.000
 29.291667  30.291667   4.320   1.602 0.000
 32.291667  33.291667   4.020   1.550 0.000
 35.291667  36.291667   1.965   0.935 0.000
 38.291667  39.291667 999.999 999.999 0.456
 41.291667  42.291667   3.030   1.385 0.000
 44.291667  45.291667   3.684   1.202 0.000
 47.291667  48.291667   9.564   1.663 0.000
 50.291667  51.291667   2.527   1.492 0.000
 53.291667  54.291667   1.718   0.880 0.000
 56.291667  57.291667   1.844   1.070 0.000
 59.291667  60.291667   1.541   0.691 0.000
 62.291667  63.291667   2.577   1.284 0.000
 65.291667  66.291667   2.631   1.253 0.000
 68.291667  69.291667 999.999 999.999 0.999
 71.291667  72.291667 999.999 999.999 0.999
 74.291667  75.291667   9.125   2.769 0.000
 77.291667  78.291667  27.895  11.061 0.000
 80.291667  81.291667   2.106   0.748 0.000
 83.291667  84.291667   8.998   3.903 0.000
 86.291667  87.291667   5.505   2.287 0.000
 89.291667  90.291667   5.049   1.398 0.000
 92.291667  93.291667   5.489   1.682 0.000
 95.291667  96.291667   8.418   2.599 0.000
 98.291667  99.291667   1.984   1.257 0.000
101.291667 102.291667   4.553   2.462 0.000
104.291667 105.291667  18.822   9.072 0.000
107.291667 108.291667  10.449   3.970 0.000
110.291667 111.291667   8.626   2.901 0.000
113.291667 114.291667   5.449   3.058 0.000
116.291667 117.291667   3.430   1.342 0.000
119.291667 120.291667   3.038   1.139 0.000
122.291667 123.291667   6.580   2.639 0.000
125.291667 126.291667  11.018   3.738 0.000
128.291667 129.291667   4.982   2.250 0.000
131.291667 132.291667 999.999 999.999 0.999
134.291667 135.291667 999.999 999.999 0.999
137.291667 138.291667   7.331   2.249 0.000
140.291667 141.291667 999.999 999.999 0.999
143.291667 144.291667 999.999 999.999 0.999
146.291667 147.291667 999.999 999.999 0.999
149.291667 150.291667 999.999 999.999 0.999
152.291667 153.291667   8.034   3.652 0.000
155.291667 156.291667   7.854   2.816 0.000
158.291667 159.291667   8.581   3.166 0.000
161.291667 162.291667  11.386   5.159 0.000
164.291667 165.291667   7.956   3.469 0.000
167.291667 168.291667  24.447   8.248 0.000
170.291667 171.291667   3.462   1.491 0.000
173.291667 174.291667 999.999 999.999 0.999
176.291667 177.291667 999.999 999.999 0.999
179.291667 180.291667  21.727   6.302 0.000
182.291667 183.291667   9.299   3.161 0.000
185.291667 186.291667 999.999 999.999 0.999
188.291667 189.291667   9.079   4.166 0.000
191.291667 192.291667   7.742   3.950 0.000
194.291667 195.291667  13.880   4.274 0.000
197.291667 198.291667   7.698   2.416 0.000
200.291667 201.291667  10.648   3.864 0.000
203.291667 204.291667   9.211   3.601 0.000
206.291667 207.291667   8.262   3.991 0.000
209.291667 210.291667   8.543   2.641 0.000
212.291667 213.291667   5.551   2.796 0.000
215.291667 216.291667 999.999 999.999 0.999
218.291667 219.291667 999.999 999.999 0.999
221.291667 222.291667  10.074   3.711 0.000
224.291667 225.291667  11.030   3.432 0.000
227.291667 228.291667   8.285   2.492 0.000
230.291667 231.291667  37.047  10.412 0.000
233.291667 234.291667   9.076   3.259 0.000
236.291667 237.291667  11.447   4.429 0.000
239.291667 240.291667   9.413   4.151 0.000
242.291667 243.291667  18.177   4.623 0.000
245.291667 246.291667   5.993   2.203 0.000
248.291667 249.291667   7.404   3.776 0.000
251.291667 252.291667 999.999 999.999 0.999
254.291667 255.291667 999.999 999.999 0.999
257.291667 258.291667   3.487   1.971 0.000
260.291667 261.291667 999.999 999.999 0.999
263.291667 264.291667   5.793   2.623 0.000
266.291667 267.291667   6.237   2.263 0.000
269.291667 270.291667   8.728   4.181 0.000
272.291667 273.291667   9.557   3.606 0.000
275.291667 276.291667   7.127   2.883 0.000
278.291667 279.291667 999.999 999.999 0.999
281.291667 282.291667 999.999 999.999 0.999
284.291667 285.291667 999.999 999.999 0.999
287.291667 288.291667 999.999 999.999 0.999
290.291667 291.291667 999.999 999.999 0.999
293.291667 294.291667 999.999 999.999 0.999
296.291667 297.291667 999.999 999.999 0.999
299.291667 300.291667   7.212   3.732 0.000
302.291667 303.291667   5.687   2.457 0.000
305.291667 306.291667   5.646   1.845 0.000
308.291667 309.291667   1.978   0.877 0.000
311.291667 312.291667   3.183   2.543 0.000
314.291667 315.291667 999.999 999.999 0.456
317.291667 318.291667 999.999 999.999 0.456
320.291667 321.291667   5.815 999.999 0.000
323.291667 324.291667   6.980 999.999 0.000
326.291667 327.291667   2.901 999.999 0.000
329.291667 330.291667   6.756 999.999 0.000
332.291667 333.291667   4.613   1.802 0.000
335.291667 336.291667   7.481   2.513 0.000
338.291667 339.291667   2.661   1.615 0.000
341.291667 342.291667   3.119   1.714 0.000
344.291667 345.291667 999.999 999.999 0.999
347.291667 348.291667 999.999 999.999 0.999
350.291667 351.291667 999.999 999.999 0.999
353.291667 354.291667 999.999 999.999 0.999
356.291667 357.291667   3.985   1.249 0.000
359.291667 360.291667   4.026   1.462 0.000
362.291667 363.291667   6.417   2.023 0.000
