scripts/IMPROVE-2019_partial/data/US9023R.20030903050000.20191216000000.filterpack..pm25.4mo.1w.US03L_filterpack_US9023_2.US03L_IMPROVE_Davis.lev2.nas
52 1001
MISSING INFORMATION
US03L, IMPROVE, , , , , , , 
MISSING INFORMATION
IMPROVE sel_HTAP
1 1
2003 01 01 2019 12 16
3.000000
days from file reference point
13
1 1 1 1 1 1 1 1 1 1 1 1 1
999.999999 999.99 9.999999 99.99 9.999999 9.999 9.999999999 99.99 9.999999 999.999 9.999 9.999 9.999999
end_time of measurement, days from the file reference point
iron, ng/m3, Revision date=20181210133000
numflag iron, no unit, Revision date=20181210133000
lead, ng/m3, Revision date=20181210133000
numflag lead, no unit, Revision date=20181210133000
magnesium, ug/m3, Revision date=20181210133000
numflag magnesium, no unit, Revision date=20181210133000
nickel, ng/m3, Revision date=20181210133000
numflag nickel, no unit, Revision date=20181210133000
pm25_mass, ug/m3, Version=2, Version description=Data extracted from http://views.cira.colostate.edu/fed/DataWizard 2019-12-16, Sample duration=1d, Orig. time res.=3d, Blank correction=Blank corrected, Volume std. temperature=ambient, Volume std. pressure=ambient
numflag pm25_mass, no unit, Version=2, Version description=Data extracted from http://views.cira.colostate.edu/fed/DataWizard 2019-12-16, Sample duration=1d, Orig. time res.=3d, Blank correction=Blank corrected, Volume std. temperature=ambient, Volume std. pressure=ambient
potassium, ug/m3, Revision date=20181210133000
numflag potassium, no unit, Revision date=20181210133000
0
25
Data definition:              EBAS_1.1
Set type code:                TU
Timezone:                     UTC
File name:                    US9023R.20030903050000.20191216000000.filterpack..pm25.4mo.1w.US03L_filterpack_US9023_2.US03L_IMPROVE_Davis.lev2.nas
File creation:                20191218120639
Startdate:                    20030903050000
Revision date:                20191216000000
Statistics:                   arithmetic mean
Data level:                   2
Period code:                  4mo
Resolution code:              1w
Station code:                 US9023R
Platform code:                US9023S
Station name:                 Proctor Maple R. F.
Station latitude:             44.5284
Station longitude:            -72.8688
Station altitude:             401.0 m
Regime:                       IMG
Component:                    
Matrix:                       pm25
Laboratory code:              US03L
Instrument type:              filterpack
Instrument name:              filterpack_US9023_2
Method ref:                   US03L_IMPROVE_Davis
starttime endtime Fe flag_Fe Pb flag_Pb Mg++ flag_Mg++ Ni flag_Ni PM2.5 flag_PM2.5 K+ flag_K+
245.208333 246.208333   6.90 0.559394  0.71 0.559394 9.999 0.559394259  4.67 0.559394   5.430 0.559 0.010 0.559394
248.208333 249.208333   6.34 0.000000  0.90 0.000000 9.999 0.259000000  0.33 0.000000   2.615 0.000 0.013 0.000000
251.208333 252.208333  16.56 0.000000 99.99 0.259000 9.999 0.259000000  0.34 0.000000   3.023 0.000 0.018 0.000000
254.208333 255.208333  31.70 0.000000  1.72 0.000000 9.999 0.259000000  0.29 0.000000   8.800 0.000 0.036 0.000000
257.208333 258.208333   4.54 0.000000  0.57 0.000000 0.039 0.000000000  0.17 0.000000   3.728 0.000 0.018 0.000000
260.208333 261.208333 999.99 0.999000 99.99 0.999000 9.999 0.999000000 99.99 0.999000 999.999 0.999 9.999 0.999000
263.208333 264.208333 999.99 0.999000 99.99 0.999000 9.999 0.999000000 99.99 0.999000 999.999 0.999 9.999 0.999000
266.208333 267.208333 999.99 0.999000 99.99 0.999000 9.999 0.999000000 99.99 0.999000 999.999 0.999 9.999 0.999000
269.208333 270.208333 999.99 0.999000 99.99 0.999000 9.999 0.999000000 99.99 0.999000 999.999 0.999 9.999 0.999000
272.208333 273.208333 999.99 0.999000 99.99 0.999000 9.999 0.999000000 99.99 0.999000 999.999 0.999 9.999 0.999000
275.208333 276.208333   2.36 0.000000  0.63 0.000000 9.999 0.259000000  0.12 0.000000   1.456 0.000 0.008 0.000000
278.208333 279.208333   2.57 0.000000  0.60 0.000000 9.999 0.259000000  0.20 0.000000   2.985 0.000 0.011 0.000000
281.208333 282.208333  58.76 0.000000  4.55 0.000000 9.999 0.259000000  0.41 0.000000  16.133 0.000 0.056 0.000000
284.208333 285.208333  17.69 0.000000  1.30 0.000000 0.063 0.000000000  0.17 0.000000   8.535 0.000 0.035 0.000000
287.208333 288.208333   2.39 0.000000  0.51 0.000000 0.042 0.000000000  0.10 0.000000   1.581 0.000 0.008 0.000000
290.208333 291.208333   3.45 0.000000  1.50 0.000000 9.999 0.259000000  0.20 0.000000   3.549 0.000 0.019 0.000000
293.208333 294.208333  12.77 0.000000  1.67 0.000000 0.038 0.000000000  0.29 0.000000   5.216 0.000 0.023 0.000000
296.208333 297.208333   2.13 0.000000  0.52 0.000000 0.028 0.000000000 99.99 0.259000   1.243 0.000 0.007 0.000000
299.208333 300.208333   3.99 0.000000  1.25 0.000000 9.999 0.259000000  0.33 0.000000   2.212 0.000 0.012 0.000000
302.208333 303.208333   7.87 0.000000  0.87 0.000000 0.027 0.000000000  0.19 0.000000   3.578 0.000 0.013 0.000000
305.208333 306.208333   7.66 0.000000  1.86 0.000000 0.023 0.000000000  0.41 0.000000   4.791 0.000 0.036 0.000000
308.208333 309.208333   3.95 0.000000  0.71 0.000000 9.999 0.259000000  0.28 0.000000   4.252 0.000 0.011 0.000000
311.208333 312.208333   3.93 0.000000  0.74 0.000000 0.032 0.000000000  0.17 0.000000   3.578 0.000 0.024 0.000000
314.208333 315.208333  11.97 0.000000  2.07 0.000000 9.999 0.259000000  0.56 0.000000   4.250 0.000 0.021 0.000000
317.208333 318.208333   3.60 0.000000  1.03 0.000000 0.073 0.000000000  0.17 0.000000   1.467 0.000 0.013 0.000000
320.208333 321.208333  11.69 0.000000  2.43 0.000000 9.999 0.259000000  0.41 0.000000   5.059 0.000 0.031 0.000000
323.208333 324.208333 999.99 0.456000 99.99 0.456000 9.999 0.456000000 99.99 0.456000 999.999 0.456 9.999 0.456000
326.208333 327.208333  16.99 0.000000  2.66 0.000000 9.999 0.259000000  0.48 0.000000   5.610 0.000 0.035 0.000000
329.208333 330.208333  11.52 0.000000  1.60 0.000000 9.999 0.259000000  0.34 0.000000   4.367 0.000 0.020 0.000000
332.208333 333.208333   2.91 0.000000  0.67 0.000000 9.999 0.259000000  0.17 0.000000   1.240 0.000 0.007 0.000000
335.208333 336.208333   8.09 0.000000  1.18 0.000000 0.076 0.000000000  0.20 0.000000   2.204 0.000 0.021 0.000000
338.208333 339.208333  15.36 0.000000  2.27 0.000000 9.999 0.259000000  0.68 0.000000   4.740 0.000 0.036 0.000000
341.208333 342.208333  13.93 0.000000  1.27 0.000000 9.999 0.259000000  1.23 0.000000   3.120 0.000 0.031 0.000000
344.208333 345.208333   2.28 0.000000  0.76 0.000000 0.070 0.000000000  0.32 0.000000   2.225 0.000 0.014 0.000000
347.208333 348.208333  10.70 0.000000  1.04 0.000000 0.046 0.000000000  0.14 0.000000   2.305 0.000 0.024 0.000000
350.208333 351.208333  12.84 0.000000  1.32 0.000000 0.066 0.000000000  1.31 0.000000   5.285 0.000 0.024 0.000000
353.208333 354.208333   6.06 0.000000  2.60 0.000000 9.999 0.259000000  0.33 0.000000   4.834 0.000 0.033 0.000000
356.208333 357.208333  32.05 0.000000  2.32 0.000000 0.068 0.000000000  0.67 0.000000   8.193 0.000 0.057 0.000000
359.208333 360.208333   2.09 0.000000  1.46 0.000000 0.069 0.000000000  0.09 0.000000   2.233 0.000 0.014 0.000000
362.208333 363.208333  15.84 0.000000  2.54 0.000000 9.999 0.259000000  0.45 0.000000   3.821 0.000 0.032 0.000000
