scripts/IMPROVE-2019_partial/data/US9052R.20160101050000.20191216000000.filterpack...52w.3d.US03L_filterpack_US9052.US03L_IMPROVE_Davis.lev2.nas
52 1001
MISSING INFORMATION
US03L, IMPROVE, , , , , , , 
MISSING INFORMATION
IMPROVE sel_HTAP
1 1
2016 01 01 2019 12 16
3.000000
days from file reference point
5
1 1 1 1 1
999.999999 999.999 9.999 999.999 9.999
end_time of measurement, days from the file reference point
pm10_mass, ug/m3, Matrix=pm10
numflag pm10_mass, no unit, Matrix=pm10
pm25_mass, ug/m3, Matrix=pm25
numflag pm25_mass, no unit, Matrix=pm25
0
33
Data definition:              EBAS_1.1
Set type code:                TU
Timezone:                     UTC
File name:                    US9052R.20160101050000.20191216000000.filterpack...52w.3d.US03L_filterpack_US9052.US03L_IMPROVE_Davis.lev2.nas
File creation:                20191218120903
Startdate:                    20160101050000
Revision date:                20191216000000
Version:                      2
Version description:          "Data extracted from http://views.cira.colostate.edu/fed/DataWizard 2019-12-16"
Statistics:                   arithmetic mean
Data level:                   2
Period code:                  52w
Resolution code:              3d
Sample duration:              1d
Orig. time res.:              3d
Station code:                 US9052R
Platform code:                US9052S
Station name:                 St. Marks
Station latitude:             30.0926
Station longitude:            -84.1614
Station altitude:             7.0 m
Regime:                       IMG
Component:                    
Unit:                         ug/m3
Matrix:                       
Laboratory code:              US03L
Instrument type:              filterpack
Instrument name:              filterpack_US9052
Method ref:                   US03L_IMPROVE_Davis
Blank correction:             Blank corrected
Volume std. temperature:      ambient
Volume std. pressure:         ambient
starttime endtime PM10 flag_PM10 PM2.5 flag_PM2.5
  0.208333   1.208333   6.643 0.000   3.512 0.000
  3.208333   4.208333   5.251 0.000   3.987 0.000
  6.208333   7.208333   6.807 0.000   5.155 0.000
  9.208333  10.208333   5.714 0.000   3.430 0.000
 12.208333  13.208333   6.025 0.000   5.290 0.000
 15.208333  16.208333   4.952 0.000   2.645 0.000
 18.208333  19.208333   7.785 0.000   6.435 0.000
 21.208333  22.208333  12.710 0.000   5.895 0.000
 24.208333  25.208333   7.046 0.000   6.087 0.000
 27.208333  28.208333   7.142 0.000   5.884 0.000
 30.208333  31.208333   7.890 0.000   5.586 0.000
 33.208333  34.208333   7.292 0.000   4.734 0.000
 36.208333  37.208333   5.271 0.000   3.909 0.000
 39.208333  40.208333  27.039 0.000  21.515 0.000
 42.208333  43.208333  12.478 0.000   6.137 0.000
 45.208333  46.208333  15.242 0.000   7.682 0.000
 48.208333  49.208333   7.147 0.000   5.830 0.000
 51.208333  52.208333  10.152 0.000   5.051 0.000
 54.208333  55.208333  18.324 0.000   8.235 0.000
 57.208333  58.208333   9.667 0.000   7.524 0.000
 60.208333  61.208333   8.007 0.000   5.121 0.000
 63.208333  64.208333   6.236 0.000   5.092 0.000
 66.208333  67.208333   8.755 0.000   5.510 0.000
 69.208333  70.208333  19.366 0.000   7.632 0.000
 72.208333  73.208333  11.707 0.000   6.234 0.000
 75.208333  76.208333   8.978 0.000   4.967 0.000
 78.208333  79.208333   7.045 0.000   3.352 0.000
 81.208333  82.208333  11.384 0.000  10.278 0.000
 84.208333  85.208333  13.031 0.000   4.525 0.000
 87.208333  88.208333   4.712 0.000   2.079 0.000
 90.208333  91.208333  13.711 0.000   6.074 0.000
 93.208333  94.208333   5.847 0.000   3.060 0.000
 96.208333  97.208333  19.654 0.000   8.545 0.000
 99.208333 100.208333  10.999 0.000   4.028 0.000
102.208333 103.208333  14.977 0.000   6.523 0.000
105.208333 106.208333 999.999 0.999 999.999 0.999
108.208333 109.208333 999.999 0.999 999.999 0.999
111.208333 112.208333  14.097 0.000   6.128 0.000
114.208333 115.208333  10.183 0.000   6.219 0.000
117.208333 118.208333  11.672 0.000   5.906 0.000
120.208333 121.208333  11.739 0.000   7.370 0.000
123.208333 124.208333  15.049 0.000   7.097 0.000
126.208333 127.208333   9.630 0.000   5.125 0.000
129.208333 130.208333  30.699 0.000   7.924 0.000
132.208333 133.208333  52.296 0.000   9.071 0.000
135.208333 136.208333  33.504 0.000   9.853 0.000
138.208333 139.208333  10.137 0.000   2.771 0.000
141.208333 142.208333   9.759 0.000   3.529 0.000
144.208333 145.208333  13.563 0.000   7.505 0.000
147.208333 148.208333   9.907 0.000   4.104 0.000
150.208333 151.208333  12.417 0.000   8.241 0.000
153.208333 154.208333  39.998 0.000   6.402 0.000
156.208333 157.208333  12.686 0.000   5.165 0.000
159.208333 160.208333  26.955 0.000   8.658 0.000
162.208333 163.208333  10.593 0.000   6.080 0.000
165.208333 166.208333  11.249 0.000   7.078 0.000
168.208333 169.208333  22.430 0.000   9.468 0.000
171.208333 172.208333  15.936 0.000   5.536 0.000
174.208333 175.208333  16.859 0.000   8.132 0.000
177.208333 178.208333  10.656 0.000   7.282 0.000
180.208333 181.208333   6.323 0.000   2.926 0.000
183.208333 184.208333   8.178 0.000   3.055 0.000
186.208333 187.208333  13.171 0.000   6.903 0.000
189.208333 190.208333  37.555 0.000  26.212 0.000
192.208333 193.208333  95.978 0.000  57.939 0.000
195.208333 196.208333  37.789 0.000  31.297 0.000
198.208333 199.208333 999.999 0.999 999.999 0.999
201.208333 202.208333  10.538 0.000   4.138 0.000
204.208333 205.208333   9.571 0.000   4.903 0.000
207.208333 208.208333  13.823 0.000   6.276 0.000
210.208333 211.208333  20.302 0.000   8.370 0.000
213.208333 214.208333  10.109 0.000   4.959 0.000
216.208333 217.208333  10.030 0.000   3.844 0.000
219.208333 220.208333  12.897 0.000   5.703 0.000
222.208333 223.208333 999.999 0.999 999.999 0.999
225.208333 226.208333  10.254 0.000   4.900 0.000
228.208333 229.208333   8.118 0.000   3.472 0.000
231.208333 232.208333   8.535 0.000   4.564 0.000
234.208333 235.208333   7.718 0.000   4.239 0.000
237.208333 238.208333  12.861 0.000   6.666 0.000
240.208333 241.208333   8.794 0.000   3.650 0.000
243.208333 244.208333   6.660 0.000   2.947 0.000
246.208333 247.208333   9.202 0.000   4.048 0.000
249.208333 250.208333  10.066 0.000   6.020 0.000
252.208333 253.208333  10.919 0.000   7.076 0.000
255.208333 256.208333  10.719 0.000   4.366 0.000
258.208333 259.208333   4.882 0.000   2.270 0.000
261.208333 262.208333   9.532 0.000   4.619 0.000
264.208333 265.208333   8.428 0.000   5.474 0.000
267.208333 268.208333  11.943 0.000   8.459 0.000
270.208333 271.208333   9.312 0.000   4.229 0.000
273.208333 274.208333  11.645 0.000   6.309 0.000
276.208333 277.208333   9.141 0.000   5.922 0.000
279.208333 280.208333   9.526 0.000   4.652 0.000
282.208333 283.208333   9.519 0.000   5.289 0.000
285.208333 286.208333  12.807 0.000   6.452 0.000
288.208333 289.208333  11.388 0.000   5.762 0.000
291.208333 292.208333  10.502 0.000   4.373 0.000
294.208333 295.208333  10.630 0.000   4.889 0.000
297.208333 298.208333   8.111 0.000   4.831 0.000
300.208333 301.208333  16.577 0.000   5.778 0.000
303.208333 304.208333  12.086 0.000   6.908 0.000
306.208333 307.208333  11.870 0.000   5.613 0.000
309.208333 310.208333   9.349 0.000   4.380 0.000
312.208333 313.208333  13.436 0.000   3.743 0.000
315.208333 316.208333  17.798 0.000  12.937 0.000
318.208333 319.208333  11.459 0.000   6.940 0.000
321.208333 322.208333  16.550 0.000  11.568 0.000
324.208333 325.208333   6.972 0.000   3.277 0.000
327.208333 328.208333   9.525 0.000   5.190 0.000
330.208333 331.208333  10.065 0.000   6.579 0.000
333.208333 334.208333  18.336 0.000   7.834 0.000
336.208333 337.208333   6.112 0.000   4.180 0.000
339.208333 340.208333  10.406 0.000   6.125 0.000
342.208333 343.208333   7.646 0.000   6.220 0.000
345.208333 346.208333   8.246 0.000   4.193 0.000
348.208333 349.208333   4.240 0.000   2.010 0.000
351.208333 352.208333  11.790 0.000   6.643 0.000
354.208333 355.208333   0.710 0.000   1.121 0.000
357.208333 358.208333 999.999 0.456  11.319 0.000
360.208333 361.208333 999.999 0.456   5.920 0.000
363.208333 364.208333   5.971 0.000   3.203 0.000
