scripts/IMPROVE-2019_partial/data/US9060R.20030103050000.20191216000000.filterpack..pm25.1y.1w.US03L_filterpack_US9060.US03L_IMPROVE_Davis.lev2.nas
66 1001
MISSING INFORMATION
US03L, IMPROVE, , , , , , , 
MISSING INFORMATION
IMPROVE sel_HTAP
1 1
2003 01 01 2019 12 16
3.000000
days from file reference point
27
1 1 1 1 1 1 1 1 1 1 1 1 1 1 1 1 1 1 1 1 1 1 1 1 1 1 1
999.999999 999.99 9.999 99.99 9.999 9.999 9.999999 99.99 9.999999 99.999 9.999 99.999 9.999 99.999 9.999 99.99 9.999999 999.999 9.999 99.999 9.999 999.999 9.999 9.999 9.999 99.999 9.999
end_time of measurement, days from the file reference point
iron, ng/m3, Revision date=20181210133000
numflag iron, no unit, Revision date=20181210133000
lead, ng/m3, Revision date=20181210133000
numflag lead, no unit, Revision date=20181210133000
magnesium, ug/m3, Revision date=20181210133000
numflag magnesium, no unit, Revision date=20181210133000
nickel, ng/m3, Revision date=20181210133000
numflag nickel, no unit, Revision date=20181210133000
nitrate, ug N/m3, Revision date=20181210133000
numflag nitrate, no unit, Revision date=20181210133000
organic_carbon, ug C/m3, Revision date=20181210133000
numflag organic_carbon, no unit, Revision date=20181210133000
organic_mass, ug/m3, Revision date=20181210133000
numflag organic_mass, no unit, Revision date=20181210133000
phosphorus, ng/m3, Revision date=20181210133000
numflag phosphorus, no unit, Revision date=20181210133000
pm10_mass, ug/m3, Version=2, Version description=Data extracted from http://views.cira.colostate.edu/fed/DataWizard 2019-12-16, Sample duration=1d, Orig. time res.=3d, Matrix=pm10, Blank correction=Blank corrected, Volume std. temperature=ambient, Volume std. pressure=ambient
numflag pm10_mass, no unit, Version=2, Version description=Data extracted from http://views.cira.colostate.edu/fed/DataWizard 2019-12-16, Sample duration=1d, Orig. time res.=3d, Matrix=pm10, Blank correction=Blank corrected, Volume std. temperature=ambient, Volume std. pressure=ambient
pm10_pm25_mass, ug/m3, Revision date=20181210133000, Matrix=pm10_pm25
numflag pm10_pm25_mass, no unit, Revision date=20181210133000, Matrix=pm10_pm25
pm25_mass, ug/m3, Version=2, Version description=Data extracted from http://views.cira.colostate.edu/fed/DataWizard 2019-12-16, Sample duration=1d, Orig. time res.=3d, Blank correction=Blank corrected, Volume std. temperature=ambient, Volume std. pressure=ambient
numflag pm25_mass, no unit, Version=2, Version description=Data extracted from http://views.cira.colostate.edu/fed/DataWizard 2019-12-16, Sample duration=1d, Orig. time res.=3d, Blank correction=Blank corrected, Volume std. temperature=ambient, Volume std. pressure=ambient
potassium, ug/m3, Revision date=20181210133000
numflag potassium, no unit, Revision date=20181210133000
sulphate_total, ug S/m3, Revision date=20181210133000
numflag sulphate_total, no unit, Revision date=20181210133000
0
25
Data definition:              EBAS_1.1
Set type code:                TU
Timezone:                     UTC
File name:                    US9060R.20030103050000.20191216000000.filterpack..pm25.1y.1w.US03L_filterpack_US9060.US03L_IMPROVE_Davis.lev2.nas
File creation:                20191218120931
Startdate:                    20030103050000
Revision date:                20191216000000
Statistics:                   arithmetic mean
Data level:                   2
Period code:                  1y
Resolution code:              1w
Station code:                 US9060R
Platform code:                US9060S
Station name:                 Seney
Station latitude:             46.2889
Station longitude:            -85.9503
Station altitude:             214.0 m
Regime:                       IMG
Component:                    
Matrix:                       pm25
Laboratory code:              US03L
Instrument type:              filterpack
Instrument name:              filterpack_US9060
Method ref:                   US03L_IMPROVE_Davis
starttime endtime Fe flag_Fe Pb flag_Pb Mg++ flag_Mg++ Ni flag_Ni NO3- flag_NO3- OC flag_OC OM flag_OM P flag_P PM10 flag_PM10 PM10-PM2.5 flag_PM10-PM2.5 PM2.5 flag_PM2.5 K+ flag_K+ SO4-- flag_SO4--
  2.208333   3.208333  20.42 0.000  2.68 0.000 9.999 0.259000  0.14 0.000000  0.042 0.559  0.548 0.000  0.767 0.000 99.99 0.259000   2.879 0.000  0.904 0.000   1.976 0.000 0.021 0.000  0.179 0.559
  5.208333   6.208333   2.28 0.000  0.37 0.000 9.999 0.259000  0.13 0.000000  0.009 0.000  0.189 0.000  0.264 0.000 99.99 0.259000   3.283 0.000  0.998 0.000   2.285 0.000 0.010 0.000  0.456 0.000
  8.208333   9.208333   2.89 0.000  0.75 0.000 0.016 0.000000  0.07 0.000000  0.028 0.000  0.315 0.000  0.440 0.000 99.99 0.259000   2.134 0.000  0.769 0.000   1.365 0.000 0.014 0.000  0.170 0.000
 11.208333  12.208333  22.65 0.000  0.63 0.000 9.999 0.259000 99.99 0.259000  0.212 0.559  0.430 0.000  0.602 0.000 99.99 0.259000   4.293 0.000  1.809 0.000   2.484 0.000 0.025 0.000  0.185 0.559
 14.208333  15.208333  12.87 0.000  1.05 0.000 9.999 0.259000 99.99 0.259000  0.028 0.559  0.254 0.000  0.356 0.000 99.99 0.259000   2.117 0.000  0.411 0.000   1.706 0.000 0.019 0.000  0.236 0.559
 17.208333  18.208333  16.27 0.000  0.61 0.000 9.999 0.259000 99.99 0.259000  0.197 0.559  0.457 0.000  0.640 0.000 99.99 0.259000   6.394 0.000  3.847 0.000   2.547 0.000 0.033 0.000  0.190 0.559
 20.208333  21.208333   6.99 0.000  0.54 0.000 0.024 0.000000 99.99 0.259000  0.032 0.000  0.248 0.000  0.348 0.000 99.99 0.259000   1.621 0.000 99.999 0.259   1.679 0.000 0.015 0.000  0.243 0.000
 23.208333  24.208333  10.41 0.000  0.53 0.000 9.999 0.259000  0.17 0.000000  0.060 0.559  0.410 0.000  0.574 0.000 99.99 0.259000   2.719 0.000  0.495 0.000   2.225 0.000 0.022 0.000  0.387 0.559
 26.208333  27.208333  15.67 0.000  1.22 0.000 9.999 0.259000  0.11 0.000000  0.144 0.559  0.403 0.000  0.565 0.000 99.99 0.259000   3.096 0.000  0.691 0.000   2.405 0.000 0.025 0.000  0.288 0.559
 29.208333  30.208333  17.21 0.000  2.69 0.000 0.010 0.000000  0.21 0.000000  0.728 0.000  1.217 0.000  1.703 0.000 99.99 0.259000   9.806 0.000  1.640 0.000   8.166 0.000 0.040 0.000  0.596 0.000
 32.208333  33.208333  22.11 0.000  2.16 0.000 9.999 0.259000  0.27 0.000000  0.103 0.559  1.525 0.000  2.135 0.000 99.99 0.259000   8.544 0.000  0.066 0.000   8.478 0.000 0.030 0.000  1.437 0.559
 35.208333  36.208333   3.76 0.000  0.53 0.000 9.999 0.259000 99.99 0.259000  0.039 0.000  0.279 0.000  0.391 0.000 99.99 0.259000   2.202 0.000  0.759 0.000   1.443 0.000 0.013 0.000  0.197 0.000
 38.208333  39.208333   6.79 0.000  0.97 0.000 9.999 0.259000 99.99 0.259000  0.349 0.559  0.522 0.000  0.730 0.000 99.99 0.259000   4.615 0.000  0.961 0.000   3.655 0.000 0.025 0.000  0.355 0.559
 41.208333  42.208333  16.51 0.000  1.50 0.000 0.029 0.000000 99.99 0.259000  0.217 0.000  0.736 0.000  1.031 0.000 99.99 0.259000   5.349 0.000  1.871 0.000   3.478 0.000 0.039 0.000  0.332 0.000
 44.208333  45.208333   7.78 0.000  1.02 0.000 0.045 0.000000  0.12 0.000000  0.048 0.559  0.245 0.000  0.343 0.000 99.99 0.259000   3.388 0.000  1.242 0.000   2.146 0.000 0.026 0.000  0.315 0.559
 47.208333  48.208333   6.75 0.000  1.58 0.000 9.999 0.259000 99.99 0.259000  0.079 0.559  0.768 0.000  1.075 0.000 99.99 0.259000   4.630 0.000  1.590 0.000   3.040 0.000 0.026 0.000  0.334 0.559
 50.208333  51.208333  14.63 0.000  1.80 0.000 0.025 0.000000 99.99 0.259000  1.127 0.000  1.259 0.000  1.763 0.000 99.99 0.259000  10.985 0.000  1.455 0.000   9.530 0.000 0.041 0.000  0.676 0.000
 53.208333  54.208333   6.66 0.000  1.05 0.000 9.999 0.259000 99.99 0.259000  0.012 0.000  0.200 0.000  0.280 0.000 99.99 0.259000   2.795 0.000  0.570 0.000   2.225 0.000 0.016 0.000  0.359 0.000
 56.208333  57.208333  21.08 0.000  1.85 0.000 9.999 0.259000 99.99 0.259000  0.697 0.559  1.281 0.000  1.793 0.000 99.99 0.259000  12.946 0.000  4.582 0.000   8.364 0.000 0.046 0.000  0.542 0.559
 59.208333  60.208333  56.97 0.000  5.50 0.000 0.016 0.000000  0.34 0.000000  2.552 0.000  2.306 0.000  3.229 0.000 99.99 0.259000  28.371 0.000  6.593 0.000  21.777 0.000 0.074 0.000  1.175 0.000
 62.208333  63.208333  17.96 0.000  1.61 0.000 9.999 0.259000  0.13 0.000000  0.286 0.000  0.761 0.000  1.065 0.000 99.99 0.259000   5.997 0.000  1.603 0.000   4.394 0.000 0.041 0.000  0.643 0.000
 65.208333  66.208333  21.45 0.000  2.18 0.000 9.999 0.259000 99.99 0.259000  0.620 0.559  1.099 0.000  1.538 0.000 99.99 0.259000   9.316 0.000  1.616 0.000   7.699 0.000 0.037 0.000  0.711 0.559
 68.208333  69.208333  43.07 0.000  2.05 0.000 9.999 0.259000 99.99 0.259000  0.168 0.559  0.753 0.000  1.054 0.000 99.99 0.259000   7.413 0.000  2.945 0.000   4.469 0.000 0.054 0.000  0.459 0.559
 71.208333  72.208333  11.84 0.000  1.41 0.000 9.999 0.259000  0.22 0.000000  0.083 0.000  0.649 0.000  0.909 0.000 99.99 0.259000   5.081 0.000  1.475 0.000   3.606 0.000 0.029 0.000  0.435 0.000
 74.208333  75.208333  57.44 0.000  9.16 0.000 9.999 0.259000 99.99 0.259000  2.482 0.000  2.790 0.000  3.906 0.000 99.99 0.259000  29.284 0.000  2.363 0.000  26.921 0.000 0.072 0.000  2.682 0.000
 77.208333  78.208333  13.07 0.000  3.00 0.000 9.999 0.259000  0.24 0.000000  0.056 0.000  0.640 0.000  0.895 0.000 99.99 0.259000   4.978 0.000  1.775 0.000   3.203 0.000 0.030 0.000  0.389 0.000
 80.208333  81.208333  11.26 0.000  6.82 0.000 0.026 0.000000  0.17 0.000000  0.248 0.559  1.152 0.000  1.613 0.000 99.99 0.259000   7.195 0.000  0.555 0.000   6.640 0.000 0.026 0.000  1.181 0.559
 83.208333  84.208333  10.61 0.000  0.71 0.000 9.999 0.259000 99.99 0.259000  0.025 0.559  0.432 0.000  0.604 0.000 99.99 0.259000   4.412 0.000  1.344 0.000   3.068 0.000 0.015 0.000  0.449 0.559
 86.208333  87.208333   9.15 0.000  1.11 0.000 9.999 0.259000 99.99 0.259000  0.157 0.000  0.522 0.000  0.730 0.000 99.99 0.259000   3.179 0.000  0.553 0.000   2.627 0.000 0.013 0.000  0.364 0.000
 89.208333  90.208333  14.48 0.000  1.27 0.000 9.999 0.259000  0.21 0.000000  0.031 0.559  0.298 0.000  0.418 0.000 99.99 0.259000   3.640 0.000  0.646 0.000   2.993 0.000 0.025 0.000  0.465 0.559
 92.208333  93.208333  41.77 0.000  5.78 0.000 9.999 0.259000  0.10 0.000000  0.048 0.000  0.352 0.000  0.493 0.000 99.99 0.259000   5.556 0.000  2.592 0.000   2.963 0.000 0.031 0.000  0.389 0.000
 95.208333  96.208333   9.74 0.000  0.59 0.000 0.016 0.000000  0.14 0.000000  0.037 0.559  0.331 0.000  0.463 0.000 99.99 0.259000   2.625 0.000  0.390 0.000   2.235 0.000 0.017 0.000  0.255 0.559
 98.208333  99.208333  21.15 0.000  1.95 0.000 9.999 0.259000 99.99 0.259000  0.065 0.000  0.842 0.000  1.179 0.000 99.99 0.259000   5.815 0.000  1.295 0.000   4.520 0.000 0.040 0.000  0.562 0.000
101.208333 102.208333   7.18 0.000  0.74 0.000 9.999 0.259000 99.99 0.259000  0.027 0.559  0.202 0.000  0.282 0.000 99.99 0.259000   2.468 0.000  0.501 0.000   1.967 0.000 0.016 0.000  0.278 0.559
104.208333 105.208333  38.56 0.559  2.60 0.559 9.999 0.559259 99.99 0.559259  0.479 0.000  2.643 0.000  3.701 0.000 99.99 0.559259  13.447 0.000  3.036 0.000  10.411 0.559 0.048 0.559  0.995 0.000
107.208333 108.208333  13.71 0.000  0.91 0.000 9.999 0.259000  0.15 0.000000  0.077 0.559  0.687 0.000  0.962 0.000 99.99 0.259000   5.355 0.000  1.613 0.000   3.742 0.000 0.023 0.000  0.495 0.559
110.208333 111.208333   1.43 0.000  0.32 0.000 9.999 0.259000 99.99 0.259000  0.039 0.559  0.323 0.000  0.452 0.000 99.99 0.259000   1.422 0.000  0.124 0.000   1.298 0.000 0.005 0.000  0.201 0.559
113.208333 114.208333  20.87 0.000  1.02 0.000 9.999 0.259000  0.15 0.000000  0.047 0.000  0.996 0.000  1.394 0.000 99.99 0.259000   5.115 0.000  1.777 0.000   3.338 0.000 0.029 0.000  0.339 0.000
116.208333 117.208333  63.41 0.000  3.67 0.000 9.999 0.259000  0.11 0.000000  0.430 0.000  1.519 0.000  2.127 0.000 99.99 0.259000  11.934 0.000  4.930 0.000   7.005 0.000 0.067 0.000  0.667 0.000
119.208333 120.208333  33.78 0.000  0.80 0.000 9.999 0.259000  0.29 0.000000  0.037 0.000  0.767 0.000  1.074 0.000 99.99 0.259000   8.367 0.000  4.351 0.000   4.016 0.000 0.033 0.000  0.431 0.000
122.208333 123.208333  26.04 0.000  0.72 0.000 9.999 0.259000  0.11 0.000000  0.018 0.559  0.553 0.000  0.774 0.000 99.99 0.259000   4.907 0.000  2.310 0.000   2.597 0.000 0.025 0.000  0.215 0.559
125.208333 126.208333  17.05 0.000  1.37 0.000 9.999 0.259000  0.18 0.000000  0.019 0.559  0.797 0.000  1.116 0.000 99.99 0.259000   5.054 0.000  0.856 0.000   4.198 0.000 0.014 0.000  0.573 0.559
128.208333 129.208333 999.99 0.999 99.99 0.999 9.999 0.999000 99.99 0.999000 99.999 0.999 99.999 0.999 99.999 0.999 99.99 0.999000 999.999 0.999 99.999 0.999 999.999 0.999 9.999 0.999 99.999 0.999
131.208333 132.208333 999.99 0.999 99.99 0.999 9.999 0.999000 99.99 0.999000 99.999 0.999 99.999 0.999 99.999 0.999 99.99 0.999000 999.999 0.999 99.999 0.999 999.999 0.999 9.999 0.999 99.999 0.999
134.208333 135.208333 999.99 0.999 99.99 0.999 9.999 0.999000 99.99 0.999000 99.999 0.999 99.999 0.999 99.999 0.999 99.99 0.999000 999.999 0.999 99.999 0.999 999.999 0.999 9.999 0.999 99.999 0.999
137.208333 138.208333  11.32 0.000  1.56 0.000 0.028 0.000000  0.29 0.000000  0.063 0.000  1.257 0.000  1.759 0.000 99.99 0.259000  10.729 0.000  2.161 0.000   8.568 0.000 0.015 0.000  1.512 0.000
140.208333 141.208333   7.75 0.000  0.40 0.000 0.018 0.000000 99.99 0.259000  0.011 0.559  0.641 0.000  0.897 0.000 99.99 0.259000   3.451 0.000  1.206 0.000   2.245 0.000 0.009 0.000  0.253 0.559
143.208333 144.208333  25.29 0.000  0.77 0.000 9.999 0.259000 99.99 0.259000  0.026 0.000  1.508 0.000  2.111 0.000 99.99 0.259000   7.859 0.000  3.462 0.000   4.397 0.000 0.028 0.000  0.307 0.000
146.208333 147.208333  15.40 0.000  0.58 0.000 0.028 0.000000 99.99 0.259000  0.014 0.000  2.435 0.000  3.408 0.000 99.99 0.259000   8.173 0.000  2.491 0.000   5.682 0.000 0.019 0.000  0.256 0.000
149.208333 150.208333  11.25 0.000  2.01 0.000 9.999 0.259000 99.99 0.259000  0.022 0.000  1.511 0.000  2.115 0.000 99.99 0.259000   5.671 0.000  2.122 0.000   3.549 0.000 0.014 0.000  0.178 0.000
152.208333 153.208333  20.46 0.000  0.85 0.000 9.999 0.259000  0.12 0.000000  0.012 0.000  1.976 0.000  2.766 0.000 99.99 0.259000   7.109 0.000  2.171 0.000   4.938 0.000 0.029 0.000  0.236 0.000
155.208333 156.208333  26.19 0.000  0.45 0.000 9.999 0.259000  0.17 0.000000  0.022 0.000  2.382 0.000  3.335 0.000 99.99 0.259000  11.285 0.000  4.851 0.000   6.433 0.000 0.042 0.000  0.348 0.000
158.208333 159.208333  18.77 0.000  1.81 0.000 9.999 0.259000  0.35 0.000000  0.105 0.000  2.519 0.000  3.526 0.000 99.99 0.259000  13.062 0.000  2.341 0.000  10.721 0.000 0.032 0.000  1.388 0.000
161.208333 162.208333   9.06 0.000  0.71 0.000 9.999 0.259000 99.99 0.259000  0.014 0.000  1.109 0.000  1.553 0.000 99.99 0.259000   6.903 0.000  3.537 0.000   3.366 0.000 0.021 0.000  0.303 0.000
164.208333 165.208333  10.46 0.000  0.47 0.000 9.999 0.259000  0.15 0.000000  0.029 0.559  1.674 0.000  2.343 0.000 99.99 0.259000   7.069 0.000  2.469 0.000   4.599 0.000 0.019 0.000  0.359 0.559
167.208333 168.208333  14.33 0.000  1.11 0.000 0.028 0.000000  0.12 0.000000  0.016 0.000  1.871 0.000  2.620 0.000 99.99 0.259000   8.730 0.000  4.072 0.000   4.658 0.000 0.027 0.000  0.270 0.000
170.208333 171.208333  10.80 0.000  0.52 0.000 9.999 0.259000  0.14 0.000000  0.010 0.559  1.163 0.000  1.628 0.000 99.99 0.259000   5.043 0.000  2.828 0.000   2.215 0.000 0.021 0.000  0.081 0.559
173.208333 174.208333  56.00 0.000  5.78 0.000 9.999 0.259000  0.18 0.000000  0.076 0.000  3.713 0.000  5.198 0.000 99.99 0.259000  26.620 0.000  5.726 0.000  20.895 0.000 0.114 0.000  3.100 0.000
176.208333 177.208333  15.06 0.000  1.05 0.000 9.999 0.259000 99.99 0.259000  0.089 0.000  3.924 0.000  5.493 0.000 99.99 0.259000  14.881 0.000  3.348 0.000  11.533 0.000 0.067 0.000  1.007 0.000
179.208333 180.208333   8.57 0.000  0.84 0.000 0.037 0.000000 99.99 0.259000  0.021 0.000  1.010 0.000  1.415 0.000 99.99 0.259000   4.382 0.000  1.652 0.000   2.729 0.000 0.017 0.000  0.247 0.000
182.208333 183.208333  34.40 0.000  2.54 0.000 0.032 0.000000  0.10 0.000000  0.068 0.559  2.473 0.000  3.463 0.000 99.99 0.259000  14.840 0.000  5.519 0.000   9.320 0.000 0.044 0.000  1.068 0.559
185.208333 186.208333  12.76 0.000  0.94 0.000 9.999 0.259000 99.99 0.259000  0.021 0.000  1.778 0.000  2.490 0.000 99.99 0.259000   7.725 0.000  3.753 0.000   3.973 0.000 0.053 0.000  0.207 0.000
188.208333 189.208333  11.43 0.000  0.24 0.000 0.067 0.000000  0.08 0.000000  0.008 0.000  0.673 0.000  0.942 0.000 99.99 0.259000   3.986 0.000  2.301 0.000   1.685 0.000 0.011 0.000  0.054 0.000
191.208333 192.208333   6.59 0.000  0.22 0.000 0.067 0.000000  0.19 0.000000  0.010 0.559  1.029 0.000  1.441 0.000 99.99 0.259000   4.408 0.000  1.728 0.000   2.680 0.000 0.012 0.000  0.102 0.559
194.208333 195.208333  26.51 0.000  4.09 0.000 9.999 0.259000  0.22 0.000000  0.051 0.000  2.396 0.000  3.355 0.000 99.99 0.259000  14.302 0.000  3.398 0.000  10.904 0.000 0.042 0.000  1.159 0.000
197.208333 198.208333   7.84 0.000  0.72 0.000 9.999 0.259000  0.16 0.000000  0.015 0.559  0.930 0.000  1.302 0.000 99.99 0.259000   4.671 0.000  2.225 0.000   2.446 0.000 0.014 0.000  0.121 0.559
200.208333 201.208333  21.52 0.000  1.57 0.000 9.999 0.259000  0.10 0.000000  0.042 0.559  2.243 0.000  3.140 0.000 99.99 0.259000  10.003 0.000  2.722 0.000   7.281 0.000 0.032 0.000  0.542 0.559
203.208333 204.208333  10.33 0.000  0.22 0.000 0.046 0.000000  0.09 0.000000  0.002 0.559  1.040 0.000  1.456 0.000  3.86 0.000000   3.348 0.000  1.386 0.000   1.963 0.000 0.013 0.000  0.069 0.559
206.208333 207.208333  29.14 0.000  2.91 0.000 9.999 0.259000 99.99 0.259000  0.146 0.559  2.991 0.000  4.188 0.000 99.99 0.259000  19.552 0.000  2.682 0.000  16.869 0.000 0.035 0.000  2.050 0.559
209.208333 210.208333   8.16 0.000  0.44 0.000 0.047 0.000000  0.07 0.000000  0.019 0.559  3.470 0.000  4.858 0.000 99.99 0.259000   8.263 0.000  1.831 0.000   6.433 0.000 0.038 0.000  0.187 0.559
212.208333 213.208333  25.59 0.000  2.23 0.000 0.119 0.000000  0.16 0.000000  0.046 0.559  2.096 0.000  2.934 0.000 99.99 0.259000  14.633 0.000  1.384 0.000  13.249 0.000 0.029 0.000  1.991 0.559
215.208333 216.208333   9.30 0.000  0.84 0.000 0.060 0.000000  0.28 0.000000  0.019 0.559  1.859 0.000  2.603 0.000 99.99 0.259000   9.383 0.000  1.490 0.000   7.893 0.000 0.018 0.000  1.063 0.559
218.208333 219.208333   7.72 0.000  0.42 0.000 0.035 0.000000  0.09 0.000000  0.009 0.559  1.879 0.000  2.631 0.000 99.99 0.259000   6.534 0.000  2.578 0.000   3.955 0.000 0.014 0.000  0.255 0.559
221.208333 222.208333  23.61 0.394  0.43 0.394 9.999 0.394259  0.08 0.394000  0.017 0.394  4.121 0.000  5.769 0.000 99.99 0.394259  17.493 0.000  9.175 0.000   8.318 0.000 0.049 0.394  0.321 0.394
224.208333 225.208333  20.69 0.000  2.77 0.000 9.999 0.259000 99.99 0.259000  0.024 0.000  2.075 0.000  2.904 0.000 99.99 0.259000   8.088 0.000  4.276 0.000   3.812 0.000 0.039 0.000  0.106 0.000
227.208333 228.208333  25.41 0.000  0.88 0.000 9.999 0.259000  0.20 0.000000  0.026 0.000  3.650 0.000  5.110 0.000 99.99 0.259000  15.798 0.000  3.106 0.000  12.692 0.000 0.046 0.000  1.478 0.000
230.208333 231.208333  48.79 0.000  4.08 0.000 9.999 0.259000  1.07 0.000000  0.044 0.000  3.800 0.000  5.320 0.000 99.99 0.259000  18.837 0.000  6.036 0.000  12.800 0.000 0.047 0.000  1.186 0.000
233.208333 234.208333   5.22 0.000  0.30 0.000 0.023 0.000000  0.14 0.000000  0.007 0.000  2.284 0.000  3.198 0.000 99.99 0.259000   7.557 0.000  2.918 0.000   4.639 0.000 0.018 0.000  0.163 0.000
236.208333 237.208333  32.64 0.000  1.87 0.000 9.999 0.259000 99.99 0.259000  0.038 0.000  4.635 0.000  6.488 0.000 99.99 0.259000  17.300 0.000  5.065 0.000  12.235 0.000 0.053 0.000  0.814 0.000
239.208333 240.208333  10.52 0.000  0.50 0.000 0.044 0.000000  0.12 0.000000  0.019 0.000  1.938 0.000  2.714 0.000 99.99 0.259000   5.474 0.000  2.328 0.000   3.146 0.000 0.014 0.000  0.202 0.000
242.208333 243.208333  11.56 0.000  1.16 0.000 9.999 0.259000 99.99 0.259000  0.012 0.000  1.151 0.000  1.611 0.000 99.99 0.259000   7.026 0.000  3.362 0.000   3.664 0.000 0.035 0.000  0.262 0.000
