scripts/IMPROVE-2019_partial/data/US9009R.20030103050000.20191216000000.filterpack..pm25.1y.1w.US03L_filterpack_US9009.US03L_IMPROVE_Davis.lev2.nas
64 1001
MISSING INFORMATION
US03L, IMPROVE, , , , , , , 
MISSING INFORMATION
IMPROVE sel_HTAP
1 1
2003 01 01 2019 12 16
3.000000
days from file reference point
25
1 1 1 1 1 1 1 1 1 1 1 1 1 1 1 1 1 1 1 1 1 1 1 1 1
999.999999 9999.99 9.999 99.99 9.999 9.999 9.999999 99.99 9.999 9.999 9.999 999.999 9.999 999.999 9.999 999.999 9.999 999.999 9.999 999.999 9.999 9.999 9.999 99.999 9.999
end_time of measurement, days from the file reference point
iron, ng/m3, Revision date=20181210133000
numflag iron, no unit, Revision date=20181210133000
lead, ng/m3, Revision date=20181210133000
numflag lead, no unit, Revision date=20181210133000
magnesium, ug/m3, Revision date=20181210133000
numflag magnesium, no unit, Revision date=20181210133000
nickel, ng/m3, Revision date=20181210133000
numflag nickel, no unit, Revision date=20181210133000
nitrate, ug N/m3, Revision date=20181210133000
numflag nitrate, no unit, Revision date=20181210133000
organic_carbon, ug C/m3, Revision date=20181210133000
numflag organic_carbon, no unit, Revision date=20181210133000
organic_mass, ug/m3, Revision date=20181210133000
numflag organic_mass, no unit, Revision date=20181210133000
pm10_mass, ug/m3, Version=2, Version description=Data extracted from http://views.cira.colostate.edu/fed/DataWizard 2019-12-16, Sample duration=1d, Orig. time res.=3d, Matrix=pm10, Blank correction=Blank corrected, Volume std. temperature=ambient, Volume std. pressure=ambient
numflag pm10_mass, no unit, Version=2, Version description=Data extracted from http://views.cira.colostate.edu/fed/DataWizard 2019-12-16, Sample duration=1d, Orig. time res.=3d, Matrix=pm10, Blank correction=Blank corrected, Volume std. temperature=ambient, Volume std. pressure=ambient
pm10_pm25_mass, ug/m3, Revision date=20181210133000, Matrix=pm10_pm25
numflag pm10_pm25_mass, no unit, Revision date=20181210133000, Matrix=pm10_pm25
pm25_mass, ug/m3, Version=2, Version description=Data extracted from http://views.cira.colostate.edu/fed/DataWizard 2019-12-16, Sample duration=1d, Orig. time res.=3d, Blank correction=Blank corrected, Volume std. temperature=ambient, Volume std. pressure=ambient
numflag pm25_mass, no unit, Version=2, Version description=Data extracted from http://views.cira.colostate.edu/fed/DataWizard 2019-12-16, Sample duration=1d, Orig. time res.=3d, Blank correction=Blank corrected, Volume std. temperature=ambient, Volume std. pressure=ambient
potassium, ug/m3, Revision date=20181210133000
numflag potassium, no unit, Revision date=20181210133000
sulphate_total, ug S/m3, Revision date=20181210133000
numflag sulphate_total, no unit, Revision date=20181210133000
0
25
Data definition:              EBAS_1.1
Set type code:                TU
Timezone:                     UTC
File name:                    US9009R.20030103050000.20191216000000.filterpack..pm25.1y.1w.US03L_filterpack_US9009.US03L_IMPROVE_Davis.lev2.nas
File creation:                20191218120542
Startdate:                    20030103050000
Revision date:                20191216000000
Statistics:                   arithmetic mean
Data level:                   2
Period code:                  1y
Resolution code:              1w
Station code:                 US9009R
Platform code:                US9009S
Station name:                 Old Town
Station latitude:             44.9334
Station longitude:            -68.6457
Station altitude:             51.0 m
Regime:                       IMG
Component:                    
Matrix:                       pm25
Laboratory code:              US03L
Instrument type:              filterpack
Instrument name:              filterpack_US9009
Method ref:                   US03L_IMPROVE_Davis
starttime endtime Fe flag_Fe Pb flag_Pb Mg++ flag_Mg++ Ni flag_Ni NO3- flag_NO3- OC flag_OC OM flag_OM PM10 flag_PM10 PM10-PM2.5 flag_PM10-PM2.5 PM2.5 flag_PM2.5 K+ flag_K+ SO4-- flag_SO4--
  2.208333   3.208333   75.32 0.000  0.56 0.000 9.999 0.259000  0.35 0.000 0.043 0.000   1.323 0.000   1.852 0.000  25.226 0.000  20.395 0.000   4.831 0.000 0.064 0.000  0.280 0.000
  5.208333   6.208333    9.56 0.000  0.73 0.000 9.999 0.259000  3.85 0.000 0.118 0.000   2.062 0.000   2.887 0.000   7.447 0.000   0.563 0.000   6.883 0.000 0.036 0.000  0.605 0.000
  8.208333   9.208333   19.58 0.000  1.53 0.000 9.999 0.259000  2.17 0.000 0.132 0.000   2.803 0.000   3.924 0.000  11.322 0.000   4.005 0.000   7.316 0.000 0.057 0.000  0.583 0.000
 11.208333  12.208333   19.62 0.000  4.16 0.000 9.999 0.259000  1.43 0.000 0.251 0.000   9.422 0.000  13.191 0.000  25.703 0.000   4.053 0.000  21.650 0.000 0.130 0.000  1.379 0.000
 14.208333  15.208333  118.59 0.000  7.88 0.000 9.999 0.259000  1.65 0.000 0.302 0.000   6.016 0.000   8.423 0.000  58.256 0.000  38.410 0.000  19.846 0.000 0.161 0.000  1.213 0.000
 17.208333  18.208333   79.30 0.000  6.10 0.000 9.999 0.259000  0.71 0.000 0.227 0.000   6.553 0.000   9.174 0.000  38.386 0.000  20.165 0.000  18.221 0.000 0.157 0.000  0.923 0.000
 20.208333  21.208333   55.77 0.000  2.55 0.000 0.021 0.000000  0.41 0.000 0.112 0.000   1.344 0.000   1.881 0.000   6.993 0.000   1.619 0.000   5.375 0.000 0.067 0.000  0.353 0.000
 23.208333  24.208333   35.20 0.000  4.78 0.000 9.999 0.259000  2.62 0.000 0.180 0.000   2.683 0.000   3.756 0.000  20.067 0.000  10.530 0.000   9.537 0.000 0.070 0.000  0.857 0.000
 26.208333  27.208333   13.28 0.000  1.83 0.000 9.999 0.259000  1.77 0.000 0.200 0.000   1.395 0.000   1.953 0.000   7.199 0.000   0.709 0.000   6.490 0.000 0.045 0.000  0.744 0.000
 29.208333  30.208333   68.03 0.559  8.11 0.559 9.999 0.559259  2.39 0.559 0.582 0.000   7.615 0.000  10.661 0.000  37.747 0.000   6.249 0.000  31.498 0.559 0.187 0.559  2.925 0.000
 32.208333  33.208333    2.61 0.000  0.20 0.000 9.999 0.259000  0.95 0.000 0.007 0.000   0.479 0.000   0.671 0.000   1.882 0.000   0.177 0.000   1.706 0.000 0.008 0.000  0.325 0.000
 35.208333  36.208333 9999.99 0.999 99.99 0.999 9.999 0.999000 99.99 0.999 9.999 0.999 999.999 0.999 999.999 0.999 999.999 0.999 999.999 0.999 999.999 0.999 9.999 0.999 99.999 0.999
 38.208333  39.208333    8.15 0.000  1.76 0.000 9.999 0.259000  0.57 0.000 0.214 0.000   1.829 0.000   2.560 0.000   7.492 0.000 999.999 0.259   7.854 0.000 0.041 0.000  0.674 0.000
 41.208333  42.208333   41.95 0.000  3.49 0.000 9.999 0.259000  1.08 0.000 0.282 0.000   3.608 0.000   5.051 0.000  23.307 0.000  11.611 0.000  11.696 0.000 0.078 0.000  0.902 0.000
 44.208333  45.208333   15.95 0.000  3.23 0.000 0.041 0.000000  0.43 0.000 0.128 0.000   2.065 0.000   2.891 0.000  11.077 0.000   3.796 0.000   7.281 0.000 0.063 0.000  0.579 0.000
 47.208333  48.208333   70.72 0.000  1.86 0.000 9.999 0.259000  0.68 0.000 0.138 0.000   2.480 0.000   3.472 0.000  36.426 0.000  25.995 0.000  10.432 0.000 0.091 0.000  0.759 0.000
 50.208333  51.208333   36.37 0.000  1.96 0.000 0.017 0.000000  4.89 0.000 0.278 0.000   3.095 0.000   4.333 0.000  17.570 0.000   4.409 0.000  13.161 0.000 0.055 0.000  1.547 0.000
 53.208333  54.208333    4.43 0.000  0.39 0.000 9.999 0.259000  0.51 0.000 0.025 0.000   0.738 0.000   1.033 0.000   3.138 0.000   0.384 0.000   2.753 0.000 0.017 0.000  0.376 0.000
 56.208333  57.208333  133.89 0.000  3.74 0.000 9.999 0.259000  0.67 0.000 0.082 0.000   3.147 0.000   4.406 0.000  36.247 0.000  24.541 0.000  11.706 0.000 0.153 0.000  0.945 0.000
 59.208333  60.208333   65.90 0.000  6.00 0.000 9.999 0.259000  2.84 0.000 0.422 0.000   4.852 0.000   6.793 0.000  37.940 0.000  16.124 0.000  21.817 0.000 0.107 0.000  2.484 0.000
 62.208333  63.208333   31.88 0.000  2.48 0.000 9.999 0.259000  2.28 0.000 0.148 0.000   2.514 0.000   3.519 0.000  13.342 0.000   4.816 0.000   8.526 0.000 0.077 0.000  0.830 0.000
 65.208333  66.208333   29.11 0.000  2.51 0.000 9.999 0.259000  2.03 0.000 0.117 0.000   2.086 0.000   2.921 0.000  10.606 0.000   2.722 0.000   7.885 0.000 0.062 0.000  0.837 0.000
 68.208333  69.208333   63.50 0.000  2.63 0.000 9.999 0.259000  0.28 0.000 0.120 0.000   1.859 0.000   2.602 0.000  18.928 0.000  11.525 0.000   7.403 0.000 0.069 0.000  0.721 0.000
 71.208333  72.208333   57.11 0.000  1.15 0.000 9.999 0.259000  4.62 0.000 0.092 0.000   1.115 0.000   1.560 0.000  16.372 0.000  11.118 0.000   5.254 0.000 0.053 0.000  0.534 0.000
 74.208333  75.208333   45.10 0.000  3.58 0.000 9.999 0.259000  2.59 0.000 0.227 0.000   3.065 0.000   4.291 0.000  20.202 0.000   7.738 0.000  12.464 0.000 0.096 0.000  1.336 0.000
 77.208333  78.208333   89.47 0.000  0.84 0.000 9.999 0.259000  1.68 0.000 0.072 0.000   1.169 0.000   1.637 0.000  19.076 0.000  14.009 0.000   5.067 0.000 0.070 0.000  0.433 0.000
 80.208333  81.208333   76.47 0.000  2.85 0.000 9.999 0.259000  1.64 0.000 0.177 0.000   3.610 0.000   5.054 0.000  22.705 0.000  11.606 0.000  11.099 0.000 0.066 0.000  0.719 0.000
 83.208333  84.208333   13.26 0.000  0.72 0.000 9.999 0.259000  0.69 0.000 0.091 0.000   1.621 0.000   2.270 0.000  14.669 0.000   3.576 0.000  11.093 0.000 0.026 0.000  1.548 0.000
 86.208333  87.208333   76.16 0.000  2.27 0.000 9.999 0.259000  0.76 0.000 0.091 0.000   3.042 0.000   4.259 0.000  25.948 0.000  16.045 0.000   9.903 0.000 0.066 0.000  1.014 0.000
 89.208333  90.208333   11.61 0.000  0.77 0.000 9.999 0.259000  2.23 0.000 0.032 0.000   0.586 0.000   0.821 0.000   4.560 0.000   1.285 0.000   3.275 0.000 0.017 0.000  0.492 0.000
 92.208333  93.208333   82.24 0.000  1.94 0.000 9.999 0.259000  2.13 0.000 0.105 0.000   1.700 0.000   2.380 0.000  25.310 0.000  17.550 0.000   7.760 0.000 0.065 0.000  0.810 0.000
 95.208333  96.208333   14.44 0.000  1.32 0.000 9.999 0.259000  1.20 0.000 0.064 0.000   1.148 0.000   1.607 0.000   7.447 0.000   2.667 0.000   4.780 0.000 0.027 0.000  0.640 0.000
 98.208333  99.208333  144.34 0.000  2.94 0.000 9.999 0.259000  1.70 0.000 0.090 0.000   2.539 0.000   3.554 0.000  31.776 0.000  21.283 0.000  10.493 0.000 0.114 0.000  0.816 0.000
101.208333 102.208333   60.31 0.000  1.19 0.000 9.999 0.259000  0.22 0.000 0.073 0.000   1.116 0.000   1.562 0.000  20.043 0.000  14.774 0.000   5.269 0.000 0.051 0.000  0.458 0.000
104.208333 105.208333  102.93 0.000  3.61 0.000 9.999 0.259000  2.08 0.000 0.178 0.000   2.650 0.000   3.710 0.000  27.511 0.000  14.619 0.000  12.891 0.000 0.098 0.000  1.381 0.000
107.208333 108.208333   60.27 0.000  0.97 0.000 9.999 0.259000  1.09 0.000 0.076 0.000   1.460 0.000   2.044 0.000  18.198 0.000  11.463 0.000   6.735 0.000 0.053 0.000  0.802 0.000
110.208333 111.208333   51.76 0.000  1.81 0.000 9.999 0.259000  0.93 0.000 0.043 0.000   1.188 0.000   1.663 0.000  17.049 0.000  10.165 0.000   6.884 0.000 0.050 0.000  0.892 0.000
113.208333 114.208333    4.12 0.000  0.29 0.000 0.022 0.000000  1.38 0.000 0.015 0.000   0.488 0.000   0.683 0.000   1.777 0.000   0.315 0.000   1.462 0.000 0.009 0.000  0.133 0.000
116.208333 117.208333   21.55 0.000  0.83 0.000 9.999 0.259000  0.20 0.000 0.033 0.000   0.861 0.000   1.205 0.000   6.366 0.000   2.488 0.000   3.878 0.000 0.031 0.000  0.468 0.000
119.208333 120.208333  133.10 0.000  1.11 0.000 9.999 0.259000  0.52 0.000 0.026 0.000   1.292 0.000   1.808 0.000  29.721 0.000  24.512 0.000   5.208 0.000 0.075 0.000  0.326 0.000
122.208333 123.208333   25.39 0.000  0.91 0.000 9.999 0.259000  1.47 0.000 0.015 0.000   0.672 0.000   0.941 0.000   8.019 0.000   4.949 0.000   3.070 0.000 0.022 0.000  0.345 0.000
125.208333 126.208333   37.55 0.000  1.10 0.000 9.999 0.259000  0.98 0.000 0.044 0.000   1.039 0.000   1.454 0.000  10.777 0.000   5.846 0.000   4.930 0.000 0.045 0.000  0.491 0.000
128.208333 129.208333   27.21 0.000  0.53 0.000 9.999 0.259000  0.15 0.000 0.011 0.000   0.801 0.000   1.121 0.000   9.714 0.000   7.008 0.000   2.706 0.000 0.020 0.000  0.197 0.000
131.208333 132.208333    4.69 0.000  0.69 0.000 9.999 0.259000 99.99 0.259 0.011 0.000   0.415 0.000   0.581 0.000   2.578 0.000   1.069 0.000   1.510 0.000 0.005 0.000  0.154 0.000
134.208333 135.208333   39.40 0.000  0.44 0.000 9.999 0.259000  0.47 0.000 0.015 0.000   0.737 0.000   1.032 0.000   8.857 0.000   6.283 0.000   2.574 0.000 0.016 0.000  0.190 0.000
137.208333 138.208333   59.02 0.000  1.92 0.000 9.999 0.259000  0.47 0.000 0.075 0.000   2.708 0.000   3.791 0.000  15.656 0.000   7.238 0.000   8.418 0.000 0.056 0.000  0.589 0.000
140.208333 141.208333   72.50 0.000  2.04 0.000 9.999 0.259000  1.04 0.000 0.087 0.000   2.599 0.000   3.638 0.000  18.587 0.000   9.845 0.000   8.742 0.000 0.051 0.000  0.657 0.000
143.208333 144.208333   12.12 0.000  1.23 0.000 0.024 0.000000  0.27 0.000 0.056 0.000   1.014 0.000   1.420 0.000   6.618 0.000   1.683 0.000   4.934 0.000 0.023 0.000  0.552 0.000
146.208333 147.208333   21.39 0.000  1.51 0.000 9.999 0.259000  0.66 0.000 0.027 0.000   1.216 0.000   1.703 0.000  10.072 0.000   5.024 0.000   5.048 0.000 0.024 0.000  0.569 0.000
149.208333 150.208333   40.24 0.000  2.26 0.000 9.999 0.259000  1.94 0.000 0.130 0.000   2.461 0.000   3.446 0.000  15.931 0.000   6.520 0.000   9.412 0.000 0.041 0.000  0.923 0.000
152.208333 153.208333   37.55 0.000  0.75 0.000 9.999 0.259000  1.50 0.000 0.010 0.000   1.199 0.000   1.679 0.000  10.662 0.000   6.946 0.000   3.716 0.000 0.027 0.000  0.245 0.000
155.208333 156.208333   23.21 0.000  0.66 0.000 9.999 0.259000  0.28 0.000 0.045 0.000   1.600 0.000   2.240 0.000  10.621 0.000   4.895 0.000   5.726 0.000 0.027 0.000  0.343 0.000
158.208333 159.208333   27.74 0.000  2.44 0.000 0.080 0.000000  1.55 0.000 0.089 0.000   1.949 0.000   2.728 0.000  16.054 0.000   1.982 0.000  14.072 0.000 0.038 0.000  2.317 0.000
161.208333 162.208333   37.09 0.000  0.81 0.000 9.999 0.259000  0.95 0.000 0.082 0.000   1.562 0.000   2.187 0.000  17.135 0.000   7.249 0.000   9.886 0.000 0.041 0.000  1.252 0.000
164.208333 165.208333    5.64 0.000  0.31 0.000 9.999 0.259000  0.26 0.000 0.009 0.000   0.813 0.000   1.138 0.000   3.596 0.000   1.483 0.000   2.114 0.000 0.009 0.000  0.140 0.000
167.208333 168.208333   18.32 0.000  1.30 0.000 9.999 0.259000  1.08 0.000 0.061 0.000   1.216 0.000   1.702 0.000   9.758 0.000   5.323 0.000   4.435 0.000 0.025 0.000  0.478 0.000
170.208333 171.208333   37.43 0.000  0.40 0.000 9.999 0.259000  0.42 0.000 0.013 0.000   1.253 0.000   1.754 0.000  12.745 0.000   8.820 0.000   3.925 0.000 0.028 0.000  0.239 0.000
173.208333 174.208333   29.68 0.000  2.25 0.000 9.999 0.259000  1.65 0.000 0.046 0.000   3.772 0.000   5.281 0.000  14.134 0.000   4.448 0.000   9.686 0.000 0.048 0.000  0.435 0.000
176.208333 177.208333   70.42 0.000  2.72 0.000 9.999 0.259000  2.77 0.000 0.082 0.000   6.183 0.000   8.656 0.000  39.093 0.000   8.734 0.000  30.359 0.000 0.076 0.000  3.957 0.000
179.208333 180.208333   32.05 0.000  2.52 0.000 9.999 0.259000  1.17 0.000 0.054 0.000   4.112 0.000   5.757 0.000  19.159 0.000   5.511 0.000  13.647 0.000 0.069 0.000  1.181 0.000
182.208333 183.208333   14.19 0.000  0.54 0.000 0.037 0.000000  0.12 0.000 0.011 0.559   1.108 0.000   1.551 0.000   8.358 0.000   4.428 0.000   3.929 0.000 0.016 0.000  0.265 0.559
185.208333 186.208333   29.35 0.000  5.50 0.000 9.999 0.259000  2.38 0.000 0.066 0.000   2.315 0.000   3.241 0.000  19.299 0.000   2.821 0.000  16.478 0.000 0.118 0.000  2.435 0.000
188.208333 189.208333   29.99 0.000  1.90 0.000 9.999 0.259000  1.90 0.000 0.043 0.000   2.077 0.000   2.907 0.000  20.035 0.000   1.273 0.000  18.762 0.000 0.061 0.000  2.822 0.000
191.208333 192.208333   39.61 0.000  0.40 0.000 9.999 0.259000  0.17 0.000 0.015 0.000   0.731 0.000   1.023 0.000   7.389 0.000   3.886 0.000   3.503 0.000 0.023 0.000  0.258 0.000
194.208333 195.208333   17.58 0.000  1.70 0.000 0.071 0.000000  1.19 0.000 0.043 0.000   2.328 0.000   3.259 0.000  10.699 0.000   3.176 0.000   7.523 0.000 0.037 0.000  0.621 0.000
197.208333 198.208333   13.26 0.000  1.41 0.000 9.999 0.259000  1.94 0.000 0.059 0.000   1.426 0.000   1.996 0.000  10.578 0.000   3.299 0.000   7.279 0.000 0.015 0.000  0.971 0.000
200.208333 201.208333   11.46 0.000  1.44 0.000 9.999 0.259000  1.66 0.000 0.044 0.000   1.900 0.000   2.660 0.000   9.367 0.000   2.027 0.000   7.340 0.000 0.033 0.000  0.856 0.000
203.208333 204.208333   34.56 0.000  2.03 0.000 9.999 0.259000  1.79 0.000 0.101 0.000   1.324 0.000   1.854 0.000  17.846 0.000   3.127 0.000  14.719 0.000 0.038 0.000  2.368 0.000
206.208333 207.208333   24.96 0.000  2.20 0.000 9.999 0.259000  1.27 0.000 0.039 0.000   2.931 0.000   4.103 0.000  16.392 0.000   3.691 0.000  12.701 0.000 0.036 0.000  1.476 0.000
209.208333 210.208333   24.34 0.000  0.87 0.000 9.999 0.259000  0.23 0.000 0.018 0.000   1.545 0.000   2.163 0.000   7.647 0.000   3.667 0.000   3.979 0.000 0.026 0.000  0.206 0.000
212.208333 213.208333   32.28 0.000  1.06 0.000 0.022 0.000000  1.09 0.000 0.031 0.000   1.748 0.000   2.448 0.000  10.548 0.000   4.126 0.000   6.422 0.000 0.026 0.000  0.369 0.000
215.208333 216.208333   76.19 0.000  0.58 0.000 9.999 0.259000  1.13 0.000 0.052 0.000   0.966 0.000   1.353 0.000  13.025 0.000   5.232 0.000   7.793 0.000 0.051 0.000  1.094 0.000
218.208333 219.208333   19.68 0.000  0.47 0.000 9.999 0.259000  0.91 0.000 0.044 0.000   0.857 0.000   1.200 0.000  11.642 0.000   4.241 0.000   7.401 0.000 0.022 0.000  1.137 0.000
221.208333 222.208333   14.42 0.000  0.36 0.000 9.999 0.259000  1.11 0.000 0.086 0.000   0.888 0.000   1.244 0.000  11.724 0.000   3.409 0.000   8.315 0.000 0.030 0.000  1.354 0.000
224.208333 225.208333   19.95 0.000  1.05 0.000 9.999 0.259000  1.42 0.000 0.038 0.000   2.678 0.000   3.749 0.000  15.073 0.000   5.418 0.000   9.655 0.000 0.028 0.000  0.883 0.000
227.208333 228.208333   23.49 0.000  1.50 0.000 9.999 0.259000  0.82 0.000 0.037 0.000   2.445 0.000   3.422 0.000  14.706 0.000   4.320 0.000  10.386 0.000 0.034 0.000  1.183 0.000
230.208333 231.208333   25.67 0.000  0.76 0.000 9.999 0.259000  1.23 0.000 0.034 0.000   2.170 0.000   3.038 0.000  10.861 0.000   4.815 0.000   6.045 0.000 0.026 0.000  0.285 0.000
233.208333 234.208333   38.74 0.000  2.08 0.000 9.999 0.259000  1.33 0.000 0.080 0.000   4.333 0.000   6.066 0.000  28.641 0.000   4.687 0.000  23.954 0.000 0.049 0.000  3.357 0.000
236.208333 237.208333   23.48 0.000  1.27 0.000 9.999 0.259000  0.95 0.000 0.033 0.000   1.187 0.000   1.662 0.000   8.013 0.000   4.071 0.000   3.942 0.000 0.033 0.000  0.227 0.000
239.208333 240.208333   10.75 0.000  0.43 0.000 9.999 0.259000  0.32 0.000 0.009 0.000   0.731 0.000   1.023 0.000   5.841 0.000   3.405 0.000   2.437 0.000 0.011 0.000  0.180 0.000
242.208333 243.208333    8.68 0.000  1.83 0.000 9.999 0.259000  1.11 0.000 0.046 0.000   1.205 0.000   1.687 0.000   5.383 0.000   1.896 0.000   3.487 0.000 0.076 0.000  0.578 0.000
245.208333 246.208333   36.23 0.000  0.74 0.000 9.999 0.259000  0.34 0.000 0.025 0.000   1.021 0.000   1.429 0.000  12.360 0.000   8.417 0.000   3.942 0.000 0.024 0.000  0.238 0.000
248.208333 249.208333   18.32 0.000  1.85 0.000 9.999 0.259000  0.40 0.000 0.023 0.000   1.938 0.000   2.713 0.000   8.424 0.000   3.814 0.000   4.609 0.000 0.044 0.000  0.246 0.000
251.208333 252.208333   79.17 0.394  0.97 0.394 9.999 0.394259  3.04 0.394 0.020 0.394   1.103 0.000   1.544 0.000  10.513 0.000   5.718 0.000   4.795 0.000 0.042 0.394  0.239 0.394
254.208333 255.208333   45.29 0.000  2.13 0.000 9.999 0.259000  1.29 0.000 0.056 0.000   1.414 0.000   1.980 0.000  12.985 0.000   6.916 0.000   6.069 0.000 0.034 0.000  0.427 0.000
257.208333 258.208333   15.45 0.000  0.68 0.000 0.035 0.000000  1.47 0.000 0.068 0.000   0.957 0.000   1.340 0.000   9.640 0.000   4.719 0.000   4.921 0.000 0.025 0.000  0.561 0.000
260.208333 261.208333   40.59 0.000  1.53 0.000 0.022 0.000000  0.86 0.000 0.035 0.000   2.222 0.000   3.111 0.000  13.601 0.000   7.261 0.000   6.341 0.000 0.036 0.000  0.374 0.000
