scripts/IMPROVE-2019_partial/data/US9070R.20060102070000.20191216000000.filterpack..pm25.52w.1w.US03L_filterpack_US9070.US03L_IMPROVE_Davis.lev2.nas
64 1001
MISSING INFORMATION
US03L, IMPROVE, , , , , , , 
MISSING INFORMATION
IMPROVE sel_HTAP
1 1
2006 01 01 2019 12 16
3.000000
days from file reference point
25
1 1 1 1 1 1 1 1 1 1 1 1 1 1 1 1 1 1 1 1 1 1 1 1 1
999.999999 9999.99 9.999 99.99 9.999 9.999 9.999 9.99 9.999 9.999 9.999 99.999 9.999 99.999 9.999 999.999 9.999 99.999 9.999 999.999 9.999 9.999 9.999 9.999 9.999
end_time of measurement, days from the file reference point
iron, ng/m3, Revision date=20181210133000
numflag iron, no unit, Revision date=20181210133000
lead, ng/m3, Revision date=20181210133000
numflag lead, no unit, Revision date=20181210133000
magnesium, ug/m3, Revision date=20181210133000
numflag magnesium, no unit, Revision date=20181210133000
nickel, ng/m3, Revision date=20181210133000
numflag nickel, no unit, Revision date=20181210133000
nitrate, ug N/m3, Revision date=20181210133000
numflag nitrate, no unit, Revision date=20181210133000
organic_carbon, ug C/m3, Revision date=20181210133000
numflag organic_carbon, no unit, Revision date=20181210133000
organic_mass, ug/m3, Revision date=20181210133000
numflag organic_mass, no unit, Revision date=20181210133000
pm10_mass, ug/m3, Version=2, Version description=Data extracted from http://views.cira.colostate.edu/fed/DataWizard 2019-12-16, Sample duration=1d, Orig. time res.=3d, Matrix=pm10, Blank correction=Blank corrected, Volume std. temperature=ambient, Volume std. pressure=ambient
numflag pm10_mass, no unit, Version=2, Version description=Data extracted from http://views.cira.colostate.edu/fed/DataWizard 2019-12-16, Sample duration=1d, Orig. time res.=3d, Matrix=pm10, Blank correction=Blank corrected, Volume std. temperature=ambient, Volume std. pressure=ambient
pm10_pm25_mass, ug/m3, Revision date=20181210133000, Matrix=pm10_pm25
numflag pm10_pm25_mass, no unit, Revision date=20181210133000, Matrix=pm10_pm25
pm25_mass, ug/m3, Version=2, Version description=Data extracted from http://views.cira.colostate.edu/fed/DataWizard 2019-12-16, Sample duration=1d, Orig. time res.=3d, Blank correction=Blank corrected, Volume std. temperature=ambient, Volume std. pressure=ambient
numflag pm25_mass, no unit, Version=2, Version description=Data extracted from http://views.cira.colostate.edu/fed/DataWizard 2019-12-16, Sample duration=1d, Orig. time res.=3d, Blank correction=Blank corrected, Volume std. temperature=ambient, Volume std. pressure=ambient
potassium, ug/m3, Revision date=20181210133000
numflag potassium, no unit, Revision date=20181210133000
sulphate_total, ug S/m3, Revision date=20181210133000
numflag sulphate_total, no unit, Revision date=20181210133000
0
25
Data definition:              EBAS_1.1
Set type code:                TU
Timezone:                     UTC
File name:                    US9070R.20060102070000.20191216000000.filterpack..pm25.52w.1w.US03L_filterpack_US9070.US03L_IMPROVE_Davis.lev2.nas
File creation:                20191218121020
Startdate:                    20060102070000
Revision date:                20191216000000
Statistics:                   arithmetic mean
Data level:                   2
Period code:                  52w
Resolution code:              1w
Station code:                 US9070R
Platform code:                US9070S
Station name:                 San Pedro Parks
Station latitude:             36.0139
Station longitude:            -106.8447
Station altitude:             2935.0 m
Regime:                       IMG
Component:                    
Matrix:                       pm25
Laboratory code:              US03L
Instrument type:              filterpack
Instrument name:              filterpack_US9070
Method ref:                   US03L_IMPROVE_Davis
starttime endtime Fe flag_Fe Pb flag_Pb Mg++ flag_Mg++ Ni flag_Ni NO3- flag_NO3- OC flag_OC OM flag_OM PM10 flag_PM10 PM10-PM2.5 flag_PM10-PM2.5 PM2.5 flag_PM2.5 K+ flag_K+ SO4-- flag_SO4--
[from data line 92]
277.291667 278.291667   33.20 0.000  0.46 0.000 9.999 0.259 0.16 0.000 0.092 0.000  0.931 0.000  1.677 0.000   9.810 0.000  4.127 0.000   5.683 0.000 0.041 0.000 0.707 0.000
280.291667 281.291667    5.89 0.000  0.38 0.000 9.999 0.259 9.99 0.259 0.014 0.000  0.297 0.000  0.534 0.000   0.982 0.000  0.184 0.000   0.798 0.000 0.007 0.000 0.114 0.000
283.291667 284.291667   19.54 0.000  0.48 0.000 0.007 0.000 9.99 0.259 0.046 0.000  0.211 0.000  0.380 0.000   3.681 0.000  1.900 0.000   1.782 0.000 0.017 0.000 0.158 0.000
286.291667 287.291667   11.93 0.000  0.74 0.000 9.999 0.259 0.37 0.000 0.024 0.000  0.176 0.000  0.317 0.000   3.228 0.000  1.475 0.000   1.753 0.000 0.012 0.000 0.146 0.000
289.291667 290.291667   16.70 0.000  0.47 0.000 9.999 0.259 9.99 0.259 0.057 0.000  0.327 0.000  0.588 0.000   3.654 0.000  1.634 0.000   2.020 0.000 0.013 0.000 0.190 0.000
292.291667 293.291667    5.36 0.000  0.43 0.000 9.999 0.259 9.99 0.259 0.010 0.000  0.104 0.000  0.188 0.000   1.967 0.000  0.569 0.000   1.398 0.000 0.007 0.000 0.137 0.000
295.291667 296.291667    7.65 0.000  0.66 0.000 9.999 0.259 9.99 0.259 0.005 0.000  0.166 0.559  0.299 0.559   1.508 0.000  0.505 0.000   1.003 0.000 0.008 0.000 0.101 0.000
298.291667 299.291667    7.56 0.000  0.46 0.000 9.999 0.259 9.99 0.259 0.028 0.000  0.028 0.000  0.050 0.000 999.999 0.456 99.999 0.999   1.292 0.000 0.006 0.000 0.124 0.000
301.291667 302.291667    6.40 0.000  0.27 0.000 9.999 0.259 9.99 0.259 0.004 0.000  0.169 0.000  0.304 0.000 999.999 0.456 99.999 0.999   0.978 0.000 0.006 0.000 0.108 0.000
304.291667 305.291667 9999.99 0.999 99.99 0.999 9.999 0.999 9.99 0.999 9.999 0.999 99.999 0.999 99.999 0.999 999.999 0.999 99.999 0.999 999.999 0.999 9.999 0.999 9.999 0.999
307.291667 308.291667   17.50 0.000  0.60 0.000 9.999 0.259 9.99 0.259 0.017 0.000  0.888 0.000  1.598 0.000   4.295 0.000  1.609 0.000   2.686 0.000 0.018 0.000 0.158 0.000
310.291667 311.291667    7.06 0.000  0.23 0.000 9.999 0.259 9.99 0.259 0.007 0.000  0.242 0.000  0.435 0.000   2.169 0.000  1.253 0.000   0.916 0.000 0.007 0.000 0.037 0.000
313.291667 314.291667   17.00 0.000  0.72 0.000 9.999 0.259 9.99 0.259 0.012 0.000  0.159 0.000  0.286 0.000   4.401 0.000  2.674 0.000   1.727 0.000 0.017 0.000 0.163 0.000
316.291667 317.291667   11.00 0.000  0.61 0.000 9.999 0.259 9.99 0.259 0.022 0.000  0.165 0.000  0.297 0.000   2.484 0.000  0.841 0.000   1.643 0.000 0.008 0.000 0.166 0.000
319.291667 320.291667    7.30 0.000  0.56 0.000 9.999 0.259 9.99 0.259 0.002 0.000  0.015 0.000  0.027 0.000   1.481 0.000  0.378 0.000   1.103 0.000 0.010 0.000 0.107 0.000
322.291667 323.291667   10.04 0.000  0.49 0.000 9.999 0.259 9.99 0.259 0.012 0.000  0.317 0.000  0.571 0.000   2.796 0.000  1.139 0.000   1.656 0.000 0.013 0.000 0.106 0.000
325.291667 326.291667   21.89 0.000  0.33 0.000 9.999 0.259 9.99 0.259 0.008 0.000  0.405 0.000  0.729 0.000   4.054 0.000  2.050 0.000   2.004 0.000 0.020 0.000 0.140 0.000
328.291667 329.291667   21.75 0.000  1.11 0.000 9.999 0.259 9.99 0.259 0.036 0.000  0.292 0.000  0.526 0.000   5.009 0.000  2.891 0.000   2.118 0.000 0.021 0.000 0.177 0.000
331.291667 332.291667    6.28 0.000  0.70 0.000 9.999 0.259 9.99 0.259 0.023 0.000  0.173 0.000  0.311 0.000   2.476 0.000  1.156 0.000   1.320 0.000 0.008 0.000 0.141 0.000
334.291667 335.291667    2.74 0.000  0.18 0.000 9.999 0.259 9.99 0.259 0.005 0.000  0.058 0.000  0.105 0.000   1.196 0.000  0.545 0.000   0.651 0.000 0.004 0.000 0.057 0.000
337.291667 338.291667    4.70 0.000  0.30 0.000 9.999 0.259 9.99 0.259 0.003 0.000  0.089 0.000  0.160 0.000   0.862 0.000  0.303 0.000   0.559 0.000 0.004 0.000 0.038 0.000
340.291667 341.291667   12.15 0.000  0.15 0.000 9.999 0.259 0.22 0.000 0.067 0.000  0.416 0.000  0.749 0.000   3.044 0.000  1.806 0.000   1.238 0.000 0.011 0.000 0.051 0.000
343.291667 344.291667   12.91 0.000  0.31 0.000 9.999 0.259 9.99 0.259 0.024 0.000  0.512 0.000  0.921 0.000   3.060 0.000  1.207 0.000   1.853 0.000 0.014 0.000 0.149 0.000
346.291667 347.291667    8.09 0.000  0.27 0.000 9.999 0.259 9.99 0.259 0.005 0.000  0.051 0.000  0.093 0.000   1.565 0.000  0.740 0.000   0.826 0.000 0.006 0.000 0.086 0.000
349.291667 350.291667   11.78 0.000  0.24 0.000 9.999 0.259 9.99 0.259 0.004 0.000  0.053 0.000  0.096 0.000   1.764 0.000  0.721 0.000   1.043 0.000 0.010 0.000 0.087 0.000
352.291667 353.291667    1.88 0.000  0.12 0.000 9.999 0.259 9.99 0.259 0.006 0.000  0.050 0.000  0.089 0.000   0.908 0.000  0.129 0.000   0.780 0.000 0.004 0.000 0.078 0.000
355.291667 356.291667    1.30 0.000  0.10 0.000 9.999 0.259 9.99 0.259 0.002 0.000  0.063 0.000  0.113 0.000   0.576 0.000  0.043 0.000   0.533 0.000 0.003 0.000 0.039 0.000
358.291667 359.291667    1.72 0.000 99.99 0.259 9.999 0.259 9.99 0.259 0.006 0.000  0.037 0.000  0.066 0.000   0.744 0.000  0.241 0.000   0.502 0.000 0.002 0.000 0.056 0.000
361.291667 362.291667   14.71 0.000  0.25 0.000 9.999 0.259 9.99 0.259 0.021 0.000  0.175 0.000  0.316 0.000   2.599 0.000  1.280 0.000   1.319 0.000 0.015 0.000 0.116 0.000
364.291667 365.291667    2.17 0.000  0.38 0.000 9.999 0.259 0.09 0.000 0.012 0.000  0.047 0.000  0.085 0.000   0.947 0.000  0.175 0.000   0.772 0.000 0.004 0.000 0.097 0.000
