scripts/IMPROVE-2019_partial/data/US9078R.20050101080000.20191216000000.filterpack..pm25.52w.1w.US03L_filterpack_US9078.US03L_IMPROVE_Davis.lev2.nas
66 1001
MISSING INFORMATION
US03L, IMPROVE, , , , , , , 
MISSING INFORMATION
IMPROVE sel_HTAP
1 1
2005 01 01 2019 12 16
3.000000
days from file reference point
27
1 1 1 1 1 1 1 1 1 1 1 1 1 1 1 1 1 1 1 1 1 1 1 1 1 1 1
999.999999 999.99 9.999 99.99 9.999 9.999 9.999999 9.99 9.999999 9.999 9.999 99.999 9.999 99.999 9.999 999.99 9.999999 999.999 9.999 99.999 9.999 99.999 9.999 9.999 9.999 9.999 9.999
end_time of measurement, days from the file reference point
iron, ng/m3, Revision date=20181210133000
numflag iron, no unit, Revision date=20181210133000
lead, ng/m3, Revision date=20181210133000
numflag lead, no unit, Revision date=20181210133000
magnesium, ug/m3, Revision date=20181210133000
numflag magnesium, no unit, Revision date=20181210133000
nickel, ng/m3, Revision date=20181210133000
numflag nickel, no unit, Revision date=20181210133000
nitrate, ug N/m3, Revision date=20181210133000
numflag nitrate, no unit, Revision date=20181210133000
organic_carbon, ug C/m3, Revision date=20181210133000
numflag organic_carbon, no unit, Revision date=20181210133000
organic_mass, ug/m3, Revision date=20181210133000
numflag organic_mass, no unit, Revision date=20181210133000
phosphorus, ng/m3, Revision date=20181210133000
numflag phosphorus, no unit, Revision date=20181210133000
pm10_mass, ug/m3, Version=2, Version description=Data extracted from http://views.cira.colostate.edu/fed/DataWizard 2019-12-16, Sample duration=1d, Orig. time res.=3d, Matrix=pm10, Blank correction=Blank corrected, Volume std. temperature=ambient, Volume std. pressure=ambient
numflag pm10_mass, no unit, Version=2, Version description=Data extracted from http://views.cira.colostate.edu/fed/DataWizard 2019-12-16, Sample duration=1d, Orig. time res.=3d, Matrix=pm10, Blank correction=Blank corrected, Volume std. temperature=ambient, Volume std. pressure=ambient
pm10_pm25_mass, ug/m3, Revision date=20181210133000, Matrix=pm10_pm25
numflag pm10_pm25_mass, no unit, Revision date=20181210133000, Matrix=pm10_pm25
pm25_mass, ug/m3, Version=2, Version description=Data extracted from http://views.cira.colostate.edu/fed/DataWizard 2019-12-16, Sample duration=1d, Orig. time res.=3d, Blank correction=Blank corrected, Volume std. temperature=ambient, Volume std. pressure=ambient
numflag pm25_mass, no unit, Version=2, Version description=Data extracted from http://views.cira.colostate.edu/fed/DataWizard 2019-12-16, Sample duration=1d, Orig. time res.=3d, Blank correction=Blank corrected, Volume std. temperature=ambient, Volume std. pressure=ambient
potassium, ug/m3, Revision date=20181210133000
numflag potassium, no unit, Revision date=20181210133000
sulphate_total, ug S/m3, Revision date=20181210133000
numflag sulphate_total, no unit, Revision date=20181210133000
0
25
Data definition:              EBAS_1.1
Set type code:                TU
Timezone:                     UTC
File name:                    US9078R.20050101080000.20191216000000.filterpack..pm25.52w.1w.US03L_filterpack_US9078.US03L_IMPROVE_Davis.lev2.nas
File creation:                20191218121055
Startdate:                    20050101080000
Revision date:                20191216000000
Statistics:                   arithmetic mean
Data level:                   2
Period code:                  52w
Resolution code:              1w
Station code:                 US9078R
Platform code:                US9078S
Station name:                 White Pass
Station latitude:             46.6243
Station longitude:            -121.3881
Station altitude:             1827.0 m
Regime:                       IMG
Component:                    
Matrix:                       pm25
Laboratory code:              US03L
Instrument type:              filterpack
Instrument name:              filterpack_US9078
Method ref:                   US03L_IMPROVE_Davis
starttime endtime Fe flag_Fe Pb flag_Pb Mg++ flag_Mg++ Ni flag_Ni NO3- flag_NO3- OC flag_OC OM flag_OM P flag_P PM10 flag_PM10 PM10-PM2.5 flag_PM10-PM2.5 PM2.5 flag_PM2.5 K+ flag_K+ SO4-- flag_SO4--
  0.333333   1.333333   0.30 0.000  0.17 0.000 9.999 0.259000 0.12 0.000000 0.005 0.000  0.036 0.000  0.065 0.000 999.99 0.259000   0.208 0.000  0.115 0.000  0.093 0.000 0.001 0.000 0.009 0.000
  3.333333   4.333333   0.78 0.000  0.15 0.000 9.999 0.259000 0.20 0.000000 0.008 0.000  0.032 0.000  0.057 0.000 999.99 0.259000   2.125 0.000  1.628 0.000  0.532 0.000 0.003 0.000 0.044 0.000
  6.333333   7.333333   0.79 0.000 99.99 0.259 9.999 0.259000 0.17 0.000000 0.040 0.000  0.020 0.000  0.035 0.000 999.99 0.259000   6.206 0.000  5.960 0.000  0.246 0.000 0.003 0.000 0.026 0.000
  9.333333  10.333333   1.71 0.000  0.29 0.000 9.999 0.259000 0.13 0.000000 0.015 0.000 99.999 0.259 99.999 0.259 999.99 0.259000   1.038 0.000  0.707 0.000  0.332 0.000 0.003 0.000 0.043 0.000
 12.333333  13.333333   4.06 0.000  0.26 0.000 9.999 0.259000 0.17 0.000000 0.022 0.000  0.007 0.000  0.013 0.000 999.99 0.259000   4.948 0.000  3.914 0.000  1.033 0.000 0.007 0.000 0.148 0.000
 15.333333  16.333333   1.95 0.000  0.55 0.000 9.999 0.259000 9.99 0.259000 0.003 0.000 99.999 0.259 99.999 0.259 999.99 0.259000   1.198 0.000  0.718 0.000  0.480 0.000 0.003 0.000 0.081 0.000
 18.333333  19.333333 999.99 0.999 99.99 0.999 9.999 0.999000 9.99 0.999000 9.999 0.999 99.999 0.999 99.999 0.999 999.99 0.999000 999.999 0.999 99.999 0.999 99.999 0.999 9.999 0.999 9.999 0.999
 21.333333  22.333333   4.12 0.000  0.33 0.000 9.999 0.259000 9.99 0.259000 0.003 0.000  0.048 0.000  0.087 0.000 999.99 0.259000   0.901 0.000  0.262 0.000  0.640 0.000 0.009 0.000 0.090 0.000
 24.333333  25.333333   8.71 0.000  0.86 0.000 9.999 0.259000 0.12 0.000000 0.024 0.000  0.385 0.000  0.693 0.000 999.99 0.259000   3.246 0.000  1.267 0.000  2.004 0.000 0.016 0.000 0.213 0.000
 27.333333  28.333333   0.18 0.000  0.14 0.000 0.005 0.000000 9.99 0.259000 0.011 0.000 99.999 0.259 99.999 0.259 999.99 0.259000   0.207 0.000  0.207 0.000 99.999 0.259 0.001 0.000 0.012 0.000
 30.333333  31.333333   6.52 0.000  1.57 0.000 0.006 0.000000 0.11 0.000000 0.029 0.000  0.079 0.000  0.142 0.000 999.99 0.259000   2.355 0.000  0.800 0.000  1.554 0.000 0.018 0.000 0.196 0.000
 33.333333  34.333333   8.19 0.000  0.33 0.000 9.999 0.259000 0.08 0.000000 0.003 0.000  0.024 0.000  0.043 0.000 999.99 0.259000   2.213 0.000  1.747 0.000  0.466 0.000 0.009 0.000 0.057 0.000
 36.333333  37.333333   0.35 0.000  0.20 0.000 9.999 0.259000 0.14 0.000000 0.001 0.000 99.999 0.259 99.999 0.259 999.99 0.259000   0.166 0.000  0.166 0.000 99.999 0.259 0.001 0.000 0.010 0.000
 39.333333  40.333333  17.48 0.000  0.37 0.000 0.006 0.000000 0.09 0.000000 0.005 0.000 99.999 0.259 99.999 0.259 999.99 0.259000   2.187 0.000  1.388 0.000  0.799 0.000 0.010 0.000 0.044 0.000
 42.333333  43.333333   7.26 0.000  0.64 0.000 9.999 0.259000 9.99 0.259000 0.035 0.000  0.175 0.000  0.316 0.000 999.99 0.259000   2.066 0.000  1.026 0.000  1.040 0.000 0.007 0.000 0.088 0.000
 45.333333  46.333333   9.67 0.000  0.32 0.000 0.007 0.000000 0.07 0.000000 0.065 0.000  0.157 0.000  0.282 0.000 999.99 0.259000   3.791 0.000  2.553 0.000  1.291 0.000 0.010 0.000 0.110 0.000
 48.333333  49.333333  14.25 0.000  0.38 0.000 9.999 0.259000 9.99 0.259000 0.083 0.000  0.330 0.000  0.595 0.000 999.99 0.259000   3.328 0.000  1.747 0.000  1.599 0.000 0.015 0.000 0.108 0.000
 51.333333  52.333333  11.25 0.000  0.53 0.000 0.005 0.000000 9.99 0.259000 0.013 0.000  0.422 0.000  0.760 0.000 999.99 0.259000   2.483 0.000  0.706 0.000  1.776 0.000 0.016 0.000 0.114 0.000
 54.333333  55.333333  22.62 0.000  0.42 0.000 9.999 0.259000 9.99 0.259000 0.008 0.000  0.242 0.000  0.436 0.000 999.99 0.259000   3.616 0.000  2.234 0.000  1.381 0.000 0.017 0.000 0.063 0.000
 57.333333  58.333333  38.78 0.000  1.28 0.000 0.008 0.000000 0.04 0.000000 0.325 0.000  1.395 0.000  2.511 0.000 999.99 0.259000   9.268 0.000  4.321 0.000  4.944 0.000 0.046 0.000 0.126 0.000
 60.333333  61.333333   4.10 0.000  0.62 0.000 9.999 0.259000 9.99 0.259000 0.076 0.000  0.270 0.000  0.486 0.000 999.99 0.259000   1.688 0.000  0.800 0.000  0.887 0.000 0.008 0.000 0.094 0.000
 63.333333  64.333333  19.08 0.000  0.82 0.000 9.999 0.259000 0.14 0.000000 0.024 0.000  0.255 0.000  0.459 0.000 999.99 0.259000   1.808 0.000  0.778 0.000  1.029 0.000 0.022 0.000 0.108 0.000
 66.333333  67.333333   8.82 0.000  0.63 0.000 9.999 0.259000 9.99 0.259000 0.027 0.000  0.241 0.000  0.434 0.000 999.99 0.259000   1.494 0.000  0.625 0.000  0.880 0.000 0.010 0.000 0.086 0.000
 69.333333  70.333333  32.24 0.000  1.13 0.000 9.999 0.259000 9.99 0.259000 0.024 0.000  0.725 0.000  1.306 0.000 999.99 0.259000   4.554 0.000  2.060 0.000  2.493 0.000 0.031 0.000 0.135 0.000
 72.333333  73.333333  70.78 0.000  2.23 0.000 0.023 0.000000 0.11 0.000000 0.028 0.000  0.508 0.000  0.914 0.000 999.99 0.259000   5.307 0.000  2.283 0.000  3.022 0.000 0.050 0.000 0.203 0.000
 75.333333  76.333333   5.75 0.000  0.34 0.000 9.999 0.259000 0.24 0.000000 0.012 0.000 99.999 0.259 99.999 0.259 999.99 0.259000   1.161 0.000  0.592 0.000  0.568 0.000 0.005 0.000 0.071 0.000
 78.333333  79.333333   0.63 0.000 99.99 0.259 9.999 0.259000 9.99 0.259000 9.999 0.259  0.042 0.000  0.075 0.000 999.99 0.259000   0.248 0.000  0.188 0.000  0.060 0.000 0.001 0.000 0.004 0.000
 81.333333  82.333333   6.20 0.000  0.71 0.000 9.999 0.259000 0.11 0.000000 0.034 0.000  0.277 0.000  0.499 0.000 999.99 0.259000   6.641 0.000  5.213 0.000  1.427 0.000 0.011 0.000 0.193 0.000
 84.333333  85.333333   0.79 0.000  0.32 0.000 9.999 0.259000 0.17 0.000000 9.999 0.259 99.999 0.259 99.999 0.259 999.99 0.259000   0.289 0.000  0.289 0.000 99.999 0.259 0.001 0.000 0.009 0.000
 87.333333  88.333333 999.99 0.999 99.99 0.999 9.999 0.999000 9.99 0.999000 9.999 0.999 99.999 0.999 99.999 0.999 999.99 0.999000 999.999 0.999 99.999 0.999 99.999 0.999 9.999 0.999 9.999 0.999
 90.333333  91.333333   1.72 0.000  0.48 0.000 9.999 0.259000 0.09 0.000000 0.006 0.000 99.999 0.259 99.999 0.259 999.99 0.259000   1.450 0.000  1.009 0.000  0.440 0.000 0.005 0.000 0.077 0.000
 93.333333  94.333333   0.82 0.000  0.34 0.000 9.999 0.259000 0.10 0.000000 0.007 0.000 99.999 0.259 99.999 0.259 999.99 0.259000   0.497 0.000  0.198 0.000  0.299 0.000 0.004 0.000 0.057 0.000
 96.333333  97.333333  12.84 0.000  0.72 0.000 9.999 0.259000 9.99 0.259000 0.048 0.000  0.295 0.000  0.532 0.000 999.99 0.259000   3.218 0.000  1.877 0.000  1.341 0.000 0.017 0.000 0.111 0.000
 99.333333 100.333333  22.76 0.000  1.00 0.000 9.999 0.259000 9.99 0.259000 0.015 0.000  0.115 0.000  0.207 0.000 999.99 0.259000   3.251 0.000  1.462 0.000  1.789 0.000 0.026 0.000 0.247 0.000
102.333333 103.333333   1.76 0.000  0.54 0.000 0.004 0.000000 0.06 0.000000 0.008 0.000 99.999 0.259 99.999 0.259 999.99 0.259000   1.530 0.000  0.697 0.000  0.833 0.000 0.006 0.000 0.117 0.000
105.333333 106.333333   9.92 0.000  0.42 0.000 9.999 0.259000 0.03 0.000000 0.009 0.000  0.205 0.000  0.369 0.000 999.99 0.259000   1.362 0.000  0.565 0.000  0.796 0.000 0.010 0.000 0.087 0.000
108.333333 109.333333  12.36 0.000  0.24 0.000 0.005 0.000000 0.11 0.000000 0.022 0.000  0.376 0.000  0.676 0.000 999.99 0.259000   2.596 0.000  0.912 0.000  1.683 0.000 0.012 0.000 0.150 0.000
111.333333 112.333333  32.96 0.000  0.55 0.000 9.999 0.259000 9.99 0.259000 0.058 0.000  0.467 0.000  0.841 0.000 999.99 0.259000   7.553 0.000  5.386 0.000  2.166 0.000 0.019 0.000 0.134 0.000
114.333333 115.333333  39.18 0.000  0.81 0.000 0.007 0.000000 9.99 0.259000 0.126 0.000  0.814 0.000  1.466 0.000 999.99 0.259000   7.034 0.000  3.568 0.000  3.463 0.000 0.028 0.000 0.284 0.000
117.333333 118.333333  34.07 0.000  0.78 0.000 9.999 0.259000 9.99 0.259000 0.015 0.000  0.334 0.000  0.601 0.000 999.99 0.259000   6.951 0.000  4.365 0.000  2.584 0.000 0.022 0.000 0.231 0.000
120.333333 121.333333  38.48 0.000  1.01 0.000 9.999 0.259000 9.99 0.259000 0.131 0.000  0.961 0.000  1.730 0.000 999.99 0.259000   7.795 0.000  3.962 0.000  3.830 0.000 0.028 0.000 0.318 0.000
123.333333 124.333333  17.25 0.000  1.26 0.000 9.999 0.259000 9.99 0.259000 0.005 0.000  0.133 0.000  0.239 0.000 999.99 0.259000   2.830 0.000  1.492 0.000  1.337 0.000 0.016 0.000 0.260 0.000
126.333333 127.333333   9.89 0.000  0.56 0.000 9.999 0.259000 9.99 0.259000 0.007 0.000  0.045 0.000  0.082 0.000 999.99 0.259000   1.357 0.000  0.577 0.000  0.779 0.000 0.010 0.000 0.125 0.000
129.333333 130.333333   0.64 0.000  0.16 0.000 9.999 0.259000 9.99 0.259000 9.999 0.259 99.999 0.259 99.999 0.259 999.99 0.259000   0.742 0.000  0.630 0.000  0.120 0.000 0.001 0.000 0.002 0.000
132.333333 133.333333  59.14 0.000  1.52 0.000 9.999 0.259000 0.05 0.000000 0.025 0.000  0.232 0.000  0.417 0.000 999.99 0.259000   4.546 0.000  1.868 0.000  2.677 0.000 0.040 0.000 0.263 0.000
135.333333 136.333333   2.63 0.000  0.44 0.000 9.999 0.259000 9.99 0.259000 0.001 0.000 99.999 0.259 99.999 0.259 999.99 0.259000   0.904 0.000  0.421 0.000  0.483 0.000 0.004 0.000 0.094 0.000
138.333333 139.333333   2.73 0.000  0.33 0.000 9.999 0.259000 9.99 0.259000 0.004 0.000  0.011 0.000  0.020 0.000 999.99 0.259000   2.060 0.000  1.471 0.000  0.589 0.000 0.004 0.000 0.067 0.000
141.333333 142.333333   7.05 0.000  0.25 0.000 9.999 0.259000 0.08 0.000000 0.004 0.000 99.999 0.259 99.999 0.259 999.99 0.259000   1.196 0.000  0.421 0.000  0.774 0.000 0.005 0.000 0.092 0.000
144.333333 145.333333  16.72 0.000  0.38 0.000 9.999 0.259000 0.12 0.000000 0.042 0.000  0.521 0.000  0.937 0.000 999.99 0.259000   7.664 0.000  5.904 0.000  1.759 0.000 0.012 0.000 0.119 0.000
147.333333 148.333333  43.07 0.000  0.67 0.000 9.999 0.259000 0.07 0.000000 0.047 0.000  1.817 0.000  3.270 0.000 999.99 0.259000  11.611 0.000  6.202 0.000  5.404 0.000 0.027 0.000 0.270 0.000
150.333333 151.333333   2.90 0.000  0.27 0.000 0.006 0.000000 0.09 0.000000 0.007 0.000  0.091 0.000  0.163 0.000 999.99 0.259000   1.419 0.000  0.601 0.000  0.829 0.000 0.004 0.000 0.088 0.000
153.333333 154.333333   2.86 0.000  0.13 0.000 0.005 0.000000 9.99 0.259000 0.020 0.000  0.067 0.000  0.120 0.000 999.99 0.259000   1.272 0.000  0.301 0.000  0.971 0.000 0.005 0.000 0.091 0.000
156.333333 157.333333   1.48 0.000  0.11 0.000 9.999 0.259000 9.99 0.259000 0.001 0.000 99.999 0.259 99.999 0.259 999.99 0.259000   0.577 0.000  0.240 0.000  0.337 0.000 0.002 0.000 0.036 0.000
159.333333 160.333333   5.67 0.000  0.37 0.000 9.999 0.259000 0.11 0.000000 0.018 0.000  0.621 0.000  1.117 0.000 999.99 0.259000   2.262 0.000  0.409 0.000  1.853 0.000 0.011 0.000 0.185 0.000
162.333333 163.333333   0.93 0.000 99.99 0.259 9.999 0.259000 9.99 0.259000 0.016 0.000  0.066 0.000  0.119 0.000 999.99 0.259000   1.441 0.000  0.601 0.000  0.839 0.000 0.005 0.000 0.108 0.000
165.333333 166.333333  10.03 0.000  0.34 0.000 9.999 0.259000 9.99 0.259000 0.013 0.000  0.025 0.000  0.045 0.000 999.99 0.259000   2.993 0.000  1.645 0.000  1.347 0.000 0.014 0.000 0.117 0.000
168.333333 169.333333   1.10 0.000  0.64 0.000 9.999 0.259000 9.99 0.259000 0.002 0.000  0.038 0.000  0.068 0.000 999.99 0.259000   1.230 0.000  0.332 0.000  0.897 0.000 0.004 0.000 0.069 0.000
171.333333 172.333333  18.79 0.000  0.83 0.000 9.999 0.259000 0.14 0.000000 0.034 0.000  0.992 0.000  1.785 0.000 999.99 0.259000   7.882 0.000  4.574 0.000  3.368 0.000 0.014 0.000 0.218 0.000
174.333333 175.333333  15.01 0.000  0.60 0.000 9.999 0.259000 0.13 0.000000 0.058 0.000  0.851 0.000  1.533 0.000 999.99 0.259000   6.198 0.000  3.057 0.000  3.139 0.000 0.019 0.000 0.173 0.000
177.333333 178.333333 999.99 0.999 99.99 0.999 9.999 0.999000 9.99 0.999000 9.999 0.999 99.999 0.999 99.999 0.999 999.99 0.999000 999.999 0.999 99.999 0.999 99.999 0.999 9.999 0.999 9.999 0.999
180.333333 181.333333   7.07 0.000  0.29 0.000 9.999 0.259000 9.99 0.259000 0.011 0.000  0.217 0.000  0.391 0.000 999.99 0.259000   2.658 0.000  0.857 0.000  1.791 0.000 0.012 0.000 0.172 0.000
183.333333 184.333333   6.66 0.000  0.60 0.000 0.006 0.000000 0.17 0.000000 0.014 0.000  0.445 0.000  0.800 0.000 999.99 0.259000   2.776 0.000  0.628 0.000  2.140 0.000 0.023 0.000 0.180 0.000
186.333333 187.333333 999.99 0.999 99.99 0.999 9.999 0.999000 9.99 0.999000 9.999 0.999 99.999 0.999 99.999 0.999 999.99 0.999000 999.999 0.999 99.999 0.999 99.999 0.999 9.999 0.999 9.999 0.999
189.333333 190.333333 999.99 0.999 99.99 0.999 9.999 0.999000 9.99 0.999000 9.999 0.999 99.999 0.999 99.999 0.999 999.99 0.999000 999.999 0.999 99.999 0.999 99.999 0.999 9.999 0.999 9.999 0.999
192.333333 193.333333   2.54 0.000  0.41 0.000 9.999 0.259000 9.99 0.259000 0.007 0.000  0.222 0.000  0.399 0.000 999.99 0.259000   1.559 0.000  0.372 0.000  1.183 0.000 0.006 0.000 0.140 0.000
195.333333 196.333333  22.07 0.000  0.81 0.000 9.999 0.259000 0.11 0.000000 0.020 0.000  1.124 0.000  2.024 0.000 999.99 0.259000   5.283 0.000  1.940 0.000  3.322 0.000 0.017 0.000 0.194 0.000
198.333333 199.333333  17.57 0.000  0.54 0.000 9.999 0.259000 9.99 0.259000 0.012 0.000  0.935 0.000  1.683 0.000  11.13 0.000000   4.266 0.000  1.997 0.000  2.248 0.000 0.013 0.000 0.115 0.000
201.333333 202.333333  14.32 0.000  0.37 0.000 9.999 0.259000 9.99 0.259000 0.010 0.000  0.764 0.000  1.376 0.000 999.99 0.259000   3.501 0.000  1.796 0.000  1.685 0.000 0.014 0.000 0.098 0.000
204.333333 205.333333  12.93 0.000  0.75 0.000 0.012 0.000000 0.30 0.000000 0.086 0.000  0.705 0.000  1.268 0.000 999.99 0.259000   4.587 0.000  1.084 0.000  3.491 0.000 0.019 0.000 0.329 0.000
207.333333 208.333333 999.99 0.999 99.99 0.999 9.999 0.999000 9.99 0.999000 9.999 0.999 99.999 0.999 99.999 0.999 999.99 0.999000 999.999 0.999 99.999 0.999 99.999 0.999 9.999 0.999 9.999 0.999
210.333333 211.333333 999.99 0.999 99.99 0.999 9.999 0.999000 9.99 0.999000 9.999 0.999 99.999 0.999 99.999 0.999 999.99 0.999000 999.999 0.999 99.999 0.999 99.999 0.999 9.999 0.999 9.999 0.999
213.333333 214.333333 999.99 0.699 99.99 0.699 9.999 0.699000 9.99 0.699000 9.999 0.699 99.999 0.699 99.999 0.699 999.99 0.699000   3.361 0.000 99.999 0.699  1.896 0.000 9.999 0.699 9.999 0.699
216.333333 217.333333  62.63 0.000  0.88 0.000 9.999 0.259000 0.20 0.000000 0.031 0.000  2.064 0.000  3.715 0.000 999.99 0.259000  10.207 0.000  4.377 0.000  5.826 0.000 0.052 0.000 0.198 0.000
219.333333 220.333333  24.55 0.394  0.92 0.394 9.999 0.394259 0.21 0.394000 0.027 0.394  0.833 0.000  1.499 0.000 999.99 0.394259   5.116 0.000  1.965 0.000  3.149 0.000 0.018 0.394 0.217 0.394
222.333333 223.333333  10.14 0.000  0.15 0.000 9.999 0.259000 9.99 0.259000 0.024 0.000  0.848 0.000  1.527 0.000 999.99 0.259000   3.671 0.000  0.783 0.000  2.878 0.000 0.015 0.000 0.157 0.000
225.333333 226.333333  36.97 0.000  0.46 0.000 9.999 0.259000 0.10 0.000000 0.007 0.000  1.220 0.000  2.196 0.000 999.99 0.259000   8.410 0.000  5.038 0.000  3.317 0.000 0.018 0.000 0.107 0.000
228.333333 229.333333 999.99 0.999 99.99 0.999 9.999 0.999000 9.99 0.999000 9.999 0.999 99.999 0.999 99.999 0.999 999.99 0.999000 999.999 0.999 99.999 0.999 99.999 0.999 9.999 0.999 9.999 0.999
231.333333 232.333333  20.18 0.000  0.67 0.000 9.999 0.259000 0.07 0.000000 0.007 0.000  0.820 0.000  1.477 0.000 999.99 0.259000   4.544 0.000  2.112 0.000  2.409 0.000 0.018 0.000 0.101 0.000
234.333333 235.333333   4.59 0.394  0.25 0.394 9.999 0.394259 0.11 0.394000 0.037 0.394  0.482 0.000  0.868 0.000 999.99 0.394259   2.843 0.000  0.592 0.000  2.253 0.000 0.011 0.394 0.203 0.394
237.333333 238.333333  60.02 0.000  0.89 0.000 0.008 0.000000 0.12 0.000000 0.036 0.000  1.391 0.000  2.504 0.000 999.99 0.259000  10.644 0.000  5.849 0.000  4.732 0.000 0.033 0.000 0.206 0.000
240.333333 241.333333   0.84 0.394  0.15 0.394 0.007 0.394000 9.99 0.394259 0.005 0.394 99.999 0.259 99.999 0.259 999.99 0.394259   0.618 0.000  0.012 0.000  0.606 0.000 0.003 0.394 0.081 0.394
243.333333 244.333333   9.82 0.000  0.44 0.000 9.999 0.259000 9.99 0.259000 0.007 0.000  0.458 0.000  0.825 0.000 999.99 0.259000   2.526 0.000  1.112 0.000  1.402 0.000 0.007 0.000 0.156 0.000
