scripts/IMPROVE-2019_partial/data/US9051U.20020102050000.20191216000000.filterpack..pm25.52w.1w.US03L_filterpack_US9051.US03L_IMPROVE_Davis.lev2.nas
64 1001
MISSING INFORMATION
US03L, IMPROVE, , , , , , , 
MISSING INFORMATION
IMPROVE sel_HTAP
1 1
2002 01 01 2019 12 16
3.000000
days from file reference point
25
1 1 1 1 1 1 1 1 1 1 1 1 1 1 1 1 1 1 1 1 1 1 1 1 1
999.999999 9999.99 9.999 999.99 9.999 9.999 9.999999 99.99 9.999999 99.999 9.999 999.999 9.999 999.999 9.999 999.999 9.999 999.999 9.999 999.999 9.999 99.999 9.999 99.999 9.999
end_time of measurement, days from the file reference point
iron, ng/m3, Revision date=20181210133000
numflag iron, no unit, Revision date=20181210133000
lead, ng/m3, Revision date=20181210133000
numflag lead, no unit, Revision date=20181210133000
magnesium, ug/m3, Revision date=20181210133000
numflag magnesium, no unit, Revision date=20181210133000
nickel, ng/m3, Revision date=20181210133000
numflag nickel, no unit, Revision date=20181210133000
nitrate, ug N/m3, Revision date=20181210133000
numflag nitrate, no unit, Revision date=20181210133000
organic_carbon, ug C/m3, Revision date=20181210133000
numflag organic_carbon, no unit, Revision date=20181210133000
organic_mass, ug/m3, Revision date=20181210133000
numflag organic_mass, no unit, Revision date=20181210133000
pm10_mass, ug/m3, Version=2, Version description=Data extracted from http://views.cira.colostate.edu/fed/DataWizard 2019-12-16, Sample duration=1d, Orig. time res.=3d, Matrix=pm10, Blank correction=Blank corrected, Volume std. temperature=ambient, Volume std. pressure=ambient
numflag pm10_mass, no unit, Version=2, Version description=Data extracted from http://views.cira.colostate.edu/fed/DataWizard 2019-12-16, Sample duration=1d, Orig. time res.=3d, Matrix=pm10, Blank correction=Blank corrected, Volume std. temperature=ambient, Volume std. pressure=ambient
pm10_pm25_mass, ug/m3, Revision date=20181210133000, Matrix=pm10_pm25
numflag pm10_pm25_mass, no unit, Revision date=20181210133000, Matrix=pm10_pm25
pm25_mass, ug/m3, Version=2, Version description=Data extracted from http://views.cira.colostate.edu/fed/DataWizard 2019-12-16, Sample duration=1d, Orig. time res.=3d, Blank correction=Blank corrected, Volume std. temperature=ambient, Volume std. pressure=ambient
numflag pm25_mass, no unit, Version=2, Version description=Data extracted from http://views.cira.colostate.edu/fed/DataWizard 2019-12-16, Sample duration=1d, Orig. time res.=3d, Blank correction=Blank corrected, Volume std. temperature=ambient, Volume std. pressure=ambient
potassium, ug/m3, Revision date=20181210133000
numflag potassium, no unit, Revision date=20181210133000
sulphate_total, ug S/m3, Revision date=20181210133000
numflag sulphate_total, no unit, Revision date=20181210133000
0
25
Data definition:              EBAS_1.1
Set type code:                TU
Timezone:                     UTC
File name:                    US9051U.20020102050000.20191216000000.filterpack..pm25.52w.1w.US03L_filterpack_US9051.US03L_IMPROVE_Davis.lev2.nas
File creation:                20191218120855
Startdate:                    20020102050000
Revision date:                20191216000000
Statistics:                   arithmetic mean
Data level:                   2
Period code:                  52w
Resolution code:              1w
Station code:                 US9051U
Platform code:                US9051S
Station name:                 Washington D.C.
Station latitude:             38.8762
Station longitude:            -77.0344
Station altitude:             15.0 m
Regime:                       IMG
Component:                    
Matrix:                       pm25
Laboratory code:              US03L
Instrument type:              filterpack
Instrument name:              filterpack_US9051
Method ref:                   US03L_IMPROVE_Davis
starttime endtime Fe flag_Fe Pb flag_Pb Mg++ flag_Mg++ Ni flag_Ni NO3- flag_NO3- OC flag_OC OM flag_OM PM10 flag_PM10 PM10-PM2.5 flag_PM10-PM2.5 PM2.5 flag_PM2.5 K+ flag_K+ SO4-- flag_SO4--
[from data line 86]
259.208333 260.208333  217.26 0.000   3.58 0.000 0.041 0.000000  0.15 0.000000  0.280 0.000   2.957 0.000   4.140 0.000  29.510 0.000   6.547 0.000  22.963 0.000  0.044 0.000  3.988 0.000
262.208333 263.208333   38.93 0.000   3.97 0.000 9.999 0.259000  1.11 0.000000  0.122 0.000   2.092 0.000   2.929 0.000  18.459 0.000   4.687 0.000  13.772 0.000  0.064 0.000  2.238 0.000
265.208333 266.208333   97.59 0.000   1.72 0.000 9.999 0.259000 99.99 0.259000  0.080 0.000   1.015 0.000   1.420 0.000  11.658 0.000   4.859 0.000   6.799 0.000  0.030 0.000  1.064 0.000
268.208333 269.208333   72.19 0.000   1.76 0.000 9.999 0.259000  0.62 0.000000  0.235 0.000   1.114 0.000   1.560 0.000  10.948 0.000   4.839 0.000   6.109 0.000  0.021 0.000  0.765 0.000
271.208333 272.208333   93.24 0.000   4.80 0.000 0.075 0.000000  0.40 0.000000  0.183 0.000   2.551 0.000   3.572 0.000  19.629 0.000   4.106 0.000  15.523 0.000  0.041 0.000  2.582 0.000
274.208333 275.208333  243.91 0.000   2.54 0.000 9.999 0.259000 99.99 0.259000  0.341 0.000   6.079 0.000   8.511 0.000  36.989 0.000   7.774 0.000  29.215 0.000  0.068 0.000  4.180 0.000
277.208333 278.208333   79.80 0.000   1.96 0.000 9.999 0.259000  0.21 0.000000  0.096 0.000   2.502 0.000   3.503 0.000  23.460 0.000   5.921 0.000  17.539 0.000  0.050 0.000  2.688 0.000
280.208333 281.208333  132.06 0.000   2.56 0.000 9.999 0.259000  0.19 0.000000  0.133 0.000   1.961 0.000   2.745 0.000  13.577 0.000   6.339 0.000   7.238 0.000  0.050 0.000  0.601 0.000
283.208333 284.208333  120.78 0.000   1.14 0.000 9.999 0.259000  0.20 0.000000  0.221 0.000   1.881 0.000   2.633 0.000   8.168 0.000   2.207 0.000   5.961 0.000  0.027 0.000  0.474 0.000
286.208333 287.208333   89.57 0.000   1.38 0.000 0.025 0.000000  0.18 0.000000  0.102 0.000   1.225 0.000   1.715 0.000   8.789 0.000   3.799 0.000   4.990 0.000  0.034 0.000  0.456 0.000
289.208333 290.208333  105.94 0.000   2.59 0.000 9.999 0.259000  0.20 0.000000  0.353 0.000   1.311 0.000   1.835 0.000  13.853 0.000   3.316 0.000  10.536 0.000  0.033 0.000  1.655 0.000
292.208333 293.208333  126.13 0.000   3.87 0.000 0.022 0.000000  0.04 0.000000  0.640 0.000   2.666 0.000   3.732 0.000  15.878 0.000   4.474 0.000  11.405 0.000  0.058 0.000  1.103 0.000
295.208333 296.208333  188.18 0.000   6.55 0.000 9.999 0.259000  0.24 0.000000  0.892 0.000   3.957 0.000   5.540 0.000  21.960 0.000   5.747 0.000  16.214 0.000  0.070 0.000  1.596 0.000
298.208333 299.208333   82.96 0.000   2.04 0.000 9.999 0.259000  0.33 0.000000  0.327 0.000   1.286 0.000   1.801 0.000   7.340 0.000   1.469 0.000   5.872 0.000  0.023 0.000  0.716 0.000
301.208333 302.208333  103.24 0.000   4.38 0.000 9.999 0.259000  2.05 0.000000  0.331 0.000   1.671 0.000   2.339 0.000  10.595 0.000   2.508 0.000   8.086 0.000  0.047 0.000  0.764 0.000
304.208333 305.208333  109.53 0.000   2.76 0.000 9.999 0.259000  0.08 0.000000  0.487 0.000   2.408 0.000   3.371 0.000  15.607 0.000   2.950 0.000  12.656 0.000  0.039 0.000  1.705 0.000
307.208333 308.208333  100.33 0.000   2.41 0.000 9.999 0.259000  0.12 0.000000  0.410 0.000   2.002 0.000   2.803 0.000  12.835 0.000   2.854 0.000   9.981 0.000  0.049 0.000  1.259 0.000
310.208333 311.208333  119.98 0.000   2.05 0.000 0.020 0.000000 99.99 0.259000  0.456 0.000   1.150 0.000   1.610 0.000  13.167 0.000   2.948 0.000  10.219 0.000  0.031 0.000  4.560 0.000
313.208333 314.208333   28.59 0.000   2.87 0.000 0.022 0.000000  0.54 0.000000  0.098 0.000   1.380 0.000   1.932 0.000  14.648 0.000   4.810 0.000   9.838 0.000  0.052 0.000  1.343 0.000
316.208333 317.208333  115.11 0.000   2.68 0.000 9.999 0.259000  0.15 0.000000  0.565 0.000   1.937 0.000   2.711 0.000  14.547 0.000   3.418 0.000  11.129 0.000  0.037 0.000  1.461 0.000
319.208333 320.208333  131.46 0.000   4.08 0.000 0.019 0.000000  1.09 0.000000  0.501 0.000   3.847 0.000   5.386 0.000  15.889 0.000   2.092 0.000  13.796 0.000  0.067 0.000  0.895 0.000
322.208333 323.208333  130.17 0.000   2.58 0.000 9.999 0.259000  0.24 0.000000  0.357 0.000   4.309 0.000   6.033 0.000  16.644 0.000   3.344 0.000  13.300 0.000  0.068 0.000  1.496 0.000
325.208333 326.208333  105.41 0.000   2.99 0.000 9.999 0.259000  0.73 0.000000  1.019 0.000   3.429 0.000   4.800 0.000  20.506 0.000   4.611 0.000  15.895 0.000  0.055 0.000  1.410 0.000
328.208333 329.208333  399.34 0.000   9.74 0.000 9.999 0.259000  0.36 0.000000  0.999 0.000  11.547 0.000  16.165 0.000  42.224 0.000  11.811 0.000  30.413 0.000  0.146 0.000  1.473 0.000
331.208333 332.208333   41.45 0.000   1.93 0.000 9.999 0.259000  0.13 0.000000  0.376 0.000   1.132 0.000   1.584 0.000   7.675 0.000   1.432 0.000   6.244 0.000  0.028 0.000  0.654 0.000
334.208333 335.208333   42.66 0.000   0.69 0.000 9.999 0.259000 99.99 0.259000  0.208 0.000   1.683 0.000   2.357 0.000   7.163 0.000   1.157 0.000   6.006 0.000  0.029 0.000  0.465 0.000
337.208333 338.208333   87.56 0.000   2.08 0.000 9.999 0.259000  0.16 0.000000  0.615 0.000   2.143 0.000   3.000 0.000  13.852 0.000   4.319 0.000   9.533 0.000  0.041 0.000  0.792 0.000
340.208333 341.208333  118.44 0.000   5.07 0.000 9.999 0.259000  2.02 0.000000  0.965 0.000   8.131 0.000  11.383 0.000  30.844 0.000   3.683 0.000  27.160 0.000  0.116 0.000  1.849 0.000
343.208333 344.208333  268.77 0.000   5.98 0.000 9.999 0.259000  1.51 0.000000  1.667 0.000   7.270 0.000  10.178 0.000  44.112 0.000  16.470 0.000  27.641 0.000  0.097 0.000  0.821 0.000
346.208333 347.208333   92.96 0.000   3.62 0.000 9.999 0.259000  2.00 0.000000  0.946 0.000   2.500 0.000   3.500 0.000  17.747 0.000   2.414 0.000  15.333 0.000  0.042 0.000  1.019 0.000
349.208333 350.208333   73.26 0.000   1.46 0.000 9.999 0.259000 99.99 0.259000  0.126 0.000   1.034 0.000   1.448 0.000   8.253 0.000   2.808 0.000   5.445 0.000  0.025 0.000  1.200 0.000
352.208333 353.208333   44.09 0.000   2.61 0.000 9.999 0.259000  1.97 0.000000  0.516 0.000   2.517 0.000   3.524 0.000  15.212 0.000   5.526 0.000   9.686 0.000  0.040 0.000  0.603 0.000
355.208333 356.208333   51.90 0.000   1.18 0.000 9.999 0.259000 99.99 0.259000  0.084 0.000   1.276 0.000   1.787 0.000   7.053 0.000   2.813 0.000   4.240 0.000  0.027 0.000  1.632 0.000
358.208333 359.208333   29.24 0.000   1.14 0.000 9.999 0.259000  0.51 0.000000  0.160 0.000   1.204 0.000   1.686 0.000   7.018 0.659 999.999 0.999   4.630 0.000  0.025 0.000  0.518 0.000
361.208333 362.208333   84.25 0.000   2.58 0.000 9.999 0.259000  0.09 0.000000  0.554 0.000   3.885 0.000   5.438 0.000  18.739 0.000   2.866 0.000  15.873 0.000  0.063 0.000  1.826 0.000
364.208333 365.208333  152.59 0.000   4.53 0.000 9.999 0.259000  0.71 0.000000  1.040 0.000   6.070 0.000   8.498 0.000  26.533 0.000   3.996 0.000  22.538 0.000  0.088 0.000  1.597 0.000
