scripts/IMPROVE-2019_partial/data/US9081R.20020102070000.20191216000000.filterpack..pm25.52w.1w.US03L_filterpack_US9081_YELL2.US03L_IMPROVE_Davis.lev2.nas
66 1001
MISSING INFORMATION
US03L, IMPROVE, , , , , , , 
MISSING INFORMATION
IMPROVE sel_HTAP
1 1
2002 01 01 2019 12 16
3.000000
days from file reference point
27
1 1 1 1 1 1 1 1 1 1 1 1 1 1 1 1 1 1 1 1 1 1 1 1 1 1 1
999.999999 9999.99 9.999999 99.99 9.999999 9.999 9.999999999 9.99 9.999999 9.999 9.999999 999.999 9.999 999.999 9.999 999.99 9.999999999 999.999 9.999 999.999 9.999 999.999 9.999 9.999 9.999999 9.999 9.999999
end_time of measurement, days from the file reference point
iron, ng/m3, Revision date=20181210133000
numflag iron, no unit, Revision date=20181210133000
lead, ng/m3, Revision date=20181210133000
numflag lead, no unit, Revision date=20181210133000
magnesium, ug/m3, Revision date=20181210133000
numflag magnesium, no unit, Revision date=20181210133000
nickel, ng/m3, Revision date=20181210133000
numflag nickel, no unit, Revision date=20181210133000
nitrate, ug N/m3, Revision date=20181210133000
numflag nitrate, no unit, Revision date=20181210133000
organic_carbon, ug C/m3, Revision date=20181210133000
numflag organic_carbon, no unit, Revision date=20181210133000
organic_mass, ug/m3, Revision date=20181210133000
numflag organic_mass, no unit, Revision date=20181210133000
phosphorus, ng/m3, Revision date=20181210133000
numflag phosphorus, no unit, Revision date=20181210133000
pm10_mass, ug/m3, Version=2, Version description=Data extracted from http://views.cira.colostate.edu/fed/DataWizard 2019-12-16, Sample duration=1d, Orig. time res.=3d, Matrix=pm10, Blank correction=Blank corrected, Volume std. temperature=ambient, Volume std. pressure=ambient
numflag pm10_mass, no unit, Version=2, Version description=Data extracted from http://views.cira.colostate.edu/fed/DataWizard 2019-12-16, Sample duration=1d, Orig. time res.=3d, Matrix=pm10, Blank correction=Blank corrected, Volume std. temperature=ambient, Volume std. pressure=ambient
pm10_pm25_mass, ug/m3, Revision date=20181210133000, Matrix=pm10_pm25
numflag pm10_pm25_mass, no unit, Revision date=20181210133000, Matrix=pm10_pm25
pm25_mass, ug/m3, Version=2, Version description=Data extracted from http://views.cira.colostate.edu/fed/DataWizard 2019-12-16, Sample duration=1d, Orig. time res.=3d, Blank correction=Blank corrected, Volume std. temperature=ambient, Volume std. pressure=ambient
numflag pm25_mass, no unit, Version=2, Version description=Data extracted from http://views.cira.colostate.edu/fed/DataWizard 2019-12-16, Sample duration=1d, Orig. time res.=3d, Blank correction=Blank corrected, Volume std. temperature=ambient, Volume std. pressure=ambient
potassium, ug/m3, Revision date=20181210133000
numflag potassium, no unit, Revision date=20181210133000
sulphate_total, ug S/m3, Revision date=20181210133000
numflag sulphate_total, no unit, Revision date=20181210133000
0
25
Data definition:              EBAS_1.1
Set type code:                TU
Timezone:                     UTC
File name:                    US9081R.20020102070000.20191216000000.filterpack..pm25.52w.1w.US03L_filterpack_US9081_YELL2.US03L_IMPROVE_Davis.lev2.nas
File creation:                20191218121107
Startdate:                    20020102070000
Revision date:                20191216000000
Statistics:                   arithmetic mean
Data level:                   2
Period code:                  52w
Resolution code:              1w
Station code:                 US9081R
Platform code:                US9081S
Station name:                 Yellowstone NP 1
Station latitude:             44.5654
Station longitude:            -110.4003
Station altitude:             2442.0 m
Regime:                       IMG
Component:                    
Matrix:                       pm25
Laboratory code:              US03L
Instrument type:              filterpack
Instrument name:              filterpack_US9081_YELL2
Method ref:                   US03L_IMPROVE_Davis
starttime endtime Fe flag_Fe Pb flag_Pb Mg++ flag_Mg++ Ni flag_Ni NO3- flag_NO3- OC flag_OC OM flag_OM P flag_P PM10 flag_PM10 PM10-PM2.5 flag_PM10-PM2.5 PM2.5 flag_PM2.5 K+ flag_K+ SO4-- flag_SO4--
[from data line 73]
220.291667 221.291667   14.50 0.000000 99.99 0.259000 9.999 0.259000000 0.11 0.000000 0.012 0.559000   0.943 0.000   1.320 0.000 999.99 0.259000000   4.336 0.000   1.301 0.000   3.034 0.000 0.024 0.000000 0.092 0.559000
223.291667 224.291667   14.12 0.000000  0.15 0.000000 9.999 0.259000000 9.99 0.259000 0.010 0.559000   0.803 0.000   1.124 0.000 999.99 0.259000000   4.167 0.000   1.563 0.000   2.604 0.000 0.013 0.000000 0.101 0.559000
226.291667 227.291667   36.04 0.000000  0.36 0.000000 0.019 0.000000000 9.99 0.259000 0.020 0.000000   2.068 0.000   2.896 0.000 999.99 0.259000000  10.563 0.000   5.226 0.000   5.337 0.000 0.042 0.000000 0.089 0.000000
229.291667 230.291667   92.61 0.000000  0.39 0.000000 9.999 0.259000000 9.99 0.259000 0.027 0.000000   1.738 0.000   2.433 0.000 999.99 0.259000000  15.351 0.000   9.655 0.000   5.696 0.000 0.056 0.000000 0.074 0.000000
232.291667 233.291667   40.15 0.559000  0.34 0.559000 9.999 0.559259000 0.10 0.559000 0.027 0.000000   3.022 0.000   4.230 0.000 999.99 0.559259000  12.744 0.000   4.911 0.000   7.833 0.559 0.056 0.559000 0.162 0.000000
235.291667 236.291667   22.53 0.559000  0.50 0.559000 9.999 0.559259000 9.99 0.559259 0.022 0.000000   1.338 0.000   1.873 0.000 999.99 0.559259000   6.362 0.000   2.343 0.000   4.019 0.559 0.037 0.559000 0.178 0.000000
238.291667 239.291667   10.86 0.000000  0.23 0.000000 0.029 0.000000000 9.99 0.259000 0.012 0.000000   1.026 0.000   1.437 0.000 999.99 0.259000000   4.010 0.000   1.099 0.000   2.910 0.000 0.019 0.000000 0.137 0.000000
241.291667 242.291667   22.78 0.559000  0.40 0.559000 0.019 0.559000000 9.99 0.559259 0.021 0.000000   1.241 0.000   1.738 0.000 999.99 0.559259000   6.177 0.000   2.453 0.000   3.724 0.559 0.029 0.559000 0.173 0.000000
244.291667 245.291667   25.57 0.000000  0.50 0.000000 9.999 0.259000000 9.99 0.259000 0.014 0.000000   0.761 0.000   1.065 0.000 999.99 0.259000000   5.475 0.000   3.291 0.000   2.183 0.000 0.032 0.000000 0.066 0.000000
247.291667 248.291667  122.11 0.559000  0.59 0.559000 9.999 0.559259000 9.99 0.559259 0.041 0.000000   1.133 0.000   1.586 0.000 999.99 0.559259000  11.060 0.000   5.387 0.000   5.672 0.559 0.125 0.559000 0.233 0.000000
250.291667 251.291667   12.68 0.000000  0.34 0.000000 9.999 0.259000000 9.99 0.259000 0.022 0.000000   0.848 0.000   1.188 0.000 999.99 0.259000000   3.731 0.000   1.342 0.000   2.389 0.000 0.019 0.000000 0.155 0.000000
253.291667 254.291667   14.30 0.000000  0.51 0.000000 9.999 0.259000000 9.99 0.259000 0.010 0.000000   1.468 0.000   2.055 0.000 999.99 0.259000000   5.520 0.000   1.970 0.000   3.550 0.000 0.016 0.000000 0.154 0.000000
256.291667 257.291667   28.97 0.000000  0.70 0.000000 9.999 0.259000000 9.99 0.259000 0.011 0.000000   1.526 0.000   2.136 0.000  10.14 0.000000000   6.054 0.000   2.473 0.000   3.581 0.000 0.033 0.000000 0.134 0.000000
259.291667 260.291667   55.01 0.000000  0.50 0.000000 9.999 0.259000000 9.99 0.259000 0.014 0.000000   0.703 0.000   0.984 0.000 999.99 0.259000000   6.387 0.000   4.002 0.000   2.385 0.000 0.033 0.000000 0.124 0.000000
262.291667 263.291667   16.36 0.000000  0.67 0.000000 9.999 0.259000000 9.99 0.259000 0.041 0.000000   1.039 0.000   1.454 0.000   8.21 0.000000000   4.986 0.000   2.245 0.000   2.740 0.000 0.023 0.000000 0.124 0.000000
265.291667 266.291667   19.54 0.000000  0.52 0.000000 9.999 0.259000000 9.99 0.259000 0.021 0.000000   1.298 0.000   1.817 0.000 999.99 0.259000000   5.235 0.000   2.121 0.000   3.114 0.000 0.035 0.000000 0.112 0.000000
268.291667 269.291667   67.83 0.000000  0.92 0.000000 9.999 0.259000000 9.99 0.259000 0.048 0.000000   2.275 0.000   3.185 0.000 999.99 0.259000000  11.432 0.000   5.068 0.000   6.363 0.000 0.072 0.000000 0.214 0.000000
271.291667 272.291667   27.36 0.000000  0.45 0.000000 0.020 0.000000000 0.10 0.000000 0.027 0.000000   0.778 0.000   1.090 0.000 999.99 0.259000000   4.452 0.000   1.851 0.000   2.600 0.000 0.025 0.000000 0.157 0.000000
274.291667 275.291667    2.92 0.000000 99.99 0.259000 0.013 0.000000000 0.06 0.000000 0.005 0.000000   0.226 0.000   0.317 0.000 999.99 0.259000000   0.784 0.000   0.084 0.000   0.701 0.000 0.004 0.000000 0.077 0.000000
277.291667 278.291667    9.96 0.000000  0.53 0.000000 9.999 0.259000000 9.99 0.259000 0.055 0.000000   0.495 0.000   0.693 0.000 999.99 0.259000000   2.674 0.000   0.961 0.000   1.713 0.000 0.015 0.000000 0.118 0.000000
280.291667 281.291667   13.88 0.000000  0.46 0.000000 9.999 0.259000000 0.06 0.000000 0.021 0.000000   0.758 0.000   1.061 0.000 999.99 0.259000000   4.246 0.000   2.042 0.000   2.204 0.000 0.023 0.000000 0.107 0.000000
283.291667 284.291667   42.04 0.559000  0.39 0.559000 0.013 0.559000000 0.05 0.559000 0.074 0.000000   1.598 0.000   2.237 0.000 999.99 0.559259000   8.512 0.000   4.259 0.000   4.253 0.559 0.039 0.559000 0.148 0.000000
286.291667 287.291667   23.57 0.000000  0.75 0.000000 9.999 0.259000000 9.99 0.259000 0.070 0.000000   0.597 0.000   0.836 0.000 999.99 0.259000000   4.865 0.000   2.652 0.000   2.212 0.000 0.036 0.000000 0.096 0.000000
289.291667 290.291667   42.25 0.559000  0.61 0.559000 9.999 0.559259000 9.99 0.559259 0.019 0.000000   0.747 0.000   1.046 0.000 999.99 0.559259000   4.419 0.000   2.028 0.000   2.391 0.559 0.031 0.559000 0.095 0.000000
292.291667 293.291667   40.14 0.000000  0.85 0.000000 9.999 0.259000000 9.99 0.259000 0.120 0.000000   1.033 0.000   1.446 0.000 999.99 0.259000000   6.387 0.000   3.397 0.000   2.990 0.000 0.059 0.000000 0.086 0.000000
295.291667 296.291667 9999.99 0.999000 99.99 0.999000 9.999 0.999000000 9.99 0.999000 9.999 0.999000 999.999 0.999 999.999 0.999 999.99 0.999000000 999.999 0.999 999.999 0.999 999.999 0.999 9.999 0.999000 9.999 0.999000
298.291667 299.291667   12.66 0.000000  0.81 0.000000 9.999 0.259000000 0.08 0.000000 0.031 0.000000   0.716 0.000   1.003 0.000 999.99 0.259000000   3.266 0.000   0.629 0.000   2.636 0.000 0.018 0.000000 0.203 0.000000
301.291667 302.291667    3.11 0.000000  0.22 0.000000 9.999 0.259000000 9.99 0.259000 0.005 0.000000   0.156 0.000   0.218 0.000 999.99 0.259000000   1.879 0.000   0.597 0.000   1.282 0.000 0.005 0.000000 0.191 0.000000
304.291667 305.291667    4.72 0.000000  0.24 0.000000 9.999 0.259000000 9.99 0.259000 0.008 0.559000   0.236 0.000   0.330 0.000 999.99 0.259000000   1.488 0.000   0.289 0.000   1.200 0.000 0.006 0.000000 0.157 0.559000
307.291667 308.291667    7.62 0.000000  0.34 0.000000 9.999 0.259000000 9.99 0.259000 0.060 0.000000   0.490 0.000   0.686 0.000 999.99 0.259000000   2.239 0.000   0.328 0.000   1.911 0.000 0.010 0.000000 0.171 0.000000
310.291667 311.291667   11.87 0.000000  0.52 0.000000 9.999 0.259000000 9.99 0.259000 0.059 0.000000   0.420 0.000   0.588 0.000 999.99 0.259000000   3.285 0.000   1.872 0.000   1.414 0.000 0.016 0.000000 0.063 0.000000
313.291667 314.291667    1.02 0.000000  0.10 0.000000 0.013 0.000000000 9.99 0.259000 0.027 0.000000   0.182 0.000   0.255 0.000 999.99 0.259000000   0.642 0.000   0.174 0.000   0.467 0.000 0.003 0.000000 0.029 0.000000
316.291667 317.291667 9999.99 0.999000 99.99 0.999000 9.999 0.999000000 9.99 0.999000 9.999 0.999000 999.999 0.999 999.999 0.999 999.99 0.999000000 999.999 0.999 999.999 0.999 999.999 0.999 9.999 0.999000 9.999 0.999000
319.291667 320.291667    8.20 0.000000  0.85 0.000000 9.999 0.259000000 9.99 0.259000 0.058 0.000000   0.827 0.000   1.157 0.000 999.99 0.259000000   3.057 0.000   0.441 0.000   2.616 0.000 0.018 0.000000 0.215 0.000000
322.291667 323.291667   12.59 0.000000  0.62 0.000000 9.999 0.259000000 9.99 0.259000 0.135 0.000000   0.407 0.000   0.570 0.000 999.99 0.259000000   2.200 0.000   0.654 0.000   1.546 0.000 0.011 0.000000 0.124 0.000000
325.291667 326.291667    2.61 0.000000  0.38 0.000000 9.999 0.259000000 9.99 0.259000 0.027 0.000000   0.587 0.000   0.822 0.000 999.99 0.259000000   1.120 0.000   0.074 0.000   1.046 0.000 0.006 0.000000 0.048 0.000000
328.291667 329.291667    2.64 0.000000 99.99 0.259000 0.008 0.000000000 0.09 0.000000 0.006 0.000000   0.246 0.000   0.345 0.000 999.99 0.259000000   0.955 0.000   0.648 0.000   0.306 0.000 0.007 0.000000 0.066 0.000000
331.291667 332.291667    0.56 0.000000  0.23 0.000000 0.010 0.000000000 9.99 0.259000 0.009 0.000000   0.281 0.000   0.394 0.000 999.99 0.259000000   0.373 0.000 999.999 0.259   0.673 0.000 0.004 0.000000 0.026 0.000000
334.291667 335.291667    2.97 0.000000  0.37 0.000000 9.999 0.259000000 9.99 0.259000 0.142 0.000000   0.470 0.000   0.658 0.000 999.99 0.259000000   2.215 0.000   0.486 0.000   1.728 0.000 0.005 0.000000 0.105 0.000000
337.291667 338.291667    2.27 0.000000  0.42 0.000000 9.999 0.259000000 9.99 0.259000 0.140 0.559000   0.575 0.000   0.805 0.000 999.99 0.259000000   2.091 0.000   0.089 0.000   2.002 0.000 0.007 0.000000 0.209 0.559000
340.291667 341.291667    5.21 0.000000  0.16 0.000000 9.999 0.259000000 0.09 0.000000 0.041 0.000000   0.374 0.000   0.523 0.000 999.99 0.259000000   1.314 0.000   0.023 0.000   1.291 0.000 0.007 0.000000 0.122 0.000000
343.291667 344.291667    8.42 0.000000  0.20 0.000000 0.019 0.000000000 9.99 0.259000 0.065 0.000000   0.289 0.000   0.405 0.000 999.99 0.259000000   0.992 0.000   0.219 0.000   0.773 0.000 0.006 0.000000 0.076 0.000000
346.291667 347.291667   38.51 0.000000  0.28 0.000000 9.999 0.259000000 0.04 0.000000 0.060 0.000000   0.307 0.000   0.430 0.000 999.99 0.259000000   5.180 0.000   3.398 0.000   1.782 0.000 0.030 0.000000 0.156 0.000000
349.291667 350.291667    5.56 0.000000  0.22 0.000000 9.999 0.259000000 9.99 0.259000 0.016 0.000000   0.109 0.000   0.153 0.000 999.99 0.259000000   1.276 0.000   0.873 0.000   0.403 0.000 0.006 0.000000 0.064 0.000000
352.291667 353.291667    0.81 0.000000 99.99 0.259000 0.023 0.000000000 9.99 0.259000 0.095 0.000000   0.223 0.000   0.312 0.000 999.99 0.259000000   0.676 0.000 999.999 0.259   0.752 0.000 0.004 0.000000 0.056 0.000000
355.291667 356.291667    0.30 0.000000  0.11 0.000000 0.023 0.000000000 9.99 0.259000 0.020 0.000000   0.193 0.000   0.270 0.000 999.99 0.259000000   0.190 0.000   0.037 0.000   0.153 0.000 9.999 0.259000 0.026 0.000000
358.291667 359.291667    1.21 0.000000  0.16 0.000000 0.020 0.000000000 9.99 0.259000 0.258 0.000000   0.218 0.000   0.305 0.000 999.99 0.259000000   2.505 0.000   0.090 0.000   2.414 0.000 0.004 0.000000 0.219 0.000000
361.291667 362.291667    1.59 0.000000  0.31 0.000000 9.999 0.259000000 9.99 0.259000 0.006 0.000000   0.173 0.000   0.242 0.000 999.99 0.259000000   0.411 0.000   0.110 0.000   0.301 0.000 0.004 0.000000 0.046 0.000000
364.291667 365.291667    1.01 0.000000  0.11 0.000000 9.999 0.259000000 9.99 0.259000 0.010 0.000000   0.125 0.000   0.175 0.000   2.42 0.000000000   0.379 0.000   0.134 0.000   0.245 0.000 9.999 0.259000 0.030 0.000000
