scripts/IMPROVE-2019_partial/data/US9058R.20110103060000.20191216000000.filterpack...1y.3d.US03L_filterpack_US9058.US03L_IMPROVE_Davis.lev2.nas
51 1001
MISSING INFORMATION
US03L, IMPROVE, , , , , , , 
MISSING INFORMATION
IMPROVE sel_HTAP
1 1
2011 01 01 2019 12 16
3.00
days from file reference point
4
1 1 1 1
999.99 999.999 999.999 9.999
end_time of measurement, days from the file reference point
pm10_mass, ug/m3, Matrix=pm10
pm25_mass, ug/m3, Matrix=pm25
numflag, no unit
0
33
Data definition:              EBAS_1.1
Set type code:                TU
Timezone:                     UTC
File name:                    US9058R.20110103060000.20191216000000.filterpack...1y.3d.US03L_filterpack_US9058.US03L_IMPROVE_Davis.lev2.nas
File creation:                20191218120924
Startdate:                    20110103060000
Revision date:                20191216000000
Version:                      2
Version description:          "Data extracted from http://views.cira.colostate.edu/fed/DataWizard 2019-12-16"
Statistics:                   arithmetic mean
Data level:                   2
Period code:                  1y
Resolution code:              3d
Sample duration:              1d
Orig. time res.:              3d
Station code:                 US9058R
Platform code:                US9058S
Station name:                 Tallgrass
Station latitude:             38.4341
Station longitude:            -96.5602
Station altitude:             390.0 m
Regime:                       IMG
Component:                    
Unit:                         ug/m3
Matrix:                       
Laboratory code:              US03L
Instrument type:              filterpack
Instrument name:              filterpack_US9058
Method ref:                   US03L_IMPROVE_Davis
Blank correction:             Blank corrected
Volume std. temperature:      ambient
Volume std. pressure:         ambient
starttime endtime PM10 PM2.5 flag
  2.25   3.25  10.764   5.355 0.000
  5.25   6.25   9.394   2.339 0.000
  8.25   9.25  11.615   4.445 0.000
 11.25  12.25   9.047   7.552 0.000
 14.25  15.25  18.037  15.322 0.000
 17.25  18.25  12.796  10.125 0.000
 20.25  21.25   7.272   5.637 0.000
 23.25  24.25  10.997   9.130 0.000
 26.25  27.25   5.811   3.938 0.000
 29.25  30.25   9.001   7.418 0.000
 32.25  33.25 999.999 999.999 0.999
 35.25  36.25  20.500  14.764 0.000
 38.25  39.25  18.656   4.917 0.000
 41.25  42.25  11.844   8.747 0.000
 44.25  45.25   4.884   1.657 0.000
 47.25  48.25  12.241   4.984 0.000
 50.25  51.25  13.294   8.540 0.000
 53.25  54.25  16.751   7.839 0.000
 56.25  57.25  16.779  14.728 0.000
 59.25  60.25   8.470   3.594 0.000
 62.25  63.25  30.710  24.383 0.000
 65.25  66.25  15.309  10.214 0.000
 68.25  69.25   6.875   4.657 0.000
 71.25  72.25  15.654  12.348 0.000
 74.25  75.25 999.999 999.999 0.999
 77.25  78.25  13.085   7.083 0.000
 80.25  81.25  31.608   7.952 0.000
 83.25  84.25  19.192  15.368 0.000
 86.25  87.25  18.039  16.655 0.000
 89.25  90.25  29.733  27.825 0.000
 92.25  93.25  38.823  22.203 0.000
 95.25  96.25  34.130  16.768 0.000
 98.25  99.25 999.999 999.999 0.999
101.25 102.25 999.999 999.999 0.999
104.25 105.25   3.746   1.595 0.000
107.25 108.25  49.189  32.769 0.000
110.25 111.25  27.403   6.359 0.000
113.25 114.25   9.250   5.140 0.000
116.25 117.25   7.082   4.518 0.000
119.25 120.25  12.988   3.800 0.000
122.25 123.25  14.823   4.758 0.000
125.25 126.25  15.630   4.440 0.000
128.25 129.25  30.406  13.517 0.000
131.25 132.25  15.260   6.071 0.000
134.25 135.25   3.150   1.448 0.000
137.25 138.25  12.228   5.689 0.000
140.25 141.25  16.881   7.402 0.000
143.25 144.25  15.710   6.138 0.000
146.25 147.25  10.593   5.176 0.000
149.25 150.25  23.645  12.438 0.000
152.25 153.25  24.861  12.226 0.000
155.25 156.25  20.718   8.332 0.000
158.25 159.25  30.456  16.043 0.000
161.25 162.25  12.489   5.473 0.000
164.25 165.25  24.093  10.771 0.000
167.25 168.25  22.217  10.013 0.000
170.25 171.25  35.216   8.288 0.000
173.25 174.25  13.492   3.912 0.000
176.25 177.25  19.848   8.653 0.000
179.25 180.25  22.840   7.787 0.000
182.25 183.25  25.364  11.538 0.000
185.25 186.25  26.373  11.225 0.000
188.25 189.25  15.551   8.138 0.000
191.25 192.25  19.935   7.388 0.000
194.25 195.25  19.677   7.500 0.000
197.25 198.25  20.765  12.424 0.000
200.25 201.25  20.019   7.990 0.000
203.25 204.25  20.740   8.959 0.000
206.25 207.25  17.396   8.172 0.000
209.25 210.25  18.320   8.038 0.000
212.25 213.25  15.411   5.231 0.000
215.25 216.25  10.383   5.501 0.000
218.25 219.25  16.048   6.477 0.000
221.25 222.25  10.829   4.356 0.000
224.25 225.25  10.976   3.421 0.000
227.25 228.25  20.101   9.174 0.000
230.25 231.25  20.099   6.182 0.000
233.25 234.25  16.724   8.397 0.000
236.25 237.25  24.756   5.354 0.000
239.25 240.25  31.503   9.969 0.000
242.25 243.25  31.276  14.664 0.000
245.25 246.25  24.520  14.776 0.000
248.25 249.25  17.589   3.685 0.000
251.25 252.25  20.096   6.398 0.000
254.25 255.25  19.959   6.612 0.000
257.25 258.25  19.203   2.724 0.000
260.25 261.25   5.487   3.628 0.000
263.25 264.25   7.651   2.553 0.000
266.25 267.25  18.388   4.647 0.000
269.25 270.25  16.361   5.137 0.000
272.25 273.25  16.617   3.718 0.000
275.25 276.25  22.974   7.913 0.000
278.25 279.25  36.398  11.632 0.000
281.25 282.25  17.778   5.121 0.000
284.25 285.25   7.620   3.158 0.000
287.25 288.25  14.010   3.396 0.000
290.25 291.25   7.940   2.669 0.000
293.25 294.25  21.217   5.276 0.000
296.25 297.25  17.755   4.768 0.000
299.25 300.25  11.365   3.854 0.000
302.25 303.25   9.506   3.184 0.000
305.25 306.25  10.024   5.566 0.000
308.25 309.25  12.472   7.524 0.000
311.25 312.25   1.907   1.223 0.000
314.25 315.25   7.320   3.517 0.000
317.25 318.25   9.907   2.445 0.000
320.25 321.25   5.366   1.962 0.000
323.25 324.25  12.563   7.333 0.000
326.25 327.25   8.830   4.733 0.000
329.25 330.25  13.505   3.207 0.000
332.25 333.25   8.729   3.069 0.000
335.25 336.25  19.408   9.226 0.000
338.25 339.25   9.400   7.306 0.000
341.25 342.25  15.557  11.289 0.000
344.25 345.25  19.095  17.446 0.000
347.25 348.25   5.630   5.074 0.000
350.25 351.25   5.753   3.790 0.000
353.25 354.25   4.480   4.248 0.000
356.25 357.25   4.662   3.178 0.000
359.25 360.25   4.335   2.706 0.000
362.25 363.25   6.920   3.004 0.000
