scripts/IMPROVE-2019_partial/data/US9044R.20050101080000.20191216000000.filterpack..pm25.52w.1w.US03L_filterpack_US9044.US03L_IMPROVE_Davis.lev2.nas
66 1001
MISSING INFORMATION
US03L, IMPROVE, , , , , , , 
MISSING INFORMATION
IMPROVE sel_HTAP
1 1
2005 01 01 2019 12 16
3.000000
days from file reference point
27
1 1 1 1 1 1 1 1 1 1 1 1 1 1 1 1 1 1 1 1 1 1 1 1 1 1 1
999.999999 9999.99 9.999 99.99 9.999 9.999 9.999 9.99 9.999 9.999 9.999 99.999 9.999 99.999 9.999 99.99 9.999 999.999 9.999 999.999 9.999 99.999 9.999 9.999 9.999 9.999 9.999
end_time of measurement, days from the file reference point
iron, ng/m3, Revision date=20181210133000
numflag iron, no unit, Revision date=20181210133000
lead, ng/m3, Revision date=20181210133000
numflag lead, no unit, Revision date=20181210133000
magnesium, ug/m3, Revision date=20181210133000
numflag magnesium, no unit, Revision date=20181210133000
nickel, ng/m3, Revision date=20181210133000
numflag nickel, no unit, Revision date=20181210133000
nitrate, ug N/m3, Revision date=20181210133000
numflag nitrate, no unit, Revision date=20181210133000
organic_carbon, ug C/m3, Revision date=20181210133000
numflag organic_carbon, no unit, Revision date=20181210133000
organic_mass, ug/m3, Revision date=20181210133000
numflag organic_mass, no unit, Revision date=20181210133000
phosphorus, ng/m3, Revision date=20181210133000
numflag phosphorus, no unit, Revision date=20181210133000
pm10_mass, ug/m3, Version=2, Version description=Data extracted from http://views.cira.colostate.edu/fed/DataWizard 2019-12-16, Sample duration=1d, Orig. time res.=3d, Matrix=pm10, Blank correction=Blank corrected, Volume std. temperature=ambient, Volume std. pressure=ambient
numflag pm10_mass, no unit, Version=2, Version description=Data extracted from http://views.cira.colostate.edu/fed/DataWizard 2019-12-16, Sample duration=1d, Orig. time res.=3d, Matrix=pm10, Blank correction=Blank corrected, Volume std. temperature=ambient, Volume std. pressure=ambient
pm10_pm25_mass, ug/m3, Revision date=20181210133000, Matrix=pm10_pm25
numflag pm10_pm25_mass, no unit, Revision date=20181210133000, Matrix=pm10_pm25
pm25_mass, ug/m3, Version=2, Version description=Data extracted from http://views.cira.colostate.edu/fed/DataWizard 2019-12-16, Sample duration=1d, Orig. time res.=3d, Blank correction=Blank corrected, Volume std. temperature=ambient, Volume std. pressure=ambient
numflag pm25_mass, no unit, Version=2, Version description=Data extracted from http://views.cira.colostate.edu/fed/DataWizard 2019-12-16, Sample duration=1d, Orig. time res.=3d, Blank correction=Blank corrected, Volume std. temperature=ambient, Volume std. pressure=ambient
potassium, ug/m3, Revision date=20181210133000
numflag potassium, no unit, Revision date=20181210133000
sulphate_total, ug S/m3, Revision date=20181210133000
numflag sulphate_total, no unit, Revision date=20181210133000
0
25
Data definition:              EBAS_1.1
Set type code:                TU
Timezone:                     UTC
File name:                    US9044R.20050101080000.20191216000000.filterpack..pm25.52w.1w.US03L_filterpack_US9044.US03L_IMPROVE_Davis.lev2.nas
File creation:                20191218120822
Startdate:                    20050101080000
Revision date:                20191216000000
Statistics:                   arithmetic mean
Data level:                   2
Period code:                  52w
Resolution code:              1w
Station code:                 US9044R
Platform code:                US9044S
Station name:                 Trinity
Station latitude:             40.7864
Station longitude:            -122.8046
Station altitude:             1014.0 m
Regime:                       IMG
Component:                    
Matrix:                       pm25
Laboratory code:              US03L
Instrument type:              filterpack
Instrument name:              filterpack_US9044
Method ref:                   US03L_IMPROVE_Davis
starttime endtime Fe flag_Fe Pb flag_Pb Mg++ flag_Mg++ Ni flag_Ni NO3- flag_NO3- OC flag_OC OM flag_OM P flag_P PM10 flag_PM10 PM10-PM2.5 flag_PM10-PM2.5 PM2.5 flag_PM2.5 K+ flag_K+ SO4-- flag_SO4--
  0.333333   1.333333    0.37 0.000  0.19 0.000 9.999 0.259 9.99 0.259 0.007 0.000  0.130 0.000  0.234 0.000 99.99 0.259   0.362 0.000 999.999 0.259  0.518 0.000 0.003 0.000 0.016 0.000
  3.333333   4.333333    3.54 0.000  0.60 0.000 9.999 0.259 0.13 0.000 0.017 0.000  0.322 0.000  0.580 0.000 99.99 0.259   1.373 0.000   0.001 0.000  1.372 0.000 0.009 0.000 0.126 0.000
  6.333333   7.333333    0.84 0.000  0.27 0.000 9.999 0.259 0.13 0.000 0.024 0.000  0.081 0.000  0.146 0.000 99.99 0.259   0.526 0.000   0.032 0.000  0.494 0.000 0.004 0.000 0.025 0.000
  9.333333  10.333333    0.85 0.000  0.16 0.000 9.999 0.259 0.13 0.000 0.010 0.000  0.003 0.000  0.005 0.000 99.99 0.259   0.566 0.000   0.200 0.000  0.365 0.000 0.003 0.000 0.031 0.000
 12.333333  13.333333    3.55 0.000  0.27 0.000 9.999 0.259 9.99 0.259 0.005 0.000  0.282 0.000  0.508 0.000 99.99 0.259   0.887 0.000   0.193 0.000  0.694 0.000 0.006 0.000 0.021 0.000
 15.333333  16.333333    7.35 0.000  0.40 0.000 9.999 0.259 0.11 0.000 0.006 0.000  0.171 0.000  0.307 0.000 99.99 0.259   1.085 0.000   0.272 0.000  0.812 0.000 0.010 0.000 0.027 0.000
 18.333333  19.333333    2.21 0.000  0.17 0.000 9.999 0.259 0.09 0.000 0.007 0.000  1.160 0.000  2.089 0.000 99.99 0.259   2.383 0.000   0.562 0.000  1.820 0.000 0.025 0.000 0.037 0.000
 21.333333  22.333333    3.89 0.000  0.42 0.000 9.999 0.259 9.99 0.259 0.004 0.000  0.466 0.000  0.838 0.000 99.99 0.259   1.070 0.000   0.260 0.000  0.810 0.000 0.012 0.000 0.063 0.000
 24.333333  25.333333   11.12 0.000  0.87 0.000 9.999 0.259 0.13 0.000 0.063 0.000  0.810 0.000  1.457 0.000 99.99 0.259   4.032 0.000   0.904 0.000  3.128 0.000 0.025 0.000 0.337 0.000
 27.333333  28.333333    0.26 0.000  0.27 0.000 9.999 0.259 9.99 0.259 0.005 0.000  0.127 0.000  0.228 0.000 99.99 0.259   0.358 0.000   0.237 0.000  0.120 0.000 0.003 0.000 0.012 0.000
 30.333333  31.333333    4.89 0.000  0.44 0.000 9.999 0.259 0.11 0.000 0.008 0.000  0.364 0.000  0.655 0.000 99.99 0.259   0.994 0.000   0.362 0.000  0.632 0.000 0.007 0.000 0.030 0.000
 33.333333  34.333333   10.39 0.000  0.39 0.000 9.999 0.259 9.99 0.259 0.004 0.000  0.558 0.000  1.004 0.000 99.99 0.259   1.752 0.000   0.653 0.000  1.100 0.000 0.013 0.000 0.049 0.000
 36.333333  37.333333    3.80 0.000  0.40 0.000 9.999 0.259 0.14 0.000 0.011 0.000  0.459 0.000  0.826 0.000 99.99 0.259   1.314 0.000   0.512 0.000  0.802 0.000 0.009 0.000 0.030 0.000
 39.333333  40.333333   12.47 0.000  0.46 0.000 9.999 0.259 0.10 0.000 0.047 0.000  0.630 0.000  1.134 0.000 99.99 0.259   3.055 0.000   0.894 0.000  2.161 0.000 0.012 0.000 0.109 0.000
 42.333333  43.333333   16.95 0.000  0.81 0.000 9.999 0.259 9.99 0.259 0.063 0.000  1.848 0.000  3.327 0.000 99.99 0.259   5.022 0.000   0.685 0.000  4.336 0.000 0.025 0.000 0.110 0.000
 45.333333  46.333333    7.02 0.000  0.31 0.000 0.009 0.000 0.08 0.000 0.012 0.000  0.406 0.000  0.732 0.000 99.99 0.259   1.655 0.000   0.287 0.000  1.369 0.000 0.009 0.000 0.097 0.000
 48.333333  49.333333    6.99 0.000  0.61 0.000 9.999 0.259 0.11 0.000 0.009 0.000  0.328 0.000  0.590 0.000 99.99 0.259   1.687 0.000   0.313 0.000  1.374 0.000 0.008 0.000 0.082 0.000
 51.333333  52.333333    3.68 0.000  0.18 0.000 9.999 0.259 0.12 0.000 0.003 0.000  0.090 0.000  0.162 0.000 99.99 0.259   0.803 0.000   0.224 0.000  0.578 0.000 0.003 0.000 0.026 0.000
 54.333333  55.333333    5.43 0.000  0.37 0.000 9.999 0.259 9.99 0.259 0.007 0.000  0.375 0.000  0.674 0.000 99.99 0.259   2.415 0.000   0.770 0.000  1.645 0.000 0.006 0.000 0.117 0.000
 57.333333  58.333333    3.01 0.000  0.60 0.000 9.999 0.259 9.99 0.259 0.126 0.000  0.230 0.000  0.414 0.000 99.99 0.259   1.900 0.000   0.248 0.000  1.652 0.000 0.005 0.000 0.166 0.000
 60.333333  61.333333    0.73 0.000 99.99 0.259 0.007 0.000 0.29 0.000 0.005 0.000  0.158 0.000  0.285 0.000 99.99 0.259   0.926 0.000   0.381 0.000  0.545 0.000 0.003 0.000 0.015 0.000
 63.333333  64.333333    4.34 0.000  0.97 0.000 9.999 0.259 0.30 0.000 0.010 0.000  0.554 0.000  0.997 0.000 99.99 0.259   1.686 0.000   0.389 0.000  1.296 0.000 0.009 0.000 0.053 0.000
 66.333333  67.333333   18.11 0.000  1.14 0.000 9.999 0.259 9.99 0.259 0.009 0.000  0.936 0.000  1.685 0.000 99.99 0.259   3.288 0.000   1.125 0.000  2.177 0.000 0.024 0.000 0.099 0.000
 69.333333  70.333333   27.62 0.000  0.87 0.000 9.999 0.259 0.29 0.000 0.009 0.000  0.722 0.000  1.299 0.000 99.99 0.259   4.781 0.000   2.477 0.000  2.304 0.000 0.027 0.000 0.101 0.000
 72.333333  73.333333  108.23 0.000  3.37 0.000 0.025 0.000 0.18 0.000 0.023 0.000  0.727 0.000  1.308 0.000 99.99 0.259  18.608 0.000  13.922 0.000  4.686 0.000 0.078 0.000 0.318 0.000
 75.333333  76.333333   97.22 0.000  2.45 0.000 0.018 0.000 0.24 0.000 0.094 0.000  2.309 0.000  4.156 0.000 99.99 0.259  15.586 0.000   7.811 0.000  7.774 0.000 0.074 0.000 0.355 0.000
 78.333333  79.333333    0.39 0.000  0.38 0.000 9.999 0.259 9.99 0.259 0.001 0.000  0.069 0.000  0.123 0.000 99.99 0.259   0.522 0.000   0.187 0.000  0.335 0.000 0.002 0.000 0.006 0.000
 81.333333  82.333333    5.19 0.000  0.57 0.000 9.999 0.259 0.22 0.000 0.017 0.000  0.087 0.000  0.157 0.000 99.99 0.259   1.566 0.000   0.645 0.000  0.921 0.000 0.010 0.000 0.128 0.000
 84.333333  85.333333   12.17 0.000  1.28 0.000 9.999 0.259 9.99 0.259 0.053 0.000  0.534 0.000  0.960 0.000 99.99 0.259   2.761 0.000   0.763 0.000  1.998 0.000 0.019 0.000 0.178 0.000
 87.333333  88.333333   12.68 0.000  0.73 0.000 0.015 0.000 9.99 0.259 0.004 0.000  0.054 0.000  0.097 0.000 99.99 0.259   0.845 0.000   0.305 0.000  0.544 0.000 0.008 0.000 0.071 0.000
 90.333333  91.333333   15.46 0.000  1.45 0.000 0.010 0.000 9.99 0.259 0.064 0.000  0.749 0.000  1.349 0.000 99.99 0.259   4.533 0.000   1.478 0.000  3.054 0.000 0.029 0.000 0.293 0.000
 93.333333  94.333333    5.92 0.000  1.30 0.000 9.999 0.259 0.18 0.000 0.010 0.000  0.080 0.000  0.144 0.000 99.99 0.259   1.571 0.000   0.272 0.000  1.299 0.000 0.013 0.000 0.229 0.000
 96.333333  97.333333   10.37 0.000  0.85 0.000 9.999 0.259 9.99 0.259 0.014 0.000  0.373 0.000  0.670 0.000 99.99 0.259   1.364 0.000   0.571 0.000  0.792 0.000 0.011 0.000 0.097 0.000
 99.333333 100.333333   75.78 0.000  4.13 0.000 9.999 0.259 0.11 0.000 0.032 0.000  0.386 0.000  0.695 0.000 99.99 0.259   9.504 0.000   5.120 0.000  4.383 0.000 0.084 0.000 0.572 0.000
102.333333 103.333333    1.79 0.000 99.99 0.259 9.999 0.259 9.99 0.259 0.009 0.000  0.298 0.000  0.537 0.000 99.99 0.259   1.775 0.000   0.900 0.000  0.875 0.000 0.008 0.000 0.052 0.000
105.333333 106.333333   34.98 0.000  1.12 0.000 9.999 0.259 0.10 0.000 0.010 0.000  0.315 0.000  0.567 0.000 99.99 0.259   2.669 0.000   1.271 0.000  1.397 0.000 0.025 0.000 0.109 0.000
108.333333 109.333333   10.55 0.000  0.41 0.000 9.999 0.259 9.99 0.259 0.011 0.000  0.328 0.000  0.590 0.000 99.99 0.259   2.156 0.000   0.913 0.000  1.246 0.000 0.010 0.000 0.125 0.000
111.333333 112.333333   52.70 0.000  1.18 0.000 0.019 0.000 0.16 0.000 0.050 0.000  1.416 0.000  2.548 0.000 99.99 0.259  10.704 0.000   5.896 0.000  4.806 0.000 0.040 0.000 0.293 0.000
114.333333 115.333333   21.44 0.000  0.89 0.000 0.011 0.000 9.99 0.259 0.015 0.000  0.493 0.000  0.887 0.000 99.99 0.259   2.966 0.000   1.392 0.000  1.573 0.000 0.019 0.000 0.139 0.000
117.333333 118.333333   19.01 0.000  0.74 0.000 9.999 0.259 9.99 0.259 0.033 0.000  0.394 0.000  0.709 0.000 99.99 0.259   2.925 0.000   0.854 0.000  2.071 0.000 0.016 0.000 0.207 0.000
120.333333 121.333333   28.08 0.000  1.03 0.000 9.999 0.259 9.99 0.259 0.014 0.000  0.252 0.000  0.453 0.000 99.99 0.259   2.723 0.000   0.756 0.000  1.967 0.000 0.021 0.000 0.205 0.000
123.333333 124.333333 9999.99 0.999 99.99 0.999 9.999 0.999 9.99 0.999 9.999 0.999 99.999 0.999 99.999 0.999 99.99 0.999 999.999 0.999 999.999 0.999 99.999 0.999 9.999 0.999 9.999 0.999
126.333333 127.333333 9999.99 0.999 99.99 0.999 9.999 0.999 9.99 0.999 9.999 0.999 99.999 0.999 99.999 0.999 99.99 0.999 999.999 0.999 999.999 0.999 99.999 0.999 9.999 0.999 9.999 0.999
129.333333 130.333333   10.17 0.000  0.53 0.000 9.999 0.259 9.99 0.259 0.011 0.000  0.104 0.000  0.188 0.000 99.99 0.259   1.817 0.000   0.827 0.000  1.002 0.000 0.011 0.000 0.108 0.000
132.333333 133.333333   35.59 0.000  1.01 0.000 9.999 0.259 9.99 0.259 0.016 0.000  0.616 0.000  1.109 0.000 99.99 0.259   4.164 0.000   1.791 0.000  2.373 0.000 0.030 0.000 0.130 0.000
135.333333 136.333333    6.98 0.000  0.36 0.000 0.005 0.000 9.99 0.259 0.012 0.000  0.008 0.000  0.014 0.000 99.99 0.259   1.932 0.000   0.767 0.000  1.164 0.000 0.012 0.000 0.136 0.000
138.333333 139.333333    7.80 0.000  0.45 0.000 9.999 0.259 9.99 0.259 0.019 0.000  0.134 0.000  0.242 0.000 99.99 0.259   2.449 0.000   0.988 0.000  1.460 0.000 0.014 0.000 0.119 0.000
141.333333 142.333333   12.87 0.000  0.73 0.000 9.999 0.259 9.99 0.259 0.033 0.000  0.414 0.000  0.746 0.000 99.99 0.259   3.532 0.000   1.344 0.000  2.188 0.000 0.022 0.000 0.178 0.000
144.333333 145.333333   33.46 0.000  0.84 0.000 0.010 0.000 9.99 0.259 0.041 0.000  1.272 0.000  2.290 0.000 99.99 0.259   7.473 0.000   3.718 0.000  3.755 0.000 0.028 0.000 0.219 0.000
147.333333 148.333333   22.63 0.000  0.91 0.000 9.999 0.259 0.22 0.000 0.050 0.000  1.035 0.000  1.864 0.000 99.99 0.259   5.649 0.000   2.364 0.000  3.284 0.000 0.021 0.000 0.249 0.000
150.333333 151.333333   19.31 0.000  0.56 0.000 0.019 0.000 9.99 0.259 0.052 0.000  1.112 0.000  2.001 0.000 99.99 0.259   5.526 0.000   1.656 0.000  3.890 0.000 0.025 0.000 0.316 0.000
153.333333 154.333333   20.08 0.000  0.32 0.000 0.017 0.000 9.99 0.259 0.054 0.000  1.337 0.000  2.407 0.000 99.99 0.259   7.750 0.000   4.081 0.000  3.668 0.000 0.022 0.000 0.144 0.000
156.333333 157.333333    2.82 0.000  0.31 0.000 0.008 0.000 9.99 0.259 0.009 0.000  0.073 0.000  0.131 0.000 99.99 0.259   2.226 0.000   1.224 0.000  1.002 0.000 0.006 0.000 0.106 0.000
159.333333 160.333333    3.18 0.000  0.36 0.000 9.999 0.259 0.07 0.000 0.002 0.000  0.339 0.000  0.609 0.000 99.99 0.259   2.039 0.000   1.314 0.000  0.725 0.000 0.005 0.000 0.020 0.000
162.333333 163.333333    8.03 0.000  0.36 0.000 9.999 0.259 9.99 0.259 0.036 0.000  0.431 0.000  0.776 0.000 99.99 0.259   4.231 0.000   2.386 0.000  1.845 0.000 0.014 0.000 0.223 0.000
165.333333 166.333333   15.01 0.000  0.24 0.000 9.999 0.259 9.99 0.259 0.046 0.000  0.628 0.000  1.131 0.000 99.99 0.259   4.306 0.000   1.612 0.000  2.693 0.000 0.018 0.000 0.170 0.000
168.333333 169.333333    0.66 0.000 99.99 0.259 9.999 0.259 9.99 0.259 0.015 0.000  0.050 0.000  0.090 0.000 99.99 0.259   1.135 0.000   0.342 0.000  0.792 0.000 0.004 0.000 0.061 0.000
171.333333 172.333333   18.90 0.000  0.64 0.000 9.999 0.259 9.99 0.259 0.089 0.000  1.096 0.000  1.973 0.000 99.99 0.259   7.811 0.000   3.317 0.000  4.538 0.000 0.030 0.000 0.389 0.000
174.333333 175.333333   31.31 0.000  0.61 0.000 0.012 0.000 9.99 0.259 0.054 0.000  2.428 0.000  4.370 0.000 99.99 0.259   9.192 0.000   3.937 0.000  5.255 0.000 0.051 0.000 0.436 0.000
177.333333 178.333333   18.07 0.000  1.21 0.000 0.010 0.000 9.99 0.259 0.058 0.000  1.040 0.000  1.871 0.000 99.99 0.259   7.048 0.000   2.764 0.000  4.284 0.000 0.025 0.000 0.383 0.000
180.333333 181.333333   19.80 0.000  0.44 0.000 9.999 0.259 9.99 0.259 0.007 0.000  1.125 0.000  2.025 0.000 99.99 0.259   5.489 0.000   2.506 0.000  2.983 0.000 0.014 0.000 0.086 0.000
183.333333 184.333333   10.83 0.000  0.53 0.000 9.999 0.259 9.99 0.259 0.018 0.000  1.984 0.000  3.571 0.000 99.99 0.259   5.975 0.000   1.259 0.000  4.716 0.000 0.034 0.000 0.143 0.000
186.333333 187.333333   20.52 0.000  0.41 0.000 0.011 0.000 9.99 0.259 0.009 0.000  0.186 0.000  0.335 0.000 99.99 0.259   3.247 0.000   1.917 0.000  1.329 0.000 0.016 0.000 0.152 0.000
189.333333 190.333333   10.08 0.000  0.46 0.000 0.008 0.000 9.99 0.259 0.009 0.000  0.284 0.000  0.511 0.000 99.99 0.259   2.117 0.000   0.993 0.000  1.124 0.000 0.010 0.000 0.127 0.000
192.333333 193.333333   23.78 0.000  0.29 0.000 9.999 0.259 9.99 0.259 0.012 0.000  0.412 0.000  0.742 0.000 99.99 0.259   3.100 0.000   1.702 0.000  1.421 0.000 0.010 0.000 0.080 0.000
195.333333 196.333333   78.81 0.000  0.89 0.000 9.999 0.259 0.10 0.000 0.033 0.000  2.275 0.000  4.095 0.000 99.99 0.259  15.124 0.000   7.814 0.000  7.310 0.000 0.047 0.000 0.495 0.000
198.333333 199.333333   32.58 0.000  0.65 0.000 9.999 0.259 9.99 0.259 0.008 0.000  1.369 0.000  2.464 0.000 99.99 0.259   7.443 0.000   3.226 0.000  4.217 0.000 0.028 0.000 0.351 0.000
201.333333 202.333333   69.74 0.000  0.85 0.000 0.007 0.000 0.19 0.000 0.026 0.000  2.063 0.000  3.713 0.000 99.99 0.259  14.541 0.000   7.504 0.000  7.039 0.000 0.070 0.000 0.500 0.000
204.333333 205.333333   16.77 0.000  0.47 0.000 9.999 0.259 0.10 0.000 0.012 0.000  1.014 0.000  1.826 0.000 99.99 0.259   5.140 0.000   2.019 0.000  3.121 0.000 0.020 0.000 0.152 0.000
207.333333 208.333333   68.00 0.000  0.50 0.000 0.015 0.000 9.99 0.259 0.038 0.000  1.718 0.000  3.092 0.000 99.99 0.259  15.812 0.000  10.811 0.000  5.001 0.000 0.037 0.000 0.237 0.000
210.333333 211.333333   52.51 0.000  0.76 0.000 9.999 0.259 0.20 0.000 0.020 0.000  1.616 0.000  2.908 0.000 99.99 0.259   9.907 0.000   4.359 0.000  5.547 0.000 0.041 0.000 0.462 0.000
213.333333 214.333333   22.33 0.000  0.46 0.000 9.999 0.259 9.99 0.259 0.006 0.000  1.002 0.000  1.803 0.000 99.99 0.259   4.154 0.000   2.236 0.000  1.948 0.000 0.015 0.000 0.111 0.000
216.333333 217.333333   86.90 0.000  0.73 0.000 9.999 0.259 0.12 0.000 0.021 0.000  1.666 0.000  2.999 0.000 99.99 0.259  11.049 0.000   5.851 0.000  5.198 0.000 0.047 0.000 0.260 0.000
219.333333 220.333333   42.29 0.000  0.50 0.000 0.011 0.000 9.99 0.259 0.008 0.000  1.480 0.000  2.663 0.000 99.99 0.259   6.392 0.000   3.059 0.000  3.334 0.000 0.022 0.000 0.176 0.000
222.333333 223.333333   36.07 0.000  0.35 0.000 0.011 0.000 9.99 0.259 0.007 0.000  2.352 0.000  4.233 0.000 99.99 0.259   8.293 0.000   3.312 0.000  4.981 0.000 0.025 0.000 0.113 0.000
225.333333 226.333333   60.04 0.000  0.87 0.000 9.999 0.259 9.99 0.259 0.007 0.000  1.859 0.000  3.346 0.000 99.99 0.259  10.929 0.000   6.829 0.000  4.099 0.000 0.034 0.000 0.096 0.000
228.333333 229.333333   72.68 0.000  0.54 0.000 0.029 0.000 0.13 0.000 0.014 0.000  2.253 0.000  4.055 0.000 99.99 0.259  12.515 0.000   5.681 0.000  6.834 0.000 0.045 0.000 0.209 0.000
231.333333 232.333333   36.53 0.000  0.57 0.000 9.999 0.259 9.99 0.259 0.009 0.000  0.632 0.000  1.138 0.000 99.99 0.259   5.803 0.000   3.521 0.000  2.281 0.000 0.018 0.000 0.170 0.000
234.333333 235.333333   61.93 0.000  0.86 0.000 0.010 0.000 0.31 0.000 0.016 0.000  2.905 0.000  5.229 0.000 99.99 0.259  13.857 0.000   6.832 0.000  7.067 0.000 0.038 0.000 0.151 0.000
237.333333 238.333333   69.15 0.000  0.76 0.000 0.024 0.000 0.14 0.000 0.054 0.000  1.240 0.000  2.231 0.000 99.99 0.259  13.620 0.000   8.348 0.000  5.150 0.000 0.061 0.000 0.304 0.000
240.333333 241.333333   36.69 0.000  0.37 0.000 0.015 0.000 9.99 0.259 0.016 0.000  0.416 0.000  0.748 0.000 99.99 0.259   7.146 0.000   5.753 0.000  1.393 0.000 0.010 0.000 0.075 0.000
243.333333 244.333333   71.54 0.000  0.50 0.000 0.028 0.000 0.20 0.000 0.023 0.000  0.968 0.000  1.742 0.000 99.99 0.259   7.971 0.000   4.741 0.000  3.230 0.000 0.030 0.000 0.107 0.000
246.333333 247.333333   22.67 0.000  0.38 0.000 9.999 0.259 0.13 0.000 0.015 0.000  0.765 0.000  1.377 0.000 99.99 0.259   4.045 0.000   2.196 0.000  1.848 0.000 0.012 0.000 0.126 0.000
249.333333 250.333333   61.84 0.000  0.81 0.000 9.999 0.259 0.16 0.000 0.026 0.000  0.821 0.000  1.478 0.000 99.99 0.259   9.478 0.000   6.496 0.000  2.981 0.000 0.027 0.000 0.158 0.000
252.333333 253.333333   20.93 0.000  0.23 0.000 9.999 0.259 0.09 0.000 0.050 0.000  0.446 0.000  0.803 0.000 99.99 0.259   7.693 0.000   4.771 0.000  2.922 0.000 0.021 0.000 0.158 0.000
255.333333 256.333333   24.11 0.000  0.46 0.000 9.999 0.259 9.99 0.259 0.052 0.000  0.749 0.000  1.348 0.000 99.99 0.259   5.474 0.000   3.018 0.000  2.456 0.000 0.016 0.000 0.096 0.000
