scripts/IMPROVE-2019_partial/data/US9046R.20030103080000.20191216000000.filterpack..pm25.1y.1w.US03L_filterpack_US9046.US03L_IMPROVE_Davis.lev2.nas
66 1001
MISSING INFORMATION
US03L, IMPROVE, , , , , , , 
MISSING INFORMATION
IMPROVE sel_HTAP
1 1
2003 01 01 2019 12 16
3.000000
days from file reference point
27
1 1 1 1 1 1 1 1 1 1 1 1 1 1 1 1 1 1 1 1 1 1 1 1 1 1 1
999.999999 9999.99 9.999 99.99 9.999 9.999 9.999999 99.99 9.999 9.999 9.999 99.999 9.999 999.999 9.999 999.99 9.999999 999.999 9.999 999.999 9.999 999.999 9.999 9.999 9.999 99.999 9.999
end_time of measurement, days from the file reference point
iron, ng/m3, Revision date=20181210133000
numflag iron, no unit, Revision date=20181210133000
lead, ng/m3, Revision date=20181210133000
numflag lead, no unit, Revision date=20181210133000
magnesium, ug/m3, Revision date=20181210133000
numflag magnesium, no unit, Revision date=20181210133000
nickel, ng/m3, Revision date=20181210133000
numflag nickel, no unit, Revision date=20181210133000
nitrate, ug N/m3, Revision date=20181210133000
numflag nitrate, no unit, Revision date=20181210133000
organic_carbon, ug C/m3, Revision date=20181210133000
numflag organic_carbon, no unit, Revision date=20181210133000
organic_mass, ug/m3, Revision date=20181210133000
numflag organic_mass, no unit, Revision date=20181210133000
phosphorus, ng/m3, Revision date=20181210133000
numflag phosphorus, no unit, Revision date=20181210133000
pm10_mass, ug/m3, Version=2, Version description=Data extracted from http://views.cira.colostate.edu/fed/DataWizard 2019-12-16, Sample duration=1d, Orig. time res.=3d, Matrix=pm10, Blank correction=Blank corrected, Volume std. temperature=ambient, Volume std. pressure=ambient
numflag pm10_mass, no unit, Version=2, Version description=Data extracted from http://views.cira.colostate.edu/fed/DataWizard 2019-12-16, Sample duration=1d, Orig. time res.=3d, Matrix=pm10, Blank correction=Blank corrected, Volume std. temperature=ambient, Volume std. pressure=ambient
pm10_pm25_mass, ug/m3, Revision date=20181210133000, Matrix=pm10_pm25
numflag pm10_pm25_mass, no unit, Revision date=20181210133000, Matrix=pm10_pm25
pm25_mass, ug/m3, Version=2, Version description=Data extracted from http://views.cira.colostate.edu/fed/DataWizard 2019-12-16, Sample duration=1d, Orig. time res.=3d, Blank correction=Blank corrected, Volume std. temperature=ambient, Volume std. pressure=ambient
numflag pm25_mass, no unit, Version=2, Version description=Data extracted from http://views.cira.colostate.edu/fed/DataWizard 2019-12-16, Sample duration=1d, Orig. time res.=3d, Blank correction=Blank corrected, Volume std. temperature=ambient, Volume std. pressure=ambient
potassium, ug/m3, Revision date=20181210133000
numflag potassium, no unit, Revision date=20181210133000
sulphate_total, ug S/m3, Revision date=20181210133000
numflag sulphate_total, no unit, Revision date=20181210133000
0
25
Data definition:              EBAS_1.1
Set type code:                TU
Timezone:                     UTC
File name:                    US9046R.20030103080000.20191216000000.filterpack..pm25.1y.1w.US03L_filterpack_US9046.US03L_IMPROVE_Davis.lev2.nas
File creation:                20191218120834
Startdate:                    20030103080000
Revision date:                20191216000000
Statistics:                   arithmetic mean
Data level:                   2
Period code:                  1y
Resolution code:              1w
Station code:                 US9046R
Platform code:                US9046S
Station name:                 San Rafael
Station latitude:             34.7339
Station longitude:            -120.0074
Station altitude:             956.0 m
Regime:                       IMG
Component:                    
Matrix:                       pm25
Laboratory code:              US03L
Instrument type:              filterpack
Instrument name:              filterpack_US9046
Method ref:                   US03L_IMPROVE_Davis
starttime endtime Fe flag_Fe Pb flag_Pb Mg++ flag_Mg++ Ni flag_Ni NO3- flag_NO3- OC flag_OC OM flag_OM P flag_P PM10 flag_PM10 PM10-PM2.5 flag_PM10-PM2.5 PM2.5 flag_PM2.5 K+ flag_K+ SO4-- flag_SO4--
  2.333333   3.333333    2.45 0.000 99.99 0.259 9.999 0.259000 99.99 0.259 0.005 0.559  0.237 0.000   0.332 0.000 999.99 0.259000   1.192 0.000   0.752 0.000   0.440 0.000 0.004 0.000  0.022 0.559
  5.333333   6.333333   33.91 0.000  0.35 0.000 9.999 0.259000 99.99 0.259 0.027 0.559  0.446 0.000   0.625 0.000 999.99 0.259000   7.936 0.000   6.085 0.000   1.852 0.000 0.022 0.000  0.081 0.559
  8.333333   9.333333   68.62 0.000  0.77 0.000 9.999 0.259000  0.53 0.000 0.319 0.000  0.700 0.000   0.980 0.000 999.99 0.259000  14.138 0.000   8.414 0.000   5.724 0.000 0.057 0.000  0.609 0.000
 11.333333  12.333333 9999.99 0.456 99.99 0.456 9.999 0.456000 99.99 0.456 0.105 0.000  0.592 0.000   0.829 0.000 999.99 0.456000   2.970 0.000 999.999 0.999 999.999 0.456 9.999 0.456  0.110 0.000
 14.333333  15.333333 9999.99 0.999 99.99 0.999 9.999 0.999000 99.99 0.999 9.999 0.999 99.999 0.999 999.999 0.999 999.99 0.999000 999.999 0.999 999.999 0.999 999.999 0.999 9.999 0.999 99.999 0.999
 17.333333  18.333333    8.86 0.000  0.41 0.000 9.999 0.259000 99.99 0.259 0.011 0.000  0.440 0.000   0.615 0.000 999.99 0.259000   1.901 0.000   1.236 0.000   0.666 0.000 0.006 0.000  0.036 0.000
 20.333333  21.333333   11.36 0.000  0.49 0.000 9.999 0.259000  0.54 0.000 0.095 0.559  0.601 0.000   0.841 0.000 999.99 0.259000   4.650 0.000   1.779 0.000   2.871 0.000 0.011 0.000  0.336 0.559
 23.333333  24.333333    5.62 0.000  0.53 0.000 9.999 0.259000  0.06 0.000 0.151 0.000  0.303 0.000   0.425 0.000 999.99 0.259000   3.788 0.000   2.559 0.000   1.229 0.000 0.010 0.000  0.124 0.000
 26.333333  27.333333   20.79 0.000  1.49 0.000 9.999 0.259000 99.99 0.259 0.047 0.000  0.580 0.000   0.812 0.000 999.99 0.259000   5.239 0.000   3.334 0.000   1.906 0.000 0.019 0.000  0.140 0.000
 29.333333  30.333333    5.47 0.000  0.39 0.000 9.999 0.259000 99.99 0.259 0.006 0.000  0.369 0.000   0.517 0.000 999.99 0.259000   3.720 0.000   2.914 0.000   0.806 0.000 0.011 0.000  0.069 0.000
 32.333333  33.333333    2.76 0.000  0.31 0.000 9.999 0.259000 99.99 0.259 0.056 0.559  0.238 0.000   0.334 0.000 999.99 0.259000   2.204 0.000   1.677 0.000   0.527 0.000 0.005 0.000  0.044 0.559
 35.333333  36.333333   38.64 0.000  0.62 0.000 9.999 0.259000  0.13 0.000 0.324 0.559  0.700 0.000   0.981 0.000 999.99 0.259000  15.178 0.000  11.513 0.000   3.665 0.000 0.035 0.000  0.106 0.559
 38.333333  39.333333   20.37 0.559  0.45 0.559 0.018 0.559000  0.06 0.559 0.318 0.559  0.533 0.000   0.747 0.000 999.99 0.559259   7.277 0.000   4.506 0.000   2.771 0.559 0.024 0.559  0.105 0.559
 41.333333  42.333333    9.73 0.000  0.21 0.000 9.999 0.259000 99.99 0.259 0.022 0.000  0.193 0.000   0.270 0.000 999.99 0.259000   2.465 0.000   1.932 0.000   0.533 0.000 0.006 0.000  0.041 0.000
 44.333333  45.333333    4.55 0.000 99.99 0.259 9.999 0.259000 99.99 0.259 0.045 0.000  0.282 0.000   0.396 0.000 999.99 0.259000   2.370 0.000   1.490 0.000   0.880 0.000 0.005 0.000  0.105 0.000
 47.333333  48.333333    4.99 0.000  0.47 0.000 9.999 0.259000 99.99 0.259 0.080 0.000  0.281 0.000   0.394 0.000 999.99 0.259000   2.563 0.000   1.033 0.000   1.530 0.000 0.011 0.000  0.191 0.000
 50.333333  51.333333    5.85 0.000  0.23 0.000 9.999 0.259000 99.99 0.259 0.100 0.000  0.308 0.000   0.431 0.000 999.99 0.259000   3.244 0.000   1.830 0.000   1.413 0.000 0.008 0.000  0.120 0.000
 53.333333  54.333333   61.13 0.000  1.18 0.000 9.999 0.259000  0.56 0.000 0.334 0.000  1.104 0.000   1.546 0.000 999.99 0.259000  18.172 0.000  11.386 0.000   6.786 0.000 0.047 0.000  0.435 0.000
 56.333333  57.333333   15.43 0.000  0.53 0.000 9.999 0.259000  0.14 0.000 0.115 0.559  0.511 0.000   0.716 0.000 999.99 0.259000   7.277 0.000   4.261 0.000   3.017 0.000 0.026 0.000  0.276 0.559
 59.333333  60.333333   21.07 0.000  0.57 0.000 9.999 0.259000  0.13 0.000 0.385 0.000  0.950 0.000   1.329 0.000 999.99 0.259000   8.816 0.000   4.385 0.000   4.431 0.000 0.025 0.000  0.264 0.000
 62.333333  63.333333    9.84 0.000  0.17 0.000 0.015 0.000000  0.13 0.000 0.047 0.559  0.343 0.000   0.481 0.000 999.99 0.259000   3.404 0.000   1.819 0.000   1.585 0.000 0.013 0.000  0.168 0.559
 65.333333  66.333333   51.77 0.000  1.85 0.000 9.999 0.259000  0.05 0.000 0.388 0.559  0.950 0.000   1.330 0.000 999.99 0.259000  11.295 0.000   6.071 0.000   5.224 0.000 0.051 0.000  0.352 0.559
 68.333333  69.333333   37.84 0.559  1.65 0.559 9.999 0.559259  0.05 0.559 0.182 0.000  0.703 0.000   0.985 0.000 999.99 0.559259   6.614 0.000   3.223 0.000   3.391 0.559 0.041 0.559  0.262 0.000
 71.333333  72.333333 9999.99 0.999 99.99 0.999 9.999 0.999000 99.99 0.999 9.999 0.999 99.999 0.999 999.999 0.999 999.99 0.999000 999.999 0.999 999.999 0.999 999.999 0.999 9.999 0.999 99.999 0.999
 74.333333  75.333333 9999.99 0.999 99.99 0.999 9.999 0.999000 99.99 0.999 9.999 0.999 99.999 0.999 999.999 0.999 999.99 0.999000 999.999 0.999 999.999 0.999 999.999 0.999 9.999 0.999 99.999 0.999
 77.333333  78.333333 9999.99 0.456 99.99 0.456 9.999 0.456000 99.99 0.456 0.215 0.559  0.668 0.000   0.935 0.000 999.99 0.456000  11.440 0.000 999.999 0.999 999.999 0.456 9.999 0.456  0.143 0.559
 80.333333  81.333333   20.75 0.000  0.95 0.000 9.999 0.259000 99.99 0.259 0.191 0.559  0.954 0.000   1.335 0.000 999.99 0.259000   6.864 0.000   3.566 0.000   3.298 0.000 0.034 0.000  0.187 0.559
 83.333333  84.333333   35.48 0.000  0.62 0.000 0.014 0.000000 99.99 0.259 0.246 0.559  1.070 0.000   1.498 0.000 999.99 0.259000   8.788 0.000   5.241 0.000   3.546 0.000 0.035 0.000  0.237 0.559
 86.333333  87.333333   54.27 0.000  0.63 0.000 9.999 0.259000  0.07 0.000 0.284 0.559  0.867 0.000   1.214 0.000 999.99 0.259000  16.734 0.000  12.861 0.000   3.872 0.000 0.046 0.000  0.162 0.559
 89.333333  90.333333   28.76 0.000  0.60 0.000 9.999 0.259000 99.99 0.259 0.118 0.000  0.938 0.000   1.313 0.000 999.99 0.259000   7.399 0.000   4.822 0.000   2.577 0.000 0.019 0.000  0.143 0.000
 92.333333  93.333333   20.48 0.000  0.58 0.000 9.999 0.259000  0.08 0.000 0.057 0.000  0.318 0.000   0.445 0.000 999.99 0.259000   9.523 0.000   7.341 0.000   2.182 0.000 0.028 0.000  0.227 0.000
 95.333333  96.333333   19.06 0.000  0.97 0.000 9.999 0.259000 99.99 0.259 0.436 0.000  0.540 0.000   0.756 0.000 999.99 0.259000   7.492 0.000   3.338 0.000   4.154 0.000 0.020 0.000  0.426 0.000
 98.333333  99.333333   51.61 0.559  1.08 0.559 9.999 0.559259  0.09 0.559 0.374 0.559  1.080 0.000   1.512 0.000 999.99 0.559259  14.893 0.000  10.252 0.000   4.641 0.559 0.033 0.559  0.258 0.559
101.333333 102.333333   10.68 0.000  0.26 0.000 9.999 0.259000  0.20 0.000 0.025 0.000  0.203 0.000   0.284 0.000 999.99 0.259000   2.537 0.000   1.417 0.000   1.120 0.000 0.009 0.000  0.177 0.000
104.333333 105.333333    5.95 0.000  0.27 0.000 9.999 0.259000 99.99 0.259 0.095 0.000  0.267 0.000   0.374 0.000 999.99 0.259000   4.143 0.000   2.713 0.000   1.429 0.000 0.009 0.000  0.156 0.000
107.333333 108.333333   58.40 0.000  0.43 0.000 9.999 0.259000  0.07 0.000 0.121 0.000  0.806 0.000   1.128 0.000 999.99 0.259000  14.604 0.000   9.985 0.000   4.619 0.000 0.059 0.000  0.269 0.000
110.333333 111.333333   33.14 0.000  0.69 0.000 9.999 0.259000  0.10 0.000 0.077 0.000  0.343 0.000   0.480 0.000 999.99 0.259000   6.735 0.000   3.782 0.000   2.953 0.000 0.036 0.000  0.307 0.000
113.333333 114.333333   29.87 0.000  0.77 0.000 9.999 0.259000  0.12 0.000 0.107 0.000  0.515 0.000   0.721 0.000 999.99 0.259000   9.398 0.000   6.311 0.000   3.086 0.000 0.028 0.000  0.328 0.000
116.333333 117.333333   44.07 0.000  0.86 0.000 9.999 0.259000  0.11 0.000 0.126 0.559  0.608 0.000   0.851 0.000 999.99 0.259000  11.934 0.000   8.118 0.000   3.816 0.000 0.044 0.000  0.274 0.559
119.333333 120.333333   42.07 0.000  0.26 0.000 9.999 0.259000  0.06 0.000 0.201 0.000  0.464 0.000   0.649 0.000 999.99 0.259000  11.477 0.000   8.102 0.000   3.375 0.000 0.032 0.000  0.248 0.000
122.333333 123.333333    2.43 0.000  0.10 0.000 0.015 0.000000 99.99 0.259 0.005 0.000  0.089 0.000   0.125 0.000 999.99 0.259000   0.541 0.000   0.286 0.000   0.255 0.000 0.001 0.000  0.024 0.000
125.333333 126.333333 9999.99 0.456 99.99 0.456 9.999 0.456000 99.99 0.456 0.247 0.000  0.979 0.000   1.370 0.000 999.99 0.456000   9.681 0.000 999.999 0.999 999.999 0.456 9.999 0.456  0.499 0.000
128.333333 129.333333   33.72 0.000  0.36 0.000 9.999 0.259000  0.05 0.000 0.082 0.000  0.422 0.000   0.590 0.000 999.99 0.259000  11.337 0.000   7.928 0.000   3.409 0.000 0.031 0.000  0.206 0.000
131.333333 132.333333   30.40 0.000  1.07 0.000 9.999 0.259000  0.26 0.000 0.247 0.000  1.632 0.000   2.284 0.000 999.99 0.259000  15.418 0.000   7.748 0.000   7.670 0.000 0.040 0.000  0.605 0.000
134.333333 135.333333 9999.99 0.999 99.99 0.999 9.999 0.999000 99.99 0.999 9.999 0.999 99.999 0.999 999.999 0.999 999.99 0.999000 999.999 0.999 999.999 0.999 999.999 0.999 9.999 0.999 99.999 0.999
137.333333 138.333333 9999.99 0.999 99.99 0.999 9.999 0.999000 99.99 0.999 9.999 0.999 99.999 0.999 999.999 0.999 999.99 0.999000 999.999 0.999 999.999 0.999 999.999 0.999 9.999 0.999 99.999 0.999
140.333333 141.333333   88.33 0.559  1.31 0.559 9.999 0.559259  0.12 0.559 0.249 0.000  1.820 0.000   2.547 0.000 999.99 0.559259  22.632 0.000  14.003 0.000   8.629 0.559 0.085 0.559  0.521 0.000
143.333333 144.333333   43.14 0.000  0.57 0.000 9.999 0.259000  0.20 0.000 0.109 0.000  1.066 0.000   1.492 0.000 999.99 0.259000  11.822 0.000   6.403 0.000   5.419 0.000 0.043 0.000  0.525 0.000
146.333333 147.333333   55.31 0.559  0.78 0.559 9.999 0.559259  0.23 0.559 0.091 0.000  1.417 0.000   1.984 0.000 999.99 0.559259  15.219 0.000   9.023 0.000   6.196 0.559 0.042 0.559  0.460 0.000
149.333333 150.333333   75.53 0.000  0.63 0.000 9.999 0.259000  0.11 0.000 0.178 0.000  1.144 0.000   1.602 0.000 999.99 0.259000  25.226 0.000  18.944 0.000   6.282 0.000 0.066 0.000  0.438 0.000
152.333333 153.333333   60.06 0.699  1.06 0.699 9.999 0.699259  0.31 0.699 0.346 0.000  2.495 0.000   3.493 0.000 999.99 0.699259  24.306 0.000  12.490 0.000  11.816 0.699 0.090 0.699  0.893 0.000
155.333333 156.333333   21.16 0.000  0.41 0.000 9.999 0.259000  0.26 0.000 0.327 0.559  0.875 0.000   1.225 0.000 999.99 0.259000  11.119 0.000   6.264 0.000   4.855 0.000 0.012 0.000  0.420 0.559
158.333333 159.333333   39.40 0.000  0.92 0.000 9.999 0.259000  0.29 0.000 0.102 0.000  1.685 0.000   2.359 0.000 999.99 0.259000  14.716 0.000   6.915 0.000   7.801 0.000 0.041 0.000  0.761 0.000
161.333333 162.333333    7.29 0.000  0.48 0.000 9.999 0.259000  0.13 0.000 0.095 0.559  0.438 0.000   0.613 0.000 999.99 0.259000   6.066 0.000   3.256 0.000   2.810 0.000 0.015 0.000  0.314 0.559
164.333333 165.333333   76.60 0.559  0.63 0.559 9.999 0.559259  0.17 0.559 0.193 0.559  1.354 0.000   1.895 0.000 999.99 0.559259  19.788 0.000  13.156 0.000   6.632 0.559 0.067 0.559  0.425 0.559
167.333333 168.333333   44.73 0.559  0.65 0.559 9.999 0.559259  0.27 0.559 0.334 0.000  1.925 0.000   2.694 0.000 999.99 0.559259  22.888 0.000  12.705 0.000  10.183 0.559 0.069 0.559  0.683 0.000
170.333333 171.333333 9999.99 0.999 99.99 0.999 9.999 0.999000 99.99 0.999 9.999 0.999 99.999 0.999 999.999 0.999 999.99 0.999000 999.999 0.999 999.999 0.999 999.999 0.999 9.999 0.999 99.999 0.999
173.333333 174.333333 9999.99 0.999 99.99 0.999 9.999 0.999000 99.99 0.999 9.999 0.999 99.999 0.999 999.999 0.999 999.99 0.999000 999.999 0.999 999.999 0.999 999.999 0.999 9.999 0.999 99.999 0.999
176.333333 177.333333   51.48 0.000  0.71 0.000 0.018 0.000000  0.24 0.000 0.107 0.000  1.546 0.000   2.165 0.000 999.99 0.259000  20.463 0.000  13.937 0.000   6.527 0.000 0.043 0.000  0.488 0.000
179.333333 180.333333   32.35 0.559  0.71 0.559 9.999 0.559259  0.18 0.559 0.046 0.000  1.487 0.000   2.082 0.000 999.99 0.559259  11.881 0.000   6.358 0.000   5.522 0.559 0.034 0.559  0.460 0.000
182.333333 183.333333 9999.99 0.999 99.99 0.999 9.999 0.999000 99.99 0.999 9.999 0.999 99.999 0.999 999.999 0.999 999.99 0.999000 999.999 0.999 999.999 0.999 999.999 0.999 9.999 0.999 99.999 0.999
185.333333 186.333333   30.60 0.559  0.83 0.559 9.999 0.559259  0.08 0.559 0.061 0.000  1.036 0.000   1.450 0.000 999.99 0.559259  12.533 0.000   8.541 0.000   3.992 0.559 0.044 0.559  0.246 0.000
188.333333 189.333333   46.74 0.559  0.33 0.559 9.999 0.559259  0.07 0.559 0.136 0.000  0.941 0.000   1.317 0.000 999.99 0.559259  18.442 0.000  12.780 0.000   5.663 0.559 0.044 0.559  0.292 0.000
191.333333 192.333333   60.93 0.000  0.62 0.000 0.022 0.000000  0.19 0.000 0.161 0.000  1.448 0.000   2.027 0.000 999.99 0.259000  23.106 0.000  16.291 0.000   6.815 0.000 0.053 0.000  0.433 0.000
194.333333 195.333333   30.81 0.559  0.62 0.559 9.999 0.559259  0.17 0.559 0.124 0.000  1.093 0.000   1.531 0.000 999.99 0.559259  15.574 0.000  10.117 0.000   5.456 0.559 0.034 0.559  0.330 0.000
197.333333 198.333333 9999.99 0.999 99.99 0.999 9.999 0.999000 99.99 0.999 9.999 0.999 99.999 0.999 999.999 0.999 999.99 0.999000 999.999 0.999 999.999 0.999 999.999 0.999 9.999 0.999 99.999 0.999
200.333333 201.333333   42.22 0.559  1.11 0.559 0.038 0.559000  1.02 0.559 0.258 0.559  1.551 0.000   2.171 0.000 999.99 0.559259  18.327 0.000   8.415 0.000   9.911 0.559 0.059 0.559  0.919 0.559
203.333333 204.333333 9999.99 0.999 99.99 0.999 9.999 0.999000 99.99 0.999 9.999 0.999 99.999 0.999 999.999 0.999 999.99 0.999000 999.999 0.999 999.999 0.999 999.999 0.999 9.999 0.999 99.999 0.999
206.333333 207.333333   36.28 0.699  0.62 0.699 9.999 0.699259  0.44 0.699 0.057 0.559  1.395 0.000   1.953 0.000 999.99 0.699259  13.765 0.000   7.436 0.000   6.329 0.699 0.094 0.699  0.669 0.559
209.333333 210.333333   54.09 0.559  0.77 0.559 0.026 0.559000  0.79 0.559 0.170 0.559  1.969 0.000   2.756 0.000 999.99 0.559259  19.759 0.000   9.594 0.000  10.165 0.559 0.047 0.559  0.965 0.559
212.333333 213.333333   33.10 0.000  0.35 0.000 9.999 0.259000  0.43 0.000 0.051 0.000  0.745 0.000   1.042 0.000 999.99 0.259000  13.682 0.000   8.740 0.000   4.942 0.000 0.021 0.000  0.533 0.000
215.333333 216.333333   27.22 0.000  0.34 0.000 9.999 0.259000  0.25 0.000 0.058 0.000  0.842 0.000   1.178 0.000 999.99 0.259000  11.863 0.000   6.939 0.000   4.924 0.000 0.048 0.000  0.554 0.000
218.333333 219.333333   59.06 0.000  0.45 0.000 9.999 0.259000  0.14 0.000 0.120 0.559  1.595 0.000   2.233 0.000 999.99 0.259000  21.949 0.000  14.314 0.000   7.636 0.000 0.074 0.000  0.518 0.559
221.333333 222.333333   30.14 0.559  0.71 0.559 9.999 0.559259  0.15 0.559 0.113 0.559  1.265 0.000   1.771 0.000 999.99 0.559259  13.931 0.000   8.606 0.000   5.324 0.559 0.040 0.559  0.327 0.559
224.333333 225.333333 9999.99 0.999 99.99 0.999 9.999 0.999000 99.99 0.999 9.999 0.999 99.999 0.999 999.999 0.999 999.99 0.999000 999.999 0.999 999.999 0.999 999.999 0.999 9.999 0.999 99.999 0.999
227.333333 228.333333   41.26 0.559  0.68 0.559 9.999 0.559259  0.12 0.559 0.112 0.559  1.048 0.000   1.466 0.000 999.99 0.559259  11.696 0.000   6.180 0.000   5.516 0.559 0.035 0.559  0.317 0.559
230.333333 231.333333   31.61 0.559  0.58 0.559 9.999 0.559259  0.37 0.559 0.124 0.559  1.416 0.000   1.982 0.000 999.99 0.559259 999.999 0.999 999.999 0.999   6.846 0.559 0.037 0.559  0.519 0.559
233.333333 234.333333   24.75 0.000  0.37 0.000 9.999 0.259000  0.46 0.000 0.097 0.559  0.538 0.000   0.753 0.000 999.99 0.259000 999.999 0.999 999.999 0.999   4.223 0.000 0.021 0.000  0.428 0.559
236.333333 237.333333   31.50 0.559  0.45 0.559 9.999 0.559259  0.36 0.559 0.055 0.559  0.973 0.000   1.363 0.000 999.99 0.559259 999.999 0.999 999.999 0.999   5.380 0.559 0.028 0.559  0.435 0.559
239.333333 240.333333 9999.99 0.999 99.99 0.999 9.999 0.999000 99.99 0.999 9.999 0.999 99.999 0.999 999.999 0.999 999.99 0.999000 999.999 0.999 999.999 0.999 999.999 0.999 9.999 0.999 99.999 0.999
242.333333 243.333333   21.27 0.000  0.90 0.000 9.999 0.259000  0.13 0.000 0.048 0.559  0.975 0.000   1.365 0.000 999.99 0.259000 999.999 0.999 999.999 0.999   4.308 0.000 0.032 0.000  0.352 0.559
