scripts/IMPROVE-2019_partial/data/US9029R.20060102070000.20191216000000.filterpack..pm25.52w.1w.US03L_filterpack_US9029.US03L_IMPROVE_Davis.lev2.nas
66 1001
MISSING INFORMATION
US03L, IMPROVE, , , , , , , 
MISSING INFORMATION
IMPROVE sel_HTAP
1 1
2006 01 01 2019 12 16
3.000000
days from file reference point
27
1 1 1 1 1 1 1 1 1 1 1 1 1 1 1 1 1 1 1 1 1 1 1 1 1 1 1
999.999999 9999.99 9.999 99.99 9.999 9.999 9.999 9.99 9.999999 9.999 9.999 999.999 9.999 999.999 9.999 999.99 9.999999 999.999 9.999 999.999 9.999 999.999 9.999 9.999 9.999 9.999 9.999
end_time of measurement, days from the file reference point
iron, ng/m3, Revision date=20181210133000
numflag iron, no unit, Revision date=20181210133000
lead, ng/m3, Revision date=20181210133000
numflag lead, no unit, Revision date=20181210133000
magnesium, ug/m3, Revision date=20181210133000
numflag magnesium, no unit, Revision date=20181210133000
nickel, ng/m3, Revision date=20181210133000
numflag nickel, no unit, Revision date=20181210133000
nitrate, ug N/m3, Revision date=20181210133000
numflag nitrate, no unit, Revision date=20181210133000
organic_carbon, ug C/m3, Revision date=20181210133000
numflag organic_carbon, no unit, Revision date=20181210133000
organic_mass, ug/m3, Revision date=20181210133000
numflag organic_mass, no unit, Revision date=20181210133000
phosphorus, ng/m3, Revision date=20181210133000
numflag phosphorus, no unit, Revision date=20181210133000
pm10_mass, ug/m3, Version=2, Version description=Data extracted from http://views.cira.colostate.edu/fed/DataWizard 2019-12-16, Sample duration=1d, Orig. time res.=3d, Matrix=pm10, Blank correction=Blank corrected, Volume std. temperature=ambient, Volume std. pressure=ambient
numflag pm10_mass, no unit, Version=2, Version description=Data extracted from http://views.cira.colostate.edu/fed/DataWizard 2019-12-16, Sample duration=1d, Orig. time res.=3d, Matrix=pm10, Blank correction=Blank corrected, Volume std. temperature=ambient, Volume std. pressure=ambient
pm10_pm25_mass, ug/m3, Revision date=20181210133000, Matrix=pm10_pm25
numflag pm10_pm25_mass, no unit, Revision date=20181210133000, Matrix=pm10_pm25
pm25_mass, ug/m3, Version=2, Version description=Data extracted from http://views.cira.colostate.edu/fed/DataWizard 2019-12-16, Sample duration=1d, Orig. time res.=3d, Blank correction=Blank corrected, Volume std. temperature=ambient, Volume std. pressure=ambient
numflag pm25_mass, no unit, Version=2, Version description=Data extracted from http://views.cira.colostate.edu/fed/DataWizard 2019-12-16, Sample duration=1d, Orig. time res.=3d, Blank correction=Blank corrected, Volume std. temperature=ambient, Volume std. pressure=ambient
potassium, ug/m3, Revision date=20181210133000
numflag potassium, no unit, Revision date=20181210133000
sulphate_total, ug S/m3, Revision date=20181210133000
numflag sulphate_total, no unit, Revision date=20181210133000
0
25
Data definition:              EBAS_1.1
Set type code:                TU
Timezone:                     UTC
File name:                    US9029R.20060102070000.20191216000000.filterpack..pm25.52w.1w.US03L_filterpack_US9029.US03L_IMPROVE_Davis.lev2.nas
File creation:                20191218120708
Startdate:                    20060102070000
Revision date:                20191216000000
Statistics:                   arithmetic mean
Data level:                   2
Period code:                  52w
Resolution code:              1w
Station code:                 US9029R
Platform code:                US9029S
Station name:                 North Absaroka
Station latitude:             44.7448
Station longitude:            -109.3816
Station altitude:             2482.0 m
Regime:                       IMG
Component:                    
Matrix:                       pm25
Laboratory code:              US03L
Instrument type:              filterpack
Instrument name:              filterpack_US9029
Method ref:                   US03L_IMPROVE_Davis
starttime endtime Fe flag_Fe Pb flag_Pb Mg++ flag_Mg++ Ni flag_Ni NO3- flag_NO3- OC flag_OC OM flag_OM P flag_P PM10 flag_PM10 PM10-PM2.5 flag_PM10-PM2.5 PM2.5 flag_PM2.5 K+ flag_K+ SO4-- flag_SO4--
  1.291667   2.291667    3.38 0.000  0.12 0.000 9.999 0.259 9.99 0.259000 0.002 0.000   0.060 0.000   0.084 0.000 999.99 0.259000   0.798 0.000   0.273 0.000   0.525 0.000 0.003 0.000 0.054 0.000
  4.291667   5.291667    2.91 0.000  0.18 0.000 9.999 0.259 9.99 0.259000 0.008 0.000   0.154 0.000   0.215 0.000 999.99 0.259000   1.307 0.000   0.725 0.000   0.582 0.000 0.004 0.000 0.036 0.000
  7.291667   8.291667    1.87 0.000  0.07 0.000 9.999 0.259 9.99 0.259000 0.007 0.000   0.091 0.000   0.127 0.000 999.99 0.259000   1.270 0.000   0.897 0.000   0.373 0.000 0.002 0.000 0.026 0.000
 10.291667  11.291667    7.91 0.000  0.15 0.000 9.999 0.259 9.99 0.259000 0.002 0.000 999.999 0.259 999.999 0.259 999.99 0.259000   2.988 0.000   2.643 0.000   0.345 0.000 0.005 0.000 0.012 0.000
 13.291667  14.291667   30.33 0.000  0.20 0.000 9.999 0.259 9.99 0.259000 0.014 0.000   0.066 0.000   0.093 0.000 999.99 0.259000   2.479 0.000   1.469 0.000   1.010 0.000 0.019 0.000 0.031 0.000
 16.291667  17.291667    3.47 0.000  0.18 0.000 9.999 0.259 9.99 0.259000 0.039 0.000   0.060 0.000   0.085 0.000 999.99 0.259000   0.886 0.000   0.330 0.000   0.557 0.000 0.011 0.000 0.058 0.000
 19.291667  20.291667    3.12 0.000  0.23 0.000 9.999 0.259 9.99 0.259000 0.035 0.000 999.999 0.259 999.999 0.259 999.99 0.259000   2.328 0.000   1.900 0.000   0.428 0.000 0.002 0.000 0.045 0.000
 22.291667  23.291667    7.51 0.000  0.13 0.000 0.004 0.000 9.99 0.259000 0.032 0.000   0.073 0.000   0.103 0.000 999.99 0.259000   1.985 0.000   1.497 0.000   0.489 0.000 0.006 0.000 0.064 0.000
 25.291667  26.291667   20.68 0.000  0.59 0.000 9.999 0.259 0.07 0.000000 0.064 0.000   0.273 0.000   0.382 0.000 999.99 0.259000   5.597 0.000   3.765 0.000   1.832 0.000 0.017 0.000 0.152 0.000
 28.291667  29.291667    3.17 0.000  0.16 0.000 9.999 0.259 9.99 0.259000 0.014 0.000 999.999 0.259 999.999 0.259 999.99 0.259000   1.734 0.000   1.580 0.000   0.278 0.000 0.002 0.000 0.030 0.000
 31.291667  32.291667   20.12 0.000  0.48 0.000 9.999 0.259 0.08 0.000000 0.010 0.000   0.019 0.000   0.027 0.000 999.99 0.259000   6.163 0.000   5.262 0.000   0.901 0.000 0.011 0.000 0.063 0.000
 34.291667  35.291667   10.85 0.000  1.52 0.000 0.006 0.000 9.99 0.259000 0.016 0.000   0.244 0.000   0.341 0.000 999.99 0.259000   4.065 0.000   2.260 0.000   1.805 0.000 0.017 0.000 0.272 0.000
 37.291667  38.291667    5.07 0.000  0.41 0.000 9.999 0.259 9.99 0.259000 0.041 0.000   0.091 0.000   0.127 0.000 999.99 0.259000   1.105 0.000   0.532 0.000   0.574 0.000 0.006 0.000 0.062 0.000
 40.291667  41.291667    9.05 0.000  0.64 0.000 9.999 0.259 9.99 0.259000 0.043 0.000   0.178 0.000   0.249 0.000 999.99 0.259000   3.603 0.000   2.226 0.000   1.376 0.000 0.014 0.000 0.153 0.000
 43.291667  44.291667   14.61 0.000  0.46 0.000 0.005 0.000 9.99 0.259000 0.055 0.000   0.108 0.000   0.151 0.000 999.99 0.259000   1.740 0.000   0.713 0.000   1.027 0.000 0.013 0.000 0.075 0.000
 46.291667  47.291667    4.18 0.000  0.23 0.000 9.999 0.259 9.99 0.259000 0.046 0.000   0.121 0.000   0.169 0.000 999.99 0.259000   2.036 0.000   0.889 0.000   1.147 0.000 0.010 0.000 0.149 0.000
 49.291667  50.291667    8.32 0.000  0.26 0.000 0.006 0.000 9.99 0.259000 0.043 0.000   0.247 0.000   0.346 0.000 999.99 0.259000   3.643 0.000   1.941 0.000   1.702 0.000 0.010 0.000 0.241 0.000
 52.291667  53.291667    6.61 0.000 99.99 0.259 9.999 0.259 9.99 0.259000 0.044 0.000   0.129 0.000   0.181 0.000 999.99 0.259000   3.154 0.000   2.186 0.000   0.968 0.000 0.005 0.000 0.068 0.000
 55.291667  56.291667   19.91 0.000  0.88 0.000 9.999 0.259 9.99 0.259000 0.068 0.000   0.343 0.000   0.480 0.000 999.99 0.259000   3.072 0.000   1.230 0.000   1.842 0.000 0.017 0.000 0.175 0.000
 58.291667  59.291667   10.97 0.000  0.44 0.000 9.999 0.259 0.10 0.000000 0.016 0.000   0.138 0.000   0.193 0.000 999.99 0.259000   2.393 0.000   1.348 0.000   1.045 0.000 0.008 0.000 0.053 0.000
 61.291667  62.291667   17.89 0.000  0.37 0.000 9.999 0.259 9.99 0.259000 0.103 0.000   0.575 0.000   0.805 0.000 999.99 0.259000   7.980 0.000   5.630 0.000   2.351 0.000 0.024 0.000 0.175 0.000
 64.291667  65.291667   14.58 0.000  0.44 0.000 9.999 0.259 9.99 0.259000 0.017 0.000   0.059 0.000   0.082 0.000 999.99 0.259000   2.195 0.000   0.818 0.000   1.377 0.000 0.010 0.000 0.111 0.000
 67.291667  68.291667    8.02 0.000  0.34 0.000 9.999 0.259 9.99 0.259000 0.028 0.000   0.075 0.000   0.105 0.000 999.99 0.259000   6.244 0.000   5.076 0.000   1.168 0.000 0.005 0.000 0.062 0.000
 70.291667  71.291667    3.69 0.000  0.47 0.000 9.999 0.259 9.99 0.259000 0.046 0.000   0.165 0.000   0.230 0.000 999.99 0.259000   3.336 0.000   0.538 0.000   2.798 0.000 0.007 0.000 0.408 0.000
 73.291667  74.291667   10.76 0.000  0.41 0.000 9.999 0.259 9.99 0.259000 0.015 0.000   0.051 0.000   0.071 0.000 999.99 0.259000   2.833 0.000   1.959 0.000   0.873 0.000 0.009 0.000 0.116 0.000
 76.291667  77.291667   16.94 0.000  0.49 0.000 9.999 0.259 9.99 0.259000 0.132 0.000   0.287 0.000   0.402 0.000 999.99 0.259000   3.021 0.000   0.738 0.000   2.283 0.000 0.019 0.000 0.264 0.000
 79.291667  80.291667 9999.99 0.456 99.99 0.456 9.999 0.456 9.99 0.456000 0.077 0.000   0.602 0.000   0.843 0.000 999.99 0.456000   3.389 0.000 999.999 0.456 999.999 0.456 9.999 0.456 0.420 0.000
 82.291667  83.291667  300.68 0.559  1.43 0.559 0.208 0.559 9.99 0.559259 0.075 0.000   0.319 0.000   0.446 0.000 999.99 0.559259  14.997 0.000   7.394 0.559   7.604 0.659 0.156 0.559 0.228 0.000
 85.291667  86.291667   43.29 0.000  0.80 0.000 9.999 0.259 9.99 0.259000 0.036 0.000   0.053 0.000   0.074 0.000 999.99 0.259000   2.307 0.000   0.758 0.000   1.548 0.000 0.027 0.000 0.127 0.000
 88.291667  89.291667    8.87 0.000  0.33 0.000 9.999 0.259 9.99 0.259000 0.014 0.000 999.999 0.259 999.999 0.259 999.99 0.259000   2.075 0.000   1.216 0.000   0.859 0.000 0.007 0.000 0.112 0.000
 91.291667  92.291667    7.92 0.000  0.23 0.000 9.999 0.259 9.99 0.259000 0.018 0.000   0.081 0.000   0.113 0.000 999.99 0.259000   1.332 0.000   0.774 0.000   0.558 0.000 0.006 0.000 0.060 0.000
 94.291667  95.291667 9999.99 0.999 99.99 0.999 9.999 0.999 9.99 0.999000 9.999 0.999 999.999 0.999 999.999 0.999 999.99 0.999000 999.999 0.999 999.999 0.999 999.999 0.999 9.999 0.999 9.999 0.999
 97.291667  98.291667   19.98 0.000  0.48 0.000 0.011 0.000 0.06 0.000000 0.042 0.000   0.320 0.000   0.449 0.000 999.99 0.259000   3.631 0.000   1.491 0.000   2.140 0.000 0.014 0.000 0.233 0.000
100.291667 101.291667   13.35 0.000  0.31 0.000 0.009 0.000 9.99 0.259000 0.046 0.000   0.038 0.000   0.054 0.000 999.99 0.259000   1.795 0.000   0.576 0.000   1.218 0.000 0.009 0.000 0.124 0.000
103.291667 104.291667   28.46 0.000  0.69 0.000 0.017 0.000 0.09 0.000000 0.033 0.000   0.206 0.000   0.288 0.000 999.99 0.259000   4.277 0.000   2.008 0.000   2.268 0.000 0.024 0.000 0.240 0.000
106.291667 107.291667   29.07 0.000 99.99 0.259 0.022 0.000 9.99 0.259000 0.006 0.000   0.152 0.000   0.213 0.000 999.99 0.259000   1.353 0.000   0.535 0.000   0.818 0.000 0.016 0.000 0.025 0.000
109.291667 110.291667  109.34 0.000  0.39 0.000 0.068 0.000 9.99 0.259000 0.032 0.000   0.406 0.000   0.568 0.000 999.99 0.259000   7.232 0.000   3.826 0.000   3.406 0.000 0.063 0.000 0.140 0.000
112.291667 113.291667    3.28 0.000 99.99 0.259 0.006 0.000 9.99 0.259000 0.008 0.000   0.084 0.000   0.117 0.000 999.99 0.259000   0.634 0.000   0.471 0.000   0.162 0.000 0.002 0.000 0.015 0.000
115.291667 116.291667  121.18 0.000  1.97 0.000 0.062 0.000 9.99 0.259000 0.085 0.000   0.509 0.000   0.713 0.000 999.99 0.259000   8.294 0.000   3.406 0.000   4.888 0.000 0.077 0.000 0.338 0.000
118.291667 119.291667  122.57 0.000  1.67 0.000 0.055 0.000 0.06 0.000000 0.046 0.559   1.036 0.000   1.450 0.000 999.99 0.259000  10.832 0.000   4.632 0.000   6.200 0.000 0.083 0.000 0.294 0.559
121.291667 122.291667   99.82 0.000  1.13 0.000 9.999 0.259 0.06 0.000000 0.044 0.559   0.389 0.000   0.544 0.000 999.99 0.259000   8.948 0.000   5.146 0.000   3.801 0.000 0.056 0.000 0.239 0.559
124.291667 125.291667   85.93 0.000  1.52 0.000 9.999 0.259 9.99 0.259000 0.066 0.000   0.320 0.000   0.448 0.000 999.99 0.259000   7.546 0.000   2.762 0.000   4.784 0.000 0.054 0.000 0.540 0.000
127.291667 128.291667   12.83 0.000  0.69 0.000 9.999 0.259 9.99 0.259000 0.005 0.000   0.270 0.000   0.378 0.000 999.99 0.259000   1.759 0.000   0.463 0.000   1.296 0.000 0.012 0.000 0.127 0.000
130.291667 131.291667   84.69 0.000  1.21 0.000 9.999 0.259 9.99 0.259000 0.035 0.000   0.487 0.000   0.682 0.000 999.99 0.259000   7.050 0.000   3.154 0.000   3.896 0.000 0.056 0.000 0.296 0.000
133.291667 134.291667  129.47 0.000  1.81 0.000 9.999 0.259 9.99 0.259000 0.039 0.559   1.046 0.000   1.464 0.000 999.99 0.259000  10.834 0.000   4.351 0.000   6.483 0.000 0.086 0.000 0.377 0.559
136.291667 137.291667   71.93 0.699  0.96 0.699 0.012 0.699 9.99 0.699259 0.021 0.000   1.385 0.000   1.939 0.000 999.99 0.699259  10.907 0.000   6.027 0.699   4.881 0.659 0.046 0.699 0.205 0.000
139.291667 140.291667   33.09 0.000  0.43 0.000 9.999 0.259 9.99 0.259000 0.024 0.000   0.518 0.000   0.726 0.000 999.99 0.259000   7.421 0.000   4.619 0.000   2.802 0.000 0.021 0.000 0.169 0.000
142.291667 143.291667   17.27 0.000  0.43 0.000 0.006 0.000 0.06 0.000000 0.014 0.000   0.332 0.000   0.465 0.000 999.99 0.259000   2.712 0.000   1.097 0.000   1.615 0.000 0.013 0.000 0.102 0.000
145.291667 146.291667   70.54 0.000  1.18 0.000 9.999 0.259 9.99 0.259000 0.044 0.000   0.698 0.000   0.978 0.000 999.99 0.259000  10.350 0.000   6.144 0.000   4.206 0.000 0.047 0.000 0.278 0.000
148.291667 149.291667    5.28 0.000 99.99 0.259 9.999 0.259 9.99 0.259000 0.007 0.559   0.144 0.000   0.202 0.000 999.99 0.259000   1.017 0.000   0.413 0.000   0.604 0.000 0.004 0.000 0.040 0.559
151.291667 152.291667   20.02 0.000  0.40 0.000 0.009 0.000 9.99 0.259000 0.007 0.559   0.377 0.000   0.527 0.000 999.99 0.259000   4.264 0.000   2.502 0.000   1.761 0.000 0.014 0.000 0.113 0.559
154.291667 155.291667   25.03 0.000  0.31 0.000 0.011 0.000 0.07 0.000000 0.008 0.559   0.265 0.000   0.372 0.000 999.99 0.259000   2.837 0.000   1.218 0.000   1.619 0.000 0.015 0.000 0.100 0.559
157.291667 158.291667 9999.99 0.999 99.99 0.999 9.999 0.999 9.99 0.999000 9.999 0.999 999.999 0.999 999.999 0.999 999.99 0.999000 999.999 0.999 999.999 0.999 999.999 0.999 9.999 0.999 9.999 0.999
160.291667 161.291667 9999.99 0.999 99.99 0.999 9.999 0.999 9.99 0.999000 9.999 0.999 999.999 0.999 999.999 0.999 999.99 0.999000 999.999 0.999 999.999 0.999 999.999 0.999 9.999 0.999 9.999 0.999
163.291667 164.291667 9999.99 0.999 99.99 0.999 9.999 0.999 9.99 0.999000 9.999 0.999 999.999 0.999 999.999 0.999 999.99 0.999000 999.999 0.999 999.999 0.999 999.999 0.999 9.999 0.999 9.999 0.999
166.291667 167.291667   14.25 0.000  0.34 0.000 0.008 0.000 9.99 0.259000 0.008 0.559   0.706 0.000   0.989 0.000 999.99 0.259000  11.984 0.000   9.829 0.000   2.155 0.000 0.015 0.000 0.121 0.559
169.291667 170.291667   18.86 0.000  0.36 0.000 0.007 0.000 9.99 0.259000 0.010 0.559   0.653 0.000   0.915 0.000 999.99 0.259000   7.382 0.000   4.885 0.000   2.498 0.000 0.019 0.000 0.181 0.559
172.291667 173.291667   23.71 0.000  0.58 0.000 0.010 0.000 9.99 0.259000 0.013 0.559   0.858 0.000   1.201 0.000 999.99 0.259000 999.999 0.456 999.999 0.999   3.373 0.000 0.037 0.000 0.247 0.559
175.291667 176.291667   24.42 0.000  0.77 0.000 9.999 0.259 0.05 0.000000 0.011 0.559   0.684 0.000   0.957 0.000 999.99 0.259000   6.700 0.000   3.219 0.000   3.480 0.000 0.027 0.000 0.267 0.559
178.291667 179.291667   32.56 0.000  0.49 0.000 0.014 0.000 9.99 0.259000 0.008 0.559   0.850 0.000   1.190 0.000 999.99 0.259000  10.743 0.000   7.346 0.000   3.396 0.000 0.025 0.000 0.197 0.559
181.291667 182.291667   14.66 0.000  0.32 0.000 0.007 0.000 9.99 0.259000 0.012 0.000   1.492 0.000   2.686 0.000 999.99 0.259000   7.089 0.000   3.263 0.000   3.826 0.000 0.025 0.000 0.141 0.000
184.291667 185.291667   12.55 0.000  0.42 0.000 9.999 0.259 0.12 0.000000 0.030 0.559   1.374 0.000   2.473 0.000 999.99 0.259000   6.532 0.000   2.487 0.000   4.045 0.000 0.053 0.000 0.185 0.559
187.291667 188.291667   11.05 0.000  0.23 0.000 0.004 0.000 0.08 0.000000 0.008 0.559   0.323 0.000   0.582 0.000 999.99 0.259000   6.943 0.000   5.434 0.000   1.508 0.000 0.017 0.000 0.112 0.559
190.291667 191.291667    9.79 0.000  0.19 0.000 9.999 0.259 9.99 0.259000 0.005 0.559   0.801 0.000   1.443 0.000 999.99 0.259000   5.317 0.000   2.967 0.000   2.350 0.000 0.011 0.000 0.106 0.559
193.291667 194.291667   21.08 0.000  0.33 0.000 0.008 0.000 9.99 0.259000 0.010 0.559   0.647 0.000   1.165 0.000 999.99 0.259000  10.224 0.000   7.935 0.000   2.289 0.000 0.020 0.000 0.107 0.559
196.291667 197.291667   57.86 0.000  0.47 0.000 0.016 0.000 0.42 0.000000 0.016 0.559   2.035 0.000   3.663 0.000 999.99 0.259000   9.345 0.000   3.679 0.000   5.666 0.000 0.057 0.000 0.128 0.559
199.291667 200.291667 9999.99 0.999 99.99 0.999 9.999 0.999 9.99 0.999000 9.999 0.999 999.999 0.999 999.999 0.999 999.99 0.999000 999.999 0.999 999.999 0.999 999.999 0.999 9.999 0.999 9.999 0.999
202.291667 203.291667   60.33 0.000  0.48 0.000 0.010 0.000 0.20 0.000000 0.013 0.000   1.394 0.000   2.510 0.000 999.99 0.259000  10.652 0.000   5.929 0.000   4.723 0.000 0.036 0.000 0.217 0.000
205.291667 206.291667   24.24 0.000  0.30 0.000 9.999 0.259 0.09 0.000000 0.014 0.000   1.508 0.000   2.714 0.000 999.99 0.259000   7.170 0.000   3.005 0.000   4.165 0.000 0.025 0.000 0.116 0.000
208.291667 209.291667   32.30 0.000  0.39 0.000 9.999 0.259 9.99 0.259000 0.015 0.000   2.050 0.000   3.691 0.000 999.99 0.259000   8.910 0.000   3.549 0.000   5.361 0.000 0.051 0.000 0.126 0.000
211.291667 212.291667   33.35 0.000  0.25 0.000 9.999 0.259 0.07 0.000000 0.018 0.000   1.627 0.000   2.929 0.000 999.99 0.259000   7.961 0.000   3.455 0.000   4.506 0.000 0.047 0.000 0.090 0.000
214.291667 215.291667   19.73 0.000  0.29 0.000 9.999 0.259 9.99 0.259000 0.016 0.000   1.626 0.000   2.928 0.000 999.99 0.259000   6.870 0.000   2.679 0.000   4.191 0.000 0.032 0.000 0.095 0.000
217.291667 218.291667   26.80 0.000  0.43 0.000 9.999 0.259 9.99 0.259000 0.014 0.000   1.475 0.000   2.655 0.000 999.99 0.259000   6.968 0.000   2.634 0.000   4.334 0.000 0.030 0.000 0.208 0.000
220.291667 221.291667   26.37 0.000  0.28 0.000 9.999 0.259 9.99 0.259000 0.028 0.000   0.783 0.000   1.409 0.000 999.99 0.259000   6.763 0.000   3.482 0.000   3.281 0.000 0.067 0.000 0.142 0.000
223.291667 224.291667   28.54 0.000  0.43 0.000 0.011 0.000 0.07 0.000000 0.020 0.000   1.553 0.000   2.796 0.000 999.99 0.259000   7.827 0.000   3.721 0.000   4.106 0.000 0.042 0.000 0.094 0.000
226.291667 227.291667   22.71 0.000  0.39 0.000 0.009 0.000 9.99 0.259000 0.018 0.000   1.241 0.000   2.233 0.000 999.99 0.259000   6.891 0.000   2.580 0.000   4.311 0.000 0.040 0.000 0.156 0.000
229.291667 230.291667   19.44 0.000  0.24 0.000 9.999 0.259 9.99 0.259000 0.033 0.000   1.224 0.000   2.202 0.000 999.99 0.259000   6.324 0.000   2.388 0.000   3.936 0.000 0.044 0.000 0.129 0.000
232.291667 233.291667   32.58 0.000  0.30 0.000 9.999 0.259 0.10 0.000000 0.020 0.000   1.671 0.000   3.009 0.000 999.99 0.259000   8.282 0.000   3.368 0.000   4.914 0.000 0.044 0.000 0.160 0.000
235.291667 236.291667 9999.99 0.699 99.99 0.699 9.999 0.699 9.99 0.699000 0.221 0.000  12.284 0.000  22.110 0.000 999.99 0.699000  40.315 0.000 999.999 0.699 999.999 0.699 9.999 0.699 0.280 0.000
238.291667 239.291667   24.08 0.000  0.53 0.000 9.999 0.259 0.08 0.000000 0.034 0.000   3.079 0.000   5.542 0.000 999.99 0.259000  10.294 0.000   2.050 0.000   8.245 0.000 0.071 0.000 0.237 0.000
241.291667 242.291667   76.01 0.000  0.47 0.000 0.022 0.000 9.99 0.259000 0.045 0.000   2.928 0.000   5.270 0.000 999.99 0.259000  20.498 0.000  12.277 0.000   8.221 0.000 0.118 0.000 0.122 0.000
