scripts/IMPROVE-2019_partial/data/US9023R.20060102050000.20191216000000.filterpack..pm25.52w.1w.US03L_filterpack_US9023.US03L_IMPROVE_Davis.lev2.nas
64 1001
MISSING INFORMATION
US03L, IMPROVE, , , , , , , 
MISSING INFORMATION
IMPROVE sel_HTAP
1 1
2006 01 01 2019 12 16
3.000000
days from file reference point
25
1 1 1 1 1 1 1 1 1 1 1 1 1 1 1 1 1 1 1 1 1 1 1 1 1
999.999999 999.99 9.999 999.99 9.999 9.999 9.999999 99.99 9.999999 9.999 9.999 99.999 9.999 99.999 9.999 999.999 9.999 99.999 9.999 999.999 9.999 9.999 9.999 99.999 9.999
end_time of measurement, days from the file reference point
iron, ng/m3, Revision date=20181210133000
numflag iron, no unit, Revision date=20181210133000
lead, ng/m3, Revision date=20181210133000
numflag lead, no unit, Revision date=20181210133000
magnesium, ug/m3, Revision date=20181210133000
numflag magnesium, no unit, Revision date=20181210133000
nickel, ng/m3, Revision date=20181210133000
numflag nickel, no unit, Revision date=20181210133000
nitrate, ug N/m3, Revision date=20181210133000
numflag nitrate, no unit, Revision date=20181210133000
organic_carbon, ug C/m3, Revision date=20181210133000
numflag organic_carbon, no unit, Revision date=20181210133000
organic_mass, ug/m3, Revision date=20181210133000
numflag organic_mass, no unit, Revision date=20181210133000
pm10_mass, ug/m3, Version=2, Version description=Data extracted from http://views.cira.colostate.edu/fed/DataWizard 2019-12-16, Sample duration=1d, Orig. time res.=3d, Matrix=pm10, Blank correction=Blank corrected, Volume std. temperature=ambient, Volume std. pressure=ambient
numflag pm10_mass, no unit, Version=2, Version description=Data extracted from http://views.cira.colostate.edu/fed/DataWizard 2019-12-16, Sample duration=1d, Orig. time res.=3d, Matrix=pm10, Blank correction=Blank corrected, Volume std. temperature=ambient, Volume std. pressure=ambient
pm10_pm25_mass, ug/m3, Revision date=20181210133000, Matrix=pm10_pm25
numflag pm10_pm25_mass, no unit, Revision date=20181210133000, Matrix=pm10_pm25
pm25_mass, ug/m3, Version=2, Version description=Data extracted from http://views.cira.colostate.edu/fed/DataWizard 2019-12-16, Sample duration=1d, Orig. time res.=3d, Blank correction=Blank corrected, Volume std. temperature=ambient, Volume std. pressure=ambient
numflag pm25_mass, no unit, Version=2, Version description=Data extracted from http://views.cira.colostate.edu/fed/DataWizard 2019-12-16, Sample duration=1d, Orig. time res.=3d, Blank correction=Blank corrected, Volume std. temperature=ambient, Volume std. pressure=ambient
potassium, ug/m3, Revision date=20181210133000
numflag potassium, no unit, Revision date=20181210133000
sulphate_total, ug S/m3, Revision date=20181210133000
numflag sulphate_total, no unit, Revision date=20181210133000
0
25
Data definition:              EBAS_1.1
Set type code:                TU
Timezone:                     UTC
File name:                    US9023R.20060102050000.20191216000000.filterpack..pm25.52w.1w.US03L_filterpack_US9023.US03L_IMPROVE_Davis.lev2.nas
File creation:                20191218120638
Startdate:                    20060102050000
Revision date:                20191216000000
Statistics:                   arithmetic mean
Data level:                   2
Period code:                  52w
Resolution code:              1w
Station code:                 US9023R
Platform code:                US9023S
Station name:                 Proctor Maple R. F.
Station latitude:             44.5284
Station longitude:            -72.8688
Station altitude:             401.0 m
Regime:                       IMG
Component:                    
Matrix:                       pm25
Laboratory code:              US03L
Instrument type:              filterpack
Instrument name:              filterpack_US9023
Method ref:                   US03L_IMPROVE_Davis
starttime endtime Fe flag_Fe Pb flag_Pb Mg++ flag_Mg++ Ni flag_Ni NO3- flag_NO3- OC flag_OC OM flag_OM PM10 flag_PM10 PM10-PM2.5 flag_PM10-PM2.5 PM2.5 flag_PM2.5 K+ flag_K+ SO4-- flag_SO4--
  1.208333   2.208333   4.68 0.000   2.11 0.000 0.012 0.000000  0.73 0.000000 0.284 0.000  1.789 0.000  2.505 0.000   7.414 0.000  0.559 0.000   6.855 0.000 0.051 0.000  0.735 0.000
  4.208333   5.208333   6.04 0.000   1.75 0.000 9.999 0.259000  1.78 0.000000 0.074 0.000  1.036 0.000  1.450 0.000   4.386 0.000  0.442 0.000   3.943 0.000 0.025 0.000  0.485 0.000
  7.208333   8.208333  16.08 0.000   3.14 0.000 9.999 0.259000  0.32 0.000000 0.225 0.000  1.327 0.000  1.857 0.000   8.202 0.000  0.853 0.000   7.349 0.000 0.031 0.000  1.089 0.000
 10.208333  11.208333  22.49 0.000   2.37 0.000 0.031 0.000000  0.59 0.000000 0.141 0.000  1.067 0.000  1.494 0.000  10.642 0.000  1.938 0.000   8.704 0.000 0.035 0.000  1.447 0.000
 13.208333  14.208333  12.37 0.000   0.67 0.000 0.015 0.000000  0.63 0.000000 0.026 0.000  0.510 0.000  0.715 0.000   3.841 0.000  1.325 0.000   2.515 0.000 0.022 0.000  0.334 0.000
 16.208333  17.208333   4.02 0.000   0.71 0.000 0.008 0.000000 99.99 0.259000 0.049 0.000  0.513 0.000  0.718 0.000   3.266 0.000  1.525 0.000   1.742 0.000 0.016 0.000  0.116 0.000
 19.208333  20.208333  39.92 0.000   3.29 0.000 9.999 0.259000  0.55 0.000000 0.118 0.000  1.354 0.000  1.895 0.000  10.626 0.000  5.090 0.000   5.536 0.000 0.048 0.000  0.536 0.000
 22.208333  23.208333   4.75 0.000   1.55 0.000 9.999 0.259000  0.48 0.000000 0.031 0.000  0.763 0.000  1.069 0.000   3.722 0.000  1.030 0.000   2.692 0.000 0.023 0.000  0.277 0.000
 25.208333  26.208333   5.13 0.000   1.19 0.000 9.999 0.259000  0.41 0.000000 0.191 0.000  0.703 0.000  0.984 0.000   4.871 0.000  0.732 0.000   4.139 0.000 0.026 0.000  0.412 0.000
 28.208333  29.208333  22.98 0.000   2.94 0.000 9.999 0.259000  0.23 0.000000 0.460 0.000  1.350 0.000  1.890 0.000   8.286 0.000  1.619 0.000   6.667 0.000 0.038 0.000  0.534 0.000
 31.208333  32.208333  13.41 0.000   1.48 0.000 9.999 0.259000  0.65 0.000000 0.232 0.000  0.839 0.000  1.174 0.000   5.224 0.000  0.407 0.000   4.816 0.000 0.034 0.000  0.582 0.000
 34.208333  35.208333  12.29 0.000   1.19 0.000 9.999 0.259000 99.99 0.259000 0.027 0.000  0.041 0.000  0.057 0.000 999.999 0.999 99.999 0.999   5.095 0.000 0.019 0.000  0.886 0.000
 37.208333  38.208333   4.89 0.000   1.22 0.000 0.044 0.000000 99.99 0.259000 0.092 0.000  0.055 0.000  0.076 0.000 999.999 0.999 99.999 0.999   2.914 0.000 0.027 0.000  0.255 0.000
 40.208333  41.208333  13.63 0.000   4.64 0.000 9.999 0.259000  0.27 0.000000 0.088 0.000  0.868 0.000  1.215 0.000   5.659 0.000  2.134 0.000   3.526 0.000 0.034 0.000  0.395 0.000
 43.208333  44.208333  17.76 0.000   2.37 0.000 9.999 0.259000  0.32 0.000000 0.110 0.000  0.786 0.000  1.100 0.000   5.646 0.000  2.517 0.000   3.128 0.000 0.033 0.000  0.329 0.000
 46.208333  47.208333  36.59 0.000   3.04 0.000 9.999 0.259000  0.61 0.000000 0.903 0.000  1.673 0.000  2.343 0.000 999.999 0.456 99.999 0.999  11.152 0.000 0.070 0.000  0.745 0.000
 49.208333  50.208333   9.83 0.000   0.87 0.000 0.015 0.000000 99.99 0.259000 0.065 0.000  0.446 0.000  0.625 0.000   5.292 0.000  2.193 0.000   3.099 0.000 0.025 0.000  0.420 0.000
 52.208333  53.208333  23.07 0.000   1.91 0.000 9.999 0.259000  0.20 0.000000 0.494 0.000  0.940 0.000  1.316 0.000  10.933 0.000  3.015 0.000   7.918 0.000 0.042 0.000  0.888 0.000
 55.208333  56.208333   7.36 0.000   1.26 0.000 9.999 0.259000  0.20 0.000000 0.100 0.559  0.717 0.000  1.004 0.000   4.380 0.000  1.972 0.000   2.408 0.000 0.030 0.000  0.168 0.559
 58.208333  59.208333   7.05 0.000   1.41 0.000 9.999 0.259000 99.99 0.259000 0.044 0.000  0.381 0.000  0.534 0.000   3.707 0.000  1.827 0.000   1.881 0.000 0.023 0.000  0.169 0.000
 61.208333  62.208333   7.24 0.000   0.95 0.000 0.096 0.000000  0.17 0.000000 0.086 0.000  0.512 0.000  0.717 0.000   6.467 0.000  3.004 0.000   3.463 0.000 0.032 0.000  0.171 0.000
 64.208333  65.208333   6.52 0.000   0.46 0.000 9.999 0.259000  0.25 0.000000 0.117 0.000  0.521 0.000  0.729 0.000   4.210 0.000  2.202 0.000   2.009 0.000 0.019 0.000  0.112 0.000
 67.208333  68.208333  26.47 0.000   2.70 0.000 9.999 0.259000  1.29 0.000000 0.250 0.000  1.517 0.000  2.124 0.000  10.738 0.000  3.809 0.000   6.929 0.000 0.043 0.000  0.682 0.000
 70.208333  71.208333  22.57 0.000   3.29 0.000 9.999 0.259000  0.55 0.000000 0.219 0.000  1.106 0.000  1.549 0.000  10.807 0.000  2.977 0.000   7.830 0.000 0.041 0.000  1.153 0.000
 73.208333  74.208333   7.48 0.000   0.74 0.000 9.999 0.259000  0.21 0.000000 0.023 0.000  0.305 0.000  0.428 0.000   3.354 0.000  1.273 0.000   2.080 0.000 0.015 0.000  0.332 0.000
 76.208333  77.208333  13.32 0.000   1.47 0.000 9.999 0.259000  0.17 0.000000 0.061 0.000  0.450 0.000  0.630 0.000   5.202 0.000  2.079 0.000   3.124 0.000 0.031 0.000  0.453 0.000
 79.208333  80.208333   9.13 0.000   0.85 0.000 9.999 0.259000 99.99 0.259000 0.100 0.000  0.495 0.000  0.693 0.000   4.767 0.000  1.827 0.000   2.940 0.000 0.030 0.000  0.321 0.000
 82.208333  83.208333   7.65 0.000   2.65 0.000 9.999 0.259000  0.19 0.000000 0.054 0.000  0.961 0.000  1.346 0.000   4.609 0.000  1.656 0.000   2.953 0.000 0.053 0.000  0.252 0.000
 85.208333  86.208333  22.71 0.000   1.44 0.000 9.999 0.259000  0.21 0.000000 0.056 0.000  0.809 0.000  1.132 0.000   5.277 0.000  2.112 0.000   3.165 0.000 0.042 0.000  0.364 0.000
 88.208333  89.208333  40.84 0.000   2.20 0.000 9.999 0.259000  0.22 0.000000 0.308 0.000  1.216 0.000  1.703 0.000  10.740 0.000  3.447 0.000   7.293 0.000 0.045 0.000  0.944 0.000
 91.208333  92.208333  18.60 0.000   1.07 0.000 0.012 0.000000 99.99 0.259000 0.037 0.000  0.512 0.000  0.716 0.000   3.528 0.000  0.933 0.000   2.595 0.000 0.024 0.000  0.304 0.000
 94.208333  95.208333  11.83 0.000   0.44 0.000 9.999 0.259000  0.24 0.000000 0.078 0.000  0.442 0.000  0.619 0.000   3.515 0.000  0.894 0.000   2.621 0.000 0.019 0.000  0.366 0.000
 97.208333  98.208333  27.95 0.000   1.29 0.000 9.999 0.259000  0.19 0.000000 0.063 0.000  0.415 0.000  0.581 0.000   4.154 0.000  1.221 0.000   2.933 0.000 0.034 0.000  0.391 0.000
100.208333 101.208333  42.91 0.000   1.72 0.000 9.999 0.259000 99.99 0.259000 0.113 0.000  0.821 0.000  1.150 0.000   9.505 0.000  3.651 0.000   5.854 0.000 0.042 0.000  0.718 0.000
103.208333 104.208333  19.82 0.000   1.62 0.000 9.999 0.259000 99.99 0.259000 0.037 0.000  0.666 0.000  0.933 0.000   6.990 0.000  2.400 0.000   4.590 0.000 0.027 0.000  0.641 0.000
106.208333 107.208333   4.30 0.000   0.73 0.000 0.010 0.000000  0.25 0.000000 0.045 0.000  0.242 0.000  0.338 0.000   3.181 0.000  1.181 0.000   2.000 0.000 0.010 0.000  0.288 0.000
109.208333 110.208333  58.31 0.000   1.07 0.000 0.020 0.000000  0.26 0.000000 0.043 0.000  0.812 0.000  1.136 0.000   7.706 0.000  4.257 0.000   3.449 0.000 0.039 0.000  0.233 0.000
112.208333 113.208333  19.30 0.000   0.66 0.000 9.999 0.259000  0.17 0.000000 0.016 0.000  0.337 0.000  0.472 0.000   3.327 0.000  1.476 0.000   1.851 0.000 0.019 0.000  0.161 0.000
115.208333 116.208333  28.05 0.000   0.97 0.000 0.012 0.000000 99.99 0.259000 0.034 0.559  0.457 0.000  0.640 0.000   4.965 0.000  2.367 0.000   2.598 0.000 0.024 0.000  0.274 0.559
118.208333 119.208333  28.19 0.000   1.37 0.000 0.008 0.000000  0.34 0.000000 0.127 0.559  0.868 0.000  1.214 0.000   8.417 0.000  5.402 0.000   3.015 0.000 0.028 0.000  0.154 0.559
121.208333 122.208333  24.26 0.000   0.53 0.000 9.999 0.259000 99.99 0.259000 0.016 0.559  0.405 0.000  0.566 0.000   3.307 0.000  1.643 0.000   1.664 0.000 0.019 0.000  0.124 0.559
124.208333 125.208333  37.61 0.000   1.10 0.000 9.999 0.259000 99.99 0.259000 0.062 0.559  1.033 0.000  1.446 0.000   9.911 0.000  3.739 0.000   6.172 0.000 0.025 0.000  0.775 0.559
127.208333 128.208333  41.06 0.000   2.00 0.000 9.999 0.259000 99.99 0.259000 0.049 0.559  0.905 0.000  1.267 0.000   9.895 0.000  5.044 0.000   4.851 0.000 0.037 0.000  0.480 0.559
130.208333 131.208333   4.38 0.000   0.25 0.000 9.999 0.259000 99.99 0.259000 0.018 0.559  0.273 0.000  0.382 0.000   6.727 0.000  5.537 0.000   1.190 0.000 0.008 0.000  0.106 0.559
133.208333 134.208333  20.31 0.000   1.46 0.000 9.999 0.259000  0.18 0.000000 0.036 0.559  0.989 0.000  1.384 0.000   8.265 0.000  2.979 0.000   5.286 0.000 0.051 0.000  0.550 0.559
136.208333 137.208333 999.99 0.456 999.99 0.456 9.999 0.456000 99.99 0.456000 0.017 0.559 99.999 0.456 99.999 0.456   7.481 0.000 99.999 0.456 999.999 0.456 9.999 0.456  0.942 0.559
139.208333 140.208333 999.99 0.456 999.99 0.456 9.999 0.456000 99.99 0.456000 0.017 0.559 99.999 0.456 99.999 0.456   4.641 0.000 99.999 0.456 999.999 0.456 9.999 0.456  0.491 0.559
142.208333 143.208333   6.41 0.000   1.12 0.000 9.999 0.259000 99.99 0.259000 0.010 0.559  0.361 0.000  0.505 0.000   2.869 0.000  1.398 0.000   1.470 0.000 0.012 0.000  0.127 0.559
145.208333 146.208333  61.13 0.000   3.00 0.000 9.999 0.259000  0.31 0.000000 0.032 0.559  2.256 0.000  3.158 0.000  20.132 0.000  4.959 0.000  15.173 0.000 0.053 0.000  2.051 0.559
148.208333 149.208333  37.32 0.000   3.01 0.000 9.999 0.259000  0.26 0.000000 0.017 0.559  2.011 0.000  2.815 0.000  14.485 0.000  3.597 0.000  10.888 0.000 0.050 0.000  1.295 0.559
151.208333 152.208333  27.87 0.000   1.64 0.000 9.999 0.259000  0.64 0.000000 0.042 0.559  1.852 0.000  2.593 0.000  17.538 0.000  4.314 0.000  13.224 0.000 0.041 0.000  1.813 0.559
154.208333 155.208333  12.95 0.000   0.95 0.000 0.008 0.000000 99.99 0.259000 0.010 0.559  0.686 0.000  0.961 0.000   4.877 0.000  2.402 0.000   2.476 0.000 0.021 0.000  0.123 0.559
157.208333 158.208333  14.09 0.000   1.21 0.000 9.999 0.259000  0.24 0.000000 0.010 0.559  1.526 0.000  2.136 0.000  10.059 0.000  2.473 0.000   7.587 0.000 0.035 0.000  0.843 0.559
160.208333 161.208333   0.69 0.000   0.26 0.000 9.999 0.259000 99.99 0.259000 0.022 0.559  0.050 0.000  0.071 0.000   0.696 0.000  0.538 0.000   0.221 0.000 0.003 0.000  0.030 0.559
163.208333 164.208333  14.57 0.000   1.42 0.000 0.005 0.000000  0.13 0.000000 0.020 0.559  1.850 0.000  2.590 0.000   8.496 0.000  3.547 0.000   4.948 0.000 0.034 0.000  0.163 0.559
166.208333 167.208333  20.73 0.000   1.44 0.000 9.999 0.259000 99.99 0.259000 0.008 0.559  2.680 0.000  3.752 0.000   7.720 0.000  2.773 0.000   4.947 0.000 0.022 0.000  0.154 0.559
169.208333 170.208333  34.37 0.000   2.32 0.000 9.999 0.259000  0.25 0.000000 0.017 0.559  2.800 0.000  3.920 0.000  29.729 0.000  3.103 0.000  26.626 0.000 0.042 0.000  4.039 0.559
172.208333 173.208333  27.48 0.000   1.88 0.000 0.049 0.000000  0.28 0.000000 0.021 0.559  1.946 0.000  2.724 0.000  17.233 0.000  3.665 0.000  13.568 0.000 0.030 0.000  1.821 0.559
175.208333 176.208333  14.07 0.000   1.46 0.000 9.999 0.259000 99.99 0.259000 0.010 0.559  1.806 0.000  2.528 0.000   8.255 0.000  2.767 0.000   5.488 0.000 0.024 0.000  0.425 0.559
178.208333 179.208333   6.24 0.000   1.29 0.000 0.018 0.000000  0.17 0.000000 0.026 0.559  0.296 0.000  0.415 0.000   4.937 0.000  2.817 0.000   2.119 0.000 0.014 0.000  0.224 0.559
181.208333 182.208333  12.09 0.000   1.76 0.000 9.999 0.259000  0.16 0.000000 0.013 0.559  4.110 0.000  7.399 0.000  13.961 0.000  2.616 0.000  11.345 0.000 0.064 0.000  0.588 0.559
184.208333 185.208333  25.37 0.000   3.47 0.000 9.999 0.259000 99.99 0.259000 0.025 0.559  4.310 0.000  7.759 0.000  20.149 0.000  3.352 0.000  16.797 0.000 0.149 0.000  1.469 0.559
187.208333 188.208333   7.92 0.000   4.25 0.000 9.999 0.259000 99.99 0.259000 0.012 0.559  1.665 0.000  2.997 0.000   7.240 0.000  2.750 0.000   4.490 0.000 0.025 0.000  0.127 0.559
190.208333 191.208333  27.11 0.000   3.48 0.000 9.999 0.259000  0.28 0.000000 0.014 0.559 99.999 0.999 99.999 0.999 999.999 0.999 99.999 0.999  28.266 0.000 0.046 0.000  4.699 0.559
193.208333 194.208333  28.79 0.000   2.29 0.000 9.999 0.259000  0.50 0.000000 0.043 0.559  1.964 0.000  3.534 0.000  13.479 0.000  3.046 0.000  10.433 0.000 0.029 0.000  1.175 0.559
196.208333 197.208333  19.64 0.000   2.43 0.000 9.999 0.259000  0.34 0.000000 0.014 0.559  2.306 0.000  4.151 0.000  15.780 0.000  2.861 0.000  12.919 0.000 0.030 0.000  1.607 0.559
199.208333 200.208333  12.26 0.000   1.43 0.000 9.999 0.259000 99.99 0.259000 0.011 0.559  1.178 0.000  2.120 0.000   6.869 0.000  2.881 0.000   3.988 0.000 0.015 0.000  0.139 0.559
202.208333 203.208333  11.22 0.000   1.85 0.000 9.999 0.259000  0.14 0.000000 0.026 0.559  1.803 0.000  3.244 0.000   9.111 0.000  2.567 0.000   6.545 0.000 0.024 0.000  0.368 0.559
205.208333 206.208333  26.08 0.000   2.85 0.000 0.025 0.000000  0.35 0.000000 0.012 0.559  1.372 0.000  2.469 0.000  20.127 0.000  2.467 0.000  17.660 0.000 0.032 0.000  2.681 0.559
208.208333 209.208333  29.95 0.000   1.74 0.000 9.999 0.259000  0.50 0.000000 0.030 0.559  1.245 0.000  2.241 0.000  17.144 0.000  2.818 0.000  14.326 0.000 0.031 0.000  2.282 0.559
211.208333 212.208333  11.10 0.000   1.25 0.000 0.008 0.000000 99.99 0.259000 0.012 0.559  1.397 0.000  2.515 0.000   9.569 0.000  3.333 0.000   6.236 0.000 0.022 0.000  0.540 0.559
214.208333 215.208333  14.15 0.000   0.97 0.000 9.999 0.259000  0.22 0.000000 0.014 0.559  1.492 0.000  2.685 0.000  10.007 0.000  3.126 0.000   6.881 0.000 0.022 0.000  0.534 0.559
217.208333 218.208333   5.42 0.000   0.88 0.000 9.999 0.259000 99.99 0.259000 0.007 0.559  0.853 0.000  1.536 0.000   5.001 0.000  2.366 0.000   2.635 0.000 0.021 0.000  0.091 0.559
220.208333 221.208333  13.42 0.000   1.58 0.000 9.999 0.259000 99.99 0.259000 0.018 0.559  0.868 0.000  1.562 0.000   6.094 0.000  3.463 0.000   2.631 0.000 0.019 0.000  0.069 0.559
223.208333 224.208333   6.27 0.000   3.09 0.000 9.999 0.259000  0.11 0.000000 0.016 0.559  0.522 0.000  0.939 0.000   3.267 0.000  1.292 0.000   1.975 0.000 0.018 0.000  0.087 0.559
226.208333 227.208333  22.16 0.000   1.73 0.000 9.999 0.259000  0.22 0.000000 0.012 0.559  1.098 0.000  1.976 0.000  10.543 0.000  1.743 0.000   8.799 0.000 0.026 0.000  1.320 0.559
229.208333 230.208333  22.95 0.000   1.85 0.000 9.999 0.259000  0.32 0.000000 0.014 0.559  1.542 0.000  2.776 0.000  11.517 0.000  3.727 0.000   7.790 0.000 0.026 0.000  0.754 0.559
232.208333 233.208333  13.25 0.000   1.09 0.000 9.999 0.259000  0.19 0.000000 0.016 0.559  0.782 0.000  1.407 0.000   5.427 0.000  2.192 0.000   3.235 0.000 0.012 0.000  0.251 0.559
235.208333 236.208333   8.49 0.000   1.49 0.000 9.999 0.259000 99.99 0.259000 0.009 0.559  0.686 0.000  1.235 0.000   5.261 0.000  2.815 0.000   2.446 0.000 0.012 0.000  0.099 0.559
238.208333 239.208333   7.00 0.000   1.36 0.000 9.999 0.259000  0.25 0.000000 0.009 0.559  0.671 0.000  1.207 0.000   5.483 0.000  1.531 0.000   3.952 0.000 0.016 0.000  0.408 0.559
241.208333 242.208333  15.14 0.000   1.34 0.000 9.999 0.259000  0.20 0.000000 0.025 0.559  0.829 0.000  1.493 0.000   8.437 0.000  5.263 0.000   3.174 0.000 0.016 0.000  0.155 0.559
244.208333 245.208333   5.24 0.000   0.58 0.000 9.999 0.259000  0.20 0.000000 0.014 0.559  0.947 0.000  1.704 0.000   5.206 0.000  2.809 0.000   2.397 0.000 0.018 0.000  0.068 0.559
247.208333 248.208333   4.00 0.000   0.83 0.000 9.999 0.259000  0.21 0.000000 0.010 0.559  0.707 0.000  1.272 0.000   5.418 0.000  3.279 0.000   2.138 0.000 0.013 0.000  0.108 0.559
250.208333 251.208333  22.60 0.000   1.50 0.000 9.999 0.259000 99.99 0.259000 0.019 0.559  2.700 0.000  4.859 0.000  16.942 0.000  6.508 0.000  10.433 0.000 0.039 0.000  0.872 0.559
253.208333 254.208333   3.47 0.000   0.46 0.000 0.008 0.000000 99.99 0.259000 0.009 0.559  0.571 0.000  1.027 0.000   5.437 0.000  3.235 0.000   2.202 0.000 0.011 0.000  0.102 0.559
256.208333 257.208333  17.15 0.000   1.21 0.000 0.008 0.000000  0.74 0.000000 0.076 0.000  0.897 0.000  1.615 0.000  12.308 0.000  6.450 0.000   5.858 0.000 0.022 0.000  0.700 0.000
259.208333 260.208333   5.11 0.000   3.08 0.000 9.999 0.259000 99.99 0.259000 0.012 0.000  1.164 0.000  2.094 0.000  12.345 0.000  7.586 0.000   4.759 0.000 0.029 0.000  0.421 0.000
