scripts/IMPROVE-2019_partial/data/US9059R.20070103060000.20191216000000.filterpack...1y.3d.US03L_filterpack_US9059.US03L_IMPROVE_Davis.lev2.nas
52 1001
MISSING INFORMATION
US03L, IMPROVE, , , , , , , 
MISSING INFORMATION
IMPROVE sel_HTAP
1 1
2007 01 01 2019 12 16
3.00
days from file reference point
5
1 1 1 1 1
999.99 999.999 9.999 999.999 9.999
end_time of measurement, days from the file reference point
pm10_mass, ug/m3, Matrix=pm10
numflag pm10_mass, no unit, Matrix=pm10
pm25_mass, ug/m3, Matrix=pm25
numflag pm25_mass, no unit, Matrix=pm25
0
33
Data definition:              EBAS_1.1
Set type code:                TU
Timezone:                     UTC
File name:                    US9059R.20070103060000.20191216000000.filterpack...1y.3d.US03L_filterpack_US9059.US03L_IMPROVE_Davis.lev2.nas
File creation:                20191218120928
Startdate:                    20070103060000
Revision date:                20191216000000
Version:                      2
Version description:          "Data extracted from http://views.cira.colostate.edu/fed/DataWizard 2019-12-16"
Statistics:                   arithmetic mean
Data level:                   2
Period code:                  1y
Resolution code:              3d
Sample duration:              1d
Orig. time res.:              3d
Station code:                 US9059R
Platform code:                US9059S
Station name:                 Sikes
Station latitude:             32.0574
Station longitude:            -92.435
Station altitude:             45.0 m
Regime:                       IMG
Component:                    
Unit:                         ug/m3
Matrix:                       
Laboratory code:              US03L
Instrument type:              filterpack
Instrument name:              filterpack_US9059
Method ref:                   US03L_IMPROVE_Davis
Blank correction:             Blank corrected
Volume std. temperature:      ambient
Volume std. pressure:         ambient
starttime endtime PM10 flag_PM10 PM2.5 flag_PM2.5
  2.25   3.25   8.816 0.000   6.809 0.000
  5.25   6.25  11.975 0.000   9.204 0.000
  8.25   9.25   5.655 0.000   2.574 0.000
 11.25  12.25  20.425 0.000   8.129 0.000
 14.25  15.25   3.284 0.000   2.256 0.000
 17.25  18.25   9.211 0.000   7.485 0.000
 20.25  21.25   4.211 0.000   2.598 0.000
 23.25  24.25   8.820 0.000   7.039 0.000
 26.25  27.25   8.954 0.000   7.673 0.000
 29.25  30.25 999.999 0.456 999.999 0.456
 32.25  33.25   8.295 0.000   6.715 0.000
 35.25  36.25   8.234 0.000   6.243 0.000
 38.25  39.25  20.995 0.000  14.975 0.000
 41.25  42.25   9.117 0.000   6.785 0.000
 44.25  45.25  10.123 0.000   8.080 0.000
 47.25  48.25   7.996 0.000   5.244 0.000
 50.25  51.25  14.236 0.000   5.863 0.000
 53.25  54.25  15.585 0.000   9.041 0.000
 56.25  57.25  20.259 0.000   6.660 0.000
 59.25  60.25  13.995 0.000   7.022 0.000
 62.25  63.25   6.845 0.000   3.312 0.000
 65.25  66.25  10.366 0.000   7.096 0.000
 68.25  69.25 999.999 0.456  14.535 0.000
 71.25  72.25  15.008 0.000  10.821 0.000
 74.25  75.25   8.523 0.000   6.111 0.000
 77.25  78.25  13.373 0.000   6.127 0.000
 80.25  81.25  15.403 0.000   9.276 0.000
 83.25  84.25  10.984 0.000 999.999 0.456
 86.25  87.25  13.093 0.000   5.281 0.000
 89.25  90.25  10.917 0.000   5.091 0.000
 92.25  93.25  13.311 0.000   9.717 0.000
 95.25  96.25  10.980 0.000   6.408 0.000
 98.25  99.25   9.675 0.000   5.235 0.000
101.25 102.25   6.723 0.000   2.468 0.000
104.25 105.25   9.430 0.000   6.543 0.000
107.25 108.25  13.775 0.000  10.350 0.000
110.25 111.25  15.146 0.000  13.093 0.000
113.25 114.25  18.198 0.000   8.602 0.000
116.25 117.25   7.810 0.000   4.270 0.000
119.25 120.25  20.870 0.000  16.314 0.000
122.25 123.25  13.320 0.000   8.491 0.000
125.25 126.25  12.743 0.000   9.989 0.000
128.25 129.25  18.624 0.000  15.521 0.000
131.25 132.25  15.703 0.000  11.878 0.000
134.25 135.25  20.136 0.000  15.838 0.000
137.25 138.25 999.999 0.456   6.096 0.000
140.25 141.25  23.685 0.000  18.629 0.000
143.25 144.25  16.635 0.000   9.980 0.000
146.25 147.25  14.555 0.000   9.793 0.000
149.25 150.25  13.497 0.000   8.170 0.000
152.25 153.25  19.264 0.000  14.678 0.000
155.25 156.25  14.375 0.000   8.812 0.000
158.25 159.25  23.230 0.000  11.284 0.000
161.25 162.25  19.122 0.000  13.833 0.000
164.25 165.25  23.494 0.000  18.783 0.000
167.25 168.25  19.442 0.000  12.783 0.000
170.25 171.25  17.086 0.000   8.210 0.000
173.25 174.25  17.146 0.000  12.156 0.000
176.25 177.25  30.136 0.000 999.999 0.456
179.25 180.25  12.577 0.000   8.787 0.000
182.25 183.25  25.777 0.000  13.417 0.000
185.25 186.25  13.189 0.000   6.306 0.000
188.25 189.25  18.737 0.000  12.323 0.000
191.25 192.25  29.774 0.000  16.597 0.000
194.25 195.25  15.395 0.000 999.999 0.456
197.25 198.25  11.783 0.000   5.374 0.000
200.25 201.25  12.168 0.000   5.219 0.000
203.25 204.25  19.067 0.000  14.432 0.000
206.25 207.25  18.712 0.000  13.631 0.000
209.25 210.25  11.105 0.000   7.777 0.000
212.25 213.25  23.639 0.000  18.947 0.000
215.25 216.25  20.735 0.000  17.843 0.000
218.25 219.25  18.380 0.000  11.046 0.000
221.25 222.25  32.680 0.000  19.966 0.000
224.25 225.25  20.618 0.000  16.451 0.000
227.25 228.25  14.516 0.000  10.617 0.000
230.25 231.25  15.841 0.000  11.205 0.000
233.25 234.25  11.900 0.000   7.514 0.000
236.25 237.25  14.765 0.000  11.562 0.000
239.25 240.25  11.164 0.000   8.685 0.000
242.25 243.25  17.495 0.000  13.254 0.000
245.25 246.25  12.099 0.000   9.658 0.000
248.25 249.25  17.037 0.000  13.188 0.000
251.25 252.25  13.123 0.000   9.314 0.000
254.25 255.25 999.999 0.999  13.628 0.000
257.25 258.25 999.999 0.999   8.165 0.000
260.25 261.25 999.999 0.999  13.119 0.000
263.25 264.25  22.335 0.000  18.381 0.000
266.25 267.25   8.816 0.000   4.995 0.000
269.25 270.25  20.243 0.000  13.857 0.000
272.25 273.25 999.999 0.456  16.578 0.000
275.25 276.25  16.081 0.000  12.206 0.000
278.25 279.25  10.454 0.000   7.404 0.000
281.25 282.25  11.541 0.000   7.417 0.000
284.25 285.25 999.999 0.999 999.999 0.999
287.25 288.25 999.999 0.999 999.999 0.999
290.25 291.25  16.955 0.000   9.021 0.000
293.25 294.25  10.499 0.000   6.666 0.000
296.25 297.25   7.250 0.000 999.999 0.456
299.25 300.25  10.380 0.000 999.999 0.456
302.25 303.25  12.747 0.000 999.999 0.456
305.25 306.25  18.859 0.000  12.710 0.000
308.25 309.25  23.611 0.000  20.188 0.000
311.25 312.25  13.196 0.000   8.218 0.000
314.25 315.25  15.337 0.000  12.080 0.000
317.25 318.25  14.102 0.000   9.342 0.000
320.25 321.25  17.599 0.000  13.167 0.000
323.25 324.25  14.281 0.000  10.140 0.000
326.25 327.25 999.999 0.456   4.015 0.000
329.25 330.25  28.309 0.000   4.412 0.000
332.25 333.25  11.413 0.000   7.960 0.000
335.25 336.25  13.838 0.000   9.920 0.000
338.25 339.25  16.200 0.000  11.111 0.000
341.25 342.25   9.867 0.000   8.131 0.000
344.25 345.25  12.878 0.000   8.037 0.000
347.25 348.25   8.330 0.000   5.845 0.000
350.25 351.25   4.090 0.000   2.820 0.000
353.25 354.25   4.301 0.000   6.173 0.000
356.25 357.25  10.190 0.000   2.268 0.000
359.25 360.25   4.139 0.000   3.157 0.000
362.25 363.25   7.701 0.000   5.569 0.000
