scripts/IMPROVE-2019_partial/data/US9066R.20140102050000.20191216000000.filterpack.pm10_mass.pm10.52w.3d.US03L_filterpack_US9066_2.US03L_IMPROVE_Davis.lev2.nas
50 1001
MISSING INFORMATION
US03L, IMPROVE, , , , , , , 
MISSING INFORMATION
IMPROVE sel_HTAP
1 1
2014 01 01 2019 12 16
3.000000
days from file reference point
3
1 1 1
999.999999 999.999 9.999
end_time of measurement, days from the file reference point
pm10_mass, ug/m3
numflag pm10_mass, no unit
0
33
Data definition:              EBAS_1.1
Set type code:                TU
Timezone:                     UTC
File name:                    US9066R.20140102050000.20191216000000.filterpack.pm10_mass.pm10.52w.3d.US03L_filterpack_US9066_2.US03L_IMPROVE_Davis.lev2.nas
File creation:                20191218121002
Startdate:                    20140102050000
Revision date:                20191216000000
Version:                      2
Version description:          "Data extracted from http://views.cira.colostate.edu/fed/DataWizard 2019-12-16"
Statistics:                   arithmetic mean
Data level:                   2
Period code:                  52w
Resolution code:              3d
Sample duration:              1d
Orig. time res.:              3d
Station code:                 US9066R
Platform code:                US9066S
Station name:                 Swanquarter
Station latitude:             35.451
Station longitude:            -76.2075
Station altitude:             -3.0 m
Regime:                       IMG
Component:                    pm10_mass
Unit:                         ug/m3
Matrix:                       pm10
Laboratory code:              US03L
Instrument type:              filterpack
Instrument name:              filterpack_US9066_2
Method ref:                   US03L_IMPROVE_Davis
Blank correction:             Blank corrected
Volume std. temperature:      ambient
Volume std. pressure:         ambient
starttime endtime PM10 flag_PM10
  1.208333   2.208333   3.001 0.000
  4.208333   5.208333   9.444 0.000
  7.208333   8.208333 999.999 0.999
 10.208333  11.208333   9.706 0.000
 13.208333  14.208333   5.711 0.000
 16.208333  17.208333   8.109 0.000
 19.208333  20.208333  11.927 0.000
 22.208333  23.208333   6.713 0.000
 25.208333  26.208333   9.733 0.000
 28.208333  29.208333  10.451 0.000
 31.208333  32.208333   5.426 0.000
 34.208333  35.208333  14.216 0.000
 37.208333  38.208333   7.804 0.000
 40.208333  41.208333  20.533 0.000
 43.208333  44.208333   3.459 0.000
 46.208333  47.208333   9.588 0.000
 49.208333  50.208333  13.816 0.000
 52.208333  53.208333   4.750 0.000
 55.208333  56.208333   6.976 0.000
 58.208333  59.208333  12.540 0.000
 61.208333  62.208333  10.450 0.000
 64.208333  65.208333  18.317 0.000
 67.208333  68.208333  13.809 0.000
 70.208333  71.208333  18.292 0.000
 73.208333  74.208333  15.800 0.000
 76.208333  77.208333  10.268 0.000
 79.208333  80.208333  10.133 0.000
 82.208333  83.208333   8.875 0.000
 85.208333  86.208333  10.085 0.000
 88.208333  89.208333   4.859 0.000
 91.208333  92.208333  22.929 0.000
 94.208333  95.208333  18.987 0.000
 97.208333  98.208333  12.626 0.000
100.208333 101.208333  16.352 0.000
103.208333 104.208333  15.747 0.000
106.208333 107.208333  18.066 0.000
109.208333 110.208333  15.578 0.000
112.208333 113.208333  14.025 0.000
115.208333 116.208333   8.659 0.000
118.208333 119.208333  14.604 0.000
121.208333 122.208333  14.146 0.000
124.208333 125.208333  10.836 0.000
127.208333 128.208333  23.583 0.000
130.208333 131.208333  21.156 0.000
133.208333 134.208333 999.999 0.999
136.208333 137.208333  10.533 0.000
139.208333 140.208333  21.348 0.000
142.208333 143.208333  20.752 0.000
145.208333 146.208333  16.255 0.000
148.208333 149.208333 999.999 0.999
151.208333 152.208333  20.660 0.000
154.208333 155.208333 999.999 0.999
157.208333 158.208333  12.907 0.000
160.208333 161.208333  25.416 0.000
163.208333 164.208333  19.247 0.000
166.208333 167.208333  22.644 0.000
169.208333 170.208333  18.110 0.000
172.208333 173.208333  14.339 0.000
175.208333 176.208333  19.684 0.000
178.208333 179.208333  15.087 0.000
181.208333 182.208333  16.886 0.000
184.208333 185.208333 999.999 0.999
187.208333 188.208333  15.279 0.000
190.208333 191.208333  21.808 0.000
193.208333 194.208333  14.825 0.000
196.208333 197.208333  13.278 0.000
199.208333 200.208333  13.050 0.000
202.208333 203.208333  15.599 0.000
205.208333 206.208333  13.332 0.000
208.208333 209.208333 999.999 0.999
211.208333 212.208333 999.999 0.999
214.208333 215.208333 999.999 0.999
217.208333 218.208333 999.999 0.999
220.208333 221.208333  16.904 0.000
223.208333 224.208333  15.993 0.000
226.208333 227.208333  19.562 0.000
229.208333 230.208333  23.175 0.000
232.208333 233.208333  21.369 0.000
235.208333 236.208333  16.466 0.000
238.208333 239.208333 999.999 0.999
241.208333 242.208333  16.523 0.000
244.208333 245.208333  20.115 0.000
247.208333 248.208333  10.104 0.000
250.208333 251.208333   9.527 0.000
253.208333 254.208333  11.152 0.000
256.208333 257.208333  10.562 0.000
259.208333 260.208333  13.745 0.000
262.208333 263.208333  10.015 0.000
265.208333 266.208333  10.864 0.000
268.208333 269.208333   8.790 0.000
271.208333 272.208333  11.741 0.000
274.208333 275.208333  13.265 0.000
277.208333 278.208333   8.970 0.000
280.208333 281.208333  19.426 0.000
283.208333 284.208333  12.779 0.000
286.208333 287.208333  18.980 0.000
289.208333 290.208333 999.999 0.999
292.208333 293.208333   5.618 0.000
295.208333 296.208333   8.737 0.000
298.208333 299.208333  13.255 0.000
301.208333 302.208333  17.180 0.000
304.208333 305.208333  10.210 0.000
307.208333 308.208333  14.685 0.000
310.208333 311.208333   6.093 0.000
313.208333 314.208333  16.032 0.000
316.208333 317.208333  16.791 0.000
319.208333 320.208333   7.022 0.000
322.208333 323.208333   5.616 0.000
325.208333 326.208333   9.111 0.000
328.208333 329.208333  13.993 0.000
331.208333 332.208333 999.999 0.999
334.208333 335.208333  11.089 0.000
337.208333 338.208333  11.568 0.000
340.208333 341.208333  10.736 0.000
343.208333 344.208333 999.999 0.456
346.208333 347.208333 999.999 0.456
349.208333 350.208333 999.999 0.456
352.208333 353.208333   8.228 0.000
355.208333 356.208333   4.467 0.000
358.208333 359.208333 999.999 0.999
361.208333 362.208333 999.999 0.999
364.208333 365.208333   6.369 0.000
