scripts/IMPROVE-2019_partial/data/US9014R.20140102070000.20191216000000.filterpack...52w.3d.US03L_filterpack_US9014.US03L_IMPROVE_Davis.lev2.nas
52 1001
MISSING INFORMATION
US03L, IMPROVE, , , , , , , 
MISSING INFORMATION
IMPROVE sel_HTAP
1 1
2014 01 01 2019 12 16
3.000000
days from file reference point
5
1 1 1 1 1
999.999999 999.999 9.999 999.999 9.999
end_time of measurement, days from the file reference point
pm10_mass, ug/m3, Matrix=pm10
numflag pm10_mass, no unit, Matrix=pm10
pm25_mass, ug/m3, Matrix=pm25
numflag pm25_mass, no unit, Matrix=pm25
0
33
Data definition:              EBAS_1.1
Set type code:                TU
Timezone:                     UTC
File name:                    US9014R.20140102070000.20191216000000.filterpack...52w.3d.US03L_filterpack_US9014.US03L_IMPROVE_Davis.lev2.nas
File creation:                20191218120608
Startdate:                    20140102070000
Revision date:                20191216000000
Version:                      2
Version description:          "Data extracted from http://views.cira.colostate.edu/fed/DataWizard 2019-12-16"
Statistics:                   arithmetic mean
Data level:                   2
Period code:                  52w
Resolution code:              3d
Sample duration:              1d
Orig. time res.:              3d
Station code:                 US9014R
Platform code:                US9014S
Station name:                 Medicine Lake
Station latitude:             48.4871
Station longitude:            -104.4757
Station altitude:             606.0 m
Regime:                       IMG
Component:                    
Unit:                         ug/m3
Matrix:                       
Laboratory code:              US03L
Instrument type:              filterpack
Instrument name:              filterpack_US9014
Method ref:                   US03L_IMPROVE_Davis
Blank correction:             Blank corrected
Volume std. temperature:      ambient
Volume std. pressure:         ambient
starttime endtime PM10 flag_PM10 PM2.5 flag_PM2.5
  1.291667   2.291667 999.999 0.999 999.999 0.999
  4.291667   5.291667 999.999 0.999 999.999 0.999
  7.291667   8.291667   4.453 0.000   3.121 0.000
 10.291667  11.291667   3.744 0.000   1.589 0.000
 13.291667  14.291667   1.622 0.000   0.494 0.000
 16.291667  17.291667   2.839 0.000   1.087 0.000
 19.291667  20.291667   4.922 0.000   1.478 0.000
 22.291667  23.291667   9.708 0.000   3.032 0.000
 25.291667  26.291667   6.132 0.000   1.277 0.000
 28.291667  29.291667   7.051 0.000   3.970 0.000
 31.291667  32.291667   3.165 0.000   1.706 0.000
 34.291667  35.291667   3.785 0.000   1.169 0.000
 37.291667  38.291667   6.049 0.000   3.337 0.000
 40.291667  41.291667  12.218 0.000   4.879 0.000
 43.291667  44.291667  11.257 0.000   5.101 0.000
 46.291667  47.291667   8.131 0.000   5.987 0.000
 49.291667  50.291667   1.935 0.000   0.457 0.000
 52.291667  53.291667   4.046 0.000   2.455 0.000
 55.291667  56.291667   6.657 0.000   3.447 0.000
 58.291667  59.291667   8.456 0.000   3.084 0.000
 61.291667  62.291667  11.210 0.000   4.600 0.000
 64.291667  65.291667  15.075 0.000  10.982 0.000
 67.291667  68.291667   1.502 0.000   0.545 0.000
 70.291667  71.291667   2.940 0.000   1.320 0.000
 73.291667  74.291667   6.141 0.000   3.842 0.000
 76.291667  77.291667   3.059 0.000   1.511 0.000
 79.291667  80.291667   3.302 0.000   2.169 0.000
 82.291667  83.291667   7.063 0.000   3.644 0.000
 85.291667  86.291667  11.525 0.000   4.478 0.000
 88.291667  89.291667  10.419 0.000   7.428 0.000
 91.291667  92.291667  12.734 0.000   6.638 0.000
 94.291667  95.291667   4.033 0.000   2.512 0.000
 97.291667  98.291667   6.825 0.000   2.521 0.000
100.291667 101.291667   6.163 0.000   2.430 0.000
103.291667 104.291667   5.478 0.000   3.030 0.000
106.291667 107.291667  16.798 0.000   5.516 0.000
109.291667 110.291667   5.930 0.000   2.522 0.000
112.291667 113.291667 999.999 0.999 999.999 0.999
115.291667 116.291667   8.980 0.000   3.070 0.000
118.291667 119.291667   2.086 0.000   0.906 0.000
121.291667 122.291667   5.471 0.000   2.066 0.000
124.291667 125.291667   4.636 0.000   2.341 0.000
127.291667 128.291667   7.074 0.000   2.597 0.000
130.291667 131.291667   6.335 0.000   2.343 0.000
133.291667 134.291667  19.726 0.000   3.773 0.000
136.291667 137.291667   5.137 0.000   2.456 0.000
139.291667 140.291667   4.463 0.000   1.670 0.000
142.291667 143.291667  20.174 0.000   5.833 0.000
145.291667 146.291667  17.599 0.000   7.343 0.000
148.291667 149.291667  16.373 0.000   4.119 0.000
151.291667 152.291667   8.958 0.000   4.353 0.000
154.291667 155.291667 999.999 0.999 999.999 0.999
157.291667 158.291667   6.896 0.000   2.297 0.000
160.291667 161.291667   5.956 0.000   1.859 0.000
163.291667 164.291667  19.628 0.000   4.657 0.000
166.291667 167.291667   8.558 0.000   1.881 0.000
169.291667 170.291667   7.370 0.000   1.082 0.000
172.291667 173.291667   7.302 0.000   2.762 0.000
175.291667 176.291667  16.360 0.000   4.887 0.000
178.291667 179.291667  11.531 0.000   2.862 0.000
181.291667 182.291667   9.026 0.000   3.586 0.000
184.291667 185.291667  14.071 0.000   5.637 0.000
187.291667 188.291667  11.893 0.000   4.291 0.000
190.291667 191.291667  19.785 0.000   7.635 0.000
193.291667 194.291667  23.265 0.000  16.058 0.000
196.291667 197.291667  22.411 0.000   8.304 0.000
199.291667 200.291667  36.303 0.000  21.505 0.000
202.291667 203.291667  13.776 0.000   7.986 0.000
205.291667 206.291667  10.451 0.000   2.678 0.000
208.291667 209.291667  15.697 0.000   6.146 0.000
211.291667 212.291667  16.997 0.000   5.766 0.000
214.291667 215.291667  16.577 0.000   8.366 0.000
217.291667 218.291667  13.417 0.000   6.042 0.000
220.291667 221.291667  19.947 0.000   5.084 0.000
223.291667 224.291667  32.282 0.000   9.040 0.000
226.291667 227.291667  27.573 0.000   9.447 0.000
229.291667 230.291667  25.479 0.000  13.183 0.000
232.291667 233.291667 999.999 0.999 999.999 0.999
235.291667 236.291667 999.999 0.999 999.999 0.999
238.291667 239.291667  11.164 0.000   2.791 0.000
241.291667 242.291667  12.377 0.000   5.168 0.000
244.291667 245.291667   8.525 0.000   1.944 0.000
247.291667 248.291667  10.745 0.000   3.291 0.000
250.291667 251.291667  11.675 0.000   2.942 0.000
253.291667 254.291667   3.903 0.000   1.756 0.000
256.291667 257.291667   8.439 0.000   4.429 0.000
259.291667 260.291667  32.724 0.000   7.174 0.000
262.291667 263.291667  14.531 0.000   3.631 0.000
265.291667 266.291667  25.639 0.000   6.134 0.000
268.291667 269.291667  28.336 0.000   7.829 0.000
271.291667 272.291667   7.796 0.000   3.142 0.000
274.291667 275.291667   4.362 0.000   1.397 0.000
277.291667 278.291667   4.529 0.000   1.528 0.000
280.291667 281.291667   9.424 0.000   2.377 0.000
283.291667 284.291667  13.772 0.000   4.317 0.000
286.291667 287.291667  13.582 0.000   2.826 0.000
289.291667 290.291667  12.273 0.000   5.078 0.000
292.291667 293.291667  18.495 0.000   4.059 0.000
295.291667 296.291667   6.355 0.000   1.821 0.000
298.291667 299.291667 999.999 0.456   2.070 0.000
301.291667 302.291667   4.781 0.000   2.137 0.000
304.291667 305.291667  14.734 0.000   3.516 0.000
307.291667 308.291667   5.274 0.000   2.172 0.000
310.291667 311.291667   4.976 0.000   2.586 0.000
313.291667 314.291667   3.451 0.000   1.878 0.000
316.291667 317.291667   6.039 0.000   1.998 0.000
319.291667 320.291667   8.697 0.000   2.605 0.000
322.291667 323.291667   5.950 0.000   2.156 0.000
325.291667 326.291667   1.833 0.000   0.899 0.000
328.291667 329.291667   4.258 0.000   3.417 0.000
331.291667 332.291667   9.582 0.000   8.260 0.000
334.291667 335.291667   3.396 0.000   2.448 0.000
337.291667 338.291667  11.750 0.000   7.070 0.000
340.291667 341.291667   6.332 0.000   4.427 0.000
343.291667 344.291667   1.838 0.000   1.169 0.000
346.291667 347.291667   5.459 0.000   3.159 0.000
349.291667 350.291667   2.261 0.000   1.596 0.000
352.291667 353.291667   2.938 0.000   1.844 0.000
355.291667 356.291667   3.071 0.000   2.132 0.000
358.291667 359.291667 999.999 0.999 999.999 0.999
361.291667 362.291667 999.999 0.999 999.999 0.999
364.291667 365.291667   3.011 0.000   1.193 0.000
