scripts/IMPROVE-2019_partial/data/US9049R.20030103070000.20191216000000.filterpack..pm25.1y.1w.US03L_filterpack_US9049.US03L_IMPROVE_Davis.lev2.nas
66 1001
MISSING INFORMATION
US03L, IMPROVE, , , , , , , 
MISSING INFORMATION
IMPROVE sel_HTAP
1 1
2003 01 01 2019 12 16
3.000000
days from file reference point
27
1 1 1 1 1 1 1 1 1 1 1 1 1 1 1 1 1 1 1 1 1 1 1 1 1 1 1
999.999999 9999.99 9.999 99.99 9.999999 9.999 9.999999 9.99 9.999999 9.999 9.999 999.999 9.999 999.999 9.999 99.99 9.999999 999.999 9.999 999.999 9.999 999.999 9.999 9.999 9.999 9.999 9.999
end_time of measurement, days from the file reference point
iron, ng/m3, Revision date=20181210133000
numflag iron, no unit, Revision date=20181210133000
lead, ng/m3, Revision date=20181210133000
numflag lead, no unit, Revision date=20181210133000
magnesium, ug/m3, Revision date=20181210133000
numflag magnesium, no unit, Revision date=20181210133000
nickel, ng/m3, Revision date=20181210133000
numflag nickel, no unit, Revision date=20181210133000
nitrate, ug N/m3, Revision date=20181210133000
numflag nitrate, no unit, Revision date=20181210133000
organic_carbon, ug C/m3, Revision date=20181210133000
numflag organic_carbon, no unit, Revision date=20181210133000
organic_mass, ug/m3, Revision date=20181210133000
numflag organic_mass, no unit, Revision date=20181210133000
phosphorus, ng/m3, Revision date=20181210133000
numflag phosphorus, no unit, Revision date=20181210133000
pm10_mass, ug/m3, Version=2, Version description=Data extracted from http://views.cira.colostate.edu/fed/DataWizard 2019-12-16, Sample duration=1d, Orig. time res.=3d, Matrix=pm10, Blank correction=Blank corrected, Volume std. temperature=ambient, Volume std. pressure=ambient
numflag pm10_mass, no unit, Version=2, Version description=Data extracted from http://views.cira.colostate.edu/fed/DataWizard 2019-12-16, Sample duration=1d, Orig. time res.=3d, Matrix=pm10, Blank correction=Blank corrected, Volume std. temperature=ambient, Volume std. pressure=ambient
pm10_pm25_mass, ug/m3, Revision date=20181210133000, Matrix=pm10_pm25
numflag pm10_pm25_mass, no unit, Revision date=20181210133000, Matrix=pm10_pm25
pm25_mass, ug/m3, Version=2, Version description=Data extracted from http://views.cira.colostate.edu/fed/DataWizard 2019-12-16, Sample duration=1d, Orig. time res.=3d, Blank correction=Blank corrected, Volume std. temperature=ambient, Volume std. pressure=ambient
numflag pm25_mass, no unit, Version=2, Version description=Data extracted from http://views.cira.colostate.edu/fed/DataWizard 2019-12-16, Sample duration=1d, Orig. time res.=3d, Blank correction=Blank corrected, Volume std. temperature=ambient, Volume std. pressure=ambient
potassium, ug/m3, Revision date=20181210133000
numflag potassium, no unit, Revision date=20181210133000
sulphate_total, ug S/m3, Revision date=20181210133000
numflag sulphate_total, no unit, Revision date=20181210133000
0
25
Data definition:              EBAS_1.1
Set type code:                TU
Timezone:                     UTC
File name:                    US9049R.20030103070000.20191216000000.filterpack..pm25.1y.1w.US03L_filterpack_US9049.US03L_IMPROVE_Davis.lev2.nas
File creation:                20191218120849
Startdate:                    20030103070000
Revision date:                20191216000000
Statistics:                   arithmetic mean
Data level:                   2
Period code:                  1y
Resolution code:              1w
Station code:                 US9049R
Platform code:                US9049S
Station name:                 Weminuche Wilderness
Station latitude:             37.6594
Station longitude:            -107.7999
Station altitude:             2750.0 m
Regime:                       IMG
Component:                    
Matrix:                       pm25
Laboratory code:              US03L
Instrument type:              filterpack
Instrument name:              filterpack_US9049
Method ref:                   US03L_IMPROVE_Davis
starttime endtime Fe flag_Fe Pb flag_Pb Mg++ flag_Mg++ Ni flag_Ni NO3- flag_NO3- OC flag_OC OM flag_OM P flag_P PM10 flag_PM10 PM10-PM2.5 flag_PM10-PM2.5 PM2.5 flag_PM2.5 K+ flag_K+ SO4-- flag_SO4--
[from data line 80]
242.291667 243.291667   11.51 0.000  0.26 0.000000 9.999 0.259000 9.99 0.259000 0.013 0.000   0.759 0.000   1.063 0.000 99.99 0.259000   5.106 0.000   2.929 0.000   2.178 0.000 0.015 0.000 0.131 0.000
245.291667 246.291667   10.21 0.000  0.18 0.000000 9.999 0.259000 9.99 0.259000 0.012 0.000   0.696 0.000   0.974 0.000 99.99 0.259000   5.361 0.000   2.825 0.000   2.536 0.000 0.011 0.000 0.207 0.000
248.291667 249.291667    5.45 0.000  0.17 0.000000 9.999 0.259000 0.06 0.000000 0.008 0.000   0.599 0.000   0.838 0.000 99.99 0.259000   3.123 0.000   1.583 0.000   1.540 0.000 0.007 0.000 0.111 0.000
251.291667 252.291667   13.05 0.000  0.22 0.000000 9.999 0.259000 0.09 0.000000 0.014 0.000   0.457 0.000   0.640 0.000 99.99 0.259000   3.922 0.000   2.167 0.000   1.754 0.000 0.014 0.000 0.132 0.000
254.291667 255.291667    4.86 0.000  0.22 0.000000 0.030 0.000000 9.99 0.259000 0.008 0.000   0.470 0.000   0.658 0.000 99.99 0.259000   2.328 0.000   1.095 0.000   1.234 0.000 0.005 0.000 0.069 0.000
257.291667 258.291667   16.81 0.000  0.30 0.000000 9.999 0.259000 9.99 0.259000 0.012 0.000   0.801 0.000   1.121 0.000 99.99 0.259000   4.698 0.000   2.444 0.000   2.254 0.000 0.016 0.000 0.094 0.000
260.291667 261.291667   50.47 0.000  0.26 0.000000 9.999 0.259000 9.99 0.259000 0.024 0.000   0.750 0.000   1.051 0.000 99.99 0.259000   9.698 0.000   6.541 0.000   3.157 0.000 0.046 0.000 0.105 0.000
263.291667 264.291667   29.21 0.000  0.40 0.000000 9.999 0.259000 9.99 0.259000 0.013 0.000   0.520 0.000   0.728 0.000 99.99 0.259000   3.777 0.000   1.883 0.000   1.894 0.000 0.024 0.000 0.115 0.000
266.291667 267.291667   36.25 0.000  0.61 0.000000 9.999 0.259000 0.05 0.000000 0.009 0.000   0.783 0.000   1.097 0.000 99.99 0.259000   7.107 0.000   4.323 0.000   2.784 0.000 0.036 0.000 0.116 0.000
269.291667 270.291667   38.99 0.559  0.39 0.559000 9.999 0.559259 9.99 0.559259 0.006 0.000   0.764 0.000   1.069 0.000  9.24 0.559000   6.579 0.000   4.184 0.000   2.395 0.559 0.030 0.559 0.059 0.000
272.291667 273.291667   36.30 0.559  0.35 0.559000 9.999 0.559259 9.99 0.559259 0.024 0.000   1.731 0.000   2.423 0.000 99.99 0.559259   8.722 0.000   3.573 0.000   5.149 0.559 0.038 0.559 0.199 0.000
275.291667 276.291667    7.24 0.000  0.28 0.000000 0.017 0.000000 9.99 0.259000 0.006 0.000   0.395 0.000   0.553 0.000 99.99 0.259000   1.972 0.000   0.870 0.000   1.103 0.000 0.006 0.000 0.061 0.000
278.291667 279.291667    9.24 0.000  0.26 0.000000 0.016 0.000000 0.08 0.000000 0.009 0.000   0.848 0.000   1.188 0.000 99.99 0.259000   3.962 0.000   1.246 0.000   2.716 0.000 0.008 0.000 0.198 0.000
281.291667 282.291667   17.25 0.000  0.24 0.000000 9.999 0.259000 0.06 0.000000 0.009 0.000   0.659 0.000   0.923 0.000 99.99 0.259000   5.229 0.000   2.662 0.000   2.566 0.000 0.013 0.000 0.171 0.000
284.291667 285.291667   33.45 0.000  0.27 0.000000 0.025 0.000000 9.99 0.259000 0.017 0.000   0.464 0.000   0.649 0.000 99.99 0.259000   5.719 0.000   3.434 0.000   2.285 0.000 0.025 0.000 0.114 0.000
287.291667 288.291667   35.82 0.000  0.54 0.000000 9.999 0.259000 9.99 0.259000 0.008 0.000   0.564 0.000   0.790 0.000 99.99 0.259000   6.740 0.000   4.610 0.000   2.130 0.000 0.025 0.000 0.140 0.000
290.291667 291.291667   27.82 0.000  0.34 0.000000 9.999 0.259000 0.07 0.000000 0.005 0.000   0.397 0.000   0.556 0.000 99.99 0.259000   3.777 0.000   2.165 0.000   1.612 0.000 0.017 0.000 0.065 0.000
293.291667 294.291667   33.33 0.000  0.33 0.000000 9.999 0.259000 9.99 0.259000 0.008 0.000   0.566 0.000   0.793 0.000 99.99 0.259000   5.335 0.000   3.233 0.000   2.102 0.000 0.023 0.000 0.076 0.000
296.291667 297.291667   25.33 0.000  0.42 0.000000 9.999 0.259000 9.99 0.259000 0.014 0.000   0.417 0.000   0.584 0.000 99.99 0.259000   5.065 0.000   3.000 0.000   2.065 0.000 0.022 0.000 0.107 0.000
299.291667 300.291667    6.08 0.000  0.14 0.000000 0.018 0.000000 9.99 0.259000 0.001 0.000   0.142 0.000   0.200 0.000 99.99 0.259000   1.226 0.000   0.740 0.000   0.485 0.000 0.004 0.000 0.016 0.000
302.291667 303.291667  225.95 0.699  3.06 0.699000 9.999 0.699259 9.99 0.699259 0.406 0.000  11.693 0.000  16.370 0.000 99.99 0.699259  58.291 0.000  27.819 0.000  30.472 0.699 0.510 0.699 0.227 0.000
305.291667 306.291667   11.14 0.000  1.21 0.000000 9.999 0.259000 0.09 0.000000 0.238 0.000   2.160 0.000   3.024 0.000 99.99 0.259000   8.639 0.000   1.631 0.000   7.009 0.000 0.140 0.000 0.329 0.000
308.291667 309.291667   14.48 0.000  0.32 0.000000 9.999 0.259000 0.07 0.000000 0.044 0.000   0.490 0.000   0.685 0.000 99.99 0.259000   4.533 0.000   2.485 0.000   2.048 0.000 0.012 0.000 0.133 0.000
311.291667 312.291667   12.46 0.000  0.85 0.000000 0.016 0.000000 9.99 0.259000 0.036 0.000   0.780 0.000   1.092 0.000 99.99 0.259000   4.232 0.000   1.386 0.000   2.847 0.000 0.010 0.000 0.221 0.000
314.291667 315.291667   12.76 0.000  0.63 0.000000 9.999 0.259000 9.99 0.259000 0.010 0.000   0.238 0.000   0.333 0.000 99.99 0.259000   2.882 0.000   1.165 0.000   1.717 0.000 0.013 0.000 0.169 0.000
317.291667 318.291667   10.05 0.000  0.35 0.000000 0.027 0.000000 9.99 0.259000 0.030 0.000   0.490 0.000   0.686 0.000 99.99 0.259000   3.452 0.000   1.752 0.000   1.700 0.000 0.008 0.000 0.091 0.000
320.291667 321.291667    4.81 0.000  0.30 0.000000 0.038 0.000000 9.99 0.259000 0.026 0.000   0.242 0.000   0.339 0.000 99.99 0.259000   3.224 0.000   2.279 0.000   0.946 0.000 0.005 0.000 0.089 0.000
323.291667 324.291667   15.05 0.000  0.19 0.000000 9.999 0.259000 9.99 0.259000 0.002 0.000   0.222 0.000   0.310 0.000 99.99 0.259000   4.027 0.000   3.052 0.000   0.975 0.000 0.008 0.000 0.026 0.000
326.291667 327.291667   12.17 0.559  0.27 0.559000 0.011 0.559000 9.99 0.559259 0.044 0.000   0.615 0.000   0.861 0.000 99.99 0.559259   4.644 0.000   3.192 0.000   1.452 0.559 0.012 0.559 0.053 0.000
329.291667 330.291667    8.94 0.000  0.45 0.000000 9.999 0.259000 0.07 0.000000 0.017 0.000   0.277 0.000   0.388 0.000 99.99 0.259000   3.119 0.000   2.068 0.000   1.050 0.000 0.008 0.000 0.073 0.000
332.291667 333.291667   16.32 0.000  0.48 0.000000 9.999 0.259000 9.99 0.259000 0.003 0.000   0.298 0.000   0.417 0.000 99.99 0.259000   3.123 0.000   1.946 0.000   1.176 0.000 0.011 0.000 0.058 0.000
335.291667 336.291667   11.94 0.000  0.51 0.000000 0.061 0.000000 9.99 0.259000 0.022 0.000   0.388 0.000   0.543 0.000 99.99 0.259000   2.824 0.000   1.484 0.000   1.340 0.000 0.009 0.000 0.068 0.000
338.291667 339.291667   17.42 0.000  0.44 0.000000 0.095 0.000000 0.06 0.000000 0.011 0.000   0.504 0.000   0.706 0.000 99.99 0.259000   4.299 0.000   2.829 0.000   1.470 0.000 0.012 0.000 0.048 0.000
341.291667 342.291667    7.53 0.000  0.45 0.000000 9.999 0.259000 0.08 0.000000 0.010 0.000   0.261 0.000   0.365 0.000 99.99 0.259000   1.644 0.000   0.677 0.000   0.966 0.000 0.009 0.000 0.130 0.000
344.291667 345.291667    9.36 0.000  0.29 0.000000 9.999 0.259000 0.07 0.000000 0.023 0.000   0.410 0.000   0.575 0.000 99.99 0.259000   2.786 0.000   1.856 0.000   0.930 0.000 0.007 0.000 0.047 0.000
347.291667 348.291667    7.13 0.000  0.39 0.000000 9.999 0.259000 0.10 0.000000 0.014 0.000   0.335 0.000   0.469 0.000 99.99 0.259000   2.769 0.000   2.039 0.000   0.731 0.000 0.005 0.000 0.025 0.000
350.291667 351.291667   10.86 0.559  0.32 0.559000 9.999 0.559259 9.99 0.559259 0.005 0.000   0.307 0.000   0.430 0.000 99.99 0.559259   2.548 0.000   1.690 0.000   0.857 0.559 0.007 0.559 0.040 0.000
353.291667 354.291667    8.02 0.000  0.26 0.000000 9.999 0.259000 9.99 0.259000 0.006 0.000   0.303 0.000   0.425 0.000 99.99 0.259000   2.014 0.000   1.131 0.000   0.883 0.000 0.004 0.000 0.014 0.000
356.291667 357.291667   16.50 0.000  0.19 0.000000 0.093 0.000000 9.99 0.259000 0.002 0.000   0.310 0.000   0.434 0.000 99.99 0.259000   3.676 0.000   2.748 0.000   0.928 0.000 0.010 0.000 0.014 0.000
359.291667 360.291667    4.87 0.000  0.27 0.000000 0.044 0.000000 9.99 0.259000 0.011 0.000   0.352 0.000   0.493 0.000 99.99 0.259000   2.852 0.000   1.952 0.000   0.901 0.000 0.008 0.000 0.058 0.000
362.291667 363.291667   11.18 0.000  0.32 0.000000 9.999 0.259000 9.99 0.259000 0.017 0.000   0.611 0.000   0.856 0.000 99.99 0.259000   4.644 0.000   3.296 0.000   1.348 0.000 0.012 0.000 0.030 0.000
