scripts/IMPROVE-2019_partial/data/US9043R.19900103080000.20191216000000.filterpack...1y.3d.US03L_filterpack_US9043.US03L_IMPROVE_Davis.lev2.nas
52 1001
MISSING INFORMATION
US03L, IMPROVE, , , , , , , 
MISSING INFORMATION
IMPROVE sel_HTAP
1 1
1990 01 01 2019 12 16
0
days from file reference point
5
1 1 1 1 1
999.999999 999.999 9.999 999.999 9.999
end_time of measurement, days from the file reference point
pm10_mass, ug/m3, Matrix=pm10
numflag pm10_mass, no unit, Matrix=pm10
pm25_mass, ug/m3, Matrix=pm25
numflag pm25_mass, no unit, Matrix=pm25
0
33
Data definition:              EBAS_1.1
Set type code:                TI
Timezone:                     UTC
File name:                    US9043R.19900103080000.20191216000000.filterpack...1y.3d.US03L_filterpack_US9043.US03L_IMPROVE_Davis.lev2.nas
File creation:                20191218120816
Startdate:                    19900103080000
Revision date:                20191216000000
Version:                      2
Version description:          "Data extracted from http://views.cira.colostate.edu/fed/DataWizard 2019-12-16"
Statistics:                   arithmetic mean
Data level:                   2
Period code:                  1y
Resolution code:              3d
Sample duration:              1d
Orig. time res.:              3d
Station code:                 US9043R
Platform code:                US9043S
Station name:                 San Gorgonio Wilderness
Station latitude:             34.1939
Station longitude:            -116.9132
Station altitude:             1726.0 m
Regime:                       IMG
Component:                    
Unit:                         ug/m3
Matrix:                       
Laboratory code:              US03L
Instrument type:              filterpack
Instrument name:              filterpack_US9043
Method ref:                   US03L_IMPROVE_Davis
Blank correction:             Blank corrected
Volume std. temperature:      ambient
Volume std. pressure:         ambient
starttime endtime PM10 flag_PM10 PM2.5 flag_PM2.5
  2.333333   3.333333   7.984 0.000   1.975 0.000
  5.333333   6.333333   3.882 0.000   1.132 0.000
  9.333333  10.333333   7.291 0.000   2.917 0.000
 12.333333  13.333333   2.582 0.000   1.513 0.000
 16.333333  17.333333   1.367 0.000   1.306 0.000
 19.333333  20.333333   2.930 0.000   2.739 0.000
 23.333333  24.333333   2.597 0.000   0.921 0.000
 26.333333  27.333333   2.752 0.000   1.310 0.000
 30.333333  31.333333   8.118 0.000   4.377 0.000
 33.333333  34.333333   4.745 0.000   2.190 0.000
 37.333333  38.333333  16.848 0.000  14.968 0.000
 40.333333  41.333333   3.035 0.000   1.147 0.000
 44.333333  45.333333  14.280 0.000   5.162 0.000
 47.333333  48.333333 999.999 0.999 999.999 0.999
 51.333333  52.333333 999.999 0.999 999.999 0.999
 54.333333  55.333333   7.558 0.000 999.999 0.999
 58.333333  59.333333  16.431 0.000  13.500 0.000
 61.333333  62.333333  39.963 0.000  37.429 0.000
 65.333333  66.333333  15.774 0.000  10.528 0.000
 68.333333  69.333333  22.226 0.000  18.219 0.000
 72.333333  73.333333  11.963 0.000   5.278 0.000
 75.333333  76.333333  27.148 0.000   9.062 0.000
 79.333333  80.333333 999.999 0.999 999.999 0.999
 82.333333  83.333333 999.999 0.999 999.999 0.999
 86.333333  87.333333   9.849 0.000   8.297 0.000
 89.333333  90.333333  22.604 0.000  18.615 0.000
 93.333333  94.333333  11.341 0.000   8.809 0.000
 96.333333  97.333333  21.992 0.000  20.031 0.000
100.333333 101.333333  34.308 0.000  16.981 0.000
103.333333 104.333333 999.999 0.999  30.452 0.000
107.333333 108.333333  22.412 0.000  17.147 0.000
110.333333 111.333333  24.708 0.000  17.839 0.000
114.333333 115.333333  16.603 0.000   4.689 0.000
117.333333 118.333333  25.000 0.000  14.752 0.000
121.333333 122.333333  20.704 0.000  11.303 0.000
124.333333 125.333333   7.444 0.000   2.818 0.000
128.333333 129.333333 999.999 0.999 999.999 0.999
131.333333 132.333333 999.999 0.999 999.999 0.999
135.333333 136.333333 999.999 0.999 999.999 0.999
138.333333 139.333333 999.999 0.999 999.999 0.999
142.333333 143.333333  21.294 0.000   5.723 0.000
145.333333 146.333333  22.463 0.000   7.577 0.000
149.333333 150.333333  17.184 0.000  11.712 0.000
152.333333 153.333333  18.989 0.000   8.168 0.000
156.333333 157.333333  29.393 0.000  17.262 0.000
159.333333 160.333333  16.107 0.000   7.575 0.000
163.333333 164.333333  23.843 0.000  12.088 0.000
166.333333 167.333333  22.918 0.000  10.828 0.000
170.333333 171.333333  37.774 0.000  17.587 0.000
173.333333 174.333333  17.067 0.000   6.907 0.000
177.333333 178.333333  28.643 0.000  12.447 0.000
180.333333 181.333333  31.304 0.000  13.172 0.000
184.333333 185.333333 999.999 0.999   6.577 0.000
187.333333 188.333333 999.999 0.999  15.946 0.000
191.333333 192.333333 999.999 0.999 999.999 0.999
194.333333 195.333333 999.999 0.999 999.999 0.999
198.333333 199.333333 999.999 0.999 999.999 0.999
201.333333 202.333333 999.999 0.999 999.999 0.999
205.333333 206.333333  19.670 0.000   9.787 0.000
208.333333 209.333333  24.094 0.000   9.847 0.000
212.333333 213.333333  28.130 0.000  15.536 0.000
215.333333 216.333333 999.999 0.999 999.999 0.999
219.333333 220.333333  35.286 0.000  11.602 0.000
222.333333 223.333333 999.999 0.999 999.999 0.999
226.333333 227.333333  34.570 0.000  15.425 0.000
229.333333 230.333333  24.467 0.000  13.666 0.000
233.333333 234.333333  15.034 0.000   7.235 0.000
236.333333 237.333333  16.146 0.000 999.999 0.999
240.333333 241.333333  25.321 0.000   9.477 0.000
243.333333 244.333333  28.607 0.000  18.110 0.559
247.333333 248.333333  28.511 0.000  13.736 0.559
250.333333 251.333333  57.021 0.000  10.000 0.559
254.333333 255.333333  12.662 0.000   3.923 0.559
257.333333 258.333333  33.489 0.000   7.003 0.559
261.333333 262.333333  61.413 0.000  17.327 0.559
264.333333 265.333333  20.632 0.000   9.670 0.559
268.333333 269.333333  11.077 0.000   5.796 0.559
271.333333 272.333333  17.399 0.000   4.474 0.559
275.333333 276.333333  24.138 0.000   9.849 0.559
278.333333 279.333333  38.429 0.000  20.909 0.559
282.333333 283.333333  20.227 0.000   7.821 0.559
285.333333 286.333333  55.692 0.000  25.484 0.559
289.333333 290.333333  35.824 0.000  26.485 0.559
292.333333 293.333333  23.908 0.000   3.464 0.559
296.333333 297.333333  15.037 0.000   5.237 0.559
299.333333 300.333333  27.556 0.000  12.667 0.559
303.333333 304.333333  24.572 0.000   9.728 0.559
306.333333 307.333333  12.268 0.000   7.674 0.559
310.333333 311.333333  13.895 0.000   3.552 0.559
313.333333 314.333333  22.846 0.000   4.659 0.559
317.333333 318.333333  17.743 0.000   7.477 0.559
320.333333 321.333333  30.817 0.000  19.846 0.559
324.333333 325.333333  12.460 0.000   6.573 0.559
327.333333 328.333333   5.675 0.000   4.050 0.559
331.333333 332.333333 999.999 0.999   7.424 0.559
334.333333 335.333333  21.107 0.000   2.012 0.559
338.333333 339.333333  10.116 0.000   4.585 0.559
341.333333 342.333333   6.667 0.000   3.028 0.559
345.333333 346.333333  12.088 0.000   6.398 0.559
348.333333 349.333333  20.079 0.000  18.634 0.559
352.333333 353.333333  17.079 0.000  11.992 0.559
355.333333 356.333333   3.466 0.000   1.918 0.559
359.333333 360.333333   2.257 0.000   1.033 0.559
362.333333 363.333333   7.854 0.000   5.952 0.559
