scripts/IMPROVE-2019_partial/data/US9075R.20010101070000.20191216000000.filterpack..pm25.52w.1w.US03L_filterpack_US9075.US03L_IMPROVE_Davis.lev2.nas
64 1001
MISSING INFORMATION
US03L, IMPROVE, , , , , , , 
MISSING INFORMATION
IMPROVE sel_HTAP
1 1
2001 01 01 2019 12 16
3.000000
days from file reference point
25
1 1 1 1 1 1 1 1 1 1 1 1 1 1 1 1 1 1 1 1 1 1 1 1 1
999.999999 9999.99 9.999 99.99 9.999999 9.999 9.999999 99.99 9.999999 99.999 9.999 99.999 9.999 99.999 9.999 999.999 9.999 999.999 9.999 999.999 9.999 9.999 9.999999 9.999 9.999
end_time of measurement, days from the file reference point
iron, ng/m3, Revision date=20181210133000
numflag iron, no unit, Revision date=20181210133000
lead, ng/m3, Revision date=20181210133000
numflag lead, no unit, Revision date=20181210133000
magnesium, ug/m3, Revision date=20181210133000
numflag magnesium, no unit, Revision date=20181210133000
nickel, ng/m3, Revision date=20181210133000
numflag nickel, no unit, Revision date=20181210133000
nitrate, ug N/m3, Revision date=20181210133000
numflag nitrate, no unit, Revision date=20181210133000
organic_carbon, ug C/m3, Revision date=20181210133000
numflag organic_carbon, no unit, Revision date=20181210133000
organic_mass, ug/m3, Revision date=20181210133000
numflag organic_mass, no unit, Revision date=20181210133000
pm10_mass, ug/m3, Version=2, Version description=Data extracted from http://views.cira.colostate.edu/fed/DataWizard 2019-12-16, Sample duration=1d, Orig. time res.=3d, Matrix=pm10, Blank correction=Blank corrected, Volume std. temperature=ambient, Volume std. pressure=ambient
numflag pm10_mass, no unit, Version=2, Version description=Data extracted from http://views.cira.colostate.edu/fed/DataWizard 2019-12-16, Sample duration=1d, Orig. time res.=3d, Matrix=pm10, Blank correction=Blank corrected, Volume std. temperature=ambient, Volume std. pressure=ambient
pm10_pm25_mass, ug/m3, Revision date=20181210133000, Matrix=pm10_pm25
numflag pm10_pm25_mass, no unit, Revision date=20181210133000, Matrix=pm10_pm25
pm25_mass, ug/m3, Version=2, Version description=Data extracted from http://views.cira.colostate.edu/fed/DataWizard 2019-12-16, Sample duration=1d, Orig. time res.=3d, Blank correction=Blank corrected, Volume std. temperature=ambient, Volume std. pressure=ambient
numflag pm25_mass, no unit, Version=2, Version description=Data extracted from http://views.cira.colostate.edu/fed/DataWizard 2019-12-16, Sample duration=1d, Orig. time res.=3d, Blank correction=Blank corrected, Volume std. temperature=ambient, Volume std. pressure=ambient
potassium, ug/m3, Revision date=20181210133000
numflag potassium, no unit, Revision date=20181210133000
sulphate_total, ug S/m3, Revision date=20181210133000
numflag sulphate_total, no unit, Revision date=20181210133000
0
25
Data definition:              EBAS_1.1
Set type code:                TU
Timezone:                     UTC
File name:                    US9075R.20010101070000.20191216000000.filterpack..pm25.52w.1w.US03L_filterpack_US9075.US03L_IMPROVE_Davis.lev2.nas
File creation:                20191218121040
Startdate:                    20010101070000
Revision date:                20191216000000
Statistics:                   arithmetic mean
Data level:                   2
Period code:                  52w
Resolution code:              1w
Station code:                 US9075R
Platform code:                US9075S
Station name:                 Zion
Station latitude:             37.4591
Station longitude:            -113.2243
Station altitude:             1545.0 m
Regime:                       IMG
Component:                    
Matrix:                       pm25
Laboratory code:              US03L
Instrument type:              filterpack
Instrument name:              filterpack_US9075
Method ref:                   US03L_IMPROVE_Davis
starttime endtime Fe flag_Fe Pb flag_Pb Mg++ flag_Mg++ Ni flag_Ni NO3- flag_NO3- OC flag_OC OM flag_OM PM10 flag_PM10 PM10-PM2.5 flag_PM10-PM2.5 PM2.5 flag_PM2.5 K+ flag_K+ SO4-- flag_SO4--
  0.291667   1.291667   16.26 0.000  1.09 0.000000 9.999 0.259000 99.99 0.259000  0.385 0.000  0.448 0.000  0.627 0.000   5.739 0.000   3.329 0.000   2.410 0.000 0.021 0.000000 0.130 0.000
  3.291667   4.291667   28.12 0.000  0.91 0.000000 9.999 0.259000 99.99 0.259000  0.243 0.559  0.447 0.000  0.625 0.000   8.150 0.000   5.836 0.000   2.315 0.000 0.021 0.000000 0.139 0.559
  6.291667   7.291667   17.49 0.000  0.94 0.000000 9.999 0.259000  0.05 0.000000  0.664 0.000  0.411 0.000  0.575 0.000   7.859 0.000   3.717 0.000   4.142 0.000 0.017 0.000000 0.203 0.000
  9.291667  10.291667    9.47 0.000  0.59 0.000000 9.999 0.259000 99.99 0.259000  0.136 0.000  0.627 0.000  0.878 0.000   3.157 0.000   0.780 0.000   2.377 0.000 0.015 0.000000 0.350 0.000
 12.291667  13.291667    6.78 0.000 99.99 0.259000 9.999 0.259000 99.99 0.259000  0.107 0.000  0.433 0.000  0.606 0.000   2.357 0.000   1.262 0.000   1.095 0.000 0.008 0.000000 0.075 0.000
 15.291667  16.291667    4.93 0.000  0.40 0.000000 9.999 0.259000 99.99 0.259000  0.422 0.000  0.362 0.000  0.507 0.000   5.852 0.000   1.597 0.000   4.255 0.000 0.011 0.000000 0.446 0.000
 18.291667  19.291667    9.07 0.000  0.40 0.000000 9.999 0.259000 99.99 0.259000  0.163 0.000  0.289 0.000  0.404 0.000   2.928 0.000   1.269 0.000   1.659 0.000 9.999 0.259000 0.195 0.000
 21.291667  22.291667   11.44 0.000  0.21 0.000000 9.999 0.259000 99.99 0.259000  0.098 0.000  0.354 0.000  0.495 0.000   3.138 0.000   1.456 0.000   1.682 0.000 0.008 0.000000 0.153 0.000
 24.291667  25.291667    8.55 0.000  0.17 0.000000 9.999 0.259000 99.99 0.259000  0.121 0.000  0.180 0.000  0.252 0.000   2.677 0.000   1.768 0.000   0.910 0.000 0.007 0.000000 0.064 0.000
 27.291667  28.291667    8.68 0.000  0.38 0.000000 9.999 0.259000 99.99 0.259000  0.483 0.000  0.277 0.000  0.387 0.000   4.978 0.000   1.813 0.000   3.165 0.000 0.010 0.000000 0.312 0.000
 30.291667  31.291667    8.72 0.000  0.29 0.000000 9.999 0.259000 99.99 0.259000 99.999 0.456 99.999 0.999 99.999 0.999   5.724 0.000   3.462 0.000   2.262 0.000 0.015 0.000000 9.999 0.456
 33.291667  34.291667   14.41 0.000  0.56 0.000000 9.999 0.259000 99.99 0.259000 99.999 0.456 99.999 0.999 99.999 0.999   4.142 0.000   2.667 0.000   1.475 0.000 0.015 0.000000 9.999 0.456
 36.291667  37.291667   26.55 0.000  0.36 0.000000 9.999 0.259000 99.99 0.259000 99.999 0.456 99.999 0.999 99.999 0.999   6.820 0.000   4.786 0.000   2.033 0.000 0.025 0.000000 9.999 0.456
 39.291667  40.291667 9999.99 0.456 99.99 0.456000 9.999 0.456000 99.99 0.456000 99.999 0.456 99.999 0.999 99.999 0.999 999.999 0.456 999.999 0.999 999.999 0.456 9.999 0.456000 9.999 0.456
 42.291667  43.291667 9999.99 0.456 99.99 0.456000 9.999 0.456000 99.99 0.456000 99.999 0.456 99.999 0.999 99.999 0.999 999.999 0.456 999.999 0.999 999.999 0.456 9.999 0.456000 9.999 0.456
 45.291667  46.291667    8.11 0.000  0.25 0.000000 9.999 0.259000  0.12 0.000000 99.999 0.456 99.999 0.999 99.999 0.999   3.179 0.000   1.436 0.000   1.744 0.000 0.007 0.000000 9.999 0.456
 48.291667  49.291667   14.88 0.000  0.59 0.000000 9.999 0.259000 99.99 0.259000 99.999 0.456 99.999 0.999 99.999 0.999   3.327 0.000   1.957 0.000   1.370 0.000 0.013 0.000000 9.999 0.456
 51.291667  52.291667   13.20 0.000  0.19 0.000000 9.999 0.259000 99.99 0.259000 99.999 0.456 99.999 0.999 99.999 0.999   4.232 0.000   2.093 0.000   2.139 0.000 0.013 0.000000 9.999 0.456
 54.291667  55.291667    7.03 0.000  0.27 0.000000 9.999 0.259000 99.99 0.259000 99.999 0.456 99.999 0.999 99.999 0.999   2.835 0.000   2.029 0.000   0.806 0.000 0.007 0.000000 9.999 0.456
 57.291667  58.291667    3.94 0.000  0.22 0.000000 0.014 0.000000 99.99 0.259000 99.999 0.456 99.999 0.999 99.999 0.999   2.067 0.000   0.757 0.000   1.310 0.000 0.008 0.000000 9.999 0.456
 60.291667  61.291667    6.11 0.000  0.39 0.000000 9.999 0.259000  0.17 0.000000  0.042 0.000  0.384 0.000  0.538 0.000   2.191 0.000   0.962 0.000   1.229 0.000 0.003 0.000000 0.118 0.000
 63.291667  64.291667   11.26 0.000  0.76 0.000000 9.999 0.259000 99.99 0.259000  0.014 0.000  0.381 0.000  0.534 0.000   2.604 0.000   1.203 0.000   1.401 0.000 0.012 0.000000 0.142 0.000
 66.291667  67.291667   24.61 0.000  0.65 0.000000 9.999 0.259000  0.28 0.000000  0.170 0.000  0.560 0.000  0.784 0.000   4.878 0.000   1.328 0.000   3.550 0.000 0.014 0.000000 0.348 0.000
 69.291667  70.291667   14.45 0.000  0.37 0.000000 9.999 0.259000 99.99 0.259000  0.134 0.000  0.418 0.000  0.586 0.000   2.273 0.000   0.281 0.000   1.993 0.000 0.009 0.000000 0.160 0.000
 72.291667  73.291667   59.65 0.000  0.63 0.000000 9.999 0.259000 99.99 0.259000  0.024 0.000  0.247 0.000  0.346 0.000   9.300 0.000   6.603 0.000   2.697 0.000 0.032 0.000000 0.184 0.000
 75.291667  76.291667    9.40 0.000  0.32 0.000000 0.017 0.000000 99.99 0.259000  0.062 0.559  0.227 0.000  0.318 0.000   2.680 0.000   1.080 0.000   1.600 0.000 0.009 0.000000 0.191 0.559
 78.291667  79.291667   25.93 0.000  0.46 0.000000 9.999 0.259000  0.19 0.000000  0.015 0.559  0.290 0.000  0.406 0.000   3.533 0.000   1.752 0.000   1.781 0.000 0.023 0.000000 0.135 0.559
 81.291667  82.291667   17.49 0.000  0.24 0.000000 9.999 0.259000  0.18 0.000000  0.016 0.559  0.440 0.000  0.616 0.000   4.299 0.000   2.117 0.000   2.182 0.000 0.013 0.000000 0.168 0.559
 84.291667  85.291667   36.52 0.559  0.45 0.559000 9.999 0.559259  0.16 0.559000  0.030 0.000  0.458 0.000  0.642 0.000   7.647 0.000   4.685 0.000   2.962 0.559 0.029 0.559000 0.156 0.000
 87.291667  88.291667   28.10 0.000  0.49 0.000000 9.999 0.259000 99.99 0.259000  0.013 0.559  0.224 0.000  0.313 0.000   8.722 0.000   6.866 0.000   1.856 0.000 0.020 0.000000 0.090 0.559
 90.291667  91.291667   63.07 0.000  0.73 0.000000 9.999 0.259000 99.99 0.259000  0.071 0.559  0.576 0.000  0.806 0.000   8.598 0.000   5.028 0.000   3.570 0.000 0.042 0.000000 0.231 0.559
 93.291667  94.291667   60.90 0.000  0.52 0.000000 9.999 0.259000 99.99 0.259000  0.073 0.000  0.318 0.000  0.445 0.000   8.192 0.000   5.439 0.000   2.753 0.000 0.040 0.000000 0.214 0.000
 96.291667  97.291667   50.04 0.000  0.55 0.000000 9.999 0.259000 99.99 0.259000  0.138 0.000  0.482 0.000  0.675 0.000   9.897 0.000   5.830 0.000   4.067 0.000 0.036 0.000000 0.391 0.000
 99.291667 100.291667   17.16 0.000  0.84 0.000000 9.999 0.259000  0.20 0.000000  0.178 0.000  0.372 0.000  0.520 0.000   3.324 0.000   0.690 0.000   2.634 0.000 0.023 0.000000 0.308 0.000
102.291667 103.291667   92.67 0.000 99.99 0.259000 9.999 0.259000 99.99 0.259000  0.022 0.559  0.268 0.000  0.376 0.000   6.254 0.000   3.216 0.000   3.038 0.000 0.049 0.000000 0.156 0.559
105.291667 106.291667  823.34 0.699  1.67 0.699000 9.999 0.699259 99.99 0.699259  0.134 0.000  0.805 0.000  1.127 0.000  34.925 0.000  15.536 0.000  19.389 0.699 0.431 0.699000 0.435 0.000
108.291667 109.291667  175.10 0.000  0.58 0.000000 9.999 0.259000 99.99 0.259000  0.109 0.000  0.505 0.000  0.708 0.000  13.725 0.000   8.340 0.000   5.384 0.000 0.098 0.000000 0.209 0.000
111.291667 112.291667   50.79 0.000 99.99 0.259000 9.999 0.259000 99.99 0.259000  0.051 0.000  0.303 0.000  0.424 0.000   2.959 0.000   1.006 0.000   1.953 0.000 0.028 0.000000 0.131 0.000
114.291667 115.291667  108.93 0.000  0.73 0.000000 9.999 0.259000 99.99 0.259000  0.038 0.000  0.577 0.000  0.807 0.000   8.660 0.000   4.809 0.000   3.851 0.000 0.063 0.000000 0.215 0.000
117.291667 118.291667   53.61 0.000  0.34 0.000000 9.999 0.259000 99.99 0.259000  0.028 0.000  0.577 0.000  0.808 0.000   7.884 0.000   4.334 0.000   3.550 0.000 0.036 0.000000 0.329 0.000
120.291667 121.291667  202.91 0.000  0.65 0.000000 9.999 0.259000 99.99 0.259000  0.044 0.559  0.673 0.000  0.942 0.000  13.401 0.000   7.143 0.000   6.258 0.000 0.122 0.000000 0.310 0.559
123.291667 124.291667   41.28 0.000  0.26 0.000000 9.999 0.259000 99.99 0.259000  0.065 0.000  0.469 0.000  0.657 0.000   7.675 0.000   4.812 0.000   2.863 0.000 0.028 0.000000 0.280 0.000
126.291667 127.291667  224.60 0.559  0.96 0.559000 9.999 0.559259 99.99 0.559259  0.056 0.000  0.913 0.000  1.279 0.000  13.605 0.000   6.660 0.000   6.944 0.559 0.132 0.559000 0.262 0.000
129.291667 130.291667  133.50 0.000  0.46 0.000000 9.999 0.259000 99.99 0.259000  0.083 0.559  0.983 0.000  1.376 0.000  12.427 0.000   7.118 0.000   5.309 0.000 0.082 0.000000 0.264 0.559
132.291667 133.291667  136.89 0.000 99.99 0.259000 9.999 0.259000 99.99 0.259000  0.063 0.000  1.007 0.000  1.410 0.000  13.605 0.000   6.973 0.000   6.632 0.000 0.102 0.000000 0.445 0.000
135.291667 136.291667   85.51 0.000  0.40 0.000000 9.999 0.259000 99.99 0.259000  0.033 0.000  0.590 0.000  0.826 0.000   9.177 0.000   5.412 0.000   3.764 0.000 0.048 0.000000 0.240 0.000
138.291667 139.291667   74.57 0.000  0.81 0.000000 9.999 0.259000 99.99 0.259000  0.044 0.000  0.940 0.000  1.315 0.000   7.482 0.000   3.074 0.000   4.408 0.000 0.052 0.000000 0.270 0.000
141.291667 142.291667   55.99 0.000  0.35 0.000000 9.999 0.259000 99.99 0.259000  0.015 0.000  0.482 0.000  0.674 0.000   8.145 0.000   5.752 0.000   2.393 0.000 0.033 0.000000 0.117 0.000
144.291667 145.291667   53.93 0.000  0.37 0.000000 9.999 0.259000 99.99 0.259000  0.027 0.000  0.826 0.000  1.156 0.000   8.846 0.000   5.311 0.000   3.535 0.000 0.034 0.000000 0.210 0.000
147.291667 148.291667   55.12 0.559 99.99 0.559259 9.999 0.559259 99.99 0.559259  0.033 0.000  0.626 0.000  0.877 0.000   9.451 0.000   5.897 0.000   3.554 0.559 0.050 0.559000 0.253 0.000
150.291667 151.291667   76.01 0.000  0.34 0.000000 9.999 0.259000 99.99 0.259000  0.021 0.000  0.355 0.000  0.497 0.000   9.451 0.000   6.399 0.000   3.052 0.000 0.047 0.000000 0.153 0.000
153.291667 154.291667   95.58 0.559  1.10 0.559000 9.999 0.559259 99.99 0.559259  0.043 0.000  0.430 0.000  0.602 0.000  14.178 0.000   9.350 0.000   4.828 0.559 0.068 0.559000 0.277 0.000
156.291667 157.291667  100.55 0.559  0.85 0.559000 9.999 0.559259 99.99 0.559259  0.063 0.000  0.740 0.000  1.036 0.000  13.972 0.000   8.814 0.000   5.158 0.559 0.062 0.559000 0.355 0.000
159.291667 160.291667   59.45 0.559  0.94 0.559000 9.999 0.559259 99.99 0.559259  0.084 0.559  0.816 0.000  1.143 0.000  12.814 0.000   7.713 0.000   5.101 0.559 0.097 0.559000 0.423 0.559
162.291667 163.291667  230.89 0.559  0.78 0.559000 0.159 0.559000 99.99 0.559259  0.044 0.559  0.886 0.000  1.240 0.000  40.267 0.000  30.057 0.000  10.210 0.559 0.131 0.559000 0.224 0.559
165.291667 166.291667   37.23 0.000  0.42 0.000000 9.999 0.259000  0.10 0.000000  0.008 0.559  0.263 0.000  0.368 0.000   5.013 0.000   3.354 0.000   1.659 0.000 0.021 0.000000 0.075 0.559
168.291667 169.291667   41.65 0.559  0.69 0.559000 9.999 0.559259 99.99 0.559259  0.027 0.000  0.512 0.000  0.717 0.000   7.150 0.000   4.164 0.000   2.986 0.559 0.037 0.559000 0.196 0.000
171.291667 172.291667   75.48 0.000  0.62 0.000000 9.999 0.259000 99.99 0.259000  0.057 0.559  0.500 0.000  0.701 0.000  14.840 0.000  10.071 0.000   4.768 0.000 0.098 0.000000 0.362 0.559
174.291667 175.291667   54.16 0.000  0.60 0.000000 9.999 0.259000  0.23 0.000000  0.048 0.559  0.737 0.000  1.032 0.000  10.560 0.000   5.995 0.000   4.565 0.000 0.072 0.000000 0.434 0.559
177.291667 178.291667   35.08 0.000  0.68 0.000000 9.999 0.259000 99.99 0.259000  0.037 0.000  0.532 0.000  0.745 0.000   6.780 0.000   3.669 0.000   3.111 0.000 0.056 0.000000 0.278 0.000
180.291667 181.291667   26.41 0.000  0.44 0.000000 9.999 0.259000 99.99 0.259000  0.017 0.000  0.343 0.000  0.480 0.000   5.219 0.000   2.365 0.000   2.854 0.000 0.025 0.000000 0.267 0.000
183.291667 184.291667   61.75 0.000  0.50 0.000000 9.999 0.259000 99.99 0.259000  0.015 0.000  0.732 0.000  1.025 0.000  14.367 0.000   9.743 0.000   4.625 0.000 0.050 0.000000 0.281 0.000
186.291667 187.291667   45.73 0.000  0.41 0.000000 9.999 0.259000 99.99 0.259000  0.040 0.000  0.883 0.000  1.236 0.000   8.958 0.000   4.474 0.000   4.484 0.000 0.058 0.000000 0.311 0.000
189.291667 190.291667   22.40 0.000  0.39 0.000000 9.999 0.259000 99.99 0.259000  0.021 0.000  0.553 0.000  0.774 0.000   5.588 0.000   2.594 0.000   2.994 0.000 0.026 0.000000 0.266 0.000
192.291667 193.291667   40.14 0.000  0.48 0.000000 9.999 0.259000  0.24 0.000000  0.041 0.000  0.563 0.000  0.788 0.000   7.766 0.000   3.284 0.000   4.482 0.000 0.069 0.000000 0.478 0.000
195.291667 196.291667   46.33 0.000  0.62 0.000000 9.999 0.259000  0.21 0.000000  0.046 0.000  0.540 0.000  0.756 0.000   9.862 0.000   5.638 0.000   4.224 0.000 0.064 0.000000 0.413 0.000
198.291667 199.291667   41.59 0.559  0.47 0.559000 9.999 0.559259  0.23 0.559000  0.040 0.000  0.218 0.000  0.304 0.000   8.763 0.000   5.571 0.000   3.192 0.559 0.070 0.559000 0.249 0.000
201.291667 202.291667  262.28 0.559  0.76 0.559000 9.999 0.559259  1.57 0.559000  0.040 0.000  0.307 0.000  0.429 0.000  16.395 0.000   6.546 0.000   9.849 0.559 0.193 0.559000 0.357 0.000
204.291667 205.291667   79.41 0.000  0.39 0.000000 9.999 0.259000  0.66 0.000000  0.021 0.559  0.218 0.000  0.305 0.000   5.588 0.000   1.670 0.000   3.918 0.000 0.070 0.000000 0.176 0.559
207.291667 208.291667 9999.99 0.999 99.99 0.999000 9.999 0.999000 99.99 0.999000 99.999 0.999 99.999 0.999 99.999 0.999 999.999 0.999 999.999 0.999 999.999 0.999 9.999 0.999000 9.999 0.999
210.291667 211.291667 9999.99 0.999 99.99 0.999000 9.999 0.999000 99.99 0.999000 99.999 0.999 99.999 0.999 99.999 0.999 999.999 0.999 999.999 0.999 999.999 0.999 9.999 0.999000 9.999 0.999
213.291667 214.291667   62.78 0.000  0.46 0.000000 9.999 0.259000  0.48 0.000000  0.050 0.559  0.281 0.000  0.394 0.000  10.150 0.000   4.893 0.000   5.256 0.000 0.053 0.000000 0.529 0.559
216.291667 217.291667   31.23 0.000  0.37 0.000000 9.999 0.259000  0.18 0.000000  0.020 0.000  0.396 0.000  0.555 0.000   6.369 0.000   3.219 0.000   3.151 0.000 0.024 0.000000 0.299 0.000
219.291667 220.291667   28.89 0.000  0.23 0.000000 9.999 0.259000  0.15 0.000000  0.018 0.559  0.575 0.000  0.805 0.000   7.189 0.000   3.154 0.000   4.035 0.000 0.025 0.000000 0.396 0.559
222.291667 223.291667   20.59 0.000  0.27 0.000000 9.999 0.259000 99.99 0.259000  0.017 0.559  1.185 0.000  1.659 0.000   5.835 0.000   1.681 0.000   4.154 0.000 0.055 0.000000 0.175 0.559
225.291667 226.291667   28.12 0.000  0.39 0.000000 9.999 0.259000  0.13 0.000000  0.017 0.559  0.506 0.000  0.708 0.000   6.332 0.000   3.069 0.000   3.262 0.000 0.035 0.000000 0.232 0.559
228.291667 229.291667   37.74 0.000  0.37 0.000000 9.999 0.259000  0.25 0.000000  0.022 0.559  1.123 0.000  1.571 0.000  34.465 0.000  29.663 0.000   4.802 0.000 0.047 0.000000 0.302 0.559
231.291667 232.291667   19.08 0.000  0.23 0.000000 0.023 0.000000 99.99 0.259000  0.017 0.000  0.732 0.000  1.025 0.000   4.779 0.000   1.534 0.000   3.245 0.000 0.054 0.000000 0.200 0.000
234.291667 235.291667   40.32 0.000  0.51 0.000000 9.999 0.259000  0.27 0.000000  0.026 0.559  0.438 0.000  0.613 0.000  17.053 0.000   9.760 0.000   7.293 0.000 0.037 0.000000 0.271 0.559
237.291667 238.291667   28.03 0.559  0.48 0.559000 9.999 0.559259 99.99 0.559259  0.024 0.000  1.116 0.000  1.563 0.000   7.271 0.000   3.056 0.000   4.215 0.559 0.041 0.559000 0.279 0.000
240.291667 241.291667   48.08 0.559  0.84 0.559000 9.999 0.559259  0.24 0.559000  0.055 0.000  1.427 0.000  1.998 0.000  12.451 0.000   6.379 0.000   6.072 0.559 0.058 0.559000 0.428 0.000
243.291667 244.291667   32.84 0.000  0.47 0.000000 9.999 0.259000  0.13 0.000000  0.062 0.559  0.416 0.000  0.582 0.000   8.424 0.000   4.856 0.000   3.568 0.000 0.045 0.000000 0.331 0.559
246.291667 247.291667   26.06 0.000  0.54 0.000000 9.999 0.259000 99.99 0.259000  0.018 0.559  0.326 0.000  0.456 0.000   7.197 0.000   4.509 0.000   2.688 0.000 9.999 0.259000 0.286 0.559
249.291667 250.291667   47.44 0.000  0.24 0.000000 9.999 0.259000 99.99 0.259000  0.022 0.000  0.266 0.000  0.372 0.000  13.601 0.000  11.358 0.000   2.243 0.000 9.999 0.259000 0.134 0.000
