scripts/IMPROVE-2019_partial/data/US9065R.20110103050000.20191216000000.filterpack...1y.3d.US03L_filterpack_US9065.US03L_IMPROVE_Davis.lev2.nas
52 1001
MISSING INFORMATION
US03L, IMPROVE, , , , , , , 
MISSING INFORMATION
IMPROVE sel_HTAP
1 1
2011 01 01 2019 12 16
3.000000
days from file reference point
5
1 1 1 1 1
999.999999 999.999 9.999 999.999 9.999
end_time of measurement, days from the file reference point
pm10_mass, ug/m3, Matrix=pm10
numflag pm10_mass, no unit, Matrix=pm10
pm25_mass, ug/m3, Matrix=pm25
numflag pm25_mass, no unit, Matrix=pm25
0
33
Data definition:              EBAS_1.1
Set type code:                TU
Timezone:                     UTC
File name:                    US9065R.20110103050000.20191216000000.filterpack...1y.3d.US03L_filterpack_US9065.US03L_IMPROVE_Davis.lev2.nas
File creation:                20191218120956
Startdate:                    20110103050000
Revision date:                20191216000000
Version:                      2
Version description:          "Data extracted from http://views.cira.colostate.edu/fed/DataWizard 2019-12-16"
Statistics:                   arithmetic mean
Data level:                   2
Period code:                  1y
Resolution code:              3d
Sample duration:              1d
Orig. time res.:              3d
Station code:                 US9065R
Platform code:                US9065S
Station name:                 Shining Rock Wilderness
Station latitude:             35.3937
Station longitude:            -82.7744
Station altitude:             1617.0 m
Regime:                       IMG
Component:                    
Unit:                         ug/m3
Matrix:                       
Laboratory code:              US03L
Instrument type:              filterpack
Instrument name:              filterpack_US9065
Method ref:                   US03L_IMPROVE_Davis
Blank correction:             Blank corrected
Volume std. temperature:      ambient
Volume std. pressure:         ambient
starttime endtime PM10 flag_PM10 PM2.5 flag_PM2.5
  2.208333   3.208333 999.999 0.999 999.999 0.999
  5.208333   6.208333   2.423 0.000   1.915 0.000
  8.208333   9.208333   2.655 0.000   2.168 0.000
 11.208333  12.208333 999.999 0.999 999.999 0.999
 14.208333  15.208333 999.999 0.999 999.999 0.999
 17.208333  18.208333 999.999 0.999 999.999 0.999
 20.208333  21.208333   2.232 0.000   1.767 0.000
 23.208333  24.208333   4.610 0.000   3.638 0.000
 26.208333  27.208333   3.290 0.000   2.881 0.000
 29.208333  30.208333   5.536 0.000   3.334 0.000
 32.208333  33.208333 999.999 0.999 999.999 0.999
 35.208333  36.208333   1.955 0.000   1.169 0.000
 38.208333  39.208333   2.487 0.000   2.160 0.000
 41.208333  42.208333   5.075 0.000   4.336 0.000
 44.208333  45.208333   5.416 0.000   3.101 0.000
 47.208333  48.208333 999.999 0.999 999.999 0.999
 50.208333  51.208333 999.999 0.999 999.999 0.999
 53.208333  54.208333   5.801 0.000   4.051 0.000
 56.208333  57.208333   2.726 0.000   2.123 0.000
 59.208333  60.208333   3.722 0.000   3.067 0.000
 62.208333  63.208333   5.673 0.000   3.856 0.000
 65.208333  66.208333   2.156 0.000   2.220 0.000
 68.208333  69.208333   0.656 0.000   0.583 0.000
 71.208333  72.208333  12.600 0.000   8.142 0.000
 74.208333  75.208333   4.217 0.000   3.351 0.000
 77.208333  78.208333  10.131 0.000   7.081 0.000
 80.208333  81.208333  11.429 0.000   8.174 0.000
 83.208333  84.208333   3.801 0.000   2.534 0.000
 86.208333  87.208333   1.268 0.000   0.922 0.000
 89.208333  90.208333   1.468 0.000   1.077 0.000
 92.208333  93.208333   4.056 0.000   2.556 0.000
 95.208333  96.208333 999.999 0.999 999.999 0.999
 98.208333  99.208333  19.167 0.000  10.257 0.000
101.208333 102.208333   2.249 0.000   1.250 0.000
104.208333 105.208333   9.314 0.000   6.705 0.000
107.208333 108.208333  13.720 0.000   8.433 0.000
110.208333 111.208333   6.027 0.000   3.994 0.000
113.208333 114.208333 999.999 0.999 999.999 0.999
116.208333 117.208333 999.999 0.999 999.999 0.999
119.208333 120.208333 999.999 0.999 999.999 0.999
122.208333 123.208333 999.999 0.999 999.999 0.999
125.208333 126.208333 999.999 0.999 999.999 0.999
128.208333 129.208333 999.999 0.999 999.999 0.999
131.208333 132.208333  19.718 0.000  13.321 0.000
134.208333 135.208333 999.999 0.999 999.999 0.999
137.208333 138.208333 999.999 0.999 999.999 0.999
140.208333 141.208333  17.095 0.000  10.029 0.000
143.208333 144.208333  17.009 0.000   9.220 0.000
146.208333 147.208333   9.651 0.000   3.454 0.000
149.208333 150.208333 999.999 0.999 999.999 0.999
152.208333 153.208333  34.225 0.000  20.840 0.000
155.208333 156.208333  34.449 0.000  15.969 0.000
158.208333 159.208333  29.767 0.000  18.341 0.000
161.208333 162.208333  24.600 0.000  14.292 0.000
164.208333 165.208333  20.181 0.000   7.350 0.000
167.208333 168.208333   9.301 0.000   4.709 0.000
170.208333 171.208333  10.622 0.000   7.000 0.000
173.208333 174.208333   7.338 0.000   3.527 0.000
176.208333 177.208333   9.069 0.000   6.493 0.000
179.208333 180.208333  11.187 0.000   7.330 0.000
182.208333 183.208333  14.312 0.000  10.698 0.000
185.208333 186.208333  13.910 0.000  11.576 0.000
188.208333 189.208333  17.786 0.000  13.980 0.000
191.208333 192.208333  16.813 0.000  13.768 0.000
194.208333 195.208333  13.264 0.000  10.501 0.000
197.208333 198.208333   7.303 0.000   4.343 0.000
200.208333 201.208333 999.999 0.999 999.999 0.999
203.208333 204.208333 999.999 0.999 999.999 0.999
206.208333 207.208333 999.999 0.999 999.999 0.999
209.208333 210.208333 999.999 0.456 999.999 0.999
212.208333 213.208333 999.999 0.456   7.611 0.000
215.208333 216.208333 999.999 0.456  12.621 0.000
218.208333 219.208333 999.999 0.456   7.565 0.000
221.208333 222.208333   8.934 0.000   6.055 0.000
224.208333 225.208333  10.360 0.000   8.182 0.000
227.208333 228.208333  10.915 0.000   8.388 0.000
230.208333 231.208333  16.415 0.000  13.100 0.000
233.208333 234.208333  10.554 0.000   7.361 0.000
236.208333 237.208333  14.275 0.000  10.403 0.000
239.208333 240.208333   8.996 0.000   6.952 0.000
242.208333 243.208333  13.074 0.000  10.173 0.000
245.208333 246.208333  21.341 0.000  16.707 0.000
248.208333 249.208333   0.822 0.000   0.272 0.000
251.208333 252.208333   4.095 0.000   2.940 0.000
254.208333 255.208333  13.158 0.000   9.046 0.000
257.208333 258.208333  11.351 0.000   8.006 0.000
260.208333 261.208333   4.236 0.000   3.009 0.000
263.208333 264.208333   1.742 0.000   0.887 0.000
266.208333 267.208333  10.247 0.000   6.765 0.000
269.208333 270.208333   9.094 0.000   4.690 0.000
272.208333 273.208333  12.897 0.000   4.628 0.000
275.208333 276.208333   3.887 0.000   2.050 0.000
278.208333 279.208333  10.670 0.000   5.861 0.000
281.208333 282.208333   5.518 0.000   3.286 0.000
284.208333 285.208333 999.999 0.999 999.999 0.999
287.208333 288.208333 999.999 0.999 999.999 0.999
290.208333 291.208333  13.683 0.000   5.589 0.659
293.208333 294.208333   9.210 0.659   2.663 0.000
296.208333 297.208333  12.499 0.659   4.228 0.000
299.208333 300.208333   8.149 0.000   5.637 0.000
302.208333 303.208333   8.958 0.000   4.697 0.000
305.208333 306.208333  28.961 0.798  11.887 0.798
308.208333 309.208333   8.936 0.798   4.020 0.798
311.208333 312.208333 999.999 0.999 999.999 0.999
314.208333 315.208333   6.805 0.798   2.566 0.798
317.208333 318.208333   6.644 0.798   3.965 0.798
320.208333 321.208333   8.162 0.000   1.909 0.000
323.208333 324.208333   3.925 0.000   2.466 0.000
326.208333 327.208333   1.585 0.000   0.865 0.000
329.208333 330.208333   4.936 0.000   2.458 0.000
332.208333 333.208333   1.776 0.000   0.938 0.000
335.208333 336.208333   2.622 0.000   1.743 0.000
338.208333 339.208333   1.390 0.000   0.467 0.000
341.208333 342.208333   1.602 0.000   1.051 0.000
344.208333 345.208333   4.409 0.000   3.186 0.000
347.208333 348.208333   4.028 0.000   2.397 0.000
350.208333 351.208333   1.289 0.000   1.091 0.000
353.208333 354.208333 999.999 0.999 999.999 0.999
356.208333 357.208333 999.999 0.999 999.999 0.999
359.208333 360.208333 999.999 0.999 999.999 0.999
362.208333 363.208333   2.954 0.000   1.015 0.000
