scripts/IMPROVE-2019_partial/data/US9038R.20020102070000.20191216000000.filterpack..pm25.52w.1w.US03L_filterpack_US9038.US03L_IMPROVE_Davis.lev2.nas
64 1001
MISSING INFORMATION
US03L, IMPROVE, , , , , , , 
MISSING INFORMATION
IMPROVE sel_HTAP
1 1
2002 01 01 2019 12 16
3.000000
days from file reference point
25
1 1 1 1 1 1 1 1 1 1 1 1 1 1 1 1 1 1 1 1 1 1 1 1 1
999.999999 99999.99 9.999 99.99 9.999 9.999 9.999 99.99 9.999 99.999 9.999 99.999 9.999 99.999 9.999 999.999 9.999 999.999 9.999 999.999 9.999 9.999 9.999 99.999 9.999
end_time of measurement, days from the file reference point
iron, ng/m3, Revision date=20181210133000
numflag iron, no unit, Revision date=20181210133000
lead, ng/m3, Revision date=20181210133000
numflag lead, no unit, Revision date=20181210133000
magnesium, ug/m3, Revision date=20181210133000
numflag magnesium, no unit, Revision date=20181210133000
nickel, ng/m3, Revision date=20181210133000
numflag nickel, no unit, Revision date=20181210133000
nitrate, ug N/m3, Revision date=20181210133000
numflag nitrate, no unit, Revision date=20181210133000
organic_carbon, ug C/m3, Revision date=20181210133000
numflag organic_carbon, no unit, Revision date=20181210133000
organic_mass, ug/m3, Revision date=20181210133000
numflag organic_mass, no unit, Revision date=20181210133000
pm10_mass, ug/m3, Version=2, Version description=Data extracted from http://views.cira.colostate.edu/fed/DataWizard 2019-12-16, Sample duration=1d, Orig. time res.=3d, Matrix=pm10, Blank correction=Blank corrected, Volume std. temperature=ambient, Volume std. pressure=ambient
numflag pm10_mass, no unit, Version=2, Version description=Data extracted from http://views.cira.colostate.edu/fed/DataWizard 2019-12-16, Sample duration=1d, Orig. time res.=3d, Matrix=pm10, Blank correction=Blank corrected, Volume std. temperature=ambient, Volume std. pressure=ambient
pm10_pm25_mass, ug/m3, Revision date=20181210133000, Matrix=pm10_pm25
numflag pm10_pm25_mass, no unit, Revision date=20181210133000, Matrix=pm10_pm25
pm25_mass, ug/m3, Version=2, Version description=Data extracted from http://views.cira.colostate.edu/fed/DataWizard 2019-12-16, Sample duration=1d, Orig. time res.=3d, Blank correction=Blank corrected, Volume std. temperature=ambient, Volume std. pressure=ambient
numflag pm25_mass, no unit, Version=2, Version description=Data extracted from http://views.cira.colostate.edu/fed/DataWizard 2019-12-16, Sample duration=1d, Orig. time res.=3d, Blank correction=Blank corrected, Volume std. temperature=ambient, Volume std. pressure=ambient
potassium, ug/m3, Revision date=20181210133000
numflag potassium, no unit, Revision date=20181210133000
sulphate_total, ug S/m3, Revision date=20181210133000
numflag sulphate_total, no unit, Revision date=20181210133000
0
25
Data definition:              EBAS_1.1
Set type code:                TU
Timezone:                     UTC
File name:                    US9038R.20020102070000.20191216000000.filterpack..pm25.52w.1w.US03L_filterpack_US9038.US03L_IMPROVE_Davis.lev2.nas
File creation:                20191218120755
Startdate:                    20020102070000
Revision date:                20191216000000
Statistics:                   arithmetic mean
Data level:                   2
Period code:                  52w
Resolution code:              1w
Station code:                 US9038R
Platform code:                US9038S
Station name:                 Saguaro NM
Station latitude:             32.1746
Station longitude:            -110.7371
Station altitude:             941.0 m
Regime:                       IMG
Component:                    
Matrix:                       pm25
Laboratory code:              US03L
Instrument type:              filterpack
Instrument name:              filterpack_US9038
Method ref:                   US03L_IMPROVE_Davis
starttime endtime Fe flag_Fe Pb flag_Pb Mg++ flag_Mg++ Ni flag_Ni NO3- flag_NO3- OC flag_OC OM flag_OM PM10 flag_PM10 PM10-PM2.5 flag_PM10-PM2.5 PM2.5 flag_PM2.5 K+ flag_K+ SO4-- flag_SO4--
[from data line 90]
271.291667 272.291667    41.14 0.000  1.33 0.000 0.032 0.000  0.35 0.000  0.066 0.000  0.316 0.000  0.442 0.000   9.838 0.000   5.028 0.000   4.810 0.000 0.036 0.000  0.635 0.000
274.291667 275.291667    73.47 0.000  1.01 0.000 9.999 0.259  0.16 0.000  0.088 0.000  0.626 0.000  0.877 0.000  15.303 0.000  10.493 0.000   4.810 0.000 0.073 0.000  0.287 0.000
277.291667 278.291667   103.84 0.000  1.73 0.000 0.031 0.000  0.10 0.000  0.056 0.000  1.183 0.000  1.656 0.000  14.222 0.000   9.188 0.000   5.034 0.000 0.085 0.000  0.212 0.000
280.291667 281.291667    39.11 0.000  0.81 0.000 9.999 0.259 99.99 0.259  0.020 0.000  0.498 0.000  0.697 0.000   7.228 0.000   4.342 0.000   2.886 0.000 0.027 0.000  0.236 0.000
283.291667 284.291667    95.98 0.000  1.25 0.000 0.022 0.000  0.12 0.000  0.021 0.000  0.585 0.000  0.820 0.000  12.111 0.000   7.719 0.000   4.392 0.000 0.068 0.000  0.259 0.000
286.291667 287.291667   224.50 0.000  1.44 0.000 9.999 0.259  0.14 0.000  0.052 0.000  1.003 0.000  1.404 0.000  33.350 0.000  24.191 0.000   9.159 0.000 0.158 0.000  0.564 0.000
289.291667 290.291667    89.84 0.000  0.72 0.000 9.999 0.259  0.44 0.000  0.106 0.000  1.370 0.000  1.918 0.000  13.510 0.000   8.032 0.000   5.478 0.000 0.078 0.000  0.452 0.000
292.291667 293.291667    52.43 0.000  1.39 0.000 9.999 0.259  0.13 0.000  0.073 0.000  0.380 0.000  0.532 0.000   9.045 0.000   4.794 0.000   4.250 0.000 0.043 0.000  0.493 0.000
295.291667 296.291667    58.28 0.000  1.02 0.000 9.999 0.259  0.27 0.000  0.107 0.559  0.341 0.000  0.478 0.000  11.144 0.000   6.406 0.000   4.739 0.000 0.053 0.000  0.507 0.559
298.291667 299.291667    63.09 0.000  1.77 0.000 9.999 0.259  0.15 0.000  0.075 0.000  0.412 0.000  0.577 0.000  11.044 0.000   7.199 0.000   3.845 0.000 0.070 0.000  0.383 0.000
301.291667 302.291667    52.11 0.000  1.64 0.000 0.017 0.000  0.15 0.000  0.070 0.000  0.590 0.000  0.826 0.000   7.202 0.000   3.882 0.000   3.320 0.000 0.041 0.000  0.274 0.000
304.291667 305.291667    95.20 0.000  1.17 0.000 9.999 0.259  0.17 0.000  0.064 0.000  0.679 0.000  0.950 0.000  13.806 0.000   9.356 0.000   4.449 0.000 0.069 0.000  0.303 0.000
307.291667 308.291667   106.64 0.000  1.80 0.000 9.999 0.259  0.17 0.000  0.108 0.000  0.986 0.000  1.380 0.000  15.646 0.000  10.582 0.000   5.064 0.000 0.082 0.000  0.491 0.000
310.291667 311.291667   127.88 0.000  1.22 0.000 0.027 0.000  0.17 0.000  0.037 0.000  0.710 0.000  0.994 0.000  15.594 0.000  10.736 0.000   4.858 0.000 0.088 0.000  0.189 0.000
313.291667 314.291667    40.08 0.000  0.54 0.000 0.032 0.000  0.08 0.000  0.035 0.000  0.422 0.000  0.590 0.000   8.358 0.000   6.421 0.000   1.937 0.000 0.030 0.000  0.091 0.000
316.291667 317.291667    95.74 0.000  0.76 0.000 9.999 0.259  0.11 0.000  0.028 0.000  0.651 0.000  0.911 0.000  13.136 0.000   9.574 0.000   3.562 0.000 0.065 0.000  0.172 0.000
319.291667 320.291667   362.24 0.000  1.00 0.000 9.999 0.259  0.31 0.000  0.018 0.000  0.558 0.000  0.781 0.000   6.150 0.000 999.999 0.259   9.740 0.000 0.242 0.000  0.164 0.000
322.291667 323.291667   276.96 0.000  3.77 0.000 9.999 0.259  0.28 0.000  0.058 0.000  1.137 0.000  1.591 0.000  21.518 0.000  12.708 0.000   8.810 0.000 0.190 0.000  0.216 0.000
325.291667 326.291667   208.94 0.000  1.03 0.000 0.056 0.000  0.28 0.000  0.021 0.000  0.592 0.000  0.828 0.000   9.855 0.000   3.295 0.000   6.560 0.000 0.145 0.000  0.113 0.000
328.291667 329.291667   233.01 0.000  1.51 0.000 9.999 0.259  0.35 0.000  0.094 0.000  0.873 0.000  1.222 0.000  18.574 0.000  11.361 0.000   7.214 0.000 0.172 0.000  0.209 0.000
331.291667 332.291667   176.99 0.000  1.41 0.000 9.999 0.259  0.45 0.000  0.039 0.000  0.694 0.000  0.972 0.000   9.330 0.000   1.424 0.000   7.906 0.000 0.139 0.000  0.590 0.000
334.291667 335.291667    59.22 0.000  0.97 0.000 9.999 0.259  0.23 0.000  0.596 0.000  0.922 0.000  1.290 0.000   4.899 0.000   0.529 0.000   4.370 0.000 0.045 0.000  0.272 0.000
337.291667 338.291667    74.59 0.000  1.70 0.000 0.026 0.000  0.25 0.000  1.483 0.000  1.120 0.000  1.568 0.000  11.027 0.000   2.324 0.000   8.703 0.000 0.049 0.000  0.367 0.000
340.291667 341.291667    57.04 0.000  0.94 0.000 9.999 0.259  0.33 0.000  0.040 0.000  0.723 0.000  1.012 0.000   5.229 0.000   1.713 0.000   3.516 0.000 0.049 0.000  0.192 0.000
343.291667 344.291667    47.44 0.000  0.79 0.000 0.023 0.000  0.14 0.000  0.072 0.000  0.638 0.000  0.894 0.000   7.779 0.000   4.737 0.000   3.042 0.000 0.035 0.000  0.208 0.000
346.291667 347.291667   111.25 0.000  1.39 0.000 0.035 0.000  0.18 0.000  0.094 0.000  0.571 0.000  0.800 0.000  11.295 0.000   6.242 0.000   5.053 0.000 0.074 0.000  0.138 0.000
349.291667 350.291667   268.20 0.000  2.04 0.000 9.999 0.259 99.99 0.259  0.037 0.000  0.785 0.000  1.099 0.000  16.399 0.000   8.627 0.000   7.772 0.000 0.202 0.000  0.143 0.000
352.291667 353.291667   116.92 0.000  0.53 0.000 9.999 0.259  0.36 0.000  0.035 0.000  0.269 0.000  0.376 0.000   5.724 0.000   2.044 0.000   3.680 0.000 0.079 0.000  0.049 0.000
355.291667 356.291667    56.48 0.000  1.18 0.000 0.040 0.000  0.17 0.000  0.165 0.000  1.170 0.000  1.638 0.000   7.534 0.000   3.773 0.000   3.760 0.000 0.096 0.000  0.103 0.000
358.291667 359.291667    62.67 0.000  3.38 0.000 9.999 0.259  0.20 0.000  0.350 0.000  1.035 0.000  1.450 0.000   7.537 0.000   2.607 0.000   4.930 0.000 0.067 0.000  0.306 0.000
361.291667 362.291667    38.32 0.000  0.52 0.000 0.037 0.000  0.24 0.000  0.016 0.559  0.310 0.000  0.433 0.000   2.468 0.000   0.420 0.000   2.048 0.000 0.029 0.000  0.114 0.559
364.291667 365.291667    76.62 0.000  1.22 0.000 9.999 0.259  0.23 0.000  0.091 0.559  0.655 0.000  0.917 0.000   5.912 0.000   2.776 0.000   3.135 0.000 0.058 0.000  0.086 0.559
