scripts/IMPROVE-2019_partial/data/US9034R.20060102060000.20191216000000.filterpack..pm25.52w.1w.US03L_filterpack_US9034.US03L_IMPROVE_Davis.lev2.nas
64 1001
MISSING INFORMATION
US03L, IMPROVE, , , , , , , 
MISSING INFORMATION
IMPROVE sel_HTAP
1 1
2006 01 01 2019 12 16
3.00
days from file reference point
25
1 1 1 1 1 1 1 1 1 1 1 1 1 1 1 1 1 1 1 1 1 1 1 1 1
999.99 9999.99 9.999999 99.99 9.999999 9.999 9.999999 99.99 9.999999999 99.999 9.999999 99.999 9.999999 999.999 9.999999 9999.999 9.999 9999.999 9.999999 999.999 9.999 9.999 9.999999 99.999 9.999999
end_time of measurement, days from the file reference point
iron, ng/m3, Revision date=20181210133000
numflag iron, no unit, Revision date=20181210133000
lead, ng/m3, Revision date=20181210133000
numflag lead, no unit, Revision date=20181210133000
magnesium, ug/m3, Revision date=20181210133000
numflag magnesium, no unit, Revision date=20181210133000
nickel, ng/m3, Revision date=20181210133000
numflag nickel, no unit, Revision date=20181210133000
nitrate, ug N/m3, Revision date=20181210133000
numflag nitrate, no unit, Revision date=20181210133000
organic_carbon, ug C/m3, Revision date=20181210133000
numflag organic_carbon, no unit, Revision date=20181210133000
organic_mass, ug/m3, Revision date=20181210133000
numflag organic_mass, no unit, Revision date=20181210133000
pm10_mass, ug/m3, Version=2, Version description=Data extracted from http://views.cira.colostate.edu/fed/DataWizard 2019-12-16, Sample duration=1d, Orig. time res.=3d, Matrix=pm10, Blank correction=Blank corrected, Volume std. temperature=ambient, Volume std. pressure=ambient
numflag pm10_mass, no unit, Version=2, Version description=Data extracted from http://views.cira.colostate.edu/fed/DataWizard 2019-12-16, Sample duration=1d, Orig. time res.=3d, Matrix=pm10, Blank correction=Blank corrected, Volume std. temperature=ambient, Volume std. pressure=ambient
pm10_pm25_mass, ug/m3, Revision date=20181210133000, Matrix=pm10_pm25
numflag pm10_pm25_mass, no unit, Revision date=20181210133000, Matrix=pm10_pm25
pm25_mass, ug/m3, Version=2, Version description=Data extracted from http://views.cira.colostate.edu/fed/DataWizard 2019-12-16, Sample duration=1d, Orig. time res.=3d, Blank correction=Blank corrected, Volume std. temperature=ambient, Volume std. pressure=ambient
numflag pm25_mass, no unit, Version=2, Version description=Data extracted from http://views.cira.colostate.edu/fed/DataWizard 2019-12-16, Sample duration=1d, Orig. time res.=3d, Blank correction=Blank corrected, Volume std. temperature=ambient, Volume std. pressure=ambient
potassium, ug/m3, Revision date=20181210133000
numflag potassium, no unit, Revision date=20181210133000
sulphate_total, ug S/m3, Revision date=20181210133000
numflag sulphate_total, no unit, Revision date=20181210133000
0
25
Data definition:              EBAS_1.1
Set type code:                TU
Timezone:                     UTC
File name:                    US9034R.20060102060000.20191216000000.filterpack..pm25.52w.1w.US03L_filterpack_US9034.US03L_IMPROVE_Davis.lev2.nas
File creation:                20191218120734
Startdate:                    20060102060000
Revision date:                20191216000000
Statistics:                   arithmetic mean
Data level:                   2
Period code:                  52w
Resolution code:              1w
Station code:                 US9034R
Platform code:                US9034S
Station name:                 Upper Buffalo Wilderness
Station latitude:             35.8258
Station longitude:            -93.203
Station altitude:             722.0 m
Regime:                       IMG
Component:                    
Matrix:                       pm25
Laboratory code:              US03L
Instrument type:              filterpack
Instrument name:              filterpack_US9034
Method ref:                   US03L_IMPROVE_Davis
starttime endtime Fe flag_Fe Pb flag_Pb Mg++ flag_Mg++ Ni flag_Ni NO3- flag_NO3- OC flag_OC OM flag_OM PM10 flag_PM10 PM10-PM2.5 flag_PM10-PM2.5 PM2.5 flag_PM2.5 K+ flag_K+ SO4-- flag_SO4--
[from data line 78]
235.25 236.25   38.07 0.000000  2.09 0.000000 9.999 0.259000  0.17 0.000000000  0.053 0.000000  1.785 0.559000   3.213 0.559000   32.352 0.000    6.699 0.000000  25.654 0.000 0.046 0.000000  4.339 0.000000
238.25 239.25   17.99 0.559000  0.92 0.559000 9.999 0.559259  0.32 0.559000000  0.036 0.000000  1.441 0.559000   2.595 0.559000   12.812 0.000    4.483 0.559000   8.329 0.659 0.030 0.559000  0.989 0.000000
241.25 242.25   15.88 0.559000  1.11 0.559000 0.013 0.559000 99.99 0.559259000  0.061 0.559000  1.038 0.559000   1.868 0.559000   11.818 0.000    5.281 0.559000   6.537 0.659 0.030 0.559000  0.700 0.559000
244.25 245.25   24.44 0.559000  4.41 0.559000 9.999 0.559259  0.12 0.559000000  0.042 0.559000  1.066 0.559000   1.919 0.559000   19.263 0.000    3.638 0.559000  15.624 0.659 0.027 0.559000  3.086 0.559000
247.25 248.25   16.62 0.559000  1.55 0.559000 0.005 0.559000 99.99 0.559259000  0.091 0.559000  0.944 0.559000   1.699 0.559000   10.983 0.000    5.115 0.559000   5.868 0.659 0.027 0.559000  0.728 0.559000
250.25 251.25   48.33 0.559000  5.47 0.559000 9.999 0.559259  0.05 0.559000000  0.019 0.000000  2.034 0.559000   3.662 0.559000   22.868 0.000    8.797 0.559000  14.072 0.659 0.070 0.559000  2.074 0.000000
253.25 254.25   18.27 0.559000  1.43 0.559000 9.999 0.559259  0.11 0.559000000  0.036 0.559000  2.355 0.559000   4.239 0.559000   14.527 0.000    4.251 0.559000  10.276 0.659 0.067 0.559000  1.113 0.559000
256.25 257.25   28.58 0.559000  1.64 0.559000 9.999 0.559259 99.99 0.559259000  0.039 0.000000  1.176 0.559000   2.118 0.559000   10.746 0.000    5.452 0.559000   5.293 0.659 0.046 0.559000  0.502 0.000000
259.25 260.25   24.94 0.000000  4.13 0.000000 9.999 0.259000  0.31 0.000000000  0.033 0.000000  1.268 0.559000   2.283 0.559000    9.550 0.000    2.951 0.000000   6.599 0.000 0.045 0.000000  0.811 0.000000
262.25 263.25   17.54 0.559000  0.71 0.559000 9.999 0.559259 99.99 0.559259000  0.026 0.559000  0.979 0.559000   1.762 0.559000   10.118 0.000    6.636 0.559000   3.482 0.659 0.024 0.559000  0.231 0.559000
265.25 266.25   37.22 0.559000  0.57 0.559000 9.999 0.559259  0.14 0.559000000  0.040 0.559000  0.638 0.000000   1.148 0.000000    7.188 0.000    3.674 0.559000   3.514 0.659 0.029 0.559000  0.332 0.559000
268.25 269.25   22.69 0.559000  1.22 0.559000 9.999 0.559259  0.08 0.559000000  0.026 0.559000  0.872 0.559000   1.569 0.559000   10.627 0.000    6.992 0.559000   3.635 0.659 0.026 0.559000  0.270 0.559000
271.25 272.25   23.78 0.559000  0.85 0.559000 9.999 0.559259  0.05 0.559000000  0.026 0.559000  0.528 0.559000   0.951 0.559000    9.770 0.000    6.881 0.559000   2.889 0.659 0.021 0.559000  0.252 0.559000
274.25 275.25   35.36 0.559000  1.45 0.559000 9.999 0.559259  0.33 0.559000000  0.050 0.000000  1.871 0.559000   3.367 0.559000   16.563 0.000    6.907 0.559000   9.656 0.659 0.047 0.559000  1.119 0.000000
277.25 278.25   34.02 0.559000  1.22 0.559000 9.999 0.559259 99.99 0.559259000  0.267 0.000000  1.236 0.559000   2.224 0.559000   18.369 0.000    9.915 0.559000   8.454 0.659 0.039 0.559000  1.138 0.000000
280.25 281.25   29.72 0.000000  1.32 0.000000 0.012 0.000000  0.10 0.000000000  0.035 0.000000  0.863 0.559000   1.554 0.559000   12.744 0.000    6.487 0.000000   6.256 0.000 0.033 0.000000  0.802 0.000000
283.25 284.25   27.21 0.000000  0.88 0.000000 9.999 0.259000 99.99 0.259000000  0.100 0.000000  0.932 0.000000   1.677 0.000000   12.251 0.000    7.223 0.000000   5.027 0.000 0.025 0.000000  0.561 0.000000
286.25 287.25   43.91 0.559000  1.14 0.559000 9.999 0.559259 99.99 0.559259000  0.058 0.559000  0.721 0.000000   1.297 0.000000   11.632 0.000    8.312 0.559000   3.320 0.659 0.028 0.559000  0.201 0.559000
289.25 290.25    6.40 0.559000  0.61 0.559000 0.009 0.559000 99.99 0.559259000  0.038 0.000000  1.321 0.559000   2.377 0.559000    7.033 0.000    2.712 0.559000   4.322 0.659 0.017 0.559000  0.337 0.000000
292.25 293.25   11.17 0.559000  0.86 0.559000 9.999 0.559259 99.99 0.559259000  0.110 0.000000  0.629 0.559000   1.132 0.559000    6.470 0.000    3.017 0.559000   3.453 0.659 0.024 0.559000  0.422 0.000000
295.25 296.25   15.48 0.559000  1.34 0.559000 0.007 0.559000 99.99 0.559259000  0.115 0.559000  0.713 0.559000   1.283 0.559000    8.135 0.000    4.173 0.559000   3.962 0.659 0.021 0.559000  0.399 0.559000
298.25 299.25    2.15 0.559000  0.64 0.559000 9.999 0.559259  0.18 0.559000000  0.011 0.559000  0.594 0.559000   1.069 0.559000    3.808 0.000    1.374 0.559000   2.435 0.659 0.014 0.559000  0.165 0.559000
301.25 302.25   21.18 0.559000  1.74 0.559000 0.006 0.559000 99.99 0.559259000  0.030 0.559000  1.267 0.559000   2.281 0.559000    8.816 0.000    4.039 0.559000   4.777 0.659 0.041 0.559000  0.250 0.559000
304.25 305.25   21.19 0.559000  1.70 0.559000 9.999 0.559259  0.12 0.559000000  0.273 0.559000  1.017 0.559000   1.830 0.559000   15.044 0.000   10.432 0.559000   4.612 0.659 0.047 0.559000  0.410 0.559000
307.25 308.25   24.24 0.559000  1.61 0.559000 9.999 0.559259 99.99 0.559259000  0.065 0.559000  1.638 0.559000   2.949 0.559000   10.594 0.000    5.508 0.559000   5.085 0.659 0.046 0.559000  0.301 0.559000
310.25 311.25   22.91 0.000000  1.44 0.000000 0.017 0.000000  0.23 0.000000000  0.305 0.559000  1.527 0.000000   2.750 0.000000   12.692 0.000    4.388 0.000000   8.304 0.000 0.035 0.000000  1.098 0.559000
313.25 314.25   20.50 0.000000  1.36 0.000000 9.999 0.259000  0.43 0.000000000  0.311 0.000000  1.529 0.559000   2.753 0.559000   17.627 0.000    6.550 0.000000  11.078 0.000 0.037 0.000000  1.536 0.000000
316.25 317.25   11.42 0.000000  1.78 0.000000 9.999 0.259000 99.99 0.259000000  0.155 0.559000  1.726 0.559000   3.107 0.559000    8.031 0.000    2.320 0.000000   5.711 0.000 0.036 0.000000  0.412 0.559000
319.25 320.25   14.52 0.559000  1.30 0.559000 9.999 0.559259 99.99 0.559259000  1.097 0.559000  0.915 0.000000   1.647 0.000000   16.142 0.000    3.520 0.559000  12.623 0.659 0.029 0.559000  1.310 0.559000
322.25 323.25    7.72 0.559000  0.96 0.559000 9.999 0.559259 99.99 0.559259000  0.501 0.559000  0.878 0.559000   1.580 0.559000    9.682 0.000    4.403 0.559000   5.280 0.659 0.031 0.559000  0.365 0.559000
325.25 326.25   42.87 0.000000  2.51 0.000000 9.999 0.259000  0.18 0.000000000  0.225 0.000000  3.170 0.000000   5.707 0.000000   18.521 0.000    9.076 0.000000   9.445 0.000 0.076 0.000000  0.547 0.000000
328.25 329.25   11.12 0.559000  1.23 0.559000 9.999 0.559259  0.45 0.559000000  0.103 0.000000  2.509 0.000000   4.517 0.000000   12.494 0.000    3.989 0.559000   8.505 0.659 0.049 0.559000  0.896 0.000000
331.25 332.25    6.71 0.559000  1.20 0.559000 9.999 0.559259  0.22 0.559000000  0.090 0.000000  1.573 0.000000   2.832 0.000000    7.726 0.000    2.207 0.559000   5.519 0.659 0.038 0.559000  0.520 0.000000
334.25 335.25    9.74 0.559000  0.56 0.559000 9.999 0.559259 99.99 0.559259000  0.180 0.559000  0.522 0.000000   0.940 0.000000    4.521 0.000    2.157 0.559000   2.364 0.659 0.023 0.559000  0.215 0.559000
337.25 338.25   16.39 0.559000  1.68 0.559000 9.999 0.559259  0.08 0.559000000  0.228 0.559000  1.052 0.559000   1.893 0.559000    8.055 0.000    3.725 0.559000   4.330 0.659 0.036 0.559000  0.353 0.559000
340.25 341.25    7.79 0.559000  0.55 0.559000 9.999 0.559259  0.13 0.559000000  0.143 0.559000  0.489 0.559000   0.880 0.559000    5.952 0.000    3.728 0.559000   2.225 0.659 0.023 0.559000  0.173 0.559000
343.25 344.25   20.31 0.559000  1.31 0.559000 9.999 0.559259  0.16 0.559000000  0.228 0.000000  3.425 0.000000   6.164 0.000000   12.630 0.000    4.373 0.559000   8.257 0.659 0.086 0.559000  0.303 0.000000
346.25 347.25   24.13 0.559000  0.82 0.559000 9.999 0.559259  0.15 0.559000000  0.167 0.000000  1.217 0.000000   2.190 0.000000    8.917 0.000    4.845 0.559000   4.071 0.659 0.044 0.559000  0.310 0.000000
349.25 350.25   11.37 0.559000  0.69 0.559000 0.012 0.559000  0.44 0.559000000  0.152 0.000000  1.250 0.000000   2.250 0.000000   10.057 0.000    2.296 0.559000   7.761 0.659 0.027 0.559000  1.255 0.000000
352.25 353.25   21.19 0.559000  4.26 0.559000 9.999 0.559259  0.16 0.559000000  0.239 0.559000  1.207 0.559000   2.173 0.559000    6.186 0.000    1.983 0.559000   4.202 0.659 0.035 0.559000  0.402 0.559000
355.25 356.25    8.23 0.559000  0.68 0.559000 9.999 0.559259  0.16 0.559000000  0.421 0.000000  0.729 0.000000   1.313 0.000000    5.973 0.000    1.709 0.559000   4.264 0.659 0.021 0.559000  0.336 0.000000
358.25 359.25   13.43 0.559000  1.61 0.559000 9.999 0.559259  0.12 0.559000000  0.584 0.000000  0.797 0.000000   1.434 0.000000    8.799 0.000    1.999 0.559000   6.801 0.659 0.021 0.559000  0.538 0.000000
361.25 362.25    9.39 0.559000  0.88 0.559000 0.014 0.559000  0.25 0.559000000  0.126 0.000000  1.275 0.559000   2.295 0.559000    9.934 0.000    3.224 0.559000   6.710 0.659 0.040 0.559000  0.835 0.000000
364.25 365.25    3.20 0.559000  0.66 0.559000 9.999 0.559259 99.99 0.559259000  0.151 0.559000  0.389 0.559000   0.701 0.559000    4.427 0.000    0.749 0.559000   3.678 0.659 0.012 0.559000  0.552 0.559000
