scripts/IMPROVE-2019_partial/data/US9036R.20070103070000.20191216000000.filterpack...1y.3d.US03L_filterpack_US9036.US03L_IMPROVE_Davis.lev2.nas
52 1001
MISSING INFORMATION
US03L, IMPROVE, , , , , , , 
MISSING INFORMATION
IMPROVE sel_HTAP
1 1
2007 01 01 2019 12 16
3.000000
days from file reference point
5
1 1 1 1 1
999.999999 999.999 9.999 999.999 9.999
end_time of measurement, days from the file reference point
pm10_mass, ug/m3, Matrix=pm10
numflag pm10_mass, no unit, Matrix=pm10
pm25_mass, ug/m3, Matrix=pm25
numflag pm25_mass, no unit, Matrix=pm25
0
33
Data definition:              EBAS_1.1
Set type code:                TU
Timezone:                     UTC
File name:                    US9036R.20070103070000.20191216000000.filterpack...1y.3d.US03L_filterpack_US9036.US03L_IMPROVE_Davis.lev2.nas
File creation:                20191218120746
Startdate:                    20070103070000
Revision date:                20191216000000
Version:                      2
Version description:          "Data extracted from http://views.cira.colostate.edu/fed/DataWizard 2019-12-16"
Statistics:                   arithmetic mean
Data level:                   2
Period code:                  1y
Resolution code:              3d
Sample duration:              1d
Orig. time res.:              3d
Station code:                 US9036R
Platform code:                US9036S
Station name:                 Tonto NM
Station latitude:             33.6548
Station longitude:            -111.1068
Station altitude:             775.0 m
Regime:                       IMG
Component:                    
Unit:                         ug/m3
Matrix:                       
Laboratory code:              US03L
Instrument type:              filterpack
Instrument name:              filterpack_US9036
Method ref:                   US03L_IMPROVE_Davis
Blank correction:             Blank corrected
Volume std. temperature:      ambient
Volume std. pressure:         ambient
starttime endtime PM10 flag_PM10 PM2.5 flag_PM2.5
  2.291667   3.291667   4.270 0.000   3.077 0.000
  5.291667   6.291667   1.520 0.000   0.602 0.000
  8.291667   9.291667   5.185 0.000   1.497 0.000
 11.291667  12.291667  10.209 0.000   3.214 0.000
 14.291667  15.291667   4.364 0.000   2.050 0.000
 17.291667  18.291667   6.981 0.000   3.712 0.000
 20.291667  21.291667   3.879 0.000   2.377 0.000
 23.291667  24.291667   3.147 0.000   2.333 0.000
 26.291667  27.291667   5.407 0.000   2.834 0.000
 29.291667  30.291667   4.299 0.000   3.078 0.000
 32.291667  33.291667   6.152 0.000   2.708 0.000
 35.291667  36.291667   2.875 0.000   1.508 0.000
 38.291667  39.291667   5.768 0.000   2.673 0.000
 41.291667  42.291667   5.522 0.000   3.647 0.000
 44.291667  45.291667   4.936 0.000 999.999 0.456
 47.291667  48.291667   1.842 0.000   1.471 0.000
 50.291667  51.291667   2.631 0.000   1.118 0.000
 53.291667  54.291667  10.407 0.000   2.224 0.000
 56.291667  57.291667 999.999 0.456   2.435 0.000
 59.291667  60.291667   7.275 0.000   1.736 0.000
 62.291667  63.291667   4.736 0.000   1.585 0.000
 65.291667  66.291667   6.996 0.000   2.849 0.000
 68.291667  69.291667   9.845 0.000   3.370 0.000
 71.291667  72.291667  10.483 0.000   2.767 0.000
 74.291667  75.291667  10.125 0.000   3.925 0.000
 77.291667  78.291667   7.934 0.000   2.801 0.000
 80.291667  81.291667   5.337 0.000   1.157 0.000
 83.291667  84.291667   4.942 0.000   2.447 0.000
 86.291667  87.291667  20.496 0.000   6.563 0.000
 89.291667  90.291667   5.268 0.000   2.296 0.000
 92.291667  93.291667   9.776 0.000   3.356 0.000
 95.291667  96.291667  12.440 0.000   4.250 0.000
 98.291667  99.291667  38.728 0.000  10.202 0.000
101.291667 102.291667  58.047 0.000  12.612 0.000
104.291667 105.291667  16.971 0.000   5.610 0.000
107.291667 108.291667  31.285 0.000   8.273 0.000
110.291667 111.291667   8.464 0.000   3.828 0.000
113.291667 114.291667   4.632 0.000   1.401 0.000
116.291667 117.291667   9.540 0.000   4.128 0.000
119.291667 120.291667  12.944 0.000   4.554 0.000
122.291667 123.291667  25.249 0.000   7.952 0.000
125.291667 126.291667   4.084 0.000   2.007 0.000
128.291667 129.291667 999.999 0.456 999.999 0.456
131.291667 132.291667 999.999 0.456 999.999 0.456
134.291667 135.291667  16.845 0.000   6.164 0.000
137.291667 138.291667   9.428 0.000   5.146 0.000
140.291667 141.291667  26.166 0.000   9.987 0.000
143.291667 144.291667   9.144 0.000   4.379 0.000
146.291667 147.291667  10.492 0.000   4.159 0.000
149.291667 150.291667  10.411 0.000   4.315 0.000
152.291667 153.291667  16.410 0.000   5.743 0.000
155.291667 156.291667  16.307 0.000   5.806 0.000
158.291667 159.291667 999.999 0.999 999.999 0.999
161.291667 162.291667 999.999 0.999 999.999 0.999
164.291667 165.291667  17.126 0.000   6.040 0.000
167.291667 168.291667  11.320 0.000   4.100 0.000
170.291667 171.291667  15.440 0.000   5.263 0.000
173.291667 174.291667  11.852 0.000   4.270 0.000
176.291667 177.291667  13.500 0.000   4.846 0.000
179.291667 180.291667  13.068 0.000   4.409 0.000
182.291667 183.291667  13.293 0.000   5.144 0.000
185.291667 186.291667  23.391 0.000   8.206 0.000
188.291667 189.291667  45.078 0.000  10.965 0.000
191.291667 192.291667  20.188 0.000   7.668 0.000
194.291667 195.291667  16.747 0.000   5.758 0.000
197.291667 198.291667  12.918 0.000   5.017 0.000
200.291667 201.291667  56.857 0.000  14.134 0.000
203.291667 204.291667   5.079 0.000   5.048 0.000
206.291667 207.291667   7.876 0.000   3.948 0.000
209.291667 210.291667   7.809 0.000   4.309 0.000
212.291667 213.291667 999.999 0.999 999.999 0.999
215.291667 216.291667 999.999 0.999 999.999 0.999
218.291667 219.291667 999.999 0.999 999.999 0.999
221.291667 222.291667  14.541 0.000   5.491 0.000
224.291667 225.291667  10.228 0.000   5.074 0.000
227.291667 228.291667   9.992 0.000   6.036 0.000
230.291667 231.291667  19.400 0.000   9.008 0.000
233.291667 234.291667  18.793 0.000   7.299 0.000
236.291667 237.291667  12.041 0.000   3.051 0.000
239.291667 240.291667   6.480 0.000   3.506 0.000
242.291667 243.291667   7.083 0.000   3.883 0.000
245.291667 246.291667  10.541 0.000   9.273 0.000
248.291667 249.291667  27.634 0.000  10.473 0.000
251.291667 252.291667  11.420 0.000   6.630 0.000
254.291667 255.291667 999.999 0.456   3.643 0.000
257.291667 258.291667 999.999 0.456   7.959 0.000
260.291667 261.291667  11.029 0.000   3.485 0.000
263.291667 264.291667  11.668 0.000   4.558 0.000
266.291667 267.291667  11.092 0.000   3.376 0.000
269.291667 270.291667   5.792 0.000   2.218 0.000
272.291667 273.291667  11.132 0.000   4.429 0.000
275.291667 276.291667  12.651 0.000   5.987 0.000
278.291667 279.291667  65.413 0.000  12.122 0.000
281.291667 282.291667  15.622 0.000   5.017 0.000
284.291667 285.291667  12.818 0.000   3.509 0.000
287.291667 288.291667   8.781 0.000   3.347 0.000
290.291667 291.291667  24.378 0.000   5.789 0.000
293.291667 294.291667   7.502 0.000   2.207 0.000
296.291667 297.291667 999.999 0.999 999.999 0.999
299.291667 300.291667 999.999 0.999 999.999 0.999
302.291667 303.291667 999.999 0.999 999.999 0.999
305.291667 306.291667 999.999 0.999 999.999 0.999
308.291667 309.291667 999.999 0.999 999.999 0.999
311.291667 312.291667  18.862 0.000   7.535 0.000
314.291667 315.291667  11.250 0.000   5.050 0.000
317.291667 318.291667   5.728 0.000   2.895 0.000
320.291667 321.291667  18.878 0.000   6.777 0.000
323.291667 324.291667   9.144 0.000   4.318 0.000
326.291667 327.291667  12.424 0.000   3.933 0.000
329.291667 330.291667   7.083 0.000   3.503 0.000
332.291667 333.291667  10.078 0.000   6.867 0.000
335.291667 336.291667  11.944 0.000   3.866 0.000
338.291667 339.291667   4.589 0.000   4.195 0.000
341.291667 342.291667   2.589 0.000   2.314 0.000
344.291667 345.291667   0.947 0.000   0.938 0.000
347.291667 348.291667   4.760 0.000   3.098 0.000
350.291667 351.291667   3.007 0.000   2.031 0.000
353.291667 354.291667   5.052 0.000   3.282 0.000
356.291667 357.291667   1.933 0.000   1.272 0.000
359.291667 360.291667 999.999 0.999 999.999 0.999
362.291667 363.291667   4.050 0.000   1.376 0.000
