scripts/IMPROVE-2019_partial/data/US9051U.20120101050000.20191216000000.filterpack...52w.3d.US03L_filterpack_US9051.US03L_IMPROVE_Davis.lev2.nas
52 1001
MISSING INFORMATION
US03L, IMPROVE, , , , , , , 
MISSING INFORMATION
IMPROVE sel_HTAP
1 1
2012 01 01 2019 12 16
3.000000
days from file reference point
5
1 1 1 1 1
999.999999 999.999 9.999 999.999 9.999
end_time of measurement, days from the file reference point
pm10_mass, ug/m3, Matrix=pm10
numflag pm10_mass, no unit, Matrix=pm10
pm25_mass, ug/m3, Matrix=pm25
numflag pm25_mass, no unit, Matrix=pm25
0
33
Data definition:              EBAS_1.1
Set type code:                TU
Timezone:                     UTC
File name:                    US9051U.20120101050000.20191216000000.filterpack...52w.3d.US03L_filterpack_US9051.US03L_IMPROVE_Davis.lev2.nas
File creation:                20191218120857
Startdate:                    20120101050000
Revision date:                20191216000000
Version:                      2
Version description:          "Data extracted from http://views.cira.colostate.edu/fed/DataWizard 2019-12-16"
Statistics:                   arithmetic mean
Data level:                   2
Period code:                  52w
Resolution code:              3d
Sample duration:              1d
Orig. time res.:              3d
Station code:                 US9051U
Platform code:                US9051S
Station name:                 Washington D.C.
Station latitude:             38.8762
Station longitude:            -77.0344
Station altitude:             15.0 m
Regime:                       IMG
Component:                    
Unit:                         ug/m3
Matrix:                       
Laboratory code:              US03L
Instrument type:              filterpack
Instrument name:              filterpack_US9051
Method ref:                   US03L_IMPROVE_Davis
Blank correction:             Blank corrected
Volume std. temperature:      ambient
Volume std. pressure:         ambient
starttime endtime PM10 flag_PM10 PM2.5 flag_PM2.5
  0.208333   1.208333  10.436 0.000   8.502 0.000
  3.208333   4.208333   9.251 0.000   5.952 0.000
  6.208333   7.208333  16.921 0.000   9.356 0.000
  9.208333  10.208333  13.930 0.000   9.173 0.000
 12.208333  13.208333   5.533 0.000   3.199 0.000
 15.208333  16.208333   9.566 0.000   7.478 0.000
 18.208333  19.208333   9.307 0.000   4.331 0.000
 21.208333  22.208333  18.303 0.000  13.099 0.000
 24.208333  25.208333 999.999 0.999 999.999 0.999
 27.208333  28.208333   6.407 0.000   4.207 0.000
 30.208333  31.208333  11.130 0.000   6.172 0.000
 33.208333  34.208333   9.536 0.000   5.401 0.000
 36.208333  37.208333  13.737 0.000  11.138 0.000
 39.208333  40.208333  14.956 0.000   7.802 0.000
 42.208333  43.208333   9.236 0.000   3.939 0.000
 45.208333  46.208333  18.521 0.000  10.322 0.000
 48.208333  49.208333  13.749 0.000   9.420 0.000
 51.208333  52.208333  14.620 0.000   9.424 0.000
 54.208333  55.208333  14.378 0.000   8.356 0.000
 57.208333  58.208333   9.249 0.000   6.757 0.000
 60.208333  61.208333  13.104 0.000   6.222 0.000
 63.208333  64.208333   7.516 0.000   5.682 0.000
 66.208333  67.208333 999.999 0.456   7.360 0.000
 69.208333  70.208333 999.999 0.456   3.459 0.000
 72.208333  73.208333 999.999 0.456   8.383 0.000
 75.208333  76.208333  25.314 0.000  18.760 0.000
 78.208333  79.208333   9.298 0.000   5.314 0.000
 81.208333  82.208333 999.999 0.999 999.999 0.999
 84.208333  85.208333 999.999 0.999 999.999 0.999
 87.208333  88.208333  14.746 0.000   8.527 0.000
 90.208333  91.208333 999.999 0.456   8.858 0.000
 93.208333  94.208333  11.078 0.000   5.666 0.000
 96.208333  97.208333  12.640 0.000   3.252 0.000
 99.208333 100.208333  14.270 0.000   4.739 0.000
102.208333 103.208333  10.965 0.000   5.870 0.000
105.208333 106.208333  18.619 0.000  12.794 0.000
108.208333 109.208333  22.372 0.000   6.675 0.000
111.208333 112.208333  14.168 0.000   8.116 0.000
114.208333 115.208333 999.999 0.456   4.811 0.000
117.208333 118.208333  13.899 0.000   6.165 0.000
120.208333 121.208333  13.382 0.000   7.345 0.000
123.208333 124.208333  14.743 0.000   7.368 0.000
126.208333 127.208333   6.039 0.000   3.825 0.000
129.208333 130.208333  18.159 0.000  10.787 0.000
132.208333 133.208333  13.984 0.000   8.123 0.000
135.208333 136.208333   8.364 0.000   4.039 0.000
138.208333 139.208333  16.308 0.000   5.846 0.000
141.208333 142.208333   5.508 0.000   3.180 0.000
144.208333 145.208333  20.984 0.000   8.225 0.659
147.208333 148.208333  11.360 0.000   6.048 0.659
150.208333 151.208333  14.156 0.000   6.724 0.659
153.208333 154.208333   9.745 0.000   5.690 0.659
156.208333 157.208333   5.855 0.000   2.672 0.659
159.208333 160.208333  15.477 0.000   8.607 0.000
162.208333 163.208333  19.306 0.000  14.152 0.000
165.208333 166.208333  11.716 0.000   5.238 0.659
168.208333 169.208333  11.173 0.000   5.640 0.659
171.208333 172.208333 999.999 0.999 999.999 0.999
174.208333 175.208333  15.708 0.000   9.193 0.659
177.208333 178.208333   9.996 0.000   3.024 0.659
180.208333 181.208333  31.965 0.000  14.930 0.000
183.208333 184.208333 999.999 0.999 999.999 0.999
186.208333 187.208333 999.999 0.999 999.999 0.999
189.208333 190.208333 999.999 0.999 999.999 0.999
192.208333 193.208333 999.999 0.999 999.999 0.999
195.208333 196.208333 999.999 0.999 999.999 0.999
198.208333 199.208333 999.999 0.999 999.999 0.999
201.208333 202.208333  10.405 0.000   5.998 0.659
204.208333 205.208333  15.437 0.000  10.649 0.659
207.208333 208.208333  24.141 0.000  13.595 0.659
210.208333 211.208333  12.744 0.000   9.049 0.659
213.208333 214.208333 999.999 0.999 999.999 0.999
216.208333 217.208333  14.163 0.000  10.164 0.659
219.208333 220.208333  19.021 0.000  13.227 0.659
222.208333 223.208333  10.638 0.000   6.461 0.659
225.208333 226.208333  16.360 0.000   9.870 0.659
228.208333 229.208333  20.032 0.000  12.648 0.659
231.208333 232.208333  12.322 0.000   8.560 0.659
234.208333 235.208333 999.999 0.999 999.999 0.999
237.208333 238.208333  13.271 0.000   8.747 0.659
240.208333 241.208333  13.795 0.000   8.390 0.659
243.208333 244.208333  23.294 0.000  13.713 0.659
246.208333 247.208333   9.143 0.000   6.472 0.659
249.208333 250.208333  14.745 0.000   8.426 0.659
252.208333 253.208333   8.178 0.000   4.262 0.659
255.208333 256.208333 999.999 0.999 999.999 0.999
258.208333 259.208333  10.527 0.000   4.315 0.659
261.208333 262.208333   6.611 0.000   3.777 0.000
264.208333 265.208333  16.251 0.000   7.251 0.659
267.208333 268.208333   8.597 0.000   4.258 0.659
270.208333 271.208333  17.895 0.000   9.642 0.659
273.208333 274.208333   9.393 0.000   7.453 0.659
276.208333 277.208333  14.342 0.000   8.214 0.659
279.208333 280.208333  15.582 0.000   9.820 0.659
282.208333 283.208333  10.459 0.000   5.529 0.659
285.208333 286.208333  15.213 0.000   6.550 0.659
288.208333 289.208333  11.274 0.000   6.253 0.659
291.208333 292.208333  10.970 0.000   5.748 0.659
294.208333 295.208333   6.298 0.000   4.297 0.659
297.208333 298.208333  24.918 0.000  13.256 0.659
300.208333 301.208333   8.990 0.000   3.966 0.659
303.208333 304.208333   1.627 0.000   1.283 0.000
306.208333 307.208333   8.697 0.000 999.999 0.999
309.208333 310.208333  11.814 0.000 999.999 0.999
312.208333 313.208333  13.328 0.000   7.618 0.000
315.208333 316.208333  22.119 0.000 999.999 0.999
318.208333 319.208333  13.479 0.000 999.999 0.999
321.208333 322.208333  12.423 0.000 999.999 0.999
324.208333 325.208333  25.207 0.000 999.999 0.999
327.208333 328.208333  26.033 0.000  17.105 0.000
330.208333 331.208333  26.544 0.000  18.333 0.000
333.208333 334.208333  16.351 0.000  11.257 0.659
336.208333 337.208333  35.898 0.000  30.269 0.000
339.208333 340.208333  11.011 0.000   4.813 0.659
342.208333 343.208333  13.518 0.000  11.428 0.000
345.208333 346.208333   7.940 0.000   4.923 0.659
348.208333 349.208333  22.146 0.000  15.281 0.000
351.208333 352.208333  21.911 0.000  18.398 0.000
354.208333 355.208333  10.908 0.000   7.230 0.659
357.208333 358.208333   8.147 0.000   6.360 0.659
360.208333 361.208333 999.999 0.999 999.999 0.999
363.208333 364.208333  12.258 0.000  10.229 0.000
