scripts/IMPROVE-2019_partial/data/US9010R.20030103050000.20191216000000.filterpack..pm25.1y.1w.US03L_filterpack_US9010.US03L_IMPROVE_Davis.lev2.nas
64 1001
MISSING INFORMATION
US03L, IMPROVE, , , , , , , 
MISSING INFORMATION
IMPROVE sel_HTAP
1 1
2003 01 01 2019 12 16
3.000000
days from file reference point
25
1 1 1 1 1 1 1 1 1 1 1 1 1 1 1 1 1 1 1 1 1 1 1 1 1
999.999999 999.99 9.999 99.99 9.999999 9.999 9.999999 99.99 9.999999 9.999 9.999 99.999 9.999 99.999 9.999 999.999 9.999 99.999 9.999 999.999 9.999 9.999 9.999 99.999 9.999
end_time of measurement, days from the file reference point
iron, ng/m3, Revision date=20181210133000
numflag iron, no unit, Revision date=20181210133000
lead, ng/m3, Revision date=20181210133000
numflag lead, no unit, Revision date=20181210133000
magnesium, ug/m3, Revision date=20181210133000
numflag magnesium, no unit, Revision date=20181210133000
nickel, ng/m3, Revision date=20181210133000
numflag nickel, no unit, Revision date=20181210133000
nitrate, ug N/m3, Revision date=20181210133000
numflag nitrate, no unit, Revision date=20181210133000
organic_carbon, ug C/m3, Revision date=20181210133000
numflag organic_carbon, no unit, Revision date=20181210133000
organic_mass, ug/m3, Revision date=20181210133000
numflag organic_mass, no unit, Revision date=20181210133000
pm10_mass, ug/m3, Version=2, Version description=Data extracted from http://views.cira.colostate.edu/fed/DataWizard 2019-12-16, Sample duration=1d, Orig. time res.=3d, Matrix=pm10, Blank correction=Blank corrected, Volume std. temperature=ambient, Volume std. pressure=ambient
numflag pm10_mass, no unit, Version=2, Version description=Data extracted from http://views.cira.colostate.edu/fed/DataWizard 2019-12-16, Sample duration=1d, Orig. time res.=3d, Matrix=pm10, Blank correction=Blank corrected, Volume std. temperature=ambient, Volume std. pressure=ambient
pm10_pm25_mass, ug/m3, Revision date=20181210133000, Matrix=pm10_pm25
numflag pm10_pm25_mass, no unit, Revision date=20181210133000, Matrix=pm10_pm25
pm25_mass, ug/m3, Version=2, Version description=Data extracted from http://views.cira.colostate.edu/fed/DataWizard 2019-12-16, Sample duration=1d, Orig. time res.=3d, Blank correction=Blank corrected, Volume std. temperature=ambient, Volume std. pressure=ambient
numflag pm25_mass, no unit, Version=2, Version description=Data extracted from http://views.cira.colostate.edu/fed/DataWizard 2019-12-16, Sample duration=1d, Orig. time res.=3d, Blank correction=Blank corrected, Volume std. temperature=ambient, Volume std. pressure=ambient
potassium, ug/m3, Revision date=20181210133000
numflag potassium, no unit, Revision date=20181210133000
sulphate_total, ug S/m3, Revision date=20181210133000
numflag sulphate_total, no unit, Revision date=20181210133000
0
25
Data definition:              EBAS_1.1
Set type code:                TU
Timezone:                     UTC
File name:                    US9010R.20030103050000.20191216000000.filterpack..pm25.1y.1w.US03L_filterpack_US9010.US03L_IMPROVE_Davis.lev2.nas
File creation:                20191218120547
Startdate:                    20030103050000
Revision date:                20191216000000
Statistics:                   arithmetic mean
Data level:                   2
Period code:                  1y
Resolution code:              1w
Station code:                 US9010R
Platform code:                US9010S
Station name:                 Moosehorn NWR
Station latitude:             45.1259
Station longitude:            -67.2661
Station altitude:             77.0 m
Regime:                       IMG
Component:                    
Matrix:                       pm25
Laboratory code:              US03L
Instrument type:              filterpack
Instrument name:              filterpack_US9010
Method ref:                   US03L_IMPROVE_Davis
starttime endtime Fe flag_Fe Pb flag_Pb Mg++ flag_Mg++ Ni flag_Ni NO3- flag_NO3- OC flag_OC OM flag_OM PM10 flag_PM10 PM10-PM2.5 flag_PM10-PM2.5 PM2.5 flag_PM2.5 K+ flag_K+ SO4-- flag_SO4--
[from data line 87]
263.208333 264.208333   8.53 0.000  1.05 0.000000 9.999 0.259000  0.25 0.000000 0.023 0.000  1.367 0.000  1.913 0.000   8.887 0.000  3.136 0.000   5.751 0.000 0.039 0.000  0.530 0.000
266.208333 267.208333   8.88 0.000  0.79 0.000000 9.999 0.259000  0.10 0.000000 0.042 0.000  0.873 0.000  1.222 0.000   7.931 0.000  3.403 0.000   4.528 0.000 0.031 0.000  0.561 0.000
269.208333 270.208333   5.62 0.000  0.54 0.000000 9.999 0.259000  0.54 0.000000 0.030 0.000  0.632 0.000  0.885 0.000   6.246 0.000  2.453 0.000   3.793 0.000 0.018 0.000  0.481 0.000
272.208333 273.208333   8.21 0.000  0.91 0.000000 9.999 0.259000  0.28 0.000000 0.019 0.000  1.088 0.000  1.523 0.000   7.308 0.000  2.445 0.000   4.863 0.000 0.033 0.000  0.527 0.000
275.208333 276.208333   2.67 0.000  0.39 0.000000 9.999 0.259000  0.22 0.000000 0.014 0.000  0.382 0.000  0.535 0.000   3.183 0.000  1.112 0.000   2.071 0.000 0.025 0.000  0.188 0.000
278.208333 279.208333   7.36 0.000  0.71 0.000000 9.999 0.259000  0.27 0.000000 0.021 0.000  0.427 0.000  0.598 0.000   4.533 0.000  1.731 0.000   2.802 0.000 0.125 0.000  0.340 0.000
281.208333 282.208333  19.63 0.000  1.72 0.000000 9.999 0.259000  0.46 0.000000 0.041 0.000  1.374 0.000  1.923 0.000   8.876 0.000  2.906 0.000   5.970 0.000 0.049 0.000  0.628 0.000
284.208333 285.208333  29.49 0.000  2.62 0.000000 9.999 0.259000  0.75 0.000000 0.059 0.000  2.655 0.000  3.718 0.000  16.560 0.000  3.716 0.000  12.844 0.000 0.117 0.000  1.461 0.000
287.208333 288.208333   3.69 0.000  0.37 0.000000 0.036 0.000000  0.31 0.000000 0.063 0.000  0.701 0.000  0.981 0.000   8.794 0.000  4.584 0.000   4.210 0.000 0.028 0.000  0.303 0.000
290.208333 291.208333   5.31 0.000  1.79 0.000000 0.038 0.000000  0.31 0.000000 0.034 0.000  1.626 0.000  2.277 0.000   6.572 0.000  1.831 0.000   4.742 0.000 0.103 0.000  0.343 0.000
293.208333 294.208333   6.72 0.000  1.46 0.000000 0.052 0.000000  0.32 0.000000 0.046 0.000  0.935 0.000  1.309 0.000   6.739 0.000  1.382 0.000   5.356 0.000 0.039 0.000  0.650 0.000
296.208333 297.208333  15.25 0.000  0.80 0.000000 9.999 0.259000  0.42 0.000000 0.018 0.000  0.375 0.000  0.525 0.000   3.119 0.000  1.322 0.000   1.797 0.000 0.114 0.000  0.144 0.000
299.208333 300.208333   2.39 0.000  0.45 0.000000 0.041 0.000000  0.21 0.000000 0.027 0.000  0.259 0.000  0.362 0.000   5.136 0.000  2.268 0.000   2.868 0.000 0.021 0.000  0.164 0.000
302.208333 303.208333   9.15 0.000  0.65 0.000000 0.026 0.000000  0.19 0.000000 0.026 0.000  0.474 0.000  0.663 0.000   4.423 0.000  1.857 0.000   2.566 0.000 0.024 0.000  0.246 0.000
305.208333 306.208333   3.27 0.000  0.82 0.000000 9.999 0.259000  0.12 0.000000 0.009 0.000  0.867 0.000  1.214 0.000   3.618 0.000  1.353 0.000   2.264 0.000 0.046 0.000  0.147 0.000
308.208333 309.208333   4.21 0.000  0.81 0.000000 9.999 0.259000  0.16 0.000000 0.032 0.000  0.437 0.000  0.612 0.000   6.570 0.000  3.762 0.000   2.808 0.000 0.025 0.000  0.196 0.000
311.208333 312.208333   5.96 0.000  0.75 0.000000 9.999 0.259000  0.44 0.000000 0.032 0.000  0.846 0.000  1.185 0.000   5.229 0.000  1.469 0.000   3.760 0.000 0.121 0.000  0.405 0.000
314.208333 315.208333  15.81 0.000  2.17 0.000000 9.999 0.259000  0.63 0.000000 0.242 0.000  1.768 0.000  2.475 0.000   8.614 0.000  2.332 0.000   6.282 0.000 0.048 0.000  0.558 0.000
317.208333 318.208333   5.24 0.000  0.31 0.000000 0.036 0.000000  0.31 0.000000 0.011 0.000  0.277 0.000  0.388 0.000   2.869 0.000  1.456 0.000   1.413 0.000 0.030 0.000  0.100 0.000
320.208333 321.208333   9.42 0.000  1.28 0.000000 9.999 0.259000  0.46 0.000000 0.074 0.000  1.788 0.000  2.504 0.000   6.524 0.000  1.407 0.000   5.117 0.000 0.210 0.000  0.320 0.000
323.208333 324.208333   1.25 0.000  0.22 0.000000 0.102 0.000000  0.16 0.000000 0.023 0.000  0.225 0.000  0.314 0.000   6.575 0.000  2.767 0.000   3.807 0.000 0.026 0.000  0.122 0.000
326.208333 327.208333   7.52 0.000  0.79 0.000000 9.999 0.259000  0.16 0.000000 0.023 0.000  0.706 0.000  0.989 0.000   4.533 0.000  1.767 0.000   2.766 0.000 0.025 0.000  0.177 0.000
329.208333 330.208333  11.25 0.000  0.96 0.000000 9.999 0.259000  0.46 0.000000 0.051 0.000  0.724 0.000  1.014 0.000   4.616 0.000  1.670 0.000   2.946 0.000 0.038 0.000  0.291 0.000
332.208333 333.208333   1.78 0.000  0.45 0.000000 0.047 0.000000  0.17 0.000000 0.056 0.000  0.239 0.000  0.334 0.000   5.746 0.000  2.427 0.000   3.319 0.000 0.020 0.000  0.219 0.000
335.208333 336.208333   3.61 0.000  0.49 0.000000 9.999 0.259000  0.31 0.000000 0.025 0.000  0.474 0.000  0.664 0.000   3.466 0.000  0.945 0.000   2.522 0.000 0.066 0.000  0.293 0.000
338.208333 339.208333   8.08 0.000  0.80 0.000000 0.034 0.000000  0.38 0.000000 0.050 0.000  0.660 0.000  0.924 0.000   3.493 0.000  0.811 0.000   2.682 0.000 0.106 0.000  0.209 0.000
341.208333 342.208333   6.16 0.000  0.20 0.000000 0.041 0.000000 99.99 0.259000 0.020 0.000  0.473 0.000  0.663 0.000   3.389 0.000  1.456 0.000   1.932 0.000 0.032 0.000  0.069 0.000
344.208333 345.208333   7.44 0.000  0.80 0.000000 9.999 0.259000  0.37 0.000000 0.038 0.000  0.620 0.000  0.868 0.000   6.944 0.000  3.895 0.000   3.050 0.000 0.031 0.000  0.197 0.000
347.208333 348.208333  11.16 0.000  2.28 0.000000 9.999 0.259000  0.68 0.000000 0.041 0.000  0.874 0.000  1.224 0.000   4.630 0.000  1.530 0.000   3.100 0.000 0.153 0.000  0.275 0.000
350.208333 351.208333   7.18 0.000  0.65 0.000000 9.999 0.259000  0.36 0.000000 0.070 0.000  0.847 0.000  1.186 0.000   7.360 0.000  3.073 0.000   4.287 0.000 0.036 0.000  0.376 0.000
353.208333 354.208333   9.70 0.000  1.69 0.000000 9.999 0.259000  0.71 0.000000 0.084 0.000  1.178 0.000  1.648 0.000   4.924 0.000  1.012 0.000   3.912 0.000 0.063 0.000  0.355 0.000
356.208333 357.208333  40.72 0.000  2.99 0.000000 9.999 0.259000  2.83 0.000000 0.172 0.000  2.290 0.000  3.207 0.000  12.270 0.000  3.239 0.000   9.031 0.000 0.071 0.000  0.789 0.000
359.208333 360.208333   2.68 0.000  0.49 0.000000 0.043 0.000000  0.34 0.000000 0.028 0.000  0.395 0.000  0.553 0.000   4.283 0.000  1.938 0.000   2.345 0.000 0.029 0.000  0.284 0.000
362.208333 363.208333  18.44 0.000  2.08 0.000000 9.999 0.259000  1.38 0.000000 0.075 0.000  2.207 0.000  3.090 0.000   8.785 0.000  2.356 0.000   6.429 0.000 0.160 0.000  0.330 0.000
