scripts/IMPROVE-2019_partial/data/US9038R.20140102070000.20191216000000.filterpack...52w.3d.US03L_filterpack_US9038.US03L_IMPROVE_Davis.lev2.nas
52 1001
MISSING INFORMATION
US03L, IMPROVE, , , , , , , 
MISSING INFORMATION
IMPROVE sel_HTAP
1 1
2014 01 01 2019 12 16
3.000000
days from file reference point
5
1 1 1 1 1
999.999999 9999.999 9.999 999.999 9.999
end_time of measurement, days from the file reference point
pm10_mass, ug/m3, Matrix=pm10
numflag pm10_mass, no unit, Matrix=pm10
pm25_mass, ug/m3, Matrix=pm25
numflag pm25_mass, no unit, Matrix=pm25
0
33
Data definition:              EBAS_1.1
Set type code:                TU
Timezone:                     UTC
File name:                    US9038R.20140102070000.20191216000000.filterpack...52w.3d.US03L_filterpack_US9038.US03L_IMPROVE_Davis.lev2.nas
File creation:                20191218120757
Startdate:                    20140102070000
Revision date:                20191216000000
Version:                      2
Version description:          "Data extracted from http://views.cira.colostate.edu/fed/DataWizard 2019-12-16"
Statistics:                   arithmetic mean
Data level:                   2
Period code:                  52w
Resolution code:              3d
Sample duration:              1d
Orig. time res.:              3d
Station code:                 US9038R
Platform code:                US9038S
Station name:                 Saguaro NM
Station latitude:             32.1746
Station longitude:            -110.7371
Station altitude:             941.0 m
Regime:                       IMG
Component:                    
Unit:                         ug/m3
Matrix:                       
Laboratory code:              US03L
Instrument type:              filterpack
Instrument name:              filterpack_US9038
Method ref:                   US03L_IMPROVE_Davis
Blank correction:             Blank corrected
Volume std. temperature:      ambient
Volume std. pressure:         ambient
starttime endtime PM10 flag_PM10 PM2.5 flag_PM2.5
  1.291667   2.291667    9.011 0.000   3.064 0.000
  4.291667   5.291667   13.010 0.000   4.727 0.000
  7.291667   8.291667   10.265 0.000   3.584 0.000
 10.291667  11.291667    9.102 0.000   2.709 0.000
 13.291667  14.291667   14.205 0.000   3.317 0.000
 16.291667  17.291667   13.397 0.000   4.407 0.000
 19.291667  20.291667   10.133 0.000   3.300 0.000
 22.291667  23.291667   23.283 0.000   6.335 0.000
 25.291667  26.291667   23.910 0.000   6.124 0.000
 28.291667  29.291667   10.822 0.000   2.658 0.000
 31.291667  32.291667   10.749 0.000   2.928 0.000
 34.291667  35.291667    5.205 0.000   2.180 0.000
 37.291667  38.291667    4.705 0.000   1.780 0.000
 40.291667  41.291667    9.508 0.000   2.058 0.000
 43.291667  44.291667   11.100 0.000   3.058 0.000
 46.291667  47.291667    9.335 0.000   2.586 0.000
 49.291667  50.291667   13.525 0.000   4.229 0.000
 52.291667  53.291667   14.560 0.000   4.706 0.000
 55.291667  56.291667   13.864 0.000   4.852 0.000
 58.291667  59.291667   12.105 0.000   2.492 0.000
 61.291667  62.291667    5.933 0.000   2.695 0.000
 64.291667  65.291667    6.567 0.000   2.878 0.000
 67.291667  68.291667    5.761 0.000   1.232 0.000
 70.291667  71.291667   40.471 0.000  12.339 0.000
 73.291667  74.291667   19.383 0.000   5.209 0.000
 76.291667  77.291667   21.241 0.000   6.350 0.000
 79.291667  80.291667   14.994 0.000   5.941 0.000
 82.291667  83.291667   11.273 0.000   4.445 0.000
 85.291667  86.291667   11.141 0.000   4.756 0.000
 88.291667  89.291667   20.843 0.000   7.133 0.000
 91.291667  92.291667 9999.999 0.456   8.846 0.000
 94.291667  95.291667   11.769 0.000   3.196 0.000
 97.291667  98.291667    8.626 0.000   3.991 0.000
100.291667 101.291667   11.315 0.000   4.136 0.000
103.291667 104.291667   11.948 0.000   4.349 0.000
106.291667 107.291667   20.279 0.000   6.246 0.000
109.291667 110.291667    8.185 0.000   3.185 0.000
112.291667 113.291667   16.262 0.000   6.181 0.000
115.291667 116.291667   23.220 0.000   7.979 0.000
118.291667 119.291667    9.118 0.000   4.946 0.000
121.291667 122.291667   37.430 0.000  11.666 0.000
124.291667 125.291667   21.236 0.000   7.767 0.000
127.291667 128.291667   23.234 0.000   6.507 0.000
130.291667 131.291667   67.029 0.000  14.237 0.000
133.291667 134.291667   24.365 0.000   7.424 0.000
136.291667 137.291667   15.946 0.000   6.987 0.000
139.291667 140.291667   11.854 0.000   4.658 0.000
142.291667 143.291667   16.620 0.000   5.287 0.000
145.291667 146.291667   16.270 0.000   6.484 0.000
148.291667 149.291667   13.917 0.000   5.818 0.000
151.291667 152.291667   10.714 0.000   4.524 0.000
154.291667 155.291667   18.182 0.000   6.259 0.000
157.291667 158.291667   17.559 0.000   7.393 0.000
160.291667 161.291667   32.627 0.000  10.716 0.000
163.291667 164.291667   21.337 0.000   7.155 0.000
166.291667 167.291667   16.533 0.000   5.827 0.000
169.291667 170.291667   13.665 0.000   6.629 0.000
172.291667 173.291667   13.018 0.000   4.246 0.000
175.291667 176.291667   18.665 0.000   5.957 0.000
178.291667 179.291667   14.634 0.000   3.657 0.000
181.291667 182.291667   14.650 0.000   3.699 0.000
184.291667 185.291667   11.321 0.000   7.262 0.000
187.291667 188.291667    6.726 0.000   3.474 0.000
190.291667 191.291667    6.424 0.000   3.441 0.000
193.291667 194.291667    7.962 0.000   4.807 0.000
196.291667 197.291667    9.616 0.000   3.792 0.000
199.291667 200.291667   13.351 0.000   4.407 0.000
202.291667 203.291667   13.510 0.000   6.864 0.000
205.291667 206.291667  194.517 0.000  43.338 0.000
208.291667 209.291667    6.597 0.000   3.886 0.000
211.291667 212.291667 9999.999 0.999 999.999 0.999
214.291667 215.291667 9999.999 0.999 999.999 0.999
217.291667 218.291667   11.246 0.000   4.791 0.000
220.291667 221.291667   11.759 0.000   4.933 0.000
223.291667 224.291667    6.230 0.000   3.239 0.000
226.291667 227.291667    6.706 0.000   3.462 0.000
229.291667 230.291667    4.473 0.000   2.064 0.000
232.291667 233.291667 9999.999 0.999 999.999 0.999
235.291667 236.291667    5.504 0.000   1.898 0.000
238.291667 239.291667 9999.999 0.999 999.999 0.999
241.291667 242.291667 9999.999 0.999 999.999 0.999
244.291667 245.291667 9999.999 0.999 999.999 0.999
247.291667 248.291667 9999.999 0.999 999.999 0.999
250.291667 251.291667 9999.999 0.999 999.999 0.999
253.291667 254.291667    7.389 0.000   2.865 0.000
256.291667 257.291667    4.003 0.000   1.512 0.000
259.291667 260.291667    5.113 0.000   2.305 0.000
262.291667 263.291667    8.743 0.000   3.314 0.000
265.291667 266.291667    7.935 0.000   2.655 0.000
268.291667 269.291667 9999.999 0.999 999.999 0.999
271.291667 272.291667 9999.999 0.999 999.999 0.999
274.291667 275.291667   11.918 0.000   4.267 0.000
277.291667 278.291667    9.767 0.000   3.592 0.000
280.291667 281.291667    4.817 0.000   2.782 0.000
283.291667 284.291667    7.294 0.000   3.396 0.000
286.291667 287.291667    7.780 0.000   2.260 0.000
289.291667 290.291667   10.034 0.000   3.228 0.000
292.291667 293.291667    3.636 0.000   2.154 0.000
295.291667 296.291667    6.100 0.000   2.949 0.000
298.291667 299.291667    9.282 0.000   4.938 0.000
301.291667 302.291667   12.202 0.000   4.169 0.000
304.291667 305.291667   10.111 0.000   3.928 0.000
307.291667 308.291667    8.160 0.000   2.415 0.000
310.291667 311.291667    7.889 0.000   2.148 0.000
313.291667 314.291667    9.563 0.000   2.816 0.000
316.291667 317.291667    8.301 0.000   3.006 0.000
319.291667 320.291667   13.665 0.000   3.665 0.000
322.291667 323.291667   10.270 0.000   3.010 0.000
325.291667 326.291667   10.399 0.000   2.994 0.000
328.291667 329.291667   11.087 0.000   2.345 0.000
331.291667 332.291667   10.275 0.000   4.099 0.000
334.291667 335.291667   13.091 0.000   3.776 0.000
337.291667 338.291667    3.156 0.000   1.729 0.000
340.291667 341.291667    4.161 0.000   1.590 0.000
343.291667 344.291667   12.783 0.000   5.206 0.000
346.291667 347.291667    4.680 0.000   2.588 0.000
349.291667 350.291667    5.967 0.000   2.621 0.000
352.291667 353.291667    5.227 0.000   2.809 0.000
355.291667 356.291667    5.084 0.000   2.597 0.000
358.291667 359.291667 9999.999 0.999 999.999 0.999
361.291667 362.291667 9999.999 0.999 999.999 0.999
364.291667 365.291667    4.731 0.000   2.024 0.000
