scripts/IMPROVE-2019_partial/data/US9008R.20050101050000.20191216000000.filterpack..pm25.52w.1w.US03L_filterpack_US9008.US03L_IMPROVE_Davis.lev2.nas
66 1001
MISSING INFORMATION
US03L, IMPROVE, , , , , , , 
MISSING INFORMATION
IMPROVE sel_HTAP
1 1
2005 01 01 2019 12 16
3.000000
days from file reference point
27
1 1 1 1 1 1 1 1 1 1 1 1 1 1 1 1 1 1 1 1 1 1 1 1 1 1 1
999.999999 9999.99 9.999 99.99 9.999 9.999 9.999 99.99 9.999 9.999 9.999 99.999 9.999 999.999 9.999 99.99 9.999 999.999 9.999 999.999 9.999 999.999 9.999 9.999 9.999 99.999 9.999
end_time of measurement, days from the file reference point
iron, ng/m3, Revision date=20181210133000
numflag iron, no unit, Revision date=20181210133000
lead, ng/m3, Revision date=20181210133000
numflag lead, no unit, Revision date=20181210133000
magnesium, ug/m3, Revision date=20181210133000
numflag magnesium, no unit, Revision date=20181210133000
nickel, ng/m3, Revision date=20181210133000
numflag nickel, no unit, Revision date=20181210133000
nitrate, ug N/m3, Revision date=20181210133000
numflag nitrate, no unit, Revision date=20181210133000
organic_carbon, ug C/m3, Revision date=20181210133000
numflag organic_carbon, no unit, Revision date=20181210133000
organic_mass, ug/m3, Revision date=20181210133000
numflag organic_mass, no unit, Revision date=20181210133000
phosphorus, ng/m3, Revision date=20181210133000
numflag phosphorus, no unit, Revision date=20181210133000
pm10_mass, ug/m3, Version=2, Version description=Data extracted from http://views.cira.colostate.edu/fed/DataWizard 2019-12-16, Sample duration=1d, Orig. time res.=3d, Matrix=pm10, Blank correction=Blank corrected, Volume std. temperature=ambient, Volume std. pressure=ambient
numflag pm10_mass, no unit, Version=2, Version description=Data extracted from http://views.cira.colostate.edu/fed/DataWizard 2019-12-16, Sample duration=1d, Orig. time res.=3d, Matrix=pm10, Blank correction=Blank corrected, Volume std. temperature=ambient, Volume std. pressure=ambient
pm10_pm25_mass, ug/m3, Revision date=20181210133000, Matrix=pm10_pm25
numflag pm10_pm25_mass, no unit, Revision date=20181210133000, Matrix=pm10_pm25
pm25_mass, ug/m3, Version=2, Version description=Data extracted from http://views.cira.colostate.edu/fed/DataWizard 2019-12-16, Sample duration=1d, Orig. time res.=3d, Blank correction=Blank corrected, Volume std. temperature=ambient, Volume std. pressure=ambient
numflag pm25_mass, no unit, Version=2, Version description=Data extracted from http://views.cira.colostate.edu/fed/DataWizard 2019-12-16, Sample duration=1d, Orig. time res.=3d, Blank correction=Blank corrected, Volume std. temperature=ambient, Volume std. pressure=ambient
potassium, ug/m3, Revision date=20181210133000
numflag potassium, no unit, Revision date=20181210133000
sulphate_total, ug S/m3, Revision date=20181210133000
numflag sulphate_total, no unit, Revision date=20181210133000
0
25
Data definition:              EBAS_1.1
Set type code:                TU
Timezone:                     UTC
File name:                    US9008R.20050101050000.20191216000000.filterpack..pm25.52w.1w.US03L_filterpack_US9008.US03L_IMPROVE_Davis.lev2.nas
File creation:                20191218120538
Startdate:                    20050101050000
Revision date:                20191216000000
Statistics:                   arithmetic mean
Data level:                   2
Period code:                  52w
Resolution code:              1w
Station code:                 US9008R
Platform code:                US9008S
Station name:                 Presque Isle
Station latitude:             46.6964
Station longitude:            -68.0333
Station altitude:             165.0 m
Regime:                       IMG
Component:                    
Matrix:                       pm25
Laboratory code:              US03L
Instrument type:              filterpack
Instrument name:              filterpack_US9008
Method ref:                   US03L_IMPROVE_Davis
starttime endtime Fe flag_Fe Pb flag_Pb Mg++ flag_Mg++ Ni flag_Ni NO3- flag_NO3- OC flag_OC OM flag_OM P flag_P PM10 flag_PM10 PM10-PM2.5 flag_PM10-PM2.5 PM2.5 flag_PM2.5 K+ flag_K+ SO4-- flag_SO4--
[from data line 85]
255.208333 256.208333   32.22 0.000  1.08 0.000 9.999 0.259  0.33 0.000 0.018 0.000  1.058 0.000   1.904 0.000 99.99 0.259  10.181 0.000   6.769 0.000   3.502 0.000 0.027 0.000  0.187 0.000
258.208333 259.208333   44.05 0.000  1.00 0.000 9.999 0.259  0.31 0.000 0.015 0.000  1.389 0.000   2.499 0.000 99.99 0.259  12.625 0.000   8.856 0.000   3.863 0.000 0.039 0.000  0.153 0.000
261.208333 262.208333   14.75 0.000  0.97 0.000 0.010 0.000  1.03 0.000 0.012 0.000  0.996 0.000   1.793 0.000 99.99 0.259   8.713 0.000   5.094 0.000   3.619 0.000 0.039 0.000  0.323 0.000
264.208333 265.208333   50.65 0.000  2.66 0.000 9.999 0.259  1.34 0.000 0.020 0.000  1.564 0.000   2.816 0.000 99.99 0.259  15.386 0.000   9.438 0.000   5.954 0.000 0.058 0.000  0.343 0.000
267.208333 268.208333    8.22 0.000  1.28 0.000 9.999 0.259  0.40 0.000 0.018 0.000  0.819 0.000   1.475 0.000 99.99 0.259   7.508 0.000   4.510 0.000   2.930 0.000 0.022 0.000  0.233 0.000
270.208333 271.208333   15.20 0.000  2.79 0.000 9.999 0.259  0.16 0.000 0.011 0.000  1.088 0.000   1.959 0.000 99.99 0.259   9.135 0.000   5.854 0.000   3.276 0.000 0.027 0.000  0.219 0.000
273.208333 274.208333    9.83 0.000  1.03 0.000 9.999 0.259  1.31 0.000 0.014 0.000  0.894 0.000   1.610 0.000 99.99 0.259   6.988 0.000   3.651 0.000   3.276 0.000 0.020 0.000  0.309 0.000
276.208333 277.208333   37.67 0.000  3.61 0.000 0.033 0.000  3.50 0.000 0.034 0.000  2.386 0.000   4.295 0.000 99.99 0.259  25.551 0.000   7.281 0.000  18.210 0.000 0.041 0.000  2.985 0.000
279.208333 280.208333   29.73 0.000  1.06 0.000 9.999 0.259  3.15 0.000 0.025 0.000  1.135 0.000   2.044 0.000 99.99 0.259  15.760 0.000   5.748 0.000   9.886 0.000 0.026 0.000  1.553 0.000
282.208333 283.208333    1.76 0.000  0.34 0.000 9.999 0.259 99.99 0.259 0.003 0.000  0.218 0.000   0.392 0.000  5.53 0.000   2.200 0.000   1.576 0.000   0.602 0.000 0.005 0.000  0.031 0.000
285.208333 286.208333   16.65 0.000  0.62 0.000 0.014 0.000  0.49 0.000 0.049 0.559  0.890 0.000   1.603 0.000 99.99 0.259   9.633 0.000   5.934 0.000   3.611 0.000 0.027 0.000  0.281 0.559
288.208333 289.208333    1.85 0.000  0.52 0.000 9.999 0.259  0.14 0.000 0.001 0.000  0.171 0.000   0.308 0.000  2.32 0.000   1.203 0.000   0.666 0.000   0.526 0.000 0.047 0.000  0.021 0.000
291.208333 292.208333    9.47 0.000  0.69 0.000 9.999 0.259  0.46 0.000 0.006 0.000  0.555 0.000   0.999 0.000 99.99 0.259   4.580 0.000   2.291 0.000   2.290 0.000 0.015 0.000  0.227 0.000
294.208333 295.208333    6.52 0.000  0.52 0.000 9.999 0.259  0.29 0.000 0.005 0.000  0.632 0.000   1.138 0.000 99.99 0.259   3.082 0.000   1.332 0.000   1.724 0.000 0.024 0.000  0.108 0.000
297.208333 298.208333    3.27 0.000  0.41 0.000 0.009 0.000  0.15 0.000 0.005 0.559  0.221 0.000   0.397 0.000 99.99 0.259   2.819 0.000   1.742 0.000   1.072 0.000 0.008 0.000  0.079 0.559
300.208333 301.208333   23.11 0.000  0.72 0.000 9.999 0.259  0.37 0.000 0.012 0.559  0.811 0.000   1.460 0.000 99.99 0.259   7.334 0.000   4.085 0.000   3.183 0.000 0.039 0.000  0.287 0.559
303.208333 304.208333   49.57 0.000  5.99 0.000 9.999 0.259  2.35 0.000 0.252 0.000  2.669 0.000   4.803 0.000 99.99 0.259  18.627 0.000   4.896 0.000  13.591 0.000 0.085 0.000  1.498 0.000
306.208333 307.208333 9999.99 0.999 99.99 0.999 9.999 0.999 99.99 0.999 9.999 0.999 99.999 0.999 999.999 0.999 99.99 0.999 999.999 0.999 999.999 0.999 999.999 0.999 9.999 0.999 99.999 0.999
309.208333 310.208333 9999.99 0.999 99.99 0.999 9.999 0.999 99.99 0.999 9.999 0.999 99.999 0.999 999.999 0.999 99.99 0.999 999.999 0.999 999.999 0.999 999.999 0.999 9.999 0.999 99.999 0.999
312.208333 313.208333   12.29 0.000  0.57 0.000 0.013 0.000  0.42 0.000 0.012 0.000  0.579 0.000   1.042 0.000 99.99 0.259   4.770 0.000   3.204 0.000   1.575 0.000 0.041 0.000  0.113 0.000
315.208333 316.208333   16.23 0.000  0.46 0.000 9.999 0.259  0.25 0.000 0.013 0.000  0.710 0.000   1.278 0.000 99.99 0.259   5.029 0.000   2.841 0.000   2.187 0.000 0.052 0.000  0.138 0.000
318.208333 319.208333   15.83 0.000  1.60 0.000 9.999 0.259  0.31 0.000 0.028 0.000  0.888 0.000   1.598 0.000 99.99 0.259   5.673 0.000   3.509 0.000   2.164 0.000 0.043 0.000  0.126 0.000
321.208333 322.208333   12.59 0.000  0.42 0.000 9.999 0.259  0.25 0.000 0.019 0.000  0.414 0.000   0.746 0.000 99.99 0.259   4.979 0.000   3.073 0.000   1.906 0.000 0.055 0.000  0.165 0.000
324.208333 325.208333   62.11 0.000  4.65 0.000 9.999 0.259  1.05 0.000 0.335 0.000  3.053 0.000   5.495 0.000 99.99 0.259  21.345 0.000  10.180 0.000  11.165 0.000 0.098 0.000  0.958 0.000
327.208333 328.208333    2.91 0.000  0.43 0.000 9.999 0.259  0.36 0.000 0.020 0.000  0.540 0.000   0.971 0.000 99.99 0.259   2.812 0.000   0.503 0.000   2.288 0.000 0.016 0.000  0.205 0.000
330.208333 331.208333    6.20 0.000  1.86 0.000 9.999 0.259  0.32 0.000 0.096 0.000  1.519 0.000   2.734 0.000 99.99 0.259   6.220 0.000   1.011 0.000   5.165 0.000 0.061 0.000  0.375 0.000
333.208333 334.208333    3.72 0.000  0.25 0.000 9.999 0.259  0.45 0.000 0.039 0.000  0.481 0.000   0.867 0.000 99.99 0.259   6.928 0.000   3.062 0.000   3.809 0.000 0.024 0.000  0.492 0.000
336.208333 337.208333    5.95 0.000  0.78 0.000 0.006 0.000 99.99 0.259 0.021 0.000  0.253 0.000   0.455 0.000 99.99 0.259   5.582 0.000   3.626 0.000   1.904 0.000 0.015 0.000  0.199 0.000
339.208333 340.208333   56.81 0.000  1.00 0.000 9.999 0.259  0.36 0.000 0.044 0.000  0.880 0.000   1.584 0.000 99.99 0.259  15.575 0.000  11.916 0.000   3.710 0.000 0.046 0.000  0.316 0.000
342.208333 343.208333   23.68 0.000  8.58 0.000 9.999 0.259  0.53 0.000 0.197 0.000  1.536 0.000   2.764 0.000 99.99 0.259  11.346 0.000   5.915 0.000   5.330 0.000 0.062 0.000  0.315 0.000
345.208333 346.208333   18.02 0.000  3.88 0.000 0.008 0.000  0.71 0.000 0.183 0.000  1.851 0.000   3.332 0.000 99.99 0.259  11.426 0.000   2.486 0.000   8.941 0.000 0.145 0.000  1.103 0.000
348.208333 349.208333   32.01 0.000  0.85 0.000 9.999 0.259  0.36 0.000 0.043 0.000  0.684 0.000   1.231 0.000 99.99 0.259  17.116 0.000  13.335 0.000   3.611 0.000 0.172 0.000  0.200 0.000
351.208333 352.208333    9.21 0.000  1.37 0.000 0.020 0.000  0.35 0.000 0.155 0.000  1.218 0.000   2.192 0.000 99.99 0.259   7.042 0.000   0.913 0.000   6.079 0.000 0.040 0.000  0.923 0.000
354.208333 355.208333    9.56 0.000  0.48 0.000 0.022 0.000  0.62 0.000 0.100 0.000  1.200 0.000   2.159 0.000 99.99 0.259   6.515 0.000   2.232 0.000   4.286 0.000 0.054 0.000  0.225 0.000
357.208333 358.208333   22.85 0.000  2.98 0.000 9.999 0.259  0.89 0.000 0.249 0.559  2.276 0.000   4.096 0.000 99.99 0.259  12.202 0.000   1.668 0.000  10.448 0.000 0.060 0.000  1.176 0.559
360.208333 361.208333    3.32 0.000  0.90 0.000 0.010 0.000  0.25 0.000 0.026 0.000  0.429 0.000   0.773 0.000 99.99 0.259   7.339 0.000   4.638 0.000   2.707 0.000 0.178 0.000  0.186 0.000
363.208333 364.208333    4.02 0.000  1.25 0.000 0.009 0.000  0.12 0.000 0.018 0.000  0.378 0.000   0.681 0.000 99.99 0.259   4.447 0.000   2.173 0.000   2.274 0.000 0.181 0.000  0.194 0.000
