scripts/IMPROVE-2019_partial/data/US9076R.20060102070000.20191216000000.filterpack..pm25.52w.1w.US03L_filterpack_US9076.US03L_IMPROVE_Davis.lev2.nas
66 1001
MISSING INFORMATION
US03L, IMPROVE, , , , , , , 
MISSING INFORMATION
IMPROVE sel_HTAP
1 1
2006 01 01 2019 12 16
3.000000
days from file reference point
27
1 1 1 1 1 1 1 1 1 1 1 1 1 1 1 1 1 1 1 1 1 1 1 1 1 1 1
999.999999 9999.99 9.999 99.99 9.999 9.999 9.999999 9.99 9.999999 9.999 9.999 99.999 9.999 99.999 9.999 999.99 9.999999 999.999 9.999 999.999 9.999 999.999 9.999 9.999 9.999 9.999 9.999
end_time of measurement, days from the file reference point
iron, ng/m3, Revision date=20181210133000
numflag iron, no unit, Revision date=20181210133000
lead, ng/m3, Revision date=20181210133000
numflag lead, no unit, Revision date=20181210133000
magnesium, ug/m3, Revision date=20181210133000
numflag magnesium, no unit, Revision date=20181210133000
nickel, ng/m3, Revision date=20181210133000
numflag nickel, no unit, Revision date=20181210133000
nitrate, ug N/m3, Revision date=20181210133000
numflag nitrate, no unit, Revision date=20181210133000
organic_carbon, ug C/m3, Revision date=20181210133000
numflag organic_carbon, no unit, Revision date=20181210133000
organic_mass, ug/m3, Revision date=20181210133000
numflag organic_mass, no unit, Revision date=20181210133000
phosphorus, ng/m3, Revision date=20181210133000
numflag phosphorus, no unit, Revision date=20181210133000
pm10_mass, ug/m3, Version=2, Version description=Data extracted from http://views.cira.colostate.edu/fed/DataWizard 2019-12-16, Sample duration=1d, Orig. time res.=3d, Matrix=pm10, Blank correction=Blank corrected, Volume std. temperature=ambient, Volume std. pressure=ambient
numflag pm10_mass, no unit, Version=2, Version description=Data extracted from http://views.cira.colostate.edu/fed/DataWizard 2019-12-16, Sample duration=1d, Orig. time res.=3d, Matrix=pm10, Blank correction=Blank corrected, Volume std. temperature=ambient, Volume std. pressure=ambient
pm10_pm25_mass, ug/m3, Revision date=20181210133000, Matrix=pm10_pm25
numflag pm10_pm25_mass, no unit, Revision date=20181210133000, Matrix=pm10_pm25
pm25_mass, ug/m3, Version=2, Version description=Data extracted from http://views.cira.colostate.edu/fed/DataWizard 2019-12-16, Sample duration=1d, Orig. time res.=3d, Blank correction=Blank corrected, Volume std. temperature=ambient, Volume std. pressure=ambient
numflag pm25_mass, no unit, Version=2, Version description=Data extracted from http://views.cira.colostate.edu/fed/DataWizard 2019-12-16, Sample duration=1d, Orig. time res.=3d, Blank correction=Blank corrected, Volume std. temperature=ambient, Volume std. pressure=ambient
potassium, ug/m3, Revision date=20181210133000
numflag potassium, no unit, Revision date=20181210133000
sulphate_total, ug S/m3, Revision date=20181210133000
numflag sulphate_total, no unit, Revision date=20181210133000
0
25
Data definition:              EBAS_1.1
Set type code:                TU
Timezone:                     UTC
File name:                    US9076R.20060102070000.20191216000000.filterpack..pm25.52w.1w.US03L_filterpack_US9076.US03L_IMPROVE_Davis.lev2.nas
File creation:                20191218121044
Startdate:                    20060102070000
Revision date:                20191216000000
Statistics:                   arithmetic mean
Data level:                   2
Period code:                  52w
Resolution code:              1w
Station code:                 US9076R
Platform code:                US9076S
Station name:                 Zion Canyon
Station latitude:             37.1983
Station longitude:            -113.1508
Station altitude:             1215.0 m
Regime:                       IMG
Component:                    
Matrix:                       pm25
Laboratory code:              US03L
Instrument type:              filterpack
Instrument name:              filterpack_US9076
Method ref:                   US03L_IMPROVE_Davis
starttime endtime Fe flag_Fe Pb flag_Pb Mg++ flag_Mg++ Ni flag_Ni NO3- flag_NO3- OC flag_OC OM flag_OM P flag_P PM10 flag_PM10 PM10-PM2.5 flag_PM10-PM2.5 PM2.5 flag_PM2.5 K+ flag_K+ SO4-- flag_SO4--
[from data line 82]
247.291667 248.291667   30.51 0.000  0.37 0.000 0.008 0.000000 9.99 0.259000 0.011 0.000  0.671 0.000  1.209 0.000 999.99 0.259000  11.121 0.000   7.951 0.000   3.170 0.000 0.023 0.000 0.227 0.000
250.291667 251.291667   75.42 0.000  0.39 0.000 0.025 0.000000 0.15 0.000000 0.020 0.000  1.004 0.000  1.807 0.000 999.99 0.259000   7.937 0.000   2.945 0.000   4.992 0.000 0.103 0.000 0.141 0.000
253.291667 254.291667   44.80 0.000  0.43 0.000 0.009 0.000000 0.05 0.000000 0.013 0.000  1.006 0.000  1.812 0.000 999.99 0.259000   7.723 0.000   3.163 0.000   4.560 0.000 0.049 0.000 0.243 0.000
256.291667 257.291667   44.64 0.000  0.32 0.000 0.013 0.000000 9.99 0.259000 0.014 0.000  0.845 0.000  1.521 0.000 999.99 0.259000   7.916 0.000   4.149 0.000   3.768 0.000 0.040 0.000 0.218 0.000
259.291667 260.291667   16.23 0.000  0.08 0.000 9.999 0.259000 9.99 0.259000 0.011 0.000  0.345 0.000  0.622 0.000 999.99 0.259000   9.400 0.000   7.707 0.000   1.693 0.000 0.014 0.000 0.073 0.000
262.291667 263.291667   72.95 0.000  0.60 0.000 0.023 0.000000 0.16 0.000000 0.059 0.000  1.199 0.000  2.157 0.000 999.99 0.259000  23.707 0.000  18.645 0.000   5.063 0.000 0.080 0.000 0.152 0.000
265.291667 266.291667    8.53 0.000  0.25 0.000 9.999 0.259000 9.99 0.259000 0.009 0.000  0.170 0.000  0.306 0.000 999.99 0.259000   3.802 0.000   2.481 0.000   1.321 0.000 0.007 0.000 0.148 0.000
268.291667 269.291667   43.26 0.000  0.45 0.000 9.999 0.259000 9.99 0.259000 0.020 0.000  0.438 0.000  0.789 0.000 999.99 0.259000   8.076 0.000   5.471 0.000   2.605 0.000 0.029 0.000 0.155 0.000
271.291667 272.291667   48.20 0.000  0.44 0.000 0.010 0.000000 9.99 0.259000 0.016 0.000  0.595 0.000  1.071 0.000 999.99 0.259000  11.624 0.000   8.460 0.000   3.163 0.000 0.043 0.000 0.112 0.000
274.291667 275.291667   60.62 0.000  0.73 0.000 0.023 0.000000 0.32 0.000000 0.034 0.000  0.547 0.000  0.984 0.000 999.99 0.259000  12.227 0.000   7.768 0.000   4.459 0.000 0.051 0.000 0.382 0.000
277.291667 278.291667   36.14 0.000  0.55 0.000 0.015 0.000000 0.12 0.000000 0.016 0.000  0.694 0.000  1.250 0.000 999.99 0.259000  14.085 0.000  10.735 0.000   3.350 0.000 0.030 0.000 0.305 0.000
280.291667 281.291667   25.40 0.000  0.61 0.000 0.010 0.000000 9.99 0.259000 0.021 0.000  0.558 0.000  1.004 0.000 999.99 0.259000   5.024 0.000   2.562 0.000   2.462 0.000 0.020 0.000 0.171 0.000
283.291667 284.291667   38.42 0.000  0.74 0.000 0.017 0.000000 9.99 0.259000 0.032 0.000  0.554 0.000  0.996 0.000 999.99 0.259000   7.437 0.000   4.284 0.000   3.152 0.000 0.033 0.000 0.218 0.000
286.291667 287.291667   25.38 0.000  0.30 0.000 0.013 0.000000 9.99 0.259000 0.005 0.000  0.383 0.000  0.689 0.000 999.99 0.259000   1.597 0.000   0.043 0.000   1.555 0.000 0.017 0.000 0.060 0.000
289.291667 290.291667   12.58 0.000  0.42 0.000 9.999 0.259000 0.07 0.000000 0.011 0.000  0.270 0.000  0.485 0.000 999.99 0.259000   2.468 0.000   1.385 0.000   1.083 0.000 0.010 0.000 0.097 0.000
292.291667 293.291667   15.21 0.000  0.69 0.000 0.010 0.000000 9.99 0.259000 0.010 0.000  0.586 0.000  1.054 0.000 999.99 0.259000   6.270 0.000   4.099 0.000   2.170 0.000 0.018 0.000 0.161 0.000
295.291667 296.291667   15.69 0.000  0.38 0.000 0.008 0.000000 9.99 0.259000 0.005 0.000  0.319 0.000  0.574 0.000 999.99 0.259000   4.133 0.000   2.769 0.000   1.364 0.000 0.012 0.000 0.093 0.000
298.291667 299.291667   13.58 0.000  0.18 0.000 0.006 0.000000 9.99 0.259000 0.019 0.000  0.306 0.000  0.551 0.000 999.99 0.259000   7.502 0.000   5.865 0.000   1.637 0.000 0.012 0.000 0.066 0.000
301.291667 302.291667   17.24 0.000  0.53 0.000 9.999 0.259000 9.99 0.259000 0.007 0.000  0.241 0.000  0.433 0.000 999.99 0.259000   4.010 0.000   2.052 0.000   1.958 0.000 0.014 0.000 0.157 0.000
304.291667 305.291667   96.10 0.000  1.98 0.000 0.019 0.000000 0.26 0.000000 0.110 0.000  1.421 0.000  2.557 0.000 999.99 0.259000  23.867 0.000  16.412 0.000   7.456 0.000 0.113 0.000 0.390 0.000
307.291667 308.291667   32.13 0.000  0.91 0.000 9.999 0.259000 0.14 0.000000 0.047 0.000  0.539 0.000  0.970 0.000 999.99 0.259000   9.646 0.000   6.685 0.000   2.961 0.000 0.033 0.000 0.189 0.000
310.291667 311.291667   20.60 0.000  0.28 0.000 0.015 0.000000 9.99 0.259000 0.007 0.000  0.835 0.000  1.503 0.000 999.99 0.259000   8.427 0.000   6.029 0.000   2.398 0.000 0.018 0.000 0.048 0.000
313.291667 314.291667   19.77 0.000  0.37 0.000 9.999 0.259000 9.99 0.259000 0.009 0.000  0.453 0.000  0.815 0.000 999.99 0.259000   6.223 0.000   4.096 0.000   2.128 0.000 0.016 0.000 0.090 0.000
316.291667 317.291667   19.08 0.000  0.65 0.000 9.999 0.259000 9.99 0.259000 0.011 0.000  0.406 0.000  0.730 0.000 999.99 0.259000   6.381 0.000   4.082 0.000   2.300 0.000 0.017 0.000 0.156 0.000
319.291667 320.291667   61.54 0.000  2.33 0.000 0.022 0.000000 9.99 0.259000 0.017 0.000  0.576 0.000  1.038 0.000 999.99 0.259000  11.447 0.000   6.877 0.000   4.570 0.000 0.083 0.000 0.424 0.000
322.291667 323.291667   11.27 0.000  0.61 0.000 9.999 0.259000 9.99 0.259000 0.009 0.000  0.466 0.000  0.838 0.000 999.99 0.259000   3.244 0.000   1.538 0.000   1.707 0.000 0.012 0.000 0.115 0.000
325.291667 326.291667   62.27 0.000  1.49 0.000 0.009 0.000000 0.14 0.000000 0.017 0.000  0.736 0.000  1.325 0.000 999.99 0.259000  12.877 0.000   8.572 0.000   4.305 0.000 0.050 0.000 0.295 0.000
328.291667 329.291667   49.12 0.000  1.59 0.000 0.018 0.000000 0.12 0.000000 0.042 0.000  0.690 0.000  1.242 0.000 999.99 0.259000  12.824 0.000   9.097 0.000   3.728 0.000 0.047 0.000 0.247 0.000
331.291667 332.291667   58.76 0.000  0.25 0.000 0.018 0.000000 9.99 0.259000 0.080 0.000  0.241 0.000  0.435 0.000 999.99 0.259000   7.976 0.000   5.617 0.000   2.359 0.000 0.041 0.000 0.096 0.000
334.291667 335.291667   24.13 0.000  0.49 0.000 0.010 0.000000 0.07 0.000000 0.027 0.000  0.596 0.000  1.073 0.000 999.99 0.259000   6.213 0.000   4.285 0.000   1.927 0.000 0.022 0.000 0.066 0.000
337.291667 338.291667   15.06 0.000  0.45 0.000 0.013 0.000000 0.07 0.000000 0.027 0.000  0.384 0.000  0.692 0.000 999.99 0.259000   3.974 0.000   2.539 0.000   1.435 0.000 0.013 0.000 0.093 0.000
340.291667 341.291667   28.10 0.000  0.24 0.000 0.010 0.000000 9.99 0.259000 0.009 0.000  0.264 0.000  0.475 0.000 999.99 0.259000   5.200 0.000   3.699 0.000   1.502 0.000 0.020 0.000 0.075 0.000
343.291667 344.291667   20.94 0.000  0.63 0.000 9.999 0.259000 9.99 0.259000 0.040 0.000  0.420 0.000  0.756 0.000 999.99 0.259000   5.908 0.000   3.796 0.000   2.112 0.000 0.022 0.000 0.133 0.000
346.291667 347.291667   11.98 0.000  0.31 0.000 9.999 0.259000 9.99 0.259000 0.027 0.000  0.631 0.000  1.137 0.000 999.99 0.259000   4.127 0.000   2.534 0.000   1.592 0.000 0.021 0.000 0.063 0.000
349.291667 350.291667   16.87 0.000  0.25 0.000 9.999 0.259000 9.99 0.259000 0.071 0.000  0.542 0.000  0.975 0.000 999.99 0.259000   5.076 0.000   3.260 0.000   1.817 0.000 0.033 0.000 0.102 0.000
352.291667 353.291667    9.96 0.000  0.26 0.000 0.004 0.000000 0.09 0.000000 0.381 0.000  0.445 0.000  0.801 0.000 999.99 0.259000   5.733 0.000   1.742 0.000   3.991 0.000 0.012 0.000 0.305 0.000
355.291667 356.291667   29.82 0.000  0.20 0.000 9.999 0.259000 0.14 0.000000 0.091 0.000  0.336 0.000  0.604 0.000 999.99 0.259000   3.485 0.000   1.460 0.000   2.025 0.000 0.025 0.000 0.090 0.000
358.291667 359.291667   44.64 0.000  0.27 0.000 0.023 0.000000 9.99 0.259000 0.006 0.000  0.240 0.000  0.433 0.000 999.99 0.259000   2.810 0.000   0.837 0.000   1.973 0.000 0.030 0.000 0.041 0.000
361.291667 362.291667    6.44 0.000  0.09 0.000 9.999 0.259000 0.23 0.000000 0.027 0.000  0.200 0.000  0.359 0.000 999.99 0.259000   2.891 0.000   2.215 0.000   0.676 0.000 0.009 0.000 0.072 0.000
364.291667 365.291667   33.96 0.000  2.85 0.000 9.999 0.259000 0.05 0.000000 0.125 0.000  0.527 0.000  0.948 0.000 999.99 0.259000   4.139 0.000   1.093 0.000   3.046 0.000 0.030 0.000 0.194 0.000
