scripts/IMPROVE-2019_partial/data/US9027R.20040101080000.20191216000000.filterpack..pm25.52w.1w.US03L_filterpack_US9027.US03L_IMPROVE_Davis.lev2.nas
66 1001
MISSING INFORMATION
US03L, IMPROVE, , , , , , , 
MISSING INFORMATION
IMPROVE sel_HTAP
1 1
2004 01 01 2019 12 16
0
days from file reference point
27
1 1 1 1 1 1 1 1 1 1 1 1 1 1 1 1 1 1 1 1 1 1 1 1 1 1 1
999.999999 999.99 9.999 99.99 9.999 9.999 9.999999 99.99 9.999999 9.999 9.999 99.999 9.999 999.999 9.999 99.99 9.999999 999.999 9.999 99.999 9.999 999.999 9.999 9.999 9.999 99.999 9.999
end_time of measurement, days from the file reference point
iron, ng/m3, Revision date=20181210133000
numflag iron, no unit, Revision date=20181210133000
lead, ng/m3, Revision date=20181210133000
numflag lead, no unit, Revision date=20181210133000
magnesium, ug/m3, Revision date=20181210133000
numflag magnesium, no unit, Revision date=20181210133000
nickel, ng/m3, Revision date=20181210133000
numflag nickel, no unit, Revision date=20181210133000
nitrate, ug N/m3, Revision date=20181210133000
numflag nitrate, no unit, Revision date=20181210133000
organic_carbon, ug C/m3, Revision date=20181210133000
numflag organic_carbon, no unit, Revision date=20181210133000
organic_mass, ug/m3, Revision date=20181210133000
numflag organic_mass, no unit, Revision date=20181210133000
phosphorus, ng/m3, Revision date=20181210133000
numflag phosphorus, no unit, Revision date=20181210133000
pm10_mass, ug/m3, Version=2, Version description=Data extracted from http://views.cira.colostate.edu/fed/DataWizard 2019-12-16, Sample duration=1d, Orig. time res.=3d, Matrix=pm10, Blank correction=Blank corrected, Volume std. temperature=ambient, Volume std. pressure=ambient
numflag pm10_mass, no unit, Version=2, Version description=Data extracted from http://views.cira.colostate.edu/fed/DataWizard 2019-12-16, Sample duration=1d, Orig. time res.=3d, Matrix=pm10, Blank correction=Blank corrected, Volume std. temperature=ambient, Volume std. pressure=ambient
pm10_pm25_mass, ug/m3, Revision date=20181210133000, Matrix=pm10_pm25
numflag pm10_pm25_mass, no unit, Revision date=20181210133000, Matrix=pm10_pm25
pm25_mass, ug/m3, Version=2, Version description=Data extracted from http://views.cira.colostate.edu/fed/DataWizard 2019-12-16, Sample duration=1d, Orig. time res.=3d, Blank correction=Blank corrected, Volume std. temperature=ambient, Volume std. pressure=ambient
numflag pm25_mass, no unit, Version=2, Version description=Data extracted from http://views.cira.colostate.edu/fed/DataWizard 2019-12-16, Sample duration=1d, Orig. time res.=3d, Blank correction=Blank corrected, Volume std. temperature=ambient, Volume std. pressure=ambient
potassium, ug/m3, Revision date=20181210133000
numflag potassium, no unit, Revision date=20181210133000
sulphate_total, ug S/m3, Revision date=20181210133000
numflag sulphate_total, no unit, Revision date=20181210133000
0
25
Data definition:              EBAS_1.1
Set type code:                TI
Timezone:                     UTC
File name:                    US9027R.20040101080000.20191216000000.filterpack..pm25.52w.1w.US03L_filterpack_US9027.US03L_IMPROVE_Davis.lev2.nas
File creation:                20191218120701
Startdate:                    20040101080000
Revision date:                20191216000000
Statistics:                   arithmetic mean
Data level:                   2
Period code:                  52w
Resolution code:              1w
Station code:                 US9027R
Platform code:                US9027S
Station name:                 North Cascades
Station latitude:             48.7316
Station longitude:            -121.0646
Station altitude:             568.0 m
Regime:                       IMG
Component:                    
Matrix:                       pm25
Laboratory code:              US03L
Instrument type:              filterpack
Instrument name:              filterpack_US9027
Method ref:                   US03L_IMPROVE_Davis
starttime endtime Fe flag_Fe Pb flag_Pb Mg++ flag_Mg++ Ni flag_Ni NO3- flag_NO3- OC flag_OC OM flag_OM P flag_P PM10 flag_PM10 PM10-PM2.5 flag_PM10-PM2.5 PM2.5 flag_PM2.5 K+ flag_K+ SO4-- flag_SO4--
[from data line 82]
249.333333 250.333333   2.70 0.000  0.54 0.000 0.079 0.000000  0.23 0.000000 0.055 0.000  1.048 0.000   1.467 0.000 99.99 0.259000   6.616 0.000  2.600 0.000   4.016 0.000 0.017 0.000  0.366 0.000
252.333333 253.333333   2.45 0.000  0.40 0.000 0.099 0.000000  0.10 0.000000 0.019 0.000  0.426 0.000   0.596 0.000 99.99 0.259000   3.227 0.000  1.650 0.000   1.577 0.000 0.007 0.000  0.138 0.000
255.333333 256.333333   1.93 0.000  0.38 0.000 9.999 0.259000  0.12 0.000000 0.039 0.000  0.277 0.000   0.388 0.000 99.99 0.259000   4.438 0.000  2.594 0.000   1.844 0.000 0.012 0.000  0.148 0.000
258.333333 259.333333   1.10 0.000 99.99 0.259 9.999 0.259000 99.99 0.259000 0.013 0.000  0.269 0.000   0.377 0.000 99.99 0.259000   2.217 0.000  1.319 0.000   0.898 0.000 0.005 0.000  0.070 0.000
261.333333 262.333333   0.51 0.000  0.31 0.000 0.134 0.000000  0.11 0.000000 9.999 0.259  0.129 0.000   0.180 0.000 99.99 0.259000   2.121 0.000  1.594 0.000   0.527 0.000 0.004 0.000  0.026 0.000
264.333333 265.333333   3.53 0.000  0.50 0.000 0.152 0.000000  0.21 0.000000 0.025 0.000  0.870 0.000   1.218 0.000 99.99 0.259000   6.235 0.000  3.641 0.000   2.594 0.000 0.012 0.000  0.171 0.000
267.333333 268.333333   3.51 0.000  0.39 0.000 0.094 0.000000  0.15 0.000000 0.009 0.000  0.764 0.000   1.070 0.000 99.99 0.259000   8.857 0.000  6.955 0.000   1.902 0.000 0.015 0.000  0.070 0.000
270.333333 271.333333  11.19 0.000  1.01 0.000 9.999 0.259000 99.99 0.259000 0.007 0.000  1.482 0.000   2.075 0.000  9.13 0.000000  12.690 0.000  8.809 0.000   3.882 0.000 0.025 0.000  0.173 0.000
273.333333 274.333333  11.19 0.000  0.46 0.000 9.999 0.259000  0.13 0.000000 0.025 0.000  1.103 0.000   1.544 0.000 99.99 0.259000   7.818 0.000  4.855 0.000   2.962 0.000 0.022 0.000  0.123 0.000
276.333333 277.333333   7.65 0.000  0.40 0.000 9.999 0.259000  0.08 0.000000 0.005 0.000  1.192 0.000   1.669 0.000 99.99 0.259000   7.697 0.000  4.907 0.000   2.790 0.000 0.016 0.000  0.070 0.000
279.333333 280.333333   6.44 0.000  0.48 0.000 9.999 0.259000  0.10 0.000000 0.023 0.000  0.400 0.000   0.560 0.000 99.99 0.259000   4.191 0.000  2.264 0.000   1.927 0.000 0.012 0.000  0.160 0.000
282.333333 283.333333   0.49 0.000  0.23 0.000 9.999 0.259000 99.99 0.259000 0.005 0.000  0.091 0.000   0.128 0.000 99.99 0.259000   1.405 0.000  0.966 0.000   0.440 0.000 0.005 0.000  0.022 0.000
285.333333 286.333333   6.75 0.000  0.52 0.000 9.999 0.259000 99.99 0.259000 0.021 0.000  1.104 0.000   1.545 0.000 99.99 0.259000   9.525 0.000  7.398 0.000   2.127 0.000 0.015 0.000  0.099 0.000
288.333333 289.333333   7.71 0.000  0.96 0.000 0.088 0.000000  0.13 0.000000 0.012 0.000  0.661 0.000   0.926 0.000 99.99 0.259000   6.076 0.000  3.730 0.000   2.346 0.000 0.013 0.000  0.155 0.000
291.333333 292.333333   1.52 0.000  0.18 0.000 0.110 0.000000  0.16 0.000000 0.009 0.000  0.201 0.000   0.281 0.000 99.99 0.259000   2.150 0.000  1.297 0.000   0.853 0.000 0.007 0.000  0.052 0.000
294.333333 295.333333   5.01 0.000  0.85 0.000 0.111 0.000000  0.20 0.000000 0.012 0.000  1.235 0.000   1.729 0.000 99.99 0.259000   4.795 0.000  1.246 0.000   3.549 0.000 0.039 0.000  0.222 0.000
297.333333 298.333333   1.49 0.000  0.18 0.000 9.999 0.259000  0.15 0.000000 0.014 0.000  0.165 0.000   0.231 0.000 99.99 0.259000   1.663 0.000  0.864 0.000   0.799 0.000 0.007 0.000  0.076 0.000
300.333333 301.333333   6.76 0.000  0.93 0.000 0.072 0.000000  0.17 0.000000 0.008 0.000  1.286 0.000   1.800 0.000 99.99 0.259000   4.936 0.000  1.338 0.000   3.599 0.000 0.030 0.000  0.152 0.000
303.333333 304.333333   1.93 0.000  0.37 0.000 0.072 0.000000  0.16 0.000000 0.007 0.000  0.116 0.000   0.163 0.000 99.99 0.259000   1.506 0.000  0.741 0.000   0.765 0.000 0.006 0.000  0.063 0.000
306.333333 307.333333   1.18 0.000  0.37 0.000 0.076 0.000000  0.20 0.000000 0.030 0.000  0.729 0.000   1.020 0.000 99.99 0.259000   2.566 0.000  1.175 0.000   1.390 0.000 0.015 0.000  0.096 0.000
309.333333 310.333333  17.54 0.000  1.08 0.000 9.999 0.259000 99.99 0.259000 0.013 0.000  0.584 0.000   0.817 0.000 99.99 0.259000   3.472 0.000  1.268 0.000   2.204 0.000 0.025 0.000  0.157 0.000
312.333333 313.333333   2.70 0.000  0.44 0.000 0.091 0.000000  0.15 0.000000 0.004 0.000  0.320 0.000   0.448 0.000 99.99 0.259000   3.160 0.000  2.322 0.000   0.838 0.000 0.008 0.000  0.061 0.000
315.333333 316.333333   5.57 0.559  0.67 0.559 9.999 0.559259 99.99 0.559259 0.009 0.000  2.582 0.000   3.614 0.000 99.99 0.559259   7.283 0.000  1.236 0.000   6.047 0.559 0.067 0.559  0.172 0.000
318.333333 319.333333   2.93 0.000  0.52 0.000 0.068 0.000000 99.99 0.259000 0.006 0.000  0.421 0.000   0.589 0.000 99.99 0.259000   2.483 0.000  1.101 0.000   1.383 0.000 0.011 0.000  0.103 0.000
321.333333 322.333333   1.77 0.000  0.21 0.000 9.999 0.259000  0.10 0.000000 0.012 0.000  0.113 0.000   0.158 0.000 99.99 0.259000   1.695 0.000  0.711 0.000   0.984 0.000 0.006 0.000  0.086 0.000
324.333333 325.333333   0.80 0.000  0.21 0.000 9.999 0.259000 99.99 0.259000 0.008 0.000  0.124 0.000   0.173 0.000 99.99 0.259000   1.075 0.000  0.380 0.000   0.694 0.000 0.006 0.000  0.046 0.000
327.333333 328.333333   0.38 0.000  0.21 0.000 9.999 0.259000  0.13 0.000000 0.004 0.000  0.078 0.000   0.109 0.000 99.99 0.259000   0.745 0.000  0.571 0.000   0.174 0.000 0.004 0.000  0.009 0.000
330.333333 331.333333   0.85 0.000  0.26 0.000 9.999 0.259000  0.13 0.000000 0.043 0.000  0.240 0.000   0.337 0.000 99.99 0.259000   2.150 0.000  0.881 0.000   1.268 0.000 0.008 0.000  0.092 0.000
333.333333 334.333333   2.63 0.000  0.17 0.000 9.999 0.259000 99.99 0.259000 0.004 0.000  0.050 0.000   0.070 0.000 99.99 0.259000   0.579 0.000  0.230 0.000   0.349 0.000 0.003 0.000  0.030 0.000
336.333333 337.333333   0.70 0.000  0.27 0.000 9.999 0.259000 99.99 0.259000 0.003 0.000  0.174 0.000   0.244 0.000 99.99 0.259000   0.827 0.000  0.358 0.000   0.469 0.000 0.006 0.000  0.037 0.000
339.333333 340.333333   0.27 0.000  0.11 0.000 9.999 0.259000  0.13 0.000000 0.013 0.000  0.079 0.000   0.110 0.000 99.99 0.259000   1.199 0.000  0.537 0.000   0.661 0.000 0.004 0.000  0.062 0.000
342.333333 343.333333   0.24 0.000  0.14 0.000 9.999 0.259000  0.17 0.000000 0.008 0.000 99.999 0.259 999.999 0.259 99.99 0.259000   0.665 0.000  0.338 0.000   0.328 0.000 0.002 0.000  0.017 0.000
345.333333 346.333333   0.75 0.000  0.14 0.000 0.031 0.000000  0.18 0.000000 0.015 0.000  0.035 0.000   0.049 0.000 99.99 0.259000   1.248 0.000  0.535 0.000   0.712 0.000 0.004 0.000  0.047 0.000
348.333333 349.333333   0.59 0.000  0.31 0.000 9.999 0.259000  0.10 0.000000 0.004 0.000  0.015 0.000   0.020 0.000 99.99 0.259000   0.711 0.000  0.354 0.000   0.356 0.000 0.002 0.000  0.018 0.000
351.333333 352.333333   2.70 0.000 99.99 0.259 9.999 0.259000  0.11 0.000000 0.003 0.000  0.161 0.000   0.226 0.000 99.99 0.259000   0.951 0.000  0.396 0.000   0.554 0.000 0.004 0.000  0.020 0.000
354.333333 355.333333   0.97 0.000  0.29 0.000 9.999 0.259000  0.16 0.000000 0.046 0.000  0.133 0.000   0.186 0.000 99.99 0.259000   3.119 0.000  1.265 0.000   1.854 0.000 0.012 0.000  0.135 0.000
357.333333 358.333333   6.59 0.000  0.21 0.000 9.999 0.259000  0.07 0.000000 0.004 0.000  0.099 0.000   0.138 0.000 99.99 0.259000   0.915 0.000  0.206 0.000   0.709 0.000 0.004 0.000  0.063 0.000
360.333333 361.333333   0.84 0.000  0.24 0.000 9.999 0.259000 99.99 0.259000 0.004 0.000  0.244 0.000   0.342 0.000 99.99 0.259000   1.331 0.000  0.173 0.000   1.157 0.000 0.006 0.000  0.060 0.000
363.333333 364.333333   1.99 0.000  0.37 0.000 9.999 0.259000 99.99 0.259000 0.005 0.000  0.168 0.000   0.236 0.000 99.99 0.259000   0.740 0.000  0.114 0.000   0.626 0.000 0.005 0.000  0.044 0.000
