scripts/IMPROVE-2019_partial/data/US9049R.20010101070000.20191216000000.filterpack..pm25.52w.1w.US03L_filterpack_US9049.US03L_IMPROVE_Davis.lev2.nas
64 1001
MISSING INFORMATION
US03L, IMPROVE, , , , , , , 
MISSING INFORMATION
IMPROVE sel_HTAP
1 1
2001 01 01 2019 12 16
3.000000
days from file reference point
25
1 1 1 1 1 1 1 1 1 1 1 1 1 1 1 1 1 1 1 1 1 1 1 1 1
999.999999 9999.99 9.999999 99.99 9.999999 9.999 9.999999 9.99 9.999999999 9.999 9.999999 99.999 9.999 99.999 9.999 999.999 9.999 999.999 9.999 999.999 9.999 9.999 9.999999 9.999 9.999999
end_time of measurement, days from the file reference point
iron, ng/m3, Revision date=20181210133000
numflag iron, no unit, Revision date=20181210133000
lead, ng/m3, Revision date=20181210133000
numflag lead, no unit, Revision date=20181210133000
magnesium, ug/m3, Revision date=20181210133000
numflag magnesium, no unit, Revision date=20181210133000
nickel, ng/m3, Revision date=20181210133000
numflag nickel, no unit, Revision date=20181210133000
nitrate, ug N/m3, Revision date=20181210133000
numflag nitrate, no unit, Revision date=20181210133000
organic_carbon, ug C/m3, Revision date=20181210133000
numflag organic_carbon, no unit, Revision date=20181210133000
organic_mass, ug/m3, Revision date=20181210133000
numflag organic_mass, no unit, Revision date=20181210133000
pm10_mass, ug/m3, Version=2, Version description=Data extracted from http://views.cira.colostate.edu/fed/DataWizard 2019-12-16, Sample duration=1d, Orig. time res.=3d, Matrix=pm10, Blank correction=Blank corrected, Volume std. temperature=ambient, Volume std. pressure=ambient
numflag pm10_mass, no unit, Version=2, Version description=Data extracted from http://views.cira.colostate.edu/fed/DataWizard 2019-12-16, Sample duration=1d, Orig. time res.=3d, Matrix=pm10, Blank correction=Blank corrected, Volume std. temperature=ambient, Volume std. pressure=ambient
pm10_pm25_mass, ug/m3, Revision date=20181210133000, Matrix=pm10_pm25
numflag pm10_pm25_mass, no unit, Revision date=20181210133000, Matrix=pm10_pm25
pm25_mass, ug/m3, Version=2, Version description=Data extracted from http://views.cira.colostate.edu/fed/DataWizard 2019-12-16, Sample duration=1d, Orig. time res.=3d, Blank correction=Blank corrected, Volume std. temperature=ambient, Volume std. pressure=ambient
numflag pm25_mass, no unit, Version=2, Version description=Data extracted from http://views.cira.colostate.edu/fed/DataWizard 2019-12-16, Sample duration=1d, Orig. time res.=3d, Blank correction=Blank corrected, Volume std. temperature=ambient, Volume std. pressure=ambient
potassium, ug/m3, Revision date=20181210133000
numflag potassium, no unit, Revision date=20181210133000
sulphate_total, ug S/m3, Revision date=20181210133000
numflag sulphate_total, no unit, Revision date=20181210133000
0
25
Data definition:              EBAS_1.1
Set type code:                TU
Timezone:                     UTC
File name:                    US9049R.20010101070000.20191216000000.filterpack..pm25.52w.1w.US03L_filterpack_US9049.US03L_IMPROVE_Davis.lev2.nas
File creation:                20191218120848
Startdate:                    20010101070000
Revision date:                20191216000000
Statistics:                   arithmetic mean
Data level:                   2
Period code:                  52w
Resolution code:              1w
Station code:                 US9049R
Platform code:                US9049S
Station name:                 Weminuche Wilderness
Station latitude:             37.6594
Station longitude:            -107.7999
Station altitude:             2750.0 m
Regime:                       IMG
Component:                    
Matrix:                       pm25
Laboratory code:              US03L
Instrument type:              filterpack
Instrument name:              filterpack_US9049
Method ref:                   US03L_IMPROVE_Davis
starttime endtime Fe flag_Fe Pb flag_Pb Mg++ flag_Mg++ Ni flag_Ni NO3- flag_NO3- OC flag_OC OM flag_OM PM10 flag_PM10 PM10-PM2.5 flag_PM10-PM2.5 PM2.5 flag_PM2.5 K+ flag_K+ SO4-- flag_SO4--
[from data line 81]
243.291667 244.291667   13.16 0.000000  0.19 0.000000 9.999 0.259000 9.99 0.259000000 0.023 0.559000  0.384 0.000  0.537 0.000   3.657 0.000   1.733 0.000   1.924 0.000 0.023 0.000000 0.204 0.559000
246.291667 247.291667   20.38 0.000000  0.43 0.000000 9.999 0.259000 9.99 0.259000000 0.011 0.000000  1.126 0.000  1.576 0.000   6.146 0.000   2.018 0.000   4.128 0.000 0.033 0.000000 0.287 0.000000
249.291667 250.291667   26.64 0.000000  0.28 0.000000 9.999 0.259000 9.99 0.259000000 0.011 0.000000  0.270 0.000  0.379 0.000   4.232 0.000   2.868 0.000   1.364 0.000 0.016 0.000000 0.071 0.000000
252.291667 253.291667   29.68 0.000000  0.19 0.000000 9.999 0.259000 9.99 0.259000000 0.010 0.000000  0.649 0.000  0.909 0.000   5.188 0.000   3.044 0.000   2.144 0.000 0.016 0.000000 0.078 0.000000
255.291667 256.291667   16.18 0.000000  0.28 0.000000 9.999 0.259000 9.99 0.259000000 0.011 0.000000  0.410 0.000  0.574 0.000   4.602 0.000   2.393 0.000   2.210 0.000 9.999 0.259000 0.247 0.000000
258.291667 259.291667   23.45 0.000000  0.25 0.000000 9.999 0.259000 9.99 0.259000000 0.019 0.000000  0.194 0.000  0.271 0.000   4.382 0.000   2.468 0.000   1.914 0.000 0.020 0.000000 0.202 0.000000
261.291667 262.291667   16.82 0.000000  0.18 0.000000 9.999 0.259000 9.99 0.259000000 0.010 0.559000  0.556 0.000  0.778 0.000   3.553 0.000   1.381 0.000   2.172 0.000 0.012 0.000000 0.139 0.559000
264.291667 265.291667   22.69 0.000000  0.33 0.000000 9.999 0.259000 9.99 0.259000000 0.011 0.000000  0.696 0.000  0.974 0.000   6.379 0.000   3.351 0.000   3.029 0.000 0.025 0.000000 0.254 0.000000
267.291667 268.291667   33.72 0.394000  0.48 0.394000 9.999 0.394259 9.99 0.394259000 0.014 0.394000  0.979 0.000  1.370 0.000   8.539 0.000   4.339 0.000   4.200 0.000 0.033 0.394000 0.283 0.394000
270.291667 271.291667   35.25 0.000000  0.41 0.000000 9.999 0.259000 0.07 0.000000000 0.014 0.000000  1.002 0.000  1.403 0.000   9.053 0.000   4.433 0.000   4.619 0.000 0.021 0.000000 0.352 0.000000
273.291667 274.291667   19.15 0.000000  0.32 0.000000 9.999 0.259000 9.99 0.259000000 0.010 0.000000  0.901 0.000  1.261 0.000   5.999 0.000   2.089 0.000   3.910 0.000 0.028 0.000000 0.338 0.000000
276.291667 277.291667   29.94 0.000000  0.39 0.000000 0.017 0.000000 9.99 0.259000000 0.013 0.000000  0.332 0.000  0.465 0.000   5.043 0.000   2.645 0.000   2.398 0.000 0.022 0.000000 0.156 0.000000
279.291667 280.291667   14.64 0.000000  0.35 0.000000 9.999 0.259000 9.99 0.259000000 0.016 0.000000  0.444 0.000  0.621 0.000   4.051 0.000   1.260 0.000   2.791 0.000 0.013 0.000000 0.278 0.000000
282.291667 283.291667   13.57 0.000000  0.29 0.000000 9.999 0.259000 9.99 0.259000000 0.013 0.000000  0.399 0.000  0.559 0.000   2.687 0.000   0.982 0.000   1.704 0.000 0.008 0.000000 0.113 0.000000
285.291667 286.291667   10.61 0.000000  0.37 0.000000 9.999 0.259000 9.99 0.259000000 0.006 0.559000  0.049 0.000  0.069 0.000   1.233 0.000   0.507 0.000   0.726 0.000 9.999 0.259000 0.057 0.559000
288.291667 289.291667   37.05 0.000000  0.59 0.000000 9.999 0.259000 9.99 0.259000000 0.016 0.000000  1.088 0.000  1.523 0.000   6.474 0.000   3.110 0.000   3.365 0.000 0.026 0.000000 0.122 0.000000
291.291667 292.291667   25.69 0.000000  0.57 0.000000 9.999 0.259000 9.99 0.259000000 0.008 0.559000  0.287 0.000  0.402 0.000   4.191 0.000   2.790 0.000   1.401 0.000 0.015 0.000000 0.051 0.559000
294.291667 295.291667   11.11 0.000000  0.40 0.000000 9.999 0.259000 9.99 0.259000000 0.011 0.000000  0.399 0.000  0.559 0.000   2.329 0.000   0.991 0.000   1.338 0.000 0.011 0.000000 0.118 0.000000
297.291667 298.291667   11.33 0.000000 99.99 0.259000 9.999 0.259000 0.04 0.000000000 0.005 0.000000  0.019 0.000  0.027 0.000   1.488 0.000   0.800 0.000   0.688 0.000 9.999 0.259000 0.035 0.000000
300.291667 301.291667   20.02 0.000000  0.77 0.000000 9.999 0.259000 0.19 0.000000000 0.015 0.000000  0.702 0.000  0.982 0.000   5.952 0.000   1.792 0.000   4.160 0.000 0.023 0.000000 0.493 0.000000
303.291667 304.291667   11.20 0.000000  0.29 0.000000 9.999 0.259000 9.99 0.259000000 0.007 0.559000  0.384 0.000  0.538 0.000   2.370 0.000   0.792 0.000   1.578 0.000 9.999 0.259000 0.150 0.559000
306.291667 307.291667    8.75 0.000000  0.40 0.000000 9.999 0.259000 9.99 0.259000000 0.008 0.000000  0.307 0.000  0.429 0.000   2.480 0.000   1.133 0.000   1.347 0.000 9.999 0.259000 0.130 0.000000
309.291667 310.291667   15.70 0.000000 99.99 0.259000 9.999 0.259000 0.17 0.000000000 0.023 0.559000  0.297 0.000  0.416 0.000   4.692 0.000   1.458 0.000   3.234 0.000 0.006 0.000000 0.450 0.559000
312.291667 313.291667    7.84 0.000000  0.45 0.000000 9.999 0.259000 9.99 0.259000000 0.039 0.559000  0.338 0.000  0.474 0.000   2.537 0.000   0.675 0.000   1.862 0.000 0.006 0.000000 0.205 0.559000
315.291667 316.291667   30.26 0.000000  0.62 0.000000 9.999 0.259000 9.99 0.259000000 0.021 0.559000  0.366 0.000  0.512 0.000   6.196 0.000   3.282 0.000   2.914 0.000 0.026 0.000000 0.285 0.559000
318.291667 319.291667   16.08 0.000000  0.59 0.000000 9.999 0.259000 9.99 0.259000000 0.013 0.559000  0.220 0.000  0.308 0.000   3.472 0.000   1.545 0.000   1.927 0.000 0.012 0.000000 0.194 0.559000
321.291667 322.291667   10.76 0.559000  0.33 0.559000 9.999 0.559259 9.99 0.559259000 0.009 0.559000  0.375 0.000  0.525 0.000   3.036 0.000   1.160 0.000   1.876 0.559 0.009 0.559000 0.187 0.559000
324.291667 325.291667    9.37 0.000000 99.99 0.259000 9.999 0.259000 9.99 0.259000000 0.005 0.000000  0.186 0.000  0.260 0.000   1.943 0.000   0.775 0.000   1.168 0.000 0.011 0.000000 0.046 0.000000
327.291667 328.291667    6.46 0.000000  0.18 0.000000 9.999 0.259000 9.99 0.259000000 0.011 0.000000  0.229 0.000  0.321 0.000   1.715 0.000   0.751 0.000   0.965 0.000 0.008 0.000000 0.034 0.000000
330.291667 331.291667 9999.99 0.456000 99.99 0.456000 9.999 0.456000 9.99 0.456000000 0.009 0.000000  0.191 0.000  0.267 0.000   2.127 0.000 999.999 0.999 999.999 0.456 9.999 0.456000 0.083 0.000000
333.291667 334.291667    6.56 0.000000 99.99 0.259000 9.999 0.259000 9.99 0.259000000 0.009 0.000000  0.281 0.000  0.394 0.000   3.138 0.000   1.402 0.000   1.736 0.000 0.009 0.000000 0.128 0.000000
336.291667 337.291667   21.49 0.000000  0.72 0.000000 9.999 0.259000 9.99 0.259000000 0.012 0.559000  0.598 0.000  0.837 0.000   4.727 0.000   2.896 0.000   1.831 0.000 0.014 0.000000 0.083 0.559000
339.291667 340.291667   18.83 0.000000 99.99 0.259000 9.999 0.259000 9.99 0.259000000 0.010 0.559000  0.245 0.000  0.343 0.000   3.659 0.000   2.507 0.000   1.152 0.000 0.012 0.000000 0.052 0.559000
342.291667 343.291667   13.98 0.000000  0.49 0.000000 9.999 0.259000 9.99 0.259000000 0.008 0.559000  0.273 0.000  0.382 0.000   2.301 0.000   1.230 0.000   1.071 0.000 0.011 0.000000 0.066 0.559000
345.291667 346.291667   10.75 0.000000  0.58 0.000000 9.999 0.259000 9.99 0.259000000 0.077 0.559000  0.350 0.000  0.490 0.000   3.556 0.000   1.842 0.000   1.714 0.000 0.011 0.000000 0.177 0.559000
348.291667 349.291667    7.66 0.000000  0.98 0.000000 9.999 0.259000 9.99 0.259000000 0.027 0.559000  0.347 0.000  0.486 0.000   2.038 0.000   0.764 0.000   1.274 0.000 0.012 0.000000 0.119 0.559000
351.291667 352.291667   10.21 0.000000  0.27 0.000000 9.999 0.259000 9.99 0.259000000 0.007 0.559000  0.165 0.000  0.231 0.000   1.987 0.000   1.292 0.000   0.695 0.000 0.008 0.000000 0.056 0.559000
354.291667 355.291667   14.35 0.000000  0.60 0.000000 9.999 0.259000 9.99 0.259000000 0.058 0.559000  0.393 0.000  0.550 0.000   5.271 0.000   3.978 0.000   1.293 0.000 0.025 0.000000 0.069 0.559000
357.291667 358.291667    4.32 0.000000  0.40 0.000000 9.999 0.259000 9.99 0.259000000 0.000 0.559000  0.157 0.000  0.220 0.000   1.164 0.000   0.897 0.000   0.267 0.000 0.005 0.000000 0.018 0.559000
360.291667 361.291667    6.22 0.000000  0.26 0.000000 9.999 0.259000 9.99 0.259000000 0.003 0.559000  0.262 0.000  0.367 0.000   2.329 0.000   1.824 0.000   0.504 0.000 0.005 0.000000 0.030 0.559000
363.291667 364.291667    3.30 0.000000 99.99 0.259000 9.999 0.259000 9.99 0.259000000 0.016 0.559000  0.644 0.000  0.902 0.000   2.287 0.000   0.353 0.000   1.934 0.000 0.008 0.000000 0.146 0.559000
