scripts/IMPROVE-2019_partial/data/US9052R.20010101050000.20191216000000.filterpack..pm25.52w.1w.US03L_filterpack_US9052.US03L_IMPROVE_Davis.lev2.nas
62 1001
MISSING INFORMATION
US03L, IMPROVE, , , , , , , 
MISSING INFORMATION
IMPROVE sel_HTAP
1 1
2001 01 01 2019 12 16
3.000000
days from file reference point
23
1 1 1 1 1 1 1 1 1 1 1 1 1 1 1 1 1 1 1 1 1 1 1
999.999999 9999.99 9.999 99.99 9.999 99.99 9.999999 9.999 9.999 99.999 9.999 99.999 9.999 999.999 9.999 999.999 9.999 999.999 9.999 9.999 9.999 99.999 9.999
end_time of measurement, days from the file reference point
iron, ng/m3, Revision date=20181210133000
numflag iron, no unit, Revision date=20181210133000
lead, ng/m3, Revision date=20181210133000
numflag lead, no unit, Revision date=20181210133000
nickel, ng/m3, Revision date=20181210133000
numflag nickel, no unit, Revision date=20181210133000
nitrate, ug N/m3, Revision date=20181210133000
numflag nitrate, no unit, Revision date=20181210133000
organic_carbon, ug C/m3, Revision date=20181210133000
numflag organic_carbon, no unit, Revision date=20181210133000
organic_mass, ug/m3, Revision date=20181210133000
numflag organic_mass, no unit, Revision date=20181210133000
pm10_mass, ug/m3, Version=2, Version description=Data extracted from http://views.cira.colostate.edu/fed/DataWizard 2019-12-16, Sample duration=1d, Orig. time res.=3d, Matrix=pm10, Blank correction=Blank corrected, Volume std. temperature=ambient, Volume std. pressure=ambient
numflag pm10_mass, no unit, Version=2, Version description=Data extracted from http://views.cira.colostate.edu/fed/DataWizard 2019-12-16, Sample duration=1d, Orig. time res.=3d, Matrix=pm10, Blank correction=Blank corrected, Volume std. temperature=ambient, Volume std. pressure=ambient
pm10_pm25_mass, ug/m3, Revision date=20181210133000, Matrix=pm10_pm25
numflag pm10_pm25_mass, no unit, Revision date=20181210133000, Matrix=pm10_pm25
pm25_mass, ug/m3, Version=2, Version description=Data extracted from http://views.cira.colostate.edu/fed/DataWizard 2019-12-16, Sample duration=1d, Orig. time res.=3d, Blank correction=Blank corrected, Volume std. temperature=ambient, Volume std. pressure=ambient
numflag pm25_mass, no unit, Version=2, Version description=Data extracted from http://views.cira.colostate.edu/fed/DataWizard 2019-12-16, Sample duration=1d, Orig. time res.=3d, Blank correction=Blank corrected, Volume std. temperature=ambient, Volume std. pressure=ambient
potassium, ug/m3, Revision date=20181210133000
numflag potassium, no unit, Revision date=20181210133000
sulphate_total, ug S/m3, Revision date=20181210133000
numflag sulphate_total, no unit, Revision date=20181210133000
0
25
Data definition:              EBAS_1.1
Set type code:                TU
Timezone:                     UTC
File name:                    US9052R.20010101050000.20191216000000.filterpack..pm25.52w.1w.US03L_filterpack_US9052.US03L_IMPROVE_Davis.lev2.nas
File creation:                20191218120901
Startdate:                    20010101050000
Revision date:                20191216000000
Statistics:                   arithmetic mean
Data level:                   2
Period code:                  52w
Resolution code:              1w
Station code:                 US9052R
Platform code:                US9052S
Station name:                 St. Marks
Station latitude:             30.0926
Station longitude:            -84.1614
Station altitude:             7.0 m
Regime:                       IMG
Component:                    
Matrix:                       pm25
Laboratory code:              US03L
Instrument type:              filterpack
Instrument name:              filterpack_US9052
Method ref:                   US03L_IMPROVE_Davis
starttime endtime Fe flag_Fe Pb flag_Pb Ni flag_Ni NO3- flag_NO3- OC flag_OC OM flag_OM PM10 flag_PM10 PM10-PM2.5 flag_PM10-PM2.5 PM2.5 flag_PM2.5 K+ flag_K+ SO4-- flag_SO4--
[from data line 96]
288.208333 289.208333 9999.99 0.999 99.99 0.999 99.99 0.999000 9.999 0.999 99.999 0.999 99.999 0.999 999.999 0.999 999.999 0.999 999.999 0.999 9.999 0.999 99.999 0.999
291.208333 292.208333   16.17 0.000  1.10 0.000  0.39 0.000000 0.086 0.000  1.131 0.000  1.584 0.000  13.601 0.000   5.878 0.000   7.723 0.000 0.037 0.000  1.049 0.000
294.208333 295.208333   16.30 0.000  0.80 0.000 99.99 0.259000 0.054 0.000  1.449 0.000  2.029 0.000   8.564 0.000   3.192 0.000   5.372 0.000 0.021 0.000  0.434 0.000
297.208333 298.208333   16.04 0.000  0.55 0.000  0.39 0.000000 0.064 0.000  1.056 0.000  1.479 0.000  10.579 0.000   4.801 0.000   5.777 0.000 0.031 0.000  0.720 0.000
300.208333 301.208333   20.74 0.000  1.19 0.000 99.99 0.259000 0.031 0.000  1.280 0.000  1.791 0.000   9.417 0.000   3.274 0.000   6.143 0.000 0.025 0.000  0.669 0.000
303.208333 304.208333 9999.99 0.999 99.99 0.999 99.99 0.999000 9.999 0.999 99.999 0.999 99.999 0.999 999.999 0.999 999.999 0.999 999.999 0.999 9.999 0.999 99.999 0.999
306.208333 307.208333    8.76 0.000  0.72 0.000 99.99 0.259000 0.112 0.000  0.938 0.000  1.313 0.000  13.997 0.000   7.976 0.000   6.021 0.000 0.033 0.000  0.411 0.000
309.208333 310.208333   41.16 0.000  1.67 0.000 99.99 0.259000 0.065 0.559  2.841 0.000  3.978 0.000  17.268 0.000   7.226 0.000  10.042 0.000 0.080 0.000  0.759 0.559
312.208333 313.208333   47.17 0.000  3.35 0.000 99.99 0.259000 0.048 0.559  3.869 0.000  5.416 0.000  22.208 0.000   4.368 0.000  17.840 0.000 0.088 0.000  1.918 0.559
315.208333 316.208333   48.03 0.000  3.03 0.000  0.48 0.000000 0.080 0.000  4.005 0.000  5.607 0.000  26.760 0.000   6.195 0.000  20.565 0.000 0.114 0.000  2.497 0.000
318.208333 319.208333   35.58 0.000  0.71 0.000  0.35 0.000000 0.103 0.000  1.189 0.000  1.665 0.000  11.900 0.000   6.212 0.000   5.687 0.000 0.040 0.000  0.483 0.000
321.208333 322.208333   42.78 0.000  2.15 0.000  0.43 0.000000 0.100 0.000  2.820 0.000  3.948 0.000  22.859 0.000   5.797 0.000  17.062 0.000 0.067 0.000  2.453 0.000
324.208333 325.208333   34.72 0.394  1.74 0.394 99.99 0.394259 0.065 0.394  2.493 0.000  3.490 0.000  15.886 0.000   4.129 0.000  11.757 0.000 0.034 0.394  1.097 0.394
327.208333 328.208333   13.63 0.000  1.06 0.000  1.24 0.000000 0.120 0.000  0.914 0.000  1.279 0.000  14.757 0.000   4.626 0.000  10.131 0.000 0.037 0.000  1.435 0.000
330.208333 331.208333    5.50 0.000  0.72 0.000  1.28 0.000000 0.086 0.000  0.586 0.000  0.820 0.000   9.966 0.000   4.723 0.000   5.242 0.000 0.026 0.000  0.651 0.000
333.208333 334.208333    6.51 0.000  0.28 0.000  0.26 0.000000 0.060 0.000  0.832 0.000  1.165 0.000   9.200 0.000   5.443 0.000   3.758 0.000 0.045 0.000  0.308 0.000
336.208333 337.208333   33.48 0.000  2.49 0.000  0.47 0.000000 0.091 0.000  4.372 0.000  6.121 0.000  20.481 0.000   2.924 0.000  17.556 0.000 0.082 0.000  1.773 0.000
339.208333 340.208333    5.47 0.000  0.62 0.000  0.28 0.000000 0.103 0.000  0.772 0.000  1.081 0.000  10.293 0.000   5.964 0.000   4.329 0.000 0.026 0.000  0.346 0.000
342.208333 343.208333    7.12 0.000  0.99 0.000  0.29 0.000000 0.090 0.000  1.534 0.000  2.148 0.000  11.069 0.000   2.634 0.000   8.435 0.000 0.038 0.000  0.979 0.000
345.208333 346.208333    8.10 0.000  0.68 0.000  1.71 0.000000 0.106 0.000  0.974 0.000  1.363 0.000  13.310 0.000   2.788 0.000  10.522 0.000 0.053 0.000  1.875 0.000
348.208333 349.208333    3.77 0.000  0.78 0.000  0.40 0.000000 0.060 0.559  0.870 0.000  1.217 0.000   8.698 0.000   4.039 0.000   4.660 0.000 0.024 0.000  0.601 0.559
351.208333 352.208333    7.25 0.000  0.97 0.000 99.99 0.259000 0.024 0.000  0.969 0.000  1.357 0.000   6.323 0.000   2.708 0.000   3.615 0.000 0.024 0.000  0.390 0.000
354.208333 355.208333   18.38 0.000  1.16 0.000 99.99 0.259000 0.054 0.559  2.531 0.000  3.544 0.000   7.635 0.000   1.442 0.000   6.193 0.000 0.066 0.000  0.287 0.559
357.208333 358.208333   13.96 0.000  1.74 0.000 99.99 0.259000 0.037 0.559  1.217 0.000  1.704 0.000   5.859 0.000   1.985 0.000   3.875 0.000 0.030 0.000  0.333 0.559
360.208333 361.208333    9.30 0.000  1.03 0.000 99.99 0.259000 0.081 0.559  1.149 0.000  1.609 0.000   5.373 0.000   1.495 0.000   3.878 0.000 0.030 0.000  0.321 0.559
363.208333 364.208333   19.81 0.000  1.76 0.000 99.99 0.259000 0.069 0.000  2.153 0.000  3.014 0.000   8.581 0.000   1.696 0.000   6.885 0.000 0.059 0.000  0.524 0.000
