scripts/IMPROVE-2019_partial/data/US9069R.20140102070000.20191216000000.filterpack...52w.3d.US03L_filterpack_US9069.US03L_IMPROVE_Davis.lev2.nas
52 1001
MISSING INFORMATION
US03L, IMPROVE, , , , , , , 
MISSING INFORMATION
IMPROVE sel_HTAP
1 1
2014 01 01 2019 12 16
3.000000
days from file reference point
5
1 1 1 1 1
999.999999 999.999 9.999 999.999 9.999
end_time of measurement, days from the file reference point
pm10_mass, ug/m3, Matrix=pm10
numflag pm10_mass, no unit, Matrix=pm10
pm25_mass, ug/m3, Matrix=pm25
numflag pm25_mass, no unit, Matrix=pm25
0
33
Data definition:              EBAS_1.1
Set type code:                TU
Timezone:                     UTC
File name:                    US9069R.20140102070000.20191216000000.filterpack...52w.3d.US03L_filterpack_US9069.US03L_IMPROVE_Davis.lev2.nas
File creation:                20191218121016
Startdate:                    20140102070000
Revision date:                20191216000000
Version:                      2
Version description:          "Data extracted from http://views.cira.colostate.edu/fed/DataWizard 2019-12-16"
Statistics:                   arithmetic mean
Data level:                   2
Period code:                  52w
Resolution code:              3d
Sample duration:              1d
Orig. time res.:              3d
Station code:                 US9069R
Platform code:                US9069S
Station name:                 White Mountain
Station latitude:             33.4687
Station longitude:            -105.5349
Station altitude:             2063.0 m
Regime:                       IMG
Component:                    
Unit:                         ug/m3
Matrix:                       
Laboratory code:              US03L
Instrument type:              filterpack
Instrument name:              filterpack_US9069
Method ref:                   US03L_IMPROVE_Davis
Blank correction:             Blank corrected
Volume std. temperature:      ambient
Volume std. pressure:         ambient
starttime endtime PM10 flag_PM10 PM2.5 flag_PM2.5
  1.291667   2.291667   8.329 0.000   1.744 0.000
  4.291667   5.291667   2.607 0.000   0.586 0.000
  7.291667   8.291667   2.622 0.000   0.892 0.000
 10.291667  11.291667   2.870 0.000   0.733 0.000
 13.291667  14.291667   6.455 0.000   2.224 0.000
 16.291667  17.291667   9.232 0.000   2.794 0.000
 19.291667  20.291667  10.805 0.000   2.047 0.000
 22.291667  23.291667 999.999 0.999 999.999 0.999
 25.291667  26.291667 999.999 0.999 999.999 0.999
 28.291667  29.291667   6.008 0.000   1.703 0.000
 31.291667  32.291667   7.122 0.000   2.207 0.000
 34.291667  35.291667   5.163 0.000   1.669 0.000
 37.291667  38.291667   5.434 0.000   2.377 0.000
 40.291667  41.291667 999.999 0.999 999.999 0.999
 43.291667  44.291667   6.970 0.000   0.734 0.000
 46.291667  47.291667   3.951 0.000   0.549 0.000
 49.291667  50.291667  80.822 0.000  11.047 0.000
 52.291667  53.291667  10.322 0.000   3.043 0.000
 55.291667  56.291667   6.829 0.000   2.311 0.000
 58.291667  59.291667   7.059 0.000   1.219 0.000
 61.291667  62.291667   2.967 0.000   0.770 0.000
 64.291667  65.291667   8.152 0.000   2.298 0.000
 67.291667  68.291667   2.206 0.000   0.701 0.000
 70.291667  71.291667  15.528 0.000   2.992 0.000
 73.291667  74.291667  25.438 0.000   5.667 0.000
 76.291667  77.291667  46.538 0.000   9.505 0.000
 79.291667  80.291667  21.505 0.000   6.385 0.000
 82.291667  83.291667 999.999 0.999 999.999 0.999
 85.291667  86.291667 999.999 0.999 999.999 0.999
 88.291667  89.291667 999.999 0.999 999.999 0.999
 91.291667  92.291667  65.602 0.000  13.080 0.659
 94.291667  95.291667  83.486 0.000   4.239 0.659
 97.291667  98.291667   7.597 0.000   2.632 0.659
100.291667 101.291667   7.242 0.000   2.091 0.000
103.291667 104.291667   5.351 0.000   1.799 0.659
106.291667 107.291667  14.179 0.000   3.773 0.000
109.291667 110.291667   2.849 0.000   1.853 0.000
112.291667 113.291667  22.138 0.000   6.321 0.000
115.291667 116.291667  81.905 0.000  14.659 0.000
118.291667 119.291667  10.609 0.000   3.742 0.000
121.291667 122.291667  21.596 0.000   5.962 0.000
124.291667 125.291667  21.985 0.000   4.991 0.000
127.291667 128.291667  22.322 0.000   5.898 0.000
130.291667 131.291667  71.486 0.000  14.101 0.000
133.291667 134.291667  16.311 0.000   3.275 0.000
136.291667 137.291667  70.208 0.000  14.066 0.000
139.291667 140.291667  17.271 0.000   3.530 0.000
142.291667 143.291667  11.876 0.000   4.884 0.000
145.291667 146.291667   9.748 0.000   4.589 0.000
148.291667 149.291667 999.999 0.456 999.999 0.456
151.291667 152.291667 999.999 0.456 999.999 0.456
154.291667 155.291667  13.311 0.000   5.664 0.000
157.291667 158.291667  24.529 0.000   8.399 0.000
160.291667 161.291667 999.999 0.456 999.999 0.456
163.291667 164.291667 999.999 0.456 999.999 0.456
166.291667 167.291667 999.999 0.456 999.999 0.456
169.291667 170.291667  10.679 0.000   3.546 0.000
172.291667 173.291667   9.508 0.000   3.686 0.000
175.291667 176.291667  22.008 0.000   8.298 0.000
178.291667 179.291667  11.547 0.000   4.881 0.000
181.291667 182.291667  38.505 0.000  13.061 0.000
184.291667 185.291667  12.369 0.000   5.954 0.000
187.291667 188.291667   8.695 0.000   4.356 0.000
190.291667 191.291667 999.999 0.999 999.999 0.999
193.291667 194.291667   9.706 0.000   4.814 0.000
196.291667 197.291667 999.999 0.999 999.999 0.999
199.291667 200.291667  11.691 0.000   5.507 0.000
202.291667 203.291667  12.559 0.000   6.329 0.000
205.291667 206.291667  16.335 0.000   9.588 0.000
208.291667 209.291667  10.377 0.000   5.768 0.000
211.291667 212.291667   3.407 0.000   2.285 0.000
214.291667 215.291667   9.532 0.000   5.033 0.000
217.291667 218.291667   7.188 0.000   4.338 0.000
220.291667 221.291667   4.834 0.000   2.711 0.000
223.291667 224.291667   8.394 0.000   4.510 0.000
226.291667 227.291667   5.311 0.000   2.210 0.000
229.291667 230.291667   7.802 0.000   3.649 0.000
232.291667 233.291667 999.999 0.999 999.999 0.999
235.291667 236.291667 999.999 0.999 999.999 0.999
238.291667 239.291667 999.999 0.999 999.999 0.999
241.291667 242.291667 999.999 0.999 999.999 0.999
244.291667 245.291667 999.999 0.999 999.999 0.999
247.291667 248.291667   2.165 0.000   1.365 0.000
250.291667 251.291667   4.156 0.000   2.304 0.000
253.291667 254.291667   5.357 0.000   3.169 0.000
256.291667 257.291667   2.170 0.000   1.087 0.000
259.291667 260.291667   2.969 0.000   2.071 0.000
262.291667 263.291667   2.342 0.000   1.359 0.000
265.291667 266.291667   4.686 0.000   3.047 0.000
268.291667 269.291667   8.844 0.000   5.926 0.000
271.291667 272.291667   5.756 0.000   3.212 0.000
274.291667 275.291667   4.493 0.000   1.523 0.000
277.291667 278.291667   3.681 0.000   1.188 0.000
280.291667 281.291667   5.977 0.000   2.749 0.000
283.291667 284.291667   2.988 0.000   1.860 0.000
286.291667 287.291667   2.753 0.000   0.927 0.000
289.291667 290.291667   9.083 0.000   4.115 0.000
292.291667 293.291667   6.363 0.000   3.766 0.000
295.291667 296.291667   7.713 0.000   2.523 0.000
298.291667 299.291667   8.037 0.000   3.991 0.000
301.291667 302.291667   5.814 0.000   2.202 0.000
304.291667 305.291667  13.035 0.000   4.841 0.000
307.291667 308.291667   2.250 0.000   1.086 0.000
310.291667 311.291667   1.922 0.000   1.227 0.000
313.291667 314.291667  18.804 0.000   3.685 0.000
316.291667 317.291667  17.119 0.000   6.136 0.000
319.291667 320.291667   8.262 0.000   3.557 0.000
322.291667 323.291667   2.026 0.000   0.916 0.000
325.291667 326.291667   4.220 0.000   1.602 0.000
328.291667 329.291667   2.256 0.000   0.713 0.000
331.291667 332.291667   3.217 0.000   1.010 0.000
334.291667 335.291667  10.102 0.000   4.189 0.000
337.291667 338.291667   3.893 0.000   1.809 0.000
340.291667 341.291667   3.580 0.000   1.461 0.000
343.291667 344.291667   5.691 0.000   3.256 0.000
346.291667 347.291667   8.191 0.000   2.979 0.000
349.291667 350.291667   5.677 0.000   1.817 0.000
352.291667 353.291667   1.314 0.000   0.955 0.000
355.291667 356.291667   1.924 0.000   0.368 0.000
358.291667 359.291667 999.999 0.999 999.999 0.999
361.291667 362.291667 999.999 0.999 999.999 0.999
364.291667 365.291667   4.176 0.659   2.408 0.000
