scripts/IMPROVE-2019_partial/data/US9001R.19890104070000.20191216000000.filterpack...1y.3d.US03L_filterpack_US9001.US03L_IMPROVE_Davis.lev2.nas
52 1001
MISSING INFORMATION
US03L, IMPROVE, , , , , , , 
MISSING INFORMATION
IMPROVE sel_HTAP
1 1
1989 01 01 2019 12 16
0
days from file reference point
5
1 1 1 1 1
999.999999 999.999 9.999 999.999 9.999
end_time of measurement, days from the file reference point
pm10_mass, ug/m3, Matrix=pm10
numflag pm10_mass, no unit, Matrix=pm10
pm25_mass, ug/m3, Matrix=pm25
numflag pm25_mass, no unit, Matrix=pm25
0
33
Data definition:              EBAS_1.1
Set type code:                TI
Timezone:                     UTC
File name:                    US9001R.19890104070000.20191216000000.filterpack...1y.3d.US03L_filterpack_US9001.US03L_IMPROVE_Davis.lev2.nas
File creation:                20191218120517
Startdate:                    19890104070000
Revision date:                20191216000000
Version:                      2
Version description:          "Data extracted from http://views.cira.colostate.edu/fed/DataWizard 2019-12-16"
Statistics:                   arithmetic mean
Data level:                   2
Period code:                  1y
Resolution code:              3d
Sample duration:              1d
Orig. time res.:              3d
Station code:                 US9001R
Platform code:                US9001S
Station name:                 Rocky Mountain NP HQ
Station latitude:             40.3624
Station longitude:            -105.5638
Station altitude:             2408.0 m
Regime:                       IMG
Component:                    
Unit:                         ug/m3
Matrix:                       
Laboratory code:              US03L
Instrument type:              filterpack
Instrument name:              filterpack_US9001
Method ref:                   US03L_IMPROVE_Davis
Blank correction:             Blank corrected
Volume std. temperature:      ambient
Volume std. pressure:         ambient
starttime endtime PM10 flag_PM10 PM2.5 flag_PM2.5
  3.291667   4.291667   2.181 0.000   0.596 0.000
  6.291667   7.291667   3.351 0.000   1.093 0.000
 10.291667  11.291667   2.249 0.000   1.538 0.000
 13.291667  14.291667 999.999 0.999 999.999 0.999
 17.291667  18.291667   1.488 0.000   0.864 0.000
 20.291667  21.291667   2.490 0.000   1.271 0.000
 24.291667  25.291667  10.124 0.000   9.390 0.000
 27.291667  28.291667   1.777 0.000   1.200 0.000
 31.291667  32.291667   4.202 0.000   2.375 0.000
 34.291667  35.291667   6.597 0.000   1.023 0.000
 38.291667  39.291667   7.296 0.000   3.645 0.000
 41.291667  42.291667   7.554 0.000   5.920 0.000
 45.291667  46.291667   5.911 0.000   4.952 0.000
 48.291667  49.291667 999.999 0.999   2.187 0.000
 52.291667  53.291667   2.720 0.000   1.623 0.000
 55.291667  56.291667   3.724 0.000   1.851 0.000
 59.291667  60.291667   2.529 0.000   1.695 0.000
 62.291667  63.291667 999.999 0.999  10.137 0.000
 66.291667  67.291667   2.744 0.000   2.214 0.000
 69.291667  70.291667   4.436 0.000 999.999 0.259
 73.291667  74.291667   1.457 0.000   1.313 0.000
 76.291667  77.291667   5.354 0.000   2.100 0.000
 80.291667  81.291667   2.258 0.000   1.415 0.000
 83.291667  84.291667   5.524 0.000   3.050 0.000
 87.291667  88.291667   3.264 0.000   1.561 0.000
 90.291667  91.291667   2.343 0.000   1.210 0.000
 94.291667  95.291667 999.999 0.999   1.893 0.000
 97.291667  98.291667  10.383 0.000   4.984 0.000
101.291667 102.291667   7.808 0.000   4.924 0.000
104.291667 105.291667   8.962 0.000   5.154 0.000
108.291667 109.291667   5.324 0.000   2.349 0.000
111.291667 112.291667  10.375 0.000   5.951 0.000
115.291667 116.291667  14.498 0.000 999.999 0.999
118.291667 119.291667   4.610 0.000   4.596 0.000
122.291667 123.291667   4.580 0.000   2.733 0.000
125.291667 126.291667   8.996 0.000   5.248 0.000
129.291667 130.291667  10.709 0.000   5.491 0.000
132.291667 133.291667   5.674 0.000   3.926 0.000
136.291667 137.291667   5.214 0.000   3.642 0.000
139.291667 140.291667  11.821 0.000   4.576 0.000
143.291667 144.291667  17.456 0.000 999.999 0.999
146.291667 147.291667   8.419 0.000   4.862 0.000
150.291667 151.291667   5.200 0.000   2.455 0.000
153.291667 154.291667   7.257 0.000   4.594 0.000
157.291667 158.291667   7.662 0.000   4.769 0.000
160.291667 161.291667   6.017 0.000   4.028 0.000
164.291667 165.291667   7.576 0.000   5.069 0.000
167.291667 168.291667   4.811 0.000   2.184 0.000
171.291667 172.291667 999.999 0.999 999.999 0.999
174.291667 175.291667   9.846 0.000   6.070 0.000
178.291667 179.291667  13.915 0.000   7.007 0.000
181.291667 182.291667   9.767 0.000   3.517 0.000
185.291667 186.291667  19.414 0.000   8.972 0.000
188.291667 189.291667  17.399 0.000   8.846 0.000
192.291667 193.291667  10.660 0.000   6.655 0.000
195.291667 196.291667  13.649 0.000   6.548 0.000
199.291667 200.291667  18.476 0.000   5.669 0.000
202.291667 203.291667  27.238 0.000  13.521 0.000
206.291667 207.291667  15.286 0.000   8.229 0.000
209.291667 210.291667   7.489 0.000   4.861 0.000
213.291667 214.291667   4.857 0.000   2.975 0.000
216.291667 217.291667 999.999 0.999   5.520 0.000
220.291667 221.291667  12.361 0.000   7.631 0.000
223.291667 224.291667   6.250 0.000   3.945 0.000
227.291667 228.291667   6.462 0.000   3.849 0.000
230.291667 231.291667   4.292 0.000   2.420 0.000
234.291667 235.291667  10.987 0.000   5.000 0.000
237.291667 238.291667  12.825 0.000   5.105 0.000
241.291667 242.291667   8.140 0.000   4.769 0.000
244.291667 245.291667   7.791 0.000   4.049 0.000
248.291667 249.291667  18.943 0.000 999.999 0.999
251.291667 252.291667   3.673 0.000   2.342 0.000
255.291667 256.291667   4.123 0.000   2.593 0.000
258.291667 259.291667   7.112 0.000   3.519 0.000
262.291667 263.291667   4.629 0.000   2.625 0.000
265.291667 266.291667  11.921 0.000   5.781 0.000
269.291667 270.291667  10.173 0.000   5.474 0.000
272.291667 273.291667  11.708 0.000   5.600 0.000
276.291667 277.291667   6.613 0.000   3.488 0.000
279.291667 280.291667   6.331 0.000   3.302 0.000
283.291667 284.291667   5.378 0.000   1.703 0.000
286.291667 287.291667 999.999 0.999   3.458 0.000
290.291667 291.291667   4.565 0.000   2.835 0.000
293.291667 294.291667   8.217 0.000   4.361 0.000
297.291667 298.291667   5.520 0.000   1.917 0.000
300.291667 301.291667   3.407 0.000   1.725 0.000
304.291667 305.291667   3.907 0.000   1.897 0.000
307.291667 308.291667   3.196 0.000   1.640 0.000
311.291667 312.291667   4.751 0.000 999.999 0.999
314.291667 315.291667   1.900 0.000   0.475 0.000
318.291667 319.291667   3.568 0.000   1.835 0.000
321.291667 322.291667   2.241 0.000   1.315 0.000
325.291667 326.291667   5.580 0.000   2.104 0.000
328.291667 329.291667   3.839 0.000   1.618 0.000
332.291667 333.291667   7.873 0.000   1.108 0.000
335.291667 336.291667   5.113 0.000   1.835 0.000
339.291667 340.291667   7.767 0.000   4.039 0.000
342.291667 343.291667   2.698 0.000   1.368 0.000
346.291667 347.291667   3.054 0.000   1.699 0.000
349.291667 350.291667   7.044 0.000   5.099 0.000
353.291667 354.291667   2.788 0.000   1.388 0.000
356.291667 357.291667   1.637 0.000   0.872 0.000
360.291667 361.291667   1.928 0.000   0.883 0.000
363.291667 364.291667  16.211 0.000   4.952 0.000
