scripts/IMPROVE-2019_partial/data/US9071R.20040101070000.20191216000000.filterpack..pm25.52w.1w.US03L_filterpack_US9071.US03L_IMPROVE_Davis.lev2.nas
66 1001
MISSING INFORMATION
US03L, IMPROVE, , , , , , , 
MISSING INFORMATION
IMPROVE sel_HTAP
1 1
2004 01 01 2019 12 16
3.000000
days from file reference point
27
1 1 1 1 1 1 1 1 1 1 1 1 1 1 1 1 1 1 1 1 1 1 1 1 1 1 1
999.999999 9999.99 9.999 99.99 9.999 9.999 9.999999 9.99 9.999999 9.999 9.999 99.999 9.999 99.999 9.999 999.99 9.999999 999.999 9.999 99.999 9.999 99.999 9.999 9.999 9.999 9.999 9.999
end_time of measurement, days from the file reference point
iron, ng/m3, Revision date=20181210133000
numflag iron, no unit, Revision date=20181210133000
lead, ng/m3, Revision date=20181210133000
numflag lead, no unit, Revision date=20181210133000
magnesium, ug/m3, Revision date=20181210133000
numflag magnesium, no unit, Revision date=20181210133000
nickel, ng/m3, Revision date=20181210133000
numflag nickel, no unit, Revision date=20181210133000
nitrate, ug N/m3, Revision date=20181210133000
numflag nitrate, no unit, Revision date=20181210133000
organic_carbon, ug C/m3, Revision date=20181210133000
numflag organic_carbon, no unit, Revision date=20181210133000
organic_mass, ug/m3, Revision date=20181210133000
numflag organic_mass, no unit, Revision date=20181210133000
phosphorus, ng/m3, Revision date=20181210133000
numflag phosphorus, no unit, Revision date=20181210133000
pm10_mass, ug/m3, Version=2, Version description=Data extracted from http://views.cira.colostate.edu/fed/DataWizard 2019-12-16, Sample duration=1d, Orig. time res.=3d, Matrix=pm10, Blank correction=Blank corrected, Volume std. temperature=ambient, Volume std. pressure=ambient
numflag pm10_mass, no unit, Version=2, Version description=Data extracted from http://views.cira.colostate.edu/fed/DataWizard 2019-12-16, Sample duration=1d, Orig. time res.=3d, Matrix=pm10, Blank correction=Blank corrected, Volume std. temperature=ambient, Volume std. pressure=ambient
pm10_pm25_mass, ug/m3, Revision date=20181210133000, Matrix=pm10_pm25
numflag pm10_pm25_mass, no unit, Revision date=20181210133000, Matrix=pm10_pm25
pm25_mass, ug/m3, Version=2, Version description=Data extracted from http://views.cira.colostate.edu/fed/DataWizard 2019-12-16, Sample duration=1d, Orig. time res.=3d, Blank correction=Blank corrected, Volume std. temperature=ambient, Volume std. pressure=ambient
numflag pm25_mass, no unit, Version=2, Version description=Data extracted from http://views.cira.colostate.edu/fed/DataWizard 2019-12-16, Sample duration=1d, Orig. time res.=3d, Blank correction=Blank corrected, Volume std. temperature=ambient, Volume std. pressure=ambient
potassium, ug/m3, Revision date=20181210133000
numflag potassium, no unit, Revision date=20181210133000
sulphate_total, ug S/m3, Revision date=20181210133000
numflag sulphate_total, no unit, Revision date=20181210133000
0
25
Data definition:              EBAS_1.1
Set type code:                TU
Timezone:                     UTC
File name:                    US9071R.20040101070000.20191216000000.filterpack..pm25.52w.1w.US03L_filterpack_US9071.US03L_IMPROVE_Davis.lev2.nas
File creation:                20191218121024
Startdate:                    20040101070000
Revision date:                20191216000000
Statistics:                   arithmetic mean
Data level:                   2
Period code:                  52w
Resolution code:              1w
Station code:                 US9071R
Platform code:                US9071S
Station name:                 Wheeler Peak
Station latitude:             36.5854
Station longitude:            -105.452
Station altitude:             3366.0 m
Regime:                       IMG
Component:                    
Matrix:                       pm25
Laboratory code:              US03L
Instrument type:              filterpack
Instrument name:              filterpack_US9071
Method ref:                   US03L_IMPROVE_Davis
starttime endtime Fe flag_Fe Pb flag_Pb Mg++ flag_Mg++ Ni flag_Ni NO3- flag_NO3- OC flag_OC OM flag_OM P flag_P PM10 flag_PM10 PM10-PM2.5 flag_PM10-PM2.5 PM2.5 flag_PM2.5 K+ flag_K+ SO4-- flag_SO4--
  0.291667   1.291667 9999.99 0.456 99.99 0.456 9.999 0.456000 9.99 0.456000 0.023 0.000  0.270 0.000  0.379 0.000 999.99 0.456000   1.081 0.000 99.999 0.999 99.999 0.456 9.999 0.456 0.118 0.000
  3.291667   4.291667    2.58 0.000  0.31 0.000 9.999 0.259000 0.12 0.000000 0.016 0.000  0.128 0.000  0.180 0.000 999.99 0.259000   0.962 0.000  0.644 0.000  0.319 0.000 0.003 0.000 0.075 0.000
  6.291667   7.291667    5.05 0.000  0.44 0.000 9.999 0.259000 0.13 0.000000 0.013 0.000  0.207 0.000  0.290 0.000 999.99 0.259000   0.703 0.000  0.322 0.000  0.381 0.000 0.006 0.000 0.064 0.000
  9.291667  10.291667    4.35 0.000  0.18 0.000 9.999 0.259000 9.99 0.259000 0.002 0.000  0.061 0.000  0.086 0.000 999.99 0.259000   2.397 0.000  2.085 0.000  0.313 0.000 0.006 0.000 0.022 0.000
 12.291667  13.291667    5.20 0.000  0.15 0.000 9.999 0.259000 0.07 0.000000 0.003 0.000  0.122 0.000  0.171 0.000 999.99 0.259000   0.785 0.000  0.344 0.000  0.442 0.000 0.005 0.000 0.021 0.000
 15.291667  16.291667    5.37 0.000 99.99 0.259 9.999 0.259000 9.99 0.259000 0.055 0.000  0.214 0.000  0.299 0.000 999.99 0.259000   2.121 0.000  1.285 0.000  0.836 0.000 0.005 0.000 0.054 0.000
 18.291667  19.291667    4.19 0.559  0.18 0.559 9.999 0.559259 9.99 0.559259 0.016 0.000  0.302 0.000  0.423 0.000 999.99 0.559259   1.081 0.000  0.066 0.000  1.016 0.559 0.006 0.559 0.101 0.000
 21.291667  22.291667    2.98 0.000  0.23 0.000 9.999 0.259000 0.06 0.000000 0.007 0.000  0.212 0.000  0.297 0.000 999.99 0.259000   1.050 0.000  0.169 0.000  0.881 0.000 0.005 0.000 0.101 0.000
 24.291667  25.291667    7.60 0.559  0.35 0.559 9.999 0.559259 0.21 0.559000 0.033 0.000  0.761 0.000  1.065 0.000 999.99 0.559259   3.138 0.000  1.279 0.000  1.858 0.559 0.007 0.559 0.278 0.000
 27.291667  28.291667    4.28 0.000  0.24 0.000 0.019 0.000000 0.15 0.000000 0.007 0.000  0.208 0.000  0.291 0.000 999.99 0.259000   0.669 0.000  0.187 0.000  0.482 0.000 0.005 0.000 0.035 0.000
 30.291667  31.291667    8.18 0.559  0.48 0.559 9.999 0.559259 0.10 0.559000 0.049 0.000  0.173 0.000  0.242 0.000 999.99 0.559259   2.744 0.000  1.823 0.000  0.921 0.559 0.007 0.559 0.074 0.000
 33.291667  34.291667   10.41 0.000  0.45 0.000 9.999 0.259000 0.18 0.000000 0.018 0.000  0.194 0.000  0.271 0.000 999.99 0.259000   1.871 0.000  0.924 0.000  0.947 0.000 0.009 0.000 0.075 0.000
 36.291667  37.291667 9999.99 0.999 99.99 0.999 9.999 0.999000 9.99 0.999000 9.999 0.999 99.999 0.999 99.999 0.999 999.99 0.999000 999.999 0.999 99.999 0.999 99.999 0.999 9.999 0.999 9.999 0.999
 39.291667  40.291667    4.04 0.000  0.27 0.000 9.999 0.259000 9.99 0.259000 0.024 0.699  0.257 0.000  0.360 0.000 999.99 0.259000   1.040 0.000  0.374 0.000  0.666 0.000 0.004 0.000 0.062 0.699
 42.291667  43.291667    6.61 0.000  0.21 0.000 9.999 0.259000 0.11 0.000000 0.096 0.699  0.354 0.000  0.496 0.000 999.99 0.259000   3.297 0.000  1.777 0.000  1.520 0.000 0.006 0.000 0.181 0.699
 45.291667  46.291667    6.03 0.000  0.17 0.000 9.999 0.259000 9.99 0.259000 0.020 0.000  0.243 0.000  0.341 0.000 999.99 0.259000   1.663 0.000  1.095 0.000  0.568 0.000 0.006 0.000 0.073 0.000
 48.291667  49.291667    8.25 0.000  0.23 0.000 9.999 0.259000 9.99 0.259000 0.013 0.000  0.300 0.000  0.420 0.000 999.99 0.259000   1.027 0.000  0.562 0.000  0.465 0.000 0.006 0.000 0.042 0.000
 51.291667  52.291667   11.19 0.000  0.45 0.000 9.999 0.259000 9.99 0.259000 0.049 0.000  0.376 0.000  0.527 0.000 999.99 0.259000   2.495 0.000  0.830 0.000  1.665 0.000 0.009 0.000 0.201 0.000
 54.291667  55.291667    5.84 0.000  0.24 0.000 0.021 0.000000 0.19 0.000000 0.039 0.000  0.217 0.000  0.304 0.000 999.99 0.259000   3.018 0.000  1.928 0.000  1.090 0.000 0.006 0.000 0.123 0.000
 57.291667  58.291667   18.12 0.000  1.48 0.000 9.999 0.259000 9.99 0.259000 0.038 0.000  0.486 0.000  0.680 0.000 999.99 0.259000   4.092 0.000  1.777 0.000  2.315 0.000 0.024 0.000 0.222 0.000
 60.291667  61.291667    3.31 0.000 99.99 0.259 9.999 0.259000 9.99 0.259000 0.012 0.000  0.225 0.000  0.314 0.000 999.99 0.259000   1.622 0.000  0.194 0.000  1.428 0.000 0.003 0.000 0.185 0.000
 63.291667  64.291667   17.21 0.000  0.55 0.000 9.999 0.259000 0.07 0.000000 0.016 0.559  0.210 0.000  0.294 0.000 999.99 0.259000   2.437 0.000  1.059 0.000  1.378 0.000 0.012 0.000 0.137 0.559
 66.291667  67.291667   23.54 0.000  0.63 0.000 9.999 0.259000 0.07 0.000000 0.018 0.000  0.191 0.000  0.268 0.000 999.99 0.259000   2.014 0.000  0.643 0.000  1.370 0.000 0.022 0.000 0.076 0.000
 69.291667  70.291667   25.75 0.000  0.51 0.000 9.999 0.259000 9.99 0.259000 0.098 0.000  0.456 0.000  0.638 0.000 999.99 0.259000   3.886 0.000  1.761 0.000  2.125 0.000 0.023 0.000 0.132 0.000
 72.291667  73.291667   23.52 0.559  0.38 0.559 9.999 0.559259 9.99 0.559259 0.106 0.000  0.452 0.000  0.633 0.000 999.99 0.559259   4.175 0.000  1.739 0.000  2.436 0.559 0.021 0.559 0.202 0.000
 75.291667  76.291667   54.35 0.559  0.85 0.559 9.999 0.559259 9.99 0.559259 0.028 0.000  0.294 0.000  0.412 0.000 999.99 0.559259   5.579 0.000  1.434 0.000  4.145 0.559 0.032 0.559 0.114 0.000
 78.291667  79.291667   24.45 0.559  0.83 0.559 9.999 0.559259 9.99 0.559259 0.017 0.000  0.431 0.000  0.603 0.000 999.99 0.559259   4.077 0.000  2.009 0.000  2.068 0.559 0.020 0.559 0.120 0.000
 81.291667  82.291667   31.96 0.000  0.70 0.000 9.999 0.259000 9.99 0.259000 0.058 0.000  0.629 0.000  0.880 0.000 999.99 0.259000   6.040 0.000  3.055 0.000  2.986 0.000 0.026 0.000 0.211 0.000
 84.291667  85.291667   44.93 0.000  1.25 0.000 9.999 0.259000 0.13 0.000000 0.049 0.000  0.611 0.000  0.855 0.000 999.99 0.259000   5.855 0.000  2.584 0.000  3.271 0.000 0.036 0.000 0.253 0.000
 87.291667  88.291667   24.23 0.000  0.32 0.000 0.027 0.000000 0.13 0.000000 0.029 0.000  0.230 0.000  0.321 0.000 999.99 0.259000   2.038 0.000  0.839 0.000  1.198 0.000 0.014 0.000 0.069 0.000
 90.291667  91.291667   60.24 0.000  0.59 0.000 9.999 0.259000 0.09 0.000000 0.022 0.000  0.391 0.000  0.547 0.000 999.99 0.259000   4.191 0.000  1.489 0.000  2.702 0.000 0.038 0.000 0.112 0.000
 93.291667  94.291667    7.60 0.000  0.18 0.000 9.999 0.259000 0.14 0.000000 0.031 0.000  0.147 0.000  0.206 0.000 999.99 0.259000   1.455 0.000  0.680 0.000  0.775 0.000 0.007 0.000 0.049 0.000
 96.291667  97.291667   17.56 0.000  0.35 0.000 0.023 0.000000 9.99 0.259000 0.085 0.000  0.367 0.000  0.514 0.000 999.99 0.259000   2.370 0.000  0.596 0.000  1.774 0.000 0.015 0.000 0.151 0.000
 99.291667 100.291667   18.71 0.000  0.35 0.000 9.999 0.259000 9.99 0.259000 0.021 0.000  0.298 0.000  0.418 0.000 999.99 0.259000   1.996 0.000  0.705 0.000  1.291 0.000 0.009 0.000 0.174 0.000
102.291667 103.291667   42.27 0.000  1.29 0.000 9.999 0.259000 0.05 0.000000 0.041 0.000  0.273 0.000  0.382 0.000 999.99 0.259000   3.327 0.000  0.865 0.000  2.462 0.000 0.027 0.000 0.239 0.000
105.291667 106.291667  122.10 0.000  1.47 0.000 9.999 0.259000 9.99 0.259000 0.045 0.000  0.412 0.000  0.577 0.000 999.99 0.259000   6.655 0.000  2.141 0.000  4.514 0.000 0.072 0.000 0.185 0.000
108.291667 109.291667  156.87 0.000  1.54 0.000 9.999 0.259000 9.99 0.259000 0.037 0.000  0.259 0.000  0.362 0.000 999.99 0.259000  11.863 0.000  5.261 0.000  6.602 0.000 0.123 0.000 0.255 0.000
111.291667 112.291667   89.20 0.000  2.27 0.000 0.042 0.000000 0.09 0.000000 0.029 0.000  0.295 0.000  0.414 0.000 999.99 0.259000   6.404 0.000  1.630 0.000  4.774 0.000 0.069 0.000 0.406 0.000
114.291667 115.291667   16.58 0.000  0.19 0.000 0.040 0.000000 0.09 0.000000 0.016 0.000  0.148 0.000  0.207 0.000 999.99 0.259000   2.592 0.000  1.421 0.000  1.171 0.000 0.011 0.000 0.062 0.000
117.291667 118.291667  121.33 0.000  2.70 0.000 9.999 0.259000 0.08 0.000000 0.041 0.000  0.577 0.000  0.808 0.000  23.00 0.000000   6.531 0.000  1.057 0.000  5.474 0.000 0.069 0.000 0.358 0.000
120.291667 121.291667  100.58 0.000  0.75 0.000 0.072 0.000000 0.08 0.000000 0.056 0.000  0.283 0.000  0.396 0.000 999.99 0.259000   6.279 0.000  1.931 0.000  4.348 0.000 0.063 0.000 0.107 0.000
123.291667 124.291667  100.84 0.000  0.98 0.000 9.999 0.259000 0.12 0.000000 0.045 0.000  0.916 0.000  1.282 0.000 999.99 0.259000   5.622 0.000  0.792 0.000  4.830 0.000 0.058 0.000 0.215 0.000
126.291667 127.291667  146.60 0.000  0.84 0.000 0.097 0.000000 0.07 0.000000 0.056 0.000  0.919 0.000  1.286 0.000 999.99 0.259000   8.281 0.000  0.830 0.000  7.451 0.000 0.091 0.000 0.274 0.000
129.291667 130.291667  108.41 0.000  0.72 0.000 9.999 0.259000 0.21 0.000000 0.036 0.000  0.418 0.000  0.586 0.000 999.99 0.259000   5.588 0.000  0.473 0.000  5.115 0.000 0.069 0.000 0.201 0.000
132.291667 133.291667  149.12 0.000  0.99 0.000 9.999 0.259000 0.21 0.000000 0.089 0.000  0.423 0.000  0.593 0.000 999.99 0.259000  10.417 0.000  3.279 0.000  7.138 0.000 0.097 0.000 0.220 0.000
135.291667 136.291667  219.48 0.000  1.27 0.000 0.088 0.000000 0.30 0.000000 0.066 0.000  0.623 0.000  0.872 0.000 999.99 0.259000  10.045 0.000  0.146 0.000  9.898 0.000 0.141 0.000 0.238 0.000
138.291667 139.291667  113.37 0.000  0.64 0.000 9.999 0.259000 0.10 0.000000 0.035 0.559  0.344 0.000  0.482 0.000 999.99 0.259000   6.035 0.000  1.110 0.000  4.925 0.000 0.070 0.000 0.138 0.559
141.291667 142.291667  105.00 0.000  0.58 0.000 9.999 0.259000 0.23 0.000000 0.017 0.559  0.349 0.000  0.488 0.000 999.99 0.259000   5.424 0.000  0.856 0.000  4.568 0.000 0.064 0.000 0.095 0.559
144.291667 145.291667  141.23 0.000  1.57 0.000 0.054 0.000000 0.06 0.000000 0.042 0.000  0.247 0.000  0.345 0.000 999.99 0.259000   6.903 0.000  1.367 0.000  5.536 0.000 0.085 0.000 0.237 0.000
147.291667 148.291667 9999.99 0.999 99.99 0.999 9.999 0.999000 9.99 0.999000 9.999 0.999 99.999 0.999 99.999 0.999 999.99 0.999000 999.999 0.999 99.999 0.999 99.999 0.999 9.999 0.999 9.999 0.999
150.291667 151.291667 9999.99 0.999 99.99 0.999 9.999 0.999000 9.99 0.999000 9.999 0.999 99.999 0.999 99.999 0.999 999.99 0.999000 999.999 0.999 99.999 0.999 99.999 0.999 9.999 0.999 9.999 0.999
153.291667 154.291667 9999.99 0.999 99.99 0.999 9.999 0.999000 9.99 0.999000 9.999 0.999 99.999 0.999 99.999 0.999 999.99 0.999000 999.999 0.999 99.999 0.999 99.999 0.999 9.999 0.999 9.999 0.999
156.291667 157.291667  170.59 0.699  1.17 0.699 9.999 0.699259 0.55 0.699000 0.036 0.000  0.624 0.000  0.873 0.000 999.99 0.699259   6.653 0.000 99.999 0.259  6.840 0.699 0.109 0.699 0.233 0.000
159.291667 160.291667 9999.99 0.999 99.99 0.999 9.999 0.999000 9.99 0.999000 9.999 0.999 99.999 0.999 99.999 0.999 999.99 0.999000 999.999 0.999 99.999 0.999 99.999 0.999 9.999 0.999 9.999 0.999
162.291667 163.291667 9999.99 0.999 99.99 0.999 9.999 0.999000 9.99 0.999000 9.999 0.999 99.999 0.999 99.999 0.999 999.99 0.999000 999.999 0.999 99.999 0.999 99.999 0.999 9.999 0.999 9.999 0.999
165.291667 166.291667 9999.99 0.999 99.99 0.999 9.999 0.999000 9.99 0.999000 9.999 0.999 99.999 0.999 99.999 0.999 999.99 0.999000 999.999 0.999 99.999 0.999 99.999 0.999 9.999 0.999 9.999 0.999
168.291667 169.291667  184.84 0.000  0.70 0.000 9.999 0.259000 0.20 0.000000 0.053 0.000  0.876 0.000  1.227 0.000  22.95 0.000000   9.758 0.000  1.441 0.000  8.317 0.000 0.126 0.000 0.241 0.000
171.291667 172.291667  169.95 0.000  0.55 0.000 9.999 0.259000 0.14 0.000000 0.032 0.559  0.482 0.000  0.675 0.000 999.99 0.259000   9.081 0.000  2.354 0.000  6.727 0.000 0.099 0.000 0.190 0.559
174.291667 175.291667   43.05 0.000  0.27 0.000 9.999 0.259000 9.99 0.259000 0.015 0.559  0.524 0.000  0.734 0.000 999.99 0.259000   3.534 0.000  0.906 0.000  2.628 0.000 0.028 0.000 0.115 0.559
177.291667 178.291667   47.88 0.000  0.58 0.000 9.999 0.259000 0.12 0.000000 0.023 0.559  0.587 0.000  0.822 0.000 999.99 0.259000   5.167 0.000  1.773 0.000  3.394 0.000 0.034 0.000 0.181 0.559
180.291667 181.291667   11.94 0.000  0.32 0.000 9.999 0.259000 0.09 0.000000 0.016 0.559  0.588 0.000  0.823 0.000 999.99 0.259000   2.537 0.000  0.357 0.000  2.180 0.000 0.022 0.000 0.115 0.559
183.291667 184.291667   57.05 0.000  0.40 0.000 9.999 0.259000 9.99 0.259000 0.043 0.559  1.398 0.000  1.957 0.000 999.99 0.259000   4.754 0.000  0.264 0.000  4.490 0.000 0.063 0.000 0.107 0.559
186.291667 187.291667   95.80 0.699  0.36 0.699 0.029 0.699000 9.99 0.699259 0.041 0.559  1.117 0.000  1.563 0.000 999.99 0.699259   6.778 0.000  1.055 0.000  5.723 0.699 0.094 0.699 0.156 0.559
189.291667 190.291667 9999.99 0.699 99.99 0.699 9.999 0.699000 9.99 0.699000 0.117 0.000  5.016 0.000  7.023 0.000 999.99 0.699000  18.516 0.000 99.999 0.999 99.999 0.699 9.999 0.699 0.285 0.000
192.291667 193.291667   80.91 0.000  0.25 0.000 9.999 0.259000 0.05 0.000000 0.025 0.559  1.095 0.000  1.533 0.000 999.99 0.259000   6.534 0.000  1.206 0.000  5.327 0.000 0.063 0.000 0.260 0.559
195.291667 196.291667  103.90 0.000  0.18 0.000 9.999 0.259000 9.99 0.259000 0.034 0.559  0.679 0.000  0.951 0.000 999.99 0.259000   5.547 0.000  0.673 0.000  4.874 0.000 0.055 0.000 0.224 0.559
198.291667 199.291667 9999.99 0.999 99.99 0.999 9.999 0.999000 9.99 0.999000 9.999 0.999 99.999 0.999 99.999 0.999 999.99 0.999000 999.999 0.999 99.999 0.999 99.999 0.999 9.999 0.999 9.999 0.999
201.291667 202.291667 9999.99 0.456 99.99 0.456 9.999 0.456000 9.99 0.456000 0.016 0.559  0.697 0.000  0.976 0.000 999.99 0.456000 999.999 0.456 99.999 0.999 99.999 0.456 9.999 0.456 0.133 0.559
204.291667 205.291667    9.43 0.000  0.28 0.000 9.999 0.259000 0.09 0.000000 0.012 0.559  0.475 0.000  0.665 0.000 999.99 0.259000   2.108 0.000 99.999 0.259  2.284 0.000 0.010 0.000 0.084 0.559
207.291667 208.291667   10.23 0.000  0.29 0.000 9.999 0.259000 9.99 0.259000 0.009 0.559  0.650 0.000  0.910 0.000 999.99 0.259000   2.342 0.000 99.999 0.259  2.505 0.000 0.009 0.000 0.101 0.559
210.291667 211.291667   38.95 0.000  0.14 0.000 9.999 0.259000 9.99 0.259000 0.024 0.000  0.610 0.000  0.854 0.000 999.99 0.259000   2.958 0.000 99.999 0.259  3.036 0.000 0.030 0.000 0.158 0.000
213.291667 214.291667  110.31 0.000  0.76 0.000 9.999 0.259000 0.59 0.000000 0.026 0.000  2.209 0.000  3.093 0.000 999.99 0.259000   7.693 0.000  0.437 0.000  7.256 0.000 0.091 0.000 0.268 0.000
216.291667 217.291667   50.16 0.000  0.20 0.000 0.026 0.000000 0.21 0.000000 0.013 0.000  1.528 0.000  2.139 0.000 999.99 0.259000   3.246 0.000  0.198 0.000  3.048 0.000 0.037 0.000 0.192 0.000
219.291667 220.291667   22.30 0.000 99.99 0.259 9.999 0.259000 0.35 0.000000 0.012 0.000  1.094 0.000  1.532 0.000 999.99 0.259000   3.097 0.000  1.004 0.000  2.094 0.000 0.017 0.000 0.150 0.000
222.291667 223.291667   34.03 0.000  0.45 0.000 9.999 0.259000 0.28 0.000000 0.021 0.559  0.625 0.000  0.875 0.000 999.99 0.259000   4.630 0.000  1.543 0.000  3.086 0.000 0.026 0.000 0.219 0.559
225.291667 226.291667   37.08 0.000  0.32 0.000 9.999 0.259000 0.29 0.000000 0.022 0.559  0.856 0.000  1.198 0.000 999.99 0.259000   5.958 0.000  2.580 0.000  3.378 0.000 0.029 0.000 0.189 0.559
228.291667 229.291667   20.60 0.000  0.22 0.000 9.999 0.259000 0.15 0.000000 0.015 0.559  0.835 0.000  1.168 0.000 999.99 0.259000   4.117 0.000  0.853 0.000  3.264 0.000 0.022 0.000 0.250 0.559
231.291667 232.291667   14.24 0.394  0.35 0.394 9.999 0.394259 0.26 0.394000 0.024 0.394  0.572 0.000  0.801 0.000 999.99 0.394259   3.186 0.000  0.928 0.000  2.259 0.000 0.014 0.394 0.160 0.394
234.291667 235.291667   33.00 0.000  0.47 0.000 0.029 0.000000 0.93 0.000000 0.022 0.000  0.935 0.000  1.309 0.000 999.99 0.259000   6.021 0.000  2.921 0.000  3.100 0.000 0.026 0.000 0.184 0.000
237.291667 238.291667   20.97 0.000  0.38 0.000 0.014 0.000000 0.08 0.000000 0.025 0.000  0.396 0.000  0.554 0.000 999.99 0.259000   4.054 0.000  2.244 0.000  1.810 0.000 0.016 0.000 0.192 0.000
240.291667 241.291667   41.81 0.000  0.28 0.000 9.999 0.259000 0.07 0.000000 0.051 0.559  0.592 0.000  0.828 0.000 999.99 0.259000   7.386 0.000  4.007 0.000  3.379 0.000 0.032 0.000 0.283 0.559
243.291667 244.291667   15.05 0.000  0.21 0.000 9.999 0.259000 9.99 0.259000 0.013 0.559  1.252 0.000  1.753 0.000 999.99 0.259000   4.817 0.000  1.650 0.000  3.167 0.000 0.022 0.000 0.156 0.559
