scripts/IMPROVE-2019_partial/data/US9066R.20150103050000.20191216000000.filterpack...1y.3d.US03L_filterpack_US9066.US03L_IMPROVE_Davis.lev2.nas
52 1001
MISSING INFORMATION
US03L, IMPROVE, , , , , , , 
MISSING INFORMATION
IMPROVE sel_HTAP
1 1
2015 01 01 2019 12 16
3.000000
days from file reference point
5
1 1 1 1 1
999.999999 999.999 9.999 999.999 9.999
end_time of measurement, days from the file reference point
pm10_mass, ug/m3, Matrix=pm10
numflag pm10_mass, no unit, Matrix=pm10
pm25_mass, ug/m3, Matrix=pm25
numflag pm25_mass, no unit, Matrix=pm25
0
33
Data definition:              EBAS_1.1
Set type code:                TU
Timezone:                     UTC
File name:                    US9066R.20150103050000.20191216000000.filterpack...1y.3d.US03L_filterpack_US9066.US03L_IMPROVE_Davis.lev2.nas
File creation:                20191218121001
Startdate:                    20150103050000
Revision date:                20191216000000
Version:                      2
Version description:          "Data extracted from http://views.cira.colostate.edu/fed/DataWizard 2019-12-16"
Statistics:                   arithmetic mean
Data level:                   2
Period code:                  1y
Resolution code:              3d
Sample duration:              1d
Orig. time res.:              3d
Station code:                 US9066R
Platform code:                US9066S
Station name:                 Swanquarter
Station latitude:             35.451
Station longitude:            -76.2075
Station altitude:             -3.0 m
Regime:                       IMG
Component:                    
Unit:                         ug/m3
Matrix:                       
Laboratory code:              US03L
Instrument type:              filterpack
Instrument name:              filterpack_US9066
Method ref:                   US03L_IMPROVE_Davis
Blank correction:             Blank corrected
Volume std. temperature:      ambient
Volume std. pressure:         ambient
starttime endtime PM10 flag_PM10 PM2.5 flag_PM2.5
  2.208333   3.208333   4.784 0.000   2.435 0.000
  5.208333   6.208333   6.150 0.000   3.466 0.000
  8.208333   9.208333  10.119 0.000   4.455 0.000
 11.208333  12.208333   2.409 0.000   1.604 0.000
 14.208333  15.208333   8.015 0.000   6.306 0.000
 17.208333  18.208333   8.907 0.000   4.700 0.000
 20.208333  21.208333  14.125 0.000   8.951 0.000
 23.208333  24.208333   3.653 0.000   2.556 0.000
 26.208333  27.208333   6.068 0.000   5.599 0.000
 29.208333  30.208333   7.072 0.000   4.871 0.000
 32.208333  33.208333   7.425 0.000   4.665 0.000
 35.208333  36.208333  11.356 0.000   4.318 0.000
 38.208333  39.208333  10.059 0.000   5.652 0.000
 41.208333  42.208333   9.051 0.000   5.449 0.000
 44.208333  45.208333   9.383 0.000   5.517 0.000
 47.208333  48.208333   5.053 0.000   3.734 0.000
 50.208333  51.208333  12.531 0.000   7.040 0.000
 53.208333  54.208333 999.999 0.456 999.999 0.456
 56.208333  57.208333   5.650 0.000   4.848 0.000
 59.208333  60.208333   8.755 0.000   4.571 0.000
 62.208333  63.208333   5.839 0.000   3.499 0.000
 65.208333  66.208333   9.221 0.000   5.878 0.000
 68.208333  69.208333  10.175 0.000   4.098 0.000
 71.208333  72.208333  11.813 0.000   2.726 0.000
 74.208333  75.208333   8.993 0.000   5.982 0.000
 77.208333  78.208333  10.488 0.000   4.161 0.000
 80.208333  81.208333   7.869 0.000   5.162 0.000
 83.208333  84.208333  14.016 0.000   5.398 0.000
 86.208333  87.208333   6.711 0.000   5.380 0.000
 89.208333  90.208333   9.528 0.000   6.088 0.000
 92.208333  93.208333  17.956 0.000   7.321 0.000
 95.208333  96.208333  13.794 0.000   3.981 0.000
 98.208333  99.208333   8.303 0.000   4.958 0.000
101.208333 102.208333   9.434 0.000   4.450 0.000
104.208333 105.208333   7.895 0.000   3.189 0.000
107.208333 108.208333   9.919 0.000   5.078 0.000
110.208333 111.208333  11.188 0.000   5.135 0.000
113.208333 114.208333   9.930 0.000   4.365 0.000
116.208333 117.208333   8.127 0.000   4.828 0.000
119.208333 120.208333   9.372 0.000   5.274 0.000
122.208333 123.208333  11.172 0.000   4.744 0.000
125.208333 126.208333   9.889 0.000   3.588 0.000
128.208333 129.208333  24.223 0.000   9.979 0.000
131.208333 132.208333  25.273 0.000  11.696 0.000
134.208333 135.208333  12.458 0.000   3.587 0.000
137.208333 138.208333  15.627 0.000   7.670 0.000
140.208333 141.208333  12.119 0.000   5.632 0.000
143.208333 144.208333  16.729 0.000   6.192 0.000
146.208333 147.208333  15.095 0.000   6.885 0.000
149.208333 150.208333  17.583 0.000   6.861 0.000
152.208333 153.208333   9.706 0.000   5.068 0.000
155.208333 156.208333   5.570 0.000   3.401 0.000
158.208333 159.208333  14.117 0.000   4.500 0.000
161.208333 162.208333  11.355 0.000   4.914 0.000
164.208333 165.208333  16.656 0.000  10.961 0.000
167.208333 168.208333  14.751 0.000   8.242 0.000
170.208333 171.208333  14.080 0.000   6.879 0.000
173.208333 174.208333  20.344 0.000  12.225 0.000
176.208333 177.208333  17.111 0.000  10.289 0.000
179.208333 180.208333  10.284 0.000   5.140 0.000
182.208333 183.208333  24.110 0.000  16.957 0.000
185.208333 186.208333  25.381 0.000  12.804 0.000
188.208333 189.208333  20.630 0.000  10.696 0.000
191.208333 192.208333  19.446 0.000   9.865 0.000
194.208333 195.208333  19.360 0.000  10.737 0.000
197.208333 198.208333  12.466 0.000   4.700 0.000
200.208333 201.208333  15.410 0.000  10.994 0.000
203.208333 204.208333  15.229 0.000   7.720 0.000
206.208333 207.208333  11.323 0.000 999.999 0.456
209.208333 210.208333 999.999 0.999 999.999 0.999
212.208333 213.208333  13.583 0.000   7.940 0.000
215.208333 216.208333  23.427 0.000   9.562 0.000
218.208333 219.208333  12.749 0.000   6.506 0.000
221.208333 222.208333   9.962 0.000   3.669 0.000
224.208333 225.208333  11.311 0.000   6.534 0.000
227.208333 228.208333   9.244 0.000   5.544 0.000
230.208333 231.208333  11.040 0.000   6.614 0.000
233.208333 234.208333  14.913 0.000   7.704 0.000
236.208333 237.208333  14.357 0.000   8.835 0.000
239.208333 240.208333  10.653 0.000   5.575 0.000
242.208333 243.208333  15.635 0.000   7.917 0.000
245.208333 246.208333  13.830 0.000   8.578 0.000
248.208333 249.208333  14.448 0.000   5.486 0.000
251.208333 252.208333 999.999 0.999 999.999 0.999
254.208333 255.208333 999.999 0.999 999.999 0.999
257.208333 258.208333 999.999 0.999 999.999 0.999
260.208333 261.208333   8.902 0.000   4.140 0.000
263.208333 264.208333  14.997 0.000   5.968 0.000
266.208333 267.208333  11.990 0.000   4.704 0.000
269.208333 270.208333 999.999 0.999 999.999 0.999
272.208333 273.208333 999.999 0.999 999.999 0.999
275.208333 276.208333  20.496 0.000   7.076 0.000
278.208333 279.208333   9.839 0.000   3.563 0.000
281.208333 282.208333   8.789 0.000   5.368 0.000
284.208333 285.208333   7.527 0.000   3.759 0.000
287.208333 288.208333  11.891 0.000   5.077 0.000
290.208333 291.208333   5.201 0.000   2.411 0.000
293.208333 294.208333   6.286 0.000   2.676 0.000
296.208333 297.208333  10.060 0.000   2.794 0.000
299.208333 300.208333  13.643 0.000   4.432 0.000
302.208333 303.208333  11.884 0.000   7.099 0.000
305.208333 306.208333   4.441 0.000   3.200 0.000
308.208333 309.208333   6.263 0.000   3.423 0.000
311.208333 312.208333   8.219 0.000   4.442 0.000
314.208333 315.208333   4.912 0.000   3.578 0.000
317.208333 318.208333   5.947 0.000   2.974 0.000
320.208333 321.208333  10.421 0.000   6.482 0.000
323.208333 324.208333   7.706 0.000   3.074 0.000
326.208333 327.208333   4.118 0.000   2.883 0.000
329.208333 330.208333  10.168 0.000   4.125 0.000
332.208333 333.208333  11.013 0.000   6.434 0.000
335.208333 336.208333 999.999 0.999 999.999 0.999
338.208333 339.208333   9.237 0.000   5.476 0.000
341.208333 342.208333   9.306 0.000   6.184 0.000
344.208333 345.208333  16.805 0.000  11.000 0.000
347.208333 348.208333   8.660 0.000   3.853 0.000
350.208333 351.208333   6.591 0.000   3.672 0.000
353.208333 354.208333   5.144 0.000   2.828 0.000
356.208333 357.208333 999.999 0.999 999.999 0.999
359.208333 360.208333   6.758 0.000   4.849 0.000
362.208333 363.208333  15.755 0.000   8.890 0.000
