scripts/IMPROVE-2019_partial/data/US9047R.20050101070000.20191216000000.filterpack..pm25.52w.1w.US03L_filterpack_US9047.US03L_IMPROVE_Davis.lev2.nas
66 1001
MISSING INFORMATION
US03L, IMPROVE, , , , , , , 
MISSING INFORMATION
IMPROVE sel_HTAP
1 1
2005 01 01 2019 12 16
3.000000
days from file reference point
27
1 1 1 1 1 1 1 1 1 1 1 1 1 1 1 1 1 1 1 1 1 1 1 1 1 1 1
999.999999 9999.99 9.999 99.99 9.999999 9.999 9.999999 99.99 9.999999 9.999 9.999 99.999 9.999 99.999 9.999 99.99 9.999999 999.999 9.999 999.999 9.999999 999.999 9.999 9.999 9.999 9.999 9.999
end_time of measurement, days from the file reference point
iron, ng/m3, Revision date=20181210133000
numflag iron, no unit, Revision date=20181210133000
lead, ng/m3, Revision date=20181210133000
numflag lead, no unit, Revision date=20181210133000
magnesium, ug/m3, Revision date=20181210133000
numflag magnesium, no unit, Revision date=20181210133000
nickel, ng/m3, Revision date=20181210133000
numflag nickel, no unit, Revision date=20181210133000
nitrate, ug N/m3, Revision date=20181210133000
numflag nitrate, no unit, Revision date=20181210133000
organic_carbon, ug C/m3, Revision date=20181210133000
numflag organic_carbon, no unit, Revision date=20181210133000
organic_mass, ug/m3, Revision date=20181210133000
numflag organic_mass, no unit, Revision date=20181210133000
phosphorus, ng/m3, Revision date=20181210133000
numflag phosphorus, no unit, Revision date=20181210133000
pm10_mass, ug/m3, Version=2, Version description=Data extracted from http://views.cira.colostate.edu/fed/DataWizard 2019-12-16, Sample duration=1d, Orig. time res.=3d, Matrix=pm10, Blank correction=Blank corrected, Volume std. temperature=ambient, Volume std. pressure=ambient
numflag pm10_mass, no unit, Version=2, Version description=Data extracted from http://views.cira.colostate.edu/fed/DataWizard 2019-12-16, Sample duration=1d, Orig. time res.=3d, Matrix=pm10, Blank correction=Blank corrected, Volume std. temperature=ambient, Volume std. pressure=ambient
pm10_pm25_mass, ug/m3, Revision date=20181210133000, Matrix=pm10_pm25
numflag pm10_pm25_mass, no unit, Revision date=20181210133000, Matrix=pm10_pm25
pm25_mass, ug/m3, Version=2, Version description=Data extracted from http://views.cira.colostate.edu/fed/DataWizard 2019-12-16, Sample duration=1d, Orig. time res.=3d, Blank correction=Blank corrected, Volume std. temperature=ambient, Volume std. pressure=ambient
numflag pm25_mass, no unit, Version=2, Version description=Data extracted from http://views.cira.colostate.edu/fed/DataWizard 2019-12-16, Sample duration=1d, Orig. time res.=3d, Blank correction=Blank corrected, Volume std. temperature=ambient, Volume std. pressure=ambient
potassium, ug/m3, Revision date=20181210133000
numflag potassium, no unit, Revision date=20181210133000
sulphate_total, ug S/m3, Revision date=20181210133000
numflag sulphate_total, no unit, Revision date=20181210133000
0
25
Data definition:              EBAS_1.1
Set type code:                TU
Timezone:                     UTC
File name:                    US9047R.20050101070000.20191216000000.filterpack..pm25.52w.1w.US03L_filterpack_US9047.US03L_IMPROVE_Davis.lev2.nas
File creation:                20191218120837
Startdate:                    20050101070000
Revision date:                20191216000000
Statistics:                   arithmetic mean
Data level:                   2
Period code:                  52w
Resolution code:              1w
Station code:                 US9047R
Platform code:                US9047S
Station name:                 Shamrock Mine
Station latitude:             37.3038
Station longitude:            -107.4842
Station altitude:             2351.0 m
Regime:                       IMG
Component:                    
Matrix:                       pm25
Laboratory code:              US03L
Instrument type:              filterpack
Instrument name:              filterpack_US9047
Method ref:                   US03L_IMPROVE_Davis
starttime endtime Fe flag_Fe Pb flag_Pb Mg++ flag_Mg++ Ni flag_Ni NO3- flag_NO3- OC flag_OC OM flag_OM P flag_P PM10 flag_PM10 PM10-PM2.5 flag_PM10-PM2.5 PM2.5 flag_PM2.5 K+ flag_K+ SO4-- flag_SO4--
  0.291667   1.291667    7.64 0.559  0.72 0.559000 9.999 0.559259 99.99 0.559259 0.021 0.000  0.270 0.000  0.487 0.000 99.99 0.559259   1.675 0.000   0.474 0.559000   1.200 0.659 0.010 0.559 0.102 0.000
  3.291667   4.291667    1.75 0.559  0.33 0.559000 9.999 0.559259 99.99 0.559259 0.007 0.000  0.135 0.000  0.243 0.000 99.99 0.559259   0.625 0.000   0.224 0.559000   0.403 0.659 0.003 0.559 0.037 0.000
  6.291667   7.291667    2.33 0.559  0.23 0.559000 9.999 0.559259 99.99 0.559259 0.019 0.000  0.229 0.000  0.412 0.000 99.99 0.559259   1.134 0.000   0.302 0.559000   0.832 0.659 0.003 0.559 0.087 0.000
  9.291667  10.291667    2.47 0.559  0.39 0.559000 9.999 0.559259 99.99 0.559259 0.008 0.000  0.325 0.000  0.586 0.000 99.99 0.559259   1.125 0.000   0.383 0.559000   0.741 0.659 0.003 0.559 0.051 0.000
 12.291667  13.291667    7.50 0.559  0.23 0.559000 0.009 0.559000  0.19 0.559000 0.024 0.000  0.388 0.000  0.698 0.000 99.99 0.559259   1.638 0.000   0.751 0.559000   0.886 0.659 0.006 0.559 0.064 0.000
 15.291667  16.291667    8.87 0.559  0.32 0.559000 9.999 0.559259  0.32 0.559000 0.019 0.000  0.536 0.559  0.965 0.559 99.99 0.559259   1.634 0.000   0.504 0.559000   1.129 0.659 0.008 0.559 0.056 0.000
 18.291667  19.291667    7.67 0.559  0.36 0.559000 9.999 0.559259 99.99 0.559259 0.021 0.000  0.778 0.000  1.400 0.000 99.99 0.559259   2.418 0.000   0.832 0.559000   1.586 0.659 0.009 0.559 0.053 0.000
 21.291667  22.291667   10.82 0.559  0.32 0.559000 9.999 0.559259  0.10 0.559000 0.074 0.000  0.501 0.559  0.902 0.559 99.99 0.559259   2.828 0.000   1.522 0.559000   1.305 0.659 0.017 0.559 0.065 0.000
 24.291667  25.291667   11.88 0.559  0.19 0.559000 9.999 0.559259  0.28 0.559000 0.085 0.000  0.772 0.000  1.391 0.000 99.99 0.559259   3.827 0.000   1.412 0.559000   2.424 0.659 0.017 0.559 0.177 0.000
 27.291667  28.291667    2.52 0.559 99.99 0.559259 0.014 0.559000  0.27 0.559000 0.061 0.000  0.389 0.000  0.700 0.000 99.99 0.559259   1.171 0.000   0.257 0.559000   0.913 0.659 0.003 0.559 0.087 0.000
 30.291667  31.291667    2.81 0.559  0.31 0.559000 9.999 0.559259 99.99 0.559259 0.019 0.000  0.194 0.000  0.349 0.000 99.99 0.559259   0.963 0.000   0.193 0.559000   0.769 0.659 0.003 0.559 0.123 0.000
 33.291667  34.291667    5.34 0.559  0.59 0.559000 9.999 0.559259 99.99 0.559259 0.026 0.000  0.263 0.000  0.473 0.000 99.99 0.559259   1.801 0.000   0.526 0.559000   1.274 0.659 0.005 0.559 0.120 0.000
 36.291667  37.291667    7.25 0.000  0.23 0.000000 9.999 0.259000 99.99 0.259000 0.069 0.000  0.474 0.000  0.854 0.000 99.99 0.259000   2.522 0.000   0.838 0.000000   1.691 0.000 0.008 0.000 0.129 0.000
 39.291667  40.291667   10.46 0.559  0.20 0.559000 9.999 0.559259  0.14 0.559000 0.012 0.000  0.190 0.000  0.342 0.000 99.99 0.559259   1.595 0.000   0.573 0.559000   1.022 0.659 0.006 0.559 0.083 0.000
 42.291667  43.291667    0.78 0.559  0.15 0.559000 9.999 0.559259 99.99 0.559259 0.031 0.000  0.126 0.000  0.226 0.000 99.99 0.559259   0.375 0.000   0.030 0.559000   0.345 0.659 0.001 0.559 0.008 0.000
 45.291667  46.291667   12.21 0.559  0.60 0.559000 9.999 0.559259  0.17 0.559000 0.022 0.000  0.345 0.000  0.621 0.000 99.99 0.559259   2.958 0.000   0.948 0.559000   2.025 0.659 0.008 0.559 0.212 0.000
 48.291667  49.291667    5.51 0.559  0.33 0.559000 9.999 0.559259  0.26 0.559000 0.005 0.000  0.151 0.000  0.271 0.000 99.99 0.559259   0.952 0.000   0.180 0.559000   0.772 0.659 0.006 0.559 0.060 0.000
 51.291667  52.291667    3.76 0.559  0.25 0.559000 9.999 0.559259  0.15 0.559000 0.009 0.000  0.117 0.000  0.211 0.000 99.99 0.559259   1.123 0.000   0.269 0.559000   0.855 0.659 0.003 0.559 0.083 0.000
 54.291667  55.291667   13.01 0.559  0.44 0.559000 9.999 0.559259 99.99 0.559259 0.012 0.000  0.227 0.000  0.409 0.000 99.99 0.559259   1.746 0.000   0.547 0.559000   1.198 0.659 0.008 0.559 0.120 0.000
 57.291667  58.291667   10.46 0.559  0.52 0.559000 0.010 0.559000  0.15 0.559000 0.032 0.000  0.393 0.000  0.708 0.000 99.99 0.559259   2.550 0.000   0.723 0.559000   1.826 0.659 0.008 0.559 0.199 0.000
 60.291667  61.291667   12.72 0.559  0.39 0.559000 9.999 0.559259 99.99 0.559259 0.015 0.000  0.218 0.000  0.392 0.000 99.99 0.559259   2.787 0.000   1.414 0.559000   1.373 0.659 0.009 0.559 0.166 0.000
 63.291667  64.291667   15.85 0.559  0.97 0.559000 9.999 0.559259  0.15 0.559000 0.029 0.000  0.312 0.000  0.562 0.000 99.99 0.559259   2.938 0.000   0.929 0.559000   2.009 0.659 0.016 0.559 0.229 0.000
 66.291667  67.291667   16.50 0.559  0.57 0.559000 9.999 0.559259 99.99 0.559259 0.018 0.000  0.228 0.000  0.411 0.000 99.99 0.559259   2.495 0.000   1.425 0.559000   1.080 0.659 0.015 0.559 0.079 0.000
 69.291667  70.291667   32.04 0.559  0.42 0.559000 9.999 0.559259 99.99 0.559259 0.025 0.000  0.319 0.000  0.573 0.000 99.99 0.559259   5.009 0.000   3.253 0.559000   1.755 0.659 0.022 0.559 0.079 0.000
 72.291667  73.291667   39.29 0.559  0.79 0.559000 9.999 0.559259 99.99 0.559259 0.035 0.000  0.421 0.000  0.758 0.000 99.99 0.559259   6.060 0.000   4.021 0.559000   2.039 0.659 0.026 0.559 0.129 0.000
 75.291667  76.291667   82.73 0.559  1.43 0.559000 9.999 0.559259 99.99 0.559259 0.036 0.000  0.323 0.000  0.581 0.000 99.99 0.559259  13.439 0.000  10.698 0.559000   2.740 0.659 0.046 0.559 0.190 0.000
 78.291667  79.291667    5.79 0.000  0.59 0.000000 9.999 0.259000  0.04 0.000000 0.057 0.000  0.228 0.000  0.410 0.000 99.99 0.259000   1.252 0.000   0.402 0.000000   0.850 0.000 0.006 0.000 0.148 0.000
 81.291667  82.291667   19.15 0.000  0.67 0.000000 9.999 0.259000  0.15 0.000000 0.027 0.000  0.219 0.000  0.395 0.000 99.99 0.259000   3.722 0.000   2.564 0.000000   1.186 0.000 0.015 0.000 0.120 0.000
 84.291667  85.291667    4.49 0.559  0.30 0.559000 9.999 0.559259 99.99 0.559259 0.067 0.000  0.244 0.000  0.440 0.000 99.99 0.559259   1.206 0.000   0.231 0.559000   0.975 0.659 0.004 0.559 0.138 0.000
 87.291667  88.291667   20.49 0.559  0.68 0.559000 9.999 0.559259 99.99 0.559259 0.033 0.000  0.195 0.000  0.352 0.000 99.99 0.559259   3.372 0.000   2.120 0.559000   1.266 0.659 0.012 0.559 0.128 0.000
 90.291667  91.291667   20.59 0.559  0.65 0.559000 9.999 0.559259 99.99 0.559259 0.053 0.000  0.321 0.000  0.577 0.000 99.99 0.559259   2.882 0.000   1.358 0.559000   1.523 0.659 0.012 0.559 0.167 0.000
 93.291667  94.291667  110.55 0.559  1.37 0.559000 9.999 0.559259 99.99 0.559259 0.044 0.000  0.575 0.000  1.035 0.000 99.99 0.559259  15.557 0.000  11.441 0.559000   4.115 0.659 0.067 0.559 0.206 0.000
 96.291667  97.291667   66.53 0.559  1.67 0.559000 0.016 0.559000 99.99 0.559259 0.029 0.000  0.394 0.000  0.710 0.000 99.99 0.559259   6.299 0.000   2.968 0.559000   3.330 0.659 0.044 0.559 0.267 0.000
 99.291667 100.291667   25.35 0.000  0.93 0.000000 0.006 0.000000 99.99 0.259000 0.053 0.000  0.258 0.000  0.464 0.000 99.99 0.259000   4.471 0.000   2.504 0.000000   1.967 0.000 0.023 0.000 0.170 0.000
102.291667 103.291667  135.18 0.559  1.81 0.559000 0.047 0.559000 99.99 0.559259 0.034 0.000  0.295 0.000  0.532 0.000 99.99 0.559259  11.595 0.000   6.763 0.559000   4.830 0.659 0.083 0.559 0.296 0.000
105.291667 106.291667   97.77 0.559  1.49 0.559000 9.999 0.559259 99.99 0.559259 0.047 0.000  0.805 0.000  1.449 0.000 99.99 0.559259  11.110 0.000   5.795 0.559000   5.314 0.659 0.069 0.559 0.469 0.000
108.291667 109.291667  343.10 0.000  2.57 0.000000 0.139 0.000000 99.99 0.259000 0.057 0.000  0.544 0.000  0.979 0.000 99.99 0.259000  41.384 0.000  32.073 0.000000   9.696 0.000 0.194 0.000 0.348 0.000
111.291667 112.291667  100.86 0.559  0.74 0.559000 0.028 0.559000 99.99 0.559259 0.046 0.000  1.830 0.000  3.295 0.000 99.99 0.559259  13.958 0.000   8.256 0.559000   5.700 0.659 0.065 0.559 0.162 0.000
114.291667 115.291667   25.08 0.559  0.63 0.559000 9.999 0.559259 99.99 0.559259 0.036 0.000  0.368 0.000  0.662 0.000 99.99 0.559259   1.415 0.000 999.999 0.559259   1.492 0.659 0.016 0.559 0.100 0.000
117.291667 118.291667   37.27 0.000  0.74 0.000000 9.999 0.259000  0.12 0.000000 0.051 0.000  0.293 0.000  0.528 0.000 99.99 0.259000   4.562 0.000   2.133 0.000000   2.428 0.000 0.026 0.000 0.264 0.000
120.291667 121.291667   14.22 0.000  0.49 0.000000 9.999 0.259000 99.99 0.259000 0.017 0.000  0.267 0.000  0.481 0.000 99.99 0.259000   2.445 0.000   0.734 0.000000   1.710 0.000 0.010 0.000 0.205 0.000
123.291667 124.291667   16.51 0.559  0.23 0.559000 9.999 0.559259 99.99 0.559259 0.023 0.000  0.256 0.000  0.462 0.000 99.99 0.559259   2.237 0.000   0.690 0.559000   1.547 0.659 0.011 0.559 0.166 0.000
126.291667 127.291667   25.72 0.559  0.52 0.559000 0.008 0.559000 99.99 0.559259 0.022 0.000  0.194 0.000  0.349 0.000 99.99 0.559259   4.184 0.000   2.462 0.559000   1.722 0.659 0.016 0.559 0.205 0.000
129.291667 130.291667  157.54 0.559  1.77 0.559000 0.032 0.559000 99.99 0.559259 0.051 0.000  0.373 0.000  0.670 0.000 99.99 0.559259  15.836 0.000  11.017 0.559000   4.865 0.659 0.091 0.559 0.290 0.000
132.291667 133.291667   39.96 0.000  0.40 0.000000 9.999 0.259000 99.99 0.259000 0.008 0.000  0.100 0.000  0.181 0.000 99.99 0.259000   7.266 0.000   5.812 0.000000   1.465 0.000 0.020 0.000 0.065 0.000
135.291667 136.291667 9999.99 0.999 99.99 0.999000 9.999 0.999000 99.99 0.999000 9.999 0.999 99.999 0.999 99.999 0.999 99.99 0.999000 999.999 0.999 999.999 0.999000 999.999 0.999 9.999 0.999 9.999 0.999
138.291667 139.291667   62.62 0.000  0.56 0.000000 9.999 0.259000 99.99 0.259000 0.013 0.000  0.314 0.000  0.564 0.000 99.99 0.259000   7.120 0.000   4.263 0.000000   2.886 0.000 0.036 0.000 0.142 0.000
141.291667 142.291667   70.11 0.000  0.63 0.000000 9.999 0.259000 99.99 0.259000 0.010 0.000  0.529 0.000  0.952 0.000 99.99 0.259000  10.228 0.000   7.117 0.000000   3.134 0.000 0.037 0.000 0.126 0.000
144.291667 145.291667  102.23 0.000  0.86 0.000000 9.999 0.259000  0.07 0.000000 0.025 0.000  0.573 0.000  1.031 0.000 99.99 0.259000  13.534 0.000   9.326 0.000000   4.208 0.000 0.052 0.000 0.191 0.000
147.291667 148.291667   41.56 0.000  0.45 0.000000 0.009 0.000000  0.06 0.000000 0.022 0.000  0.741 0.000  1.333 0.000 99.99 0.259000   9.050 0.000   5.267 0.000000   3.782 0.000 0.029 0.000 0.319 0.000
150.291667 151.291667   42.25 0.000  0.52 0.000000 0.010 0.000000 99.99 0.259000 0.019 0.000  0.371 0.000  0.668 0.000 99.99 0.259000   7.703 0.000   5.202 0.000000   2.538 0.000 0.027 0.000 0.170 0.000
153.291667 154.291667   64.47 0.000  0.77 0.000000 9.999 0.259000 99.99 0.259000 0.046 0.000  0.358 0.000  0.644 0.000 99.99 0.259000  10.842 0.000   7.148 0.000000   3.694 0.000 0.043 0.000 0.275 0.000
156.291667 157.291667  106.22 0.000  1.16 0.000000 9.999 0.259000 99.99 0.259000 0.039 0.000  0.393 0.000  0.707 0.000 99.99 0.259000  15.584 0.000  11.054 0.000000   4.530 0.000 0.063 0.000 0.338 0.000
159.291667 160.291667   85.16 0.000  0.91 0.000000 0.016 0.000000 99.99 0.259000 0.080 0.000  0.652 0.000  1.173 0.000 99.99 0.259000  14.718 0.000   9.620 0.000000   5.098 0.000 0.115 0.000 0.301 0.000
162.291667 163.291667   11.54 0.000  0.51 0.000000 9.999 0.259000  0.09 0.000000 0.048 0.000  0.663 0.000  1.194 0.000 99.99 0.259000   3.720 0.000   1.279 0.000000   2.441 0.000 0.011 0.000 0.237 0.000
165.291667 166.291667  105.31 0.000  1.00 0.000000 0.019 0.000000 99.99 0.259000 0.036 0.000  1.005 0.000  1.809 0.000 99.99 0.259000  17.125 0.000  10.006 0.000000   7.118 0.000 0.078 0.000 0.594 0.000
168.291667 169.291667  116.99 0.000  0.57 0.000000 9.999 0.259000 99.99 0.259000 0.032 0.000  0.650 0.000  1.170 0.000 99.99 0.259000  23.004 0.000  17.917 0.000000   5.087 0.000 0.099 0.000 0.299 0.000
171.291667 172.291667   74.62 0.000  0.63 0.000000 9.999 0.259000 99.99 0.259000 0.020 0.000  1.523 0.000  2.740 0.000 99.99 0.259000  20.655 0.000  14.428 0.000000   6.479 0.659 0.063 0.000 0.486 0.000
174.291667 175.291667  141.92 0.000  0.64 0.000000 9.999 0.259000 99.99 0.259000 0.023 0.000  1.308 0.000  2.354 0.000 99.99 0.259000  20.932 0.000  13.223 0.000000   7.708 0.000 0.125 0.000 0.421 0.000
177.291667 178.291667 9999.99 0.999 99.99 0.999000 9.999 0.999000 99.99 0.999000 9.999 0.999 99.999 0.999 99.999 0.999 99.99 0.999000 999.999 0.999 999.999 0.999000 999.999 0.999 9.999 0.999 9.999 0.999
180.291667 181.291667   82.20 0.000  0.90 0.000000 0.021 0.000000 99.99 0.259000 0.143 0.000  5.009 0.000  9.016 0.000 99.99 0.259000  27.078 0.000  12.789 0.000000  14.289 0.000 0.346 0.000 0.440 0.000
183.291667 184.291667   79.02 0.000  1.28 0.000000 0.010 0.000000 99.99 0.259000 0.057 0.000  1.806 0.000  3.251 0.000 99.99 0.259000  16.541 0.000   9.251 0.000000   7.289 0.000 0.130 0.000 0.367 0.000
186.291667 187.291667  163.13 0.000  0.63 0.000000 9.999 0.259000 99.99 0.259000 0.021 0.000  0.783 0.000  1.410 0.000 99.99 0.259000  18.327 0.000  12.017 0.000000   6.310 0.000 0.099 0.000 0.245 0.000
189.291667 190.291667  129.23 0.000  0.47 0.000000 9.999 0.259000 99.99 0.259000 0.044 0.000  0.622 0.000  1.120 0.000 99.99 0.259000  17.261 0.000  11.743 0.000000   5.517 0.000 0.091 0.000 0.327 0.000
192.291667 193.291667   70.28 0.000  0.45 0.000000 0.005 0.000000 99.99 0.259000 0.022 0.000  1.007 0.000  1.813 0.000 99.99 0.259000  12.386 0.000   7.607 0.000000   4.827 0.000 0.072 0.000 0.261 0.000
195.291667 196.291667   90.65 0.000  0.32 0.000000 9.999 0.259000  8.40 0.000000 0.010 0.000  0.722 0.000  1.300 0.000 99.99 0.259000  15.494 0.000  10.718 0.000000   4.776 0.000 0.052 0.000 0.260 0.000
198.291667 199.291667   30.66 0.000  0.35 0.000000 9.999 0.259000 99.99 0.259000 0.019 0.000  1.658 0.000  2.985 0.000 99.99 0.259000  10.568 0.000   5.824 0.000000   4.744 0.000 0.097 0.000 0.185 0.000
201.291667 202.291667   90.85 0.000  0.50 0.000000 0.015 0.000000 99.99 0.259000 0.011 0.000  1.559 0.000  2.806 0.000 99.99 0.259000  16.514 0.000  10.685 0.000000   5.843 0.000 0.094 0.000 0.220 0.000
204.291667 205.291667   24.81 0.000  0.31 0.000000 9.999 0.259000 99.99 0.259000 0.013 0.000  0.965 0.000  1.737 0.000 99.99 0.259000   7.281 0.000   3.901 0.000000   3.380 0.000 0.024 0.000 0.185 0.000
207.291667 208.291667   44.62 0.000  0.47 0.000000 9.999 0.259000  0.15 0.000000 0.009 0.000  0.649 0.000  1.168 0.000 99.99 0.259000   8.377 0.000   5.355 0.000000   3.022 0.000 0.026 0.000 0.120 0.000
210.291667 211.291667   55.66 0.000  0.44 0.000000 0.007 0.000000 99.99 0.259000 0.007 0.559  0.573 0.000  1.031 0.000 99.99 0.259000   9.191 0.000   6.139 0.000000   3.051 0.000 0.029 0.000 0.138 0.559
213.291667 214.291667  154.82 0.000  0.35 0.000000 9.999 0.259000  0.12 0.000000 0.034 0.000  0.693 0.000  1.247 0.000 99.99 0.259000  14.782 0.000   9.081 0.000000   5.757 0.000 0.065 0.000 0.395 0.000
216.291667 217.291667   25.25 0.000  0.19 0.000000 9.999 0.259000 99.99 0.259000 0.007 0.000  0.485 0.000  0.872 0.000 99.99 0.259000   4.903 0.000   2.081 0.000000   2.822 0.000 0.020 0.000 0.225 0.000
219.291667 220.291667   12.56 0.000  0.32 0.000000 9.999 0.259000 99.99 0.259000 0.005 0.000  0.791 0.000  1.424 0.000 99.99 0.259000   5.375 0.000   2.878 0.000000   2.497 0.000 0.012 0.000 0.144 0.000
222.291667 223.291667   10.38 0.000  0.24 0.000000 9.999 0.259000  0.07 0.000000 0.009 0.000  0.415 0.000  0.748 0.000 99.99 0.259000   3.739 0.000   1.572 0.000000   2.167 0.000 0.010 0.000 0.157 0.000
225.291667 226.291667    6.42 0.000  0.21 0.000000 9.999 0.259000 99.99 0.259000 0.004 0.559  0.624 0.000  1.124 0.000 99.99 0.259000   3.756 0.000   1.574 0.000000   2.181 0.000 0.015 0.000 0.130 0.559
228.291667 229.291667   14.73 0.000  0.30 0.000000 9.999 0.259000 99.99 0.259000 0.007 0.000  0.165 0.000  0.296 0.000 99.99 0.259000   5.336 0.000   2.890 0.000000   2.445 0.000 0.015 0.000 0.243 0.000
231.291667 232.291667   16.15 0.000  0.37 0.000000 9.999 0.259000 99.99 0.259000 0.008 0.000  0.273 0.000  0.491 0.000 99.99 0.259000   5.397 0.000   3.448 0.000000   1.949 0.000 0.013 0.000 0.172 0.000
