scripts/IMPROVE-2019_partial/data/US9051U.20010101050000.20191216000000.filterpack..pm25.52w.1w.US03L_filterpack_US9051.US03L_IMPROVE_Davis.lev2.nas
64 1001
MISSING INFORMATION
US03L, IMPROVE, , , , , , , 
MISSING INFORMATION
IMPROVE sel_HTAP
1 1
2001 01 01 2019 12 16
3.000000
days from file reference point
25
1 1 1 1 1 1 1 1 1 1 1 1 1 1 1 1 1 1 1 1 1 1 1 1 1
999.999999 9999.99 9.999 999.99 9.999 9.999 9.999 99.99 9.999 99.999 9.999 99.999 9.999 999.999 9.999 999.999 9.999 999.999 9.999 999.999 9.999 9.999 9.999 99.999 9.999
end_time of measurement, days from the file reference point
iron, ng/m3, Revision date=20181210133000
numflag iron, no unit, Revision date=20181210133000
lead, ng/m3, Revision date=20181210133000
numflag lead, no unit, Revision date=20181210133000
magnesium, ug/m3, Revision date=20181210133000
numflag magnesium, no unit, Revision date=20181210133000
nickel, ng/m3, Revision date=20181210133000
numflag nickel, no unit, Revision date=20181210133000
nitrate, ug N/m3, Revision date=20181210133000
numflag nitrate, no unit, Revision date=20181210133000
organic_carbon, ug C/m3, Revision date=20181210133000
numflag organic_carbon, no unit, Revision date=20181210133000
organic_mass, ug/m3, Revision date=20181210133000
numflag organic_mass, no unit, Revision date=20181210133000
pm10_mass, ug/m3, Version=2, Version description=Data extracted from http://views.cira.colostate.edu/fed/DataWizard 2019-12-16, Sample duration=1d, Orig. time res.=3d, Matrix=pm10, Blank correction=Blank corrected, Volume std. temperature=ambient, Volume std. pressure=ambient
numflag pm10_mass, no unit, Version=2, Version description=Data extracted from http://views.cira.colostate.edu/fed/DataWizard 2019-12-16, Sample duration=1d, Orig. time res.=3d, Matrix=pm10, Blank correction=Blank corrected, Volume std. temperature=ambient, Volume std. pressure=ambient
pm10_pm25_mass, ug/m3, Revision date=20181210133000, Matrix=pm10_pm25
numflag pm10_pm25_mass, no unit, Revision date=20181210133000, Matrix=pm10_pm25
pm25_mass, ug/m3, Version=2, Version description=Data extracted from http://views.cira.colostate.edu/fed/DataWizard 2019-12-16, Sample duration=1d, Orig. time res.=3d, Blank correction=Blank corrected, Volume std. temperature=ambient, Volume std. pressure=ambient
numflag pm25_mass, no unit, Version=2, Version description=Data extracted from http://views.cira.colostate.edu/fed/DataWizard 2019-12-16, Sample duration=1d, Orig. time res.=3d, Blank correction=Blank corrected, Volume std. temperature=ambient, Volume std. pressure=ambient
potassium, ug/m3, Revision date=20181210133000
numflag potassium, no unit, Revision date=20181210133000
sulphate_total, ug S/m3, Revision date=20181210133000
numflag sulphate_total, no unit, Revision date=20181210133000
0
25
Data definition:              EBAS_1.1
Set type code:                TU
Timezone:                     UTC
File name:                    US9051U.20010101050000.20191216000000.filterpack..pm25.52w.1w.US03L_filterpack_US9051.US03L_IMPROVE_Davis.lev2.nas
File creation:                20191218120855
Startdate:                    20010101050000
Revision date:                20191216000000
Statistics:                   arithmetic mean
Data level:                   2
Period code:                  52w
Resolution code:              1w
Station code:                 US9051U
Platform code:                US9051S
Station name:                 Washington D.C.
Station latitude:             38.8762
Station longitude:            -77.0344
Station altitude:             15.0 m
Regime:                       IMG
Component:                    
Matrix:                       pm25
Laboratory code:              US03L
Instrument type:              filterpack
Instrument name:              filterpack_US9051
Method ref:                   US03L_IMPROVE_Davis
starttime endtime Fe flag_Fe Pb flag_Pb Mg++ flag_Mg++ Ni flag_Ni NO3- flag_NO3- OC flag_OC OM flag_OM PM10 flag_PM10 PM10-PM2.5 flag_PM10-PM2.5 PM2.5 flag_PM2.5 K+ flag_K+ SO4-- flag_SO4--
[from data line 89]
267.208333 268.208333   57.62 0.000   0.85 0.000 9.999 0.259  0.09 0.000  0.045 0.000  0.435 0.000   0.609 0.000   5.230 0.000   2.172 0.000   3.058 0.000 9.999 0.259  0.433 0.000
270.208333 271.208333   99.21 0.000   2.13 0.000 9.999 0.259  0.13 0.000  0.174 0.000  1.025 0.000   1.434 0.000   9.398 0.000   3.009 0.000   6.389 0.000 0.020 0.000  0.874 0.000
273.208333 274.208333  185.68 0.000   2.98 0.000 9.999 0.259 99.99 0.259  0.082 0.000  2.025 0.000   2.835 0.000  10.435 0.000   5.021 0.000   5.415 0.000 0.025 0.000  0.270 0.000
276.208333 277.208333  132.64 0.000   4.19 0.000 9.999 0.259 99.99 0.259  0.270 0.559  3.775 0.000   5.286 0.000  30.457 0.000   7.685 0.000  22.773 0.000 0.083 0.000  2.491 0.559
279.208333 280.208333   57.26 0.000   1.85 0.000 9.999 0.259 99.99 0.259  0.055 0.000  0.773 0.000   1.082 0.000   8.567 0.000   3.669 0.000   4.898 0.000 9.999 0.259  0.593 0.000
282.208333 283.208333   62.13 0.000   1.99 0.000 0.023 0.000  0.36 0.000  0.193 0.000  2.000 0.000   2.800 0.000  11.738 0.000   5.615 0.000   6.122 0.000 0.032 0.000  0.448 0.000
285.208333 286.208333   53.71 0.000   2.20 0.000 9.999 0.259  2.51 0.000  0.118 0.559  2.341 0.000   3.277 0.000  14.790 0.000   5.129 0.000   9.661 0.000 0.056 0.000  0.852 0.559
288.208333 289.208333  145.73 0.000   1.50 0.000 9.999 0.259  0.23 0.000  0.146 0.000  2.014 0.000   2.820 0.000  13.768 0.000   5.004 0.000   8.764 0.000 0.031 0.000  0.727 0.000
291.208333 292.208333   60.98 0.000   4.60 0.000 9.999 0.259  0.30 0.000  0.209 0.000  2.229 0.000   3.121 0.000  13.472 0.000   4.357 0.000   9.115 0.000 0.057 0.000  0.794 0.000
294.208333 295.208333  328.30 0.000   4.45 0.000 9.999 0.259 99.99 0.259  0.339 0.559  5.443 0.000   7.620 0.000  31.419 0.000   8.037 0.000  23.382 0.000 9.999 0.259  2.070 0.559
297.208333 298.208333   90.78 0.000   1.43 0.000 9.999 0.259 99.99 0.259  0.072 0.559  1.956 0.000   2.738 0.000  14.715 0.000   6.774 0.000   7.941 0.000 9.999 0.259  0.740 0.559
300.208333 301.208333   52.72 0.000   1.54 0.000 9.999 0.259 99.99 0.259  0.112 0.000  1.050 0.000   1.470 0.000   7.171 0.000   1.864 0.000   5.307 0.000 0.023 0.000  0.625 0.000
303.208333 304.208333  143.57 0.000   7.31 0.000 9.999 0.259  3.97 0.000  0.388 0.000  3.530 0.000   4.942 0.000  22.645 0.000  10.218 0.000  12.427 0.000 0.063 0.000  1.140 0.000
306.208333 307.208333  153.81 0.000   2.74 0.000 9.999 0.259 99.99 0.259  0.163 0.000  1.977 0.000   2.768 0.000  19.970 0.000  10.936 0.000   9.034 0.000 0.031 0.000  0.764 0.000
309.208333 310.208333   82.19 0.000   2.06 0.000 9.999 0.259 99.99 0.259  0.248 0.000  1.002 0.000   1.403 0.000  10.708 0.000   5.339 0.000   5.369 0.000 9.999 0.259  0.564 0.000
312.208333 313.208333  181.02 0.000   1.84 0.000 9.999 0.259  0.26 0.000  0.090 0.000  2.373 0.000   3.322 0.000  19.581 0.000  10.547 0.000   9.034 0.000 0.043 0.000  0.685 0.000
315.208333 316.208333  169.89 0.000   3.05 0.000 0.029 0.000  0.21 0.000  0.340 0.000  3.254 0.000   4.556 0.000  14.881 0.000   5.061 0.000   9.820 0.000 0.035 0.000  0.578 0.000
318.208333 319.208333  347.99 0.000   3.68 0.000 9.999 0.259  0.43 0.000  0.672 0.559  8.848 0.000  12.388 0.000  41.245 0.000  13.274 0.000  27.971 0.000 0.079 0.000  1.857 0.559
321.208333 322.208333  120.91 0.000   2.18 0.000 9.999 0.259  0.85 0.000  0.373 0.000  3.587 0.000   5.021 0.000  19.543 0.000   6.549 0.000  12.994 0.000 0.063 0.000  1.024 0.000
324.208333 325.208333  104.38 0.000   2.72 0.000 9.999 0.259  1.92 0.000  0.368 0.000  2.292 0.000   3.208 0.000  14.232 0.000   6.005 0.000   8.227 0.000 0.025 0.000  0.665 0.000
327.208333 328.208333   86.14 0.000   2.76 0.000 9.999 0.259  2.27 0.000  0.760 0.559  1.973 0.000   2.762 0.000  17.304 0.000   3.134 0.000  14.170 0.000 0.046 0.000  1.035 0.559
330.208333 331.208333  238.36 0.000   5.29 0.000 9.999 0.259  1.72 0.000  1.561 0.559  4.380 0.000   6.131 0.000  39.445 0.000  12.268 0.000  27.177 0.000 0.042 0.000  1.786 0.559
333.208333 334.208333   31.63 0.000   0.60 0.000 9.999 0.259  2.11 0.000  0.123 0.559  1.862 0.000   2.607 0.000  15.841 0.000   4.580 0.000  11.261 0.000 0.032 0.000  1.599 0.559
336.208333 337.208333  181.34 0.000   5.04 0.000 9.999 0.259  0.31 0.000  0.912 0.000  4.995 0.000   6.993 0.000  25.539 0.000   4.548 0.000  20.990 0.000 0.082 0.000  1.820 0.000
339.208333 340.208333  158.81 0.000   4.12 0.000 9.999 0.259  0.29 0.000  0.314 0.559  5.448 0.000   7.628 0.000  23.400 0.000   7.651 0.000  15.749 0.000 0.081 0.000  1.410 0.559
342.208333 343.208333   61.51 0.000   5.14 0.000 9.999 0.259  0.48 0.000  0.526 0.559  1.371 0.000   1.919 0.000  10.094 0.000   1.259 0.000   8.836 0.000 0.068 0.000  0.851 0.559
345.208333 346.208333  188.31 0.000   7.42 0.000 9.999 0.259  3.97 0.000  1.323 0.559  4.151 0.000   5.812 0.000  34.989 0.000   9.890 0.000  25.100 0.000 0.074 0.000  1.577 0.559
348.208333 349.208333   52.59 0.000   1.43 0.000 9.999 0.259 99.99 0.259  0.069 0.000  0.882 0.000   1.235 0.000   5.661 0.000   1.680 0.000   3.982 0.000 0.032 0.000  0.463 0.000
351.208333 352.208333   58.85 0.000   1.52 0.000 9.999 0.259 99.99 0.259  0.128 0.000  1.044 0.000   1.462 0.000   8.238 0.000   2.896 0.000   5.342 0.000 0.022 0.000  0.653 0.000
354.208333 355.208333   67.85 0.000   1.73 0.000 9.999 0.259 99.99 0.259  0.247 0.000  0.820 0.000   1.148 0.000   7.893 0.000   3.938 0.000   3.955 0.000 0.020 0.000  0.327 0.000
357.208333 358.208333   49.32 0.000   2.08 0.000 9.999 0.259 99.99 0.259  0.376 0.000  1.659 0.000   2.323 0.000  10.150 0.000   1.665 0.000   8.484 0.000 0.035 0.000  0.895 0.000
360.208333 361.208333  101.46 0.000   2.25 0.000 9.999 0.259 99.99 0.259  0.470 0.000  2.256 0.000   3.158 0.000  14.388 0.000   3.891 0.000  10.497 0.000 0.049 0.000  0.686 0.000
363.208333 364.208333   39.32 0.000   0.99 0.000 9.999 0.259 99.99 0.259  0.265 0.559  1.100 0.000   1.540 0.000   8.432 0.000   1.644 0.000   6.788 0.000 0.025 0.000  0.747 0.559
