scripts/IMPROVE-2019_partial/data/US9064R.20100102070000.20191216000000.filterpack...52w.3d.US03L_filterpack_US9064.US03L_IMPROVE_Davis.lev2.nas
52 1001
MISSING INFORMATION
US03L, IMPROVE, , , , , , , 
MISSING INFORMATION
IMPROVE sel_HTAP
1 1
2010 01 01 2019 12 16
3.000000
days from file reference point
5
1 1 1 1 1
999.999999 999.999 9.999 999.999 9.999
end_time of measurement, days from the file reference point
pm10_mass, ug/m3, Matrix=pm10
numflag pm10_mass, no unit, Matrix=pm10
pm25_mass, ug/m3, Matrix=pm25
numflag pm25_mass, no unit, Matrix=pm25
0
33
Data definition:              EBAS_1.1
Set type code:                TU
Timezone:                     UTC
File name:                    US9064R.20100102070000.20191216000000.filterpack...52w.3d.US03L_filterpack_US9064.US03L_IMPROVE_Davis.lev2.nas
File creation:                20191218120950
Startdate:                    20100102070000
Revision date:                20191216000000
Version:                      2
Version description:          "Data extracted from http://views.cira.colostate.edu/fed/DataWizard 2019-12-16"
Statistics:                   arithmetic mean
Data level:                   2
Period code:                  52w
Resolution code:              3d
Sample duration:              1d
Orig. time res.:              3d
Station code:                 US9064R
Platform code:                US9064S
Station name:                 Sula Peak
Station latitude:             45.8598
Station longitude:            -114.0001
Station altitude:             1895.0 m
Regime:                       IMG
Component:                    
Unit:                         ug/m3
Matrix:                       
Laboratory code:              US03L
Instrument type:              filterpack
Instrument name:              filterpack_US9064
Method ref:                   US03L_IMPROVE_Davis
Blank correction:             Blank corrected
Volume std. temperature:      ambient
Volume std. pressure:         ambient
starttime endtime PM10 flag_PM10 PM2.5 flag_PM2.5
  1.291667   2.291667 999.999 0.259   0.186 0.000
  4.291667   5.291667   0.167 0.000   0.092 0.000
  7.291667   8.291667   0.937 0.000   0.526 0.000
 10.291667  11.291667   0.794 0.000 999.999 0.259
 13.291667  14.291667   0.337 0.000   0.277 0.000
 16.291667  17.291667   2.516 0.000   1.280 0.000
 19.291667  20.291667   0.969 0.000   0.508 0.000
 22.291667  23.291667   0.546 0.000   0.598 0.000
 25.291667  26.291667   1.389 0.000   0.623 0.000
 28.291667  29.291667   0.920 0.000   0.859 0.000
 31.291667  32.291667   0.548 0.000   0.531 0.000
 34.291667  35.291667   0.042 0.000   0.031 0.000
 37.291667  38.291667   0.715 0.000   0.621 0.000
 40.291667  41.291667   0.840 0.000   0.682 0.000
 43.291667  44.291667   0.965 0.000   0.738 0.000
 46.291667  47.291667   3.050 0.000   1.424 0.000
 49.291667  50.291667   2.881 0.000   1.879 0.000
 52.291667  53.291667   2.403 0.000   1.674 0.000
 55.291667  56.291667   1.213 0.000   0.495 0.000
 58.291667  59.291667   1.296 0.000   0.866 0.000
 61.291667  62.291667   1.419 0.000   1.364 0.000
 64.291667  65.291667   3.045 0.000   2.328 0.000
 67.291667  68.291667   0.847 0.000   0.856 0.000
 70.291667  71.291667   2.942 0.000   1.676 0.000
 73.291667  74.291667   2.617 0.000   1.975 0.000
 76.291667  77.291667   3.445 0.000   1.885 0.000
 79.291667  80.291667   4.714 0.000   2.894 0.000
 82.291667  83.291667 999.999 0.999 999.999 0.999
 85.291667  86.291667 999.999 0.999 999.999 0.999
 88.291667  89.291667 999.999 0.999 999.999 0.999
 91.291667  92.291667 999.999 0.999 999.999 0.999
 94.291667  95.291667 999.999 0.999 999.999 0.999
 97.291667  98.291667 999.999 0.999 999.999 0.999
100.291667 101.291667 999.999 0.999 999.999 0.999
103.291667 104.291667   2.192 0.000   1.608 0.000
106.291667 107.291667   5.274 0.000   3.467 0.000
109.291667 110.291667   8.016 0.000   4.883 0.000
112.291667 113.291667   5.493 0.000   2.503 0.000
115.291667 116.291667   4.732 0.000   2.970 0.000
118.291667 119.291667   1.032 0.000   0.371 0.000
121.291667 122.291667 999.999 0.259   0.632 0.000
124.291667 125.291667   1.920 0.000   1.387 0.000
127.291667 128.291667   2.200 0.000   1.405 0.000
130.291667 131.291667   1.571 0.000   1.219 0.000
133.291667 134.291667   4.777 0.000   3.713 0.000
136.291667 137.291667   4.422 0.000   3.240 0.000
139.291667 140.291667   1.011 0.000   0.646 0.000
142.291667 143.291667   1.347 0.000   0.973 0.000
145.291667 146.291667   3.294 0.000   1.926 0.000
148.291667 149.291667   0.420 0.000   0.227 0.000
151.291667 152.291667   0.732 0.000   0.422 0.000
154.291667 155.291667   1.004 0.000   0.745 0.000
157.291667 158.291667   0.632 0.000   0.341 0.000
160.291667 161.291667   1.519 0.000   0.379 0.000
163.291667 164.291667   3.910 0.000   2.773 0.000
166.291667 167.291667   1.355 0.000   0.186 0.000
169.291667 170.291667   2.630 0.000   1.616 0.000
172.291667 173.291667   3.118 0.000   1.603 0.000
175.291667 176.291667   3.847 0.000   2.148 0.000
178.291667 179.291667   4.689 0.000   2.127 0.000
181.291667 182.291667   6.647 0.000   2.994 0.000
184.291667 185.291667   2.521 0.000   1.153 0.000
187.291667 188.291667   4.478 0.000   2.317 0.000
190.291667 191.291667   8.490 0.000   3.267 0.000
193.291667 194.291667   7.470 0.000   2.939 0.000
196.291667 197.291667   7.277 0.000   2.644 0.000
199.291667 200.291667   6.913 0.000   2.139 0.000
202.291667 203.291667  12.817 0.000   3.605 0.000
205.291667 206.291667   4.838 0.000   2.516 0.000
208.291667 209.291667   6.134 0.000   4.034 0.000
211.291667 212.291667 999.999 0.999 999.999 0.999
214.291667 215.291667 999.999 0.999 999.999 0.999
217.291667 218.291667 999.999 0.999 999.999 0.999
220.291667 221.291667 999.999 0.999 999.999 0.999
223.291667 224.291667 999.999 0.999   7.166 0.000
226.291667 227.291667 999.999 0.999   6.702 0.000
229.291667 230.291667   6.150 0.000   4.664 0.000
232.291667 233.291667   5.601 0.000   3.459 0.000
235.291667 236.291667   3.917 0.000   2.471 0.000
238.291667 239.291667  51.959 0.000  17.943 0.000
241.291667 242.291667 999.999 0.999 999.999 0.999
244.291667 245.291667   3.369 0.000   1.946 0.000
247.291667 248.291667   6.228 0.000   2.487 0.000
250.291667 251.291667   5.641 0.000   3.212 0.000
253.291667 254.291667   2.584 0.000   1.637 0.000
256.291667 257.291667   3.716 0.000   2.494 0.000
259.291667 260.291667   5.407 0.000   4.201 0.000
262.291667 263.291667   0.783 0.000   0.587 0.000
265.291667 266.291667   3.816 0.000   2.595 0.000
268.291667 269.291667   4.929 0.000   2.842 0.000
271.291667 272.291667  10.853 0.000   7.825 0.000
274.291667 275.291667   8.069 0.000   5.429 0.000
277.291667 278.291667   2.242 0.000   1.768 0.000
280.291667 281.291667   2.311 0.000   2.162 0.000
283.291667 284.291667   1.058 0.000   0.958 0.000
286.291667 287.291667   4.152 0.000   2.651 0.000
289.291667 290.291667   5.719 0.000   4.398 0.000
292.291667 293.291667   3.212 0.000   2.760 0.000
295.291667 296.291667   5.680 0.000   4.458 0.000
298.291667 299.291667   0.868 0.000   0.540 0.000
301.291667 302.291667   3.486 0.000   1.941 0.000
304.291667 305.291667   0.940 0.000   0.637 0.000
307.291667 308.291667   2.311 0.000   1.365 0.000
310.291667 311.291667   2.938 0.000   2.002 0.000
313.291667 314.291667   1.802 0.000   1.668 0.000
316.291667 317.291667   1.175 0.000   0.896 0.000
319.291667 320.291667   0.589 0.000   0.272 0.000
322.291667 323.291667   2.820 0.000   2.649 0.000
325.291667 326.291667   2.664 0.000   0.783 0.000
328.291667 329.291667   1.645 0.000   1.264 0.000
331.291667 332.291667   0.783 0.000   0.632 0.000
334.291667 335.291667   2.477 0.000   1.527 0.000
337.291667 338.291667   1.803 0.000   1.452 0.000
340.291667 341.291667   0.882 0.000   0.719 0.000
343.291667 344.291667   1.406 0.000   0.514 0.000
346.291667 347.291667   0.401 0.000   0.546 0.000
349.291667 350.291667   1.042 0.000   0.697 0.000
352.291667 353.291667   1.403 0.000   1.072 0.000
355.291667 356.291667   1.284 0.000   0.851 0.000
358.291667 359.291667   1.040 0.000   1.006 0.000
361.291667 362.291667 999.999 0.456   0.402 0.000
364.291667 365.291667   2.666 0.000   1.904 0.000
